{
  "servicechain": {
    "SC1": {
      "resptime": 51.21928021688796,
      "resptime_old": 41.21928021688795,
      "waittime": 32.41388456830191,
      "servicetime": 10.0,
      "networktime": 8.805395648586048,
      "services": {
        "MS1_1": {
          "meanserv": 0.6956816558764212,
          "stddevserv": 0.6956816558764212,
          "rate": 1.4374390808683866,
          "cv": 1.0,
          "lambda": 0.2
        },
        "MS1_2": {
          "meanserv": 4.105790350321356,
          "stddevserv": 4.105790350321356,
          "rate": 0.2435584661359368,
          "cv": 1.0,
          "lambda": 0.2
        },
        "MS1_3": {
          "meanserv": 1.6418995270439973,
          "stddevserv": 1.6418995270439973,
          "rate": 0.6090506657251771,
          "cv": 1.0,
          "lambda": 0.2
        },
        "MS1_4": {
          "meanserv": 1.7353928216619456,
          "stddevserv": 1.7353928216619456,
          "rate": 0.5762384098387149,
          "cv": 1.0,
          "lambda": 0.2
        },
        "MS1_5": {
          "meanserv": 1.82123564509628,
          "stddevserv": 1.82123564509628,
          "rate": 0.5490777663464492,
          "cv": 1.0,
          "lambda": 0.2
        }
      },
      "sensors": [
        "S1"
      ],
      "sources": [
        {
          "startTime": 0,
          "stopTime": -1,
          "lambda": 0.2
        }
      ]
    },
    "SC2": {
      "resptime": 56.546159997934055,
      "resptime_old": 46.546159997934055,
      "waittime": 40.88937206083612,
      "servicetime": 10.0,
      "networktime": 5.656787937097928,
      "services": {
        "MS2_1": {
          "meanserv": 0.36432687491701254,
          "stddevserv": 0.36432687491701254,
          "rate": 2.7447879057173123,
          "cv": 1.0,
          "lambda": 0.2
        },
        "MS2_2": {
          "meanserv": 2.015894535521041,
          "stddevserv": 2.015894535521041,
          "rate": 0.49605769665997607,
          "cv": 1.0,
          "lambda": 0.2
        },
        "MS2_3": {
          "meanserv": 2.2379948825850065,
          "stddevserv": 2.2379948825850065,
          "rate": 0.4468285462945051,
          "cv": 1.0,
          "lambda": 0.2
        },
        "MS2_4": {
          "meanserv": 4.313337855514124,
          "stddevserv": 4.313337855514124,
          "rate": 0.23183901504993654,
          "cv": 1.0,
          "lambda": 0.2
        },
        "MS2_5": {
          "meanserv": 1.0684458514628155,
          "stddevserv": 1.0684458514628155,
          "rate": 0.9359388673098352,
          "cv": 1.0,
          "lambda": 0.2
        }
      },
      "sensors": [
        "S2"
      ],
      "sources": [
        {
          "startTime": 0,
          "stopTime": -1,
          "lambda": 0.2
        }
      ]
    },
    "SC3": {
      "resptime": 8652.494435524352,
      "resptime_old": 8642.49443552435,
      "waittime": 8634.227458090987,
      "servicetime": 10.0,
      "networktime": 8.266977433363854,
      "services": {
        "MS3_1": {
          "meanserv": 0.03792493905680372,
          "stddevserv": 0.03792493905680372,
          "rate": 26.367873617468618,
          "cv": 1.0,
          "lambda": 0.2
        },
        "MS3_2": {
          "meanserv": 6.568345697463107,
          "stddevserv": 6.568345697463107,
          "rate": 0.15224533635405793,
          "cv": 1.0,
          "lambda": 0.2
        },
        "MS3_3": {
          "meanserv": 1.019761452028769,
          "stddevserv": 1.019761452028769,
          "rate": 0.980621495361043,
          "cv": 1.0,
          "lambda": 0.2
        },
        "MS3_4": {
          "meanserv": 0.8414361034584328,
          "stddevserv": 0.8414361034584328,
          "rate": 1.1884443701546024,
          "cv": 1.0,
          "lambda": 0.2
        },
        "MS3_5": {
          "meanserv": 1.5325318079928874,
          "stddevserv": 1.5325318079928874,
          "rate": 0.6525150047682672,
          "cv": 1.0,
          "lambda": 0.2
        }
      },
      "sensors": [
        "S3"
      ],
      "sources": [
        {
          "startTime": 0,
          "stopTime": -1,
          "lambda": 0.2
        }
      ]
    },
    "SC4": {
      "resptime": 67.30918078238396,
      "resptime_old": 57.30918078238396,
      "waittime": 51.06852524361061,
      "servicetime": 10.0,
      "networktime": 6.240655538773353,
      "services": {
        "MS4_1": {
          "meanserv": 1.2319267743153983,
          "stddevserv": 1.2319267743153983,
          "rate": 0.8117365584133166,
          "cv": 1.0,
          "lambda": 0.2
        },
        "MS4_2": {
          "meanserv": 1.1173955929145618,
          "stddevserv": 1.1173955929145618,
          "rate": 0.8949381994532906,
          "cv": 1.0,
          "lambda": 0.2
        },
        "MS4_3": {
          "meanserv": 0.5566972988589249,
          "stddevserv": 0.5566972988589249,
          "rate": 1.796308338570571,
          "cv": 1.0,
          "lambda": 0.2
        },
        "MS4_4": {
          "meanserv": 4.446648343624835,
          "stddevserv": 4.446648343624835,
          "rate": 0.22488848290279154,
          "cv": 1.0,
          "lambda": 0.2
        },
        "MS4_5": {
          "meanserv": 2.64733199028628,
          "stddevserv": 2.64733199028628,
          "rate": 0.3777387965201376,
          "cv": 1.0,
          "lambda": 0.2
        }
      },
      "sensors": [
        "S4"
      ],
      "sources": [
        {
          "startTime": 0,
          "stopTime": -1,
          "lambda": 0.2
        }
      ]
    }
  },
  "microservice": {
    "MS1_1": "F9",
    "MS1_2": "F4",
    "MS1_3": "F10",
    "MS1_4": "F9",
    "MS1_5": "F7",
    "MS2_1": "F8",
    "MS2_2": "F8",
    "MS2_3": "F6",
    "MS2_4": "F3",
    "MS2_5": "F8",
    "MS3_1": "F10",
    "MS3_2": "F1",
    "MS3_3": "F6",
    "MS3_4": "F5",
    "MS3_5": "F10",
    "MS4_1": "F9",
    "MS4_2": "F7",
    "MS4_3": "F7",
    "MS4_4": "F2",
    "MS4_5": "F5"
  },
  "sensor": {
    "S1": "F9",
    "S2": "F8",
    "S3": "F10",
    "S4": "F9"
  },
  "fog": {
    "F1": {
      "rho": 1.3136691394926214,
      "capacity": 1.0,
      "tserv": 6.568345697463107,
      "stddev": 6.568345697463107,
      "mu": 0.15224533635405793,
      "cv": 1.0,
      "lambda": 0.2,
      "twait": 8620.004407236138
    },
    "F2": {
      "rho": 0.889329668724967,
      "capacity": 1.0,
      "tserv": 4.446648343624835,
      "stddev": 4.446648343624835,
      "mu": 0.22488848290279154,
      "cv": 1.0,
      "lambda": 0.2,
      "twait": 35.732578486140596
    },
    "F3": {
      "rho": 0.8626675711028249,
      "capacity": 1.0,
      "tserv": 4.313337855514124,
      "stddev": 4.313337855514124,
      "mu": 0.23183901504993654,
      "cv": 1.0,
      "lambda": 0.2,
      "twait": 27.094668906993867
    },
    "F4": {
      "rho": 0.8211580700642712,
      "capacity": 1.0,
      "tserv": 4.105790350321356,
      "stddev": 4.105790350321356,
      "mu": 0.2435584661359368,
      "cv": 1.0,
      "lambda": 0.2,
      "twait": 18.851859188558436
    },
    "F5": {
      "rho": 0.6977536187489426,
      "capacity": 1.0,
      "tserv": 1.7443840468723564,
      "stddev": 2.1618292439537514,
      "mu": 0.5732682558023726,
      "cv": 1.2393080800239291,
      "lambda": 0.4,
      "twait": 5.106020691501287
    },
    "F6": {
      "rho": 0.6515512669227551,
      "capacity": 1.0,
      "tserv": 1.6288781673068877,
      "stddev": 1.842631387334823,
      "mu": 0.6139194570047888,
      "cv": 1.131227260772575,
      "lambda": 0.4,
      "twait": 3.471692641901296
    },
    "F7": {
      "rho": 0.6990657073739535,
      "capacity": 1.0,
      "tserv": 1.1651095122899222,
      "stddev": 1.3757819122589356,
      "mu": 0.858288417914112,
      "cv": 1.1808176808675737,
      "lambda": 0.6000000000000001,
      "twait": 3.2401651709726065
    },
    "F8": {
      "rho": 0.6897334523801738,
      "capacity": 1.0,
      "tserv": 1.149555753966956,
      "stddev": 1.495754824031596,
      "mu": 0.8699012610298716,
      "cv": 1.3011590076165993,
      "lambda": 0.6000000000000001,
      "twait": 3.4410035039803195
    },
    "F9": {
      "rho": 0.732600250370753,
      "capacity": 1.0,
      "tserv": 1.2210004172845883,
      "stddev": 1.3606228379092185,
      "mu": 0.8190005391021271,
      "cv": 1.1143508377623161,
      "lambda": 0.6000000000000001,
      "twait": 3.749595724023514
    },
    "F10": {
      "rho": 0.6424712548187378,
      "capacity": 1.0,
      "tserv": 1.070785424697896,
      "stddev": 1.4890833784136093,
      "mu": 0.9338939221012772,
      "cv": 1.390645916602506,
      "lambda": 0.6000000000000001,
      "twait": 2.822668760723839
    }
  },
  "extra": {
    "deltatime": 0.0178789,
    "obj_func": 2206.8922641303893
  },
  "network": [
    [
      0.0,
      1.2490586289138872,
      2.4650176066522844,
      1.7215350238619194,
      1.8515813909365144,
      2.131167066497209,
      2.5405992943497724,
      2.1255945970810646,
      2.4345501450141,
      2.4345501450141
    ],
    [
      1.2490586289138872,
      0.0,
      1.9335310894270068,
      1.781798818193471,
      1.491250611876891,
      2.130933592464383,
      2.081334989881462,
      2.4345501450141,
      2.266484119729821,
      2.266484119729821
    ],
    [
      2.4650176066522844,
      1.9335310894270068,
      0.0,
      2.5995121676198134,
      0.8577893941852174,
      1.7703785853970242,
      2.1255945970810646,
      2.266484119729821,
      2.473043320929741,
      2.473043320929741
    ],
    [
      1.7215350238619194,
      1.781798818193471,
      2.5995121676198134,
      0.0,
      2.1653557416553317,
      2.5405992943497724,
      2.4345501450141,
      2.473043320929741,
      1.5524233742848959,
      1.5524233742848959
    ],
    [
      1.8515813909365144,
      1.491250611876891,
      0.8577893941852174,
      2.1653557416553317,
      0.0,
      2.081334989881462,
      2.266484119729821,
      1.5524233742848959,
      1.6199252319710824,
      1.6199252319710824
    ],
    [
      2.131167066497209,
      2.130933592464383,
      1.7703785853970242,
      2.5405992943497724,
      2.081334989881462,
      0.0,
      2.473043320929741,
      1.6199252319710824,
      2.1775553484452908,
      2.1775553484452908
    ],
    [
      2.5405992943497724,
      2.081334989881462,
      2.1255945970810646,
      2.4345501450141,
      2.266484119729821,
      2.473043320929741,
      0.0,
      2.1775553484452908,
      2.6680699370149994,
      2.6680699370149994
    ],
    [
      2.1255945970810646,
      2.4345501450141,
      2.266484119729821,
      2.473043320929741,
      1.5524233742848959,
      1.6199252319710824,
      2.1775553484452908,
      0.0,
      2.2656708978405775,
      2.2656708978405775
    ],
    [
      2.4345501450141,
      2.266484119729821,
      2.473043320929741,
      1.5524233742848959,
      1.6199252319710824,
      2.1775553484452908,
      2.6680699370149994,
      2.2656708978405775,
      0.0,
      3.0324789630012567
    ],
    [
      2.4345501450141,
      2.266484119729821,
      2.473043320929741,
      1.5524233742848959,
      1.6199252319710824,
      2.1775553484452908,
      2.6680699370149994,
      2.2656708978405775,
      3.0324789630012567,
      0.0
    ]
  ]
}