{
  "servicechain": {
    "SC1": {
      "resptime": 29.321686475014666,
      "resptime_old": 19.321686475014666,
      "waittime": 14.031381503145344,
      "servicetime": 10.0,
      "networktime": 5.29030497186932,
      "services": {
        "MS1_1": {
          "meanserv": 1.9699600051609656,
          "stddevserv": 1.9699600051609656,
          "rate": 0.507624518964937,
          "cv": 1.0,
          "lambda": 0.225
        },
        "MS1_2": {
          "meanserv": 1.3785395312483304,
          "stddevserv": 1.3785395312483304,
          "rate": 0.7254053854331289,
          "cv": 1.0,
          "lambda": 0.225
        },
        "MS1_3": {
          "meanserv": 2.17963166550018,
          "stddevserv": 2.17963166550018,
          "rate": 0.4587931143726162,
          "cv": 1.0,
          "lambda": 0.225
        },
        "MS1_4": {
          "meanserv": 0.08699816215545297,
          "stddevserv": 0.08699816215545297,
          "rate": 11.49449569076122,
          "cv": 1.0,
          "lambda": 0.225
        },
        "MS1_5": {
          "meanserv": 0.9461280976823989,
          "stddevserv": 0.9461280976823989,
          "rate": 1.056939332474708,
          "cv": 1.0,
          "lambda": 0.225
        },
        "MS1_6": {
          "meanserv": 0.11836957415187754,
          "stddevserv": 0.11836957415187754,
          "rate": 8.44811690136623,
          "cv": 1.0,
          "lambda": 0.225
        },
        "MS1_7": {
          "meanserv": 0.717058854607056,
          "stddevserv": 0.717058854607056,
          "rate": 1.3945856655629671,
          "cv": 1.0,
          "lambda": 0.225
        },
        "MS1_8": {
          "meanserv": 2.4309006862381723,
          "stddevserv": 2.4309006862381723,
          "rate": 0.41137015825500617,
          "cv": 1.0,
          "lambda": 0.225
        },
        "MS1_9": {
          "meanserv": 0.10490341067943554,
          "stddevserv": 0.10490341067943554,
          "rate": 9.53257852650574,
          "cv": 1.0,
          "lambda": 0.225
        },
        "MS1_10": {
          "meanserv": 0.06751001257613076,
          "stddevserv": 0.06751001257613076,
          "rate": 14.812617593165223,
          "cv": 1.0,
          "lambda": 0.225
        }
      },
      "sensors": [
        "S1"
      ],
      "sources": [
        {
          "startTime": 0,
          "stopTime": -1,
          "lambda": 0.225
        }
      ]
    },
    "SC2": {
      "resptime": 36.361009644627494,
      "resptime_old": 26.361009644627497,
      "waittime": 20.180062830216308,
      "servicetime": 10.0,
      "networktime": 6.180946814411185,
      "services": {
        "MS2_1": {
          "meanserv": 1.8472757585042343,
          "stddevserv": 1.8472757585042343,
          "rate": 0.5413376943839259,
          "cv": 1.0,
          "lambda": 0.225
        },
        "MS2_2": {
          "meanserv": 0.8067351716067295,
          "stddevserv": 0.8067351716067295,
          "rate": 1.2395641533867374,
          "cv": 1.0,
          "lambda": 0.225
        },
        "MS2_3": {
          "meanserv": 0.002714497260027926,
          "stddevserv": 0.002714497260027926,
          "rate": 368.3923409043015,
          "cv": 1.0,
          "lambda": 0.225
        },
        "MS2_4": {
          "meanserv": 1.6004512765213752,
          "stddevserv": 1.6004512765213752,
          "rate": 0.6248237698141785,
          "cv": 1.0,
          "lambda": 0.225
        },
        "MS2_5": {
          "meanserv": 0.9262124006046486,
          "stddevserv": 0.9262124006046486,
          "rate": 1.079665959284481,
          "cv": 1.0,
          "lambda": 0.225
        },
        "MS2_6": {
          "meanserv": 2.5031421859354177,
          "stddevserv": 2.5031421859354177,
          "rate": 0.39949788135039666,
          "cv": 1.0,
          "lambda": 0.225
        },
        "MS2_7": {
          "meanserv": 0.19983431067114132,
          "stddevserv": 0.19983431067114132,
          "rate": 5.0041456676859495,
          "cv": 1.0,
          "lambda": 0.225
        },
        "MS2_8": {
          "meanserv": 0.050463618797587095,
          "stddevserv": 0.050463618797587095,
          "rate": 19.816256222350322,
          "cv": 1.0,
          "lambda": 0.225
        },
        "MS2_9": {
          "meanserv": 0.7308263003523532,
          "stddevserv": 0.7308263003523532,
          "rate": 1.3683141938349375,
          "cv": 1.0,
          "lambda": 0.225
        },
        "MS2_10": {
          "meanserv": 1.3323444797464852,
          "stddevserv": 1.3323444797464852,
          "rate": 0.7505566429714012,
          "cv": 1.0,
          "lambda": 0.225
        }
      },
      "sensors": [
        "S2"
      ],
      "sources": [
        {
          "startTime": 0,
          "stopTime": -1,
          "lambda": 0.225
        }
      ]
    },
    "SC3": {
      "resptime": 34.16754039729524,
      "resptime_old": 24.167540397295237,
      "waittime": 18.27738075902124,
      "servicetime": 10.0,
      "networktime": 5.890159638274,
      "services": {
        "MS3_1": {
          "meanserv": 0.25786207635014047,
          "stddevserv": 0.25786207635014047,
          "rate": 3.8780421462291357,
          "cv": 1.0,
          "lambda": 0.225
        },
        "MS3_2": {
          "meanserv": 1.149730309405318,
          "stddevserv": 1.149730309405318,
          "rate": 0.8697691900609598,
          "cv": 1.0,
          "lambda": 0.225
        },
        "MS3_3": {
          "meanserv": 0.9892925269699582,
          "stddevserv": 0.9892925269699582,
          "rate": 1.0108233639071722,
          "cv": 1.0,
          "lambda": 0.225
        },
        "MS3_4": {
          "meanserv": 0.22175770010062879,
          "stddevserv": 0.22175770010062879,
          "rate": 4.509426277176495,
          "cv": 1.0,
          "lambda": 0.225
        },
        "MS3_5": {
          "meanserv": 0.338257300294178,
          "stddevserv": 0.338257300294178,
          "rate": 2.956329395198013,
          "cv": 1.0,
          "lambda": 0.225
        },
        "MS3_6": {
          "meanserv": 0.9862653866757234,
          "stddevserv": 0.9862653866757234,
          "rate": 1.013925879899902,
          "cv": 1.0,
          "lambda": 0.225
        },
        "MS3_7": {
          "meanserv": 1.7212168414234972,
          "stddevserv": 1.7212168414234972,
          "rate": 0.5809843222153058,
          "cv": 1.0,
          "lambda": 0.225
        },
        "MS3_8": {
          "meanserv": 0.3144852843798107,
          "stddevserv": 0.3144852843798107,
          "rate": 3.179799022940222,
          "cv": 1.0,
          "lambda": 0.225
        },
        "MS3_9": {
          "meanserv": 1.1051210489214283,
          "stddevserv": 1.1051210489214283,
          "rate": 0.9048782492885971,
          "cv": 1.0,
          "lambda": 0.225
        },
        "MS3_10": {
          "meanserv": 2.916011525479317,
          "stddevserv": 2.916011525479317,
          "rate": 0.34293417267465215,
          "cv": 1.0,
          "lambda": 0.225
        }
      },
      "sensors": [
        "S3"
      ],
      "sources": [
        {
          "startTime": 0,
          "stopTime": -1,
          "lambda": 0.225
        }
      ]
    },
    "SC4": {
      "resptime": 83.98826641010832,
      "resptime_old": 73.98826641010831,
      "waittime": 69.57950481126014,
      "servicetime": 10.0,
      "networktime": 4.408761598848181,
      "services": {
        "MS4_1": {
          "meanserv": 1.0914268895551071,
          "stddevserv": 1.0914268895551071,
          "rate": 0.9162317783902365,
          "cv": 1.0,
          "lambda": 0.225
        },
        "MS4_2": {
          "meanserv": 0.258212577639898,
          "stddevserv": 0.258212577639898,
          "rate": 3.8727780387003263,
          "cv": 1.0,
          "lambda": 0.225
        },
        "MS4_3": {
          "meanserv": 0.30388511153723874,
          "stddevserv": 0.30388511153723874,
          "rate": 3.290717320573495,
          "cv": 1.0,
          "lambda": 0.225
        },
        "MS4_4": {
          "meanserv": 0.4617030030666802,
          "stddevserv": 0.4617030030666802,
          "rate": 2.1658945108823078,
          "cv": 1.0,
          "lambda": 0.225
        },
        "MS4_5": {
          "meanserv": 1.171012523767574,
          "stddevserv": 1.171012523767574,
          "rate": 0.8539618319218617,
          "cv": 1.0,
          "lambda": 0.225
        },
        "MS4_6": {
          "meanserv": 0.445524092083426,
          "stddevserv": 0.445524092083426,
          "rate": 2.244547529009377,
          "cv": 1.0,
          "lambda": 0.225
        },
        "MS4_7": {
          "meanserv": 0.14061662119894525,
          "stddevserv": 0.14061662119894525,
          "rate": 7.111534834741861,
          "cv": 1.0,
          "lambda": 0.225
        },
        "MS4_8": {
          "meanserv": 1.018114678731516,
          "stddevserv": 1.018114678731516,
          "rate": 0.9822076244357016,
          "cv": 1.0,
          "lambda": 0.225
        },
        "MS4_9": {
          "meanserv": 0.9518159793883356,
          "stddevserv": 0.9518159793883356,
          "rate": 1.0506232524512027,
          "cv": 1.0,
          "lambda": 0.225
        },
        "MS4_10": {
          "meanserv": 4.157688523031279,
          "stddevserv": 4.157688523031279,
          "rate": 0.2405182577916929,
          "cv": 1.0,
          "lambda": 0.225
        }
      },
      "sensors": [
        "S4"
      ],
      "sources": [
        {
          "startTime": 0,
          "stopTime": -1,
          "lambda": 0.225
        }
      ]
    }
  },
  "microservice": {
    "MS1_1": "F15",
    "MS1_2": "F11",
    "MS1_3": "F14",
    "MS1_4": "F7",
    "MS1_5": "F7",
    "MS1_6": "F4",
    "MS1_7": "F4",
    "MS1_8": "F12",
    "MS1_9": "F3",
    "MS1_10": "F3",
    "MS2_1": "F6",
    "MS2_2": "F11",
    "MS2_3": "F11",
    "MS2_4": "F8",
    "MS2_5": "F15",
    "MS2_6": "F13",
    "MS2_7": "F3",
    "MS2_8": "F3",
    "MS2_9": "F3",
    "MS2_10": "F8",
    "MS3_1": "F4",
    "MS3_2": "F1",
    "MS3_3": "F7",
    "MS3_4": "F7",
    "MS3_5": "F7",
    "MS3_6": "F1",
    "MS3_7": "F2",
    "MS3_8": "F11",
    "MS3_9": "F6",
    "MS3_10": "F5",
    "MS4_1": "F2",
    "MS4_2": "F4",
    "MS4_3": "F4",
    "MS4_4": "F4",
    "MS4_5": "F9",
    "MS4_6": "F9",
    "MS4_7": "F3",
    "MS4_8": "F3",
    "MS4_9": "F9",
    "MS4_10": "F10"
  },
  "sensor": {
    "S1": "F15",
    "S2": "F6",
    "S3": "F4",
    "S4": "F2"
  },
  "fog": {
    "F1": {
      "rho": 0.48059903161823436,
      "capacity": 1.0,
      "tserv": 1.0679978480405208,
      "stddev": 1.074234515318084,
      "mu": 0.9363314746698432,
      "cv": 1.0058395878690258,
      "lambda": 0.45,
      "twait": 0.9940004944647961
    },
    "F2": {
      "rho": 0.632844839470186,
      "capacity": 1.0,
      "tserv": 1.4063218654893022,
      "stddev": 1.4751470710036019,
      "mu": 0.7110747720985406,
      "cv": 1.048939867325716,
      "lambda": 0.45,
      "twait": 2.545531470948687
    },
    "F3": {
      "rho": 0.5202605144265996,
      "capacity": 1.0,
      "tserv": 0.33032413614387274,
      "stddev": 0.6015648992869169,
      "mu": 3.0273294942167044,
      "cv": 1.8211351622967848,
      "lambda": 1.5750000000000002,
      "twait": 0.773144742084617
    },
    "F4": {
      "rho": 0.47634551940440045,
      "capacity": 1.0,
      "tserv": 0.35284853289214846,
      "stddev": 0.44473246837797215,
      "mu": 2.8340772506645497,
      "cv": 1.2604061712619021,
      "lambda": 1.35,
      "twait": 0.4154363623095854
    },
    "F5": {
      "rho": 0.6561025932328464,
      "capacity": 1.0,
      "tserv": 2.916011525479317,
      "stddev": 2.916011525479317,
      "mu": 0.34293417267465215,
      "cv": 1.0,
      "lambda": 0.225,
      "twait": 5.563295000532648
    },
    "F6": {
      "rho": 0.6642892816707741,
      "capacity": 1.0,
      "tserv": 1.4761984037128313,
      "stddev": 1.5667030776769033,
      "mu": 0.6774157169421602,
      "cv": 1.0613092885999884,
      "lambda": 0.45,
      "twait": 3.105611473629017
    },
    "F7": {
      "rho": 0.5810476021205889,
      "capacity": 1.0,
      "tserv": 0.5164867574405234,
      "stddev": 0.7424620700315425,
      "mu": 1.9361580632881106,
      "cv": 1.4375239235771529,
      "lambda": 1.125,
      "twait": 1.0982865388894376
    },
    "F8": {
      "rho": 0.6598790451602685,
      "capacity": 1.0,
      "tserv": 1.46639787813393,
      "stddev": 1.478601827482348,
      "mu": 0.681943158068773,
      "cv": 1.0083223997595716,
      "lambda": 0.45,
      "twait": 2.8687790590158935
    },
    "F9": {
      "rho": 0.5778793339288506,
      "capacity": 1.0,
      "tserv": 0.8561175317464452,
      "stddev": 0.9578830352469283,
      "mu": 1.1680639198686193,
      "cv": 1.118868612926178,
      "lambda": 0.675,
      "twait": 1.31961327326015
    },
    "F10": {
      "rho": 0.9354799176820378,
      "capacity": 1.0,
      "tserv": 4.157688523031279,
      "stddev": 4.157688523031279,
      "mu": 0.2405182577916929,
      "cv": 1.0,
      "lambda": 0.225,
      "twait": 60.28253494943301
    },
    "F11": {
      "rho": 0.5630567590113522,
      "capacity": 1.0,
      "tserv": 0.6256186211237247,
      "stddev": 0.9662566741593638,
      "mu": 1.5984178958801103,
      "cv": 1.5444819599899238,
      "lambda": 0.9,
      "twait": 1.364645846003397
    },
    "F12": {
      "rho": 0.5469526544035888,
      "capacity": 1.0,
      "tserv": 2.4309006862381723,
      "stddev": 2.4309006862381723,
      "mu": 0.41137015825500617,
      "cv": 1.0,
      "lambda": 0.225,
      "twait": 2.9347651980592597
    },
    "F13": {
      "rho": 0.563206991835469,
      "capacity": 1.0,
      "tserv": 2.5031421859354177,
      "stddev": 2.5031421859354177,
      "mu": 0.39949788135039666,
      "cv": 1.0,
      "lambda": 0.225,
      "twait": 3.2275864181097615
    },
    "F14": {
      "rho": 0.4904171247375405,
      "capacity": 1.0,
      "tserv": 2.17963166550018,
      "stddev": 2.17963166550018,
      "mu": 0.4587931143726162,
      "cv": 1.0,
      "lambda": 0.225,
      "twait": 2.0976542703303083
    },
    "F15": {
      "rho": 0.6516387912972632,
      "capacity": 1.0,
      "tserv": 1.4480862028828072,
      "stddev": 1.6253178710603262,
      "mu": 0.6905666237336076,
      "cv": 1.1223902747120245,
      "lambda": 0.45,
      "twait": 3.0605809021851003
    }
  },
  "extra": {
    "conv_gen": 69,
    "max_gen": 600,
    "population": 600,
    "deltatime": 68.7371437,
    "obj_func": 45.959625731761435
  },
  "network": [
    [
      0.0,
      0.7810378153579806,
      0.7182466212923672,
      0.649633491212288,
      0.7865902895440277,
      1.1475726569397189,
      0.7268616827994531,
      1.2586027339728068,
      0.8537806612249027,
      1.1442047565406892,
      0.9341982242178215,
      1.3498884476330453,
      0.8616363956987662,
      1.1518357516935163,
      1.1518357516935163
    ],
    [
      0.7810378153579806,
      0.0,
      0.9258112625793152,
      0.7242593149061282,
      1.0201818565986576,
      0.6458820096960051,
      1.0678943591319274,
      1.1100490022268086,
      0.757331399860698,
      1.3636814973448217,
      1.2111672281992962,
      0.7558759873713148,
      1.1518357516935163,
      1.0743942981122343,
      1.0743942981122343
    ],
    [
      0.7182466212923672,
      0.9258112625793152,
      0.0,
      1.1790958565815266,
      1.2555513804984177,
      0.9586484738768124,
      1.1413227267866357,
      1.0588337962270178,
      0.945093459207294,
      1.184780896099768,
      0.8836441618261592,
      0.8616363956987662,
      1.0743942981122343,
      0.7943385652439587,
      0.7943385652439587
    ],
    [
      0.649633491212288,
      0.7242593149061282,
      1.1790958565815266,
      0.0,
      0.6833421454012537,
      1.0489494225076696,
      0.5560569445153731,
      1.2023319761078193,
      1.03843937815615,
      0.6637655780617456,
      1.3498884476330453,
      1.1518357516935163,
      0.7943385652439587,
      1.023119605414775,
      1.023119605414775
    ],
    [
      0.7865902895440277,
      1.0201818565986576,
      1.2555513804984177,
      0.6833421454012537,
      0.0,
      0.9329613422067617,
      1.257607982702867,
      0.857006478175432,
      1.2571965685589037,
      0.9341982242178215,
      0.7558759873713148,
      1.0743942981122343,
      1.023119605414775,
      1.047531202004534,
      1.047531202004534
    ],
    [
      1.1475726569397189,
      0.6458820096960051,
      0.9586484738768124,
      1.0489494225076696,
      0.9329613422067617,
      0.0,
      0.9929157807457717,
      0.9480911615644966,
      1.1442047565406892,
      1.2111672281992962,
      0.8616363956987662,
      0.7943385652439587,
      1.047531202004534,
      1.2601223455191255,
      1.2601223455191255
    ],
    [
      0.7268616827994531,
      1.0678943591319274,
      1.1413227267866357,
      0.5560569445153731,
      1.257607982702867,
      0.9929157807457717,
      0.0,
      0.8537806612249027,
      1.3636814973448217,
      0.8836441618261592,
      1.1518357516935163,
      1.023119605414775,
      1.2601223455191255,
      1.388580854848793,
      1.388580854848793
    ],
    [
      1.2586027339728068,
      1.1100490022268086,
      1.0588337962270178,
      1.2023319761078193,
      0.857006478175432,
      0.9480911615644966,
      0.8537806612249027,
      0.0,
      1.184780896099768,
      1.3498884476330453,
      1.0743942981122343,
      1.047531202004534,
      1.388580854848793,
      1.1566665941133072,
      1.1566665941133072
    ],
    [
      0.8537806612249027,
      0.757331399860698,
      0.945093459207294,
      1.03843937815615,
      1.2571965685589037,
      1.1442047565406892,
      1.3636814973448217,
      1.184780896099768,
      0.0,
      0.7558759873713148,
      0.7943385652439587,
      1.2601223455191255,
      1.1566665941133072,
      0.9424352232988991,
      0.9424352232988991
    ],
    [
      1.1442047565406892,
      1.3636814973448217,
      1.184780896099768,
      0.6637655780617456,
      0.9341982242178215,
      1.2111672281992962,
      0.8836441618261592,
      1.3498884476330453,
      0.7558759873713148,
      0.0,
      1.023119605414775,
      1.388580854848793,
      0.9424352232988991,
      0.9286269170095742,
      0.9286269170095742
    ],
    [
      0.9341982242178215,
      1.2111672281992962,
      0.8836441618261592,
      1.3498884476330453,
      0.7558759873713148,
      0.8616363956987662,
      1.1518357516935163,
      1.0743942981122343,
      0.7943385652439587,
      1.023119605414775,
      0.0,
      1.1566665941133072,
      0.9286269170095742,
      0.6660975125564355,
      0.6660975125564355
    ],
    [
      1.3498884476330453,
      0.7558759873713148,
      0.8616363956987662,
      1.1518357516935163,
      1.0743942981122343,
      0.7943385652439587,
      1.023119605414775,
      1.047531202004534,
      1.2601223455191255,
      1.388580854848793,
      1.1566665941133072,
      0.0,
      0.6660975125564355,
      0.903106911316251,
      0.903106911316251
    ],
    [
      0.8616363956987662,
      1.1518357516935163,
      1.0743942981122343,
      0.7943385652439587,
      1.023119605414775,
      1.047531202004534,
      1.2601223455191255,
      1.388580854848793,
      1.1566665941133072,
      0.9424352232988991,
      0.9286269170095742,
      0.6660975125564355,
      0.0,
      0.9550214321476252,
      0.9550214321476252
    ],
    [
      1.1518357516935163,
      1.0743942981122343,
      0.7943385652439587,
      1.023119605414775,
      1.047531202004534,
      1.2601223455191255,
      1.388580854848793,
      1.1566665941133072,
      0.9424352232988991,
      0.9286269170095742,
      0.6660975125564355,
      0.903106911316251,
      0.9550214321476252,
      0.0,
      0.9243031750458003
    ],
    [
      1.1518357516935163,
      1.0743942981122343,
      0.7943385652439587,
      1.023119605414775,
      1.047531202004534,
      1.2601223455191255,
      1.388580854848793,
      1.1566665941133072,
      0.9424352232988991,
      0.9286269170095742,
      0.6660975125564355,
      0.903106911316251,
      0.9550214321476252,
      0.9243031750458003,
      0.0
    ]
  ]
}