{
  "servicechain": {
    "SC1": {
      "resptime": 32.82726936730259,
      "resptime_old": 22.82726936730259,
      "waittime": 18.088998229176386,
      "servicetime": 10.0,
      "networktime": 4.738271138126206,
      "services": {
        "MS1_1": {
          "meanserv": 0.6033871624000964,
          "stddevserv": 0.6033871624000964,
          "rate": 1.6573106991907063,
          "cv": 1.0,
          "lambda": 0.15
        },
        "MS1_2": {
          "meanserv": 4.751817616833817,
          "stddevserv": 4.751817616833817,
          "rate": 0.21044578740930506,
          "cv": 1.0,
          "lambda": 0.15
        },
        "MS1_3": {
          "meanserv": 0.7244383318892273,
          "stddevserv": 0.7244383318892273,
          "rate": 1.380379745218822,
          "cv": 1.0,
          "lambda": 0.15
        },
        "MS1_4": {
          "meanserv": 1.5480596267932736,
          "stddevserv": 1.5480596267932736,
          "rate": 0.645969950183023,
          "cv": 1.0,
          "lambda": 0.15
        },
        "MS1_5": {
          "meanserv": 2.118119056599487,
          "stddevserv": 2.118119056599487,
          "rate": 0.47211699308604493,
          "cv": 1.0,
          "lambda": 0.15
        },
        "MS1_6": {
          "meanserv": 0.25417820548409864,
          "stddevserv": 0.25417820548409864,
          "rate": 3.9342476200720515,
          "cv": 1.0,
          "lambda": 0.15
        }
      },
      "sensors": [
        "S1"
      ],
      "sources": [
        {
          "startTime": 0,
          "stopTime": -1,
          "lambda": 0.15
        }
      ]
    },
    "SC2": {
      "resptime": 33.747078800213814,
      "resptime_old": 23.747078800213814,
      "waittime": 19.377200765361643,
      "servicetime": 10.0,
      "networktime": 4.369878034852171,
      "services": {
        "MS2_1": {
          "meanserv": 1.2843865426906564,
          "stddevserv": 1.2843865426906564,
          "rate": 0.7785818106635591,
          "cv": 1.0,
          "lambda": 0.15
        },
        "MS2_2": {
          "meanserv": 0.13886299554005777,
          "stddevserv": 0.13886299554005777,
          "rate": 7.201342561499981,
          "cv": 1.0,
          "lambda": 0.15
        },
        "MS2_3": {
          "meanserv": 4.914333219546671,
          "stddevserv": 4.914333219546671,
          "rate": 0.20348640503711027,
          "cv": 1.0,
          "lambda": 0.15
        },
        "MS2_4": {
          "meanserv": 2.9578862826845462,
          "stddevserv": 2.9578862826845462,
          "rate": 0.338079258101975,
          "cv": 1.0,
          "lambda": 0.15
        },
        "MS2_5": {
          "meanserv": 0.2991527750828027,
          "stddevserv": 0.2991527750828027,
          "rate": 3.342773603631821,
          "cv": 1.0,
          "lambda": 0.15
        },
        "MS2_6": {
          "meanserv": 0.40537818445526597,
          "stddevserv": 0.40537818445526597,
          "rate": 2.466832302147111,
          "cv": 1.0,
          "lambda": 0.15
        }
      },
      "sensors": [
        "S2"
      ],
      "sources": [
        {
          "startTime": 0,
          "stopTime": -1,
          "lambda": 0.15
        }
      ]
    },
    "SC3": {
      "resptime": 6739.937278750942,
      "resptime_old": 6729.937278750942,
      "waittime": 6727.174453095786,
      "servicetime": 10.0,
      "networktime": 2.762825655156398,
      "services": {
        "MS3_1": {
          "meanserv": 0.3378428395378208,
          "stddevserv": 0.3378428395378208,
          "rate": 2.959956177754219,
          "cv": 1.0,
          "lambda": 0.15
        },
        "MS3_2": {
          "meanserv": 0.42385192080312994,
          "stddevserv": 0.42385192080312994,
          "rate": 2.3593145410433998,
          "cv": 1.0,
          "lambda": 0.15
        },
        "MS3_3": {
          "meanserv": 0.4899347550107003,
          "stddevserv": 0.4899347550107003,
          "rate": 2.0410881036152655,
          "cv": 1.0,
          "lambda": 0.15
        },
        "MS3_4": {
          "meanserv": 6.697987221125164,
          "stddevserv": 6.697987221125164,
          "rate": 0.14929858284083358,
          "cv": 1.0,
          "lambda": 0.15
        },
        "MS3_5": {
          "meanserv": 0.28296769541281286,
          "stddevserv": 0.28296769541281286,
          "rate": 3.5339723092458692,
          "cv": 1.0,
          "lambda": 0.15
        },
        "MS3_6": {
          "meanserv": 1.7674155681103727,
          "stddevserv": 1.7674155681103727,
          "rate": 0.5657978904582962,
          "cv": 1.0,
          "lambda": 0.15
        }
      },
      "sensors": [
        "S3"
      ],
      "sources": [
        {
          "startTime": 0,
          "stopTime": -1,
          "lambda": 0.15
        }
      ]
    },
    "SC4": {
      "resptime": 31.129078440845912,
      "resptime_old": 21.129078440845912,
      "waittime": 15.281350170747691,
      "servicetime": 10.0,
      "networktime": 5.8477282700982185,
      "services": {
        "MS4_1": {
          "meanserv": 0.44069799643649543,
          "stddevserv": 0.44069799643649543,
          "rate": 2.2691276295468703,
          "cv": 1.0,
          "lambda": 0.15
        },
        "MS4_2": {
          "meanserv": 3.872653265716721,
          "stddevserv": 3.872653265716721,
          "rate": 0.25822089698880585,
          "cv": 1.0,
          "lambda": 0.15
        },
        "MS4_3": {
          "meanserv": 0.41189417830736197,
          "stddevserv": 0.41189417830736197,
          "rate": 2.42780804552616,
          "cv": 1.0,
          "lambda": 0.15
        },
        "MS4_4": {
          "meanserv": 3.7305316018980266,
          "stddevserv": 3.7305316018980266,
          "rate": 0.2680583109096886,
          "cv": 1.0,
          "lambda": 0.15
        },
        "MS4_5": {
          "meanserv": 0.3636228633622949,
          "stddevserv": 0.3636228633622949,
          "rate": 2.75010209961317,
          "cv": 1.0,
          "lambda": 0.15
        },
        "MS4_6": {
          "meanserv": 1.1806000942791002,
          "stddevserv": 1.1806000942791002,
          "rate": 0.847026867815576,
          "cv": 1.0,
          "lambda": 0.15
        }
      },
      "sensors": [
        "S4"
      ],
      "sources": [
        {
          "startTime": 0,
          "stopTime": -1,
          "lambda": 0.15
        }
      ]
    }
  },
  "microservice": {
    "MS1_1": "F3",
    "MS1_2": "F5",
    "MS1_3": "F4",
    "MS1_4": "F4",
    "MS1_5": "F6",
    "MS1_6": "F6",
    "MS2_1": "F3",
    "MS2_2": "F3",
    "MS2_3": "F7",
    "MS2_4": "F2",
    "MS2_5": "F4",
    "MS2_6": "F4",
    "MS3_1": "F3",
    "MS3_2": "F3",
    "MS3_3": "F3",
    "MS3_4": "F9",
    "MS3_5": "F8",
    "MS3_6": "F8",
    "MS4_1": "F8",
    "MS4_2": "F1",
    "MS4_3": "F8",
    "MS4_4": "F10",
    "MS4_5": "F8",
    "MS4_6": "F6"
  },
  "sensor": {
    "S1": "F3",
    "S2": "F3",
    "S3": "F3",
    "S4": "F8"
  },
  "fog": {
    "F1": {
      "rho": 0.5808979898575082,
      "capacity": 1.0,
      "tserv": 3.872653265716721,
      "stddev": 3.872653265716721,
      "mu": 0.25822089698880585,
      "cv": 1.0,
      "lambda": 0.15,
      "twait": 5.367706293522915
    },
    "F2": {
      "rho": 0.4436829424026819,
      "capacity": 1.0,
      "tserv": 2.9578862826845462,
      "stddev": 2.9578862826845462,
      "mu": 0.338079258101975,
      "cv": 1.0,
      "lambda": 0.15,
      "twait": 2.3590211216279937
    },
    "F3": {
      "rho": 0.4917399323973693,
      "capacity": 1.0,
      "tserv": 0.5463777026637436,
      "stddev": 0.7463793288453712,
      "mu": 1.83023574191392,
      "cv": 1.3660501246785215,
      "lambda": 0.9,
      "twait": 0.7575350454722735
    },
    "F4": {
      "rho": 0.44655433773308545,
      "capacity": 1.0,
      "tserv": 0.7442572295551424,
      "stddev": 1.0166822789346666,
      "mu": 1.3436214796297246,
      "cv": 1.366036147935517,
      "lambda": 0.6,
      "twait": 0.8605515165891229
    },
    "F5": {
      "rho": 0.7127726425250724,
      "capacity": 1.0,
      "tserv": 4.751817616833817,
      "stddev": 4.751817616833817,
      "mu": 0.21044578740930506,
      "cv": 1.0,
      "lambda": 0.15,
      "twait": 11.791932458395731
    },
    "F6": {
      "rho": 0.5329346034544028,
      "capacity": 1.0,
      "tserv": 1.184299118787562,
      "stddev": 1.6002093355856801,
      "mu": 0.8443812750817209,
      "cv": 1.35118679917951,
      "lambda": 0.44999999999999996,
      "twait": 1.9092138460650678
    },
    "F7": {
      "rho": 0.7371499829320006,
      "capacity": 1.0,
      "tserv": 4.914333219546671,
      "stddev": 4.914333219546671,
      "mu": 0.20348640503711027,
      "cv": 1.0,
      "lambda": 0.15,
      "twait": 13.782006519610855
    },
    "F8": {
      "rho": 0.48998974524440064,
      "capacity": 1.0,
      "tserv": 0.6533196603258675,
      "stddev": 1.026227106555233,
      "mu": 1.5306442783326202,
      "cv": 1.5707886489186076,
      "lambda": 0.75,
      "twait": 1.0881903640640356
    },
    "F9": {
      "rho": 1.0046980831687746,
      "capacity": 1.0,
      "tserv": 6.697987221125165,
      "stddev": 6.697987221125164,
      "mu": 0.14929858284083355,
      "cv": 0.9999999999999999,
      "lambda": 0.15,
      "twait": 6722.725467231241
    },
    "F10": {
      "rho": 0.5595797402847039,
      "capacity": 1.0,
      "tserv": 3.730531601898026,
      "stddev": 3.730531601898027,
      "mu": 0.2680583109096887,
      "cv": 1.0000000000000002,
      "lambda": 0.15,
      "twait": 4.7398589389676005
    }
  },
  "extra": {
    "deltatime": 0.7384953,
    "conv": 11,
    "obj_func": 1709.410176339826
  },
  "network": [
    [
      0.0,
      2.2391493829875198,
      2.2287391103433896,
      1.6018232777641943,
      1.6902285243826327,
      1.9249611300692815,
      1.6337993891500635,
      1.1932570868033736,
      1.7976436589492106,
      1.7976436589492106
    ],
    [
      2.2391493829875198,
      0.0,
      2.3133602393666433,
      1.3354180054034386,
      1.6345588449500688,
      1.441419541329899,
      1.841202942645359,
      1.7976436589492106,
      1.6334464927333952,
      1.6334464927333952
    ],
    [
      2.2287391103433896,
      2.3133602393666433,
      0.0,
      0.9438812137520514,
      1.5583755903204457,
      2.024125599911066,
      1.1932570868033736,
      1.6334464927333952,
      1.7916476250858882,
      1.7916476250858882
    ],
    [
      1.6018232777641943,
      1.3354180054034386,
      0.9438812137520514,
      0.0,
      1.5460961586556965,
      1.6337993891500635,
      1.7976436589492106,
      1.7916476250858882,
      1.8103711465926915,
      1.8103711465926915
    ],
    [
      1.6902285243826327,
      1.6345588449500688,
      1.5583755903204457,
      1.5460961586556965,
      0.0,
      1.841202942645359,
      1.6334464927333952,
      1.8103711465926915,
      1.5188580363504514,
      1.5188580363504514
    ],
    [
      1.9249611300692815,
      1.441419541329899,
      2.024125599911066,
      1.6337993891500635,
      1.841202942645359,
      0.0,
      1.7916476250858882,
      1.5188580363504514,
      1.2272092582115486,
      1.2272092582115486
    ],
    [
      1.6337993891500635,
      1.841202942645359,
      1.1932570868033736,
      1.7976436589492106,
      1.6334464927333952,
      1.7916476250858882,
      0.0,
      1.2272092582115486,
      1.3628605743666673,
      1.3628605743666673
    ],
    [
      1.1932570868033736,
      1.7976436589492106,
      1.6334464927333952,
      1.7916476250858882,
      1.8103711465926915,
      1.5188580363504514,
      1.2272092582115486,
      0.0,
      0.97117803007051,
      0.97117803007051
    ],
    [
      1.7976436589492106,
      1.6334464927333952,
      1.7916476250858882,
      1.8103711465926915,
      1.5188580363504514,
      1.2272092582115486,
      1.3628605743666673,
      0.97117803007051,
      0.0,
      1.3249581962513246
    ],
    [
      1.7976436589492106,
      1.6334464927333952,
      1.7916476250858882,
      1.8103711465926915,
      1.5188580363504514,
      1.2272092582115486,
      1.3628605743666673,
      0.97117803007051,
      1.3249581962513246,
      0.0
    ]
  ]
}