{
  "servicechain": {
    "SC1": {
      "resptime": 52.66888563587414,
      "resptime_old": 42.66888563587414,
      "waittime": 38.66452379201159,
      "servicetime": 10.0,
      "networktime": 4.004361843862547,
      "services": {
        "MS1_1": {
          "meanserv": 3.014698957194728,
          "stddevserv": 3.014698957194728,
          "rate": 0.33170807904830785,
          "cv": 1.0,
          "lambda": 0.3
        },
        "MS1_2": {
          "meanserv": 0.6484204921278582,
          "stddevserv": 0.6484204921278582,
          "rate": 1.542209125313726,
          "cv": 1.0,
          "lambda": 0.3
        },
        "MS1_3": {
          "meanserv": 0.348222778581075,
          "stddevserv": 0.348222778581075,
          "rate": 2.8717248310830272,
          "cv": 1.0,
          "lambda": 0.3
        },
        "MS1_4": {
          "meanserv": 0.37593760597000525,
          "stddevserv": 0.37593760597000525,
          "rate": 2.6600158752933765,
          "cv": 1.0,
          "lambda": 0.3
        },
        "MS1_5": {
          "meanserv": 1.8377462945310832,
          "stddevserv": 1.8377462945310832,
          "rate": 0.5441447510877222,
          "cv": 1.0,
          "lambda": 0.3
        },
        "MS1_6": {
          "meanserv": 0.47623304165187985,
          "stddevserv": 0.47623304165187985,
          "rate": 2.0998123030929614,
          "cv": 1.0,
          "lambda": 0.3
        },
        "MS1_7": {
          "meanserv": 2.0951942028957804,
          "stddevserv": 2.0951942028957804,
          "rate": 0.4772827256861889,
          "cv": 1.0,
          "lambda": 0.3
        },
        "MS1_8": {
          "meanserv": 0.03686813779551734,
          "stddevserv": 0.03686813779551734,
          "rate": 27.12369161540853,
          "cv": 1.0,
          "lambda": 0.3
        },
        "MS1_9": {
          "meanserv": 0.8581323403913714,
          "stddevserv": 0.8581323403913714,
          "rate": 1.165321422968311,
          "cv": 1.0,
          "lambda": 0.3
        },
        "MS1_10": {
          "meanserv": 0.3085461488607013,
          "stddevserv": 0.3085461488607013,
          "rate": 3.2410062601412273,
          "cv": 1.0,
          "lambda": 0.3
        }
      },
      "sensors": [
        "S1"
      ],
      "sources": [
        {
          "startTime": 0,
          "stopTime": -1,
          "lambda": 0.3
        }
      ]
    },
    "SC2": {
      "resptime": 28.198977232862713,
      "resptime_old": 18.198977232862713,
      "waittime": 13.226761485204836,
      "servicetime": 10.0,
      "networktime": 4.972215747657878,
      "services": {
        "MS2_1": {
          "meanserv": 1.8142160935095297,
          "stddevserv": 1.8142160935095297,
          "rate": 0.5512022540079773,
          "cv": 1.0,
          "lambda": 0.3
        },
        "MS2_2": {
          "meanserv": 1.68170993512201,
          "stddevserv": 1.68170993512201,
          "rate": 0.5946328668905966,
          "cv": 1.0,
          "lambda": 0.3
        },
        "MS2_3": {
          "meanserv": 1.5900716955342746,
          "stddevserv": 1.5900716955342746,
          "rate": 0.6289024594353234,
          "cv": 1.0,
          "lambda": 0.3
        },
        "MS2_4": {
          "meanserv": 0.1968348040512895,
          "stddevserv": 0.1968348040512895,
          "rate": 5.080402344594652,
          "cv": 1.0,
          "lambda": 0.3
        },
        "MS2_5": {
          "meanserv": 0.8614060256391589,
          "stddevserv": 0.8614060256391589,
          "rate": 1.1608927384249548,
          "cv": 1.0,
          "lambda": 0.3
        },
        "MS2_6": {
          "meanserv": 0.3318634491318244,
          "stddevserv": 0.3318634491318244,
          "rate": 3.0132875512987725,
          "cv": 1.0,
          "lambda": 0.3
        },
        "MS2_7": {
          "meanserv": 0.7474835933082407,
          "stddevserv": 0.7474835933082407,
          "rate": 1.3378220056632453,
          "cv": 1.0,
          "lambda": 0.3
        },
        "MS2_8": {
          "meanserv": 0.49973307868456107,
          "stddevserv": 0.49973307868456107,
          "rate": 2.001068255542105,
          "cv": 1.0,
          "lambda": 0.3
        },
        "MS2_9": {
          "meanserv": 1.356686501247899,
          "stddevserv": 1.356686501247899,
          "rate": 0.7370899607832658,
          "cv": 1.0,
          "lambda": 0.3
        },
        "MS2_10": {
          "meanserv": 0.9199948237712121,
          "stddevserv": 0.9199948237712121,
          "rate": 1.0869626373557553,
          "cv": 1.0,
          "lambda": 0.3
        }
      },
      "sensors": [
        "S2"
      ],
      "sources": [
        {
          "startTime": 0,
          "stopTime": -1,
          "lambda": 0.3
        }
      ]
    },
    "SC3": {
      "resptime": 115.4169810937609,
      "resptime_old": 105.41698109376088,
      "waittime": 100.87490857456007,
      "servicetime": 10.0,
      "networktime": 4.542072519200826,
      "services": {
        "MS3_1": {
          "meanserv": 2.2482660762578255,
          "stddevserv": 2.2482660762578255,
          "rate": 0.44478721204763777,
          "cv": 1.0,
          "lambda": 0.3
        },
        "MS3_2": {
          "meanserv": 0.8634289928540562,
          "stddevserv": 0.8634289928540562,
          "rate": 1.1581728298172032,
          "cv": 1.0,
          "lambda": 0.3
        },
        "MS3_3": {
          "meanserv": 3.217512539450645,
          "stddevserv": 3.217512539450645,
          "rate": 0.31079909953380913,
          "cv": 1.0,
          "lambda": 0.3
        },
        "MS3_4": {
          "meanserv": 0.13260841226657938,
          "stddevserv": 0.13260841226657938,
          "rate": 7.540999721719953,
          "cv": 1.0,
          "lambda": 0.3
        },
        "MS3_5": {
          "meanserv": 0.10983158533549187,
          "stddevserv": 0.10983158533549187,
          "rate": 9.104849000816998,
          "cv": 1.0,
          "lambda": 0.3
        },
        "MS3_6": {
          "meanserv": 0.77322244777669,
          "stddevserv": 0.77322244777669,
          "rate": 1.2932888884374505,
          "cv": 1.0,
          "lambda": 0.3
        },
        "MS3_7": {
          "meanserv": 0.2968147956020717,
          "stddevserv": 0.2968147956020717,
          "rate": 3.3691042859624223,
          "cv": 1.0,
          "lambda": 0.3
        },
        "MS3_8": {
          "meanserv": 0.15681208596529572,
          "stddevserv": 0.15681208596529572,
          "rate": 6.377059483931049,
          "cv": 1.0,
          "lambda": 0.3
        },
        "MS3_9": {
          "meanserv": 0.3797584967220704,
          "stddevserv": 0.3797584967220704,
          "rate": 2.633252471324845,
          "cv": 1.0,
          "lambda": 0.3
        },
        "MS3_10": {
          "meanserv": 1.821744567769274,
          "stddevserv": 1.821744567769274,
          "rate": 0.5489243759483251,
          "cv": 1.0,
          "lambda": 0.3
        }
      },
      "sensors": [
        "S3"
      ],
      "sources": [
        {
          "startTime": 0,
          "stopTime": -1,
          "lambda": 0.3
        }
      ]
    },
    "SC4": {
      "resptime": 29.62719498886586,
      "resptime_old": 19.62719498886586,
      "waittime": 15.649080792921438,
      "servicetime": 10.0,
      "networktime": 3.9781141959444213,
      "services": {
        "MS4_1": {
          "meanserv": 2.2514780361416467,
          "stddevserv": 2.2514780361416467,
          "rate": 0.4441526783506616,
          "cv": 1.0,
          "lambda": 0.3
        },
        "MS4_2": {
          "meanserv": 2.0428868704315724,
          "stddevserv": 2.0428868704315724,
          "rate": 0.489503366277323,
          "cv": 1.0,
          "lambda": 0.3
        },
        "MS4_3": {
          "meanserv": 0.359655619640864,
          "stddevserv": 0.359655619640864,
          "rate": 2.780437578032439,
          "cv": 1.0,
          "lambda": 0.3
        },
        "MS4_4": {
          "meanserv": 0.2870150972326826,
          "stddevserv": 0.2870150972326826,
          "rate": 3.4841372793337833,
          "cv": 1.0,
          "lambda": 0.3
        },
        "MS4_5": {
          "meanserv": 0.5103918810617767,
          "stddevserv": 0.5103918810617767,
          "rate": 1.9592788151717528,
          "cv": 1.0,
          "lambda": 0.3
        },
        "MS4_6": {
          "meanserv": 0.79213926170332,
          "stddevserv": 0.79213926170332,
          "rate": 1.2624042871574392,
          "cv": 1.0,
          "lambda": 0.3
        },
        "MS4_7": {
          "meanserv": 1.1171458674552595,
          "stddevserv": 1.1171458674552595,
          "rate": 0.8951382528746176,
          "cv": 1.0,
          "lambda": 0.3
        },
        "MS4_8": {
          "meanserv": 1.3363918905859435,
          "stddevserv": 1.3363918905859435,
          "rate": 0.7482834990577114,
          "cv": 1.0,
          "lambda": 0.3
        },
        "MS4_9": {
          "meanserv": 0.5898529122447034,
          "stddevserv": 0.5898529122447034,
          "rate": 1.6953379041471022,
          "cv": 1.0,
          "lambda": 0.3
        },
        "MS4_10": {
          "meanserv": 0.7130425635022313,
          "stddevserv": 0.7130425635022313,
          "rate": 1.4024408235720571,
          "cv": 1.0,
          "lambda": 0.3
        }
      },
      "sensors": [
        "S4"
      ],
      "sources": [
        {
          "startTime": 0,
          "stopTime": -1,
          "lambda": 0.3
        }
      ]
    }
  },
  "microservice": {
    "MS1_1": "F9",
    "MS1_2": "F4",
    "MS1_3": "F4",
    "MS1_4": "F4",
    "MS1_5": "F7",
    "MS1_6": "F4",
    "MS1_7": "F13",
    "MS1_8": "F5",
    "MS1_9": "F5",
    "MS1_10": "F5",
    "MS2_1": "F2",
    "MS2_2": "F10",
    "MS2_3": "F20",
    "MS2_4": "F12",
    "MS2_5": "F12",
    "MS2_6": "F12",
    "MS2_7": "F8",
    "MS2_8": "F6",
    "MS2_9": "F16",
    "MS2_10": "F16",
    "MS3_1": "F17",
    "MS3_2": "F8",
    "MS3_3": "F3",
    "MS3_4": "F12",
    "MS3_5": "F12",
    "MS3_6": "F18",
    "MS3_7": "F18",
    "MS3_8": "F5",
    "MS3_9": "F5",
    "MS3_10": "F14",
    "MS4_1": "F11",
    "MS4_2": "F19",
    "MS4_3": "F6",
    "MS4_4": "F6",
    "MS4_5": "F6",
    "MS4_6": "F1",
    "MS4_7": "F1",
    "MS4_8": "F15",
    "MS4_9": "F15",
    "MS4_10": "F18"
  },
  "sensor": {
    "S1": "F9",
    "S2": "F2",
    "S3": "F17",
    "S4": "F11"
  },
  "fog": {
    "F1": {
      "rho": 0.5727855387475738,
      "capacity": 1.0,
      "tserv": 0.9546425645792896,
      "stddev": 0.9819150029395222,
      "mu": 1.0475124796480233,
      "cv": 1.028568219532775,
      "lambda": 0.6,
      "twait": 1.3170196722316085
    },
    "F2": {
      "rho": 0.5442648280528588,
      "capacity": 1.0,
      "tserv": 1.8142160935095297,
      "stddev": 1.8142160935095297,
      "mu": 0.5512022540079773,
      "cv": 1.0,
      "lambda": 0.3,
      "twait": 2.166639906167302
    },
    "F3": {
      "rho": 0.9652537618351935,
      "capacity": 1.0,
      "tserv": 3.217512539450645,
      "stddev": 3.217512539450645,
      "mu": 0.31079909953380913,
      "cv": 1.0,
      "lambda": 0.3,
      "twait": 89.38280074308408
    },
    "F4": {
      "rho": 0.5546441754992454,
      "capacity": 1.0,
      "tserv": 0.4622034795827045,
      "stddev": 0.4912082646906499,
      "mu": 2.1635492681769497,
      "cv": 1.062753281593925,
      "lambda": 1.2,
      "twait": 0.6128820024061298
    },
    "F5": {
      "rho": 0.5220351629204868,
      "capacity": 1.0,
      "tserv": 0.3480234419469912,
      "stddev": 0.5287558434524082,
      "mu": 2.8733696627031056,
      "cv": 1.5193109995531424,
      "lambda": 1.5,
      "twait": 0.628764440986019
    },
    "F6": {
      "rho": 0.4970387029859653,
      "capacity": 1.0,
      "tserv": 0.4141989191549711,
      "stddev": 0.4352248635508868,
      "mu": 2.4142989123200813,
      "cv": 1.0507629146855617,
      "lambda": 1.2,
      "twait": 0.430627281214397
    },
    "F7": {
      "rho": 0.5513238883593249,
      "capacity": 1.0,
      "tserv": 1.837746294531083,
      "stddev": 1.8377462945310834,
      "mu": 0.5441447510877222,
      "cv": 1.0000000000000002,
      "lambda": 0.3,
      "twait": 2.2581844823738684
    },
    "F8": {
      "rho": 0.4832737758486891,
      "capacity": 1.0,
      "tserv": 0.8054562930811484,
      "stddev": 0.8096181247365601,
      "mu": 1.2415322949115646,
      "cv": 1.005167048406179,
      "lambda": 0.6,
      "twait": 0.7572141418454815
    },
    "F9": {
      "rho": 0.9044096871584183,
      "capacity": 1.0,
      "tserv": 3.014698957194728,
      "stddev": 3.014698957194728,
      "mu": 0.33170807904830785,
      "cv": 1.0,
      "lambda": 0.3,
      "twait": 28.52300468219891
    },
    "F10": {
      "rho": 0.504512980536603,
      "capacity": 1.0,
      "tserv": 1.68170993512201,
      "stddev": 1.68170993512201,
      "mu": 0.5946328668905966,
      "cv": 1.0,
      "lambda": 0.3,
      "twait": 1.712344538682914
    },
    "F11": {
      "rho": 0.6754434108424939,
      "capacity": 1.0,
      "tserv": 2.2514780361416467,
      "stddev": 2.2514780361416467,
      "mu": 0.4441526783506616,
      "cv": 1.0,
      "lambda": 0.3,
      "twait": 4.685611246149932
    },
    "F12": {
      "rho": 0.48976328292730315,
      "capacity": 1.0,
      "tserv": 0.3265088552848688,
      "stddev": 0.5114784518063744,
      "mu": 3.0627040700857293,
      "cv": 1.5665071361085305,
      "lambda": 1.5,
      "twait": 0.5412461906223693
    },
    "F13": {
      "rho": 0.6285582608687341,
      "capacity": 1.0,
      "tserv": 2.0951942028957804,
      "stddev": 2.0951942028957804,
      "mu": 0.4772827256861889,
      "cv": 1.0,
      "lambda": 0.3,
      "twait": 3.5455132948562373
    },
    "F14": {
      "rho": 0.5465233703307824,
      "capacity": 1.0,
      "tserv": 1.8217445677692743,
      "stddev": 1.8217445677692738,
      "mu": 0.548924375948325,
      "cv": 0.9999999999999998,
      "lambda": 0.3,
      "twait": 2.1955397829107617
    },
    "F15": {
      "rho": 0.577873440849194,
      "capacity": 1.0,
      "tserv": 0.9631224014153233,
      "stddev": 1.0983009529265695,
      "mu": 1.0382896281204594,
      "cv": 1.1403544879784742,
      "lambda": 0.6,
      "twait": 1.516514204365733
    },
    "F16": {
      "rho": 0.6830043975057335,
      "capacity": 1.0,
      "tserv": 1.1383406625095558,
      "stddev": 1.1794783908624165,
      "mu": 0.8784716499500478,
      "cv": 1.0361383281013343,
      "lambda": 0.6,
      "twait": 2.542926826705133
    },
    "F17": {
      "rho": 0.6744798228773476,
      "capacity": 1.0,
      "tserv": 2.2482660762578255,
      "stddev": 2.2482660762578255,
      "mu": 0.44478721204763777,
      "cv": 1.0,
      "lambda": 0.3,
      "twait": 4.658421233053585
    },
    "F18": {
      "rho": 0.5349239420642978,
      "capacity": 1.0,
      "tserv": 0.5943599356269976,
      "stddev": 0.6655854938233536,
      "mu": 1.682482179666245,
      "cv": 1.11983573240215,
      "lambda": 0.8999999999999999,
      "twait": 0.7704557052246955
    },
    "F19": {
      "rho": 0.6128660611294716,
      "capacity": 1.0,
      "tserv": 2.0428868704315724,
      "stddev": 2.0428868704315724,
      "mu": 0.489503366277323,
      "cv": 1.0,
      "lambda": 0.3,
      "twait": 3.2340642447089367
    },
    "F20": {
      "rho": 0.4770215086602823,
      "capacity": 1.0,
      "tserv": 1.5900716955342746,
      "stddev": 1.5900716955342746,
      "mu": 0.6289024594353234,
      "cv": 1.0,
      "lambda": 0.3,
      "twait": 1.4503433920173692
    }
  },
  "extra": {
    "deltatime": 5.8847441,
    "conv": 22,
    "obj_func": 56.4780097378409
  },
  "network": [
    [
      0.0,
      0.9329543490107759,
      1.128219334032523,
      0.9686300884585655,
      1.2131234149495567,
      0.8505481152019442,
      1.3104371704032314,
      0.9666282622192239,
      1.2141157128891944,
      0.7917444427483368,
      0.9895146575520662,
      1.1577714261480752,
      1.2096585993306153,
      1.056707333922056,
      0.7642035987948155,
      0.9264971531644556,
      1.2829661311338134,
      0.7657408220637957,
      1.1765597518769622,
      1.1765597518769622
    ],
    [
      0.9329543490107759,
      0.0,
      1.1486296428644973,
      1.0794457556908967,
      1.1338031066046665,
      1.2373128968140426,
      1.331913437269537,
      1.2195190106685874,
      0.9907614119152021,
      0.7226044646507023,
      1.0438563697344208,
      1.0740204973792637,
      0.9345111475116095,
      1.016554490927611,
      0.9286957594549239,
      1.1012581314830836,
      1.0310375453204434,
      1.1765597518769622,
      1.28538164975602,
      1.28538164975602
    ],
    [
      1.128219334032523,
      1.1486296428644973,
      0.0,
      0.956164884989922,
      1.0565365265499218,
      0.9405842994368021,
      1.3747952350566415,
      0.6176989768541257,
      1.108840935406992,
      0.8952512348497588,
      0.7954419202043762,
      0.6889406024996366,
      0.8589597266978845,
      1.1991468406337755,
      0.8957745835553821,
      0.95132929776141,
      0.7657408220637957,
      1.28538164975602,
      1.0247400320216098,
      1.0247400320216098
    ],
    [
      0.9686300884585655,
      1.0794457556908967,
      0.956164884989922,
      0.0,
      1.09399625113139,
      0.4775618183361831,
      0.6776200443216367,
      0.9782219542791725,
      0.981347858666189,
      1.1664408945122948,
      0.9909793580755439,
      1.0108796536600133,
      0.7329132423707324,
      1.0276799478350735,
      0.9594024555353582,
      1.2829661311338134,
      1.1765597518769622,
      1.0247400320216098,
      1.0948356797036825,
      1.0948356797036825
    ],
    [
      1.2131234149495567,
      1.1338031066046665,
      1.0565365265499218,
      1.09399625113139,
      0.0,
      0.939835937937801,
      1.0403258179638384,
      0.9930530646061552,
      0.9661527247625521,
      0.8901793137543318,
      0.9652784014594594,
      0.9548815598270373,
      0.9348606541823523,
      0.547135233105329,
      0.9264971531644556,
      1.0310375453204434,
      1.28538164975602,
      1.0948356797036825,
      0.8847556768214595,
      0.8847556768214595
    ],
    [
      0.8505481152019442,
      1.2373128968140426,
      0.9405842994368021,
      0.4775618183361831,
      0.939835937937801,
      0.0,
      1.1548069382806543,
      0.5631798528082539,
      1.1202916379392807,
      0.8739177523007606,
      0.6728709895743527,
      1.142097804068514,
      1.126741560694527,
      0.7642035987948155,
      1.1012581314830836,
      0.7657408220637957,
      1.0247400320216098,
      0.8847556768214595,
      0.6455202471947573,
      0.6455202471947573
    ],
    [
      1.3104371704032314,
      1.331913437269537,
      1.3747952350566415,
      0.6776200443216367,
      1.0403258179638384,
      1.1548069382806543,
      0.0,
      0.9928381038019821,
      0.7998672813176096,
      0.8269481386799399,
      1.038802061500859,
      0.9850134844148133,
      1.056707333922056,
      0.9286957594549239,
      0.95132929776141,
      1.1765597518769622,
      1.0948356797036825,
      0.6455202471947573,
      0.9215421781042813,
      0.9215421781042813
    ],
    [
      0.9666282622192239,
      1.2195190106685874,
      0.6176989768541257,
      0.9782219542791725,
      0.9930530646061552,
      0.5631798528082539,
      0.9928381038019821,
      0.0,
      1.4704903145514778,
      1.0373678155339294,
      1.13559264450233,
      1.2096585993306153,
      1.016554490927611,
      0.8957745835553821,
      1.2829661311338134,
      1.28538164975602,
      0.8847556768214595,
      0.9215421781042813,
      1.2343529656261463,
      1.2343529656261463
    ],
    [
      1.2141157128891944,
      0.9907614119152021,
      1.108840935406992,
      0.981347858666189,
      0.9661527247625521,
      1.1202916379392807,
      0.7998672813176096,
      1.4704903145514778,
      0.0,
      0.9972001202166981,
      1.1577714261480752,
      0.9345111475116095,
      1.1991468406337755,
      0.9594024555353582,
      1.0310375453204434,
      1.0247400320216098,
      0.6455202471947573,
      1.2343529656261463,
      1.0409756387622164,
      1.0409756387622164
    ],
    [
      0.7917444427483368,
      0.7226044646507023,
      0.8952512348497588,
      1.1664408945122948,
      0.8901793137543318,
      0.8739177523007606,
      0.8269481386799399,
      1.0373678155339294,
      0.9972001202166981,
      0.0,
      1.0740204973792637,
      0.8589597266978845,
      1.0276799478350735,
      0.9264971531644556,
      0.7657408220637957,
      1.0948356797036825,
      0.9215421781042813,
      1.0409756387622164,
      0.7784408342916933,
      0.7784408342916933
    ],
    [
      0.9895146575520662,
      1.0438563697344208,
      0.7954419202043762,
      0.9909793580755439,
      0.9652784014594594,
      0.6728709895743527,
      1.038802061500859,
      1.13559264450233,
      1.1577714261480752,
      1.0740204973792637,
      0.0,
      0.7329132423707324,
      0.547135233105329,
      1.1012581314830836,
      1.1765597518769622,
      0.8847556768214595,
      1.2343529656261463,
      0.7784408342916933,
      0.7087063502165933,
      0.7087063502165933
    ],
    [
      1.1577714261480752,
      1.0740204973792637,
      0.6889406024996366,
      1.0108796536600133,
      0.9548815598270373,
      1.142097804068514,
      0.9850134844148133,
      1.2096585993306153,
      0.9345111475116095,
      0.8589597266978845,
      0.7329132423707324,
      0.0,
      0.7642035987948155,
      0.95132929776141,
      1.28538164975602,
      0.6455202471947573,
      1.0409756387622164,
      0.7087063502165933,
      0.9325911745128173,
      0.9325911745128173
    ],
    [
      1.2096585993306153,
      0.9345111475116095,
      0.8589597266978845,
      0.7329132423707324,
      0.9348606541823523,
      1.126741560694527,
      1.056707333922056,
      1.016554490927611,
      1.1991468406337755,
      1.0276799478350735,
      0.547135233105329,
      0.7642035987948155,
      0.0,
      1.2829661311338134,
      1.0247400320216098,
      0.9215421781042813,
      0.7784408342916933,
      0.9325911745128173,
      0.5254939001846616,
      0.5254939001846616
    ],
    [
      1.056707333922056,
      1.016554490927611,
      1.1991468406337755,
      1.0276799478350735,
      0.547135233105329,
      0.7642035987948155,
      0.9286957594549239,
      0.8957745835553821,
      0.9594024555353582,
      0.9264971531644556,
      1.1012581314830836,
      0.95132929776141,
      1.2829661311338134,
      0.0,
      1.0948356797036825,
      1.2343529656261463,
      0.7087063502165933,
      0.5254939001846616,
      1.0091358845363108,
      1.0091358845363108
    ],
    [
      0.7642035987948155,
      0.9286957594549239,
      0.8957745835553821,
      0.9594024555353582,
      0.9264971531644556,
      1.1012581314830836,
      0.95132929776141,
      1.2829661311338134,
      1.0310375453204434,
      0.7657408220637957,
      1.1765597518769622,
      1.28538164975602,
      1.0247400320216098,
      1.0948356797036825,
      0.0,
      1.0409756387622164,
      0.9325911745128173,
      1.0091358845363108,
      0.5492198452926019,
      0.5492198452926019
    ],
    [
      0.9264971531644556,
      1.1012581314830836,
      0.95132929776141,
      1.2829661311338134,
      1.0310375453204434,
      0.7657408220637957,
      1.1765597518769622,
      1.28538164975602,
      1.0247400320216098,
      1.0948356797036825,
      0.8847556768214595,
      0.6455202471947573,
      0.9215421781042813,
      1.2343529656261463,
      1.0409756387622164,
      0.0,
      0.5254939001846616,
      0.5492198452926019,
      0.7938624661077578,
      0.7938624661077578
    ],
    [
      1.2829661311338134,
      1.0310375453204434,
      0.7657408220637957,
      1.1765597518769622,
      1.28538164975602,
      1.0247400320216098,
      1.0948356797036825,
      0.8847556768214595,
      0.6455202471947573,
      0.9215421781042813,
      1.2343529656261463,
      1.0409756387622164,
      0.7784408342916933,
      0.7087063502165933,
      0.9325911745128173,
      0.5254939001846616,
      0.0,
      0.7938624661077578,
      1.1719779401556747,
      1.1719779401556747
    ],
    [
      0.7657408220637957,
      1.1765597518769622,
      1.28538164975602,
      1.0247400320216098,
      1.0948356797036825,
      0.8847556768214595,
      0.6455202471947573,
      0.9215421781042813,
      1.2343529656261463,
      1.0409756387622164,
      0.7784408342916933,
      0.7087063502165933,
      0.9325911745128173,
      0.5254939001846616,
      1.0091358845363108,
      0.5492198452926019,
      0.7938624661077578,
      0.0,
      1.0876484071472867,
      1.0876484071472867
    ],
    [
      1.1765597518769622,
      1.28538164975602,
      1.0247400320216098,
      1.0948356797036825,
      0.8847556768214595,
      0.6455202471947573,
      0.9215421781042813,
      1.2343529656261463,
      1.0409756387622164,
      0.7784408342916933,
      0.7087063502165933,
      0.9325911745128173,
      0.5254939001846616,
      1.0091358845363108,
      0.5492198452926019,
      0.7938624661077578,
      1.1719779401556747,
      1.0876484071472867,
      0.0,
      1.0056638231913109
    ],
    [
      1.1765597518769622,
      1.28538164975602,
      1.0247400320216098,
      1.0948356797036825,
      0.8847556768214595,
      0.6455202471947573,
      0.9215421781042813,
      1.2343529656261463,
      1.0409756387622164,
      0.7784408342916933,
      0.7087063502165933,
      0.9325911745128173,
      0.5254939001846616,
      1.0091358845363108,
      0.5492198452926019,
      0.7938624661077578,
      1.1719779401556747,
      1.0876484071472867,
      1.0056638231913109,
      0.0
    ]
  ]
}