{
  "servicechain": {
    "SC1": {
      "resptime": 41.04108500799272,
      "resptime_old": 31.04108500799272,
      "waittime": 25.51505712633865,
      "servicetime": 10.0,
      "networktime": 5.5260278816540715,
      "services": {
        "MS1_1": {
          "meanserv": 3.628043151187871,
          "stddevserv": 3.628043151187871,
          "rate": 0.2756306797708804,
          "cv": 1.0,
          "lambda": 0.15
        },
        "MS1_2": {
          "meanserv": 0.06117559188915189,
          "stddevserv": 0.06117559188915189,
          "rate": 16.346388635061615,
          "cv": 1.0,
          "lambda": 0.15
        },
        "MS1_3": {
          "meanserv": 1.3995313199548955,
          "stddevserv": 1.3995313199548955,
          "rate": 0.7145249168358935,
          "cv": 1.0,
          "lambda": 0.15
        },
        "MS1_4": {
          "meanserv": 0.7710997988826538,
          "stddevserv": 0.7710997988826538,
          "rate": 1.296848996004187,
          "cv": 1.0,
          "lambda": 0.15
        },
        "MS1_5": {
          "meanserv": 0.19372741824202855,
          "stddevserv": 0.19372741824202855,
          "rate": 5.161891946294741,
          "cv": 1.0,
          "lambda": 0.15
        },
        "MS1_6": {
          "meanserv": 0.20643758608504115,
          "stddevserv": 0.20643758608504115,
          "rate": 4.8440791183639105,
          "cv": 1.0,
          "lambda": 0.15
        },
        "MS1_7": {
          "meanserv": 1.8904076959872196,
          "stddevserv": 1.8904076959872196,
          "rate": 0.5289864202958475,
          "cv": 1.0,
          "lambda": 0.15
        },
        "MS1_8": {
          "meanserv": 0.5199379439988121,
          "stddevserv": 0.5199379439988121,
          "rate": 1.92330644751383,
          "cv": 1.0,
          "lambda": 0.15
        },
        "MS1_9": {
          "meanserv": 0.5226189011167683,
          "stddevserv": 0.5226189011167683,
          "rate": 1.9134401719171095,
          "cv": 1.0,
          "lambda": 0.15
        },
        "MS1_10": {
          "meanserv": 0.807020592655558,
          "stddevserv": 0.807020592655558,
          "rate": 1.2391257535441935,
          "cv": 1.0,
          "lambda": 0.15
        }
      },
      "sensors": [
        "S1"
      ],
      "sources": [
        {
          "startTime": 0,
          "stopTime": -1,
          "lambda": 0.15
        }
      ]
    },
    "SC2": {
      "resptime": 39.06756282778447,
      "resptime_old": 29.067562827784467,
      "waittime": 24.767885980411755,
      "servicetime": 10.0,
      "networktime": 4.299676847372712,
      "services": {
        "MS2_1": {
          "meanserv": 0.0477693530520773,
          "stddevserv": 0.0477693530520773,
          "rate": 20.93392386766925,
          "cv": 1.0,
          "lambda": 0.15
        },
        "MS2_2": {
          "meanserv": 0.6214039105375302,
          "stddevserv": 0.6214039105375302,
          "rate": 1.6092592644532515,
          "cv": 1.0,
          "lambda": 0.15
        },
        "MS2_3": {
          "meanserv": 0.5995303290975662,
          "stddevserv": 0.5995303290975662,
          "rate": 1.6679723301158669,
          "cv": 1.0,
          "lambda": 0.15
        },
        "MS2_4": {
          "meanserv": 1.2803622112532655,
          "stddevserv": 1.2803622112532655,
          "rate": 0.7810289863375172,
          "cv": 1.0,
          "lambda": 0.15
        },
        "MS2_5": {
          "meanserv": 0.33238852962832244,
          "stddevserv": 0.33238852962832244,
          "rate": 3.008527403512396,
          "cv": 1.0,
          "lambda": 0.15
        },
        "MS2_6": {
          "meanserv": 0.896825699215893,
          "stddevserv": 0.896825699215893,
          "rate": 1.1150438718184745,
          "cv": 1.0,
          "lambda": 0.15
        },
        "MS2_7": {
          "meanserv": 0.08431211258075955,
          "stddevserv": 0.08431211258075955,
          "rate": 11.86069200961055,
          "cv": 1.0,
          "lambda": 0.15
        },
        "MS2_8": {
          "meanserv": 1.606063455463743,
          "stddevserv": 1.606063455463743,
          "rate": 0.6226404047723351,
          "cv": 1.0,
          "lambda": 0.15
        },
        "MS2_9": {
          "meanserv": 2.8437799999918667,
          "stddevserv": 2.8437799999918667,
          "rate": 0.35164464199159573,
          "cv": 1.0,
          "lambda": 0.15
        },
        "MS2_10": {
          "meanserv": 1.6875643991789762,
          "stddevserv": 1.6875643991789762,
          "rate": 0.5925699786547489,
          "cv": 1.0,
          "lambda": 0.15
        }
      },
      "sensors": [
        "S2"
      ],
      "sources": [
        {
          "startTime": 0,
          "stopTime": -1,
          "lambda": 0.15
        }
      ]
    },
    "SC3": {
      "resptime": 37.1707177391114,
      "resptime_old": 27.170717739111403,
      "waittime": 24.795076353133204,
      "servicetime": 10.0,
      "networktime": 2.3756413859781995,
      "services": {
        "MS3_1": {
          "meanserv": 0.15176609544983344,
          "stddevserv": 0.15176609544983344,
          "rate": 6.589086956714596,
          "cv": 1.0,
          "lambda": 0.15
        },
        "MS3_2": {
          "meanserv": 0.30983189670600764,
          "stddevserv": 0.30983189670600764,
          "rate": 3.2275566545328194,
          "cv": 1.0,
          "lambda": 0.15
        },
        "MS3_3": {
          "meanserv": 0.9145005716361332,
          "stddevserv": 0.9145005716361332,
          "rate": 1.0934930288899654,
          "cv": 1.0,
          "lambda": 0.15
        },
        "MS3_4": {
          "meanserv": 1.1297788962099498,
          "stddevserv": 1.1297788962099498,
          "rate": 0.8851289427999436,
          "cv": 1.0,
          "lambda": 0.15
        },
        "MS3_5": {
          "meanserv": 1.077329226805146,
          "stddevserv": 1.077329226805146,
          "rate": 0.928221359932406,
          "cv": 1.0,
          "lambda": 0.15
        },
        "MS3_6": {
          "meanserv": 0.10711625781320677,
          "stddevserv": 0.10711625781320677,
          "rate": 9.335651005880324,
          "cv": 1.0,
          "lambda": 0.15
        },
        "MS3_7": {
          "meanserv": 0.577769464655367,
          "stddevserv": 0.577769464655367,
          "rate": 1.7307941336022123,
          "cv": 1.0,
          "lambda": 0.15
        },
        "MS3_8": {
          "meanserv": 2.4900241069828635,
          "stddevserv": 2.4900241069828635,
          "rate": 0.40160253758012393,
          "cv": 1.0,
          "lambda": 0.15
        },
        "MS3_9": {
          "meanserv": 3.118937304451652,
          "stddevserv": 3.118937304451652,
          "rate": 0.32062202679505686,
          "cv": 1.0,
          "lambda": 0.15
        },
        "MS3_10": {
          "meanserv": 0.12294617928984053,
          "stddevserv": 0.12294617928984053,
          "rate": 8.133640311363735,
          "cv": 1.0,
          "lambda": 0.15
        }
      },
      "sensors": [
        "S3"
      ],
      "sources": [
        {
          "startTime": 0,
          "stopTime": -1,
          "lambda": 0.15
        }
      ]
    },
    "SC4": {
      "resptime": 34.026172296493364,
      "resptime_old": 24.02617229649336,
      "waittime": 21.38585462725338,
      "servicetime": 10.0,
      "networktime": 2.6403176692399826,
      "services": {
        "MS4_1": {
          "meanserv": 1.2922504156758163,
          "stddevserv": 1.2922504156758163,
          "rate": 0.7738438214988105,
          "cv": 1.0,
          "lambda": 0.15
        },
        "MS4_2": {
          "meanserv": 0.7677912712341926,
          "stddevserv": 0.7677912712341926,
          "rate": 1.3024373126729372,
          "cv": 1.0,
          "lambda": 0.15
        },
        "MS4_3": {
          "meanserv": 0.8236237305622032,
          "stddevserv": 0.8236237305622032,
          "rate": 1.214146658107341,
          "cv": 1.0,
          "lambda": 0.15
        },
        "MS4_4": {
          "meanserv": 2.2608050348272632,
          "stddevserv": 2.2608050348272632,
          "rate": 0.4423203171415464,
          "cv": 1.0,
          "lambda": 0.15
        },
        "MS4_5": {
          "meanserv": 0.1277419070422372,
          "stddevserv": 0.1277419070422372,
          "rate": 7.828284571243759,
          "cv": 1.0,
          "lambda": 0.15
        },
        "MS4_6": {
          "meanserv": 0.08613249113054255,
          "stddevserv": 0.08613249113054255,
          "rate": 11.610020642319496,
          "cv": 1.0,
          "lambda": 0.15
        },
        "MS4_7": {
          "meanserv": 1.020729170818008,
          "stddevserv": 1.020729170818008,
          "rate": 0.9796918013018128,
          "cv": 1.0,
          "lambda": 0.15
        },
        "MS4_8": {
          "meanserv": 1.0738442138328121,
          "stddevserv": 1.0738442138328121,
          "rate": 0.9312337740599783,
          "cv": 1.0,
          "lambda": 0.15
        },
        "MS4_9": {
          "meanserv": 0.9981468120977315,
          "stddevserv": 0.9981468120977315,
          "rate": 1.0018566285838992,
          "cv": 1.0,
          "lambda": 0.15
        },
        "MS4_10": {
          "meanserv": 1.5489349527791934,
          "stddevserv": 1.5489349527791934,
          "rate": 0.645604903037238,
          "cv": 1.0,
          "lambda": 0.15
        }
      },
      "sensors": [
        "S4"
      ],
      "sources": [
        {
          "startTime": 0,
          "stopTime": -1,
          "lambda": 0.15
        }
      ]
    }
  },
  "microservice": {
    "MS1_1": "F1",
    "MS1_2": "F10",
    "MS1_3": "F10",
    "MS1_4": "F6",
    "MS1_5": "F8",
    "MS1_6": "F8",
    "MS1_7": "F6",
    "MS1_8": "F6",
    "MS1_9": "F3",
    "MS1_10": "F4",
    "MS2_1": "F5",
    "MS2_2": "F5",
    "MS2_3": "F9",
    "MS2_4": "F9",
    "MS2_5": "F5",
    "MS2_6": "F5",
    "MS2_7": "F5",
    "MS2_8": "F8",
    "MS2_9": "F3",
    "MS2_10": "F7",
    "MS3_1": "F8",
    "MS3_2": "F8",
    "MS3_3": "F8",
    "MS3_4": "F8",
    "MS3_5": "F6",
    "MS3_6": "F6",
    "MS3_7": "F4",
    "MS3_8": "F4",
    "MS3_9": "F2",
    "MS3_10": "F2",
    "MS4_1": "F10",
    "MS4_2": "F10",
    "MS4_3": "F10",
    "MS4_4": "F5",
    "MS4_5": "F7",
    "MS4_6": "F7",
    "MS4_7": "F7",
    "MS4_8": "F7",
    "MS4_9": "F9",
    "MS4_10": "F9"
  },
  "sensor": {
    "S1": "F1",
    "S2": "F5",
    "S3": "F8",
    "S4": "F10"
  },
  "fog": {
    "F1": {
      "rho": 0.5442064726781807,
      "capacity": 1.0,
      "tserv": 3.6280431511878715,
      "stddev": 3.6280431511878706,
      "mu": 0.2756306797708804,
      "cv": 0.9999999999999998,
      "lambda": 0.15,
      "twait": 4.331795972692976
    },
    "F2": {
      "rho": 0.4862825225612239,
      "capacity": 1.0,
      "tserv": 1.6209417418707464,
      "stddev": 2.6674769992566265,
      "mu": 0.6169253182695444,
      "cv": 1.6456340967430838,
      "lambda": 0.3,
      "twait": 2.844818241539168
    },
    "F3": {
      "rho": 0.5049598351662953,
      "capacity": 1.0,
      "tserv": 1.6831994505543177,
      "stddev": 2.3509689095800232,
      "mu": 0.5941066578121067,
      "cv": 1.3967262814907604,
      "lambda": 0.3,
      "twait": 2.5331930007032746
    },
    "F4": {
      "rho": 0.5812221246440682,
      "capacity": 1.0,
      "tserv": 1.291604721431263,
      "stddev": 1.7669098656465736,
      "mu": 0.7742306786335315,
      "cv": 1.3679958243638286,
      "lambda": 0.44999999999999996,
      "twait": 2.573674590082057
    },
    "F5": {
      "rho": 0.6365256959762768,
      "capacity": 1.0,
      "tserv": 0.7072507733069743,
      "stddev": 1.2807471997917332,
      "mu": 1.4139256367641484,
      "cv": 1.8108812999994264,
      "lambda": 0.9,
      "twait": 2.6500708855888955
    },
    "F6": {
      "rho": 0.6548836385230555,
      "capacity": 1.0,
      "tserv": 0.8731781846974075,
      "stddev": 1.2173057828716853,
      "mu": 1.1452416213840038,
      "cv": 1.3941092484960929,
      "lambda": 0.75,
      "twait": 2.43860523770861
    },
    "F7": {
      "rho": 0.5994018273003864,
      "capacity": 1.0,
      "tserv": 0.7992024364005151,
      "stddev": 1.1781050041637493,
      "mu": 1.2512474367618875,
      "cv": 1.474100866696244,
      "lambda": 0.75,
      "twait": 1.8971528765907504
    },
    "F8": {
      "rho": 0.6768158879689106,
      "capacity": 1.0,
      "tserv": 0.6445865599703909,
      "stddev": 0.9909743542539443,
      "mu": 1.5513820208195699,
      "cv": 1.5373797962828526,
      "lambda": 1.05,
      "twait": 2.270220053618383
    },
    "F9": {
      "rho": 0.6640461457841634,
      "capacity": 1.0,
      "tserv": 1.106743576306939,
      "stddev": 1.2133626553017418,
      "mu": 0.903551664005922,
      "cv": 1.0963358462405328,
      "lambda": 0.6,
      "twait": 2.408482810777433
    },
    "F10": {
      "rho": 0.651655849397439,
      "capacity": 1.0,
      "tserv": 0.8688744658632519,
      "stddev": 1.097787574633224,
      "mu": 1.1509142451395105,
      "cv": 1.263459357782531,
      "lambda": 0.75,
      "twait": 2.110068871248872
    }
  },
  "extra": {
    "deltatime": 0.0470693,
    "obj_func": 37.82638446784549
  },
  "network": [
    [
      0.0,
      1.1532455929336785,
      0.911889330670647,
      1.5178474037692482,
      0.9625214533737466,
      1.3950420949212297,
      1.1148454030860977,
      0.9898709638600682,
      0.9413397633285204,
      0.9413397633285204
    ],
    [
      1.1532455929336785,
      0.0,
      0.8943968182233227,
      0.628067429855892,
      0.7692732724084433,
      1.13581387828334,
      0.99273200160768,
      0.9413397633285204,
      1.0902681763774589,
      1.0902681763774589
    ],
    [
      0.911889330670647,
      0.8943968182233227,
      0.0,
      1.0560085012402431,
      1.0644665619206928,
      1.074176494984875,
      0.9898709638600682,
      1.0902681763774589,
      1.3714234526416673,
      1.3714234526416673
    ],
    [
      1.5178474037692482,
      0.628067429855892,
      1.0560085012402431,
      0.0,
      1.1286084514027683,
      1.1148454030860977,
      0.9413397633285204,
      1.3714234526416673,
      0.9540806010627652,
      0.9540806010627652
    ],
    [
      0.9625214533737466,
      0.7692732724084433,
      1.0644665619206928,
      1.1286084514027683,
      0.0,
      0.99273200160768,
      1.0902681763774589,
      0.9540806010627652,
      0.6327285530362099,
      0.6327285530362099
    ],
    [
      1.3950420949212297,
      1.13581387828334,
      1.074176494984875,
      1.1148454030860977,
      0.99273200160768,
      0.0,
      1.3714234526416673,
      0.6327285530362099,
      1.1890460160280132,
      1.1890460160280132
    ],
    [
      1.1148454030860977,
      0.99273200160768,
      0.9898709638600682,
      0.9413397633285204,
      1.0902681763774589,
      1.3714234526416673,
      0.0,
      1.1890460160280132,
      0.9173209398263139,
      0.9173209398263139
    ],
    [
      0.9898709638600682,
      0.9413397633285204,
      1.0902681763774589,
      1.3714234526416673,
      0.9540806010627652,
      0.6327285530362099,
      1.1890460160280132,
      0.0,
      1.0584394664428425,
      1.0584394664428425
    ],
    [
      0.9413397633285204,
      1.0902681763774589,
      1.3714234526416673,
      0.9540806010627652,
      0.6327285530362099,
      1.1890460160280132,
      0.9173209398263139,
      1.0584394664428425,
      0.0,
      0.8250076415504798
    ],
    [
      0.9413397633285204,
      1.0902681763774589,
      1.3714234526416673,
      0.9540806010627652,
      0.6327285530362099,
      1.1890460160280132,
      0.9173209398263139,
      1.0584394664428425,
      0.8250076415504798,
      0.0
    ]
  ]
}