{
  "servicechain": {
    "SC1": {
      "resptime": 37.62492635397035,
      "resptime_old": 27.62492635397036,
      "waittime": 22.619082120540927,
      "servicetime": 10.0,
      "networktime": 5.005844233429428,
      "services": {
        "MS1_1": {
          "meanserv": 1.1622892047689237,
          "stddevserv": 1.1622892047689237,
          "rate": 0.8603710641869132,
          "cv": 1.0,
          "lambda": 0.15
        },
        "MS1_2": {
          "meanserv": 0.4700069373886928,
          "stddevserv": 0.4700069373886928,
          "rate": 2.127628169822111,
          "cv": 1.0,
          "lambda": 0.15
        },
        "MS1_3": {
          "meanserv": 0.8967400541513157,
          "stddevserv": 0.8967400541513157,
          "rate": 1.115150366453086,
          "cv": 1.0,
          "lambda": 0.15
        },
        "MS1_4": {
          "meanserv": 1.5602666562761218,
          "stddevserv": 1.5602666562761218,
          "rate": 0.6409160869890621,
          "cv": 1.0,
          "lambda": 0.15
        },
        "MS1_5": {
          "meanserv": 0.4746599639554656,
          "stddevserv": 0.4746599639554656,
          "rate": 2.1067713224994553,
          "cv": 1.0,
          "lambda": 0.15
        },
        "MS1_6": {
          "meanserv": 1.6520111580543384,
          "stddevserv": 1.6520111580543384,
          "rate": 0.6053227879996605,
          "cv": 1.0,
          "lambda": 0.15
        },
        "MS1_7": {
          "meanserv": 1.4894999601160634,
          "stddevserv": 1.4894999601160634,
          "rate": 0.6713662482556085,
          "cv": 1.0,
          "lambda": 0.15
        },
        "MS1_8": {
          "meanserv": 0.23479076317128644,
          "stddevserv": 0.23479076317128644,
          "rate": 4.25911133169439,
          "cv": 1.0,
          "lambda": 0.15
        },
        "MS1_9": {
          "meanserv": 1.6482201414335975,
          "stddevserv": 1.6482201414335975,
          "rate": 0.6067150709189943,
          "cv": 1.0,
          "lambda": 0.15
        },
        "MS1_10": {
          "meanserv": 0.41151516068419447,
          "stddevserv": 0.41151516068419447,
          "rate": 2.430044128477253,
          "cv": 1.0,
          "lambda": 0.15
        }
      },
      "sensors": [
        "S1"
      ],
      "sources": [
        {
          "startTime": 0,
          "stopTime": -1,
          "lambda": 0.15
        }
      ]
    },
    "SC2": {
      "resptime": 39.63651051355354,
      "resptime_old": 29.63651051355353,
      "waittime": 26.234088619067585,
      "servicetime": 10.0,
      "networktime": 3.402421894485953,
      "services": {
        "MS2_1": {
          "meanserv": 0.8841087972676009,
          "stddevserv": 0.8841087972676009,
          "rate": 1.1310825127977109,
          "cv": 1.0,
          "lambda": 0.15
        },
        "MS2_2": {
          "meanserv": 0.03399241797168884,
          "stddevserv": 0.03399241797168884,
          "rate": 29.4183250168572,
          "cv": 1.0,
          "lambda": 0.15
        },
        "MS2_3": {
          "meanserv": 1.8154549744408721,
          "stddevserv": 1.8154549744408721,
          "rate": 0.5508261092005227,
          "cv": 1.0,
          "lambda": 0.15
        },
        "MS2_4": {
          "meanserv": 1.98236036230371,
          "stddevserv": 1.98236036230371,
          "rate": 0.5044491501221783,
          "cv": 1.0,
          "lambda": 0.15
        },
        "MS2_5": {
          "meanserv": 1.2976029536207365,
          "stddevserv": 1.2976029536207365,
          "rate": 0.7706517600084626,
          "cv": 1.0,
          "lambda": 0.15
        },
        "MS2_6": {
          "meanserv": 3.171551208063687,
          "stddevserv": 3.171551208063687,
          "rate": 0.3153031227928763,
          "cv": 1.0,
          "lambda": 0.15
        },
        "MS2_7": {
          "meanserv": 0.24287909285927967,
          "stddevserv": 0.24287909285927967,
          "rate": 4.117274929791443,
          "cv": 1.0,
          "lambda": 0.15
        },
        "MS2_8": {
          "meanserv": 0.11496291481738119,
          "stddevserv": 0.11496291481738119,
          "rate": 8.698457251092684,
          "cv": 1.0,
          "lambda": 0.15
        },
        "MS2_9": {
          "meanserv": 0.29331506508371596,
          "stddevserv": 0.29331506508371596,
          "rate": 3.409303234099438,
          "cv": 1.0,
          "lambda": 0.15
        },
        "MS2_10": {
          "meanserv": 0.16377221357132754,
          "stddevserv": 0.16377221357132754,
          "rate": 6.10604191146547,
          "cv": 1.0,
          "lambda": 0.15
        }
      },
      "sensors": [
        "S2"
      ],
      "sources": [
        {
          "startTime": 0,
          "stopTime": -1,
          "lambda": 0.15
        }
      ]
    },
    "SC3": {
      "resptime": 38.58762285771909,
      "resptime_old": 28.587622857719097,
      "waittime": 24.008915613228936,
      "servicetime": 10.0,
      "networktime": 4.578707244490155,
      "services": {
        "MS3_1": {
          "meanserv": 0.03082602978228266,
          "stddevserv": 0.03082602978228266,
          "rate": 32.44011658532662,
          "cv": 1.0,
          "lambda": 0.15
        },
        "MS3_2": {
          "meanserv": 0.2951377685783696,
          "stddevserv": 0.2951377685783696,
          "rate": 3.388248155486289,
          "cv": 1.0,
          "lambda": 0.15
        },
        "MS3_3": {
          "meanserv": 1.2213078949668588,
          "stddevserv": 1.2213078949668588,
          "rate": 0.8187943467172427,
          "cv": 1.0,
          "lambda": 0.15
        },
        "MS3_4": {
          "meanserv": 1.0663018709552798,
          "stddevserv": 1.0663018709552798,
          "rate": 0.937820730919396,
          "cv": 1.0,
          "lambda": 0.15
        },
        "MS3_5": {
          "meanserv": 0.18165791678389454,
          "stddevserv": 0.18165791678389454,
          "rate": 5.504852294379378,
          "cv": 1.0,
          "lambda": 0.15
        },
        "MS3_6": {
          "meanserv": 2.709100661788109,
          "stddevserv": 2.709100661788109,
          "rate": 0.3691261879283445,
          "cv": 1.0,
          "lambda": 0.15
        },
        "MS3_7": {
          "meanserv": 2.8249891609469735,
          "stddevserv": 2.8249891609469735,
          "rate": 0.35398365906111545,
          "cv": 1.0,
          "lambda": 0.15
        },
        "MS3_8": {
          "meanserv": 0.3434150658260364,
          "stddevserv": 0.3434150658260364,
          "rate": 2.91192815782453,
          "cv": 1.0,
          "lambda": 0.15
        },
        "MS3_9": {
          "meanserv": 0.08533661804026416,
          "stddevserv": 0.08533661804026416,
          "rate": 11.71829893151112,
          "cv": 1.0,
          "lambda": 0.15
        },
        "MS3_10": {
          "meanserv": 1.2419270123319315,
          "stddevserv": 1.2419270123319315,
          "rate": 0.8052002976586587,
          "cv": 1.0,
          "lambda": 0.15
        }
      },
      "sensors": [
        "S3"
      ],
      "sources": [
        {
          "startTime": 0,
          "stopTime": -1,
          "lambda": 0.15
        }
      ]
    },
    "SC4": {
      "resptime": 37.206490493755716,
      "resptime_old": 27.206490493755716,
      "waittime": 22.884666429587305,
      "servicetime": 10.0,
      "networktime": 4.321824064168409,
      "services": {
        "MS4_1": {
          "meanserv": 0.9250288874639001,
          "stddevserv": 0.9250288874639001,
          "rate": 1.0810473203076327,
          "cv": 1.0,
          "lambda": 0.15
        },
        "MS4_2": {
          "meanserv": 0.8158032222649803,
          "stddevserv": 0.8158032222649803,
          "rate": 1.2257857933235656,
          "cv": 1.0,
          "lambda": 0.15
        },
        "MS4_3": {
          "meanserv": 2.061131465194048,
          "stddevserv": 2.061131465194048,
          "rate": 0.48517041095476826,
          "cv": 1.0,
          "lambda": 0.15
        },
        "MS4_4": {
          "meanserv": 0.1849314752313802,
          "stddevserv": 0.1849314752313802,
          "rate": 5.407408331917716,
          "cv": 1.0,
          "lambda": 0.15
        },
        "MS4_5": {
          "meanserv": 1.7514086998427585,
          "stddevserv": 1.7514086998427585,
          "rate": 0.5709689577822584,
          "cv": 1.0,
          "lambda": 0.15
        },
        "MS4_6": {
          "meanserv": 0.8063212526604371,
          "stddevserv": 0.8063212526604371,
          "rate": 1.2402004743153237,
          "cv": 1.0,
          "lambda": 0.15
        },
        "MS4_7": {
          "meanserv": 0.13919357471070892,
          "stddevserv": 0.13919357471070892,
          "rate": 7.184239661049991,
          "cv": 1.0,
          "lambda": 0.15
        },
        "MS4_8": {
          "meanserv": 1.335843213389599,
          "stddevserv": 1.335843213389599,
          "rate": 0.748590845075731,
          "cv": 1.0,
          "lambda": 0.15
        },
        "MS4_9": {
          "meanserv": 1.739389819389734,
          "stddevserv": 1.739389819389734,
          "rate": 0.5749142537529918,
          "cv": 1.0,
          "lambda": 0.15
        },
        "MS4_10": {
          "meanserv": 0.24094838985245381,
          "stddevserv": 0.24094838985245381,
          "rate": 4.150266372862487,
          "cv": 1.0,
          "lambda": 0.15
        }
      },
      "sensors": [
        "S4"
      ],
      "sources": [
        {
          "startTime": 0,
          "stopTime": -1,
          "lambda": 0.15
        }
      ]
    }
  },
  "microservice": {
    "MS1_1": "F3",
    "MS1_2": "F8",
    "MS1_3": "F10",
    "MS1_4": "F10",
    "MS1_5": "F9",
    "MS1_6": "F9",
    "MS1_7": "F9",
    "MS1_8": "F9",
    "MS1_9": "F10",
    "MS1_10": "F4",
    "MS2_1": "F6",
    "MS2_2": "F5",
    "MS2_3": "F5",
    "MS2_4": "F4",
    "MS2_5": "F4",
    "MS2_6": "F1",
    "MS2_7": "F1",
    "MS2_8": "F4",
    "MS2_9": "F4",
    "MS2_10": "F4",
    "MS3_1": "F8",
    "MS3_2": "F8",
    "MS3_3": "F5",
    "MS3_4": "F5",
    "MS3_5": "F5",
    "MS3_6": "F6",
    "MS3_7": "F2",
    "MS3_8": "F9",
    "MS3_9": "F7",
    "MS3_10": "F7",
    "MS4_1": "F7",
    "MS4_2": "F3",
    "MS4_3": "F3",
    "MS4_4": "F7",
    "MS4_5": "F7",
    "MS4_6": "F2",
    "MS4_7": "F8",
    "MS4_8": "F8",
    "MS4_9": "F8",
    "MS4_10": "F8"
  },
  "sensor": {
    "S1": "F3",
    "S2": "F6",
    "S3": "F8",
    "S4": "F7"
  },
  "fog": {
    "F1": {
      "rho": 0.512164545138445,
      "capacity": 1.0,
      "tserv": 1.7072151504614834,
      "stddev": 2.6838673121361936,
      "mu": 0.585749253531218,
      "cv": 1.5720732746606119,
      "lambda": 0.3,
      "twait": 3.111006145091403
    },
    "F2": {
      "rho": 0.5446965620411117,
      "capacity": 1.0,
      "tserv": 1.8156552068037055,
      "stddev": 2.3095700664769567,
      "mu": 0.5507653635187753,
      "cv": 1.2720311972352631,
      "lambda": 0.3,
      "twait": 2.84339530599122
    },
    "F3": {
      "rho": 0.6058835838341928,
      "capacity": 1.0,
      "tserv": 1.3464079640759843,
      "stddev": 1.5374204372264626,
      "mu": 0.7427169377197513,
      "cv": 1.1418681991245996,
      "lambda": 0.44999999999999996,
      "twait": 2.384338898163657
    },
    "F4": {
      "rho": 0.6395293005121598,
      "capacity": 1.0,
      "tserv": 0.7105881116801777,
      "stddev": 1.2102528527121812,
      "mu": 1.4072850130232424,
      "cv": 1.703170701590478,
      "lambda": 0.9,
      "twait": 2.4588443544536327
    },
    "F5": {
      "rho": 0.647807261267789,
      "capacity": 1.0,
      "tserv": 0.8637430150237188,
      "stddev": 1.2796084575740165,
      "mu": 1.1577517648261846,
      "cv": 1.4814689500428295,
      "lambda": 0.75,
      "twait": 2.5377969985379245
    },
    "F6": {
      "rho": 0.5389814188583565,
      "capacity": 1.0,
      "tserv": 1.796604729527855,
      "stddev": 2.2120321441934054,
      "mu": 0.5566054589329721,
      "cv": 1.2312291667932567,
      "lambda": 0.3,
      "twait": 2.6422605595407673
    },
    "F7": {
      "rho": 0.6282949039365351,
      "capacity": 1.0,
      "tserv": 0.8377265385820468,
      "stddev": 1.2251548776845287,
      "mu": 1.193706960379482,
      "cv": 1.4624759050348948,
      "lambda": 0.75,
      "twait": 2.222316412009938
    },
    "F8": {
      "rho": 0.6377018599637762,
      "capacity": 1.0,
      "tserv": 0.6073351047274058,
      "stddev": 1.0563214239041503,
      "mu": 1.6465374588363972,
      "cv": 1.7392727930295844,
      "lambda": 1.05,
      "twait": 2.1514110228097403
    },
    "F9": {
      "rho": 0.6291565366684786,
      "capacity": 1.0,
      "tserv": 0.8388753822246381,
      "stddev": 1.1978036436001551,
      "mu": 1.192072173280459,
      "cv": 1.4278683925896891,
      "lambda": 0.75,
      "twait": 2.16241388244382
    },
    "F10": {
      "rho": 0.6157840277791552,
      "capacity": 1.0,
      "tserv": 1.3684089506203452,
      "stddev": 1.4483070148342057,
      "mu": 0.7307756935868235,
      "cv": 1.0583875632921285,
      "lambda": 0.44999999999999996,
      "twait": 2.324944105112873
    }
  },
  "extra": {
    "deltatime": 0.0442256,
    "obj_func": 38.26388755474967
  },
  "network": [
    [
      0.0,
      1.2070494268617529,
      1.298002667083623,
      0.8702168626453263,
      1.111214386155741,
      1.258462997201359,
      0.8608249211844615,
      1.2534313370352794,
      1.106072885738062,
      1.106072885738062
    ],
    [
      1.2070494268617529,
      0.0,
      1.164886114812917,
      1.0817328661732504,
      0.7582301111742835,
      0.7053645872457939,
      0.7088885043597882,
      1.106072885738062,
      0.905422013031681,
      0.905422013031681
    ],
    [
      1.298002667083623,
      1.164886114812917,
      0.0,
      0.9588824572366574,
      1.4077274295676017,
      1.0998076154375156,
      1.2534313370352794,
      0.905422013031681,
      1.0599660263425925,
      1.0599660263425925
    ],
    [
      0.8702168626453263,
      1.0817328661732504,
      0.9588824572366574,
      0.0,
      0.9530996648355117,
      0.8608249211844615,
      1.106072885738062,
      1.0599660263425925,
      1.1495880392139686,
      1.1495880392139686
    ],
    [
      1.111214386155741,
      0.7582301111742835,
      1.4077274295676017,
      0.9530996648355117,
      0.0,
      0.7088885043597882,
      0.905422013031681,
      1.1495880392139686,
      0.6302512527471965,
      0.6302512527471965
    ],
    [
      1.258462997201359,
      0.7053645872457939,
      1.0998076154375156,
      0.8608249211844615,
      0.7088885043597882,
      0.0,
      1.0599660263425925,
      0.6302512527471965,
      1.236192091212333,
      1.236192091212333
    ],
    [
      0.8608249211844615,
      0.7088885043597882,
      1.2534313370352794,
      1.106072885738062,
      0.905422013031681,
      1.0599660263425925,
      0.0,
      1.236192091212333,
      1.109444100638923,
      1.109444100638923
    ],
    [
      1.2534313370352794,
      1.106072885738062,
      0.905422013031681,
      1.0599660263425925,
      1.1495880392139686,
      0.6302512527471965,
      1.236192091212333,
      0.0,
      1.1266779204886008,
      1.1266779204886008
    ],
    [
      1.106072885738062,
      0.905422013031681,
      1.0599660263425925,
      1.1495880392139686,
      0.6302512527471965,
      1.236192091212333,
      1.109444100638923,
      1.1266779204886008,
      0.0,
      0.9120781303475887
    ],
    [
      1.106072885738062,
      0.905422013031681,
      1.0599660263425925,
      1.1495880392139686,
      0.6302512527471965,
      1.236192091212333,
      1.109444100638923,
      1.1266779204886008,
      0.9120781303475887,
      0.0
    ]
  ]
}