{
  "servicechain": {
    "SC1": {
      "resptime": 56.73216713739971,
      "resptime_old": 46.73216713739972,
      "waittime": 41.74365950586445,
      "servicetime": 10.0,
      "networktime": 4.9885076315352626,
      "services": {
        "MS1_1": {
          "meanserv": 0.18780843225577604,
          "stddevserv": 0.18780843225577604,
          "rate": 5.324574557110947,
          "cv": 1.0,
          "lambda": 0.375
        },
        "MS1_2": {
          "meanserv": 0.09360502818562821,
          "stddevserv": 0.09360502818562821,
          "rate": 10.683186783693918,
          "cv": 1.0,
          "lambda": 0.375
        },
        "MS1_3": {
          "meanserv": 2.3519533086882505,
          "stddevserv": 2.3519533086882505,
          "rate": 0.4251785085638999,
          "cv": 1.0,
          "lambda": 0.375
        },
        "MS1_4": {
          "meanserv": 0.22023163235617726,
          "stddevserv": 0.22023163235617726,
          "rate": 4.540673786509992,
          "cv": 1.0,
          "lambda": 0.375
        },
        "MS1_5": {
          "meanserv": 0.10078975591456407,
          "stddevserv": 0.10078975591456407,
          "rate": 9.921643235723923,
          "cv": 1.0,
          "lambda": 0.375
        },
        "MS1_6": {
          "meanserv": 0.5774814369420587,
          "stddevserv": 0.5774814369420587,
          "rate": 1.7316573936909674,
          "cv": 1.0,
          "lambda": 0.375
        },
        "MS1_7": {
          "meanserv": 0.30061588806134854,
          "stddevserv": 0.30061588806134854,
          "rate": 3.3265041526877774,
          "cv": 1.0,
          "lambda": 0.375
        },
        "MS1_8": {
          "meanserv": 1.9214181019292367,
          "stddevserv": 1.9214181019292367,
          "rate": 0.5204489324816555,
          "cv": 1.0,
          "lambda": 0.375
        },
        "MS1_9": {
          "meanserv": 2.0700082733730163,
          "stddevserv": 2.0700082733730163,
          "rate": 0.4830898566267709,
          "cv": 1.0,
          "lambda": 0.375
        },
        "MS1_10": {
          "meanserv": 2.1760881422939438,
          "stddevserv": 2.1760881422939438,
          "rate": 0.45954020913226457,
          "cv": 1.0,
          "lambda": 0.375
        }
      },
      "sensors": [
        "S1"
      ],
      "sources": [
        {
          "startTime": 0,
          "stopTime": -1,
          "lambda": 0.375
        }
      ]
    },
    "SC2": {
      "resptime": 3467.260540833938,
      "resptime_old": 3457.2605408339377,
      "waittime": 3451.6676857672414,
      "servicetime": 10.0,
      "networktime": 5.592855066696691,
      "services": {
        "MS2_1": {
          "meanserv": 1.0971335555450568,
          "stddevserv": 1.0971335555450568,
          "rate": 0.911466060759758,
          "cv": 1.0,
          "lambda": 0.375
        },
        "MS2_2": {
          "meanserv": 0.0270639528433525,
          "stddevserv": 0.0270639528433525,
          "rate": 36.949517529388615,
          "cv": 1.0,
          "lambda": 0.375
        },
        "MS2_3": {
          "meanserv": 2.2605012312140857,
          "stddevserv": 2.2605012312140857,
          "rate": 0.4423797634752506,
          "cv": 1.0,
          "lambda": 0.375
        },
        "MS2_4": {
          "meanserv": 0.09071248088049844,
          "stddevserv": 0.09071248088049844,
          "rate": 11.023841375448283,
          "cv": 1.0,
          "lambda": 0.375
        },
        "MS2_5": {
          "meanserv": 3.0276473164932383,
          "stddevserv": 3.0276473164932383,
          "rate": 0.3302894609132501,
          "cv": 1.0,
          "lambda": 0.375
        },
        "MS2_6": {
          "meanserv": 0.6578883411339245,
          "stddevserv": 0.6578883411339245,
          "rate": 1.5200147767878331,
          "cv": 1.0,
          "lambda": 0.375
        },
        "MS2_7": {
          "meanserv": 0.4499654195753511,
          "stddevserv": 0.4499654195753511,
          "rate": 2.2223930028750583,
          "cv": 1.0,
          "lambda": 0.375
        },
        "MS2_8": {
          "meanserv": 1.3898641303782266,
          "stddevserv": 1.3898641303782266,
          "rate": 0.7194947895575,
          "cv": 1.0,
          "lambda": 0.375
        },
        "MS2_9": {
          "meanserv": 0.2839217665288256,
          "stddevserv": 0.2839217665288256,
          "rate": 3.522096992512455,
          "cv": 1.0,
          "lambda": 0.375
        },
        "MS2_10": {
          "meanserv": 0.7153018054074405,
          "stddevserv": 0.7153018054074405,
          "rate": 1.3980112903956583,
          "cv": 1.0,
          "lambda": 0.375
        }
      },
      "sensors": [
        "S2"
      ],
      "sources": [
        {
          "startTime": 0,
          "stopTime": -1,
          "lambda": 0.375
        }
      ]
    },
    "SC3": {
      "resptime": 100.96530204518001,
      "resptime_old": 90.96530204518001,
      "waittime": 85.91242012937361,
      "servicetime": 10.0,
      "networktime": 5.052881915806394,
      "services": {
        "MS3_1": {
          "meanserv": 2.4704440852341767,
          "stddevserv": 2.4704440852341767,
          "rate": 0.40478552256130446,
          "cv": 1.0,
          "lambda": 0.375
        },
        "MS3_2": {
          "meanserv": 1.7779149768240226,
          "stddevserv": 1.7779149768240226,
          "rate": 0.5624565927142081,
          "cv": 1.0,
          "lambda": 0.375
        },
        "MS3_3": {
          "meanserv": 0.27772924847419667,
          "stddevserv": 0.27772924847419667,
          "rate": 3.600629049672844,
          "cv": 1.0,
          "lambda": 0.375
        },
        "MS3_4": {
          "meanserv": 0.8098198814465363,
          "stddevserv": 0.8098198814465363,
          "rate": 1.2348424914114922,
          "cv": 1.0,
          "lambda": 0.375
        },
        "MS3_5": {
          "meanserv": 0.061170854819523335,
          "stddevserv": 0.061170854819523335,
          "rate": 16.347654499031773,
          "cv": 1.0,
          "lambda": 0.375
        },
        "MS3_6": {
          "meanserv": 0.046841282463199185,
          "stddevserv": 0.046841282463199185,
          "rate": 21.348689604851216,
          "cv": 1.0,
          "lambda": 0.375
        },
        "MS3_7": {
          "meanserv": 0.1080685231248193,
          "stddevserv": 0.1080685231248193,
          "rate": 9.25338823077094,
          "cv": 1.0,
          "lambda": 0.375
        },
        "MS3_8": {
          "meanserv": 2.531359651496743,
          "stddevserv": 2.531359651496743,
          "rate": 0.3950446154139811,
          "cv": 1.0,
          "lambda": 0.375
        },
        "MS3_9": {
          "meanserv": 1.5498740489543827,
          "stddevserv": 1.5498740489543827,
          "rate": 0.6452137195758885,
          "cv": 1.0,
          "lambda": 0.375
        },
        "MS3_10": {
          "meanserv": 0.36677744716240035,
          "stddevserv": 0.36677744716240035,
          "rate": 2.726448988989292,
          "cv": 1.0,
          "lambda": 0.375
        }
      },
      "sensors": [
        "S3"
      ],
      "sources": [
        {
          "startTime": 0,
          "stopTime": -1,
          "lambda": 0.375
        }
      ]
    },
    "SC4": {
      "resptime": 26.59748550893627,
      "resptime_old": 16.59748550893627,
      "waittime": 9.268694376915855,
      "servicetime": 10.0,
      "networktime": 7.328791132020416,
      "services": {
        "MS4_1": {
          "meanserv": 1.240306890309556,
          "stddevserv": 1.240306890309556,
          "rate": 0.8062520718162098,
          "cv": 1.0,
          "lambda": 0.375
        },
        "MS4_2": {
          "meanserv": 1.2803260052485357,
          "stddevserv": 1.2803260052485357,
          "rate": 0.7810510728522466,
          "cv": 1.0,
          "lambda": 0.375
        },
        "MS4_3": {
          "meanserv": 0.7085481335796793,
          "stddevserv": 0.7085481335796793,
          "rate": 1.411336721681655,
          "cv": 1.0,
          "lambda": 0.375
        },
        "MS4_4": {
          "meanserv": 0.5557179238244556,
          "stddevserv": 0.5557179238244556,
          "rate": 1.7994740805155092,
          "cv": 1.0,
          "lambda": 0.375
        },
        "MS4_5": {
          "meanserv": 0.5518109439674408,
          "stddevserv": 0.5518109439674408,
          "rate": 1.8122148734676133,
          "cv": 1.0,
          "lambda": 0.375
        },
        "MS4_6": {
          "meanserv": 1.6542066852650743,
          "stddevserv": 1.6542066852650743,
          "rate": 0.6045193801400685,
          "cv": 1.0,
          "lambda": 0.375
        },
        "MS4_7": {
          "meanserv": 1.0397926637085808,
          "stddevserv": 1.0397926637085808,
          "rate": 0.9617301938189734,
          "cv": 1.0,
          "lambda": 0.375
        },
        "MS4_8": {
          "meanserv": 0.5732104436071639,
          "stddevserv": 0.5732104436071639,
          "rate": 1.7445599799387572,
          "cv": 1.0,
          "lambda": 0.375
        },
        "MS4_9": {
          "meanserv": 1.0663053428737213,
          "stddevserv": 1.0663053428737213,
          "rate": 0.9378176773502545,
          "cv": 1.0,
          "lambda": 0.375
        },
        "MS4_10": {
          "meanserv": 1.3297749676157924,
          "stddevserv": 1.3297749676157924,
          "rate": 0.7520069367773862,
          "cv": 1.0,
          "lambda": 0.375
        }
      },
      "sensors": [
        "S4"
      ],
      "sources": [
        {
          "startTime": 0,
          "stopTime": -1,
          "lambda": 0.375
        }
      ]
    }
  },
  "microservice": {
    "MS1_1": "F21",
    "MS1_2": "F21",
    "MS1_3": "F23",
    "MS1_4": "F12",
    "MS1_5": "F12",
    "MS1_6": "F12",
    "MS1_7": "F12",
    "MS1_8": "F1",
    "MS1_9": "F14",
    "MS1_10": "F9",
    "MS2_1": "F13",
    "MS2_2": "F13",
    "MS2_3": "F5",
    "MS2_4": "F25",
    "MS2_5": "F16",
    "MS2_6": "F21",
    "MS2_7": "F21",
    "MS2_8": "F11",
    "MS2_9": "F4",
    "MS2_10": "F4",
    "MS3_1": "F15",
    "MS3_2": "F6",
    "MS3_3": "F10",
    "MS3_4": "F10",
    "MS3_5": "F25",
    "MS3_6": "F25",
    "MS3_7": "F25",
    "MS3_8": "F22",
    "MS3_9": "F8",
    "MS3_10": "F19",
    "MS4_1": "F17",
    "MS4_2": "F7",
    "MS4_3": "F3",
    "MS4_4": "F3",
    "MS4_5": "F25",
    "MS4_6": "F20",
    "MS4_7": "F2",
    "MS4_8": "F19",
    "MS4_9": "F18",
    "MS4_10": "F24"
  },
  "sensor": {
    "S1": "F21",
    "S2": "F13",
    "S3": "F15",
    "S4": "F17"
  },
  "fog": {
    "F1": {
      "rho": 0.7205317882234639,
      "capacity": 1.0,
      "tserv": 1.9214181019292367,
      "stddev": 1.9214181019292365,
      "mu": 0.5204489324816555,
      "cv": 0.9999999999999999,
      "lambda": 0.375,
      "twait": 4.953847208980649
    },
    "F2": {
      "rho": 0.3899222488907178,
      "capacity": 1.0,
      "tserv": 1.0397926637085808,
      "stddev": 1.0397926637085808,
      "mu": 0.9617301938189734,
      "cv": 1.0,
      "lambda": 0.375,
      "twait": 0.6645682342555944
    },
    "F3": {
      "rho": 0.4740997715265506,
      "capacity": 1.0,
      "tserv": 0.6321330287020674,
      "stddev": 0.6413039080521508,
      "mu": 1.581945499752257,
      "cv": 1.0145078313166351,
      "lambda": 0.75,
      "twait": 0.5781963178734012
    },
    "F4": {
      "rho": 0.3747088394760998,
      "capacity": 1.0,
      "tserv": 0.49961178596813305,
      "stddev": 0.5853685212323304,
      "mu": 2.001554062745396,
      "cv": 1.1716467418758356,
      "lambda": 0.75,
      "twait": 0.35519547515578237
    },
    "F5": {
      "rho": 0.8476879617052822,
      "capacity": 1.0,
      "tserv": 2.2605012312140857,
      "stddev": 2.2605012312140857,
      "mu": 0.4423797634752506,
      "cv": 1.0,
      "lambda": 0.375,
      "twait": 12.580750035085062
    },
    "F6": {
      "rho": 0.6667181163090085,
      "capacity": 1.0,
      "tserv": 1.7779149768240226,
      "stddev": 1.7779149768240226,
      "mu": 0.5624565927142081,
      "cv": 1.0,
      "lambda": 0.375,
      "twait": 3.5566533385436654
    },
    "F7": {
      "rho": 0.4801222519682009,
      "capacity": 1.0,
      "tserv": 1.2803260052485357,
      "stddev": 1.2803260052485357,
      "mu": 0.7810510728522466,
      "cv": 1.0,
      "lambda": 0.375,
      "twait": 1.1824183805146777
    },
    "F8": {
      "rho": 0.5812027683578935,
      "capacity": 1.0,
      "tserv": 1.5498740489543827,
      "stddev": 1.5498740489543827,
      "mu": 0.6452137195758885,
      "cv": 1.0,
      "lambda": 0.375,
      "twait": 2.150900292072938
    },
    "F9": {
      "rho": 0.8160330533602289,
      "capacity": 1.0,
      "tserv": 2.1760881422939438,
      "stddev": 2.1760881422939438,
      "mu": 0.45954020913226457,
      "cv": 1.0,
      "lambda": 0.375,
      "twait": 9.65260272876226
    },
    "F10": {
      "rho": 0.40783092372027485,
      "capacity": 1.0,
      "tserv": 0.5437745649603665,
      "stddev": 0.661249573418606,
      "mu": 1.8389973794984067,
      "cv": 1.2160362327112557,
      "lambda": 0.75,
      "twait": 0.4641464354543789
    },
    "F11": {
      "rho": 0.521199048891835,
      "capacity": 1.0,
      "tserv": 1.3898641303782266,
      "stddev": 1.3898641303782266,
      "mu": 0.7194947895575,
      "cv": 1.0,
      "lambda": 0.375,
      "twait": 1.5129373932224337
    },
    "F12": {
      "rho": 0.4496695174778057,
      "capacity": 1.0,
      "tserv": 0.29977967831853713,
      "stddev": 0.3890883947701542,
      "mu": 3.3357831511762086,
      "cv": 1.2979145115924777,
      "lambda": 1.5,
      "twait": 0.3287901208541332
    },
    "F13": {
      "rho": 0.4215740656456535,
      "capacity": 1.0,
      "tserv": 0.5620987541942046,
      "stddev": 0.9425918983206723,
      "mu": 1.7790468179093328,
      "cv": 1.6769151172945094,
      "lambda": 0.75,
      "twait": 0.780848349402892
    },
    "F14": {
      "rho": 0.7762531025148811,
      "capacity": 1.0,
      "tserv": 2.0700082733730163,
      "stddev": 2.0700082733730163,
      "mu": 0.4830898566267709,
      "cv": 1.0,
      "lambda": 0.375,
      "twait": 7.181553632689568
    },
    "F15": {
      "rho": 0.9264165319628163,
      "capacity": 1.0,
      "tserv": 2.4704440852341767,
      "stddev": 2.4704440852341767,
      "mu": 0.40478552256130446,
      "cv": 1.0,
      "lambda": 0.375,
      "twait": 31.102913506253543
    },
    "F16": {
      "rho": 1.1353677436849643,
      "capacity": 1.0,
      "tserv": 3.0276473164932383,
      "stddev": 3.0276473164932383,
      "mu": 0.3302894609132501,
      "cv": 1.0,
      "lambda": 0.375,
      "twait": 3434.0556092983607
    },
    "F17": {
      "rho": 0.46511508386608347,
      "capacity": 1.0,
      "tserv": 1.240306890309556,
      "stddev": 1.2403068903095562,
      "mu": 0.8062520718162098,
      "cv": 1.0000000000000002,
      "lambda": 0.375,
      "twait": 1.0785225492535266
    },
    "F18": {
      "rho": 0.39986450357764547,
      "capacity": 1.0,
      "tserv": 1.0663053428737213,
      "stddev": 1.0663053428737213,
      "mu": 0.9378176773502545,
      "cv": 1.0,
      "lambda": 0.375,
      "twait": 0.7104689843080401
    },
    "F19": {
      "rho": 0.3524954590385866,
      "capacity": 1.0,
      "tserv": 0.4699939453847821,
      "stddev": 0.4921398172358496,
      "mu": 2.12768698367232,
      "cv": 1.0471194832795916,
      "lambda": 0.75,
      "twait": 0.26820038264887214
    },
    "F20": {
      "rho": 0.6203275069744029,
      "capacity": 1.0,
      "tserv": 1.6542066852650743,
      "stddev": 1.6542066852650743,
      "mu": 0.6045193801400685,
      "cv": 1.0,
      "lambda": 0.375,
      "twait": 2.702723868441247
    },
    "F21": {
      "rho": 0.5209752079315048,
      "capacity": 1.0,
      "tserv": 0.3473168052876699,
      "stddev": 0.4680074413249788,
      "mu": 2.8792157038636135,
      "cv": 1.3474943745879076,
      "lambda": 1.5,
      "twait": 0.5317990853418382
    },
    "F22": {
      "rho": 0.9492598693112785,
      "capacity": 1.0,
      "tserv": 2.531359651496743,
      "stddev": 2.531359651496743,
      "mu": 0.3950446154139811,
      "cv": 1.0,
      "lambda": 0.375,
      "twait": 47.357350076628016
    },
    "F23": {
      "rho": 0.881982490758094,
      "capacity": 1.0,
      "tserv": 2.3519533086882505,
      "stddev": 2.351953308688251,
      "mu": 0.4251785085638999,
      "cv": 1.0000000000000002,
      "lambda": 0.375,
      "twait": 17.57689728133176
    },
    "F24": {
      "rho": 0.4986656128559222,
      "capacity": 1.0,
      "tserv": 1.3297749676157924,
      "stddev": 1.3297749676157924,
      "mu": 0.7520069367773862,
      "cv": 1.0,
      "lambda": 0.375,
      "twait": 1.3226961209744865
    },
    "F25": {
      "rho": 0.3219765319708054,
      "capacity": 1.0,
      "tserv": 0.1717208170510962,
      "stddev": 0.3203864912636117,
      "mu": 5.823405788375943,
      "cv": 1.8657405477419748,
      "lambda": 1.875,
      "twait": 0.1827032207726089
    }
  },
  "extra": {
    "conv_gen": 16,
    "max_gen": 600,
    "population": 600,
    "deltatime": 82.8719349,
    "obj_func": 912.8888738813636
  },
  "network": [
    [
      0.0,
      1.1612152432727885,
      1.231242604336918,
      1.2790390371380636,
      0.9811617859111899,
      0.895591897403371,
      1.1056422737021525,
      1.0005018593035704,
      0.9947655119982868,
      1.4037236587781172,
      0.9961146320763069,
      0.9907198276040731,
      0.9516080047057842,
      1.194634061037218,
      0.9150822896630318,
      1.0038360075854693,
      1.2613888169068899,
      1.0125386353807597,
      1.3453219274810435,
      1.34514725883688,
      0.9610706246837151,
      1.4592609447161224,
      0.9643822040604054,
      1.024894243304442,
      1.024894243304442
    ],
    [
      1.1612152432727885,
      0.0,
      0.6742358972618473,
      1.034915914923612,
      1.106713672212671,
      0.8206015279300137,
      1.0514014054232583,
      0.8821798502038168,
      1.262227051314765,
      1.0964871361265989,
      1.1329567008504253,
      1.2050333829423867,
      1.1013266378033624,
      0.8950254218033139,
      0.9611208619537056,
      1.0043494303662097,
      0.8603210903238757,
      1.1195958033891853,
      0.7927535294058775,
      0.7275763467427593,
      0.9008087441004694,
      1.471130497762273,
      1.024894243304442,
      1.0052335870693914,
      1.0052335870693914
    ],
    [
      1.231242604336918,
      0.6742358972618473,
      0.0,
      0.6771775766872826,
      1.2824730594103957,
      1.1933987280065401,
      0.9501943666174171,
      0.8810945762431293,
      0.7758784897483244,
      0.5493969541157677,
      0.870858929745728,
      1.1668357450403168,
      1.0178447729659317,
      1.2365778639122695,
      0.9257600292975534,
      1.1886996248687836,
      1.1456066215471754,
      1.1172101765351097,
      0.8572795723660752,
      0.8592384358409408,
      1.0111979824090354,
      0.9643822040604054,
      1.0052335870693914,
      1.1208144910356652,
      1.1208144910356652
    ],
    [
      1.2790390371380636,
      1.034915914923612,
      0.6771775766872826,
      0.0,
      1.1691622660137353,
      1.1428484264107897,
      1.1831678219313548,
      1.0210001506970936,
      1.0506877305418347,
      1.1497356789810005,
      1.0751500475031004,
      1.0619909304957853,
      0.571118745086546,
      0.9001550715899761,
      0.8084403017399968,
      0.6944599325129756,
      0.9937604089957258,
      1.138303570896363,
      1.379061076311505,
      1.1126237349732175,
      1.4592609447161224,
      1.024894243304442,
      1.1208144910356652,
      0.5896384525190503,
      0.5896384525190503
    ],
    [
      0.9811617859111899,
      1.106713672212671,
      1.2824730594103957,
      1.1691622660137353,
      0.0,
      1.0863886150214774,
      1.2739345331582712,
      1.1266831144397984,
      0.972826447768498,
      1.3606777013630622,
      1.3634431704854444,
      0.9370864420135206,
      1.121294239808853,
      0.8551049878784278,
      1.1655413100115801,
      0.9126995781476076,
      1.2721168213048202,
      1.2962223602994072,
      1.0476463542130934,
      0.9610706246837151,
      1.471130497762273,
      1.0052335870693914,
      0.5896384525190503,
      0.7969540702282801,
      0.7969540702282801
    ],
    [
      0.895591897403371,
      0.8206015279300137,
      1.1933987280065401,
      1.1428484264107897,
      1.0863886150214774,
      0.0,
      1.146839475584233,
      0.975973682450452,
      0.9064475961477291,
      0.6418721964414454,
      0.6750239590504108,
      0.5877249638994851,
      1.5379385973195354,
      0.9707474203769226,
      1.1184317756217261,
      0.9316902190553905,
      1.3398876027964275,
      0.779050047411577,
      1.34514725883688,
      0.9008087441004694,
      0.9643822040604054,
      1.1208144910356652,
      0.7969540702282801,
      1.281839657867398,
      1.281839657867398
    ],
    [
      1.1056422737021525,
      1.0514014054232583,
      0.9501943666174171,
      1.1831678219313548,
      1.2739345331582712,
      1.146839475584233,
      0.0,
      1.0626391936048796,
      1.277811623985976,
      0.8100088986987859,
      1.1600395734150066,
      1.0395294705264084,
      1.2232740678733138,
      0.858173790194586,
      0.9976480895157904,
      1.0740445831609335,
      0.9035762140311859,
      1.3453219274810435,
      0.7275763467427593,
      1.0111979824090354,
      1.024894243304442,
      0.5896384525190503,
      1.281839657867398,
      0.7332538495649968,
      0.7332538495649968
    ],
    [
      1.0005018593035704,
      0.8821798502038168,
      0.8810945762431293,
      1.0210001506970936,
      1.1266831144397984,
      0.975973682450452,
      1.0626391936048796,
      0.0,
      0.9270987230587822,
      0.874618750325021,
      0.9268378385987236,
      1.1431933002149794,
      1.259195703842593,
      1.0772752520594495,
      0.7933008838203538,
      1.0479258257387591,
      1.0125386353807597,
      0.7927535294058775,
      0.8592384358409408,
      1.4592609447161224,
      1.0052335870693914,
      0.7969540702282801,
      0.7332538495649968,
      1.0287678109582785,
      1.0287678109582785
    ],
    [
      0.9947655119982868,
      1.262227051314765,
      0.7758784897483244,
      1.0506877305418347,
      0.972826447768498,
      0.9064475961477291,
      1.277811623985976,
      0.9270987230587822,
      0.0,
      0.689649975232336,
      1.0268758474109305,
      0.9306985897466206,
      1.0932001264571636,
      0.959588842484349,
      0.9792164526485916,
      1.2613888169068899,
      1.1195958033891853,
      0.8572795723660752,
      1.1126237349732175,
      1.471130497762273,
      1.1208144910356652,
      1.281839657867398,
      1.0287678109582785,
      1.1385198840824915,
      1.1385198840824915
    ],
    [
      1.4037236587781172,
      1.0964871361265989,
      0.5493969541157677,
      1.1497356789810005,
      1.3606777013630622,
      0.6418721964414454,
      0.8100088986987859,
      0.874618750325021,
      0.689649975232336,
      0.0,
      0.8845314542607492,
      0.5211298698977036,
      0.7991838454301122,
      1.1345485668300315,
      1.0038360075854693,
      0.8603210903238757,
      1.1172101765351097,
      1.379061076311505,
      0.9610706246837151,
      0.9643822040604054,
      0.5896384525190503,
      0.7332538495649968,
      1.1385198840824915,
      0.8054136770067291,
      0.8054136770067291
    ],
    [
      0.9961146320763069,
      1.1329567008504253,
      0.870858929745728,
      1.0751500475031004,
      1.3634431704854444,
      0.6750239590504108,
      1.1600395734150066,
      0.9268378385987236,
      1.0268758474109305,
      0.8845314542607492,
      0.0,
      1.2188720009930756,
      0.8591243495291655,
      0.9150822896630318,
      1.0043494303662097,
      1.1456066215471754,
      1.138303570896363,
      1.0476463542130934,
      0.9008087441004694,
      1.024894243304442,
      0.7969540702282801,
      1.0287678109582785,
      0.8054136770067291,
      0.9441780402305692,
      0.9441780402305692
    ],
    [
      0.9907198276040731,
      1.2050333829423867,
      1.1668357450403168,
      1.0619909304957853,
      0.9370864420135206,
      0.5877249638994851,
      1.0395294705264084,
      1.1431933002149794,
      0.9306985897466206,
      0.5211298698977036,
      1.2188720009930756,
      0.0,
      1.194634061037218,
      0.9611208619537056,
      1.1886996248687836,
      0.9937604089957258,
      1.2962223602994072,
      1.34514725883688,
      1.0111979824090354,
      1.0052335870693914,
      1.281839657867398,
      1.1385198840824915,
      0.9441780402305692,
      1.0303038909367628,
      1.0303038909367628
    ],
    [
      0.9516080047057842,
      1.1013266378033624,
      1.0178447729659317,
      0.571118745086546,
      1.121294239808853,
      1.5379385973195354,
      1.2232740678733138,
      1.259195703842593,
      1.0932001264571636,
      0.7991838454301122,
      0.8591243495291655,
      1.194634061037218,
      0.0,
      0.9257600292975534,
      0.6944599325129756,
      1.2721168213048202,
      0.779050047411577,
      0.7275763467427593,
      1.4592609447161224,
      1.1208144910356652,
      0.7332538495649968,
      0.8054136770067291,
      1.0303038909367628,
      1.078995178420438,
      1.078995178420438
    ],
    [
      1.194634061037218,
      0.8950254218033139,
      1.2365778639122695,
      0.9001550715899761,
      0.8551049878784278,
      0.9707474203769226,
      0.858173790194586,
      1.0772752520594495,
      0.959588842484349,
      1.1345485668300315,
      0.9150822896630318,
      0.9611208619537056,
      0.9257600292975534,
      0.0,
      0.9126995781476076,
      1.3398876027964275,
      1.3453219274810435,
      0.8592384358409408,
      1.471130497762273,
      0.5896384525190503,
      1.0287678109582785,
      0.9441780402305692,
      1.078995178420438,
      0.8706804095493622,
      0.8706804095493622
    ],
    [
      0.9150822896630318,
      0.9611208619537056,
      0.9257600292975534,
      0.8084403017399968,
      1.1655413100115801,
      1.1184317756217261,
      0.9976480895157904,
      0.7933008838203538,
      0.9792164526485916,
      1.0038360075854693,
      1.0043494303662097,
      1.1886996248687836,
      0.6944599325129756,
      0.9126995781476076,
      0.0,
      0.9035762140311859,
      0.7927535294058775,
      1.1126237349732175,
      0.9643822040604054,
      0.7969540702282801,
      1.1385198840824915,
      1.0303038909367628,
      0.8706804095493622,
      1.0908553971390995,
      1.0908553971390995
    ],
    [
      1.0038360075854693,
      1.0043494303662097,
      1.1886996248687836,
      0.6944599325129756,
      0.9126995781476076,
      0.9316902190553905,
      1.0740445831609335,
      1.0479258257387591,
      1.2613888169068899,
      0.8603210903238757,
      1.1456066215471754,
      0.9937604089957258,
      1.2721168213048202,
      1.3398876027964275,
      0.9035762140311859,
      0.0,
      0.8572795723660752,
      0.9610706246837151,
      1.024894243304442,
      1.281839657867398,
      0.8054136770067291,
      1.078995178420438,
      1.0908553971390995,
      0.9970889619214479,
      0.9970889619214479
    ],
    [
      1.2613888169068899,
      0.8603210903238757,
      1.1456066215471754,
      0.9937604089957258,
      1.2721168213048202,
      1.3398876027964275,
      0.9035762140311859,
      1.0125386353807597,
      1.1195958033891853,
      1.1172101765351097,
      1.138303570896363,
      1.2962223602994072,
      0.779050047411577,
      1.3453219274810435,
      0.7927535294058775,
      0.8572795723660752,
      0.0,
      0.9008087441004694,
      1.0052335870693914,
      0.7332538495649968,
      0.9441780402305692,
      0.8706804095493622,
      0.9970889619214479,
      0.9585843793323204,
      0.9585843793323204
    ],
    [
      1.0125386353807597,
      1.1195958033891853,
      1.1172101765351097,
      1.138303570896363,
      1.2962223602994072,
      0.779050047411577,
      1.3453219274810435,
      0.7927535294058775,
      0.8572795723660752,
      1.379061076311505,
      1.0476463542130934,
      1.34514725883688,
      0.7275763467427593,
      0.8592384358409408,
      1.1126237349732175,
      0.9610706246837151,
      0.9008087441004694,
      0.0,
      1.1208144910356652,
      1.0287678109582785,
      1.0303038909367628,
      1.0908553971390995,
      0.9585843793323204,
      0.813674832972793,
      0.813674832972793
    ],
    [
      1.3453219274810435,
      0.7927535294058775,
      0.8572795723660752,
      1.379061076311505,
      1.0476463542130934,
      1.34514725883688,
      0.7275763467427593,
      0.8592384358409408,
      1.1126237349732175,
      0.9610706246837151,
      0.9008087441004694,
      1.0111979824090354,
      1.4592609447161224,
      1.471130497762273,
      0.9643822040604054,
      1.024894243304442,
      1.0052335870693914,
      1.1208144910356652,
      0.0,
      1.1385198840824915,
      1.078995178420438,
      0.9970889619214479,
      0.813674832972793,
      1.0072325995928635,
      1.0072325995928635
    ],
    [
      1.34514725883688,
      0.7275763467427593,
      0.8592384358409408,
      1.1126237349732175,
      0.9610706246837151,
      0.9008087441004694,
      1.0111979824090354,
      1.4592609447161224,
      1.471130497762273,
      0.9643822040604054,
      1.024894243304442,
      1.0052335870693914,
      1.1208144910356652,
      0.5896384525190503,
      0.7969540702282801,
      1.281839657867398,
      0.7332538495649968,
      1.0287678109582785,
      1.1385198840824915,
      0.0,
      0.8706804095493622,
      0.9585843793323204,
      1.0072325995928635,
      0.8993868601790529,
      0.8993868601790529
    ],
    [
      0.9610706246837151,
      0.9008087441004694,
      1.0111979824090354,
      1.4592609447161224,
      1.471130497762273,
      0.9643822040604054,
      1.024894243304442,
      1.0052335870693914,
      1.1208144910356652,
      0.5896384525190503,
      0.7969540702282801,
      1.281839657867398,
      0.7332538495649968,
      1.0287678109582785,
      1.1385198840824915,
      0.8054136770067291,
      0.9441780402305692,
      1.0303038909367628,
      1.078995178420438,
      0.8706804095493622,
      0.0,
      0.813674832972793,
      0.8993868601790529,
      1.1938600972778683,
      1.1938600972778683
    ],
    [
      1.4592609447161224,
      1.471130497762273,
      0.9643822040604054,
      1.024894243304442,
      1.0052335870693914,
      1.1208144910356652,
      0.5896384525190503,
      0.7969540702282801,
      1.281839657867398,
      0.7332538495649968,
      1.0287678109582785,
      1.1385198840824915,
      0.8054136770067291,
      0.9441780402305692,
      1.0303038909367628,
      1.078995178420438,
      0.8706804095493622,
      1.0908553971390995,
      0.9970889619214479,
      0.9585843793323204,
      0.813674832972793,
      0.0,
      1.1938600972778683,
      0.8309717606672716,
      0.8309717606672716
    ],
    [
      0.9643822040604054,
      1.024894243304442,
      1.0052335870693914,
      1.1208144910356652,
      0.5896384525190503,
      0.7969540702282801,
      1.281839657867398,
      0.7332538495649968,
      1.0287678109582785,
      1.1385198840824915,
      0.8054136770067291,
      0.9441780402305692,
      1.0303038909367628,
      1.078995178420438,
      0.8706804095493622,
      1.0908553971390995,
      0.9970889619214479,
      0.9585843793323204,
      0.813674832972793,
      1.0072325995928635,
      0.8993868601790529,
      1.1938600972778683,
      0.0,
      1.0649762643631022,
      1.0649762643631022
    ],
    [
      1.024894243304442,
      1.0052335870693914,
      1.1208144910356652,
      0.5896384525190503,
      0.7969540702282801,
      1.281839657867398,
      0.7332538495649968,
      1.0287678109582785,
      1.1385198840824915,
      0.8054136770067291,
      0.9441780402305692,
      1.0303038909367628,
      1.078995178420438,
      0.8706804095493622,
      1.0908553971390995,
      0.9970889619214479,
      0.9585843793323204,
      0.813674832972793,
      1.0072325995928635,
      0.8993868601790529,
      1.1938600972778683,
      0.8309717606672716,
      1.0649762643631022,
      0.0,
      0.7299954883215745
    ],
    [
      1.024894243304442,
      1.0052335870693914,
      1.1208144910356652,
      0.5896384525190503,
      0.7969540702282801,
      1.281839657867398,
      0.7332538495649968,
      1.0287678109582785,
      1.1385198840824915,
      0.8054136770067291,
      0.9441780402305692,
      1.0303038909367628,
      1.078995178420438,
      0.8706804095493622,
      1.0908553971390995,
      0.9970889619214479,
      0.9585843793323204,
      0.813674832972793,
      1.0072325995928635,
      0.8993868601790529,
      1.1938600972778683,
      0.8309717606672716,
      1.0649762643631022,
      0.7299954883215745,
      0.0
    ]
  ]
}