{
  "servicechain": {
    "SC1": {
      "resptime": 21.85460150380012,
      "resptime_old": 11.854601503800122,
      "waittime": 8.089029479074242,
      "servicetime": 10.0,
      "networktime": 3.765572024725877,
      "services": {
        "MS1_1": {
          "meanserv": 3.1950958194683343,
          "stddevserv": 3.1950958194683343,
          "rate": 0.31297965898449975,
          "cv": 1.0,
          "lambda": 0.125
        },
        "MS1_2": {
          "meanserv": 4.138543963269984,
          "stddevserv": 4.138543963269984,
          "rate": 0.24163087522450066,
          "cv": 1.0,
          "lambda": 0.125
        },
        "MS1_3": {
          "meanserv": 1.35621388178388,
          "stddevserv": 1.35621388178388,
          "rate": 0.7373468251811888,
          "cv": 1.0,
          "lambda": 0.125
        },
        "MS1_4": {
          "meanserv": 0.5535410007954624,
          "stddevserv": 0.5535410007954624,
          "rate": 1.8065509123316188,
          "cv": 1.0,
          "lambda": 0.125
        },
        "MS1_5": {
          "meanserv": 0.7566053346823391,
          "stddevserv": 0.7566053346823391,
          "rate": 1.3216930335547399,
          "cv": 1.0,
          "lambda": 0.125
        }
      },
      "sensors": [
        "S1"
      ],
      "sources": [
        {
          "startTime": 0,
          "stopTime": -1,
          "lambda": 0.125
        }
      ]
    },
    "SC2": {
      "resptime": 32.95857752028872,
      "resptime_old": 22.958577520288724,
      "waittime": 18.379108463760257,
      "servicetime": 10.0,
      "networktime": 4.579469056528464,
      "services": {
        "MS2_1": {
          "meanserv": 1.31612930390551,
          "stddevserv": 1.31612930390551,
          "rate": 0.7598037647460465,
          "cv": 1.0,
          "lambda": 0.125
        },
        "MS2_2": {
          "meanserv": 0.38806930853894195,
          "stddevserv": 0.38806930853894195,
          "rate": 2.5768592825981034,
          "cv": 1.0,
          "lambda": 0.125
        },
        "MS2_3": {
          "meanserv": 2.2918230629432403,
          "stddevserv": 2.2918230629432403,
          "rate": 0.436333858476738,
          "cv": 1.0,
          "lambda": 0.125
        },
        "MS2_4": {
          "meanserv": 5.4316425900280825,
          "stddevserv": 5.4316425900280825,
          "rate": 0.18410636992866458,
          "cv": 1.0,
          "lambda": 0.125
        },
        "MS2_5": {
          "meanserv": 0.5723357345842253,
          "stddevserv": 0.5723357345842253,
          "rate": 1.74722621631594,
          "cv": 1.0,
          "lambda": 0.125
        }
      },
      "sensors": [
        "S2"
      ],
      "sources": [
        {
          "startTime": 0,
          "stopTime": -1,
          "lambda": 0.125
        }
      ]
    },
    "SC3": {
      "resptime": 30.73209015292475,
      "resptime_old": 20.73209015292475,
      "waittime": 16.797545206495716,
      "servicetime": 10.0,
      "networktime": 3.9345449464290363,
      "services": {
        "MS3_1": {
          "meanserv": 5.518614432270567,
          "stddevserv": 5.518614432270567,
          "rate": 0.1812049042876442,
          "cv": 1.0,
          "lambda": 0.125
        },
        "MS3_2": {
          "meanserv": 0.616543775456921,
          "stddevserv": 0.616543775456921,
          "rate": 1.6219448477261804,
          "cv": 1.0,
          "lambda": 0.125
        },
        "MS3_3": {
          "meanserv": 2.647452397102966,
          "stddevserv": 2.647452397102966,
          "rate": 0.37772161686241174,
          "cv": 1.0,
          "lambda": 0.125
        },
        "MS3_4": {
          "meanserv": 0.2837078801771593,
          "stddevserv": 0.2837078801771593,
          "rate": 3.5247522887822407,
          "cv": 1.0,
          "lambda": 0.125
        },
        "MS3_5": {
          "meanserv": 0.9336815149923865,
          "stddevserv": 0.9336815149923865,
          "rate": 1.071029022148044,
          "cv": 1.0,
          "lambda": 0.125
        }
      },
      "sensors": [
        "S3"
      ],
      "sources": [
        {
          "startTime": 0,
          "stopTime": -1,
          "lambda": 0.125
        }
      ]
    },
    "SC4": {
      "resptime": 25.297615845556656,
      "resptime_old": 15.297615845556654,
      "waittime": 12.412041054386734,
      "servicetime": 10.0,
      "networktime": 2.8855747911699208,
      "services": {
        "MS4_1": {
          "meanserv": 3.1225571477410474,
          "stddevserv": 3.1225571477410474,
          "rate": 0.3202503437682255,
          "cv": 1.0,
          "lambda": 0.125
        },
        "MS4_2": {
          "meanserv": 0.20941675900714518,
          "stddevserv": 0.20941675900714518,
          "rate": 4.775167015004184,
          "cv": 1.0,
          "lambda": 0.125
        },
        "MS4_3": {
          "meanserv": 2.8790815517925106,
          "stddevserv": 2.8790815517925106,
          "rate": 0.34733298866695944,
          "cv": 1.0,
          "lambda": 0.125
        },
        "MS4_4": {
          "meanserv": 1.7491470146786652,
          "stddevserv": 1.7491470146786652,
          "rate": 0.5717072330730928,
          "cv": 1.0,
          "lambda": 0.125
        },
        "MS4_5": {
          "meanserv": 2.0397975267806316,
          "stddevserv": 2.0397975267806316,
          "rate": 0.49024473599508595,
          "cv": 1.0,
          "lambda": 0.125
        }
      },
      "sensors": [
        "S4"
      ],
      "sources": [
        {
          "startTime": 0,
          "stopTime": -1,
          "lambda": 0.125
        }
      ]
    }
  },
  "microservice": {
    "MS1_1": "F5",
    "MS1_2": "F7",
    "MS1_3": "F6",
    "MS1_4": "F6",
    "MS1_5": "F6",
    "MS2_1": "F2",
    "MS2_2": "F2",
    "MS2_3": "F4",
    "MS2_4": "F9",
    "MS2_5": "F2",
    "MS3_1": "F8",
    "MS3_2": "F10",
    "MS3_3": "F10",
    "MS3_4": "F2",
    "MS3_5": "F2",
    "MS4_1": "F1",
    "MS4_2": "F1",
    "MS4_3": "F4",
    "MS4_4": "F3",
    "MS4_5": "F3"
  },
  "sensor": {
    "S1": "F5",
    "S2": "F2",
    "S3": "F8",
    "S4": "F1"
  },
  "fog": {
    "F1": {
      "rho": 0.41649673834352413,
      "capacity": 1.0,
      "tserv": 1.6659869533740963,
      "stddev": 2.6492840525411876,
      "mu": 0.6002447966202353,
      "cv": 1.590218967306818,
      "lambda": 0.25,
      "twait": 2.098149908377865
    },
    "F2": {
      "rho": 0.4367404677747778,
      "capacity": 1.0,
      "tserv": 0.6987847484396446,
      "stddev": 0.8813315714290988,
      "mu": 1.4310558469299106,
      "cv": 1.261234698377538,
      "lambda": 0.625,
      "twait": 0.7018553343717022
    },
    "F3": {
      "rho": 0.4736180676824121,
      "capacity": 1.0,
      "tserv": 1.8944722707296484,
      "stddev": 1.9055875851443087,
      "mu": 0.5278514842631368,
      "cv": 1.0058672352118299,
      "lambda": 0.25,
      "twait": 1.7146032153472952
    },
    "F4": {
      "rho": 0.6463630768419688,
      "capacity": 1.0,
      "tserv": 2.5854523073678752,
      "stddev": 2.6185873863662894,
      "mu": 0.38677951906142566,
      "cv": 1.012815969919069,
      "lambda": 0.25,
      "twait": 4.786534806936411
    },
    "F5": {
      "rho": 0.3993869774335418,
      "capacity": 1.0,
      "tserv": 3.1950958194683343,
      "stddev": 3.1950958194683343,
      "mu": 0.31297965898449975,
      "cv": 1.0,
      "lambda": 0.125,
      "twait": 2.1246286943550317
    },
    "F6": {
      "rho": 0.3332950271577102,
      "capacity": 1.0,
      "tserv": 0.8887867390872272,
      "stddev": 1.0110267269163418,
      "mu": 1.1251292982014869,
      "cv": 1.13753579171833,
      "lambda": 0.375,
      "twait": 0.509628598086388
    },
    "F7": {
      "rho": 0.517317995408748,
      "capacity": 1.0,
      "tserv": 4.138543963269984,
      "stddev": 4.138543963269984,
      "mu": 0.24163087522450066,
      "cv": 1.0,
      "lambda": 0.125,
      "twait": 4.435514990460047
    },
    "F8": {
      "rho": 0.6898268040338209,
      "capacity": 1.0,
      "tserv": 5.518614432270567,
      "stddev": 5.518614432270567,
      "mu": 0.1812049042876442,
      "cv": 1.0,
      "lambda": 0.125,
      "twait": 12.273427252957159
    },
    "F9": {
      "rho": 0.6789553237535103,
      "capacity": 1.0,
      "tserv": 5.4316425900280825,
      "stddev": 5.4316425900280825,
      "mu": 0.18410636992866458,
      "cv": 1.0,
      "lambda": 0.125,
      "twait": 11.48700765370874
    },
    "F10": {
      "rho": 0.40799952156998587,
      "capacity": 1.0,
      "tserv": 1.6319980862799435,
      "stddev": 2.1738704350442593,
      "mu": 0.6127458165587982,
      "cv": 1.3320300148142246,
      "lambda": 0.25,
      "twait": 1.5602036423975738
    }
  },
  "extra": {
    "conv_gen": 35,
    "max_gen": 600,
    "population": 600,
    "deltatime": 37.6145377,
    "obj_func": 27.71072125564256
  },
  "network": [
    [
      0.0,
      2.171243547628192,
      1.928503593286052,
      1.652898189096345,
      2.186200303486083,
      2.3020850884441924,
      2.7018141536526388,
      2.0315491563663266,
      2.3893909364689847,
      2.3893909364689847
    ],
    [
      2.171243547628192,
      0.0,
      2.200255884420192,
      0.9845083343377977,
      1.6299488948025933,
      1.8825839071508799,
      2.30185605868484,
      2.3893909364689847,
      1.812502714853671,
      1.812502714853671
    ],
    [
      1.928503593286052,
      2.200255884420192,
      0.0,
      1.2326766020735758,
      1.82229050767147,
      2.0413426467416316,
      2.0315491563663266,
      1.812502714853671,
      1.9530693098722063,
      1.9530693098722063
    ],
    [
      1.652898189096345,
      0.9845083343377977,
      1.2326766020735758,
      0.0,
      2.023010080486175,
      2.7018141536526388,
      2.3893909364689847,
      1.9530693098722063,
      1.782458007336995,
      1.782458007336995
    ],
    [
      2.186200303486083,
      1.6299488948025933,
      1.82229050767147,
      2.023010080486175,
      0.0,
      2.30185605868484,
      1.812502714853671,
      1.782458007336995,
      2.5997017514902416,
      2.5997017514902416
    ],
    [
      2.3020850884441924,
      1.8825839071508799,
      2.0413426467416316,
      2.7018141536526388,
      2.30185605868484,
      0.0,
      1.9530693098722063,
      2.5997017514902416,
      2.1835829582814803,
      2.1835829582814803
    ],
    [
      2.7018141536526388,
      2.30185605868484,
      2.0315491563663266,
      2.3893909364689847,
      1.812502714853671,
      1.9530693098722063,
      0.0,
      2.1835829582814803,
      2.2558600300510077,
      2.2558600300510077
    ],
    [
      2.0315491563663266,
      2.3893909364689847,
      1.812502714853671,
      1.9530693098722063,
      1.782458007336995,
      2.5997017514902416,
      2.1835829582814803,
      0.0,
      2.1220422315753655,
      2.1220422315753655
    ],
    [
      2.3893909364689847,
      1.812502714853671,
      1.9530693098722063,
      1.782458007336995,
      2.5997017514902416,
      2.1835829582814803,
      2.2558600300510077,
      2.1220422315753655,
      0.0,
      2.4472434297406864
    ],
    [
      2.3893909364689847,
      1.812502714853671,
      1.9530693098722063,
      1.782458007336995,
      2.5997017514902416,
      2.1835829582814803,
      2.2558600300510077,
      2.1220422315753655,
      2.4472434297406864,
      0.0
    ]
  ]
}