{
  "servicechain": {
    "SC1": {
      "resptime": 13.375698876218621,
      "resptime_old": 3.375698876218622,
      "waittime": 1.7543667389162152,
      "servicetime": 10.0,
      "networktime": 1.6213321373024066,
      "services": {
        "MS1_1": {
          "meanserv": 2.992831606704419,
          "stddevserv": 2.992831606704419,
          "rate": 0.3341317292158506,
          "cv": 1.0,
          "lambda": 0.025
        },
        "MS1_2": {
          "meanserv": 1.8290658066617516,
          "stddevserv": 1.8290658066617516,
          "rate": 0.5467271851881104,
          "cv": 1.0,
          "lambda": 0.025
        },
        "MS1_3": {
          "meanserv": 0.5000486790711323,
          "stddevserv": 0.5000486790711323,
          "rate": 1.9998053026708411,
          "cv": 1.0,
          "lambda": 0.025
        },
        "MS1_4": {
          "meanserv": 3.064520970306928,
          "stddevserv": 3.064520970306928,
          "rate": 0.32631527396591603,
          "cv": 1.0,
          "lambda": 0.025
        },
        "MS1_5": {
          "meanserv": 1.6135329372557692,
          "stddevserv": 1.6135329372557692,
          "rate": 0.6197580333877529,
          "cv": 1.0,
          "lambda": 0.025
        }
      },
      "sensors": [
        "S1"
      ],
      "sources": [
        {
          "startTime": 0,
          "stopTime": -1,
          "lambda": 0.025
        }
      ]
    },
    "SC2": {
      "resptime": 14.050193120865591,
      "resptime_old": 4.050193120865592,
      "waittime": 2.3098059852498567,
      "servicetime": 10.0,
      "networktime": 1.7403871356157359,
      "services": {
        "MS2_1": {
          "meanserv": 1.121761141106773,
          "stddevserv": 1.121761141106773,
          "rate": 0.8914553761537517,
          "cv": 1.0,
          "lambda": 0.025
        },
        "MS2_2": {
          "meanserv": 5.1584437390058895,
          "stddevserv": 5.1584437390058895,
          "rate": 0.19385691704620883,
          "cv": 1.0,
          "lambda": 0.025
        },
        "MS2_3": {
          "meanserv": 0.15701143901044734,
          "stddevserv": 0.15701143901044734,
          "rate": 6.368962709356873,
          "cv": 1.0,
          "lambda": 0.025
        },
        "MS2_4": {
          "meanserv": 2.668167756872297,
          "stddevserv": 2.668167756872297,
          "rate": 0.3747890279478637,
          "cv": 1.0,
          "lambda": 0.025
        },
        "MS2_5": {
          "meanserv": 0.8946159240045937,
          "stddevserv": 0.8946159240045937,
          "rate": 1.1177981222642144,
          "cv": 1.0,
          "lambda": 0.025
        }
      },
      "sensors": [
        "S2"
      ],
      "sources": [
        {
          "startTime": 0,
          "stopTime": -1,
          "lambda": 0.025
        }
      ]
    },
    "SC3": {
      "resptime": 13.885552234911021,
      "resptime_old": 3.8855522349110196,
      "waittime": 2.5543115685674187,
      "servicetime": 10.0,
      "networktime": 1.331240666343601,
      "services": {
        "MS3_1": {
          "meanserv": 1.902778157381857,
          "stddevserv": 1.902778157381857,
          "rate": 0.5255473404088042,
          "cv": 1.0,
          "lambda": 0.025
        },
        "MS3_2": {
          "meanserv": 5.880790496484053,
          "stddevserv": 5.880790496484053,
          "rate": 0.17004516664857722,
          "cv": 1.0,
          "lambda": 0.025
        },
        "MS3_3": {
          "meanserv": 0.6450764302663732,
          "stddevserv": 0.6450764302663732,
          "rate": 1.5502039031050434,
          "cv": 1.0,
          "lambda": 0.025
        },
        "MS3_4": {
          "meanserv": 0.2160784596314418,
          "stddevserv": 0.2160784596314418,
          "rate": 4.62794857805664,
          "cv": 1.0,
          "lambda": 0.025
        },
        "MS3_5": {
          "meanserv": 1.3552764562362754,
          "stddevserv": 1.3552764562362754,
          "rate": 0.7378568375467024,
          "cv": 1.0,
          "lambda": 0.025
        }
      },
      "sensors": [
        "S3"
      ],
      "sources": [
        {
          "startTime": 0,
          "stopTime": -1,
          "lambda": 0.025
        }
      ]
    },
    "SC4": {
      "resptime": 13.54615950490834,
      "resptime_old": 3.5461595049083403,
      "waittime": 1.8358447993470786,
      "servicetime": 10.0,
      "networktime": 1.7103147055612617,
      "services": {
        "MS4_1": {
          "meanserv": 0.409002403169596,
          "stddevserv": 0.409002403169596,
          "rate": 2.444973409081272,
          "cv": 1.0,
          "lambda": 0.025
        },
        "MS4_2": {
          "meanserv": 0.2734979330256193,
          "stddevserv": 0.2734979330256193,
          "rate": 3.6563347625238807,
          "cv": 1.0,
          "lambda": 0.025
        },
        "MS4_3": {
          "meanserv": 1.2382365362877978,
          "stddevserv": 1.2382365362877978,
          "rate": 0.807600139952238,
          "cv": 1.0,
          "lambda": 0.025
        },
        "MS4_4": {
          "meanserv": 0.9458782632448259,
          "stddevserv": 0.9458782632448259,
          "rate": 1.0572185014269277,
          "cv": 1.0,
          "lambda": 0.025
        },
        "MS4_5": {
          "meanserv": 7.133384864272161,
          "stddevserv": 7.133384864272161,
          "rate": 0.14018590319001845,
          "cv": 1.0,
          "lambda": 0.025
        }
      },
      "sensors": [
        "S4"
      ],
      "sources": [
        {
          "startTime": 0,
          "stopTime": -1,
          "lambda": 0.025
        }
      ]
    }
  },
  "microservice": {
    "MS1_1": "F6",
    "MS1_2": "F6",
    "MS1_3": "F10",
    "MS1_4": "F10",
    "MS1_5": "F10",
    "MS2_1": "F5",
    "MS2_2": "F5",
    "MS2_3": "F3",
    "MS2_4": "F3",
    "MS2_5": "F3",
    "MS3_1": "F7",
    "MS3_2": "F7",
    "MS3_3": "F1",
    "MS3_4": "F1",
    "MS3_5": "F1",
    "MS4_1": "F2",
    "MS4_2": "F2",
    "MS4_3": "F2",
    "MS4_4": "F2",
    "MS4_5": "F8"
  },
  "sensor": {
    "S1": "F6",
    "S2": "F5",
    "S3": "F7",
    "S4": "F2"
  },
  "fog": {
    "F1": {
      "rho": 0.05541078365335226,
      "capacity": 1.0,
      "tserv": 0.7388104487113634,
      "stddev": 0.9935882633977486,
      "mu": 1.3535271485997589,
      "cv": 1.3448486890389408,
      "lambda": 0.07500000000000001,
      "twait": 0.0608621116627895
    },
    "F2": {
      "rho": 0.07166537839319598,
      "capacity": 1.0,
      "tserv": 0.7166537839319598,
      "stddev": 0.9063151222937996,
      "mu": 1.3953739203237663,
      "cv": 1.2646484852438127,
      "lambda": 0.1,
      "twait": 0.07190293865221478
    },
    "F3": {
      "rho": 0.09299487799718344,
      "capacity": 1.0,
      "tserv": 1.2399317066291122,
      "stddev": 1.9387218240582107,
      "mu": 0.8064960309133538,
      "cv": 1.5635714561480443,
      "lambda": 0.07500000000000001,
      "twait": 0.21896539582747254
    },
    "F4": {
      "rho": 0,
      "capacity": 1.0,
      "tserv": 0,
      "stddev": 0,
      "mu": 0,
      "cv": 0,
      "lambda": 0.0,
      "twait": 0
    },
    "F5": {
      "rho": 0.15700512200281658,
      "capacity": 1.0,
      "tserv": 3.1401024400563315,
      "stddev": 4.243541743890179,
      "mu": 0.3184609480390266,
      "cv": 1.3514023268024506,
      "lambda": 0.05,
      "twait": 0.8264548988837196
    },
    "F6": {
      "rho": 0.12054743533415427,
      "capacity": 1.0,
      "tserv": 2.4109487066830853,
      "stddev": 2.547518220726069,
      "mu": 0.41477448160884833,
      "cv": 1.056645549390751,
      "lambda": 0.05,
      "twait": 0.34972104367739804
    },
    "F7": {
      "rho": 0.19458921634664775,
      "capacity": 1.0,
      "tserv": 3.891784326932955,
      "stddev": 4.801903407231935,
      "mu": 0.25695154612744997,
      "cv": 1.2338565048429158,
      "lambda": 0.05,
      "twait": 1.1858626167895252
    },
    "F8": {
      "rho": 0.17833462160680402,
      "capacity": 1.0,
      "tserv": 7.133384864272161,
      "stddev": 7.133384864272161,
      "mu": 0.14018590319001845,
      "cv": 1.0,
      "lambda": 0.025,
      "twait": 1.5482330447382193
    },
    "F9": {
      "rho": 0,
      "capacity": 1.0,
      "tserv": 0,
      "stddev": 0,
      "mu": 0,
      "cv": 0,
      "lambda": 0.0,
      "twait": 0
    },
    "F10": {
      "rho": 0.12945256466584576,
      "capacity": 1.0,
      "tserv": 1.72603419554461,
      "stddev": 2.276845029452954,
      "mu": 0.5793627974354664,
      "cv": 1.3191193055909003,
      "lambda": 0.07500000000000001,
      "twait": 0.351641550520473
    }
  },
  "extra": {
    "conv_gen": 118,
    "max_gen": 600,
    "population": 600,
    "deltatime": 37.8613085,
    "obj_func": 13.714400934225894
  },
  "network": [
    [
      0.0,
      2.59368571995636,
      1.9796314601962404,
      2.2597328796018403,
      1.5444914609474563,
      1.978250952904279,
      1.331240666343601,
      2.028121833300319,
      1.7103147055612617,
      1.7103147055612617
    ],
    [
      2.59368571995636,
      0.0,
      1.4411760598801664,
      1.7253341780924287,
      1.8203316860938765,
      1.986231869874833,
      1.6208092042114983,
      1.7103147055612617,
      1.9528362377164628,
      1.9528362377164628
    ],
    [
      1.9796314601962404,
      1.4411760598801664,
      0.0,
      1.9424545918288225,
      1.7403871356157359,
      2.524849317550206,
      2.028121833300319,
      1.9528362377164628,
      1.8254535168918227,
      1.8254535168918227
    ],
    [
      2.2597328796018403,
      1.7253341780924287,
      1.9424545918288225,
      0.0,
      2.4804978359493615,
      1.331240666343601,
      1.7103147055612617,
      1.8254535168918227,
      1.9182750716871073,
      1.9182750716871073
    ],
    [
      1.5444914609474563,
      1.8203316860938765,
      1.7403871356157359,
      2.4804978359493615,
      0.0,
      1.6208092042114983,
      1.9528362377164628,
      1.9182750716871073,
      2.322800024384043,
      2.322800024384043
    ],
    [
      1.978250952904279,
      1.986231869874833,
      2.524849317550206,
      1.331240666343601,
      1.6208092042114983,
      0.0,
      1.8254535168918227,
      2.322800024384043,
      1.6213321373024066,
      1.6213321373024066
    ],
    [
      1.331240666343601,
      1.6208092042114983,
      2.028121833300319,
      1.7103147055612617,
      1.9528362377164628,
      1.8254535168918227,
      0.0,
      1.6213321373024066,
      2.534639958021314,
      2.534639958021314
    ],
    [
      2.028121833300319,
      1.7103147055612617,
      1.9528362377164628,
      1.8254535168918227,
      1.9182750716871073,
      2.322800024384043,
      1.6213321373024066,
      0.0,
      2.292489564274901,
      2.292489564274901
    ],
    [
      1.7103147055612617,
      1.9528362377164628,
      1.8254535168918227,
      1.9182750716871073,
      2.322800024384043,
      1.6213321373024066,
      2.534639958021314,
      2.292489564274901,
      0.0,
      1.8431001354244618
    ],
    [
      1.7103147055612617,
      1.9528362377164628,
      1.8254535168918227,
      1.9182750716871073,
      2.322800024384043,
      1.6213321373024066,
      2.534639958021314,
      2.292489564274901,
      1.8431001354244618,
      0.0
    ]
  ]
}