{
  "servicechain": {
    "SC1": {
      "resptime": 43.036703679098856,
      "resptime_old": 33.036703679098856,
      "waittime": 29.047175531077016,
      "servicetime": 10.0,
      "networktime": 3.9895281480218387,
      "services": {
        "MS1_1": {
          "meanserv": 0.39757419658610127,
          "stddevserv": 0.39757419658610127,
          "rate": 2.515253778003758,
          "cv": 1.0,
          "lambda": 0.15
        },
        "MS1_2": {
          "meanserv": 0.005990530598167787,
          "stddevserv": 0.005990530598167787,
          "rate": 166.9301213995721,
          "cv": 1.0,
          "lambda": 0.15
        },
        "MS1_3": {
          "meanserv": 2.9433784604996185,
          "stddevserv": 2.9433784604996185,
          "rate": 0.33974564039931743,
          "cv": 1.0,
          "lambda": 0.15
        },
        "MS1_4": {
          "meanserv": 1.8019541746195298,
          "stddevserv": 1.8019541746195298,
          "rate": 0.5549530693316012,
          "cv": 1.0,
          "lambda": 0.15
        },
        "MS1_5": {
          "meanserv": 0.0363747304613522,
          "stddevserv": 0.0363747304613522,
          "rate": 27.49161264748038,
          "cv": 1.0,
          "lambda": 0.15
        },
        "MS1_6": {
          "meanserv": 0.6724507513732894,
          "stddevserv": 0.6724507513732894,
          "rate": 1.4870977509621106,
          "cv": 1.0,
          "lambda": 0.15
        },
        "MS1_7": {
          "meanserv": 0.13506700578918984,
          "stddevserv": 0.13506700578918984,
          "rate": 7.403732644823577,
          "cv": 1.0,
          "lambda": 0.15
        },
        "MS1_8": {
          "meanserv": 0.598577278060362,
          "stddevserv": 0.598577278060362,
          "rate": 1.6706280653358807,
          "cv": 1.0,
          "lambda": 0.15
        },
        "MS1_9": {
          "meanserv": 3.157337279692343,
          "stddevserv": 3.157337279692343,
          "rate": 0.3167225771006137,
          "cv": 1.0,
          "lambda": 0.15
        },
        "MS1_10": {
          "meanserv": 0.25129559232004617,
          "stddevserv": 0.25129559232004617,
          "rate": 3.979377396824436,
          "cv": 1.0,
          "lambda": 0.15
        }
      },
      "sensors": [
        "S1"
      ],
      "sources": [
        {
          "startTime": 0,
          "stopTime": -1,
          "lambda": 0.15
        }
      ]
    },
    "SC2": {
      "resptime": 42.74607121362923,
      "resptime_old": 32.74607121362923,
      "waittime": 27.707071517895386,
      "servicetime": 10.0,
      "networktime": 5.0389996957338425,
      "services": {
        "MS2_1": {
          "meanserv": 1.9452476425460397,
          "stddevserv": 1.9452476425460397,
          "rate": 0.5140733642998527,
          "cv": 1.0,
          "lambda": 0.15
        },
        "MS2_2": {
          "meanserv": 1.4740702344828236,
          "stddevserv": 1.4740702344828236,
          "rate": 0.678393726843585,
          "cv": 1.0,
          "lambda": 0.15
        },
        "MS2_3": {
          "meanserv": 0.6320103780299977,
          "stddevserv": 0.6320103780299977,
          "rate": 1.5822524989495284,
          "cv": 1.0,
          "lambda": 0.15
        },
        "MS2_4": {
          "meanserv": 3.239586923992034,
          "stddevserv": 3.239586923992034,
          "rate": 0.3086813298924338,
          "cv": 1.0,
          "lambda": 0.15
        },
        "MS2_5": {
          "meanserv": 0.22003451204560598,
          "stddevserv": 0.22003451204560598,
          "rate": 4.544741598503114,
          "cv": 1.0,
          "lambda": 0.15
        },
        "MS2_6": {
          "meanserv": 0.28361395218245544,
          "stddevserv": 0.28361395218245544,
          "rate": 3.5259196252682123,
          "cv": 1.0,
          "lambda": 0.15
        },
        "MS2_7": {
          "meanserv": 0.10232026816056905,
          "stddevserv": 0.10232026816056905,
          "rate": 9.773234745932458,
          "cv": 1.0,
          "lambda": 0.15
        },
        "MS2_8": {
          "meanserv": 0.11647179152076426,
          "stddevserv": 0.11647179152076426,
          "rate": 8.5857698842189,
          "cv": 1.0,
          "lambda": 0.15
        },
        "MS2_9": {
          "meanserv": 1.0985801838520626,
          "stddevserv": 1.0985801838520626,
          "rate": 0.9102658273823938,
          "cv": 1.0,
          "lambda": 0.15
        },
        "MS2_10": {
          "meanserv": 0.8880641131876477,
          "stddevserv": 0.8880641131876477,
          "rate": 1.1260448262125646,
          "cv": 1.0,
          "lambda": 0.15
        }
      },
      "sensors": [
        "S2"
      ],
      "sources": [
        {
          "startTime": 0,
          "stopTime": -1,
          "lambda": 0.15
        }
      ]
    },
    "SC3": {
      "resptime": 38.4480746222275,
      "resptime_old": 28.4480746222275,
      "waittime": 23.410831206841348,
      "servicetime": 10.0,
      "networktime": 5.037243415386148,
      "services": {
        "MS3_1": {
          "meanserv": 0.9134196457136412,
          "stddevserv": 0.9134196457136412,
          "rate": 1.0947870507194037,
          "cv": 1.0,
          "lambda": 0.15
        },
        "MS3_2": {
          "meanserv": 0.2595378243614721,
          "stddevserv": 0.2595378243614721,
          "rate": 3.853002938821152,
          "cv": 1.0,
          "lambda": 0.15
        },
        "MS3_3": {
          "meanserv": 0.2967042651825136,
          "stddevserv": 0.2967042651825136,
          "rate": 3.370359369066918,
          "cv": 1.0,
          "lambda": 0.15
        },
        "MS3_4": {
          "meanserv": 1.8931636539401764,
          "stddevserv": 1.8931636539401764,
          "rate": 0.5282163525159246,
          "cv": 1.0,
          "lambda": 0.15
        },
        "MS3_5": {
          "meanserv": 0.03492786738107734,
          "stddevserv": 0.03492786738107734,
          "rate": 28.630433948044708,
          "cv": 1.0,
          "lambda": 0.15
        },
        "MS3_6": {
          "meanserv": 1.326552139620456,
          "stddevserv": 1.326552139620456,
          "rate": 0.7538339203810813,
          "cv": 1.0,
          "lambda": 0.15
        },
        "MS3_7": {
          "meanserv": 1.265310080247576,
          "stddevserv": 1.265310080247576,
          "rate": 0.7903201085731772,
          "cv": 1.0,
          "lambda": 0.15
        },
        "MS3_8": {
          "meanserv": 3.108001796379101,
          "stddevserv": 3.108001796379101,
          "rate": 0.32175013578339134,
          "cv": 1.0,
          "lambda": 0.15
        },
        "MS3_9": {
          "meanserv": 0.13276568150089574,
          "stddevserv": 0.13276568150089574,
          "rate": 7.532066936991193,
          "cv": 1.0,
          "lambda": 0.15
        },
        "MS3_10": {
          "meanserv": 0.7696170456730904,
          "stddevserv": 0.7696170456730904,
          "rate": 1.2993475204611946,
          "cv": 1.0,
          "lambda": 0.15
        }
      },
      "sensors": [
        "S3"
      ],
      "sources": [
        {
          "startTime": 0,
          "stopTime": -1,
          "lambda": 0.15
        }
      ]
    },
    "SC4": {
      "resptime": 43.32588435306171,
      "resptime_old": 33.32588435306171,
      "waittime": 28.642114652143896,
      "servicetime": 10.0,
      "networktime": 4.683769700917816,
      "services": {
        "MS4_1": {
          "meanserv": 0.29336632801851503,
          "stddevserv": 0.29336632801851503,
          "rate": 3.4087074912594866,
          "cv": 1.0,
          "lambda": 0.15
        },
        "MS4_2": {
          "meanserv": 3.258840253576799,
          "stddevserv": 3.258840253576799,
          "rate": 0.306857630993858,
          "cv": 1.0,
          "lambda": 0.15
        },
        "MS4_3": {
          "meanserv": 0.48000378954669376,
          "stddevserv": 0.48000378954669376,
          "rate": 2.083316885777882,
          "cv": 1.0,
          "lambda": 0.15
        },
        "MS4_4": {
          "meanserv": 1.894355120252797,
          "stddevserv": 1.894355120252797,
          "rate": 0.527884127589843,
          "cv": 1.0,
          "lambda": 0.15
        },
        "MS4_5": {
          "meanserv": 0.16517588526793237,
          "stddevserv": 0.16517588526793237,
          "rate": 6.054152507661131,
          "cv": 1.0,
          "lambda": 0.15
        },
        "MS4_6": {
          "meanserv": 1.3038675417986152,
          "stddevserv": 1.3038675417986152,
          "rate": 0.7669490710847466,
          "cv": 1.0,
          "lambda": 0.15
        },
        "MS4_7": {
          "meanserv": 0.5338942616244884,
          "stddevserv": 0.5338942616244884,
          "rate": 1.8730300583439208,
          "cv": 1.0,
          "lambda": 0.15
        },
        "MS4_8": {
          "meanserv": 0.6119912225935922,
          "stddevserv": 0.6119912225935922,
          "rate": 1.6340103633546303,
          "cv": 1.0,
          "lambda": 0.15
        },
        "MS4_9": {
          "meanserv": 0.46092524207630703,
          "stddevserv": 0.46092524207630703,
          "rate": 2.169549221247571,
          "cv": 1.0,
          "lambda": 0.15
        },
        "MS4_10": {
          "meanserv": 0.9975803552442599,
          "stddevserv": 0.9975803552442599,
          "rate": 1.002425513637092,
          "cv": 1.0,
          "lambda": 0.15
        }
      },
      "sensors": [
        "S4"
      ],
      "sources": [
        {
          "startTime": 0,
          "stopTime": -1,
          "lambda": 0.15
        }
      ]
    }
  },
  "microservice": {
    "MS1_1": "F10",
    "MS1_2": "F10",
    "MS1_3": "F5",
    "MS1_4": "F9",
    "MS1_5": "F9",
    "MS1_6": "F9",
    "MS1_7": "F9",
    "MS1_8": "F3",
    "MS1_9": "F3",
    "MS1_10": "F2",
    "MS2_1": "F6",
    "MS2_2": "F10",
    "MS2_3": "F8",
    "MS2_4": "F2",
    "MS2_5": "F4",
    "MS2_6": "F4",
    "MS2_7": "F7",
    "MS2_8": "F7",
    "MS2_9": "F7",
    "MS2_10": "F7",
    "MS3_1": "F10",
    "MS3_2": "F10",
    "MS3_3": "F8",
    "MS3_4": "F8",
    "MS3_5": "F8",
    "MS3_6": "F10",
    "MS3_7": "F8",
    "MS3_8": "F4",
    "MS3_9": "F6",
    "MS3_10": "F6",
    "MS4_1": "F1",
    "MS4_2": "F1",
    "MS4_3": "F7",
    "MS4_4": "F7",
    "MS4_5": "F9",
    "MS4_6": "F9",
    "MS4_7": "F9",
    "MS4_8": "F5",
    "MS4_9": "F6",
    "MS4_10": "F6"
  },
  "sensor": {
    "S1": "F10",
    "S2": "F6",
    "S3": "F10",
    "S4": "F1"
  },
  "fog": {
    "F1": {
      "rho": 0.5328309872392971,
      "capacity": 1.0,
      "tserv": 1.776103290797657,
      "stddev": 2.7480103167865466,
      "mu": 0.5630303176516805,
      "cv": 1.5472131215704246,
      "lambda": 0.3,
      "twait": 3.4375472179160345
    },
    "F2": {
      "rho": 0.523632377446812,
      "capacity": 1.0,
      "tserv": 1.7454412581560401,
      "stddev": 2.740712996128254,
      "mu": 0.5729210280364538,
      "cv": 1.5702121072946689,
      "lambda": 0.3,
      "twait": 3.324556208154389
    },
    "F3": {
      "rho": 0.5633871836629057,
      "capacity": 1.0,
      "tserv": 1.8779572788763526,
      "stddev": 2.607748054214694,
      "mu": 0.5324934764215377,
      "cv": 1.3886088270202828,
      "lambda": 0.3,
      "twait": 3.5479055134648187
    },
    "F4": {
      "rho": 0.5417475390910744,
      "capacity": 1.0,
      "tserv": 1.2038834202023878,
      "stddev": 2.2530755709329298,
      "mu": 0.8306452129990191,
      "cv": 1.87150643752047,
      "lambda": 0.44999999999999996,
      "twait": 3.204083358519536
    },
    "F5": {
      "rho": 0.5333054524639815,
      "capacity": 1.0,
      "tserv": 1.777684841546605,
      "stddev": 2.424427070959266,
      "mu": 0.5625294071417007,
      "cv": 1.363811522885006,
      "lambda": 0.3,
      "twait": 2.904901096225205
    },
    "F6": {
      "rho": 0.6459203950560888,
      "capacity": 1.0,
      "tserv": 0.8612271934081185,
      "stddev": 1.2242979149364261,
      "mu": 1.1611337956512016,
      "cv": 1.4215736849779843,
      "lambda": 0.75,
      "twait": 2.3730020367223297
    },
    "F7": {
      "rho": 0.68696928997808,
      "capacity": 1.0,
      "tserv": 0.7632992110867557,
      "stddev": 1.167715620010695,
      "mu": 1.3101022318315239,
      "cv": 1.5298268399205432,
      "lambda": 0.9,
      "twait": 2.797755704629922
    },
    "F8": {
      "rho": 0.6183174367172012,
      "capacity": 1.0,
      "tserv": 0.8244232489562683,
      "stddev": 1.260886113978916,
      "mu": 1.2129691893890844,
      "cv": 1.5294160075849583,
      "lambda": 0.75,
      "twait": 2.229772562497428
    },
    "F9": {
      "rho": 0.6973176526401595,
      "capacity": 1.0,
      "tserv": 0.6641120501334853,
      "stddev": 1.093818337852975,
      "mu": 1.5057699973957737,
      "cv": 1.6470388357403236,
      "lambda": 1.05,
      "twait": 2.8402012124607063
    },
    "F10": {
      "rho": 0.6565716857043993,
      "capacity": 1.0,
      "tserv": 0.7295240952271103,
      "stddev": 1.0639241637239167,
      "mu": 1.370756643327438,
      "cv": 1.458381115421148,
      "lambda": 0.9,
      "twait": 2.180551174962481
    }
  },
  "extra": {
    "deltatime": 0.0468237,
    "obj_func": 41.88918346700433
  },
  "network": [
    [
      0.0,
      0.7722031507311613,
      0.5959556237895073,
      1.063276766906243,
      1.4449673162771337,
      0.7612799656039277,
      1.1669709476340477,
      0.6931436689460204,
      0.9498975130052602,
      0.9498975130052602
    ],
    [
      0.7722031507311613,
      0.0,
      0.6737262958052014,
      1.216449053421292,
      0.3817388456294326,
      0.7842181468867877,
      1.1683858005512198,
      0.9498975130052602,
      1.2555815563487989,
      1.2555815563487989
    ],
    [
      0.5959556237895073,
      0.6737262958052014,
      0.0,
      0.8927777379306092,
      1.3368321920123865,
      1.0349083206330725,
      0.6931436689460204,
      1.2555815563487989,
      1.0294386156203632,
      1.0294386156203632
    ],
    [
      1.063276766906243,
      1.216449053421292,
      0.8927777379306092,
      0.0,
      1.189545566786259,
      1.1669709476340477,
      0.9498975130052602,
      1.0294386156203632,
      0.9951768813395897,
      0.9951768813395897
    ],
    [
      1.4449673162771337,
      0.3817388456294326,
      1.3368321920123865,
      1.189545566786259,
      0.0,
      1.1683858005512198,
      1.2555815563487989,
      0.9951768813395897,
      1.1431816182981371,
      1.1431816182981371
    ],
    [
      0.7612799656039277,
      0.7842181468867877,
      1.0349083206330725,
      1.1669709476340477,
      1.1683858005512198,
      0.0,
      1.0294386156203632,
      1.1431816182981371,
      0.9758109989247847,
      0.9758109989247847
    ],
    [
      1.1669709476340477,
      1.1683858005512198,
      0.6931436689460204,
      0.9498975130052602,
      1.2555815563487989,
      1.0294386156203632,
      0.0,
      0.9758109989247847,
      1.2052313344344114,
      1.2052313344344114
    ],
    [
      0.6931436689460204,
      0.9498975130052602,
      1.2555815563487989,
      1.0294386156203632,
      0.9951768813395897,
      1.1431816182981371,
      0.9758109989247847,
      0.0,
      0.9469446173772457,
      0.9469446173772457
    ],
    [
      0.9498975130052602,
      1.2555815563487989,
      1.0294386156203632,
      0.9951768813395897,
      1.1431816182981371,
      0.9758109989247847,
      1.2052313344344114,
      0.9469446173772457,
      0.0,
      1.0240681214443659
    ],
    [
      0.9498975130052602,
      1.2555815563487989,
      1.0294386156203632,
      0.9951768813395897,
      1.1431816182981371,
      0.9758109989247847,
      1.2052313344344114,
      0.9469446173772457,
      1.0240681214443659,
      0.0
    ]
  ]
}