{
  "servicechain": {
    "SC1": {
      "resptime": 30.342734498060878,
      "resptime_old": 20.342734498060878,
      "waittime": 14.823714478567148,
      "servicetime": 10.0,
      "networktime": 5.5190200194937304,
      "services": {
        "MS1_1": {
          "meanserv": 0.78005758248197,
          "stddevserv": 0.78005758248197,
          "rate": 1.2819566432752594,
          "cv": 1.0,
          "lambda": 0.15
        },
        "MS1_2": {
          "meanserv": 0.4669420653571954,
          "stddevserv": 0.4669420653571954,
          "rate": 2.1415933028758776,
          "cv": 1.0,
          "lambda": 0.15
        },
        "MS1_3": {
          "meanserv": 3.6593026834938396,
          "stddevserv": 3.6593026834938396,
          "rate": 0.27327610927369833,
          "cv": 1.0,
          "lambda": 0.15
        },
        "MS1_4": {
          "meanserv": 1.2417210772786387,
          "stddevserv": 1.2417210772786387,
          "rate": 0.8053338372830108,
          "cv": 1.0,
          "lambda": 0.15
        },
        "MS1_5": {
          "meanserv": 0.21164801345421314,
          "stddevserv": 0.21164801345421314,
          "rate": 4.724825826046957,
          "cv": 1.0,
          "lambda": 0.15
        },
        "MS1_6": {
          "meanserv": 3.6403285779341434,
          "stddevserv": 3.6403285779341434,
          "rate": 0.27470047788034885,
          "cv": 1.0,
          "lambda": 0.15
        }
      },
      "sensors": [
        "S1"
      ],
      "sources": [
        {
          "startTime": 0,
          "stopTime": -1,
          "lambda": 0.15
        }
      ]
    },
    "SC2": {
      "resptime": 45.90997967470956,
      "resptime_old": 35.90997967470957,
      "waittime": 32.608721561671345,
      "servicetime": 10.0,
      "networktime": 3.301258113038217,
      "services": {
        "MS2_1": {
          "meanserv": 2.7364355619107084,
          "stddevserv": 2.7364355619107084,
          "rate": 0.3654388993913501,
          "cv": 1.0,
          "lambda": 0.15
        },
        "MS2_2": {
          "meanserv": 0.8535099735558047,
          "stddevserv": 0.8535099735558047,
          "rate": 1.1716324717728883,
          "cv": 1.0,
          "lambda": 0.15
        },
        "MS2_3": {
          "meanserv": 5.386607036640258,
          "stddevserv": 5.386607036640258,
          "rate": 0.18564561944056746,
          "cv": 1.0,
          "lambda": 0.15
        },
        "MS2_4": {
          "meanserv": 0.7830063973943755,
          "stddevserv": 0.7830063973943755,
          "rate": 1.277128773567774,
          "cv": 1.0,
          "lambda": 0.15
        },
        "MS2_5": {
          "meanserv": 0.02106022225384052,
          "stddevserv": 0.02106022225384052,
          "rate": 47.482879712612764,
          "cv": 1.0,
          "lambda": 0.15
        },
        "MS2_6": {
          "meanserv": 0.21938080824501327,
          "stddevserv": 0.21938080824501327,
          "rate": 4.558283871774052,
          "cv": 1.0,
          "lambda": 0.15
        }
      },
      "sensors": [
        "S2"
      ],
      "sources": [
        {
          "startTime": 0,
          "stopTime": -1,
          "lambda": 0.15
        }
      ]
    },
    "SC3": {
      "resptime": 34.37479161889367,
      "resptime_old": 24.374791618893664,
      "waittime": 18.34471283422316,
      "servicetime": 10.0,
      "networktime": 6.030078784670504,
      "services": {
        "MS3_1": {
          "meanserv": 3.9172725406333218,
          "stddevserv": 3.9172725406333218,
          "rate": 0.255279659412803,
          "cv": 1.0,
          "lambda": 0.15
        },
        "MS3_2": {
          "meanserv": 1.012944909087941,
          "stddevserv": 1.012944909087941,
          "rate": 0.9872205201173313,
          "cv": 1.0,
          "lambda": 0.15
        },
        "MS3_3": {
          "meanserv": 0.3875004127804935,
          "stddevserv": 0.3875004127804935,
          "rate": 2.5806424122868425,
          "cv": 1.0,
          "lambda": 0.15
        },
        "MS3_4": {
          "meanserv": 1.3238617830784492,
          "stddevserv": 1.3238617830784492,
          "rate": 0.7553658643084662,
          "cv": 1.0,
          "lambda": 0.15
        },
        "MS3_5": {
          "meanserv": 2.278536953465429,
          "stddevserv": 2.278536953465429,
          "rate": 0.43887811364178186,
          "cv": 1.0,
          "lambda": 0.15
        },
        "MS3_6": {
          "meanserv": 1.0798834009543654,
          "stddevserv": 1.0798834009543654,
          "rate": 0.9260259016077411,
          "cv": 1.0,
          "lambda": 0.15
        }
      },
      "sensors": [
        "S3"
      ],
      "sources": [
        {
          "startTime": 0,
          "stopTime": -1,
          "lambda": 0.15
        }
      ]
    },
    "SC4": {
      "resptime": 30.278697945271595,
      "resptime_old": 20.278697945271603,
      "waittime": 13.258313150077065,
      "servicetime": 10.0,
      "networktime": 7.020384795194532,
      "services": {
        "MS4_1": {
          "meanserv": 1.4160229424826565,
          "stddevserv": 1.4160229424826565,
          "rate": 0.7062032471357702,
          "cv": 1.0,
          "lambda": 0.15
        },
        "MS4_2": {
          "meanserv": 2.2215302739664935,
          "stddevserv": 2.2215302739664935,
          "rate": 0.45014016316533106,
          "cv": 1.0,
          "lambda": 0.15
        },
        "MS4_3": {
          "meanserv": 1.956486435914207,
          "stddevserv": 1.956486435914207,
          "rate": 0.5111203336979591,
          "cv": 1.0,
          "lambda": 0.15
        },
        "MS4_4": {
          "meanserv": 2.61535669730139,
          "stddevserv": 2.61535669730139,
          "rate": 0.382357022669922,
          "cv": 1.0,
          "lambda": 0.15
        },
        "MS4_5": {
          "meanserv": 1.1530722876519324,
          "stddevserv": 1.1530722876519324,
          "rate": 0.8672483162667605,
          "cv": 1.0,
          "lambda": 0.15
        },
        "MS4_6": {
          "meanserv": 0.6375313626833208,
          "stddevserv": 0.6375313626833208,
          "rate": 1.568550284006541,
          "cv": 1.0,
          "lambda": 0.15
        }
      },
      "sensors": [
        "S4"
      ],
      "sources": [
        {
          "startTime": 0,
          "stopTime": -1,
          "lambda": 0.15
        }
      ]
    }
  },
  "microservice": {
    "MS1_1": "F7",
    "MS1_2": "F7",
    "MS1_3": "F5",
    "MS1_4": "F4",
    "MS1_5": "F4",
    "MS1_6": "F6",
    "MS2_1": "F2",
    "MS2_2": "F2",
    "MS2_3": "F9",
    "MS2_4": "F4",
    "MS2_5": "F4",
    "MS2_6": "F4",
    "MS3_1": "F10",
    "MS3_2": "F1",
    "MS3_3": "F3",
    "MS3_4": "F3",
    "MS3_5": "F8",
    "MS3_6": "F7",
    "MS4_1": "F4",
    "MS4_2": "F3",
    "MS4_3": "F8",
    "MS4_4": "F1",
    "MS4_5": "F7",
    "MS4_6": "F7"
  },
  "sensor": {
    "S1": "F7",
    "S2": "F2",
    "S3": "F10",
    "S4": "F4"
  },
  "fog": {
    "F1": {
      "rho": 0.5442452409583997,
      "capacity": 1.0,
      "tserv": 1.8141508031946656,
      "stddev": 2.1389261105130686,
      "mu": 0.5512220914816066,
      "cv": 1.1790233241616317,
      "lambda": 0.3,
      "twait": 2.5889410544526235
    },
    "F2": {
      "rho": 0.5384918303199769,
      "capacity": 1.0,
      "tserv": 1.7949727677332565,
      "stddev": 2.234867249423289,
      "mu": 0.5571115161055222,
      "cv": 1.245070281620787,
      "lambda": 0.3,
      "twait": 2.6705569042728703
    },
    "F3": {
      "rho": 0.5899338704738154,
      "capacity": 1.0,
      "tserv": 1.3109641566084789,
      "stddev": 1.685234468134346,
      "mu": 0.762797361742554,
      "cv": 1.2854924062104953,
      "lambda": 0.44999999999999996,
      "twait": 2.5012904711191393
    },
    "F4": {
      "rho": 0.5839259191663106,
      "capacity": 1.0,
      "tserv": 0.6488065768514563,
      "stddev": 0.9984333823287694,
      "mu": 1.5412914043701953,
      "cv": 1.538876790019593,
      "lambda": 0.9,
      "twait": 1.5334255756161894
    },
    "F5": {
      "rho": 0.5488954025240759,
      "capacity": 1.0,
      "tserv": 3.659302683493839,
      "stddev": 3.65930268349384,
      "mu": 0.27327610927369833,
      "cv": 1.0000000000000002,
      "lambda": 0.15,
      "twait": 4.452569161680916
    },
    "F6": {
      "rho": 0.5460492866901215,
      "capacity": 1.0,
      "tserv": 3.640328577934144,
      "stddev": 3.640328577934143,
      "mu": 0.27470047788034885,
      "cv": 0.9999999999999998,
      "lambda": 0.15,
      "twait": 4.378886881364322
    },
    "F7": {
      "rho": 0.6176230048693175,
      "capacity": 1.0,
      "tserv": 0.8234973398257567,
      "stddev": 0.9018481360517177,
      "mu": 1.2143330058741773,
      "cv": 1.0951439578937063,
      "lambda": 0.75,
      "twait": 1.4627036421447661
    },
    "F8": {
      "rho": 0.6352535084069454,
      "capacity": 1.0,
      "tserv": 2.117511694689818,
      "stddev": 2.1297215886297556,
      "mu": 0.47225240951808967,
      "cv": 1.0057661518330958,
      "lambda": 0.3,
      "twait": 3.7092487645995806
    },
    "F9": {
      "rho": 0.8079910554960386,
      "capacity": 1.0,
      "tserv": 5.386607036640258,
      "stddev": 5.386607036640258,
      "mu": 0.18564561944056746,
      "cv": 1.0,
      "lambda": 0.15,
      "twait": 22.667331026277036
    },
    "F10": {
      "rho": 0.5875908810949984,
      "capacity": 1.0,
      "tserv": 3.9172725406333218,
      "stddev": 3.9172725406333218,
      "mu": 0.255279659412803,
      "cv": 1.0,
      "lambda": 0.15,
      "twait": 5.581238430787912
    }
  },
  "extra": {
    "conv_gen": 24,
    "max_gen": 600,
    "population": 600,
    "deltatime": 43.6081195,
    "obj_func": 35.22655093423393
  },
  "network": [
    [
      0.0,
      1.5571922903449795,
      1.2271618749803173,
      1.871530514227517,
      1.8808770845144311,
      1.5329543272004207,
      1.8877630455066186,
      1.7637281745216986,
      1.574229116838861,
      1.574229116838861
    ],
    [
      1.5571922903449795,
      0.0,
      1.9460409346462832,
      1.5661245022274464,
      1.8974773614794245,
      1.7400154347271382,
      1.8957886270724986,
      1.574229116838861,
      1.3701458543547496,
      1.3701458543547496
    ],
    [
      1.2271618749803173,
      1.9460409346462832,
      0.0,
      1.998747720811466,
      1.364084090366023,
      1.9686776935229109,
      1.7637281745216986,
      1.3701458543547496,
      1.6575756051742676,
      1.6575756051742676
    ],
    [
      1.871530514227517,
      1.5661245022274464,
      1.998747720811466,
      0.0,
      2.2611111196323628,
      1.8877630455066186,
      1.574229116838861,
      1.6575756051742676,
      1.9311122586834673,
      1.9311122586834673
    ],
    [
      1.8808770845144311,
      1.8974773614794245,
      1.364084090366023,
      2.2611111196323628,
      0.0,
      1.8957886270724986,
      1.3701458543547496,
      1.9311122586834673,
      1.6118421878357527,
      1.6118421878357527
    ],
    [
      1.5329543272004207,
      1.7400154347271382,
      1.9686776935229109,
      1.8877630455066186,
      1.8957886270724986,
      0.0,
      1.6575756051742676,
      1.6118421878357527,
      1.858541938496576,
      1.858541938496576
    ],
    [
      1.8877630455066186,
      1.8957886270724986,
      1.7637281745216986,
      1.574229116838861,
      1.3701458543547496,
      1.6575756051742676,
      0.0,
      1.858541938496576,
      1.8525580676760285,
      1.8525580676760285
    ],
    [
      1.7637281745216986,
      1.574229116838861,
      1.3701458543547496,
      1.6575756051742676,
      1.9311122586834673,
      1.6118421878357527,
      1.858541938496576,
      0.0,
      1.1696548838622407,
      1.1696548838622407
    ],
    [
      1.574229116838861,
      1.3701458543547496,
      1.6575756051742676,
      1.9311122586834673,
      1.6118421878357527,
      1.858541938496576,
      1.8525580676760285,
      1.1696548838622407,
      0.0,
      1.38332596607666
    ],
    [
      1.574229116838861,
      1.3701458543547496,
      1.6575756051742676,
      1.9311122586834673,
      1.6118421878357527,
      1.858541938496576,
      1.8525580676760285,
      1.1696548838622407,
      1.38332596607666,
      0.0
    ]
  ]
}