{
  "servicechain": {
    "SC1": {
      "resptime": 37.29386469548433,
      "resptime_old": 27.293864695484334,
      "waittime": 23.863408159234,
      "servicetime": 10.0,
      "networktime": 3.4304565362503334,
      "services": {
        "MS1_1": {
          "meanserv": 0.3404472800302838,
          "stddevserv": 0.3404472800302838,
          "rate": 2.9373123495392504,
          "cv": 1.0,
          "lambda": 0.15
        },
        "MS1_2": {
          "meanserv": 0.4057060638090426,
          "stddevserv": 0.4057060638090426,
          "rate": 2.464838682989661,
          "cv": 1.0,
          "lambda": 0.15
        },
        "MS1_3": {
          "meanserv": 0.16416258939914719,
          "stddevserv": 0.16416258939914719,
          "rate": 6.091521848309704,
          "cv": 1.0,
          "lambda": 0.15
        },
        "MS1_4": {
          "meanserv": 4.5830356226556255,
          "stddevserv": 4.5830356226556255,
          "rate": 0.21819599111484828,
          "cv": 1.0,
          "lambda": 0.15
        },
        "MS1_5": {
          "meanserv": 0.11289091028159959,
          "stddevserv": 0.11289091028159959,
          "rate": 8.858109102899075,
          "cv": 1.0,
          "lambda": 0.15
        },
        "MS1_6": {
          "meanserv": 0.05607641833697574,
          "stddevserv": 0.05607641833697574,
          "rate": 17.832807972698546,
          "cv": 1.0,
          "lambda": 0.15
        },
        "MS1_7": {
          "meanserv": 0.5841107469839173,
          "stddevserv": 0.5841107469839173,
          "rate": 1.7120041108018402,
          "cv": 1.0,
          "lambda": 0.15
        },
        "MS1_8": {
          "meanserv": 0.31283398841422727,
          "stddevserv": 0.31283398841422727,
          "rate": 3.196583609949338,
          "cv": 1.0,
          "lambda": 0.15
        },
        "MS1_9": {
          "meanserv": 2.8301488703118842,
          "stddevserv": 2.8301488703118842,
          "rate": 0.3533383033274145,
          "cv": 1.0,
          "lambda": 0.15
        },
        "MS1_10": {
          "meanserv": 0.6105875097772966,
          "stddevserv": 0.6105875097772966,
          "rate": 1.6377668785998198,
          "cv": 1.0,
          "lambda": 0.15
        }
      },
      "sensors": [
        "S1"
      ],
      "sources": [
        {
          "startTime": 0,
          "stopTime": -1,
          "lambda": 0.15
        }
      ]
    },
    "SC2": {
      "resptime": 35.47449632202331,
      "resptime_old": 25.474496322023317,
      "waittime": 19.730769444697604,
      "servicetime": 10.0,
      "networktime": 5.743726877325711,
      "services": {
        "MS2_1": {
          "meanserv": 0.5747592291594295,
          "stddevserv": 0.5747592291594295,
          "rate": 1.7398589692286877,
          "cv": 1.0,
          "lambda": 0.15
        },
        "MS2_2": {
          "meanserv": 0.6399741005627269,
          "stddevserv": 0.6399741005627269,
          "rate": 1.5625632336069595,
          "cv": 1.0,
          "lambda": 0.15
        },
        "MS2_3": {
          "meanserv": 0.6563852270420334,
          "stddevserv": 0.6563852270420334,
          "rate": 1.5234955919200819,
          "cv": 1.0,
          "lambda": 0.15
        },
        "MS2_4": {
          "meanserv": 1.88846922207228,
          "stddevserv": 1.88846922207228,
          "rate": 0.5295294137241309,
          "cv": 1.0,
          "lambda": 0.15
        },
        "MS2_5": {
          "meanserv": 0.32010437969293637,
          "stddevserv": 0.32010437969293637,
          "rate": 3.123980999445434,
          "cv": 1.0,
          "lambda": 0.15
        },
        "MS2_6": {
          "meanserv": 2.1146069720032816,
          "stddevserv": 2.1146069720032816,
          "rate": 0.4729011174368,
          "cv": 1.0,
          "lambda": 0.15
        },
        "MS2_7": {
          "meanserv": 2.064212091846983,
          "stddevserv": 2.064212091846983,
          "rate": 0.4844463434497353,
          "cv": 1.0,
          "lambda": 0.15
        },
        "MS2_8": {
          "meanserv": 1.319660842364545,
          "stddevserv": 1.319660842364545,
          "rate": 0.7577704573003906,
          "cv": 1.0,
          "lambda": 0.15
        },
        "MS2_9": {
          "meanserv": 0.04477113271975064,
          "stddevserv": 0.04477113271975064,
          "rate": 22.33582085714917,
          "cv": 1.0,
          "lambda": 0.15
        },
        "MS2_10": {
          "meanserv": 0.3770568025360337,
          "stddevserv": 0.3770568025360337,
          "rate": 2.652120299313349,
          "cv": 1.0,
          "lambda": 0.15
        }
      },
      "sensors": [
        "S2"
      ],
      "sources": [
        {
          "startTime": 0,
          "stopTime": -1,
          "lambda": 0.15
        }
      ]
    },
    "SC3": {
      "resptime": 33.99822408692267,
      "resptime_old": 23.99822408692266,
      "waittime": 17.72049378654524,
      "servicetime": 10.0,
      "networktime": 6.277730300377426,
      "services": {
        "MS3_1": {
          "meanserv": 0.49688385992348705,
          "stddevserv": 0.49688385992348705,
          "rate": 2.012542730114006,
          "cv": 1.0,
          "lambda": 0.15
        },
        "MS3_2": {
          "meanserv": 2.692738306213731,
          "stddevserv": 2.692738306213731,
          "rate": 0.37136917378581197,
          "cv": 1.0,
          "lambda": 0.15
        },
        "MS3_3": {
          "meanserv": 1.8059529067179114,
          "stddevserv": 1.8059529067179114,
          "rate": 0.5537242949581516,
          "cv": 1.0,
          "lambda": 0.15
        },
        "MS3_4": {
          "meanserv": 1.3484996383469774,
          "stddevserv": 1.3484996383469774,
          "rate": 0.7415649003998426,
          "cv": 1.0,
          "lambda": 0.15
        },
        "MS3_5": {
          "meanserv": 0.13528953507001518,
          "stddevserv": 0.13528953507001518,
          "rate": 7.391554708813797,
          "cv": 1.0,
          "lambda": 0.15
        },
        "MS3_6": {
          "meanserv": 1.085763023393782,
          "stddevserv": 1.085763023393782,
          "rate": 0.9210112874117673,
          "cv": 1.0,
          "lambda": 0.15
        },
        "MS3_7": {
          "meanserv": 0.5942890854961416,
          "stddevserv": 0.5942890854961416,
          "rate": 1.6826827623212215,
          "cv": 1.0,
          "lambda": 0.15
        },
        "MS3_8": {
          "meanserv": 0.1788280286999555,
          "stddevserv": 0.1788280286999555,
          "rate": 5.591964566571598,
          "cv": 1.0,
          "lambda": 0.15
        },
        "MS3_9": {
          "meanserv": 1.1685183997477786,
          "stddevserv": 1.1685183997477786,
          "rate": 0.8557845560804581,
          "cv": 1.0,
          "lambda": 0.15
        },
        "MS3_10": {
          "meanserv": 0.4932372163902201,
          "stddevserv": 0.4932372163902201,
          "rate": 2.0274220329896178,
          "cv": 1.0,
          "lambda": 0.15
        }
      },
      "sensors": [
        "S3"
      ],
      "sources": [
        {
          "startTime": 0,
          "stopTime": -1,
          "lambda": 0.15
        }
      ]
    },
    "SC4": {
      "resptime": 30.48998698667922,
      "resptime_old": 20.489986986679217,
      "waittime": 15.73519841967345,
      "servicetime": 10.0,
      "networktime": 4.754788567005768,
      "services": {
        "MS4_1": {
          "meanserv": 2.3295283597007668,
          "stddevserv": 2.3295283597007668,
          "rate": 0.4292714427947348,
          "cv": 1.0,
          "lambda": 0.15
        },
        "MS4_2": {
          "meanserv": 0.9354295608491112,
          "stddevserv": 0.9354295608491112,
          "rate": 1.069027580326066,
          "cv": 1.0,
          "lambda": 0.15
        },
        "MS4_3": {
          "meanserv": 0.5588446066308315,
          "stddevserv": 0.5588446066308315,
          "rate": 1.7894061929465708,
          "cv": 1.0,
          "lambda": 0.15
        },
        "MS4_4": {
          "meanserv": 0.09204574039092606,
          "stddevserv": 0.09204574039092606,
          "rate": 10.864163792402726,
          "cv": 1.0,
          "lambda": 0.15
        },
        "MS4_5": {
          "meanserv": 0.13166179666345457,
          "stddevserv": 0.13166179666345457,
          "rate": 7.595217635956585,
          "cv": 1.0,
          "lambda": 0.15
        },
        "MS4_6": {
          "meanserv": 1.805452432320359,
          "stddevserv": 1.805452432320359,
          "rate": 0.553877788247683,
          "cv": 1.0,
          "lambda": 0.15
        },
        "MS4_7": {
          "meanserv": 2.1355403187345328,
          "stddevserv": 2.1355403187345328,
          "rate": 0.4682655678411985,
          "cv": 1.0,
          "lambda": 0.15
        },
        "MS4_8": {
          "meanserv": 1.2134370352438797,
          "stddevserv": 1.2134370352438797,
          "rate": 0.8241053890357133,
          "cv": 1.0,
          "lambda": 0.15
        },
        "MS4_9": {
          "meanserv": 0.4539923309505536,
          "stddevserv": 0.4539923309505536,
          "rate": 2.2026803798782995,
          "cv": 1.0,
          "lambda": 0.15
        },
        "MS4_10": {
          "meanserv": 0.344067818515585,
          "stddevserv": 0.344067818515585,
          "rate": 2.9064037558476388,
          "cv": 1.0,
          "lambda": 0.15
        }
      },
      "sensors": [
        "S4"
      ],
      "sources": [
        {
          "startTime": 0,
          "stopTime": -1,
          "lambda": 0.15
        }
      ]
    }
  },
  "microservice": {
    "MS1_1": "F7",
    "MS1_2": "F7",
    "MS1_3": "F7",
    "MS1_4": "F1",
    "MS1_5": "F9",
    "MS1_6": "F9",
    "MS1_7": "F9",
    "MS1_8": "F9",
    "MS1_9": "F2",
    "MS1_10": "F3",
    "MS2_1": "F4",
    "MS2_2": "F4",
    "MS2_3": "F3",
    "MS2_4": "F10",
    "MS2_5": "F10",
    "MS2_6": "F5",
    "MS2_7": "F8",
    "MS2_8": "F6",
    "MS2_9": "F9",
    "MS2_10": "F9",
    "MS3_1": "F4",
    "MS3_2": "F6",
    "MS3_3": "F8",
    "MS3_4": "F4",
    "MS3_5": "F4",
    "MS3_6": "F7",
    "MS3_7": "F9",
    "MS3_8": "F9",
    "MS3_9": "F2",
    "MS3_10": "F4",
    "MS4_1": "F3",
    "MS4_2": "F9",
    "MS4_3": "F9",
    "MS4_4": "F9",
    "MS4_5": "F9",
    "MS4_6": "F7",
    "MS4_7": "F5",
    "MS4_8": "F10",
    "MS4_9": "F10",
    "MS4_10": "F4"
  },
  "sensor": {
    "S1": "F7",
    "S2": "F4",
    "S3": "F4",
    "S4": "F3"
  },
  "fog": {
    "F1": {
      "rho": 0.6874553433983438,
      "capacity": 1.0,
      "tserv": 4.5830356226556255,
      "stddev": 4.5830356226556255,
      "mu": 0.21819599111484828,
      "cv": 1.0,
      "lambda": 0.15,
      "twait": 10.080582922251342
    },
    "F2": {
      "rho": 0.5998000905089494,
      "capacity": 1.0,
      "tserv": 1.9993336350298316,
      "stddev": 2.3190176572236667,
      "mu": 0.5001666467663258,
      "cv": 1.1598952854054623,
      "lambda": 0.3,
      "twait": 3.5139355318443912
    },
    "F3": {
      "rho": 0.5394751644780145,
      "capacity": 1.0,
      "tserv": 1.1988336988400323,
      "stddev": 1.6481419226538105,
      "mu": 0.8341440526468185,
      "cv": 1.3747877826995687,
      "lambda": 0.44999999999999996,
      "twait": 2.0293241226491143
    },
    "F4": {
      "rho": 0.6049067096952659,
      "capacity": 1.0,
      "tserv": 0.5761016282812057,
      "stddev": 0.7603763989086335,
      "mu": 1.7358048491956037,
      "cv": 1.3198650404394967,
      "lambda": 1.05,
      "twait": 1.2092949251235914
    },
    "F5": {
      "rho": 0.6375220936106721,
      "capacity": 1.0,
      "tserv": 2.125073645368907,
      "stddev": 2.125125196487064,
      "mu": 0.4705719268502822,
      "cv": 1.0000242585090025,
      "lambda": 0.3,
      "twait": 3.7376464633203934
    },
    "F6": {
      "rho": 0.6018598722867414,
      "capacity": 1.0,
      "tserv": 2.006199574289138,
      "stddev": 2.2287906121354637,
      "mu": 0.4984548959214751,
      "cv": 1.1109515926027433,
      "lambda": 0.3,
      "twait": 3.3878816898974073
    },
    "F7": {
      "rho": 0.5702297083428922,
      "capacity": 1.0,
      "tserv": 0.760306277790523,
      "stddev": 1.1490564572154296,
      "mu": 1.3152594279584742,
      "cv": 1.511307338609157,
      "lambda": 0.75,
      "twait": 1.6564631281832436
    },
    "F8": {
      "rho": 0.5805247497847341,
      "capacity": 1.0,
      "tserv": 1.9350824992824471,
      "stddev": 1.9436803189776264,
      "mu": 0.5167738328318366,
      "cv": 1.0044431282378747,
      "lambda": 0.3,
      "twait": 2.6899456371561175
    },
    "F9": {
      "rho": 0.5968258227004386,
      "capacity": 1.0,
      "tserv": 0.33156990150024374,
      "stddev": 0.5062585087728466,
      "mu": 3.0159552947216617,
      "cv": 1.5268530300313596,
      "lambda": 1.7999999999999996,
      "twait": 0.8175440494848565
    },
    "F10": {
      "rho": 0.5814004451939474,
      "capacity": 1.0,
      "tserv": 0.9690007419899124,
      "stddev": 1.317079423520513,
      "mu": 1.0319909538422318,
      "cv": 1.3592140505649108,
      "lambda": 0.6,
      "twait": 1.9161467912288392
    }
  },
  "extra": {
    "conv_gen": 350,
    "max_gen": 600,
    "population": 600,
    "deltatime": 61.9407032,
    "obj_func": 34.31414302277738
  },
  "network": [
    [
      0.0,
      0.9618798729419057,
      1.1926493316531048,
      1.1084361552775366,
      1.0802407719060405,
      1.219796687232452,
      0.8191206968287871,
      1.3581857390344931,
      1.0455795962842853,
      1.0455795962842853
    ],
    [
      0.9618798729419057,
      0.0,
      0.7957678455882996,
      0.8682769257748837,
      1.2670741077760432,
      0.8686167696674393,
      1.1088797679134907,
      1.0455795962842853,
      0.7699883975489612,
      0.7699883975489612
    ],
    [
      1.1926493316531048,
      0.7957678455882996,
      0.0,
      0.8828100655261129,
      0.5710226801571543,
      0.8761474398677508,
      1.3581857390344931,
      0.7699883975489612,
      1.0070271477580224,
      1.0070271477580224
    ],
    [
      1.1084361552775366,
      0.8682769257748837,
      0.8828100655261129,
      0.0,
      1.0336585169860806,
      0.8191206968287871,
      1.0455795962842853,
      1.0070271477580224,
      1.2100354855162982,
      1.2100354855162982
    ],
    [
      1.0802407719060405,
      1.2670741077760432,
      0.5710226801571543,
      1.0336585169860806,
      0.0,
      1.1088797679134907,
      0.7699883975489612,
      1.2100354855162982,
      0.8145645563709378,
      0.8145645563709378
    ],
    [
      1.219796687232452,
      0.8686167696674393,
      0.8761474398677508,
      0.8191206968287871,
      1.1088797679134907,
      0.0,
      1.0070271477580224,
      0.8145645563709378,
      1.0147250657834026,
      1.0147250657834026
    ],
    [
      0.8191206968287871,
      1.1088797679134907,
      1.3581857390344931,
      1.0455795962842853,
      0.7699883975489612,
      1.0070271477580224,
      0.0,
      1.0147250657834026,
      0.9531729798115478,
      0.9531729798115478
    ],
    [
      1.3581857390344931,
      1.0455795962842853,
      0.7699883975489612,
      1.0070271477580224,
      1.2100354855162982,
      0.8145645563709378,
      1.0147250657834026,
      0.0,
      1.172401078790264,
      1.172401078790264
    ],
    [
      1.0455795962842853,
      0.7699883975489612,
      1.0070271477580224,
      1.2100354855162982,
      0.8145645563709378,
      1.0147250657834026,
      0.9531729798115478,
      1.172401078790264,
      0.0,
      0.8964364265413656
    ],
    [
      1.0455795962842853,
      0.7699883975489612,
      1.0070271477580224,
      1.2100354855162982,
      0.8145645563709378,
      1.0147250657834026,
      0.9531729798115478,
      1.172401078790264,
      0.8964364265413656,
      0.0
    ]
  ]
}