{
  "servicechain": {
    "SC1": {
      "resptime": 26.43013790034381,
      "resptime_old": 16.43013790034381,
      "waittime": 12.992177071768683,
      "servicetime": 10.0,
      "networktime": 3.4379608285751253,
      "services": {
        "MS1_1": {
          "meanserv": 0.926365111669768,
          "stddevserv": 0.926365111669768,
          "rate": 1.0794879766116252,
          "cv": 1.0,
          "lambda": 0.1
        },
        "MS1_2": {
          "meanserv": 6.335862251997532,
          "stddevserv": 6.335862251997532,
          "rate": 0.15783171417350908,
          "cv": 1.0,
          "lambda": 0.1
        },
        "MS1_3": {
          "meanserv": 0.8495237948133028,
          "stddevserv": 0.8495237948133028,
          "rate": 1.177130065226445,
          "cv": 1.0,
          "lambda": 0.1
        },
        "MS1_4": {
          "meanserv": 1.829007909934921,
          "stddevserv": 1.829007909934921,
          "rate": 0.54674449168215,
          "cv": 1.0,
          "lambda": 0.1
        },
        "MS1_5": {
          "meanserv": 0.059240931584476186,
          "stddevserv": 0.059240931584476186,
          "rate": 16.880220706421934,
          "cv": 1.0,
          "lambda": 0.1
        }
      },
      "sensors": [
        "S1"
      ],
      "sources": [
        {
          "startTime": 0,
          "stopTime": -1,
          "lambda": 0.1
        }
      ]
    },
    "SC2": {
      "resptime": 23.252607338076796,
      "resptime_old": 13.252607338076794,
      "waittime": 10.501756136235915,
      "servicetime": 10.0,
      "networktime": 2.75085120184088,
      "services": {
        "MS2_1": {
          "meanserv": 0.010374249925556578,
          "stddevserv": 0.010374249925556578,
          "rate": 96.39251099364179,
          "cv": 1.0,
          "lambda": 0.1
        },
        "MS2_2": {
          "meanserv": 0.07299114394050954,
          "stddevserv": 0.07299114394050954,
          "rate": 13.700292200037811,
          "cv": 1.0,
          "lambda": 0.1
        },
        "MS2_3": {
          "meanserv": 5.113402859888097,
          "stddevserv": 5.113402859888097,
          "rate": 0.19556448560790382,
          "cv": 1.0,
          "lambda": 0.1
        },
        "MS2_4": {
          "meanserv": 2.3568970407522833,
          "stddevserv": 2.3568970407522833,
          "rate": 0.42428667129252967,
          "cv": 1.0,
          "lambda": 0.1
        },
        "MS2_5": {
          "meanserv": 2.4463347054935527,
          "stddevserv": 2.4463347054935527,
          "rate": 0.40877480818727463,
          "cv": 1.0,
          "lambda": 0.1
        }
      },
      "sensors": [
        "S2"
      ],
      "sources": [
        {
          "startTime": 0,
          "stopTime": -1,
          "lambda": 0.1
        }
      ]
    },
    "SC3": {
      "resptime": 20.08035407172352,
      "resptime_old": 10.080354071723521,
      "waittime": 5.78104952789817,
      "servicetime": 10.0,
      "networktime": 4.29930454382535,
      "services": {
        "MS3_1": {
          "meanserv": 0.6880862901920037,
          "stddevserv": 0.6880862901920037,
          "rate": 1.4533060958400432,
          "cv": 1.0,
          "lambda": 0.1
        },
        "MS3_2": {
          "meanserv": 2.5915352978615633,
          "stddevserv": 2.5915352978615633,
          "rate": 0.38587164945241614,
          "cv": 1.0,
          "lambda": 0.1
        },
        "MS3_3": {
          "meanserv": 2.821044491911575,
          "stddevserv": 2.821044491911575,
          "rate": 0.3544786347280852,
          "cv": 1.0,
          "lambda": 0.1
        },
        "MS3_4": {
          "meanserv": 1.7009634404981284,
          "stddevserv": 1.7009634404981284,
          "rate": 0.5879021125269742,
          "cv": 1.0,
          "lambda": 0.1
        },
        "MS3_5": {
          "meanserv": 2.198370479536729,
          "stddevserv": 2.198370479536729,
          "rate": 0.45488238188621133,
          "cv": 1.0,
          "lambda": 0.1
        }
      },
      "sensors": [
        "S3"
      ],
      "sources": [
        {
          "startTime": 0,
          "stopTime": -1,
          "lambda": 0.1
        }
      ]
    },
    "SC4": {
      "resptime": 23.241692749914453,
      "resptime_old": 13.241692749914453,
      "waittime": 10.017473909172459,
      "servicetime": 10.0,
      "networktime": 3.224218840741993,
      "services": {
        "MS4_1": {
          "meanserv": 1.3585358285152427,
          "stddevserv": 1.3585358285152427,
          "rate": 0.7360865860217393,
          "cv": 1.0,
          "lambda": 0.1
        },
        "MS4_2": {
          "meanserv": 5.513226813483283,
          "stddevserv": 5.513226813483283,
          "rate": 0.18138198079469095,
          "cv": 1.0,
          "lambda": 0.1
        },
        "MS4_3": {
          "meanserv": 0.14520871780477762,
          "stddevserv": 0.14520871780477762,
          "rate": 6.886638867952997,
          "cv": 1.0,
          "lambda": 0.1
        },
        "MS4_4": {
          "meanserv": 0.4559356651048958,
          "stddevserv": 0.4559356651048958,
          "rate": 2.1932918973775233,
          "cv": 1.0,
          "lambda": 0.1
        },
        "MS4_5": {
          "meanserv": 2.5270929750918008,
          "stddevserv": 2.5270929750918008,
          "rate": 0.3957115982104589,
          "cv": 1.0,
          "lambda": 0.1
        }
      },
      "sensors": [
        "S4"
      ],
      "sources": [
        {
          "startTime": 0,
          "stopTime": -1,
          "lambda": 0.1
        }
      ]
    }
  },
  "microservice": {
    "MS1_1": "F10",
    "MS1_2": "F1",
    "MS1_3": "F4",
    "MS1_4": "F4",
    "MS1_5": "F4",
    "MS2_1": "F10",
    "MS2_2": "F10",
    "MS2_3": "F6",
    "MS2_4": "F8",
    "MS2_5": "F8",
    "MS3_1": "F5",
    "MS3_2": "F5",
    "MS3_3": "F3",
    "MS3_4": "F7",
    "MS3_5": "F7",
    "MS4_1": "F10",
    "MS4_2": "F9",
    "MS4_3": "F2",
    "MS4_4": "F2",
    "MS4_5": "F2"
  },
  "sensor": {
    "S1": "F10",
    "S2": "F10",
    "S3": "F5",
    "S4": "F10"
  },
  "fog": {
    "F1": {
      "rho": 0.6335862251997533,
      "capacity": 1.0,
      "tserv": 6.335862251997533,
      "stddev": 6.335862251997529,
      "mu": 0.15783171417350905,
      "cv": 0.9999999999999994,
      "lambda": 0.1,
      "twait": 10.955688141956882
    },
    "F2": {
      "rho": 0.31282373580014744,
      "capacity": 1.0,
      "tserv": 1.0427457860004914,
      "stddev": 1.8228519131417498,
      "mu": 0.9590065128295122,
      "cv": 1.7481268566266743,
      "lambda": 0.30000000000000004,
      "twait": 0.9626586586051789
    },
    "F3": {
      "rho": 0.2821044491911575,
      "capacity": 1.0,
      "tserv": 2.821044491911575,
      "stddev": 2.8210444919115756,
      "mu": 0.3544786347280852,
      "cv": 1.0000000000000002,
      "lambda": 0.1,
      "twait": 1.108558482689877
    },
    "F4": {
      "rho": 0.27377726363327,
      "capacity": 1.0,
      "tserv": 0.9125908787775665,
      "stddev": 1.3714315956915197,
      "mu": 1.0957812786158019,
      "cv": 1.5027890674609627,
      "lambda": 0.30000000000000004,
      "twait": 0.5604988520323579
    },
    "F5": {
      "rho": 0.3279621588053568,
      "capacity": 1.0,
      "tserv": 1.6398107940267836,
      "stddev": 2.1214472660440715,
      "mu": 0.6098264529314146,
      "cv": 1.2937146613327033,
      "lambda": 0.2,
      "twait": 1.0698084991809722
    },
    "F6": {
      "rho": 0.5113402859888098,
      "capacity": 1.0,
      "tserv": 5.113402859888097,
      "stddev": 5.113402859888097,
      "mu": 0.19556448560790382,
      "cv": 1.0,
      "lambda": 0.1,
      "twait": 5.350735503216256
    },
    "F7": {
      "rho": 0.38993339200348576,
      "capacity": 1.0,
      "tserv": 1.9496669600174288,
      "stddev": 1.981138091155227,
      "mu": 0.5129081122609067,
      "cv": 1.0161417984626036,
      "lambda": 0.2,
      "twait": 1.266437023423174
    },
    "F8": {
      "rho": 0.4803231746245836,
      "capacity": 1.0,
      "tserv": 2.401615873122918,
      "stddev": 2.402448407348874,
      "mu": 0.41638632188904534,
      "cv": 1.0003466558641925,
      "lambda": 0.2,
      "twait": 2.2205179427951034
    },
    "F9": {
      "rho": 0.5513226813483283,
      "capacity": 1.0,
      "tserv": 5.513226813483283,
      "stddev": 5.513226813483283,
      "mu": 0.18138198079469095,
      "cv": 1.0,
      "lambda": 0.1,
      "twait": 6.774505559642196
    },
    "F10": {
      "rho": 0.23682663340510768,
      "capacity": 1.0,
      "tserv": 0.5920665835127692,
      "stddev": 1.0020283356793944,
      "mu": 1.6889992238152263,
      "cv": 1.69242508120336,
      "lambda": 0.4,
      "twait": 0.35499237371472653
    }
  },
  "extra": {
    "deltatime": 0.5444563,
    "conv": 11,
    "obj_func": 23.251198015014644
  },
  "network": [
    [
      0.0,
      2.3382967547872338,
      2.2748686552413084,
      1.908762829619,
      1.5629853963198292,
      3.049047192162049,
      2.1772074497530856,
      1.8989317330055102,
      1.5291979989561253,
      1.5291979989561253
    ],
    [
      2.3382967547872338,
      0.0,
      3.0896378242035567,
      1.626640643944837,
      2.461107740995555,
      1.568498933229686,
      0.9978008512337273,
      1.5291979989561253,
      1.9189797788442973,
      1.9189797788442973
    ],
    [
      2.2748686552413084,
      3.0896378242035567,
      0.0,
      2.215217137185333,
      2.4003728108198406,
      1.838041383383652,
      1.8989317330055102,
      1.9189797788442973,
      2.4703336149395447,
      2.4703336149395447
    ],
    [
      1.908762829619,
      1.626640643944837,
      2.215217137185333,
      0.0,
      2.227233893434626,
      2.1772074497530856,
      1.5291979989561253,
      2.4703336149395447,
      1.7792924366761413,
      1.7792924366761413
    ],
    [
      1.5629853963198292,
      2.461107740995555,
      2.4003728108198406,
      2.227233893434626,
      0.0,
      0.9978008512337273,
      1.9189797788442973,
      1.7792924366761413,
      1.1189513165005978,
      1.1189513165005978
    ],
    [
      3.049047192162049,
      1.568498933229686,
      1.838041383383652,
      2.1772074497530856,
      0.9978008512337273,
      0.0,
      2.4703336149395447,
      1.1189513165005978,
      1.6318998853402822,
      1.6318998853402822
    ],
    [
      2.1772074497530856,
      0.9978008512337273,
      1.8989317330055102,
      1.5291979989561253,
      1.9189797788442973,
      2.4703336149395447,
      0.0,
      1.6318998853402822,
      1.6742007944785962,
      1.6742007944785962
    ],
    [
      1.8989317330055102,
      1.5291979989561253,
      1.9189797788442973,
      2.4703336149395447,
      1.7792924366761413,
      1.1189513165005978,
      1.6318998853402822,
      0.0,
      1.7808377537538906,
      1.7808377537538906
    ],
    [
      1.5291979989561253,
      1.9189797788442973,
      2.4703336149395447,
      1.7792924366761413,
      1.1189513165005978,
      1.6318998853402822,
      1.6742007944785962,
      1.7808377537538906,
      0.0,
      1.305239061897696
    ],
    [
      1.5291979989561253,
      1.9189797788442973,
      2.4703336149395447,
      1.7792924366761413,
      1.1189513165005978,
      1.6318998853402822,
      1.6742007944785962,
      1.7808377537538906,
      1.305239061897696,
      0.0
    ]
  ]
}