{
  "servicechain": {
    "SC1": {
      "resptime": 31.811504121239157,
      "resptime_old": 21.811504121239157,
      "waittime": 18.65681784569862,
      "servicetime": 10.0,
      "networktime": 3.1546862755405383,
      "services": {
        "MS1_1": {
          "meanserv": 0.958539482259051,
          "stddevserv": 0.958539482259051,
          "rate": 1.0432538445294255,
          "cv": 1.0,
          "lambda": 0.15
        },
        "MS1_2": {
          "meanserv": 0.046335374034776056,
          "stddevserv": 0.046335374034776056,
          "rate": 21.581783266699663,
          "cv": 1.0,
          "lambda": 0.15
        },
        "MS1_3": {
          "meanserv": 2.3493860899200603,
          "stddevserv": 2.3493860899200603,
          "rate": 0.4256431091894418,
          "cv": 1.0,
          "lambda": 0.15
        },
        "MS1_4": {
          "meanserv": 0.6608334965351523,
          "stddevserv": 0.6608334965351523,
          "rate": 1.5132404837877436,
          "cv": 1.0,
          "lambda": 0.15
        },
        "MS1_5": {
          "meanserv": 2.5297339571431783,
          "stddevserv": 2.5297339571431783,
          "rate": 0.395298484718645,
          "cv": 1.0,
          "lambda": 0.15
        },
        "MS1_6": {
          "meanserv": 0.7709467290687524,
          "stddevserv": 0.7709467290687524,
          "rate": 1.2971064825813936,
          "cv": 1.0,
          "lambda": 0.15
        },
        "MS1_7": {
          "meanserv": 2.6842248710390297,
          "stddevserv": 2.6842248710390297,
          "rate": 0.37254702867458067,
          "cv": 1.0,
          "lambda": 0.15
        }
      },
      "sensors": [
        "S1"
      ],
      "sources": [
        {
          "startTime": 0,
          "stopTime": -1,
          "lambda": 0.15
        }
      ]
    },
    "SC2": {
      "resptime": 30.65440062853532,
      "resptime_old": 20.65440062853532,
      "waittime": 15.143705395212482,
      "servicetime": 10.0,
      "networktime": 5.51069523332284,
      "services": {
        "MS2_1": {
          "meanserv": 0.7091333381359155,
          "stddevserv": 0.7091333381359155,
          "rate": 1.410172031438657,
          "cv": 1.0,
          "lambda": 0.15
        },
        "MS2_2": {
          "meanserv": 3.719888089267206,
          "stddevserv": 3.719888089267206,
          "rate": 0.2688252915148836,
          "cv": 1.0,
          "lambda": 0.15
        },
        "MS2_3": {
          "meanserv": 1.8023879804867207,
          "stddevserv": 1.8023879804867207,
          "rate": 0.5548195010321573,
          "cv": 1.0,
          "lambda": 0.15
        },
        "MS2_4": {
          "meanserv": 0.47817056941574076,
          "stddevserv": 0.47817056941574076,
          "rate": 2.0913039487600913,
          "cv": 1.0,
          "lambda": 0.15
        },
        "MS2_5": {
          "meanserv": 2.415006514267753,
          "stddevserv": 2.415006514267753,
          "rate": 0.4140775580074189,
          "cv": 1.0,
          "lambda": 0.15
        },
        "MS2_6": {
          "meanserv": 0.3139484616279944,
          "stddevserv": 0.3139484616279944,
          "rate": 3.185236184354761,
          "cv": 1.0,
          "lambda": 0.15
        },
        "MS2_7": {
          "meanserv": 0.5614650467986699,
          "stddevserv": 0.5614650467986699,
          "rate": 1.7810547703757236,
          "cv": 1.0,
          "lambda": 0.15
        }
      },
      "sensors": [
        "S2"
      ],
      "sources": [
        {
          "startTime": 0,
          "stopTime": -1,
          "lambda": 0.15
        }
      ]
    },
    "SC3": {
      "resptime": 34.26979013988027,
      "resptime_old": 24.269790139880268,
      "waittime": 20.568103200997864,
      "servicetime": 10.0,
      "networktime": 3.701686938882406,
      "services": {
        "MS3_1": {
          "meanserv": 3.243235445351437,
          "stddevserv": 3.243235445351437,
          "rate": 0.30833407467635765,
          "cv": 1.0,
          "lambda": 0.15
        },
        "MS3_2": {
          "meanserv": 1.558910386293797,
          "stddevserv": 1.558910386293797,
          "rate": 0.6414736913629986,
          "cv": 1.0,
          "lambda": 0.15
        },
        "MS3_3": {
          "meanserv": 0.9175449408818448,
          "stddevserv": 0.9175449408818448,
          "rate": 1.08986487249214,
          "cv": 1.0,
          "lambda": 0.15
        },
        "MS3_4": {
          "meanserv": 1.9694980783677947,
          "stddevserv": 1.9694980783677947,
          "rate": 0.5077435774036102,
          "cv": 1.0,
          "lambda": 0.15
        },
        "MS3_5": {
          "meanserv": 0.546367300883225,
          "stddevserv": 0.546367300883225,
          "rate": 1.8302705860754462,
          "cv": 1.0,
          "lambda": 0.15
        },
        "MS3_6": {
          "meanserv": 1.1579312948801253,
          "stddevserv": 1.1579312948801253,
          "rate": 0.8636090970350058,
          "cv": 1.0,
          "lambda": 0.15
        },
        "MS3_7": {
          "meanserv": 0.6065125533417763,
          "stddevserv": 0.6065125533417763,
          "rate": 1.648770490388332,
          "cv": 1.0,
          "lambda": 0.15
        }
      },
      "sensors": [
        "S3"
      ],
      "sources": [
        {
          "startTime": 0,
          "stopTime": -1,
          "lambda": 0.15
        }
      ]
    },
    "SC4": {
      "resptime": 35.77579302024377,
      "resptime_old": 25.77579302024377,
      "waittime": 21.947816098376986,
      "servicetime": 10.0,
      "networktime": 3.8279769218667847,
      "services": {
        "MS4_1": {
          "meanserv": 0.9179447912912364,
          "stddevserv": 0.9179447912912364,
          "rate": 1.089390134883101,
          "cv": 1.0,
          "lambda": 0.15
        },
        "MS4_2": {
          "meanserv": 1.3621928409841209,
          "stddevserv": 1.3621928409841209,
          "rate": 0.7341104503805398,
          "cv": 1.0,
          "lambda": 0.15
        },
        "MS4_3": {
          "meanserv": 2.668360723970711,
          "stddevserv": 2.668360723970711,
          "rate": 0.37476192443423795,
          "cv": 1.0,
          "lambda": 0.15
        },
        "MS4_4": {
          "meanserv": 2.6385063047768575,
          "stddevserv": 2.6385063047768575,
          "rate": 0.3790023158896986,
          "cv": 1.0,
          "lambda": 0.15
        },
        "MS4_5": {
          "meanserv": 2.064753029782354,
          "stddevserv": 2.064753029782354,
          "rate": 0.4843194249267721,
          "cv": 1.0,
          "lambda": 0.15
        },
        "MS4_6": {
          "meanserv": 0.21946610475697703,
          "stddevserv": 0.21946610475697703,
          "rate": 4.5565122737624435,
          "cv": 1.0,
          "lambda": 0.15
        },
        "MS4_7": {
          "meanserv": 0.1287762044377434,
          "stddevserv": 0.1287762044377434,
          "rate": 7.765409800406472,
          "cv": 1.0,
          "lambda": 0.15
        }
      },
      "sensors": [
        "S4"
      ],
      "sources": [
        {
          "startTime": 0,
          "stopTime": -1,
          "lambda": 0.15
        }
      ]
    }
  },
  "microservice": {
    "MS1_1": "F10",
    "MS1_2": "F10",
    "MS1_3": "F10",
    "MS1_4": "F10",
    "MS1_5": "F1",
    "MS1_6": "F7",
    "MS1_7": "F7",
    "MS2_1": "F2",
    "MS2_2": "F6",
    "MS2_3": "F2",
    "MS2_4": "F2",
    "MS2_5": "F5",
    "MS2_6": "F8",
    "MS2_7": "F8",
    "MS3_1": "F3",
    "MS3_2": "F1",
    "MS3_3": "F3",
    "MS3_4": "F5",
    "MS3_5": "F8",
    "MS3_6": "F8",
    "MS3_7": "F8",
    "MS4_1": "F8",
    "MS4_2": "F4",
    "MS4_3": "F4",
    "MS4_4": "F9",
    "MS4_5": "F9",
    "MS4_6": "F2",
    "MS4_7": "F2"
  },
  "sensor": {
    "S1": "F10",
    "S2": "F2",
    "S3": "F3",
    "S4": "F8"
  },
  "fog": {
    "F1": {
      "rho": 0.6132966515155462,
      "capacity": 1.0,
      "tserv": 2.0443221717184876,
      "stddev": 2.1565023405130272,
      "mu": 0.48915969010862176,
      "cv": 1.05487401660387,
      "lambda": 0.3,
      "twait": 3.4250112603199763
    },
    "F2": {
      "rho": 0.5006901295849646,
      "capacity": 1.0,
      "tserv": 0.6675868394466195,
      "stddev": 1.0827165517114687,
      "mu": 1.4979324649792778,
      "cv": 1.621836273179024,
      "lambda": 0.75,
      "twait": 1.2151376946099368
    },
    "F3": {
      "rho": 0.6241170579349923,
      "capacity": 1.0,
      "tserv": 2.080390193116641,
      "stddev": 2.6518750945144283,
      "mu": 0.48067905881727696,
      "cv": 1.2747008245321727,
      "lambda": 0.3,
      "twait": 4.53351174042784
    },
    "F4": {
      "rho": 0.6045830347432247,
      "capacity": 1.0,
      "tserv": 2.015276782477416,
      "stddev": 2.2168395925879167,
      "mu": 0.4962097557491245,
      "cv": 1.1000174327730388,
      "lambda": 0.3,
      "twait": 3.404906368937375
    },
    "F5": {
      "rho": 0.6576756888953321,
      "capacity": 1.0,
      "tserv": 2.1922522963177737,
      "stddev": 2.2147706458998333,
      "mu": 0.4561518770807787,
      "cv": 1.0102717874306177,
      "lambda": 0.3,
      "twait": 4.2552539344835765
    },
    "F6": {
      "rho": 0.557983213390081,
      "capacity": 1.0,
      "tserv": 3.7198880892672066,
      "stddev": 3.7198880892672066,
      "mu": 0.26882529151488355,
      "cv": 1.0,
      "lambda": 0.15,
      "twait": 4.6958286933400055
    },
    "F7": {
      "rho": 0.5182757400161673,
      "capacity": 1.0,
      "tserv": 1.727585800053891,
      "stddev": 2.1942810487306454,
      "mu": 0.5788424516853551,
      "cv": 1.270143021933959,
      "lambda": 0.3,
      "twait": 2.428595360018217
    },
    "F8": {
      "rho": 0.6156254173234541,
      "capacity": 1.0,
      "tserv": 0.6840282414705046,
      "stddev": 0.7873849033995551,
      "mu": 1.461927942989939,
      "cv": 1.1510999921682434,
      "lambda": 0.9,
      "twait": 1.2736048417795451
    },
    "F9": {
      "rho": 0.7054889001838818,
      "capacity": 1.0,
      "tserv": 2.351629667279606,
      "stddev": 2.3863693138977977,
      "mu": 0.42523702346246217,
      "cv": 1.0147725839240576,
      "lambda": 0.3,
      "twait": 5.717061564751409
    },
    "F10": {
      "rho": 0.6022641664123559,
      "capacity": 1.0,
      "tserv": 1.00377361068726,
      "stddev": 1.5591885537940653,
      "mu": 0.9962405759156427,
      "cv": 1.5533269027928778,
      "lambda": 0.6,
      "twait": 2.5936539663355522
    }
  },
  "extra": {
    "deltatime": 1.1562601,
    "conv": 8,
    "obj_func": 33.127871977474626
  },
  "network": [
    [
      0.0,
      1.5749257862764228,
      0.9995774916470015,
      1.8497937722348792,
      0.9504952340335383,
      1.5823666005553028,
      1.7146129426419854,
      1.848157925979216,
      1.4400733328985529,
      1.4400733328985529
    ],
    [
      1.5749257862764228,
      0.0,
      1.7102050967526685,
      1.7261903447928322,
      1.7710229970562856,
      1.3521353443362427,
      1.6720723603048842,
      1.4400733328985529,
      1.1282084793365459,
      1.1282084793365459
    ],
    [
      0.9995774916470015,
      1.7102050967526685,
      0.0,
      1.2366262485840924,
      0.6671304079943335,
      1.2122417137167765,
      1.848157925979216,
      1.1282084793365459,
      1.6643668949361694,
      1.6643668949361694
    ],
    [
      1.8497937722348792,
      1.7261903447928322,
      1.2366262485840924,
      0.0,
      1.1035948600782695,
      1.7146129426419854,
      1.4400733328985529,
      1.6643668949361694,
      1.0354015475940692,
      1.0354015475940692
    ],
    [
      0.9504952340335383,
      1.7710229970562856,
      0.6671304079943335,
      1.1035948600782695,
      0.0,
      1.6720723603048842,
      1.1282084793365459,
      1.0354015475940692,
      1.9257909834919773,
      1.9257909834919773
    ],
    [
      1.5823666005553028,
      1.3521353443362427,
      1.2122417137167765,
      1.7146129426419854,
      1.6720723603048842,
      0.0,
      1.6643668949361694,
      1.9257909834919773,
      1.5967086824853436,
      1.5967086824853436
    ],
    [
      1.7146129426419854,
      1.6720723603048842,
      1.848157925979216,
      1.4400733328985529,
      1.1282084793365459,
      1.6643668949361694,
      0.0,
      1.5967086824853436,
      1.3921447613418276,
      1.3921447613418276
    ],
    [
      1.848157925979216,
      1.4400733328985529,
      1.1282084793365459,
      1.6643668949361694,
      1.0354015475940692,
      1.9257909834919773,
      1.5967086824853436,
      0.0,
      0.9611782987137604,
      0.9611782987137604
    ],
    [
      1.4400733328985529,
      1.1282084793365459,
      1.6643668949361694,
      1.0354015475940692,
      1.9257909834919773,
      1.5967086824853436,
      1.3921447613418276,
      0.9611782987137604,
      0.0,
      1.7449149624378375
    ],
    [
      1.4400733328985529,
      1.1282084793365459,
      1.6643668949361694,
      1.0354015475940692,
      1.9257909834919773,
      1.5967086824853436,
      1.3921447613418276,
      0.9611782987137604,
      1.7449149624378375,
      0.0
    ]
  ]
}