{
  "servicechain": {
    "SC1": {
      "resptime": 7721.029072980129,
      "resptime_old": 7711.02907298013,
      "waittime": 7706.980980831288,
      "servicetime": 10.0,
      "networktime": 4.0480921488410395,
      "services": {
        "MS1_1": {
          "meanserv": 7.171050205219997,
          "stddevserv": 7.171050205219997,
          "rate": 0.13944958846781935,
          "cv": 1.0,
          "lambda": 0.15
        },
        "MS1_2": {
          "meanserv": 0.7621673679790621,
          "stddevserv": 0.7621673679790621,
          "rate": 1.3120477758731222,
          "cv": 1.0,
          "lambda": 0.15
        },
        "MS1_3": {
          "meanserv": 2.066782426800941,
          "stddevserv": 2.066782426800941,
          "rate": 0.48384386621084496,
          "cv": 1.0,
          "lambda": 0.15
        }
      },
      "sensors": [
        "S1"
      ],
      "sources": [
        {
          "startTime": 0,
          "stopTime": -1,
          "lambda": 0.15
        }
      ]
    },
    "SC2": {
      "resptime": 1839.5726012963428,
      "resptime_old": 1829.5726012963428,
      "waittime": 1826.6792063026555,
      "servicetime": 10.0,
      "networktime": 2.893394993687197,
      "services": {
        "MS2_1": {
          "meanserv": 2.4047239750534857,
          "stddevserv": 2.4047239750534857,
          "rate": 0.41584814322723174,
          "cv": 1.0,
          "lambda": 0.15
        },
        "MS2_2": {
          "meanserv": 0.9528173020934569,
          "stddevserv": 0.9528173020934569,
          "rate": 1.0495191447540644,
          "cv": 1.0,
          "lambda": 0.15
        },
        "MS2_3": {
          "meanserv": 6.642458722853057,
          "stddevserv": 6.642458722853057,
          "rate": 0.15054666377670492,
          "cv": 1.0,
          "lambda": 0.15
        }
      },
      "sensors": [
        "S2"
      ],
      "sources": [
        {
          "startTime": 0,
          "stopTime": -1,
          "lambda": 0.15
        }
      ]
    },
    "SC3": {
      "resptime": 71.83389995322896,
      "resptime_old": 61.83389995322896,
      "waittime": 56.595341848643855,
      "servicetime": 10.0,
      "networktime": 5.238558104585106,
      "services": {
        "MS3_1": {
          "meanserv": 5.987376889074854,
          "stddevserv": 5.987376889074854,
          "rate": 0.1670180478908379,
          "cv": 1.0,
          "lambda": 0.15
        },
        "MS3_2": {
          "meanserv": 3.4345875264625914,
          "stddevserv": 3.4345875264625914,
          "rate": 0.29115577701696743,
          "cv": 1.0,
          "lambda": 0.15
        },
        "MS3_3": {
          "meanserv": 0.5780355844625547,
          "stddevserv": 0.5780355844625547,
          "rate": 1.7299972992662362,
          "cv": 1.0,
          "lambda": 0.15
        }
      },
      "sensors": [
        "S3"
      ],
      "sources": [
        {
          "startTime": 0,
          "stopTime": -1,
          "lambda": 0.15
        }
      ]
    },
    "SC4": {
      "resptime": 30.211923781919374,
      "resptime_old": 20.211923781919374,
      "waittime": 14.620544659807484,
      "servicetime": 10.0,
      "networktime": 5.5913791221118885,
      "services": {
        "MS4_1": {
          "meanserv": 1.9776147484413586,
          "stddevserv": 1.9776147484413586,
          "rate": 0.5056596593386766,
          "cv": 1.0,
          "lambda": 0.15
        },
        "MS4_2": {
          "meanserv": 4.589786477053548,
          "stddevserv": 4.589786477053548,
          "rate": 0.21787505911210894,
          "cv": 1.0,
          "lambda": 0.15
        },
        "MS4_3": {
          "meanserv": 3.4325987745050934,
          "stddevserv": 3.4325987745050934,
          "rate": 0.2913244645506751,
          "cv": 1.0,
          "lambda": 0.15
        }
      },
      "sensors": [
        "S4"
      ],
      "sources": [
        {
          "startTime": 0,
          "stopTime": -1,
          "lambda": 0.15
        }
      ]
    }
  },
  "microservice": {
    "MS1_1": "F9",
    "MS1_2": "F5",
    "MS1_3": "F10",
    "MS2_1": "F2",
    "MS2_2": "F2",
    "MS2_3": "F7",
    "MS3_1": "F3",
    "MS3_2": "F1",
    "MS3_3": "F5",
    "MS4_1": "F4",
    "MS4_2": "F8",
    "MS4_3": "F6"
  },
  "sensor": {
    "S1": "F9",
    "S2": "F2",
    "S3": "F3",
    "S4": "F4"
  },
  "fog": {
    "F1": {
      "rho": 0.5151881289693887,
      "capacity": 1.0,
      "tserv": 3.4345875264625914,
      "stddev": 3.4345875264625914,
      "mu": 0.29115577701696743,
      "cv": 1.0,
      "lambda": 0.15,
      "twait": 3.649784230279581
    },
    "F2": {
      "rho": 0.5036311915720413,
      "capacity": 1.0,
      "tserv": 1.6787706385734713,
      "stddev": 1.967812834196716,
      "mu": 0.5956739872754423,
      "cv": 1.1721749171577465,
      "lambda": 0.3,
      "twait": 2.0218509182381674
    },
    "F3": {
      "rho": 0.898106533361228,
      "capacity": 1.0,
      "tserv": 5.987376889074854,
      "stddev": 5.987376889074854,
      "mu": 0.1670180478908379,
      "cv": 1.0,
      "lambda": 0.15,
      "twait": 52.77376930198592
    },
    "F4": {
      "rho": 0.29664221226620374,
      "capacity": 1.0,
      "tserv": 1.9776147484413586,
      "stddev": 1.9776147484413584,
      "mu": 0.5056596593386766,
      "cv": 0.9999999999999999,
      "lambda": 0.15,
      "twait": 0.8340620154048071
    },
    "F5": {
      "rho": 0.20103044286624253,
      "capacity": 1.0,
      "tserv": 0.6701014762208084,
      "stddev": 0.6826333168574411,
      "mu": 1.4923112923728064,
      "cv": 1.0187014072962635,
      "lambda": 0.3,
      "twait": 0.1717883163783508
    },
    "F6": {
      "rho": 0.514889816175764,
      "capacity": 1.0,
      "tserv": 3.4325987745050934,
      "stddev": 3.4325987745050934,
      "mu": 0.2913244645506751,
      "cv": 1.0,
      "lambda": 0.15,
      "twait": 3.6433169431265626
    },
    "F7": {
      "rho": 0.9963688084279586,
      "capacity": 1.0,
      "tserv": 6.642458722853057,
      "stddev": 6.642458722853057,
      "mu": 0.15054666377670492,
      "cv": 1.0,
      "lambda": 0.15,
      "twait": 1822.635504466179
    },
    "F8": {
      "rho": 0.6884679715580322,
      "capacity": 1.0,
      "tserv": 4.589786477053548,
      "stddev": 4.589786477053548,
      "mu": 0.21787505911210894,
      "cv": 1.0,
      "lambda": 0.15,
      "twait": 10.143165701276114
    },
    "F9": {
      "rho": 1.0756575307829994,
      "capacity": 1.0,
      "tserv": 7.171050205219997,
      "stddev": 7.171050205219997,
      "mu": 0.13944958846781935,
      "cv": 1.0,
      "lambda": 0.15,
      "twait": 7705.880562710988
    },
    "F10": {
      "rho": 0.31001736402014113,
      "capacity": 1.0,
      "tserv": 2.066782426800941,
      "stddev": 2.066782426800941,
      "mu": 0.48384386621084496,
      "cv": 1.0,
      "lambda": 0.15,
      "twait": 0.9286298039226043
    }
  },
  "extra": {
    "deltatime": 0.1417,
    "conv": 11,
    "obj_func": 2415.661874502905
  },
  "network": [
    [
      0.0,
      3.6642729387458246,
      2.7934076048464394,
      3.100415451373817,
      2.445150499738667,
      2.685955742502454,
      3.610555903992803,
      4.137407116892542,
      3.982099327877995,
      3.982099327877995
    ],
    [
      3.6642729387458246,
      0.0,
      3.879101686003517,
      3.521185878001901,
      3.002330810704673,
      3.5217449957103075,
      2.893394993687197,
      3.982099327877995,
      3.7746925842752184,
      3.7746925842752184
    ],
    [
      2.7934076048464394,
      3.879101686003517,
      0.0,
      2.7963315492158487,
      3.688758786120186,
      3.885656449902954,
      4.137407116892542,
      3.7746925842752184,
      3.5673330476913687,
      3.5673330476913687
    ],
    [
      3.100415451373817,
      3.521185878001901,
      2.7963315492158487,
      0.0,
      4.373515151602508,
      3.610555903992803,
      3.982099327877995,
      3.5673330476913687,
      3.1948841982484013,
      3.1948841982484013
    ],
    [
      2.445150499738667,
      3.002330810704673,
      3.688758786120186,
      4.373515151602508,
      0.0,
      2.893394993687197,
      3.7746925842752184,
      3.1948841982484013,
      2.0240460744205198,
      2.0240460744205198
    ],
    [
      2.685955742502454,
      3.5217449957103075,
      3.885656449902954,
      3.610555903992803,
      2.893394993687197,
      0.0,
      3.5673330476913687,
      2.0240460744205198,
      3.2779585656324555,
      3.2779585656324555
    ],
    [
      3.610555903992803,
      2.893394993687197,
      4.137407116892542,
      3.982099327877995,
      3.7746925842752184,
      3.5673330476913687,
      0.0,
      3.2779585656324555,
      3.350005968134329,
      3.350005968134329
    ],
    [
      4.137407116892542,
      3.982099327877995,
      3.7746925842752184,
      3.5673330476913687,
      3.1948841982484013,
      2.0240460744205198,
      3.2779585656324555,
      0.0,
      3.83563502563944,
      3.83563502563944
    ],
    [
      3.982099327877995,
      3.7746925842752184,
      3.5673330476913687,
      3.1948841982484013,
      2.0240460744205198,
      3.2779585656324555,
      3.350005968134329,
      3.83563502563944,
      0.0,
      3.78682911786041
    ],
    [
      3.982099327877995,
      3.7746925842752184,
      3.5673330476913687,
      3.1948841982484013,
      2.0240460744205198,
      3.2779585656324555,
      3.350005968134329,
      3.83563502563944,
      3.78682911786041,
      0.0
    ]
  ]
}