{
  "servicechain": {
    "SC1": {
      "resptime": 33.40254024589406,
      "resptime_old": 23.40254024589406,
      "waittime": 17.625842043623777,
      "servicetime": 10.0,
      "networktime": 5.776698202270282,
      "services": {
        "MS1_1": {
          "meanserv": 0.5270145781059787,
          "stddevserv": 0.5270145781059787,
          "rate": 1.8974807178842543,
          "cv": 1.0,
          "lambda": 0.15
        },
        "MS1_2": {
          "meanserv": 0.08372570356489861,
          "stddevserv": 0.08372570356489861,
          "rate": 11.943763473123475,
          "cv": 1.0,
          "lambda": 0.15
        },
        "MS1_3": {
          "meanserv": 1.7596312406128043,
          "stddevserv": 1.7596312406128043,
          "rate": 0.5683008899363158,
          "cv": 1.0,
          "lambda": 0.15
        },
        "MS1_4": {
          "meanserv": 0.7636994606906669,
          "stddevserv": 0.7636994606906669,
          "rate": 1.3094156163153894,
          "cv": 1.0,
          "lambda": 0.15
        },
        "MS1_5": {
          "meanserv": 4.15385044516654,
          "stddevserv": 4.15385044516654,
          "rate": 0.24074049203278597,
          "cv": 1.0,
          "lambda": 0.15
        },
        "MS1_6": {
          "meanserv": 0.19018199563107885,
          "stddevserv": 0.19018199563107885,
          "rate": 5.258121288935427,
          "cv": 1.0,
          "lambda": 0.15
        },
        "MS1_7": {
          "meanserv": 2.5218965762280323,
          "stddevserv": 2.5218965762280323,
          "rate": 0.39652696681784105,
          "cv": 1.0,
          "lambda": 0.15
        }
      },
      "sensors": [
        "S1"
      ],
      "sources": [
        {
          "startTime": 0,
          "stopTime": -1,
          "lambda": 0.15
        }
      ]
    },
    "SC2": {
      "resptime": 37.58195530351867,
      "resptime_old": 27.58195530351866,
      "waittime": 20.230431556479843,
      "servicetime": 10.0,
      "networktime": 7.351523747038825,
      "services": {
        "MS2_1": {
          "meanserv": 1.2274042752417436,
          "stddevserv": 1.2274042752417436,
          "rate": 0.8147274864290699,
          "cv": 1.0,
          "lambda": 0.15
        },
        "MS2_2": {
          "meanserv": 1.125406752273134,
          "stddevserv": 1.125406752273134,
          "rate": 0.8885676205337908,
          "cv": 1.0,
          "lambda": 0.15
        },
        "MS2_3": {
          "meanserv": 0.9114837455616995,
          "stddevserv": 0.9114837455616995,
          "rate": 1.0971122687259252,
          "cv": 1.0,
          "lambda": 0.15
        },
        "MS2_4": {
          "meanserv": 0.8041449186526122,
          "stddevserv": 0.8041449186526122,
          "rate": 1.2435569470183976,
          "cv": 1.0,
          "lambda": 0.15
        },
        "MS2_5": {
          "meanserv": 0.11810609838417818,
          "stddevserv": 0.11810609838417818,
          "rate": 8.466963295554624,
          "cv": 1.0,
          "lambda": 0.15
        },
        "MS2_6": {
          "meanserv": 3.1121207215313653,
          "stddevserv": 3.1121207215313653,
          "rate": 0.32132429602793017,
          "cv": 1.0,
          "lambda": 0.15
        },
        "MS2_7": {
          "meanserv": 2.7013334883552673,
          "stddevserv": 2.7013334883552673,
          "rate": 0.37018754045390356,
          "cv": 1.0,
          "lambda": 0.15
        }
      },
      "sensors": [
        "S2"
      ],
      "sources": [
        {
          "startTime": 0,
          "stopTime": -1,
          "lambda": 0.15
        }
      ]
    },
    "SC3": {
      "resptime": 27.333097506518797,
      "resptime_old": 17.333097506518797,
      "waittime": 13.220615794787172,
      "servicetime": 10.0,
      "networktime": 4.112481711731627,
      "services": {
        "MS3_1": {
          "meanserv": 2.2287403981438603,
          "stddevserv": 2.2287403981438603,
          "rate": 0.44868392964600995,
          "cv": 1.0,
          "lambda": 0.15
        },
        "MS3_2": {
          "meanserv": 0.5499989491083399,
          "stddevserv": 0.5499989491083399,
          "rate": 1.8181852922104729,
          "cv": 1.0,
          "lambda": 0.15
        },
        "MS3_3": {
          "meanserv": 0.971166079016017,
          "stddevserv": 0.971166079016017,
          "rate": 1.029690000100907,
          "cv": 1.0,
          "lambda": 0.15
        },
        "MS3_4": {
          "meanserv": 0.24165115951228167,
          "stddevserv": 0.24165115951228167,
          "rate": 4.13819657235775,
          "cv": 1.0,
          "lambda": 0.15
        },
        "MS3_5": {
          "meanserv": 2.8969124182737005,
          "stddevserv": 2.8969124182737005,
          "rate": 0.3451951096940342,
          "cv": 1.0,
          "lambda": 0.15
        },
        "MS3_6": {
          "meanserv": 1.3569617666540168,
          "stddevserv": 1.3569617666540168,
          "rate": 0.7369404389821463,
          "cv": 1.0,
          "lambda": 0.15
        },
        "MS3_7": {
          "meanserv": 1.7545692292917838,
          "stddevserv": 1.7545692292917838,
          "rate": 0.5699404636223109,
          "cv": 1.0,
          "lambda": 0.15
        }
      },
      "sensors": [
        "S3"
      ],
      "sources": [
        {
          "startTime": 0,
          "stopTime": -1,
          "lambda": 0.15
        }
      ]
    },
    "SC4": {
      "resptime": 47.21087005578541,
      "resptime_old": 37.210870055785406,
      "waittime": 33.733786440867846,
      "servicetime": 10.0,
      "networktime": 3.4770836149175675,
      "services": {
        "MS4_1": {
          "meanserv": 0.48044249933441585,
          "stddevserv": 0.48044249933441585,
          "rate": 2.081414532197623,
          "cv": 1.0,
          "lambda": 0.15
        },
        "MS4_2": {
          "meanserv": 5.502021154835379,
          "stddevserv": 5.502021154835379,
          "rate": 0.1817513913266515,
          "cv": 1.0,
          "lambda": 0.15
        },
        "MS4_3": {
          "meanserv": 3.031819678041364,
          "stddevserv": 3.031819678041364,
          "rate": 0.32983491968296297,
          "cv": 1.0,
          "lambda": 0.15
        },
        "MS4_4": {
          "meanserv": 0.03254787504388368,
          "stddevserv": 0.03254787504388368,
          "rate": 30.723971953674983,
          "cv": 1.0,
          "lambda": 0.15
        },
        "MS4_5": {
          "meanserv": 0.6058582835300399,
          "stddevserv": 0.6058582835300399,
          "rate": 1.650551007033343,
          "cv": 1.0,
          "lambda": 0.15
        },
        "MS4_6": {
          "meanserv": 0.2918010500853967,
          "stddevserv": 0.2918010500853967,
          "rate": 3.426992465268189,
          "cv": 1.0,
          "lambda": 0.15
        },
        "MS4_7": {
          "meanserv": 0.05550945912952088,
          "stddevserv": 0.05550945912952088,
          "rate": 18.014947644629146,
          "cv": 1.0,
          "lambda": 0.15
        }
      },
      "sensors": [
        "S4"
      ],
      "sources": [
        {
          "startTime": 0,
          "stopTime": -1,
          "lambda": 0.15
        }
      ]
    }
  },
  "microservice": {
    "MS1_1": "F7",
    "MS1_2": "F7",
    "MS1_3": "F8",
    "MS1_4": "F4",
    "MS1_5": "F1",
    "MS1_6": "F7",
    "MS1_7": "F9",
    "MS2_1": "F10",
    "MS2_2": "F5",
    "MS2_3": "F6",
    "MS2_4": "F9",
    "MS2_5": "F7",
    "MS2_6": "F3",
    "MS2_7": "F8",
    "MS3_1": "F5",
    "MS3_2": "F5",
    "MS3_3": "F7",
    "MS3_4": "F7",
    "MS3_5": "F6",
    "MS3_6": "F4",
    "MS3_7": "F4",
    "MS4_1": "F7",
    "MS4_2": "F2",
    "MS4_3": "F10",
    "MS4_4": "F7",
    "MS4_5": "F7",
    "MS4_6": "F7",
    "MS4_7": "F7"
  },
  "sensor": {
    "S1": "F7",
    "S2": "F10",
    "S3": "F5",
    "S4": "F7"
  },
  "fog": {
    "F1": {
      "rho": 0.623077566774981,
      "capacity": 1.0,
      "tserv": 4.15385044516654,
      "stddev": 4.15385044516654,
      "mu": 0.24074049203278597,
      "cv": 1.0,
      "lambda": 0.15,
      "twait": 6.866587923612462
    },
    "F2": {
      "rho": 0.8253031732253069,
      "capacity": 1.0,
      "tserv": 5.502021154835379,
      "stddev": 5.50202115483538,
      "mu": 0.1817513913266515,
      "cv": 1.0000000000000002,
      "lambda": 0.15,
      "twait": 25.9926616989714
    },
    "F3": {
      "rho": 0.46681810822970476,
      "capacity": 1.0,
      "tserv": 3.1121207215313653,
      "stddev": 3.1121207215313653,
      "mu": 0.32132429602793017,
      "cv": 1.0,
      "lambda": 0.15,
      "twait": 2.7247630315877767
    },
    "F4": {
      "rho": 0.5812845684954702,
      "capacity": 1.0,
      "tserv": 1.2917434855454895,
      "stddev": 1.4142591544983911,
      "mu": 0.7741475077598017,
      "cv": 1.0948451997814137,
      "lambda": 0.44999999999999996,
      "twait": 1.971420755747106
    },
    "F5": {
      "rho": 0.5856219149288001,
      "capacity": 1.0,
      "tserv": 1.3013820331751116,
      "stddev": 1.632162199863362,
      "mu": 0.768413866572447,
      "cv": 1.254176066870397,
      "lambda": 0.44999999999999996,
      "twait": 2.366072145180264
    },
    "F6": {
      "rho": 0.57125942457531,
      "capacity": 1.0,
      "tserv": 1.9041980819177,
      "stddev": 2.365783980500442,
      "mu": 0.525155449685628,
      "cv": 1.2424043501387647,
      "lambda": 0.3,
      "twait": 3.226742944181034
    },
    "F7": {
      "rho": 0.5397007172006535,
      "capacity": 1.0,
      "tserv": 0.3270913437579719,
      "stddev": 0.5108230612347884,
      "mu": 3.0572499672750144,
      "cv": 1.5617137872433793,
      "lambda": 1.6499999999999997,
      "twait": 0.6594435243756992
    },
    "F8": {
      "rho": 0.6691447093452108,
      "capacity": 1.0,
      "tserv": 2.230482364484036,
      "stddev": 2.327757105021033,
      "mu": 0.44833351562110374,
      "cv": 1.0436115264060823,
      "lambda": 0.3,
      "twait": 4.712107533937545
    },
    "F9": {
      "rho": 0.4989062242320967,
      "capacity": 1.0,
      "tserv": 1.6630207474403222,
      "stddev": 2.0593623733982613,
      "mu": 0.6013154084452486,
      "cv": 1.2383263266967521,
      "lambda": 0.3,
      "twait": 2.0973952571995667
    },
    "F10": {
      "rho": 0.6388835929924661,
      "capacity": 1.0,
      "tserv": 2.129611976641554,
      "stddev": 2.482580239183701,
      "mu": 0.46956910975727256,
      "cv": 1.1657429928144871,
      "lambda": 0.3,
      "twait": 4.443907120017956
    }
  },
  "extra": {
    "conv_gen": 33,
    "max_gen": 600,
    "population": 600,
    "deltatime": 47.6777201,
    "obj_func": 36.382115777929236
  },
  "network": [
    [
      0.0,
      1.1919318753363763,
      1.5880838141293765,
      1.079860848827419,
      1.333174140819424,
      1.66160514210681,
      1.120967854654761,
      1.2735828711467336,
      2.0266522602335004,
      2.0266522602335004
    ],
    [
      1.1919318753363763,
      0.0,
      1.2618616986182865,
      1.0782702707987366,
      1.115897731783696,
      1.1813711462987007,
      1.059987601767788,
      2.0266522602335004,
      1.451342126775289,
      1.451342126775289
    ],
    [
      1.5880838141293765,
      1.2618616986182865,
      0.0,
      1.8047845598769838,
      1.8865781838319529,
      1.9327701801962278,
      1.2735828711467336,
      1.451342126775289,
      1.5401717303015767,
      1.5401717303015767
    ],
    [
      1.079860848827419,
      1.0782702707987366,
      1.8047845598769838,
      0.0,
      1.8266921806813388,
      1.120967854654761,
      2.0266522602335004,
      1.5401717303015767,
      1.587668630246562,
      1.587668630246562
    ],
    [
      1.333174140819424,
      1.115897731783696,
      1.8865781838319529,
      1.8266921806813388,
      0.0,
      1.059987601767788,
      1.451342126775289,
      1.587668630246562,
      1.5309133788624885,
      1.5309133788624885
    ],
    [
      1.66160514210681,
      1.1813711462987007,
      1.9327701801962278,
      1.120967854654761,
      1.059987601767788,
      0.0,
      1.5401717303015767,
      1.5309133788624885,
      1.0699438821120355,
      1.0699438821120355
    ],
    [
      1.120967854654761,
      1.059987601767788,
      1.2735828711467336,
      2.0266522602335004,
      1.451342126775289,
      1.5401717303015767,
      0.0,
      1.0699438821120355,
      0.96575388637449,
      0.96575388637449
    ],
    [
      1.2735828711467336,
      2.0266522602335004,
      1.451342126775289,
      1.5401717303015767,
      1.587668630246562,
      1.5309133788624885,
      1.0699438821120355,
      0.0,
      1.793147965842507,
      1.793147965842507
    ],
    [
      2.0266522602335004,
      1.451342126775289,
      1.5401717303015767,
      1.587668630246562,
      1.5309133788624885,
      1.0699438821120355,
      0.96575388637449,
      1.793147965842507,
      0.0,
      1.7137607033612863
    ],
    [
      2.0266522602335004,
      1.451342126775289,
      1.5401717303015767,
      1.587668630246562,
      1.5309133788624885,
      1.0699438821120355,
      0.96575388637449,
      1.793147965842507,
      1.7137607033612863,
      0.0
    ]
  ]
}