{
  "servicechain": {
    "SC1": {
      "resptime": 34.11476447898306,
      "resptime_old": 24.11476447898306,
      "waittime": 18.70068233321634,
      "servicetime": 10.0,
      "networktime": 5.414082145766726,
      "services": {
        "MS1_1": {
          "meanserv": 0.595165459365109,
          "stddevserv": 0.595165459365109,
          "rate": 1.6802050325076778,
          "cv": 1.0,
          "lambda": 0.225
        },
        "MS1_2": {
          "meanserv": 1.3326663426088214,
          "stddevserv": 1.3326663426088214,
          "rate": 0.7503753700587985,
          "cv": 1.0,
          "lambda": 0.225
        },
        "MS1_3": {
          "meanserv": 1.4926991263267817,
          "stddevserv": 1.4926991263267817,
          "rate": 0.6699273700660557,
          "cv": 1.0,
          "lambda": 0.225
        },
        "MS1_4": {
          "meanserv": 0.14069960083748967,
          "stddevserv": 0.14069960083748967,
          "rate": 7.107340703510711,
          "cv": 1.0,
          "lambda": 0.225
        },
        "MS1_5": {
          "meanserv": 1.9271576853238201,
          "stddevserv": 1.9271576853238201,
          "rate": 0.5188988984219888,
          "cv": 1.0,
          "lambda": 0.225
        },
        "MS1_6": {
          "meanserv": 0.009803870574836004,
          "stddevserv": 0.009803870574836004,
          "rate": 102.00053054216575,
          "cv": 1.0,
          "lambda": 0.225
        },
        "MS1_7": {
          "meanserv": 0.27234403943693586,
          "stddevserv": 0.27234403943693586,
          "rate": 3.671826275572154,
          "cv": 1.0,
          "lambda": 0.225
        },
        "MS1_8": {
          "meanserv": 1.6861424007567454,
          "stddevserv": 1.6861424007567454,
          "rate": 0.5930697191122157,
          "cv": 1.0,
          "lambda": 0.225
        },
        "MS1_9": {
          "meanserv": 1.803107309842642,
          "stddevserv": 1.803107309842642,
          "rate": 0.5545981620402118,
          "cv": 1.0,
          "lambda": 0.225
        },
        "MS1_10": {
          "meanserv": 0.7402141649268188,
          "stddevserv": 0.7402141649268188,
          "rate": 1.3509603671241077,
          "cv": 1.0,
          "lambda": 0.225
        }
      },
      "sensors": [
        "S1"
      ],
      "sources": [
        {
          "startTime": 0,
          "stopTime": -1,
          "lambda": 0.225
        }
      ]
    },
    "SC2": {
      "resptime": 33.13134083255406,
      "resptime_old": 23.131340832554063,
      "waittime": 18.61520324923146,
      "servicetime": 10.0,
      "networktime": 4.516137583322597,
      "services": {
        "MS2_1": {
          "meanserv": 1.4886668892149324,
          "stddevserv": 1.4886668892149324,
          "rate": 0.6717419506303138,
          "cv": 1.0,
          "lambda": 0.225
        },
        "MS2_2": {
          "meanserv": 1.0149619792466733,
          "stddevserv": 1.0149619792466733,
          "rate": 0.9852585815502386,
          "cv": 1.0,
          "lambda": 0.225
        },
        "MS2_3": {
          "meanserv": 0.2547832716066294,
          "stddevserv": 0.2547832716066294,
          "rate": 3.924904463680575,
          "cv": 1.0,
          "lambda": 0.225
        },
        "MS2_4": {
          "meanserv": 2.737580525555714,
          "stddevserv": 2.737580525555714,
          "rate": 0.36528605849758716,
          "cv": 1.0,
          "lambda": 0.225
        },
        "MS2_5": {
          "meanserv": 0.12865880334114,
          "stddevserv": 0.12865880334114,
          "rate": 7.772495733140707,
          "cv": 1.0,
          "lambda": 0.225
        },
        "MS2_6": {
          "meanserv": 0.33596547879855354,
          "stddevserv": 0.33596547879855354,
          "rate": 2.976496286392581,
          "cv": 1.0,
          "lambda": 0.225
        },
        "MS2_7": {
          "meanserv": 0.4847464002319768,
          "stddevserv": 0.4847464002319768,
          "rate": 2.0629343498403436,
          "cv": 1.0,
          "lambda": 0.225
        },
        "MS2_8": {
          "meanserv": 0.8168494741019208,
          "stddevserv": 0.8168494741019208,
          "rate": 1.2242157603142767,
          "cv": 1.0,
          "lambda": 0.225
        },
        "MS2_9": {
          "meanserv": 0.9965797295321348,
          "stddevserv": 0.9965797295321348,
          "rate": 1.0034320088664366,
          "cv": 1.0,
          "lambda": 0.225
        },
        "MS2_10": {
          "meanserv": 1.741207448370325,
          "stddevserv": 1.741207448370325,
          "rate": 0.57431410653334,
          "cv": 1.0,
          "lambda": 0.225
        }
      },
      "sensors": [
        "S2"
      ],
      "sources": [
        {
          "startTime": 0,
          "stopTime": -1,
          "lambda": 0.225
        }
      ]
    },
    "SC3": {
      "resptime": 32.93109602041023,
      "resptime_old": 22.931096020410234,
      "waittime": 18.27926862133441,
      "servicetime": 10.0,
      "networktime": 4.65182739907582,
      "services": {
        "MS3_1": {
          "meanserv": 2.3377418593352917,
          "stddevserv": 2.3377418593352917,
          "rate": 0.42776322629750824,
          "cv": 1.0,
          "lambda": 0.225
        },
        "MS3_2": {
          "meanserv": 0.2010846547476377,
          "stddevserv": 0.2010846547476377,
          "rate": 4.973029897557351,
          "cv": 1.0,
          "lambda": 0.225
        },
        "MS3_3": {
          "meanserv": 1.1626186319914065,
          "stddevserv": 1.1626186319914065,
          "rate": 0.8601272786133979,
          "cv": 1.0,
          "lambda": 0.225
        },
        "MS3_4": {
          "meanserv": 0.21811609882135174,
          "stddevserv": 0.21811609882135174,
          "rate": 4.584714312257397,
          "cv": 1.0,
          "lambda": 0.225
        },
        "MS3_5": {
          "meanserv": 0.6430023878532429,
          "stddevserv": 0.6430023878532429,
          "rate": 1.5552041779170456,
          "cv": 1.0,
          "lambda": 0.225
        },
        "MS3_6": {
          "meanserv": 2.324391797732887,
          "stddevserv": 2.324391797732887,
          "rate": 0.4302200691705062,
          "cv": 1.0,
          "lambda": 0.225
        },
        "MS3_7": {
          "meanserv": 0.38272766495974153,
          "stddevserv": 0.38272766495974153,
          "rate": 2.6128239256108867,
          "cv": 1.0,
          "lambda": 0.225
        },
        "MS3_8": {
          "meanserv": 0.0025909559366024126,
          "stddevserv": 0.0025909559366024126,
          "rate": 385.9579338548404,
          "cv": 1.0,
          "lambda": 0.225
        },
        "MS3_9": {
          "meanserv": 1.6951064911621305,
          "stddevserv": 1.6951064911621305,
          "rate": 0.5899334379366457,
          "cv": 1.0,
          "lambda": 0.225
        },
        "MS3_10": {
          "meanserv": 1.0326194574597078,
          "stddevserv": 1.0326194574597078,
          "rate": 0.9684109598903421,
          "cv": 1.0,
          "lambda": 0.225
        }
      },
      "sensors": [
        "S3"
      ],
      "sources": [
        {
          "startTime": 0,
          "stopTime": -1,
          "lambda": 0.225
        }
      ]
    },
    "SC4": {
      "resptime": 34.199063991915935,
      "resptime_old": 24.19906399191593,
      "waittime": 19.411016106415104,
      "servicetime": 10.0,
      "networktime": 4.788047885500833,
      "services": {
        "MS4_1": {
          "meanserv": 1.9875306146452199,
          "stddevserv": 1.9875306146452199,
          "rate": 0.5031369039709122,
          "cv": 1.0,
          "lambda": 0.225
        },
        "MS4_2": {
          "meanserv": 0.416310455296762,
          "stddevserv": 0.416310455296762,
          "rate": 2.402053533071039,
          "cv": 1.0,
          "lambda": 0.225
        },
        "MS4_3": {
          "meanserv": 0.07115009873271738,
          "stddevserv": 0.07115009873271738,
          "rate": 14.054794270301748,
          "cv": 1.0,
          "lambda": 0.225
        },
        "MS4_4": {
          "meanserv": 1.2338242786816491,
          "stddevserv": 1.2338242786816491,
          "rate": 0.8104881848074086,
          "cv": 1.0,
          "lambda": 0.225
        },
        "MS4_5": {
          "meanserv": 2.664127999127811,
          "stddevserv": 2.664127999127811,
          "rate": 0.3753573403107443,
          "cv": 1.0,
          "lambda": 0.225
        },
        "MS4_6": {
          "meanserv": 1.4117116996357142,
          "stddevserv": 1.4117116996357142,
          "rate": 0.7083599294799678,
          "cv": 1.0,
          "lambda": 0.225
        },
        "MS4_7": {
          "meanserv": 0.712080415276227,
          "stddevserv": 0.712080415276227,
          "rate": 1.404335772403015,
          "cv": 1.0,
          "lambda": 0.225
        },
        "MS4_8": {
          "meanserv": 1.1341480370449588,
          "stddevserv": 1.1341480370449588,
          "rate": 0.8817191119119832,
          "cv": 1.0,
          "lambda": 0.225
        },
        "MS4_9": {
          "meanserv": 0.07455126904874909,
          "stddevserv": 0.07455126904874909,
          "rate": 13.413587894071927,
          "cv": 1.0,
          "lambda": 0.225
        },
        "MS4_10": {
          "meanserv": 0.2945651325101917,
          "stddevserv": 0.2945651325101917,
          "rate": 3.3948349265858915,
          "cv": 1.0,
          "lambda": 0.225
        }
      },
      "sensors": [
        "S4"
      ],
      "sources": [
        {
          "startTime": 0,
          "stopTime": -1,
          "lambda": 0.225
        }
      ]
    }
  },
  "microservice": {
    "MS1_1": "F1",
    "MS1_2": "F5",
    "MS1_3": "F5",
    "MS1_4": "F10",
    "MS1_5": "F12",
    "MS1_6": "F14",
    "MS1_7": "F14",
    "MS1_8": "F1",
    "MS1_9": "F3",
    "MS1_10": "F3",
    "MS2_1": "F15",
    "MS2_2": "F8",
    "MS2_3": "F10",
    "MS2_4": "F6",
    "MS2_5": "F10",
    "MS2_6": "F10",
    "MS2_7": "F10",
    "MS2_8": "F10",
    "MS2_9": "F7",
    "MS2_10": "F7",
    "MS3_1": "F2",
    "MS3_2": "F13",
    "MS3_3": "F13",
    "MS3_4": "F4",
    "MS3_5": "F4",
    "MS3_6": "F9",
    "MS3_7": "F10",
    "MS3_8": "F10",
    "MS3_9": "F4",
    "MS3_10": "F12",
    "MS4_1": "F8",
    "MS4_2": "F1",
    "MS4_3": "F13",
    "MS4_4": "F13",
    "MS4_5": "F11",
    "MS4_6": "F15",
    "MS4_7": "F14",
    "MS4_8": "F14",
    "MS4_9": "F14",
    "MS4_10": "F14"
  },
  "sensor": {
    "S1": "F1",
    "S2": "F15",
    "S3": "F2",
    "S4": "F8"
  },
  "fog": {
    "F1": {
      "rho": 0.6069641209691887,
      "capacity": 1.0,
      "tserv": 0.8992061051395388,
      "stddev": 1.1993762505458327,
      "mu": 1.1120920935527012,
      "cv": 1.3338168454269042,
      "lambda": 0.675,
      "twait": 1.9295638294122188
    },
    "F2": {
      "rho": 0.5259919183504406,
      "capacity": 1.0,
      "tserv": 2.3377418593352917,
      "stddev": 2.3377418593352917,
      "mu": 0.42776322629750824,
      "cv": 1.0,
      "lambda": 0.225,
      "twait": 2.5941189038818546
    },
    "F3": {
      "rho": 0.5722473318231287,
      "capacity": 1.0,
      "tserv": 1.2716607373847304,
      "stddev": 1.4771567113073687,
      "mu": 0.7863732602585325,
      "cv": 1.1615965389835474,
      "lambda": 0.45,
      "twait": 1.998352048429447
    },
    "F4": {
      "rho": 0.5751506200132632,
      "capacity": 1.0,
      "tserv": 0.8520749926122417,
      "stddev": 1.223482742059808,
      "mu": 1.1736056200103449,
      "cv": 1.4358862220670578,
      "lambda": 0.675,
      "twait": 1.765903158344431
    },
    "F5": {
      "rho": 0.6357072305105107,
      "capacity": 1.0,
      "tserv": 1.4126827344678015,
      "stddev": 1.4172077314902305,
      "mu": 0.7078730245660778,
      "cv": 1.0032031233284193,
      "lambda": 0.45,
      "twait": 2.473103735536244
    },
    "F6": {
      "rho": 0.6159556182500356,
      "capacity": 1.0,
      "tserv": 2.737580525555714,
      "stddev": 2.737580525555714,
      "mu": 0.36528605849758716,
      "cv": 1.0,
      "lambda": 0.225,
      "twait": 4.390711556420481
    },
    "F7": {
      "rho": 0.6160021150280536,
      "capacity": 1.0,
      "tserv": 1.36889358895123,
      "stddev": 1.4666645416395878,
      "mu": 0.7305169722988799,
      "cv": 1.0714233403366762,
      "lambda": 0.45,
      "twait": 2.3583965067163217
    },
    "F8": {
      "rho": 0.675560833625676,
      "capacity": 1.0,
      "tserv": 1.5012462969459466,
      "stddev": 1.6512677915390988,
      "mu": 0.6661132167548691,
      "cv": 1.0999313003458178,
      "lambda": 0.45,
      "twait": 3.453947343359522
    },
    "F9": {
      "rho": 0.5229881544898997,
      "capacity": 1.0,
      "tserv": 2.324391797732887,
      "stddev": 2.324391797732887,
      "mu": 0.4302200691705062,
      "cv": 1.0,
      "lambda": 0.225,
      "twait": 2.548425973170184
    },
    "F10": {
      "rho": 0.5730798712081621,
      "capacity": 1.0,
      "tserv": 0.31837770622675665,
      "stddev": 0.4629764148840963,
      "mu": 3.1409234391800496,
      "cv": 1.4541734732970053,
      "lambda": 1.8000000000000003,
      "twait": 0.6655586207872897
    },
    "F11": {
      "rho": 0.5994287998037574,
      "capacity": 1.0,
      "tserv": 2.664127999127811,
      "stddev": 2.664127999127811,
      "mu": 0.3753573403107443,
      "cv": 1.0,
      "lambda": 0.225,
      "twait": 3.9866946207276257
    },
    "F12": {
      "rho": 0.6659498571262938,
      "capacity": 1.0,
      "tserv": 1.479888571391764,
      "stddev": 1.6094003555023497,
      "mu": 0.6757265508575069,
      "cv": 1.0875145511724482,
      "lambda": 0.45,
      "twait": 3.219737972729197
    },
    "F13": {
      "rho": 0.6004524744345174,
      "capacity": 1.0,
      "tserv": 0.6671694160383527,
      "stddev": 1.0072913554797835,
      "mu": 1.4988696663255234,
      "cv": 1.5097984578805674,
      "lambda": 0.9,
      "twait": 1.6440795274726507
    },
    "F14": {
      "rho": 0.5619358718756772,
      "capacity": 1.0,
      "tserv": 0.41624879398198306,
      "stddev": 0.6928576123517086,
      "mu": 2.4024093630005425,
      "cv": 1.664527615139945,
      "lambda": 1.35,
      "twait": 1.006673256472017
    },
    "F15": {
      "rho": 0.6525851824913955,
      "capacity": 1.0,
      "tserv": 1.4501892944253234,
      "stddev": 1.4512098539726788,
      "mu": 0.689565151145511,
      "cv": 1.000703742298525,
      "lambda": 0.45,
      "twait": 2.725958232082369
    }
  },
  "extra": {
    "deltatime": 3.8052971,
    "conv": 9,
    "obj_func": 33.594066330965816
  },
  "network": [
    [
      0.0,
      1.280356447463976,
      0.8515864156125666,
      0.9756466414459978,
      0.6383320844763022,
      1.1674245709243187,
      0.7848147622101612,
      0.5991717872641203,
      1.2973257729965761,
      1.0406324560670364,
      1.092233258495648,
      1.1605413189554639,
      0.831212964142354,
      0.6803482073217686,
      0.6803482073217686
    ],
    [
      1.280356447463976,
      0.0,
      0.7982007678771557,
      0.934971820058786,
      0.7626562206106732,
      1.049320929779921,
      1.0301727140103352,
      1.2292675957022283,
      0.8503546221853615,
      0.5895213138635985,
      0.8237446658488452,
      0.7455703968575947,
      0.6803482073217686,
      1.2533635453990237,
      1.2533635453990237
    ],
    [
      0.8515864156125666,
      0.7982007678771557,
      0.0,
      0.8562501655842171,
      0.9374339665763477,
      1.0484503577273998,
      1.0045505350472486,
      1.0207065443058774,
      0.4477869836633097,
      0.8485381324273735,
      0.8123716371479218,
      0.831212964142354,
      1.2533635453990237,
      0.9855709878004708,
      0.9855709878004708
    ],
    [
      0.9756466414459978,
      0.934971820058786,
      0.8562501655842171,
      0.0,
      1.2894078554875767,
      1.0742691303879957,
      1.1631687386543101,
      1.202093210177282,
      0.906149650829784,
      0.6538399489444341,
      1.1605413189554639,
      0.6803482073217686,
      0.9855709878004708,
      1.1228133090605823,
      1.1228133090605823
    ],
    [
      0.6383320844763022,
      0.7626562206106732,
      0.9374339665763477,
      1.2894078554875767,
      0.0,
      1.1710982208790224,
      1.2666002970482304,
      0.8485755341832947,
      0.836923673636145,
      1.092233258495648,
      0.7455703968575947,
      1.2533635453990237,
      1.1228133090605823,
      1.205091038321768,
      1.205091038321768
    ],
    [
      1.1674245709243187,
      1.049320929779921,
      1.0484503577273998,
      1.0742691303879957,
      1.1710982208790224,
      0.0,
      1.0364676166908318,
      0.6860981776001192,
      1.0406324560670364,
      0.8237446658488452,
      0.831212964142354,
      0.9855709878004708,
      1.205091038321768,
      0.7465761728207171,
      0.7465761728207171
    ],
    [
      0.7848147622101612,
      1.0301727140103352,
      1.0045505350472486,
      1.1631687386543101,
      1.2666002970482304,
      1.0364676166908318,
      0.0,
      1.2973257729965761,
      0.5895213138635985,
      0.8123716371479218,
      0.6803482073217686,
      1.1228133090605823,
      0.7465761728207171,
      1.388831974154295,
      1.388831974154295
    ],
    [
      0.5991717872641203,
      1.2292675957022283,
      1.0207065443058774,
      1.202093210177282,
      0.8485755341832947,
      0.6860981776001192,
      1.2973257729965761,
      0.0,
      0.8485381324273735,
      1.1605413189554639,
      1.2533635453990237,
      1.205091038321768,
      1.388831974154295,
      0.8957352955215214,
      0.8957352955215214
    ],
    [
      1.2973257729965761,
      0.8503546221853615,
      0.4477869836633097,
      0.906149650829784,
      0.836923673636145,
      1.0406324560670364,
      0.5895213138635985,
      0.8485381324273735,
      0.0,
      0.7455703968575947,
      0.9855709878004708,
      0.7465761728207171,
      0.8957352955215214,
      0.9332682932627112,
      0.9332682932627112
    ],
    [
      1.0406324560670364,
      0.5895213138635985,
      0.8485381324273735,
      0.6538399489444341,
      1.092233258495648,
      0.8237446658488452,
      0.8123716371479218,
      1.1605413189554639,
      0.7455703968575947,
      0.0,
      1.1228133090605823,
      1.388831974154295,
      0.9332682932627112,
      1.1261591677613143,
      1.1261591677613143
    ],
    [
      1.092233258495648,
      0.8237446658488452,
      0.8123716371479218,
      1.1605413189554639,
      0.7455703968575947,
      0.831212964142354,
      0.6803482073217686,
      1.2533635453990237,
      0.9855709878004708,
      1.1228133090605823,
      0.0,
      0.8957352955215214,
      1.1261591677613143,
      1.0360830426170398,
      1.0360830426170398
    ],
    [
      1.1605413189554639,
      0.7455703968575947,
      0.831212964142354,
      0.6803482073217686,
      1.2533635453990237,
      0.9855709878004708,
      1.1228133090605823,
      1.205091038321768,
      0.7465761728207171,
      1.388831974154295,
      0.8957352955215214,
      0.0,
      1.0360830426170398,
      0.7627502057061448,
      0.7627502057061448
    ],
    [
      0.831212964142354,
      0.6803482073217686,
      1.2533635453990237,
      0.9855709878004708,
      1.1228133090605823,
      1.205091038321768,
      0.7465761728207171,
      1.388831974154295,
      0.8957352955215214,
      0.9332682932627112,
      1.1261591677613143,
      1.0360830426170398,
      0.0,
      1.2150003154138038,
      1.2150003154138038
    ],
    [
      0.6803482073217686,
      1.2533635453990237,
      0.9855709878004708,
      1.1228133090605823,
      1.205091038321768,
      0.7465761728207171,
      1.388831974154295,
      0.8957352955215214,
      0.9332682932627112,
      1.1261591677613143,
      1.0360830426170398,
      0.7627502057061448,
      1.2150003154138038,
      0.0,
      1.1954209237160052
    ],
    [
      0.6803482073217686,
      1.2533635453990237,
      0.9855709878004708,
      1.1228133090605823,
      1.205091038321768,
      0.7465761728207171,
      1.388831974154295,
      0.8957352955215214,
      0.9332682932627112,
      1.1261591677613143,
      1.0360830426170398,
      0.7627502057061448,
      1.2150003154138038,
      1.1954209237160052,
      0.0
    ]
  ]
}