{
  "servicechain": {
    "SC1": {
      "resptime": 27.37428975095998,
      "resptime_old": 17.374289750959985,
      "waittime": 13.104704747816399,
      "servicetime": 10.0,
      "networktime": 4.2695850031435825,
      "services": {
        "MS1_1": {
          "meanserv": 0.1197680635788001,
          "stddevserv": 0.1197680635788001,
          "rate": 8.349471220615175,
          "cv": 1.0,
          "lambda": 0.15
        },
        "MS1_2": {
          "meanserv": 3.3018174827363844,
          "stddevserv": 3.3018174827363844,
          "rate": 0.30286350024752096,
          "cv": 1.0,
          "lambda": 0.15
        },
        "MS1_3": {
          "meanserv": 0.6218014908839811,
          "stddevserv": 0.6218014908839811,
          "rate": 1.6082303028549432,
          "cv": 1.0,
          "lambda": 0.15
        },
        "MS1_4": {
          "meanserv": 3.867084704642769,
          "stddevserv": 3.867084704642769,
          "rate": 0.2585927323493622,
          "cv": 1.0,
          "lambda": 0.15
        },
        "MS1_5": {
          "meanserv": 0.9563466941329608,
          "stddevserv": 0.9563466941329608,
          "rate": 1.0456459003150693,
          "cv": 1.0,
          "lambda": 0.15
        },
        "MS1_6": {
          "meanserv": 0.0746206850198714,
          "stddevserv": 0.0746206850198714,
          "rate": 13.401109889753775,
          "cv": 1.0,
          "lambda": 0.15
        },
        "MS1_7": {
          "meanserv": 0.30463640902113376,
          "stddevserv": 0.30463640902113376,
          "rate": 3.2826017192535457,
          "cv": 1.0,
          "lambda": 0.15
        },
        "MS1_8": {
          "meanserv": 0.2232244597288151,
          "stddevserv": 0.2232244597288151,
          "rate": 4.479795812765559,
          "cv": 1.0,
          "lambda": 0.15
        },
        "MS1_9": {
          "meanserv": 0.5307000102552841,
          "stddevserv": 0.5307000102552841,
          "rate": 1.8843037133520446,
          "cv": 1.0,
          "lambda": 0.15
        }
      },
      "sensors": [
        "S1"
      ],
      "sources": [
        {
          "startTime": 0,
          "stopTime": -1,
          "lambda": 0.15
        }
      ]
    },
    "SC2": {
      "resptime": 36.594180454721744,
      "resptime_old": 26.594180454721748,
      "waittime": 21.886008007541303,
      "servicetime": 10.0,
      "networktime": 4.708172447180441,
      "services": {
        "MS2_1": {
          "meanserv": 0.24067425909897855,
          "stddevserv": 0.24067425909897855,
          "rate": 4.154993574068695,
          "cv": 1.0,
          "lambda": 0.15
        },
        "MS2_2": {
          "meanserv": 3.0545725723773676,
          "stddevserv": 3.0545725723773676,
          "rate": 0.3273780459639569,
          "cv": 1.0,
          "lambda": 0.15
        },
        "MS2_3": {
          "meanserv": 1.5213621551911496,
          "stddevserv": 1.5213621551911496,
          "rate": 0.6573056892389677,
          "cv": 1.0,
          "lambda": 0.15
        },
        "MS2_4": {
          "meanserv": 0.2865674883255096,
          "stddevserv": 0.2865674883255096,
          "rate": 3.4895793861448388,
          "cv": 1.0,
          "lambda": 0.15
        },
        "MS2_5": {
          "meanserv": 1.2331770925108136,
          "stddevserv": 1.2331770925108136,
          "rate": 0.8109135387553682,
          "cv": 1.0,
          "lambda": 0.15
        },
        "MS2_6": {
          "meanserv": 0.3810105269200754,
          "stddevserv": 0.3810105269200754,
          "rate": 2.6245993990863408,
          "cv": 1.0,
          "lambda": 0.15
        },
        "MS2_7": {
          "meanserv": 0.09299842194872987,
          "stddevserv": 0.09299842194872987,
          "rate": 10.752870629904892,
          "cv": 1.0,
          "lambda": 0.15
        },
        "MS2_8": {
          "meanserv": 3.1079960322466302,
          "stddevserv": 3.1079960322466302,
          "rate": 0.32175073250564773,
          "cv": 1.0,
          "lambda": 0.15
        },
        "MS2_9": {
          "meanserv": 0.08164145138074552,
          "stddevserv": 0.08164145138074552,
          "rate": 12.248679844462465,
          "cv": 1.0,
          "lambda": 0.15
        }
      },
      "sensors": [
        "S2"
      ],
      "sources": [
        {
          "startTime": 0,
          "stopTime": -1,
          "lambda": 0.15
        }
      ]
    },
    "SC3": {
      "resptime": 34.50730351630842,
      "resptime_old": 24.50730351630842,
      "waittime": 21.03466690453996,
      "servicetime": 10.0,
      "networktime": 3.472636611768456,
      "services": {
        "MS3_1": {
          "meanserv": 0.24419318760064868,
          "stddevserv": 0.24419318760064868,
          "rate": 4.095118335714553,
          "cv": 1.0,
          "lambda": 0.15
        },
        "MS3_2": {
          "meanserv": 0.5489287552056166,
          "stddevserv": 0.5489287552056166,
          "rate": 1.821730034210764,
          "cv": 1.0,
          "lambda": 0.15
        },
        "MS3_3": {
          "meanserv": 0.4553402954060093,
          "stddevserv": 0.4553402954060093,
          "rate": 2.19615968560028,
          "cv": 1.0,
          "lambda": 0.15
        },
        "MS3_4": {
          "meanserv": 0.8887431128578982,
          "stddevserv": 0.8887431128578982,
          "rate": 1.1251845280514605,
          "cv": 1.0,
          "lambda": 0.15
        },
        "MS3_5": {
          "meanserv": 1.0271563246682414,
          "stddevserv": 1.0271563246682414,
          "rate": 0.9735616439133424,
          "cv": 1.0,
          "lambda": 0.15
        },
        "MS3_6": {
          "meanserv": 1.5704836810078993,
          "stddevserv": 1.5704836810078993,
          "rate": 0.6367465081574255,
          "cv": 1.0,
          "lambda": 0.15
        },
        "MS3_7": {
          "meanserv": 2.4198153871529664,
          "stddevserv": 2.4198153871529664,
          "rate": 0.4132546661654838,
          "cv": 1.0,
          "lambda": 0.15
        },
        "MS3_8": {
          "meanserv": 0.9486239070792681,
          "stddevserv": 0.9486239070792681,
          "rate": 1.0541585474889774,
          "cv": 1.0,
          "lambda": 0.15
        },
        "MS3_9": {
          "meanserv": 1.8967153490214521,
          "stddevserv": 1.8967153490214521,
          "rate": 0.5272272407749097,
          "cv": 1.0,
          "lambda": 0.15
        }
      },
      "sensors": [
        "S3"
      ],
      "sources": [
        {
          "startTime": 0,
          "stopTime": -1,
          "lambda": 0.15
        }
      ]
    },
    "SC4": {
      "resptime": 32.68624838867508,
      "resptime_old": 22.686248388675086,
      "waittime": 18.27447778524302,
      "servicetime": 10.0,
      "networktime": 4.411770603432067,
      "services": {
        "MS4_1": {
          "meanserv": 1.6614022785113225,
          "stddevserv": 1.6614022785113225,
          "rate": 0.6019011848810252,
          "cv": 1.0,
          "lambda": 0.15
        },
        "MS4_2": {
          "meanserv": 0.8873274533549782,
          "stddevserv": 0.8873274533549782,
          "rate": 1.1269796693644583,
          "cv": 1.0,
          "lambda": 0.15
        },
        "MS4_3": {
          "meanserv": 2.11587357726831,
          "stddevserv": 2.11587357726831,
          "rate": 0.47261802914096873,
          "cv": 1.0,
          "lambda": 0.15
        },
        "MS4_4": {
          "meanserv": 1.7288006716769058,
          "stddevserv": 1.7288006716769058,
          "rate": 0.5784356845662363,
          "cv": 1.0,
          "lambda": 0.15
        },
        "MS4_5": {
          "meanserv": 0.12388041683232576,
          "stddevserv": 0.12388041683232576,
          "rate": 8.072300897675513,
          "cv": 1.0,
          "lambda": 0.15
        },
        "MS4_6": {
          "meanserv": 1.0500633475220846,
          "stddevserv": 1.0500633475220846,
          "rate": 0.9523234977773265,
          "cv": 1.0,
          "lambda": 0.15
        },
        "MS4_7": {
          "meanserv": 0.6912104027702615,
          "stddevserv": 0.6912104027702615,
          "rate": 1.4467374854200095,
          "cv": 1.0,
          "lambda": 0.15
        },
        "MS4_8": {
          "meanserv": 0.5272431657005292,
          "stddevserv": 0.5272431657005292,
          "rate": 1.896658060368285,
          "cv": 1.0,
          "lambda": 0.15
        },
        "MS4_9": {
          "meanserv": 1.2141986863632823,
          "stddevserv": 1.2141986863632823,
          "rate": 0.8235884383923677,
          "cv": 1.0,
          "lambda": 0.15
        }
      },
      "sensors": [
        "S4"
      ],
      "sources": [
        {
          "startTime": 0,
          "stopTime": -1,
          "lambda": 0.15
        }
      ]
    }
  },
  "microservice": {
    "MS1_1": "F2",
    "MS1_2": "F9",
    "MS1_3": "F2",
    "MS1_4": "F6",
    "MS1_5": "F2",
    "MS1_6": "F2",
    "MS1_7": "F2",
    "MS1_8": "F2",
    "MS1_9": "F2",
    "MS2_1": "F2",
    "MS2_2": "F10",
    "MS2_3": "F10",
    "MS2_4": "F7",
    "MS2_5": "F7",
    "MS2_6": "F2",
    "MS2_7": "F2",
    "MS2_8": "F4",
    "MS2_9": "F2",
    "MS3_1": "F7",
    "MS3_2": "F7",
    "MS3_3": "F7",
    "MS3_4": "F7",
    "MS3_5": "F8",
    "MS3_6": "F4",
    "MS3_7": "F5",
    "MS3_8": "F8",
    "MS3_9": "F8",
    "MS4_1": "F3",
    "MS4_2": "F3",
    "MS4_3": "F5",
    "MS4_4": "F3",
    "MS4_5": "F7",
    "MS4_6": "F1",
    "MS4_7": "F1",
    "MS4_8": "F1",
    "MS4_9": "F1"
  },
  "sensor": {
    "S1": "F2",
    "S2": "F2",
    "S3": "F7",
    "S4": "F3"
  },
  "fog": {
    "F1": {
      "rho": 0.5224073403534236,
      "capacity": 1.0,
      "tserv": 0.8706789005890394,
      "stddev": 0.9530228655676297,
      "mu": 1.1485290378846567,
      "cv": 1.0945744348724682,
      "lambda": 0.6,
      "twait": 1.046708505607339
    },
    "F2": {
      "rho": 0.5441133707954062,
      "capacity": 1.0,
      "tserv": 0.3297656792699432,
      "stddev": 0.4983119079980389,
      "mu": 3.03245626474491,
      "cv": 1.5111090672056424,
      "lambda": 1.6499999999999997,
      "twait": 0.6461576494083487
    },
    "F3": {
      "rho": 0.641629560531481,
      "capacity": 1.0,
      "tserv": 1.4258434678477356,
      "stddev": 1.5246452944219477,
      "mu": 0.701339258165181,
      "cv": 1.0692935997549229,
      "lambda": 0.44999999999999996,
      "twait": 2.7358671013453186
    },
    "F4": {
      "rho": 0.7017719569881794,
      "capacity": 1.0,
      "tserv": 2.3392398566272647,
      "stddev": 2.5795377923068648,
      "mu": 0.42748929622027226,
      "cv": 1.1027247954068564,
      "lambda": 0.3,
      "twait": 6.0990533651587
    },
    "F5": {
      "rho": 0.6803533446631915,
      "capacity": 1.0,
      "tserv": 2.2678444822106387,
      "stddev": 2.278005466936201,
      "mu": 0.4409473435432507,
      "cv": 1.0044804592225203,
      "lambda": 0.3,
      "twait": 4.848679313724063
    },
    "F6": {
      "rho": 0.5800627056964154,
      "capacity": 1.0,
      "tserv": 3.867084704642769,
      "stddev": 3.8670847046427697,
      "mu": 0.2585927323493622,
      "cv": 1.0000000000000002,
      "lambda": 0.15,
      "twait": 5.3416346853696455
    },
    "F7": {
      "rho": 0.5671245523108231,
      "capacity": 1.0,
      "tserv": 0.5401186212484029,
      "stddev": 0.7474330898674155,
      "mu": 1.8514451467876638,
      "cv": 1.3838313667835342,
      "lambda": 1.05,
      "twait": 1.0313631450536465
    },
    "F8": {
      "rho": 0.5808743371153441,
      "capacity": 1.0,
      "tserv": 1.2908318602563205,
      "stddev": 1.4266735693967012,
      "mu": 0.7746942346166061,
      "cv": 1.105235788891519,
      "lambda": 0.44999999999999996,
      "twait": 1.9871605484808708
    },
    "F9": {
      "rho": 0.49527262241045766,
      "capacity": 1.0,
      "tserv": 3.3018174827363844,
      "stddev": 3.3018174827363844,
      "mu": 0.30286350024752096,
      "cv": 1.0,
      "lambda": 0.15,
      "twait": 3.239966516588316
    },
    "F10": {
      "rho": 0.6863902091352776,
      "capacity": 1.0,
      "tserv": 2.287967363784259,
      "stddev": 2.531829723624015,
      "mu": 0.43706917145269814,
      "cv": 1.106584719563662,
      "lambda": 0.3,
      "twait": 5.5697988773209595
    }
  },
  "extra": {
    "conv_gen": 569,
    "max_gen": 600,
    "population": 600,
    "deltatime": 56.9428034,
    "obj_func": 32.79050552766631
  },
  "network": [
    [
      0.0,
      1.2664302858794811,
      2.1379589376051196,
      0.9017069353185283,
      1.2060680222582942,
      0.7840610743852745,
      0.9704715995059952,
      1.0821996494168495,
      1.3836625265981153,
      1.3836625265981153
    ],
    [
      1.2664302858794811,
      0.0,
      1.0746904226389027,
      0.6453825038254493,
      1.1239715501378087,
      0.9551530425170623,
      1.120188785131587,
      1.3836625265981153,
      1.1796394590547288,
      1.1796394590547288
    ],
    [
      2.1379589376051196,
      1.0746904226389027,
      0.0,
      0.8867868705456965,
      1.1795496772546112,
      1.3805629777072173,
      1.0821996494168495,
      1.1796394590547288,
      1.0224657505538286,
      1.0224657505538286
    ],
    [
      0.9017069353185283,
      0.6453825038254493,
      0.8867868705456965,
      0.0,
      0.729168323797971,
      0.9704715995059952,
      1.3836625265981153,
      1.0224657505538286,
      1.0951055450976632,
      1.0951055450976632
    ],
    [
      1.2060680222582942,
      1.1239715501378087,
      1.1795496772546112,
      0.729168323797971,
      0.0,
      1.120188785131587,
      1.1796394590547288,
      1.0951055450976632,
      1.2635560479738883,
      1.2635560479738883
    ],
    [
      0.7840610743852745,
      0.9551530425170623,
      1.3805629777072173,
      0.9704715995059952,
      1.120188785131587,
      0.0,
      1.0224657505538286,
      1.2635560479738883,
      0.625896992318993,
      0.625896992318993
    ],
    [
      0.9704715995059952,
      1.120188785131587,
      1.0821996494168495,
      1.3836625265981153,
      1.1796394590547288,
      1.0224657505538286,
      0.0,
      0.625896992318993,
      1.1175791953432264,
      1.1175791953432264
    ],
    [
      1.0821996494168495,
      1.3836625265981153,
      1.1796394590547288,
      1.0224657505538286,
      1.0951055450976632,
      1.2635560479738883,
      0.625896992318993,
      0.0,
      1.2389684034017951,
      1.2389684034017951
    ],
    [
      1.3836625265981153,
      1.1796394590547288,
      1.0224657505538286,
      1.0951055450976632,
      1.2635560479738883,
      0.625896992318993,
      1.1175791953432264,
      1.2389684034017951,
      0.0,
      1.0156437756898589
    ],
    [
      1.3836625265981153,
      1.1796394590547288,
      1.0224657505538286,
      1.0951055450976632,
      1.2635560479738883,
      0.625896992318993,
      1.1175791953432264,
      1.2389684034017951,
      1.0156437756898589,
      0.0
    ]
  ]
}