{
  "servicechain": {
    "SC1": {
      "resptime": 33.6612003438178,
      "resptime_old": 23.661200343817796,
      "waittime": 19.07666803173624,
      "servicetime": 10.0,
      "networktime": 4.584532312081557,
      "services": {
        "MS1_1": {
          "meanserv": 0.11003724733031461,
          "stddevserv": 0.11003724733031461,
          "rate": 9.08783184114154,
          "cv": 1.0,
          "lambda": 0.15
        },
        "MS1_2": {
          "meanserv": 1.1327660859000177,
          "stddevserv": 1.1327660859000177,
          "rate": 0.8827947909523343,
          "cv": 1.0,
          "lambda": 0.15
        },
        "MS1_3": {
          "meanserv": 3.0698787415016167,
          "stddevserv": 3.0698787415016167,
          "rate": 0.325745765290669,
          "cv": 1.0,
          "lambda": 0.15
        },
        "MS1_4": {
          "meanserv": 1.0091306719397384,
          "stddevserv": 1.0091306719397384,
          "rate": 0.9909519429013217,
          "cv": 1.0,
          "lambda": 0.15
        },
        "MS1_5": {
          "meanserv": 0.5427202822700901,
          "stddevserv": 0.5427202822700901,
          "rate": 1.8425697963916157,
          "cv": 1.0,
          "lambda": 0.15
        },
        "MS1_6": {
          "meanserv": 0.1640013170300776,
          "stddevserv": 0.1640013170300776,
          "rate": 6.097512008495649,
          "cv": 1.0,
          "lambda": 0.15
        },
        "MS1_7": {
          "meanserv": 2.8015993900336236,
          "stddevserv": 2.8015993900336236,
          "rate": 0.3569389697746895,
          "cv": 1.0,
          "lambda": 0.15
        },
        "MS1_8": {
          "meanserv": 0.8348870154788894,
          "stddevserv": 0.8348870154788894,
          "rate": 1.1977668612158283,
          "cv": 1.0,
          "lambda": 0.15
        },
        "MS1_9": {
          "meanserv": 0.33497924851563177,
          "stddevserv": 0.33497924851563177,
          "rate": 2.9852595479607302,
          "cv": 1.0,
          "lambda": 0.15
        }
      },
      "sensors": [
        "S1"
      ],
      "sources": [
        {
          "startTime": 0,
          "stopTime": -1,
          "lambda": 0.15
        }
      ]
    },
    "SC2": {
      "resptime": 35.655665927729814,
      "resptime_old": 25.655665927729814,
      "waittime": 20.85461012767272,
      "servicetime": 10.0,
      "networktime": 4.8010558000570915,
      "services": {
        "MS2_1": {
          "meanserv": 0.22787909638917858,
          "stddevserv": 0.22787909638917858,
          "rate": 4.388291931315064,
          "cv": 1.0,
          "lambda": 0.15
        },
        "MS2_2": {
          "meanserv": 0.9339875103977102,
          "stddevserv": 0.9339875103977102,
          "rate": 1.070678128847976,
          "cv": 1.0,
          "lambda": 0.15
        },
        "MS2_3": {
          "meanserv": 1.5821700385543547,
          "stddevserv": 1.5821700385543547,
          "rate": 0.632043317489257,
          "cv": 1.0,
          "lambda": 0.15
        },
        "MS2_4": {
          "meanserv": 1.2923097413471543,
          "stddevserv": 1.2923097413471543,
          "rate": 0.773808296885204,
          "cv": 1.0,
          "lambda": 0.15
        },
        "MS2_5": {
          "meanserv": 1.6701018507175611,
          "stddevserv": 1.6701018507175611,
          "rate": 0.5987658774046318,
          "cv": 1.0,
          "lambda": 0.15
        },
        "MS2_6": {
          "meanserv": 0.5843472680885542,
          "stddevserv": 0.5843472680885542,
          "rate": 1.711311157954205,
          "cv": 1.0,
          "lambda": 0.15
        },
        "MS2_7": {
          "meanserv": 1.8271205251172908,
          "stddevserv": 1.8271205251172908,
          "rate": 0.5473092695599846,
          "cv": 1.0,
          "lambda": 0.15
        },
        "MS2_8": {
          "meanserv": 0.03376390345091096,
          "stddevserv": 0.03376390345091096,
          "rate": 29.617428608451366,
          "cv": 1.0,
          "lambda": 0.15
        },
        "MS2_9": {
          "meanserv": 1.8483200659372852,
          "stddevserv": 1.8483200659372852,
          "rate": 0.541031836654816,
          "cv": 1.0,
          "lambda": 0.15
        }
      },
      "sensors": [
        "S2"
      ],
      "sources": [
        {
          "startTime": 0,
          "stopTime": -1,
          "lambda": 0.15
        }
      ]
    },
    "SC3": {
      "resptime": 29.19859863344372,
      "resptime_old": 19.19859863344372,
      "waittime": 15.491821513649247,
      "servicetime": 10.0,
      "networktime": 3.70677711979447,
      "services": {
        "MS3_1": {
          "meanserv": 0.20500214745076129,
          "stddevserv": 0.20500214745076129,
          "rate": 4.877997681659341,
          "cv": 1.0,
          "lambda": 0.15
        },
        "MS3_2": {
          "meanserv": 1.46651743342338,
          "stddevserv": 1.46651743342338,
          "rate": 0.6818875638359374,
          "cv": 1.0,
          "lambda": 0.15
        },
        "MS3_3": {
          "meanserv": 0.16384250595325778,
          "stddevserv": 0.16384250595325778,
          "rate": 6.103422272394244,
          "cv": 1.0,
          "lambda": 0.15
        },
        "MS3_4": {
          "meanserv": 0.46225172533302183,
          "stddevserv": 0.46225172533302183,
          "rate": 2.163323456022941,
          "cv": 1.0,
          "lambda": 0.15
        },
        "MS3_5": {
          "meanserv": 0.9567303019714033,
          "stddevserv": 0.9567303019714033,
          "rate": 1.0452266411332816,
          "cv": 1.0,
          "lambda": 0.15
        },
        "MS3_6": {
          "meanserv": 3.2606677130859,
          "stddevserv": 3.2606677130859,
          "rate": 0.3066856509133826,
          "cv": 1.0,
          "lambda": 0.15
        },
        "MS3_7": {
          "meanserv": 0.0547905125427528,
          "stddevserv": 0.0547905125427528,
          "rate": 18.251335013880446,
          "cv": 1.0,
          "lambda": 0.15
        },
        "MS3_8": {
          "meanserv": 1.896526159096858,
          "stddevserv": 1.896526159096858,
          "rate": 0.5272798348725168,
          "cv": 1.0,
          "lambda": 0.15
        },
        "MS3_9": {
          "meanserv": 1.5336715011426652,
          "stddevserv": 1.5336715011426652,
          "rate": 0.6520301115688385,
          "cv": 1.0,
          "lambda": 0.15
        }
      },
      "sensors": [
        "S3"
      ],
      "sources": [
        {
          "startTime": 0,
          "stopTime": -1,
          "lambda": 0.15
        }
      ]
    },
    "SC4": {
      "resptime": 33.45258243933716,
      "resptime_old": 23.452582439337156,
      "waittime": 18.86215160315436,
      "servicetime": 10.0,
      "networktime": 4.5904308361827955,
      "services": {
        "MS4_1": {
          "meanserv": 0.8660509664100791,
          "stddevserv": 0.8660509664100791,
          "rate": 1.1546664558844166,
          "cv": 1.0,
          "lambda": 0.15
        },
        "MS4_2": {
          "meanserv": 1.53311219041393,
          "stddevserv": 1.53311219041393,
          "rate": 0.6522679855086188,
          "cv": 1.0,
          "lambda": 0.15
        },
        "MS4_3": {
          "meanserv": 0.5495741667883594,
          "stddevserv": 0.5495741667883594,
          "rate": 1.8195906220335487,
          "cv": 1.0,
          "lambda": 0.15
        },
        "MS4_4": {
          "meanserv": 2.0450369188261934,
          "stddevserv": 2.0450369188261934,
          "rate": 0.48898872719323727,
          "cv": 1.0,
          "lambda": 0.15
        },
        "MS4_5": {
          "meanserv": 1.6430242482857276,
          "stddevserv": 1.6430242482857276,
          "rate": 0.6086337441722872,
          "cv": 1.0,
          "lambda": 0.15
        },
        "MS4_6": {
          "meanserv": 0.5992175117637162,
          "stddevserv": 0.5992175117637162,
          "rate": 1.6688430834683627,
          "cv": 1.0,
          "lambda": 0.15
        },
        "MS4_7": {
          "meanserv": 0.4153954599300711,
          "stddevserv": 0.4153954599300711,
          "rate": 2.4073445582875244,
          "cv": 1.0,
          "lambda": 0.15
        },
        "MS4_8": {
          "meanserv": 0.40969845505957814,
          "stddevserv": 0.40969845505957814,
          "rate": 2.4408195531383696,
          "cv": 1.0,
          "lambda": 0.15
        },
        "MS4_9": {
          "meanserv": 1.9388900825223452,
          "stddevserv": 1.9388900825223452,
          "rate": 0.51575899480546,
          "cv": 1.0,
          "lambda": 0.15
        }
      },
      "sensors": [
        "S4"
      ],
      "sources": [
        {
          "startTime": 0,
          "stopTime": -1,
          "lambda": 0.15
        }
      ]
    }
  },
  "microservice": {
    "MS1_1": "F5",
    "MS1_2": "F10",
    "MS1_3": "F10",
    "MS1_4": "F9",
    "MS1_5": "F5",
    "MS1_6": "F5",
    "MS1_7": "F1",
    "MS1_8": "F5",
    "MS1_9": "F5",
    "MS2_1": "F5",
    "MS2_2": "F9",
    "MS2_3": "F8",
    "MS2_4": "F8",
    "MS2_5": "F8",
    "MS2_6": "F9",
    "MS2_7": "F9",
    "MS2_8": "F5",
    "MS2_9": "F3",
    "MS3_1": "F7",
    "MS3_2": "F7",
    "MS3_3": "F7",
    "MS3_4": "F7",
    "MS3_5": "F7",
    "MS3_6": "F6",
    "MS3_7": "F5",
    "MS3_8": "F4",
    "MS3_9": "F4",
    "MS4_1": "F7",
    "MS4_2": "F2",
    "MS4_3": "F2",
    "MS4_4": "F2",
    "MS4_5": "F1",
    "MS4_6": "F5",
    "MS4_7": "F5",
    "MS4_8": "F5",
    "MS4_9": "F3"
  },
  "sensor": {
    "S1": "F5",
    "S2": "F5",
    "S3": "F7",
    "S4": "F7"
  },
  "fog": {
    "F1": {
      "rho": 0.6666935457479027,
      "capacity": 1.0,
      "tserv": 2.2223118191596756,
      "stddev": 2.368505436159028,
      "mu": 0.44998185735165225,
      "cv": 1.0657844753103247,
      "lambda": 0.3,
      "twait": 4.747202321521778
    },
    "F2": {
      "rho": 0.6191584914042725,
      "capacity": 1.0,
      "tserv": 1.3759077586761612,
      "stddev": 1.6319635437066116,
      "mu": 0.7267929072237783,
      "cv": 1.1860995284137479,
      "lambda": 0.44999999999999996,
      "twait": 2.691923253492118
    },
    "F3": {
      "rho": 0.5680815222689446,
      "capacity": 1.0,
      "tserv": 1.8936050742298154,
      "stddev": 1.8946877423736639,
      "mu": 0.5280932194410861,
      "cv": 1.0005717497056712,
      "lambda": 0.3,
      "twait": 2.491991725826777
    },
    "F4": {
      "rho": 0.5145296490359285,
      "capacity": 1.0,
      "tserv": 1.7150988301197616,
      "stddev": 1.7341844620678915,
      "mu": 0.5830567792587044,
      "cv": 1.0111280070937936,
      "lambda": 0.3,
      "twait": 1.8381018739070676
    },
    "F5": {
      "rho": 0.5591055074641816,
      "capacity": 1.0,
      "tserv": 0.3388518227055647,
      "stddev": 0.4799285956589704,
      "mu": 2.9511424551755194,
      "cv": 1.416337654101953,
      "lambda": 1.6499999999999997,
      "twait": 0.6458470607672165
    },
    "F6": {
      "rho": 0.489100156962885,
      "capacity": 1.0,
      "tserv": 3.2606677130859,
      "stddev": 3.2606677130859,
      "mu": 0.3066856509133826,
      "cv": 1.0,
      "lambda": 0.15,
      "twait": 3.1215376399289068
    },
    "F7": {
      "rho": 0.6180592620812855,
      "capacity": 1.0,
      "tserv": 0.6867325134236505,
      "stddev": 0.9458316974097719,
      "mu": 1.4561710425134515,
      "cv": 1.377292728859455,
      "lambda": 0.9,
      "twait": 1.6096466130277978
    },
    "F8": {
      "rho": 0.6816872445928605,
      "capacity": 1.0,
      "tserv": 1.51486054353969,
      "stddev": 1.5319623560845117,
      "mu": 0.6601267715794854,
      "cv": 1.0112893643033707,
      "lambda": 0.44999999999999996,
      "twait": 3.2810026799010394
    },
    "F9": {
      "rho": 0.6531878963314941,
      "capacity": 1.0,
      "tserv": 1.0886464938858236,
      "stddev": 1.264951807057508,
      "mu": 0.918571828060174,
      "cv": 1.1619490938168358,
      "lambda": 0.6,
      "twait": 2.409305413536132
    },
    "F10": {
      "rho": 0.630396724110245,
      "capacity": 1.0,
      "tserv": 2.101322413700817,
      "stddev": 2.50833781747343,
      "mu": 0.4758907978518229,
      "cv": 1.1936948852393308,
      "lambda": 0.3,
      "twait": 4.345462496421123
    }
  },
  "extra": {
    "deltatime": 2.6754529,
    "conv": 24,
    "obj_func": 32.99201183608212
  },
  "network": [
    [
      0.0,
      0.8263463678543953,
      1.0551750386246395,
      0.7365343716765634,
      1.2616040174324075,
      1.1553413894510072,
      1.1609950149062371,
      1.211675922736432,
      1.1327537467058204,
      1.1327537467058204
    ],
    [
      0.8263463678543953,
      0.0,
      0.8445084865446915,
      1.0223764742208796,
      1.0773921769803367,
      1.3065430593572553,
      0.8858935954274828,
      1.1327537467058204,
      1.1759389706572778,
      1.1759389706572778
    ],
    [
      1.0551750386246395,
      0.8445084865446915,
      0.0,
      0.9009943259499991,
      1.61658685546851,
      1.1593992171284948,
      1.211675922736432,
      1.1759389706572778,
      1.448162780683665,
      1.448162780683665
    ],
    [
      0.7365343716765634,
      1.0223764742208796,
      0.9009943259499991,
      0.0,
      1.3727207436833224,
      1.1609950149062371,
      1.1327537467058204,
      1.448162780683665,
      1.1933422947889725,
      1.1933422947889725
    ],
    [
      1.2616040174324075,
      1.0773921769803367,
      1.61658685546851,
      1.3727207436833224,
      0.0,
      0.8858935954274828,
      1.1759389706572778,
      1.1933422947889725,
      0.6761235489841124,
      0.6761235489841124
    ],
    [
      1.1553413894510072,
      1.3065430593572553,
      1.1593992171284948,
      1.1609950149062371,
      0.8858935954274828,
      0.0,
      1.448162780683665,
      0.6761235489841124,
      1.4776890899595396,
      1.4776890899595396
    ],
    [
      1.1609950149062371,
      0.8858935954274828,
      1.211675922736432,
      1.1327537467058204,
      1.1759389706572778,
      1.448162780683665,
      0.0,
      1.4776890899595396,
      1.2284707243784911,
      1.2284707243784911
    ],
    [
      1.211675922736432,
      1.1327537467058204,
      1.1759389706572778,
      1.448162780683665,
      1.1933422947889725,
      0.6761235489841124,
      1.4776890899595396,
      0.0,
      0.9161109233101783,
      0.9161109233101783
    ],
    [
      1.1327537467058204,
      1.1759389706572778,
      1.448162780683665,
      1.1933422947889725,
      0.6761235489841124,
      1.4776890899595396,
      1.2284707243784911,
      0.9161109233101783,
      0.0,
      0.7090771792485177
    ],
    [
      1.1327537467058204,
      1.1759389706572778,
      1.448162780683665,
      1.1933422947889725,
      0.6761235489841124,
      1.4776890899595396,
      1.2284707243784911,
      0.9161109233101783,
      0.7090771792485177,
      0.0
    ]
  ]
}