{
  "servicechain": {
    "SC1": {
      "resptime": 42.55393698303661,
      "resptime_old": 32.55393698303661,
      "waittime": 26.452847137136544,
      "servicetime": 10.0,
      "networktime": 6.101089845900064,
      "services": {
        "MS1_1": {
          "meanserv": 1.5602822570122532,
          "stddevserv": 1.5602822570122532,
          "rate": 0.6409096786852373,
          "cv": 1.0,
          "lambda": 0.15
        },
        "MS1_2": {
          "meanserv": 4.241522056356126,
          "stddevserv": 4.241522056356126,
          "rate": 0.2357644229390371,
          "cv": 1.0,
          "lambda": 0.15
        },
        "MS1_3": {
          "meanserv": 1.5900417109258864,
          "stddevserv": 1.5900417109258864,
          "rate": 0.6289143191204064,
          "cv": 1.0,
          "lambda": 0.15
        },
        "MS1_4": {
          "meanserv": 0.93871285355171,
          "stddevserv": 0.93871285355171,
          "rate": 1.065288491807057,
          "cv": 1.0,
          "lambda": 0.15
        },
        "MS1_5": {
          "meanserv": 0.29643422598112146,
          "stddevserv": 0.29643422598112146,
          "rate": 3.3734296257129412,
          "cv": 1.0,
          "lambda": 0.15
        },
        "MS1_6": {
          "meanserv": 0.19710075378163516,
          "stddevserv": 0.19710075378163516,
          "rate": 5.073547314323741,
          "cv": 1.0,
          "lambda": 0.15
        },
        "MS1_7": {
          "meanserv": 0.42169743959392214,
          "stddevserv": 0.42169743959392214,
          "rate": 2.371368441228764,
          "cv": 1.0,
          "lambda": 0.15
        },
        "MS1_8": {
          "meanserv": 0.7439480366114317,
          "stddevserv": 0.7439480366114317,
          "rate": 1.3441799034175093,
          "cv": 1.0,
          "lambda": 0.15
        },
        "MS1_9": {
          "meanserv": 0.010260666185914147,
          "stddevserv": 0.010260666185914147,
          "rate": 97.45955885133472,
          "cv": 1.0,
          "lambda": 0.15
        }
      },
      "sensors": [
        "S1"
      ],
      "sources": [
        {
          "startTime": 0,
          "stopTime": -1,
          "lambda": 0.15
        }
      ]
    },
    "SC2": {
      "resptime": 35.78760435518572,
      "resptime_old": 25.787604355185724,
      "waittime": 21.12847395608222,
      "servicetime": 10.0,
      "networktime": 4.659130399103501,
      "services": {
        "MS2_1": {
          "meanserv": 0.2877490855254028,
          "stddevserv": 0.2877490855254028,
          "rate": 3.47524996708189,
          "cv": 1.0,
          "lambda": 0.15
        },
        "MS2_2": {
          "meanserv": 2.3231454183926186,
          "stddevserv": 2.3231454183926186,
          "rate": 0.43045088442715684,
          "cv": 1.0,
          "lambda": 0.15
        },
        "MS2_3": {
          "meanserv": 0.09254385024335043,
          "stddevserv": 0.09254385024335043,
          "rate": 10.805688302036614,
          "cv": 1.0,
          "lambda": 0.15
        },
        "MS2_4": {
          "meanserv": 2.3334547389633036,
          "stddevserv": 2.3334547389633036,
          "rate": 0.42854913073834694,
          "cv": 1.0,
          "lambda": 0.15
        },
        "MS2_5": {
          "meanserv": 0.7880437928243378,
          "stddevserv": 0.7880437928243378,
          "rate": 1.2689650107083696,
          "cv": 1.0,
          "lambda": 0.15
        },
        "MS2_6": {
          "meanserv": 0.18155558815982165,
          "stddevserv": 0.18155558815982165,
          "rate": 5.5079549472182014,
          "cv": 1.0,
          "lambda": 0.15
        },
        "MS2_7": {
          "meanserv": 2.0778446010981577,
          "stddevserv": 2.0778446010981577,
          "rate": 0.4812679444225482,
          "cv": 1.0,
          "lambda": 0.15
        },
        "MS2_8": {
          "meanserv": 0.012190063161163778,
          "stddevserv": 0.012190063161163778,
          "rate": 82.03402942044565,
          "cv": 1.0,
          "lambda": 0.15
        },
        "MS2_9": {
          "meanserv": 1.903472861631844,
          "stddevserv": 1.903472861631844,
          "rate": 0.5253555331189234,
          "cv": 1.0,
          "lambda": 0.15
        }
      },
      "sensors": [
        "S2"
      ],
      "sources": [
        {
          "startTime": 0,
          "stopTime": -1,
          "lambda": 0.15
        }
      ]
    },
    "SC3": {
      "resptime": 38.306321658847814,
      "resptime_old": 28.306321658847803,
      "waittime": 23.72102754813896,
      "servicetime": 10.0,
      "networktime": 4.5852941107088485,
      "services": {
        "MS3_1": {
          "meanserv": 1.2931260917133447,
          "stddevserv": 1.2931260917133447,
          "rate": 0.7733197917884687,
          "cv": 1.0,
          "lambda": 0.15
        },
        "MS3_2": {
          "meanserv": 0.008617482666540832,
          "stddevserv": 0.008617482666540832,
          "rate": 116.0431692984667,
          "cv": 1.0,
          "lambda": 0.15
        },
        "MS3_3": {
          "meanserv": 0.16308638359869065,
          "stddevserv": 0.16308638359869065,
          "rate": 6.131719754487391,
          "cv": 1.0,
          "lambda": 0.15
        },
        "MS3_4": {
          "meanserv": 0.06911780939056533,
          "stddevserv": 0.06911780939056533,
          "rate": 14.468051126291934,
          "cv": 1.0,
          "lambda": 0.15
        },
        "MS3_5": {
          "meanserv": 2.2023133898834115,
          "stddevserv": 2.2023133898834115,
          "rate": 0.4540679835093493,
          "cv": 1.0,
          "lambda": 0.15
        },
        "MS3_6": {
          "meanserv": 3.588402223036395,
          "stddevserv": 3.588402223036395,
          "rate": 0.2786755602759132,
          "cv": 1.0,
          "lambda": 0.15
        },
        "MS3_7": {
          "meanserv": 0.569999922337483,
          "stddevserv": 0.569999922337483,
          "rate": 1.7543862039474534,
          "cv": 1.0,
          "lambda": 0.15
        },
        "MS3_8": {
          "meanserv": 1.2843604101178796,
          "stddevserv": 1.2843604101178796,
          "rate": 0.7785976522806548,
          "cv": 1.0,
          "lambda": 0.15
        },
        "MS3_9": {
          "meanserv": 0.8209762872556894,
          "stddevserv": 0.8209762872556894,
          "rate": 1.2180619775788415,
          "cv": 1.0,
          "lambda": 0.15
        }
      },
      "sensors": [
        "S3"
      ],
      "sources": [
        {
          "startTime": 0,
          "stopTime": -1,
          "lambda": 0.15
        }
      ]
    },
    "SC4": {
      "resptime": 38.896403356765845,
      "resptime_old": 28.89640335676584,
      "waittime": 23.549426528678634,
      "servicetime": 10.0,
      "networktime": 5.346976828087209,
      "services": {
        "MS4_1": {
          "meanserv": 2.3313925125710853,
          "stddevserv": 2.3313925125710853,
          "rate": 0.4289282026119184,
          "cv": 1.0,
          "lambda": 0.15
        },
        "MS4_2": {
          "meanserv": 2.215268319538919,
          "stddevserv": 2.215268319538919,
          "rate": 0.45141258563573816,
          "cv": 1.0,
          "lambda": 0.15
        },
        "MS4_3": {
          "meanserv": 0.7055895169494102,
          "stddevserv": 0.7055895169494102,
          "rate": 1.4172546161448976,
          "cv": 1.0,
          "lambda": 0.15
        },
        "MS4_4": {
          "meanserv": 0.25979276560455666,
          "stddevserv": 0.25979276560455666,
          "rate": 3.8492218891196885,
          "cv": 1.0,
          "lambda": 0.15
        },
        "MS4_5": {
          "meanserv": 2.046460169568057,
          "stddevserv": 2.046460169568057,
          "rate": 0.4886486504211163,
          "cv": 1.0,
          "lambda": 0.15
        },
        "MS4_6": {
          "meanserv": 0.5671878035313025,
          "stddevserv": 0.5671878035313025,
          "rate": 1.7630844559315546,
          "cv": 1.0,
          "lambda": 0.15
        },
        "MS4_7": {
          "meanserv": 0.596160898283868,
          "stddevserv": 0.596160898283868,
          "rate": 1.6773995122434884,
          "cv": 1.0,
          "lambda": 0.15
        },
        "MS4_8": {
          "meanserv": 1.0556492439352443,
          "stddevserv": 1.0556492439352443,
          "rate": 0.9472843425456402,
          "cv": 1.0,
          "lambda": 0.15
        },
        "MS4_9": {
          "meanserv": 0.22249877001755713,
          "stddevserv": 0.22249877001755713,
          "rate": 4.494406867602419,
          "cv": 1.0,
          "lambda": 0.15
        }
      },
      "sensors": [
        "S4"
      ],
      "sources": [
        {
          "startTime": 0,
          "stopTime": -1,
          "lambda": 0.15
        }
      ]
    }
  },
  "microservice": {
    "MS1_1": "F7",
    "MS1_2": "F1",
    "MS1_3": "F8",
    "MS1_4": "F3",
    "MS1_5": "F3",
    "MS1_6": "F3",
    "MS1_7": "F6",
    "MS1_8": "F4",
    "MS1_9": "F4",
    "MS2_1": "F5",
    "MS2_2": "F5",
    "MS2_3": "F3",
    "MS2_4": "F3",
    "MS2_5": "F4",
    "MS2_6": "F6",
    "MS2_7": "F6",
    "MS2_8": "F8",
    "MS2_9": "F8",
    "MS3_1": "F6",
    "MS3_2": "F6",
    "MS3_3": "F8",
    "MS3_4": "F8",
    "MS3_5": "F10",
    "MS3_6": "F2",
    "MS3_7": "F10",
    "MS3_8": "F10",
    "MS3_9": "F5",
    "MS4_1": "F4",
    "MS4_2": "F9",
    "MS4_3": "F9",
    "MS4_4": "F9",
    "MS4_5": "F7",
    "MS4_6": "F7",
    "MS4_7": "F5",
    "MS4_8": "F9",
    "MS4_9": "F8"
  },
  "sensor": {
    "S1": "F7",
    "S2": "F5",
    "S3": "F6",
    "S4": "F4"
  },
  "fog": {
    "F1": {
      "rho": 0.6362283084534188,
      "capacity": 1.0,
      "tserv": 4.241522056356126,
      "stddev": 4.241522056356126,
      "mu": 0.2357644229390371,
      "cv": 1.0,
      "lambda": 0.15,
      "twait": 7.418324366336159
    },
    "F2": {
      "rho": 0.5382603334554593,
      "capacity": 1.0,
      "tserv": 3.588402223036395,
      "stddev": 3.588402223036395,
      "mu": 0.2786755602759132,
      "cv": 1.0,
      "lambda": 0.15,
      "twait": 4.1830813271867004
    },
    "F3": {
      "rho": 0.5787369633781682,
      "capacity": 1.0,
      "tserv": 0.7716492845042241,
      "stddev": 1.410371953240133,
      "mu": 1.2959255196387418,
      "cv": 1.827737006386627,
      "lambda": 0.75,
      "twait": 2.300752237979812
    },
    "F4": {
      "rho": 0.5810467512289152,
      "capacity": 1.0,
      "tserv": 0.9684112520481921,
      "stddev": 1.538558956189683,
      "mu": 1.0326191459310263,
      "cv": 1.5887454353051218,
      "lambda": 0.6,
      "twait": 2.3666010642902573
    },
    "F5": {
      "rho": 0.6042047534186368,
      "capacity": 1.0,
      "tserv": 1.0070079223643946,
      "stddev": 1.4968440367467772,
      "mu": 0.993040846840668,
      "cv": 1.4864272698394234,
      "lambda": 0.6,
      "twait": 2.4668868973240654
    },
    "F6": {
      "rho": 0.597426180484768,
      "capacity": 1.0,
      "tserv": 0.7965682406463573,
      "stddev": 1.3585545691691807,
      "mu": 1.2553852249853352,
      "cv": 1.7055093334713072,
      "lambda": 0.75,
      "twait": 2.310313685826119
    },
    "F7": {
      "rho": 0.6260895345167419,
      "capacity": 1.0,
      "tserv": 1.391310076703871,
      "stddev": 1.6412528461196625,
      "mu": 0.7187470404649716,
      "cv": 1.1796456258032189,
      "lambda": 0.44999999999999996,
      "twait": 2.78576661768833
    },
    "F8": {
      "rho": 0.5940611398088559,
      "capacity": 1.0,
      "tserv": 0.660067933120951,
      "stddev": 1.2813276043280002,
      "mu": 1.514995578215371,
      "cv": 1.9412056548022147,
      "lambda": 0.9,
      "twait": 2.302983624765985
    },
    "F9": {
      "rho": 0.6354449769042195,
      "capacity": 1.0,
      "tserv": 1.0590749615070325,
      "stddev": 1.473750038690578,
      "mu": 0.9442202264672837,
      "cv": 1.3915445952885857,
      "lambda": 0.6,
      "twait": 2.7103554267304157
    },
    "F10": {
      "rho": 0.608501058350816,
      "capacity": 1.0,
      "tserv": 1.3522245741129248,
      "stddev": 1.6496259967136686,
      "mu": 0.7395221320068168,
      "cv": 1.2199349341035624,
      "lambda": 0.44999999999999996,
      "twait": 2.6148215674813273
    }
  },
  "extra": {
    "deltatime": 0.0430058,
    "obj_func": 38.886066588459
  },
  "network": [
    [
      0.0,
      1.1619102169136855,
      1.1732047536460113,
      1.3561258123835374,
      0.9594535619125414,
      1.3431296326272926,
      1.2674282780866648,
      1.3856023208255355,
      1.2117702079577568,
      1.2117702079577568
    ],
    [
      1.1619102169136855,
      0.0,
      0.8832374709721401,
      1.0282419385870258,
      1.2565886782062978,
      1.0466060434698172,
      1.0772998393584645,
      1.2117702079577568,
      0.8602148012984725,
      0.8602148012984725
    ],
    [
      1.1732047536460113,
      0.8832374709721401,
      0.0,
      1.2435696202751996,
      1.296757662235812,
      1.320416167602727,
      1.3856023208255355,
      0.8602148012984725,
      1.4394849973138064,
      1.4394849973138064
    ],
    [
      1.3561258123835374,
      1.0282419385870258,
      1.2435696202751996,
      0.0,
      1.1394002709379116,
      1.2674282780866648,
      1.2117702079577568,
      1.4394849973138064,
      1.2021136296368489,
      1.2021136296368489
    ],
    [
      0.9594535619125414,
      1.2565886782062978,
      1.296757662235812,
      1.1394002709379116,
      0.0,
      1.0772998393584645,
      0.8602148012984725,
      1.2021136296368489,
      0.8513748385058244,
      0.8513748385058244
    ],
    [
      1.3431296326272926,
      1.0466060434698172,
      1.320416167602727,
      1.2674282780866648,
      1.0772998393584645,
      0.0,
      1.4394849973138064,
      0.8513748385058244,
      1.195437330157263,
      1.195437330157263
    ],
    [
      1.2674282780866648,
      1.0772998393584645,
      1.3856023208255355,
      1.2117702079577568,
      0.8602148012984725,
      1.4394849973138064,
      0.0,
      1.195437330157263,
      1.271158727545808,
      1.271158727545808
    ],
    [
      1.3856023208255355,
      1.2117702079577568,
      0.8602148012984725,
      1.4394849973138064,
      1.2021136296368489,
      0.8513748385058244,
      1.195437330157263,
      0.0,
      1.162114831100255,
      1.162114831100255
    ],
    [
      1.2117702079577568,
      0.8602148012984725,
      1.4394849973138064,
      1.2021136296368489,
      0.8513748385058244,
      1.195437330157263,
      1.271158727545808,
      1.162114831100255,
      0.0,
      1.047711521815116
    ],
    [
      1.2117702079577568,
      0.8602148012984725,
      1.4394849973138064,
      1.2021136296368489,
      0.8513748385058244,
      1.195437330157263,
      1.271158727545808,
      1.162114831100255,
      1.047711521815116,
      0.0
    ]
  ]
}