{
  "servicechain": {
    "SC1": {
      "resptime": 38.149750041561994,
      "resptime_old": 28.149750041561997,
      "waittime": 24.03870251243504,
      "servicetime": 10.0,
      "networktime": 4.111047529126959,
      "services": {
        "MS1_1": {
          "meanserv": 1.2388623794334774,
          "stddevserv": 1.2388623794334774,
          "rate": 0.8071921600018983,
          "cv": 1.0,
          "lambda": 0.1
        },
        "MS1_2": {
          "meanserv": 0.058391587856703175,
          "stddevserv": 0.058391587856703175,
          "rate": 17.12575452570439,
          "cv": 1.0,
          "lambda": 0.1
        },
        "MS1_3": {
          "meanserv": 7.512547851250171,
          "stddevserv": 7.512547851250171,
          "rate": 0.13311063301028944,
          "cv": 1.0,
          "lambda": 0.1
        },
        "MS1_4": {
          "meanserv": 0.9745841337835248,
          "stddevserv": 0.9745841337835248,
          "rate": 1.026078678418256,
          "cv": 1.0,
          "lambda": 0.1
        },
        "MS1_5": {
          "meanserv": 0.21561404767612302,
          "stddevserv": 0.21561404767612302,
          "rate": 4.637916734915688,
          "cv": 1.0,
          "lambda": 0.1
        }
      },
      "sensors": [
        "S1"
      ],
      "sources": [
        {
          "startTime": 0,
          "stopTime": -1,
          "lambda": 0.1
        }
      ]
    },
    "SC2": {
      "resptime": 23.167923063539014,
      "resptime_old": 13.167923063539014,
      "waittime": 8.198047530785662,
      "servicetime": 10.0,
      "networktime": 4.969875532753351,
      "services": {
        "MS2_1": {
          "meanserv": 0.5012461232746868,
          "stddevserv": 0.5012461232746868,
          "rate": 1.9950278986038008,
          "cv": 1.0,
          "lambda": 0.1
        },
        "MS2_2": {
          "meanserv": 1.2160430001189337,
          "stddevserv": 1.2160430001189337,
          "rate": 0.8223393415382483,
          "cv": 1.0,
          "lambda": 0.1
        },
        "MS2_3": {
          "meanserv": 3.459948104047471,
          "stddevserv": 3.459948104047471,
          "rate": 0.2890216760275084,
          "cv": 1.0,
          "lambda": 0.1
        },
        "MS2_4": {
          "meanserv": 3.798201373851187,
          "stddevserv": 3.798201373851187,
          "rate": 0.263282512318732,
          "cv": 1.0,
          "lambda": 0.1
        },
        "MS2_5": {
          "meanserv": 1.0245613987077213,
          "stddevserv": 1.0245613987077213,
          "rate": 0.9760274018338964,
          "cv": 1.0,
          "lambda": 0.1
        }
      },
      "sensors": [
        "S2"
      ],
      "sources": [
        {
          "startTime": 0,
          "stopTime": -1,
          "lambda": 0.1
        }
      ]
    },
    "SC3": {
      "resptime": 19.502923626643657,
      "resptime_old": 9.502923626643655,
      "waittime": 5.861299023935388,
      "servicetime": 10.0,
      "networktime": 3.6416246027082684,
      "services": {
        "MS3_1": {
          "meanserv": 3.6372371933099403,
          "stddevserv": 3.6372371933099403,
          "rate": 0.2749339531222557,
          "cv": 1.0,
          "lambda": 0.1
        },
        "MS3_2": {
          "meanserv": 2.087333134346351,
          "stddevserv": 2.087333134346351,
          "rate": 0.4790802117521841,
          "cv": 1.0,
          "lambda": 0.1
        },
        "MS3_3": {
          "meanserv": 1.5102583639437182,
          "stddevserv": 1.5102583639437182,
          "rate": 0.6621383624644944,
          "cv": 1.0,
          "lambda": 0.1
        },
        "MS3_4": {
          "meanserv": 1.559047319392942,
          "stddevserv": 1.559047319392942,
          "rate": 0.6414173499168566,
          "cv": 1.0,
          "lambda": 0.1
        },
        "MS3_5": {
          "meanserv": 1.2061239890070485,
          "stddevserv": 1.2061239890070485,
          "rate": 0.8291021562577975,
          "cv": 1.0,
          "lambda": 0.1
        }
      },
      "sensors": [
        "S3"
      ],
      "sources": [
        {
          "startTime": 0,
          "stopTime": -1,
          "lambda": 0.1
        }
      ]
    },
    "SC4": {
      "resptime": 21.89840800113314,
      "resptime_old": 11.898408001133143,
      "waittime": 7.56058531714197,
      "servicetime": 10.0,
      "networktime": 4.337822683991171,
      "services": {
        "MS4_1": {
          "meanserv": 1.583799967277727,
          "stddevserv": 1.583799967277727,
          "rate": 0.6313928656778696,
          "cv": 1.0,
          "lambda": 0.1
        },
        "MS4_2": {
          "meanserv": 0.9528365088347235,
          "stddevserv": 0.9528365088347235,
          "rate": 1.0494979891387195,
          "cv": 1.0,
          "lambda": 0.1
        },
        "MS4_3": {
          "meanserv": 2.3143550601261778,
          "stddevserv": 2.3143550601261778,
          "rate": 0.432085818303731,
          "cv": 1.0,
          "lambda": 0.1
        },
        "MS4_4": {
          "meanserv": 1.0616655201531868,
          "stddevserv": 1.0616655201531868,
          "rate": 0.9419162448222966,
          "cv": 1.0,
          "lambda": 0.1
        },
        "MS4_5": {
          "meanserv": 4.087342943608185,
          "stddevserv": 4.087342943608185,
          "rate": 0.244657718668752,
          "cv": 1.0,
          "lambda": 0.1
        }
      },
      "sensors": [
        "S4"
      ],
      "sources": [
        {
          "startTime": 0,
          "stopTime": -1,
          "lambda": 0.1
        }
      ]
    }
  },
  "microservice": {
    "MS1_1": "F10",
    "MS1_2": "F10",
    "MS1_3": "F1",
    "MS1_4": "F10",
    "MS1_5": "F10",
    "MS2_1": "F5",
    "MS2_2": "F5",
    "MS2_3": "F6",
    "MS2_4": "F3",
    "MS2_5": "F8",
    "MS3_1": "F4",
    "MS3_2": "F7",
    "MS3_3": "F9",
    "MS3_4": "F9",
    "MS3_5": "F9",
    "MS4_1": "F8",
    "MS4_2": "F8",
    "MS4_3": "F5",
    "MS4_4": "F5",
    "MS4_5": "F2"
  },
  "sensor": {
    "S1": "F10",
    "S2": "F5",
    "S3": "F4",
    "S4": "F8"
  },
  "fog": {
    "F1": {
      "rho": 0.7512547851250171,
      "capacity": 1.0,
      "tserv": 7.512547851250171,
      "stddev": 7.512547851250171,
      "mu": 0.13311063301028944,
      "cv": 1.0,
      "lambda": 0.1,
      "twait": 22.689230522761605
    },
    "F2": {
      "rho": 0.40873429436081854,
      "capacity": 1.0,
      "tserv": 4.087342943608185,
      "stddev": 4.087342943608185,
      "mu": 0.244657718668752,
      "cv": 1.0,
      "lambda": 0.1,
      "twait": 2.825527031134569
    },
    "F3": {
      "rho": 0.3798201373851187,
      "capacity": 1.0,
      "tserv": 3.798201373851187,
      "stddev": 3.7982013738511875,
      "mu": 0.263282512318732,
      "cv": 1.0000000000000002,
      "lambda": 0.1,
      "twait": 2.326153192962265
    },
    "F4": {
      "rho": 0.363723719330994,
      "capacity": 1.0,
      "tserv": 3.6372371933099403,
      "stddev": 3.6372371933099403,
      "mu": 0.2749339531222557,
      "cv": 1.0,
      "lambda": 0.1,
      "twait": 2.0792059679620865
    },
    "F5": {
      "rho": 0.5093309703672985,
      "capacity": 1.0,
      "tserv": 1.273327425918246,
      "stddev": 1.5764922784553637,
      "mu": 0.7853439576068669,
      "cv": 1.2380886850988022,
      "lambda": 0.4,
      "twait": 1.6739147529645808
    },
    "F6": {
      "rho": 0.3459948104047471,
      "capacity": 1.0,
      "tserv": 3.459948104047471,
      "stddev": 3.459948104047471,
      "mu": 0.2890216760275084,
      "cv": 1.0,
      "lambda": 0.1,
      "twait": 1.8304504418551149
    },
    "F7": {
      "rho": 0.2087333134346351,
      "capacity": 1.0,
      "tserv": 2.087333134346351,
      "stddev": 2.087333134346351,
      "mu": 0.4790802117521841,
      "cv": 1.0,
      "lambda": 0.1,
      "twait": 0.5506309930287003
    },
    "F8": {
      "rho": 0.35611978748201717,
      "capacity": 1.0,
      "tserv": 1.1870659582733905,
      "stddev": 1.2522932097294974,
      "mu": 0.8424131726045945,
      "cv": 1.0549482958394167,
      "lambda": 0.30000000000000004,
      "twait": 0.6936143900391198
    },
    "F9": {
      "rho": 0.4275429672343709,
      "capacity": 1.0,
      "tserv": 1.4251432241145694,
      "stddev": 1.4421498149099128,
      "mu": 0.701683861017753,
      "cv": 1.0119332502920255,
      "lambda": 0.30000000000000004,
      "twait": 1.0771540209815336
    },
    "F10": {
      "rho": 0.24874521487498286,
      "capacity": 1.0,
      "tserv": 0.6218630371874571,
      "stddev": 0.9383671856064268,
      "mu": 1.6080711349604715,
      "cv": 1.5089611851677902,
      "lambda": 0.4,
      "twait": 0.3373679974183595
    }
  },
  "extra": {
    "deltatime": 0.0157872,
    "obj_func": 25.67975118321945
  },
  "network": [
    [
      0.0,
      2.1211879775550924,
      1.8832608902531636,
      2.1777857884706093,
      1.9782453948859797,
      0.5533557938958973,
      2.2336837974881347,
      2.7581151629971927,
      2.0555237645634796,
      2.0555237645634796
    ],
    [
      2.1211879775550924,
      0.0,
      2.56074477438997,
      2.1620207422524604,
      1.8542201800765898,
      2.1912906021195497,
      1.162066017891284,
      2.0555237645634796,
      1.9939482037771858,
      1.9939482037771858
    ],
    [
      1.8832608902531636,
      2.56074477438997,
      0.0,
      1.9176440643393204,
      2.070263577137368,
      1.8138613110848811,
      2.7581151629971927,
      1.9939482037771858,
      2.5879317005741433,
      2.5879317005741433
    ],
    [
      2.1777857884706093,
      2.1620207422524604,
      1.9176440643393204,
      0.0,
      2.155296829907086,
      2.2336837974881347,
      2.0555237645634796,
      2.5879317005741433,
      2.4836025039145815,
      2.4836025039145815
    ],
    [
      1.9782453948859797,
      1.8542201800765898,
      2.070263577137368,
      2.155296829907086,
      0.0,
      1.162066017891284,
      1.9939482037771858,
      2.4836025039145815,
      2.0340624987870823,
      2.0340624987870823
    ],
    [
      0.5533557938958973,
      2.1912906021195497,
      1.8138613110848811,
      2.2336837974881347,
      1.162066017891284,
      0.0,
      2.5879317005741433,
      2.0340624987870823,
      2.5141477568039186,
      2.5141477568039186
    ],
    [
      2.2336837974881347,
      1.162066017891284,
      2.7581151629971927,
      2.0555237645634796,
      1.9939482037771858,
      2.5879317005741433,
      0.0,
      2.5141477568039186,
      1.5861008381447885,
      1.5861008381447885
    ],
    [
      2.7581151629971927,
      2.0555237645634796,
      1.9939482037771858,
      2.5879317005741433,
      2.4836025039145815,
      2.0340624987870823,
      2.5141477568039186,
      0.0,
      1.8188581131100392,
      1.8188581131100392
    ],
    [
      2.0555237645634796,
      1.9939482037771858,
      2.5879317005741433,
      2.4836025039145815,
      2.0340624987870823,
      2.5141477568039186,
      1.5861008381447885,
      1.8188581131100392,
      0.0,
      1.8897330072445793
    ],
    [
      2.0555237645634796,
      1.9939482037771858,
      2.5879317005741433,
      2.4836025039145815,
      2.0340624987870823,
      2.5141477568039186,
      1.5861008381447885,
      1.8188581131100392,
      1.8897330072445793,
      0.0
    ]
  ]
}