{
  "servicechain": {
    "SC1": {
      "resptime": 47.82771249843902,
      "resptime_old": 37.82771249843902,
      "waittime": 32.356766636324714,
      "servicetime": 10.0,
      "networktime": 5.4709458621143074,
      "services": {
        "MS1_1": {
          "meanserv": 2.17570909609456,
          "stddevserv": 2.17570909609456,
          "rate": 0.45962026899414965,
          "cv": 1.0,
          "lambda": 0.15
        },
        "MS1_2": {
          "meanserv": 5.620981743058718,
          "stddevserv": 5.620981743058718,
          "rate": 0.17790486532621955,
          "cv": 1.0,
          "lambda": 0.15
        },
        "MS1_3": {
          "meanserv": 2.2033091608467217,
          "stddevserv": 2.2033091608467217,
          "rate": 0.4538627704954962,
          "cv": 1.0,
          "lambda": 0.15
        }
      },
      "sensors": [
        "S1"
      ],
      "sources": [
        {
          "startTime": 0,
          "stopTime": -1,
          "lambda": 0.15
        }
      ]
    },
    "SC2": {
      "resptime": 46.36979800156188,
      "resptime_old": 36.36979800156188,
      "waittime": 30.530157313752095,
      "servicetime": 10.0,
      "networktime": 5.8396406878097835,
      "services": {
        "MS2_1": {
          "meanserv": 3.9615530189663115,
          "stddevserv": 3.9615530189663115,
          "rate": 0.25242625687764497,
          "cv": 1.0,
          "lambda": 0.15
        },
        "MS2_2": {
          "meanserv": 0.61235106592643,
          "stddevserv": 0.61235106592643,
          "rate": 1.6330501498957848,
          "cv": 1.0,
          "lambda": 0.15
        },
        "MS2_3": {
          "meanserv": 5.4260959151072585,
          "stddevserv": 5.4260959151072585,
          "rate": 0.1842945675206025,
          "cv": 1.0,
          "lambda": 0.15
        }
      },
      "sensors": [
        "S2"
      ],
      "sources": [
        {
          "startTime": 0,
          "stopTime": -1,
          "lambda": 0.15
        }
      ]
    },
    "SC3": {
      "resptime": 28.172935302498242,
      "resptime_old": 18.172935302498246,
      "waittime": 12.296915145653935,
      "servicetime": 10.0,
      "networktime": 5.876020156844309,
      "services": {
        "MS3_1": {
          "meanserv": 3.423914884325996,
          "stddevserv": 3.423914884325996,
          "rate": 0.29206333503727033,
          "cv": 1.0,
          "lambda": 0.15
        },
        "MS3_2": {
          "meanserv": 4.242542736752707,
          "stddevserv": 4.242542736752707,
          "rate": 0.23570770220818374,
          "cv": 1.0,
          "lambda": 0.15
        },
        "MS3_3": {
          "meanserv": 2.3335423789212975,
          "stddevserv": 2.3335423789212975,
          "rate": 0.42853303588266506,
          "cv": 1.0,
          "lambda": 0.15
        }
      },
      "sensors": [
        "S3"
      ],
      "sources": [
        {
          "startTime": 0,
          "stopTime": -1,
          "lambda": 0.15
        }
      ]
    },
    "SC4": {
      "resptime": 9768.283697593219,
      "resptime_old": 9758.283697593219,
      "waittime": 9754.471459311666,
      "servicetime": 10.0,
      "networktime": 3.8122382815521036,
      "services": {
        "MS4_1": {
          "meanserv": 8.067317855409474,
          "stddevserv": 8.067317855409474,
          "rate": 0.12395693561639674,
          "cv": 1.0,
          "lambda": 0.15
        },
        "MS4_2": {
          "meanserv": 1.9308818146314763,
          "stddevserv": 1.9308818146314763,
          "rate": 0.51789808802506,
          "cv": 1.0,
          "lambda": 0.15
        },
        "MS4_3": {
          "meanserv": 0.0018003299590496624,
          "stddevserv": 0.0018003299590496624,
          "rate": 555.4537350074809,
          "cv": 1.0,
          "lambda": 0.15
        }
      },
      "sensors": [
        "S4"
      ],
      "sources": [
        {
          "startTime": 0,
          "stopTime": -1,
          "lambda": 0.15
        }
      ]
    }
  },
  "microservice": {
    "MS1_1": "F10",
    "MS1_2": "F6",
    "MS1_3": "F9",
    "MS2_1": "F2",
    "MS2_2": "F8",
    "MS2_3": "F7",
    "MS3_1": "F5",
    "MS3_2": "F3",
    "MS3_3": "F1",
    "MS4_1": "F4",
    "MS4_2": "F8",
    "MS4_3": "F8"
  },
  "sensor": {
    "S1": "F10",
    "S2": "F2",
    "S3": "F5",
    "S4": "F4"
  },
  "fog": {
    "F1": {
      "rho": 0.35003135683819464,
      "capacity": 1.0,
      "tserv": 2.3335423789212975,
      "stddev": 2.3335423789212975,
      "mu": 0.42853303588266506,
      "cv": 1.0,
      "lambda": 0.15,
      "twait": 1.2566960171491075
    },
    "F2": {
      "rho": 0.5942329528449466,
      "capacity": 1.0,
      "tserv": 3.9615530189663115,
      "stddev": 3.9615530189663115,
      "mu": 0.25242625687764497,
      "cv": 1.0,
      "lambda": 0.15,
      "twait": 5.801568571960972
    },
    "F3": {
      "rho": 0.6363814105129061,
      "capacity": 1.0,
      "tserv": 4.242542736752707,
      "stddev": 4.242542736752707,
      "mu": 0.23570770220818374,
      "cv": 1.0,
      "lambda": 0.15,
      "twait": 7.4250200870761605
    },
    "F4": {
      "rho": 1.210097678311421,
      "capacity": 1.0,
      "tserv": 8.067317855409474,
      "stddev": 8.067317855409474,
      "mu": 0.12395693561639674,
      "cv": 1.0,
      "lambda": 0.15,
      "twait": 9752.480364424235
    },
    "F5": {
      "rho": 0.5135872326488994,
      "capacity": 1.0,
      "tserv": 3.423914884325996,
      "stddev": 3.423914884325996,
      "mu": 0.29206333503727033,
      "cv": 1.0,
      "lambda": 0.15,
      "twait": 3.615199041428668
    },
    "F6": {
      "rho": 0.8431472614588077,
      "capacity": 1.0,
      "tserv": 5.620981743058718,
      "stddev": 5.620981743058717,
      "mu": 0.17790486532621955,
      "cv": 0.9999999999999999,
      "lambda": 0.15,
      "twait": 30.21506291473059
    },
    "F7": {
      "rho": 0.8139143872660887,
      "capacity": 1.0,
      "tserv": 5.4260959151072585,
      "stddev": 5.426095915107259,
      "mu": 0.1842945675206025,
      "cv": 1.0000000000000002,
      "lambda": 0.15,
      "twait": 23.733041298075232
    },
    "F8": {
      "rho": 0.3817549815775434,
      "capacity": 1.0,
      "tserv": 0.8483444035056521,
      "stddev": 1.4198002936480651,
      "mu": 1.1787665432431151,
      "cv": 1.6736130842390895,
      "lambda": 0.44999999999999996,
      "twait": 0.9955474437158912
    },
    "F9": {
      "rho": 0.3304963741270082,
      "capacity": 1.0,
      "tserv": 2.2033091608467217,
      "stddev": 2.2033091608467217,
      "mu": 0.4538627704954962,
      "cv": 1.0,
      "lambda": 0.15,
      "twait": 1.0876501046445461
    },
    "F10": {
      "rho": 0.32635636441418403,
      "capacity": 1.0,
      "tserv": 2.17570909609456,
      "stddev": 2.17570909609456,
      "mu": 0.45962026899414965,
      "cv": 1.0,
      "lambda": 0.15,
      "twait": 1.0540536169495758
    }
  },
  "extra": {
    "conv_gen": 0,
    "max_gen": 600,
    "population": 600,
    "deltatime": 27.8543551,
    "obj_func": 2472.6635358489293
  },
  "network": [
    [
      0.0,
      2.9318122467613748,
      3.1539732219689274,
      4.0462045945294784,
      3.163046754982358,
      5.195328342922795,
      3.9669585117461383,
      3.6324686289774584,
      3.1041677567526302,
      3.1041677567526302
    ],
    [
      2.9318122467613748,
      0.0,
      3.163175017659208,
      3.1908334243172014,
      3.6162374445852485,
      3.1885924273293336,
      3.4442883151727277,
      3.1041677567526302,
      3.689848650841938,
      3.689848650841938
    ],
    [
      3.1539732219689274,
      3.163175017659208,
      0.0,
      3.558113258306831,
      2.7220469348753813,
      3.110978085019997,
      3.6324686289774584,
      3.689848650841938,
      3.8122382815521036,
      3.8122382815521036
    ],
    [
      4.0462045945294784,
      3.1908334243172014,
      3.558113258306831,
      0.0,
      3.4705707270024573,
      3.9669585117461383,
      3.1041677567526302,
      3.8122382815521036,
      4.635877607304334,
      4.635877607304334
    ],
    [
      3.163046754982358,
      3.6162374445852485,
      2.7220469348753813,
      3.4705707270024573,
      0.0,
      3.4442883151727277,
      3.689848650841938,
      4.635877607304334,
      3.0679286272271944,
      3.0679286272271944
    ],
    [
      5.195328342922795,
      3.1885924273293336,
      3.110978085019997,
      3.9669585117461383,
      3.4442883151727277,
      0.0,
      3.8122382815521036,
      3.0679286272271944,
      2.7354729310571537,
      2.7354729310571537
    ],
    [
      3.9669585117461383,
      3.4442883151727277,
      3.6324686289774584,
      3.1041677567526302,
      3.689848650841938,
      3.8122382815521036,
      0.0,
      2.7354729310571537,
      3.2460671682712268,
      3.2460671682712268
    ],
    [
      3.6324686289774584,
      3.1041677567526302,
      3.689848650841938,
      3.8122382815521036,
      4.635877607304334,
      3.0679286272271944,
      2.7354729310571537,
      0.0,
      3.3535710477889147,
      3.3535710477889147
    ],
    [
      3.1041677567526302,
      3.689848650841938,
      3.8122382815521036,
      4.635877607304334,
      3.0679286272271944,
      2.7354729310571537,
      3.2460671682712268,
      3.3535710477889147,
      0.0,
      3.6145594323922894
    ],
    [
      3.1041677567526302,
      3.689848650841938,
      3.8122382815521036,
      4.635877607304334,
      3.0679286272271944,
      2.7354729310571537,
      3.2460671682712268,
      3.3535710477889147,
      3.6145594323922894,
      0.0
    ]
  ]
}