{
  "servicechain": {
    "SC1": {
      "resptime": 43.87271926485656,
      "resptime_old": 33.872719264856556,
      "waittime": 30.14105789243167,
      "servicetime": 10.0,
      "networktime": 3.731661372424885,
      "services": {
        "MS1_1": {
          "meanserv": 1.0317139941867504,
          "stddevserv": 1.0317139941867504,
          "rate": 0.9692608665139325,
          "cv": 1.0,
          "lambda": 0.3
        },
        "MS1_2": {
          "meanserv": 0.5801059035807643,
          "stddevserv": 0.5801059035807643,
          "rate": 1.7238231740573497,
          "cv": 1.0,
          "lambda": 0.3
        },
        "MS1_3": {
          "meanserv": 2.9165802702232617,
          "stddevserv": 2.9165802702232617,
          "rate": 0.34286729914807074,
          "cv": 1.0,
          "lambda": 0.3
        },
        "MS1_4": {
          "meanserv": 0.8569232289429705,
          "stddevserv": 0.8569232289429705,
          "rate": 1.1669656816673264,
          "cv": 1.0,
          "lambda": 0.3
        },
        "MS1_5": {
          "meanserv": 0.8238807620493533,
          "stddevserv": 0.8238807620493533,
          "rate": 1.2137678728079058,
          "cv": 1.0,
          "lambda": 0.3
        },
        "MS1_6": {
          "meanserv": 0.04243350610294261,
          "stddevserv": 0.04243350610294261,
          "rate": 23.56628268175685,
          "cv": 1.0,
          "lambda": 0.3
        },
        "MS1_7": {
          "meanserv": 1.0492389565889884,
          "stddevserv": 1.0492389565889884,
          "rate": 0.953071741875596,
          "cv": 1.0,
          "lambda": 0.3
        },
        "MS1_8": {
          "meanserv": 0.9573491086684109,
          "stddevserv": 0.9573491086684109,
          "rate": 1.0445510325809075,
          "cv": 1.0,
          "lambda": 0.3
        },
        "MS1_9": {
          "meanserv": 1.3251507086352596,
          "stddevserv": 1.3251507086352596,
          "rate": 0.7546311475997138,
          "cv": 1.0,
          "lambda": 0.3
        },
        "MS1_10": {
          "meanserv": 0.41662356102129827,
          "stddevserv": 0.41662356102129827,
          "rate": 2.400248314206308,
          "cv": 1.0,
          "lambda": 0.3
        }
      },
      "sensors": [
        "S1"
      ],
      "sources": [
        {
          "startTime": 0,
          "stopTime": -1,
          "lambda": 0.3
        }
      ]
    },
    "SC2": {
      "resptime": 3911.8157548602708,
      "resptime_old": 3901.8157548602708,
      "waittime": 3897.822755700633,
      "servicetime": 10.0,
      "networktime": 3.9929991596378867,
      "services": {
        "MS2_1": {
          "meanserv": 0.9096868667082214,
          "stddevserv": 0.9096868667082214,
          "rate": 1.0992793636986145,
          "cv": 1.0,
          "lambda": 0.3
        },
        "MS2_2": {
          "meanserv": 0.24100134604587597,
          "stddevserv": 0.24100134604587597,
          "rate": 4.149354418168454,
          "cv": 1.0,
          "lambda": 0.3
        },
        "MS2_3": {
          "meanserv": 0.2841026598034446,
          "stddevserv": 0.2841026598034446,
          "rate": 3.5198544099933677,
          "cv": 1.0,
          "lambda": 0.3
        },
        "MS2_4": {
          "meanserv": 0.5514493407617427,
          "stddevserv": 0.5514493407617427,
          "rate": 1.8134032014956323,
          "cv": 1.0,
          "lambda": 0.3
        },
        "MS2_5": {
          "meanserv": 0.8706391436649941,
          "stddevserv": 0.8706391436649941,
          "rate": 1.1485814843914044,
          "cv": 1.0,
          "lambda": 0.3
        },
        "MS2_6": {
          "meanserv": 3.601233842385861,
          "stddevserv": 3.601233842385861,
          "rate": 0.2776826065084093,
          "cv": 1.0,
          "lambda": 0.3
        },
        "MS2_7": {
          "meanserv": 0.05822840087744918,
          "stddevserv": 0.05822840087744918,
          "rate": 17.17375000740029,
          "cv": 1.0,
          "lambda": 0.3
        },
        "MS2_8": {
          "meanserv": 0.30904657124164814,
          "stddevserv": 0.30904657124164814,
          "rate": 3.2357582741731346,
          "cv": 1.0,
          "lambda": 0.3
        },
        "MS2_9": {
          "meanserv": 1.968128432464182,
          "stddevserv": 1.968128432464182,
          "rate": 0.5080969226931785,
          "cv": 1.0,
          "lambda": 0.3
        },
        "MS2_10": {
          "meanserv": 1.2064833960465808,
          "stddevserv": 1.2064833960465808,
          "rate": 0.8288551697245167,
          "cv": 1.0,
          "lambda": 0.3
        }
      },
      "sensors": [
        "S2"
      ],
      "sources": [
        {
          "startTime": 0,
          "stopTime": -1,
          "lambda": 0.3
        }
      ]
    },
    "SC3": {
      "resptime": 30.208048938395216,
      "resptime_old": 20.20804893839522,
      "waittime": 17.1006945178842,
      "servicetime": 10.0,
      "networktime": 3.1073544205110166,
      "services": {
        "MS3_1": {
          "meanserv": 1.9246553178162162,
          "stddevserv": 1.9246553178162162,
          "rate": 0.5195735520761381,
          "cv": 1.0,
          "lambda": 0.3
        },
        "MS3_2": {
          "meanserv": 1.5041510062795893,
          "stddevserv": 1.5041510062795893,
          "rate": 0.6648268663353349,
          "cv": 1.0,
          "lambda": 0.3
        },
        "MS3_3": {
          "meanserv": 0.22986798301719658,
          "stddevserv": 0.22986798301719658,
          "rate": 4.350323115356128,
          "cv": 1.0,
          "lambda": 0.3
        },
        "MS3_4": {
          "meanserv": 0.629979898376674,
          "stddevserv": 0.629979898376674,
          "rate": 1.5873522354868626,
          "cv": 1.0,
          "lambda": 0.3
        },
        "MS3_5": {
          "meanserv": 0.7263805873225744,
          "stddevserv": 0.7263805873225744,
          "rate": 1.376688773699173,
          "cv": 1.0,
          "lambda": 0.3
        },
        "MS3_6": {
          "meanserv": 0.47494658743700224,
          "stddevserv": 0.47494658743700224,
          "rate": 2.1054999160987586,
          "cv": 1.0,
          "lambda": 0.3
        },
        "MS3_7": {
          "meanserv": 2.2645947600573564,
          "stddevserv": 2.2645947600573564,
          "rate": 0.44158010856417973,
          "cv": 1.0,
          "lambda": 0.3
        },
        "MS3_8": {
          "meanserv": 0.5149158340428563,
          "stddevserv": 0.5149158340428563,
          "rate": 1.942064962633816,
          "cv": 1.0,
          "lambda": 0.3
        },
        "MS3_9": {
          "meanserv": 0.4793141461564385,
          "stddevserv": 0.4793141461564385,
          "rate": 2.0863143890470948,
          "cv": 1.0,
          "lambda": 0.3
        },
        "MS3_10": {
          "meanserv": 1.251193879494096,
          "stddevserv": 1.251193879494096,
          "rate": 0.799236646205732,
          "cv": 1.0,
          "lambda": 0.3
        }
      },
      "sensors": [
        "S3"
      ],
      "sources": [
        {
          "startTime": 0,
          "stopTime": -1,
          "lambda": 0.3
        }
      ]
    },
    "SC4": {
      "resptime": 27.315545658233958,
      "resptime_old": 17.31554565823396,
      "waittime": 13.543685870954508,
      "servicetime": 10.0,
      "networktime": 3.7718597872794515,
      "services": {
        "MS4_1": {
          "meanserv": 1.2758203405969248,
          "stddevserv": 1.2758203405969248,
          "rate": 0.7838094190692435,
          "cv": 1.0,
          "lambda": 0.3
        },
        "MS4_2": {
          "meanserv": 0.8492166059457085,
          "stddevserv": 0.8492166059457085,
          "rate": 1.1775558709033669,
          "cv": 1.0,
          "lambda": 0.3
        },
        "MS4_3": {
          "meanserv": 1.304557058783129,
          "stddevserv": 1.304557058783129,
          "rate": 0.7665437040621166,
          "cv": 1.0,
          "lambda": 0.3
        },
        "MS4_4": {
          "meanserv": 0.15855292622989703,
          "stddevserv": 0.15855292622989703,
          "rate": 6.307042221031164,
          "cv": 1.0,
          "lambda": 0.3
        },
        "MS4_5": {
          "meanserv": 0.9648734132908627,
          "stddevserv": 0.9648734132908627,
          "rate": 1.0364053835718534,
          "cv": 1.0,
          "lambda": 0.3
        },
        "MS4_6": {
          "meanserv": 0.7185813100905625,
          "stddevserv": 0.7185813100905625,
          "rate": 1.3916309622274623,
          "cv": 1.0,
          "lambda": 0.3
        },
        "MS4_7": {
          "meanserv": 2.133004996610265,
          "stddevserv": 2.133004996610265,
          "rate": 0.4688221554047847,
          "cv": 1.0,
          "lambda": 0.3
        },
        "MS4_8": {
          "meanserv": 1.5511671986116609,
          "stddevserv": 1.5511671986116609,
          "rate": 0.644675829204633,
          "cv": 1.0,
          "lambda": 0.3
        },
        "MS4_9": {
          "meanserv": 0.717336834166332,
          "stddevserv": 0.717336834166332,
          "rate": 1.3940452411901738,
          "cv": 1.0,
          "lambda": 0.3
        },
        "MS4_10": {
          "meanserv": 0.3268893156746575,
          "stddevserv": 0.3268893156746575,
          "rate": 3.0591394458277983,
          "cv": 1.0,
          "lambda": 0.3
        }
      },
      "sensors": [
        "S4"
      ],
      "sources": [
        {
          "startTime": 0,
          "stopTime": -1,
          "lambda": 0.3
        }
      ]
    }
  },
  "microservice": {
    "MS1_1": "F12",
    "MS1_2": "F12",
    "MS1_3": "F5",
    "MS1_4": "F15",
    "MS1_5": "F15",
    "MS1_6": "F15",
    "MS1_7": "F9",
    "MS1_8": "F9",
    "MS1_9": "F20",
    "MS1_10": "F20",
    "MS2_1": "F17",
    "MS2_2": "F17",
    "MS2_3": "F17",
    "MS2_4": "F17",
    "MS2_5": "F7",
    "MS2_6": "F4",
    "MS2_7": "F18",
    "MS2_8": "F18",
    "MS2_9": "F6",
    "MS2_10": "F7",
    "MS3_1": "F14",
    "MS3_2": "F11",
    "MS3_3": "F18",
    "MS3_4": "F8",
    "MS3_5": "F8",
    "MS3_6": "F8",
    "MS3_7": "F16",
    "MS3_8": "F13",
    "MS3_9": "F13",
    "MS3_10": "F13",
    "MS4_1": "F2",
    "MS4_2": "F2",
    "MS4_3": "F19",
    "MS4_4": "F19",
    "MS4_5": "F10",
    "MS4_6": "F10",
    "MS4_7": "F3",
    "MS4_8": "F1",
    "MS4_9": "F18",
    "MS4_10": "F18"
  },
  "sensor": {
    "S1": "F12",
    "S2": "F17",
    "S3": "F14",
    "S4": "F2"
  },
  "fog": {
    "F1": {
      "rho": 0.46535015958349824,
      "capacity": 1.0,
      "tserv": 1.5511671986116609,
      "stddev": 1.5511671986116609,
      "mu": 0.644675829204633,
      "cv": 1.0,
      "lambda": 0.3,
      "twait": 1.3501096397079277
    },
    "F2": {
      "rho": 0.63751108396279,
      "capacity": 1.0,
      "tserv": 1.0625184732713167,
      "stddev": 1.1045093386893532,
      "mu": 0.9411601070061091,
      "cv": 1.0395201273901185,
      "lambda": 0.6,
      "twait": 1.9439654135965518
    },
    "F3": {
      "rho": 0.6399014989830795,
      "capacity": 1.0,
      "tserv": 2.133004996610265,
      "stddev": 2.133004996610265,
      "mu": 0.4688221554047847,
      "cv": 1.0,
      "lambda": 0.3,
      "twait": 3.7903881599473017
    },
    "F4": {
      "rho": 1.0803701527157583,
      "capacity": 1.0,
      "tserv": 3.601233842385861,
      "stddev": 3.601233842385861,
      "mu": 0.2776826065084093,
      "cv": 1.0,
      "lambda": 0.3,
      "twait": 3886.774890707303
    },
    "F5": {
      "rho": 0.8749740810669784,
      "capacity": 1.0,
      "tserv": 2.9165802702232617,
      "stddev": 2.9165802702232617,
      "mu": 0.34286729914807074,
      "cv": 1.0,
      "lambda": 0.3,
      "twait": 20.411224837017905
    },
    "F6": {
      "rho": 0.5904385297392546,
      "capacity": 1.0,
      "tserv": 1.9681284324641821,
      "stddev": 1.9681284324641817,
      "mu": 0.5080969226931784,
      "cv": 0.9999999999999998,
      "lambda": 0.3,
      "twait": 2.837324656692818
    },
    "F7": {
      "rho": 0.6231367619134726,
      "capacity": 1.0,
      "tserv": 1.0385612698557876,
      "stddev": 1.0653662244380282,
      "mu": 0.9628704911544197,
      "cv": 1.0258096997839738,
      "lambda": 0.6,
      "twait": 1.7621363505688195
    },
    "F8": {
      "rho": 0.5493921219408752,
      "capacity": 1.0,
      "tserv": 0.610435691045417,
      "stddev": 0.6277632736218769,
      "mu": 1.6381742002788613,
      "cv": 1.0283855987299582,
      "lambda": 0.8999999999999999,
      "twait": 0.7656841437412177
    },
    "F9": {
      "rho": 0.6019764195772198,
      "capacity": 1.0,
      "tserv": 1.0032940326286997,
      "stddev": 1.0053958364663105,
      "mu": 0.9967167823972111,
      "cv": 1.0020949031582536,
      "lambda": 0.6,
      "twait": 1.5205780283790593
    },
    "F10": {
      "rho": 0.5050364170144275,
      "capacity": 1.0,
      "tserv": 0.8417273616907125,
      "stddev": 0.859555031087726,
      "mu": 1.1880331393663828,
      "cv": 1.02117986204132,
      "lambda": 0.6,
      "twait": 0.8772401764328691
    },
    "F11": {
      "rho": 0.45124530188387674,
      "capacity": 1.0,
      "tserv": 1.5041510062795893,
      "stddev": 1.5041510062795893,
      "mu": 0.6648268663353349,
      "cv": 1.0,
      "lambda": 0.3,
      "twait": 1.2368751962173457
    },
    "F12": {
      "rho": 0.4835459693302544,
      "capacity": 1.0,
      "tserv": 0.8059099488837573,
      "stddev": 0.8668712588730881,
      "mu": 1.2408334223756279,
      "cv": 1.0756428309065629,
      "lambda": 0.6,
      "twait": 0.8137936052236346
    },
    "F13": {
      "rho": 0.6736271579080173,
      "capacity": 1.0,
      "tserv": 0.7484746198977971,
      "stddev": 0.9018666220642921,
      "mu": 1.3360506467628097,
      "cv": 1.204939483702788,
      "lambda": 0.8999999999999999,
      "twait": 1.8938767800629686
    },
    "F14": {
      "rho": 0.5773965953448649,
      "capacity": 1.0,
      "tserv": 1.9246553178162162,
      "stddev": 1.9246553178162162,
      "mu": 0.5195735520761381,
      "cv": 1.0,
      "lambda": 0.3,
      "twait": 2.6296272473865616
    },
    "F15": {
      "rho": 0.51697124912858,
      "capacity": 1.0,
      "tserv": 0.5744124990317555,
      "stddev": 0.7831444967783824,
      "mu": 1.740909192758907,
      "cv": 1.3633834537000342,
      "lambda": 0.8999999999999999,
      "twait": 0.8787660342772624
    },
    "F16": {
      "rho": 0.6793784280172069,
      "capacity": 1.0,
      "tserv": 2.2645947600573564,
      "stddev": 2.2645947600573564,
      "mu": 0.44158010856417973,
      "cv": 1.0,
      "lambda": 0.3,
      "twait": 4.7985443358325846
    },
    "F17": {
      "rho": 0.5958720639957854,
      "capacity": 1.0,
      "tserv": 0.49656005332982117,
      "stddev": 0.6234094833516203,
      "mu": 2.013855108348371,
      "cv": 1.2554563726404793,
      "lambda": 1.2,
      "twait": 0.9430844253573566
    },
    "F18": {
      "rho": 0.4924107314931849,
      "capacity": 1.0,
      "tserv": 0.32827382099545666,
      "stddev": 0.4488915788731114,
      "mu": 3.046237427546317,
      "cv": 1.3674303284736313,
      "lambda": 1.5,
      "twait": 0.4569649670351524
    },
    "F19": {
      "rho": 0.4389329955039078,
      "capacity": 1.0,
      "tserv": 0.731554992506513,
      "stddev": 1.0917121612292076,
      "mu": 1.3669512343476995,
      "cv": 1.4923172863446599,
      "lambda": 0.6,
      "twait": 0.923423478585068
    },
    "F20": {
      "rho": 0.5225322808969673,
      "capacity": 1.0,
      "tserv": 0.870887134828279,
      "stddev": 1.0821992379341197,
      "mu": 1.1482544178324319,
      "cv": 1.242640055932744,
      "lambda": 0.6,
      "twait": 1.212395842688295
    }
  },
  "extra": {
    "deltatime": 4.8827456,
    "conv": 11,
    "obj_func": 1003.3030171804392
  },
  "network": [
    [
      0.0,
      1.019367150629191,
      0.8788796767175161,
      1.0980892827390678,
      0.8801021167758246,
      1.0225966579518073,
      0.8294834269478806,
      0.7515372799688975,
      1.1123306925576677,
      0.9856684862643451,
      1.1073680527893255,
      0.7982353576478067,
      0.9759341261691103,
      1.0921452990924183,
      1.1536349611327892,
      0.8661103379065862,
      1.3430680339678924,
      1.0004739437364851,
      1.30416203357541,
      1.30416203357541
    ],
    [
      1.019367150629191,
      0.0,
      1.2890473368596598,
      1.11105209649582,
      0.9522129333065655,
      0.7276002261254404,
      0.9074529553484999,
      1.153355291275971,
      0.979021188922533,
      0.993617448287815,
      1.0242387831501152,
      0.7371532539789939,
      0.8614959710547386,
      0.8668636716047482,
      1.219806364383067,
      0.5655206343821281,
      1.228831736371022,
      1.30416203357541,
      0.9219198642958777,
      0.9219198642958777
    ],
    [
      0.8788796767175161,
      1.2890473368596598,
      0.0,
      0.9958624319231404,
      1.1664228302945487,
      1.1198408318786885,
      1.2795144211675396,
      0.6239391880790757,
      1.4006941741728698,
      0.5285656834138266,
      0.734912811322979,
      1.4947470455673908,
      0.8828966853414674,
      0.7598844947396454,
      0.9009085043775171,
      1.1214966431668378,
      1.0004739437364851,
      0.9219198642958777,
      0.4629086023956109,
      0.4629086023956109
    ],
    [
      1.0980892827390678,
      1.11105209649582,
      0.9958624319231404,
      0.0,
      0.9100591395779991,
      1.2962460593540084,
      0.8117521384279156,
      0.8259983300209678,
      0.8933598769939923,
      1.0722119081154733,
      0.7658356661510529,
      1.0174601101285836,
      1.2850421332903388,
      1.054048198652479,
      1.0537427150697485,
      1.3430680339678924,
      1.30416203357541,
      0.4629086023956109,
      1.006574431168713,
      1.006574431168713
    ],
    [
      0.8801021167758246,
      0.9522129333065655,
      1.1664228302945487,
      0.9100591395779991,
      0.0,
      1.182494776220792,
      0.8469836880142271,
      1.0722735359453326,
      1.1311008538060685,
      1.0277731457183652,
      0.9615126777953598,
      0.8752611522261318,
      1.0399495401816894,
      0.8770308770785092,
      0.8661103379065862,
      1.228831736371022,
      0.9219198642958777,
      1.006574431168713,
      1.0266661153864844,
      1.0266661153864844
    ],
    [
      1.0225966579518073,
      0.7276002261254404,
      1.1198408318786885,
      1.2962460593540084,
      1.182494776220792,
      0.0,
      0.6850978722591624,
      0.9454975858727231,
      1.0784516976100695,
      1.2435675922468115,
      1.0856812526738038,
      1.1525997543202464,
      1.335190351213435,
      1.1536349611327892,
      0.5655206343821281,
      1.0004739437364851,
      0.4629086023956109,
      1.0266661153864844,
      1.126699341349894,
      1.126699341349894
    ],
    [
      0.8294834269478806,
      0.9074529553484999,
      1.2795144211675396,
      0.8117521384279156,
      0.8469836880142271,
      0.6850978722591624,
      0.0,
      1.0177723732103434,
      0.7686419210439029,
      1.2010882162033918,
      0.8886466094064915,
      1.1785605286230552,
      1.0921452990924183,
      1.219806364383067,
      1.1214966431668378,
      1.30416203357541,
      1.006574431168713,
      1.126699341349894,
      0.5889466513586324,
      0.5889466513586324
    ],
    [
      0.7515372799688975,
      1.153355291275971,
      0.6239391880790757,
      0.8259983300209678,
      1.0722735359453326,
      0.9454975858727231,
      1.0177723732103434,
      0.0,
      1.2766195357057721,
      1.4702004510801017,
      1.033370875325256,
      0.9759341261691103,
      0.8668636716047482,
      0.9009085043775171,
      1.3430680339678924,
      0.9219198642958777,
      1.0266661153864844,
      0.5889466513586324,
      1.1203483956142795,
      1.1203483956142795
    ],
    [
      1.1123306925576677,
      0.979021188922533,
      1.4006941741728698,
      0.8933598769939923,
      1.1311008538060685,
      1.0784516976100695,
      0.7686419210439029,
      1.2766195357057721,
      0.0,
      0.8986263245704275,
      0.7982353576478067,
      0.8614959710547386,
      0.7598844947396454,
      1.0537427150697485,
      1.228831736371022,
      0.4629086023956109,
      1.126699341349894,
      1.1203483956142795,
      0.7614581459211451,
      0.7614581459211451
    ],
    [
      0.9856684862643451,
      0.993617448287815,
      0.5285656834138266,
      1.0722119081154733,
      1.0277731457183652,
      1.2435675922468115,
      1.2010882162033918,
      1.4702004510801017,
      0.8986263245704275,
      0.0,
      0.7371532539789939,
      0.8828966853414674,
      1.054048198652479,
      0.8661103379065862,
      1.0004739437364851,
      1.006574431168713,
      0.5889466513586324,
      0.7614581459211451,
      0.4420206191157458,
      0.4420206191157458
    ],
    [
      1.1073680527893255,
      1.0242387831501152,
      0.734912811322979,
      0.7658356661510529,
      0.9615126777953598,
      1.0856812526738038,
      0.8886466094064915,
      1.033370875325256,
      0.7982353576478067,
      0.7371532539789939,
      0.0,
      1.2850421332903388,
      0.8770308770785092,
      0.5655206343821281,
      1.30416203357541,
      1.0266661153864844,
      1.1203483956142795,
      0.4420206191157458,
      0.7167241700377053,
      0.7167241700377053
    ],
    [
      0.7982353576478067,
      0.7371532539789939,
      1.4947470455673908,
      1.0174601101285836,
      0.8752611522261318,
      1.1525997543202464,
      1.1785605286230552,
      0.9759341261691103,
      0.8614959710547386,
      0.8828966853414674,
      1.2850421332903388,
      0.0,
      1.1536349611327892,
      1.1214966431668378,
      0.9219198642958777,
      1.126699341349894,
      0.7614581459211451,
      0.7167241700377053,
      1.2411658817539586,
      1.2411658817539586
    ],
    [
      0.9759341261691103,
      0.8614959710547386,
      0.8828966853414674,
      1.2850421332903388,
      1.0399495401816894,
      1.335190351213435,
      1.0921452990924183,
      0.8668636716047482,
      0.7598844947396454,
      1.054048198652479,
      0.8770308770785092,
      1.1536349611327892,
      0.0,
      1.3430680339678924,
      0.4629086023956109,
      0.5889466513586324,
      0.4420206191157458,
      1.2411658817539586,
      1.215347357549647,
      1.215347357549647
    ],
    [
      1.0921452990924183,
      0.8668636716047482,
      0.7598844947396454,
      1.054048198652479,
      0.8770308770785092,
      1.1536349611327892,
      1.219806364383067,
      0.9009085043775171,
      1.0537427150697485,
      0.8661103379065862,
      0.5655206343821281,
      1.1214966431668378,
      1.3430680339678924,
      0.0,
      1.006574431168713,
      1.1203483956142795,
      0.7167241700377053,
      1.215347357549647,
      1.0830913354192389,
      1.0830913354192389
    ],
    [
      1.1536349611327892,
      1.219806364383067,
      0.9009085043775171,
      1.0537427150697485,
      0.8661103379065862,
      0.5655206343821281,
      1.1214966431668378,
      1.3430680339678924,
      1.228831736371022,
      1.0004739437364851,
      1.30416203357541,
      0.9219198642958777,
      0.4629086023956109,
      1.006574431168713,
      0.0,
      0.7614581459211451,
      1.2411658817539586,
      1.0830913354192389,
      0.9556983687536832,
      0.9556983687536832
    ],
    [
      0.8661103379065862,
      0.5655206343821281,
      1.1214966431668378,
      1.3430680339678924,
      1.228831736371022,
      1.0004739437364851,
      1.30416203357541,
      0.9219198642958777,
      0.4629086023956109,
      1.006574431168713,
      1.0266661153864844,
      1.126699341349894,
      0.5889466513586324,
      1.1203483956142795,
      0.7614581459211451,
      0.0,
      1.215347357549647,
      0.9556983687536832,
      0.7170289243972057,
      0.7170289243972057
    ],
    [
      1.3430680339678924,
      1.228831736371022,
      1.0004739437364851,
      1.30416203357541,
      0.9219198642958777,
      0.4629086023956109,
      1.006574431168713,
      1.0266661153864844,
      1.126699341349894,
      0.5889466513586324,
      1.1203483956142795,
      0.7614581459211451,
      0.4420206191157458,
      0.7167241700377053,
      1.2411658817539586,
      1.215347357549647,
      0.0,
      0.7170289243972057,
      0.7867364144499467,
      0.7867364144499467
    ],
    [
      1.0004739437364851,
      1.30416203357541,
      0.9219198642958777,
      0.4629086023956109,
      1.006574431168713,
      1.0266661153864844,
      1.126699341349894,
      0.5889466513586324,
      1.1203483956142795,
      0.7614581459211451,
      0.4420206191157458,
      0.7167241700377053,
      1.2411658817539586,
      1.215347357549647,
      1.0830913354192389,
      0.9556983687536832,
      0.7170289243972057,
      0.0,
      1.0536488010746101,
      1.0536488010746101
    ],
    [
      1.30416203357541,
      0.9219198642958777,
      0.4629086023956109,
      1.006574431168713,
      1.0266661153864844,
      1.126699341349894,
      0.5889466513586324,
      1.1203483956142795,
      0.7614581459211451,
      0.4420206191157458,
      0.7167241700377053,
      1.2411658817539586,
      1.215347357549647,
      1.0830913354192389,
      0.9556983687536832,
      0.7170289243972057,
      0.7867364144499467,
      1.0536488010746101,
      0.0,
      1.255570775722954
    ],
    [
      1.30416203357541,
      0.9219198642958777,
      0.4629086023956109,
      1.006574431168713,
      1.0266661153864844,
      1.126699341349894,
      0.5889466513586324,
      1.1203483956142795,
      0.7614581459211451,
      0.4420206191157458,
      0.7167241700377053,
      1.2411658817539586,
      1.215347357549647,
      1.0830913354192389,
      0.9556983687536832,
      0.7170289243972057,
      0.7867364144499467,
      1.0536488010746101,
      1.255570775722954,
      0.0
    ]
  ]
}