{
  "servicechain": {
    "SC1": {
      "resptime": 25089.53010638548,
      "resptime_old": 25079.53010638548,
      "waittime": 25074.773058753322,
      "servicetime": 10.0,
      "networktime": 4.757047632156105,
      "services": {
        "MS1_1": {
          "meanserv": 2.856290815015176,
          "stddevserv": 2.856290815015176,
          "rate": 0.3501044062961379,
          "cv": 1.0,
          "lambda": 0.225
        },
        "MS1_2": {
          "meanserv": 0.03614535482349357,
          "stddevserv": 0.03614535482349357,
          "rate": 27.66607230398594,
          "cv": 1.0,
          "lambda": 0.225
        },
        "MS1_3": {
          "meanserv": 0.39902442987532094,
          "stddevserv": 0.39902442987532094,
          "rate": 2.506112220528602,
          "cv": 1.0,
          "lambda": 0.225
        },
        "MS1_4": {
          "meanserv": 0.5761992366708464,
          "stddevserv": 0.5761992366708464,
          "rate": 1.7355108031343152,
          "cv": 1.0,
          "lambda": 0.225
        },
        "MS1_5": {
          "meanserv": 6.132340163615163,
          "stddevserv": 6.132340163615163,
          "rate": 0.16306988414199053,
          "cv": 1.0,
          "lambda": 0.225
        }
      },
      "sensors": [
        "S1"
      ],
      "sources": [
        {
          "startTime": 0,
          "stopTime": -1,
          "lambda": 0.225
        }
      ]
    },
    "SC2": {
      "resptime": 25094.22372135029,
      "resptime_old": 25084.223721350285,
      "waittime": 25079.32853372075,
      "servicetime": 10.0,
      "networktime": 4.895187629539231,
      "services": {
        "MS2_1": {
          "meanserv": 4.1607320282264375,
          "stddevserv": 4.1607320282264375,
          "rate": 0.24034232274897602,
          "cv": 1.0,
          "lambda": 0.225
        },
        "MS2_2": {
          "meanserv": 2.8750422248771708,
          "stddevserv": 2.8750422248771708,
          "rate": 0.3478209785397926,
          "cv": 1.0,
          "lambda": 0.225
        },
        "MS2_3": {
          "meanserv": 2.8002000165881666,
          "stddevserv": 2.8002000165881666,
          "rate": 0.35711734664526745,
          "cv": 1.0,
          "lambda": 0.225
        },
        "MS2_4": {
          "meanserv": 0.08147909912808515,
          "stddevserv": 0.08147909912808515,
          "rate": 12.27308611289381,
          "cv": 1.0,
          "lambda": 0.225
        },
        "MS2_5": {
          "meanserv": 0.08254663118013994,
          "stddevserv": 0.08254663118013994,
          "rate": 12.114364762115114,
          "cv": 1.0,
          "lambda": 0.225
        }
      },
      "sensors": [
        "S2"
      ],
      "sources": [
        {
          "startTime": 0,
          "stopTime": -1,
          "lambda": 0.225
        }
      ]
    },
    "SC3": {
      "resptime": 25090.3057763765,
      "resptime_old": 25080.3057763765,
      "waittime": 25073.57730610532,
      "servicetime": 10.0,
      "networktime": 6.728470271181181,
      "services": {
        "MS3_1": {
          "meanserv": 0.7728483926060636,
          "stddevserv": 0.7728483926060636,
          "rate": 1.2939148344838702,
          "cv": 1.0,
          "lambda": 0.225
        },
        "MS3_2": {
          "meanserv": 4.955083919903711,
          "stddevserv": 4.955083919903711,
          "rate": 0.20181292913792517,
          "cv": 1.0,
          "lambda": 0.225
        },
        "MS3_3": {
          "meanserv": 0.6723735004686571,
          "stddevserv": 0.6723735004686571,
          "rate": 1.4872686078540887,
          "cv": 1.0,
          "lambda": 0.225
        },
        "MS3_4": {
          "meanserv": 1.3454229627171124,
          "stddevserv": 1.3454229627171124,
          "rate": 0.7432606902891543,
          "cv": 1.0,
          "lambda": 0.225
        },
        "MS3_5": {
          "meanserv": 2.254271224304456,
          "stddevserv": 2.254271224304456,
          "rate": 0.4436023443933837,
          "cv": 1.0,
          "lambda": 0.225
        }
      },
      "sensors": [
        "S3"
      ],
      "sources": [
        {
          "startTime": 0,
          "stopTime": -1,
          "lambda": 0.225
        }
      ]
    },
    "SC4": {
      "resptime": 25099.632838563095,
      "resptime_old": 25089.632838563095,
      "waittime": 25082.702867626092,
      "servicetime": 10.0,
      "networktime": 6.929970937001896,
      "services": {
        "MS4_1": {
          "meanserv": 0.010754592535253682,
          "stddevserv": 0.010754592535253682,
          "rate": 92.98353207915484,
          "cv": 1.0,
          "lambda": 0.225
        },
        "MS4_2": {
          "meanserv": 0.21580379987599096,
          "stddevserv": 0.21580379987599096,
          "rate": 4.63383870244471,
          "cv": 1.0,
          "lambda": 0.225
        },
        "MS4_3": {
          "meanserv": 5.873417872258205,
          "stddevserv": 5.873417872258205,
          "rate": 0.17025861632002715,
          "cv": 1.0,
          "lambda": 0.225
        },
        "MS4_4": {
          "meanserv": 0.3948889438116785,
          "stddevserv": 0.3948889438116785,
          "rate": 2.532357554373306,
          "cv": 1.0,
          "lambda": 0.225
        },
        "MS4_5": {
          "meanserv": 3.5051347915188718,
          "stddevserv": 3.5051347915188718,
          "rate": 0.28529573311121437,
          "cv": 1.0,
          "lambda": 0.225
        }
      },
      "sensors": [
        "S4"
      ],
      "sources": [
        {
          "startTime": 0,
          "stopTime": -1,
          "lambda": 0.225
        }
      ]
    }
  },
  "microservice": {
    "MS1_1": "F3",
    "MS1_2": "F10",
    "MS1_3": "F10",
    "MS1_4": "F10",
    "MS1_5": "F1",
    "MS2_1": "F1",
    "MS2_2": "F6",
    "MS2_3": "F5",
    "MS2_4": "F7",
    "MS2_5": "F7",
    "MS3_1": "F8",
    "MS3_2": "F1",
    "MS3_3": "F9",
    "MS3_4": "F9",
    "MS3_5": "F4",
    "MS4_1": "F8",
    "MS4_2": "F8",
    "MS4_3": "F1",
    "MS4_4": "F7",
    "MS4_5": "F2"
  },
  "sensor": {
    "S1": "F3",
    "S2": "F1",
    "S3": "F8",
    "S4": "F8"
  },
  "fog": {
    "F1": {
      "rho": 4.7523541464007915,
      "capacity": 1.0,
      "tserv": 5.28039349600088,
      "stddev": 5.394537519715224,
      "mu": 0.1893798257189266,
      "cv": 1.0216165753178796,
      "lambda": 0.9,
      "twait": 25069.20562542218
    },
    "F2": {
      "rho": 0.7886553280917461,
      "capacity": 1.0,
      "tserv": 3.5051347915188718,
      "stddev": 3.5051347915188718,
      "mu": 0.28529573311121437,
      "cv": 1.0,
      "lambda": 0.225,
      "twait": 13.079786701275959
    },
    "F3": {
      "rho": 0.6426654333784145,
      "capacity": 1.0,
      "tserv": 2.856290815015176,
      "stddev": 2.856290815015176,
      "mu": 0.3501044062961379,
      "cv": 1.0,
      "lambda": 0.225,
      "twait": 5.137032758519666
    },
    "F4": {
      "rho": 0.5072110254685026,
      "capacity": 1.0,
      "tserv": 2.254271224304456,
      "stddev": 2.254271224304456,
      "mu": 0.4436023443933837,
      "cv": 1.0,
      "lambda": 0.225,
      "twait": 2.320245132210275
    },
    "F5": {
      "rho": 0.6300450037323375,
      "capacity": 1.0,
      "tserv": 2.8002000165881666,
      "stddev": 2.8002000165881666,
      "mu": 0.35711734664526745,
      "cv": 1.0,
      "lambda": 0.225,
      "twait": 4.768828770259792
    },
    "F6": {
      "rho": 0.6468845005973635,
      "capacity": 1.0,
      "tserv": 2.8750422248771708,
      "stddev": 2.8750422248771708,
      "mu": 0.3478209785397926,
      "cv": 1.0,
      "lambda": 0.225,
      "twait": 5.266889323697908
    },
    "F7": {
      "rho": 0.12575580167697833,
      "capacity": 1.0,
      "tserv": 0.1863048913733012,
      "stddev": 0.2796733797774242,
      "mu": 5.367545600272452,
      "cv": 1.5011596191376397,
      "lambda": 0.675,
      "twait": 0.04359510230813879
    },
    "F8": {
      "rho": 0.22486652662889434,
      "capacity": 1.0,
      "tserv": 0.3331355950057694,
      "stddev": 0.564217802073821,
      "mu": 3.0017807012867586,
      "cv": 1.693658109587628,
      "lambda": 0.675,
      "twait": 0.1869302001657589
    },
    "F9": {
      "rho": 0.45400420421679816,
      "capacity": 1.0,
      "tserv": 1.0088982315928847,
      "stddev": 1.1155148726161017,
      "mu": 0.9911802485976847,
      "cv": 1.1056763087540424,
      "lambda": 0.45,
      "twait": 0.9322526753820987
    },
    "F10": {
      "rho": 0.22755802980817372,
      "capacity": 1.0,
      "tserv": 0.3371230071232203,
      "stddev": 0.4633606656842327,
      "mu": 2.9662763408920783,
      "cv": 1.3744557799191433,
      "lambda": 0.675,
      "twait": 0.14346685754185315
    }
  },
  "extra": {
    "deltatime": 0.0135513,
    "obj_func": 25093.42311066884
  },
  "network": [
    [
      0.0,
      2.2868717180676357,
      2.003901548390936,
      2.074164632656769,
      1.7737776685896471,
      1.7298146946458264,
      3.000572763888879,
      2.4481683665786935,
      2.4999629119235,
      2.4999629119235
    ],
    [
      2.2868717180676357,
      0.0,
      2.0146684843610734,
      1.3877638707945055,
      1.9134476313986297,
      2.282487473137349,
      1.481229806534323,
      2.4999629119235,
      1.684143128359082,
      1.684143128359082
    ],
    [
      2.003901548390936,
      2.0146684843610734,
      0.0,
      1.6572679322759312,
      1.2676527316413284,
      1.1936468060760304,
      2.4481683665786935,
      1.684143128359082,
      2.2570847202326054,
      2.2570847202326054
    ],
    [
      2.074164632656769,
      1.3877638707945055,
      1.6572679322759312,
      0.0,
      1.5137228036998536,
      3.000572763888879,
      2.4999629119235,
      2.2570847202326054,
      1.7803389926789872,
      1.7803389926789872
    ],
    [
      1.7737776685896471,
      1.9134476313986297,
      1.2676527316413284,
      1.5137228036998536,
      0.0,
      1.481229806534323,
      1.684143128359082,
      1.7803389926789872,
      2.421122923565814,
      2.421122923565814
    ],
    [
      1.7298146946458264,
      2.282487473137349,
      1.1936468060760304,
      3.000572763888879,
      1.481229806534323,
      0.0,
      2.2570847202326054,
      2.421122923565814,
      2.5107698649858423,
      2.5107698649858423
    ],
    [
      3.000572763888879,
      1.481229806534323,
      2.4481683665786935,
      2.4999629119235,
      1.684143128359082,
      2.2570847202326054,
      0.0,
      2.5107698649858423,
      1.5673409832063478,
      1.5673409832063478
    ],
    [
      2.4481683665786935,
      2.4999629119235,
      1.684143128359082,
      2.2570847202326054,
      1.7803389926789872,
      2.421122923565814,
      2.5107698649858423,
      0.0,
      2.1351108794169704,
      2.1351108794169704
    ],
    [
      2.4999629119235,
      1.684143128359082,
      2.2570847202326054,
      1.7803389926789872,
      2.421122923565814,
      2.5107698649858423,
      1.5673409832063478,
      2.1351108794169704,
      0.0,
      2.7222986254059696
    ],
    [
      2.4999629119235,
      1.684143128359082,
      2.2570847202326054,
      1.7803389926789872,
      2.421122923565814,
      2.5107698649858423,
      1.5673409832063478,
      2.1351108794169704,
      2.7222986254059696,
      0.0
    ]
  ]
}