{
  "servicechain": {
    "SC1": {
      "resptime": 35.00517630180854,
      "resptime_old": 25.005176301808543,
      "waittime": 20.23136697706768,
      "servicetime": 10.0,
      "networktime": 4.77380932474086,
      "services": {
        "MS1_1": {
          "meanserv": 1.0984099620597487,
          "stddevserv": 1.0984099620597487,
          "rate": 0.9104068922725269,
          "cv": 1.0,
          "lambda": 0.15
        },
        "MS1_2": {
          "meanserv": 4.843436038508562,
          "stddevserv": 4.843436038508562,
          "rate": 0.20646499552163586,
          "cv": 1.0,
          "lambda": 0.15
        },
        "MS1_3": {
          "meanserv": 0.2722289530295585,
          "stddevserv": 0.2722289530295585,
          "rate": 3.6733785619467905,
          "cv": 1.0,
          "lambda": 0.15
        },
        "MS1_4": {
          "meanserv": 0.8855301687999315,
          "stddevserv": 0.8855301687999315,
          "rate": 1.1292670032407792,
          "cv": 1.0,
          "lambda": 0.15
        },
        "MS1_5": {
          "meanserv": 2.9003948776021993,
          "stddevserv": 2.9003948776021993,
          "rate": 0.34478063925789143,
          "cv": 1.0,
          "lambda": 0.15
        }
      },
      "sensors": [
        "S1"
      ],
      "sources": [
        {
          "startTime": 0,
          "stopTime": -1,
          "lambda": 0.15
        }
      ]
    },
    "SC2": {
      "resptime": 48.784570851108846,
      "resptime_old": 38.78457085110885,
      "waittime": 37.21536712528204,
      "servicetime": 10.0,
      "networktime": 1.5692037258268052,
      "services": {
        "MS2_1": {
          "meanserv": 5.524367559579465,
          "stddevserv": 5.524367559579465,
          "rate": 0.1810161958296858,
          "cv": 1.0,
          "lambda": 0.15
        },
        "MS2_2": {
          "meanserv": 0.4681350249492455,
          "stddevserv": 0.4681350249492455,
          "rate": 2.1361358298461397,
          "cv": 1.0,
          "lambda": 0.15
        },
        "MS2_3": {
          "meanserv": 1.063372502673225,
          "stddevserv": 1.063372502673225,
          "rate": 0.940404230395358,
          "cv": 1.0,
          "lambda": 0.15
        },
        "MS2_4": {
          "meanserv": 1.289300453330534,
          "stddevserv": 1.289300453330534,
          "rate": 0.775614401916008,
          "cv": 1.0,
          "lambda": 0.15
        },
        "MS2_5": {
          "meanserv": 1.6548244594675303,
          "stddevserv": 1.6548244594675303,
          "rate": 0.6042937027422038,
          "cv": 1.0,
          "lambda": 0.15
        }
      },
      "sensors": [
        "S2"
      ],
      "sources": [
        {
          "startTime": 0,
          "stopTime": -1,
          "lambda": 0.15
        }
      ]
    },
    "SC3": {
      "resptime": 29.46161406766242,
      "resptime_old": 19.46161406766242,
      "waittime": 14.803275763791486,
      "servicetime": 10.0,
      "networktime": 4.658338303870935,
      "services": {
        "MS3_1": {
          "meanserv": 3.8851312531440674,
          "stddevserv": 3.8851312531440674,
          "rate": 0.25739156153109205,
          "cv": 1.0,
          "lambda": 0.15
        },
        "MS3_2": {
          "meanserv": 2.119140379848868,
          "stddevserv": 2.119140379848868,
          "rate": 0.47188945551182293,
          "cv": 1.0,
          "lambda": 0.15
        },
        "MS3_3": {
          "meanserv": 1.332362297335857,
          "stddevserv": 1.332362297335857,
          "rate": 0.7505466058290327,
          "cv": 1.0,
          "lambda": 0.15
        },
        "MS3_4": {
          "meanserv": 2.232052282098879,
          "stddevserv": 2.232052282098879,
          "rate": 0.4480181795113079,
          "cv": 1.0,
          "lambda": 0.15
        },
        "MS3_5": {
          "meanserv": 0.4313137875723285,
          "stddevserv": 0.4313137875723285,
          "rate": 2.318497643278576,
          "cv": 1.0,
          "lambda": 0.15
        }
      },
      "sensors": [
        "S3"
      ],
      "sources": [
        {
          "startTime": 0,
          "stopTime": -1,
          "lambda": 0.15
        }
      ]
    },
    "SC4": {
      "resptime": 26.67148813511353,
      "resptime_old": 16.67148813511353,
      "waittime": 13.463827724103306,
      "servicetime": 10.0,
      "networktime": 3.207660411010228,
      "services": {
        "MS4_1": {
          "meanserv": 3.7221638907381163,
          "stddevserv": 3.7221638907381163,
          "rate": 0.26866092664224334,
          "cv": 1.0,
          "lambda": 0.15
        },
        "MS4_2": {
          "meanserv": 1.4953570729955024,
          "stddevserv": 1.4953570729955024,
          "rate": 0.6687365968027944,
          "cv": 1.0,
          "lambda": 0.15
        },
        "MS4_3": {
          "meanserv": 1.849619583598904,
          "stddevserv": 1.849619583598904,
          "rate": 0.5406517150160394,
          "cv": 1.0,
          "lambda": 0.15
        },
        "MS4_4": {
          "meanserv": 0.6391353044190478,
          "stddevserv": 0.6391353044190478,
          "rate": 1.5646139292977501,
          "cv": 1.0,
          "lambda": 0.15
        },
        "MS4_5": {
          "meanserv": 2.2937241482484296,
          "stddevserv": 2.2937241482484296,
          "rate": 0.43597221608519754,
          "cv": 1.0,
          "lambda": 0.15
        }
      },
      "sensors": [
        "S4"
      ],
      "sources": [
        {
          "startTime": 0,
          "stopTime": -1,
          "lambda": 0.15
        }
      ]
    }
  },
  "microservice": {
    "MS1_1": "F10",
    "MS1_2": "F8",
    "MS1_3": "F3",
    "MS1_4": "F3",
    "MS1_5": "F7",
    "MS2_1": "F2",
    "MS2_2": "F5",
    "MS2_3": "F5",
    "MS2_4": "F5",
    "MS2_5": "F5",
    "MS3_1": "F1",
    "MS3_2": "F3",
    "MS3_3": "F9",
    "MS3_4": "F9",
    "MS3_5": "F9",
    "MS4_1": "F6",
    "MS4_2": "F4",
    "MS4_3": "F4",
    "MS4_4": "F4",
    "MS4_5": "F10"
  },
  "sensor": {
    "S1": "F10",
    "S2": "F2",
    "S3": "F1",
    "S4": "F6"
  },
  "fog": {
    "F1": {
      "rho": 0.5827696879716101,
      "capacity": 1.0,
      "tserv": 3.8851312531440674,
      "stddev": 3.8851312531440674,
      "mu": 0.25739156153109205,
      "cv": 1.0,
      "lambda": 0.15,
      "twait": 5.426587337617643
    },
    "F2": {
      "rho": 0.8286551339369198,
      "capacity": 1.0,
      "tserv": 5.524367559579465,
      "stddev": 5.524367559579465,
      "mu": 0.1810161958296858,
      "cv": 1.0,
      "lambda": 0.15,
      "twait": 26.716852656179334
    },
    "F3": {
      "rho": 0.4915349252517537,
      "capacity": 1.0,
      "tserv": 1.092299833892786,
      "stddev": 1.5404219858088883,
      "mu": 0.9154995441463688,
      "cv": 1.4102556258010814,
      "lambda": 0.44999999999999996,
      "twait": 1.5779928153994196
    },
    "F4": {
      "rho": 0.5976167941520181,
      "capacity": 1.0,
      "tserv": 1.328037320337818,
      "stddev": 1.510001022257934,
      "mu": 0.7529908871428599,
      "cv": 1.1370170093366272,
      "lambda": 0.44999999999999996,
      "twait": 2.261157733097588
    },
    "F5": {
      "rho": 0.6713448660630802,
      "capacity": 1.0,
      "tserv": 1.1189081101051337,
      "stddev": 1.2741154606074736,
      "mu": 0.8937284402255686,
      "cv": 1.1387132232759993,
      "lambda": 0.6,
      "twait": 2.624628617275679
    },
    "F6": {
      "rho": 0.5583245836107175,
      "capacity": 1.0,
      "tserv": 3.7221638907381167,
      "stddev": 3.7221638907381154,
      "mu": 0.2686609266422433,
      "cv": 0.9999999999999997,
      "lambda": 0.15,
      "twait": 4.705210041836583
    },
    "F7": {
      "rho": 0.43505923164032984,
      "capacity": 1.0,
      "tserv": 2.9003948776021993,
      "stddev": 2.9003948776021993,
      "mu": 0.34478063925789143,
      "cv": 1.0,
      "lambda": 0.15,
      "twait": 2.2335856032606367
    },
    "F8": {
      "rho": 0.7265154057762843,
      "capacity": 1.0,
      "tserv": 4.843436038508562,
      "stddev": 4.843436038508562,
      "mu": 0.20646499552163586,
      "cv": 1.0,
      "lambda": 0.15,
      "twait": 12.866651260034248
    },
    "F9": {
      "rho": 0.5993592550510596,
      "capacity": 1.0,
      "tserv": 1.3319094556690216,
      "stddev": 1.6896358715384132,
      "mu": 0.7508017874215762,
      "cv": 1.2685816324426533,
      "lambda": 0.44999999999999996,
      "twait": 2.5995652035914745
    },
    "F10": {
      "rho": 0.5088201165462266,
      "capacity": 1.0,
      "tserv": 1.696067055154089,
      "stddev": 1.895001703806891,
      "mu": 0.589599330380926,
      "cv": 1.1172917356352567,
      "lambda": 0.3,
      "twait": 1.9751444829739577
    }
  },
  "extra": {
    "conv_gen": 249,
    "max_gen": 600,
    "population": 600,
    "deltatime": 37.4935512,
    "obj_func": 34.98071233892333
  },
  "network": [
    [
      0.0,
      1.875159431764423,
      2.076806211200159,
      2.556176227204408,
      1.5999222489400233,
      1.493672770180834,
      1.8929304123082673,
      1.8230645812443034,
      1.8356186014548408,
      1.8356186014548408
    ],
    [
      1.875159431764423,
      0.0,
      2.48216825007676,
      2.472834036064355,
      1.5692037258268052,
      1.5879750908006176,
      1.8653551033574822,
      1.8356186014548408,
      1.8474638012495095,
      1.8474638012495095
    ],
    [
      2.076806211200159,
      2.48216825007676,
      0.0,
      2.1960928116584024,
      1.649968715220873,
      2.585094506825312,
      1.8230645812443034,
      1.8474638012495095,
      2.581532092670776,
      2.581532092670776
    ],
    [
      2.556176227204408,
      2.472834036064355,
      2.1960928116584024,
      0.0,
      2.353402912993604,
      1.8929304123082673,
      1.8356186014548408,
      2.581532092670776,
      1.3147299987019605,
      1.3147299987019605
    ],
    [
      1.5999222489400233,
      1.5692037258268052,
      1.649968715220873,
      2.353402912993604,
      0.0,
      1.8653551033574822,
      1.8474638012495095,
      1.3147299987019605,
      2.0846419955006916,
      2.0846419955006916
    ],
    [
      1.493672770180834,
      1.5879750908006176,
      2.585094506825312,
      1.8929304123082673,
      1.8653551033574822,
      0.0,
      2.581532092670776,
      2.0846419955006916,
      2.6621305228427348,
      2.6621305228427348
    ],
    [
      1.8929304123082673,
      1.8653551033574822,
      1.8230645812443034,
      1.8356186014548408,
      1.8474638012495095,
      2.581532092670776,
      0.0,
      2.6621305228427348,
      1.841617119591879,
      1.841617119591879
    ],
    [
      1.8230645812443034,
      1.8356186014548408,
      1.8474638012495095,
      2.581532092670776,
      1.3147299987019605,
      2.0846419955006916,
      2.6621305228427348,
      0.0,
      1.1032809422470475,
      1.1032809422470475
    ],
    [
      1.8356186014548408,
      1.8474638012495095,
      2.581532092670776,
      1.3147299987019605,
      2.0846419955006916,
      2.6621305228427348,
      1.841617119591879,
      1.1032809422470475,
      0.0,
      1.820622303888354
    ],
    [
      1.8356186014548408,
      1.8474638012495095,
      2.581532092670776,
      1.3147299987019605,
      2.0846419955006916,
      2.6621305228427348,
      1.841617119591879,
      1.1032809422470475,
      1.820622303888354,
      0.0
    ]
  ]
}