{
  "servicechain": {
    "SC1": {
      "resptime": 31.882683660559366,
      "resptime_old": 21.882683660559366,
      "waittime": 15.372570328031568,
      "servicetime": 10.0,
      "networktime": 6.510113332527799,
      "services": {
        "MS1_1": {
          "meanserv": 1.9087573018864956,
          "stddevserv": 1.9087573018864956,
          "rate": 0.523901073757079,
          "cv": 1.0,
          "lambda": 0.15
        },
        "MS1_2": {
          "meanserv": 0.8491821068503336,
          "stddevserv": 0.8491821068503336,
          "rate": 1.1776037105975523,
          "cv": 1.0,
          "lambda": 0.15
        },
        "MS1_3": {
          "meanserv": 0.9464713448190829,
          "stddevserv": 0.9464713448190829,
          "rate": 1.0565560230364386,
          "cv": 1.0,
          "lambda": 0.15
        },
        "MS1_4": {
          "meanserv": 3.22979716070384,
          "stddevserv": 3.22979716070384,
          "rate": 0.30961696671442956,
          "cv": 1.0,
          "lambda": 0.15
        },
        "MS1_5": {
          "meanserv": 3.065792085740248,
          "stddevserv": 3.065792085740248,
          "rate": 0.32617997960502465,
          "cv": 1.0,
          "lambda": 0.15
        }
      },
      "sensors": [
        "S1"
      ],
      "sources": [
        {
          "startTime": 0,
          "stopTime": -1,
          "lambda": 0.15
        }
      ]
    },
    "SC2": {
      "resptime": 28.868978954197672,
      "resptime_old": 18.868978954197672,
      "waittime": 14.042560189233317,
      "servicetime": 10.0,
      "networktime": 4.826418764964355,
      "services": {
        "MS2_1": {
          "meanserv": 0.9365361099115033,
          "stddevserv": 0.9365361099115033,
          "rate": 1.0677644881140713,
          "cv": 1.0,
          "lambda": 0.15
        },
        "MS2_2": {
          "meanserv": 2.1912593459737106,
          "stddevserv": 2.1912593459737106,
          "rate": 0.45635857838435767,
          "cv": 1.0,
          "lambda": 0.15
        },
        "MS2_3": {
          "meanserv": 1.625719232404836,
          "stddevserv": 1.625719232404836,
          "rate": 0.615112363849418,
          "cv": 1.0,
          "lambda": 0.15
        },
        "MS2_4": {
          "meanserv": 2.4181318250814856,
          "stddevserv": 2.4181318250814856,
          "rate": 0.413542384094921,
          "cv": 1.0,
          "lambda": 0.15
        },
        "MS2_5": {
          "meanserv": 2.8283534866284645,
          "stddevserv": 2.8283534866284645,
          "rate": 0.3535625955976418,
          "cv": 1.0,
          "lambda": 0.15
        }
      },
      "sensors": [
        "S2"
      ],
      "sources": [
        {
          "startTime": 0,
          "stopTime": -1,
          "lambda": 0.15
        }
      ]
    },
    "SC3": {
      "resptime": 38.923816607101635,
      "resptime_old": 28.923816607101635,
      "waittime": 20.56185510508368,
      "servicetime": 10.0,
      "networktime": 8.361961502017955,
      "services": {
        "MS3_1": {
          "meanserv": 1.4260337092655317,
          "stddevserv": 1.4260337092655317,
          "rate": 0.7012456953174289,
          "cv": 1.0,
          "lambda": 0.15
        },
        "MS3_2": {
          "meanserv": 4.147805288903873,
          "stddevserv": 4.147805288903873,
          "rate": 0.24109135563214124,
          "cv": 1.0,
          "lambda": 0.15
        },
        "MS3_3": {
          "meanserv": 0.2388275064106562,
          "stddevserv": 0.2388275064106562,
          "rate": 4.187122392345094,
          "cv": 1.0,
          "lambda": 0.15
        },
        "MS3_4": {
          "meanserv": 3.653881611981893,
          "stddevserv": 3.653881611981893,
          "rate": 0.27368155462967847,
          "cv": 1.0,
          "lambda": 0.15
        },
        "MS3_5": {
          "meanserv": 0.5334518834380457,
          "stddevserv": 0.5334518834380457,
          "rate": 1.874583314909485,
          "cv": 1.0,
          "lambda": 0.15
        }
      },
      "sensors": [
        "S3"
      ],
      "sources": [
        {
          "startTime": 0,
          "stopTime": -1,
          "lambda": 0.15
        }
      ]
    },
    "SC4": {
      "resptime": 39.617024720948756,
      "resptime_old": 29.61702472094876,
      "waittime": 24.233843478105175,
      "servicetime": 10.0,
      "networktime": 5.383181242843582,
      "services": {
        "MS4_1": {
          "meanserv": 1.5115943275913912,
          "stddevserv": 1.5115943275913912,
          "rate": 0.6615531573166346,
          "cv": 1.0,
          "lambda": 0.15
        },
        "MS4_2": {
          "meanserv": 2.3832218774914153,
          "stddevserv": 2.3832218774914153,
          "rate": 0.41960004204585527,
          "cv": 1.0,
          "lambda": 0.15
        },
        "MS4_3": {
          "meanserv": 0.6857761539591571,
          "stddevserv": 0.6857761539591571,
          "rate": 1.4582017677732741,
          "cv": 1.0,
          "lambda": 0.15
        },
        "MS4_4": {
          "meanserv": 4.80982010334241,
          "stddevserv": 4.80982010334241,
          "rate": 0.20790798377367298,
          "cv": 1.0,
          "lambda": 0.15
        },
        "MS4_5": {
          "meanserv": 0.6095875376156261,
          "stddevserv": 0.6095875376156261,
          "rate": 1.6404534841894152,
          "cv": 1.0,
          "lambda": 0.15
        }
      },
      "sensors": [
        "S4"
      ],
      "sources": [
        {
          "startTime": 0,
          "stopTime": -1,
          "lambda": 0.15
        }
      ]
    }
  },
  "microservice": {
    "MS1_1": "F10",
    "MS1_2": "F5",
    "MS1_3": "F9",
    "MS1_4": "F4",
    "MS1_5": "F8",
    "MS2_1": "F10",
    "MS2_2": "F7",
    "MS2_3": "F7",
    "MS2_4": "F9",
    "MS2_5": "F5",
    "MS3_1": "F10",
    "MS3_2": "F2",
    "MS3_3": "F7",
    "MS3_4": "F3",
    "MS3_5": "F4",
    "MS4_1": "F6",
    "MS4_2": "F6",
    "MS4_3": "F8",
    "MS4_4": "F1",
    "MS4_5": "F9"
  },
  "sensor": {
    "S1": "F10",
    "S2": "F10",
    "S3": "F10",
    "S4": "F6"
  },
  "fog": {
    "F1": {
      "rho": 0.7214730155013616,
      "capacity": 1.0,
      "tserv": 4.80982010334241,
      "stddev": 4.80982010334241,
      "mu": 0.20790798377367298,
      "cv": 1.0,
      "lambda": 0.15,
      "twait": 12.458955889764006
    },
    "F2": {
      "rho": 0.6221707933355809,
      "capacity": 1.0,
      "tserv": 4.147805288903873,
      "stddev": 4.147805288903873,
      "mu": 0.24109135563214124,
      "cv": 1.0,
      "lambda": 0.15,
      "twait": 6.8301848075258
    },
    "F3": {
      "rho": 0.5480822417972839,
      "capacity": 1.0,
      "tserv": 3.653881611981893,
      "stddev": 3.653881611981893,
      "mu": 0.27368155462967847,
      "cv": 1.0,
      "lambda": 0.15,
      "twait": 4.431398387886749
    },
    "F4": {
      "rho": 0.5644873566212829,
      "capacity": 1.0,
      "tserv": 1.881624522070943,
      "stddev": 2.678740332539808,
      "mu": 0.5314556588045449,
      "cv": 1.4236317081962493,
      "lambda": 0.3,
      "twait": 3.6908781320668322
    },
    "F5": {
      "rho": 0.5516303390218197,
      "capacity": 1.0,
      "tserv": 1.838767796739399,
      "stddev": 2.310763225774614,
      "mu": 0.5438424589408479,
      "cv": 1.2566911547353516,
      "lambda": 0.3,
      "twait": 2.917467813352747
    },
    "F6": {
      "rho": 0.584222430762421,
      "capacity": 1.0,
      "tserv": 1.9474081025414034,
      "stddev": 2.042612447508403,
      "mu": 0.5135030498717663,
      "cv": 1.048887721501598,
      "lambda": 0.3,
      "twait": 2.873410394588565
    },
    "F7": {
      "rho": 0.6083709127183804,
      "capacity": 1.0,
      "tserv": 1.351935361596401,
      "stddev": 1.7813899608347499,
      "mu": 0.7396803341390328,
      "cv": 1.3176591214621665,
      "lambda": 0.44999999999999996,
      "twait": 2.8732361941563487
    },
    "F8": {
      "rho": 0.5627352359549107,
      "capacity": 1.0,
      "tserv": 1.8757841198497025,
      "stddev": 2.520080153893171,
      "mu": 0.5331103880334189,
      "cv": 1.3434809087173065,
      "lambda": 0.3,
      "twait": 3.3856043950441164
    },
    "F9": {
      "rho": 0.5961286061274294,
      "capacity": 1.0,
      "tserv": 1.3247302358387318,
      "stddev": 1.728660598928899,
      "mu": 0.7548706694739747,
      "cv": 1.3049151836067403,
      "lambda": 0.44999999999999996,
      "twait": 2.6424624041199207
    },
    "F10": {
      "rho": 0.6406990681595295,
      "capacity": 1.0,
      "tserv": 1.423775707021177,
      "stddev": 1.5304292571648688,
      "mu": 0.7023578187692215,
      "cv": 1.0749089548429172,
      "lambda": 0.44999999999999996,
      "twait": 2.7361575834479517
    }
  },
  "extra": {
    "deltatime": 0.0134531,
    "obj_func": 34.82312598570186
  },
  "network": [
    [
      0.0,
      1.6431847638234387,
      1.7056650317283437,
      1.5900873849373751,
      1.7744809598569589,
      2.151105051758156,
      2.30138831028043,
      1.8859708955993955,
      2.1061412964110455,
      2.1061412964110455
    ],
    [
      1.6431847638234387,
      0.0,
      1.9229625064661138,
      2.1688624005430697,
      1.8127988980088494,
      2.2977434966815404,
      1.8515133581512684,
      2.1061412964110455,
      2.5479151110670495,
      2.5479151110670495
    ],
    [
      1.7056650317283437,
      1.9229625064661138,
      0.0,
      2.0765621372002423,
      3.0705485848323115,
      1.9688422890107298,
      1.8859708955993955,
      2.5479151110670495,
      1.5121862791174445,
      1.5121862791174445
    ],
    [
      1.5900873849373751,
      2.1688624005430697,
      2.0765621372002423,
      0.0,
      2.3756781546381163,
      2.30138831028043,
      2.1061412964110455,
      1.5121862791174445,
      2.2157889517440705,
      2.2157889517440705
    ],
    [
      1.7744809598569589,
      1.8127988980088494,
      3.0705485848323115,
      2.3756781546381163,
      0.0,
      1.8515133581512684,
      2.5479151110670495,
      2.2157889517440705,
      1.3910690508331416,
      1.3910690508331416
    ],
    [
      2.151105051758156,
      2.2977434966815404,
      1.9688422890107298,
      2.30138831028043,
      1.8515133581512684,
      0.0,
      1.5121862791174445,
      1.3910690508331416,
      2.3058566813023242,
      2.3058566813023242
    ],
    [
      2.30138831028043,
      1.8515133581512684,
      1.8859708955993955,
      2.1061412964110455,
      2.5479151110670495,
      1.5121862791174445,
      0.0,
      2.3058566813023242,
      1.717674857065607,
      1.717674857065607
    ],
    [
      1.8859708955993955,
      2.1061412964110455,
      2.5479151110670495,
      1.5121862791174445,
      2.2157889517440705,
      1.3910690508331416,
      2.3058566813023242,
      0.0,
      2.0086546598217425,
      2.0086546598217425
    ],
    [
      2.1061412964110455,
      2.5479151110670495,
      1.5121862791174445,
      2.2157889517440705,
      1.3910690508331416,
      2.3058566813023242,
      1.717674857065607,
      2.0086546598217425,
      0.0,
      2.017574606888423
    ],
    [
      2.1061412964110455,
      2.5479151110670495,
      1.5121862791174445,
      2.2157889517440705,
      1.3910690508331416,
      2.3058566813023242,
      1.717674857065607,
      2.0086546598217425,
      2.017574606888423,
      0.0
    ]
  ]
}