{
  "servicechain": {
    "SC1": {
      "resptime": 36.62245057111244,
      "resptime_old": 26.622450571112438,
      "waittime": 22.968950173729073,
      "servicetime": 10.0,
      "networktime": 3.6535003973833664,
      "services": {
        "MS1_1": {
          "meanserv": 0.41460856518789835,
          "stddevserv": 0.41460856518789835,
          "rate": 2.411913510630938,
          "cv": 1.0,
          "lambda": 0.15
        },
        "MS1_2": {
          "meanserv": 2.405318426579381,
          "stddevserv": 2.405318426579381,
          "rate": 0.4157453703217609,
          "cv": 1.0,
          "lambda": 0.15
        },
        "MS1_3": {
          "meanserv": 0.9485505490839019,
          "stddevserv": 0.9485505490839019,
          "rate": 1.054240072883609,
          "cv": 1.0,
          "lambda": 0.15
        },
        "MS1_4": {
          "meanserv": 0.04441394604857596,
          "stddevserv": 0.04441394604857596,
          "rate": 22.5154504151982,
          "cv": 1.0,
          "lambda": 0.15
        },
        "MS1_5": {
          "meanserv": 0.36591501969818996,
          "stddevserv": 0.36591501969818996,
          "rate": 2.7328749741533134,
          "cv": 1.0,
          "lambda": 0.15
        },
        "MS1_6": {
          "meanserv": 1.549979770970575,
          "stddevserv": 1.549979770970575,
          "rate": 0.6451697104239074,
          "cv": 1.0,
          "lambda": 0.15
        },
        "MS1_7": {
          "meanserv": 0.729941914341369,
          "stddevserv": 0.729941914341369,
          "rate": 1.3699720215440787,
          "cv": 1.0,
          "lambda": 0.15
        },
        "MS1_8": {
          "meanserv": 0.20362850738020377,
          "stddevserv": 0.20362850738020377,
          "rate": 4.910903747542852,
          "cv": 1.0,
          "lambda": 0.15
        },
        "MS1_9": {
          "meanserv": 2.427126177057831,
          "stddevserv": 2.427126177057831,
          "rate": 0.412009894439111,
          "cv": 1.0,
          "lambda": 0.15
        },
        "MS1_10": {
          "meanserv": 0.9105171236520739,
          "stddevserv": 0.9105171236520739,
          "rate": 1.0982769835113164,
          "cv": 1.0,
          "lambda": 0.15
        }
      },
      "sensors": [
        "S1"
      ],
      "sources": [
        {
          "startTime": 0,
          "stopTime": -1,
          "lambda": 0.15
        }
      ]
    },
    "SC2": {
      "resptime": 27.813734981841822,
      "resptime_old": 17.813734981841826,
      "waittime": 12.675866504319462,
      "servicetime": 10.0,
      "networktime": 5.13786847752236,
      "services": {
        "MS2_1": {
          "meanserv": 3.4449440618799487,
          "stddevserv": 3.4449440618799487,
          "rate": 0.29028047539741114,
          "cv": 1.0,
          "lambda": 0.15
        },
        "MS2_2": {
          "meanserv": 1.3134533697328266,
          "stddevserv": 1.3134533697328266,
          "rate": 0.7613517335628085,
          "cv": 1.0,
          "lambda": 0.15
        },
        "MS2_3": {
          "meanserv": 0.5091397184829765,
          "stddevserv": 0.5091397184829765,
          "rate": 1.9640974052850995,
          "cv": 1.0,
          "lambda": 0.15
        },
        "MS2_4": {
          "meanserv": 0.6190356327118209,
          "stddevserv": 0.6190356327118209,
          "rate": 1.615415893943425,
          "cv": 1.0,
          "lambda": 0.15
        },
        "MS2_5": {
          "meanserv": 0.18023686367072767,
          "stddevserv": 0.18023686367072767,
          "rate": 5.548254555887561,
          "cv": 1.0,
          "lambda": 0.15
        },
        "MS2_6": {
          "meanserv": 1.5838436790388402,
          "stddevserv": 1.5838436790388402,
          "rate": 0.6313754401614007,
          "cv": 1.0,
          "lambda": 0.15
        },
        "MS2_7": {
          "meanserv": 1.1123498580493756,
          "stddevserv": 1.1123498580493756,
          "rate": 0.8989977323803564,
          "cv": 1.0,
          "lambda": 0.15
        },
        "MS2_8": {
          "meanserv": 0.38547229997541876,
          "stddevserv": 0.38547229997541876,
          "rate": 2.5942201296014504,
          "cv": 1.0,
          "lambda": 0.15
        },
        "MS2_9": {
          "meanserv": 0.20767861862605486,
          "stddevserv": 0.20767861862605486,
          "rate": 4.815132181712915,
          "cv": 1.0,
          "lambda": 0.15
        },
        "MS2_10": {
          "meanserv": 0.6438458978320103,
          "stddevserv": 0.6438458978320103,
          "rate": 1.5531666868846248,
          "cv": 1.0,
          "lambda": 0.15
        }
      },
      "sensors": [
        "S2"
      ],
      "sources": [
        {
          "startTime": 0,
          "stopTime": -1,
          "lambda": 0.15
        }
      ]
    },
    "SC3": {
      "resptime": 38.00405054986793,
      "resptime_old": 28.004050549867923,
      "waittime": 22.826484117135628,
      "servicetime": 10.0,
      "networktime": 5.1775664327322986,
      "services": {
        "MS3_1": {
          "meanserv": 4.51091167043943,
          "stddevserv": 4.51091167043943,
          "rate": 0.22168467774554873,
          "cv": 1.0,
          "lambda": 0.15
        },
        "MS3_2": {
          "meanserv": 0.07417514646278356,
          "stddevserv": 0.07417514646278356,
          "rate": 13.48160465718443,
          "cv": 1.0,
          "lambda": 0.15
        },
        "MS3_3": {
          "meanserv": 1.1897487164518346,
          "stddevserv": 1.1897487164518346,
          "rate": 0.8405136195332754,
          "cv": 1.0,
          "lambda": 0.15
        },
        "MS3_4": {
          "meanserv": 0.015844393093520814,
          "stddevserv": 0.015844393093520814,
          "rate": 63.113809036265714,
          "cv": 1.0,
          "lambda": 0.15
        },
        "MS3_5": {
          "meanserv": 0.1841960665964706,
          "stddevserv": 0.1841960665964706,
          "rate": 5.428997581097973,
          "cv": 1.0,
          "lambda": 0.15
        },
        "MS3_6": {
          "meanserv": 0.34129533617156227,
          "stddevserv": 0.34129533617156227,
          "rate": 2.930013668564519,
          "cv": 1.0,
          "lambda": 0.15
        },
        "MS3_7": {
          "meanserv": 2.635701028545401,
          "stddevserv": 2.635701028545401,
          "rate": 0.379405702380396,
          "cv": 1.0,
          "lambda": 0.15
        },
        "MS3_8": {
          "meanserv": 0.5444494477977937,
          "stddevserv": 0.5444494477977937,
          "rate": 1.8367178147481489,
          "cv": 1.0,
          "lambda": 0.15
        },
        "MS3_9": {
          "meanserv": 0.048079615525526975,
          "stddevserv": 0.048079615525526975,
          "rate": 20.798835204267984,
          "cv": 1.0,
          "lambda": 0.15
        },
        "MS3_10": {
          "meanserv": 0.45559857891567646,
          "stddevserv": 0.45559857891567646,
          "rate": 2.194914660137873,
          "cv": 1.0,
          "lambda": 0.15
        }
      },
      "sensors": [
        "S3"
      ],
      "sources": [
        {
          "startTime": 0,
          "stopTime": -1,
          "lambda": 0.15
        }
      ]
    },
    "SC4": {
      "resptime": 32.8100854188615,
      "resptime_old": 22.810085418861497,
      "waittime": 18.273120661642043,
      "servicetime": 10.0,
      "networktime": 4.536964757219453,
      "services": {
        "MS4_1": {
          "meanserv": 0.3917694315279052,
          "stddevserv": 0.3917694315279052,
          "rate": 2.5525217628644192,
          "cv": 1.0,
          "lambda": 0.15
        },
        "MS4_2": {
          "meanserv": 1.0255727117227087,
          "stddevserv": 1.0255727117227087,
          "rate": 0.9750649452443476,
          "cv": 1.0,
          "lambda": 0.15
        },
        "MS4_3": {
          "meanserv": 0.32034880883905603,
          "stddevserv": 0.32034880883905603,
          "rate": 3.1215973726389046,
          "cv": 1.0,
          "lambda": 0.15
        },
        "MS4_4": {
          "meanserv": 0.40543842850935174,
          "stddevserv": 0.40543842850935174,
          "rate": 2.4664657557909173,
          "cv": 1.0,
          "lambda": 0.15
        },
        "MS4_5": {
          "meanserv": 1.613817826999104,
          "stddevserv": 1.613817826999104,
          "rate": 0.6196486265488225,
          "cv": 1.0,
          "lambda": 0.15
        },
        "MS4_6": {
          "meanserv": 1.9956219108296853,
          "stddevserv": 1.9956219108296853,
          "rate": 0.501096923507042,
          "cv": 1.0,
          "lambda": 0.15
        },
        "MS4_7": {
          "meanserv": 0.4951676714561044,
          "stddevserv": 0.4951676714561044,
          "rate": 2.019517948454452,
          "cv": 1.0,
          "lambda": 0.15
        },
        "MS4_8": {
          "meanserv": 0.454273822654101,
          "stddevserv": 0.454273822654101,
          "rate": 2.2013154844747302,
          "cv": 1.0,
          "lambda": 0.15
        },
        "MS4_9": {
          "meanserv": 0.419299599868995,
          "stddevserv": 0.419299599868995,
          "rate": 2.3849295356171045,
          "cv": 1.0,
          "lambda": 0.15
        },
        "MS4_10": {
          "meanserv": 2.8786897875929887,
          "stddevserv": 2.8786897875929887,
          "rate": 0.3473802576123175,
          "cv": 1.0,
          "lambda": 0.15
        }
      },
      "sensors": [
        "S4"
      ],
      "sources": [
        {
          "startTime": 0,
          "stopTime": -1,
          "lambda": 0.15
        }
      ]
    }
  },
  "microservice": {
    "MS1_1": "F9",
    "MS1_2": "F2",
    "MS1_3": "F1",
    "MS1_4": "F1",
    "MS1_5": "F1",
    "MS1_6": "F1",
    "MS1_7": "F1",
    "MS1_8": "F1",
    "MS1_9": "F2",
    "MS1_10": "F5",
    "MS2_1": "F4",
    "MS2_2": "F5",
    "MS2_3": "F5",
    "MS2_4": "F9",
    "MS2_5": "F9",
    "MS2_6": "F6",
    "MS2_7": "F6",
    "MS2_8": "F9",
    "MS2_9": "F9",
    "MS2_10": "F9",
    "MS3_1": "F7",
    "MS3_2": "F9",
    "MS3_3": "F10",
    "MS3_4": "F9",
    "MS3_5": "F9",
    "MS3_6": "F9",
    "MS3_7": "F3",
    "MS3_8": "F5",
    "MS3_9": "F5",
    "MS3_10": "F5",
    "MS4_1": "F6",
    "MS4_2": "F6",
    "MS4_3": "F9",
    "MS4_4": "F9",
    "MS4_5": "F3",
    "MS4_6": "F8",
    "MS4_7": "F8",
    "MS4_8": "F8",
    "MS4_9": "F8",
    "MS4_10": "F10"
  },
  "sensor": {
    "S1": "F9",
    "S2": "F4",
    "S3": "F7",
    "S4": "F6"
  },
  "fog": {
    "F1": {
      "rho": 0.5763644561284224,
      "capacity": 1.0,
      "tserv": 0.6404049512538026,
      "stddev": 0.9629773443836873,
      "mu": 1.5615119746375667,
      "cv": 1.5037006545598117,
      "lambda": 0.9,
      "twait": 1.4206781018035555
    },
    "F2": {
      "rho": 0.724866690545582,
      "capacity": 1.0,
      "tserv": 2.4162223018186064,
      "stddev": 2.4162715080876294,
      "mu": 0.4138692036934411,
      "cv": 1.0000203649593773,
      "lambda": 0.3,
      "twait": 6.365913074514236
    },
    "F3": {
      "rho": 0.6374278283316757,
      "capacity": 1.0,
      "tserv": 2.1247594277722524,
      "stddev": 2.2442649720361283,
      "mu": 0.4706415168367887,
      "cv": 1.0562442706227566,
      "lambda": 0.3,
      "twait": 3.9514868915613324
    },
    "F4": {
      "rho": 0.5167416092819923,
      "capacity": 1.0,
      "tserv": 3.4449440618799487,
      "stddev": 3.4449440618799487,
      "mu": 0.29028047539741114,
      "cv": 1.0,
      "lambda": 0.15,
      "twait": 3.683631722932761
    },
    "F5": {
      "rho": 0.567185678116031,
      "capacity": 1.0,
      "tserv": 0.6302063090178123,
      "stddev": 0.8422690345789983,
      "mu": 1.5867819564652055,
      "cv": 1.3364973065593226,
      "lambda": 0.9,
      "twait": 1.1505157712293008
    },
    "F6": {
      "rho": 0.6170303520508246,
      "capacity": 1.0,
      "tserv": 1.0283839200847076,
      "stddev": 1.1908019790599405,
      "mu": 0.9723994905692714,
      "cv": 1.1579352378067664,
      "lambda": 0.6,
      "twait": 1.9392525128391376
    },
    "F7": {
      "rho": 0.6766367505659145,
      "capacity": 1.0,
      "tserv": 4.51091167043943,
      "stddev": 4.51091167043943,
      "mu": 0.22168467774554873,
      "cv": 1.0,
      "lambda": 0.15,
      "twait": 9.439070828604379
    },
    "F8": {
      "rho": 0.5046544507213329,
      "capacity": 1.0,
      "tserv": 0.8410907512022214,
      "stddev": 1.2639239278378307,
      "mu": 1.1889323459693737,
      "cv": 1.5027200406510575,
      "lambda": 0.6,
      "twait": 1.395957236605089
    },
    "F9": {
      "rho": 0.5688264086515014,
      "capacity": 1.0,
      "tserv": 0.3160146714730564,
      "stddev": 0.41187038504537776,
      "mu": 3.1644100425421566,
      "cv": 1.3033267826632982,
      "lambda": 1.7999999999999996,
      "twait": 0.5625396426499645
    },
    "F10": {
      "rho": 0.6102657756067235,
      "capacity": 1.0,
      "tserv": 2.0342192520224116,
      "stddev": 2.358878745546776,
      "mu": 0.4915890944428947,
      "cv": 1.1595990664239313,
      "lambda": 0.3,
      "twait": 3.7342205126821546
    }
  },
  "extra": {
    "deltatime": 3.3904084,
    "conv": 7,
    "obj_func": 33.81258038042092
  },
  "network": [
    [
      0.0,
      0.937097578087833,
      1.0796259102876746,
      0.9990444540104164,
      0.9357115975065574,
      1.312881081396276,
      0.9564784204473902,
      1.1622914681128123,
      1.0609046187891462,
      1.0609046187891462
    ],
    [
      0.937097578087833,
      0.0,
      0.762859857126579,
      1.1591956771695944,
      1.0113387052014327,
      1.114939429934248,
      0.9392515119105025,
      1.0609046187891462,
      0.7679665360062675,
      0.7679665360062675
    ],
    [
      1.0796259102876746,
      0.762859857126579,
      0.0,
      0.8282688978057018,
      1.048275082951844,
      1.1058582952935978,
      1.1622914681128123,
      0.7679665360062675,
      1.2796105563610867,
      1.2796105563610867
    ],
    [
      0.9990444540104164,
      1.1591956771695944,
      0.8282688978057018,
      0.0,
      1.2574163015120272,
      0.9564784204473902,
      1.0609046187891462,
      1.2796105563610867,
      0.9716921946629627,
      0.9716921946629627
    ],
    [
      0.9357115975065574,
      1.0113387052014327,
      1.048275082951844,
      1.2574163015120272,
      0.0,
      0.9392515119105025,
      0.7679665360062675,
      0.9716921946629627,
      1.3623780557358496,
      1.3623780557358496
    ],
    [
      1.312881081396276,
      1.114939429934248,
      1.1058582952935978,
      0.9564784204473902,
      0.9392515119105025,
      0.0,
      1.2796105563610867,
      1.3623780557358496,
      1.259037060137242,
      1.259037060137242
    ],
    [
      0.9564784204473902,
      0.9392515119105025,
      1.1622914681128123,
      1.0609046187891462,
      0.7679665360062675,
      1.2796105563610867,
      0.0,
      1.259037060137242,
      0.4714701298403745,
      0.4714701298403745
    ],
    [
      1.1622914681128123,
      1.0609046187891462,
      0.7679665360062675,
      1.2796105563610867,
      0.9716921946629627,
      1.3623780557358496,
      1.259037060137242,
      0.0,
      1.2303506047148567,
      1.2303506047148567
    ],
    [
      1.0609046187891462,
      0.7679665360062675,
      1.2796105563610867,
      0.9716921946629627,
      1.3623780557358496,
      1.259037060137242,
      0.4714701298403745,
      1.2303506047148567,
      0.0,
      1.1891053317894966
    ],
    [
      1.0609046187891462,
      0.7679665360062675,
      1.2796105563610867,
      0.9716921946629627,
      1.3623780557358496,
      1.259037060137242,
      0.4714701298403745,
      1.2303506047148567,
      1.1891053317894966,
      0.0
    ]
  ]
}