{
  "servicechain": {
    "SC1": {
      "resptime": 2730.588365884751,
      "resptime_old": 2720.5883658847506,
      "waittime": 2716.1113001893177,
      "servicetime": 10.0,
      "networktime": 4.477065695433397,
      "services": {
        "MS1_1": {
          "meanserv": 0.031236634602429536,
          "stddevserv": 0.031236634602429536,
          "rate": 32.01369202309078,
          "cv": 1.0,
          "lambda": 0.375
        },
        "MS1_2": {
          "meanserv": 0.9899349119716416,
          "stddevserv": 0.9899349119716416,
          "rate": 1.0101674240464071,
          "cv": 1.0,
          "lambda": 0.375
        },
        "MS1_3": {
          "meanserv": 0.14475532100260868,
          "stddevserv": 0.14475532100260868,
          "rate": 6.908208921604883,
          "cv": 1.0,
          "lambda": 0.375
        },
        "MS1_4": {
          "meanserv": 0.511902218171717,
          "stddevserv": 0.511902218171717,
          "rate": 1.953498079323718,
          "cv": 1.0,
          "lambda": 0.375
        },
        "MS1_5": {
          "meanserv": 0.24257079622492794,
          "stddevserv": 0.24257079622492794,
          "rate": 4.122507802104639,
          "cv": 1.0,
          "lambda": 0.375
        },
        "MS1_6": {
          "meanserv": 1.1453815550443869,
          "stddevserv": 1.1453815550443869,
          "rate": 0.8730715066921495,
          "cv": 1.0,
          "lambda": 0.375
        },
        "MS1_7": {
          "meanserv": 1.5853754692234268,
          "stddevserv": 1.5853754692234268,
          "rate": 0.6307654050493385,
          "cv": 1.0,
          "lambda": 0.375
        },
        "MS1_8": {
          "meanserv": 0.5282226408569395,
          "stddevserv": 0.5282226408569395,
          "rate": 1.8931411163627758,
          "cv": 1.0,
          "lambda": 0.375
        },
        "MS1_9": {
          "meanserv": 2.1348620927791355,
          "stddevserv": 2.1348620927791355,
          "rate": 0.4684143314841537,
          "cv": 1.0,
          "lambda": 0.375
        },
        "MS1_10": {
          "meanserv": 2.6857583601227866,
          "stddevserv": 2.6857583601227866,
          "rate": 0.37233431527111854,
          "cv": 1.0,
          "lambda": 0.375
        }
      },
      "sensors": [
        "S1"
      ],
      "sources": [
        {
          "startTime": 0,
          "stopTime": -1,
          "lambda": 0.375
        }
      ]
    },
    "SC2": {
      "resptime": 37.351606916759145,
      "resptime_old": 27.35160691675915,
      "waittime": 22.76849185103082,
      "servicetime": 10.0,
      "networktime": 4.583115065728329,
      "services": {
        "MS2_1": {
          "meanserv": 0.18359395329725414,
          "stddevserv": 0.18359395329725414,
          "rate": 5.446802479278364,
          "cv": 1.0,
          "lambda": 0.375
        },
        "MS2_2": {
          "meanserv": 0.7276630821080077,
          "stddevserv": 0.7276630821080077,
          "rate": 1.3742623812974604,
          "cv": 1.0,
          "lambda": 0.375
        },
        "MS2_3": {
          "meanserv": 0.00723320109224268,
          "stddevserv": 0.00723320109224268,
          "rate": 138.25137546258185,
          "cv": 1.0,
          "lambda": 0.375
        },
        "MS2_4": {
          "meanserv": 0.4382533665866528,
          "stddevserv": 0.4382533665866528,
          "rate": 2.2817850956594463,
          "cv": 1.0,
          "lambda": 0.375
        },
        "MS2_5": {
          "meanserv": 2.144138500227548,
          "stddevserv": 2.144138500227548,
          "rate": 0.46638778226960353,
          "cv": 1.0,
          "lambda": 0.375
        },
        "MS2_6": {
          "meanserv": 0.09433356735433529,
          "stddevserv": 0.09433356735433529,
          "rate": 10.600680415740081,
          "cv": 1.0,
          "lambda": 0.375
        },
        "MS2_7": {
          "meanserv": 1.9149235675790002,
          "stddevserv": 1.9149235675790002,
          "rate": 0.5222140543521955,
          "cv": 1.0,
          "lambda": 0.375
        },
        "MS2_8": {
          "meanserv": 1.4333257062268796,
          "stddevserv": 1.4333257062268796,
          "rate": 0.6976781311153789,
          "cv": 1.0,
          "lambda": 0.375
        },
        "MS2_9": {
          "meanserv": 1.2478171564573826,
          "stddevserv": 1.2478171564573826,
          "rate": 0.8013994637155428,
          "cv": 1.0,
          "lambda": 0.375
        },
        "MS2_10": {
          "meanserv": 1.8087178990706967,
          "stddevserv": 1.8087178990706967,
          "rate": 0.5528778150057514,
          "cv": 1.0,
          "lambda": 0.375
        }
      },
      "sensors": [
        "S2"
      ],
      "sources": [
        {
          "startTime": 0,
          "stopTime": -1,
          "lambda": 0.375
        }
      ]
    },
    "SC3": {
      "resptime": 54.1194892936161,
      "resptime_old": 44.11948929361609,
      "waittime": 39.695179793274065,
      "servicetime": 10.0,
      "networktime": 4.424309500342032,
      "services": {
        "MS3_1": {
          "meanserv": 0.24428959984762688,
          "stddevserv": 0.24428959984762688,
          "rate": 4.093502140998797,
          "cv": 1.0,
          "lambda": 0.375
        },
        "MS3_2": {
          "meanserv": 0.13509176585577043,
          "stddevserv": 0.13509176585577043,
          "rate": 7.402375664166248,
          "cv": 1.0,
          "lambda": 0.375
        },
        "MS3_3": {
          "meanserv": 0.14452431678920297,
          "stddevserv": 0.14452431678920297,
          "rate": 6.919250837618956,
          "cv": 1.0,
          "lambda": 0.375
        },
        "MS3_4": {
          "meanserv": 2.0330635202435268,
          "stddevserv": 2.0330635202435268,
          "rate": 0.49186854716679823,
          "cv": 1.0,
          "lambda": 0.375
        },
        "MS3_5": {
          "meanserv": 0.0837895805191442,
          "stddevserv": 0.0837895805191442,
          "rate": 11.934658149667195,
          "cv": 1.0,
          "lambda": 0.375
        },
        "MS3_6": {
          "meanserv": 1.4322513368176528,
          "stddevserv": 1.4322513368176528,
          "rate": 0.6982014778369273,
          "cv": 1.0,
          "lambda": 0.375
        },
        "MS3_7": {
          "meanserv": 1.557510824689743,
          "stddevserv": 1.557510824689743,
          "rate": 0.6420501123638743,
          "cv": 1.0,
          "lambda": 0.375
        },
        "MS3_8": {
          "meanserv": 1.2893132222709855,
          "stddevserv": 1.2893132222709855,
          "rate": 0.775606720482249,
          "cv": 1.0,
          "lambda": 0.375
        },
        "MS3_9": {
          "meanserv": 2.442978114500079,
          "stddevserv": 2.442978114500079,
          "rate": 0.4093364545775458,
          "cv": 1.0,
          "lambda": 0.375
        },
        "MS3_10": {
          "meanserv": 0.6371877184662686,
          "stddevserv": 0.6371877184662686,
          "rate": 1.5693962250355864,
          "cv": 1.0,
          "lambda": 0.375
        }
      },
      "sensors": [
        "S3"
      ],
      "sources": [
        {
          "startTime": 0,
          "stopTime": -1,
          "lambda": 0.375
        }
      ]
    },
    "SC4": {
      "resptime": 68.46551694071874,
      "resptime_old": 58.46551694071874,
      "waittime": 52.83072934965122,
      "servicetime": 10.0,
      "networktime": 5.634787591067516,
      "services": {
        "MS4_1": {
          "meanserv": 0.49764167083422906,
          "stddevserv": 0.49764167083422906,
          "rate": 2.0094780212509837,
          "cv": 1.0,
          "lambda": 0.375
        },
        "MS4_2": {
          "meanserv": 0.009960109347352253,
          "stddevserv": 0.009960109347352253,
          "rate": 100.40050416372539,
          "cv": 1.0,
          "lambda": 0.375
        },
        "MS4_3": {
          "meanserv": 2.0679371419682724,
          "stddevserv": 2.0679371419682724,
          "rate": 0.48357369269367406,
          "cv": 1.0,
          "lambda": 0.375
        },
        "MS4_4": {
          "meanserv": 0.15069241168432468,
          "stddevserv": 0.15069241168432468,
          "rate": 6.6360342158093015,
          "cv": 1.0,
          "lambda": 0.375
        },
        "MS4_5": {
          "meanserv": 2.504150087884458,
          "stddevserv": 2.504150087884458,
          "rate": 0.39933708639836935,
          "cv": 1.0,
          "lambda": 0.375
        },
        "MS4_6": {
          "meanserv": 1.8329336926024995,
          "stddevserv": 1.8329336926024995,
          "rate": 0.5455734727534771,
          "cv": 1.0,
          "lambda": 0.375
        },
        "MS4_7": {
          "meanserv": 1.0751549355612857,
          "stddevserv": 1.0751549355612857,
          "rate": 0.9300985066658779,
          "cv": 1.0,
          "lambda": 0.375
        },
        "MS4_8": {
          "meanserv": 0.6006427174888564,
          "stddevserv": 0.6006427174888564,
          "rate": 1.6648832506964553,
          "cv": 1.0,
          "lambda": 0.375
        },
        "MS4_9": {
          "meanserv": 0.45920731739790277,
          "stddevserv": 0.45920731739790277,
          "rate": 2.177665647112284,
          "cv": 1.0,
          "lambda": 0.375
        },
        "MS4_10": {
          "meanserv": 0.8016799152308192,
          "stddevserv": 0.8016799152308192,
          "rate": 1.2473806328453179,
          "cv": 1.0,
          "lambda": 0.375
        }
      },
      "sensors": [
        "S4"
      ],
      "sources": [
        {
          "startTime": 0,
          "stopTime": -1,
          "lambda": 0.375
        }
      ]
    }
  },
  "microservice": {
    "MS1_1": "F13",
    "MS1_2": "F13",
    "MS1_3": "F25",
    "MS1_4": "F25",
    "MS1_5": "F25",
    "MS1_6": "F12",
    "MS1_7": "F1",
    "MS1_8": "F20",
    "MS1_9": "F21",
    "MS1_10": "F23",
    "MS2_1": "F7",
    "MS2_2": "F7",
    "MS2_3": "F7",
    "MS2_4": "F7",
    "MS2_5": "F5",
    "MS2_6": "F25",
    "MS2_7": "F24",
    "MS2_8": "F8",
    "MS2_9": "F6",
    "MS2_10": "F15",
    "MS3_1": "F20",
    "MS3_2": "F20",
    "MS3_3": "F20",
    "MS3_4": "F3",
    "MS3_5": "F20",
    "MS3_6": "F18",
    "MS3_7": "F14",
    "MS3_8": "F4",
    "MS3_9": "F9",
    "MS3_10": "F16",
    "MS4_1": "F16",
    "MS4_2": "F16",
    "MS4_3": "F19",
    "MS4_4": "F2",
    "MS4_5": "F10",
    "MS4_6": "F17",
    "MS4_7": "F22",
    "MS4_8": "F11",
    "MS4_9": "F11",
    "MS4_10": "F2"
  },
  "sensor": {
    "S1": "F13",
    "S2": "F7",
    "S3": "F20",
    "S4": "F16"
  },
  "fog": {
    "F1": {
      "rho": 0.594515800958785,
      "capacity": 1.0,
      "tserv": 1.5853754692234265,
      "stddev": 1.585375469223427,
      "mu": 0.6307654050493386,
      "cv": 1.0000000000000002,
      "lambda": 0.375,
      "twait": 2.32445744898181
    },
    "F2": {
      "rho": 0.35713962259317894,
      "capacity": 1.0,
      "tserv": 0.4761861634575719,
      "stddev": 0.6623032743051253,
      "mu": 2.100019019324361,
      "cv": 1.3908494726015623,
      "lambda": 0.75,
      "twait": 0.38814739919177305
    },
    "F3": {
      "rho": 0.7623988200913225,
      "capacity": 1.0,
      "tserv": 2.0330635202435268,
      "stddev": 2.0330635202435268,
      "mu": 0.49186854716679823,
      "cv": 1.0,
      "lambda": 0.375,
      "twait": 6.523558635525814
    },
    "F4": {
      "rho": 0.4834924583516196,
      "capacity": 1.0,
      "tserv": 1.2893132222709855,
      "stddev": 1.2893132222709855,
      "mu": 0.775606720482249,
      "cv": 1.0,
      "lambda": 0.375,
      "twait": 1.2069005177187069
    },
    "F5": {
      "rho": 0.8040519375853306,
      "capacity": 1.0,
      "tserv": 2.144138500227548,
      "stddev": 2.144138500227548,
      "mu": 0.46638778226960353,
      "cv": 1.0,
      "lambda": 0.375,
      "twait": 8.798243240144432
    },
    "F6": {
      "rho": 0.46793143367151846,
      "capacity": 1.0,
      "tserv": 1.2478171564573826,
      "stddev": 1.2478171564573826,
      "mu": 0.8013994637155428,
      "cv": 1.0,
      "lambda": 0.375,
      "twait": 1.097401552980569
    },
    "F7": {
      "rho": 0.508778851156559,
      "capacity": 1.0,
      "tserv": 0.33918590077103933,
      "stddev": 0.5124570629375171,
      "mu": 2.948235754277505,
      "cv": 1.5108442354844256,
      "lambda": 1.5,
      "twait": 0.5766129739002336
    },
    "F8": {
      "rho": 0.5374971398350799,
      "capacity": 1.0,
      "tserv": 1.4333257062268796,
      "stddev": 1.4333257062268796,
      "mu": 0.6976781311153789,
      "cv": 1.0,
      "lambda": 0.375,
      "twait": 1.6657377367878978
    },
    "F9": {
      "rho": 0.9161167929375296,
      "capacity": 1.0,
      "tserv": 2.442978114500079,
      "stddev": 2.4429781145000793,
      "mu": 0.4093364545775458,
      "cv": 1.0000000000000002,
      "lambda": 0.375,
      "twait": 26.680587853605044
    },
    "F10": {
      "rho": 0.9390562829566718,
      "capacity": 1.0,
      "tserv": 2.504150087884458,
      "stddev": 2.504150087884458,
      "mu": 0.39933708639836935,
      "cv": 1.0,
      "lambda": 0.375,
      "twait": 38.585402853300934
    },
    "F11": {
      "rho": 0.3974437630825347,
      "capacity": 1.0,
      "tserv": 0.5299250174433796,
      "stddev": 0.5392796216359471,
      "mu": 1.8870594274346484,
      "cv": 1.0176526940315043,
      "lambda": 0.75,
      "twait": 0.3557612132698393
    },
    "F12": {
      "rho": 0.4295180831416451,
      "capacity": 1.0,
      "tserv": 1.1453815550443869,
      "stddev": 1.1453815550443869,
      "mu": 0.8730715066921495,
      "cv": 1.0,
      "lambda": 0.375,
      "twait": 0.8623622860785806
    },
    "F13": {
      "rho": 0.3829393299652767,
      "capacity": 1.0,
      "tserv": 0.5105857732870356,
      "stddev": 0.84867486436118,
      "mu": 1.9585347894874283,
      "cv": 1.6621592468148954,
      "lambda": 0.75,
      "twait": 0.5961408486136304
    },
    "F14": {
      "rho": 0.5840665592586536,
      "capacity": 1.0,
      "tserv": 1.557510824689743,
      "stddev": 1.557510824689743,
      "mu": 0.6420501123638743,
      "cv": 1.0,
      "lambda": 0.375,
      "twait": 2.1871047126272027
    },
    "F15": {
      "rho": 0.6782692121515113,
      "capacity": 1.0,
      "tserv": 1.8087178990706967,
      "stddev": 1.808717899070697,
      "mu": 0.5528778150057514,
      "cv": 1.0000000000000002,
      "lambda": 0.375,
      "twait": 3.8131186406218256
    },
    "F16": {
      "rho": 0.42929606199294384,
      "capacity": 1.0,
      "tserv": 0.3815964995492834,
      "stddev": 0.5387211970278899,
      "mu": 2.6205691120886434,
      "cv": 1.4117561289587086,
      "lambda": 1.125,
      "twait": 0.4295712154905396
    },
    "F17": {
      "rho": 0.6873501347259373,
      "capacity": 1.0,
      "tserv": 1.8329336926024995,
      "stddev": 1.8329336926024995,
      "mu": 0.5455734727534771,
      "cv": 1.0,
      "lambda": 0.375,
      "twait": 4.0296426145895285
    },
    "F18": {
      "rho": 0.5370942513066198,
      "capacity": 1.0,
      "tserv": 1.4322513368176528,
      "stddev": 1.4322513368176528,
      "mu": 0.6982014778369273,
      "cv": 1.0,
      "lambda": 0.375,
      "twait": 1.6617939215538269
    },
    "F19": {
      "rho": 0.7754764282381021,
      "capacity": 1.0,
      "tserv": 2.0679371419682724,
      "stddev": 2.0679371419682724,
      "mu": 0.48357369269367406,
      "cv": 1.0,
      "lambda": 0.375,
      "twait": 7.142397103744123
    },
    "F20": {
      "rho": 0.42596921395075643,
      "capacity": 1.0,
      "tserv": 0.2271835807737368,
      "stddev": 0.319889590717573,
      "mu": 4.4017265534517165,
      "cv": 1.4080665056343427,
      "lambda": 1.875,
      "twait": 0.25141573418823243
    },
    "F21": {
      "rho": 0.8005732847921758,
      "capacity": 1.0,
      "tserv": 2.1348620927791355,
      "stddev": 2.1348620927791355,
      "mu": 0.4684143314841537,
      "cv": 1.0,
      "lambda": 0.375,
      "twait": 8.570133426774895
    },
    "F22": {
      "rho": 0.40318310083548214,
      "capacity": 1.0,
      "tserv": 1.0751549355612857,
      "stddev": 1.0751549355612857,
      "mu": 0.9300985066658779,
      "cv": 1.0,
      "lambda": 0.375,
      "twait": 0.7263271221123354
    },
    "F23": {
      "rho": 1.007159385046045,
      "capacity": 1.0,
      "tserv": 2.6857583601227866,
      "stddev": 2.6857583601227866,
      "mu": 0.37233431527111854,
      "cv": 1.0,
      "lambda": 0.375,
      "twait": 2702.281751625174
    },
    "F24": {
      "rho": 0.718096337842125,
      "capacity": 1.0,
      "tserv": 1.914923567579,
      "stddev": 1.9149235675790004,
      "mu": 0.5222140543521955,
      "cv": 1.0000000000000002,
      "lambda": 0.375,
      "twait": 4.877906127930888
    },
    "F25": {
      "rho": 0.3725857135325959,
      "capacity": 1.0,
      "tserv": 0.24839047568839723,
      "stddev": 0.33715110871333814,
      "mu": 4.0259192597001485,
      "cv": 1.3573431419982867,
      "lambda": 1.5,
      "twait": 0.20963265696427402
    }
  },
  "extra": {
    "deltatime": 5.8570365,
    "conv": 46,
    "obj_func": 722.6312447589612
  },
  "network": [
    [
      0.0,
      1.1659488993469498,
      1.026203367604409,
      0.7009371060716227,
      0.6853808329664702,
      0.7303257221334607,
      1.1060134049959371,
      1.2996763660482331,
      0.8953473147856241,
      1.1162147616469742,
      1.0098359265703962,
      0.7056708142629968,
      0.6868386604032388,
      0.9873402417556156,
      0.7566485127145638,
      1.405178037664924,
      0.668498060153548,
      1.4061702716094775,
      1.0473033713985032,
      0.7612078147513854,
      1.0815847099945566,
      1.036435452759663,
      1.0521665436993446,
      0.7365361266201453,
      0.7365361266201453
    ],
    [
      1.1659488993469498,
      0.0,
      0.9542021378873524,
      0.9225319996340637,
      0.904639766470034,
      1.1151901735535201,
      0.8221897237301139,
      1.1255766984727225,
      1.2628256104432225,
      0.8769320082368074,
      0.9398632947459907,
      1.205574131956868,
      1.1950656866931184,
      1.277995055184383,
      1.2233500869674288,
      0.8292362384400176,
      1.1282197795229607,
      0.9899666921837047,
      0.7402644221106265,
      1.277100758212222,
      1.0778876951536436,
      0.8598073906243395,
      0.7365361266201453,
      1.2527207297217129,
      1.2527207297217129
    ],
    [
      1.026203367604409,
      0.9542021378873524,
      0.0,
      0.8379884474845724,
      0.9622233382919209,
      0.9107636787187134,
      1.0420721133446278,
      1.0330029346488527,
      0.7741957012895971,
      1.0890337413177134,
      1.0959716870847989,
      0.9723097018252143,
      0.9371284416123687,
      1.6083342701140897,
      1.0051923974469836,
      1.1067483222251513,
      1.0397840996147714,
      0.786091023712953,
      1.0700522496414755,
      0.5203562969518365,
      1.3012112647629672,
      1.0521665436993446,
      1.2527207297217129,
      0.9915097356455971,
      0.9915097356455971
    ],
    [
      0.7009371060716227,
      0.9225319996340637,
      0.8379884474845724,
      0.0,
      1.015082048134196,
      1.4372199256935667,
      1.1040397333224956,
      1.0274047357510816,
      0.5825160131753044,
      0.9952853425967876,
      1.3243082813506597,
      1.1391490476555863,
      0.6445171378272915,
      0.8802377870349637,
      1.4910243029430172,
      0.9945879089322314,
      1.092242561515032,
      0.9150865393221955,
      1.1136424411251298,
      0.7843758321528067,
      1.036435452759663,
      0.7365361266201453,
      0.9915097356455971,
      1.0076243740036421,
      1.0076243740036421
    ],
    [
      0.6853808329664702,
      0.904639766470034,
      0.9622233382919209,
      1.015082048134196,
      0.0,
      1.3434968030114443,
      0.8197136068385612,
      0.884599550612213,
      0.6705037851569974,
      1.2217826011292319,
      0.9245899201557308,
      1.280942023239222,
      0.6235814484249721,
      1.0164408179461835,
      1.0235023003811587,
      1.076526198736153,
      0.9163755216484012,
      0.877713477103999,
      1.1058803169087368,
      1.0815847099945566,
      0.8598073906243395,
      1.2527207297217129,
      1.0076243740036421,
      0.7880069728075122,
      0.7880069728075122
    ],
    [
      0.7303257221334607,
      1.1151901735535201,
      0.9107636787187134,
      1.4372199256935667,
      1.3434968030114443,
      0.0,
      1.0235311674476166,
      0.7809670177303747,
      0.9164300093215022,
      0.9433285219639026,
      1.2585731621645484,
      0.8582684901058518,
      0.9604131703728472,
      0.4494734619291846,
      0.8354876742778695,
      0.9742472836869601,
      0.9820550634137591,
      0.9570542263703262,
      0.7612078147513854,
      1.0778876951536436,
      1.0521665436993446,
      0.9915097356455971,
      0.7880069728075122,
      1.0962336168702362,
      1.0962336168702362
    ],
    [
      1.1060134049959371,
      0.8221897237301139,
      1.0420721133446278,
      1.1040397333224956,
      0.8197136068385612,
      1.0235311674476166,
      0.0,
      0.9918313366932583,
      0.9763558708656442,
      1.1786782935335096,
      1.0038998974629594,
      1.3726254897110326,
      1.1309624140038235,
      0.5517766830409095,
      0.9558903669362738,
      1.058259157583943,
      1.2370262149962081,
      1.0473033713985032,
      1.277100758212222,
      1.3012112647629672,
      0.7365361266201453,
      1.0076243740036421,
      1.0962336168702362,
      1.092381821513775,
      1.092381821513775
    ],
    [
      1.2996763660482331,
      1.1255766984727225,
      1.0330029346488527,
      1.0274047357510816,
      0.884599550612213,
      0.7809670177303747,
      0.9918313366932583,
      0.0,
      0.913758364865512,
      0.9824793085157317,
      1.204678370068202,
      1.0663362222597679,
      0.7031987325894672,
      0.9948280333972848,
      0.9476467006111442,
      0.6846708629339414,
      1.4061702716094775,
      0.7402644221106265,
      0.5203562969518365,
      1.036435452759663,
      1.2527207297217129,
      0.7880069728075122,
      1.092381821513775,
      0.7319887491227063,
      0.7319887491227063
    ],
    [
      0.8953473147856241,
      1.2628256104432225,
      0.7741957012895971,
      0.5825160131753044,
      0.6705037851569974,
      0.9164300093215022,
      0.9763558708656442,
      0.913758364865512,
      0.0,
      1.1501513988262384,
      1.2479902172535513,
      1.1131431957462643,
      0.8939200292420353,
      1.0312195758781717,
      0.7881459211120359,
      0.668498060153548,
      0.9899666921837047,
      1.0700522496414755,
      0.7843758321528067,
      0.8598073906243395,
      0.9915097356455971,
      1.0962336168702362,
      0.7319887491227063,
      0.9663267892289028,
      0.9663267892289028
    ],
    [
      1.1162147616469742,
      0.8769320082368074,
      1.0890337413177134,
      0.9952853425967876,
      1.2217826011292319,
      0.9433285219639026,
      1.1786782935335096,
      0.9824793085157317,
      1.1501513988262384,
      0.0,
      1.0361463380254492,
      1.2814710210548665,
      1.1623101884250133,
      1.0956181181673064,
      1.405178037664924,
      1.1282197795229607,
      0.786091023712953,
      1.1136424411251298,
      1.0815847099945566,
      1.0521665436993446,
      1.0076243740036421,
      1.092381821513775,
      0.9663267892289028,
      1.0674125113468464,
      1.0674125113468464
    ],
    [
      1.0098359265703962,
      0.9398632947459907,
      1.0959716870847989,
      1.3243082813506597,
      0.9245899201557308,
      1.2585731621645484,
      1.0038998974629594,
      1.204678370068202,
      1.2479902172535513,
      1.0361463380254492,
      0.0,
      0.8532321336381875,
      0.7553717377608117,
      0.7566485127145638,
      0.8292362384400176,
      1.0397840996147714,
      0.9150865393221955,
      1.1058803169087368,
      1.0778876951536436,
      0.7365361266201453,
      0.7880069728075122,
      0.7319887491227063,
      1.0674125113468464,
      0.9265605381156379,
      0.9265605381156379
    ],
    [
      0.7056708142629968,
      1.205574131956868,
      0.9723097018252143,
      1.1391490476555863,
      1.280942023239222,
      0.8582684901058518,
      1.3726254897110326,
      1.0663362222597679,
      1.1131431957462643,
      1.2814710210548665,
      0.8532321336381875,
      0.0,
      0.9873402417556156,
      1.2233500869674288,
      1.1067483222251513,
      1.092242561515032,
      0.877713477103999,
      0.7612078147513854,
      1.3012112647629672,
      1.2527207297217129,
      1.0962336168702362,
      0.9663267892289028,
      0.9265605381156379,
      0.8455310066852255,
      0.8455310066852255
    ],
    [
      0.6868386604032388,
      1.1950656866931184,
      0.9371284416123687,
      0.6445171378272915,
      0.6235814484249721,
      0.9604131703728472,
      1.1309624140038235,
      0.7031987325894672,
      0.8939200292420353,
      1.1623101884250133,
      0.7553717377608117,
      0.9873402417556156,
      0.0,
      1.0051923974469836,
      0.9945879089322314,
      0.9163755216484012,
      0.9570542263703262,
      1.277100758212222,
      1.036435452759663,
      0.9915097356455971,
      1.092381821513775,
      1.0674125113468464,
      0.8455310066852255,
      0.5848029398183936,
      0.5848029398183936
    ],
    [
      0.9873402417556156,
      1.277995055184383,
      1.6083342701140897,
      0.8802377870349637,
      1.0164408179461835,
      0.4494734619291846,
      0.5517766830409095,
      0.9948280333972848,
      1.0312195758781717,
      1.0956181181673064,
      0.7566485127145638,
      1.2233500869674288,
      1.0051923974469836,
      0.0,
      1.076526198736153,
      0.9820550634137591,
      1.0473033713985032,
      0.5203562969518365,
      0.8598073906243395,
      1.0076243740036421,
      0.7319887491227063,
      0.9265605381156379,
      0.5848029398183936,
      0.8231119665182869,
      0.8231119665182869
    ],
    [
      0.7566485127145638,
      1.2233500869674288,
      1.0051923974469836,
      1.4910243029430172,
      1.0235023003811587,
      0.8354876742778695,
      0.9558903669362738,
      0.9476467006111442,
      0.7881459211120359,
      1.405178037664924,
      0.8292362384400176,
      1.1067483222251513,
      0.9945879089322314,
      1.076526198736153,
      0.0,
      1.2370262149962081,
      0.7402644221106265,
      0.7843758321528067,
      1.0521665436993446,
      0.7880069728075122,
      0.9663267892289028,
      0.8455310066852255,
      0.8231119665182869,
      1.1627522807139068,
      1.1627522807139068
    ],
    [
      1.405178037664924,
      0.8292362384400176,
      1.1067483222251513,
      0.9945879089322314,
      1.076526198736153,
      0.9742472836869601,
      1.058259157583943,
      0.6846708629339414,
      0.668498060153548,
      1.1282197795229607,
      1.0397840996147714,
      1.092242561515032,
      0.9163755216484012,
      0.9820550634137591,
      1.2370262149962081,
      0.0,
      1.0700522496414755,
      1.0815847099945566,
      0.7365361266201453,
      1.0962336168702362,
      1.0674125113468464,
      0.5848029398183936,
      1.1627522807139068,
      0.7280265524161478,
      0.7280265524161478
    ],
    [
      0.668498060153548,
      1.1282197795229607,
      1.0397840996147714,
      1.092242561515032,
      0.9163755216484012,
      0.9820550634137591,
      1.2370262149962081,
      1.4061702716094775,
      0.9899666921837047,
      0.786091023712953,
      0.9150865393221955,
      0.877713477103999,
      0.9570542263703262,
      1.0473033713985032,
      0.7402644221106265,
      1.0700522496414755,
      0.0,
      1.0778876951536436,
      1.2527207297217129,
      1.092381821513775,
      0.9265605381156379,
      0.8231119665182869,
      0.7280265524161478,
      0.9378052842848615,
      0.9378052842848615
    ],
    [
      1.4061702716094775,
      0.9899666921837047,
      0.786091023712953,
      0.9150865393221955,
      0.877713477103999,
      0.9570542263703262,
      1.0473033713985032,
      0.7402644221106265,
      1.0700522496414755,
      1.1136424411251298,
      1.1058803169087368,
      0.7612078147513854,
      1.277100758212222,
      0.5203562969518365,
      0.7843758321528067,
      1.0815847099945566,
      1.0778876951536436,
      0.0,
      0.9915097356455971,
      0.7319887491227063,
      0.8455310066852255,
      1.1627522807139068,
      0.9378052842848615,
      0.7301355706551141,
      0.7301355706551141
    ],
    [
      1.0473033713985032,
      0.7402644221106265,
      1.0700522496414755,
      1.1136424411251298,
      1.1058803169087368,
      0.7612078147513854,
      1.277100758212222,
      0.5203562969518365,
      0.7843758321528067,
      1.0815847099945566,
      1.0778876951536436,
      1.3012112647629672,
      1.036435452759663,
      0.8598073906243395,
      1.0521665436993446,
      0.7365361266201453,
      1.2527207297217129,
      0.9915097356455971,
      0.0,
      0.9663267892289028,
      0.5848029398183936,
      0.7280265524161478,
      0.7301355706551141,
      1.0766244514307488,
      1.0766244514307488
    ],
    [
      0.7612078147513854,
      1.277100758212222,
      0.5203562969518365,
      0.7843758321528067,
      1.0815847099945566,
      1.0778876951536436,
      1.3012112647629672,
      1.036435452759663,
      0.8598073906243395,
      1.0521665436993446,
      0.7365361266201453,
      1.2527207297217129,
      0.9915097356455971,
      1.0076243740036421,
      0.7880069728075122,
      1.0962336168702362,
      1.092381821513775,
      0.7319887491227063,
      0.9663267892289028,
      0.0,
      0.8231119665182869,
      0.9378052842848615,
      1.0766244514307488,
      0.756741153397109,
      0.756741153397109
    ],
    [
      1.0815847099945566,
      1.0778876951536436,
      1.3012112647629672,
      1.036435452759663,
      0.8598073906243395,
      1.0521665436993446,
      0.7365361266201453,
      1.2527207297217129,
      0.9915097356455971,
      1.0076243740036421,
      0.7880069728075122,
      1.0962336168702362,
      1.092381821513775,
      0.7319887491227063,
      0.9663267892289028,
      1.0674125113468464,
      0.9265605381156379,
      0.8455310066852255,
      0.5848029398183936,
      0.8231119665182869,
      0.0,
      0.7301355706551141,
      0.756741153397109,
      0.961302413846313,
      0.961302413846313
    ],
    [
      1.036435452759663,
      0.8598073906243395,
      1.0521665436993446,
      0.7365361266201453,
      1.2527207297217129,
      0.9915097356455971,
      1.0076243740036421,
      0.7880069728075122,
      1.0962336168702362,
      1.092381821513775,
      0.7319887491227063,
      0.9663267892289028,
      1.0674125113468464,
      0.9265605381156379,
      0.8455310066852255,
      0.5848029398183936,
      0.8231119665182869,
      1.1627522807139068,
      0.7280265524161478,
      0.9378052842848615,
      0.7301355706551141,
      0.0,
      0.961302413846313,
      0.8919032937295249,
      0.8919032937295249
    ],
    [
      1.0521665436993446,
      0.7365361266201453,
      1.2527207297217129,
      0.9915097356455971,
      1.0076243740036421,
      0.7880069728075122,
      1.0962336168702362,
      1.092381821513775,
      0.7319887491227063,
      0.9663267892289028,
      1.0674125113468464,
      0.9265605381156379,
      0.8455310066852255,
      0.5848029398183936,
      0.8231119665182869,
      1.1627522807139068,
      0.7280265524161478,
      0.9378052842848615,
      0.7301355706551141,
      1.0766244514307488,
      0.756741153397109,
      0.961302413846313,
      0.0,
      1.2134925612794407,
      1.2134925612794407
    ],
    [
      0.7365361266201453,
      1.2527207297217129,
      0.9915097356455971,
      1.0076243740036421,
      0.7880069728075122,
      1.0962336168702362,
      1.092381821513775,
      0.7319887491227063,
      0.9663267892289028,
      1.0674125113468464,
      0.9265605381156379,
      0.8455310066852255,
      0.5848029398183936,
      0.8231119665182869,
      1.1627522807139068,
      0.7280265524161478,
      0.9378052842848615,
      0.7301355706551141,
      1.0766244514307488,
      0.756741153397109,
      0.961302413846313,
      0.8919032937295249,
      1.2134925612794407,
      0.0,
      0.6269510449513043
    ],
    [
      0.7365361266201453,
      1.2527207297217129,
      0.9915097356455971,
      1.0076243740036421,
      0.7880069728075122,
      1.0962336168702362,
      1.092381821513775,
      0.7319887491227063,
      0.9663267892289028,
      1.0674125113468464,
      0.9265605381156379,
      0.8455310066852255,
      0.5848029398183936,
      0.8231119665182869,
      1.1627522807139068,
      0.7280265524161478,
      0.9378052842848615,
      0.7301355706551141,
      1.0766244514307488,
      0.756741153397109,
      0.961302413846313,
      0.8919032937295249,
      1.2134925612794407,
      0.6269510449513043,
      0.0
    ]
  ]
}