{
  "servicechain": {
    "SC1": {
      "resptime": 34.966525864156694,
      "resptime_old": 24.9665258641567,
      "waittime": 19.109690425682263,
      "servicetime": 10.0,
      "networktime": 5.856835438474433,
      "services": {
        "MS1_1": {
          "meanserv": 0.5530562389365024,
          "stddevserv": 0.5530562389365024,
          "rate": 1.808134380552232,
          "cv": 1.0,
          "lambda": 0.15
        },
        "MS1_2": {
          "meanserv": 2.392949702782662,
          "stddevserv": 2.392949702782662,
          "rate": 0.41789428287487257,
          "cv": 1.0,
          "lambda": 0.15
        },
        "MS1_3": {
          "meanserv": 0.39569295405768035,
          "stddevserv": 0.39569295405768035,
          "rate": 2.5272120459699403,
          "cv": 1.0,
          "lambda": 0.15
        },
        "MS1_4": {
          "meanserv": 0.5035635740174302,
          "stddevserv": 0.5035635740174302,
          "rate": 1.9858465774678655,
          "cv": 1.0,
          "lambda": 0.15
        },
        "MS1_5": {
          "meanserv": 1.2964834336844038,
          "stddevserv": 1.2964834336844038,
          "rate": 0.7713172216617963,
          "cv": 1.0,
          "lambda": 0.15
        },
        "MS1_6": {
          "meanserv": 3.8217550639789266,
          "stddevserv": 3.8217550639789266,
          "rate": 0.26165988747559205,
          "cv": 1.0,
          "lambda": 0.15
        },
        "MS1_7": {
          "meanserv": 0.14110544054671692,
          "stddevserv": 0.14110544054671692,
          "rate": 7.086898960986001,
          "cv": 1.0,
          "lambda": 0.15
        },
        "MS1_8": {
          "meanserv": 0.117873907658538,
          "stddevserv": 0.117873907658538,
          "rate": 8.483641713964733,
          "cv": 1.0,
          "lambda": 0.15
        },
        "MS1_9": {
          "meanserv": 0.7775196843371397,
          "stddevserv": 0.7775196843371397,
          "rate": 1.2861410715955466,
          "cv": 1.0,
          "lambda": 0.15
        }
      },
      "sensors": [
        "S1"
      ],
      "sources": [
        {
          "startTime": 0,
          "stopTime": -1,
          "lambda": 0.15
        }
      ]
    },
    "SC2": {
      "resptime": 32.82388642068944,
      "resptime_old": 22.823886420689448,
      "waittime": 17.435368732514327,
      "servicetime": 10.0,
      "networktime": 5.388517688175116,
      "services": {
        "MS2_1": {
          "meanserv": 1.5862353152579312,
          "stddevserv": 1.5862353152579312,
          "rate": 0.6304234878526798,
          "cv": 1.0,
          "lambda": 0.15
        },
        "MS2_2": {
          "meanserv": 1.865428181400203,
          "stddevserv": 1.865428181400203,
          "rate": 0.5360699543251208,
          "cv": 1.0,
          "lambda": 0.15
        },
        "MS2_3": {
          "meanserv": 1.4028590105352778,
          "stddevserv": 1.4028590105352778,
          "rate": 0.7128300082119,
          "cv": 1.0,
          "lambda": 0.15
        },
        "MS2_4": {
          "meanserv": 0.43973546040313494,
          "stddevserv": 0.43973546040313494,
          "rate": 2.2740945182888663,
          "cv": 1.0,
          "lambda": 0.15
        },
        "MS2_5": {
          "meanserv": 0.18132548197703535,
          "stddevserv": 0.18132548197703535,
          "rate": 5.514944667990177,
          "cv": 1.0,
          "lambda": 0.15
        },
        "MS2_6": {
          "meanserv": 0.4317796994470102,
          "stddevserv": 0.4317796994470102,
          "rate": 2.3159958684503277,
          "cv": 1.0,
          "lambda": 0.15
        },
        "MS2_7": {
          "meanserv": 1.3961351292389201,
          "stddevserv": 1.3961351292389201,
          "rate": 0.7162630457877909,
          "cv": 1.0,
          "lambda": 0.15
        },
        "MS2_8": {
          "meanserv": 0.267605489666213,
          "stddevserv": 0.267605489666213,
          "rate": 3.7368441179861818,
          "cv": 1.0,
          "lambda": 0.15
        },
        "MS2_9": {
          "meanserv": 2.4288962320742744,
          "stddevserv": 2.4288962320742744,
          "rate": 0.4117096427565377,
          "cv": 1.0,
          "lambda": 0.15
        }
      },
      "sensors": [
        "S2"
      ],
      "sources": [
        {
          "startTime": 0,
          "stopTime": -1,
          "lambda": 0.15
        }
      ]
    },
    "SC3": {
      "resptime": 31.984945319122442,
      "resptime_old": 21.984945319122446,
      "waittime": 16.493239838220024,
      "servicetime": 10.0,
      "networktime": 5.491705480902418,
      "services": {
        "MS3_1": {
          "meanserv": 2.332905194435112,
          "stddevserv": 2.332905194435112,
          "rate": 0.42865008075998534,
          "cv": 1.0,
          "lambda": 0.15
        },
        "MS3_2": {
          "meanserv": 0.2838817708162438,
          "stddevserv": 0.2838817708162438,
          "rate": 3.5225932159176874,
          "cv": 1.0,
          "lambda": 0.15
        },
        "MS3_3": {
          "meanserv": 0.6658270472068102,
          "stddevserv": 0.6658270472068102,
          "rate": 1.5018915260277697,
          "cv": 1.0,
          "lambda": 0.15
        },
        "MS3_4": {
          "meanserv": 1.7745755316786829,
          "stddevserv": 1.7745755316786829,
          "rate": 0.5635150390324817,
          "cv": 1.0,
          "lambda": 0.15
        },
        "MS3_5": {
          "meanserv": 1.7953670234142907,
          "stddevserv": 1.7953670234142907,
          "rate": 0.5569891765630612,
          "cv": 1.0,
          "lambda": 0.15
        },
        "MS3_6": {
          "meanserv": 0.3006096337129991,
          "stddevserv": 0.3006096337129991,
          "rate": 3.3265733624316565,
          "cv": 1.0,
          "lambda": 0.15
        },
        "MS3_7": {
          "meanserv": 1.7932639714775611,
          "stddevserv": 1.7932639714775611,
          "rate": 0.5576423861212408,
          "cv": 1.0,
          "lambda": 0.15
        },
        "MS3_8": {
          "meanserv": 0.732427302326963,
          "stddevserv": 0.732427302326963,
          "rate": 1.3653232161375517,
          "cv": 1.0,
          "lambda": 0.15
        },
        "MS3_9": {
          "meanserv": 0.32114252493133755,
          "stddevserv": 0.32114252493133755,
          "rate": 3.1138822247654896,
          "cv": 1.0,
          "lambda": 0.15
        }
      },
      "sensors": [
        "S3"
      ],
      "sources": [
        {
          "startTime": 0,
          "stopTime": -1,
          "lambda": 0.15
        }
      ]
    },
    "SC4": {
      "resptime": 31.072254909080648,
      "resptime_old": 21.072254909080648,
      "waittime": 17.368517934941476,
      "servicetime": 10.0,
      "networktime": 3.7037369741391712,
      "services": {
        "MS4_1": {
          "meanserv": 0.901382635204574,
          "stddevserv": 0.901382635204574,
          "rate": 1.1094067723781302,
          "cv": 1.0,
          "lambda": 0.15
        },
        "MS4_2": {
          "meanserv": 1.7712556298827875,
          "stddevserv": 1.7712556298827875,
          "rate": 0.5645712471588162,
          "cv": 1.0,
          "lambda": 0.15
        },
        "MS4_3": {
          "meanserv": 1.2184567358226683,
          "stddevserv": 1.2184567358226683,
          "rate": 0.8207103055857191,
          "cv": 1.0,
          "lambda": 0.15
        },
        "MS4_4": {
          "meanserv": 1.3125748317199482,
          "stddevserv": 1.3125748317199482,
          "rate": 0.7618613246527347,
          "cv": 1.0,
          "lambda": 0.15
        },
        "MS4_5": {
          "meanserv": 0.8641920276462489,
          "stddevserv": 0.8641920276462489,
          "rate": 1.157150225886304,
          "cv": 1.0,
          "lambda": 0.15
        },
        "MS4_6": {
          "meanserv": 1.0375765402835082,
          "stddevserv": 1.0375765402835082,
          "rate": 0.9637843196866799,
          "cv": 1.0,
          "lambda": 0.15
        },
        "MS4_7": {
          "meanserv": 0.017566227009059077,
          "stddevserv": 0.017566227009059077,
          "rate": 56.9274209814259,
          "cv": 1.0,
          "lambda": 0.15
        },
        "MS4_8": {
          "meanserv": 1.1815588788921731,
          "stddevserv": 1.1815588788921731,
          "rate": 0.8463395416550021,
          "cv": 1.0,
          "lambda": 0.15
        },
        "MS4_9": {
          "meanserv": 1.6954364935390327,
          "stddevserv": 1.6954364935390327,
          "rate": 0.5898186123814125,
          "cv": 1.0,
          "lambda": 0.15
        }
      },
      "sensors": [
        "S4"
      ],
      "sources": [
        {
          "startTime": 0,
          "stopTime": -1,
          "lambda": 0.15
        }
      ]
    }
  },
  "microservice": {
    "MS1_1": "F1",
    "MS1_2": "F2",
    "MS1_3": "F3",
    "MS1_4": "F3",
    "MS1_5": "F1",
    "MS1_6": "F8",
    "MS1_7": "F6",
    "MS1_8": "F6",
    "MS1_9": "F1",
    "MS2_1": "F1",
    "MS2_2": "F7",
    "MS2_3": "F4",
    "MS2_4": "F6",
    "MS2_5": "F6",
    "MS2_6": "F3",
    "MS2_7": "F3",
    "MS2_8": "F3",
    "MS2_9": "F7",
    "MS3_1": "F5",
    "MS3_2": "F6",
    "MS3_3": "F6",
    "MS3_4": "F9",
    "MS3_5": "F2",
    "MS3_6": "F6",
    "MS3_7": "F4",
    "MS3_8": "F4",
    "MS3_9": "F6",
    "MS4_1": "F3",
    "MS4_2": "F5",
    "MS4_3": "F6",
    "MS4_4": "F9",
    "MS4_5": "F9",
    "MS4_6": "F10",
    "MS4_7": "F10",
    "MS4_8": "F10",
    "MS4_9": "F10"
  },
  "sensor": {
    "S1": "F1",
    "S2": "F1",
    "S3": "F5",
    "S4": "F3"
  },
  "fog": {
    "F1": {
      "rho": 0.6319942008323967,
      "capacity": 1.0,
      "tserv": 1.0533236680539944,
      "stddev": 1.2017567001648883,
      "mu": 0.9493757999832004,
      "cv": 1.140918728604212,
      "lambda": 0.6,
      "twait": 2.0817959297246316
    },
    "F2": {
      "rho": 0.6282475089295428,
      "capacity": 1.0,
      "tserv": 2.0941583630984764,
      "stddev": 2.136364149454823,
      "mu": 0.4775188054643677,
      "cv": 1.020154056684567,
      "lambda": 0.3,
      "twait": 3.6110925590737755
    },
    "F3": {
      "rho": 0.5844239222447742,
      "capacity": 1.0,
      "tserv": 0.6493599136053047,
      "stddev": 0.8494850706698729,
      "mu": 1.5399780292071157,
      "cv": 1.3081883449710583,
      "lambda": 0.9,
      "twait": 1.2379969871914749
    },
    "F4": {
      "rho": 0.5892825426509701,
      "capacity": 1.0,
      "tserv": 1.3095167614466006,
      "stddev": 1.448679307799362,
      "mu": 0.7636404736777231,
      "cv": 1.106270152815021,
      "lambda": 0.44999999999999996,
      "twait": 2.0891218740572093
    },
    "F5": {
      "rho": 0.6156241236476849,
      "capacity": 1.0,
      "tserv": 2.0520804121589498,
      "stddev": 2.0901576817664624,
      "mu": 0.48731033836433413,
      "cv": 1.0185554471364269,
      "lambda": 0.3,
      "twait": 3.3482043282873635
    },
    "F6": {
      "rho": 0.5504937004613226,
      "capacity": 1.0,
      "tserv": 0.4077731114528316,
      "stddev": 0.6171342585724509,
      "mu": 2.452344139212997,
      "cv": 1.5134255821177083,
      "lambda": 1.3499999999999999,
      "twait": 0.8216017945915677
    },
    "F7": {
      "rho": 0.6441486620211716,
      "capacity": 1.0,
      "tserv": 2.1471622067372387,
      "stddev": 2.183816307317524,
      "mu": 0.46573099920549044,
      "cv": 1.017070950888235,
      "lambda": 0.3,
      "twait": 3.9536281889874645
    },
    "F8": {
      "rho": 0.573263259596839,
      "capacity": 1.0,
      "tserv": 3.8217550639789266,
      "stddev": 3.821755063978927,
      "mu": 0.26165988747559205,
      "cv": 1.0000000000000002,
      "lambda": 0.15,
      "twait": 5.134012513868509
    },
    "F9": {
      "rho": 0.592701358656732,
      "capacity": 1.0,
      "tserv": 1.3171141303482934,
      "stddev": 1.4181242114379953,
      "mu": 0.7592356478140305,
      "cv": 1.0766904543518876,
      "lambda": 0.44999999999999996,
      "twait": 2.0692920243781963
    },
    "F10": {
      "rho": 0.589820720958566,
      "capacity": 1.0,
      "tserv": 0.9830345349309433,
      "stddev": 1.3066648658812816,
      "mu": 1.0172582594672002,
      "cv": 1.329215627173335,
      "lambda": 0.6,
      "twait": 1.95553269402867
    }
  },
  "extra": {
    "conv_gen": 298,
    "max_gen": 600,
    "population": 600,
    "deltatime": 58.911726,
    "obj_func": 32.71190312826231
  },
  "network": [
    [
      0.0,
      0.6667778030144512,
      0.9959505293013368,
      1.376430883302992,
      1.1044809930295862,
      0.8356749310263475,
      0.970697567670671,
      1.111992312769064,
      1.223991021059347,
      1.223991021059347
    ],
    [
      0.6667778030144512,
      0.0,
      0.9994228260398209,
      1.0554677871296532,
      1.1473689537898923,
      1.0115145596519388,
      0.8491511106568451,
      1.223991021059347,
      0.7624335475248919,
      0.7624335475248919
    ],
    [
      0.9959505293013368,
      0.9994228260398209,
      0.0,
      0.9274956238328183,
      0.7686479093465175,
      1.1111392190053635,
      1.111992312769064,
      0.7624335475248919,
      1.4593538613332675,
      1.4593538613332675
    ],
    [
      1.376430883302992,
      1.0554677871296532,
      0.9274956238328183,
      0.0,
      1.2269492795060932,
      0.970697567670671,
      1.223991021059347,
      1.4593538613332675,
      1.336243587460666,
      1.336243587460666
    ],
    [
      1.1044809930295862,
      1.1473689537898923,
      0.7686479093465175,
      1.2269492795060932,
      0.0,
      0.8491511106568451,
      0.7624335475248919,
      1.336243587460666,
      1.2470170363234125,
      1.2470170363234125
    ],
    [
      0.8356749310263475,
      1.0115145596519388,
      1.1111392190053635,
      0.970697567670671,
      0.8491511106568451,
      0.0,
      1.4593538613332675,
      1.2470170363234125,
      0.9272111277274008,
      0.9272111277274008
    ],
    [
      0.970697567670671,
      0.8491511106568451,
      1.111992312769064,
      1.223991021059347,
      0.7624335475248919,
      1.4593538613332675,
      0.0,
      0.9272111277274008,
      1.2396176230848523,
      1.2396176230848523
    ],
    [
      1.111992312769064,
      1.223991021059347,
      0.7624335475248919,
      1.4593538613332675,
      1.336243587460666,
      1.2470170363234125,
      0.9272111277274008,
      0.0,
      1.00709825177244,
      1.00709825177244
    ],
    [
      1.223991021059347,
      0.7624335475248919,
      1.4593538613332675,
      1.336243587460666,
      1.2470170363234125,
      0.9272111277274008,
      1.2396176230848523,
      1.00709825177244,
      0.0,
      1.1587268264084076
    ],
    [
      1.223991021059347,
      0.7624335475248919,
      1.4593538613332675,
      1.336243587460666,
      1.2470170363234125,
      0.9272111277274008,
      1.2396176230848523,
      1.00709825177244,
      1.1587268264084076,
      0.0
    ]
  ]
}