{
  "servicechain": {
    "SC1": {
      "resptime": 33.29527370592511,
      "resptime_old": 23.295273705925112,
      "waittime": 17.233451353531617,
      "servicetime": 10.0,
      "networktime": 6.061822352393492,
      "services": {
        "MS1_1": {
          "meanserv": 0.4834169979152114,
          "stddevserv": 0.4834169979152114,
          "rate": 2.068607443082492,
          "cv": 1.0,
          "lambda": 0.15
        },
        "MS1_2": {
          "meanserv": 2.5375250246251633,
          "stddevserv": 2.5375250246251633,
          "rate": 0.39408478351763937,
          "cv": 1.0,
          "lambda": 0.15
        },
        "MS1_3": {
          "meanserv": 0.18574796818892203,
          "stddevserv": 0.18574796818892203,
          "rate": 5.383638969245209,
          "cv": 1.0,
          "lambda": 0.15
        },
        "MS1_4": {
          "meanserv": 3.0162030652851506,
          "stddevserv": 3.0162030652851506,
          "rate": 0.3315426641891104,
          "cv": 1.0,
          "lambda": 0.15
        },
        "MS1_5": {
          "meanserv": 0.13260183250761592,
          "stddevserv": 0.13260183250761592,
          "rate": 7.541373909312795,
          "cv": 1.0,
          "lambda": 0.15
        },
        "MS1_6": {
          "meanserv": 0.17021378435027756,
          "stddevserv": 0.17021378435027756,
          "rate": 5.874964849745257,
          "cv": 1.0,
          "lambda": 0.15
        },
        "MS1_7": {
          "meanserv": 2.4552445378858874,
          "stddevserv": 2.4552445378858874,
          "rate": 0.40729140603691555,
          "cv": 1.0,
          "lambda": 0.15
        },
        "MS1_8": {
          "meanserv": 0.41677549757106824,
          "stddevserv": 0.41677549757106824,
          "rate": 2.399373297681639,
          "cv": 1.0,
          "lambda": 0.15
        },
        "MS1_9": {
          "meanserv": 0.6022712916707036,
          "stddevserv": 0.6022712916707036,
          "rate": 1.6603813162437064,
          "cv": 1.0,
          "lambda": 0.15
        }
      },
      "sensors": [
        "S1"
      ],
      "sources": [
        {
          "startTime": 0,
          "stopTime": -1,
          "lambda": 0.15
        }
      ]
    },
    "SC2": {
      "resptime": 33.03425482208581,
      "resptime_old": 23.034254822085806,
      "waittime": 18.98233573839139,
      "servicetime": 10.0,
      "networktime": 4.051919083694418,
      "services": {
        "MS2_1": {
          "meanserv": 2.4672338500122617,
          "stddevserv": 2.4672338500122617,
          "rate": 0.4053122082428588,
          "cv": 1.0,
          "lambda": 0.15
        },
        "MS2_2": {
          "meanserv": 0.6195216397797694,
          "stddevserv": 0.6195216397797694,
          "rate": 1.6141486201442212,
          "cv": 1.0,
          "lambda": 0.15
        },
        "MS2_3": {
          "meanserv": 2.2595882156072866,
          "stddevserv": 2.2595882156072866,
          "rate": 0.4425585126939778,
          "cv": 1.0,
          "lambda": 0.15
        },
        "MS2_4": {
          "meanserv": 1.6203050336315163,
          "stddevserv": 1.6203050336315163,
          "rate": 0.6171677426433375,
          "cv": 1.0,
          "lambda": 0.15
        },
        "MS2_5": {
          "meanserv": 0.2386860593847837,
          "stddevserv": 0.2386860593847837,
          "rate": 4.189603710319373,
          "cv": 1.0,
          "lambda": 0.15
        },
        "MS2_6": {
          "meanserv": 0.730251709368031,
          "stddevserv": 0.730251709368031,
          "rate": 1.3693908376680317,
          "cv": 1.0,
          "lambda": 0.15
        },
        "MS2_7": {
          "meanserv": 0.13249290515808987,
          "stddevserv": 0.13249290515808987,
          "rate": 7.547573953539663,
          "cv": 1.0,
          "lambda": 0.15
        },
        "MS2_8": {
          "meanserv": 0.9781668990435435,
          "stddevserv": 0.9781668990435435,
          "rate": 1.0223204250499633,
          "cv": 1.0,
          "lambda": 0.15
        },
        "MS2_9": {
          "meanserv": 0.9537536880147179,
          "stddevserv": 0.9537536880147179,
          "rate": 1.0484887372562048,
          "cv": 1.0,
          "lambda": 0.15
        }
      },
      "sensors": [
        "S2"
      ],
      "sources": [
        {
          "startTime": 0,
          "stopTime": -1,
          "lambda": 0.15
        }
      ]
    },
    "SC3": {
      "resptime": 27.967691190711015,
      "resptime_old": 17.967691190711015,
      "waittime": 14.446503941524613,
      "servicetime": 10.0,
      "networktime": 3.5211872491864042,
      "services": {
        "MS3_1": {
          "meanserv": 1.0922968413606937,
          "stddevserv": 1.0922968413606937,
          "rate": 0.9155020523123386,
          "cv": 1.0,
          "lambda": 0.15
        },
        "MS3_2": {
          "meanserv": 0.9359022992260102,
          "stddevserv": 0.9359022992260102,
          "rate": 1.0684875983604256,
          "cv": 1.0,
          "lambda": 0.15
        },
        "MS3_3": {
          "meanserv": 0.6819140972572546,
          "stddevserv": 0.6819140972572546,
          "rate": 1.4664603709208057,
          "cv": 1.0,
          "lambda": 0.15
        },
        "MS3_4": {
          "meanserv": 2.406126828459672,
          "stddevserv": 2.406126828459672,
          "rate": 0.41560568968019407,
          "cv": 1.0,
          "lambda": 0.15
        },
        "MS3_5": {
          "meanserv": 1.6367898561837917,
          "stddevserv": 1.6367898561837917,
          "rate": 0.610951977874252,
          "cv": 1.0,
          "lambda": 0.15
        },
        "MS3_6": {
          "meanserv": 1.193974288045708,
          "stddevserv": 1.193974288045708,
          "rate": 0.8375389738390394,
          "cv": 1.0,
          "lambda": 0.15
        },
        "MS3_7": {
          "meanserv": 0.6574596349763873,
          "stddevserv": 0.6574596349763873,
          "rate": 1.5210059246236693,
          "cv": 1.0,
          "lambda": 0.15
        },
        "MS3_8": {
          "meanserv": 0.5643626118067644,
          "stddevserv": 0.5643626118067644,
          "rate": 1.7719104332559794,
          "cv": 1.0,
          "lambda": 0.15
        },
        "MS3_9": {
          "meanserv": 0.8311735426837181,
          "stddevserv": 0.8311735426837181,
          "rate": 1.2031181800748492,
          "cv": 1.0,
          "lambda": 0.15
        }
      },
      "sensors": [
        "S3"
      ],
      "sources": [
        {
          "startTime": 0,
          "stopTime": -1,
          "lambda": 0.15
        }
      ]
    },
    "SC4": {
      "resptime": 39.228517811852484,
      "resptime_old": 29.22851781185248,
      "waittime": 26.600070519989075,
      "servicetime": 10.0,
      "networktime": 2.628447291863406,
      "services": {
        "MS4_1": {
          "meanserv": 0.2587283603984214,
          "stddevserv": 0.2587283603984214,
          "rate": 3.865057539343883,
          "cv": 1.0,
          "lambda": 0.15
        },
        "MS4_2": {
          "meanserv": 0.9113898853744962,
          "stddevserv": 0.9113898853744962,
          "rate": 1.0972252556753945,
          "cv": 1.0,
          "lambda": 0.15
        },
        "MS4_3": {
          "meanserv": 1.4238094704124293,
          "stddevserv": 1.4238094704124293,
          "rate": 0.7023411634636296,
          "cv": 1.0,
          "lambda": 0.15
        },
        "MS4_4": {
          "meanserv": 0.06564005809645979,
          "stddevserv": 0.06564005809645979,
          "rate": 15.234599557033812,
          "cv": 1.0,
          "lambda": 0.15
        },
        "MS4_5": {
          "meanserv": 0.6107063048995145,
          "stddevserv": 0.6107063048995145,
          "rate": 1.6374482987604653,
          "cv": 1.0,
          "lambda": 0.15
        },
        "MS4_6": {
          "meanserv": 0.16264489977757757,
          "stddevserv": 0.16264489977757757,
          "rate": 6.148363713633406,
          "cv": 1.0,
          "lambda": 0.15
        },
        "MS4_7": {
          "meanserv": 0.8681610611875961,
          "stddevserv": 0.8681610611875961,
          "rate": 1.1518600000696364,
          "cv": 1.0,
          "lambda": 0.15
        },
        "MS4_8": {
          "meanserv": 4.962596224297371,
          "stddevserv": 4.962596224297371,
          "rate": 0.201507427725814,
          "cv": 1.0,
          "lambda": 0.15
        },
        "MS4_9": {
          "meanserv": 0.7363237355561338,
          "stddevserv": 0.7363237355561338,
          "rate": 1.3580982816542178,
          "cv": 1.0,
          "lambda": 0.15
        }
      },
      "sensors": [
        "S4"
      ],
      "sources": [
        {
          "startTime": 0,
          "stopTime": -1,
          "lambda": 0.15
        }
      ]
    }
  },
  "microservice": {
    "MS1_1": "F1",
    "MS1_2": "F5",
    "MS1_3": "F4",
    "MS1_4": "F7",
    "MS1_5": "F4",
    "MS1_6": "F4",
    "MS1_7": "F10",
    "MS1_8": "F4",
    "MS1_9": "F4",
    "MS2_1": "F3",
    "MS2_2": "F3",
    "MS2_3": "F5",
    "MS2_4": "F1",
    "MS2_5": "F4",
    "MS2_6": "F4",
    "MS2_7": "F4",
    "MS2_8": "F1",
    "MS2_9": "F1",
    "MS3_1": "F9",
    "MS3_2": "F9",
    "MS3_3": "F9",
    "MS3_4": "F2",
    "MS3_5": "F2",
    "MS3_6": "F10",
    "MS3_7": "F4",
    "MS3_8": "F4",
    "MS3_9": "F9",
    "MS4_1": "F6",
    "MS4_2": "F6",
    "MS4_3": "F6",
    "MS4_4": "F6",
    "MS4_5": "F6",
    "MS4_6": "F6",
    "MS4_7": "F3",
    "MS4_8": "F8",
    "MS4_9": "F7"
  },
  "sensor": {
    "S1": "F1",
    "S2": "F3",
    "S3": "F9",
    "S4": "F6"
  },
  "fog": {
    "F1": {
      "rho": 0.6053463927907484,
      "capacity": 1.0,
      "tserv": 1.0089106546512474,
      "stddev": 1.1596843444518654,
      "mu": 0.9911680438598127,
      "cv": 1.1494420631852047,
      "lambda": 0.6,
      "twait": 1.7960827758881606
    },
    "F2": {
      "rho": 0.6064375026965195,
      "capacity": 1.0,
      "tserv": 2.021458342321732,
      "stddev": 2.0933784937744613,
      "mu": 0.49469236098699765,
      "cv": 1.035578349524693,
      "lambda": 0.3,
      "twait": 3.2276426511528276
    },
    "F3": {
      "rho": 0.593237482646944,
      "capacity": 1.0,
      "tserv": 1.318305516993209,
      "stddev": 1.7545862583074523,
      "mu": 0.7585495070071464,
      "cv": 1.3309405412406317,
      "lambda": 0.44999999999999996,
      "twait": 2.6642401595818406
    },
    "F4": {
      "rho": 0.5746294942473965,
      "capacity": 1.0,
      "tserv": 0.3830863294982644,
      "stddev": 0.4984508850595039,
      "mu": 2.610377669466095,
      "cv": 1.3011450596849403,
      "lambda": 1.4999999999999998,
      "twait": 0.6968191529273124
    },
    "F5": {
      "rho": 0.7195669860348676,
      "capacity": 1.0,
      "tserv": 2.398556620116225,
      "stddev": 2.4065947508475305,
      "mu": 0.4169174042477028,
      "cv": 1.0033512365994994,
      "lambda": 0.3,
      "twait": 6.1751496327812925
    },
    "F6": {
      "rho": 0.5149378468438348,
      "capacity": 1.0,
      "tserv": 0.5721531631598165,
      "stddev": 0.8843927748888402,
      "mu": 1.7477837481092025,
      "cv": 1.545727318895915,
      "lambda": 0.9,
      "twait": 1.0293101962842117
    },
    "F7": {
      "rho": 0.5628790201261926,
      "capacity": 1.0,
      "tserv": 1.8762634004206422,
      "stddev": 2.473719714684921,
      "mu": 0.5329742080860335,
      "cv": 1.3184288059610043,
      "lambda": 0.3,
      "twait": 3.30788981257377
    },
    "F8": {
      "rho": 0.7443894336446056,
      "capacity": 1.0,
      "tserv": 4.962596224297371,
      "stddev": 4.962596224297371,
      "mu": 0.201507427725814,
      "cv": 1.0,
      "lambda": 0.15,
      "twait": 14.452079370128192
    },
    "F9": {
      "rho": 0.5311930170791515,
      "capacity": 1.0,
      "tserv": 0.8853216951319192,
      "stddev": 0.9103001674437258,
      "mu": 1.129532920630611,
      "cv": 1.0282140067832457,
      "lambda": 0.6,
      "twait": 1.0318367414281246
    },
    "F10": {
      "rho": 0.5473828238897394,
      "capacity": 1.0,
      "tserv": 1.824609412965798,
      "stddev": 2.0309113302774566,
      "mu": 0.5480625019765504,
      "cv": 1.1130663449643872,
      "lambda": 0.3,
      "twait": 2.470233367651832
    }
  },
  "extra": {
    "deltatime": 2.5188193,
    "conv": 42,
    "obj_func": 33.381434382643604
  },
  "network": [
    [
      0.0,
      1.4645355424760065,
      0.9940810454469472,
      1.0531772433212396,
      0.7835388112686289,
      1.1641478911406316,
      1.6216257063671502,
      0.8515893212380277,
      1.0491915923353317,
      1.0491915923353317
    ],
    [
      1.4645355424760065,
      0.0,
      1.1728835129196835,
      1.0887205891930516,
      1.093013731298471,
      1.0248055892618142,
      1.3399616376019878,
      1.0491915923353317,
      0.9188558972923443,
      0.9188558972923443
    ],
    [
      0.9940810454469472,
      1.1728835129196835,
      0.0,
      1.1780166069423632,
      1.1620257857833105,
      1.0416052414609742,
      0.8515893212380277,
      0.9188558972923443,
      1.352241781549039,
      1.352241781549039
    ],
    [
      1.0531772433212396,
      1.0887205891930516,
      1.1780166069423632,
      0.0,
      1.4964249018524844,
      1.6216257063671502,
      1.0491915923353317,
      1.352241781549039,
      0.8417377273008579,
      0.8417377273008579
    ],
    [
      0.7835388112686289,
      1.093013731298471,
      1.1620257857833105,
      1.4964249018524844,
      0.0,
      1.3399616376019878,
      0.9188558972923443,
      0.8417377273008579,
      1.556030228602293,
      1.556030228602293
    ],
    [
      1.1641478911406316,
      1.0248055892618142,
      1.0416052414609742,
      1.6216257063671502,
      1.3399616376019878,
      0.0,
      1.352241781549039,
      1.556030228602293,
      0.6679861531100875,
      0.6679861531100875
    ],
    [
      1.6216257063671502,
      1.3399616376019878,
      0.8515893212380277,
      1.0491915923353317,
      0.9188558972923443,
      1.352241781549039,
      0.0,
      0.6679861531100875,
      1.0228453045689037,
      1.0228453045689037
    ],
    [
      0.8515893212380277,
      1.0491915923353317,
      0.9188558972923443,
      1.352241781549039,
      0.8417377273008579,
      1.556030228602293,
      0.6679861531100875,
      0.0,
      1.3385152313606838,
      1.3385152313606838
    ],
    [
      1.0491915923353317,
      0.9188558972923443,
      1.352241781549039,
      0.8417377273008579,
      1.556030228602293,
      0.6679861531100875,
      1.0228453045689037,
      1.3385152313606838,
      0.0,
      0.8608041066809224
    ],
    [
      1.0491915923353317,
      0.9188558972923443,
      1.352241781549039,
      0.8417377273008579,
      1.556030228602293,
      0.6679861531100875,
      1.0228453045689037,
      1.3385152313606838,
      0.8608041066809224,
      0.0
    ]
  ]
}