{
  "servicechain": {
    "SC1": {
      "resptime": 19.938577059047727,
      "resptime_old": 9.938577059047727,
      "waittime": 6.503947072707455,
      "servicetime": 10.0,
      "networktime": 3.4346299863402736,
      "services": {
        "MS1_1": {
          "meanserv": 2.9723068839849445,
          "stddevserv": 2.9723068839849445,
          "rate": 0.33643901489045075,
          "cv": 1.0,
          "lambda": 0.075
        },
        "MS1_2": {
          "meanserv": 0.9392811377845351,
          "stddevserv": 0.9392811377845351,
          "rate": 1.0646439705567614,
          "cv": 1.0,
          "lambda": 0.075
        },
        "MS1_3": {
          "meanserv": 0.5182391422615833,
          "stddevserv": 0.5182391422615833,
          "rate": 1.9296110973710394,
          "cv": 1.0,
          "lambda": 0.075
        },
        "MS1_4": {
          "meanserv": 4.517812362312736,
          "stddevserv": 4.517812362312736,
          "rate": 0.22134606747768623,
          "cv": 1.0,
          "lambda": 0.075
        },
        "MS1_5": {
          "meanserv": 1.0523604736562007,
          "stddevserv": 1.0523604736562007,
          "rate": 0.9502447355569281,
          "cv": 1.0,
          "lambda": 0.075
        }
      },
      "sensors": [
        "S1"
      ],
      "sources": [
        {
          "startTime": 0,
          "stopTime": -1,
          "lambda": 0.075
        }
      ]
    },
    "SC2": {
      "resptime": 19.519444291552755,
      "resptime_old": 9.519444291552755,
      "waittime": 4.732223326583771,
      "servicetime": 10.0,
      "networktime": 4.787220964968984,
      "services": {
        "MS2_1": {
          "meanserv": 2.155538360518782,
          "stddevserv": 2.155538360518782,
          "rate": 0.46392122650943035,
          "cv": 1.0,
          "lambda": 0.075
        },
        "MS2_2": {
          "meanserv": 1.846327600281314,
          "stddevserv": 1.846327600281314,
          "rate": 0.5416156915206358,
          "cv": 1.0,
          "lambda": 0.075
        },
        "MS2_3": {
          "meanserv": 0.016359561245409715,
          "stddevserv": 0.016359561245409715,
          "rate": 61.12633370779349,
          "cv": 1.0,
          "lambda": 0.075
        },
        "MS2_4": {
          "meanserv": 1.892608234491063,
          "stddevserv": 1.892608234491063,
          "rate": 0.5283713669717324,
          "cv": 1.0,
          "lambda": 0.075
        },
        "MS2_5": {
          "meanserv": 4.089166243463431,
          "stddevserv": 4.089166243463431,
          "rate": 0.24454862934430924,
          "cv": 1.0,
          "lambda": 0.075
        }
      },
      "sensors": [
        "S2"
      ],
      "sources": [
        {
          "startTime": 0,
          "stopTime": -1,
          "lambda": 0.075
        }
      ]
    },
    "SC3": {
      "resptime": 18.98117865763779,
      "resptime_old": 8.981178657637791,
      "waittime": 5.203211366789528,
      "servicetime": 10.0,
      "networktime": 3.777967290848262,
      "services": {
        "MS3_1": {
          "meanserv": 4.575289306560798,
          "stddevserv": 4.575289306560798,
          "rate": 0.21856541368128055,
          "cv": 1.0,
          "lambda": 0.075
        },
        "MS3_2": {
          "meanserv": 3.2097622500022336,
          "stddevserv": 3.2097622500022336,
          "rate": 0.31154955479936375,
          "cv": 1.0,
          "lambda": 0.075
        },
        "MS3_3": {
          "meanserv": 0.3164729594816329,
          "stddevserv": 0.3164729594816329,
          "rate": 3.1598276252035897,
          "cv": 1.0,
          "lambda": 0.075
        },
        "MS3_4": {
          "meanserv": 1.0651934879461162,
          "stddevserv": 1.0651934879461162,
          "rate": 0.9387965766934785,
          "cv": 1.0,
          "lambda": 0.075
        },
        "MS3_5": {
          "meanserv": 0.8332819960092195,
          "stddevserv": 0.8332819960092195,
          "rate": 1.2000739303011845,
          "cv": 1.0,
          "lambda": 0.075
        }
      },
      "sensors": [
        "S3"
      ],
      "sources": [
        {
          "startTime": 0,
          "stopTime": -1,
          "lambda": 0.075
        }
      ]
    },
    "SC4": {
      "resptime": 18.70279035552251,
      "resptime_old": 8.70279035552251,
      "waittime": 5.00479676457866,
      "servicetime": 10.0,
      "networktime": 3.6979935909438506,
      "services": {
        "MS4_1": {
          "meanserv": 2.6182950299191687,
          "stddevserv": 2.6182950299191687,
          "rate": 0.3819279296538525,
          "cv": 1.0,
          "lambda": 0.075
        },
        "MS4_2": {
          "meanserv": 2.1239208654056143,
          "stddevserv": 2.1239208654056143,
          "rate": 0.47082733461871507,
          "cv": 1.0,
          "lambda": 0.075
        },
        "MS4_3": {
          "meanserv": 1.4746965584273939,
          "stddevserv": 1.4746965584273939,
          "rate": 0.6781056036818809,
          "cv": 1.0,
          "lambda": 0.075
        },
        "MS4_4": {
          "meanserv": 3.6590885423263044,
          "stddevserv": 3.6590885423263044,
          "rate": 0.2732921022359955,
          "cv": 1.0,
          "lambda": 0.075
        },
        "MS4_5": {
          "meanserv": 0.12399900392151864,
          "stddevserv": 0.12399900392151864,
          "rate": 8.064580910931506,
          "cv": 1.0,
          "lambda": 0.075
        }
      },
      "sensors": [
        "S4"
      ],
      "sources": [
        {
          "startTime": 0,
          "stopTime": -1,
          "lambda": 0.075
        }
      ]
    }
  },
  "microservice": {
    "MS1_1": "F5",
    "MS1_2": "F5",
    "MS1_3": "F5",
    "MS1_4": "F2",
    "MS1_5": "F6",
    "MS2_1": "F8",
    "MS2_2": "F8",
    "MS2_3": "F10",
    "MS2_4": "F10",
    "MS2_5": "F3",
    "MS3_1": "F1",
    "MS3_2": "F7",
    "MS3_3": "F10",
    "MS3_4": "F10",
    "MS3_5": "F10",
    "MS4_1": "F6",
    "MS4_2": "F9",
    "MS4_3": "F9",
    "MS4_4": "F4",
    "MS4_5": "F4"
  },
  "sensor": {
    "S1": "F5",
    "S2": "F8",
    "S3": "F1",
    "S4": "F6"
  },
  "fog": {
    "F1": {
      "rho": 0.3431466979920598,
      "capacity": 1.0,
      "tserv": 4.575289306560798,
      "stddev": 4.575289306560798,
      "mu": 0.21856541368128055,
      "cv": 1.0,
      "lambda": 0.075,
      "twait": 2.3901766392973705
    },
    "F2": {
      "rho": 0.33883592717345523,
      "capacity": 1.0,
      "tserv": 4.517812362312736,
      "stddev": 4.517812362312736,
      "mu": 0.22134606747768623,
      "cv": 1.0,
      "lambda": 0.075,
      "twait": 2.3153059936176175
    },
    "F3": {
      "rho": 0.30668746825975735,
      "capacity": 1.0,
      "tserv": 4.089166243463431,
      "stddev": 4.089166243463431,
      "mu": 0.24454862934430924,
      "cv": 1.0,
      "lambda": 0.075,
      "twait": 1.8088466385473088
    },
    "F4": {
      "rho": 0.28373156596858673,
      "capacity": 1.0,
      "tserv": 1.8915437731239115,
      "stddev": 3.1347036331866085,
      "mu": 0.5286687065922274,
      "cv": 1.6572197153067205,
      "lambda": 0.15,
      "twait": 1.403555993468082
    },
    "F5": {
      "rho": 0.33223703730232973,
      "capacity": 1.0,
      "tserv": 1.4766090546770212,
      "stddev": 2.115792621599586,
      "mu": 0.677227324885076,
      "cv": 1.4328725771374695,
      "lambda": 0.22499999999999998,
      "twait": 1.1215165000258136
    },
    "F6": {
      "rho": 0.2752991627681527,
      "capacity": 1.0,
      "tserv": 1.8353277517876847,
      "stddev": 2.1434792916497436,
      "mu": 0.5448618095737717,
      "cv": 1.1679000056321855,
      "lambda": 0.15,
      "twait": 0.8240915790123972
    },
    "F7": {
      "rho": 0.2407321687501675,
      "capacity": 1.0,
      "tserv": 3.2097622500022336,
      "stddev": 3.2097622500022336,
      "mu": 0.31154955479936375,
      "cv": 1.0,
      "lambda": 0.075,
      "twait": 1.0176817663189066
    },
    "F8": {
      "rho": 0.3001399470600072,
      "capacity": 1.0,
      "tserv": 2.000932980400048,
      "stddev": 2.0128433717445415,
      "mu": 0.49976686365580786,
      "cv": 1.005952418927151,
      "lambda": 0.15,
      "twait": 0.8632373569604808
    },
    "F9": {
      "rho": 0.2698963067874756,
      "capacity": 1.0,
      "tserv": 1.799308711916504,
      "stddev": 1.8569485564129944,
      "mu": 0.5557689980475148,
      "cv": 1.032034438623429,
      "lambda": 0.15,
      "twait": 0.6867965993150495
    },
    "F10": {
      "rho": 0.3092937179380081,
      "capacity": 1.0,
      "tserv": 0.8247832478346883,
      "stddev": 1.2346199796625137,
      "mu": 1.2124397562939233,
      "cv": 1.4969023472576266,
      "lambda": 0.375,
      "twait": 0.5984509870577503
    }
  },
  "extra": {
    "deltatime": 0.0136879,
    "obj_func": 19.285497590940196
  },
  "network": [
    [
      0.0,
      1.2355631163346201,
      2.096882519157637,
      1.8753464474333732,
      2.0689167951723375,
      2.3993682264071032,
      1.5874659174126808,
      1.9885202843041234,
      2.2092183564160703,
      2.2092183564160703
    ],
    [
      1.2355631163346201,
      0.0,
      2.544461887659572,
      1.993449858814392,
      2.183224276503239,
      1.2514057098370346,
      1.9235636960604519,
      2.2092183564160703,
      1.982527173385223,
      1.982527173385223
    ],
    [
      2.096882519157637,
      2.544461887659572,
      0.0,
      1.5885382886386321,
      1.7564575217101865,
      2.4695734619766476,
      1.9885202843041234,
      1.982527173385223,
      2.3955252751608844,
      2.3955252751608844
    ],
    [
      1.8753464474333732,
      1.993449858814392,
      1.5885382886386321,
      0.0,
      2.0103038350982665,
      1.5874659174126808,
      2.2092183564160703,
      2.3955252751608844,
      2.260432453422287,
      2.260432453422287
    ],
    [
      2.0689167951723375,
      2.183224276503239,
      1.7564575217101865,
      2.0103038350982665,
      0.0,
      1.9235636960604519,
      1.982527173385223,
      2.260432453422287,
      2.57273077140733,
      2.57273077140733
    ],
    [
      2.3993682264071032,
      1.2514057098370346,
      2.4695734619766476,
      1.5874659174126808,
      1.9235636960604519,
      0.0,
      2.3955252751608844,
      2.57273077140733,
      1.4375611375215633,
      1.4375611375215633
    ],
    [
      1.5874659174126808,
      1.9235636960604519,
      1.9885202843041234,
      2.2092183564160703,
      1.982527173385223,
      2.3955252751608844,
      0.0,
      1.4375611375215633,
      2.1905013734355814,
      2.1905013734355814
    ],
    [
      1.9885202843041234,
      2.2092183564160703,
      1.982527173385223,
      2.3955252751608844,
      2.260432453422287,
      2.57273077140733,
      1.4375611375215633,
      0.0,
      2.3916956898081003,
      2.3916956898081003
    ],
    [
      2.2092183564160703,
      1.982527173385223,
      2.3955252751608844,
      2.260432453422287,
      2.57273077140733,
      1.4375611375215633,
      2.1905013734355814,
      2.3916956898081003,
      0.0,
      1.4261630521057582
    ],
    [
      2.2092183564160703,
      1.982527173385223,
      2.3955252751608844,
      2.260432453422287,
      2.57273077140733,
      1.4375611375215633,
      2.1905013734355814,
      2.3916956898081003,
      1.4261630521057582,
      0.0
    ]
  ]
}