{
  "servicechain": {
    "SC1": {
      "resptime": 56.20937291243074,
      "resptime_old": 46.20937291243075,
      "waittime": 40.19199630628128,
      "servicetime": 10.0,
      "networktime": 6.0173766061494565,
      "services": {
        "MS1_1": {
          "meanserv": 2.423859791373102,
          "stddevserv": 2.423859791373102,
          "rate": 0.4125651176520842,
          "cv": 1.0,
          "lambda": 0.375
        },
        "MS1_2": {
          "meanserv": 1.0401705917930602,
          "stddevserv": 1.0401705917930602,
          "rate": 0.9613807657032357,
          "cv": 1.0,
          "lambda": 0.375
        },
        "MS1_3": {
          "meanserv": 0.2575589173810755,
          "stddevserv": 0.2575589173810755,
          "rate": 3.8826067843748295,
          "cv": 1.0,
          "lambda": 0.375
        },
        "MS1_4": {
          "meanserv": 0.7550011870975464,
          "stddevserv": 0.7550011870975464,
          "rate": 1.3245012287256175,
          "cv": 1.0,
          "lambda": 0.375
        },
        "MS1_5": {
          "meanserv": 0.28796247379941153,
          "stddevserv": 0.28796247379941153,
          "rate": 3.4726747093323644,
          "cv": 1.0,
          "lambda": 0.375
        },
        "MS1_6": {
          "meanserv": 0.3618701335119816,
          "stddevserv": 0.3618701335119816,
          "rate": 2.7634223092547363,
          "cv": 1.0,
          "lambda": 0.375
        },
        "MS1_7": {
          "meanserv": 1.3481592761205663,
          "stddevserv": 1.3481592761205663,
          "rate": 0.7417521191394968,
          "cv": 1.0,
          "lambda": 0.375
        },
        "MS1_8": {
          "meanserv": 2.1979577172696283,
          "stddevserv": 2.1979577172696283,
          "rate": 0.45496780586035623,
          "cv": 1.0,
          "lambda": 0.375
        },
        "MS1_9": {
          "meanserv": 0.3543852880994649,
          "stddevserv": 0.3543852880994649,
          "rate": 2.821787567319474,
          "cv": 1.0,
          "lambda": 0.375
        },
        "MS1_10": {
          "meanserv": 0.9730746235541634,
          "stddevserv": 0.9730746235541634,
          "rate": 1.0276704127248653,
          "cv": 1.0,
          "lambda": 0.375
        }
      },
      "sensors": [
        "S1"
      ],
      "sources": [
        {
          "startTime": 0,
          "stopTime": -1,
          "lambda": 0.375
        }
      ]
    },
    "SC2": {
      "resptime": 3469.2876698766745,
      "resptime_old": 3459.2876698766736,
      "waittime": 3453.5814953119084,
      "servicetime": 10.0,
      "networktime": 5.706174564765889,
      "services": {
        "MS2_1": {
          "meanserv": 1.7814515447375534,
          "stddevserv": 1.7814515447375534,
          "rate": 0.5613399943175674,
          "cv": 1.0,
          "lambda": 0.375
        },
        "MS2_2": {
          "meanserv": 0.39704055730366283,
          "stddevserv": 0.39704055730366283,
          "rate": 2.5186343853411035,
          "cv": 1.0,
          "lambda": 0.375
        },
        "MS2_3": {
          "meanserv": 1.1112268249299562,
          "stddevserv": 1.1112268249299562,
          "rate": 0.8999062815668015,
          "cv": 1.0,
          "lambda": 0.375
        },
        "MS2_4": {
          "meanserv": 0.198170694631703,
          "stddevserv": 0.198170694631703,
          "rate": 5.046154790235174,
          "cv": 1.0,
          "lambda": 0.375
        },
        "MS2_5": {
          "meanserv": 3.0322414429105025,
          "stddevserv": 3.0322414429105025,
          "rate": 0.32978904181197,
          "cv": 1.0,
          "lambda": 0.375
        },
        "MS2_6": {
          "meanserv": 0.8024189848032064,
          "stddevserv": 0.8024189848032064,
          "rate": 1.246231730478374,
          "cv": 1.0,
          "lambda": 0.375
        },
        "MS2_7": {
          "meanserv": 0.1091755743662901,
          "stddevserv": 0.1091755743662901,
          "rate": 9.159557948785729,
          "cv": 1.0,
          "lambda": 0.375
        },
        "MS2_8": {
          "meanserv": 0.7808156715128014,
          "stddevserv": 0.7808156715128014,
          "rate": 1.2807119996228267,
          "cv": 1.0,
          "lambda": 0.375
        },
        "MS2_9": {
          "meanserv": 1.0914789539831489,
          "stddevserv": 1.0914789539831489,
          "rate": 0.9161880733940737,
          "cv": 1.0,
          "lambda": 0.375
        },
        "MS2_10": {
          "meanserv": 0.6959797508211754,
          "stddevserv": 0.6959797508211754,
          "rate": 1.4368234116296,
          "cv": 1.0,
          "lambda": 0.375
        }
      },
      "sensors": [
        "S2"
      ],
      "sources": [
        {
          "startTime": 0,
          "stopTime": -1,
          "lambda": 0.375
        }
      ]
    },
    "SC3": {
      "resptime": 2697.810371753127,
      "resptime_old": 2687.8103717531276,
      "waittime": 2680.613162303404,
      "servicetime": 10.0,
      "networktime": 7.197209449723342,
      "services": {
        "MS3_1": {
          "meanserv": 2.66924371844235,
          "stddevserv": 2.66924371844235,
          "rate": 0.374637951975234,
          "cv": 1.0,
          "lambda": 0.375
        },
        "MS3_2": {
          "meanserv": 0.32547247603690366,
          "stddevserv": 0.32547247603690366,
          "rate": 3.07245642450766,
          "cv": 1.0,
          "lambda": 0.375
        },
        "MS3_3": {
          "meanserv": 1.4971521130010466,
          "stddevserv": 1.4971521130010466,
          "rate": 0.6679348018923051,
          "cv": 1.0,
          "lambda": 0.375
        },
        "MS3_4": {
          "meanserv": 0.197257084326381,
          "stddevserv": 0.197257084326381,
          "rate": 5.069526417339733,
          "cv": 1.0,
          "lambda": 0.375
        },
        "MS3_5": {
          "meanserv": 1.8652397378094285,
          "stddevserv": 1.8652397378094285,
          "rate": 0.5361241130185325,
          "cv": 1.0,
          "lambda": 0.375
        },
        "MS3_6": {
          "meanserv": 1.6568050607056604,
          "stddevserv": 1.6568050607056604,
          "rate": 0.6035713094539219,
          "cv": 1.0,
          "lambda": 0.375
        },
        "MS3_7": {
          "meanserv": 0.4883572970915644,
          "stddevserv": 0.4883572970915644,
          "rate": 2.047681085048895,
          "cv": 1.0,
          "lambda": 0.375
        },
        "MS3_8": {
          "meanserv": 0.4213024486344956,
          "stddevserv": 0.4213024486344956,
          "rate": 2.3735917112306133,
          "cv": 1.0,
          "lambda": 0.375
        },
        "MS3_9": {
          "meanserv": 0.3295195736347587,
          "stddevserv": 0.3295195736347587,
          "rate": 3.034721090979577,
          "cv": 1.0,
          "lambda": 0.375
        },
        "MS3_10": {
          "meanserv": 0.5496504903174113,
          "stddevserv": 0.5496504903174113,
          "rate": 1.8193379567850865,
          "cv": 1.0,
          "lambda": 0.375
        }
      },
      "sensors": [
        "S3"
      ],
      "sources": [
        {
          "startTime": 0,
          "stopTime": -1,
          "lambda": 0.375
        }
      ]
    },
    "SC4": {
      "resptime": 36.30058376773347,
      "resptime_old": 26.300583767733468,
      "waittime": 19.765092765017524,
      "servicetime": 10.0,
      "networktime": 6.535491002715949,
      "services": {
        "MS4_1": {
          "meanserv": 1.524449193282199,
          "stddevserv": 1.524449193282199,
          "rate": 0.6559746329406759,
          "cv": 1.0,
          "lambda": 0.375
        },
        "MS4_2": {
          "meanserv": 1.4007747790973004,
          "stddevserv": 1.4007747790973004,
          "rate": 0.7138906374688077,
          "cv": 1.0,
          "lambda": 0.375
        },
        "MS4_3": {
          "meanserv": 0.1475212178979879,
          "stddevserv": 0.1475212178979879,
          "rate": 6.7786859019257015,
          "cv": 1.0,
          "lambda": 0.375
        },
        "MS4_4": {
          "meanserv": 1.9472924397930056,
          "stddevserv": 1.9472924397930056,
          "rate": 0.5135335502593019,
          "cv": 1.0,
          "lambda": 0.375
        },
        "MS4_5": {
          "meanserv": 0.46699772056661537,
          "stddevserv": 0.46699772056661537,
          "rate": 2.141338075026758,
          "cv": 1.0,
          "lambda": 0.375
        },
        "MS4_6": {
          "meanserv": 2.1145149855373253,
          "stddevserv": 2.1145149855373253,
          "rate": 0.4729216897679669,
          "cv": 1.0,
          "lambda": 0.375
        },
        "MS4_7": {
          "meanserv": 1.2683028659002318,
          "stddevserv": 1.2683028659002318,
          "rate": 0.7884552080470209,
          "cv": 1.0,
          "lambda": 0.375
        },
        "MS4_8": {
          "meanserv": 0.017895202897710405,
          "stddevserv": 0.017895202897710405,
          "rate": 55.8808975632204,
          "cv": 1.0,
          "lambda": 0.375
        },
        "MS4_9": {
          "meanserv": 0.6719524722702932,
          "stddevserv": 0.6719524722702932,
          "rate": 1.4882004922481327,
          "cv": 1.0,
          "lambda": 0.375
        },
        "MS4_10": {
          "meanserv": 0.44029912275733096,
          "stddevserv": 0.44029912275733096,
          "rate": 2.2711832668155143,
          "cv": 1.0,
          "lambda": 0.375
        }
      },
      "sensors": [
        "S4"
      ],
      "sources": [
        {
          "startTime": 0,
          "stopTime": -1,
          "lambda": 0.375
        }
      ]
    }
  },
  "microservice": {
    "MS1_1": "F7",
    "MS1_2": "F25",
    "MS1_3": "F2",
    "MS1_4": "F2",
    "MS1_5": "F2",
    "MS1_6": "F8",
    "MS1_7": "F3",
    "MS1_8": "F24",
    "MS1_9": "F1",
    "MS1_10": "F1",
    "MS2_1": "F15",
    "MS2_2": "F21",
    "MS2_3": "F22",
    "MS2_4": "F22",
    "MS2_5": "F4",
    "MS2_6": "F9",
    "MS2_7": "F21",
    "MS2_8": "F21",
    "MS2_9": "F13",
    "MS2_10": "F8",
    "MS3_1": "F20",
    "MS3_2": "F14",
    "MS3_3": "F10",
    "MS3_4": "F8",
    "MS3_5": "F11",
    "MS3_6": "F17",
    "MS3_7": "F18",
    "MS3_8": "F18",
    "MS3_9": "F18",
    "MS3_10": "F9",
    "MS4_1": "F5",
    "MS4_2": "F12",
    "MS4_3": "F14",
    "MS4_4": "F19",
    "MS4_5": "F14",
    "MS4_6": "F23",
    "MS4_7": "F6",
    "MS4_8": "F16",
    "MS4_9": "F16",
    "MS4_10": "F16"
  },
  "sensor": {
    "S1": "F7",
    "S2": "F15",
    "S3": "F20",
    "S4": "F5"
  },
  "fog": {
    "F1": {
      "rho": 0.4977974668701106,
      "capacity": 1.0,
      "tserv": 0.6637299558268142,
      "stddev": 0.7949375454490453,
      "mu": 1.506636835087986,
      "cv": 1.1976821875679615,
      "lambda": 0.75,
      "twait": 0.8008197027172075
    },
    "F2": {
      "rho": 0.48769596685426253,
      "capacity": 1.0,
      "tserv": 0.4335075260926778,
      "stddev": 0.5399954394803732,
      "mu": 2.306765026695786,
      "cv": 1.2456425943685459,
      "lambda": 1.125,
      "twait": 0.52650798760641
    },
    "F3": {
      "rho": 0.5055597285452124,
      "capacity": 1.0,
      "tserv": 1.3481592761205663,
      "stddev": 1.3481592761205663,
      "mu": 0.7417521191394968,
      "cv": 1.0,
      "lambda": 0.375,
      "twait": 1.378478002339556
    },
    "F4": {
      "rho": 1.1370905410914385,
      "capacity": 1.0,
      "tserv": 3.0322414429105025,
      "stddev": 3.0322414429105025,
      "mu": 0.32978904181197,
      "cv": 1.0,
      "lambda": 0.375,
      "twait": 3444.4851299759457
    },
    "F5": {
      "rho": 0.5716684474808246,
      "capacity": 1.0,
      "tserv": 1.524449193282199,
      "stddev": 1.524449193282199,
      "mu": 0.6559746329406759,
      "cv": 1.0,
      "lambda": 0.375,
      "twait": 2.0345909575457113
    },
    "F6": {
      "rho": 0.4756135747125869,
      "capacity": 1.0,
      "tserv": 1.2683028659002318,
      "stddev": 1.2683028659002318,
      "mu": 0.7884552080470209,
      "cv": 1.0,
      "lambda": 0.375,
      "twait": 1.1503388165290618
    },
    "F7": {
      "rho": 0.9089474217649132,
      "capacity": 1.0,
      "tserv": 2.423859791373102,
      "stddev": 2.4238597913731024,
      "mu": 0.4125651176520842,
      "cv": 1.0000000000000002,
      "lambda": 0.375,
      "twait": 24.19658125879669
    },
    "F8": {
      "rho": 0.4706651132473267,
      "capacity": 1.0,
      "tserv": 0.4183689895531793,
      "stddev": 0.5110115766910487,
      "mu": 2.3902345177829893,
      "cv": 1.2214375095936538,
      "lambda": 1.125,
      "twait": 0.4634930887596973
    },
    "F9": {
      "rho": 0.5070260531702316,
      "capacity": 1.0,
      "tserv": 0.6760347375603089,
      "stddev": 0.6992631280787966,
      "mu": 1.4792139285753645,
      "cv": 1.034359758793335,
      "lambda": 0.75,
      "twait": 0.7196058950698299
    },
    "F10": {
      "rho": 0.5614320423753925,
      "capacity": 1.0,
      "tserv": 1.4971521130010466,
      "stddev": 1.4971521130010466,
      "mu": 0.6679348018923051,
      "cv": 1.0,
      "lambda": 0.375,
      "twait": 1.91657679029137
    },
    "F11": {
      "rho": 0.6994649016785357,
      "capacity": 1.0,
      "tserv": 1.8652397378094285,
      "stddev": 1.8652397378094283,
      "mu": 0.5361241130185325,
      "cv": 0.9999999999999999,
      "lambda": 0.375,
      "twait": 4.3411559485083595
    },
    "F12": {
      "rho": 0.5252905421614876,
      "capacity": 1.0,
      "tserv": 1.4007747790973004,
      "stddev": 1.4007747790973004,
      "mu": 0.7138906374688077,
      "cv": 1.0,
      "lambda": 0.375,
      "twait": 1.5500296676382412
    },
    "F13": {
      "rho": 0.4093046077436808,
      "capacity": 1.0,
      "tserv": 1.0914789539831489,
      "stddev": 1.0914789539831489,
      "mu": 0.9161880733940737,
      "cv": 1.0,
      "lambda": 0.375,
      "twait": 0.7563075164918498
    },
    "F14": {
      "rho": 0.3524967804380651,
      "capacity": 1.0,
      "tserv": 0.3133304715005023,
      "stddev": 0.36379274030325054,
      "mu": 3.191518511465288,
      "cv": 1.1610512650145084,
      "lambda": 1.125,
      "twait": 0.2002586838309758
    },
    "F15": {
      "rho": 0.6680443292765825,
      "capacity": 1.0,
      "tserv": 1.7814515447375534,
      "stddev": 1.7814515447375534,
      "mu": 0.5613399943175674,
      "cv": 1.0,
      "lambda": 0.375,
      "twait": 3.5850829110688758
    },
    "F16": {
      "rho": 0.42380504922200046,
      "capacity": 1.0,
      "tserv": 0.37671559930844484,
      "stddev": 0.537172670336273,
      "mu": 2.6545224085112182,
      "cv": 1.425936890647446,
      "lambda": 1.125,
      "twait": 0.4202377684232124
    },
    "F17": {
      "rho": 0.6213018977646226,
      "capacity": 1.0,
      "tserv": 1.6568050607056604,
      "stddev": 1.6568050607056606,
      "mu": 0.6035713094539219,
      "cv": 1.0000000000000002,
      "lambda": 0.375,
      "twait": 2.7181972192790544
    },
    "F18": {
      "rho": 0.464692244760307,
      "capacity": 1.0,
      "tserv": 0.4130597731202729,
      "stddev": 0.42319750156885105,
      "mu": 2.4209571230961395,
      "cv": 1.0245430058995997,
      "lambda": 1.125,
      "twait": 0.36747909061784545
    },
    "F19": {
      "rho": 0.730234664922377,
      "capacity": 1.0,
      "tserv": 1.9472924397930056,
      "stddev": 1.9472924397930054,
      "mu": 0.5135335502593019,
      "cv": 0.9999999999999999,
      "lambda": 0.375,
      "twait": 5.271175564009952
    },
    "F20": {
      "rho": 1.0009663944158813,
      "capacity": 1.0,
      "tserv": 2.6692437184423503,
      "stddev": 2.6692437184423494,
      "mu": 0.3746379519752339,
      "cv": 0.9999999999999997,
      "lambda": 0.375,
      "twait": 2669.1514374058106
    },
    "F21": {
      "rho": 0.4826369261935329,
      "capacity": 1.0,
      "tserv": 0.4290106010609181,
      "stddev": 0.5791709473193697,
      "mu": 2.3309447307993287,
      "cv": 1.3500154678861405,
      "lambda": 1.125,
      "twait": 0.5648114901173531
    },
    "F22": {
      "rho": 0.4910240698356222,
      "capacity": 1.0,
      "tserv": 0.6546987597808296,
      "stddev": 0.9194923678835875,
      "mu": 1.5274200310609498,
      "cv": 1.4044510611130554,
      "lambda": 0.75,
      "twait": 0.9387207271102511
    },
    "F23": {
      "rho": 0.792943119576497,
      "capacity": 1.0,
      "tserv": 2.1145149855373253,
      "stddev": 2.1145149855373253,
      "mu": 0.4729216897679669,
      "cv": 1.0,
      "lambda": 0.375,
      "twait": 8.097727086362966
    },
    "F24": {
      "rho": 0.8242341439761106,
      "capacity": 1.0,
      "tserv": 2.1979577172696283,
      "stddev": 2.1979577172696283,
      "mu": 0.45496780586035623,
      "cv": 1.0,
      "lambda": 0.375,
      "twait": 10.307074642205755
    },
    "F25": {
      "rho": 0.39006397192239756,
      "capacity": 1.0,
      "tserv": 1.0401705917930602,
      "stddev": 1.0401705917930602,
      "mu": 0.9613807657032357,
      "cv": 1.0,
      "lambda": 0.375,
      "twait": 0.6652059459259393
    }
  },
  "extra": {
    "conv_gen": 14,
    "max_gen": 600,
    "population": 600,
    "deltatime": 82.5390375,
    "obj_func": 1564.9019995774916
  },
  "network": [
    [
      0.0,
      0.9922480479382298,
      1.107285096441122,
      1.3566768503465274,
      0.8743251732821037,
      0.941056572815453,
      0.7476241460633363,
      1.156853544162256,
      1.3262252322733752,
      0.9784441062503947,
      1.05030195778631,
      0.7499009962591866,
      1.199958727505727,
      0.9385753565293602,
      1.1192299189260164,
      1.047046290053902,
      0.6410094894994315,
      1.199220585226415,
      0.9306438143257485,
      1.216219697365529,
      0.7191618834240056,
      0.939093537071065,
      1.0779933063707408,
      1.1020178758684598,
      1.1020178758684598
    ],
    [
      0.9922480479382298,
      0.0,
      1.1503693729472482,
      0.9503137302275935,
      0.9845724076045183,
      1.1133963340896071,
      0.8127445677890098,
      0.7828032271053497,
      1.4223151348729193,
      1.0940808760874838,
      1.2133733862079756,
      0.7398100306692791,
      1.1733093802611312,
      0.9934083968738929,
      0.8957820606268623,
      0.5411632455598687,
      1.191771147374345,
      0.7404565671491703,
      0.8826917788207203,
      0.7527990248907478,
      1.0276053406959906,
      0.9028481574225471,
      1.1020178758684598,
      1.0900843910833182,
      1.0900843910833182
    ],
    [
      1.107285096441122,
      1.1503693729472482,
      0.0,
      0.9295408235092586,
      0.9983049791284768,
      1.008998627388956,
      0.9641954023575929,
      1.3131694618485497,
      1.1668679920465104,
      1.0188431487358112,
      0.9685535629949241,
      0.8223804280001362,
      1.177399726791329,
      1.2666797114608077,
      0.9984623906491576,
      1.083623597190577,
      0.9544366419734476,
      1.0882418088761279,
      1.008217932709909,
      1.2296962794895243,
      1.318174521962303,
      1.0779933063707408,
      1.0900843910833182,
      0.7492688332564336,
      0.7492688332564336
    ],
    [
      1.3566768503465274,
      0.9503137302275935,
      0.9295408235092586,
      0.0,
      1.2220775661873404,
      1.2720970586471403,
      1.0941821415276196,
      1.0425980523811182,
      0.9434673475572134,
      0.7093282036621692,
      1.2315439667407115,
      1.0690898704753353,
      0.8314287660910231,
      0.9918443622245255,
      1.2801149790128588,
      1.395112750536895,
      0.7690625779465242,
      1.292509809452398,
      1.00469586029363,
      1.096146832339558,
      0.939093537071065,
      1.1020178758684598,
      0.7492688332564336,
      0.9058854926013336,
      0.9058854926013336
    ],
    [
      0.8743251732821037,
      0.9845724076045183,
      0.9983049791284768,
      1.2220775661873404,
      0.0,
      0.8231311842859851,
      0.827773695527076,
      1.0277431505259422,
      0.8962149025902316,
      1.0783944879153808,
      0.9131095441185163,
      1.043018415539762,
      1.1179632260474202,
      0.8475548023461773,
      0.9804400619570105,
      0.7285291246159098,
      0.9662758787123116,
      0.9065546218758698,
      1.2103524313043292,
      0.7191618834240056,
      0.9028481574225471,
      1.0900843910833182,
      0.9058854926013336,
      0.9315816602202234,
      0.9315816602202234
    ],
    [
      0.941056572815453,
      1.1133963340896071,
      1.008998627388956,
      1.2720970586471403,
      0.8231311842859851,
      0.0,
      0.8212479969384676,
      1.1298276285604858,
      0.9892297791964403,
      1.148869191647832,
      1.0124939421303867,
      0.9568409850564527,
      1.3015741736683595,
      1.2405543243341308,
      1.0733431886498828,
      0.8135004049018023,
      0.901426600336128,
      1.253702583399256,
      1.216219697365529,
      1.0276053406959906,
      1.0779933063707408,
      0.7492688332564336,
      0.9315816602202234,
      0.9151967347440082,
      0.9151967347440082
    ],
    [
      0.7476241460633363,
      0.8127445677890098,
      0.9641954023575929,
      1.0941821415276196,
      0.827773695527076,
      0.8212479969384676,
      0.0,
      1.0837487272494664,
      1.0966283085786284,
      1.0124846667503777,
      1.0032865446542332,
      0.832292341057525,
      0.7696016138601814,
      1.06969570429353,
      1.1421796419538912,
      1.1923188150671014,
      1.2925839815325677,
      0.9306438143257485,
      0.7527990248907478,
      1.318174521962303,
      1.1020178758684598,
      0.9058854926013336,
      0.9151967347440082,
      0.9800328169873463,
      0.9800328169873463
    ],
    [
      1.156853544162256,
      0.7828032271053497,
      1.3131694618485497,
      1.0425980523811182,
      1.0277431505259422,
      1.1298276285604858,
      1.0837487272494664,
      0.0,
      0.9808694009750174,
      1.4002583464021412,
      0.45427716350988206,
      1.1145104690450245,
      0.6177055709110613,
      1.2150261947115892,
      1.162853092550191,
      0.6641320737141241,
      1.199220585226415,
      0.8826917788207203,
      1.2296962794895243,
      0.939093537071065,
      1.0900843910833182,
      0.9315816602202234,
      0.9800328169873463,
      0.9613736138469294,
      0.9613736138469294
    ],
    [
      1.3262252322733752,
      1.4223151348729193,
      1.1668679920465104,
      0.9434673475572134,
      0.8962149025902316,
      0.9892297791964403,
      1.0966283085786284,
      0.9808694009750174,
      0.0,
      1.128520192030827,
      0.5851303686803523,
      1.3441491900148461,
      1.1863235102017886,
      1.1214780659999457,
      1.081429131712949,
      0.6410094894994315,
      0.7404565671491703,
      1.008217932709909,
      1.096146832339558,
      0.9028481574225471,
      0.7492688332564336,
      0.9151967347440082,
      0.9613736138469294,
      0.5075127443467892,
      0.5075127443467892
    ],
    [
      0.9784441062503947,
      1.0940808760874838,
      1.0188431487358112,
      0.7093282036621692,
      1.0783944879153808,
      1.148869191647832,
      1.0124846667503777,
      1.4002583464021412,
      1.128520192030827,
      0.0,
      1.07962739845871,
      0.5346017982801924,
      1.266545452859081,
      1.1084553643516877,
      1.047046290053902,
      1.191771147374345,
      1.0882418088761279,
      1.00469586029363,
      0.7191618834240056,
      1.0779933063707408,
      0.9058854926013336,
      0.9800328169873463,
      0.5075127443467892,
      0.9684120967647231,
      0.9684120967647231
    ],
    [
      1.05030195778631,
      1.2133733862079756,
      0.9685535629949241,
      1.2315439667407115,
      0.9131095441185163,
      1.0124939421303867,
      1.0032865446542332,
      0.45427716350988206,
      0.5851303686803523,
      1.07962739845871,
      0.0,
      0.8898567841087247,
      0.9540116511969691,
      1.1192299189260164,
      0.5411632455598687,
      0.9544366419734476,
      1.292509809452398,
      1.2103524313043292,
      1.0276053406959906,
      1.1020178758684598,
      0.9315816602202234,
      0.9613736138469294,
      0.9684120967647231,
      0.9373660603369702,
      0.9373660603369702
    ],
    [
      0.7499009962591866,
      0.7398100306692791,
      0.8223804280001362,
      1.0690898704753353,
      1.043018415539762,
      0.9568409850564527,
      0.832292341057525,
      1.1145104690450245,
      1.3441491900148461,
      0.5346017982801924,
      0.8898567841087247,
      0.0,
      0.9385753565293602,
      0.8957820606268623,
      1.083623597190577,
      0.7690625779465242,
      0.9065546218758698,
      1.216219697365529,
      1.318174521962303,
      1.0900843910833182,
      0.9151967347440082,
      0.5075127443467892,
      0.9373660603369702,
      1.0653463513310901,
      1.0653463513310901
    ],
    [
      1.199958727505727,
      1.1733093802611312,
      1.177399726791329,
      0.8314287660910231,
      1.1179632260474202,
      1.3015741736683595,
      0.7696016138601814,
      0.6177055709110613,
      1.1863235102017886,
      1.266545452859081,
      0.9540116511969691,
      0.9385753565293602,
      0.0,
      0.9984623906491576,
      1.395112750536895,
      0.9662758787123116,
      1.253702583399256,
      0.7527990248907478,
      0.939093537071065,
      0.7492688332564336,
      0.9800328169873463,
      0.9684120967647231,
      1.0653463513310901,
      1.0459121465822048,
      1.0459121465822048
    ],
    [
      0.9385753565293602,
      0.9934083968738929,
      1.2666797114608077,
      0.9918443622245255,
      0.8475548023461773,
      1.2405543243341308,
      1.06969570429353,
      1.2150261947115892,
      1.1214780659999457,
      1.1084553643516877,
      1.1192299189260164,
      0.8957820606268623,
      0.9984623906491576,
      0.0,
      0.7285291246159098,
      0.901426600336128,
      0.9306438143257485,
      1.2296962794895243,
      0.9028481574225471,
      0.9058854926013336,
      0.9613736138469294,
      0.9373660603369702,
      1.0459121465822048,
      1.1052286037050245,
      1.1052286037050245
    ],
    [
      1.1192299189260164,
      0.8957820606268623,
      0.9984623906491576,
      1.2801149790128588,
      0.9804400619570105,
      1.0733431886498828,
      1.1421796419538912,
      1.162853092550191,
      1.081429131712949,
      1.047046290053902,
      0.5411632455598687,
      1.083623597190577,
      1.395112750536895,
      0.7285291246159098,
      0.0,
      1.2925839815325677,
      0.8826917788207203,
      1.096146832339558,
      1.0779933063707408,
      0.9315816602202234,
      0.5075127443467892,
      1.0653463513310901,
      1.1052286037050245,
      1.2968682225788313,
      1.2968682225788313
    ],
    [
      1.047046290053902,
      0.5411632455598687,
      1.083623597190577,
      1.395112750536895,
      0.7285291246159098,
      0.8135004049018023,
      1.1923188150671014,
      0.6641320737141241,
      0.6410094894994315,
      1.191771147374345,
      0.9544366419734476,
      0.7690625779465242,
      0.9662758787123116,
      0.901426600336128,
      1.2925839815325677,
      0.0,
      1.008217932709909,
      0.7191618834240056,
      1.1020178758684598,
      0.9151967347440082,
      0.9684120967647231,
      1.0459121465822048,
      1.2968682225788313,
      1.1517512515655102,
      1.1517512515655102
    ],
    [
      0.6410094894994315,
      1.191771147374345,
      0.9544366419734476,
      0.7690625779465242,
      0.9662758787123116,
      0.901426600336128,
      1.2925839815325677,
      1.199220585226415,
      0.7404565671491703,
      1.0882418088761279,
      1.292509809452398,
      0.9065546218758698,
      1.253702583399256,
      0.9306438143257485,
      0.8826917788207203,
      1.008217932709909,
      0.0,
      1.0276053406959906,
      1.0900843910833182,
      0.9800328169873463,
      0.9373660603369702,
      1.1052286037050245,
      1.1517512515655102,
      0.9216751198833255,
      0.9216751198833255
    ],
    [
      1.199220585226415,
      0.7404565671491703,
      1.0882418088761279,
      1.292509809452398,
      0.9065546218758698,
      1.253702583399256,
      0.9306438143257485,
      0.8826917788207203,
      1.008217932709909,
      1.00469586029363,
      1.2103524313043292,
      1.216219697365529,
      0.7527990248907478,
      1.2296962794895243,
      1.096146832339558,
      0.7191618834240056,
      1.0276053406959906,
      0.0,
      0.7492688332564336,
      0.9613736138469294,
      1.0653463513310901,
      1.2968682225788313,
      0.9216751198833255,
      0.8061693758385851,
      0.8061693758385851
    ],
    [
      0.9306438143257485,
      0.8826917788207203,
      1.008217932709909,
      1.00469586029363,
      1.2103524313043292,
      1.216219697365529,
      0.7527990248907478,
      1.2296962794895243,
      1.096146832339558,
      0.7191618834240056,
      1.0276053406959906,
      1.318174521962303,
      0.939093537071065,
      0.9028481574225471,
      1.0779933063707408,
      1.1020178758684598,
      1.0900843910833182,
      0.7492688332564336,
      0.0,
      0.5075127443467892,
      1.0459121465822048,
      1.1517512515655102,
      0.8061693758385851,
      0.8922691019617713,
      0.8922691019617713
    ],
    [
      1.216219697365529,
      0.7527990248907478,
      1.2296962794895243,
      1.096146832339558,
      0.7191618834240056,
      1.0276053406959906,
      1.318174521962303,
      0.939093537071065,
      0.9028481574225471,
      1.0779933063707408,
      1.1020178758684598,
      1.0900843910833182,
      0.7492688332564336,
      0.9058854926013336,
      0.9315816602202234,
      0.9151967347440082,
      0.9800328169873463,
      0.9613736138469294,
      0.5075127443467892,
      0.0,
      1.1052286037050245,
      0.9216751198833255,
      0.8922691019617713,
      0.8003275410792726,
      0.8003275410792726
    ],
    [
      0.7191618834240056,
      1.0276053406959906,
      1.318174521962303,
      0.939093537071065,
      0.9028481574225471,
      1.0779933063707408,
      1.1020178758684598,
      1.0900843910833182,
      0.7492688332564336,
      0.9058854926013336,
      0.9315816602202234,
      0.9151967347440082,
      0.9800328169873463,
      0.9613736138469294,
      0.5075127443467892,
      0.9684120967647231,
      0.9373660603369702,
      1.0653463513310901,
      1.0459121465822048,
      1.1052286037050245,
      0.0,
      0.8061693758385851,
      0.8003275410792726,
      0.9617871570714609,
      0.9617871570714609
    ],
    [
      0.939093537071065,
      0.9028481574225471,
      1.0779933063707408,
      1.1020178758684598,
      1.0900843910833182,
      0.7492688332564336,
      0.9058854926013336,
      0.9315816602202234,
      0.9151967347440082,
      0.9800328169873463,
      0.9613736138469294,
      0.5075127443467892,
      0.9684120967647231,
      0.9373660603369702,
      1.0653463513310901,
      1.0459121465822048,
      1.1052286037050245,
      1.2968682225788313,
      1.1517512515655102,
      0.9216751198833255,
      0.8061693758385851,
      0.0,
      0.9617871570714609,
      0.8976293603360997,
      0.8976293603360997
    ],
    [
      1.0779933063707408,
      1.1020178758684598,
      1.0900843910833182,
      0.7492688332564336,
      0.9058854926013336,
      0.9315816602202234,
      0.9151967347440082,
      0.9800328169873463,
      0.9613736138469294,
      0.5075127443467892,
      0.9684120967647231,
      0.9373660603369702,
      1.0653463513310901,
      1.0459121465822048,
      1.1052286037050245,
      1.2968682225788313,
      1.1517512515655102,
      0.9216751198833255,
      0.8061693758385851,
      0.8922691019617713,
      0.8003275410792726,
      0.9617871570714609,
      0.0,
      0.7706767850221657,
      0.7706767850221657
    ],
    [
      1.1020178758684598,
      1.0900843910833182,
      0.7492688332564336,
      0.9058854926013336,
      0.9315816602202234,
      0.9151967347440082,
      0.9800328169873463,
      0.9613736138469294,
      0.5075127443467892,
      0.9684120967647231,
      0.9373660603369702,
      1.0653463513310901,
      1.0459121465822048,
      1.1052286037050245,
      1.2968682225788313,
      1.1517512515655102,
      0.9216751198833255,
      0.8061693758385851,
      0.8922691019617713,
      0.8003275410792726,
      0.9617871570714609,
      0.8976293603360997,
      0.7706767850221657,
      0.0,
      0.8018296905838923
    ],
    [
      1.1020178758684598,
      1.0900843910833182,
      0.7492688332564336,
      0.9058854926013336,
      0.9315816602202234,
      0.9151967347440082,
      0.9800328169873463,
      0.9613736138469294,
      0.5075127443467892,
      0.9684120967647231,
      0.9373660603369702,
      1.0653463513310901,
      1.0459121465822048,
      1.1052286037050245,
      1.2968682225788313,
      1.1517512515655102,
      0.9216751198833255,
      0.8061693758385851,
      0.8922691019617713,
      0.8003275410792726,
      0.9617871570714609,
      0.8976293603360997,
      0.7706767850221657,
      0.8018296905838923,
      0.0
    ]
  ]
}