{
  "servicechain": {
    "SC1": {
      "resptime": 30.287557168834518,
      "resptime_old": 20.287557168834514,
      "waittime": 16.614420462516318,
      "servicetime": 10.0,
      "networktime": 3.673136706318198,
      "services": {
        "MS1_1": {
          "meanserv": 0.3652033850438441,
          "stddevserv": 0.3652033850438441,
          "rate": 2.738200249375964,
          "cv": 1.0,
          "lambda": 0.15
        },
        "MS1_2": {
          "meanserv": 0.09820370085678709,
          "stddevserv": 0.09820370085678709,
          "rate": 10.182915626146563,
          "cv": 1.0,
          "lambda": 0.15
        },
        "MS1_3": {
          "meanserv": 0.9029449152742219,
          "stddevserv": 0.9029449152742219,
          "rate": 1.1074872709109864,
          "cv": 1.0,
          "lambda": 0.15
        },
        "MS1_4": {
          "meanserv": 1.1833954538488891,
          "stddevserv": 1.1833954538488891,
          "rate": 0.845026061869334,
          "cv": 1.0,
          "lambda": 0.15
        },
        "MS1_5": {
          "meanserv": 0.7061130239317412,
          "stddevserv": 0.7061130239317412,
          "rate": 1.4162038740368401,
          "cv": 1.0,
          "lambda": 0.15
        },
        "MS1_6": {
          "meanserv": 2.6602722433969896,
          "stddevserv": 2.6602722433969896,
          "rate": 0.37590137719253386,
          "cv": 1.0,
          "lambda": 0.15
        },
        "MS1_7": {
          "meanserv": 0.9220022815874085,
          "stddevserv": 0.9220022815874085,
          "rate": 1.084596014532961,
          "cv": 1.0,
          "lambda": 0.15
        },
        "MS1_8": {
          "meanserv": 0.4109025246366258,
          "stddevserv": 0.4109025246366258,
          "rate": 2.4336672082614528,
          "cv": 1.0,
          "lambda": 0.15
        },
        "MS1_9": {
          "meanserv": 0.13203159341435988,
          "stddevserv": 0.13203159341435988,
          "rate": 7.573944797149127,
          "cv": 1.0,
          "lambda": 0.15
        },
        "MS1_10": {
          "meanserv": 1.1995141622287395,
          "stddevserv": 1.1995141622287395,
          "rate": 0.8336708573260734,
          "cv": 1.0,
          "lambda": 0.15
        },
        "MS1_11": {
          "meanserv": 0.06170610973114954,
          "stddevserv": 0.06170610973114954,
          "rate": 16.20585067438136,
          "cv": 1.0,
          "lambda": 0.15
        },
        "MS1_12": {
          "meanserv": 0.029676984261923778,
          "stddevserv": 0.029676984261923778,
          "rate": 33.69614618433524,
          "cv": 1.0,
          "lambda": 0.15
        },
        "MS1_13": {
          "meanserv": 0.2264142907282185,
          "stddevserv": 0.2264142907282185,
          "rate": 4.416682342725321,
          "cv": 1.0,
          "lambda": 0.15
        },
        "MS1_14": {
          "meanserv": 0.2605559846111589,
          "stddevserv": 0.2605559846111589,
          "rate": 3.837946771755603,
          "cv": 1.0,
          "lambda": 0.15
        },
        "MS1_15": {
          "meanserv": 0.8410633464479425,
          "stddevserv": 0.8410633464479425,
          "rate": 1.188971085499438,
          "cv": 1.0,
          "lambda": 0.15
        }
      },
      "sensors": [
        "S1"
      ],
      "sources": [
        {
          "startTime": 0,
          "stopTime": -1,
          "lambda": 0.15
        }
      ]
    },
    "SC2": {
      "resptime": 31.10231826235698,
      "resptime_old": 21.10231826235698,
      "waittime": 17.961040440802357,
      "servicetime": 10.0,
      "networktime": 3.141277821554624,
      "services": {
        "MS2_1": {
          "meanserv": 0.15637435258038068,
          "stddevserv": 0.15637435258038068,
          "rate": 6.394910568764611,
          "cv": 1.0,
          "lambda": 0.15
        },
        "MS2_2": {
          "meanserv": 0.017400864576018193,
          "stddevserv": 0.017400864576018193,
          "rate": 57.46840886160313,
          "cv": 1.0,
          "lambda": 0.15
        },
        "MS2_3": {
          "meanserv": 0.12447064307162359,
          "stddevserv": 0.12447064307162359,
          "rate": 8.034022925587156,
          "cv": 1.0,
          "lambda": 0.15
        },
        "MS2_4": {
          "meanserv": 0.18270850964637764,
          "stddevserv": 0.18270850964637764,
          "rate": 5.4731988232811135,
          "cv": 1.0,
          "lambda": 0.15
        },
        "MS2_5": {
          "meanserv": 0.7532238080864595,
          "stddevserv": 0.7532238080864595,
          "rate": 1.3276266486324528,
          "cv": 1.0,
          "lambda": 0.15
        },
        "MS2_6": {
          "meanserv": 0.42263188384780825,
          "stddevserv": 0.42263188384780825,
          "rate": 2.366125316659982,
          "cv": 1.0,
          "lambda": 0.15
        },
        "MS2_7": {
          "meanserv": 0.5833414024978201,
          "stddevserv": 0.5833414024978201,
          "rate": 1.7142620011507532,
          "cv": 1.0,
          "lambda": 0.15
        },
        "MS2_8": {
          "meanserv": 1.3887497002095652,
          "stddevserv": 1.3887497002095652,
          "rate": 0.720072162643202,
          "cv": 1.0,
          "lambda": 0.15
        },
        "MS2_9": {
          "meanserv": 0.02416321999002502,
          "stddevserv": 0.02416321999002502,
          "rate": 41.38521274949351,
          "cv": 1.0,
          "lambda": 0.15
        },
        "MS2_10": {
          "meanserv": 0.6609161744944254,
          "stddevserv": 0.6609161744944254,
          "rate": 1.513051183480205,
          "cv": 1.0,
          "lambda": 0.15
        },
        "MS2_11": {
          "meanserv": 1.027905992380373,
          "stddevserv": 1.027905992380373,
          "rate": 0.9728516103736785,
          "cv": 1.0,
          "lambda": 0.15
        },
        "MS2_12": {
          "meanserv": 2.7094264894360363,
          "stddevserv": 2.7094264894360363,
          "rate": 0.3690817979003921,
          "cv": 1.0,
          "lambda": 0.15
        },
        "MS2_13": {
          "meanserv": 0.2882359124354057,
          "stddevserv": 0.2882359124354057,
          "rate": 3.469380312642694,
          "cv": 1.0,
          "lambda": 0.15
        },
        "MS2_14": {
          "meanserv": 0.2630270823930019,
          "stddevserv": 0.2630270823930019,
          "rate": 3.801889869674523,
          "cv": 1.0,
          "lambda": 0.15
        },
        "MS2_15": {
          "meanserv": 1.3974239643546795,
          "stddevserv": 1.3974239643546795,
          "rate": 0.7156024409970619,
          "cv": 1.0,
          "lambda": 0.15
        }
      },
      "sensors": [
        "S2"
      ],
      "sources": [
        {
          "startTime": 0,
          "stopTime": -1,
          "lambda": 0.15
        }
      ]
    },
    "SC3": {
      "resptime": 32.03940470530268,
      "resptime_old": 22.039404705302683,
      "waittime": 19.225450632845693,
      "servicetime": 10.0,
      "networktime": 2.8139540724569896,
      "services": {
        "MS3_1": {
          "meanserv": 1.0605223325291735,
          "stddevserv": 1.0605223325291735,
          "rate": 0.9429315812851978,
          "cv": 1.0,
          "lambda": 0.15
        },
        "MS3_2": {
          "meanserv": 0.17804140876499175,
          "stddevserv": 0.17804140876499175,
          "rate": 5.6166709022167085,
          "cv": 1.0,
          "lambda": 0.15
        },
        "MS3_3": {
          "meanserv": 1.0981535205115112,
          "stddevserv": 1.0981535205115112,
          "rate": 0.9106194911019435,
          "cv": 1.0,
          "lambda": 0.15
        },
        "MS3_4": {
          "meanserv": 1.1804850368640962,
          "stddevserv": 1.1804850368640962,
          "rate": 0.8471094243231186,
          "cv": 1.0,
          "lambda": 0.15
        },
        "MS3_5": {
          "meanserv": 1.1788702439516294,
          "stddevserv": 1.1788702439516294,
          "rate": 0.8482697778917145,
          "cv": 1.0,
          "lambda": 0.15
        },
        "MS3_6": {
          "meanserv": 0.24138430091939433,
          "stddevserv": 0.24138430091939433,
          "rate": 4.1427714900727155,
          "cv": 1.0,
          "lambda": 0.15
        },
        "MS3_7": {
          "meanserv": 0.5636809058014478,
          "stddevserv": 0.5636809058014478,
          "rate": 1.7740533512984422,
          "cv": 1.0,
          "lambda": 0.15
        },
        "MS3_8": {
          "meanserv": 0.5059240416208555,
          "stddevserv": 0.5059240416208555,
          "rate": 1.9765813002209727,
          "cv": 1.0,
          "lambda": 0.15
        },
        "MS3_9": {
          "meanserv": 0.27809342923332636,
          "stddevserv": 0.27809342923332636,
          "rate": 3.5959138004694764,
          "cv": 1.0,
          "lambda": 0.15
        },
        "MS3_10": {
          "meanserv": 0.08565954923436792,
          "stddevserv": 0.08565954923436792,
          "rate": 11.674121670474362,
          "cv": 1.0,
          "lambda": 0.15
        },
        "MS3_11": {
          "meanserv": 0.35992605176384806,
          "stddevserv": 0.35992605176384806,
          "rate": 2.77834848324931,
          "cv": 1.0,
          "lambda": 0.15
        },
        "MS3_12": {
          "meanserv": 0.6489167173889427,
          "stddevserv": 0.6489167173889427,
          "rate": 1.5410298012104189,
          "cv": 1.0,
          "lambda": 0.15
        },
        "MS3_13": {
          "meanserv": 0.1805705226311316,
          "stddevserv": 0.1805705226311316,
          "rate": 5.538002468114876,
          "cv": 1.0,
          "lambda": 0.15
        },
        "MS3_14": {
          "meanserv": 1.2262731428508564,
          "stddevserv": 1.2262731428508564,
          "rate": 0.8154790030508101,
          "cv": 1.0,
          "lambda": 0.15
        },
        "MS3_15": {
          "meanserv": 1.2134987959344272,
          "stddevserv": 1.2134987959344272,
          "rate": 0.8240634464165023,
          "cv": 1.0,
          "lambda": 0.15
        }
      },
      "sensors": [
        "S3"
      ],
      "sources": [
        {
          "startTime": 0,
          "stopTime": -1,
          "lambda": 0.15
        }
      ]
    },
    "SC4": {
      "resptime": 30.84010117950165,
      "resptime_old": 20.84010117950165,
      "waittime": 17.84766450539359,
      "servicetime": 10.0,
      "networktime": 2.9924366741080624,
      "services": {
        "MS4_1": {
          "meanserv": 0.5432220069953408,
          "stddevserv": 0.5432220069953408,
          "rate": 1.840867982376452,
          "cv": 1.0,
          "lambda": 0.15
        },
        "MS4_2": {
          "meanserv": 0.4201110352466231,
          "stddevserv": 0.4201110352466231,
          "rate": 2.3803230958047967,
          "cv": 1.0,
          "lambda": 0.15
        },
        "MS4_3": {
          "meanserv": 0.28640271193335454,
          "stddevserv": 0.28640271193335454,
          "rate": 3.4915870497507666,
          "cv": 1.0,
          "lambda": 0.15
        },
        "MS4_4": {
          "meanserv": 0.7558084249745236,
          "stddevserv": 0.7558084249745236,
          "rate": 1.3230866009911275,
          "cv": 1.0,
          "lambda": 0.15
        },
        "MS4_5": {
          "meanserv": 0.3764421996236731,
          "stddevserv": 0.3764421996236731,
          "rate": 2.656450315612048,
          "cv": 1.0,
          "lambda": 0.15
        },
        "MS4_6": {
          "meanserv": 0.5890029837896957,
          "stddevserv": 0.5890029837896957,
          "rate": 1.6977842685378506,
          "cv": 1.0,
          "lambda": 0.15
        },
        "MS4_7": {
          "meanserv": 0.34658772156538564,
          "stddevserv": 0.34658772156538564,
          "rate": 2.8852724368983296,
          "cv": 1.0,
          "lambda": 0.15
        },
        "MS4_8": {
          "meanserv": 1.2765803287684507,
          "stddevserv": 1.2765803287684507,
          "rate": 0.783342792822701,
          "cv": 1.0,
          "lambda": 0.15
        },
        "MS4_9": {
          "meanserv": 1.4434306791753295,
          "stddevserv": 1.4434306791753295,
          "rate": 0.6927939210571072,
          "cv": 1.0,
          "lambda": 0.15
        },
        "MS4_10": {
          "meanserv": 1.5980789583816621,
          "stddevserv": 1.5980789583816621,
          "rate": 0.6257513089420044,
          "cv": 1.0,
          "lambda": 0.15
        },
        "MS4_11": {
          "meanserv": 1.1023243179711049,
          "stddevserv": 1.1023243179711049,
          "rate": 0.9071740355329918,
          "cv": 1.0,
          "lambda": 0.15
        },
        "MS4_12": {
          "meanserv": 0.3498504091800836,
          "stddevserv": 0.3498504091800836,
          "rate": 2.85836452883854,
          "cv": 1.0,
          "lambda": 0.15
        },
        "MS4_13": {
          "meanserv": 0.38018065189537964,
          "stddevserv": 0.38018065189537964,
          "rate": 2.6303284899284827,
          "cv": 1.0,
          "lambda": 0.15
        },
        "MS4_14": {
          "meanserv": 0.5230880911870379,
          "stddevserv": 0.5230880911870379,
          "rate": 1.9117238890503343,
          "cv": 1.0,
          "lambda": 0.15
        },
        "MS4_15": {
          "meanserv": 0.008889479312355064,
          "stddevserv": 0.008889479312355064,
          "rate": 112.49252794931955,
          "cv": 1.0,
          "lambda": 0.15
        }
      },
      "sensors": [
        "S4"
      ],
      "sources": [
        {
          "startTime": 0,
          "stopTime": -1,
          "lambda": 0.15
        }
      ]
    }
  },
  "microservice": {
    "MS1_1": "F10",
    "MS1_2": "F10",
    "MS1_3": "F9",
    "MS1_4": "F9",
    "MS1_5": "F10",
    "MS1_6": "F6",
    "MS1_7": "F8",
    "MS1_8": "F8",
    "MS1_9": "F8",
    "MS1_10": "F4",
    "MS1_11": "F8",
    "MS1_12": "F8",
    "MS1_13": "F8",
    "MS1_14": "F1",
    "MS1_15": "F1",
    "MS2_1": "F10",
    "MS2_2": "F10",
    "MS2_3": "F10",
    "MS2_4": "F10",
    "MS2_5": "F10",
    "MS2_6": "F10",
    "MS2_7": "F10",
    "MS2_8": "F4",
    "MS2_9": "F8",
    "MS2_10": "F8",
    "MS2_11": "F5",
    "MS2_12": "F2",
    "MS2_13": "F8",
    "MS2_14": "F8",
    "MS2_15": "F2",
    "MS3_1": "F9",
    "MS3_2": "F10",
    "MS3_3": "F5",
    "MS3_4": "F5",
    "MS3_5": "F5",
    "MS3_6": "F7",
    "MS3_7": "F7",
    "MS3_8": "F7",
    "MS3_9": "F7",
    "MS3_10": "F7",
    "MS3_11": "F7",
    "MS3_12": "F7",
    "MS3_13": "F7",
    "MS3_14": "F4",
    "MS3_15": "F9",
    "MS4_1": "F7",
    "MS4_2": "F7",
    "MS4_3": "F7",
    "MS4_4": "F1",
    "MS4_5": "F1",
    "MS4_6": "F1",
    "MS4_7": "F1",
    "MS4_8": "F3",
    "MS4_9": "F6",
    "MS4_10": "F3",
    "MS4_11": "F3",
    "MS4_12": "F1",
    "MS4_13": "F1",
    "MS4_14": "F8",
    "MS4_15": "F8"
  },
  "sensor": {
    "S1": "F10",
    "S2": "F10",
    "S3": "F9",
    "S4": "F7"
  },
  "fog": {
    "F1": {
      "rho": 0.5849237583131763,
      "capacity": 1.0,
      "tserv": 0.4874364652609803,
      "stddev": 0.563878322123338,
      "mu": 2.05154942493805,
      "cv": 1.1568242474871666,
      "lambda": 1.2,
      "twait": 0.8030617231702453
    },
    "F2": {
      "rho": 0.6160275680686074,
      "capacity": 1.0,
      "tserv": 2.053425226895358,
      "stddev": 2.2532710612263633,
      "mu": 0.4869911925217425,
      "cv": 1.097323161181359,
      "lambda": 0.3,
      "twait": 3.6306456655217736
    },
    "F3": {
      "rho": 0.5965475407681826,
      "capacity": 1.0,
      "tserv": 1.3256612017070726,
      "stddev": 1.357096450132681,
      "mu": 0.7543405499929288,
      "cv": 1.0237128825865378,
      "lambda": 0.44999999999999996,
      "twait": 2.0071631011831097
    },
    "F4": {
      "rho": 0.5721805507933742,
      "capacity": 1.0,
      "tserv": 1.271512335096387,
      "stddev": 1.2769991774059968,
      "mu": 0.7864650404073311,
      "cv": 1.0043152096587358,
      "lambda": 0.44999999999999996,
      "twait": 1.7079187675304077
    },
    "F5": {
      "rho": 0.6728122190561414,
      "capacity": 1.0,
      "tserv": 1.1213536984269024,
      "stddev": 1.1249319144211622,
      "mu": 0.8917792855214691,
      "cv": 1.0031909789028026,
      "lambda": 0.6,
      "twait": 2.3132641950573207
    },
    "F6": {
      "rho": 0.6155554383858478,
      "capacity": 1.0,
      "tserv": 2.0518514612861596,
      "stddev": 2.2249598008482887,
      "mu": 0.48736471370747825,
      "cv": 1.084366896351074,
      "lambda": 0.3,
      "twait": 3.5741982521918136
    },
    "F7": {
      "rho": 0.6170836909152948,
      "capacity": 1.0,
      "tserv": 0.37399011570623936,
      "stddev": 0.4439928713804653,
      "mu": 2.673867457998481,
      "cv": 1.1871780903675313,
      "lambda": 1.6499999999999997,
      "twait": 0.7260687818775393
    },
    "F8": {
      "rho": 0.5326580616257905,
      "capacity": 1.0,
      "tserv": 0.2959211453476615,
      "stddev": 0.488237424941811,
      "mu": 3.379278621083853,
      "cv": 1.6498902921188943,
      "lambda": 1.7999999999999996,
      "twait": 0.6277001324991782
    },
    "F9": {
      "rho": 0.6540542246380069,
      "capacity": 1.0,
      "tserv": 1.090090374396678,
      "stddev": 1.103727144051607,
      "mu": 0.917355132645273,
      "cv": 1.0125097606356503,
      "lambda": 0.6,
      "twait": 2.0868969684776166
    },
    "F10": {
      "rho": 0.5381569474355778,
      "capacity": 1.0,
      "tserv": 0.3261557257185321,
      "stddev": 0.4763721490607237,
      "mu": 3.06602006693878,
      "cv": 1.4605665683509306,
      "lambda": 1.6499999999999997,
      "twait": 0.5953950881677667
    }
  },
  "extra": {
    "deltatime": 12.158018,
    "conv": 10,
    "obj_func": 31.06734532899896
  },
  "network": [
    [
      0.0,
      0.6129523135847083,
      0.43587084288183886,
      0.7762511941174614,
      0.8744885562890423,
      0.7307696111760994,
      0.6519113442282127,
      0.6136510732157163,
      0.5615743551614317,
      0.5615743551614317
    ],
    [
      0.6129523135847083,
      0.0,
      0.7833844589206459,
      0.6023985836779921,
      0.6315905042599745,
      0.7968271140281931,
      0.7776517961059334,
      0.5615743551614317,
      0.7330849253469309,
      0.7330849253469309
    ],
    [
      0.43587084288183886,
      0.7833844589206459,
      0.0,
      0.7199905622524397,
      0.5727306451523162,
      0.42756628545022785,
      0.6136510732157163,
      0.7330849253469309,
      0.474032397491877,
      0.474032397491877
    ],
    [
      0.7762511941174614,
      0.6023985836779921,
      0.7199905622524397,
      0.0,
      0.42744013026421224,
      0.6519113442282127,
      0.5615743551614317,
      0.474032397491877,
      0.4562531047399545,
      0.4562531047399545
    ],
    [
      0.8744885562890423,
      0.6315905042599745,
      0.5727306451523162,
      0.42744013026421224,
      0.0,
      0.7776517961059334,
      0.7330849253469309,
      0.4562531047399545,
      0.577268297182427,
      0.577268297182427
    ],
    [
      0.7307696111760994,
      0.7968271140281931,
      0.42756628545022785,
      0.6519113442282127,
      0.7776517961059334,
      0.0,
      0.474032397491877,
      0.577268297182427,
      0.5626057608838095,
      0.5626057608838095
    ],
    [
      0.6519113442282127,
      0.7776517961059334,
      0.6136510732157163,
      0.5615743551614317,
      0.7330849253469309,
      0.474032397491877,
      0.0,
      0.5626057608838095,
      0.9496974740148324,
      0.9496974740148324
    ],
    [
      0.6136510732157163,
      0.5615743551614317,
      0.7330849253469309,
      0.474032397491877,
      0.4562531047399545,
      0.577268297182427,
      0.5626057608838095,
      0.0,
      0.822302661206908,
      0.822302661206908
    ],
    [
      0.5615743551614317,
      0.7330849253469309,
      0.474032397491877,
      0.4562531047399545,
      0.577268297182427,
      0.5626057608838095,
      0.9496974740148324,
      0.822302661206908,
      0.0,
      0.4857733900262457
    ],
    [
      0.5615743551614317,
      0.7330849253469309,
      0.474032397491877,
      0.4562531047399545,
      0.577268297182427,
      0.5626057608838095,
      0.9496974740148324,
      0.822302661206908,
      0.4857733900262457,
      0.0
    ]
  ]
}