{
  "servicechain": {
    "SC1": {
      "resptime": 39.55631651786273,
      "resptime_old": 29.556316517862733,
      "waittime": 26.00308964720491,
      "servicetime": 10.0,
      "networktime": 3.5532268706578236,
      "services": {
        "MS1_1": {
          "meanserv": 0.6107751046886234,
          "stddevserv": 0.6107751046886234,
          "rate": 1.6372638510042181,
          "cv": 1.0,
          "lambda": 0.15
        },
        "MS1_2": {
          "meanserv": 2.1167742677151136,
          "stddevserv": 2.1167742677151136,
          "rate": 0.4724169295006685,
          "cv": 1.0,
          "lambda": 0.15
        },
        "MS1_3": {
          "meanserv": 0.23048881253700637,
          "stddevserv": 0.23048881253700637,
          "rate": 4.338605370876489,
          "cv": 1.0,
          "lambda": 0.15
        },
        "MS1_4": {
          "meanserv": 0.34538548045679773,
          "stddevserv": 0.34538548045679773,
          "rate": 2.895315688075325,
          "cv": 1.0,
          "lambda": 0.15
        },
        "MS1_5": {
          "meanserv": 0.5928094760337492,
          "stddevserv": 0.5928094760337492,
          "rate": 1.686882616469965,
          "cv": 1.0,
          "lambda": 0.15
        },
        "MS1_6": {
          "meanserv": 0.8101624587238803,
          "stddevserv": 0.8101624587238803,
          "rate": 1.234320338139514,
          "cv": 1.0,
          "lambda": 0.15
        },
        "MS1_7": {
          "meanserv": 0.30336756896840633,
          "stddevserv": 0.30336756896840633,
          "rate": 3.2963312571626378,
          "cv": 1.0,
          "lambda": 0.15
        },
        "MS1_8": {
          "meanserv": 0.21246419492216617,
          "stddevserv": 0.21246419492216617,
          "rate": 4.706675401783998,
          "cv": 1.0,
          "lambda": 0.15
        },
        "MS1_9": {
          "meanserv": 2.7281746888799354,
          "stddevserv": 2.7281746888799354,
          "rate": 0.3665454430304661,
          "cv": 1.0,
          "lambda": 0.15
        },
        "MS1_10": {
          "meanserv": 2.0495979470743215,
          "stddevserv": 2.0495979470743215,
          "rate": 0.4879005667562461,
          "cv": 1.0,
          "lambda": 0.15
        }
      },
      "sensors": [
        "S1"
      ],
      "sources": [
        {
          "startTime": 0,
          "stopTime": -1,
          "lambda": 0.15
        }
      ]
    },
    "SC2": {
      "resptime": 41.00943666408851,
      "resptime_old": 31.00943666408851,
      "waittime": 25.264956469163515,
      "servicetime": 10.0,
      "networktime": 5.744480194924996,
      "services": {
        "MS2_1": {
          "meanserv": 0.8680375538162244,
          "stddevserv": 0.8680375538162244,
          "rate": 1.1520238906757183,
          "cv": 1.0,
          "lambda": 0.15
        },
        "MS2_2": {
          "meanserv": 3.2961090653990635,
          "stddevserv": 3.2961090653990635,
          "rate": 0.3033880190730063,
          "cv": 1.0,
          "lambda": 0.15
        },
        "MS2_3": {
          "meanserv": 0.0026531822118469606,
          "stddevserv": 0.0026531822118469606,
          "rate": 376.9058889113649,
          "cv": 1.0,
          "lambda": 0.15
        },
        "MS2_4": {
          "meanserv": 0.7628016117908247,
          "stddevserv": 0.7628016117908247,
          "rate": 1.3109568524013813,
          "cv": 1.0,
          "lambda": 0.15
        },
        "MS2_5": {
          "meanserv": 0.5741349317676168,
          "stddevserv": 0.5741349317676168,
          "rate": 1.7417508405580757,
          "cv": 1.0,
          "lambda": 0.15
        },
        "MS2_6": {
          "meanserv": 0.7540491436374159,
          "stddevserv": 0.7540491436374159,
          "rate": 1.3261735106231345,
          "cv": 1.0,
          "lambda": 0.15
        },
        "MS2_7": {
          "meanserv": 0.8736322759786708,
          "stddevserv": 0.8736322759786708,
          "rate": 1.1446463546459156,
          "cv": 1.0,
          "lambda": 0.15
        },
        "MS2_8": {
          "meanserv": 0.2629735958154278,
          "stddevserv": 0.2629735958154278,
          "rate": 3.8026631415188388,
          "cv": 1.0,
          "lambda": 0.15
        },
        "MS2_9": {
          "meanserv": 2.4240259663934847,
          "stddevserv": 2.4240259663934847,
          "rate": 0.41253683494480897,
          "cv": 1.0,
          "lambda": 0.15
        },
        "MS2_10": {
          "meanserv": 0.18158267318942478,
          "stddevserv": 0.18158267318942478,
          "rate": 5.507133375863525,
          "cv": 1.0,
          "lambda": 0.15
        }
      },
      "sensors": [
        "S2"
      ],
      "sources": [
        {
          "startTime": 0,
          "stopTime": -1,
          "lambda": 0.15
        }
      ]
    },
    "SC3": {
      "resptime": 38.33423074808865,
      "resptime_old": 28.334230748088654,
      "waittime": 24.506283795775705,
      "servicetime": 10.0,
      "networktime": 3.827946952312952,
      "services": {
        "MS3_1": {
          "meanserv": 1.189832523730614,
          "stddevserv": 1.189832523730614,
          "rate": 0.8404544169498653,
          "cv": 1.0,
          "lambda": 0.15
        },
        "MS3_2": {
          "meanserv": 1.5482421026729742,
          "stddevserv": 1.5482421026729742,
          "rate": 0.6458938161373744,
          "cv": 1.0,
          "lambda": 0.15
        },
        "MS3_3": {
          "meanserv": 0.6246971598085103,
          "stddevserv": 0.6246971598085103,
          "rate": 1.6007756467254184,
          "cv": 1.0,
          "lambda": 0.15
        },
        "MS3_4": {
          "meanserv": 2.1293773132331486,
          "stddevserv": 2.1293773132331486,
          "rate": 0.46962085760256644,
          "cv": 1.0,
          "lambda": 0.15
        },
        "MS3_5": {
          "meanserv": 2.1919153912371856,
          "stddevserv": 2.1919153912371856,
          "rate": 0.45622198922357526,
          "cv": 1.0,
          "lambda": 0.15
        },
        "MS3_6": {
          "meanserv": 0.34431096797628413,
          "stddevserv": 0.34431096797628413,
          "rate": 2.90435127837368,
          "cv": 1.0,
          "lambda": 0.15
        },
        "MS3_7": {
          "meanserv": 0.12859373041890798,
          "stddevserv": 0.12859373041890798,
          "rate": 7.776428887647881,
          "cv": 1.0,
          "lambda": 0.15
        },
        "MS3_8": {
          "meanserv": 0.07722452624869547,
          "stddevserv": 0.07722452624869547,
          "rate": 12.949253929762925,
          "cv": 1.0,
          "lambda": 0.15
        },
        "MS3_9": {
          "meanserv": 1.661065373181538,
          "stddevserv": 1.661065373181538,
          "rate": 0.6020232653966172,
          "cv": 1.0,
          "lambda": 0.15
        },
        "MS3_10": {
          "meanserv": 0.10474091149214182,
          "stddevserv": 0.10474091149214182,
          "rate": 9.547367745363042,
          "cv": 1.0,
          "lambda": 0.15
        }
      },
      "sensors": [
        "S3"
      ],
      "sources": [
        {
          "startTime": 0,
          "stopTime": -1,
          "lambda": 0.15
        }
      ]
    },
    "SC4": {
      "resptime": 38.958895634341665,
      "resptime_old": 28.958895634341662,
      "waittime": 24.83401528899058,
      "servicetime": 10.0,
      "networktime": 4.1248803453510785,
      "services": {
        "MS4_1": {
          "meanserv": 0.43060209775389824,
          "stddevserv": 0.43060209775389824,
          "rate": 2.3223296059545198,
          "cv": 1.0,
          "lambda": 0.15
        },
        "MS4_2": {
          "meanserv": 1.609302521310294,
          "stddevserv": 1.609302521310294,
          "rate": 0.621387207661739,
          "cv": 1.0,
          "lambda": 0.15
        },
        "MS4_3": {
          "meanserv": 0.24011211595081106,
          "stddevserv": 0.24011211595081106,
          "rate": 4.164721118049946,
          "cv": 1.0,
          "lambda": 0.15
        },
        "MS4_4": {
          "meanserv": 0.4112084127434259,
          "stddevserv": 0.4112084127434259,
          "rate": 2.431856861410935,
          "cv": 1.0,
          "lambda": 0.15
        },
        "MS4_5": {
          "meanserv": 0.49712643725731676,
          "stddevserv": 0.49712643725731676,
          "rate": 2.011560691716727,
          "cv": 1.0,
          "lambda": 0.15
        },
        "MS4_6": {
          "meanserv": 1.1757828219751376,
          "stddevserv": 1.1757828219751376,
          "rate": 0.8504972017877851,
          "cv": 1.0,
          "lambda": 0.15
        },
        "MS4_7": {
          "meanserv": 0.7962575146989845,
          "stddevserv": 0.7962575146989845,
          "rate": 1.2558751177099257,
          "cv": 1.0,
          "lambda": 0.15
        },
        "MS4_8": {
          "meanserv": 1.4932455411811763,
          "stddevserv": 1.4932455411811763,
          "rate": 0.6696822273508932,
          "cv": 1.0,
          "lambda": 0.15
        },
        "MS4_9": {
          "meanserv": 0.6722908582969342,
          "stddevserv": 0.6722908582969342,
          "rate": 1.4874514321572476,
          "cv": 1.0,
          "lambda": 0.15
        },
        "MS4_10": {
          "meanserv": 2.6740716788320213,
          "stddevserv": 2.6740716788320213,
          "rate": 0.37396155380426416,
          "cv": 1.0,
          "lambda": 0.15
        }
      },
      "sensors": [
        "S4"
      ],
      "sources": [
        {
          "startTime": 0,
          "stopTime": -1,
          "lambda": 0.15
        }
      ]
    }
  },
  "microservice": {
    "MS1_1": "F6",
    "MS1_2": "F6",
    "MS1_3": "F6",
    "MS1_4": "F4",
    "MS1_5": "F4",
    "MS1_6": "F4",
    "MS1_7": "F9",
    "MS1_8": "F2",
    "MS1_9": "F2",
    "MS1_10": "F7",
    "MS2_1": "F5",
    "MS2_2": "F1",
    "MS2_3": "F3",
    "MS2_4": "F3",
    "MS2_5": "F5",
    "MS2_6": "F8",
    "MS2_7": "F8",
    "MS2_8": "F8",
    "MS2_9": "F4",
    "MS2_10": "F3",
    "MS3_1": "F6",
    "MS3_2": "F10",
    "MS3_3": "F10",
    "MS3_4": "F8",
    "MS3_5": "F5",
    "MS3_6": "F5",
    "MS3_7": "F5",
    "MS3_8": "F5",
    "MS3_9": "F9",
    "MS3_10": "F9",
    "MS4_1": "F10",
    "MS4_2": "F10",
    "MS4_3": "F10",
    "MS4_4": "F7",
    "MS4_5": "F7",
    "MS4_6": "F7",
    "MS4_7": "F9",
    "MS4_8": "F9",
    "MS4_9": "F2",
    "MS4_10": "F3"
  },
  "sensor": {
    "S1": "F6",
    "S2": "F5",
    "S3": "F6",
    "S4": "F10"
  },
  "fog": {
    "F1": {
      "rho": 0.49441635980985954,
      "capacity": 1.0,
      "tserv": 3.2961090653990635,
      "stddev": 3.2961090653990635,
      "mu": 0.3033880190730063,
      "cv": 1.0,
      "lambda": 0.15,
      "twait": 3.223304941271443
    },
    "F2": {
      "rho": 0.5419394613148554,
      "capacity": 1.0,
      "tserv": 1.204309914033012,
      "stddev": 1.9603587446793822,
      "mu": 0.8303510486359647,
      "cv": 1.6277859393472083,
      "lambda": 0.44999999999999996,
      "twait": 2.600110409459352
    },
    "F3": {
      "rho": 0.5431663719036177,
      "capacity": 1.0,
      "tserv": 0.9052772865060296,
      "stddev": 1.750207276029501,
      "mu": 1.1046339225626198,
      "cv": 1.9333383286181056,
      "lambda": 0.6,
      "twait": 2.549781081600552
    },
    "F4": {
      "rho": 0.6258575072411867,
      "capacity": 1.0,
      "tserv": 1.0430958454019779,
      "stddev": 1.5535252516247422,
      "mu": 0.9586846735207061,
      "cv": 1.4893408486600386,
      "lambda": 0.6,
      "twait": 2.8076118467418625
    },
    "F5": {
      "rho": 0.6276325652197371,
      "capacity": 1.0,
      "tserv": 0.6973695169108189,
      "stddev": 1.2341921089428487,
      "mu": 1.4339600107985249,
      "cv": 1.7697821298671415,
      "lambda": 0.9,
      "twait": 2.4285138756443243
    },
    "F6": {
      "rho": 0.6221806063007036,
      "capacity": 1.0,
      "tserv": 1.0369676771678393,
      "stddev": 1.444299506546064,
      "mu": 0.9643502126615892,
      "cv": 1.3928105362847252,
      "lambda": 0.6,
      "twait": 2.5101700025087585
    },
    "F7": {
      "rho": 0.6200573428575302,
      "capacity": 1.0,
      "tserv": 1.0334289047625504,
      "stddev": 1.3898909022000185,
      "mu": 0.9676524387807487,
      "cv": 1.344931321153023,
      "lambda": 0.6,
      "twait": 2.368598496240126
    },
    "F8": {
      "rho": 0.6030048492996994,
      "capacity": 1.0,
      "tserv": 1.0050080821661658,
      "stddev": 1.3991325577695422,
      "mu": 0.9950168737395907,
      "cv": 1.3921605035791271,
      "lambda": 0.6,
      "twait": 2.2425562283533016
    },
    "F9": {
      "rho": 0.6538015364283369,
      "capacity": 1.0,
      "tserv": 0.8717353819044492,
      "stddev": 1.2371164133155057,
      "mu": 1.147137102334123,
      "cv": 1.4191421376207325,
      "lambda": 0.75,
      "twait": 2.480924784294221
    },
    "F10": {
      "rho": 0.6679433996244731,
      "capacity": 1.0,
      "tserv": 0.8905911994992975,
      "stddev": 1.206208114433021,
      "mu": 1.1228496313035807,
      "cv": 1.354390336566505,
      "lambda": 0.75,
      "twait": 2.538826246873953
    }
  },
  "extra": {
    "deltatime": 0.042975,
    "obj_func": 39.46471989109539
  },
  "network": [
    [
      0.0,
      0.9260444792301555,
      1.039269218534705,
      1.1554274446725243,
      1.1450326969761806,
      1.1177057710520493,
      1.1946712751307613,
      1.1792329552969554,
      0.9361555474744394,
      0.9361555474744394
    ],
    [
      0.9260444792301555,
      0.0,
      0.9547814935473163,
      1.3212349854760401,
      0.8167095051872565,
      1.019469652605732,
      0.8613363919464418,
      0.9361555474744394,
      0.9208832043013185,
      0.9208832043013185
    ],
    [
      1.039269218534705,
      0.9547814935473163,
      0.0,
      1.0390957303822854,
      1.0017527614389297,
      0.9165874318940781,
      1.1792329552969554,
      0.9208832043013185,
      0.9429937883135951,
      0.9429937883135951
    ],
    [
      1.1554274446725243,
      1.3212349854760401,
      1.0390957303822854,
      0.0,
      0.8688856190316531,
      1.1946712751307613,
      0.9361555474744394,
      0.9429937883135951,
      0.5763359992793017,
      0.5763359992793017
    ],
    [
      1.1450326969761806,
      0.8167095051872565,
      1.0017527614389297,
      0.8688856190316531,
      0.0,
      0.8613363919464418,
      0.9208832043013185,
      0.5763359992793017,
      1.1620350869515688,
      1.1620350869515688
    ],
    [
      1.1177057710520493,
      1.019469652605732,
      0.9165874318940781,
      1.1946712751307613,
      0.8613363919464418,
      0.0,
      0.9429937883135951,
      1.1620350869515688,
      0.9147961031874482,
      0.9147961031874482
    ],
    [
      1.1946712751307613,
      0.8613363919464418,
      1.1792329552969554,
      0.9361555474744394,
      0.9208832043013185,
      0.9429937883135951,
      0.0,
      0.9147961031874482,
      1.1246078237512218,
      1.1246078237512218
    ],
    [
      1.1792329552969554,
      0.9361555474744394,
      0.9208832043013185,
      0.9429937883135951,
      0.5763359992793017,
      1.1620350869515688,
      0.9147961031874482,
      0.0,
      1.1747797628946335,
      1.1747797628946335
    ],
    [
      0.9361555474744394,
      0.9208832043013185,
      0.9429937883135951,
      0.5763359992793017,
      1.1620350869515688,
      0.9147961031874482,
      1.1246078237512218,
      1.1747797628946335,
      0.0,
      1.0592460886459558
    ],
    [
      0.9361555474744394,
      0.9208832043013185,
      0.9429937883135951,
      0.5763359992793017,
      1.1620350869515688,
      0.9147961031874482,
      1.1246078237512218,
      1.1747797628946335,
      1.0592460886459558,
      0.0
    ]
  ]
}