{
  "servicechain": {
    "SC1": {
      "resptime": 62.17223142398433,
      "resptime_old": 52.17223142398433,
      "waittime": 45.948713914312485,
      "servicetime": 10.0,
      "networktime": 6.223517509671844,
      "services": {
        "MS1_1": {
          "meanserv": 0.9151289431234955,
          "stddevserv": 0.9151289431234955,
          "rate": 1.0927421840542215,
          "cv": 1.0,
          "lambda": 0.175
        },
        "MS1_2": {
          "meanserv": 1.0257260185421857,
          "stddevserv": 1.0257260185421857,
          "rate": 0.9749192103182204,
          "cv": 1.0,
          "lambda": 0.175
        },
        "MS1_3": {
          "meanserv": 2.392837085335425,
          "stddevserv": 2.392837085335425,
          "rate": 0.41791395081952315,
          "cv": 1.0,
          "lambda": 0.175
        },
        "MS1_4": {
          "meanserv": 4.896461819232643,
          "stddevserv": 4.896461819232643,
          "rate": 0.2042291019348164,
          "cv": 1.0,
          "lambda": 0.175
        },
        "MS1_5": {
          "meanserv": 0.7698461337662508,
          "stddevserv": 0.7698461337662508,
          "rate": 1.298960865215738,
          "cv": 1.0,
          "lambda": 0.175
        }
      },
      "sensors": [
        "S1"
      ],
      "sources": [
        {
          "startTime": 0,
          "stopTime": -1,
          "lambda": 0.175
        }
      ]
    },
    "SC2": {
      "resptime": 38.09724215770152,
      "resptime_old": 28.097242157701526,
      "waittime": 24.746752936977238,
      "servicetime": 10.0,
      "networktime": 3.350489220724287,
      "services": {
        "MS2_1": {
          "meanserv": 2.3636408121432595,
          "stddevserv": 2.3636408121432595,
          "rate": 0.42307612682200985,
          "cv": 1.0,
          "lambda": 0.175
        },
        "MS2_2": {
          "meanserv": 3.5398114774588283,
          "stddevserv": 3.5398114774588283,
          "rate": 0.2825009202800493,
          "cv": 1.0,
          "lambda": 0.175
        },
        "MS2_3": {
          "meanserv": 2.1213828734597744,
          "stddevserv": 2.1213828734597744,
          "rate": 0.4713906256672539,
          "cv": 1.0,
          "lambda": 0.175
        },
        "MS2_4": {
          "meanserv": 1.851664995588182,
          "stddevserv": 1.851664995588182,
          "rate": 0.5400544927849379,
          "cv": 1.0,
          "lambda": 0.175
        },
        "MS2_5": {
          "meanserv": 0.12349984134995573,
          "stddevserv": 0.12349984134995573,
          "rate": 8.097176393663103,
          "cv": 1.0,
          "lambda": 0.175
        }
      },
      "sensors": [
        "S2"
      ],
      "sources": [
        {
          "startTime": 0,
          "stopTime": -1,
          "lambda": 0.175
        }
      ]
    },
    "SC3": {
      "resptime": 45.208025546160314,
      "resptime_old": 35.20802554616032,
      "waittime": 30.81649473430496,
      "servicetime": 10.0,
      "networktime": 4.3915308118553575,
      "services": {
        "MS3_1": {
          "meanserv": 2.6609399231306696,
          "stddevserv": 2.6609399231306696,
          "rate": 0.3758070564868192,
          "cv": 1.0,
          "lambda": 0.175
        },
        "MS3_2": {
          "meanserv": 4.377972518269542,
          "stddevserv": 4.377972518269542,
          "rate": 0.22841623510128034,
          "cv": 1.0,
          "lambda": 0.175
        },
        "MS3_3": {
          "meanserv": 0.13461496464458023,
          "stddevserv": 0.13461496464458023,
          "rate": 7.428594604175467,
          "cv": 1.0,
          "lambda": 0.175
        },
        "MS3_4": {
          "meanserv": 2.6758229792016044,
          "stddevserv": 2.6758229792016044,
          "rate": 0.3737167995688466,
          "cv": 1.0,
          "lambda": 0.175
        },
        "MS3_5": {
          "meanserv": 0.15064961475360406,
          "stddevserv": 0.15064961475360406,
          "rate": 6.63791939750763,
          "cv": 1.0,
          "lambda": 0.175
        }
      },
      "sensors": [
        "S3"
      ],
      "sources": [
        {
          "startTime": 0,
          "stopTime": -1,
          "lambda": 0.175
        }
      ]
    },
    "SC4": {
      "resptime": 41.150256900024445,
      "resptime_old": 31.150256900024445,
      "waittime": 24.134412057456416,
      "servicetime": 10.0,
      "networktime": 7.015844842568031,
      "services": {
        "MS4_1": {
          "meanserv": 2.0879378411119855,
          "stddevserv": 2.0879378411119855,
          "rate": 0.47894146095241225,
          "cv": 1.0,
          "lambda": 0.175
        },
        "MS4_2": {
          "meanserv": 1.090374300827146,
          "stddevserv": 1.090374300827146,
          "rate": 0.9171162592895036,
          "cv": 1.0,
          "lambda": 0.175
        },
        "MS4_3": {
          "meanserv": 3.559287968932063,
          "stddevserv": 3.559287968932063,
          "rate": 0.2809550698703489,
          "cv": 1.0,
          "lambda": 0.175
        },
        "MS4_4": {
          "meanserv": 1.757893246457745,
          "stddevserv": 1.757893246457745,
          "rate": 0.5688627577442811,
          "cv": 1.0,
          "lambda": 0.175
        },
        "MS4_5": {
          "meanserv": 1.5045066426710605,
          "stddevserv": 1.5045066426710605,
          "rate": 0.6646697140696082,
          "cv": 1.0,
          "lambda": 0.175
        }
      },
      "sensors": [
        "S4"
      ],
      "sources": [
        {
          "startTime": 0,
          "stopTime": -1,
          "lambda": 0.175
        }
      ]
    }
  },
  "microservice": {
    "MS1_1": "F1",
    "MS1_2": "F1",
    "MS1_3": "F6",
    "MS1_4": "F9",
    "MS1_5": "F4",
    "MS2_1": "F10",
    "MS2_2": "F2",
    "MS2_3": "F7",
    "MS2_4": "F7",
    "MS2_5": "F7",
    "MS3_1": "F4",
    "MS3_2": "F5",
    "MS3_3": "F4",
    "MS3_4": "F3",
    "MS3_5": "F3",
    "MS4_1": "F1",
    "MS4_2": "F3",
    "MS4_3": "F8",
    "MS4_4": "F6",
    "MS4_5": "F10"
  },
  "sensor": {
    "S1": "F1",
    "S2": "F10",
    "S3": "F4",
    "S4": "F1"
  },
  "fog": {
    "F1": {
      "rho": 0.7050387404860916,
      "capacity": 1.0,
      "tserv": 1.3429309342592224,
      "stddev": 1.5370673450261458,
      "mu": 0.7446399323220688,
      "cv": 1.1445617237747312,
      "lambda": 0.5249999999999999,
      "twait": 3.707555951933927
    },
    "F2": {
      "rho": 0.6194670085552949,
      "capacity": 1.0,
      "tserv": 3.5398114774588283,
      "stddev": 3.539811477458828,
      "mu": 0.2825009202800493,
      "cv": 0.9999999999999999,
      "lambda": 0.175,
      "twait": 5.762434469784343
    },
    "F3": {
      "rho": 0.6854482065869122,
      "capacity": 1.0,
      "tserv": 1.3056156315941185,
      "stddev": 1.9688730739789,
      "mu": 0.7659222023705623,
      "cv": 1.5080036010100182,
      "lambda": 0.5249999999999999,
      "twait": 4.65753824136622
    },
    "F4": {
      "rho": 0.6239451787697625,
      "capacity": 1.0,
      "tserv": 1.1884670071805001,
      "stddev": 1.927468943486405,
      "mu": 0.841420076416243,
      "cv": 1.621811065718266,
      "lambda": 0.5249999999999999,
      "twait": 3.5792453447418553
    },
    "F5": {
      "rho": 0.7661451906971698,
      "capacity": 1.0,
      "tserv": 4.377972518269542,
      "stddev": 4.377972518269542,
      "mu": 0.22841623510128034,
      "cv": 1.0,
      "lambda": 0.175,
      "twait": 14.342927562088812
    },
    "F6": {
      "rho": 0.7263778080638047,
      "capacity": 1.0,
      "tserv": 2.075365165896585,
      "stddev": 2.123374062919985,
      "mu": 0.4818429144097091,
      "cv": 1.0231327468593505,
      "lambda": 0.35,
      "twait": 5.638340721161067
    },
    "F7": {
      "rho": 0.7168958493196347,
      "capacity": 1.0,
      "tserv": 1.365515903465971,
      "stddev": 1.8524272794688894,
      "mu": 0.7323239498432691,
      "cv": 1.3565768620980785,
      "lambda": 0.5249999999999999,
      "twait": 4.910672026877514
    },
    "F8": {
      "rho": 0.6228753945631108,
      "capacity": 1.0,
      "tserv": 3.5592879689320625,
      "stddev": 3.5592879689320633,
      "mu": 0.28095506987034896,
      "cv": 1.0000000000000002,
      "lambda": 0.175,
      "twait": 5.8786747564348465
    },
    "F9": {
      "rho": 0.8568808183657125,
      "capacity": 1.0,
      "tserv": 4.896461819232643,
      "stddev": 4.896461819232643,
      "mu": 0.2042291019348164,
      "cv": 1.0,
      "lambda": 0.175,
      "twait": 29.316015944541704
    },
    "F10": {
      "rho": 0.676925804592506,
      "capacity": 1.0,
      "tserv": 1.93407372740716,
      "stddev": 2.027238748550345,
      "mu": 0.5170433711131637,
      "cv": 1.0481703566017015,
      "lambda": 0.35,
      "twait": 4.2523023865603555
    }
  },
  "extra": {
    "conv_gen": 88,
    "max_gen": 600,
    "population": 600,
    "deltatime": 39.3397306,
    "obj_func": 46.65693900696765
  },
  "network": [
    [
      0.0,
      2.420531799672593,
      2.1328288536984665,
      2.3577190863484603,
      1.606032966556274,
      2.0742199366974043,
      2.1183097966570434,
      2.065860185910092,
      1.988201441468173,
      1.988201441468173
    ],
    [
      2.420531799672593,
      0.0,
      2.4084680794652487,
      2.577182758627602,
      0.5846821634374659,
      2.887837645649614,
      1.4783974191768625,
      1.988201441468173,
      1.8720918015474244,
      1.8720918015474244
    ],
    [
      2.1328288536984665,
      2.4084680794652487,
      0.0,
      2.091818959481578,
      1.378971596161581,
      2.1606560885851973,
      2.065860185910092,
      1.8720918015474244,
      2.4748613032009494,
      2.4748613032009494
    ],
    [
      2.3577190863484603,
      2.577182758627602,
      2.091818959481578,
      0.0,
      1.14985592618689,
      2.1183097966570434,
      1.988201441468173,
      2.4748613032009494,
      2.559474984978215,
      2.559474984978215
    ],
    [
      1.606032966556274,
      0.5846821634374659,
      1.378971596161581,
      1.14985592618689,
      0.0,
      1.4783974191768625,
      1.8720918015474244,
      2.559474984978215,
      1.421101599325916,
      1.421101599325916
    ],
    [
      2.0742199366974043,
      2.887837645649614,
      2.1606560885851973,
      2.1183097966570434,
      1.4783974191768625,
      0.0,
      2.4748613032009494,
      1.421101599325916,
      1.5898225879962238,
      1.5898225879962238
    ],
    [
      2.1183097966570434,
      1.4783974191768625,
      2.065860185910092,
      1.988201441468173,
      1.8720918015474244,
      2.4748613032009494,
      0.0,
      1.5898225879962238,
      1.8667693768469522,
      1.8667693768469522
    ],
    [
      2.065860185910092,
      1.988201441468173,
      1.8720918015474244,
      2.4748613032009494,
      2.559474984978215,
      1.421101599325916,
      1.5898225879962238,
      0.0,
      2.2113136456932243,
      2.2113136456932243
    ],
    [
      1.988201441468173,
      1.8720918015474244,
      2.4748613032009494,
      2.559474984978215,
      1.421101599325916,
      1.5898225879962238,
      1.8667693768469522,
      2.2113136456932243,
      0.0,
      1.9130396705949213
    ],
    [
      1.988201441468173,
      1.8720918015474244,
      2.4748613032009494,
      2.559474984978215,
      1.421101599325916,
      1.5898225879962238,
      1.8667693768469522,
      2.2113136456932243,
      1.9130396705949213,
      0.0
    ]
  ]
}