{
  "servicechain": {
    "SC1": {
      "resptime": 18.241748019494196,
      "resptime_old": 8.241748019494194,
      "waittime": 5.639424051928975,
      "servicetime": 10.0,
      "networktime": 2.6023239675652197,
      "services": {
        "MS1_1": {
          "meanserv": 0.3154634539748713,
          "stddevserv": 0.3154634539748713,
          "rate": 3.1699392985142945,
          "cv": 1.0,
          "lambda": 0.05
        },
        "MS1_2": {
          "meanserv": 0.4166129704864341,
          "stddevserv": 0.4166129704864341,
          "rate": 2.4003093298617366,
          "cv": 1.0,
          "lambda": 0.05
        },
        "MS1_3": {
          "meanserv": 7.929143146567934,
          "stddevserv": 7.929143146567934,
          "rate": 0.12611703200652166,
          "cv": 1.0,
          "lambda": 0.05
        },
        "MS1_4": {
          "meanserv": 1.2867153663008466,
          "stddevserv": 1.2867153663008466,
          "rate": 0.7771726569760964,
          "cv": 1.0,
          "lambda": 0.05
        },
        "MS1_5": {
          "meanserv": 0.0520650626699144,
          "stddevserv": 0.0520650626699144,
          "rate": 19.206737660912225,
          "cv": 1.0,
          "lambda": 0.05
        }
      },
      "sensors": [
        "S1"
      ],
      "sources": [
        {
          "startTime": 0,
          "stopTime": -1,
          "lambda": 0.05
        }
      ]
    },
    "SC2": {
      "resptime": 17.796758721178783,
      "resptime_old": 7.796758721178785,
      "waittime": 5.467431408596417,
      "servicetime": 10.0,
      "networktime": 2.3293273125823677,
      "services": {
        "MS2_1": {
          "meanserv": 0.40286865967787744,
          "stddevserv": 0.40286865967787744,
          "rate": 2.48219854281932,
          "cv": 1.0,
          "lambda": 0.05
        },
        "MS2_2": {
          "meanserv": 3.847147900294475,
          "stddevserv": 3.847147900294475,
          "rate": 0.25993281930321843,
          "cv": 1.0,
          "lambda": 0.05
        },
        "MS2_3": {
          "meanserv": 1.9190769735998012,
          "stddevserv": 1.9190769735998012,
          "rate": 0.5210838406987927,
          "cv": 1.0,
          "lambda": 0.05
        },
        "MS2_4": {
          "meanserv": 3.636545851266101,
          "stddevserv": 3.636545851266101,
          "rate": 0.27498622068847,
          "cv": 1.0,
          "lambda": 0.05
        },
        "MS2_5": {
          "meanserv": 0.1943606151617452,
          "stddevserv": 0.1943606151617452,
          "rate": 5.145075298140052,
          "cv": 1.0,
          "lambda": 0.05
        }
      },
      "sensors": [
        "S2"
      ],
      "sources": [
        {
          "startTime": 0,
          "stopTime": -1,
          "lambda": 0.05
        }
      ]
    },
    "SC3": {
      "resptime": 16.036561823767602,
      "resptime_old": 6.036561823767602,
      "waittime": 4.3511903060457895,
      "servicetime": 10.0,
      "networktime": 1.6853715177218125,
      "services": {
        "MS3_1": {
          "meanserv": 0.6984879833358659,
          "stddevserv": 0.6984879833358659,
          "rate": 1.4316638565837043,
          "cv": 1.0,
          "lambda": 0.05
        },
        "MS3_2": {
          "meanserv": 3.0882789267782,
          "stddevserv": 3.0882789267782,
          "rate": 0.32380494887592126,
          "cv": 1.0,
          "lambda": 0.05
        },
        "MS3_3": {
          "meanserv": 1.9123542318476558,
          "stddevserv": 1.9123542318476558,
          "rate": 0.5229156729158028,
          "cv": 1.0,
          "lambda": 0.05
        },
        "MS3_4": {
          "meanserv": 1.0605286287557325,
          "stddevserv": 1.0605286287557325,
          "rate": 0.9429259832176828,
          "cv": 1.0,
          "lambda": 0.05
        },
        "MS3_5": {
          "meanserv": 3.240350229282546,
          "stddevserv": 3.240350229282546,
          "rate": 0.3086086161190707,
          "cv": 1.0,
          "lambda": 0.05
        }
      },
      "sensors": [
        "S3"
      ],
      "sources": [
        {
          "startTime": 0,
          "stopTime": -1,
          "lambda": 0.05
        }
      ]
    },
    "SC4": {
      "resptime": 17.30450787898734,
      "resptime_old": 7.304507878987342,
      "waittime": 3.173328646913147,
      "servicetime": 10.0,
      "networktime": 4.131179232074195,
      "services": {
        "MS4_1": {
          "meanserv": 0.6938052669929218,
          "stddevserv": 0.6938052669929218,
          "rate": 1.44132661940458,
          "cv": 1.0,
          "lambda": 0.05
        },
        "MS4_2": {
          "meanserv": 0.5640633180594934,
          "stddevserv": 0.5640633180594934,
          "rate": 1.7728506144314229,
          "cv": 1.0,
          "lambda": 0.05
        },
        "MS4_3": {
          "meanserv": 3.7140214734465613,
          "stddevserv": 3.7140214734465613,
          "rate": 0.2692499241454341,
          "cv": 1.0,
          "lambda": 0.05
        },
        "MS4_4": {
          "meanserv": 0.5391504987984206,
          "stddevserv": 0.5391504987984206,
          "rate": 1.8547696834717822,
          "cv": 1.0,
          "lambda": 0.05
        },
        "MS4_5": {
          "meanserv": 4.488959442702603,
          "stddevserv": 4.488959442702603,
          "rate": 0.22276877587424682,
          "cv": 1.0,
          "lambda": 0.05
        }
      },
      "sensors": [
        "S4"
      ],
      "sources": [
        {
          "startTime": 0,
          "stopTime": -1,
          "lambda": 0.05
        }
      ]
    }
  },
  "microservice": {
    "MS1_1": "F8",
    "MS1_2": "F8",
    "MS1_3": "F1",
    "MS1_4": "F8",
    "MS1_5": "F8",
    "MS2_1": "F3",
    "MS2_2": "F3",
    "MS2_3": "F5",
    "MS2_4": "F5",
    "MS2_5": "F5",
    "MS3_1": "F7",
    "MS3_2": "F7",
    "MS3_3": "F7",
    "MS3_4": "F6",
    "MS3_5": "F6",
    "MS4_1": "F9",
    "MS4_2": "F9",
    "MS4_3": "F4",
    "MS4_4": "F4",
    "MS4_5": "F2"
  },
  "sensor": {
    "S1": "F8",
    "S2": "F3",
    "S3": "F7",
    "S4": "F9"
  },
  "fog": {
    "F1": {
      "rho": 0.3964571573283967,
      "capacity": 1.0,
      "tserv": 7.929143146567934,
      "stddev": 7.929143146567934,
      "mu": 0.12611703200652166,
      "cv": 1.0,
      "lambda": 0.05,
      "twait": 5.208520969320356
    },
    "F2": {
      "rho": 0.22444797213513015,
      "capacity": 1.0,
      "tserv": 4.488959442702603,
      "stddev": 4.488959442702603,
      "mu": 0.22276877587424682,
      "cv": 1.0,
      "lambda": 0.05,
      "twait": 1.2991234729734908
    },
    "F3": {
      "rho": 0.21250082799861764,
      "capacity": 1.0,
      "tserv": 2.1250082799861763,
      "stddev": 3.2322113070900906,
      "mu": 0.4705864016711056,
      "cv": 1.5210346884441868,
      "lambda": 0.1,
      "twait": 0.9500232289555076
    },
    "F4": {
      "rho": 0.21265859861224914,
      "capacity": 1.0,
      "tserv": 2.126585986122491,
      "stddev": 3.0922921610359175,
      "mu": 0.47023727539150634,
      "cv": 1.454111040520043,
      "lambda": 0.1,
      "twait": 0.8944429151541805
    },
    "F5": {
      "rho": 0.2874991720013823,
      "capacity": 1.0,
      "tserv": 1.916661146675882,
      "stddev": 2.7610038368828045,
      "mu": 0.5217406330452973,
      "cv": 1.440527889695729,
      "lambda": 0.15000000000000002,
      "twait": 1.1891283168951339
    },
    "F6": {
      "rho": 0.21504394290191395,
      "capacity": 1.0,
      "tserv": 2.1504394290191393,
      "stddev": 2.645789266540667,
      "mu": 0.46502123543006324,
      "cv": 1.2303481934143419,
      "lambda": 0.1,
      "twait": 0.74046123191896
    },
    "F7": {
      "rho": 0.28495605709808614,
      "capacity": 1.0,
      "tserv": 1.899707047320574,
      "stddev": 2.347923991111207,
      "mu": 0.526396952314538,
      "cv": 1.235940033187126,
      "lambda": 0.15000000000000002,
      "twait": 0.9567559474026233
    },
    "F8": {
      "rho": 0.1035428426716033,
      "capacity": 1.0,
      "tserv": 0.5177142133580165,
      "stddev": 0.8352768251217708,
      "mu": 1.9315675988761525,
      "cv": 1.6133936514973548,
      "lambda": 0.2,
      "twait": 0.1077257706521548
    },
    "F9": {
      "rho": 0.06289342925262076,
      "capacity": 1.0,
      "tserv": 0.6289342925262076,
      "stddev": 0.6355901438599906,
      "mu": 1.5899912151130322,
      "cv": 1.0105827451498133,
      "lambda": 0.1,
      "twait": 0.04265967181564769
    },
    "F10": {
      "rho": 0,
      "capacity": 1.0,
      "tserv": 0,
      "stddev": 0,
      "mu": 0,
      "cv": 0,
      "lambda": 0.0,
      "twait": 0
    }
  },
  "extra": {
    "deltatime": 0.0172929,
    "obj_func": 17.34489411085698
  },
  "network": [
    [
      0.0,
      2.0854204128705414,
      1.9509074117340353,
      1.9467619999455814,
      2.3531148376693065,
      1.6923017251459551,
      1.6414489371804295,
      1.3011619837826098,
      1.8316709774826596,
      1.8316709774826596
    ],
    [
      2.0854204128705414,
      0.0,
      2.0494997703959696,
      1.9142835740011293,
      2.5018582501438824,
      2.105485176662909,
      1.7332442116198832,
      1.8316709774826596,
      2.0001811687542905,
      2.0001811687542905
    ],
    [
      1.9509074117340353,
      2.0494997703959696,
      0.0,
      2.3106537639621703,
      2.3293273125823677,
      2.164896529962463,
      1.3011619837826098,
      2.0001811687542905,
      1.6853715177218125,
      1.6853715177218125
    ],
    [
      1.9467619999455814,
      1.9142835740011293,
      2.3106537639621703,
      0.0,
      1.6946695589750194,
      1.6414489371804295,
      1.8316709774826596,
      1.6853715177218125,
      2.2168956580730654,
      2.2168956580730654
    ],
    [
      2.3531148376693065,
      2.5018582501438824,
      2.3293273125823677,
      1.6946695589750194,
      0.0,
      1.7332442116198832,
      2.0001811687542905,
      2.2168956580730654,
      2.2418258649765255,
      2.2418258649765255
    ],
    [
      1.6923017251459551,
      2.105485176662909,
      2.164896529962463,
      1.6414489371804295,
      1.7332442116198832,
      0.0,
      1.6853715177218125,
      2.2418258649765255,
      2.4818123605708635,
      2.4818123605708635
    ],
    [
      1.6414489371804295,
      1.7332442116198832,
      1.3011619837826098,
      1.8316709774826596,
      2.0001811687542905,
      1.6853715177218125,
      0.0,
      2.4818123605708635,
      1.73555383457376,
      1.73555383457376
    ],
    [
      1.3011619837826098,
      1.8316709774826596,
      2.0001811687542905,
      1.6853715177218125,
      2.2168956580730654,
      2.2418258649765255,
      2.4818123605708635,
      0.0,
      2.270553305559598,
      2.270553305559598
    ],
    [
      1.8316709774826596,
      2.0001811687542905,
      1.6853715177218125,
      2.2168956580730654,
      2.2418258649765255,
      2.4818123605708635,
      1.73555383457376,
      2.270553305559598,
      0.0,
      2.3873810747363926
    ],
    [
      1.8316709774826596,
      2.0001811687542905,
      1.6853715177218125,
      2.2168956580730654,
      2.2418258649765255,
      2.4818123605708635,
      1.73555383457376,
      2.270553305559598,
      2.3873810747363926,
      0.0
    ]
  ]
}