{
  "servicechain": {
    "SC1": {
      "resptime": 3233.185204360695,
      "resptime_old": 3223.1852043606946,
      "waittime": 3218.1616111465814,
      "servicetime": 10.0,
      "networktime": 5.023593214113373,
      "services": {
        "MS1_1": {
          "meanserv": 0.6563410261290148,
          "stddevserv": 0.6563410261290148,
          "rate": 1.523598190864018,
          "cv": 1.0,
          "lambda": 0.375
        },
        "MS1_2": {
          "meanserv": 0.4525357798779017,
          "stddevserv": 0.4525357798779017,
          "rate": 2.2097700214330214,
          "cv": 1.0,
          "lambda": 0.375
        },
        "MS1_3": {
          "meanserv": 1.9295044197776978,
          "stddevserv": 1.9295044197776978,
          "rate": 0.5182677944397827,
          "cv": 1.0,
          "lambda": 0.375
        },
        "MS1_4": {
          "meanserv": 0.02106420811551679,
          "stddevserv": 0.02106420811551679,
          "rate": 47.47389479423902,
          "cv": 1.0,
          "lambda": 0.375
        },
        "MS1_5": {
          "meanserv": 0.7109564877913841,
          "stddevserv": 0.7109564877913841,
          "rate": 1.4065558401563245,
          "cv": 1.0,
          "lambda": 0.375
        },
        "MS1_6": {
          "meanserv": 1.47631846058392,
          "stddevserv": 1.47631846058392,
          "rate": 0.6773606282783158,
          "cv": 1.0,
          "lambda": 0.375
        },
        "MS1_7": {
          "meanserv": 1.0501778655172576,
          "stddevserv": 1.0501778655172576,
          "rate": 0.9522196504374592,
          "cv": 1.0,
          "lambda": 0.375
        },
        "MS1_8": {
          "meanserv": 2.9263044991320237,
          "stddevserv": 2.9263044991320237,
          "rate": 0.341727937163276,
          "cv": 1.0,
          "lambda": 0.375
        },
        "MS1_9": {
          "meanserv": 0.2756454915202937,
          "stddevserv": 0.2756454915202937,
          "rate": 3.6278481990929916,
          "cv": 1.0,
          "lambda": 0.375
        },
        "MS1_10": {
          "meanserv": 0.5011517615549899,
          "stddevserv": 0.5011517615549899,
          "rate": 1.9954035418276646,
          "cv": 1.0,
          "lambda": 0.375
        }
      },
      "sensors": [
        "S1"
      ],
      "sources": [
        {
          "startTime": 0,
          "stopTime": -1,
          "lambda": 0.375
        }
      ]
    },
    "SC2": {
      "resptime": 89.78838555003695,
      "resptime_old": 79.78838555003696,
      "waittime": 74.39991783558136,
      "servicetime": 10.0,
      "networktime": 5.388467714455583,
      "services": {
        "MS2_1": {
          "meanserv": 0.9709170306595272,
          "stddevserv": 0.9709170306595272,
          "rate": 1.0299541242166874,
          "cv": 1.0,
          "lambda": 0.375
        },
        "MS2_2": {
          "meanserv": 2.001019470160964,
          "stddevserv": 2.001019470160964,
          "rate": 0.49974526230849675,
          "cv": 1.0,
          "lambda": 0.375
        },
        "MS2_3": {
          "meanserv": 0.35001076181837476,
          "stddevserv": 0.35001076181837476,
          "rate": 2.8570550082654695,
          "cv": 1.0,
          "lambda": 0.375
        },
        "MS2_4": {
          "meanserv": 0.3143516604299563,
          "stddevserv": 0.3143516604299563,
          "rate": 3.181150685293802,
          "cv": 1.0,
          "lambda": 0.375
        },
        "MS2_5": {
          "meanserv": 0.2917961757423253,
          "stddevserv": 0.2917961757423253,
          "rate": 3.4270497118614194,
          "cv": 1.0,
          "lambda": 0.375
        },
        "MS2_6": {
          "meanserv": 2.3724294642890706,
          "stddevserv": 2.3724294642890706,
          "rate": 0.42150884359365476,
          "cv": 1.0,
          "lambda": 0.375
        },
        "MS2_7": {
          "meanserv": 0.5696761223448163,
          "stddevserv": 0.5696761223448163,
          "rate": 1.755383385008219,
          "cv": 1.0,
          "lambda": 0.375
        },
        "MS2_8": {
          "meanserv": 0.3368016284526014,
          "stddevserv": 0.3368016284526014,
          "rate": 2.9691067842943384,
          "cv": 1.0,
          "lambda": 0.375
        },
        "MS2_9": {
          "meanserv": 2.5284943842033485,
          "stddevserv": 2.5284943842033485,
          "rate": 0.395492276450149,
          "cv": 1.0,
          "lambda": 0.375
        },
        "MS2_10": {
          "meanserv": 0.2645033018990155,
          "stddevserv": 0.2645033018990155,
          "rate": 3.78067114028614,
          "cv": 1.0,
          "lambda": 0.375
        }
      },
      "sensors": [
        "S2"
      ],
      "sources": [
        {
          "startTime": 0,
          "stopTime": -1,
          "lambda": 0.375
        }
      ]
    },
    "SC3": {
      "resptime": 4572.890751971247,
      "resptime_old": 4562.890751971247,
      "waittime": 4556.51911351275,
      "servicetime": 10.0,
      "networktime": 6.371638458496412,
      "services": {
        "MS3_1": {
          "meanserv": 0.27886230158409187,
          "stddevserv": 0.27886230158409187,
          "rate": 3.5859992344588987,
          "cv": 1.0,
          "lambda": 0.375
        },
        "MS3_2": {
          "meanserv": 0.12807611779427575,
          "stddevserv": 0.12807611779427575,
          "rate": 7.807856899646705,
          "cv": 1.0,
          "lambda": 0.375
        },
        "MS3_3": {
          "meanserv": 0.996859400004525,
          "stddevserv": 0.996859400004525,
          "rate": 1.0031504944382936,
          "cv": 1.0,
          "lambda": 0.375
        },
        "MS3_4": {
          "meanserv": 1.223230880927845,
          "stddevserv": 1.223230880927845,
          "rate": 0.8175071571455751,
          "cv": 1.0,
          "lambda": 0.375
        },
        "MS3_5": {
          "meanserv": 3.4854224323430394,
          "stddevserv": 3.4854224323430394,
          "rate": 0.2869092683631351,
          "cv": 1.0,
          "lambda": 0.375
        },
        "MS3_6": {
          "meanserv": 1.151894572348593,
          "stddevserv": 1.151894572348593,
          "rate": 0.8681350047175795,
          "cv": 1.0,
          "lambda": 0.375
        },
        "MS3_7": {
          "meanserv": 1.3744764826202918,
          "stddevserv": 1.3744764826202918,
          "rate": 0.7275497344949893,
          "cv": 1.0,
          "lambda": 0.375
        },
        "MS3_8": {
          "meanserv": 0.6997865648297186,
          "stddevserv": 0.6997865648297186,
          "rate": 1.4290071434042655,
          "cv": 1.0,
          "lambda": 0.375
        },
        "MS3_9": {
          "meanserv": 0.5393701296405808,
          "stddevserv": 0.5393701296405808,
          "rate": 1.8540144235765676,
          "cv": 1.0,
          "lambda": 0.375
        },
        "MS3_10": {
          "meanserv": 0.12202111790703896,
          "stddevserv": 0.12202111790703896,
          "rate": 8.195302724253386,
          "cv": 1.0,
          "lambda": 0.375
        }
      },
      "sensors": [
        "S3"
      ],
      "sources": [
        {
          "startTime": 0,
          "stopTime": -1,
          "lambda": 0.375
        }
      ]
    },
    "SC4": {
      "resptime": 3300.018408548722,
      "resptime_old": 3290.018408548722,
      "waittime": 3285.1036996335915,
      "servicetime": 10.0,
      "networktime": 4.914708915130784,
      "services": {
        "MS4_1": {
          "meanserv": 0.23180772736254518,
          "stddevserv": 0.23180772736254518,
          "rate": 4.313920037859692,
          "cv": 1.0,
          "lambda": 0.375
        },
        "MS4_2": {
          "meanserv": 0.3070157385144512,
          "stddevserv": 0.3070157385144512,
          "rate": 3.257162010125843,
          "cv": 1.0,
          "lambda": 0.375
        },
        "MS4_3": {
          "meanserv": 0.7100728986166216,
          "stddevserv": 0.7100728986166216,
          "rate": 1.4083061076520738,
          "cv": 1.0,
          "lambda": 0.375
        },
        "MS4_4": {
          "meanserv": 2.956953397971147,
          "stddevserv": 2.956953397971147,
          "rate": 0.33818591821099697,
          "cv": 1.0,
          "lambda": 0.375
        },
        "MS4_5": {
          "meanserv": 1.356304345294852,
          "stddevserv": 1.356304345294852,
          "rate": 0.7372976452291807,
          "cv": 1.0,
          "lambda": 0.375
        },
        "MS4_6": {
          "meanserv": 0.09312043304122586,
          "stddevserv": 0.09312043304122586,
          "rate": 10.73878167595381,
          "cv": 1.0,
          "lambda": 0.375
        },
        "MS4_7": {
          "meanserv": 0.42158586749524396,
          "stddevserv": 0.42158586749524396,
          "rate": 2.371996020505316,
          "cv": 1.0,
          "lambda": 0.375
        },
        "MS4_8": {
          "meanserv": 1.0140165952553293,
          "stddevserv": 1.0140165952553293,
          "rate": 0.9861771539825738,
          "cv": 1.0,
          "lambda": 0.375
        },
        "MS4_9": {
          "meanserv": 1.0266816023353122,
          "stddevserv": 1.0266816023353122,
          "rate": 0.9740118043660063,
          "cv": 1.0,
          "lambda": 0.375
        },
        "MS4_10": {
          "meanserv": 1.8824413941132718,
          "stddevserv": 1.8824413941132718,
          "rate": 0.5312250374047115,
          "cv": 1.0,
          "lambda": 0.375
        }
      },
      "sensors": [
        "S4"
      ],
      "sources": [
        {
          "startTime": 0,
          "stopTime": -1,
          "lambda": 0.375
        }
      ]
    }
  },
  "microservice": {
    "MS1_1": "F6",
    "MS1_2": "F6",
    "MS1_3": "F10",
    "MS1_4": "F21",
    "MS1_5": "F21",
    "MS1_6": "F5",
    "MS1_7": "F2",
    "MS1_8": "F16",
    "MS1_9": "F17",
    "MS1_10": "F17",
    "MS2_1": "F22",
    "MS2_2": "F7",
    "MS2_3": "F8",
    "MS2_4": "F17",
    "MS2_5": "F17",
    "MS2_6": "F20",
    "MS2_7": "F14",
    "MS2_8": "F14",
    "MS2_9": "F24",
    "MS2_10": "F9",
    "MS3_1": "F3",
    "MS3_2": "F3",
    "MS3_3": "F9",
    "MS3_4": "F18",
    "MS3_5": "F15",
    "MS3_6": "F12",
    "MS3_7": "F13",
    "MS3_8": "F8",
    "MS3_9": "F3",
    "MS3_10": "F3",
    "MS4_1": "F19",
    "MS4_2": "F19",
    "MS4_3": "F19",
    "MS4_4": "F25",
    "MS4_5": "F1",
    "MS4_6": "F21",
    "MS4_7": "F21",
    "MS4_8": "F23",
    "MS4_9": "F11",
    "MS4_10": "F4"
  },
  "sensor": {
    "S1": "F6",
    "S2": "F22",
    "S3": "F3",
    "S4": "F19"
  },
  "fog": {
    "F1": {
      "rho": 0.5086141294855695,
      "capacity": 1.0,
      "tserv": 1.356304345294852,
      "stddev": 1.356304345294852,
      "mu": 0.7372976452291807,
      "cv": 1.0,
      "lambda": 0.375,
      "twait": 1.4038571218530347
    },
    "F2": {
      "rho": 0.3938166995689716,
      "capacity": 1.0,
      "tserv": 1.0501778655172576,
      "stddev": 1.0501778655172576,
      "mu": 0.9522196504374592,
      "cv": 1.0,
      "lambda": 0.375,
      "twait": 0.68226488698108
    },
    "F3": {
      "rho": 0.40062362509724525,
      "capacity": 1.0,
      "tserv": 0.26708241673149685,
      "stddev": 0.35868574721024027,
      "mu": 3.7441626155619203,
      "cv": 1.342977765439475,
      "lambda": 1.5,
      "twait": 0.2502457023911131
    },
    "F4": {
      "rho": 0.7059155227924768,
      "capacity": 1.0,
      "tserv": 1.8824413941132718,
      "stddev": 1.8824413941132718,
      "mu": 0.5312250374047115,
      "cv": 1.0,
      "lambda": 0.375,
      "twait": 4.518581237165941
    },
    "F5": {
      "rho": 0.5536194227189699,
      "capacity": 1.0,
      "tserv": 1.4763184605839197,
      "stddev": 1.4763184605839201,
      "mu": 0.6773606282783159,
      "cv": 1.0000000000000002,
      "lambda": 0.375,
      "twait": 1.8309904496208953
    },
    "F6": {
      "rho": 0.41582880225259367,
      "capacity": 1.0,
      "tserv": 0.5544384030034583,
      "stddev": 0.5728614421697131,
      "mu": 1.8036268674443943,
      "cv": 1.0332282884202377,
      "lambda": 0.75,
      "twait": 0.40799609157849653
    },
    "F7": {
      "rho": 0.7503823013103614,
      "capacity": 1.0,
      "tserv": 2.001019470160964,
      "stddev": 2.001019470160964,
      "mu": 0.49974526230849675,
      "cv": 1.0,
      "lambda": 0.375,
      "twait": 6.015317034282679
    },
    "F8": {
      "rho": 0.393673997493035,
      "capacity": 1.0,
      "tserv": 0.5248986633240467,
      "stddev": 0.5802500865536222,
      "mu": 1.9051296371517887,
      "cv": 1.1054516368531964,
      "lambda": 0.75,
      "twait": 0.3786383689468838
    },
    "F9": {
      "rho": 0.4730110132138277,
      "capacity": 1.0,
      "tserv": 0.6306813509517702,
      "stddev": 0.8160463795976999,
      "mu": 1.5855867602409452,
      "cv": 1.2939123352326696,
      "lambda": 0.75,
      "twait": 0.7569114488851213
    },
    "F10": {
      "rho": 0.7235641574166367,
      "capacity": 1.0,
      "tserv": 1.9295044197776978,
      "stddev": 1.9295044197776978,
      "mu": 0.5182677944397827,
      "cv": 1.0,
      "lambda": 0.375,
      "twait": 5.050431328589764
    },
    "F11": {
      "rho": 0.3850056008757421,
      "capacity": 1.0,
      "tserv": 1.0266816023353122,
      "stddev": 1.0266816023353122,
      "mu": 0.9740118043660063,
      "cv": 1.0,
      "lambda": 0.375,
      "twait": 0.6427345806369071
    },
    "F12": {
      "rho": 0.43196046463072235,
      "capacity": 1.0,
      "tserv": 1.151894572348593,
      "stddev": 1.151894572348593,
      "mu": 0.8681350047175795,
      "cv": 1.0,
      "lambda": 0.375,
      "twait": 0.8759476826799345
    },
    "F13": {
      "rho": 0.5154286809826094,
      "capacity": 1.0,
      "tserv": 1.3744764826202918,
      "stddev": 1.3744764826202915,
      "mu": 0.7275497344949893,
      "cv": 0.9999999999999999,
      "lambda": 0.375,
      "twait": 1.4620027489764995
    },
    "F14": {
      "rho": 0.33992915654903166,
      "capacity": 1.0,
      "tserv": 0.4532388753987089,
      "stddev": 0.48222478485190284,
      "mu": 2.2063420731955348,
      "cv": 1.063952831556418,
      "lambda": 0.75,
      "twait": 0.24881773618138353
    },
    "F15": {
      "rho": 1.3070334121286398,
      "capacity": 1.0,
      "tserv": 3.4854224323430394,
      "stddev": 3.485422432343039,
      "mu": 0.2869092683631351,
      "cv": 0.9999999999999999,
      "lambda": 0.375,
      "twait": 4551.008010880566
    },
    "F16": {
      "rho": 1.097364187174509,
      "capacity": 1.0,
      "tserv": 2.926304499132024,
      "stddev": 2.9263044991320233,
      "mu": 0.34172793716327593,
      "cv": 0.9999999999999997,
      "lambda": 0.375,
      "twait": 3208.010536357004
    },
    "F17": {
      "rho": 0.518604408467837,
      "capacity": 1.0,
      "tserv": 0.3457362723118913,
      "stddev": 0.36880100305842833,
      "mu": 2.892378035180215,
      "cv": 1.0667119205986295,
      "lambda": 1.5,
      "twait": 0.3981357863638923
    },
    "F18": {
      "rho": 0.45871158034794185,
      "capacity": 1.0,
      "tserv": 1.223230880927845,
      "stddev": 1.2232308809278447,
      "mu": 0.8175071571455751,
      "cv": 0.9999999999999998,
      "lambda": 0.375,
      "twait": 1.0366195731316403
    },
    "F19": {
      "rho": 0.46833613668510676,
      "capacity": 1.0,
      "tserv": 0.41629878816453936,
      "stddev": 0.5113641794060778,
      "mu": 2.40212085269092,
      "cv": 1.2283585586705204,
      "lambda": 1.125,
      "twait": 0.4600159888458208
    },
    "F20": {
      "rho": 0.8896610491084015,
      "capacity": 1.0,
      "tserv": 2.3724294642890706,
      "stddev": 2.3724294642890706,
      "mu": 0.42150884359365476,
      "cv": 1.0,
      "lambda": 0.375,
      "twait": 19.1288576615949
    },
    "F21": {
      "rho": 0.467522623666264,
      "capacity": 1.0,
      "tserv": 0.3116817491108427,
      "stddev": 0.49900794666022535,
      "mu": 3.2084008860087994,
      "cv": 1.6010175381900988,
      "lambda": 1.5,
      "twait": 0.48756218425028336
    },
    "F22": {
      "rho": 0.3640938864973226,
      "capacity": 1.0,
      "tserv": 0.9709170306595271,
      "stddev": 0.9709170306595273,
      "mu": 1.0299541242166876,
      "cv": 1.0000000000000002,
      "lambda": 0.375,
      "twait": 0.5559074644087048
    },
    "F23": {
      "rho": 0.3802562232207485,
      "capacity": 1.0,
      "tserv": 1.0140165952553293,
      "stddev": 1.0140165952553293,
      "mu": 0.9861771539825738,
      "cv": 1.0,
      "lambda": 0.375,
      "twait": 0.622170218148551
    },
    "F24": {
      "rho": 0.9481853940762557,
      "capacity": 1.0,
      "tserv": 2.5284943842033485,
      "stddev": 2.5284943842033485,
      "mu": 0.395492276450149,
      "cv": 1.0,
      "lambda": 0.375,
      "twait": 46.27037881237253
    },
    "F25": {
      "rho": 1.10885752423918,
      "capacity": 1.0,
      "tserv": 2.9569533979711466,
      "stddev": 2.956953397971148,
      "mu": 0.338185918210997,
      "cv": 1.0000000000000004,
      "lambda": 0.375,
      "twait": 3275.561184140749
    }
  },
  "extra": {
    "conv_gen": 9,
    "max_gen": 600,
    "population": 600,
    "deltatime": 82.5018818,
    "obj_func": 2798.9706876076752
  },
  "network": [
    [
      0.0,
      0.7359001939787607,
      1.5550434403581825,
      1.0652346995565438,
      0.8948918318452138,
      0.8424323514339223,
      1.0098585478779516,
      1.1426312756202777,
      0.8608572452595799,
      1.3855980826317988,
      0.7837422306771353,
      1.074447788836951,
      0.9337006944905967,
      0.785670660115711,
      1.0889924986998833,
      1.422422056824527,
      0.8740082059845837,
      0.6183815862100582,
      1.1256007626212732,
      1.007109433199014,
      0.7788855117002381,
      0.8774854060287717,
      0.9828575379379467,
      0.566832682047691,
      0.566832682047691
    ],
    [
      0.7359001939787607,
      0.0,
      1.2874387257531665,
      0.9119989301868822,
      1.0080404218831767,
      0.9243850406106228,
      1.161638557135425,
      1.0233204806558942,
      0.9134301398932229,
      1.0375275715495345,
      1.0168295555984688,
      0.7788336060980071,
      1.1539100238573827,
      0.8009168709879995,
      1.0438384440104995,
      0.5925243416463237,
      1.1270997750034064,
      0.94520349814702,
      0.8191213246658909,
      0.6757247522965936,
      1.1809453662932947,
      1.0195839301784377,
      0.566832682047691,
      1.184258492791761,
      1.184258492791761
    ],
    [
      1.5550434403581825,
      1.2874387257531665,
      0.0,
      0.9376438990645808,
      1.135516475707962,
      0.9390713629085489,
      0.9422245734090663,
      0.7886333174915869,
      0.7939143539298745,
      0.8676488003464818,
      0.820943250704024,
      0.8792060904771756,
      0.839476338739193,
      0.7890040233564474,
      1.2206867646336288,
      0.9432222698382128,
      0.984140875610376,
      1.0039083136892983,
      1.0324556027127938,
      0.9324545843924924,
      1.0201570647682097,
      0.9828575379379467,
      1.184258492791761,
      1.1466727707660598,
      1.1466727707660598
    ],
    [
      1.0652346995565438,
      0.9119989301868822,
      0.9376438990645808,
      0.0,
      0.7167440301795018,
      0.8658102482547793,
      1.0409605468705287,
      1.147529901812042,
      1.303232208782002,
      1.1724847670952534,
      0.7506112600347484,
      0.9354308640194933,
      0.7834120787772882,
      0.8446333407621063,
      0.9080960187052024,
      1.2455287083080882,
      1.1462201077772867,
      0.8707522245051342,
      1.298728628719791,
      0.9950910408565394,
      0.8774854060287717,
      0.566832682047691,
      1.1466727707660598,
      0.6337618279477445,
      0.6337618279477445
    ],
    [
      0.8948918318452138,
      1.0080404218831767,
      1.135516475707962,
      0.7167440301795018,
      0.0,
      1.0506944882500568,
      1.2668768816873854,
      0.8715572977309457,
      0.9038327925345765,
      1.405492645226287,
      1.2761832187333075,
      0.9334358468056401,
      1.0304175079893954,
      1.1972601476741513,
      0.8216620022328439,
      1.0128374329727736,
      1.2510207478869426,
      0.8304932113024804,
      0.8690354453077357,
      0.7788855117002381,
      1.0195839301784377,
      1.184258492791761,
      0.6337618279477445,
      1.3613296587865396,
      1.3613296587865396
    ],
    [
      0.8424323514339223,
      0.9243850406106228,
      0.9390713629085489,
      0.8658102482547793,
      1.0506944882500568,
      0.0,
      1.2473890361199707,
      1.183230502476682,
      1.0912402885545545,
      0.737227089744897,
      1.0266335891349498,
      0.9379968066327066,
      0.9353591275764876,
      1.0188672077722076,
      1.090099104406735,
      1.0723735173141942,
      1.0834410113338198,
      1.2666953849453446,
      1.007109433199014,
      1.1809453662932947,
      0.9828575379379467,
      1.1466727707660598,
      1.3613296587865396,
      1.0453570190874886,
      1.0453570190874886
    ],
    [
      1.0098585478779516,
      1.161638557135425,
      0.9422245734090663,
      1.0409605468705287,
      1.2668768816873854,
      1.2473890361199707,
      0.0,
      0.8398794595717937,
      0.7059762606944425,
      0.7183808420175966,
      0.9213475687336138,
      0.9634384847488798,
      0.6658729865557773,
      0.851843150538073,
      0.9592716539648372,
      0.6893559330379759,
      0.9767713383015004,
      1.1256007626212732,
      0.6757247522965936,
      1.0201570647682097,
      0.566832682047691,
      0.6337618279477445,
      1.0453570190874886,
      0.6501989215221113,
      0.6501989215221113
    ],
    [
      1.1426312756202777,
      1.0233204806558942,
      0.7886333174915869,
      1.147529901812042,
      0.8715572977309457,
      1.183230502476682,
      0.8398794595717937,
      0.0,
      1.1840183670782964,
      0.7287819875587652,
      1.0432250041927498,
      1.276824299615743,
      1.0326512135516936,
      0.9291222459953526,
      1.041264108204765,
      1.1685646979609425,
      0.6183815862100582,
      0.8191213246658909,
      0.9324545843924924,
      0.8774854060287717,
      1.184258492791761,
      1.3613296587865396,
      0.6501989215221113,
      1.3680333904233362,
      1.3680333904233362
    ],
    [
      0.8608572452595799,
      0.9134301398932229,
      0.7939143539298745,
      1.303232208782002,
      0.9038327925345765,
      1.0912402885545545,
      0.7059762606944425,
      1.1840183670782964,
      0.0,
      1.21402793221858,
      0.879491041690393,
      0.941028371314658,
      0.925711565837419,
      0.8269420556339026,
      0.9283141143101772,
      0.8740082059845837,
      0.94520349814702,
      1.0324556027127938,
      0.9950910408565394,
      1.0195839301784377,
      1.1466727707660598,
      1.0453570190874886,
      1.3680333904233362,
      0.7804208460140916,
      0.7804208460140916
    ],
    [
      1.3855980826317988,
      1.0375275715495345,
      0.8676488003464818,
      1.1724847670952534,
      1.405492645226287,
      0.737227089744897,
      0.7183808420175966,
      0.7287819875587652,
      1.21402793221858,
      0.0,
      0.5467135670959762,
      1.1709292232700894,
      0.9181511190768503,
      1.258636910249542,
      1.422422056824527,
      1.1270997750034064,
      1.0039083136892983,
      1.298728628719791,
      0.7788855117002381,
      0.9828575379379467,
      0.6337618279477445,
      0.6501989215221113,
      0.7804208460140916,
      0.9461689682120706,
      0.9461689682120706
    ],
    [
      0.7837422306771353,
      1.0168295555984688,
      0.820943250704024,
      0.7506112600347484,
      1.2761832187333075,
      1.0266335891349498,
      0.9213475687336138,
      1.0432250041927498,
      0.879491041690393,
      0.5467135670959762,
      0.0,
      0.8710519535133211,
      1.1146501927917611,
      1.0889924986998833,
      0.5925243416463237,
      0.984140875610376,
      0.8707522245051342,
      0.8690354453077357,
      1.1809453662932947,
      0.566832682047691,
      1.3613296587865396,
      1.3680333904233362,
      0.9461689682120706,
      1.1052290692554612,
      1.1052290692554612
    ],
    [
      1.074447788836951,
      0.7788336060980071,
      0.8792060904771756,
      0.9354308640194933,
      0.9334358468056401,
      0.9379968066327066,
      0.9634384847488798,
      1.276824299615743,
      0.941028371314658,
      1.1709292232700894,
      0.8710519535133211,
      0.0,
      0.785670660115711,
      1.0438384440104995,
      0.9432222698382128,
      1.1462201077772867,
      0.8304932113024804,
      1.007109433199014,
      1.0201570647682097,
      1.184258492791761,
      1.0453570190874886,
      0.7804208460140916,
      1.1052290692554612,
      0.7687347537848841,
      0.7687347537848841
    ],
    [
      0.9337006944905967,
      1.1539100238573827,
      0.839476338739193,
      0.7834120787772882,
      1.0304175079893954,
      0.9353591275764876,
      0.6658729865557773,
      1.0326512135516936,
      0.925711565837419,
      0.9181511190768503,
      1.1146501927917611,
      0.785670660115711,
      0.0,
      1.2206867646336288,
      1.2455287083080882,
      1.2510207478869426,
      1.2666953849453446,
      0.6757247522965936,
      0.8774854060287717,
      1.1466727707660598,
      0.6501989215221113,
      0.9461689682120706,
      0.7687347537848841,
      0.7243647217815313,
      0.7243647217815313
    ],
    [
      0.785670660115711,
      0.8009168709879995,
      0.7890040233564474,
      0.8446333407621063,
      1.1972601476741513,
      1.0188672077722076,
      0.851843150538073,
      0.9291222459953526,
      0.8269420556339026,
      1.258636910249542,
      1.0889924986998833,
      1.0438384440104995,
      1.2206867646336288,
      0.0,
      1.0128374329727736,
      1.0834410113338198,
      1.1256007626212732,
      0.9324545843924924,
      1.0195839301784377,
      0.6337618279477445,
      1.3680333904233362,
      1.1052290692554612,
      0.7243647217815313,
      1.232063245242039,
      1.232063245242039
    ],
    [
      1.0889924986998833,
      1.0438384440104995,
      1.2206867646336288,
      0.9080960187052024,
      0.8216620022328439,
      1.090099104406735,
      0.9592716539648372,
      1.041264108204765,
      0.9283141143101772,
      1.422422056824527,
      0.5925243416463237,
      0.9432222698382128,
      1.2455287083080882,
      1.0128374329727736,
      0.0,
      0.9767713383015004,
      0.8191213246658909,
      0.9950910408565394,
      0.9828575379379467,
      1.3613296587865396,
      0.7804208460140916,
      0.7687347537848841,
      1.232063245242039,
      1.2167625771777992,
      1.2167625771777992
    ],
    [
      1.422422056824527,
      0.5925243416463237,
      0.9432222698382128,
      1.2455287083080882,
      1.0128374329727736,
      1.0723735173141942,
      0.6893559330379759,
      1.1685646979609425,
      0.8740082059845837,
      1.1270997750034064,
      0.984140875610376,
      1.1462201077772867,
      1.2510207478869426,
      1.0834410113338198,
      0.9767713383015004,
      0.0,
      1.0324556027127938,
      0.7788855117002381,
      0.566832682047691,
      1.0453570190874886,
      0.9461689682120706,
      0.7243647217815313,
      1.2167625771777992,
      1.2238193136445417,
      1.2238193136445417
    ],
    [
      0.8740082059845837,
      1.1270997750034064,
      0.984140875610376,
      1.1462201077772867,
      1.2510207478869426,
      1.0834410113338198,
      0.9767713383015004,
      0.6183815862100582,
      0.94520349814702,
      1.0039083136892983,
      0.8707522245051342,
      0.8304932113024804,
      1.2666953849453446,
      1.1256007626212732,
      0.8191213246658909,
      1.0324556027127938,
      0.0,
      1.1809453662932947,
      1.184258492791761,
      0.6501989215221113,
      1.1052290692554612,
      1.232063245242039,
      1.2238193136445417,
      0.9804254806597851,
      0.9804254806597851
    ],
    [
      0.6183815862100582,
      0.94520349814702,
      1.0039083136892983,
      0.8707522245051342,
      0.8304932113024804,
      1.2666953849453446,
      1.1256007626212732,
      0.8191213246658909,
      1.0324556027127938,
      1.298728628719791,
      0.8690354453077357,
      1.007109433199014,
      0.6757247522965936,
      0.9324545843924924,
      0.9950910408565394,
      0.7788855117002381,
      1.1809453662932947,
      0.0,
      1.1466727707660598,
      1.3680333904233362,
      0.7687347537848841,
      1.2167625771777992,
      0.9804254806597851,
      0.9725840620631819,
      0.9725840620631819
    ],
    [
      1.1256007626212732,
      0.8191213246658909,
      1.0324556027127938,
      1.298728628719791,
      0.8690354453077357,
      1.007109433199014,
      0.6757247522965936,
      0.9324545843924924,
      0.9950910408565394,
      0.7788855117002381,
      1.1809453662932947,
      1.0201570647682097,
      0.8774854060287717,
      1.0195839301784377,
      0.9828575379379467,
      0.566832682047691,
      1.184258492791761,
      1.1466727707660598,
      0.0,
      0.7804208460140916,
      0.7243647217815313,
      1.2238193136445417,
      0.9725840620631819,
      0.8080199325929607,
      0.8080199325929607
    ],
    [
      1.007109433199014,
      0.6757247522965936,
      0.9324545843924924,
      0.9950910408565394,
      0.7788855117002381,
      1.1809453662932947,
      1.0201570647682097,
      0.8774854060287717,
      1.0195839301784377,
      0.9828575379379467,
      0.566832682047691,
      1.184258492791761,
      1.1466727707660598,
      0.6337618279477445,
      1.3613296587865396,
      1.0453570190874886,
      0.6501989215221113,
      1.3680333904233362,
      0.7804208460140916,
      0.0,
      1.232063245242039,
      0.9804254806597851,
      0.8080199325929607,
      1.0641905605430744,
      1.0641905605430744
    ],
    [
      0.7788855117002381,
      1.1809453662932947,
      1.0201570647682097,
      0.8774854060287717,
      1.0195839301784377,
      0.9828575379379467,
      0.566832682047691,
      1.184258492791761,
      1.1466727707660598,
      0.6337618279477445,
      1.3613296587865396,
      1.0453570190874886,
      0.6501989215221113,
      1.3680333904233362,
      0.7804208460140916,
      0.9461689682120706,
      1.1052290692554612,
      0.7687347537848841,
      0.7243647217815313,
      1.232063245242039,
      0.0,
      0.9725840620631819,
      1.0641905605430744,
      1.2225379817761992,
      1.2225379817761992
    ],
    [
      0.8774854060287717,
      1.0195839301784377,
      0.9828575379379467,
      0.566832682047691,
      1.184258492791761,
      1.1466727707660598,
      0.6337618279477445,
      1.3613296587865396,
      1.0453570190874886,
      0.6501989215221113,
      1.3680333904233362,
      0.7804208460140916,
      0.9461689682120706,
      1.1052290692554612,
      0.7687347537848841,
      0.7243647217815313,
      1.232063245242039,
      1.2167625771777992,
      1.2238193136445417,
      0.9804254806597851,
      0.9725840620631819,
      0.0,
      1.2225379817761992,
      1.1050570688768115,
      1.1050570688768115
    ],
    [
      0.9828575379379467,
      0.566832682047691,
      1.184258492791761,
      1.1466727707660598,
      0.6337618279477445,
      1.3613296587865396,
      1.0453570190874886,
      0.6501989215221113,
      1.3680333904233362,
      0.7804208460140916,
      0.9461689682120706,
      1.1052290692554612,
      0.7687347537848841,
      0.7243647217815313,
      1.232063245242039,
      1.2167625771777992,
      1.2238193136445417,
      0.9804254806597851,
      0.9725840620631819,
      0.8080199325929607,
      1.0641905605430744,
      1.2225379817761992,
      0.0,
      0.813356861519756,
      0.813356861519756
    ],
    [
      0.566832682047691,
      1.184258492791761,
      1.1466727707660598,
      0.6337618279477445,
      1.3613296587865396,
      1.0453570190874886,
      0.6501989215221113,
      1.3680333904233362,
      0.7804208460140916,
      0.9461689682120706,
      1.1052290692554612,
      0.7687347537848841,
      0.7243647217815313,
      1.232063245242039,
      1.2167625771777992,
      1.2238193136445417,
      0.9804254806597851,
      0.9725840620631819,
      0.8080199325929607,
      1.0641905605430744,
      1.2225379817761992,
      1.1050570688768115,
      0.813356861519756,
      0.0,
      1.271343937131398
    ],
    [
      0.566832682047691,
      1.184258492791761,
      1.1466727707660598,
      0.6337618279477445,
      1.3613296587865396,
      1.0453570190874886,
      0.6501989215221113,
      1.3680333904233362,
      0.7804208460140916,
      0.9461689682120706,
      1.1052290692554612,
      0.7687347537848841,
      0.7243647217815313,
      1.232063245242039,
      1.2167625771777992,
      1.2238193136445417,
      0.9804254806597851,
      0.9725840620631819,
      0.8080199325929607,
      1.0641905605430744,
      1.2225379817761992,
      1.1050570688768115,
      0.813356861519756,
      1.271343937131398,
      0.0
    ]
  ]
}