{
  "servicechain": {
    "SC1": {
      "resptime": 14.053371889348586,
      "resptime_old": 4.053371889348585,
      "waittime": 2.078538988275099,
      "servicetime": 10.0,
      "networktime": 1.9748329010734864,
      "services": {
        "MS1_1": {
          "meanserv": 2.7429114967117174,
          "stddevserv": 2.7429114967117174,
          "rate": 0.36457610870741886,
          "cv": 1.0,
          "lambda": 0.025
        },
        "MS1_2": {
          "meanserv": 0.2546657181604397,
          "stddevserv": 0.2546657181604397,
          "rate": 3.926716195738599,
          "cv": 1.0,
          "lambda": 0.025
        },
        "MS1_3": {
          "meanserv": 1.1948040985154922,
          "stddevserv": 1.1948040985154922,
          "rate": 0.836957289686627,
          "cv": 1.0,
          "lambda": 0.025
        },
        "MS1_4": {
          "meanserv": 3.7264361656503846,
          "stddevserv": 3.7264361656503846,
          "rate": 0.26835291295684044,
          "cv": 1.0,
          "lambda": 0.025
        },
        "MS1_5": {
          "meanserv": 2.081182520961966,
          "stddevserv": 2.081182520961966,
          "rate": 0.48049605929699,
          "cv": 1.0,
          "lambda": 0.025
        }
      },
      "sensors": [
        "S1"
      ],
      "sources": [
        {
          "startTime": 0,
          "stopTime": -1,
          "lambda": 0.025
        }
      ]
    },
    "SC2": {
      "resptime": 14.347069325033603,
      "resptime_old": 4.347069325033603,
      "waittime": 2.3309030223087817,
      "servicetime": 10.0,
      "networktime": 2.0161663027248213,
      "services": {
        "MS2_1": {
          "meanserv": 0.1397535342352374,
          "stddevserv": 0.1397535342352374,
          "rate": 7.155454103341455,
          "cv": 1.0,
          "lambda": 0.025
        },
        "MS2_2": {
          "meanserv": 3.02680754756153,
          "stddevserv": 3.02680754756153,
          "rate": 0.33038109767025803,
          "cv": 1.0,
          "lambda": 0.025
        },
        "MS2_3": {
          "meanserv": 3.0131480382543296,
          "stddevserv": 3.0131480382543296,
          "rate": 0.3318788148820431,
          "cv": 1.0,
          "lambda": 0.025
        },
        "MS2_4": {
          "meanserv": 0.24171568746835703,
          "stddevserv": 0.24171568746835703,
          "rate": 4.137091847341972,
          "cv": 1.0,
          "lambda": 0.025
        },
        "MS2_5": {
          "meanserv": 3.578575192480546,
          "stddevserv": 3.578575192480546,
          "rate": 0.2794408238511356,
          "cv": 1.0,
          "lambda": 0.025
        }
      },
      "sensors": [
        "S2"
      ],
      "sources": [
        {
          "startTime": 0,
          "stopTime": -1,
          "lambda": 0.025
        }
      ]
    },
    "SC3": {
      "resptime": 14.372495280647414,
      "resptime_old": 4.3724952806474136,
      "waittime": 1.8422815958290717,
      "servicetime": 10.0,
      "networktime": 2.5302136848183423,
      "services": {
        "MS3_1": {
          "meanserv": 1.1666030295812724,
          "stddevserv": 1.1666030295812724,
          "rate": 0.8571896134702556,
          "cv": 1.0,
          "lambda": 0.025
        },
        "MS3_2": {
          "meanserv": 0.9922154345541254,
          "stddevserv": 0.9922154345541254,
          "rate": 1.0078456403466176,
          "cv": 1.0,
          "lambda": 0.025
        },
        "MS3_3": {
          "meanserv": 0.9817886074909099,
          "stddevserv": 0.9817886074909099,
          "rate": 1.0185491992574978,
          "cv": 1.0,
          "lambda": 0.025
        },
        "MS3_4": {
          "meanserv": 3.930681002473335,
          "stddevserv": 3.930681002473335,
          "rate": 0.25440884146303444,
          "cv": 1.0,
          "lambda": 0.025
        },
        "MS3_5": {
          "meanserv": 2.928711925900357,
          "stddevserv": 2.928711925900357,
          "rate": 0.3414470338159243,
          "cv": 1.0,
          "lambda": 0.025
        }
      },
      "sensors": [
        "S3"
      ],
      "sources": [
        {
          "startTime": 0,
          "stopTime": -1,
          "lambda": 0.025
        }
      ]
    },
    "SC4": {
      "resptime": 13.221838540532596,
      "resptime_old": 3.2218385405325964,
      "waittime": 1.7838689584937828,
      "servicetime": 10.0,
      "networktime": 1.4379695820388139,
      "services": {
        "MS4_1": {
          "meanserv": 1.5345013435245902,
          "stddevserv": 1.5345013435245902,
          "rate": 0.651677500459598,
          "cv": 1.0,
          "lambda": 0.025
        },
        "MS4_2": {
          "meanserv": 0.3929205201599206,
          "stddevserv": 0.3929205201599206,
          "rate": 2.5450439686708015,
          "cv": 1.0,
          "lambda": 0.025
        },
        "MS4_3": {
          "meanserv": 2.537054167606042,
          "stddevserv": 2.537054167606042,
          "rate": 0.39415792251041987,
          "cv": 1.0,
          "lambda": 0.025
        },
        "MS4_4": {
          "meanserv": 1.5903984314195974,
          "stddevserv": 1.5903984314195974,
          "rate": 0.6287732559616492,
          "cv": 1.0,
          "lambda": 0.025
        },
        "MS4_5": {
          "meanserv": 3.94512553728985,
          "stddevserv": 3.94512553728985,
          "rate": 0.2534773584637212,
          "cv": 1.0,
          "lambda": 0.025
        }
      },
      "sensors": [
        "S4"
      ],
      "sources": [
        {
          "startTime": 0,
          "stopTime": -1,
          "lambda": 0.025
        }
      ]
    }
  },
  "microservice": {
    "MS1_1": "F7",
    "MS1_2": "F7",
    "MS1_3": "F7",
    "MS1_4": "F4",
    "MS1_5": "F4",
    "MS2_1": "F9",
    "MS2_2": "F9",
    "MS2_3": "F9",
    "MS2_4": "F2",
    "MS2_5": "F2",
    "MS3_1": "F7",
    "MS3_2": "F7",
    "MS3_3": "F1",
    "MS3_4": "F1",
    "MS3_5": "F5",
    "MS4_1": "F3",
    "MS4_2": "F3",
    "MS4_3": "F3",
    "MS4_4": "F3",
    "MS4_5": "F6"
  },
  "sensor": {
    "S1": "F7",
    "S2": "F9",
    "S3": "F7",
    "S4": "F3"
  },
  "fog": {
    "F1": {
      "rho": 0.12281174024910613,
      "capacity": 1.0,
      "tserv": 2.4562348049821225,
      "stddev": 3.2219671934701872,
      "mu": 0.40712720053133455,
      "cv": 1.311750483681318,
      "lambda": 0.05,
      "twait": 0.4678061359845678
    },
    "F2": {
      "rho": 0.09550727199872258,
      "capacity": 1.0,
      "tserv": 1.9101454399744515,
      "stddev": 3.0357818235094376,
      "mu": 0.5235203451384179,
      "cv": 1.5892935480085966,
      "lambda": 0.05,
      "twait": 0.35557574106298706
    },
    "F3": {
      "rho": 0.15137186156775376,
      "capacity": 1.0,
      "tserv": 1.5137186156775375,
      "stddev": 1.8563948709222906,
      "mu": 0.6606247618566823,
      "cv": 1.2263804195150048,
      "lambda": 0.1,
      "twait": 0.3380482984475885
    },
    "F4": {
      "rho": 0.14519046716530876,
      "capacity": 1.0,
      "tserv": 2.903809343306175,
      "stddev": 3.128184534191119,
      "mu": 0.34437522639190743,
      "cv": 1.07726925715773,
      "lambda": 0.05,
      "twait": 0.5327984329389727
    },
    "F5": {
      "rho": 0.07321779814750894,
      "capacity": 1.0,
      "tserv": 2.928711925900357,
      "stddev": 2.928711925900357,
      "mu": 0.3414470338159243,
      "cv": 1.0,
      "lambda": 0.025,
      "twait": 0.23137457559516697
    },
    "F6": {
      "rho": 0.09862813843224624,
      "capacity": 1.0,
      "tserv": 3.94512553728985,
      "stddev": 3.9451255372898504,
      "mu": 0.2534773584637212,
      "cv": 1.0000000000000002,
      "lambda": 0.025,
      "twait": 0.4316757647034288
    },
    "F7": {
      "rho": 0.1587799944380762,
      "capacity": 1.0,
      "tserv": 1.2702399555046096,
      "stddev": 1.712034482879788,
      "mu": 0.7872528301967519,
      "cv": 1.3478039920415457,
      "lambda": 0.125,
      "twait": 0.33764737413238455
    },
    "F8": {
      "rho": 0,
      "capacity": 1.0,
      "tserv": 0,
      "stddev": 0,
      "mu": 0,
      "cv": 0,
      "lambda": 0.0,
      "twait": 0
    },
    "F9": {
      "rho": 0.15449272800127745,
      "capacity": 1.0,
      "tserv": 2.059903040017032,
      "stddev": 2.8160676222154755,
      "mu": 0.485459742800191,
      "cv": 1.36708746358867,
      "lambda": 0.07500000000000001,
      "twait": 0.5399171800609359
    },
    "F10": {
      "rho": 0,
      "capacity": 1.0,
      "tserv": 0,
      "stddev": 0,
      "mu": 0,
      "cv": 0,
      "lambda": 0.0,
      "twait": 0
    }
  },
  "extra": {
    "deltatime": 0.4719153,
    "conv": 13,
    "obj_func": 13.99869375889055
  },
  "network": [
    [
      0.0,
      2.5477599620606033,
      1.6622433901296438,
      1.851711766316899,
      0.6342731740409582,
      2.849087045816543,
      1.8959405107773843,
      2.000358368203506,
      1.9748329010734864,
      1.9748329010734864
    ],
    [
      2.5477599620606033,
      0.0,
      1.929832086229154,
      2.470724962465325,
      1.8977145307671912,
      1.582694655885059,
      1.7786699071972971,
      1.9748329010734864,
      2.0161663027248213,
      2.0161663027248213
    ],
    [
      1.6622433901296438,
      1.929832086229154,
      0.0,
      2.15019152215758,
      1.8071081280710792,
      1.4379695820388139,
      2.000358368203506,
      2.0161663027248213,
      2.250238377101179,
      2.250238377101179
    ],
    [
      1.851711766316899,
      2.470724962465325,
      2.15019152215758,
      0.0,
      2.010444624335392,
      1.8959405107773843,
      1.9748329010734864,
      2.250238377101179,
      2.0764550956442838,
      2.0764550956442838
    ],
    [
      0.6342731740409582,
      1.8977145307671912,
      1.8071081280710792,
      2.010444624335392,
      0.0,
      1.7786699071972971,
      2.0161663027248213,
      2.0764550956442838,
      2.162428536598266,
      2.162428536598266
    ],
    [
      2.849087045816543,
      1.582694655885059,
      1.4379695820388139,
      1.8959405107773843,
      1.7786699071972971,
      0.0,
      2.250238377101179,
      2.162428536598266,
      1.958240328305387,
      1.958240328305387
    ],
    [
      1.8959405107773843,
      1.7786699071972971,
      2.000358368203506,
      1.9748329010734864,
      2.0161663027248213,
      2.250238377101179,
      0.0,
      1.958240328305387,
      2.231629937478359,
      2.231629937478359
    ],
    [
      2.000358368203506,
      1.9748329010734864,
      2.0161663027248213,
      2.250238377101179,
      2.0764550956442838,
      2.162428536598266,
      1.958240328305387,
      0.0,
      1.9439861931742302,
      1.9439861931742302
    ],
    [
      1.9748329010734864,
      2.0161663027248213,
      2.250238377101179,
      2.0764550956442838,
      2.162428536598266,
      1.958240328305387,
      2.231629937478359,
      1.9439861931742302,
      0.0,
      1.5712154928747495
    ],
    [
      1.9748329010734864,
      2.0161663027248213,
      2.250238377101179,
      2.0764550956442838,
      2.162428536598266,
      1.958240328305387,
      2.231629937478359,
      1.9439861931742302,
      1.5712154928747495,
      0.0
    ]
  ]
}