{
  "servicechain": {
    "SC1": {
      "resptime": 6944.516949564222,
      "resptime_old": 6934.516949564222,
      "waittime": 6931.689863519858,
      "servicetime": 10.0,
      "networktime": 2.8270860443640418,
      "services": {
        "MS1_1": {
          "meanserv": 0.5806051367587162,
          "stddevserv": 0.5806051367587162,
          "rate": 1.722340945143193,
          "cv": 1.0,
          "lambda": 0.15
        },
        "MS1_2": {
          "meanserv": 2.3178159747040064,
          "stddevserv": 2.3178159747040064,
          "rate": 0.4314406367518904,
          "cv": 1.0,
          "lambda": 0.15
        },
        "MS1_3": {
          "meanserv": 0.22361055165151633,
          "stddevserv": 0.22361055165151633,
          "rate": 4.472060878229218,
          "cv": 1.0,
          "lambda": 0.15
        },
        "MS1_4": {
          "meanserv": 6.798021880469632,
          "stddevserv": 6.798021880469632,
          "rate": 0.14710161537916622,
          "cv": 1.0,
          "lambda": 0.15
        },
        "MS1_5": {
          "meanserv": 0.07994645641612941,
          "stddevserv": 0.07994645641612941,
          "rate": 12.508371788174058,
          "cv": 1.0,
          "lambda": 0.15
        }
      },
      "sensors": [
        "S1"
      ],
      "sources": [
        {
          "startTime": 0,
          "stopTime": -1,
          "lambda": 0.15
        }
      ]
    },
    "SC2": {
      "resptime": 31.118525850117653,
      "resptime_old": 21.118525850117653,
      "waittime": 15.553951357601115,
      "servicetime": 10.0,
      "networktime": 5.564574492516538,
      "services": {
        "MS2_1": {
          "meanserv": 1.607901646542842,
          "stddevserv": 1.607901646542842,
          "rate": 0.6219285875787897,
          "cv": 1.0,
          "lambda": 0.15
        },
        "MS2_2": {
          "meanserv": 1.816856825202565,
          "stddevserv": 1.816856825202565,
          "rate": 0.550401102678252,
          "cv": 1.0,
          "lambda": 0.15
        },
        "MS2_3": {
          "meanserv": 3.0451665668503383,
          "stddevserv": 3.0451665668503383,
          "rate": 0.3283892614893362,
          "cv": 1.0,
          "lambda": 0.15
        },
        "MS2_4": {
          "meanserv": 3.250911412878793,
          "stddevserv": 3.250911412878793,
          "rate": 0.30760604427373983,
          "cv": 1.0,
          "lambda": 0.15
        },
        "MS2_5": {
          "meanserv": 0.279163548525462,
          "stddevserv": 0.279163548525462,
          "rate": 3.582129562695367,
          "cv": 1.0,
          "lambda": 0.15
        }
      },
      "sensors": [
        "S2"
      ],
      "sources": [
        {
          "startTime": 0,
          "stopTime": -1,
          "lambda": 0.15
        }
      ]
    },
    "SC3": {
      "resptime": 29.482428288653082,
      "resptime_old": 19.482428288653082,
      "waittime": 14.69557521073875,
      "servicetime": 10.0,
      "networktime": 4.786853077914329,
      "services": {
        "MS3_1": {
          "meanserv": 0.25524144746183586,
          "stddevserv": 0.25524144746183586,
          "rate": 3.917858991727908,
          "cv": 1.0,
          "lambda": 0.15
        },
        "MS3_2": {
          "meanserv": 0.7234861943208015,
          "stddevserv": 0.7234861943208015,
          "rate": 1.382196381699841,
          "cv": 1.0,
          "lambda": 0.15
        },
        "MS3_3": {
          "meanserv": 2.735812237764931,
          "stddevserv": 2.735812237764931,
          "rate": 0.36552216054745307,
          "cv": 1.0,
          "lambda": 0.15
        },
        "MS3_4": {
          "meanserv": 3.566105949998378,
          "stddevserv": 3.566105949998378,
          "rate": 0.2804179163550805,
          "cv": 1.0,
          "lambda": 0.15
        },
        "MS3_5": {
          "meanserv": 2.7193541704540536,
          "stddevserv": 2.7193541704540536,
          "rate": 0.3677343726922591,
          "cv": 1.0,
          "lambda": 0.15
        }
      },
      "sensors": [
        "S3"
      ],
      "sources": [
        {
          "startTime": 0,
          "stopTime": -1,
          "lambda": 0.15
        }
      ]
    },
    "SC4": {
      "resptime": 33.46164939980158,
      "resptime_old": 23.461649399801576,
      "waittime": 18.442365246172255,
      "servicetime": 10.0,
      "networktime": 5.019284153629323,
      "services": {
        "MS4_1": {
          "meanserv": 0.6848760301733126,
          "stddevserv": 0.6848760301733126,
          "rate": 1.4601182636614443,
          "cv": 1.0,
          "lambda": 0.15
        },
        "MS4_2": {
          "meanserv": 4.275990676718011,
          "stddevserv": 4.275990676718011,
          "rate": 0.23386393367151562,
          "cv": 1.0,
          "lambda": 0.15
        },
        "MS4_3": {
          "meanserv": 3.6628279147310003,
          "stddevserv": 3.6628279147310003,
          "rate": 0.27301309897149245,
          "cv": 1.0,
          "lambda": 0.15
        },
        "MS4_4": {
          "meanserv": 0.6972481823023653,
          "stddevserv": 0.6972481823023653,
          "rate": 1.4342095474496983,
          "cv": 1.0,
          "lambda": 0.15
        },
        "MS4_5": {
          "meanserv": 0.6790571960753109,
          "stddevserv": 0.6790571960753109,
          "rate": 1.4726300019786476,
          "cv": 1.0,
          "lambda": 0.15
        }
      },
      "sensors": [
        "S4"
      ],
      "sources": [
        {
          "startTime": 0,
          "stopTime": -1,
          "lambda": 0.15
        }
      ]
    }
  },
  "microservice": {
    "MS1_1": "F5",
    "MS1_2": "F5",
    "MS1_3": "F5",
    "MS1_4": "F9",
    "MS1_5": "F5",
    "MS2_1": "F4",
    "MS2_2": "F3",
    "MS2_3": "F7",
    "MS2_4": "F8",
    "MS2_5": "F8",
    "MS3_1": "F3",
    "MS3_2": "F3",
    "MS3_3": "F6",
    "MS3_4": "F10",
    "MS3_5": "F4",
    "MS4_1": "F6",
    "MS4_2": "F1",
    "MS4_3": "F2",
    "MS4_4": "F3",
    "MS4_5": "F3"
  },
  "sensor": {
    "S1": "F5",
    "S2": "F4",
    "S3": "F3",
    "S4": "F6"
  },
  "fog": {
    "F1": {
      "rho": 0.6413986015077016,
      "capacity": 1.0,
      "tserv": 4.275990676718011,
      "stddev": 4.275990676718011,
      "mu": 0.23386393367151562,
      "cv": 1.0,
      "lambda": 0.15,
      "twait": 7.648086292016524
    },
    "F2": {
      "rho": 0.54942418720965,
      "capacity": 1.0,
      "tserv": 3.6628279147310003,
      "stddev": 3.6628279147310003,
      "mu": 0.27301309897149245,
      "cv": 1.0,
      "lambda": 0.15,
      "twait": 4.4663876595530345
    },
    "F3": {
      "rho": 0.6257834768044317,
      "capacity": 1.0,
      "tserv": 0.8343779690725756,
      "stddev": 1.1128982717646352,
      "mu": 1.1984976078784966,
      "cv": 1.3338059165220282,
      "lambda": 0.75,
      "twait": 1.9387797959010256
    },
    "F4": {
      "rho": 0.6490883725495343,
      "capacity": 1.0,
      "tserv": 2.163627908498448,
      "stddev": 2.301944630717183,
      "mu": 0.46218668009972075,
      "cv": 1.0639281466445525,
      "lambda": 0.3,
      "twait": 4.266131710353415
    },
    "F5": {
      "rho": 0.4802967179295552,
      "capacity": 1.0,
      "tserv": 0.8004945298825921,
      "stddev": 1.497361570794305,
      "mu": 1.2492277744192322,
      "cv": 1.8705456625842554,
      "lambda": 0.6,
      "twait": 1.6641514103461668
    },
    "F6": {
      "rho": 0.5131032401907365,
      "capacity": 1.0,
      "tserv": 1.7103441339691217,
      "stddev": 2.242419835893299,
      "mu": 0.5846776564663295,
      "cv": 1.3110927744637053,
      "lambda": 0.3,
      "twait": 2.4503317028006406
    },
    "F7": {
      "rho": 0.4567749850275507,
      "capacity": 1.0,
      "tserv": 3.0451665668503383,
      "stddev": 3.0451665668503383,
      "mu": 0.3283892614893362,
      "cv": 1.0,
      "lambda": 0.15,
      "twait": 2.5605520265851642
    },
    "F8": {
      "rho": 0.5295112442106382,
      "capacity": 1.0,
      "tserv": 1.7650374807021274,
      "stddev": 2.7442667495940705,
      "mu": 0.5665602067567441,
      "cv": 1.5547923370456747,
      "lambda": 0.3,
      "twait": 3.394243912380756
    },
    "F9": {
      "rho": 1.0197032820704448,
      "capacity": 1.0,
      "tserv": 6.798021880469633,
      "stddev": 6.798021880469632,
      "mu": 0.1471016153791662,
      "cv": 0.9999999999999999,
      "lambda": 0.15,
      "twait": 6925.033257878474
    },
    "F10": {
      "rho": 0.5349158924997567,
      "capacity": 1.0,
      "tserv": 3.566105949998378,
      "stddev": 3.566105949998378,
      "mu": 0.2804179163550805,
      "cv": 1.0,
      "lambda": 0.15,
      "twait": 4.101552205782643
    }
  },
  "extra": {
    "conv_gen": 0,
    "max_gen": 600,
    "population": 600,
    "deltatime": 39.6619835,
    "obj_func": 1759.6448882756986
  },
  "network": [
    [
      0.0,
      1.8456576387638337,
      2.914003018733107,
      2.1428249870246656,
      2.382130128933337,
      1.649550156774848,
      2.195799979567753,
      1.956352414431261,
      1.8139499025494585,
      1.8139499025494585
    ],
    [
      1.8456576387638337,
      0.0,
      1.524076358090642,
      2.1688846916129476,
      1.5682674698595438,
      2.1880215096401745,
      2.1803592386684674,
      1.8139499025494585,
      2.730335467871786,
      2.730335467871786
    ],
    [
      2.914003018733107,
      1.524076358090642,
      0.0,
      2.3096047623244647,
      1.6020283092328145,
      2.1063208201849295,
      1.956352414431261,
      2.730335467871786,
      1.7288229638217327,
      1.7288229638217327
    ],
    [
      2.1428249870246656,
      2.1688846916129476,
      2.3096047623244647,
      0.0,
      2.0198418335030692,
      2.195799979567753,
      1.8139499025494585,
      1.7288229638217327,
      1.3819149419685874,
      1.3819149419685874
    ],
    [
      2.382130128933337,
      1.5682674698595438,
      1.6020283092328145,
      2.0198418335030692,
      0.0,
      2.1803592386684674,
      2.730335467871786,
      1.3819149419685874,
      1.4135430221820209,
      1.4135430221820209
    ],
    [
      1.649550156774848,
      2.1880215096401745,
      2.1063208201849295,
      2.195799979567753,
      2.1803592386684674,
      0.0,
      1.7288229638217327,
      1.4135430221820209,
      1.2986173157608123,
      1.2986173157608123
    ],
    [
      2.195799979567753,
      2.1803592386684674,
      1.956352414431261,
      1.8139499025494585,
      2.730335467871786,
      1.7288229638217327,
      0.0,
      1.2986173157608123,
      1.8450200945199708,
      1.8450200945199708
    ],
    [
      1.956352414431261,
      1.8139499025494585,
      2.730335467871786,
      1.7288229638217327,
      1.3819149419685874,
      1.4135430221820209,
      1.2986173157608123,
      0.0,
      2.164118462257838,
      2.164118462257838
    ],
    [
      1.8139499025494585,
      2.730335467871786,
      1.7288229638217327,
      1.3819149419685874,
      1.4135430221820209,
      1.2986173157608123,
      1.8450200945199708,
      2.164118462257838,
      0.0,
      1.3173646288838745
    ],
    [
      1.8139499025494585,
      2.730335467871786,
      1.7288229638217327,
      1.3819149419685874,
      1.4135430221820209,
      1.2986173157608123,
      1.8450200945199708,
      2.164118462257838,
      1.3173646288838745,
      0.0
    ]
  ]
}