{
  "servicechain": {
    "SC1": {
      "resptime": 34.406884326264894,
      "resptime_old": 24.406884326264894,
      "waittime": 20.104020628952437,
      "servicetime": 10.0,
      "networktime": 4.302863697312457,
      "services": {
        "MS1_1": {
          "meanserv": 0.25554142826006987,
          "stddevserv": 0.25554142826006987,
          "rate": 3.913259806086233,
          "cv": 1.0,
          "lambda": 0.225
        },
        "MS1_2": {
          "meanserv": 0.7357444481433095,
          "stddevserv": 0.7357444481433095,
          "rate": 1.3591675785302268,
          "cv": 1.0,
          "lambda": 0.225
        },
        "MS1_3": {
          "meanserv": 0.44729932589506305,
          "stddevserv": 0.44729932589506305,
          "rate": 2.235639407680666,
          "cv": 1.0,
          "lambda": 0.225
        },
        "MS1_4": {
          "meanserv": 0.2637865912226667,
          "stddevserv": 0.2637865912226667,
          "rate": 3.790943259719685,
          "cv": 1.0,
          "lambda": 0.225
        },
        "MS1_5": {
          "meanserv": 0.8402914878535528,
          "stddevserv": 0.8402914878535528,
          "rate": 1.1900632274098217,
          "cv": 1.0,
          "lambda": 0.225
        },
        "MS1_6": {
          "meanserv": 0.8279053594224695,
          "stddevserv": 0.8279053594224695,
          "rate": 1.207867528116475,
          "cv": 1.0,
          "lambda": 0.225
        },
        "MS1_7": {
          "meanserv": 1.8451939055797508,
          "stddevserv": 1.8451939055797508,
          "rate": 0.5419484624223301,
          "cv": 1.0,
          "lambda": 0.225
        },
        "MS1_8": {
          "meanserv": 0.966803554685014,
          "stddevserv": 0.966803554685014,
          "rate": 1.0343362880226494,
          "cv": 1.0,
          "lambda": 0.225
        },
        "MS1_9": {
          "meanserv": 0.5535719734228319,
          "stddevserv": 0.5535719734228319,
          "rate": 1.8064498349091371,
          "cv": 1.0,
          "lambda": 0.225
        },
        "MS1_10": {
          "meanserv": 3.263861925515272,
          "stddevserv": 3.263861925515272,
          "rate": 0.30638550981047646,
          "cv": 1.0,
          "lambda": 0.225
        }
      },
      "sensors": [
        "S1"
      ],
      "sources": [
        {
          "startTime": 0,
          "stopTime": -1,
          "lambda": 0.225
        }
      ]
    },
    "SC2": {
      "resptime": 30.541337290961152,
      "resptime_old": 20.54133729096116,
      "waittime": 15.830254678100662,
      "servicetime": 10.0,
      "networktime": 4.711082612860492,
      "services": {
        "MS2_1": {
          "meanserv": 2.3219650926894477,
          "stddevserv": 2.3219650926894477,
          "rate": 0.4306696957453983,
          "cv": 1.0,
          "lambda": 0.225
        },
        "MS2_2": {
          "meanserv": 2.9241562934651526,
          "stddevserv": 2.9241562934651526,
          "rate": 0.341978984582589,
          "cv": 1.0,
          "lambda": 0.225
        },
        "MS2_3": {
          "meanserv": 0.2918988366397688,
          "stddevserv": 0.2918988366397688,
          "rate": 3.4258444175784644,
          "cv": 1.0,
          "lambda": 0.225
        },
        "MS2_4": {
          "meanserv": 0.14467936042599838,
          "stddevserv": 0.14467936042599838,
          "rate": 6.911835918098954,
          "cv": 1.0,
          "lambda": 0.225
        },
        "MS2_5": {
          "meanserv": 1.0074838913923383,
          "stddevserv": 1.0074838913923383,
          "rate": 0.9925717011891916,
          "cv": 1.0,
          "lambda": 0.225
        },
        "MS2_6": {
          "meanserv": 1.3198206635451744,
          "stddevserv": 1.3198206635451744,
          "rate": 0.757678696523736,
          "cv": 1.0,
          "lambda": 0.225
        },
        "MS2_7": {
          "meanserv": 0.0992190454158024,
          "stddevserv": 0.0992190454158024,
          "rate": 10.078710148936105,
          "cv": 1.0,
          "lambda": 0.225
        },
        "MS2_8": {
          "meanserv": 0.6286355462248512,
          "stddevserv": 0.6286355462248512,
          "rate": 1.5907468262100448,
          "cv": 1.0,
          "lambda": 0.225
        },
        "MS2_9": {
          "meanserv": 0.4522855007579256,
          "stddevserv": 0.4522855007579256,
          "rate": 2.210992831572606,
          "cv": 1.0,
          "lambda": 0.225
        },
        "MS2_10": {
          "meanserv": 0.8098557694435407,
          "stddevserv": 0.8098557694435407,
          "rate": 1.2347877705274721,
          "cv": 1.0,
          "lambda": 0.225
        }
      },
      "sensors": [
        "S2"
      ],
      "sources": [
        {
          "startTime": 0,
          "stopTime": -1,
          "lambda": 0.225
        }
      ]
    },
    "SC3": {
      "resptime": 30.976894062599026,
      "resptime_old": 20.97689406259903,
      "waittime": 15.633742337758939,
      "servicetime": 10.0,
      "networktime": 5.343151724840086,
      "services": {
        "MS3_1": {
          "meanserv": 0.9402529297590134,
          "stddevserv": 0.9402529297590134,
          "rate": 1.0635436150741904,
          "cv": 1.0,
          "lambda": 0.225
        },
        "MS3_2": {
          "meanserv": 1.2098227014845473,
          "stddevserv": 1.2098227014845473,
          "rate": 0.8265673960101109,
          "cv": 1.0,
          "lambda": 0.225
        },
        "MS3_3": {
          "meanserv": 2.4321102568243296,
          "stddevserv": 2.4321102568243296,
          "rate": 0.4111655699794327,
          "cv": 1.0,
          "lambda": 0.225
        },
        "MS3_4": {
          "meanserv": 0.8893650537788664,
          "stddevserv": 0.8893650537788664,
          "rate": 1.1243976764671058,
          "cv": 1.0,
          "lambda": 0.225
        },
        "MS3_5": {
          "meanserv": 2.125825363173136,
          "stddevserv": 2.125825363173136,
          "rate": 0.4704055268713792,
          "cv": 1.0,
          "lambda": 0.225
        },
        "MS3_6": {
          "meanserv": 0.1773360581836414,
          "stddevserv": 0.1773360581836414,
          "rate": 5.639011097023732,
          "cv": 1.0,
          "lambda": 0.225
        },
        "MS3_7": {
          "meanserv": 0.3840903583491606,
          "stddevserv": 0.3840903583491606,
          "rate": 2.603554029052043,
          "cv": 1.0,
          "lambda": 0.225
        },
        "MS3_8": {
          "meanserv": 0.026565986521850604,
          "stddevserv": 0.026565986521850604,
          "rate": 37.64211802100769,
          "cv": 1.0,
          "lambda": 0.225
        },
        "MS3_9": {
          "meanserv": 0.02508168979857217,
          "stddevserv": 0.02508168979857217,
          "rate": 39.86972201757025,
          "cv": 1.0,
          "lambda": 0.225
        },
        "MS3_10": {
          "meanserv": 1.7895496021268826,
          "stddevserv": 1.7895496021268826,
          "rate": 0.5587998224868974,
          "cv": 1.0,
          "lambda": 0.225
        }
      },
      "sensors": [
        "S3"
      ],
      "sources": [
        {
          "startTime": 0,
          "stopTime": -1,
          "lambda": 0.225
        }
      ]
    },
    "SC4": {
      "resptime": 72.37591097273807,
      "resptime_old": 62.37591097273806,
      "waittime": 58.09568126721465,
      "servicetime": 10.0,
      "networktime": 4.280229705523419,
      "services": {
        "MS4_1": {
          "meanserv": 4.098737569012636,
          "stddevserv": 4.098737569012636,
          "rate": 0.2439775621548014,
          "cv": 1.0,
          "lambda": 0.225
        },
        "MS4_2": {
          "meanserv": 1.4014140516934326,
          "stddevserv": 1.4014140516934326,
          "rate": 0.7135649873009521,
          "cv": 1.0,
          "lambda": 0.225
        },
        "MS4_3": {
          "meanserv": 0.17856450380406308,
          "stddevserv": 0.17856450380406308,
          "rate": 5.600217169126117,
          "cv": 1.0,
          "lambda": 0.225
        },
        "MS4_4": {
          "meanserv": 0.44000778238605065,
          "stddevserv": 0.44000778238605065,
          "rate": 2.272687075163202,
          "cv": 1.0,
          "lambda": 0.225
        },
        "MS4_5": {
          "meanserv": 0.3959150029347134,
          "stddevserv": 0.3959150029347134,
          "rate": 2.525794659428202,
          "cv": 1.0,
          "lambda": 0.225
        },
        "MS4_6": {
          "meanserv": 0.466887376245265,
          "stddevserv": 0.466887376245265,
          "rate": 2.141844159595955,
          "cv": 1.0,
          "lambda": 0.225
        },
        "MS4_7": {
          "meanserv": 0.4645856814768976,
          "stddevserv": 0.4645856814768976,
          "rate": 2.152455488557124,
          "cv": 1.0,
          "lambda": 0.225
        },
        "MS4_8": {
          "meanserv": 0.8564939827518323,
          "stddevserv": 0.8564939827518323,
          "rate": 1.1675505259092385,
          "cv": 1.0,
          "lambda": 0.225
        },
        "MS4_9": {
          "meanserv": 0.7577822681702031,
          "stddevserv": 0.7577822681702031,
          "rate": 1.319640273999382,
          "cv": 1.0,
          "lambda": 0.225
        },
        "MS4_10": {
          "meanserv": 0.9396117815249063,
          "stddevserv": 0.9396117815249063,
          "rate": 1.064269328740311,
          "cv": 1.0,
          "lambda": 0.225
        }
      },
      "sensors": [
        "S4"
      ],
      "sources": [
        {
          "startTime": 0,
          "stopTime": -1,
          "lambda": 0.225
        }
      ]
    }
  },
  "microservice": {
    "MS1_1": "F2",
    "MS1_2": "F2",
    "MS1_3": "F14",
    "MS1_4": "F14",
    "MS1_5": "F14",
    "MS1_6": "F14",
    "MS1_7": "F13",
    "MS1_8": "F7",
    "MS1_9": "F7",
    "MS1_10": "F8",
    "MS2_1": "F1",
    "MS2_2": "F11",
    "MS2_3": "F6",
    "MS2_4": "F6",
    "MS2_5": "F4",
    "MS2_6": "F4",
    "MS2_7": "F2",
    "MS2_8": "F2",
    "MS2_9": "F3",
    "MS2_10": "F3",
    "MS3_1": "F2",
    "MS3_2": "F7",
    "MS3_3": "F9",
    "MS3_4": "F12",
    "MS3_5": "F10",
    "MS3_6": "F6",
    "MS3_7": "F6",
    "MS3_8": "F6",
    "MS3_9": "F6",
    "MS3_10": "F12",
    "MS4_1": "F5",
    "MS4_2": "F15",
    "MS4_3": "F3",
    "MS4_4": "F3",
    "MS4_5": "F3",
    "MS4_6": "F15",
    "MS4_7": "F15",
    "MS4_8": "F6",
    "MS4_9": "F6",
    "MS4_10": "F13"
  },
  "sensor": {
    "S1": "F2",
    "S2": "F1",
    "S3": "F2",
    "S4": "F5"
  },
  "fog": {
    "F1": {
      "rho": 0.5224421458551257,
      "capacity": 1.0,
      "tserv": 2.3219650926894477,
      "stddev": 2.3219650926894477,
      "mu": 0.4306696957453983,
      "cv": 1.0,
      "lambda": 0.225,
      "twait": 2.540199925719076
    },
    "F2": {
      "rho": 0.5983635145056854,
      "capacity": 1.0,
      "tserv": 0.5318786795606092,
      "stddev": 0.6894886890947828,
      "mu": 1.8801280036757837,
      "cv": 1.296326992584807,
      "lambda": 1.125,
      "twait": 1.0619998565132256
    },
    "F3": {
      "rho": 0.512241425848416,
      "capacity": 1.0,
      "tserv": 0.4553257118652587,
      "stddev": 0.5382808196139635,
      "mu": 2.196230025981759,
      "cv": 1.1821884984462574,
      "lambda": 1.125,
      "twait": 0.5732356562914399
    },
    "F4": {
      "rho": 0.5236435248609403,
      "capacity": 1.0,
      "tserv": 1.1636522774687563,
      "stddev": 1.184425494692532,
      "mu": 0.859363247391444,
      "cv": 1.0178517394121918,
      "lambda": 0.45,
      "twait": 1.3022051065213023
    },
    "F5": {
      "rho": 0.9222159530278431,
      "capacity": 1.0,
      "tserv": 4.098737569012636,
      "stddev": 4.098737569012636,
      "mu": 0.2439775621548014,
      "cv": 1.0,
      "lambda": 0.225,
      "twait": 48.59506956189937
    },
    "F6": {
      "rho": 0.5993839216892312,
      "capacity": 1.0,
      "tserv": 0.33299106760512837,
      "stddev": 0.5363602045036797,
      "mu": 3.003083557742253,
      "cv": 1.6107345111722728,
      "lambda": 1.8000000000000003,
      "twait": 0.8953928898324667
    },
    "F7": {
      "rho": 0.6142946016582885,
      "capacity": 1.0,
      "tserv": 0.9100660765307976,
      "stddev": 0.9874180528563559,
      "mu": 1.0988213117579697,
      "cv": 1.0849960000931214,
      "lambda": 0.675,
      "twait": 1.5778491961679129
    },
    "F8": {
      "rho": 0.7343689332409362,
      "capacity": 1.0,
      "tserv": 3.263861925515272,
      "stddev": 3.263861925515272,
      "mu": 0.30638550981047646,
      "cv": 1.0,
      "lambda": 0.225,
      "twait": 9.023337630384953
    },
    "F9": {
      "rho": 0.5472248077854742,
      "capacity": 1.0,
      "tserv": 2.43211025682433,
      "stddev": 2.432110256824329,
      "mu": 0.41116556997943265,
      "cv": 0.9999999999999997,
      "lambda": 0.225,
      "twait": 2.9394522727587638
    },
    "F10": {
      "rho": 0.4783107067139556,
      "capacity": 1.0,
      "tserv": 2.125825363173136,
      "stddev": 2.125825363173136,
      "mu": 0.4704055268713792,
      "cv": 1.0,
      "lambda": 0.225,
      "twait": 1.9490624877598848
    },
    "F11": {
      "rho": 0.6579351660296594,
      "capacity": 1.0,
      "tserv": 2.924156293465153,
      "stddev": 2.9241562934651517,
      "mu": 0.34197898458258896,
      "cv": 0.9999999999999996,
      "lambda": 0.225,
      "twait": 5.624387734064719
    },
    "F12": {
      "rho": 0.6027557975787934,
      "capacity": 1.0,
      "tserv": 1.3394573279528743,
      "stddev": 1.4830077693488044,
      "mu": 0.746571002398654,
      "cv": 1.1071705969277288,
      "lambda": 0.45,
      "twait": 2.2619034826146427
    },
    "F13": {
      "rho": 0.6265812795985479,
      "capacity": 1.0,
      "tserv": 1.3924028435523288,
      "stddev": 1.5325877366194902,
      "mu": 0.7181829630919009,
      "cv": 1.1006784018836953,
      "lambda": 0.45,
      "twait": 2.58346030436263
    },
    "F14": {
      "rho": 0.5353386219885943,
      "capacity": 1.0,
      "tserv": 0.594820691098438,
      "stddev": 0.6904903374620787,
      "mu": 1.6811789081400803,
      "cv": 1.1608377916157728,
      "lambda": 0.9,
      "twait": 0.8043811472106442
    },
    "F15": {
      "rho": 0.524899599618509,
      "capacity": 1.0,
      "tserv": 0.7776290364718651,
      "stddev": 0.9969034203532796,
      "mu": 1.2859602112300759,
      "cv": 1.2819781330134885,
      "lambda": 0.675,
      "twait": 1.1355528841378033
    }
  },
  "extra": {
    "conv_gen": 34,
    "max_gen": 600,
    "population": 600,
    "deltatime": 71.6718497,
    "obj_func": 42.075256663140784
  },
  "network": [
    [
      0.0,
      1.165453349841502,
      1.1531217322552292,
      1.2091578036338757,
      1.1502361065654056,
      0.7416951115447932,
      0.897885187187701,
      1.2037857134048937,
      1.158923769766672,
      0.8739341279473186,
      0.721205897610456,
      0.8588264573966702,
      1.1042530192069038,
      1.1893638396686408,
      1.1893638396686408
    ],
    [
      1.165453349841502,
      0.0,
      0.8920119572804723,
      1.1262841006962896,
      1.1321704880160113,
      0.7201883031240333,
      1.0965900810070484,
      0.8437925612840711,
      1.1039857032799336,
      0.8991344483745086,
      0.7707237700070712,
      1.0807472697059115,
      1.1893638396686408,
      1.0750135083098433,
      1.0750135083098433
    ],
    [
      1.1531217322552292,
      0.8920119572804723,
      0.0,
      1.2654280805218343,
      1.1463083329203276,
      0.8846599083145649,
      0.9764173856328421,
      0.9983602067441725,
      0.9802399256806472,
      0.6488185598948074,
      1.0744190099382596,
      1.1042530192069038,
      1.0750135083098433,
      0.8220426357873774,
      0.8220426357873774
    ],
    [
      1.2091578036338757,
      1.1262841006962896,
      1.2654280805218343,
      0.0,
      1.0946266552318464,
      0.8673276380663703,
      0.9097233457993804,
      1.1169920609238277,
      0.7639014644733179,
      1.2519708050361,
      0.8588264573966702,
      1.1893638396686408,
      0.8220426357873774,
      1.035881995627983,
      1.035881995627983
    ],
    [
      1.1502361065654056,
      1.1321704880160113,
      1.1463083329203276,
      1.0946266552318464,
      0.0,
      1.0803476226988107,
      0.8764619799086019,
      1.2248021413144978,
      1.248003632868329,
      0.721205897610456,
      1.0807472697059115,
      1.0750135083098433,
      1.035881995627983,
      0.882023428550606,
      0.882023428550606
    ],
    [
      0.7416951115447932,
      0.7201883031240333,
      0.8846599083145649,
      0.8673276380663703,
      1.0803476226988107,
      0.0,
      0.6239536838780334,
      0.9419133890668603,
      0.8739341279473186,
      0.7707237700070712,
      1.1042530192069038,
      0.8220426357873774,
      0.882023428550606,
      0.8720975768474513,
      0.8720975768474513
    ],
    [
      0.897885187187701,
      1.0965900810070484,
      0.9764173856328421,
      0.9097233457993804,
      0.8764619799086019,
      0.6239536838780334,
      0.0,
      1.158923769766672,
      0.8991344483745086,
      1.0744190099382596,
      1.1893638396686408,
      1.035881995627983,
      0.8720975768474513,
      0.8825632128166297,
      0.8825632128166297
    ],
    [
      1.2037857134048937,
      0.8437925612840711,
      0.9983602067441725,
      1.1169920609238277,
      1.2248021413144978,
      0.9419133890668603,
      1.158923769766672,
      0.0,
      0.6488185598948074,
      0.8588264573966702,
      1.0750135083098433,
      0.882023428550606,
      0.8825632128166297,
      1.100933905077192,
      1.100933905077192
    ],
    [
      1.158923769766672,
      1.1039857032799336,
      0.9802399256806472,
      0.7639014644733179,
      1.248003632868329,
      0.8739341279473186,
      0.8991344483745086,
      0.6488185598948074,
      0.0,
      1.0807472697059115,
      0.8220426357873774,
      0.8720975768474513,
      1.100933905077192,
      1.0750160376580005,
      1.0750160376580005
    ],
    [
      0.8739341279473186,
      0.8991344483745086,
      0.6488185598948074,
      1.2519708050361,
      0.721205897610456,
      0.7707237700070712,
      1.0744190099382596,
      0.8588264573966702,
      1.0807472697059115,
      0.0,
      1.035881995627983,
      0.8825632128166297,
      1.0750160376580005,
      0.8230783471906591,
      0.8230783471906591
    ],
    [
      0.721205897610456,
      0.7707237700070712,
      1.0744190099382596,
      0.8588264573966702,
      1.0807472697059115,
      1.1042530192069038,
      1.1893638396686408,
      1.0750135083098433,
      0.8220426357873774,
      1.035881995627983,
      0.0,
      1.100933905077192,
      0.8230783471906591,
      1.071788870802338,
      1.071788870802338
    ],
    [
      0.8588264573966702,
      1.0807472697059115,
      1.1042530192069038,
      1.1893638396686408,
      1.0750135083098433,
      0.8220426357873774,
      1.035881995627983,
      0.882023428550606,
      0.8720975768474513,
      0.8825632128166297,
      1.100933905077192,
      0.0,
      1.071788870802338,
      1.2829458135010945,
      1.2829458135010945
    ],
    [
      1.1042530192069038,
      1.1893638396686408,
      1.0750135083098433,
      0.8220426357873774,
      1.035881995627983,
      0.882023428550606,
      0.8720975768474513,
      0.8825632128166297,
      1.100933905077192,
      1.0750160376580005,
      0.8230783471906591,
      1.071788870802338,
      0.0,
      1.1968288423884905,
      1.1968288423884905
    ],
    [
      1.1893638396686408,
      1.0750135083098433,
      0.8220426357873774,
      1.035881995627983,
      0.882023428550606,
      0.8720975768474513,
      0.8825632128166297,
      1.100933905077192,
      1.0750160376580005,
      0.8230783471906591,
      1.071788870802338,
      1.2829458135010945,
      1.1968288423884905,
      0.0,
      1.0980805664864348
    ],
    [
      1.1893638396686408,
      1.0750135083098433,
      0.8220426357873774,
      1.035881995627983,
      0.882023428550606,
      0.8720975768474513,
      0.8825632128166297,
      1.100933905077192,
      1.0750160376580005,
      0.8230783471906591,
      1.071788870802338,
      1.2829458135010945,
      1.1968288423884905,
      1.0980805664864348,
      0.0
    ]
  ]
}