{
  "servicechain": {
    "SC1": {
      "resptime": 13.960332264932575,
      "resptime_old": 3.9603322649325743,
      "waittime": 2.572061606024514,
      "servicetime": 10.0,
      "networktime": 1.3882706589080602,
      "services": {
        "MS1_1": {
          "meanserv": 0.5967850660219676,
          "stddevserv": 0.5967850660219676,
          "rate": 1.6756451475332161,
          "cv": 1.0,
          "lambda": 0.025
        },
        "MS1_2": {
          "meanserv": 0.7875465899482315,
          "stddevserv": 0.7875465899482315,
          "rate": 1.2697661481408153,
          "cv": 1.0,
          "lambda": 0.025
        },
        "MS1_3": {
          "meanserv": 1.0500353949673524,
          "stddevserv": 1.0500353949673524,
          "rate": 0.9523488491843571,
          "cv": 1.0,
          "lambda": 0.025
        },
        "MS1_4": {
          "meanserv": 5.647079592245545,
          "stddevserv": 5.647079592245545,
          "rate": 0.1770826820597995,
          "cv": 1.0,
          "lambda": 0.025
        },
        "MS1_5": {
          "meanserv": 1.9185533568169042,
          "stddevserv": 1.9185533568169042,
          "rate": 0.521226056313134,
          "cv": 1.0,
          "lambda": 0.025
        }
      },
      "sensors": [
        "S1"
      ],
      "sources": [
        {
          "startTime": 0,
          "stopTime": -1,
          "lambda": 0.025
        }
      ]
    },
    "SC2": {
      "resptime": 14.014151973011252,
      "resptime_old": 4.014151973011253,
      "waittime": 2.3800678648552354,
      "servicetime": 10.0,
      "networktime": 1.6340841081560176,
      "services": {
        "MS2_1": {
          "meanserv": 1.0091182196925452,
          "stddevserv": 1.0091182196925452,
          "rate": 0.9909641709815493,
          "cv": 1.0,
          "lambda": 0.025
        },
        "MS2_2": {
          "meanserv": 4.8915005766816835,
          "stddevserv": 4.8915005766816835,
          "rate": 0.20443624289182527,
          "cv": 1.0,
          "lambda": 0.025
        },
        "MS2_3": {
          "meanserv": 0.3579046917055262,
          "stddevserv": 0.3579046917055262,
          "rate": 2.794039930671743,
          "cv": 1.0,
          "lambda": 0.025
        },
        "MS2_4": {
          "meanserv": 0.48400957396882127,
          "stddevserv": 0.48400957396882127,
          "rate": 2.0660748336032246,
          "cv": 1.0,
          "lambda": 0.025
        },
        "MS2_5": {
          "meanserv": 3.257466937951424,
          "stddevserv": 3.257466937951424,
          "rate": 0.30698699911560307,
          "cv": 1.0,
          "lambda": 0.025
        }
      },
      "sensors": [
        "S2"
      ],
      "sources": [
        {
          "startTime": 0,
          "stopTime": -1,
          "lambda": 0.025
        }
      ]
    },
    "SC3": {
      "resptime": 14.027367247864465,
      "resptime_old": 4.027367247864465,
      "waittime": 2.4317937592781362,
      "servicetime": 10.0,
      "networktime": 1.5955734885863284,
      "services": {
        "MS3_1": {
          "meanserv": 0.347975341188711,
          "stddevserv": 0.347975341188711,
          "rate": 2.873766849639178,
          "cv": 1.0,
          "lambda": 0.025
        },
        "MS3_2": {
          "meanserv": 0.5556307428560014,
          "stddevserv": 0.5556307428560014,
          "rate": 1.799756426111149,
          "cv": 1.0,
          "lambda": 0.025
        },
        "MS3_3": {
          "meanserv": 1.3939470351709957,
          "stddevserv": 1.3939470351709957,
          "rate": 0.7173873718073728,
          "cv": 1.0,
          "lambda": 0.025
        },
        "MS3_4": {
          "meanserv": 2.529990166829829,
          "stddevserv": 2.529990166829829,
          "rate": 0.3952584532188269,
          "cv": 1.0,
          "lambda": 0.025
        },
        "MS3_5": {
          "meanserv": 5.172456713954463,
          "stddevserv": 5.172456713954463,
          "rate": 0.19333172906061438,
          "cv": 1.0,
          "lambda": 0.025
        }
      },
      "sensors": [
        "S3"
      ],
      "sources": [
        {
          "startTime": 0,
          "stopTime": -1,
          "lambda": 0.025
        }
      ]
    },
    "SC4": {
      "resptime": 13.571321990582181,
      "resptime_old": 3.5713219905821814,
      "waittime": 1.6034085686206332,
      "servicetime": 10.0,
      "networktime": 1.9679134219615482,
      "services": {
        "MS4_1": {
          "meanserv": 1.5437703612596942,
          "stddevserv": 1.5437703612596942,
          "rate": 0.6477647356722243,
          "cv": 1.0,
          "lambda": 0.025
        },
        "MS4_2": {
          "meanserv": 2.918207100450081,
          "stddevserv": 2.918207100450081,
          "rate": 0.34267615888048797,
          "cv": 1.0,
          "lambda": 0.025
        },
        "MS4_3": {
          "meanserv": 1.9420962788479121,
          "stddevserv": 1.9420962788479121,
          "rate": 0.5149075310484703,
          "cv": 1.0,
          "lambda": 0.025
        },
        "MS4_4": {
          "meanserv": 2.5515205938592738,
          "stddevserv": 2.5515205938592738,
          "rate": 0.391923154532514,
          "cv": 1.0,
          "lambda": 0.025
        },
        "MS4_5": {
          "meanserv": 1.0444056655830387,
          "stddevserv": 1.0444056655830387,
          "rate": 0.9574823585830997,
          "cv": 1.0,
          "lambda": 0.025
        }
      },
      "sensors": [
        "S4"
      ],
      "sources": [
        {
          "startTime": 0,
          "stopTime": -1,
          "lambda": 0.025
        }
      ]
    }
  },
  "microservice": {
    "MS1_1": "F6",
    "MS1_2": "F6",
    "MS1_3": "F6",
    "MS1_4": "F10",
    "MS1_5": "F10",
    "MS2_1": "F5",
    "MS2_2": "F5",
    "MS2_3": "F9",
    "MS2_4": "F9",
    "MS2_5": "F9",
    "MS3_1": "F6",
    "MS3_2": "F6",
    "MS3_3": "F6",
    "MS3_4": "F3",
    "MS3_5": "F3",
    "MS4_1": "F7",
    "MS4_2": "F7",
    "MS4_3": "F1",
    "MS4_4": "F1",
    "MS4_5": "F1"
  },
  "sensor": {
    "S1": "F6",
    "S2": "F5",
    "S3": "F6",
    "S4": "F7"
  },
  "fog": {
    "F1": {
      "rho": 0.13845056345725562,
      "capacity": 1.0,
      "tserv": 1.846007512763408,
      "stddev": 2.0430635307035723,
      "mu": 0.5417096046933392,
      "cv": 1.10674713758081,
      "lambda": 0.07500000000000001,
      "twait": 0.3300094576447616
    },
    "F2": {
      "rho": 0,
      "capacity": 1.0,
      "tserv": 0,
      "stddev": 0,
      "mu": 0,
      "cv": 0,
      "lambda": 0.0,
      "twait": 0
    },
    "F3": {
      "rho": 0.19256117201960732,
      "capacity": 1.0,
      "tserv": 3.8512234403921464,
      "stddev": 4.280564999408642,
      "mu": 0.2596577465518792,
      "cv": 1.111481861715294,
      "lambda": 0.05,
      "twait": 1.026553267970702
    },
    "F4": {
      "rho": 0,
      "capacity": 1.0,
      "tserv": 0,
      "stddev": 0,
      "mu": 0,
      "cv": 0,
      "lambda": 0.0,
      "twait": 0
    },
    "F5": {
      "rho": 0.1475154699093557,
      "capacity": 1.0,
      "tserv": 2.9503093981871142,
      "stddev": 4.029984110137592,
      "mu": 0.33894750178217686,
      "cv": 1.3659530463530059,
      "lambda": 0.05,
      "twait": 0.7315410600571336
    },
    "F6": {
      "rho": 0.1182980042538315,
      "capacity": 1.0,
      "tserv": 0.78865336169221,
      "stddev": 0.9284278287637701,
      "mu": 1.2679841975875237,
      "cv": 1.1772318154729557,
      "lambda": 0.15,
      "twait": 0.12622907444557754
    },
    "F7": {
      "rho": 0.11154943654274437,
      "capacity": 1.0,
      "tserv": 2.2309887308548872,
      "stddev": 2.433484927469175,
      "mu": 0.4482317575924341,
      "cv": 1.0907652261142053,
      "lambda": 0.05,
      "twait": 0.3066900978431742
    },
    "F8": {
      "rho": 0,
      "capacity": 1.0,
      "tserv": 0,
      "stddev": 0,
      "mu": 0,
      "cv": 0,
      "lambda": 0.0,
      "twait": 0
    },
    "F9": {
      "rho": 0.10248453009064429,
      "capacity": 1.0,
      "tserv": 1.3664604012085904,
      "stddev": 2.3341852034172756,
      "mu": 0.7318177673612292,
      "cv": 1.708198204172447,
      "lambda": 0.07500000000000001,
      "twait": 0.30566191491365596
    },
    "F10": {
      "rho": 0.1891408237265612,
      "capacity": 1.0,
      "tserv": 3.7828164745312245,
      "stddev": 4.610927718379966,
      "mu": 0.2643532951526342,
      "cv": 1.2189139360643615,
      "lambda": 0.05,
      "twait": 1.0966871913438907
    }
  },
  "extra": {
    "conv_gen": 52,
    "max_gen": 600,
    "population": 600,
    "deltatime": 37.3893774,
    "obj_func": 13.893293369097616
  },
  "network": [
    [
      0.0,
      2.3145676706490437,
      2.332167240252939,
      2.214532261486294,
      2.6444318289122424,
      1.9215626544730933,
      1.9679134219615482,
      1.990656314558721,
      2.098605064185097,
      2.098605064185097
    ],
    [
      2.3145676706490437,
      0.0,
      2.4688391145615687,
      2.3272742865329787,
      2.3057472306363476,
      2.2484198089904526,
      1.8148727255263277,
      2.098605064185097,
      2.310978953122697,
      2.310978953122697
    ],
    [
      2.332167240252939,
      2.4688391145615687,
      0.0,
      1.5617207257739927,
      2.2692735971340277,
      1.5955734885863284,
      1.990656314558721,
      2.310978953122697,
      2.1556088218149623,
      2.1556088218149623
    ],
    [
      2.214532261486294,
      2.3272742865329787,
      1.5617207257739927,
      0.0,
      2.323492685417138,
      1.9679134219615482,
      2.098605064185097,
      2.1556088218149623,
      1.8407398673265423,
      1.8407398673265423
    ],
    [
      2.6444318289122424,
      2.3057472306363476,
      2.2692735971340277,
      2.323492685417138,
      0.0,
      1.8148727255263277,
      2.310978953122697,
      1.8407398673265423,
      1.6340841081560176,
      1.6340841081560176
    ],
    [
      1.9215626544730933,
      2.2484198089904526,
      1.5955734885863284,
      1.9679134219615482,
      1.8148727255263277,
      0.0,
      2.1556088218149623,
      1.6340841081560176,
      1.3882706589080602,
      1.3882706589080602
    ],
    [
      1.9679134219615482,
      1.8148727255263277,
      1.990656314558721,
      2.098605064185097,
      2.310978953122697,
      2.1556088218149623,
      0.0,
      1.3882706589080602,
      2.1949224650326076,
      2.1949224650326076
    ],
    [
      1.990656314558721,
      2.098605064185097,
      2.310978953122697,
      2.1556088218149623,
      1.8407398673265423,
      1.6340841081560176,
      1.3882706589080602,
      0.0,
      1.6926363328063625,
      1.6926363328063625
    ],
    [
      2.098605064185097,
      2.310978953122697,
      2.1556088218149623,
      1.8407398673265423,
      1.6340841081560176,
      1.3882706589080602,
      2.1949224650326076,
      1.6926363328063625,
      0.0,
      2.2664840032511537
    ],
    [
      2.098605064185097,
      2.310978953122697,
      2.1556088218149623,
      1.8407398673265423,
      1.6340841081560176,
      1.3882706589080602,
      2.1949224650326076,
      1.6926363328063625,
      2.2664840032511537,
      0.0
    ]
  ]
}