{
  "servicechain": {
    "SC1": {
      "resptime": 68.05394793155162,
      "resptime_old": 58.05394793155161,
      "waittime": 53.69227257062998,
      "servicetime": 10.0,
      "networktime": 4.361675360921638,
      "services": {
        "MS1_1": {
          "meanserv": 3.2131170750021676,
          "stddevserv": 3.2131170750021676,
          "rate": 0.3112242649917527,
          "cv": 1.0,
          "lambda": 0.2
        },
        "MS1_2": {
          "meanserv": 0.7532700018008507,
          "stddevserv": 0.7532700018008507,
          "rate": 1.3275452329301436,
          "cv": 1.0,
          "lambda": 0.2
        },
        "MS1_3": {
          "meanserv": 2.7046726060518145,
          "stddevserv": 2.7046726060518145,
          "rate": 0.3697305166482847,
          "cv": 1.0,
          "lambda": 0.2
        },
        "MS1_4": {
          "meanserv": 1.0628316275749174,
          "stddevserv": 1.0628316275749174,
          "rate": 0.9408828021816762,
          "cv": 1.0,
          "lambda": 0.2
        },
        "MS1_5": {
          "meanserv": 2.26610868957025,
          "stddevserv": 2.26610868957025,
          "rate": 0.44128510013773536,
          "cv": 1.0,
          "lambda": 0.2
        }
      },
      "sensors": [
        "S1"
      ],
      "sources": [
        {
          "startTime": 0,
          "stopTime": -1,
          "lambda": 0.2
        }
      ]
    },
    "SC2": {
      "resptime": 60.55594615520931,
      "resptime_old": 50.55594615520932,
      "waittime": 45.29152307255507,
      "servicetime": 10.0,
      "networktime": 5.2644230826542415,
      "services": {
        "MS2_1": {
          "meanserv": 3.00278891084663,
          "stddevserv": 3.00278891084663,
          "rate": 0.3330237421577703,
          "cv": 1.0,
          "lambda": 0.2
        },
        "MS2_2": {
          "meanserv": 4.093560449687085,
          "stddevserv": 4.093560449687085,
          "rate": 0.24428612018577636,
          "cv": 1.0,
          "lambda": 0.2
        },
        "MS2_3": {
          "meanserv": 0.7068116087279774,
          "stddevserv": 0.7068116087279774,
          "rate": 1.4148041538248965,
          "cv": 1.0,
          "lambda": 0.2
        },
        "MS2_4": {
          "meanserv": 1.4931457563655117,
          "stddevserv": 1.4931457563655117,
          "rate": 0.6697269812654558,
          "cv": 1.0,
          "lambda": 0.2
        },
        "MS2_5": {
          "meanserv": 0.7036932743727959,
          "stddevserv": 0.7036932743727959,
          "rate": 1.4210736927836964,
          "cv": 1.0,
          "lambda": 0.2
        }
      },
      "sensors": [
        "S2"
      ],
      "sources": [
        {
          "startTime": 0,
          "stopTime": -1,
          "lambda": 0.2
        }
      ]
    },
    "SC3": {
      "resptime": 61.98084359625497,
      "resptime_old": 51.980843596254964,
      "waittime": 44.60149667369459,
      "servicetime": 10.0,
      "networktime": 7.37934692256038,
      "services": {
        "MS3_1": {
          "meanserv": 1.3653294266465898,
          "stddevserv": 1.3653294266465898,
          "rate": 0.7324239707160769,
          "cv": 1.0,
          "lambda": 0.2
        },
        "MS3_2": {
          "meanserv": 3.325937291099539,
          "stddevserv": 3.325937291099539,
          "rate": 0.30066712402427914,
          "cv": 1.0,
          "lambda": 0.2
        },
        "MS3_3": {
          "meanserv": 1.7543240500500614,
          "stddevserv": 1.7543240500500614,
          "rate": 0.5700201168486883,
          "cv": 1.0,
          "lambda": 0.2
        },
        "MS3_4": {
          "meanserv": 1.9741213020036525,
          "stddevserv": 1.9741213020036525,
          "rate": 0.5065544852715185,
          "cv": 1.0,
          "lambda": 0.2
        },
        "MS3_5": {
          "meanserv": 1.5802879302001571,
          "stddevserv": 1.5802879302001571,
          "rate": 0.6327960752527809,
          "cv": 1.0,
          "lambda": 0.2
        }
      },
      "sensors": [
        "S3"
      ],
      "sources": [
        {
          "startTime": 0,
          "stopTime": -1,
          "lambda": 0.2
        }
      ]
    },
    "SC4": {
      "resptime": 63.595573045889914,
      "resptime_old": 53.595573045889914,
      "waittime": 45.21452306389173,
      "servicetime": 10.0,
      "networktime": 8.381049981998183,
      "services": {
        "MS4_1": {
          "meanserv": 0.32405751679123407,
          "stddevserv": 0.32405751679123407,
          "rate": 3.0858719461342567,
          "cv": 1.0,
          "lambda": 0.2
        },
        "MS4_2": {
          "meanserv": 3.750603433010825,
          "stddevserv": 3.750603433010825,
          "rate": 0.26662376277868505,
          "cv": 1.0,
          "lambda": 0.2
        },
        "MS4_3": {
          "meanserv": 0.560805010360653,
          "stddevserv": 0.560805010360653,
          "rate": 1.7831509731999384,
          "cv": 1.0,
          "lambda": 0.2
        },
        "MS4_4": {
          "meanserv": 3.913823145318341,
          "stddevserv": 3.913823145318341,
          "rate": 0.255504646702339,
          "cv": 1.0,
          "lambda": 0.2
        },
        "MS4_5": {
          "meanserv": 1.4507108945189469,
          "stddevserv": 1.4507108945189469,
          "rate": 0.6893172194254447,
          "cv": 1.0,
          "lambda": 0.2
        }
      },
      "sensors": [
        "S4"
      ],
      "sources": [
        {
          "startTime": 0,
          "stopTime": -1,
          "lambda": 0.2
        }
      ]
    }
  },
  "microservice": {
    "MS1_1": "F7",
    "MS1_2": "F7",
    "MS1_3": "F8",
    "MS1_4": "F6",
    "MS1_5": "F10",
    "MS2_1": "F6",
    "MS2_2": "F1",
    "MS2_3": "F3",
    "MS2_4": "F3",
    "MS2_5": "F5",
    "MS3_1": "F8",
    "MS3_2": "F4",
    "MS3_3": "F5",
    "MS3_4": "F10",
    "MS3_5": "F5",
    "MS4_1": "F3",
    "MS4_2": "F9",
    "MS4_3": "F4",
    "MS4_4": "F2",
    "MS4_5": "F3"
  },
  "sensor": {
    "S1": "F7",
    "S2": "F6",
    "S3": "F8",
    "S4": "F3"
  },
  "fog": {
    "F1": {
      "rho": 0.8187120899374171,
      "capacity": 1.0,
      "tserv": 4.093560449687085,
      "stddev": 4.093560449687085,
      "mu": 0.24428612018577636,
      "cv": 1.0,
      "lambda": 0.2,
      "twait": 18.486877750929466
    },
    "F2": {
      "rho": 0.7827646290636683,
      "capacity": 1.0,
      "tserv": 3.913823145318341,
      "stddev": 3.913823145318341,
      "mu": 0.255504646702339,
      "cv": 1.0,
      "lambda": 0.2,
      "twait": 14.102686451847681
    },
    "F3": {
      "rho": 0.7949451552807341,
      "capacity": 1.0,
      "tserv": 0.9936814441009175,
      "stddev": 1.2173406772446367,
      "mu": 1.0063587339147704,
      "cv": 1.2250814226948616,
      "lambda": 0.8,
      "twait": 4.816898893962899
    },
    "F4": {
      "rho": 0.7773484602920384,
      "capacity": 1.0,
      "tserv": 1.943371150730096,
      "stddev": 2.7567498425649966,
      "mu": 0.514569746301068,
      "cv": 1.4185400671041795,
      "lambda": 0.4,
      "twait": 10.218982665822864
    },
    "F5": {
      "rho": 0.8076610509246029,
      "capacity": 1.0,
      "tserv": 1.3461017515410048,
      "stddev": 1.494916307816865,
      "mu": 0.7428858916907354,
      "cv": 1.1105522343355536,
      "lambda": 0.6000000000000001,
      "twait": 6.311927010621598
    },
    "F6": {
      "rho": 0.8131241076843093,
      "capacity": 1.0,
      "tserv": 2.0328102692107732,
      "stddev": 2.452352894888552,
      "mu": 0.4919298250043986,
      "cv": 1.2063855304315556,
      "lambda": 0.4,
      "twait": 10.858920523078213
    },
    "F7": {
      "rho": 0.7932774153606037,
      "capacity": 1.0,
      "tserv": 1.9831935384015091,
      "stddev": 2.637893178755736,
      "mu": 0.504237221751952,
      "cv": 1.3301239277342174,
      "lambda": 0.4,
      "twait": 10.537346030461615
    },
    "F8": {
      "rho": 0.8140004065396808,
      "capacity": 1.0,
      "tserv": 2.035001016349202,
      "stddev": 2.244582191110839,
      "mu": 0.4914002459782566,
      "cv": 1.1029882408302805,
      "lambda": 0.4,
      "twait": 9.870320873741619
    },
    "F9": {
      "rho": 0.750120686602165,
      "capacity": 1.0,
      "tserv": 3.750603433010825,
      "stddev": 3.7506034330108253,
      "mu": 0.26662376277868505,
      "cv": 1.0000000000000002,
      "lambda": 0.2,
      "twait": 11.259056158295392
    },
    "F10": {
      "rho": 0.8480459983147806,
      "capacity": 1.0,
      "tserv": 2.120114995786951,
      "stddev": 2.1301445755182176,
      "mu": 0.471672528135115,
      "cv": 1.0047306772279792,
      "lambda": 0.4,
      "twait": 11.888339112886918
    }
  },
  "extra": {
    "deltatime": 0.5550371,
    "conv": 12,
    "obj_func": 63.546577682226456
  },
  "network": [
    [
      0.0,
      2.0821528276304377,
      1.9111107511760865,
      2.2730748502144276,
      2.150820660197454,
      1.3499511809759763,
      2.1573974879622324,
      0.8796594187657282,
      2.418234440513991,
      2.418234440513991
    ],
    [
      2.0821528276304377,
      0.0,
      2.0575507740167134,
      2.2566347512614144,
      2.4983464041172776,
      2.229349670646342,
      2.5544157760160564,
      2.418234440513991,
      2.1368429749935935,
      2.1368429749935935
    ],
    [
      1.9111107511760865,
      2.0575507740167134,
      0.0,
      2.9489053200306077,
      2.0033611505021787,
      2.174880616926324,
      0.8796594187657282,
      2.1368429749935935,
      2.050651251914318,
      2.050651251914318
    ],
    [
      2.2730748502144276,
      2.2566347512614144,
      2.9489053200306077,
      0.0,
      2.4166248935223402,
      2.1573974879622324,
      2.418234440513991,
      2.050651251914318,
      2.0162132048057373,
      2.0162132048057373
    ],
    [
      2.150820660197454,
      2.4983464041172776,
      2.0033611505021787,
      2.4166248935223402,
      0.0,
      2.5544157760160564,
      2.1368429749935935,
      2.0162132048057373,
      1.456035388561861,
      1.456035388561861
    ],
    [
      1.3499511809759763,
      2.229349670646342,
      2.174880616926324,
      2.1573974879622324,
      2.5544157760160564,
      0.0,
      2.050651251914318,
      1.456035388561861,
      1.4528199861798885,
      1.4528199861798885
    ],
    [
      2.1573974879622324,
      2.5544157760160564,
      0.8796594187657282,
      2.418234440513991,
      2.1368429749935935,
      2.050651251914318,
      0.0,
      1.4528199861798885,
      1.9718644177358153,
      1.9718644177358153
    ],
    [
      0.8796594187657282,
      2.418234440513991,
      2.1368429749935935,
      2.050651251914318,
      2.0162132048057373,
      1.456035388561861,
      1.4528199861798885,
      0.0,
      2.138231890251917,
      2.138231890251917
    ],
    [
      2.418234440513991,
      2.1368429749935935,
      2.050651251914318,
      2.0162132048057373,
      1.456035388561861,
      1.4528199861798885,
      1.9718644177358153,
      2.138231890251917,
      0.0,
      2.120961390061558
    ],
    [
      2.418234440513991,
      2.1368429749935935,
      2.050651251914318,
      2.0162132048057373,
      1.456035388561861,
      1.4528199861798885,
      1.9718644177358153,
      2.138231890251917,
      2.120961390061558,
      0.0
    ]
  ]
}