{
  "servicechain": {
    "SC1": {
      "resptime": 24.846783422170077,
      "resptime_old": 14.846783422170073,
      "waittime": 13.89583027590516,
      "servicetime": 10.0,
      "networktime": 0.9509531462649132,
      "services": {
        "MS1_1": {
          "meanserv": 0.7747583918057299,
          "stddevserv": 0.7747583918057299,
          "rate": 1.2907249673918333,
          "cv": 1.0,
          "lambda": 0.1
        },
        "MS1_2": {
          "meanserv": 0.6477998398411866,
          "stddevserv": 0.6477998398411866,
          "rate": 1.5436867045925144,
          "cv": 1.0,
          "lambda": 0.1
        },
        "MS1_3": {
          "meanserv": 1.2205049915199229,
          "stddevserv": 1.2205049915199229,
          "rate": 0.8193329867128827,
          "cv": 1.0,
          "lambda": 0.1
        },
        "MS1_4": {
          "meanserv": 0.9267975322949153,
          "stddevserv": 0.9267975322949153,
          "rate": 1.078984314431462,
          "cv": 1.0,
          "lambda": 0.1
        },
        "MS1_5": {
          "meanserv": 6.430139244538245,
          "stddevserv": 6.430139244538245,
          "rate": 0.15551762753029014,
          "cv": 1.0,
          "lambda": 0.1
        }
      },
      "sensors": [
        "S1"
      ],
      "sources": [
        {
          "startTime": 0,
          "stopTime": -1,
          "lambda": 0.1
        }
      ]
    },
    "SC2": {
      "resptime": 18.351481136971532,
      "resptime_old": 8.351481136971534,
      "waittime": 5.334318209968747,
      "servicetime": 10.0,
      "networktime": 3.0171629270027864,
      "services": {
        "MS2_1": {
          "meanserv": 3.0994440929383718,
          "stddevserv": 3.0994440929383718,
          "rate": 0.3226385022650846,
          "cv": 1.0,
          "lambda": 0.1
        },
        "MS2_2": {
          "meanserv": 3.0490169791524133,
          "stddevserv": 3.0490169791524133,
          "rate": 0.32797455928828145,
          "cv": 1.0,
          "lambda": 0.1
        },
        "MS2_3": {
          "meanserv": 1.3760283735793655,
          "stddevserv": 1.3760283735793655,
          "rate": 0.7267292006477821,
          "cv": 1.0,
          "lambda": 0.1
        },
        "MS2_4": {
          "meanserv": 0.8013792380883924,
          "stddevserv": 0.8013792380883924,
          "rate": 1.2478486495175454,
          "cv": 1.0,
          "lambda": 0.1
        },
        "MS2_5": {
          "meanserv": 1.674131316241457,
          "stddevserv": 1.674131316241457,
          "rate": 0.5973247082224533,
          "cv": 1.0,
          "lambda": 0.1
        }
      },
      "sensors": [
        "S2"
      ],
      "sources": [
        {
          "startTime": 0,
          "stopTime": -1,
          "lambda": 0.1
        }
      ]
    },
    "SC3": {
      "resptime": 20.979436142991545,
      "resptime_old": 10.979436142991545,
      "waittime": 7.339024260722408,
      "servicetime": 10.0,
      "networktime": 3.6404118822691363,
      "services": {
        "MS3_1": {
          "meanserv": 2.3807260165881097,
          "stddevserv": 2.3807260165881097,
          "rate": 0.4200399344705487,
          "cv": 1.0,
          "lambda": 0.1
        },
        "MS3_2": {
          "meanserv": 1.3556610114996248,
          "stddevserv": 1.3556610114996248,
          "rate": 0.7376475324711194,
          "cv": 1.0,
          "lambda": 0.1
        },
        "MS3_3": {
          "meanserv": 1.672768283371954,
          "stddevserv": 1.672768283371954,
          "rate": 0.5978114302742562,
          "cv": 1.0,
          "lambda": 0.1
        },
        "MS3_4": {
          "meanserv": 3.058061581846445,
          "stddevserv": 3.058061581846445,
          "rate": 0.3270045331775837,
          "cv": 1.0,
          "lambda": 0.1
        },
        "MS3_5": {
          "meanserv": 1.5327831066938664,
          "stddevserv": 1.5327831066938664,
          "rate": 0.652408025396984,
          "cv": 1.0,
          "lambda": 0.1
        }
      },
      "sensors": [
        "S3"
      ],
      "sources": [
        {
          "startTime": 0,
          "stopTime": -1,
          "lambda": 0.1
        }
      ]
    },
    "SC4": {
      "resptime": 23.794661939159198,
      "resptime_old": 13.794661939159198,
      "waittime": 8.557006340527648,
      "servicetime": 10.0,
      "networktime": 5.23765559863155,
      "services": {
        "MS4_1": {
          "meanserv": 4.6936075625745275,
          "stddevserv": 4.6936075625745275,
          "rate": 0.2130557330727246,
          "cv": 1.0,
          "lambda": 0.1
        },
        "MS4_2": {
          "meanserv": 0.36993400652070463,
          "stddevserv": 0.36993400652070463,
          "rate": 2.7031848447921254,
          "cv": 1.0,
          "lambda": 0.1
        },
        "MS4_3": {
          "meanserv": 4.261927183755702,
          "stddevserv": 4.261927183755702,
          "rate": 0.23463563709194543,
          "cv": 1.0,
          "lambda": 0.1
        },
        "MS4_4": {
          "meanserv": 0.3229595251207531,
          "stddevserv": 0.3229595251207531,
          "rate": 3.096363235071344,
          "cv": 1.0,
          "lambda": 0.1
        },
        "MS4_5": {
          "meanserv": 0.35157172202831255,
          "stddevserv": 0.35157172202831255,
          "rate": 2.844369832222936,
          "cv": 1.0,
          "lambda": 0.1
        }
      },
      "sensors": [
        "S4"
      ],
      "sources": [
        {
          "startTime": 0,
          "stopTime": -1,
          "lambda": 0.1
        }
      ]
    }
  },
  "microservice": {
    "MS1_1": "F2",
    "MS1_2": "F2",
    "MS1_3": "F2",
    "MS1_4": "F2",
    "MS1_5": "F6",
    "MS2_1": "F4",
    "MS2_2": "F7",
    "MS2_3": "F10",
    "MS2_4": "F10",
    "MS2_5": "F10",
    "MS3_1": "F1",
    "MS3_2": "F1",
    "MS3_3": "F9",
    "MS3_4": "F9",
    "MS3_5": "F5",
    "MS4_1": "F3",
    "MS4_2": "F2",
    "MS4_3": "F8",
    "MS4_4": "F5",
    "MS4_5": "F5"
  },
  "sensor": {
    "S1": "F2",
    "S2": "F4",
    "S3": "F1",
    "S4": "F3"
  },
  "fog": {
    "F1": {
      "rho": 0.3736387028087735,
      "capacity": 1.0,
      "tserv": 1.868193514043867,
      "stddev": 2.003877775275753,
      "mu": 0.535276454223103,
      "cv": 1.0726285902460853,
      "lambda": 0.2,
      "twait": 1.1982977201524336
    },
    "F2": {
      "rho": 0.3939794761982459,
      "capacity": 1.0,
      "tserv": 0.7879589523964918,
      "stddev": 0.8838855561418975,
      "mu": 1.2691016416002487,
      "cv": 1.121740610286431,
      "lambda": 0.5,
      "twait": 0.5784181112473034
    },
    "F3": {
      "rho": 0.46936075625745277,
      "capacity": 1.0,
      "tserv": 4.6936075625745275,
      "stddev": 4.6936075625745275,
      "mu": 0.2130557330727246,
      "cv": 1.0,
      "lambda": 0.1,
      "twait": 4.151587394117646
    },
    "F4": {
      "rho": 0.3099444092938372,
      "capacity": 1.0,
      "tserv": 3.0994440929383718,
      "stddev": 3.0994440929383718,
      "mu": 0.3226385022650846,
      "cv": 1.0,
      "lambda": 0.1,
      "twait": 1.39214199763526
    },
    "F5": {
      "rho": 0.2207314353842932,
      "capacity": 1.0,
      "tserv": 0.7357714512809773,
      "stddev": 1.084831827207057,
      "mu": 1.3591176964789828,
      "cv": 1.474414134060741,
      "lambda": 0.30000000000000004,
      "twait": 0.33073701414265005
    },
    "F6": {
      "rho": 0.6430139244538245,
      "capacity": 1.0,
      "tserv": 6.430139244538245,
      "stddev": 6.430139244538245,
      "mu": 0.15551762753029014,
      "cv": 1.0,
      "lambda": 0.1,
      "twait": 11.582157830915946
    },
    "F7": {
      "rho": 0.30490169791524135,
      "capacity": 1.0,
      "tserv": 3.0490169791524133,
      "stddev": 3.0490169791524133,
      "mu": 0.32797455928828145,
      "cv": 1.0,
      "lambda": 0.1,
      "twait": 1.3374373827813084
    },
    "F8": {
      "rho": 0.42619271837557027,
      "capacity": 1.0,
      "tserv": 4.261927183755702,
      "stddev": 4.261927183755702,
      "mu": 0.23463563709194543,
      "cv": 1.0,
      "lambda": 0.1,
      "twait": 3.1655268068773985
    },
    "F9": {
      "rho": 0.47308298652183983,
      "capacity": 1.0,
      "tserv": 2.365414932609199,
      "stddev": 2.5602161168170463,
      "mu": 0.42275880912654007,
      "cv": 1.0823539166521492,
      "lambda": 0.2,
      "twait": 2.3058459031374454
    },
    "F10": {
      "rho": 0.3851538927909215,
      "capacity": 1.0,
      "tserv": 1.2838463093030714,
      "stddev": 1.3822653901689266,
      "mu": 0.7789094323469639,
      "cv": 1.0766595504093333,
      "lambda": 0.30000000000000004,
      "twait": 0.8682462765173927
    }
  },
  "extra": {
    "deltatime": 0.4460511,
    "conv": 16,
    "obj_func": 21.993090660323087
  },
  "network": [
    [
      0.0,
      1.4901980329160063,
      2.4082464910291037,
      2.017698762476701,
      1.9972889271924483,
      2.1700699837086472,
      2.2640539858688444,
      2.372556122500813,
      1.2016929218596382,
      1.2016929218596382
    ],
    [
      1.4901980329160063,
      0.0,
      2.037104299215288,
      2.003869818645402,
      2.036503557332918,
      0.9509531462649132,
      2.493096672862971,
      1.2016929218596382,
      1.8351622814802218,
      1.8351622814802218
    ],
    [
      2.4082464910291037,
      2.037104299215288,
      0.0,
      2.4155436298102795,
      2.0919243575195057,
      2.157321346301083,
      2.372556122500813,
      1.8351622814802218,
      2.275650247346329,
      2.275650247346329
    ],
    [
      2.017698762476701,
      2.003869818645402,
      2.4155436298102795,
      0.0,
      2.265814456752879,
      2.2640539858688444,
      1.2016929218596382,
      2.275650247346329,
      1.9988583775566233,
      1.9988583775566233
    ],
    [
      1.9972889271924483,
      2.036503557332918,
      2.0919243575195057,
      2.265814456752879,
      0.0,
      2.493096672862971,
      1.8351622814802218,
      1.9988583775566233,
      2.438718960409498,
      2.438718960409498
    ],
    [
      2.1700699837086472,
      0.9509531462649132,
      2.157321346301083,
      2.2640539858688444,
      2.493096672862971,
      0.0,
      2.275650247346329,
      2.438718960409498,
      2.1336789706530945,
      2.1336789706530945
    ],
    [
      2.2640539858688444,
      2.493096672862971,
      2.372556122500813,
      1.2016929218596382,
      1.8351622814802218,
      2.275650247346329,
      0.0,
      2.1336789706530945,
      1.8154700051431485,
      1.8154700051431485
    ],
    [
      2.372556122500813,
      1.2016929218596382,
      1.8351622814802218,
      2.275650247346329,
      1.9988583775566233,
      2.438718960409498,
      2.1336789706530945,
      0.0,
      1.5202070964307965,
      1.5202070964307965
    ],
    [
      1.2016929218596382,
      1.8351622814802218,
      2.275650247346329,
      1.9988583775566233,
      2.438718960409498,
      2.1336789706530945,
      1.8154700051431485,
      1.5202070964307965,
      0.0,
      1.9771513075556963
    ],
    [
      1.2016929218596382,
      1.8351622814802218,
      2.275650247346329,
      1.9988583775566233,
      2.438718960409498,
      2.1336789706530945,
      1.8154700051431485,
      1.5202070964307965,
      1.9771513075556963,
      0.0
    ]
  ]
}