{
  "servicechain": {
    "SC1": {
      "resptime": 29.998655207712957,
      "resptime_old": 19.998655207712954,
      "waittime": 17.066873559422795,
      "servicetime": 10.0,
      "networktime": 2.93178164829016,
      "services": {
        "MS1_1": {
          "meanserv": 2.202186182876974,
          "stddevserv": 2.202186182876974,
          "rate": 0.45409421227663077,
          "cv": 1.0,
          "lambda": 0.125
        },
        "MS1_2": {
          "meanserv": 1.44244811154815,
          "stddevserv": 1.44244811154815,
          "rate": 0.6932658388153182,
          "cv": 1.0,
          "lambda": 0.125
        },
        "MS1_3": {
          "meanserv": 0.2741139585507826,
          "stddevserv": 0.2741139585507826,
          "rate": 3.6481177583473525,
          "cv": 1.0,
          "lambda": 0.125
        },
        "MS1_4": {
          "meanserv": 5.173804480761553,
          "stddevserv": 5.173804480761553,
          "rate": 0.19328136649122196,
          "cv": 1.0,
          "lambda": 0.125
        },
        "MS1_5": {
          "meanserv": 0.9074472662625404,
          "stddevserv": 0.9074472662625404,
          "rate": 1.1019924101139806,
          "cv": 1.0,
          "lambda": 0.125
        }
      },
      "sensors": [
        "S1"
      ],
      "sources": [
        {
          "startTime": 0,
          "stopTime": -1,
          "lambda": 0.125
        }
      ]
    },
    "SC2": {
      "resptime": 22.26177336103188,
      "resptime_old": 12.261773361031882,
      "waittime": 8.725883236514562,
      "servicetime": 10.0,
      "networktime": 3.535890124517318,
      "services": {
        "MS2_1": {
          "meanserv": 0.4452494000019491,
          "stddevserv": 0.4452494000019491,
          "rate": 2.2459322797416963,
          "cv": 1.0,
          "lambda": 0.125
        },
        "MS2_2": {
          "meanserv": 2.9798841374845226,
          "stddevserv": 2.9798841374845226,
          "rate": 0.3355835172988144,
          "cv": 1.0,
          "lambda": 0.125
        },
        "MS2_3": {
          "meanserv": 3.5017978522448114,
          "stddevserv": 3.5017978522448114,
          "rate": 0.28556759761530914,
          "cv": 1.0,
          "lambda": 0.125
        },
        "MS2_4": {
          "meanserv": 1.1611674197909476,
          "stddevserv": 1.1611674197909476,
          "rate": 0.8612022546929851,
          "cv": 1.0,
          "lambda": 0.125
        },
        "MS2_5": {
          "meanserv": 1.911901190477769,
          "stddevserv": 1.911901190477769,
          "rate": 0.5230395822652885,
          "cv": 1.0,
          "lambda": 0.125
        }
      },
      "sensors": [
        "S2"
      ],
      "sources": [
        {
          "startTime": 0,
          "stopTime": -1,
          "lambda": 0.125
        }
      ]
    },
    "SC3": {
      "resptime": 25.618676229524944,
      "resptime_old": 15.618676229524944,
      "waittime": 11.503497522966098,
      "servicetime": 10.0,
      "networktime": 4.1151787065588445,
      "services": {
        "MS3_1": {
          "meanserv": 2.4553532810756975,
          "stddevserv": 2.4553532810756975,
          "rate": 0.4072733678315721,
          "cv": 1.0,
          "lambda": 0.125
        },
        "MS3_2": {
          "meanserv": 2.3732932271624936,
          "stddevserv": 2.3732932271624936,
          "rate": 0.42135543495213135,
          "cv": 1.0,
          "lambda": 0.125
        },
        "MS3_3": {
          "meanserv": 1.8257382884447706,
          "stddevserv": 1.8257382884447706,
          "rate": 0.5477236284789951,
          "cv": 1.0,
          "lambda": 0.125
        },
        "MS3_4": {
          "meanserv": 0.32357458387365057,
          "stddevserv": 0.32357458387365057,
          "rate": 3.0904775895206904,
          "cv": 1.0,
          "lambda": 0.125
        },
        "MS3_5": {
          "meanserv": 3.0220406194433878,
          "stddevserv": 3.0220406194433878,
          "rate": 0.33090223657688106,
          "cv": 1.0,
          "lambda": 0.125
        }
      },
      "sensors": [
        "S3"
      ],
      "sources": [
        {
          "startTime": 0,
          "stopTime": -1,
          "lambda": 0.125
        }
      ]
    },
    "SC4": {
      "resptime": 29.963547799528673,
      "resptime_old": 19.963547799528673,
      "waittime": 14.37554821538604,
      "servicetime": 10.0,
      "networktime": 5.587999584142633,
      "services": {
        "MS4_1": {
          "meanserv": 2.0541966147276947,
          "stddevserv": 2.0541966147276947,
          "rate": 0.4868083185564788,
          "cv": 1.0,
          "lambda": 0.125
        },
        "MS4_2": {
          "meanserv": 2.972738880220988,
          "stddevserv": 2.972738880220988,
          "rate": 0.3363901238193049,
          "cv": 1.0,
          "lambda": 0.125
        },
        "MS4_3": {
          "meanserv": 0.21069061058009364,
          "stddevserv": 0.21069061058009364,
          "rate": 4.746295989397457,
          "cv": 1.0,
          "lambda": 0.125
        },
        "MS4_4": {
          "meanserv": 3.962418118719678,
          "stddevserv": 3.962418118719678,
          "rate": 0.2523711456082066,
          "cv": 1.0,
          "lambda": 0.125
        },
        "MS4_5": {
          "meanserv": 0.7999557757515454,
          "stddevserv": 0.7999557757515454,
          "rate": 1.2500691042083123,
          "cv": 1.0,
          "lambda": 0.125
        }
      },
      "sensors": [
        "S4"
      ],
      "sources": [
        {
          "startTime": 0,
          "stopTime": -1,
          "lambda": 0.125
        }
      ]
    }
  },
  "microservice": {
    "MS1_1": "F3",
    "MS1_2": "F3",
    "MS1_3": "F3",
    "MS1_4": "F5",
    "MS1_5": "F6",
    "MS2_1": "F4",
    "MS2_2": "F4",
    "MS2_3": "F2",
    "MS2_4": "F7",
    "MS2_5": "F7",
    "MS3_1": "F8",
    "MS3_2": "F8",
    "MS3_3": "F1",
    "MS3_4": "F1",
    "MS3_5": "F6",
    "MS4_1": "F10",
    "MS4_2": "F10",
    "MS4_3": "F1",
    "MS4_4": "F9",
    "MS4_5": "F1"
  },
  "sensor": {
    "S1": "F3",
    "S2": "F4",
    "S3": "F8",
    "S4": "F10"
  },
  "fog": {
    "F1": {
      "rho": 0.3949949073312575,
      "capacity": 1.0,
      "tserv": 0.789989814662515,
      "stddev": 1.1987853792956615,
      "mu": 1.2658391050613755,
      "cv": 1.5174694116882819,
      "lambda": 0.5,
      "twait": 0.8517160920875535
    },
    "F2": {
      "rho": 0.4377247315306014,
      "capacity": 1.0,
      "tserv": 3.5017978522448114,
      "stddev": 3.5017978522448114,
      "mu": 0.28556759761530914,
      "cv": 1.0,
      "lambda": 0.125,
      "twait": 2.726108741935035
    },
    "F3": {
      "rho": 0.4898435316219884,
      "capacity": 1.0,
      "tserv": 1.3062494176586357,
      "stddev": 1.7216247537593037,
      "mu": 0.7655505805257565,
      "cv": 1.3179908296879477,
      "lambda": 0.375,
      "twait": 1.71648784124713
    },
    "F4": {
      "rho": 0.428141692185809,
      "capacity": 1.0,
      "tserv": 1.712566768743236,
      "stddev": 2.47892548569543,
      "mu": 0.5839188394002578,
      "cv": 1.4474912925669958,
      "lambda": 0.25,
      "twait": 1.9843107062072258
    },
    "F5": {
      "rho": 0.6467255600951941,
      "capacity": 1.0,
      "tserv": 5.173804480761553,
      "stddev": 5.173804480761553,
      "mu": 0.19328136649122196,
      "cv": 1.0,
      "lambda": 0.125,
      "twait": 9.471479458137898
    },
    "F6": {
      "rho": 0.49118598571324107,
      "capacity": 1.0,
      "tserv": 1.964743942852964,
      "stddev": 2.4690020829549173,
      "mu": 0.5089721760627599,
      "cv": 1.2566533628650511,
      "lambda": 0.25,
      "twait": 2.445930577543505
    },
    "F7": {
      "rho": 0.3841335762835896,
      "capacity": 1.0,
      "tserv": 1.5365343051343583,
      "stddev": 1.6256501062896505,
      "mu": 0.6508152773800632,
      "cv": 1.057997924847828,
      "lambda": 0.25,
      "twait": 1.0155765410825375
    },
    "F8": {
      "rho": 0.6035808135297739,
      "capacity": 1.0,
      "tserv": 2.4143232541190955,
      "stddev": 2.415020435028312,
      "mu": 0.41419474309991106,
      "cv": 1.0002887686675872,
      "lambda": 0.25,
      "twait": 3.6770673806237433
    },
    "F9": {
      "rho": 0.49530226483995976,
      "capacity": 1.0,
      "tserv": 3.962418118719678,
      "stddev": 3.962418118719678,
      "mu": 0.2523711456082066,
      "cv": 1.0,
      "lambda": 0.125,
      "twait": 3.8886536073366926
    },
    "F10": {
      "rho": 0.6283669368685854,
      "capacity": 1.0,
      "tserv": 2.5134677474743414,
      "stddev": 2.5960315992573197,
      "mu": 0.3978567065381484,
      "cv": 1.0328485821494795,
      "lambda": 0.25,
      "twait": 4.39173121193712
    }
  },
  "extra": {
    "conv_gen": 75,
    "max_gen": 600,
    "population": 600,
    "deltatime": 38.7494808,
    "obj_func": 26.960663149449616
  },
  "network": [
    [
      0.0,
      2.533482317035584,
      2.3715672227379647,
      2.7042746197043503,
      2.0143854316131433,
      1.6357405150825237,
      2.1709076657416886,
      2.479438191476321,
      1.8626665280475443,
      1.8626665280475443
    ],
    [
      2.533482317035584,
      0.0,
      2.2055576152264087,
      1.9726763366249382,
      2.4403871210414323,
      1.9514226048213383,
      1.5632137878923797,
      1.8626665280475443,
      2.908826717975693,
      2.908826717975693
    ],
    [
      2.3715672227379647,
      2.2055576152264087,
      0.0,
      2.417150683713738,
      1.3685678603977804,
      1.8524937196939624,
      2.479438191476321,
      2.908826717975693,
      1.9096965957339846,
      1.9096965957339846
    ],
    [
      2.7042746197043503,
      1.9726763366249382,
      2.417150683713738,
      0.0,
      2.1403208057360392,
      2.1709076657416886,
      1.8626665280475443,
      1.9096965957339846,
      2.2694162746809368,
      2.2694162746809368
    ],
    [
      2.0143854316131433,
      2.4403871210414323,
      1.3685678603977804,
      2.1403208057360392,
      0.0,
      1.5632137878923797,
      2.908826717975693,
      2.2694162746809368,
      1.93948406466969,
      1.93948406466969
    ],
    [
      1.6357405150825237,
      1.9514226048213383,
      1.8524937196939624,
      2.1709076657416886,
      1.5632137878923797,
      0.0,
      1.9096965957339846,
      1.93948406466969,
      2.055118242255234,
      2.055118242255234
    ],
    [
      2.1709076657416886,
      1.5632137878923797,
      2.479438191476321,
      1.8626665280475443,
      2.908826717975693,
      1.9096965957339846,
      0.0,
      2.055118242255234,
      2.1190769523913846,
      2.1190769523913846
    ],
    [
      2.479438191476321,
      1.8626665280475443,
      2.908826717975693,
      1.9096965957339846,
      2.2694162746809368,
      1.93948406466969,
      2.055118242255234,
      0.0,
      1.9148953600006988,
      1.9148953600006988
    ],
    [
      1.8626665280475443,
      2.908826717975693,
      1.9096965957339846,
      2.2694162746809368,
      1.93948406466969,
      2.055118242255234,
      2.1190769523913846,
      1.9148953600006988,
      0.0,
      2.322386236707822
    ],
    [
      1.8626665280475443,
      2.908826717975693,
      1.9096965957339846,
      2.2694162746809368,
      1.93948406466969,
      2.055118242255234,
      2.1190769523913846,
      1.9148953600006988,
      2.322386236707822,
      0.0
    ]
  ]
}