{
  "servicechain": {
    "SC1": {
      "resptime": 26.39595630701628,
      "resptime_old": 16.39595630701628,
      "waittime": 12.957240834477059,
      "servicetime": 10.0,
      "networktime": 3.438715472539222,
      "services": {
        "MS1_1": {
          "meanserv": 0.7563841523236836,
          "stddevserv": 0.7563841523236836,
          "rate": 1.3220795239137486,
          "cv": 1.0,
          "lambda": 0.15
        },
        "MS1_2": {
          "meanserv": 2.155652492944937,
          "stddevserv": 2.155652492944937,
          "rate": 0.46389666389773865,
          "cv": 1.0,
          "lambda": 0.15
        },
        "MS1_3": {
          "meanserv": 3.656710042848917,
          "stddevserv": 3.656710042848917,
          "rate": 0.2734698645181358,
          "cv": 1.0,
          "lambda": 0.15
        },
        "MS1_4": {
          "meanserv": 0.4136143273828976,
          "stddevserv": 0.4136143273828976,
          "rate": 2.417711219839501,
          "cv": 1.0,
          "lambda": 0.15
        },
        "MS1_5": {
          "meanserv": 3.0176389844995644,
          "stddevserv": 3.0176389844995644,
          "rate": 0.33138490228175416,
          "cv": 1.0,
          "lambda": 0.15
        }
      },
      "sensors": [
        "S1"
      ],
      "sources": [
        {
          "startTime": 0,
          "stopTime": -1,
          "lambda": 0.15
        }
      ]
    },
    "SC2": {
      "resptime": 39.05911533428891,
      "resptime_old": 29.059115334288908,
      "waittime": 24.11169690253214,
      "servicetime": 10.0,
      "networktime": 4.947418431756767,
      "services": {
        "MS2_1": {
          "meanserv": 1.4793780725536554,
          "stddevserv": 1.4793780725536554,
          "rate": 0.6759597283159887,
          "cv": 1.0,
          "lambda": 0.15
        },
        "MS2_2": {
          "meanserv": 5.1262746164944195,
          "stddevserv": 5.1262746164944195,
          "rate": 0.19507343535252225,
          "cv": 1.0,
          "lambda": 0.15
        },
        "MS2_3": {
          "meanserv": 0.8758965897145004,
          "stddevserv": 0.8758965897145004,
          "rate": 1.141687285625751,
          "cv": 1.0,
          "lambda": 0.15
        },
        "MS2_4": {
          "meanserv": 0.8535516513045636,
          "stddevserv": 0.8535516513045636,
          "rate": 1.171575262576794,
          "cv": 1.0,
          "lambda": 0.15
        },
        "MS2_5": {
          "meanserv": 1.6648990699328614,
          "stddevserv": 1.6648990699328614,
          "rate": 0.6006370104106827,
          "cv": 1.0,
          "lambda": 0.15
        }
      },
      "sensors": [
        "S2"
      ],
      "sources": [
        {
          "startTime": 0,
          "stopTime": -1,
          "lambda": 0.15
        }
      ]
    },
    "SC3": {
      "resptime": 30.83944161812763,
      "resptime_old": 20.83944161812763,
      "waittime": 17.28748455587672,
      "servicetime": 10.0,
      "networktime": 3.551957062250909,
      "services": {
        "MS3_1": {
          "meanserv": 4.332604859369135,
          "stddevserv": 4.332604859369135,
          "rate": 0.23080803176350792,
          "cv": 1.0,
          "lambda": 0.15
        },
        "MS3_2": {
          "meanserv": 1.808962092657099,
          "stddevserv": 1.808962092657099,
          "rate": 0.5528031814813472,
          "cv": 1.0,
          "lambda": 0.15
        },
        "MS3_3": {
          "meanserv": 0.6416061445693053,
          "stddevserv": 0.6416061445693053,
          "rate": 1.5585885647514734,
          "cv": 1.0,
          "lambda": 0.15
        },
        "MS3_4": {
          "meanserv": 0.03998189727679957,
          "stddevserv": 0.03998189727679957,
          "rate": 25.011319324765342,
          "cv": 1.0,
          "lambda": 0.15
        },
        "MS3_5": {
          "meanserv": 3.176845006127661,
          "stddevserv": 3.176845006127661,
          "rate": 0.31477771124217546,
          "cv": 1.0,
          "lambda": 0.15
        }
      },
      "sensors": [
        "S3"
      ],
      "sources": [
        {
          "startTime": 0,
          "stopTime": -1,
          "lambda": 0.15
        }
      ]
    },
    "SC4": {
      "resptime": 6777.03909242957,
      "resptime_old": 6767.03909242957,
      "waittime": 6765.151830413566,
      "servicetime": 10.0,
      "networktime": 1.8872620160039195,
      "services": {
        "MS4_1": {
          "meanserv": 6.716716244881197,
          "stddevserv": 6.716716244881197,
          "rate": 0.14888227573438123,
          "cv": 1.0,
          "lambda": 0.15
        },
        "MS4_2": {
          "meanserv": 0.4542937272980794,
          "stddevserv": 0.4542937272980794,
          "rate": 2.201219034978799,
          "cv": 1.0,
          "lambda": 0.15
        },
        "MS4_3": {
          "meanserv": 0.733337162484192,
          "stddevserv": 0.733337162484192,
          "rate": 1.363629243351698,
          "cv": 1.0,
          "lambda": 0.15
        },
        "MS4_4": {
          "meanserv": 1.7897498877344828,
          "stddevserv": 1.7897498877344828,
          "rate": 0.5587372888542705,
          "cv": 1.0,
          "lambda": 0.15
        },
        "MS4_5": {
          "meanserv": 0.30590297760204876,
          "stddevserv": 0.30590297760204876,
          "rate": 3.269010350402364,
          "cv": 1.0,
          "lambda": 0.15
        }
      },
      "sensors": [
        "S4"
      ],
      "sources": [
        {
          "startTime": 0,
          "stopTime": -1,
          "lambda": 0.15
        }
      ]
    }
  },
  "microservice": {
    "MS1_1": "F8",
    "MS1_2": "F8",
    "MS1_3": "F4",
    "MS1_4": "F6",
    "MS1_5": "F6",
    "MS2_1": "F10",
    "MS2_2": "F2",
    "MS2_3": "F9",
    "MS2_4": "F9",
    "MS2_5": "F10",
    "MS3_1": "F3",
    "MS3_2": "F9",
    "MS3_3": "F9",
    "MS3_4": "F9",
    "MS3_5": "F5",
    "MS4_1": "F1",
    "MS4_2": "F7",
    "MS4_3": "F7",
    "MS4_4": "F7",
    "MS4_5": "F7"
  },
  "sensor": {
    "S1": "F8",
    "S2": "F10",
    "S3": "F3",
    "S4": "F1"
  },
  "fog": {
    "F1": {
      "rho": 1.0075074367321795,
      "capacity": 1.0,
      "tserv": 6.716716244881197,
      "stddev": 6.716716244881197,
      "mu": 0.14888227573438123,
      "cv": 1.0,
      "lambda": 0.15,
      "twait": 6760.3744255705005
    },
    "F2": {
      "rho": 0.7689411924741629,
      "capacity": 1.0,
      "tserv": 5.1262746164944195,
      "stddev": 5.1262746164944195,
      "mu": 0.19507343535252225,
      "cv": 1.0,
      "lambda": 0.15,
      "twait": 17.05974231740323
    },
    "F3": {
      "rho": 0.6498907289053701,
      "capacity": 1.0,
      "tserv": 4.332604859369135,
      "stddev": 4.332604859369135,
      "mu": 0.23080803176350792,
      "cv": 1.0,
      "lambda": 0.15,
      "twait": 8.042402651351967
    },
    "F4": {
      "rho": 0.5485065064273376,
      "capacity": 1.0,
      "tserv": 3.656710042848917,
      "stddev": 3.656710042848917,
      "mu": 0.2734698645181358,
      "cv": 1.0,
      "lambda": 0.15,
      "twait": 4.442432236950988
    },
    "F5": {
      "rho": 0.47652675091914914,
      "capacity": 1.0,
      "tserv": 3.176845006127661,
      "stddev": 3.176845006127661,
      "mu": 0.31477771124217546,
      "cv": 1.0,
      "lambda": 0.15,
      "twait": 2.891936945396656
    },
    "F6": {
      "rho": 0.5146879967823694,
      "capacity": 1.0,
      "tserv": 1.7156266559412312,
      "stddev": 2.5167135375349887,
      "mu": 0.5828773973270878,
      "cv": 1.4669354365762424,
      "lambda": 0.3,
      "twait": 2.867399257924725
    },
    "F7": {
      "rho": 0.4924925632678204,
      "capacity": 1.0,
      "tserv": 0.8208209387797006,
      "stddev": 1.160485555665335,
      "mu": 1.2182925078479132,
      "cv": 1.4138108579328001,
      "lambda": 0.6,
      "twait": 1.194351210766578
    },
    "F8": {
      "rho": 0.4368054967902931,
      "capacity": 1.0,
      "tserv": 1.4560183226343104,
      "stddev": 1.7603878266959554,
      "mu": 0.6868045439089967,
      "cv": 1.2090423584168657,
      "lambda": 0.3,
      "twait": 1.3900050408383111
    },
    "F9": {
      "rho": 0.6329997563283402,
      "capacity": 1.0,
      "tserv": 0.8439996751044535,
      "stddev": 1.166277407464703,
      "mu": 1.1848345793216566,
      "cv": 1.3818458014457937,
      "lambda": 0.75,
      "twait": 2.1177149863760323
    },
    "F10": {
      "rho": 0.4716415713729775,
      "capacity": 1.0,
      "tserv": 1.5721385712432585,
      "stddev": 1.5776022018953582,
      "mu": 0.6360762456258502,
      "cv": 1.0034752856726739,
      "lambda": 0.3,
      "twait": 1.4082623061884216
    }
  },
  "extra": {
    "deltatime": 0.0168977,
    "obj_func": 1718.3334014222507
  },
  "network": [
    [
      0.0,
      2.2772996925131177,
      1.8556476329713247,
      2.0624868116946615,
      1.7790197602983757,
      1.6476832124500838,
      1.8872620160039195,
      2.3898707754206727,
      2.067490486252051,
      2.067490486252051
    ],
    [
      2.2772996925131177,
      0.0,
      1.5668419337761572,
      2.183796809996677,
      1.6929821901085529,
      2.0490218687055255,
      2.3251762899618003,
      2.067490486252051,
      1.7135943711837394,
      1.7135943711837394
    ],
    [
      1.8556476329713247,
      1.5668419337761572,
      0.0,
      1.8285423739352251,
      1.7102233630444947,
      1.4302330721466248,
      2.3898707754206727,
      1.7135943711837394,
      1.5514534565353029,
      1.5514534565353029
    ],
    [
      2.0624868116946615,
      2.183796809996677,
      1.8285423739352251,
      0.0,
      2.332034396556543,
      1.8872620160039195,
      2.067490486252051,
      1.5514534565353029,
      2.99183174351466,
      2.99183174351466
    ],
    [
      1.7790197602983757,
      1.6929821901085529,
      1.7102233630444947,
      2.332034396556543,
      0.0,
      2.3251762899618003,
      1.7135943711837394,
      2.99183174351466,
      2.0005036057156063,
      2.0005036057156063
    ],
    [
      1.6476832124500838,
      2.0490218687055255,
      1.4302330721466248,
      1.8872620160039195,
      2.3251762899618003,
      0.0,
      1.5514534565353029,
      2.0005036057156063,
      1.4888008461957951,
      1.4888008461957951
    ],
    [
      1.8872620160039195,
      2.3251762899618003,
      2.3898707754206727,
      2.067490486252051,
      1.7135943711837394,
      1.5514534565353029,
      0.0,
      1.4888008461957951,
      2.358527047035671,
      2.358527047035671
    ],
    [
      2.3898707754206727,
      2.067490486252051,
      1.7135943711837394,
      1.5514534565353029,
      2.99183174351466,
      2.0005036057156063,
      1.4888008461957951,
      0.0,
      1.8706641702430356,
      1.8706641702430356
    ],
    [
      2.067490486252051,
      1.7135943711837394,
      1.5514534565353029,
      2.99183174351466,
      2.0005036057156063,
      1.4888008461957951,
      2.358527047035671,
      1.8706641702430356,
      0.0,
      1.5202296893892882
    ],
    [
      2.067490486252051,
      1.7135943711837394,
      1.5514534565353029,
      2.99183174351466,
      2.0005036057156063,
      1.4888008461957951,
      2.358527047035671,
      1.8706641702430356,
      1.5202296893892882,
      0.0
    ]
  ]
}