{
  "servicechain": {
    "SC1": {
      "resptime": 30.052750964717323,
      "resptime_old": 20.052750964717323,
      "waittime": 13.986222466542507,
      "servicetime": 10.0,
      "networktime": 6.066528498174814,
      "services": {
        "MS1_1": {
          "meanserv": 0.47784131218832626,
          "stddevserv": 0.47784131218832626,
          "rate": 2.0927449646837593,
          "cv": 1.0,
          "lambda": 0.225
        },
        "MS1_2": {
          "meanserv": 2.37366554264268,
          "stddevserv": 2.37366554264268,
          "rate": 0.42128934428001474,
          "cv": 1.0,
          "lambda": 0.225
        },
        "MS1_3": {
          "meanserv": 0.8360614182385704,
          "stddevserv": 0.8360614182385704,
          "rate": 1.1960843763210822,
          "cv": 1.0,
          "lambda": 0.225
        },
        "MS1_4": {
          "meanserv": 0.9243735574241376,
          "stddevserv": 0.9243735574241376,
          "rate": 1.0818137234329845,
          "cv": 1.0,
          "lambda": 0.225
        },
        "MS1_5": {
          "meanserv": 0.1391746702066854,
          "stddevserv": 0.1391746702066854,
          "rate": 7.185215517413628,
          "cv": 1.0,
          "lambda": 0.225
        },
        "MS1_6": {
          "meanserv": 1.7739492781964312,
          "stddevserv": 1.7739492781964312,
          "rate": 0.5637139755296143,
          "cv": 1.0,
          "lambda": 0.225
        },
        "MS1_7": {
          "meanserv": 1.4454905515782306,
          "stddevserv": 1.4454905515782306,
          "rate": 0.6918066665383386,
          "cv": 1.0,
          "lambda": 0.225
        },
        "MS1_8": {
          "meanserv": 0.48673239631381815,
          "stddevserv": 0.48673239631381815,
          "rate": 2.054517035589419,
          "cv": 1.0,
          "lambda": 0.225
        },
        "MS1_9": {
          "meanserv": 0.5923974781615016,
          "stddevserv": 0.5923974781615016,
          "rate": 1.688055801830028,
          "cv": 1.0,
          "lambda": 0.225
        },
        "MS1_10": {
          "meanserv": 0.9503137950496185,
          "stddevserv": 0.9503137950496185,
          "rate": 1.0522839984110588,
          "cv": 1.0,
          "lambda": 0.225
        }
      },
      "sensors": [
        "S1"
      ],
      "sources": [
        {
          "startTime": 0,
          "stopTime": -1,
          "lambda": 0.225
        }
      ]
    },
    "SC2": {
      "resptime": 32.52749480024841,
      "resptime_old": 22.527494800248416,
      "waittime": 18.877118204552428,
      "servicetime": 10.0,
      "networktime": 3.650376595695986,
      "services": {
        "MS2_1": {
          "meanserv": 2.5426787170792178,
          "stddevserv": 2.5426787170792178,
          "rate": 0.39328602284000036,
          "cv": 1.0,
          "lambda": 0.225
        },
        "MS2_2": {
          "meanserv": 0.5923778869540559,
          "stddevserv": 0.5923778869540559,
          "rate": 1.6881116294564837,
          "cv": 1.0,
          "lambda": 0.225
        },
        "MS2_3": {
          "meanserv": 0.18951385776580087,
          "stddevserv": 0.18951385776580087,
          "rate": 5.276658983090244,
          "cv": 1.0,
          "lambda": 0.225
        },
        "MS2_4": {
          "meanserv": 0.027784426230756942,
          "stddevserv": 0.027784426230756942,
          "rate": 35.99138566673063,
          "cv": 1.0,
          "lambda": 0.225
        },
        "MS2_5": {
          "meanserv": 1.1289577301517126,
          "stddevserv": 1.1289577301517126,
          "rate": 0.8857727559610377,
          "cv": 1.0,
          "lambda": 0.225
        },
        "MS2_6": {
          "meanserv": 0.4810262758996746,
          "stddevserv": 0.4810262758996746,
          "rate": 2.0788885142078293,
          "cv": 1.0,
          "lambda": 0.225
        },
        "MS2_7": {
          "meanserv": 0.45334007590082326,
          "stddevserv": 0.45334007590082326,
          "rate": 2.2058495446556745,
          "cv": 1.0,
          "lambda": 0.225
        },
        "MS2_8": {
          "meanserv": 0.35953746802771924,
          "stddevserv": 0.35953746802771924,
          "rate": 2.78135128860312,
          "cv": 1.0,
          "lambda": 0.225
        },
        "MS2_9": {
          "meanserv": 1.6255446520622199,
          "stddevserv": 1.6255446520622199,
          "rate": 0.6151784257241822,
          "cv": 1.0,
          "lambda": 0.225
        },
        "MS2_10": {
          "meanserv": 2.599238909928019,
          "stddevserv": 2.599238909928019,
          "rate": 0.3847280048711233,
          "cv": 1.0,
          "lambda": 0.225
        }
      },
      "sensors": [
        "S2"
      ],
      "sources": [
        {
          "startTime": 0,
          "stopTime": -1,
          "lambda": 0.225
        }
      ]
    },
    "SC3": {
      "resptime": 32.23384514407465,
      "resptime_old": 22.233845144074653,
      "waittime": 17.722099439005113,
      "servicetime": 10.0,
      "networktime": 4.511745705069538,
      "services": {
        "MS3_1": {
          "meanserv": 0.1445678433454678,
          "stddevserv": 0.1445678433454678,
          "rate": 6.917167586226913,
          "cv": 1.0,
          "lambda": 0.225
        },
        "MS3_2": {
          "meanserv": 0.9965977898268696,
          "stddevserv": 0.9965977898268696,
          "rate": 1.0034138247223299,
          "cv": 1.0,
          "lambda": 0.225
        },
        "MS3_3": {
          "meanserv": 0.36249187272113126,
          "stddevserv": 0.36249187272113126,
          "rate": 2.7586825395374044,
          "cv": 1.0,
          "lambda": 0.225
        },
        "MS3_4": {
          "meanserv": 0.046900638217682866,
          "stddevserv": 0.046900638217682866,
          "rate": 21.321671474034904,
          "cv": 1.0,
          "lambda": 0.225
        },
        "MS3_5": {
          "meanserv": 1.1539125176247125,
          "stddevserv": 1.1539125176247125,
          "rate": 0.8666168229619904,
          "cv": 1.0,
          "lambda": 0.225
        },
        "MS3_6": {
          "meanserv": 0.2777549550290357,
          "stddevserv": 0.2777549550290357,
          "rate": 3.6002958071277718,
          "cv": 1.0,
          "lambda": 0.225
        },
        "MS3_7": {
          "meanserv": 1.7798667071898877,
          "stddevserv": 1.7798667071898877,
          "rate": 0.5618398253984047,
          "cv": 1.0,
          "lambda": 0.225
        },
        "MS3_8": {
          "meanserv": 0.7541433554680745,
          "stddevserv": 0.7541433554680745,
          "rate": 1.326007837567341,
          "cv": 1.0,
          "lambda": 0.225
        },
        "MS3_9": {
          "meanserv": 1.3962890767608398,
          "stddevserv": 1.3962890767608398,
          "rate": 0.7161840743750821,
          "cv": 1.0,
          "lambda": 0.225
        },
        "MS3_10": {
          "meanserv": 3.0874752438162982,
          "stddevserv": 3.0874752438162982,
          "rate": 0.323889236683868,
          "cv": 1.0,
          "lambda": 0.225
        }
      },
      "sensors": [
        "S3"
      ],
      "sources": [
        {
          "startTime": 0,
          "stopTime": -1,
          "lambda": 0.225
        }
      ]
    },
    "SC4": {
      "resptime": 5593.007869452221,
      "resptime_old": 5583.007869452222,
      "waittime": 5578.892805794191,
      "servicetime": 10.0,
      "networktime": 4.115063658029964,
      "services": {
        "MS4_1": {
          "meanserv": 4.976338387011779,
          "stddevserv": 4.976338387011779,
          "rate": 0.20095096479170216,
          "cv": 1.0,
          "lambda": 0.225
        },
        "MS4_2": {
          "meanserv": 0.10037495363966809,
          "stddevserv": 0.10037495363966809,
          "rate": 9.962644701086077,
          "cv": 1.0,
          "lambda": 0.225
        },
        "MS4_3": {
          "meanserv": 0.6975731853170322,
          "stddevserv": 0.6975731853170322,
          "rate": 1.4335413416809037,
          "cv": 1.0,
          "lambda": 0.225
        },
        "MS4_4": {
          "meanserv": 0.32233860827380134,
          "stddevserv": 0.32233860827380134,
          "rate": 3.1023277210112497,
          "cv": 1.0,
          "lambda": 0.225
        },
        "MS4_5": {
          "meanserv": 0.5891495270435456,
          "stddevserv": 0.5891495270435456,
          "rate": 1.6973619668646316,
          "cv": 1.0,
          "lambda": 0.225
        },
        "MS4_6": {
          "meanserv": 2.315549197759646,
          "stddevserv": 2.315549197759646,
          "rate": 0.4318629899842016,
          "cv": 1.0,
          "lambda": 0.225
        },
        "MS4_7": {
          "meanserv": 0.8049858563360228,
          "stddevserv": 0.8049858563360228,
          "rate": 1.2422578510280968,
          "cv": 1.0,
          "lambda": 0.225
        },
        "MS4_8": {
          "meanserv": 0.0471022182143539,
          "stddevserv": 0.0471022182143539,
          "rate": 21.23042264058937,
          "cv": 1.0,
          "lambda": 0.225
        },
        "MS4_9": {
          "meanserv": 0.129376012275781,
          "stddevserv": 0.129376012275781,
          "rate": 7.7294081214095245,
          "cv": 1.0,
          "lambda": 0.225
        },
        "MS4_10": {
          "meanserv": 0.017212054128370013,
          "stddevserv": 0.017212054128370013,
          "rate": 58.09881798778077,
          "cv": 1.0,
          "lambda": 0.225
        }
      },
      "sensors": [
        "S4"
      ],
      "sources": [
        {
          "startTime": 0,
          "stopTime": -1,
          "lambda": 0.225
        }
      ]
    }
  },
  "microservice": {
    "MS1_1": "F13",
    "MS1_2": "F5",
    "MS1_3": "F13",
    "MS1_4": "F15",
    "MS1_5": "F15",
    "MS1_6": "F8",
    "MS1_7": "F10",
    "MS1_8": "F10",
    "MS1_9": "F15",
    "MS1_10": "F15",
    "MS2_1": "F4",
    "MS2_2": "F10",
    "MS2_3": "F8",
    "MS2_4": "F8",
    "MS2_5": "F12",
    "MS2_6": "F12",
    "MS2_7": "F12",
    "MS2_8": "F9",
    "MS2_9": "F9",
    "MS2_10": "F3",
    "MS3_1": "F13",
    "MS3_2": "F13",
    "MS3_3": "F13",
    "MS3_4": "F11",
    "MS3_5": "F11",
    "MS3_6": "F11",
    "MS3_7": "F7",
    "MS3_8": "F14",
    "MS3_9": "F14",
    "MS3_10": "F2",
    "MS4_1": "F1",
    "MS4_2": "F11",
    "MS4_3": "F11",
    "MS4_4": "F11",
    "MS4_5": "F9",
    "MS4_6": "F6",
    "MS4_7": "F12",
    "MS4_8": "F14",
    "MS4_9": "F14",
    "MS4_10": "F14"
  },
  "sensor": {
    "S1": "F13",
    "S2": "F4",
    "S3": "F13",
    "S4": "F1"
  },
  "fog": {
    "F1": {
      "rho": 1.1196761370776505,
      "capacity": 1.0,
      "tserv": 4.97633838701178,
      "stddev": 4.976338387011778,
      "mu": 0.20095096479170213,
      "cv": 0.9999999999999997,
      "lambda": 0.225,
      "twait": 5566.31545461861
    },
    "F2": {
      "rho": 0.6946819298586671,
      "capacity": 1.0,
      "tserv": 3.0874752438162982,
      "stddev": 3.0874752438162982,
      "mu": 0.323889236683868,
      "cv": 1.0,
      "lambda": 0.225,
      "twait": 7.024848741420127
    },
    "F3": {
      "rho": 0.5848287547338042,
      "capacity": 1.0,
      "tserv": 2.599238909928019,
      "stddev": 2.599238909928019,
      "mu": 0.3847280048711233,
      "cv": 1.0,
      "lambda": 0.225,
      "twait": 3.661403992403674
    },
    "F4": {
      "rho": 0.572102711342824,
      "capacity": 1.0,
      "tserv": 2.5426787170792178,
      "stddev": 2.5426787170792178,
      "mu": 0.39328602284000036,
      "cv": 1.0,
      "lambda": 0.225,
      "twait": 3.3995854301385235
    },
    "F5": {
      "rho": 0.534074747094603,
      "capacity": 1.0,
      "tserv": 2.37366554264268,
      "stddev": 2.37366554264268,
      "mu": 0.42128934428001474,
      "cv": 1.0,
      "lambda": 0.225,
      "twait": 2.7208545071744883
    },
    "F6": {
      "rho": 0.5209985694959204,
      "capacity": 1.0,
      "tserv": 2.3155491977596463,
      "stddev": 2.3155491977596454,
      "mu": 0.43186298998420153,
      "cv": 0.9999999999999997,
      "lambda": 0.225,
      "twait": 2.5185683023130903
    },
    "F7": {
      "rho": 0.40047000911772473,
      "capacity": 1.0,
      "tserv": 1.7798667071898877,
      "stddev": 1.7798667071898877,
      "mu": 0.5618398253984047,
      "cv": 1.0,
      "lambda": 0.225,
      "twait": 1.1889033864806813
    },
    "F8": {
      "rho": 0.44803070149342245,
      "capacity": 1.0,
      "tserv": 0.6637491873976629,
      "stddev": 1.2968523541208794,
      "mu": 1.5065931815610403,
      "cv": 1.9538289142099006,
      "lambda": 0.675,
      "twait": 1.2977285032736992
    },
    "F9": {
      "rho": 0.579202120605034,
      "capacity": 1.0,
      "tserv": 0.8580772157111615,
      "stddev": 1.1588255577079094,
      "mu": 1.16539628566086,
      "cv": 1.350491000681672,
      "lambda": 0.675,
      "twait": 1.6675962096204944
    },
    "F10": {
      "rho": 0.5680351878403737,
      "capacity": 1.0,
      "tserv": 0.8415336116153682,
      "stddev": 1.037623789260145,
      "mu": 1.1883066655893246,
      "cv": 1.233015265151883,
      "lambda": 0.675,
      "twait": 1.394521359912022
    },
    "F11": {
      "rho": 0.5847423430729349,
      "capacity": 1.0,
      "tserv": 0.43314247635032216,
      "stddev": 0.6948884868231614,
      "mu": 2.308709153685514,
      "cv": 1.6042954103193083,
      "lambda": 1.35,
      "twait": 1.0898670304057108
    },
    "F12": {
      "rho": 0.6453697361148525,
      "capacity": 1.0,
      "tserv": 0.7170774845720583,
      "stddev": 0.8157974779728238,
      "mu": 1.3945494336595798,
      "cv": 1.137669910887915,
      "lambda": 0.9,
      "twait": 1.4969859987699392
    },
    "F13": {
      "rho": 0.6339510531720822,
      "capacity": 1.0,
      "tserv": 0.5635120472640731,
      "stddev": 0.7152548692536997,
      "mu": 1.7745849531614004,
      "cv": 1.2692805286530402,
      "lambda": 1.125,
      "twait": 1.274115501371376
    },
    "F14": {
      "rho": 0.5274276112906694,
      "capacity": 1.0,
      "tserv": 0.4688245433694839,
      "stddev": 0.8917661759978758,
      "mu": 2.132994132117979,
      "cv": 1.9021320206247576,
      "lambda": 1.125,
      "twait": 1.2081998578865214
    },
    "F15": {
      "rho": 0.5864083876894373,
      "capacity": 1.0,
      "tserv": 0.6515648752104858,
      "stddev": 0.7996229018949177,
      "mu": 1.5347665874053653,
      "cv": 1.2272345123524382,
      "lambda": 0.9,
      "twait": 1.1575914333818806
    }
  },
  "extra": {
    "deltatime": 0.0785832,
    "obj_func": 1421.9554900903154
  },
  "network": [
    [
      0.0,
      0.6491813184345836,
      1.2190853539292417,
      0.7869045568988977,
      1.2774843855305174,
      0.9710765074672133,
      1.0928999344681958,
      0.9181984943405278,
      1.0928044173723073,
      0.689238162480903,
      1.0656024277069835,
      0.5820788152758731,
      0.9036568632300257,
      1.1864913039806844,
      1.1864913039806844
    ],
    [
      0.6491813184345836,
      0.0,
      1.2533940893445077,
      0.534670931341193,
      1.0139256568916128,
      0.9646767556691185,
      1.0901566887285141,
      1.2429547053466445,
      0.9513679630485551,
      1.1901928398964645,
      1.121834701794898,
      1.0672052509602774,
      1.1864913039806844,
      0.932800130517722,
      0.932800130517722
    ],
    [
      1.2190853539292417,
      1.2533940893445077,
      0.0,
      0.9550289089975357,
      1.4207792412269895,
      0.9722362859755812,
      0.9667508970467783,
      0.9312099699960648,
      0.5582359898000591,
      1.246774882992583,
      1.0704930072828829,
      0.9036568632300257,
      0.932800130517722,
      0.7286711949816564,
      0.7286711949816564
    ],
    [
      0.7869045568988977,
      0.534670931341193,
      0.9550289089975357,
      0.0,
      1.1336737958057672,
      1.209769513695502,
      0.9667645455535,
      0.7830229397822978,
      0.7344469957597463,
      0.6972311196574139,
      0.5820788152758731,
      1.1864913039806844,
      0.7286711949816564,
      1.052966880377429,
      1.052966880377429
    ],
    [
      1.2774843855305174,
      1.0139256568916128,
      1.4207792412269895,
      1.1336737958057672,
      0.0,
      1.1015866298896801,
      0.7857200350838084,
      1.2402935480304063,
      1.0424495062837893,
      1.0656024277069835,
      1.0672052509602774,
      0.932800130517722,
      1.052966880377429,
      1.1141342893927653,
      1.1141342893927653
    ],
    [
      0.9710765074672133,
      0.9646767556691185,
      0.9722362859755812,
      1.209769513695502,
      1.1015866298896801,
      0.0,
      0.7962833360487716,
      0.8318524174693764,
      0.689238162480903,
      1.121834701794898,
      0.9036568632300257,
      0.7286711949816564,
      1.1141342893927653,
      0.6986963815698745,
      0.6986963815698745
    ],
    [
      1.0928999344681958,
      1.0901566887285141,
      0.9667508970467783,
      0.9667645455535,
      0.7857200350838084,
      0.7962833360487716,
      0.0,
      1.0928044173723073,
      1.1901928398964645,
      1.0704930072828829,
      1.1864913039806844,
      1.052966880377429,
      0.6986963815698745,
      1.310773736556849,
      1.310773736556849
    ],
    [
      0.9181984943405278,
      1.2429547053466445,
      0.9312099699960648,
      0.7830229397822978,
      1.2402935480304063,
      0.8318524174693764,
      1.0928044173723073,
      0.0,
      1.246774882992583,
      0.5820788152758731,
      0.932800130517722,
      1.1141342893927653,
      1.310773736556849,
      1.5068820337738442,
      1.5068820337738442
    ],
    [
      1.0928044173723073,
      0.9513679630485551,
      0.5582359898000591,
      0.7344469957597463,
      1.0424495062837893,
      0.689238162480903,
      1.1901928398964645,
      1.246774882992583,
      0.0,
      1.0672052509602774,
      0.7286711949816564,
      0.6986963815698745,
      1.5068820337738442,
      1.2170583287211538,
      1.2170583287211538
    ],
    [
      0.689238162480903,
      1.1901928398964645,
      1.246774882992583,
      0.6972311196574139,
      1.0656024277069835,
      1.121834701794898,
      1.0704930072828829,
      0.5820788152758731,
      1.0672052509602774,
      0.0,
      1.052966880377429,
      1.310773736556849,
      1.2170583287211538,
      1.0816805340142832,
      1.0816805340142832
    ],
    [
      1.0656024277069835,
      1.121834701794898,
      1.0704930072828829,
      0.5820788152758731,
      1.0672052509602774,
      0.9036568632300257,
      1.1864913039806844,
      0.932800130517722,
      0.7286711949816564,
      1.052966880377429,
      0.0,
      1.5068820337738442,
      1.0816805340142832,
      1.493967630099203,
      1.493967630099203
    ],
    [
      0.5820788152758731,
      1.0672052509602774,
      0.9036568632300257,
      1.1864913039806844,
      0.932800130517722,
      0.7286711949816564,
      1.052966880377429,
      1.1141342893927653,
      0.6986963815698745,
      1.310773736556849,
      1.5068820337738442,
      0.0,
      1.493967630099203,
      0.902880677878765,
      0.902880677878765
    ],
    [
      0.9036568632300257,
      1.1864913039806844,
      0.932800130517722,
      0.7286711949816564,
      1.052966880377429,
      1.1141342893927653,
      0.6986963815698745,
      1.310773736556849,
      1.5068820337738442,
      1.2170583287211538,
      1.0816805340142832,
      1.493967630099203,
      0.0,
      0.7899533543559561,
      0.7899533543559561
    ],
    [
      1.1864913039806844,
      0.932800130517722,
      0.7286711949816564,
      1.052966880377429,
      1.1141342893927653,
      0.6986963815698745,
      1.310773736556849,
      1.5068820337738442,
      1.2170583287211538,
      1.0816805340142832,
      1.493967630099203,
      0.902880677878765,
      0.7899533543559561,
      0.0,
      0.8710680732349335
    ],
    [
      1.1864913039806844,
      0.932800130517722,
      0.7286711949816564,
      1.052966880377429,
      1.1141342893927653,
      0.6986963815698745,
      1.310773736556849,
      1.5068820337738442,
      1.2170583287211538,
      1.0816805340142832,
      1.493967630099203,
      0.902880677878765,
      0.7899533543559561,
      0.8710680732349335,
      0.0
    ]
  ]
}