{
  "servicechain": {
    "SC1": {
      "resptime": 18.160439556609063,
      "resptime_old": 8.160439556609063,
      "waittime": 3.7941431919503836,
      "servicetime": 10.0,
      "networktime": 4.366296364658679,
      "services": {
        "MS1_1": {
          "meanserv": 3.025292112280218,
          "stddevserv": 3.025292112280218,
          "rate": 0.33054659282018284,
          "cv": 1.0,
          "lambda": 0.075
        },
        "MS1_2": {
          "meanserv": 1.3993784283129638,
          "stddevserv": 1.3993784283129638,
          "rate": 0.7146029835586083,
          "cv": 1.0,
          "lambda": 0.075
        },
        "MS1_3": {
          "meanserv": 1.252171946706932,
          "stddevserv": 1.252171946706932,
          "rate": 0.7986123652026264,
          "cv": 1.0,
          "lambda": 0.075
        },
        "MS1_4": {
          "meanserv": 4.166958815044662,
          "stddevserv": 4.166958815044662,
          "rate": 0.23998317343323247,
          "cv": 1.0,
          "lambda": 0.075
        },
        "MS1_5": {
          "meanserv": 0.1561986976552241,
          "stddevserv": 0.1561986976552241,
          "rate": 6.4021020342134385,
          "cv": 1.0,
          "lambda": 0.075
        }
      },
      "sensors": [
        "S1"
      ],
      "sources": [
        {
          "startTime": 0,
          "stopTime": -1,
          "lambda": 0.075
        }
      ]
    },
    "SC2": {
      "resptime": 20.321355179935495,
      "resptime_old": 10.321355179935495,
      "waittime": 6.9502177098886975,
      "servicetime": 10.0,
      "networktime": 3.371137470046797,
      "services": {
        "MS2_1": {
          "meanserv": 1.2722416293966532,
          "stddevserv": 1.2722416293966532,
          "rate": 0.7860142105821826,
          "cv": 1.0,
          "lambda": 0.075
        },
        "MS2_2": {
          "meanserv": 0.6613988487948641,
          "stddevserv": 0.6613988487948641,
          "rate": 1.5119469920791389,
          "cv": 1.0,
          "lambda": 0.075
        },
        "MS2_3": {
          "meanserv": 3.011300122091562,
          "stddevserv": 3.011300122091562,
          "rate": 0.3320824758262318,
          "cv": 1.0,
          "lambda": 0.075
        },
        "MS2_4": {
          "meanserv": 4.785245981601719,
          "stddevserv": 4.785245981601719,
          "rate": 0.2089756731095524,
          "cv": 1.0,
          "lambda": 0.075
        },
        "MS2_5": {
          "meanserv": 0.2698134181152021,
          "stddevserv": 0.2698134181152021,
          "rate": 3.7062648958882782,
          "cv": 1.0,
          "lambda": 0.075
        }
      },
      "sensors": [
        "S2"
      ],
      "sources": [
        {
          "startTime": 0,
          "stopTime": -1,
          "lambda": 0.075
        }
      ]
    },
    "SC3": {
      "resptime": 18.11465261543175,
      "resptime_old": 8.11465261543175,
      "waittime": 5.392017479687939,
      "servicetime": 10.0,
      "networktime": 2.722635135743811,
      "services": {
        "MS3_1": {
          "meanserv": 1.0212581857057612,
          "stddevserv": 1.0212581857057612,
          "rate": 0.9791843179292901,
          "cv": 1.0,
          "lambda": 0.075
        },
        "MS3_2": {
          "meanserv": 3.9676992702085165,
          "stddevserv": 3.9676992702085165,
          "rate": 0.252035230469331,
          "cv": 1.0,
          "lambda": 0.075
        },
        "MS3_3": {
          "meanserv": 2.8626688424519937,
          "stddevserv": 2.8626688424519937,
          "rate": 0.34932437352532153,
          "cv": 1.0,
          "lambda": 0.075
        },
        "MS3_4": {
          "meanserv": 0.4344929933415056,
          "stddevserv": 0.4344929933415056,
          "rate": 2.301533086435789,
          "cv": 1.0,
          "lambda": 0.075
        },
        "MS3_5": {
          "meanserv": 1.7138807082922227,
          "stddevserv": 1.7138807082922227,
          "rate": 0.5834711804396462,
          "cv": 1.0,
          "lambda": 0.075
        }
      },
      "sensors": [
        "S3"
      ],
      "sources": [
        {
          "startTime": 0,
          "stopTime": -1,
          "lambda": 0.075
        }
      ]
    },
    "SC4": {
      "resptime": 18.593015755801847,
      "resptime_old": 8.593015755801849,
      "waittime": 7.246237304701549,
      "servicetime": 10.0,
      "networktime": 1.3467784511003,
      "services": {
        "MS4_1": {
          "meanserv": 2.8026703037348755,
          "stddevserv": 2.8026703037348755,
          "rate": 0.3568025816905352,
          "cv": 1.0,
          "lambda": 0.075
        },
        "MS4_2": {
          "meanserv": 2.075971597838043,
          "stddevserv": 2.075971597838043,
          "rate": 0.4817021586621991,
          "cv": 1.0,
          "lambda": 0.075
        },
        "MS4_3": {
          "meanserv": 1.7102895631070663,
          "stddevserv": 1.7102895631070663,
          "rate": 0.5846963119995364,
          "cv": 1.0,
          "lambda": 0.075
        },
        "MS4_4": {
          "meanserv": 0.4375456952131911,
          "stddevserv": 0.4375456952131911,
          "rate": 2.28547557647152,
          "cv": 1.0,
          "lambda": 0.075
        },
        "MS4_5": {
          "meanserv": 2.973522840106824,
          "stddevserv": 2.973522840106824,
          "rate": 0.33630143562780734,
          "cv": 1.0,
          "lambda": 0.075
        }
      },
      "sensors": [
        "S4"
      ],
      "sources": [
        {
          "startTime": 0,
          "stopTime": -1,
          "lambda": 0.075
        }
      ]
    }
  },
  "microservice": {
    "MS1_1": "F1",
    "MS1_2": "F6",
    "MS1_3": "F6",
    "MS1_4": "F10",
    "MS1_5": "F6",
    "MS2_1": "F5",
    "MS2_2": "F5",
    "MS2_3": "F5",
    "MS2_4": "F4",
    "MS2_5": "F9",
    "MS3_1": "F3",
    "MS3_2": "F3",
    "MS3_3": "F2",
    "MS3_4": "F9",
    "MS3_5": "F9",
    "MS4_1": "F8",
    "MS4_2": "F8",
    "MS4_3": "F7",
    "MS4_4": "F7",
    "MS4_5": "F7"
  },
  "sensor": {
    "S1": "F1",
    "S2": "F5",
    "S3": "F3",
    "S4": "F8"
  },
  "fog": {
    "F1": {
      "rho": 0.2268969084210163,
      "capacity": 1.0,
      "tserv": 3.025292112280218,
      "stddev": 3.025292112280218,
      "mu": 0.33054659282018284,
      "cv": 1.0,
      "lambda": 0.075,
      "twait": 0.8878886073846969
    },
    "F2": {
      "rho": 0.2147001631838995,
      "capacity": 1.0,
      "tserv": 2.8626688424519937,
      "stddev": 2.8626688424519937,
      "mu": 0.34932437352532153,
      "cv": 1.0,
      "lambda": 0.075,
      "twait": 0.782650700791928
    },
    "F3": {
      "rho": 0.37417180919357085,
      "capacity": 1.0,
      "tserv": 2.494478727957139,
      "stddev": 3.250104868531715,
      "mu": 0.4008853588496836,
      "cv": 1.3029194565204403,
      "lambda": 0.15,
      "twait": 2.011607102468647
    },
    "F4": {
      "rho": 0.3588934486201289,
      "capacity": 1.0,
      "tserv": 4.785245981601719,
      "stddev": 4.785245981601719,
      "mu": 0.2089756731095524,
      "cv": 1.0,
      "lambda": 0.075,
      "twait": 2.67879563722483
    },
    "F5": {
      "rho": 0.37087054502123096,
      "capacity": 1.0,
      "tserv": 1.6483135334276933,
      "stddev": 2.167728360802978,
      "mu": 0.6066806949770561,
      "cv": 1.3151189484534254,
      "lambda": 0.22499999999999998,
      "twait": 1.3261152618948364
    },
    "F6": {
      "rho": 0.21058118045063395,
      "capacity": 1.0,
      "tserv": 0.9359163575583733,
      "stddev": 1.2211151898650343,
      "mu": 1.0684715486849794,
      "cv": 1.3047268380378458,
      "lambda": 0.22499999999999998,
      "twait": 0.3373297400855771
    },
    "F7": {
      "rho": 0.38410185738203106,
      "capacity": 1.0,
      "tserv": 1.7071193661423605,
      "stddev": 2.248998282246575,
      "mu": 0.5857821191846334,
      "cv": 1.3174229798169987,
      "lambda": 0.22499999999999998,
      "twait": 1.4562117351351247
    },
    "F8": {
      "rho": 0.3658981426179689,
      "capacity": 1.0,
      "tserv": 2.4393209507864593,
      "stddev": 2.492856234427052,
      "mu": 0.4099501542335341,
      "cv": 1.021946797785397,
      "lambda": 0.15,
      "twait": 1.4388010496480874
    },
    "F9": {
      "rho": 0.18136403398116976,
      "capacity": 1.0,
      "tserv": 0.8060623732496435,
      "stddev": 1.2177481129146672,
      "mu": 1.2405987838986905,
      "cv": 1.5107368279768614,
      "lambda": 0.22499999999999998,
      "twait": 0.2930762869793585
    },
    "F10": {
      "rho": 0.31252191112834965,
      "capacity": 1.0,
      "tserv": 4.166958815044662,
      "stddev": 4.166958815044662,
      "mu": 0.23998317343323247,
      "cv": 1.0,
      "lambda": 0.075,
      "twait": 1.8942653643089555
    }
  },
  "extra": {
    "conv_gen": 22,
    "max_gen": 600,
    "population": 600,
    "deltatime": 37.5826457,
    "obj_func": 18.797365776944538
  },
  "network": [
    [
      0.0,
      1.4963420027320635,
      1.8770113329284726,
      1.543614912027273,
      2.3027429312394063,
      1.6727394624580791,
      1.8856110768927663,
      2.4415565032527384,
      1.5638541610959014,
      1.5638541610959014
    ],
    [
      1.4963420027320635,
      0.0,
      1.368107104740476,
      2.1846837325964468,
      2.1874698352291966,
      1.171182996516969,
      1.9858927536202033,
      1.5638541610959014,
      1.354528031003335,
      1.354528031003335
    ],
    [
      1.8770113329284726,
      1.368107104740476,
      0.0,
      2.778485003078588,
      1.9928534980638428,
      2.3980785809968665,
      2.4415565032527384,
      1.354528031003335,
      2.3194595273249896,
      2.3194595273249896
    ],
    [
      1.543614912027273,
      2.1846837325964468,
      2.778485003078588,
      0.0,
      2.185332794273344,
      1.8856110768927663,
      1.5638541610959014,
      2.3194595273249896,
      1.1858046757734533,
      1.1858046757734533
    ],
    [
      2.3027429312394063,
      2.1874698352291966,
      1.9928534980638428,
      2.185332794273344,
      0.0,
      1.9858927536202033,
      1.354528031003335,
      1.1858046757734533,
      2.4597986812612542,
      2.4597986812612542
    ],
    [
      1.6727394624580791,
      1.171182996516969,
      2.3980785809968665,
      1.8856110768927663,
      1.9858927536202033,
      0.0,
      2.3194595273249896,
      2.4597986812612542,
      1.3467784511003,
      1.3467784511003
    ],
    [
      1.8856110768927663,
      1.9858927536202033,
      2.4415565032527384,
      1.5638541610959014,
      1.354528031003335,
      2.3194595273249896,
      0.0,
      1.3467784511003,
      2.3352087442344116,
      2.3352087442344116
    ],
    [
      2.4415565032527384,
      1.5638541610959014,
      1.354528031003335,
      2.3194595273249896,
      1.1858046757734533,
      2.4597986812612542,
      1.3467784511003,
      0.0,
      2.0594338641881103,
      2.0594338641881103
    ],
    [
      1.5638541610959014,
      1.354528031003335,
      2.3194595273249896,
      1.1858046757734533,
      2.4597986812612542,
      1.3467784511003,
      2.3352087442344116,
      2.0594338641881103,
      0.0,
      1.447591513379943
    ],
    [
      1.5638541610959014,
      1.354528031003335,
      2.3194595273249896,
      1.1858046757734533,
      2.4597986812612542,
      1.3467784511003,
      2.3352087442344116,
      2.0594338641881103,
      1.447591513379943,
      0.0
    ]
  ]
}