{
  "servicechain": {
    "SC1": {
      "resptime": 29.20787978784533,
      "resptime_old": 19.207879787845332,
      "waittime": 13.839544014820857,
      "servicetime": 10.0,
      "networktime": 5.368335773024468,
      "services": {
        "MS1_1": {
          "meanserv": 2.710514229331249,
          "stddevserv": 2.710514229331249,
          "rate": 0.36893368394038084,
          "cv": 1.0,
          "lambda": 0.15
        },
        "MS1_2": {
          "meanserv": 3.54755035718825,
          "stddevserv": 3.54755035718825,
          "rate": 0.2818846525952035,
          "cv": 1.0,
          "lambda": 0.15
        },
        "MS1_3": {
          "meanserv": 0.4692136411686638,
          "stddevserv": 0.4692136411686638,
          "rate": 2.131225335881783,
          "cv": 1.0,
          "lambda": 0.15
        },
        "MS1_4": {
          "meanserv": 2.889032057792787,
          "stddevserv": 2.889032057792787,
          "rate": 0.34613669215010284,
          "cv": 1.0,
          "lambda": 0.15
        },
        "MS1_5": {
          "meanserv": 0.21030085352147943,
          "stddevserv": 0.21030085352147943,
          "rate": 4.755092446155305,
          "cv": 1.0,
          "lambda": 0.15
        },
        "MS1_6": {
          "meanserv": 0.17338886099757111,
          "stddevserv": 0.17338886099757111,
          "rate": 5.767383177019707,
          "cv": 1.0,
          "lambda": 0.15
        }
      },
      "sensors": [
        "S1"
      ],
      "sources": [
        {
          "startTime": 0,
          "stopTime": -1,
          "lambda": 0.15
        }
      ]
    },
    "SC2": {
      "resptime": 33.61950482178699,
      "resptime_old": 23.61950482178699,
      "waittime": 19.650964835159698,
      "servicetime": 10.0,
      "networktime": 3.9685399866272917,
      "services": {
        "MS2_1": {
          "meanserv": 2.1007243017154718,
          "stddevserv": 2.1007243017154718,
          "rate": 0.4760262920666888,
          "cv": 1.0,
          "lambda": 0.15
        },
        "MS2_2": {
          "meanserv": 1.482297167784341,
          "stddevserv": 1.482297167784341,
          "rate": 0.6746285574401703,
          "cv": 1.0,
          "lambda": 0.15
        },
        "MS2_3": {
          "meanserv": 1.7069151532730276,
          "stddevserv": 1.7069151532730276,
          "rate": 0.5858522013132812,
          "cv": 1.0,
          "lambda": 0.15
        },
        "MS2_4": {
          "meanserv": 0.11864433677023545,
          "stddevserv": 0.11864433677023545,
          "rate": 8.428552320508837,
          "cv": 1.0,
          "lambda": 0.15
        },
        "MS2_5": {
          "meanserv": 1.5640017384518252,
          "stddevserv": 1.5640017384518252,
          "rate": 0.6393854785544423,
          "cv": 1.0,
          "lambda": 0.15
        },
        "MS2_6": {
          "meanserv": 3.027417302005099,
          "stddevserv": 3.027417302005099,
          "rate": 0.33031455535967463,
          "cv": 1.0,
          "lambda": 0.15
        }
      },
      "sensors": [
        "S2"
      ],
      "sources": [
        {
          "startTime": 0,
          "stopTime": -1,
          "lambda": 0.15
        }
      ]
    },
    "SC3": {
      "resptime": 46.133082615187,
      "resptime_old": 36.13308261518699,
      "waittime": 32.960177398361374,
      "servicetime": 10.0,
      "networktime": 3.1729052168256278,
      "services": {
        "MS3_1": {
          "meanserv": 0.9137561868415212,
          "stddevserv": 0.9137561868415212,
          "rate": 1.094383834988399,
          "cv": 1.0,
          "lambda": 0.15
        },
        "MS3_2": {
          "meanserv": 0.5586526482771081,
          "stddevserv": 0.5586526482771081,
          "rate": 1.790021049902856,
          "cv": 1.0,
          "lambda": 0.15
        },
        "MS3_3": {
          "meanserv": 5.554249674141616,
          "stddevserv": 5.554249674141616,
          "rate": 0.18004232050561275,
          "cv": 1.0,
          "lambda": 0.15
        },
        "MS3_4": {
          "meanserv": 0.5663471204909545,
          "stddevserv": 0.5663471204909545,
          "rate": 1.7657015703251406,
          "cv": 1.0,
          "lambda": 0.15
        },
        "MS3_5": {
          "meanserv": 0.5316040836456102,
          "stddevserv": 0.5316040836456102,
          "rate": 1.881099169032423,
          "cv": 1.0,
          "lambda": 0.15
        },
        "MS3_6": {
          "meanserv": 1.8753902866031904,
          "stddevserv": 1.8753902866031904,
          "rate": 0.5332223415805649,
          "cv": 1.0,
          "lambda": 0.15
        }
      },
      "sensors": [
        "S3"
      ],
      "sources": [
        {
          "startTime": 0,
          "stopTime": -1,
          "lambda": 0.15
        }
      ]
    },
    "SC4": {
      "resptime": 33.579914542287746,
      "resptime_old": 23.57991454228775,
      "waittime": 18.00141953913763,
      "servicetime": 10.000000000000002,
      "networktime": 5.578495003150117,
      "services": {
        "MS4_1": {
          "meanserv": 2.276317696146408,
          "stddevserv": 2.276317696146408,
          "rate": 0.4393059904128962,
          "cv": 1.0,
          "lambda": 0.15
        },
        "MS4_2": {
          "meanserv": 4.011199290403942,
          "stddevserv": 4.011199290403942,
          "rate": 0.24930199862976551,
          "cv": 1.0,
          "lambda": 0.15
        },
        "MS4_3": {
          "meanserv": 0.09598339438155801,
          "stddevserv": 0.09598339438155801,
          "rate": 10.41846880330935,
          "cv": 1.0,
          "lambda": 0.15
        },
        "MS4_4": {
          "meanserv": 1.1335446138759053,
          "stddevserv": 1.1335446138759053,
          "rate": 0.8821884800640717,
          "cv": 1.0,
          "lambda": 0.15
        },
        "MS4_5": {
          "meanserv": 1.2262102938643444,
          "stddevserv": 1.2262102938643444,
          "rate": 0.815520800146398,
          "cv": 1.0,
          "lambda": 0.15
        },
        "MS4_6": {
          "meanserv": 1.2567447113278423,
          "stddevserv": 1.2567447113278423,
          "rate": 0.7957065512083414,
          "cv": 1.0,
          "lambda": 0.15
        }
      },
      "sensors": [
        "S4"
      ],
      "sources": [
        {
          "startTime": 0,
          "stopTime": -1,
          "lambda": 0.15
        }
      ]
    }
  },
  "microservice": {
    "MS1_1": "F8",
    "MS1_2": "F4",
    "MS1_3": "F3",
    "MS1_4": "F2",
    "MS1_5": "F3",
    "MS1_6": "F3",
    "MS2_1": "F10",
    "MS2_2": "F10",
    "MS2_3": "F9",
    "MS2_4": "F1",
    "MS2_5": "F6",
    "MS2_6": "F6",
    "MS3_1": "F3",
    "MS3_2": "F3",
    "MS3_3": "F5",
    "MS3_4": "F1",
    "MS3_5": "F1",
    "MS3_6": "F1",
    "MS4_1": "F9",
    "MS4_2": "F7",
    "MS4_3": "F3",
    "MS4_4": "F3",
    "MS4_5": "F2",
    "MS4_6": "F8"
  },
  "sensor": {
    "S1": "F8",
    "S2": "F10",
    "S3": "F3",
    "S4": "F9"
  },
  "fog": {
    "F1": {
      "rho": 0.4637978741264986,
      "capacity": 1.0,
      "tserv": 0.7729964568774976,
      "stddev": 1.212326301719137,
      "mu": 1.2936669904535891,
      "cv": 1.5683465181927259,
      "lambda": 0.6,
      "twait": 1.1566115562209822
    },
    "F2": {
      "rho": 0.6172863527485697,
      "capacity": 1.0,
      "tserv": 2.0576211758285656,
      "stddev": 2.3698719401088275,
      "mu": 0.4859981087613558,
      "cv": 1.1517532808994952,
      "lambda": 0.3,
      "twait": 3.8606271241467316
    },
    "F3": {
      "rho": 0.5332260298595709,
      "capacity": 1.0,
      "tserv": 0.5078343141519723,
      "stddev": 0.7236802814237007,
      "mu": 1.9691461804228225,
      "cv": 1.4250322620127933,
      "lambda": 1.05,
      "twait": 0.879107806849609
    },
    "F4": {
      "rho": 0.5321325535782374,
      "capacity": 1.0,
      "tserv": 3.5475503571882494,
      "stddev": 3.5475503571882503,
      "mu": 0.28188465259520357,
      "cv": 1.0000000000000002,
      "lambda": 0.15,
      "twait": 4.034833038621435
    },
    "F5": {
      "rho": 0.8331374511212424,
      "capacity": 1.0,
      "tserv": 5.554249674141616,
      "stddev": 5.554249674141616,
      "mu": 0.18004232050561275,
      "cv": 1.0,
      "lambda": 0.15,
      "twait": 27.732127115999205
    },
    "F6": {
      "rho": 0.6887128560685386,
      "capacity": 1.0,
      "tserv": 2.295709520228462,
      "stddev": 2.5181490736436887,
      "mu": 0.43559517926313385,
      "cv": 1.096893597145117,
      "lambda": 0.3,
      "twait": 5.595166963070948
    },
    "F7": {
      "rho": 0.6016798935605913,
      "capacity": 1.0,
      "tserv": 4.011199290403942,
      "stddev": 4.011199290403942,
      "mu": 0.24930199862976551,
      "cv": 1.0,
      "lambda": 0.15,
      "twait": 6.059091477140111
    },
    "F8": {
      "rho": 0.5950888410988637,
      "capacity": 1.0,
      "tserv": 1.9836294703295458,
      "stddev": 2.2341684764801872,
      "mu": 0.5041264081612314,
      "cv": 1.1263033292750075,
      "lambda": 0.3,
      "twait": 3.306760431503865
    },
    "F9": {
      "rho": 0.5974849274129154,
      "capacity": 1.0,
      "tserv": 1.991616424709718,
      "stddev": 2.0319068903591164,
      "mu": 0.5021047163465485,
      "cv": 1.0202300328263616,
      "lambda": 0.3,
      "twait": 3.0167248926477046
    },
    "F10": {
      "rho": 0.5374532204249719,
      "capacity": 1.0,
      "tserv": 1.7915107347499064,
      "stddev": 1.8441086661895187,
      "mu": 0.558188114981962,
      "cv": 1.0293595402022278,
      "lambda": 0.3,
      "twait": 2.143647230074557
    }
  },
  "extra": {
    "deltatime": 0.698658,
    "conv": 5,
    "obj_func": 35.63509544177677
  },
  "network": [
    [
      0.0,
      1.7833846676895555,
      2.281089101185461,
      1.8563073984613807,
      1.814018318945258,
      1.1962495582075523,
      1.780904621681028,
      1.2218090795556944,
      1.5854675388150947,
      1.5854675388150947
    ],
    [
      1.7833846676895555,
      0.0,
      1.1095711567855793,
      1.5945897007815832,
      2.4324142390236476,
      1.5083176816580635,
      1.3844595981197483,
      1.5854675388150947,
      1.9249726253270236,
      1.9249726253270236
    ],
    [
      2.281089101185461,
      1.1095711567855793,
      0.0,
      1.5204780769761228,
      1.35888689788037,
      1.5811674994172873,
      1.2218090795556944,
      1.9249726253270236,
      1.628715382477187,
      1.628715382477187
    ],
    [
      1.8563073984613807,
      1.5945897007815832,
      1.5204780769761228,
      0.0,
      2.2825185977843083,
      1.780904621681028,
      1.5854675388150947,
      1.628715382477187,
      2.0593535552657825,
      2.0593535552657825
    ],
    [
      1.814018318945258,
      2.4324142390236476,
      1.35888689788037,
      2.2825185977843083,
      0.0,
      1.3844595981197483,
      1.9249726253270236,
      2.0593535552657825,
      1.8930132176297658,
      1.8930132176297658
    ],
    [
      1.1962495582075523,
      1.5083176816580635,
      1.5811674994172873,
      1.780904621681028,
      1.3844595981197483,
      0.0,
      1.628715382477187,
      1.8930132176297658,
      2.1339281391025633,
      2.1339281391025633
    ],
    [
      1.780904621681028,
      1.3844595981197483,
      1.2218090795556944,
      1.5854675388150947,
      1.9249726253270236,
      1.628715382477187,
      0.0,
      2.1339281391025633,
      1.6616472279937489,
      1.6616472279937489
    ],
    [
      1.2218090795556944,
      1.5854675388150947,
      1.9249726253270236,
      1.628715382477187,
      2.0593535552657825,
      1.8930132176297658,
      2.1339281391025633,
      0.0,
      2.243744790929703,
      2.243744790929703
    ],
    [
      1.5854675388150947,
      1.9249726253270236,
      1.628715382477187,
      2.0593535552657825,
      1.8930132176297658,
      2.1339281391025633,
      1.6616472279937489,
      2.243744790929703,
      0.0,
      1.186822889604645
    ],
    [
      1.5854675388150947,
      1.9249726253270236,
      1.628715382477187,
      2.0593535552657825,
      1.8930132176297658,
      2.1339281391025633,
      1.6616472279937489,
      2.243744790929703,
      1.186822889604645,
      0.0
    ]
  ]
}