{
  "servicechain": {
    "SC1": {
      "resptime": 25.598470146582677,
      "resptime_old": 15.598470146582677,
      "waittime": 10.442866107483468,
      "servicetime": 10.0,
      "networktime": 5.155604039099211,
      "services": {
        "MS1_1": {
          "meanserv": 3.3964071761364787,
          "stddevserv": 3.3964071761364787,
          "rate": 0.29442877374247334,
          "cv": 1.0,
          "lambda": 0.15
        },
        "MS1_2": {
          "meanserv": 2.873209795293805,
          "stddevserv": 2.873209795293805,
          "rate": 0.34804280621552847,
          "cv": 1.0,
          "lambda": 0.15
        },
        "MS1_3": {
          "meanserv": 3.730383028569716,
          "stddevserv": 3.730383028569716,
          "rate": 0.2680689871097271,
          "cv": 1.0,
          "lambda": 0.15
        }
      },
      "sensors": [
        "S1"
      ],
      "sources": [
        {
          "startTime": 0,
          "stopTime": -1,
          "lambda": 0.15
        }
      ]
    },
    "SC2": {
      "resptime": 49.67132967794749,
      "resptime_old": 39.67132967794749,
      "waittime": 34.37386865075966,
      "servicetime": 10.0,
      "networktime": 5.297461027187829,
      "services": {
        "MS2_1": {
          "meanserv": 1.8077711188525114,
          "stddevserv": 1.8077711188525114,
          "rate": 0.5531673725569602,
          "cv": 1.0,
          "lambda": 0.15
        },
        "MS2_2": {
          "meanserv": 5.603963337154735,
          "stddevserv": 5.603963337154735,
          "rate": 0.17844513602898118,
          "cv": 1.0,
          "lambda": 0.15
        },
        "MS2_3": {
          "meanserv": 2.5882655439927538,
          "stddevserv": 2.5882655439927538,
          "rate": 0.38635912081005536,
          "cv": 1.0,
          "lambda": 0.15
        }
      },
      "sensors": [
        "S2"
      ],
      "sources": [
        {
          "startTime": 0,
          "stopTime": -1,
          "lambda": 0.15
        }
      ]
    },
    "SC3": {
      "resptime": 8028.2738405772,
      "resptime_old": 8018.2738405772,
      "waittime": 8015.758521127749,
      "servicetime": 10.0,
      "networktime": 2.5153194494507813,
      "services": {
        "MS3_1": {
          "meanserv": 7.312587574352526,
          "stddevserv": 7.312587574352526,
          "rate": 0.13675049903091827,
          "cv": 1.0,
          "lambda": 0.15
        },
        "MS3_2": {
          "meanserv": 2.276210249798134,
          "stddevserv": 2.276210249798134,
          "rate": 0.4393267274359586,
          "cv": 1.0,
          "lambda": 0.15
        },
        "MS3_3": {
          "meanserv": 0.4112021758493398,
          "stddevserv": 0.4112021758493398,
          "rate": 2.4318937465116663,
          "cv": 1.0,
          "lambda": 0.15
        }
      },
      "sensors": [
        "S3"
      ],
      "sources": [
        {
          "startTime": 0,
          "stopTime": -1,
          "lambda": 0.15
        }
      ]
    },
    "SC4": {
      "resptime": 29.913034862435005,
      "resptime_old": 19.913034862435005,
      "waittime": 14.218335982388822,
      "servicetime": 10.0,
      "networktime": 5.694698880046181,
      "services": {
        "MS4_1": {
          "meanserv": 3.6264235131836697,
          "stddevserv": 3.6264235131836697,
          "rate": 0.27575378230494957,
          "cv": 1.0,
          "lambda": 0.15
        },
        "MS4_2": {
          "meanserv": 2.245487612822558,
          "stddevserv": 2.245487612822558,
          "rate": 0.44533757135404944,
          "cv": 1.0,
          "lambda": 0.15
        },
        "MS4_3": {
          "meanserv": 4.1280888739937724,
          "stddevserv": 4.1280888739937724,
          "rate": 0.24224284663535772,
          "cv": 1.0,
          "lambda": 0.15
        }
      },
      "sensors": [
        "S4"
      ],
      "sources": [
        {
          "startTime": 0,
          "stopTime": -1,
          "lambda": 0.15
        }
      ]
    }
  },
  "microservice": {
    "MS1_1": "F10",
    "MS1_2": "F4",
    "MS1_3": "F9",
    "MS2_1": "F7",
    "MS2_2": "F5",
    "MS2_3": "F1",
    "MS3_1": "F8",
    "MS3_2": "F3",
    "MS3_3": "F3",
    "MS4_1": "F2",
    "MS4_2": "F7",
    "MS4_3": "F6"
  },
  "sensor": {
    "S1": "F10",
    "S2": "F7",
    "S3": "F8",
    "S4": "F2"
  },
  "fog": {
    "F1": {
      "rho": 0.38823983159891307,
      "capacity": 1.0,
      "tserv": 2.5882655439927538,
      "stddev": 2.588265543992754,
      "mu": 0.38635912081005536,
      "cv": 1.0000000000000002,
      "lambda": 0.15,
      "twait": 1.6425845140577977
    },
    "F2": {
      "rho": 0.5439635269775503,
      "capacity": 1.0,
      "tserv": 3.6264235131836697,
      "stddev": 3.6264235131836697,
      "mu": 0.27575378230494957,
      "cv": 1.0,
      "lambda": 0.15,
      "twait": 4.325623587674311
    },
    "F3": {
      "rho": 0.40311186384712105,
      "capacity": 1.0,
      "tserv": 1.343706212823737,
      "stddev": 1.8827304491955836,
      "mu": 0.7442102972036915,
      "cv": 1.4011473871502849,
      "lambda": 0.3,
      "twait": 1.344528398200307
    },
    "F4": {
      "rho": 0.4309814692940707,
      "capacity": 1.0,
      "tserv": 2.873209795293805,
      "stddev": 2.873209795293805,
      "mu": 0.34804280621552847,
      "cv": 1.0,
      "lambda": 0.15,
      "twait": 2.1762036073405104
    },
    "F5": {
      "rho": 0.8405945005732102,
      "capacity": 1.0,
      "tserv": 5.603963337154735,
      "stddev": 5.603963337154735,
      "mu": 0.17844513602898118,
      "cv": 1.0,
      "lambda": 0.15,
      "twait": 29.551431911479504
    },
    "F6": {
      "rho": 0.6192133310990658,
      "capacity": 1.0,
      "tserv": 4.1280888739937724,
      "stddev": 4.1280888739937724,
      "mu": 0.24224284663535772,
      "cv": 1.0,
      "lambda": 0.15,
      "twait": 6.712860169492148
    },
    "F7": {
      "rho": 0.6079888097512605,
      "capacity": 1.0,
      "tserv": 2.0266293658375347,
      "stddev": 2.050127910892821,
      "mu": 0.49343013422029197,
      "cv": 1.0115948902406116,
      "lambda": 0.3,
      "twait": 3.179852225222364
    },
    "F8": {
      "rho": 1.0968881361528788,
      "capacity": 1.0,
      "tserv": 7.312587574352526,
      "stddev": 7.312587574352525,
      "mu": 0.13675049903091827,
      "cv": 0.9999999999999999,
      "lambda": 0.15,
      "twait": 8013.069464331349
    },
    "F9": {
      "rho": 0.5595574542854574,
      "capacity": 1.0,
      "tserv": 3.7303830285697166,
      "stddev": 3.7303830285697157,
      "mu": 0.2680689871097271,
      "cv": 0.9999999999999998,
      "lambda": 0.15,
      "twait": 4.739241590727242
    },
    "F10": {
      "rho": 0.5094610764204718,
      "capacity": 1.0,
      "tserv": 3.3964071761364787,
      "stddev": 3.3964071761364787,
      "mu": 0.29442877374247334,
      "cv": 1.0,
      "lambda": 0.15,
      "twait": 3.5274209094157145
    }
  },
  "extra": {
    "conv_gen": 1,
    "max_gen": 600,
    "population": 600,
    "deltatime": 27.6216747,
    "obj_func": 2033.3641688160412
  },
  "network": [
    [
      0.0,
      3.2100627378020707,
      3.6871506808976213,
      3.113220146127938,
      2.782141577737048,
      3.4537642516017653,
      3.7629510208669346,
      3.6767973546886514,
      3.166888506555852,
      3.166888506555852
    ],
    [
      3.2100627378020707,
      0.0,
      3.014986553769564,
      4.1042489001811875,
      4.504778415323892,
      3.7955170139011423,
      3.0542218061281434,
      3.166888506555852,
      2.5153194494507813,
      2.5153194494507813
    ],
    [
      3.6871506808976213,
      3.014986553769564,
      0.0,
      2.7538412743919345,
      3.9425926621503615,
      4.042548862847646,
      3.6767973546886514,
      2.5153194494507813,
      2.6404770739180368,
      2.6404770739180368
    ],
    [
      3.113220146127938,
      4.1042489001811875,
      2.7538412743919345,
      0.0,
      2.1905763718821527,
      3.7629510208669346,
      3.166888506555852,
      2.6404770739180368,
      2.5778020195496056,
      2.5778020195496056
    ],
    [
      2.782141577737048,
      4.504778415323892,
      3.9425926621503615,
      2.1905763718821527,
      0.0,
      3.0542218061281434,
      2.5153194494507813,
      2.5778020195496056,
      3.812141394879039,
      3.812141394879039
    ],
    [
      3.4537642516017653,
      3.7955170139011423,
      4.042548862847646,
      3.7629510208669346,
      3.0542218061281434,
      0.0,
      2.6404770739180368,
      3.812141394879039,
      2.62930062076456,
      2.62930062076456
    ],
    [
      3.7629510208669346,
      3.0542218061281434,
      3.6767973546886514,
      3.166888506555852,
      2.5153194494507813,
      2.6404770739180368,
      0.0,
      2.62930062076456,
      3.373490957666936,
      3.373490957666936
    ],
    [
      3.6767973546886514,
      3.166888506555852,
      2.5153194494507813,
      2.6404770739180368,
      2.5778020195496056,
      3.812141394879039,
      2.62930062076456,
      0.0,
      4.0388137580000505,
      4.0388137580000505
    ],
    [
      3.166888506555852,
      2.5153194494507813,
      2.6404770739180368,
      2.5778020195496056,
      3.812141394879039,
      2.62930062076456,
      3.373490957666936,
      4.0388137580000505,
      0.0,
      4.555109835933278
    ],
    [
      3.166888506555852,
      2.5153194494507813,
      2.6404770739180368,
      2.5778020195496056,
      3.812141394879039,
      2.62930062076456,
      3.373490957666936,
      4.0388137580000505,
      4.555109835933278,
      0.0
    ]
  ]
}