{
  "servicechain": {
    "SC1": {
      "resptime": 33.10809957400048,
      "resptime_old": 23.108099574000477,
      "waittime": 18.699864750857547,
      "servicetime": 10.0,
      "networktime": 4.408234823142933,
      "services": {
        "MS1_1": {
          "meanserv": 0.8360745113264434,
          "stddevserv": 0.8360745113264434,
          "rate": 1.1960656454093865,
          "cv": 1.0,
          "lambda": 0.3
        },
        "MS1_2": {
          "meanserv": 1.0649619561269297,
          "stddevserv": 1.0649619561269297,
          "rate": 0.9390006790822986,
          "cv": 1.0,
          "lambda": 0.3
        },
        "MS1_3": {
          "meanserv": 0.0403548434134926,
          "stddevserv": 0.0403548434134926,
          "rate": 24.780172970901702,
          "cv": 1.0,
          "lambda": 0.3
        },
        "MS1_4": {
          "meanserv": 0.7011430116335735,
          "stddevserv": 0.7011430116335735,
          "rate": 1.4262425545255424,
          "cv": 1.0,
          "lambda": 0.3
        },
        "MS1_5": {
          "meanserv": 0.7981120099463936,
          "stddevserv": 0.7981120099463936,
          "rate": 1.2529569628543322,
          "cv": 1.0,
          "lambda": 0.3
        },
        "MS1_6": {
          "meanserv": 1.1821654537894561,
          "stddevserv": 1.1821654537894561,
          "rate": 0.8459052806817177,
          "cv": 1.0,
          "lambda": 0.3
        },
        "MS1_7": {
          "meanserv": 0.053470429033257716,
          "stddevserv": 0.053470429033257716,
          "rate": 18.70192586968054,
          "cv": 1.0,
          "lambda": 0.3
        },
        "MS1_8": {
          "meanserv": 2.6443794057928134,
          "stddevserv": 2.6443794057928134,
          "rate": 0.37816056115449487,
          "cv": 1.0,
          "lambda": 0.3
        },
        "MS1_9": {
          "meanserv": 1.034253621194912,
          "stddevserv": 1.034253621194912,
          "rate": 0.9668808302983387,
          "cv": 1.0,
          "lambda": 0.3
        },
        "MS1_10": {
          "meanserv": 1.6450847577427279,
          "stddevserv": 1.6450847577427279,
          "rate": 0.6078714153136591,
          "cv": 1.0,
          "lambda": 0.3
        }
      },
      "sensors": [
        "S1"
      ],
      "sources": [
        {
          "startTime": 0,
          "stopTime": -1,
          "lambda": 0.3
        }
      ]
    },
    "SC2": {
      "resptime": 35.081281673307195,
      "resptime_old": 25.081281673307192,
      "waittime": 20.400456455024887,
      "servicetime": 10.0,
      "networktime": 4.680825218282308,
      "services": {
        "MS2_1": {
          "meanserv": 0.056546901325914556,
          "stddevserv": 0.056546901325914556,
          "rate": 17.684434983207748,
          "cv": 1.0,
          "lambda": 0.3
        },
        "MS2_2": {
          "meanserv": 0.13110317864232224,
          "stddevserv": 0.13110317864232224,
          "rate": 7.627580127009855,
          "cv": 1.0,
          "lambda": 0.3
        },
        "MS2_3": {
          "meanserv": 0.21043203736308524,
          "stddevserv": 0.21043203736308524,
          "rate": 4.752128110010989,
          "cv": 1.0,
          "lambda": 0.3
        },
        "MS2_4": {
          "meanserv": 2.379687973661021,
          "stddevserv": 2.379687973661021,
          "rate": 0.4202231599555274,
          "cv": 1.0,
          "lambda": 0.3
        },
        "MS2_5": {
          "meanserv": 0.49915881622372726,
          "stddevserv": 0.49915881622372726,
          "rate": 2.0033704053657173,
          "cv": 1.0,
          "lambda": 0.3
        },
        "MS2_6": {
          "meanserv": 0.7846515838521704,
          "stddevserv": 0.7846515838521704,
          "rate": 1.2744510054903573,
          "cv": 1.0,
          "lambda": 0.3
        },
        "MS2_7": {
          "meanserv": 2.4953138795695295,
          "stddevserv": 2.4953138795695295,
          "rate": 0.40075118733059406,
          "cv": 1.0,
          "lambda": 0.3
        },
        "MS2_8": {
          "meanserv": 0.01450177110937112,
          "stddevserv": 0.01450177110937112,
          "rate": 68.95709444440168,
          "cv": 1.0,
          "lambda": 0.3
        },
        "MS2_9": {
          "meanserv": 1.95506176362636,
          "stddevserv": 1.95506176362636,
          "rate": 0.5114927919950432,
          "cv": 1.0,
          "lambda": 0.3
        },
        "MS2_10": {
          "meanserv": 1.4735420946264988,
          "stddevserv": 1.4735420946264988,
          "rate": 0.6786368734538742,
          "cv": 1.0,
          "lambda": 0.3
        }
      },
      "sensors": [
        "S2"
      ],
      "sources": [
        {
          "startTime": 0,
          "stopTime": -1,
          "lambda": 0.3
        }
      ]
    },
    "SC3": {
      "resptime": 63.14461321748759,
      "resptime_old": 53.144613217487596,
      "waittime": 48.44786799757642,
      "servicetime": 10.0,
      "networktime": 4.696745219911175,
      "services": {
        "MS3_1": {
          "meanserv": 3.084087110867687,
          "stddevserv": 3.084087110867687,
          "rate": 0.3242450566575134,
          "cv": 1.0,
          "lambda": 0.3
        },
        "MS3_2": {
          "meanserv": 0.8115500852469797,
          "stddevserv": 0.8115500852469797,
          "rate": 1.2322098391446403,
          "cv": 1.0,
          "lambda": 0.3
        },
        "MS3_3": {
          "meanserv": 0.717239727688403,
          "stddevserv": 0.717239727688403,
          "rate": 1.3942339797920942,
          "cv": 1.0,
          "lambda": 0.3
        },
        "MS3_4": {
          "meanserv": 1.1412457070377107,
          "stddevserv": 1.1412457070377107,
          "rate": 0.8762354976087166,
          "cv": 1.0,
          "lambda": 0.3
        },
        "MS3_5": {
          "meanserv": 0.3905548576358875,
          "stddevserv": 0.3905548576358875,
          "rate": 2.560459767555357,
          "cv": 1.0,
          "lambda": 0.3
        },
        "MS3_6": {
          "meanserv": 0.16941230325848444,
          "stddevserv": 0.16941230325848444,
          "rate": 5.902759013164638,
          "cv": 1.0,
          "lambda": 0.3
        },
        "MS3_7": {
          "meanserv": 0.27219326263965105,
          "stddevserv": 0.27219326263965105,
          "rate": 3.67386022086767,
          "cv": 1.0,
          "lambda": 0.3
        },
        "MS3_8": {
          "meanserv": 2.2813125271039976,
          "stddevserv": 2.2813125271039976,
          "rate": 0.438344149746745,
          "cv": 1.0,
          "lambda": 0.3
        },
        "MS3_9": {
          "meanserv": 0.4966459242692025,
          "stddevserv": 0.4966459242692025,
          "rate": 2.013506909316664,
          "cv": 1.0,
          "lambda": 0.3
        },
        "MS3_10": {
          "meanserv": 0.6357584942519967,
          "stddevserv": 0.6357584942519967,
          "rate": 1.5729243243168187,
          "cv": 1.0,
          "lambda": 0.3
        }
      },
      "sensors": [
        "S3"
      ],
      "sources": [
        {
          "startTime": 0,
          "stopTime": -1,
          "lambda": 0.3
        }
      ]
    },
    "SC4": {
      "resptime": 92.32807731126957,
      "resptime_old": 82.32807731126955,
      "waittime": 77.08512336408567,
      "servicetime": 10.0,
      "networktime": 5.242953947183885,
      "services": {
        "MS4_1": {
          "meanserv": 0.3826168250465145,
          "stddevserv": 0.3826168250465145,
          "rate": 2.6135808321508875,
          "cv": 1.0,
          "lambda": 0.3
        },
        "MS4_2": {
          "meanserv": 2.598438810111803,
          "stddevserv": 2.598438810111803,
          "rate": 0.38484646862127686,
          "cv": 1.0,
          "lambda": 0.3
        },
        "MS4_3": {
          "meanserv": 0.01060361287346101,
          "stddevserv": 0.01060361287346101,
          "rate": 94.30747915201857,
          "cv": 1.0,
          "lambda": 0.3
        },
        "MS4_4": {
          "meanserv": 1.1034468794471586,
          "stddevserv": 1.1034468794471586,
          "rate": 0.906251146861744,
          "cv": 1.0,
          "lambda": 0.3
        },
        "MS4_5": {
          "meanserv": 0.49548576622605456,
          "stddevserv": 0.49548576622605456,
          "rate": 2.0182214468372273,
          "cv": 1.0,
          "lambda": 0.3
        },
        "MS4_6": {
          "meanserv": 0.46353271003557683,
          "stddevserv": 0.46353271003557683,
          "rate": 2.157345055375377,
          "cv": 1.0,
          "lambda": 0.3
        },
        "MS4_7": {
          "meanserv": 0.4565642021929941,
          "stddevserv": 0.4565642021929941,
          "rate": 2.1902724637559086,
          "cv": 1.0,
          "lambda": 0.3
        },
        "MS4_8": {
          "meanserv": 0.7810669467108777,
          "stddevserv": 0.7810669467108777,
          "rate": 1.280299984797799,
          "cv": 1.0,
          "lambda": 0.3
        },
        "MS4_9": {
          "meanserv": 3.1738257321094006,
          "stddevserv": 3.1738257321094006,
          "rate": 0.31507716062764923,
          "cv": 1.0,
          "lambda": 0.3
        },
        "MS4_10": {
          "meanserv": 0.5344185152461591,
          "stddevserv": 0.5344185152461591,
          "rate": 1.871192654205457,
          "cv": 1.0,
          "lambda": 0.3
        }
      },
      "sensors": [
        "S4"
      ],
      "sources": [
        {
          "startTime": 0,
          "stopTime": -1,
          "lambda": 0.3
        }
      ]
    }
  },
  "microservice": {
    "MS1_1": "F20",
    "MS1_2": "F20",
    "MS1_3": "F1",
    "MS1_4": "F1",
    "MS1_5": "F1",
    "MS1_6": "F9",
    "MS1_7": "F9",
    "MS1_8": "F8",
    "MS1_9": "F13",
    "MS1_10": "F18",
    "MS2_1": "F3",
    "MS2_2": "F3",
    "MS2_3": "F3",
    "MS2_4": "F5",
    "MS2_5": "F3",
    "MS2_6": "F3",
    "MS2_7": "F14",
    "MS2_8": "F12",
    "MS2_9": "F6",
    "MS2_10": "F4",
    "MS3_1": "F11",
    "MS3_2": "F13",
    "MS3_3": "F17",
    "MS3_4": "F17",
    "MS3_5": "F12",
    "MS3_6": "F12",
    "MS3_7": "F12",
    "MS3_8": "F10",
    "MS3_9": "F19",
    "MS3_10": "F19",
    "MS4_1": "F19",
    "MS4_2": "F7",
    "MS4_3": "F19",
    "MS4_4": "F2",
    "MS4_5": "F2",
    "MS4_6": "F16",
    "MS4_7": "F16",
    "MS4_8": "F16",
    "MS4_9": "F15",
    "MS4_10": "F12"
  },
  "sensor": {
    "S1": "F20",
    "S2": "F3",
    "S3": "F11",
    "S4": "F19"
  },
  "fog": {
    "F1": {
      "rho": 0.46188295949803787,
      "capacity": 1.0,
      "tserv": 0.5132032883311533,
      "stddev": 0.7000697078812148,
      "mu": 1.948545581716407,
      "cv": 1.3641177361854369,
      "lambda": 0.8999999999999999,
      "twait": 0.630093119992588
    },
    "F2": {
      "rho": 0.47967979370196395,
      "capacity": 1.0,
      "tserv": 0.7994663228366066,
      "stddev": 0.9077195376020104,
      "mu": 1.2508344272112362,
      "cv": 1.135406847884859,
      "lambda": 0.6,
      "twait": 0.8435773640450767
    },
    "F3": {
      "rho": 0.5045677552221659,
      "capacity": 1.0,
      "tserv": 0.33637850348144394,
      "stddev": 0.5085778704163267,
      "mu": 2.972841574744577,
      "cv": 1.5119214371687162,
      "lambda": 1.5,
      "twait": 0.5628447963379155
    },
    "F4": {
      "rho": 0.4420626283879496,
      "capacity": 1.0,
      "tserv": 1.4735420946264988,
      "stddev": 1.4735420946264988,
      "mu": 0.6786368734538742,
      "cv": 1.0,
      "lambda": 0.3,
      "twait": 1.1675107718789093
    },
    "F5": {
      "rho": 0.7139063920983062,
      "capacity": 1.0,
      "tserv": 2.379687973661021,
      "stddev": 2.379687973661021,
      "mu": 0.4202231599555274,
      "cv": 1.0,
      "lambda": 0.3,
      "twait": 5.938176906699111
    },
    "F6": {
      "rho": 0.586518529087908,
      "capacity": 1.0,
      "tserv": 1.95506176362636,
      "stddev": 1.95506176362636,
      "mu": 0.5114927919950432,
      "cv": 1.0,
      "lambda": 0.3,
      "twait": 2.7732317662232884
    },
    "F7": {
      "rho": 0.7795316430335409,
      "capacity": 1.0,
      "tserv": 2.598438810111803,
      "stddev": 2.598438810111803,
      "mu": 0.38484646862127686,
      "cv": 1.0,
      "lambda": 0.3,
      "twait": 9.187555542388935
    },
    "F8": {
      "rho": 0.7933138217378439,
      "capacity": 1.0,
      "tserv": 2.6443794057928134,
      "stddev": 2.644379405792814,
      "mu": 0.37816056115449487,
      "cv": 1.0000000000000002,
      "lambda": 0.3,
      "twait": 10.149796905497547
    },
    "F9": {
      "rho": 0.3706907648468142,
      "capacity": 1.0,
      "tserv": 0.6178179414113569,
      "stddev": 1.009294425915681,
      "mu": 1.6185998058191349,
      "cv": 1.6336437618014565,
      "lambda": 0.6,
      "twait": 0.6675768455424081
    },
    "F10": {
      "rho": 0.6843937581311993,
      "capacity": 1.0,
      "tserv": 2.2813125271039976,
      "stddev": 2.2813125271039976,
      "mu": 0.438344149746745,
      "cv": 1.0,
      "lambda": 0.3,
      "twait": 4.947037944026266
    },
    "F11": {
      "rho": 0.925226133260306,
      "capacity": 1.0,
      "tserv": 3.084087110867687,
      "stddev": 3.084087110867687,
      "mu": 0.3242450566575134,
      "cv": 1.0,
      "lambda": 0.3,
      "twait": 38.161434156664775
    },
    "F12": {
      "rho": 0.41432421296686595,
      "capacity": 1.0,
      "tserv": 0.2762161419779106,
      "stddev": 0.37437834105357415,
      "mu": 3.620353223527289,
      "cv": 1.355381833852106,
      "lambda": 1.5,
      "twait": 0.27718556597117167
    },
    "F13": {
      "rho": 0.5537411119325675,
      "capacity": 1.0,
      "tserv": 0.9229018532209459,
      "stddev": 0.9362404942857964,
      "mu": 1.0835388362370062,
      "cv": 1.0144529356163912,
      "lambda": 0.6,
      "twait": 1.1618552414521404
    },
    "F14": {
      "rho": 0.7485941638708589,
      "capacity": 1.0,
      "tserv": 2.4953138795695295,
      "stddev": 2.4953138795695295,
      "mu": 0.40075118733059406,
      "cv": 1.0,
      "lambda": 0.3,
      "twait": 7.430127462562826
    },
    "F15": {
      "rho": 0.9521477196328201,
      "capacity": 1.0,
      "tserv": 3.1738257321094006,
      "stddev": 3.1738257321094006,
      "mu": 0.31507716062764923,
      "cv": 1.0,
      "lambda": 0.3,
      "twait": 63.15165986138822
    },
    "F16": {
      "rho": 0.5103491576818346,
      "capacity": 1.0,
      "tserv": 0.567054619646483,
      "stddev": 0.6061092347906045,
      "mu": 1.7634985508511098,
      "cv": 1.0688727572107062,
      "lambda": 0.8999999999999999,
      "twait": 0.6331321810959952
    },
    "F17": {
      "rho": 0.5575456304178341,
      "capacity": 1.0,
      "tserv": 0.9292427173630569,
      "stddev": 0.9764131108471765,
      "mu": 1.0761451032274252,
      "cv": 1.0507621879652462,
      "lambda": 0.6,
      "twait": 1.2319064172802592
    },
    "F18": {
      "rho": 0.49352542732281834,
      "capacity": 1.0,
      "tserv": 1.6450847577427279,
      "stddev": 1.6450847577427279,
      "mu": 0.6078714153136591,
      "cv": 1.0,
      "lambda": 0.3,
      "twait": 1.6030245185965546
    },
    "F19": {
      "rho": 0.4576874569323524,
      "capacity": 1.0,
      "tserv": 0.3814062141102937,
      "stddev": 0.5031961387955632,
      "mu": 2.621876526927334,
      "cv": 1.3193181447485562,
      "lambda": 1.2,
      "twait": 0.44108556147960637
    },
    "F20": {
      "rho": 0.5703109402360119,
      "capacity": 1.0,
      "tserv": 0.9505182337266865,
      "stddev": 0.9641989648617902,
      "mu": 1.052057671823202,
      "cv": 1.0143929181468363,
      "lambda": 0.6,
      "twait": 1.279877517124361
    }
  },
  "extra": {
    "deltatime": 6.4858764,
    "conv": 7,
    "obj_func": 55.9155179440162
  },
  "network": [
    [
      0.0,
      0.8945355888491039,
      0.7550406978626656,
      1.1354937257939346,
      1.005280355190589,
      0.7845731121290672,
      0.7173329872989292,
      0.8184187236056831,
      1.0818879996262074,
      0.9319313322267933,
      1.1335655603128336,
      1.3902996202113773,
      1.335506218616817,
      0.9118761017234859,
      1.1003194772848703,
      1.1343284796139104,
      1.0033315171700559,
      1.0272217983927838,
      0.8853277186386529,
      0.8853277186386529
    ],
    [
      0.8945355888491039,
      0.0,
      0.7041400896234284,
      1.0101341544274607,
      1.1002657085492036,
      1.0517422241286478,
      1.2643607411975584,
      0.8130500086843486,
      1.2988973869879117,
      1.4860310358260298,
      0.9015317387066347,
      1.031473504116447,
      0.9711927327447497,
      0.9083779737568113,
      0.8811066350254058,
      1.1924543500214322,
      0.9280126420406962,
      0.8853277186386529,
      0.9972042433452623,
      0.9972042433452623
    ],
    [
      0.7550406978626656,
      0.7041400896234284,
      0.0,
      1.0583791228754886,
      0.6283864432788377,
      1.0507758926089885,
      1.0042293001977092,
      0.9468680801334708,
      0.9279331306577121,
      1.2161136263497105,
      0.9094289407188454,
      1.0484762229560192,
      0.9186435746097105,
      1.026660467885871,
      0.8524393021941589,
      0.7760549610427326,
      1.0272217983927838,
      0.9972042433452623,
      0.9236760915267279,
      0.9236760915267279
    ],
    [
      1.1354937257939346,
      1.0101341544274607,
      1.0583791228754886,
      0.0,
      0.8124420033063855,
      0.7362068029803142,
      0.8121642338501728,
      0.7108489979117415,
      0.8848823394547715,
      0.8794234045464425,
      0.8414339425939773,
      1.0162826339019586,
      0.9912592235836123,
      1.2428542758764622,
      0.739592071157931,
      1.0033315171700559,
      0.8853277186386529,
      0.9236760915267279,
      1.0833278518381275,
      1.0833278518381275
    ],
    [
      1.005280355190589,
      1.1002657085492036,
      0.6283864432788377,
      0.8124420033063855,
      0.0,
      0.8445015691565805,
      0.809127057001699,
      1.0728349905324543,
      1.2164190558952799,
      0.6938012072128746,
      0.9107807673582397,
      1.2716596997748,
      1.1403466077409092,
      1.0957601103800454,
      1.1343284796139104,
      0.9280126420406962,
      0.9972042433452623,
      1.0833278518381275,
      1.0994199988665703,
      1.0994199988665703
    ],
    [
      0.7845731121290672,
      1.0517422241286478,
      1.0507758926089885,
      0.7362068029803142,
      0.8445015691565805,
      0.0,
      0.8594722788775433,
      0.9434047297285488,
      1.2000191065922488,
      1.06354504104028,
      1.0470582350061686,
      0.8851300998157148,
      1.2220395297577507,
      1.1003194772848703,
      1.1924543500214322,
      1.0272217983927838,
      0.9236760915267279,
      1.0994199988665703,
      1.198802434549933,
      1.198802434549933
    ],
    [
      0.7173329872989292,
      1.2643607411975584,
      1.0042293001977092,
      0.8121642338501728,
      0.809127057001699,
      0.8594722788775433,
      0.0,
      0.8881790594468633,
      0.9782648709280007,
      0.7019011664112801,
      1.261079097395229,
      0.9961159775043694,
      0.9118761017234859,
      0.8811066350254058,
      0.7760549610427326,
      0.8853277186386529,
      1.0833278518381275,
      1.198802434549933,
      0.6299653288046096,
      0.6299653288046096
    ],
    [
      0.8184187236056831,
      0.8130500086843486,
      0.9468680801334708,
      0.7108489979117415,
      1.0728349905324543,
      0.9434047297285488,
      0.8881790594468633,
      0.0,
      0.7666993228246637,
      1.0846573005919655,
      0.9552722542267301,
      1.335506218616817,
      0.9083779737568113,
      0.8524393021941589,
      1.0033315171700559,
      0.9972042433452623,
      1.0994199988665703,
      0.6299653288046096,
      1.1157170413812392,
      1.1157170413812392
    ],
    [
      1.0818879996262074,
      1.2988973869879117,
      0.9279331306577121,
      0.8848823394547715,
      1.2164190558952799,
      1.2000191065922488,
      0.9782648709280007,
      0.7666993228246637,
      0.0,
      1.0611526612468043,
      1.3902996202113773,
      0.9711927327447497,
      1.026660467885871,
      0.739592071157931,
      0.9280126420406962,
      0.9236760915267279,
      1.198802434549933,
      1.1157170413812392,
      0.7961604528627095,
      0.7961604528627095
    ],
    [
      0.9319313322267933,
      1.4860310358260298,
      1.2161136263497105,
      0.8794234045464425,
      0.6938012072128746,
      1.06354504104028,
      0.7019011664112801,
      1.0846573005919655,
      1.0611526612468043,
      0.0,
      1.031473504116447,
      0.9186435746097105,
      1.2428542758764622,
      1.1343284796139104,
      1.0272217983927838,
      1.0833278518381275,
      0.6299653288046096,
      0.7961604528627095,
      0.943090541029355,
      0.943090541029355
    ],
    [
      1.1335655603128336,
      0.9015317387066347,
      0.9094289407188454,
      0.8414339425939773,
      0.9107807673582397,
      1.0470582350061686,
      1.261079097395229,
      0.9552722542267301,
      1.3902996202113773,
      1.031473504116447,
      0.0,
      0.9912592235836123,
      1.0957601103800454,
      1.1924543500214322,
      0.8853277186386529,
      1.0994199988665703,
      1.1157170413812392,
      0.943090541029355,
      1.206071346915036,
      1.206071346915036
    ],
    [
      1.3902996202113773,
      1.031473504116447,
      1.0484762229560192,
      1.0162826339019586,
      1.2716596997748,
      0.8851300998157148,
      0.9961159775043694,
      1.335506218616817,
      0.9711927327447497,
      0.9186435746097105,
      0.9912592235836123,
      0.0,
      1.1003194772848703,
      0.7760549610427326,
      0.9972042433452623,
      1.198802434549933,
      0.7961604528627095,
      1.206071346915036,
      0.7659418082965967,
      0.7659418082965967
    ],
    [
      1.335506218616817,
      0.9711927327447497,
      0.9186435746097105,
      0.9912592235836123,
      1.1403466077409092,
      1.2220395297577507,
      0.9118761017234859,
      0.9083779737568113,
      1.026660467885871,
      1.2428542758764622,
      1.0957601103800454,
      1.1003194772848703,
      0.0,
      1.0033315171700559,
      0.9236760915267279,
      0.6299653288046096,
      0.943090541029355,
      0.7659418082965967,
      1.146228404309776,
      1.146228404309776
    ],
    [
      0.9118761017234859,
      0.9083779737568113,
      1.026660467885871,
      1.2428542758764622,
      1.0957601103800454,
      1.1003194772848703,
      0.8811066350254058,
      0.8524393021941589,
      0.739592071157931,
      1.1343284796139104,
      1.1924543500214322,
      0.7760549610427326,
      1.0033315171700559,
      0.0,
      1.0833278518381275,
      1.1157170413812392,
      1.206071346915036,
      1.146228404309776,
      1.0268374207541555,
      1.0268374207541555
    ],
    [
      1.1003194772848703,
      0.8811066350254058,
      0.8524393021941589,
      0.739592071157931,
      1.1343284796139104,
      1.1924543500214322,
      0.7760549610427326,
      1.0033315171700559,
      0.9280126420406962,
      1.0272217983927838,
      0.8853277186386529,
      0.9972042433452623,
      0.9236760915267279,
      1.0833278518381275,
      0.0,
      0.7961604528627095,
      0.7659418082965967,
      1.0268374207541555,
      0.9325065384384145,
      0.9325065384384145
    ],
    [
      1.1343284796139104,
      1.1924543500214322,
      0.7760549610427326,
      1.0033315171700559,
      0.9280126420406962,
      1.0272217983927838,
      0.8853277186386529,
      0.9972042433452623,
      0.9236760915267279,
      1.0833278518381275,
      1.0994199988665703,
      1.198802434549933,
      0.6299653288046096,
      1.1157170413812392,
      0.7961604528627095,
      0.0,
      1.146228404309776,
      0.9325065384384145,
      1.4118743104273572,
      1.4118743104273572
    ],
    [
      1.0033315171700559,
      0.9280126420406962,
      1.0272217983927838,
      0.8853277186386529,
      0.9972042433452623,
      0.9236760915267279,
      1.0833278518381275,
      1.0994199988665703,
      1.198802434549933,
      0.6299653288046096,
      1.1157170413812392,
      0.7961604528627095,
      0.943090541029355,
      1.206071346915036,
      0.7659418082965967,
      1.146228404309776,
      0.0,
      1.4118743104273572,
      1.1852883794387123,
      1.1852883794387123
    ],
    [
      1.0272217983927838,
      0.8853277186386529,
      0.9972042433452623,
      0.9236760915267279,
      1.0833278518381275,
      1.0994199988665703,
      1.198802434549933,
      0.6299653288046096,
      1.1157170413812392,
      0.7961604528627095,
      0.943090541029355,
      1.206071346915036,
      0.7659418082965967,
      1.146228404309776,
      1.0268374207541555,
      0.9325065384384145,
      1.4118743104273572,
      0.0,
      0.8882240218533654,
      0.8882240218533654
    ],
    [
      0.8853277186386529,
      0.9972042433452623,
      0.9236760915267279,
      1.0833278518381275,
      1.0994199988665703,
      1.198802434549933,
      0.6299653288046096,
      1.1157170413812392,
      0.7961604528627095,
      0.943090541029355,
      1.206071346915036,
      0.7659418082965967,
      1.146228404309776,
      1.0268374207541555,
      0.9325065384384145,
      1.4118743104273572,
      1.1852883794387123,
      0.8882240218533654,
      0.0,
      1.0954866812145765
    ],
    [
      0.8853277186386529,
      0.9972042433452623,
      0.9236760915267279,
      1.0833278518381275,
      1.0994199988665703,
      1.198802434549933,
      0.6299653288046096,
      1.1157170413812392,
      0.7961604528627095,
      0.943090541029355,
      1.206071346915036,
      0.7659418082965967,
      1.146228404309776,
      1.0268374207541555,
      0.9325065384384145,
      1.4118743104273572,
      1.1852883794387123,
      0.8882240218533654,
      1.0954866812145765,
      0.0
    ]
  ]
}