{
  "servicechain": {
    "SC1": {
      "resptime": 16.59488151405779,
      "resptime_old": 6.594881514057789,
      "waittime": 4.8670139516723445,
      "servicetime": 10.0,
      "networktime": 1.7278675623854458,
      "services": {
        "MS1_1": {
          "meanserv": 0.4811748655558268,
          "stddevserv": 0.4811748655558268,
          "rate": 2.0782465410882485,
          "cv": 1.0,
          "lambda": 0.05
        },
        "MS1_2": {
          "meanserv": 0.24839920592968912,
          "stddevserv": 0.24839920592968912,
          "rate": 4.025777764696462,
          "cv": 1.0,
          "lambda": 0.05
        },
        "MS1_3": {
          "meanserv": 2.970559699770071,
          "stddevserv": 2.970559699770071,
          "rate": 0.3366368971064283,
          "cv": 1.0,
          "lambda": 0.05
        },
        "MS1_4": {
          "meanserv": 4.150008122262557,
          "stddevserv": 4.150008122262557,
          "rate": 0.2409633838149711,
          "cv": 1.0,
          "lambda": 0.05
        },
        "MS1_5": {
          "meanserv": 2.1498581064818554,
          "stddevserv": 2.1498581064818554,
          "rate": 0.465146977367941,
          "cv": 1.0,
          "lambda": 0.05
        }
      },
      "sensors": [
        "S1"
      ],
      "sources": [
        {
          "startTime": 0,
          "stopTime": -1,
          "lambda": 0.05
        }
      ]
    },
    "SC2": {
      "resptime": 16.925882801713527,
      "resptime_old": 6.925882801713527,
      "waittime": 3.647939579555409,
      "servicetime": 10.0,
      "networktime": 3.277943222158119,
      "services": {
        "MS2_1": {
          "meanserv": 0.7226344714965083,
          "stddevserv": 0.7226344714965083,
          "rate": 1.3838254877726683,
          "cv": 1.0,
          "lambda": 0.05
        },
        "MS2_2": {
          "meanserv": 5.316460227249431,
          "stddevserv": 5.316460227249431,
          "rate": 0.1880950777877574,
          "cv": 1.0,
          "lambda": 0.05
        },
        "MS2_3": {
          "meanserv": 1.048549523527905,
          "stddevserv": 1.048549523527905,
          "rate": 0.9536983972253811,
          "cv": 1.0,
          "lambda": 0.05
        },
        "MS2_4": {
          "meanserv": 0.09113931913933015,
          "stddevserv": 0.09113931913933015,
          "rate": 10.97221275563009,
          "cv": 1.0,
          "lambda": 0.05
        },
        "MS2_5": {
          "meanserv": 2.821216458586825,
          "stddevserv": 2.821216458586825,
          "rate": 0.3544570275550249,
          "cv": 1.0,
          "lambda": 0.05
        }
      },
      "sensors": [
        "S2"
      ],
      "sources": [
        {
          "startTime": 0,
          "stopTime": -1,
          "lambda": 0.05
        }
      ]
    },
    "SC3": {
      "resptime": 15.670789608997499,
      "resptime_old": 5.670789608997499,
      "waittime": 2.0330864400721023,
      "servicetime": 10.0,
      "networktime": 3.6377031689253965,
      "services": {
        "MS3_1": {
          "meanserv": 3.013118288733514,
          "stddevserv": 3.013118288733514,
          "rate": 0.33188209163216226,
          "cv": 1.0,
          "lambda": 0.05
        },
        "MS3_2": {
          "meanserv": 3.6349963267538987,
          "stddevserv": 3.6349963267538987,
          "rate": 0.2751034416843589,
          "cv": 1.0,
          "lambda": 0.05
        },
        "MS3_3": {
          "meanserv": 1.3356191615109028,
          "stddevserv": 1.3356191615109028,
          "rate": 0.7487164221788809,
          "cv": 1.0,
          "lambda": 0.05
        },
        "MS3_4": {
          "meanserv": 0.909966913205837,
          "stddevserv": 0.909966913205837,
          "rate": 1.0989410554247232,
          "cv": 1.0,
          "lambda": 0.05
        },
        "MS3_5": {
          "meanserv": 1.1062993097958476,
          "stddevserv": 1.1062993097958476,
          "rate": 0.9039145113310577,
          "cv": 1.0,
          "lambda": 0.05
        }
      },
      "sensors": [
        "S3"
      ],
      "sources": [
        {
          "startTime": 0,
          "stopTime": -1,
          "lambda": 0.05
        }
      ]
    },
    "SC4": {
      "resptime": 16.282341844824803,
      "resptime_old": 6.282341844824802,
      "waittime": 4.222189782429512,
      "servicetime": 10.0,
      "networktime": 2.06015206239529,
      "services": {
        "MS4_1": {
          "meanserv": 0.27005533842150764,
          "stddevserv": 0.27005533842150764,
          "rate": 3.7029447588226545,
          "cv": 1.0,
          "lambda": 0.05
        },
        "MS4_2": {
          "meanserv": 2.8421657491767114,
          "stddevserv": 2.8421657491767114,
          "rate": 0.35184436385867696,
          "cv": 1.0,
          "lambda": 0.05
        },
        "MS4_3": {
          "meanserv": 0.9590563956064635,
          "stddevserv": 0.9590563956064635,
          "rate": 1.0426915503416727,
          "cv": 1.0,
          "lambda": 0.05
        },
        "MS4_4": {
          "meanserv": 2.7281680600739744,
          "stddevserv": 2.7281680600739744,
          "rate": 0.3665463336495791,
          "cv": 1.0,
          "lambda": 0.05
        },
        "MS4_5": {
          "meanserv": 3.200554456721343,
          "stddevserv": 3.200554456721343,
          "rate": 0.3124458632159638,
          "cv": 1.0,
          "lambda": 0.05
        }
      },
      "sensors": [
        "S4"
      ],
      "sources": [
        {
          "startTime": 0,
          "stopTime": -1,
          "lambda": 0.05
        }
      ]
    }
  },
  "microservice": {
    "MS1_1": "F5",
    "MS1_2": "F5",
    "MS1_3": "F5",
    "MS1_4": "F10",
    "MS1_5": "F10",
    "MS2_1": "F7",
    "MS2_2": "F1",
    "MS2_3": "F4",
    "MS2_4": "F4",
    "MS2_5": "F4",
    "MS3_1": "F2",
    "MS3_2": "F6",
    "MS3_3": "F3",
    "MS3_4": "F3",
    "MS3_5": "F3",
    "MS4_1": "F8",
    "MS4_2": "F8",
    "MS4_3": "F8",
    "MS4_4": "F9",
    "MS4_5": "F9"
  },
  "sensor": {
    "S1": "F5",
    "S2": "F7",
    "S3": "F2",
    "S4": "F8"
  },
  "fog": {
    "F1": {
      "rho": 0.26582301136247155,
      "capacity": 1.0,
      "tserv": 5.316460227249431,
      "stddev": 5.316460227249432,
      "mu": 0.1880950777877574,
      "cv": 1.0000000000000002,
      "lambda": 0.05,
      "twait": 1.9249274892405888
    },
    "F2": {
      "rho": 0.1506559144366757,
      "capacity": 1.0,
      "tserv": 3.013118288733514,
      "stddev": 3.013118288733514,
      "mu": 0.33188209163216226,
      "cv": 1.0,
      "lambda": 0.05,
      "twait": 0.5344642987581909
    },
    "F3": {
      "rho": 0.16759426922562937,
      "capacity": 1.0,
      "tserv": 1.1172951281708623,
      "stddev": 1.1440553265839606,
      "mu": 0.8950186703464038,
      "cv": 1.0239508772018973,
      "lambda": 0.15000000000000002,
      "twait": 0.23040545906686818
    },
    "F4": {
      "rho": 0.19804526506270304,
      "capacity": 1.0,
      "tserv": 1.3203017670846866,
      "stddev": 2.074002515384933,
      "mu": 0.7574026066844294,
      "cv": 1.5708549114226118,
      "lambda": 0.15000000000000002,
      "twait": 0.5653077655120956
    },
    "F5": {
      "rho": 0.18500668856277938,
      "capacity": 1.0,
      "tserv": 1.2333779237518623,
      "stddev": 2.134732565990338,
      "mu": 0.8107814974975873,
      "cv": 1.7308016666105133,
      "lambda": 0.15000000000000002,
      "twait": 0.5593577406524239
    },
    "F6": {
      "rho": 0.18174981633769494,
      "capacity": 1.0,
      "tserv": 3.6349963267538987,
      "stddev": 3.6349963267538987,
      "mu": 0.2751034416843589,
      "cv": 1.0,
      "lambda": 0.05,
      "twait": 0.8074057641133066
    },
    "F7": {
      "rho": 0.036131723574825414,
      "capacity": 1.0,
      "tserv": 0.7226344714965083,
      "stddev": 0.7226344714965083,
      "mu": 1.3838254877726683,
      "cv": 1.0,
      "lambda": 0.05,
      "twait": 0.027088793778533307
    },
    "F8": {
      "rho": 0.20356387416023414,
      "capacity": 1.0,
      "tserv": 1.3570924944015608,
      "stddev": 2.0507031548577443,
      "mu": 0.7368694500377232,
      "cv": 1.51110050591065,
      "lambda": 0.15000000000000002,
      "twait": 0.5694508892343831
    },
    "F9": {
      "rho": 0.29643612583976586,
      "capacity": 1.0,
      "tserv": 2.9643612583976586,
      "stddev": 2.983121205073252,
      "mu": 0.3373408005408002,
      "cv": 1.0063284954296474,
      "lambda": 0.1,
      "twait": 1.256918557363181
    },
    "F10": {
      "rho": 0.31499331143722065,
      "capacity": 1.0,
      "tserv": 3.1499331143722062,
      "stddev": 3.4528797644621734,
      "mu": 0.31746705840746203,
      "cv": 1.0961755818584566,
      "lambda": 0.1,
      "twait": 1.594470364857536
    }
  },
  "extra": {
    "deltatime": 0.5485399,
    "conv": 11,
    "obj_func": 16.368473942398403
  },
  "network": [
    [
      0.0,
      2.7918042998422408,
      2.0914388816365177,
      2.044539560475792,
      1.8160270368564289,
      2.4433265964301487,
      1.2334036616823274,
      1.992718918339854,
      2.1447925993800747,
      2.1447925993800747
    ],
    [
      2.7918042998422408,
      0.0,
      2.1395763938900885,
      2.5980560002093562,
      1.8822134311644,
      1.9838292444511785,
      1.8008931055257948,
      2.1447925993800747,
      2.0111731422264647,
      2.0111731422264647
    ],
    [
      2.0914388816365177,
      2.1395763938900885,
      0.0,
      2.3084856891587475,
      2.146300316483971,
      1.6538739244742182,
      1.992718918339854,
      2.0111731422264647,
      2.386641464593141,
      2.386641464593141
    ],
    [
      2.044539560475792,
      2.5980560002093562,
      2.3084856891587475,
      0.0,
      2.1999670278920527,
      1.2334036616823274,
      2.1447925993800747,
      2.386641464593141,
      2.111680752361776,
      2.111680752361776
    ],
    [
      1.8160270368564289,
      1.8822134311644,
      2.146300316483971,
      2.1999670278920527,
      0.0,
      1.8008931055257948,
      2.0111731422264647,
      2.111680752361776,
      1.7278675623854458,
      1.7278675623854458
    ],
    [
      2.4433265964301487,
      1.9838292444511785,
      1.6538739244742182,
      1.2334036616823274,
      1.8008931055257948,
      0.0,
      2.386641464593141,
      1.7278675623854458,
      2.097230689887083,
      2.097230689887083
    ],
    [
      1.2334036616823274,
      1.8008931055257948,
      1.992718918339854,
      2.1447925993800747,
      2.0111731422264647,
      2.386641464593141,
      0.0,
      2.097230689887083,
      1.575658543500391,
      1.575658543500391
    ],
    [
      1.992718918339854,
      2.1447925993800747,
      2.0111731422264647,
      2.386641464593141,
      2.111680752361776,
      1.7278675623854458,
      2.097230689887083,
      0.0,
      2.06015206239529,
      2.06015206239529
    ],
    [
      2.1447925993800747,
      2.0111731422264647,
      2.386641464593141,
      2.111680752361776,
      1.7278675623854458,
      2.097230689887083,
      1.575658543500391,
      2.06015206239529,
      0.0,
      1.736314404948138
    ],
    [
      2.1447925993800747,
      2.0111731422264647,
      2.386641464593141,
      2.111680752361776,
      1.7278675623854458,
      2.097230689887083,
      1.575658543500391,
      2.06015206239529,
      1.736314404948138,
      0.0
    ]
  ]
}