{
  "servicechain": {
    "SC1": {
      "resptime": 19.532071647977062,
      "resptime_old": 9.532071647977062,
      "waittime": 7.309660289381275,
      "servicetime": 10.0,
      "networktime": 2.222411358595787,
      "services": {
        "MS1_1": {
          "meanserv": 2.2552935682129083,
          "stddevserv": 2.2552935682129083,
          "rate": 0.4434012556477952,
          "cv": 1.0,
          "lambda": 0.075
        },
        "MS1_2": {
          "meanserv": 0.8417842017688062,
          "stddevserv": 0.8417842017688062,
          "rate": 1.18795291940469,
          "cv": 1.0,
          "lambda": 0.075
        },
        "MS1_3": {
          "meanserv": 1.932841379574013,
          "stddevserv": 1.932841379574013,
          "rate": 0.5173730294517982,
          "cv": 1.0,
          "lambda": 0.075
        },
        "MS1_4": {
          "meanserv": 0.776909628843538,
          "stddevserv": 0.776909628843538,
          "rate": 1.2871509926946603,
          "cv": 1.0,
          "lambda": 0.075
        },
        "MS1_5": {
          "meanserv": 4.193171221600735,
          "stddevserv": 4.193171221600735,
          "rate": 0.23848298749371175,
          "cv": 1.0,
          "lambda": 0.075
        }
      },
      "sensors": [
        "S1"
      ],
      "sources": [
        {
          "startTime": 0,
          "stopTime": -1,
          "lambda": 0.075
        }
      ]
    },
    "SC2": {
      "resptime": 18.920053431506872,
      "resptime_old": 8.920053431506872,
      "waittime": 4.13926583258726,
      "servicetime": 10.0,
      "networktime": 4.780787598919613,
      "services": {
        "MS2_1": {
          "meanserv": 1.76976068761581,
          "stddevserv": 1.76976068761581,
          "rate": 0.5650481485986572,
          "cv": 1.0,
          "lambda": 0.075
        },
        "MS2_2": {
          "meanserv": 4.02619071894164,
          "stddevserv": 4.02619071894164,
          "rate": 0.24837372837193086,
          "cv": 1.0,
          "lambda": 0.075
        },
        "MS2_3": {
          "meanserv": 1.979225215822102,
          "stddevserv": 1.979225215822102,
          "rate": 0.50524821127273,
          "cv": 1.0,
          "lambda": 0.075
        },
        "MS2_4": {
          "meanserv": 1.2183356406610422,
          "stddevserv": 1.2183356406610422,
          "rate": 0.8207918792045039,
          "cv": 1.0,
          "lambda": 0.075
        },
        "MS2_5": {
          "meanserv": 1.0064877369594054,
          "stddevserv": 1.0064877369594054,
          "rate": 0.9935540824580686,
          "cv": 1.0,
          "lambda": 0.075
        }
      },
      "sensors": [
        "S2"
      ],
      "sources": [
        {
          "startTime": 0,
          "stopTime": -1,
          "lambda": 0.075
        }
      ]
    },
    "SC3": {
      "resptime": 17.016288801321956,
      "resptime_old": 7.016288801321953,
      "waittime": 3.6066712229064244,
      "servicetime": 10.0,
      "networktime": 3.4096175784155296,
      "services": {
        "MS3_1": {
          "meanserv": 3.110956703823089,
          "stddevserv": 3.110956703823089,
          "rate": 0.32144452501415044,
          "cv": 1.0,
          "lambda": 0.075
        },
        "MS3_2": {
          "meanserv": 2.8132068319201733,
          "stddevserv": 2.8132068319201733,
          "rate": 0.355466220490245,
          "cv": 1.0,
          "lambda": 0.075
        },
        "MS3_3": {
          "meanserv": 1.756186856393784,
          "stddevserv": 1.756186856393784,
          "rate": 0.569415490361564,
          "cv": 1.0,
          "lambda": 0.075
        },
        "MS3_4": {
          "meanserv": 0.9231169291319796,
          "stddevserv": 0.9231169291319796,
          "rate": 1.0832863838173943,
          "cv": 1.0,
          "lambda": 0.075
        },
        "MS3_5": {
          "meanserv": 1.3965326787309742,
          "stddevserv": 1.3965326787309742,
          "rate": 0.7160591479382333,
          "cv": 1.0,
          "lambda": 0.075
        }
      },
      "sensors": [
        "S3"
      ],
      "sources": [
        {
          "startTime": 0,
          "stopTime": -1,
          "lambda": 0.075
        }
      ]
    },
    "SC4": {
      "resptime": 17.873932054605664,
      "resptime_old": 7.873932054605664,
      "waittime": 4.926076372529931,
      "servicetime": 10.0,
      "networktime": 2.947855682075734,
      "services": {
        "MS4_1": {
          "meanserv": 1.8948283970499868,
          "stddevserv": 1.8948283970499868,
          "rate": 0.5277522764366822,
          "cv": 1.0,
          "lambda": 0.075
        },
        "MS4_2": {
          "meanserv": 2.015495777093803,
          "stddevserv": 2.015495777093803,
          "rate": 0.4961558398509406,
          "cv": 1.0,
          "lambda": 0.075
        },
        "MS4_3": {
          "meanserv": 4.563966628833867,
          "stddevserv": 4.563966628833867,
          "rate": 0.21910764940354277,
          "cv": 1.0,
          "lambda": 0.075
        },
        "MS4_4": {
          "meanserv": 1.3866399684371729,
          "stddevserv": 1.3866399684371729,
          "rate": 0.7211677311790317,
          "cv": 1.0,
          "lambda": 0.075
        },
        "MS4_5": {
          "meanserv": 0.13906922858516957,
          "stddevserv": 0.13906922858516957,
          "rate": 7.19066331332653,
          "cv": 1.0,
          "lambda": 0.075
        }
      },
      "sensors": [
        "S4"
      ],
      "sources": [
        {
          "startTime": 0,
          "stopTime": -1,
          "lambda": 0.075
        }
      ]
    }
  },
  "microservice": {
    "MS1_1": "F5",
    "MS1_2": "F5",
    "MS1_3": "F5",
    "MS1_4": "F5",
    "MS1_5": "F3",
    "MS2_1": "F2",
    "MS2_2": "F8",
    "MS2_3": "F2",
    "MS2_4": "F9",
    "MS2_5": "F9",
    "MS3_1": "F6",
    "MS3_2": "F7",
    "MS3_3": "F10",
    "MS3_4": "F10",
    "MS3_5": "F10",
    "MS4_1": "F4",
    "MS4_2": "F4",
    "MS4_3": "F1",
    "MS4_4": "F9",
    "MS4_5": "F9"
  },
  "sensor": {
    "S1": "F5",
    "S2": "F2",
    "S3": "F6",
    "S4": "F4"
  },
  "fog": {
    "F1": {
      "rho": 0.34229749716254004,
      "capacity": 1.0,
      "tserv": 4.563966628833867,
      "stddev": 4.563966628833867,
      "mu": 0.21910764940354277,
      "cv": 1.0,
      "lambda": 0.075,
      "twait": 2.375290267930253
    },
    "F2": {
      "rho": 0.2811739427578434,
      "capacity": 1.0,
      "tserv": 1.8744929517189561,
      "stddev": 1.880335480793889,
      "mu": 0.5334775994132042,
      "cv": 1.003116858385397,
      "lambda": 0.15,
      "twait": 0.7355102053571269
    },
    "F3": {
      "rho": 0.3144878416200551,
      "capacity": 1.0,
      "tserv": 4.193171221600735,
      "stddev": 4.193171221600735,
      "mu": 0.23848298749371175,
      "cv": 1.0,
      "lambda": 0.075,
      "twait": 1.9236731995257408
    },
    "F4": {
      "rho": 0.2932743130607842,
      "capacity": 1.0,
      "tserv": 1.9551620870718949,
      "stddev": 1.9570230185224313,
      "mu": 0.5114665462328127,
      "cv": 1.000951804181782,
      "lambda": 0.15,
      "twait": 0.8121182684288258
    },
    "F5": {
      "rho": 0.43551215837994495,
      "capacity": 1.0,
      "tserv": 1.4517071945998163,
      "stddev": 1.7203933465123171,
      "mu": 0.6888441441358731,
      "cv": 1.1850828823553279,
      "lambda": 0.3,
      "twait": 1.3464967724638837
    },
    "F6": {
      "rho": 0.23332175278673167,
      "capacity": 1.0,
      "tserv": 3.110956703823089,
      "stddev": 3.110956703823089,
      "mu": 0.32144452501415044,
      "cv": 1.0,
      "lambda": 0.075,
      "twait": 0.9467516179283542
    },
    "F7": {
      "rho": 0.210990512394013,
      "capacity": 1.0,
      "tserv": 2.8132068319201733,
      "stddev": 2.8132068319201737,
      "mu": 0.355466220490245,
      "cv": 1.0000000000000002,
      "lambda": 0.075,
      "twait": 0.7522849347961016
    },
    "F8": {
      "rho": 0.301964303920623,
      "capacity": 1.0,
      "tserv": 4.02619071894164,
      "stddev": 4.02619071894164,
      "mu": 0.24837372837193086,
      "cv": 1.0,
      "lambda": 0.075,
      "twait": 1.7416958541309822
    },
    "F9": {
      "rho": 0.28128994309820926,
      "capacity": 1.0,
      "tserv": 0.9376331436606976,
      "stddev": 1.1578337804234358,
      "mu": 1.0665152002795149,
      "cv": 1.2348473262186883,
      "lambda": 0.3,
      "twait": 0.4632747838710123
    },
    "F10": {
      "rho": 0.3056877348192553,
      "capacity": 1.0,
      "tserv": 1.358612154752246,
      "stddev": 1.4417351078065708,
      "mu": 0.7360452329990806,
      "cv": 1.061182253348442,
      "lambda": 0.22499999999999998,
      "twait": 0.6358782233939897
    }
  },
  "extra": {
    "conv_gen": 16,
    "max_gen": 600,
    "population": 600,
    "deltatime": 38.5821534,
    "obj_func": 18.33558648385289
  },
  "network": [
    [
      0.0,
      2.0249646914611628,
      2.239066637941329,
      1.504258460714448,
      2.116451419478573,
      1.856930015626597,
      2.0601997152653193,
      2.329080106556128,
      1.4435972213612858,
      1.4435972213612858
    ],
    [
      2.0249646914611628,
      0.0,
      1.8012969734392925,
      1.700072787184735,
      1.8789783008123713,
      1.6980099685311403,
      2.4725600376209393,
      1.4435972213612858,
      1.8935931561970407,
      1.8935931561970407
    ],
    [
      2.239066637941329,
      1.8012969734392925,
      0.0,
      2.410673727876103,
      2.222411358595787,
      2.629762537482628,
      2.329080106556128,
      1.8935931561970407,
      1.733358956881553,
      1.733358956881553
    ],
    [
      1.504258460714448,
      1.700072787184735,
      2.410673727876103,
      0.0,
      1.7881464416937685,
      2.0601997152653193,
      1.4435972213612858,
      1.733358956881553,
      1.8528569632284417,
      1.8528569632284417
    ],
    [
      2.116451419478573,
      1.8789783008123713,
      2.222411358595787,
      1.7881464416937685,
      0.0,
      2.4725600376209393,
      1.8935931561970407,
      1.8528569632284417,
      2.6150785199154853,
      2.6150785199154853
    ],
    [
      1.856930015626597,
      1.6980099685311403,
      2.629762537482628,
      2.0601997152653193,
      2.4725600376209393,
      0.0,
      1.733358956881553,
      2.6150785199154853,
      2.250681873972794,
      2.250681873972794
    ],
    [
      2.0601997152653193,
      2.4725600376209393,
      2.329080106556128,
      1.4435972213612858,
      1.8935931561970407,
      1.733358956881553,
      0.0,
      2.250681873972794,
      1.6762586215339763,
      1.6762586215339763
    ],
    [
      2.329080106556128,
      1.4435972213612858,
      1.8935931561970407,
      1.733358956881553,
      1.8528569632284417,
      2.6150785199154853,
      2.250681873972794,
      0.0,
      2.2054373730736576,
      2.2054373730736576
    ],
    [
      1.4435972213612858,
      1.8935931561970407,
      1.733358956881553,
      1.8528569632284417,
      2.6150785199154853,
      2.250681873972794,
      1.6762586215339763,
      2.2054373730736576,
      0.0,
      1.9003775844599777
    ],
    [
      1.4435972213612858,
      1.8935931561970407,
      1.733358956881553,
      1.8528569632284417,
      2.6150785199154853,
      2.250681873972794,
      1.6762586215339763,
      2.2054373730736576,
      1.9003775844599777,
      0.0
    ]
  ]
}