{
  "servicechain": {
    "SC1": {
      "resptime": 34.06943881309514,
      "resptime_old": 24.069438813095143,
      "waittime": 19.346970888827194,
      "servicetime": 10.0,
      "networktime": 4.722467924267948,
      "services": {
        "MS1_1": {
          "meanserv": 0.6850153543754878,
          "stddevserv": 0.6850153543754878,
          "rate": 1.4598212924901168,
          "cv": 1.0,
          "lambda": 0.15
        },
        "MS1_2": {
          "meanserv": 0.6019639772449714,
          "stddevserv": 0.6019639772449714,
          "rate": 1.6612289734956123,
          "cv": 1.0,
          "lambda": 0.15
        },
        "MS1_3": {
          "meanserv": 0.6905919114730918,
          "stddevserv": 0.6905919114730918,
          "rate": 1.448033177606894,
          "cv": 1.0,
          "lambda": 0.15
        },
        "MS1_4": {
          "meanserv": 1.6635899223919692,
          "stddevserv": 1.6635899223919692,
          "rate": 0.6011096764532957,
          "cv": 1.0,
          "lambda": 0.15
        },
        "MS1_5": {
          "meanserv": 1.2998639640474674,
          "stddevserv": 1.2998639640474674,
          "rate": 0.7693112723013242,
          "cv": 1.0,
          "lambda": 0.15
        },
        "MS1_6": {
          "meanserv": 1.9949166743748004,
          "stddevserv": 1.9949166743748004,
          "rate": 0.5012740696617799,
          "cv": 1.0,
          "lambda": 0.15
        },
        "MS1_7": {
          "meanserv": 2.424518556312808,
          "stddevserv": 2.424518556312808,
          "rate": 0.4124530197536592,
          "cv": 1.0,
          "lambda": 0.15
        },
        "MS1_8": {
          "meanserv": 0.3740005644429836,
          "stddevserv": 0.3740005644429836,
          "rate": 2.673792756140212,
          "cv": 1.0,
          "lambda": 0.15
        },
        "MS1_9": {
          "meanserv": 0.2655390753364202,
          "stddevserv": 0.2655390753364202,
          "rate": 3.765924087568156,
          "cv": 1.0,
          "lambda": 0.15
        }
      },
      "sensors": [
        "S1"
      ],
      "sources": [
        {
          "startTime": 0,
          "stopTime": -1,
          "lambda": 0.15
        }
      ]
    },
    "SC2": {
      "resptime": 28.041440631001404,
      "resptime_old": 18.0414406310014,
      "waittime": 14.468747532771498,
      "servicetime": 10.0,
      "networktime": 3.572693098229905,
      "services": {
        "MS2_1": {
          "meanserv": 3.4838062395855163,
          "stddevserv": 3.4838062395855163,
          "rate": 0.2870423701057997,
          "cv": 1.0,
          "lambda": 0.15
        },
        "MS2_2": {
          "meanserv": 0.3907812538935209,
          "stddevserv": 0.3907812538935209,
          "rate": 2.558976383940048,
          "cv": 1.0,
          "lambda": 0.15
        },
        "MS2_3": {
          "meanserv": 2.7336616481072546,
          "stddevserv": 2.7336616481072546,
          "rate": 0.36580971924319333,
          "cv": 1.0,
          "lambda": 0.15
        },
        "MS2_4": {
          "meanserv": 0.8385320174158819,
          "stddevserv": 0.8385320174158819,
          "rate": 1.1925603068583077,
          "cv": 1.0,
          "lambda": 0.15
        },
        "MS2_5": {
          "meanserv": 0.4982755798114118,
          "stddevserv": 0.4982755798114118,
          "rate": 2.006921552082648,
          "cv": 1.0,
          "lambda": 0.15
        },
        "MS2_6": {
          "meanserv": 0.9287769699190793,
          "stddevserv": 0.9287769699190793,
          "rate": 1.076684750362755,
          "cv": 1.0,
          "lambda": 0.15
        },
        "MS2_7": {
          "meanserv": 0.5399319991491804,
          "stddevserv": 0.5399319991491804,
          "rate": 1.852085080298612,
          "cv": 1.0,
          "lambda": 0.15
        },
        "MS2_8": {
          "meanserv": 0.49568725243000067,
          "stddevserv": 0.49568725243000067,
          "rate": 2.017401083238905,
          "cv": 1.0,
          "lambda": 0.15
        },
        "MS2_9": {
          "meanserv": 0.09054703968815403,
          "stddevserv": 0.09054703968815403,
          "rate": 11.043983364271451,
          "cv": 1.0,
          "lambda": 0.15
        }
      },
      "sensors": [
        "S2"
      ],
      "sources": [
        {
          "startTime": 0,
          "stopTime": -1,
          "lambda": 0.15
        }
      ]
    },
    "SC3": {
      "resptime": 36.3498927196704,
      "resptime_old": 26.3498927196704,
      "waittime": 20.47094317949687,
      "servicetime": 10.0,
      "networktime": 5.878949540173528,
      "services": {
        "MS3_1": {
          "meanserv": 1.9145822929201595,
          "stddevserv": 1.9145822929201595,
          "rate": 0.5223071391069746,
          "cv": 1.0,
          "lambda": 0.15
        },
        "MS3_2": {
          "meanserv": 0.5365565429741395,
          "stddevserv": 0.5365565429741395,
          "rate": 1.8637364749239433,
          "cv": 1.0,
          "lambda": 0.15
        },
        "MS3_3": {
          "meanserv": 0.5042480894022758,
          "stddevserv": 0.5042480894022758,
          "rate": 1.9831507962387664,
          "cv": 1.0,
          "lambda": 0.15
        },
        "MS3_4": {
          "meanserv": 0.5587585191623723,
          "stddevserv": 0.5587585191623723,
          "rate": 1.789681885296509,
          "cv": 1.0,
          "lambda": 0.15
        },
        "MS3_5": {
          "meanserv": 1.6076001918792535,
          "stddevserv": 1.6076001918792535,
          "rate": 0.6220452106509264,
          "cv": 1.0,
          "lambda": 0.15
        },
        "MS3_6": {
          "meanserv": 0.8448486378229738,
          "stddevserv": 0.8448486378229738,
          "rate": 1.1836439750637746,
          "cv": 1.0,
          "lambda": 0.15
        },
        "MS3_7": {
          "meanserv": 0.056163673683412796,
          "stddevserv": 0.056163673683412796,
          "rate": 17.805103092736914,
          "cv": 1.0,
          "lambda": 0.15
        },
        "MS3_8": {
          "meanserv": 0.9392889802349531,
          "stddevserv": 0.9392889802349531,
          "rate": 1.0646350814739258,
          "cv": 1.0,
          "lambda": 0.15
        },
        "MS3_9": {
          "meanserv": 3.0379530719204597,
          "stddevserv": 3.0379530719204597,
          "rate": 0.32916900831777635,
          "cv": 1.0,
          "lambda": 0.15
        }
      },
      "sensors": [
        "S3"
      ],
      "sources": [
        {
          "startTime": 0,
          "stopTime": -1,
          "lambda": 0.15
        }
      ]
    },
    "SC4": {
      "resptime": 33.053474403692675,
      "resptime_old": 23.053474403692675,
      "waittime": 18.91293566716281,
      "servicetime": 10.0,
      "networktime": 4.140538736529864,
      "services": {
        "MS4_1": {
          "meanserv": 1.4347116091324508,
          "stddevserv": 1.4347116091324508,
          "rate": 0.697004187904136,
          "cv": 1.0,
          "lambda": 0.15
        },
        "MS4_2": {
          "meanserv": 2.388521696512561,
          "stddevserv": 2.388521696512561,
          "rate": 0.418669004120868,
          "cv": 1.0,
          "lambda": 0.15
        },
        "MS4_3": {
          "meanserv": 0.4463110257694316,
          "stddevserv": 0.4463110257694316,
          "rate": 2.240589952435119,
          "cv": 1.0,
          "lambda": 0.15
        },
        "MS4_4": {
          "meanserv": 0.6407736221014178,
          "stddevserv": 0.6407736221014178,
          "rate": 1.5606135544726372,
          "cv": 1.0,
          "lambda": 0.15
        },
        "MS4_5": {
          "meanserv": 1.9936991716306878,
          "stddevserv": 1.9936991716306878,
          "rate": 0.501580185330608,
          "cv": 1.0,
          "lambda": 0.15
        },
        "MS4_6": {
          "meanserv": 1.1458600593671537,
          "stddevserv": 1.1458600593671537,
          "rate": 0.8727069172410891,
          "cv": 1.0,
          "lambda": 0.15
        },
        "MS4_7": {
          "meanserv": 0.5445486272741338,
          "stddevserv": 0.5445486272741338,
          "rate": 1.8363832905166526,
          "cv": 1.0,
          "lambda": 0.15
        },
        "MS4_8": {
          "meanserv": 0.7226881603092004,
          "stddevserv": 0.7226881603092004,
          "rate": 1.383722682784996,
          "cv": 1.0,
          "lambda": 0.15
        },
        "MS4_9": {
          "meanserv": 0.6828860279029634,
          "stddevserv": 0.6828860279029634,
          "rate": 1.4643732030524101,
          "cv": 1.0,
          "lambda": 0.15
        }
      },
      "sensors": [
        "S4"
      ],
      "sources": [
        {
          "startTime": 0,
          "stopTime": -1,
          "lambda": 0.15
        }
      ]
    }
  },
  "microservice": {
    "MS1_1": "F9",
    "MS1_2": "F9",
    "MS1_3": "F6",
    "MS1_4": "F1",
    "MS1_5": "F1",
    "MS1_6": "F7",
    "MS1_7": "F4",
    "MS1_8": "F9",
    "MS1_9": "F9",
    "MS2_1": "F5",
    "MS2_2": "F2",
    "MS2_3": "F8",
    "MS2_4": "F8",
    "MS2_5": "F2",
    "MS2_6": "F2",
    "MS2_7": "F2",
    "MS2_8": "F2",
    "MS2_9": "F2",
    "MS3_1": "F4",
    "MS3_2": "F7",
    "MS3_3": "F7",
    "MS3_4": "F7",
    "MS3_5": "F1",
    "MS3_6": "F2",
    "MS3_7": "F2",
    "MS3_8": "F6",
    "MS3_9": "F10",
    "MS4_1": "F3",
    "MS4_2": "F3",
    "MS4_3": "F9",
    "MS4_4": "F9",
    "MS4_5": "F6",
    "MS4_6": "F10",
    "MS4_7": "F6",
    "MS4_8": "F9",
    "MS4_9": "F9"
  },
  "sensor": {
    "S1": "F9",
    "S2": "F5",
    "S3": "F4",
    "S4": "F3"
  },
  "fog": {
    "F1": {
      "rho": 0.6856581117478034,
      "capacity": 1.0,
      "tserv": 1.5236846927728969,
      "stddev": 1.540375185327235,
      "mu": 0.6563037646457794,
      "cv": 1.0109540330972044,
      "lambda": 0.44999999999999996,
      "twait": 3.3601421231175923
    },
    "F2": {
      "rho": 0.5767518609596601,
      "capacity": 1.0,
      "tserv": 0.4806265507997168,
      "stddev": 0.6328432739913966,
      "mu": 2.0806174738705034,
      "cv": 1.3167047740879185,
      "lambda": 1.2,
      "twait": 0.8952088846060042
    },
    "F3": {
      "rho": 0.5734849958467517,
      "capacity": 1.0,
      "tserv": 1.9116166528225058,
      "stddev": 2.027105095633265,
      "mu": 0.5231174349331483,
      "cv": 1.060414017967588,
      "lambda": 0.3,
      "twait": 2.730302528806668
    },
    "F4": {
      "rho": 0.6508651273849452,
      "capacity": 1.0,
      "tserv": 2.169550424616484,
      "stddev": 2.1993104695142507,
      "mu": 0.4609249864182217,
      "cv": 1.013717148290309,
      "lambda": 0.3,
      "twait": 4.10038483757739
    },
    "F5": {
      "rho": 0.5225709359378274,
      "capacity": 1.0,
      "tserv": 3.4838062395855163,
      "stddev": 3.4838062395855163,
      "mu": 0.2870423701057997,
      "cv": 1.0,
      "lambda": 0.15,
      "twait": 3.8132070799300344
    },
    "F6": {
      "rho": 0.6252193035919299,
      "capacity": 1.0,
      "tserv": 1.0420321726532165,
      "stddev": 1.3150833573049934,
      "mu": 0.9596632678373122,
      "cv": 1.2620371921497735,
      "lambda": 0.6,
      "twait": 2.2535381190814725
    },
    "F7": {
      "rho": 0.5391719738870382,
      "capacity": 1.0,
      "tserv": 0.898619956478397,
      "stddev": 1.268666037132482,
      "mu": 1.1128174850677715,
      "cv": 1.4117937488326646,
      "lambda": 0.6,
      "twait": 1.5734924112637565
    },
    "F8": {
      "rho": 0.5358290498284705,
      "capacity": 1.0,
      "tserv": 1.7860968327615683,
      "stddev": 2.232912907966434,
      "mu": 0.5598800589405072,
      "cv": 1.2501634105212662,
      "lambda": 0.3,
      "twait": 2.6421435726027176
    },
    "F9": {
      "rho": 0.6628766711224314,
      "capacity": 1.0,
      "tserv": 0.5523972259353596,
      "stddev": 0.5957808275996183,
      "mu": 1.8102914950500095,
      "cv": 1.078536965117445,
      "lambda": 1.2,
      "twait": 1.174817818667348
    },
    "F10": {
      "rho": 0.627571969693142,
      "capacity": 1.0,
      "tserv": 2.0919065656438067,
      "stddev": 2.483159492151116,
      "mu": 0.4780328225090872,
      "cv": 1.1870317407732296,
      "lambda": 0.3,
      "twait": 4.245983096717141
    }
  },
  "extra": {
    "conv_gen": 490,
    "max_gen": 600,
    "population": 600,
    "deltatime": 57.159428,
    "obj_func": 32.878561641864906
  },
  "network": [
    [
      0.0,
      1.6017633537150933,
      1.1939143302229194,
      1.0842793791473524,
      1.2528189717776546,
      0.9803622272109296,
      1.0335262917263508,
      0.9829830847156206,
      1.157944545551856,
      1.157944545551856
    ],
    [
      1.6017633537150933,
      0.0,
      1.3194776729768616,
      1.203173636672604,
      1.2568040071261937,
      1.3443195614445476,
      0.7868380915326689,
      1.157944545551856,
      1.5294786418730968,
      1.5294786418730968
    ],
    [
      1.1939143302229194,
      1.3194776729768616,
      0.0,
      0.9438091629577796,
      1.034609723647808,
      1.2764269808628963,
      0.9829830847156206,
      1.5294786418730968,
      1.1749555855871447,
      1.1749555855871447
    ],
    [
      1.0842793791473524,
      1.203173636672604,
      0.9438091629577796,
      0.0,
      1.549444459101474,
      1.0335262917263508,
      1.157944545551856,
      1.1749555855871447,
      0.809239072043132,
      0.809239072043132
    ],
    [
      1.2528189717776546,
      1.2568040071261937,
      1.034609723647808,
      1.549444459101474,
      0.0,
      0.7868380915326689,
      1.5294786418730968,
      0.809239072043132,
      1.200552644720258,
      1.200552644720258
    ],
    [
      0.9803622272109296,
      1.3443195614445476,
      1.2764269808628963,
      1.0335262917263508,
      0.7868380915326689,
      0.0,
      1.1749555855871447,
      1.200552644720258,
      0.7413957877356798,
      0.7413957877356798
    ],
    [
      1.0335262917263508,
      0.7868380915326689,
      0.9829830847156206,
      1.157944545551856,
      1.5294786418730968,
      1.1749555855871447,
      0.0,
      0.7413957877356798,
      1.0429465194662195,
      1.0429465194662195
    ],
    [
      0.9829830847156206,
      1.157944545551856,
      1.5294786418730968,
      1.1749555855871447,
      0.809239072043132,
      1.200552644720258,
      0.7413957877356798,
      0.0,
      1.4544005526948864,
      1.4544005526948864
    ],
    [
      1.157944545551856,
      1.5294786418730968,
      1.1749555855871447,
      0.809239072043132,
      1.200552644720258,
      0.7413957877356798,
      1.0429465194662195,
      1.4544005526948864,
      0.0,
      1.3559930568166951
    ],
    [
      1.157944545551856,
      1.5294786418730968,
      1.1749555855871447,
      0.809239072043132,
      1.200552644720258,
      0.7413957877356798,
      1.0429465194662195,
      1.4544005526948864,
      1.3559930568166951,
      0.0
    ]
  ]
}