{
  "servicechain": {
    "SC1": {
      "resptime": 34.61081331061776,
      "resptime_old": 24.61081331061776,
      "waittime": 19.394265924845268,
      "servicetime": 10.0,
      "networktime": 5.216547385772492,
      "services": {
        "MS1_1": {
          "meanserv": 1.5337864323932449,
          "stddevserv": 1.5337864323932449,
          "rate": 0.6519812529829523,
          "cv": 1.0,
          "lambda": 0.15
        },
        "MS1_2": {
          "meanserv": 2.786527694331552,
          "stddevserv": 2.786527694331552,
          "rate": 0.35886957163003746,
          "cv": 1.0,
          "lambda": 0.15
        },
        "MS1_3": {
          "meanserv": 4.902094993784787,
          "stddevserv": 4.902094993784787,
          "rate": 0.2039944148915655,
          "cv": 1.0,
          "lambda": 0.15
        },
        "MS1_4": {
          "meanserv": 0.13477519712101582,
          "stddevserv": 0.13477519712101582,
          "rate": 7.41976284480661,
          "cv": 1.0,
          "lambda": 0.15
        },
        "MS1_5": {
          "meanserv": 0.6428156823694007,
          "stddevserv": 0.6428156823694007,
          "rate": 1.555655886169466,
          "cv": 1.0,
          "lambda": 0.15
        }
      },
      "sensors": [
        "S1"
      ],
      "sources": [
        {
          "startTime": 0,
          "stopTime": -1,
          "lambda": 0.15
        }
      ]
    },
    "SC2": {
      "resptime": 50.24757926807423,
      "resptime_old": 40.24757926807423,
      "waittime": 36.218732579919966,
      "servicetime": 10.0,
      "networktime": 4.028846688154269,
      "services": {
        "MS2_1": {
          "meanserv": 0.33570048541014863,
          "stddevserv": 0.33570048541014863,
          "rate": 2.9788458565325886,
          "cv": 1.0,
          "lambda": 0.15
        },
        "MS2_2": {
          "meanserv": 0.7516731958943723,
          "stddevserv": 0.7516731958943723,
          "rate": 1.3303653841350003,
          "cv": 1.0,
          "lambda": 0.15
        },
        "MS2_3": {
          "meanserv": 5.621648380006285,
          "stddevserv": 5.621648380006285,
          "rate": 0.17788376867478184,
          "cv": 1.0,
          "lambda": 0.15
        },
        "MS2_4": {
          "meanserv": 1.0038367244444197,
          "stddevserv": 1.0038367244444197,
          "rate": 0.9961779397475787,
          "cv": 1.0,
          "lambda": 0.15
        },
        "MS2_5": {
          "meanserv": 2.287141214244775,
          "stddevserv": 2.287141214244775,
          "rate": 0.4372270473601714,
          "cv": 1.0,
          "lambda": 0.15
        }
      },
      "sensors": [
        "S2"
      ],
      "sources": [
        {
          "startTime": 0,
          "stopTime": -1,
          "lambda": 0.15
        }
      ]
    },
    "SC3": {
      "resptime": 25.762487315353113,
      "resptime_old": 15.762487315353113,
      "waittime": 10.159996472897141,
      "servicetime": 10.0,
      "networktime": 5.602490842455971,
      "services": {
        "MS3_1": {
          "meanserv": 2.8429115931201165,
          "stddevserv": 2.8429115931201165,
          "rate": 0.35175205673648563,
          "cv": 1.0,
          "lambda": 0.15
        },
        "MS3_2": {
          "meanserv": 3.3489858060971374,
          "stddevserv": 3.3489858060971374,
          "rate": 0.29859786153151435,
          "cv": 1.0,
          "lambda": 0.15
        },
        "MS3_3": {
          "meanserv": 0.9528378492630667,
          "stddevserv": 0.9528378492630667,
          "rate": 1.0494965127313203,
          "cv": 1.0,
          "lambda": 0.15
        },
        "MS3_4": {
          "meanserv": 0.5988207785045185,
          "stddevserv": 0.5988207785045185,
          "rate": 1.6699487324026687,
          "cv": 1.0,
          "lambda": 0.15
        },
        "MS3_5": {
          "meanserv": 2.256443973015161,
          "stddevserv": 2.256443973015161,
          "rate": 0.4431751959982217,
          "cv": 1.0,
          "lambda": 0.15
        }
      },
      "sensors": [
        "S3"
      ],
      "sources": [
        {
          "startTime": 0,
          "stopTime": -1,
          "lambda": 0.15
        }
      ]
    },
    "SC4": {
      "resptime": 7903.340349896697,
      "resptime_old": 7893.340349896697,
      "waittime": 7886.876504643004,
      "servicetime": 10.0,
      "networktime": 6.463845253693184,
      "services": {
        "MS4_1": {
          "meanserv": 1.8814029613130057,
          "stddevserv": 1.8814029613130057,
          "rate": 0.5315182449283026,
          "cv": 1.0,
          "lambda": 0.15
        },
        "MS4_2": {
          "meanserv": 7.252312350972151,
          "stddevserv": 7.252312350972151,
          "rate": 0.1378870561009349,
          "cv": 1.0,
          "lambda": 0.15
        },
        "MS4_3": {
          "meanserv": 0.4782430949598222,
          "stddevserv": 0.4782430949598222,
          "rate": 2.0909868026092697,
          "cv": 1.0,
          "lambda": 0.15
        },
        "MS4_4": {
          "meanserv": 0.08034604066846285,
          "stddevserv": 0.08034604066846285,
          "rate": 12.44616401356186,
          "cv": 1.0,
          "lambda": 0.15
        },
        "MS4_5": {
          "meanserv": 0.3076955520865585,
          "stddevserv": 0.3076955520865585,
          "rate": 3.249965731447063,
          "cv": 1.0,
          "lambda": 0.15
        }
      },
      "sensors": [
        "S4"
      ],
      "sources": [
        {
          "startTime": 0,
          "stopTime": -1,
          "lambda": 0.15
        }
      ]
    }
  },
  "microservice": {
    "MS1_1": "F10",
    "MS1_2": "F7",
    "MS1_3": "F3",
    "MS1_4": "F10",
    "MS1_5": "F10",
    "MS2_1": "F9",
    "MS2_2": "F9",
    "MS2_3": "F2",
    "MS2_4": "F6",
    "MS2_5": "F6",
    "MS3_1": "F5",
    "MS3_2": "F4",
    "MS3_3": "F10",
    "MS3_4": "F8",
    "MS3_5": "F8",
    "MS4_1": "F9",
    "MS4_2": "F1",
    "MS4_3": "F8",
    "MS4_4": "F10",
    "MS4_5": "F10"
  },
  "sensor": {
    "S1": "F10",
    "S2": "F9",
    "S3": "F5",
    "S4": "F9"
  },
  "fog": {
    "F1": {
      "rho": 1.0878468526458225,
      "capacity": 1.0,
      "tserv": 7.25231235097215,
      "stddev": 7.252312350972152,
      "mu": 0.1378870561009349,
      "cv": 1.0000000000000002,
      "lambda": 0.15,
      "twait": 7881.515760244062
    },
    "F2": {
      "rho": 0.8432472570009426,
      "capacity": 1.0,
      "tserv": 5.621648380006285,
      "stddev": 5.621648380006285,
      "mu": 0.17788376867478184,
      "cv": 1.0,
      "lambda": 0.15,
      "twait": 30.241509561925806
    },
    "F3": {
      "rho": 0.735314249067718,
      "capacity": 1.0,
      "tserv": 4.902094993784787,
      "stddev": 4.902094993784787,
      "mu": 0.2039944148915655,
      "cv": 1.0,
      "lambda": 0.15,
      "twait": 13.618339054963664
    },
    "F4": {
      "rho": 0.5023478709145706,
      "capacity": 1.0,
      "tserv": 3.3489858060971374,
      "stddev": 3.3489858060971374,
      "mu": 0.29859786153151435,
      "cv": 1.0,
      "lambda": 0.15,
      "twait": 3.3805861385699254
    },
    "F5": {
      "rho": 0.4264367389680175,
      "capacity": 1.0,
      "tserv": 2.8429115931201165,
      "stddev": 2.8429115931201165,
      "mu": 0.35175205673648563,
      "cv": 1.0,
      "lambda": 0.15,
      "twait": 2.113667369076684
    },
    "F6": {
      "rho": 0.49364669080337914,
      "capacity": 1.0,
      "tserv": 1.6454889693445973,
      "stddev": 1.87911392816019,
      "mu": 0.6077220927213525,
      "cv": 1.1419790488833519,
      "lambda": 0.3,
      "twait": 1.848127480337399
    },
    "F7": {
      "rho": 0.41797915414973275,
      "capacity": 1.0,
      "tserv": 2.786527694331552,
      "stddev": 2.7865276943315513,
      "mu": 0.35886957163003746,
      "cv": 0.9999999999999999,
      "lambda": 0.15,
      "twait": 2.0011490945654966
    },
    "F8": {
      "rho": 0.5000261769719252,
      "capacity": 1.0,
      "tserv": 1.1111692821598338,
      "stddev": 1.5972468866935907,
      "mu": 0.8999528839172474,
      "cv": 1.4374469420077418,
      "lambda": 0.44999999999999996,
      "twait": 1.7037418534059143
    },
    "F9": {
      "rho": 0.44531649639262905,
      "capacity": 1.0,
      "tserv": 0.9895922142058423,
      "stddev": 1.3536236272915214,
      "mu": 1.0105172470485835,
      "cv": 1.367860021390546,
      "lambda": 0.44999999999999996,
      "twait": 1.1404840286596833
    },
    "F10": {
      "rho": 0.5478385130852623,
      "capacity": 1.0,
      "tserv": 0.6087094589836248,
      "stddev": 0.9453971943223034,
      "mu": 1.642819879404735,
      "cv": 1.5531173047661413,
      "lambda": 0.9,
      "twait": 1.258259258438703
    }
  },
  "extra": {
    "deltatime": 0.0165683,
    "obj_func": 2003.4903074476856
  },
  "network": [
    [
      0.0,
      1.7749843631897426,
      1.5294597369502871,
      2.644166577463894,
      2.8879673407673243,
      1.7345955931611619,
      2.50018160921204,
      1.6674472155866118,
      2.7738714310573584,
      2.7738714310573584
    ],
    [
      1.7749843631897426,
      0.0,
      2.357733786880361,
      2.1060257347863587,
      2.7245478185424457,
      1.7735648012589662,
      1.7654774232382024,
      2.7738714310573584,
      2.2552818868953035,
      2.2552818868953035
    ],
    [
      1.5294597369502871,
      2.357733786880361,
      0.0,
      1.806580753078334,
      2.3598995258965165,
      2.609493106166177,
      1.6674472155866118,
      2.2552818868953035,
      1.953816960574131,
      1.953816960574131
    ],
    [
      2.644166577463894,
      2.1060257347863587,
      1.806580753078334,
      0.0,
      1.7436317962024848,
      2.50018160921204,
      2.7738714310573584,
      1.953816960574131,
      1.8363324392042728,
      1.8363324392042728
    ],
    [
      2.8879673407673243,
      2.7245478185424457,
      2.3598995258965165,
      1.7436317962024848,
      0.0,
      1.7654774232382024,
      2.2552818868953035,
      1.8363324392042728,
      1.4812267099694112,
      1.4812267099694112
    ],
    [
      1.7345955931611619,
      1.7735648012589662,
      2.609493106166177,
      2.50018160921204,
      1.7654774232382024,
      0.0,
      1.953816960574131,
      1.4812267099694112,
      2.258001721453575,
      2.258001721453575
    ],
    [
      2.50018160921204,
      1.7654774232382024,
      1.6674472155866118,
      2.7738714310573584,
      2.2552818868953035,
      1.953816960574131,
      0.0,
      2.258001721453575,
      1.5952832096117497,
      1.5952832096117497
    ],
    [
      1.6674472155866118,
      2.7738714310573584,
      2.2552818868953035,
      1.953816960574131,
      1.8363324392042728,
      1.4812267099694112,
      2.258001721453575,
      0.0,
      2.0225266070492136,
      2.0225266070492136
    ],
    [
      2.7738714310573584,
      2.2552818868953035,
      1.953816960574131,
      1.8363324392042728,
      1.4812267099694112,
      2.258001721453575,
      1.5952832096117497,
      2.0225266070492136,
      0.0,
      1.7455142059231232
    ],
    [
      2.7738714310573584,
      2.2552818868953035,
      1.953816960574131,
      1.8363324392042728,
      1.4812267099694112,
      2.258001721453575,
      1.5952832096117497,
      2.0225266070492136,
      1.7455142059231232,
      0.0
    ]
  ]
}