{
  "servicechain": {
    "SC1": {
      "resptime": 19.192369748556107,
      "resptime_old": 9.192369748556109,
      "waittime": 6.0514015645914885,
      "servicetime": 10.0,
      "networktime": 3.1409681839646195,
      "services": {
        "MS1_1": {
          "meanserv": 1.158478775599211,
          "stddevserv": 1.158478775599211,
          "rate": 0.8632009675643479,
          "cv": 1.0,
          "lambda": 0.1
        },
        "MS1_2": {
          "meanserv": 2.279626955145625,
          "stddevserv": 2.279626955145625,
          "rate": 0.438668264446855,
          "cv": 1.0,
          "lambda": 0.1
        },
        "MS1_3": {
          "meanserv": 2.493636843130744,
          "stddevserv": 2.493636843130744,
          "rate": 0.4010207030565473,
          "cv": 1.0,
          "lambda": 0.1
        },
        "MS1_4": {
          "meanserv": 2.841769913672467,
          "stddevserv": 2.841769913672467,
          "rate": 0.3518933729253553,
          "cv": 1.0,
          "lambda": 0.1
        },
        "MS1_5": {
          "meanserv": 1.2264875124519534,
          "stddevserv": 1.2264875124519534,
          "rate": 0.8153364708955193,
          "cv": 1.0,
          "lambda": 0.1
        }
      },
      "sensors": [
        "S1"
      ],
      "sources": [
        {
          "startTime": 0,
          "stopTime": -1,
          "lambda": 0.1
        }
      ]
    },
    "SC2": {
      "resptime": 22.03529051237471,
      "resptime_old": 12.035290512374711,
      "waittime": 7.922774106373398,
      "servicetime": 10.0,
      "networktime": 4.1125164060013155,
      "services": {
        "MS2_1": {
          "meanserv": 3.201345672213928,
          "stddevserv": 3.201345672213928,
          "rate": 0.31236864193688846,
          "cv": 1.0,
          "lambda": 0.1
        },
        "MS2_2": {
          "meanserv": 2.2701564029704278,
          "stddevserv": 2.2701564029704278,
          "rate": 0.440498284035202,
          "cv": 1.0,
          "lambda": 0.1
        },
        "MS2_3": {
          "meanserv": 0.4219688731482494,
          "stddevserv": 0.4219688731482494,
          "rate": 2.3698430468085077,
          "cv": 1.0,
          "lambda": 0.1
        },
        "MS2_4": {
          "meanserv": 1.607076253727099,
          "stddevserv": 1.607076253727099,
          "rate": 0.6222480095022374,
          "cv": 1.0,
          "lambda": 0.1
        },
        "MS2_5": {
          "meanserv": 2.499452797940296,
          "stddevserv": 2.499452797940296,
          "rate": 0.40008757149727414,
          "cv": 1.0,
          "lambda": 0.1
        }
      },
      "sensors": [
        "S2"
      ],
      "sources": [
        {
          "startTime": 0,
          "stopTime": -1,
          "lambda": 0.1
        }
      ]
    },
    "SC3": {
      "resptime": 25.782291038236586,
      "resptime_old": 15.782291038236584,
      "waittime": 12.258491129918408,
      "servicetime": 10.0,
      "networktime": 3.5237999083181784,
      "services": {
        "MS3_1": {
          "meanserv": 5.560273333832421,
          "stddevserv": 5.560273333832421,
          "rate": 0.17984727367903505,
          "cv": 1.0,
          "lambda": 0.1
        },
        "MS3_2": {
          "meanserv": 1.839852948482978,
          "stddevserv": 1.839852948482978,
          "rate": 0.5435216987447472,
          "cv": 1.0,
          "lambda": 0.1
        },
        "MS3_3": {
          "meanserv": 0.380058263620648,
          "stddevserv": 0.380058263620648,
          "rate": 2.631175521546196,
          "cv": 1.0,
          "lambda": 0.1
        },
        "MS3_4": {
          "meanserv": 1.6182871849830054,
          "stddevserv": 1.6182871849830054,
          "rate": 0.6179372915262266,
          "cv": 1.0,
          "lambda": 0.1
        },
        "MS3_5": {
          "meanserv": 0.6015282690809478,
          "stddevserv": 0.6015282690809478,
          "rate": 1.6624322602956998,
          "cv": 1.0,
          "lambda": 0.1
        }
      },
      "sensors": [
        "S3"
      ],
      "sources": [
        {
          "startTime": 0,
          "stopTime": -1,
          "lambda": 0.1
        }
      ]
    },
    "SC4": {
      "resptime": 21.484028848458607,
      "resptime_old": 11.484028848458609,
      "waittime": 7.367140721490921,
      "servicetime": 10.0,
      "networktime": 4.116888126967688,
      "services": {
        "MS4_1": {
          "meanserv": 1.263736108039053,
          "stddevserv": 1.263736108039053,
          "rate": 0.7913044453178647,
          "cv": 1.0,
          "lambda": 0.1
        },
        "MS4_2": {
          "meanserv": 3.002004302822961,
          "stddevserv": 3.002004302822961,
          "rate": 0.3331107817066222,
          "cv": 1.0,
          "lambda": 0.1
        },
        "MS4_3": {
          "meanserv": 1.848573733184983,
          "stddevserv": 1.848573733184983,
          "rate": 0.5409575945218367,
          "cv": 1.0,
          "lambda": 0.1
        },
        "MS4_4": {
          "meanserv": 1.7420728064738178,
          "stddevserv": 1.7420728064738178,
          "rate": 0.5740288214613316,
          "cv": 1.0,
          "lambda": 0.1
        },
        "MS4_5": {
          "meanserv": 2.1436130494791854,
          "stddevserv": 2.1436130494791854,
          "rate": 0.46650210505247725,
          "cv": 1.0,
          "lambda": 0.1
        }
      },
      "sensors": [
        "S4"
      ],
      "sources": [
        {
          "startTime": 0,
          "stopTime": -1,
          "lambda": 0.1
        }
      ]
    }
  },
  "microservice": {
    "MS1_1": "F7",
    "MS1_2": "F7",
    "MS1_3": "F8",
    "MS1_4": "F4",
    "MS1_5": "F4",
    "MS2_1": "F2",
    "MS2_2": "F6",
    "MS2_3": "F5",
    "MS2_4": "F5",
    "MS2_5": "F5",
    "MS3_1": "F1",
    "MS3_2": "F10",
    "MS3_3": "F10",
    "MS3_4": "F6",
    "MS3_5": "F6",
    "MS4_1": "F3",
    "MS4_2": "F3",
    "MS4_3": "F10",
    "MS4_4": "F9",
    "MS4_5": "F9"
  },
  "sensor": {
    "S1": "F7",
    "S2": "F2",
    "S3": "F1",
    "S4": "F3"
  },
  "fog": {
    "F1": {
      "rho": 0.5560273333832421,
      "capacity": 1.0,
      "tserv": 5.56027333383242,
      "stddev": 5.560273333832422,
      "mu": 0.17984727367903508,
      "cv": 1.0000000000000002,
      "lambda": 0.1,
      "twait": 6.963635798240589
    },
    "F2": {
      "rho": 0.32013456722139283,
      "capacity": 1.0,
      "tserv": 3.201345672213928,
      "stddev": 3.201345672213928,
      "mu": 0.31236864193688846,
      "cv": 1.0,
      "lambda": 0.1,
      "twait": 1.5074474475216082
    },
    "F3": {
      "rho": 0.4265740410862014,
      "capacity": 1.0,
      "tserv": 2.132870205431007,
      "stddev": 2.461691181223583,
      "mu": 0.46885178359829993,
      "cv": 1.1541683009848827,
      "lambda": 0.2,
      "twait": 1.8501183317590424
    },
    "F4": {
      "rho": 0.40682574261244203,
      "capacity": 1.0,
      "tserv": 2.03412871306221,
      "stddev": 2.3328626704438644,
      "mu": 0.49161097504719053,
      "cv": 1.146860892068101,
      "lambda": 0.2,
      "twait": 1.615027581042755
    },
    "F5": {
      "rho": 0.4528497924815645,
      "capacity": 1.0,
      "tserv": 1.5094993082718813,
      "stddev": 1.9304807452758448,
      "mu": 0.662471320470381,
      "cv": 1.2788881284655342,
      "lambda": 0.30000000000000004,
      "twait": 1.6463515832674873
    },
    "F6": {
      "rho": 0.4489971857034382,
      "capacity": 1.0,
      "tserv": 1.496657285678127,
      "stddev": 1.784063754348714,
      "mu": 0.6681556356082585,
      "cv": 1.192032251752521,
      "lambda": 0.30000000000000004,
      "twait": 1.4762719090493275
    },
    "F7": {
      "rho": 0.3438105730744836,
      "capacity": 1.0,
      "tserv": 1.719052865372418,
      "stddev": 1.8930476418186737,
      "mu": 0.5817156761978688,
      "cv": 1.1012154890353307,
      "lambda": 0.2,
      "twait": 0.9964763008719698
    },
    "F8": {
      "rho": 0.24936368431307437,
      "capacity": 1.0,
      "tserv": 2.493636843130744,
      "stddev": 2.493636843130744,
      "mu": 0.4010207030565473,
      "cv": 1.0,
      "lambda": 0.1,
      "twait": 0.8283938007620393
    },
    "F9": {
      "rho": 0.38856858559530033,
      "capacity": 1.0,
      "tserv": 1.9428429279765016,
      "stddev": 1.9634805642441975,
      "mu": 0.5147096482171691,
      "cv": 1.0106223905033795,
      "lambda": 0.2,
      "twait": 1.247874150591627
    },
    "F10": {
      "rho": 0.40684849452886096,
      "capacity": 1.0,
      "tserv": 1.3561616484295362,
      "stddev": 1.6709211786322415,
      "mu": 0.7373752245228443,
      "cv": 1.232095879253925,
      "lambda": 0.30000000000000004,
      "twait": 1.1711557567895818
    }
  },
  "extra": {
    "deltatime": 0.0158432,
    "obj_func": 22.1234950369065
  },
  "network": [
    [
      0.0,
      1.9589779415852306,
      1.4247826039785252,
      1.9014551752300444,
      2.20350381069515,
      2.0205888924556334,
      2.568312014682705,
      1.7567487628584284,
      2.0415596974133745,
      2.0415596974133745
    ],
    [
      1.9589779415852306,
      0.0,
      2.1254938345579295,
      1.4103725274450538,
      1.8458161804786086,
      2.0275220814814787,
      2.0849943245198364,
      2.0415596974133745,
      2.157952722773095,
      2.157952722773095
    ],
    [
      1.4247826039785252,
      2.1254938345579295,
      0.0,
      2.133562757917119,
      1.341513728089039,
      2.140248124122006,
      1.7567487628584284,
      2.157952722773095,
      1.6587279730598155,
      1.6587279730598155
    ],
    [
      1.9014551752300444,
      1.4103725274450538,
      2.133562757917119,
      0.0,
      2.1622705256495163,
      2.568312014682705,
      2.0415596974133745,
      1.6587279730598155,
      2.7766020057330123,
      2.7766020057330123
    ],
    [
      2.20350381069515,
      1.8458161804786086,
      1.341513728089039,
      2.1622705256495163,
      0.0,
      2.0849943245198364,
      2.157952722773095,
      2.7766020057330123,
      1.9989798673885797,
      1.9989798673885797
    ],
    [
      2.0205888924556334,
      2.0275220814814787,
      2.140248124122006,
      2.568312014682705,
      2.0849943245198364,
      0.0,
      1.6587279730598155,
      1.9989798673885797,
      1.4822402109048038,
      1.4822402109048038
    ],
    [
      2.568312014682705,
      2.0849943245198364,
      1.7567487628584284,
      2.0415596974133745,
      2.157952722773095,
      1.6587279730598155,
      0.0,
      1.4822402109048038,
      2.267776708418055,
      2.267776708418055
    ],
    [
      1.7567487628584284,
      2.0415596974133745,
      2.157952722773095,
      1.6587279730598155,
      2.7766020057330123,
      1.9989798673885797,
      1.4822402109048038,
      0.0,
      2.361519809232446,
      2.361519809232446
    ],
    [
      2.0415596974133745,
      2.157952722773095,
      1.6587279730598155,
      2.7766020057330123,
      1.9989798673885797,
      1.4822402109048038,
      2.267776708418055,
      2.361519809232446,
      0.0,
      2.4581601539078726
    ],
    [
      2.0415596974133745,
      2.157952722773095,
      1.6587279730598155,
      2.7766020057330123,
      1.9989798673885797,
      1.4822402109048038,
      2.267776708418055,
      2.361519809232446,
      2.4581601539078726,
      0.0
    ]
  ]
}