{
  "servicechain": {
    "SC1": {
      "resptime": 34.47943005583965,
      "resptime_old": 24.479430055839643,
      "waittime": 19.7490434233315,
      "servicetime": 10.0,
      "networktime": 4.730386632508148,
      "services": {
        "MS1_1": {
          "meanserv": 2.151287269505595,
          "stddevserv": 2.151287269505595,
          "rate": 0.4648379666327957,
          "cv": 1.0,
          "lambda": 0.15
        },
        "MS1_2": {
          "meanserv": 0.28173841358842955,
          "stddevserv": 0.28173841358842955,
          "rate": 3.549391746987064,
          "cv": 1.0,
          "lambda": 0.15
        },
        "MS1_3": {
          "meanserv": 0.32900256819178253,
          "stddevserv": 0.32900256819178253,
          "rate": 3.0394899513887044,
          "cv": 1.0,
          "lambda": 0.15
        },
        "MS1_4": {
          "meanserv": 2.681970140201148,
          "stddevserv": 2.681970140201148,
          "rate": 0.37286022875892266,
          "cv": 1.0,
          "lambda": 0.15
        },
        "MS1_5": {
          "meanserv": 2.326598714572807,
          "stddevserv": 2.326598714572807,
          "rate": 0.4298119799243561,
          "cv": 1.0,
          "lambda": 0.15
        },
        "MS1_6": {
          "meanserv": 0.1235383259028513,
          "stddevserv": 0.1235383259028513,
          "rate": 8.094653968246138,
          "cv": 1.0,
          "lambda": 0.15
        },
        "MS1_7": {
          "meanserv": 0.3379397966435782,
          "stddevserv": 0.3379397966435782,
          "rate": 2.9591069472492175,
          "cv": 1.0,
          "lambda": 0.15
        },
        "MS1_8": {
          "meanserv": 0.5116461194262634,
          "stddevserv": 0.5116461194262634,
          "rate": 1.9544758809494234,
          "cv": 1.0,
          "lambda": 0.15
        },
        "MS1_9": {
          "meanserv": 0.3434667483369722,
          "stddevserv": 0.3434667483369722,
          "rate": 2.911489990928929,
          "cv": 1.0,
          "lambda": 0.15
        },
        "MS1_10": {
          "meanserv": 0.9128119036305726,
          "stddevserv": 0.9128119036305726,
          "rate": 1.09551595024413,
          "cv": 1.0,
          "lambda": 0.15
        }
      },
      "sensors": [
        "S1"
      ],
      "sources": [
        {
          "startTime": 0,
          "stopTime": -1,
          "lambda": 0.15
        }
      ]
    },
    "SC2": {
      "resptime": 29.03385898277023,
      "resptime_old": 19.033858982770226,
      "waittime": 16.630396813052737,
      "servicetime": 10.0,
      "networktime": 2.4034621697174936,
      "services": {
        "MS2_1": {
          "meanserv": 1.4287118177404368,
          "stddevserv": 1.4287118177404368,
          "rate": 0.6999312160667495,
          "cv": 1.0,
          "lambda": 0.15
        },
        "MS2_2": {
          "meanserv": 1.2221392988289435,
          "stddevserv": 1.2221392988289435,
          "rate": 0.8182373326495614,
          "cv": 1.0,
          "lambda": 0.15
        },
        "MS2_3": {
          "meanserv": 0.9093620664783799,
          "stddevserv": 0.9093620664783799,
          "rate": 1.0996719973955225,
          "cv": 1.0,
          "lambda": 0.15
        },
        "MS2_4": {
          "meanserv": 0.27883599355373345,
          "stddevserv": 0.27883599355373345,
          "rate": 3.5863375716137367,
          "cv": 1.0,
          "lambda": 0.15
        },
        "MS2_5": {
          "meanserv": 0.5682184816053777,
          "stddevserv": 0.5682184816053777,
          "rate": 1.7598864387070225,
          "cv": 1.0,
          "lambda": 0.15
        },
        "MS2_6": {
          "meanserv": 0.3066813161640223,
          "stddevserv": 0.3066813161640223,
          "rate": 3.260713800592829,
          "cv": 1.0,
          "lambda": 0.15
        },
        "MS2_7": {
          "meanserv": 2.356491816251583,
          "stddevserv": 2.356491816251583,
          "rate": 0.42435963201886984,
          "cv": 1.0,
          "lambda": 0.15
        },
        "MS2_8": {
          "meanserv": 1.2245254403391135,
          "stddevserv": 1.2245254403391135,
          "rate": 0.8166428945102728,
          "cv": 1.0,
          "lambda": 0.15
        },
        "MS2_9": {
          "meanserv": 1.3599201570323576,
          "stddevserv": 1.3599201570323576,
          "rate": 0.7353372878759428,
          "cv": 1.0,
          "lambda": 0.15
        },
        "MS2_10": {
          "meanserv": 0.3451136120060525,
          "stddevserv": 0.3451136120060525,
          "rate": 2.897596516658005,
          "cv": 1.0,
          "lambda": 0.15
        }
      },
      "sensors": [
        "S2"
      ],
      "sources": [
        {
          "startTime": 0,
          "stopTime": -1,
          "lambda": 0.15
        }
      ]
    },
    "SC3": {
      "resptime": 30.71550473253327,
      "resptime_old": 20.71550473253327,
      "waittime": 18.565709844425246,
      "servicetime": 10.0,
      "networktime": 2.1497948881080218,
      "services": {
        "MS3_1": {
          "meanserv": 0.9645791198145626,
          "stddevserv": 0.9645791198145626,
          "rate": 1.0367215912700318,
          "cv": 1.0,
          "lambda": 0.15
        },
        "MS3_2": {
          "meanserv": 3.0755496949421133,
          "stddevserv": 3.0755496949421133,
          "rate": 0.3251451282496092,
          "cv": 1.0,
          "lambda": 0.15
        },
        "MS3_3": {
          "meanserv": 0.6199230583520814,
          "stddevserv": 0.6199230583520814,
          "rate": 1.6131034110237215,
          "cv": 1.0,
          "lambda": 0.15
        },
        "MS3_4": {
          "meanserv": 0.8018800930163383,
          "stddevserv": 0.8018800930163383,
          "rate": 1.2470692422833658,
          "cv": 1.0,
          "lambda": 0.15
        },
        "MS3_5": {
          "meanserv": 0.8687049764723094,
          "stddevserv": 0.8687049764723094,
          "rate": 1.151138795199334,
          "cv": 1.0,
          "lambda": 0.15
        },
        "MS3_6": {
          "meanserv": 0.45215013135525695,
          "stddevserv": 0.45215013135525695,
          "rate": 2.2116547815714207,
          "cv": 1.0,
          "lambda": 0.15
        },
        "MS3_7": {
          "meanserv": 0.4647590714807759,
          "stddevserv": 0.4647590714807759,
          "rate": 2.1516524611642005,
          "cv": 1.0,
          "lambda": 0.15
        },
        "MS3_8": {
          "meanserv": 0.9095457831353002,
          "stddevserv": 0.9095457831353002,
          "rate": 1.0994498776662947,
          "cv": 1.0,
          "lambda": 0.15
        },
        "MS3_9": {
          "meanserv": 0.30737370144076515,
          "stddevserv": 0.30737370144076515,
          "rate": 3.2533687667899356,
          "cv": 1.0,
          "lambda": 0.15
        },
        "MS3_10": {
          "meanserv": 1.535534369990497,
          "stddevserv": 1.535534369990497,
          "rate": 0.6512390862382251,
          "cv": 1.0,
          "lambda": 0.15
        }
      },
      "sensors": [
        "S3"
      ],
      "sources": [
        {
          "startTime": 0,
          "stopTime": -1,
          "lambda": 0.15
        }
      ]
    },
    "SC4": {
      "resptime": 34.42623033392817,
      "resptime_old": 24.426230333928167,
      "waittime": 21.937102519306173,
      "servicetime": 10.0,
      "networktime": 2.4891278146219946,
      "services": {
        "MS4_1": {
          "meanserv": 0.921121964667454,
          "stddevserv": 0.921121964667454,
          "rate": 1.0856325637192061,
          "cv": 1.0,
          "lambda": 0.15
        },
        "MS4_2": {
          "meanserv": 0.3173809542715378,
          "stddevserv": 0.3173809542715378,
          "rate": 3.150787678155514,
          "cv": 1.0,
          "lambda": 0.15
        },
        "MS4_3": {
          "meanserv": 3.009742204782208,
          "stddevserv": 3.009742204782208,
          "rate": 0.33225436996268,
          "cv": 1.0,
          "lambda": 0.15
        },
        "MS4_4": {
          "meanserv": 1.2747703641515873,
          "stddevserv": 1.2747703641515873,
          "rate": 0.7844550109741072,
          "cv": 1.0,
          "lambda": 0.15
        },
        "MS4_5": {
          "meanserv": 0.24211771428205076,
          "stddevserv": 0.24211771428205076,
          "rate": 4.130222371234959,
          "cv": 1.0,
          "lambda": 0.15
        },
        "MS4_6": {
          "meanserv": 0.30742209195357173,
          "stddevserv": 0.30742209195357173,
          "rate": 3.2528566624646627,
          "cv": 1.0,
          "lambda": 0.15
        },
        "MS4_7": {
          "meanserv": 1.0289961223366184,
          "stddevserv": 1.0289961223366184,
          "rate": 0.9718209605389234,
          "cv": 1.0,
          "lambda": 0.15
        },
        "MS4_8": {
          "meanserv": 1.3556472016487202,
          "stddevserv": 1.3556472016487202,
          "rate": 0.7376550468173528,
          "cv": 1.0,
          "lambda": 0.15
        },
        "MS4_9": {
          "meanserv": 0.9947888778166245,
          "stddevserv": 0.9947888778166245,
          "rate": 1.0052384202312483,
          "cv": 1.0,
          "lambda": 0.15
        },
        "MS4_10": {
          "meanserv": 0.5480125040896269,
          "stddevserv": 0.5480125040896269,
          "rate": 1.8247758810927626,
          "cv": 1.0,
          "lambda": 0.15
        }
      },
      "sensors": [
        "S4"
      ],
      "sources": [
        {
          "startTime": 0,
          "stopTime": -1,
          "lambda": 0.15
        }
      ]
    }
  },
  "microservice": {
    "MS1_1": "F6",
    "MS1_2": "F8",
    "MS1_3": "F8",
    "MS1_4": "F2",
    "MS1_5": "F6",
    "MS1_6": "F7",
    "MS1_7": "F7",
    "MS1_8": "F7",
    "MS1_9": "F7",
    "MS1_10": "F1",
    "MS2_1": "F9",
    "MS2_2": "F9",
    "MS2_3": "F9",
    "MS2_4": "F9",
    "MS2_5": "F10",
    "MS2_6": "F10",
    "MS2_7": "F5",
    "MS2_8": "F5",
    "MS2_9": "F10",
    "MS2_10": "F10",
    "MS3_1": "F4",
    "MS3_2": "F4",
    "MS3_3": "F7",
    "MS3_4": "F7",
    "MS3_5": "F7",
    "MS3_6": "F7",
    "MS3_7": "F1",
    "MS3_8": "F1",
    "MS3_9": "F1",
    "MS3_10": "F1",
    "MS4_1": "F2",
    "MS4_2": "F2",
    "MS4_3": "F3",
    "MS4_4": "F3",
    "MS4_5": "F8",
    "MS4_6": "F8",
    "MS4_7": "F8",
    "MS4_8": "F8",
    "MS4_9": "F10",
    "MS4_10": "F10"
  },
  "sensor": {
    "S1": "F6",
    "S2": "F9",
    "S3": "F4",
    "S4": "F2"
  },
  "fog": {
    "F1": {
      "rho": 0.6195037244516864,
      "capacity": 1.0,
      "tserv": 0.826004965935582,
      "stddev": 1.0243308024142306,
      "mu": 1.2106464745854657,
      "cv": 1.2401024747520895,
      "lambda": 0.75,
      "twait": 1.7065257018905047
    },
    "F2": {
      "rho": 0.588070958871021,
      "capacity": 1.0,
      "tserv": 1.3068243530467134,
      "stddev": 1.9288123016135719,
      "mu": 0.7652137777112991,
      "cv": 1.475953747813747,
      "lambda": 0.44999999999999996,
      "twait": 2.9648893488581396
    },
    "F3": {
      "rho": 0.6426768853400693,
      "capacity": 1.0,
      "tserv": 2.1422562844668978,
      "stddev": 2.4686687975968993,
      "mu": 0.46679755697337155,
      "cv": 1.1523685636946233,
      "lambda": 0.3,
      "twait": 4.484843205875788
    },
    "F4": {
      "rho": 0.6060193222135013,
      "capacity": 1.0,
      "tserv": 2.020064407378338,
      "stddev": 2.5117242273951907,
      "mu": 0.49503372087913333,
      "cv": 1.2433881901097077,
      "lambda": 0.3,
      "twait": 3.955556474042696
    },
    "F5": {
      "rho": 0.5371525884886046,
      "capacity": 1.0,
      "tserv": 1.7905086282953484,
      "stddev": 1.9612738427099603,
      "mu": 0.5585005200181854,
      "cv": 1.0953724610515776,
      "lambda": 0.3,
      "twait": 2.2855857217831983
    },
    "F6": {
      "rho": 0.6716828976117604,
      "capacity": 1.0,
      "tserv": 2.238942992039201,
      "stddev": 2.242372130799709,
      "mu": 0.4466393309501876,
      "cv": 1.0015315882417284,
      "lambda": 0.3,
      "twait": 4.587530662375426
    },
    "F7": {
      "rho": 0.6088873874258477,
      "capacity": 1.0,
      "tserv": 0.5074061561882064,
      "stddev": 0.605346287837294,
      "mu": 1.9708077795356533,
      "cv": 1.193021173382768,
      "lambda": 1.2,
      "twait": 0.957123522194459
    },
    "F8": {
      "rho": 0.531738616800176,
      "capacity": 1.0,
      "tserv": 0.5908206853335288,
      "stddev": 0.8544303486780436,
      "mu": 1.692560915390906,
      "cv": 1.4461754130962805,
      "lambda": 0.9,
      "twait": 1.0370364795270848
    },
    "F9": {
      "rho": 0.5758573764902241,
      "capacity": 1.0,
      "tserv": 0.9597622941503735,
      "stddev": 1.1395708579545716,
      "mu": 1.041924657902139,
      "cv": 1.187346976329564,
      "lambda": 0.6,
      "twait": 1.570060596506597
    },
    "F10": {
      "rho": 0.6184102423071092,
      "capacity": 1.0,
      "tserv": 0.6871224914523435,
      "stddev": 0.8677408546534325,
      "mu": 1.4553445891231704,
      "cv": 1.2628619575809885,
      "lambda": 0.9,
      "twait": 1.4447457458649877
    }
  },
  "extra": {
    "deltatime": 3.782326,
    "conv": 6,
    "obj_func": 32.16375602626783
  },
  "network": [
    [
      0.0,
      1.3318492769085724,
      0.8135885415260287,
      1.2783521092801529,
      0.9548139671912549,
      0.839406934136096,
      0.888050017312939,
      1.0314274763498643,
      1.2617448707950827,
      1.2617448707950827
    ],
    [
      1.3318492769085724,
      0.0,
      0.6030974731236836,
      0.9243109969123667,
      1.0577713565393632,
      0.9129483872814992,
      1.2966723524226764,
      1.2617448707950827,
      1.0928402835531668,
      1.0928402835531668
    ],
    [
      0.8135885415260287,
      0.6030974731236836,
      0.0,
      0.8741712729657695,
      1.2236302600606201,
      1.0567562349548023,
      1.0314274763498643,
      1.0928402835531668,
      1.1169159193334095,
      1.1169159193334095
    ],
    [
      1.2783521092801529,
      0.9243109969123667,
      0.8741712729657695,
      0.0,
      1.0946424317582142,
      0.888050017312939,
      1.2617448707950827,
      1.1169159193334095,
      0.9827365613122613,
      0.9827365613122613
    ],
    [
      0.9548139671912549,
      1.0577713565393632,
      1.2236302600606201,
      1.0946424317582142,
      0.0,
      1.2966723524226764,
      1.0928402835531668,
      0.9827365613122613,
      0.5507274377852177,
      0.5507274377852177
    ],
    [
      0.839406934136096,
      0.9129483872814992,
      1.0567562349548023,
      0.888050017312939,
      1.2966723524226764,
      0.0,
      1.1169159193334095,
      0.5507274377852177,
      0.6702147865511476,
      0.6702147865511476
    ],
    [
      0.888050017312939,
      1.2966723524226764,
      1.0314274763498643,
      1.2617448707950827,
      1.0928402835531668,
      1.1169159193334095,
      0.0,
      0.6702147865511476,
      1.4083213178935938,
      1.4083213178935938
    ],
    [
      1.0314274763498643,
      1.2617448707950827,
      1.0928402835531668,
      1.1169159193334095,
      0.9827365613122613,
      0.5507274377852177,
      0.6702147865511476,
      0.0,
      0.7931900579451445,
      0.7931900579451445
    ],
    [
      1.2617448707950827,
      1.0928402835531668,
      1.1169159193334095,
      0.9827365613122613,
      0.5507274377852177,
      0.6702147865511476,
      1.4083213178935938,
      0.7931900579451445,
      0.0,
      1.3020072941470584
    ],
    [
      1.2617448707950827,
      1.0928402835531668,
      1.1169159193334095,
      0.9827365613122613,
      0.5507274377852177,
      0.6702147865511476,
      1.4083213178935938,
      0.7931900579451445,
      1.3020072941470584,
      0.0
    ]
  ]
}