{
  "servicechain": {
    "SC1": {
      "resptime": 40.126815112613876,
      "resptime_old": 30.12681511261388,
      "waittime": 24.889636699605376,
      "servicetime": 10.0,
      "networktime": 5.237178413008502,
      "services": {
        "MS1_1": {
          "meanserv": 2.7233338470701565,
          "stddevserv": 2.7233338470701565,
          "rate": 0.3671969931544859,
          "cv": 1.0,
          "lambda": 0.175
        },
        "MS1_2": {
          "meanserv": 3.1642494590949024,
          "stddevserv": 3.1642494590949024,
          "rate": 0.31603070899664104,
          "cv": 1.0,
          "lambda": 0.175
        },
        "MS1_3": {
          "meanserv": 0.07314743445096461,
          "stddevserv": 0.07314743445096461,
          "rate": 13.671019462348523,
          "cv": 1.0,
          "lambda": 0.175
        },
        "MS1_4": {
          "meanserv": 0.5809895525440671,
          "stddevserv": 0.5809895525440671,
          "rate": 1.7212013462568272,
          "cv": 1.0,
          "lambda": 0.175
        },
        "MS1_5": {
          "meanserv": 3.4582797068399094,
          "stddevserv": 3.4582797068399094,
          "rate": 0.28916111037003867,
          "cv": 1.0,
          "lambda": 0.175
        }
      },
      "sensors": [
        "S1"
      ],
      "sources": [
        {
          "startTime": 0,
          "stopTime": -1,
          "lambda": 0.175
        }
      ]
    },
    "SC2": {
      "resptime": 37.21856797432182,
      "resptime_old": 27.218567974321818,
      "waittime": 22.16287663552866,
      "servicetime": 10.0,
      "networktime": 5.055691338793158,
      "services": {
        "MS2_1": {
          "meanserv": 3.4445427184855393,
          "stddevserv": 3.4445427184855393,
          "rate": 0.2903142976376468,
          "cv": 1.0,
          "lambda": 0.175
        },
        "MS2_2": {
          "meanserv": 2.855952406218466,
          "stddevserv": 2.855952406218466,
          "rate": 0.3501458910248748,
          "cv": 1.0,
          "lambda": 0.175
        },
        "MS2_3": {
          "meanserv": 2.243743911653482,
          "stddevserv": 2.243743911653482,
          "rate": 0.445683660602368,
          "cv": 1.0,
          "lambda": 0.175
        },
        "MS2_4": {
          "meanserv": 1.0827746587101572,
          "stddevserv": 1.0827746587101572,
          "rate": 0.9235531991404734,
          "cv": 1.0,
          "lambda": 0.175
        },
        "MS2_5": {
          "meanserv": 0.37298630493235585,
          "stddevserv": 0.37298630493235585,
          "rate": 2.681063585381126,
          "cv": 1.0,
          "lambda": 0.175
        }
      },
      "sensors": [
        "S2"
      ],
      "sources": [
        {
          "startTime": 0,
          "stopTime": -1,
          "lambda": 0.175
        }
      ]
    },
    "SC3": {
      "resptime": 66.30015643976405,
      "resptime_old": 56.30015643976405,
      "waittime": 49.70387140590684,
      "servicetime": 10.0,
      "networktime": 6.596285033857218,
      "services": {
        "MS3_1": {
          "meanserv": 0.6519512865315491,
          "stddevserv": 0.6519512865315491,
          "rate": 1.5338569317350494,
          "cv": 1.0,
          "lambda": 0.175
        },
        "MS3_2": {
          "meanserv": 1.6984163613220171,
          "stddevserv": 1.6984163613220171,
          "rate": 0.588783776918881,
          "cv": 1.0,
          "lambda": 0.175
        },
        "MS3_3": {
          "meanserv": 0.6096961929637215,
          "stddevserv": 0.6096961929637215,
          "rate": 1.6401611352352705,
          "cv": 1.0,
          "lambda": 0.175
        },
        "MS3_4": {
          "meanserv": 2.1817226970658528,
          "stddevserv": 2.1817226970658528,
          "rate": 0.4583533926400804,
          "cv": 1.0,
          "lambda": 0.175
        },
        "MS3_5": {
          "meanserv": 4.85821346211686,
          "stddevserv": 4.85821346211686,
          "rate": 0.20583698262699887,
          "cv": 1.0,
          "lambda": 0.175
        }
      },
      "sensors": [
        "S3"
      ],
      "sources": [
        {
          "startTime": 0,
          "stopTime": -1,
          "lambda": 0.175
        }
      ]
    },
    "SC4": {
      "resptime": 45.45611924460695,
      "resptime_old": 35.456119244606946,
      "waittime": 31.534258137047942,
      "servicetime": 10.0,
      "networktime": 3.921861107559007,
      "services": {
        "MS4_1": {
          "meanserv": 4.566744301258505,
          "stddevserv": 4.566744301258505,
          "rate": 0.21897437956498234,
          "cv": 1.0,
          "lambda": 0.175
        },
        "MS4_2": {
          "meanserv": 1.804821040712202,
          "stddevserv": 1.804821040712202,
          "rate": 0.5540715547095956,
          "cv": 1.0,
          "lambda": 0.175
        },
        "MS4_3": {
          "meanserv": 1.8295851858983605,
          "stddevserv": 1.8295851858983605,
          "rate": 0.546571981292569,
          "cv": 1.0,
          "lambda": 0.175
        },
        "MS4_4": {
          "meanserv": 0.8335208606625901,
          "stddevserv": 0.8335208606625901,
          "rate": 1.1997300213999091,
          "cv": 1.0,
          "lambda": 0.175
        },
        "MS4_5": {
          "meanserv": 0.9653286114683421,
          "stddevserv": 0.9653286114683421,
          "rate": 1.035916669328717,
          "cv": 1.0,
          "lambda": 0.175
        }
      },
      "sensors": [
        "S4"
      ],
      "sources": [
        {
          "startTime": 0,
          "stopTime": -1,
          "lambda": 0.175
        }
      ]
    }
  },
  "microservice": {
    "MS1_1": "F9",
    "MS1_2": "F5",
    "MS1_3": "F5",
    "MS1_4": "F6",
    "MS1_5": "F4",
    "MS2_1": "F8",
    "MS2_2": "F1",
    "MS2_3": "F3",
    "MS2_4": "F2",
    "MS2_5": "F2",
    "MS3_1": "F2",
    "MS3_2": "F9",
    "MS3_3": "F1",
    "MS3_4": "F3",
    "MS3_5": "F10",
    "MS4_1": "F7",
    "MS4_2": "F2",
    "MS4_3": "F6",
    "MS4_4": "F6",
    "MS4_5": "F6"
  },
  "sensor": {
    "S1": "F9",
    "S2": "F8",
    "S3": "F2",
    "S4": "F7"
  },
  "fog": {
    "F1": {
      "rho": 0.6064885048568827,
      "capacity": 1.0,
      "tserv": 1.7328242995910934,
      "stddev": 2.3506410914995373,
      "mu": 0.577092553605104,
      "cv": 1.356537470102557,
      "lambda": 0.35,
      "twait": 3.792605546274131
    },
    "F2": {
      "rho": 0.6846933259050962,
      "capacity": 1.0,
      "tserv": 0.9781333227215662,
      "stddev": 1.2410579398607755,
      "mu": 1.0223555181798651,
      "cv": 1.2688024331975991,
      "lambda": 0.7,
      "twait": 2.7717122227022233
    },
    "F3": {
      "rho": 0.7744566565258835,
      "capacity": 1.0,
      "tserv": 2.2127333043596673,
      "stddev": 2.213167863437366,
      "mu": 0.4519297459073521,
      "cv": 1.000196390173566,
      "lambda": 0.35,
      "twait": 7.599437830858501
    },
    "F4": {
      "rho": 0.6051989486969841,
      "capacity": 1.0,
      "tserv": 3.4582797068399094,
      "stddev": 3.45827970683991,
      "mu": 0.28916111037003867,
      "cv": 1.0000000000000002,
      "lambda": 0.175,
      "twait": 5.301270693104763
    },
    "F5": {
      "rho": 0.5665444563705265,
      "capacity": 1.0,
      "tserv": 1.6186984467729333,
      "stddev": 2.719860387035341,
      "mu": 0.6177802925514745,
      "cv": 1.6802761456018593,
      "lambda": 0.35,
      "twait": 4.0445195208870155
    },
    "F6": {
      "rho": 0.7366492368503379,
      "capacity": 1.0,
      "tserv": 1.05235605264334,
      "stddev": 1.2443152017943548,
      "mu": 0.9502487275938306,
      "cv": 1.1824089372307462,
      "lambda": 0.7,
      "twait": 3.5295920274391346
    },
    "F7": {
      "rho": 0.7991802527202384,
      "capacity": 1.0,
      "tserv": 4.566744301258505,
      "stddev": 4.566744301258505,
      "mu": 0.21897437956498234,
      "cv": 1.0,
      "lambda": 0.175,
      "twait": 18.17376983202831
    },
    "F8": {
      "rho": 0.6027949757349693,
      "capacity": 1.0,
      "tserv": 3.4445427184855393,
      "stddev": 3.4445427184855393,
      "mu": 0.2903142976376468,
      "cv": 1.0,
      "lambda": 0.175,
      "twait": 5.22740881299158
    },
    "F9": {
      "rho": 0.7738062864686304,
      "capacity": 1.0,
      "tserv": 2.210875104196087,
      "stddev": 2.326627742603058,
      "mu": 0.4523095846084067,
      "cv": 1.0523560277951842,
      "lambda": 0.35,
      "twait": 7.969734937287449
    },
    "F10": {
      "rho": 0.8501873558704504,
      "capacity": 1.0,
      "tserv": 4.85821346211686,
      "stddev": 4.8582134621168604,
      "mu": 0.20583698262699887,
      "cv": 1.0000000000000002,
      "lambda": 0.175,
      "twait": 27.57038086878453
    }
  },
  "extra": {
    "conv_gen": 517,
    "max_gen": 600,
    "population": 600,
    "deltatime": 38.9229848,
    "obj_func": 47.27541469282667
  },
  "network": [
    [
      0.0,
      1.8482005832392252,
      1.4707027920688993,
      1.8312726974380216,
      1.868584819438897,
      2.420241632671042,
      1.4777667773528802,
      1.992728505075377,
      1.900994430148608,
      1.900994430148608
    ],
    [
      1.8482005832392252,
      0.0,
      1.592260041648882,
      2.2162999538383272,
      2.3472958750804183,
      2.218462471211463,
      1.7033986363475437,
      1.900994430148608,
      1.8558182244043933,
      1.8558182244043933
    ],
    [
      1.4707027920688993,
      1.592260041648882,
      0.0,
      2.2641907292773547,
      2.013276626197313,
      2.449621131545902,
      1.992728505075377,
      1.8558182244043933,
      1.3687695872353174,
      1.3687695872353174
    ],
    [
      1.8312726974380216,
      2.2162999538383272,
      2.2641907292773547,
      0.0,
      1.8638175100242491,
      1.4777667773528802,
      1.900994430148608,
      1.3687695872353174,
      1.8434748845433138,
      1.8434748845433138
    ],
    [
      1.868584819438897,
      2.3472958750804183,
      2.013276626197313,
      1.8638175100242491,
      0.0,
      1.7033986363475437,
      1.8558182244043933,
      1.8434748845433138,
      2.0560129993080785,
      2.0560129993080785
    ],
    [
      2.420241632671042,
      2.218462471211463,
      2.449621131545902,
      1.4777667773528802,
      1.7033986363475437,
      0.0,
      1.3687695872353174,
      2.0560129993080785,
      1.7062383646395696,
      1.7062383646395696
    ],
    [
      1.4777667773528802,
      1.7033986363475437,
      1.992728505075377,
      1.900994430148608,
      1.8558182244043933,
      1.3687695872353174,
      0.0,
      1.7062383646395696,
      1.5722197715649893,
      1.5722197715649893
    ],
    [
      1.992728505075377,
      1.900994430148608,
      1.8558182244043933,
      1.3687695872353174,
      1.8434748845433138,
      2.0560129993080785,
      1.7062383646395696,
      0.0,
      1.7354590202060258,
      1.7354590202060258
    ],
    [
      1.900994430148608,
      1.8558182244043933,
      1.3687695872353174,
      1.8434748845433138,
      2.0560129993080785,
      1.7062383646395696,
      1.5722197715649893,
      1.7354590202060258,
      0.0,
      1.7278049980075378
    ],
    [
      1.900994430148608,
      1.8558182244043933,
      1.3687695872353174,
      1.8434748845433138,
      2.0560129993080785,
      1.7062383646395696,
      1.5722197715649893,
      1.7354590202060258,
      1.7278049980075378,
      0.0
    ]
  ]
}