{
  "servicechain": {
    "SC1": {
      "resptime": 35.557163594302104,
      "resptime_old": 25.557163594302104,
      "waittime": 21.80135401025765,
      "servicetime": 10.0,
      "networktime": 3.7558095840444548,
      "services": {
        "MS1_1": {
          "meanserv": 2.4274878635060415,
          "stddevserv": 2.4274878635060415,
          "rate": 0.41194850653370163,
          "cv": 1.0,
          "lambda": 0.175
        },
        "MS1_2": {
          "meanserv": 1.9125607681525545,
          "stddevserv": 1.9125607681525545,
          "rate": 0.5228592035619103,
          "cv": 1.0,
          "lambda": 0.175
        },
        "MS1_3": {
          "meanserv": 3.4200060659881624,
          "stddevserv": 3.4200060659881624,
          "rate": 0.2923971421995312,
          "cv": 1.0,
          "lambda": 0.175
        },
        "MS1_4": {
          "meanserv": 1.1481302869762295,
          "stddevserv": 1.1481302869762295,
          "rate": 0.870981291359927,
          "cv": 1.0,
          "lambda": 0.175
        },
        "MS1_5": {
          "meanserv": 1.091815015377012,
          "stddevserv": 1.091815015377012,
          "rate": 0.9159060700907217,
          "cv": 1.0,
          "lambda": 0.175
        }
      },
      "sensors": [
        "S1"
      ],
      "sources": [
        {
          "startTime": 0,
          "stopTime": -1,
          "lambda": 0.175
        }
      ]
    },
    "SC2": {
      "resptime": 30.2631341356391,
      "resptime_old": 20.2631341356391,
      "waittime": 16.842719567718238,
      "servicetime": 10.0,
      "networktime": 3.420414567920863,
      "services": {
        "MS2_1": {
          "meanserv": 0.9449496939963276,
          "stddevserv": 0.9449496939963276,
          "rate": 1.0582573933336672,
          "cv": 1.0,
          "lambda": 0.175
        },
        "MS2_2": {
          "meanserv": 2.6381812369843827,
          "stddevserv": 2.6381812369843827,
          "rate": 0.37904901527654966,
          "cv": 1.0,
          "lambda": 0.175
        },
        "MS2_3": {
          "meanserv": 3.4580579529799316,
          "stddevserv": 3.4580579529799316,
          "rate": 0.289179653319073,
          "cv": 1.0,
          "lambda": 0.175
        },
        "MS2_4": {
          "meanserv": 0.6511487655623265,
          "stddevserv": 0.6511487655623265,
          "rate": 1.5357473635635455,
          "cv": 1.0,
          "lambda": 0.175
        },
        "MS2_5": {
          "meanserv": 2.307662350477032,
          "stddevserv": 2.307662350477032,
          "rate": 0.4333389587056718,
          "cv": 1.0,
          "lambda": 0.175
        }
      },
      "sensors": [
        "S2"
      ],
      "sources": [
        {
          "startTime": 0,
          "stopTime": -1,
          "lambda": 0.175
        }
      ]
    },
    "SC3": {
      "resptime": 10449.005779152201,
      "resptime_old": 10439.005779152203,
      "waittime": 10435.707027281846,
      "servicetime": 10.0,
      "networktime": 3.29875187035661,
      "services": {
        "MS3_1": {
          "meanserv": 7.723714347880188,
          "stddevserv": 7.723714347880188,
          "rate": 0.12947138578143494,
          "cv": 1.0,
          "lambda": 0.175
        },
        "MS3_2": {
          "meanserv": 0.6312322292672263,
          "stddevserv": 0.6312322292672263,
          "rate": 1.5842030137796708,
          "cv": 1.0,
          "lambda": 0.175
        },
        "MS3_3": {
          "meanserv": 0.044939558289296855,
          "stddevserv": 0.044939558289296855,
          "rate": 22.252110124503997,
          "cv": 1.0,
          "lambda": 0.175
        },
        "MS3_4": {
          "meanserv": 0.5251564558098405,
          "stddevserv": 0.5251564558098405,
          "rate": 1.9041944337481413,
          "cv": 1.0,
          "lambda": 0.175
        },
        "MS3_5": {
          "meanserv": 1.0749574087534484,
          "stddevserv": 1.0749574087534484,
          "rate": 0.9302694151944391,
          "cv": 1.0,
          "lambda": 0.175
        }
      },
      "sensors": [
        "S3"
      ],
      "sources": [
        {
          "startTime": 0,
          "stopTime": -1,
          "lambda": 0.175
        }
      ]
    },
    "SC4": {
      "resptime": 31.35191041668891,
      "resptime_old": 21.35191041668891,
      "waittime": 18.79518849987747,
      "servicetime": 10.0,
      "networktime": 2.5567219168114406,
      "services": {
        "MS4_1": {
          "meanserv": 3.738097470988737,
          "stddevserv": 3.738097470988737,
          "rate": 0.26751576377046615,
          "cv": 1.0,
          "lambda": 0.175
        },
        "MS4_2": {
          "meanserv": 3.4350091268541916,
          "stddevserv": 3.4350091268541916,
          "rate": 0.29112004162731525,
          "cv": 1.0,
          "lambda": 0.175
        },
        "MS4_3": {
          "meanserv": 0.6993508490373346,
          "stddevserv": 0.6993508490373346,
          "rate": 1.4298974561573963,
          "cv": 1.0,
          "lambda": 0.175
        },
        "MS4_4": {
          "meanserv": 1.2184076033631221,
          "stddevserv": 1.2184076033631221,
          "rate": 0.8207434008452834,
          "cv": 1.0,
          "lambda": 0.175
        },
        "MS4_5": {
          "meanserv": 0.9091349497566146,
          "stddevserv": 0.9091349497566146,
          "rate": 1.0999467133759526,
          "cv": 1.0,
          "lambda": 0.175
        }
      },
      "sensors": [
        "S4"
      ],
      "sources": [
        {
          "startTime": 0,
          "stopTime": -1,
          "lambda": 0.175
        }
      ]
    }
  },
  "microservice": {
    "MS1_1": "F5",
    "MS1_2": "F5",
    "MS1_3": "F9",
    "MS1_4": "F7",
    "MS1_5": "F7",
    "MS2_1": "F8",
    "MS2_2": "F8",
    "MS2_3": "F10",
    "MS2_4": "F1",
    "MS2_5": "F1",
    "MS3_1": "F3",
    "MS3_2": "F7",
    "MS3_3": "F7",
    "MS3_4": "F7",
    "MS3_5": "F4",
    "MS4_1": "F6",
    "MS4_2": "F2",
    "MS4_3": "F4",
    "MS4_4": "F4",
    "MS4_5": "F4"
  },
  "sensor": {
    "S1": "F5",
    "S2": "F8",
    "S3": "F3",
    "S4": "F6"
  },
  "fog": {
    "F1": {
      "rho": 0.5177919453068878,
      "capacity": 1.0,
      "tserv": 1.4794055580196792,
      "stddev": 1.8869709678749704,
      "mu": 0.675947169847457,
      "cv": 1.2754926853194029,
      "lambda": 0.35,
      "twait": 2.0865009034601525
    },
    "F2": {
      "rho": 0.6011265971994835,
      "capacity": 1.0,
      "tserv": 3.4350091268541916,
      "stddev": 3.4350091268541916,
      "mu": 0.29112004162731525,
      "cv": 1.0,
      "lambda": 0.175,
      "twait": 5.176768702243375
    },
    "F3": {
      "rho": 1.3516500108790328,
      "capacity": 1.0,
      "tserv": 7.723714347880188,
      "stddev": 7.723714347880187,
      "mu": 0.12947138578143494,
      "cv": 0.9999999999999999,
      "lambda": 0.175,
      "twait": 10429.318823756448
    },
    "F4": {
      "rho": 0.6828238919093408,
      "capacity": 1.0,
      "tserv": 0.9754627027276298,
      "stddev": 1.0130679929451463,
      "mu": 1.0251545212377244,
      "cv": 1.0385512332889437,
      "lambda": 0.7,
      "twait": 2.1825161709911782
    },
    "F5": {
      "rho": 0.7595085105402543,
      "capacity": 1.0,
      "tserv": 2.170024315829298,
      "stddev": 2.2003591725113885,
      "mu": 0.4608243293429822,
      "cv": 1.0139790399862398,
      "lambda": 0.35,
      "twait": 6.949736795842848
    },
    "F6": {
      "rho": 0.6541670574230289,
      "capacity": 1.0,
      "tserv": 3.738097470988737,
      "stddev": 3.738097470988737,
      "mu": 0.26751576377046615,
      "cv": 1.0,
      "lambda": 0.175,
      "twait": 7.070871284660559
    },
    "F7": {
      "rho": 0.6022228705009309,
      "capacity": 1.0,
      "tserv": 0.6882547091439211,
      "stddev": 0.8949390630141312,
      "mu": 1.4529504654517225,
      "cv": 1.3003021281573104,
      "lambda": 0.875,
      "twait": 1.401895784802882
    },
    "F8": {
      "rho": 0.6270479129216242,
      "capacity": 1.0,
      "tserv": 1.791565465490355,
      "stddev": 2.15481399341626,
      "mu": 0.5581710628287301,
      "cv": 1.202754816903374,
      "lambda": 0.35,
      "twait": 3.6848239390579796
    },
    "F9": {
      "rho": 0.5985010615479284,
      "capacity": 1.0,
      "tserv": 3.4200060659881624,
      "stddev": 3.4200060659881624,
      "mu": 0.2923971421995312,
      "cv": 1.0,
      "lambda": 0.175,
      "twait": 5.098088848966191
    },
    "F10": {
      "rho": 0.605160141771488,
      "capacity": 1.0,
      "tserv": 3.4580579529799316,
      "stddev": 3.4580579529799316,
      "mu": 0.289179653319073,
      "cv": 1.0,
      "lambda": 0.175,
      "twait": 5.300069882681975
    }
  },
  "extra": {
    "deltatime": 0.8378553,
    "conv": 5,
    "obj_func": 2636.5444968247075
  },
  "network": [
    [
      0.0,
      1.5975361299871533,
      1.7254207286644747,
      1.9775486149929957,
      2.2558536626060066,
      1.9287094636141904,
      2.0950350534414417,
      1.6667016242237291,
      1.6320502461328812,
      1.6320502461328812
    ],
    [
      1.5975361299871533,
      0.0,
      2.3071835437412633,
      1.8601279193044247,
      1.455878915203287,
      0.6965939975070159,
      2.8183781534754138,
      1.6320502461328812,
      2.1751218987285523,
      2.1751218987285523
    ],
    [
      1.7254207286644747,
      2.3071835437412633,
      0.0,
      2.3784268525485897,
      2.963516295739397,
      1.7209198335838662,
      1.6667016242237291,
      2.1751218987285523,
      2.1621772580402756,
      2.1621772580402756
    ],
    [
      1.9775486149929957,
      1.8601279193044247,
      2.3784268525485897,
      0.0,
      2.3022646981416255,
      2.0950350534414417,
      1.6320502461328812,
      2.1621772580402756,
      1.9793639648353263,
      1.9793639648353263
    ],
    [
      2.2558536626060066,
      1.455878915203287,
      2.963516295739397,
      2.3022646981416255,
      0.0,
      2.8183781534754138,
      2.1751218987285523,
      1.9793639648353263,
      1.6763024115705893,
      1.6763024115705893
    ],
    [
      1.9287094636141904,
      0.6965939975070159,
      1.7209198335838662,
      2.0950350534414417,
      2.8183781534754138,
      0.0,
      2.1621772580402756,
      1.6763024115705893,
      2.0781189047230666,
      2.0781189047230666
    ],
    [
      2.0950350534414417,
      2.8183781534754138,
      1.6667016242237291,
      1.6320502461328812,
      2.1751218987285523,
      2.1621772580402756,
      0.0,
      2.0781189047230666,
      2.0795071724738654,
      2.0795071724738654
    ],
    [
      1.6667016242237291,
      1.6320502461328812,
      2.1751218987285523,
      2.1621772580402756,
      1.9793639648353263,
      1.6763024115705893,
      2.0781189047230666,
      0.0,
      1.7883643217879817,
      1.7883643217879817
    ],
    [
      1.6320502461328812,
      2.1751218987285523,
      2.1621772580402756,
      1.9793639648353263,
      1.6763024115705893,
      2.0781189047230666,
      2.0795071724738654,
      1.7883643217879817,
      0.0,
      2.3133341376955756
    ],
    [
      1.6320502461328812,
      2.1751218987285523,
      2.1621772580402756,
      1.9793639648353263,
      1.6763024115705893,
      2.0781189047230666,
      2.0795071724738654,
      1.7883643217879817,
      2.3133341376955756,
      0.0
    ]
  ]
}