{
  "servicechain": {
    "SC1": {
      "resptime": 36.97870706000519,
      "resptime_old": 26.978707060005185,
      "waittime": 21.813019547279545,
      "servicetime": 10.0,
      "networktime": 5.165687512725643,
      "services": {
        "MS1_1": {
          "meanserv": 0.4874064410402068,
          "stddevserv": 0.4874064410402068,
          "rate": 2.0516758003153033,
          "cv": 1.0,
          "lambda": 0.3
        },
        "MS1_2": {
          "meanserv": 0.3825015880414473,
          "stddevserv": 0.3825015880414473,
          "rate": 2.614368230784029,
          "cv": 1.0,
          "lambda": 0.3
        },
        "MS1_3": {
          "meanserv": 0.18398562229308357,
          "stddevserv": 0.18398562229308357,
          "rate": 5.435207314227141,
          "cv": 1.0,
          "lambda": 0.3
        },
        "MS1_4": {
          "meanserv": 1.079982633391321,
          "stddevserv": 1.079982633391321,
          "rate": 0.9259408152331464,
          "cv": 1.0,
          "lambda": 0.3
        },
        "MS1_5": {
          "meanserv": 0.029510495290667738,
          "stddevserv": 0.029510495290667738,
          "rate": 33.886249286918456,
          "cv": 1.0,
          "lambda": 0.3
        },
        "MS1_6": {
          "meanserv": 0.43876525648694686,
          "stddevserv": 0.43876525648694686,
          "rate": 2.2791230281236947,
          "cv": 1.0,
          "lambda": 0.3
        },
        "MS1_7": {
          "meanserv": 2.05380042492195,
          "stddevserv": 2.05380042492195,
          "rate": 0.48690222665525196,
          "cv": 1.0,
          "lambda": 0.3
        },
        "MS1_8": {
          "meanserv": 1.1763322984853408,
          "stddevserv": 1.1763322984853408,
          "rate": 0.8500999260902822,
          "cv": 1.0,
          "lambda": 0.3
        },
        "MS1_9": {
          "meanserv": 1.392983030048752,
          "stddevserv": 1.392983030048752,
          "rate": 0.7178838352144188,
          "cv": 1.0,
          "lambda": 0.3
        },
        "MS1_10": {
          "meanserv": 2.774732210000284,
          "stddevserv": 2.774732210000284,
          "rate": 0.3603951388158995,
          "cv": 1.0,
          "lambda": 0.3
        }
      },
      "sensors": [
        "S1"
      ],
      "sources": [
        {
          "startTime": 0,
          "stopTime": -1,
          "lambda": 0.3
        }
      ]
    },
    "SC2": {
      "resptime": 73.59610538011675,
      "resptime_old": 63.596105380116754,
      "waittime": 60.019105836226615,
      "servicetime": 10.0,
      "networktime": 3.5769995438901434,
      "services": {
        "MS2_1": {
          "meanserv": 0.3580078538041709,
          "stddevserv": 0.3580078538041709,
          "rate": 2.793234811398849,
          "cv": 1.0,
          "lambda": 0.3
        },
        "MS2_2": {
          "meanserv": 0.13170264992687586,
          "stddevserv": 0.13170264992687586,
          "rate": 7.592861651266861,
          "cv": 1.0,
          "lambda": 0.3
        },
        "MS2_3": {
          "meanserv": 0.3476772392175487,
          "stddevserv": 0.3476772392175487,
          "rate": 2.876230846317437,
          "cv": 1.0,
          "lambda": 0.3
        },
        "MS2_4": {
          "meanserv": 1.746464316928834,
          "stddevserv": 1.746464316928834,
          "rate": 0.5725854174670484,
          "cv": 1.0,
          "lambda": 0.3
        },
        "MS2_5": {
          "meanserv": 0.3397762237808144,
          "stddevserv": 0.3397762237808144,
          "rate": 2.943113525933728,
          "cv": 1.0,
          "lambda": 0.3
        },
        "MS2_6": {
          "meanserv": 0.9068157137020827,
          "stddevserv": 0.9068157137020827,
          "rate": 1.1027598936475105,
          "cv": 1.0,
          "lambda": 0.3
        },
        "MS2_7": {
          "meanserv": 0.6848966949414752,
          "stddevserv": 0.6848966949414752,
          "rate": 1.460074208834444,
          "cv": 1.0,
          "lambda": 0.3
        },
        "MS2_8": {
          "meanserv": 3.137020900998114,
          "stddevserv": 3.137020900998114,
          "rate": 0.318773776636881,
          "cv": 1.0,
          "lambda": 0.3
        },
        "MS2_9": {
          "meanserv": 0.30481751262305057,
          "stddevserv": 0.30481751262305057,
          "rate": 3.280651401537548,
          "cv": 1.0,
          "lambda": 0.3
        },
        "MS2_10": {
          "meanserv": 2.0428208940770336,
          "stddevserv": 2.0428208940770336,
          "rate": 0.4895191756161324,
          "cv": 1.0,
          "lambda": 0.3
        }
      },
      "sensors": [
        "S2"
      ],
      "sources": [
        {
          "startTime": 0,
          "stopTime": -1,
          "lambda": 0.3
        }
      ]
    },
    "SC3": {
      "resptime": 30.62829525200099,
      "resptime_old": 20.628295252000985,
      "waittime": 14.379725111223038,
      "servicetime": 10.0,
      "networktime": 6.248570140777949,
      "services": {
        "MS3_1": {
          "meanserv": 2.1211595113947137,
          "stddevserv": 2.1211595113947137,
          "rate": 0.47144026398206884,
          "cv": 1.0,
          "lambda": 0.3
        },
        "MS3_2": {
          "meanserv": 0.19542311576927496,
          "stddevserv": 0.19542311576927496,
          "rate": 5.117101915316116,
          "cv": 1.0,
          "lambda": 0.3
        },
        "MS3_3": {
          "meanserv": 1.8086880237048426,
          "stddevserv": 1.8086880237048426,
          "rate": 0.55288694727554,
          "cv": 1.0,
          "lambda": 0.3
        },
        "MS3_4": {
          "meanserv": 0.07772580386201167,
          "stddevserv": 0.07772580386201167,
          "rate": 12.865740208686963,
          "cv": 1.0,
          "lambda": 0.3
        },
        "MS3_5": {
          "meanserv": 0.8808564639587582,
          "stddevserv": 0.8808564639587582,
          "rate": 1.1352587406872003,
          "cv": 1.0,
          "lambda": 0.3
        },
        "MS3_6": {
          "meanserv": 1.100988056737327,
          "stddevserv": 1.100988056737327,
          "rate": 0.9082750660923649,
          "cv": 1.0,
          "lambda": 0.3
        },
        "MS3_7": {
          "meanserv": 1.1573887718054578,
          "stddevserv": 1.1573887718054578,
          "rate": 0.8640139116263063,
          "cv": 1.0,
          "lambda": 0.3
        },
        "MS3_8": {
          "meanserv": 0.3789648102112091,
          "stddevserv": 0.3789648102112091,
          "rate": 2.6387674344820256,
          "cv": 1.0,
          "lambda": 0.3
        },
        "MS3_9": {
          "meanserv": 0.5401083923448118,
          "stddevserv": 0.5401083923448118,
          "rate": 1.8514802105900028,
          "cv": 1.0,
          "lambda": 0.3
        },
        "MS3_10": {
          "meanserv": 1.7386970502115933,
          "stddevserv": 1.7386970502115933,
          "rate": 0.5751433234894506,
          "cv": 1.0,
          "lambda": 0.3
        }
      },
      "sensors": [
        "S3"
      ],
      "sources": [
        {
          "startTime": 0,
          "stopTime": -1,
          "lambda": 0.3
        }
      ]
    },
    "SC4": {
      "resptime": 38.99837189309618,
      "resptime_old": 28.99837189309617,
      "waittime": 24.142314298069557,
      "servicetime": 10.0,
      "networktime": 4.856057595026617,
      "services": {
        "MS4_1": {
          "meanserv": 1.192362486036258,
          "stddevserv": 1.192362486036258,
          "rate": 0.8386711354231514,
          "cv": 1.0,
          "lambda": 0.3
        },
        "MS4_2": {
          "meanserv": 2.6800676074390863,
          "stddevserv": 2.6800676074390863,
          "rate": 0.3731249156641764,
          "cv": 1.0,
          "lambda": 0.3
        },
        "MS4_3": {
          "meanserv": 0.2627885776167975,
          "stddevserv": 0.2627885776167975,
          "rate": 3.805340434005529,
          "cv": 1.0,
          "lambda": 0.3
        },
        "MS4_4": {
          "meanserv": 0.6881430925142524,
          "stddevserv": 0.6881430925142524,
          "rate": 1.453186133637298,
          "cv": 1.0,
          "lambda": 0.3
        },
        "MS4_5": {
          "meanserv": 0.2777416062250593,
          "stddevserv": 0.2777416062250593,
          "rate": 3.6004688443750164,
          "cv": 1.0,
          "lambda": 0.3
        },
        "MS4_6": {
          "meanserv": 1.0782565694883663,
          "stddevserv": 1.0782565694883663,
          "rate": 0.9274230533781963,
          "cv": 1.0,
          "lambda": 0.3
        },
        "MS4_7": {
          "meanserv": 0.6434099994359928,
          "stddevserv": 0.6434099994359928,
          "rate": 1.5542189286405104,
          "cv": 1.0,
          "lambda": 0.3
        },
        "MS4_8": {
          "meanserv": 0.8404137478022262,
          "stddevserv": 0.8404137478022262,
          "rate": 1.1898901018874444,
          "cv": 1.0,
          "lambda": 0.3
        },
        "MS4_9": {
          "meanserv": 1.2711618366325226,
          "stddevserv": 1.2711618366325226,
          "rate": 0.7866818930382095,
          "cv": 1.0,
          "lambda": 0.3
        },
        "MS4_10": {
          "meanserv": 1.0656544768094385,
          "stddevserv": 1.0656544768094385,
          "rate": 0.938390464978848,
          "cv": 1.0,
          "lambda": 0.3
        }
      },
      "sensors": [
        "S4"
      ],
      "sources": [
        {
          "startTime": 0,
          "stopTime": -1,
          "lambda": 0.3
        }
      ]
    }
  },
  "microservice": {
    "MS1_1": "F15",
    "MS1_2": "F15",
    "MS1_3": "F15",
    "MS1_4": "F1",
    "MS1_5": "F12",
    "MS1_6": "F12",
    "MS1_7": "F20",
    "MS1_8": "F5",
    "MS1_9": "F8",
    "MS1_10": "F17",
    "MS2_1": "F12",
    "MS2_2": "F12",
    "MS2_3": "F12",
    "MS2_4": "F7",
    "MS2_5": "F11",
    "MS2_6": "F11",
    "MS2_7": "F11",
    "MS2_8": "F16",
    "MS2_9": "F6",
    "MS2_10": "F18",
    "MS3_1": "F3",
    "MS3_2": "F15",
    "MS3_3": "F10",
    "MS3_4": "F15",
    "MS3_5": "F2",
    "MS3_6": "F2",
    "MS3_7": "F9",
    "MS3_8": "F15",
    "MS3_9": "F5",
    "MS3_10": "F14",
    "MS4_1": "F6",
    "MS4_2": "F13",
    "MS4_3": "F12",
    "MS4_4": "F19",
    "MS4_5": "F19",
    "MS4_6": "F19",
    "MS4_7": "F1",
    "MS4_8": "F9",
    "MS4_9": "F4",
    "MS4_10": "F4"
  },
  "sensor": {
    "S1": "F15",
    "S2": "F12",
    "S3": "F3",
    "S4": "F6"
  },
  "fog": {
    "F1": {
      "rho": 0.5170177898481941,
      "capacity": 1.0,
      "tserv": 0.861696316413657,
      "stddev": 0.9153241906997822,
      "mu": 1.16050165348502,
      "cv": 1.0622352367819352,
      "lambda": 0.6,
      "twait": 0.9816131210946842
    },
    "F2": {
      "rho": 0.5945533562088254,
      "capacity": 1.0,
      "tserv": 0.9909222603480424,
      "stddev": 1.0030732202201835,
      "mu": 1.0091608999163761,
      "cv": 1.0122622735994178,
      "lambda": 0.6,
      "twait": 1.4710316449432432
    },
    "F3": {
      "rho": 0.636347853418414,
      "capacity": 1.0,
      "tserv": 2.1211595113947137,
      "stddev": 2.1211595113947137,
      "mu": 0.47144026398206884,
      "cv": 1.0,
      "lambda": 0.3,
      "twait": 3.7117759774621573
    },
    "F4": {
      "rho": 0.7010448940325883,
      "capacity": 1.0,
      "tserv": 1.1684081567209805,
      "stddev": 1.177409978793643,
      "mu": 0.8558653020759449,
      "cv": 1.0077043471674532,
      "lambda": 0.6,
      "twait": 2.7610886958608063
    },
    "F5": {
      "rho": 0.5149322072490458,
      "capacity": 1.0,
      "tserv": 0.8582203454150763,
      "stddev": 0.9689853407852614,
      "mu": 1.1652019266874316,
      "cv": 1.1290635860148641,
      "lambda": 0.6,
      "twait": 1.0362312919843755
    },
    "F6": {
      "rho": 0.44915399959779256,
      "capacity": 1.0,
      "tserv": 0.7485899993296543,
      "stddev": 0.9768597785823191,
      "mu": 1.3358447226058026,
      "cv": 1.3049329799450637,
      "lambda": 0.6,
      "twait": 0.8248995252769377
    },
    "F7": {
      "rho": 0.5239392950786502,
      "capacity": 1.0,
      "tserv": 1.746464316928834,
      "stddev": 1.746464316928834,
      "mu": 0.5725854174670484,
      "cv": 1.0,
      "lambda": 0.3,
      "twait": 1.9221105074044793
    },
    "F8": {
      "rho": 0.41789490901462556,
      "capacity": 1.0,
      "tserv": 1.392983030048752,
      "stddev": 1.3929830300487522,
      "mu": 0.7178838352144188,
      "cv": 1.0000000000000002,
      "lambda": 0.3,
      "twait": 1.0000264997094257
    },
    "F9": {
      "rho": 0.5993407558823053,
      "capacity": 1.0,
      "tserv": 0.998901259803842,
      "stddev": 1.0237383990837832,
      "mu": 1.0010999487540677,
      "cv": 1.0248644588603466,
      "lambda": 0.6,
      "twait": 1.5318583559215406
    },
    "F10": {
      "rho": 0.5426064071114528,
      "capacity": 1.0,
      "tserv": 1.8086880237048428,
      "stddev": 1.8086880237048424,
      "mu": 0.55288694727554,
      "cv": 0.9999999999999998,
      "lambda": 0.3,
      "twait": 2.1456481362805997
    },
    "F11": {
      "rho": 0.5794465897273117,
      "capacity": 1.0,
      "tserv": 0.6438295441414574,
      "stddev": 0.7234507035688651,
      "mu": 1.5532061383319922,
      "cv": 1.1236680735637596,
      "lambda": 0.8999999999999999,
      "twait": 1.003567729501934
    },
    "F12": {
      "rho": 0.47053562170290225,
      "capacity": 1.0,
      "tserv": 0.26140867872383455,
      "stddev": 0.3285497619716887,
      "mu": 3.825427697664357,
      "cv": 1.2568433595075297,
      "lambda": 1.8,
      "twait": 0.2996452746711336
    },
    "F13": {
      "rho": 0.8040202822317258,
      "capacity": 1.0,
      "tserv": 2.6800676074390863,
      "stddev": 2.680067607439086,
      "mu": 0.3731249156641764,
      "cv": 0.9999999999999999,
      "lambda": 0.3,
      "twait": 10.995161839559046
    },
    "F14": {
      "rho": 0.521609115063478,
      "capacity": 1.0,
      "tserv": 1.7386970502115933,
      "stddev": 1.7386970502115933,
      "mu": 0.5751433234894506,
      "cv": 1.0,
      "lambda": 0.3,
      "twait": 1.895772386726575
    },
    "F15": {
      "rho": 0.51180221436517,
      "capacity": 1.0,
      "tserv": 0.28433456353620556,
      "stddev": 0.3478652051727768,
      "mu": 3.5169836110081834,
      "cv": 1.2234362254326552,
      "lambda": 1.8,
      "twait": 0.37212522432043427
    },
    "F16": {
      "rho": 0.9411062702994342,
      "capacity": 1.0,
      "tserv": 3.137020900998114,
      "stddev": 3.137020900998114,
      "mu": 0.318773776636881,
      "cv": 1.0,
      "lambda": 0.3,
      "twait": 50.12876676345633
    },
    "F17": {
      "rho": 0.8324196630000852,
      "capacity": 1.0,
      "tserv": 2.774732210000284,
      "stddev": 2.7747322100002845,
      "mu": 0.3603951388158995,
      "cv": 1.0000000000000002,
      "lambda": 0.3,
      "twait": 13.782891790968844
    },
    "F18": {
      "rho": 0.6128462682231101,
      "capacity": 1.0,
      "tserv": 2.0428208940770336,
      "stddev": 2.0428208940770336,
      "mu": 0.4895191756161324,
      "cv": 1.0,
      "lambda": 0.3,
      "twait": 3.2336900275696583
    },
    "F19": {
      "rho": 0.6132423804683035,
      "capacity": 1.0,
      "tserv": 0.6813804227425594,
      "stddev": 0.8233669188169317,
      "mu": 1.467608940061699,
      "cv": 1.208380651006784,
      "lambda": 0.8999999999999999,
      "twait": 1.328986263274868
    },
    "F20": {
      "rho": 0.616140127476585,
      "capacity": 1.0,
      "tserv": 2.05380042492195,
      "stddev": 2.05380042492195,
      "mu": 0.48690222665525196,
      "cv": 1.0,
      "lambda": 0.3,
      "twait": 3.2965906212186447
    }
  },
  "extra": {
    "deltatime": 4.78275,
    "conv": 10,
    "obj_func": 45.05036989630477
  },
  "network": [
    [
      0.0,
      0.9844891414092641,
      1.1885391811701582,
      1.0227472097148969,
      1.1825766213135618,
      0.959311636965665,
      1.1407527042230574,
      0.9946613918236934,
      0.6187301985786039,
      0.8679086335011026,
      0.8027211821579601,
      1.0481305324043018,
      1.1587068044112048,
      1.0519048780995275,
      0.8556734890632284,
      0.6468155803729402,
      1.4471300120139743,
      0.5969727487129941,
      0.8533430958925055,
      0.8533430958925055
    ],
    [
      0.9844891414092641,
      0.0,
      0.837995396836349,
      1.2858800640017933,
      1.0069318185120837,
      1.2548385286015509,
      0.7367984054884591,
      1.1215872373556703,
      0.6630677909863754,
      0.8494150632099017,
      0.949248601360372,
      0.8577152550918998,
      1.1600526160975595,
      1.0167389748956717,
      1.0422348587320804,
      1.0868326816553857,
      0.853334100598249,
      0.8533430958925055,
      1.2386220408970043,
      1.2386220408970043
    ],
    [
      1.1885391811701582,
      0.837995396836349,
      0.0,
      1.395089406612484,
      0.9326614677150754,
      0.9888887677763865,
      0.7414448887736923,
      0.7712338067201282,
      0.9520539639975952,
      0.9116181228031869,
      1.044587330614743,
      0.8057908746395986,
      1.1190193666699895,
      1.1009587151862212,
      1.0222336246000314,
      1.0900358965561094,
      0.5969727487129941,
      1.2386220408970043,
      1.4553201487678855,
      1.4553201487678855
    ],
    [
      1.0227472097148969,
      1.2858800640017933,
      1.395089406612484,
      0.0,
      0.9115993262383354,
      1.1774459068909569,
      0.9191858682510067,
      0.6883818358255022,
      0.7962895339147574,
      0.8102415412172914,
      1.1313365340645474,
      0.9214670130420383,
      0.971801122254789,
      1.0785975474772362,
      1.0011236502593168,
      1.4471300120139743,
      0.8533430958925055,
      1.4553201487678855,
      1.2907148252941558,
      1.2907148252941558
    ],
    [
      1.1825766213135618,
      1.0069318185120837,
      0.9326614677150754,
      0.9115993262383354,
      0.0,
      1.2093963089233608,
      1.05395594035259,
      1.021076750727093,
      0.7863674140333291,
      0.8461457992356413,
      1.083628830555183,
      1.1000541688426164,
      1.050133902278266,
      0.8269386880622848,
      0.6468155803729402,
      0.853334100598249,
      1.2386220408970043,
      1.2907148252941558,
      0.6622290747280121,
      0.6622290747280121
    ],
    [
      0.959311636965665,
      1.2548385286015509,
      0.9888887677763865,
      1.1774459068909569,
      1.2093963089233608,
      0.0,
      1.2423933061563857,
      1.1213431008693227,
      1.1760433970842818,
      0.9102221743864588,
      0.643915044551763,
      0.8288291361445633,
      0.8156726865025261,
      0.8556734890632284,
      1.0868326816553857,
      0.5969727487129941,
      1.4553201487678855,
      0.6622290747280121,
      1.474266159763716,
      1.474266159763716
    ],
    [
      1.1407527042230574,
      0.7367984054884591,
      0.7414448887736923,
      0.9191858682510067,
      1.05395594035259,
      1.2423933061563857,
      0.0,
      1.019332647209152,
      1.0021274893902707,
      1.0824628234413842,
      0.7897893890838568,
      0.8657792566372684,
      1.0519048780995275,
      1.0422348587320804,
      1.0900358965561094,
      0.8533430958925055,
      1.2907148252941558,
      1.474266159763716,
      0.9199683750246338,
      0.9199683750246338
    ],
    [
      0.9946613918236934,
      1.1215872373556703,
      0.7712338067201282,
      0.6883818358255022,
      1.021076750727093,
      1.1213431008693227,
      1.019332647209152,
      0.0,
      0.8931213626706574,
      0.6772627273967907,
      0.99089691372538,
      1.1587068044112048,
      1.0167389748956717,
      1.0222336246000314,
      1.4471300120139743,
      1.2386220408970043,
      0.6622290747280121,
      0.9199683750246338,
      1.3250388773840305,
      1.3250388773840305
    ],
    [
      0.6187301985786039,
      0.6630677909863754,
      0.9520539639975952,
      0.7962895339147574,
      0.7863674140333291,
      1.1760433970842818,
      1.0021274893902707,
      0.8931213626706574,
      0.0,
      1.1891636618971644,
      1.0481305324043018,
      1.1600526160975595,
      1.1009587151862212,
      1.0011236502593168,
      0.853334100598249,
      1.4553201487678855,
      1.474266159763716,
      1.3250388773840305,
      0.8743124994129169,
      0.8743124994129169
    ],
    [
      0.8679086335011026,
      0.8494150632099017,
      0.9116181228031869,
      0.8102415412172914,
      0.8461457992356413,
      0.9102221743864588,
      1.0824628234413842,
      0.6772627273967907,
      1.1891636618971644,
      0.0,
      0.8577152550918998,
      1.1190193666699895,
      1.0785975474772362,
      0.6468155803729402,
      0.5969727487129941,
      1.2907148252941558,
      0.9199683750246338,
      0.8743124994129169,
      0.9230566695012078,
      0.9230566695012078
    ],
    [
      0.8027211821579601,
      0.949248601360372,
      1.044587330614743,
      1.1313365340645474,
      1.083628830555183,
      0.643915044551763,
      0.7897893890838568,
      0.99089691372538,
      1.0481305324043018,
      0.8577152550918998,
      0.0,
      0.971801122254789,
      0.8269386880622848,
      1.0868326816553857,
      0.8533430958925055,
      0.6622290747280121,
      1.3250388773840305,
      0.9230566695012078,
      0.9359639159956716,
      0.9359639159956716
    ],
    [
      1.0481305324043018,
      0.8577152550918998,
      0.8057908746395986,
      0.9214670130420383,
      1.1000541688426164,
      0.8288291361445633,
      0.8657792566372684,
      1.1587068044112048,
      1.1600526160975595,
      1.1190193666699895,
      0.971801122254789,
      0.0,
      0.8556734890632284,
      1.0900358965561094,
      1.2386220408970043,
      1.474266159763716,
      0.8743124994129169,
      0.9359639159956716,
      0.916348591074996,
      0.916348591074996
    ],
    [
      1.1587068044112048,
      1.1600526160975595,
      1.1190193666699895,
      0.971801122254789,
      1.050133902278266,
      0.8156726865025261,
      1.0519048780995275,
      1.0167389748956717,
      1.1009587151862212,
      1.0785975474772362,
      0.8269386880622848,
      0.8556734890632284,
      0.0,
      1.4471300120139743,
      1.4553201487678855,
      0.9199683750246338,
      0.9230566695012078,
      0.916348591074996,
      1.5925981528855264,
      1.5925981528855264
    ],
    [
      1.0519048780995275,
      1.0167389748956717,
      1.1009587151862212,
      1.0785975474772362,
      0.8269386880622848,
      0.8556734890632284,
      1.0422348587320804,
      1.0222336246000314,
      1.0011236502593168,
      0.6468155803729402,
      1.0868326816553857,
      1.0900358965561094,
      1.4471300120139743,
      0.0,
      1.2907148252941558,
      1.3250388773840305,
      0.9359639159956716,
      1.5925981528855264,
      1.3454562200383244,
      1.3454562200383244
    ],
    [
      0.8556734890632284,
      1.0422348587320804,
      1.0222336246000314,
      1.0011236502593168,
      0.6468155803729402,
      1.0868326816553857,
      1.0900358965561094,
      1.4471300120139743,
      0.853334100598249,
      0.5969727487129941,
      0.8533430958925055,
      1.2386220408970043,
      1.4553201487678855,
      1.2907148252941558,
      0.0,
      0.8743124994129169,
      0.916348591074996,
      1.3454562200383244,
      1.1917624844307317,
      1.1917624844307317
    ],
    [
      0.6468155803729402,
      1.0868326816553857,
      1.0900358965561094,
      1.4471300120139743,
      0.853334100598249,
      0.5969727487129941,
      0.8533430958925055,
      1.2386220408970043,
      1.4553201487678855,
      1.2907148252941558,
      0.6622290747280121,
      1.474266159763716,
      0.9199683750246338,
      1.3250388773840305,
      0.8743124994129169,
      0.0,
      1.5925981528855264,
      1.1917624844307317,
      1.2270181963631044,
      1.2270181963631044
    ],
    [
      1.4471300120139743,
      0.853334100598249,
      0.5969727487129941,
      0.8533430958925055,
      1.2386220408970043,
      1.4553201487678855,
      1.2907148252941558,
      0.6622290747280121,
      1.474266159763716,
      0.9199683750246338,
      1.3250388773840305,
      0.8743124994129169,
      0.9230566695012078,
      0.9359639159956716,
      0.916348591074996,
      1.5925981528855264,
      0.0,
      1.2270181963631044,
      1.1379278636782946,
      1.1379278636782946
    ],
    [
      0.5969727487129941,
      0.8533430958925055,
      1.2386220408970043,
      1.4553201487678855,
      1.2907148252941558,
      0.6622290747280121,
      1.474266159763716,
      0.9199683750246338,
      1.3250388773840305,
      0.8743124994129169,
      0.9230566695012078,
      0.9359639159956716,
      0.916348591074996,
      1.5925981528855264,
      1.3454562200383244,
      1.1917624844307317,
      1.2270181963631044,
      0.0,
      1.2821844488368814,
      1.2821844488368814
    ],
    [
      0.8533430958925055,
      1.2386220408970043,
      1.4553201487678855,
      1.2907148252941558,
      0.6622290747280121,
      1.474266159763716,
      0.9199683750246338,
      1.3250388773840305,
      0.8743124994129169,
      0.9230566695012078,
      0.9359639159956716,
      0.916348591074996,
      1.5925981528855264,
      1.3454562200383244,
      1.1917624844307317,
      1.2270181963631044,
      1.1379278636782946,
      1.2821844488368814,
      0.0,
      1.0013931730714265
    ],
    [
      0.8533430958925055,
      1.2386220408970043,
      1.4553201487678855,
      1.2907148252941558,
      0.6622290747280121,
      1.474266159763716,
      0.9199683750246338,
      1.3250388773840305,
      0.8743124994129169,
      0.9230566695012078,
      0.9359639159956716,
      0.916348591074996,
      1.5925981528855264,
      1.3454562200383244,
      1.1917624844307317,
      1.2270181963631044,
      1.1379278636782946,
      1.2821844488368814,
      1.0013931730714265,
      0.0
    ]
  ]
}