{
  "servicechain": {
    "SC1": {
      "resptime": 4956.691544974039,
      "resptime_old": 4946.69154497404,
      "waittime": 4942.604137478763,
      "servicetime": 10.0,
      "networktime": 4.087407495276451,
      "services": {
        "MS1_1": {
          "meanserv": 4.674416305863906,
          "stddevserv": 4.674416305863906,
          "rate": 0.21393045346550157,
          "cv": 1.0,
          "lambda": 0.225
        },
        "MS1_2": {
          "meanserv": 1.0202261189582318,
          "stddevserv": 1.0202261189582318,
          "rate": 0.9801748665493047,
          "cv": 1.0,
          "lambda": 0.225
        },
        "MS1_3": {
          "meanserv": 1.4362546106977865,
          "stddevserv": 1.4362546106977865,
          "rate": 0.6962553801753593,
          "cv": 1.0,
          "lambda": 0.225
        },
        "MS1_4": {
          "meanserv": 1.2504023685644903,
          "stddevserv": 1.2504023685644903,
          "rate": 0.7997425669850884,
          "cv": 1.0,
          "lambda": 0.225
        },
        "MS1_5": {
          "meanserv": 1.6187005959155858,
          "stddevserv": 1.6187005959155858,
          "rate": 0.6177794723269191,
          "cv": 1.0,
          "lambda": 0.225
        }
      },
      "sensors": [
        "S1"
      ],
      "sources": [
        {
          "startTime": 0,
          "stopTime": -1,
          "lambda": 0.225
        }
      ]
    },
    "SC2": {
      "resptime": 75.78851537016399,
      "resptime_old": 65.78851537016399,
      "waittime": 57.37828803678613,
      "servicetime": 10.0,
      "networktime": 8.410227333377868,
      "services": {
        "MS2_1": {
          "meanserv": 3.112286251812936,
          "stddevserv": 3.112286251812936,
          "rate": 0.32130720605069363,
          "cv": 1.0,
          "lambda": 0.225
        },
        "MS2_2": {
          "meanserv": 1.168752884954218,
          "stddevserv": 1.168752884954218,
          "rate": 0.855612861258667,
          "cv": 1.0,
          "lambda": 0.225
        },
        "MS2_3": {
          "meanserv": 2.2202685001165117,
          "stddevserv": 2.2202685001165117,
          "rate": 0.45039597685934096,
          "cv": 1.0,
          "lambda": 0.225
        },
        "MS2_4": {
          "meanserv": 2.6369887197729023,
          "stddevserv": 2.6369887197729023,
          "rate": 0.379220431434428,
          "cv": 1.0,
          "lambda": 0.225
        },
        "MS2_5": {
          "meanserv": 0.8617036433434322,
          "stddevserv": 0.8617036433434322,
          "rate": 1.1604917859230286,
          "cv": 1.0,
          "lambda": 0.225
        }
      },
      "sensors": [
        "S2"
      ],
      "sources": [
        {
          "startTime": 0,
          "stopTime": -1,
          "lambda": 0.225
        }
      ]
    },
    "SC3": {
      "resptime": 64.85554648514706,
      "resptime_old": 54.85554648514706,
      "waittime": 46.980758368108454,
      "servicetime": 10.0,
      "networktime": 7.8747881170386105,
      "services": {
        "MS3_1": {
          "meanserv": 0.26826810715261606,
          "stddevserv": 0.26826810715261606,
          "rate": 3.727614179016465,
          "cv": 1.0,
          "lambda": 0.225
        },
        "MS3_2": {
          "meanserv": 2.696466235038393,
          "stddevserv": 2.696466235038393,
          "rate": 0.37085574705361063,
          "cv": 1.0,
          "lambda": 0.225
        },
        "MS3_3": {
          "meanserv": 2.2122785086188,
          "stddevserv": 2.2122785086188,
          "rate": 0.452022652710365,
          "cv": 1.0,
          "lambda": 0.225
        },
        "MS3_4": {
          "meanserv": 2.7929718649411805,
          "stddevserv": 2.7929718649411805,
          "rate": 0.35804155872549753,
          "cv": 1.0,
          "lambda": 0.225
        },
        "MS3_5": {
          "meanserv": 2.0300152842490107,
          "stddevserv": 2.0300152842490107,
          "rate": 0.49260712850738103,
          "cv": 1.0,
          "lambda": 0.225
        }
      },
      "sensors": [
        "S3"
      ],
      "sources": [
        {
          "startTime": 0,
          "stopTime": -1,
          "lambda": 0.225
        }
      ]
    },
    "SC4": {
      "resptime": 7809.781079694695,
      "resptime_old": 7799.781079694696,
      "waittime": 7792.225103284428,
      "servicetime": 10.0,
      "networktime": 7.555976410267479,
      "services": {
        "MS4_1": {
          "meanserv": 1.0077900110256932,
          "stddevserv": 1.0077900110256932,
          "rate": 0.9922702041690562,
          "cv": 1.0,
          "lambda": 0.225
        },
        "MS4_2": {
          "meanserv": 5.873451824412989,
          "stddevserv": 5.873451824412989,
          "rate": 0.17025763212077477,
          "cv": 1.0,
          "lambda": 0.225
        },
        "MS4_3": {
          "meanserv": 1.2871762556536686,
          "stddevserv": 1.2871762556536686,
          "rate": 0.7768943807094768,
          "cv": 1.0,
          "lambda": 0.225
        },
        "MS4_4": {
          "meanserv": 1.2436471965861848,
          "stddevserv": 1.2436471965861848,
          "rate": 0.8040865630904029,
          "cv": 1.0,
          "lambda": 0.225
        },
        "MS4_5": {
          "meanserv": 0.5879347123214647,
          "stddevserv": 0.5879347123214647,
          "rate": 1.700869125504586,
          "cv": 1.0,
          "lambda": 0.225
        }
      },
      "sensors": [
        "S4"
      ],
      "sources": [
        {
          "startTime": 0,
          "stopTime": -1,
          "lambda": 0.225
        }
      ]
    }
  },
  "microservice": {
    "MS1_1": "F2",
    "MS1_2": "F8",
    "MS1_3": "F8",
    "MS1_4": "F8",
    "MS1_5": "F1",
    "MS2_1": "F4",
    "MS2_2": "F6",
    "MS2_3": "F10",
    "MS2_4": "F6",
    "MS2_5": "F5",
    "MS3_1": "F3",
    "MS3_2": "F7",
    "MS3_3": "F1",
    "MS3_4": "F5",
    "MS3_5": "F3",
    "MS4_1": "F7",
    "MS4_2": "F9",
    "MS4_3": "F10",
    "MS4_4": "F3",
    "MS4_5": "F4"
  },
  "sensor": {
    "S1": "F2",
    "S2": "F4",
    "S3": "F3",
    "S4": "F7"
  },
  "fog": {
    "F1": {
      "rho": 0.8619702985202369,
      "capacity": 1.0,
      "tserv": 1.915489552267193,
      "stddev": 1.9609353875304822,
      "mu": 0.5220597516788279,
      "cv": 1.0237254414723898,
      "lambda": 0.45,
      "twait": 12.24905032127128
    },
    "F2": {
      "rho": 1.0517436688193789,
      "capacity": 1.0,
      "tserv": 4.674416305863906,
      "stddev": 4.674416305863906,
      "mu": 0.21393045346550157,
      "cv": 1.0,
      "lambda": 0.225,
      "twait": 4911.3714673633085
    },
    "F3": {
      "rho": 0.7969343822972577,
      "capacity": 1.0,
      "tserv": 1.1806435293292705,
      "stddev": 1.5596387329882735,
      "mu": 0.8469957062891836,
      "cv": 1.3210073102033701,
      "lambda": 0.675,
      "twait": 6.359556853465676
    },
    "F4": {
      "rho": 0.8325497169302403,
      "capacity": 1.0,
      "tserv": 1.8501104820672003,
      "stddev": 2.5708139067854385,
      "mu": 0.5405082613675379,
      "cv": 1.3895461550560853,
      "lambda": 0.45,
      "twait": 13.479812454985987
    },
    "F5": {
      "rho": 0.8223019893640379,
      "capacity": 1.0,
      "tserv": 1.8273377541423064,
      "stddev": 2.2812412716743733,
      "mu": 0.5472442068977926,
      "cv": 1.2483960704599544,
      "lambda": 0.45,
      "twait": 10.817372798738948
    },
    "F6": {
      "rho": 0.856291861063602,
      "capacity": 1.0,
      "tserv": 1.90287080236356,
      "stddev": 2.1676659160974503,
      "mu": 0.5255217531100366,
      "cv": 1.1391555923844054,
      "lambda": 0.45,
      "twait": 13.025921127860409
    },
    "F7": {
      "rho": 0.8334576553644193,
      "capacity": 1.0,
      "tserv": 1.852128123032043,
      "stddev": 2.203676990599823,
      "mu": 0.5399194513406238,
      "cv": 1.1898080716966133,
      "lambda": 0.45,
      "twait": 11.195221541166873
    },
    "F8": {
      "rho": 0.8340486970996146,
      "capacity": 1.0,
      "tserv": 1.2356276994068363,
      "stddev": 1.2588436510159544,
      "mu": 0.8093052628069527,
      "cv": 1.018788791818331,
      "lambda": 0.675,
      "twait": 6.327873264727571
    },
    "F9": {
      "rho": 1.3215266604929223,
      "capacity": 1.0,
      "tserv": 5.873451824412989,
      "stddev": 5.873451824412989,
      "mu": 0.17025763212077477,
      "cv": 1.0,
      "lambda": 0.225,
      "twait": 7754.161251907469
    },
    "F10": {
      "rho": 0.7891750700482907,
      "capacity": 1.0,
      "tserv": 1.7537223778850901,
      "stddev": 1.8737323039947003,
      "mu": 0.570215681005311,
      "cv": 1.0684315417439885,
      "lambda": 0.45,
      "twait": 7.029260527340378
    }
  },
  "extra": {
    "deltatime": 0.6320552,
    "conv": 20,
    "obj_func": 3226.779171631011
  },
  "network": [
    [
      0.0,
      2.3501469367505186,
      2.178806639674231,
      2.1957456537835482,
      1.7736481227221015,
      2.138363947731674,
      2.1179917765051033,
      2.217694443449255,
      1.8697130518271956,
      1.8697130518271956
    ],
    [
      2.3501469367505186,
      0.0,
      3.000154836082811,
      1.9714278002348795,
      1.7664431930817581,
      1.5241782675500328,
      1.8769851974288578,
      1.8697130518271956,
      1.6493233294720127,
      1.6493233294720127
    ],
    [
      2.178806639674231,
      3.000154836082811,
      0.0,
      1.9068684059718057,
      1.7654537743621512,
      2.503778643986515,
      2.217694443449255,
      1.6493233294720127,
      1.914845260909058,
      1.914845260909058
    ],
    [
      2.1957456537835482,
      1.9714278002348795,
      1.9068684059718057,
      0.0,
      1.7901467930841664,
      2.1179917765051033,
      1.8697130518271956,
      1.914845260909058,
      1.673002734541763,
      1.673002734541763
    ],
    [
      1.7736481227221015,
      1.7664431930817581,
      1.7654537743621512,
      1.7901467930841664,
      0.0,
      1.8769851974288578,
      1.6493233294720127,
      1.673002734541763,
      2.5666099294565683,
      2.5666099294565683
    ],
    [
      2.138363947731674,
      1.5241782675500328,
      2.503778643986515,
      2.1179917765051033,
      1.8769851974288578,
      0.0,
      1.914845260909058,
      2.5666099294565683,
      2.2076251797219535,
      2.2076251797219535
    ],
    [
      2.1179917765051033,
      1.8769851974288578,
      2.217694443449255,
      1.8697130518271956,
      1.6493233294720127,
      1.914845260909058,
      0.0,
      2.2076251797219535,
      1.9368049274460064,
      1.9368049274460064
    ],
    [
      2.217694443449255,
      1.8697130518271956,
      1.6493233294720127,
      1.914845260909058,
      1.673002734541763,
      2.5666099294565683,
      2.2076251797219535,
      0.0,
      2.4193164882549976,
      2.4193164882549976
    ],
    [
      1.8697130518271956,
      1.6493233294720127,
      1.914845260909058,
      1.673002734541763,
      2.5666099294565683,
      2.2076251797219535,
      1.9368049274460064,
      2.4193164882549976,
      0.0,
      1.7974578159406083
    ],
    [
      1.8697130518271956,
      1.6493233294720127,
      1.914845260909058,
      1.673002734541763,
      2.5666099294565683,
      2.2076251797219535,
      1.9368049274460064,
      2.4193164882549976,
      1.7974578159406083,
      0.0
    ]
  ]
}