{
  "servicechain": {
    "SC1": {
      "resptime": 37.90892179546926,
      "resptime_old": 27.908921795469254,
      "waittime": 23.157647375965468,
      "servicetime": 10.0,
      "networktime": 4.751274419503791,
      "services": {
        "MS1_1": {
          "meanserv": 2.0885720956078826,
          "stddevserv": 2.0885720956078826,
          "rate": 0.4787960167154049,
          "cv": 1.0,
          "lambda": 0.15
        },
        "MS1_2": {
          "meanserv": 0.5555471512459862,
          "stddevserv": 0.5555471512459862,
          "rate": 1.8000272303749392,
          "cv": 1.0,
          "lambda": 0.15
        },
        "MS1_3": {
          "meanserv": 0.21721293365104533,
          "stddevserv": 0.21721293365104533,
          "rate": 4.603777423339393,
          "cv": 1.0,
          "lambda": 0.15
        },
        "MS1_4": {
          "meanserv": 0.6733572037174476,
          "stddevserv": 0.6733572037174476,
          "rate": 1.4850958666206198,
          "cv": 1.0,
          "lambda": 0.15
        },
        "MS1_5": {
          "meanserv": 0.09443968071773678,
          "stddevserv": 0.09443968071773678,
          "rate": 10.588769385919676,
          "cv": 1.0,
          "lambda": 0.15
        },
        "MS1_6": {
          "meanserv": 0.20822832488572018,
          "stddevserv": 0.20822832488572018,
          "rate": 4.802420614720979,
          "cv": 1.0,
          "lambda": 0.15
        },
        "MS1_7": {
          "meanserv": 0.5747854121929006,
          "stddevserv": 0.5747854121929006,
          "rate": 1.739779713936782,
          "cv": 1.0,
          "lambda": 0.15
        },
        "MS1_8": {
          "meanserv": 1.7961777222290207,
          "stddevserv": 1.7961777222290207,
          "rate": 0.5567377813588624,
          "cv": 1.0,
          "lambda": 0.15
        },
        "MS1_9": {
          "meanserv": 1.6531740029116397,
          "stddevserv": 1.6531740029116397,
          "rate": 0.604897003121727,
          "cv": 1.0,
          "lambda": 0.15
        },
        "MS1_10": {
          "meanserv": 0.5179813048258559,
          "stddevserv": 0.5179813048258559,
          "rate": 1.930571606896503,
          "cv": 1.0,
          "lambda": 0.15
        },
        "MS1_11": {
          "meanserv": 0.8958415176702648,
          "stddevserv": 0.8958415176702648,
          "rate": 1.116268871530548,
          "cv": 1.0,
          "lambda": 0.15
        },
        "MS1_12": {
          "meanserv": 0.7246826503444996,
          "stddevserv": 0.7246826503444996,
          "rate": 1.3799143659981647,
          "cv": 1.0,
          "lambda": 0.15
        }
      },
      "sensors": [
        "S1"
      ],
      "sources": [
        {
          "startTime": 0,
          "stopTime": -1,
          "lambda": 0.15
        }
      ]
    },
    "SC2": {
      "resptime": 35.3508990160483,
      "resptime_old": 25.350899016048295,
      "waittime": 22.373028463269804,
      "servicetime": 10.0,
      "networktime": 2.9778705527784943,
      "services": {
        "MS2_1": {
          "meanserv": 2.30947753631468,
          "stddevserv": 2.30947753631468,
          "rate": 0.43299836620006166,
          "cv": 1.0,
          "lambda": 0.15
        },
        "MS2_2": {
          "meanserv": 0.05081371119311218,
          "stddevserv": 0.05081371119311218,
          "rate": 19.67972770576833,
          "cv": 1.0,
          "lambda": 0.15
        },
        "MS2_3": {
          "meanserv": 0.007659116566597124,
          "stddevserv": 0.007659116566597124,
          "rate": 130.56336083996837,
          "cv": 1.0,
          "lambda": 0.15
        },
        "MS2_4": {
          "meanserv": 0.6104144530097955,
          "stddevserv": 0.6104144530097955,
          "rate": 1.6382311969666825,
          "cv": 1.0,
          "lambda": 0.15
        },
        "MS2_5": {
          "meanserv": 2.2077431886366674,
          "stddevserv": 2.2077431886366674,
          "rate": 0.45295123325350317,
          "cv": 1.0,
          "lambda": 0.15
        },
        "MS2_6": {
          "meanserv": 0.8721860498128375,
          "stddevserv": 0.8721860498128375,
          "rate": 1.1465443642610313,
          "cv": 1.0,
          "lambda": 0.15
        },
        "MS2_7": {
          "meanserv": 0.8207700642157647,
          "stddevserv": 0.8207700642157647,
          "rate": 1.218368022419881,
          "cv": 1.0,
          "lambda": 0.15
        },
        "MS2_8": {
          "meanserv": 0.012093094834788154,
          "stddevserv": 0.012093094834788154,
          "rate": 82.69181823690857,
          "cv": 1.0,
          "lambda": 0.15
        },
        "MS2_9": {
          "meanserv": 1.1919411877359982,
          "stddevserv": 1.1919411877359982,
          "rate": 0.8389675684413793,
          "cv": 1.0,
          "lambda": 0.15
        },
        "MS2_10": {
          "meanserv": 1.0907274408738399,
          "stddevserv": 1.0907274408738399,
          "rate": 0.9168193285747416,
          "cv": 1.0,
          "lambda": 0.15
        },
        "MS2_11": {
          "meanserv": 0.2579612609716708,
          "stddevserv": 0.2579612609716708,
          "rate": 3.876551061323194,
          "cv": 1.0,
          "lambda": 0.15
        },
        "MS2_12": {
          "meanserv": 0.5682128958342485,
          "stddevserv": 0.5682128958342485,
          "rate": 1.7599037391289807,
          "cv": 1.0,
          "lambda": 0.15
        }
      },
      "sensors": [
        "S2"
      ],
      "sources": [
        {
          "startTime": 0,
          "stopTime": -1,
          "lambda": 0.15
        }
      ]
    },
    "SC3": {
      "resptime": 38.84765094948017,
      "resptime_old": 28.847650949480172,
      "waittime": 23.52164139555859,
      "servicetime": 10.0,
      "networktime": 5.32600955392158,
      "services": {
        "MS3_1": {
          "meanserv": 1.289622862476113,
          "stddevserv": 1.289622862476113,
          "rate": 0.7754204962526573,
          "cv": 1.0,
          "lambda": 0.15
        },
        "MS3_2": {
          "meanserv": 0.40620306660038685,
          "stddevserv": 0.40620306660038685,
          "rate": 2.4618228719178448,
          "cv": 1.0,
          "lambda": 0.15
        },
        "MS3_3": {
          "meanserv": 1.2744882286359647,
          "stddevserv": 1.2744882286359647,
          "rate": 0.7846286670456433,
          "cv": 1.0,
          "lambda": 0.15
        },
        "MS3_4": {
          "meanserv": 1.2584787740779646,
          "stddevserv": 1.2584787740779646,
          "rate": 0.7946101440865848,
          "cv": 1.0,
          "lambda": 0.15
        },
        "MS3_5": {
          "meanserv": 0.3240943027205665,
          "stddevserv": 0.3240943027205665,
          "rate": 3.085521687995232,
          "cv": 1.0,
          "lambda": 0.15
        },
        "MS3_6": {
          "meanserv": 0.20833223144996182,
          "stddevserv": 0.20833223144996182,
          "rate": 4.800025387527155,
          "cv": 1.0,
          "lambda": 0.15
        },
        "MS3_7": {
          "meanserv": 1.4053495500928328,
          "stddevserv": 1.4053495500928328,
          "rate": 0.711566741480042,
          "cv": 1.0,
          "lambda": 0.15
        },
        "MS3_8": {
          "meanserv": 0.03841082040365329,
          "stddevserv": 0.03841082040365329,
          "rate": 26.034330677948475,
          "cv": 1.0,
          "lambda": 0.15
        },
        "MS3_9": {
          "meanserv": 0.7616366470091656,
          "stddevserv": 0.7616366470091656,
          "rate": 1.3129620323901852,
          "cv": 1.0,
          "lambda": 0.15
        },
        "MS3_10": {
          "meanserv": 1.424707954874103,
          "stddevserv": 1.424707954874103,
          "rate": 0.7018982357604417,
          "cv": 1.0,
          "lambda": 0.15
        },
        "MS3_11": {
          "meanserv": 0.5839442989300156,
          "stddevserv": 0.5839442989300156,
          "rate": 1.7124921021274457,
          "cv": 1.0,
          "lambda": 0.15
        },
        "MS3_12": {
          "meanserv": 1.0247312627292722,
          "stddevserv": 1.0247312627292722,
          "rate": 0.9758656111814108,
          "cv": 1.0,
          "lambda": 0.15
        }
      },
      "sensors": [
        "S3"
      ],
      "sources": [
        {
          "startTime": 0,
          "stopTime": -1,
          "lambda": 0.15
        }
      ]
    },
    "SC4": {
      "resptime": 37.5591738503065,
      "resptime_old": 27.559173850306493,
      "waittime": 22.91887593206435,
      "servicetime": 10.0,
      "networktime": 4.640297918242147,
      "services": {
        "MS4_1": {
          "meanserv": 0.7355839588566904,
          "stddevserv": 0.7355839588566904,
          "rate": 1.3594641209336435,
          "cv": 1.0,
          "lambda": 0.15
        },
        "MS4_2": {
          "meanserv": 0.6138415207827275,
          "stddevserv": 0.6138415207827275,
          "rate": 1.6290849773812472,
          "cv": 1.0,
          "lambda": 0.15
        },
        "MS4_3": {
          "meanserv": 1.2145902633121064,
          "stddevserv": 1.2145902633121064,
          "rate": 0.8233229181938828,
          "cv": 1.0,
          "lambda": 0.15
        },
        "MS4_4": {
          "meanserv": 0.6995907179050675,
          "stddevserv": 0.6995907179050675,
          "rate": 1.429407186811328,
          "cv": 1.0,
          "lambda": 0.15
        },
        "MS4_5": {
          "meanserv": 0.6842565381227197,
          "stddevserv": 0.6842565381227197,
          "rate": 1.4614401825717775,
          "cv": 1.0,
          "lambda": 0.15
        },
        "MS4_6": {
          "meanserv": 0.7342012330829233,
          "stddevserv": 0.7342012330829233,
          "rate": 1.36202440821433,
          "cv": 1.0,
          "lambda": 0.15
        },
        "MS4_7": {
          "meanserv": 0.5569200911867593,
          "stddevserv": 0.5569200911867593,
          "rate": 1.7955897368849938,
          "cv": 1.0,
          "lambda": 0.15
        },
        "MS4_8": {
          "meanserv": 0.4332109675794289,
          "stddevserv": 0.4332109675794289,
          "rate": 2.3083441437032657,
          "cv": 1.0,
          "lambda": 0.15
        },
        "MS4_9": {
          "meanserv": 0.29352201905625463,
          "stddevserv": 0.29352201905625463,
          "rate": 3.4068994319923442,
          "cv": 1.0,
          "lambda": 0.15
        },
        "MS4_10": {
          "meanserv": 1.8755048519360429,
          "stddevserv": 1.8755048519360429,
          "rate": 0.5331897696600048,
          "cv": 1.0,
          "lambda": 0.15
        },
        "MS4_11": {
          "meanserv": 1.904411723321676,
          "stddevserv": 1.904411723321676,
          "rate": 0.525096536507242,
          "cv": 1.0,
          "lambda": 0.15
        },
        "MS4_12": {
          "meanserv": 0.2543661148576035,
          "stddevserv": 0.2543661148576035,
          "rate": 3.9313412502282747,
          "cv": 1.0,
          "lambda": 0.15
        }
      },
      "sensors": [
        "S4"
      ],
      "sources": [
        {
          "startTime": 0,
          "stopTime": -1,
          "lambda": 0.15
        }
      ]
    }
  },
  "microservice": {
    "MS1_1": "F3",
    "MS1_2": "F3",
    "MS1_3": "F6",
    "MS1_4": "F5",
    "MS1_5": "F5",
    "MS1_6": "F3",
    "MS1_7": "F3",
    "MS1_8": "F5",
    "MS1_9": "F6",
    "MS1_10": "F7",
    "MS1_11": "F4",
    "MS1_12": "F4",
    "MS2_1": "F1",
    "MS2_2": "F1",
    "MS2_3": "F5",
    "MS2_4": "F2",
    "MS2_5": "F2",
    "MS2_6": "F2",
    "MS2_7": "F7",
    "MS2_8": "F6",
    "MS2_9": "F6",
    "MS2_10": "F5",
    "MS2_11": "F5",
    "MS2_12": "F1",
    "MS3_1": "F10",
    "MS3_2": "F10",
    "MS3_3": "F10",
    "MS3_4": "F9",
    "MS3_5": "F8",
    "MS3_6": "F4",
    "MS3_7": "F9",
    "MS3_8": "F9",
    "MS3_9": "F3",
    "MS3_10": "F7",
    "MS3_11": "F8",
    "MS3_12": "F8",
    "MS4_1": "F10",
    "MS4_2": "F10",
    "MS4_3": "F7",
    "MS4_4": "F6",
    "MS4_5": "F1",
    "MS4_6": "F9",
    "MS4_7": "F9",
    "MS4_8": "F9",
    "MS4_9": "F8",
    "MS4_10": "F8",
    "MS4_11": "F4",
    "MS4_12": "F4"
  },
  "sensor": {
    "S1": "F3",
    "S2": "F1",
    "S3": "F10",
    "S4": "F10"
  },
  "fog": {
    "F1": {
      "rho": 0.541914102219714,
      "capacity": 1.0,
      "tserv": 0.9031901703661901,
      "stddev": 1.499305916291128,
      "mu": 1.1071865403435017,
      "cv": 1.660011330374918,
      "lambda": 0.6,
      "twait": 2.0063949115114195
    },
    "F2": {
      "rho": 0.5535515537188951,
      "capacity": 1.0,
      "tserv": 1.230114563819767,
      "stddev": 1.5785376221302057,
      "mu": 0.8129324124858643,
      "cv": 1.2832443973580079,
      "lambda": 0.44999999999999996,
      "twait": 2.0184114247494995
    },
    "F3": {
      "rho": 0.6283154446412483,
      "capacity": 1.0,
      "tserv": 0.837753926188331,
      "stddev": 1.24418883150772,
      "mu": 1.193667936060732,
      "cv": 1.4851483145756343,
      "lambda": 0.75,
      "twait": 2.2699061511188123
    },
    "F4": {
      "rho": 0.5981451356466009,
      "capacity": 1.0,
      "tserv": 0.7975268475288012,
      "stddev": 1.1785521181759813,
      "mu": 1.253876284038058,
      "cv": 1.4777585504836814,
      "lambda": 0.75,
      "twait": 1.8897066585015858
    },
    "F5": {
      "rho": 0.5880483637614469,
      "capacity": 1.0,
      "tserv": 0.6533870708460521,
      "stddev": 1.1051588450507315,
      "mu": 1.5304863604128696,
      "cv": 1.6914305384397845,
      "lambda": 0.9,
      "twait": 1.8005289127791473
    },
    "F6": {
      "rho": 0.5661017905557808,
      "capacity": 1.0,
      "tserv": 0.7548023874077078,
      "stddev": 1.1430041719784512,
      "mu": 1.3248500755732882,
      "cv": 1.5143091636262347,
      "lambda": 0.75,
      "twait": 1.6215080579611012
    },
    "F7": {
      "rho": 0.5967074380841744,
      "capacity": 1.0,
      "tserv": 0.9945123968069575,
      "stddev": 1.1110536845874122,
      "mu": 1.0055178831462146,
      "cv": 1.1171843489881366,
      "lambda": 0.6,
      "twait": 1.654006600227405
    },
    "F8": {
      "rho": 0.6152695103058228,
      "capacity": 1.0,
      "tserv": 0.8203593470744304,
      "stddev": 1.1691539165737008,
      "mu": 1.2189780046588181,
      "cv": 1.425172908364052,
      "lambda": 0.75,
      "twait": 1.9883175303381242
    },
    "F9": {
      "rho": 0.6639857154635342,
      "capacity": 1.0,
      "tserv": 0.7377619060705937,
      "stddev": 0.9940249602478632,
      "mu": 1.3554508463660278,
      "cv": 1.3473519736769233,
      "lambda": 0.9,
      "twait": 2.052205054887396
    },
    "F10": {
      "rho": 0.6479609456027823,
      "capacity": 1.0,
      "tserv": 0.8639479274703764,
      "stddev": 1.0008633120224792,
      "mu": 1.157477167551037,
      "cv": 1.158476431505529,
      "lambda": 0.75,
      "twait": 1.8621514100114087
    }
  },
  "extra": {
    "deltatime": 0.0639998,
    "obj_func": 37.41666140282606
  },
  "network": [
    [
      0.0,
      0.9820420422069507,
      1.1340895241649562,
      0.6343677216845396,
      0.6079016565436893,
      0.9300162072183827,
      0.9070942654005487,
      0.8458629703158667,
      0.728990180362797,
      0.728990180362797
    ],
    [
      0.9820420422069507,
      0.0,
      0.8563584313626997,
      1.0727683012068616,
      0.4108894061488153,
      0.6434040559117501,
      0.4000839361192416,
      0.728990180362797,
      1.0401648233151202,
      1.0401648233151202
    ],
    [
      1.1340895241649562,
      0.8563584313626997,
      0.0,
      0.7864470716398847,
      0.8927061373166449,
      0.8856941309654037,
      0.8458629703158667,
      1.0401648233151202,
      0.551009961303817,
      0.551009961303817
    ],
    [
      0.6343677216845396,
      1.0727683012068616,
      0.7864470716398847,
      0.0,
      0.7411222094002637,
      0.9070942654005487,
      0.728990180362797,
      0.551009961303817,
      0.9364177361481426,
      0.9364177361481426
    ],
    [
      0.6079016565436893,
      0.4108894061488153,
      0.8927061373166449,
      0.7411222094002637,
      0.0,
      0.4000839361192416,
      1.0401648233151202,
      0.9364177361481426,
      1.2563166960638064,
      1.2563166960638064
    ],
    [
      0.9300162072183827,
      0.6434040559117501,
      0.8856941309654037,
      0.9070942654005487,
      0.4000839361192416,
      0.0,
      0.551009961303817,
      1.2563166960638064,
      0.9623437043699745,
      0.9623437043699745
    ],
    [
      0.9070942654005487,
      0.4000839361192416,
      0.8458629703158667,
      0.728990180362797,
      1.0401648233151202,
      0.551009961303817,
      0.0,
      0.9623437043699745,
      1.037689869054403,
      1.037689869054403
    ],
    [
      0.8458629703158667,
      0.728990180362797,
      1.0401648233151202,
      0.551009961303817,
      0.9364177361481426,
      1.2563166960638064,
      0.9623437043699745,
      0.0,
      0.8415817389989305,
      0.8415817389989305
    ],
    [
      0.728990180362797,
      1.0401648233151202,
      0.551009961303817,
      0.9364177361481426,
      1.2563166960638064,
      0.9623437043699745,
      1.037689869054403,
      0.8415817389989305,
      0.0,
      0.6377834814810308
    ],
    [
      0.728990180362797,
      1.0401648233151202,
      0.551009961303817,
      0.9364177361481426,
      1.2563166960638064,
      0.9623437043699745,
      1.037689869054403,
      0.8415817389989305,
      0.6377834814810308,
      0.0
    ]
  ]
}