{
  "servicechain": {
    "SC1": {
      "resptime": 70.08336263112984,
      "resptime_old": 60.08336263112984,
      "waittime": 54.653943282338126,
      "servicetime": 10.0,
      "networktime": 5.429419348791715,
      "services": {
        "MS1_1": {
          "meanserv": 1.9843908791417675,
          "stddevserv": 1.9843908791417675,
          "rate": 0.5039329753584091,
          "cv": 1.0,
          "lambda": 0.175
        },
        "MS1_2": {
          "meanserv": 0.5609505444779839,
          "stddevserv": 0.5609505444779839,
          "rate": 1.782688348989111,
          "cv": 1.0,
          "lambda": 0.175
        },
        "MS1_3": {
          "meanserv": 1.730080026056008,
          "stddevserv": 1.730080026056008,
          "rate": 0.5780079446843038,
          "cv": 1.0,
          "lambda": 0.175
        },
        "MS1_4": {
          "meanserv": 0.6303535568880223,
          "stddevserv": 0.6303535568880223,
          "rate": 1.58641129104891,
          "cv": 1.0,
          "lambda": 0.175
        },
        "MS1_5": {
          "meanserv": 5.094224993436218,
          "stddevserv": 5.094224993436218,
          "rate": 0.19630071331526877,
          "cv": 1.0,
          "lambda": 0.175
        }
      },
      "sensors": [
        "S1"
      ],
      "sources": [
        {
          "startTime": 0,
          "stopTime": -1,
          "lambda": 0.175
        }
      ]
    },
    "SC2": {
      "resptime": 84.12989434576781,
      "resptime_old": 74.12989434576781,
      "waittime": 70.60223101540797,
      "servicetime": 10.0,
      "networktime": 3.5276633303598364,
      "services": {
        "MS2_1": {
          "meanserv": 1.9192985837527665,
          "stddevserv": 1.9192985837527665,
          "rate": 0.5210236742032706,
          "cv": 1.0,
          "lambda": 0.175
        },
        "MS2_2": {
          "meanserv": 1.384386709714275,
          "stddevserv": 1.384386709714275,
          "rate": 0.7223415198823969,
          "cv": 1.0,
          "lambda": 0.175
        },
        "MS2_3": {
          "meanserv": 5.248254367200883,
          "stddevserv": 5.248254367200883,
          "rate": 0.19053954515801078,
          "cv": 1.0,
          "lambda": 0.175
        },
        "MS2_4": {
          "meanserv": 1.1842012706628982,
          "stddevserv": 1.1842012706628982,
          "rate": 0.8444510445764131,
          "cv": 1.0,
          "lambda": 0.175
        },
        "MS2_5": {
          "meanserv": 0.2638590686691771,
          "stddevserv": 0.2638590686691771,
          "rate": 3.7899019542655417,
          "cv": 1.0,
          "lambda": 0.175
        }
      },
      "sensors": [
        "S2"
      ],
      "sources": [
        {
          "startTime": 0,
          "stopTime": -1,
          "lambda": 0.175
        }
      ]
    },
    "SC3": {
      "resptime": 34.93386405853546,
      "resptime_old": 24.933864058535463,
      "waittime": 19.191517932109306,
      "servicetime": 10.0,
      "networktime": 5.742346126426158,
      "services": {
        "MS3_1": {
          "meanserv": 1.0413238645901401,
          "stddevserv": 1.0413238645901401,
          "rate": 0.9603160303961679,
          "cv": 1.0,
          "lambda": 0.175
        },
        "MS3_2": {
          "meanserv": 3.2653323858586685,
          "stddevserv": 3.2653323858586685,
          "rate": 0.30624753679923916,
          "cv": 1.0,
          "lambda": 0.175
        },
        "MS3_3": {
          "meanserv": 0.7734314601743222,
          "stddevserv": 0.7734314601743222,
          "rate": 1.2929393895803152,
          "cv": 1.0,
          "lambda": 0.175
        },
        "MS3_4": {
          "meanserv": 3.9869504844716737,
          "stddevserv": 3.9869504844716737,
          "rate": 0.2508182642083938,
          "cv": 1.0,
          "lambda": 0.175
        },
        "MS3_5": {
          "meanserv": 0.9329618049051955,
          "stddevserv": 0.9329618049051955,
          "rate": 1.0718552407422688,
          "cv": 1.0,
          "lambda": 0.175
        }
      },
      "sensors": [
        "S3"
      ],
      "sources": [
        {
          "startTime": 0,
          "stopTime": -1,
          "lambda": 0.175
        }
      ]
    },
    "SC4": {
      "resptime": 36.2492349157628,
      "resptime_old": 26.2492349157628,
      "waittime": 20.606806095153587,
      "servicetime": 10.0,
      "networktime": 5.6424288206092115,
      "services": {
        "MS4_1": {
          "meanserv": 1.9820719320931912,
          "stddevserv": 1.9820719320931912,
          "rate": 0.5045225573342021,
          "cv": 1.0,
          "lambda": 0.175
        },
        "MS4_2": {
          "meanserv": 1.0360251352341876,
          "stddevserv": 1.0360251352341876,
          "rate": 0.9652275470845171,
          "cv": 1.0,
          "lambda": 0.175
        },
        "MS4_3": {
          "meanserv": 3.090985293153375,
          "stddevserv": 3.090985293153375,
          "rate": 0.32352143577487413,
          "cv": 1.0,
          "lambda": 0.175
        },
        "MS4_4": {
          "meanserv": 0.5673486734875777,
          "stddevserv": 0.5673486734875777,
          "rate": 1.7625845388037122,
          "cv": 1.0,
          "lambda": 0.175
        },
        "MS4_5": {
          "meanserv": 3.3235689660316687,
          "stddevserv": 3.3235689660316687,
          "rate": 0.3008813748775603,
          "cv": 1.0,
          "lambda": 0.175
        }
      },
      "sensors": [
        "S4"
      ],
      "sources": [
        {
          "startTime": 0,
          "stopTime": -1,
          "lambda": 0.175
        }
      ]
    }
  },
  "microservice": {
    "MS1_1": "F2",
    "MS1_2": "F10",
    "MS1_3": "F5",
    "MS1_4": "F5",
    "MS1_5": "F1",
    "MS2_1": "F10",
    "MS2_2": "F10",
    "MS2_3": "F7",
    "MS2_4": "F5",
    "MS2_5": "F5",
    "MS3_1": "F3",
    "MS3_2": "F6",
    "MS3_3": "F3",
    "MS3_4": "F9",
    "MS3_5": "F3",
    "MS4_1": "F2",
    "MS4_2": "F3",
    "MS4_3": "F4",
    "MS4_4": "F4",
    "MS4_5": "F8"
  },
  "sensor": {
    "S1": "F2",
    "S2": "F10",
    "S3": "F3",
    "S4": "F2"
  },
  "fog": {
    "F1": {
      "rho": 0.8914893738513381,
      "capacity": 1.0,
      "tserv": 5.094224993436218,
      "stddev": 5.094224993436217,
      "mu": 0.19630071331526877,
      "cv": 0.9999999999999998,
      "lambda": 0.175,
      "twait": 41.85255961415621
    },
    "F2": {
      "rho": 0.6941309919661177,
      "capacity": 1.0,
      "tserv": 1.9832314056174793,
      "stddev": 1.9832320834902781,
      "mu": 0.5042275940001313,
      "cv": 1.0000003418021703,
      "lambda": 0.35,
      "twait": 4.500694144402245
    },
    "F3": {
      "rho": 0.6621548963581729,
      "capacity": 1.0,
      "tserv": 0.9459355662259614,
      "stddev": 0.9583134231291048,
      "mu": 1.0571544571368023,
      "cv": 1.0130853065949597,
      "lambda": 0.7,
      "twait": 1.8783920278833393
    },
    "F4": {
      "rho": 0.6402084441621667,
      "capacity": 1.0,
      "tserv": 1.8291669833204762,
      "stddev": 2.55543005126903,
      "mu": 0.5466969440836428,
      "cv": 1.3970457998482853,
      "lambda": 0.35,
      "twait": 4.803650966571717
    },
    "F5": {
      "rho": 0.6664864363983183,
      "capacity": 1.0,
      "tserv": 0.9521234805690263,
      "stddev": 1.2347871307023273,
      "mu": 1.0502839394343693,
      "cv": 1.2968770919969015,
      "lambda": 0.7,
      "twait": 2.551420769668949
    },
    "F6": {
      "rho": 0.571433167525267,
      "capacity": 1.0,
      "tserv": 3.2653323858586685,
      "stddev": 3.2653323858586685,
      "mu": 0.30624753679923916,
      "cv": 1.0,
      "lambda": 0.175,
      "twait": 4.353858224397393
    },
    "F7": {
      "rho": 0.9184445142601545,
      "capacity": 1.0,
      "tserv": 5.248254367200883,
      "stddev": 5.248254367200883,
      "mu": 0.19053954515801078,
      "cv": 1.0,
      "lambda": 0.175,
      "twait": 59.10369350718652
    },
    "F8": {
      "rho": 0.5816245690555419,
      "capacity": 1.0,
      "tserv": 3.3235689660316683,
      "stddev": 3.323568966031669,
      "mu": 0.30088137487756034,
      "cv": 1.0000000000000002,
      "lambda": 0.175,
      "twait": 4.620417989724568
    },
    "F9": {
      "rho": 0.6977163347825427,
      "capacity": 1.0,
      "tserv": 3.986950484471673,
      "stddev": 3.986950484471674,
      "mu": 0.25081826420839387,
      "cv": 1.0000000000000002,
      "lambda": 0.175,
      "twait": 9.202483624061895
    },
    "F10": {
      "rho": 0.6763112716403794,
      "capacity": 1.0,
      "tserv": 1.2882119459816752,
      "stddev": 1.5112167509050884,
      "mu": 0.7762697769721078,
      "cv": 1.1731118901816064,
      "lambda": 0.5249999999999999,
      "twait": 3.197847984441769
    }
  },
  "extra": {
    "deltatime": 0.5430304,
    "conv": 8,
    "obj_func": 56.34908898779897
  },
  "network": [
    [
      0.0,
      2.493718105233942,
      2.179752783059185,
      1.881062636361888,
      1.7371561605985546,
      2.2107113764164326,
      1.8966322620796097,
      2.1005627078937543,
      2.55683913510102,
      2.55683913510102
    ],
    [
      2.493718105233942,
      0.0,
      1.927031275320518,
      2.0167472961782584,
      2.6549568039240503,
      2.003274442777093,
      1.8371333300317059,
      2.55683913510102,
      1.7435121312487718,
      1.7435121312487718
    ],
    [
      2.179752783059185,
      1.927031275320518,
      0.0,
      2.504934354160015,
      1.637901211193055,
      1.6607098720844007,
      2.1005627078937543,
      1.7435121312487718,
      1.2104631911286785,
      1.2104631911286785
    ],
    [
      1.881062636361888,
      2.0167472961782584,
      2.504934354160015,
      0.0,
      2.0342021670817396,
      1.8966322620796097,
      2.55683913510102,
      1.2104631911286785,
      2.05360084828613,
      2.05360084828613
    ],
    [
      1.7371561605985546,
      2.6549568039240503,
      1.637901211193055,
      2.0342021670817396,
      0.0,
      1.8371333300317059,
      1.7435121312487718,
      2.05360084828613,
      1.948751056944388,
      1.948751056944388
    ],
    [
      2.2107113764164326,
      2.003274442777093,
      1.6607098720844007,
      1.8966322620796097,
      1.8371333300317059,
      0.0,
      1.2104631911286785,
      1.948751056944388,
      1.8616624889901265,
      1.8616624889901265
    ],
    [
      1.8966322620796097,
      1.8371333300317059,
      2.1005627078937543,
      2.55683913510102,
      1.7435121312487718,
      1.2104631911286785,
      0.0,
      1.8616624889901265,
      1.7841511991110646,
      1.7841511991110646
    ],
    [
      2.1005627078937543,
      2.55683913510102,
      1.7435121312487718,
      1.2104631911286785,
      2.05360084828613,
      1.948751056944388,
      1.8616624889901265,
      0.0,
      2.0297030804403113,
      2.0297030804403113
    ],
    [
      2.55683913510102,
      1.7435121312487718,
      1.2104631911286785,
      2.05360084828613,
      1.948751056944388,
      1.8616624889901265,
      1.7841511991110646,
      2.0297030804403113,
      0.0,
      2.2512288011562567
    ],
    [
      2.55683913510102,
      1.7435121312487718,
      1.2104631911286785,
      2.05360084828613,
      1.948751056944388,
      1.8616624889901265,
      1.7841511991110646,
      2.0297030804403113,
      2.2512288011562567,
      0.0
    ]
  ]
}