{
  "servicechain": {
    "SC1": {
      "resptime": 35.97456889325731,
      "resptime_old": 25.974568893257317,
      "waittime": 20.9270016240373,
      "servicetime": 10.0,
      "networktime": 5.047567269220013,
      "services": {
        "MS1_1": {
          "meanserv": 1.0742511576212377,
          "stddevserv": 1.0742511576212377,
          "rate": 0.9308810075795912,
          "cv": 1.0,
          "lambda": 0.15
        },
        "MS1_2": {
          "meanserv": 0.9309190289678693,
          "stddevserv": 0.9309190289678693,
          "rate": 1.0742072821400186,
          "cv": 1.0,
          "lambda": 0.15
        },
        "MS1_3": {
          "meanserv": 0.3403298721340362,
          "stddevserv": 0.3403298721340362,
          "rate": 2.9383256712950487,
          "cv": 1.0,
          "lambda": 0.15
        },
        "MS1_4": {
          "meanserv": 1.8807264149965208,
          "stddevserv": 1.8807264149965208,
          "rate": 0.531709445896122,
          "cv": 1.0,
          "lambda": 0.15
        },
        "MS1_5": {
          "meanserv": 1.1840933427284597,
          "stddevserv": 1.1840933427284597,
          "rate": 0.8445280147388882,
          "cv": 1.0,
          "lambda": 0.15
        },
        "MS1_6": {
          "meanserv": 0.8145650211225295,
          "stddevserv": 0.8145650211225295,
          "rate": 1.2276490814961925,
          "cv": 1.0,
          "lambda": 0.15
        },
        "MS1_7": {
          "meanserv": 2.0016757736081088,
          "stddevserv": 2.0016757736081088,
          "rate": 0.49958140733124623,
          "cv": 1.0,
          "lambda": 0.15
        },
        "MS1_8": {
          "meanserv": 1.773439388821238,
          "stddevserv": 1.773439388821238,
          "rate": 0.5638760514193133,
          "cv": 1.0,
          "lambda": 0.15
        }
      },
      "sensors": [
        "S1"
      ],
      "sources": [
        {
          "startTime": 0,
          "stopTime": -1,
          "lambda": 0.15
        }
      ]
    },
    "SC2": {
      "resptime": 37.48661843594339,
      "resptime_old": 27.4866184359434,
      "waittime": 22.722027877258686,
      "servicetime": 10.0,
      "networktime": 4.76459055868471,
      "services": {
        "MS2_1": {
          "meanserv": 1.1145317541647681,
          "stddevserv": 1.1145317541647681,
          "rate": 0.8972377828296167,
          "cv": 1.0,
          "lambda": 0.15
        },
        "MS2_2": {
          "meanserv": 1.156230357957061,
          "stddevserv": 1.156230357957061,
          "rate": 0.8648795571903996,
          "cv": 1.0,
          "lambda": 0.15
        },
        "MS2_3": {
          "meanserv": 2.734842429734725,
          "stddevserv": 2.734842429734725,
          "rate": 0.3656517791034119,
          "cv": 1.0,
          "lambda": 0.15
        },
        "MS2_4": {
          "meanserv": 3.059553575823214,
          "stddevserv": 3.059553575823214,
          "rate": 0.3268450691310207,
          "cv": 1.0,
          "lambda": 0.15
        },
        "MS2_5": {
          "meanserv": 0.17853301937962307,
          "stddevserv": 0.17853301937962307,
          "rate": 5.601204771391075,
          "cv": 1.0,
          "lambda": 0.15
        },
        "MS2_6": {
          "meanserv": 0.29289656832797206,
          "stddevserv": 0.29289656832797206,
          "rate": 3.414174518017043,
          "cv": 1.0,
          "lambda": 0.15
        },
        "MS2_7": {
          "meanserv": 0.3642875141530588,
          "stddevserv": 0.3642875141530588,
          "rate": 2.745084476268491,
          "cv": 1.0,
          "lambda": 0.15
        },
        "MS2_8": {
          "meanserv": 1.0991247804595776,
          "stddevserv": 1.0991247804595776,
          "rate": 0.9098148069974998,
          "cv": 1.0,
          "lambda": 0.15
        }
      },
      "sensors": [
        "S2"
      ],
      "sources": [
        {
          "startTime": 0,
          "stopTime": -1,
          "lambda": 0.15
        }
      ]
    },
    "SC3": {
      "resptime": 38.81140540971485,
      "resptime_old": 28.81140540971485,
      "waittime": 24.781329884504718,
      "servicetime": 10.0,
      "networktime": 4.030075525210133,
      "services": {
        "MS3_1": {
          "meanserv": 0.5857849832836082,
          "stddevserv": 0.5857849832836082,
          "rate": 1.7071110194640298,
          "cv": 1.0,
          "lambda": 0.15
        },
        "MS3_2": {
          "meanserv": 0.49911662972882964,
          "stddevserv": 0.49911662972882964,
          "rate": 2.003539734877799,
          "cv": 1.0,
          "lambda": 0.15
        },
        "MS3_3": {
          "meanserv": 1.1660713178520676,
          "stddevserv": 1.1660713178520676,
          "rate": 0.8575804795902405,
          "cv": 1.0,
          "lambda": 0.15
        },
        "MS3_4": {
          "meanserv": 2.0816034759126714,
          "stddevserv": 2.0816034759126714,
          "rate": 0.480398890360977,
          "cv": 1.0,
          "lambda": 0.15
        },
        "MS3_5": {
          "meanserv": 3.723276330514514,
          "stddevserv": 3.723276330514514,
          "rate": 0.2685806561829408,
          "cv": 1.0,
          "lambda": 0.15
        },
        "MS3_6": {
          "meanserv": 1.0107867332488691,
          "stddevserv": 1.0107867332488691,
          "rate": 0.9893283786836038,
          "cv": 1.0,
          "lambda": 0.15
        },
        "MS3_7": {
          "meanserv": 0.4214406221453135,
          "stddevserv": 0.4214406221453135,
          "rate": 2.3728135055172688,
          "cv": 1.0,
          "lambda": 0.15
        },
        "MS3_8": {
          "meanserv": 0.5119199073141267,
          "stddevserv": 0.5119199073141267,
          "rate": 1.953430577151545,
          "cv": 1.0,
          "lambda": 0.15
        }
      },
      "sensors": [
        "S3"
      ],
      "sources": [
        {
          "startTime": 0,
          "stopTime": -1,
          "lambda": 0.15
        }
      ]
    },
    "SC4": {
      "resptime": 36.31747424636979,
      "resptime_old": 26.31747424636979,
      "waittime": 22.23482672770073,
      "servicetime": 10.0,
      "networktime": 4.0826475186690585,
      "services": {
        "MS4_1": {
          "meanserv": 2.9547558715978317,
          "stddevserv": 2.9547558715978317,
          "rate": 0.33843743559742345,
          "cv": 1.0,
          "lambda": 0.15
        },
        "MS4_2": {
          "meanserv": 2.07399098418159,
          "stddevserv": 2.07399098418159,
          "rate": 0.48216217313722143,
          "cv": 1.0,
          "lambda": 0.15
        },
        "MS4_3": {
          "meanserv": 2.020605635082405,
          "stddevserv": 2.020605635082405,
          "rate": 0.4949011240183034,
          "cv": 1.0,
          "lambda": 0.15
        },
        "MS4_4": {
          "meanserv": 0.07125585585648864,
          "stddevserv": 0.07125585585648864,
          "rate": 14.033934305891,
          "cv": 1.0,
          "lambda": 0.15
        },
        "MS4_5": {
          "meanserv": 0.5609461195517635,
          "stddevserv": 0.5609461195517635,
          "rate": 1.782702411417111,
          "cv": 1.0,
          "lambda": 0.15
        },
        "MS4_6": {
          "meanserv": 0.004594763251477119,
          "stddevserv": 0.004594763251477119,
          "rate": 217.6390697994116,
          "cv": 1.0,
          "lambda": 0.15
        },
        "MS4_7": {
          "meanserv": 0.06710818993583434,
          "stddevserv": 0.06710818993583434,
          "rate": 14.901310867662389,
          "cv": 1.0,
          "lambda": 0.15
        },
        "MS4_8": {
          "meanserv": 2.24674258054261,
          "stddevserv": 2.24674258054261,
          "rate": 0.4450888182118712,
          "cv": 1.0,
          "lambda": 0.15
        }
      },
      "sensors": [
        "S4"
      ],
      "sources": [
        {
          "startTime": 0,
          "stopTime": -1,
          "lambda": 0.15
        }
      ]
    }
  },
  "microservice": {
    "MS1_1": "F5",
    "MS1_2": "F9",
    "MS1_3": "F10",
    "MS1_4": "F10",
    "MS1_5": "F10",
    "MS1_6": "F8",
    "MS1_7": "F7",
    "MS1_8": "F7",
    "MS2_1": "F8",
    "MS2_2": "F9",
    "MS2_3": "F5",
    "MS2_4": "F2",
    "MS2_5": "F2",
    "MS2_6": "F2",
    "MS2_7": "F4",
    "MS2_8": "F4",
    "MS3_1": "F6",
    "MS3_2": "F6",
    "MS3_3": "F6",
    "MS3_4": "F6",
    "MS3_5": "F1",
    "MS3_6": "F10",
    "MS3_7": "F3",
    "MS3_8": "F3",
    "MS4_1": "F3",
    "MS4_2": "F8",
    "MS4_3": "F9",
    "MS4_4": "F9",
    "MS4_5": "F4",
    "MS4_6": "F4",
    "MS4_7": "F4",
    "MS4_8": "F4"
  },
  "sensor": {
    "S1": "F5",
    "S2": "F8",
    "S3": "F6",
    "S4": "F3"
  },
  "fog": {
    "F1": {
      "rho": 0.558491449577177,
      "capacity": 1.0,
      "tserv": 3.7232763305145133,
      "stddev": 3.723276330514514,
      "mu": 0.2685806561829408,
      "cv": 1.0000000000000002,
      "lambda": 0.15,
      "twait": 4.709802319828304
    },
    "F2": {
      "rho": 0.5296474745296214,
      "capacity": 1.0,
      "tserv": 1.176994387843603,
      "stddev": 2.2211943992000815,
      "mu": 0.8496217232030491,
      "cv": 1.8871750130173346,
      "lambda": 0.44999999999999996,
      "twait": 3.02279567201239
    },
    "F3": {
      "rho": 0.5832174601585908,
      "capacity": 1.0,
      "tserv": 1.2960388003524241,
      "stddev": 2.10565612770496,
      "mu": 0.7715818382351485,
      "cv": 1.6246860257056976,
      "lambda": 0.44999999999999996,
      "twait": 3.300374502395178
    },
    "F4": {
      "rho": 0.651420592184148,
      "capacity": 1.0,
      "tserv": 0.7238006579823868,
      "stddev": 1.3084540358466512,
      "mu": 1.381595870315352,
      "cv": 1.8077546924231886,
      "lambda": 0.9,
      "twait": 2.8864949788432392
    },
    "F5": {
      "rho": 0.5713640381033944,
      "capacity": 1.0,
      "tserv": 1.9045467936779814,
      "stddev": 2.2374271330746893,
      "mu": 0.5250592966890782,
      "cv": 1.1747819168852571,
      "lambda": 0.3,
      "twait": 3.0212276031136276
    },
    "F6": {
      "rho": 0.6498864610165765,
      "capacity": 1.0,
      "tserv": 1.0831441016942942,
      "stddev": 1.403327209864317,
      "mu": 0.9232381900393151,
      "cv": 1.295605273268054,
      "lambda": 0.6,
      "twait": 2.692722262702467
    },
    "F7": {
      "rho": 0.566267274364402,
      "capacity": 1.0,
      "tserv": 1.8875575812146737,
      "stddev": 1.8944443898070162,
      "mu": 0.5297851625572577,
      "cv": 1.003648529009595,
      "lambda": 0.3,
      "twait": 2.47334109663685
    },
    "F8": {
      "rho": 0.600463163920333,
      "capacity": 1.0,
      "tserv": 1.3343625864896291,
      "stddev": 1.5354370797505885,
      "mu": 0.7494214916732246,
      "cv": 1.150689546677066,
      "lambda": 0.44999999999999996,
      "twait": 2.3303742909102265
    },
    "F9": {
      "rho": 0.6268516316795736,
      "capacity": 1.0,
      "tserv": 1.044752719465956,
      "stddev": 1.4332457777739278,
      "mu": 0.9571642948306158,
      "cv": 1.371851684201939,
      "lambda": 0.6,
      "twait": 2.529049009511188
    },
    "F10": {
      "rho": 0.6623904544661828,
      "capacity": 1.0,
      "tserv": 1.1039840907769713,
      "stddev": 1.3489183424064075,
      "mu": 0.9058101546519673,
      "cv": 1.2218639323480234,
      "lambda": 0.6,
      "twait": 2.6998895090761854
    }
  },
  "extra": {
    "deltatime": 0.0396944,
    "obj_func": 37.14751674632134
  },
  "network": [
    [
      0.0,
      1.4844511396325843,
      1.1762099630087541,
      1.1395045285122256,
      1.1246267465784952,
      1.1079812292108497,
      1.3073526271071536,
      1.2925386756651012,
      1.5845593153119604,
      1.5845593153119604
    ],
    [
      1.4844511396325843,
      0.0,
      1.2454994889280808,
      1.2671794135250416,
      1.0651738737413774,
      1.2714544190502144,
      1.137035722145988,
      1.5845593153119604,
      1.1269927513399018,
      1.1269927513399018
    ],
    [
      1.1762099630087541,
      1.2454994889280808,
      0.0,
      1.521981141905506,
      1.2482462690915415,
      0.8577070676410323,
      1.2925386756651012,
      1.1269927513399018,
      1.3375349806873233,
      1.3375349806873233
    ],
    [
      1.1395045285122256,
      1.2671794135250416,
      1.521981141905506,
      0.0,
      1.1906966166774515,
      1.3073526271071536,
      1.5845593153119604,
      1.3375349806873233,
      1.7513659335695477,
      1.7513659335695477
    ],
    [
      1.1246267465784952,
      1.0651738737413774,
      1.2482462690915415,
      1.1906966166774515,
      0.0,
      1.137035722145988,
      1.1269927513399018,
      1.7513659335695477,
      1.2279484376586818,
      1.2279484376586818
    ],
    [
      1.1079812292108497,
      1.2714544190502144,
      0.8577070676410323,
      1.3073526271071536,
      1.137035722145988,
      0.0,
      1.3375349806873233,
      1.2279484376586818,
      1.4754615791256491,
      1.4754615791256491
    ],
    [
      1.3073526271071536,
      1.137035722145988,
      1.2925386756651012,
      1.5845593153119604,
      1.1269927513399018,
      1.3375349806873233,
      0.0,
      1.4754615791256491,
      1.268864013426817,
      1.268864013426817
    ],
    [
      1.2925386756651012,
      1.5845593153119604,
      1.1269927513399018,
      1.3375349806873233,
      1.7513659335695477,
      1.2279484376586818,
      1.4754615791256491,
      0.0,
      1.2042888337596092,
      1.2042888337596092
    ],
    [
      1.5845593153119604,
      1.1269927513399018,
      1.3375349806873233,
      1.7513659335695477,
      1.2279484376586818,
      1.4754615791256491,
      1.268864013426817,
      1.2042888337596092,
      0.0,
      1.1398684186760737
    ],
    [
      1.5845593153119604,
      1.1269927513399018,
      1.3375349806873233,
      1.7513659335695477,
      1.2279484376586818,
      1.4754615791256491,
      1.268864013426817,
      1.2042888337596092,
      1.1398684186760737,
      0.0
    ]
  ]
}