{
  "servicechain": {
    "SC1": {
      "resptime": 31.25496143590721,
      "resptime_old": 21.254961435907216,
      "waittime": 15.786616145846729,
      "servicetime": 10.0,
      "networktime": 5.468345290060481,
      "services": {
        "MS1_1": {
          "meanserv": 0.2998332240438073,
          "stddevserv": 0.2998332240438073,
          "rate": 3.3351874302425353,
          "cv": 1.0,
          "lambda": 0.15
        },
        "MS1_2": {
          "meanserv": 0.9114282544140218,
          "stddevserv": 0.9114282544140218,
          "rate": 1.0971790650081648,
          "cv": 1.0,
          "lambda": 0.15
        },
        "MS1_3": {
          "meanserv": 0.016543197062330872,
          "stddevserv": 0.016543197062330872,
          "rate": 60.4478080163245,
          "cv": 1.0,
          "lambda": 0.15
        },
        "MS1_4": {
          "meanserv": 0.13549174319534285,
          "stddevserv": 0.13549174319534285,
          "rate": 7.380523539048926,
          "cv": 1.0,
          "lambda": 0.15
        },
        "MS1_5": {
          "meanserv": 2.0586901008141454,
          "stddevserv": 2.0586901008141454,
          "rate": 0.4857457660113741,
          "cv": 1.0,
          "lambda": 0.15
        },
        "MS1_6": {
          "meanserv": 0.2705641007516135,
          "stddevserv": 0.2705641007516135,
          "rate": 3.6959818291563815,
          "cv": 1.0,
          "lambda": 0.15
        },
        "MS1_7": {
          "meanserv": 1.1619833235857326,
          "stddevserv": 1.1619833235857326,
          "rate": 0.8605975487790369,
          "cv": 1.0,
          "lambda": 0.15
        },
        "MS1_8": {
          "meanserv": 1.5937699745284357,
          "stddevserv": 1.5937699745284357,
          "rate": 0.6274431166240786,
          "cv": 1.0,
          "lambda": 0.15
        },
        "MS1_9": {
          "meanserv": 0.15602610203152611,
          "stddevserv": 0.15602610203152611,
          "rate": 6.40918402100402,
          "cv": 1.0,
          "lambda": 0.15
        },
        "MS1_10": {
          "meanserv": 0.5343523631864544,
          "stddevserv": 0.5343523631864544,
          "rate": 1.871424305184676,
          "cv": 1.0,
          "lambda": 0.15
        },
        "MS1_11": {
          "meanserv": 1.1962724632979373,
          "stddevserv": 1.1962724632979373,
          "rate": 0.8359299663582954,
          "cv": 1.0,
          "lambda": 0.15
        },
        "MS1_12": {
          "meanserv": 0.19962833244701272,
          "stddevserv": 0.19962833244701272,
          "rate": 5.009308988068764,
          "cv": 1.0,
          "lambda": 0.15
        },
        "MS1_13": {
          "meanserv": 0.49634841735530166,
          "stddevserv": 0.49634841735530166,
          "rate": 2.014713787803153,
          "cv": 1.0,
          "lambda": 0.15
        },
        "MS1_14": {
          "meanserv": 0.8084177491488092,
          "stddevserv": 0.8084177491488092,
          "rate": 1.2369842214039828,
          "cv": 1.0,
          "lambda": 0.15
        },
        "MS1_15": {
          "meanserv": 0.16065065413752855,
          "stddevserv": 0.16065065413752855,
          "rate": 6.224686761274734,
          "cv": 1.0,
          "lambda": 0.15
        }
      },
      "sensors": [
        "S1"
      ],
      "sources": [
        {
          "startTime": 0,
          "stopTime": -1,
          "lambda": 0.15
        }
      ]
    },
    "SC2": {
      "resptime": 31.64245293752659,
      "resptime_old": 21.642452937526592,
      "waittime": 17.887998584792886,
      "servicetime": 10.0,
      "networktime": 3.754454352733702,
      "services": {
        "MS2_1": {
          "meanserv": 1.0540106530977666,
          "stddevserv": 1.0540106530977666,
          "rate": 0.9487570140405812,
          "cv": 1.0,
          "lambda": 0.15
        },
        "MS2_2": {
          "meanserv": 0.8737351264748439,
          "stddevserv": 0.8737351264748439,
          "rate": 1.144511614217208,
          "cv": 1.0,
          "lambda": 0.15
        },
        "MS2_3": {
          "meanserv": 0.8083764424128781,
          "stddevserv": 0.8083764424128781,
          "rate": 1.2370474293080034,
          "cv": 1.0,
          "lambda": 0.15
        },
        "MS2_4": {
          "meanserv": 0.08406960163646282,
          "stddevserv": 0.08406960163646282,
          "rate": 11.894905893859715,
          "cv": 1.0,
          "lambda": 0.15
        },
        "MS2_5": {
          "meanserv": 1.4439974370668223,
          "stddevserv": 1.4439974370668223,
          "rate": 0.6925220047698215,
          "cv": 1.0,
          "lambda": 0.15
        },
        "MS2_6": {
          "meanserv": 1.725333382767242,
          "stddevserv": 1.725333382767242,
          "rate": 0.5795981286794044,
          "cv": 1.0,
          "lambda": 0.15
        },
        "MS2_7": {
          "meanserv": 0.39581148429892554,
          "stddevserv": 0.39581148429892554,
          "rate": 2.5264552436401213,
          "cv": 1.0,
          "lambda": 0.15
        },
        "MS2_8": {
          "meanserv": 0.41751273608943684,
          "stddevserv": 0.41751273608943684,
          "rate": 2.3951365157535855,
          "cv": 1.0,
          "lambda": 0.15
        },
        "MS2_9": {
          "meanserv": 0.19584607845261104,
          "stddevserv": 0.19584607845261104,
          "rate": 5.106050669490277,
          "cv": 1.0,
          "lambda": 0.15
        },
        "MS2_10": {
          "meanserv": 0.43453424328378976,
          "stddevserv": 0.43453424328378976,
          "rate": 2.30131460398372,
          "cv": 1.0,
          "lambda": 0.15
        },
        "MS2_11": {
          "meanserv": 0.048606541382054225,
          "stddevserv": 0.048606541382054225,
          "rate": 20.573362587966503,
          "cv": 1.0,
          "lambda": 0.15
        },
        "MS2_12": {
          "meanserv": 0.13206006120582536,
          "stddevserv": 0.13206006120582536,
          "rate": 7.572312104576615,
          "cv": 1.0,
          "lambda": 0.15
        },
        "MS2_13": {
          "meanserv": 0.4365152642539325,
          "stddevserv": 0.4365152642539325,
          "rate": 2.290870633605778,
          "cv": 1.0,
          "lambda": 0.15
        },
        "MS2_14": {
          "meanserv": 0.07310582614696237,
          "stddevserv": 0.07310582614696237,
          "rate": 13.678800346086385,
          "cv": 1.0,
          "lambda": 0.15
        },
        "MS2_15": {
          "meanserv": 1.8764851214304468,
          "stddevserv": 1.8764851214304468,
          "rate": 0.5329112331238197,
          "cv": 1.0,
          "lambda": 0.15
        }
      },
      "sensors": [
        "S2"
      ],
      "sources": [
        {
          "startTime": 0,
          "stopTime": -1,
          "lambda": 0.15
        }
      ]
    },
    "SC3": {
      "resptime": 31.333522206891598,
      "resptime_old": 21.333522206891598,
      "waittime": 16.330852526698987,
      "servicetime": 10.0,
      "networktime": 5.00266968019261,
      "services": {
        "MS3_1": {
          "meanserv": 0.9399648482037182,
          "stddevserv": 0.9399648482037182,
          "rate": 1.0638695711983375,
          "cv": 1.0,
          "lambda": 0.15
        },
        "MS3_2": {
          "meanserv": 0.15312090678724743,
          "stddevserv": 0.15312090678724743,
          "rate": 6.530786820570764,
          "cv": 1.0,
          "lambda": 0.15
        },
        "MS3_3": {
          "meanserv": 0.2445245688067188,
          "stddevserv": 0.2445245688067188,
          "rate": 4.0895686060505305,
          "cv": 1.0,
          "lambda": 0.15
        },
        "MS3_4": {
          "meanserv": 0.2741564374416483,
          "stddevserv": 0.2741564374416483,
          "rate": 3.647552504444988,
          "cv": 1.0,
          "lambda": 0.15
        },
        "MS3_5": {
          "meanserv": 0.8195077049867874,
          "stddevserv": 0.8195077049867874,
          "rate": 1.220244781000714,
          "cv": 1.0,
          "lambda": 0.15
        },
        "MS3_6": {
          "meanserv": 0.07696270869544453,
          "stddevserv": 0.07696270869544453,
          "rate": 12.99330567947111,
          "cv": 1.0,
          "lambda": 0.15
        },
        "MS3_7": {
          "meanserv": 0.4849306519477583,
          "stddevserv": 0.4849306519477583,
          "rate": 2.062150528087736,
          "cv": 1.0,
          "lambda": 0.15
        },
        "MS3_8": {
          "meanserv": 0.6782445983890382,
          "stddevserv": 0.6782445983890382,
          "rate": 1.474394344422636,
          "cv": 1.0,
          "lambda": 0.15
        },
        "MS3_9": {
          "meanserv": 0.7196060551224726,
          "stddevserv": 0.7196060551224726,
          "rate": 1.3896492294381904,
          "cv": 1.0,
          "lambda": 0.15
        },
        "MS3_10": {
          "meanserv": 0.22380119643344898,
          "stddevserv": 0.22380119643344898,
          "rate": 4.46825135851035,
          "cv": 1.0,
          "lambda": 0.15
        },
        "MS3_11": {
          "meanserv": 0.099988420781699,
          "stddevserv": 0.099988420781699,
          "rate": 10.001158055923923,
          "cv": 1.0,
          "lambda": 0.15
        },
        "MS3_12": {
          "meanserv": 1.5101534848104814,
          "stddevserv": 1.5101534848104814,
          "rate": 0.6621843475237859,
          "cv": 1.0,
          "lambda": 0.15
        },
        "MS3_13": {
          "meanserv": 0.8207932086071441,
          "stddevserv": 0.8207932086071441,
          "rate": 1.218333667376419,
          "cv": 1.0,
          "lambda": 0.15
        },
        "MS3_14": {
          "meanserv": 2.5235424761554803,
          "stddevserv": 2.5235424761554803,
          "rate": 0.39626834477676853,
          "cv": 1.0,
          "lambda": 0.15
        },
        "MS3_15": {
          "meanserv": 0.43070273283091254,
          "stddevserv": 0.43070273283091254,
          "rate": 2.321786986182382,
          "cv": 1.0,
          "lambda": 0.15
        }
      },
      "sensors": [
        "S3"
      ],
      "sources": [
        {
          "startTime": 0,
          "stopTime": -1,
          "lambda": 0.15
        }
      ]
    },
    "SC4": {
      "resptime": 32.409463721505865,
      "resptime_old": 22.409463721505865,
      "waittime": 17.87466690664663,
      "servicetime": 10.0,
      "networktime": 4.534796814859233,
      "services": {
        "MS4_1": {
          "meanserv": 2.273196931767983,
          "stddevserv": 2.273196931767983,
          "rate": 0.43990909279569024,
          "cv": 1.0,
          "lambda": 0.15
        },
        "MS4_2": {
          "meanserv": 0.6823660687213611,
          "stddevserv": 0.6823660687213611,
          "rate": 1.4654890473581597,
          "cv": 1.0,
          "lambda": 0.15
        },
        "MS4_3": {
          "meanserv": 0.1541950674181667,
          "stddevserv": 0.1541950674181667,
          "rate": 6.485291758964423,
          "cv": 1.0,
          "lambda": 0.15
        },
        "MS4_4": {
          "meanserv": 0.8237014857940617,
          "stddevserv": 0.8237014857940617,
          "rate": 1.2140320458885463,
          "cv": 1.0,
          "lambda": 0.15
        },
        "MS4_5": {
          "meanserv": 0.36088620593575893,
          "stddevserv": 0.36088620593575893,
          "rate": 2.770956560689408,
          "cv": 1.0,
          "lambda": 0.15
        },
        "MS4_6": {
          "meanserv": 0.1962758432883014,
          "stddevserv": 0.1962758432883014,
          "rate": 5.09487048047549,
          "cv": 1.0,
          "lambda": 0.15
        },
        "MS4_7": {
          "meanserv": 0.3751312826502087,
          "stddevserv": 0.3751312826502087,
          "rate": 2.6657334278689055,
          "cv": 1.0,
          "lambda": 0.15
        },
        "MS4_8": {
          "meanserv": 0.09708786414460668,
          "stddevserv": 0.09708786414460668,
          "rate": 10.299948493156247,
          "cv": 1.0,
          "lambda": 0.15
        },
        "MS4_9": {
          "meanserv": 0.018251039369034494,
          "stddevserv": 0.018251039369034494,
          "rate": 54.791400083035455,
          "cv": 1.0,
          "lambda": 0.15
        },
        "MS4_10": {
          "meanserv": 0.7043114283304295,
          "stddevserv": 0.7043114283304295,
          "rate": 1.4198264571263601,
          "cv": 1.0,
          "lambda": 0.15
        },
        "MS4_11": {
          "meanserv": 1.748465009213124,
          "stddevserv": 1.748465009213124,
          "rate": 0.5719302329361674,
          "cv": 1.0,
          "lambda": 0.15
        },
        "MS4_12": {
          "meanserv": 0.20840913443720765,
          "stddevserv": 0.20840913443720765,
          "rate": 4.798254177775944,
          "cv": 1.0,
          "lambda": 0.15
        },
        "MS4_13": {
          "meanserv": 1.6575607790478628,
          "stddevserv": 1.6575607790478628,
          "rate": 0.6032961280457062,
          "cv": 1.0,
          "lambda": 0.15
        },
        "MS4_14": {
          "meanserv": 0.05957821251004525,
          "stddevserv": 0.05957821251004525,
          "rate": 16.78465932208681,
          "cv": 1.0,
          "lambda": 0.15
        },
        "MS4_15": {
          "meanserv": 0.640583647371848,
          "stddevserv": 0.640583647371848,
          "rate": 1.5610763779293242,
          "cv": 1.0,
          "lambda": 0.15
        }
      },
      "sensors": [
        "S4"
      ],
      "sources": [
        {
          "startTime": 0,
          "stopTime": -1,
          "lambda": 0.15
        }
      ]
    }
  },
  "microservice": {
    "MS1_1": "F6",
    "MS1_2": "F4",
    "MS1_3": "F6",
    "MS1_4": "F6",
    "MS1_5": "F9",
    "MS1_6": "F6",
    "MS1_7": "F5",
    "MS1_8": "F5",
    "MS1_9": "F6",
    "MS1_10": "F4",
    "MS1_11": "F5",
    "MS1_12": "F1",
    "MS1_13": "F1",
    "MS1_14": "F1",
    "MS1_15": "F1",
    "MS2_1": "F2",
    "MS2_2": "F2",
    "MS2_3": "F2",
    "MS2_4": "F1",
    "MS2_5": "F2",
    "MS2_6": "F8",
    "MS2_7": "F1",
    "MS2_8": "F1",
    "MS2_9": "F1",
    "MS2_10": "F1",
    "MS2_11": "F6",
    "MS2_12": "F6",
    "MS2_13": "F6",
    "MS2_14": "F6",
    "MS2_15": "F10",
    "MS3_1": "F4",
    "MS3_2": "F6",
    "MS3_3": "F6",
    "MS3_4": "F6",
    "MS3_5": "F4",
    "MS3_6": "F6",
    "MS3_7": "F7",
    "MS3_8": "F7",
    "MS3_9": "F7",
    "MS3_10": "F6",
    "MS3_11": "F6",
    "MS3_12": "F10",
    "MS3_13": "F10",
    "MS3_14": "F8",
    "MS3_15": "F1",
    "MS4_1": "F9",
    "MS4_2": "F7",
    "MS4_3": "F7",
    "MS4_4": "F7",
    "MS4_5": "F7",
    "MS4_6": "F6",
    "MS4_7": "F6",
    "MS4_8": "F6",
    "MS4_9": "F6",
    "MS4_10": "F3",
    "MS4_11": "F3",
    "MS4_12": "F6",
    "MS4_13": "F3",
    "MS4_14": "F6",
    "MS4_15": "F4"
  },
  "sensor": {
    "S1": "F6",
    "S2": "F2",
    "S3": "F4",
    "S4": "F9"
  },
  "fog": {
    "F1": {
      "rho": 0.5435283044521185,
      "capacity": 1.0,
      "tserv": 0.3623522029680791,
      "stddev": 0.4603905668624953,
      "mu": 2.7597458820695886,
      "cv": 1.270560971042455,
      "lambda": 1.4999999999999998,
      "twait": 0.5639866552510872
    },
    "F2": {
      "rho": 0.6270179488578468,
      "capacity": 1.0,
      "tserv": 1.045029914763078,
      "stddev": 1.101993092873951,
      "mu": 0.9569104059826968,
      "cv": 1.05450865789214,
      "lambda": 0.6,
      "twait": 1.8551640426894678
    },
    "F3": {
      "rho": 0.6165505824887122,
      "capacity": 1.0,
      "tserv": 1.3701124055304719,
      "stddev": 1.5242222513081904,
      "mu": 0.72986712328382,
      "cv": 1.1124797098074966,
      "lambda": 0.44999999999999996,
      "twait": 2.4647418636012577
    },
    "F4": {
      "rho": 0.5768755227244243,
      "capacity": 1.0,
      "tserv": 0.7691673636325659,
      "stddev": 0.8006652312833448,
      "mu": 1.3001071642942248,
      "cv": 1.040950603392769,
      "lambda": 0.75,
      "twait": 1.0924828083101998
    },
    "F5": {
      "rho": 0.5928038642118159,
      "capacity": 1.0,
      "tserv": 1.317341920470702,
      "stddev": 1.3461775958370612,
      "mu": 0.7591043634614528,
      "cv": 1.0218892869939613,
      "lambda": 0.44999999999999996,
      "twait": 1.9602503491877603
    },
    "F6": {
      "rho": 0.5394050513128509,
      "capacity": 1.0,
      "tserv": 0.1712396988294765,
      "stddev": 0.23386607453563252,
      "mu": 5.839767336870976,
      "cv": 1.3657234632754198,
      "lambda": 3.149999999999999,
      "twait": 0.28729318772077406
    },
    "F7": {
      "rho": 0.5855895199992927,
      "capacity": 1.0,
      "tserv": 0.557704304761231,
      "stddev": 0.6375196553791161,
      "mu": 1.7930648758899723,
      "cv": 1.1431141017497728,
      "lambda": 1.05,
      "twait": 0.9089281147882952
    },
    "F8": {
      "rho": 0.6373313788384083,
      "capacity": 1.0,
      "tserv": 2.124437929461361,
      "stddev": 2.1981368006832316,
      "mu": 0.47071274059465895,
      "cv": 1.0346909976515795,
      "lambda": 0.3,
      "twait": 3.865115989654995
    },
    "F9": {
      "rho": 0.6497830548873191,
      "capacity": 1.0,
      "tserv": 2.165943516291064,
      "stddev": 2.171248006568165,
      "mu": 0.4616925568365643,
      "cv": 1.0024490436787494,
      "lambda": 0.3,
      "twait": 4.028486922054831
    },
    "F10": {
      "rho": 0.6311147722272108,
      "capacity": 1.0,
      "tserv": 1.402477271616024,
      "stddev": 1.5329813444899667,
      "mu": 0.7130240327158642,
      "cv": 1.0930525403264235,
      "lambda": 0.44999999999999996,
      "twait": 2.6331203972414876
    }
  },
  "extra": {
    "deltatime": 9.2664424,
    "conv": 12,
    "obj_func": 31.660100075457812
  },
  "network": [
    [
      0.0,
      0.651406143448371,
      0.7134127142061318,
      0.8084343206674569,
      0.734012602487512,
      0.5460661635907628,
      0.58866776042846,
      0.5332907712414003,
      0.7100942622912815,
      0.7100942622912815
    ],
    [
      0.651406143448371,
      0.0,
      0.8019342927604062,
      0.7451725706657366,
      0.6576640409733788,
      0.8429972403738827,
      0.6054094262884772,
      0.7100942622912815,
      0.7799355994997635,
      0.7799355994997635
    ],
    [
      0.7134127142061318,
      0.8019342927604062,
      0.0,
      0.4778118832553136,
      0.7987370915218001,
      0.6838605617518783,
      0.5332907712414003,
      0.7799355994997635,
      0.5912270946611192,
      0.5912270946611192
    ],
    [
      0.8084343206674569,
      0.7451725706657366,
      0.4778118832553136,
      0.0,
      0.43312881628360267,
      0.58866776042846,
      0.7100942622912815,
      0.5912270946611192,
      0.7275832279002883,
      0.7275832279002883
    ],
    [
      0.734012602487512,
      0.6576640409733788,
      0.7987370915218001,
      0.43312881628360267,
      0.0,
      0.6054094262884772,
      0.7799355994997635,
      0.7275832279002883,
      0.5752871939243255,
      0.5752871939243255
    ],
    [
      0.5460661635907628,
      0.8429972403738827,
      0.6838605617518783,
      0.58866776042846,
      0.6054094262884772,
      0.0,
      0.5912270946611192,
      0.5752871939243255,
      0.6621908687135155,
      0.6621908687135155
    ],
    [
      0.58866776042846,
      0.6054094262884772,
      0.5332907712414003,
      0.7100942622912815,
      0.7799355994997635,
      0.5912270946611192,
      0.0,
      0.6621908687135155,
      0.6194597127621404,
      0.6194597127621404
    ],
    [
      0.5332907712414003,
      0.7100942622912815,
      0.7799355994997635,
      0.5912270946611192,
      0.7275832279002883,
      0.5752871939243255,
      0.6621908687135155,
      0.0,
      0.8587305696300749,
      0.8587305696300749
    ],
    [
      0.7100942622912815,
      0.7799355994997635,
      0.5912270946611192,
      0.7275832279002883,
      0.5752871939243255,
      0.6621908687135155,
      0.6194597127621404,
      0.8587305696300749,
      0.0,
      0.5482491833486853
    ],
    [
      0.7100942622912815,
      0.7799355994997635,
      0.5912270946611192,
      0.7275832279002883,
      0.5752871939243255,
      0.6621908687135155,
      0.6194597127621404,
      0.8587305696300749,
      0.5482491833486853,
      0.0
    ]
  ]
}