{
  "servicechain": {
    "SC1": {
      "resptime": 37.987875941194616,
      "resptime_old": 27.987875941194613,
      "waittime": 23.567281167241628,
      "servicetime": 10.0,
      "networktime": 4.420594773952988,
      "services": {
        "MS1_1": {
          "meanserv": 2.2765884657093673,
          "stddevserv": 2.2765884657093673,
          "rate": 0.4392537408768816,
          "cv": 1.0,
          "lambda": 0.15
        },
        "MS1_2": {
          "meanserv": 0.8136221396927468,
          "stddevserv": 0.8136221396927468,
          "rate": 1.229071765890781,
          "cv": 1.0,
          "lambda": 0.15
        },
        "MS1_3": {
          "meanserv": 0.3788818897768742,
          "stddevserv": 0.3788818897768742,
          "rate": 2.6393449435889003,
          "cv": 1.0,
          "lambda": 0.15
        },
        "MS1_4": {
          "meanserv": 2.3326491960153044,
          "stddevserv": 2.3326491960153044,
          "rate": 0.4286971233000777,
          "cv": 1.0,
          "lambda": 0.15
        },
        "MS1_5": {
          "meanserv": 0.09707732419510773,
          "stddevserv": 0.09707732419510773,
          "rate": 10.301066786618286,
          "cv": 1.0,
          "lambda": 0.15
        },
        "MS1_6": {
          "meanserv": 0.3799057718069063,
          "stddevserv": 0.3799057718069063,
          "rate": 2.6322316590343022,
          "cv": 1.0,
          "lambda": 0.15
        },
        "MS1_7": {
          "meanserv": 0.9366346722837555,
          "stddevserv": 0.9366346722837555,
          "rate": 1.0676521269085026,
          "cv": 1.0,
          "lambda": 0.15
        },
        "MS1_8": {
          "meanserv": 0.40285405209634906,
          "stddevserv": 0.40285405209634906,
          "rate": 2.4822885479151986,
          "cv": 1.0,
          "lambda": 0.15
        },
        "MS1_9": {
          "meanserv": 2.010034047059027,
          "stddevserv": 2.010034047059027,
          "rate": 0.4975040106724291,
          "cv": 1.0,
          "lambda": 0.15
        },
        "MS1_10": {
          "meanserv": 0.37175244136456165,
          "stddevserv": 0.37175244136456165,
          "rate": 2.689962159574207,
          "cv": 1.0,
          "lambda": 0.15
        }
      },
      "sensors": [
        "S1"
      ],
      "sources": [
        {
          "startTime": 0,
          "stopTime": -1,
          "lambda": 0.15
        }
      ]
    },
    "SC2": {
      "resptime": 39.16918615647608,
      "resptime_old": 29.16918615647608,
      "waittime": 24.992435139668846,
      "servicetime": 10.0,
      "networktime": 4.176751016807236,
      "services": {
        "MS2_1": {
          "meanserv": 0.4286312251934832,
          "stddevserv": 0.4286312251934832,
          "rate": 2.333007819364075,
          "cv": 1.0,
          "lambda": 0.15
        },
        "MS2_2": {
          "meanserv": 0.16411196566801123,
          "stddevserv": 0.16411196566801123,
          "rate": 6.0934009042518005,
          "cv": 1.0,
          "lambda": 0.15
        },
        "MS2_3": {
          "meanserv": 0.24138491222120972,
          "stddevserv": 0.24138491222120972,
          "rate": 4.142760998597878,
          "cv": 1.0,
          "lambda": 0.15
        },
        "MS2_4": {
          "meanserv": 2.41257950789631,
          "stddevserv": 2.41257950789631,
          "rate": 0.41449411168710754,
          "cv": 1.0,
          "lambda": 0.15
        },
        "MS2_5": {
          "meanserv": 0.6002333683842629,
          "stddevserv": 0.6002333683842629,
          "rate": 1.666018673190143,
          "cv": 1.0,
          "lambda": 0.15
        },
        "MS2_6": {
          "meanserv": 0.27523752678140134,
          "stddevserv": 0.27523752678140134,
          "rate": 3.633225496878622,
          "cv": 1.0,
          "lambda": 0.15
        },
        "MS2_7": {
          "meanserv": 1.3597971075003734,
          "stddevserv": 1.3597971075003734,
          "rate": 0.7354038293538033,
          "cv": 1.0,
          "lambda": 0.15
        },
        "MS2_8": {
          "meanserv": 1.14211695958807,
          "stddevserv": 1.14211695958807,
          "rate": 0.875567070084199,
          "cv": 1.0,
          "lambda": 0.15
        },
        "MS2_9": {
          "meanserv": 2.531863351238253,
          "stddevserv": 2.531863351238253,
          "rate": 0.3949660235458332,
          "cv": 1.0,
          "lambda": 0.15
        },
        "MS2_10": {
          "meanserv": 0.8440440755286254,
          "stddevserv": 0.8440440755286254,
          "rate": 1.184772251820735,
          "cv": 1.0,
          "lambda": 0.15
        }
      },
      "sensors": [
        "S2"
      ],
      "sources": [
        {
          "startTime": 0,
          "stopTime": -1,
          "lambda": 0.15
        }
      ]
    },
    "SC3": {
      "resptime": 35.93622638037859,
      "resptime_old": 25.9362263803786,
      "waittime": 22.421514253739534,
      "servicetime": 10.0,
      "networktime": 3.514712126639061,
      "services": {
        "MS3_1": {
          "meanserv": 0.7234828869206356,
          "stddevserv": 0.7234828869206356,
          "rate": 1.3822027004070627,
          "cv": 1.0,
          "lambda": 0.15
        },
        "MS3_2": {
          "meanserv": 1.354257981722985,
          "stddevserv": 1.354257981722985,
          "rate": 0.738411745395606,
          "cv": 1.0,
          "lambda": 0.15
        },
        "MS3_3": {
          "meanserv": 1.5259914801060983,
          "stddevserv": 1.5259914801060983,
          "rate": 0.6553116534638008,
          "cv": 1.0,
          "lambda": 0.15
        },
        "MS3_4": {
          "meanserv": 1.6723672595869905,
          "stddevserv": 1.6723672595869905,
          "rate": 0.5979547819221006,
          "cv": 1.0,
          "lambda": 0.15
        },
        "MS3_5": {
          "meanserv": 2.3187305725457223,
          "stddevserv": 2.3187305725457223,
          "rate": 0.43127045972491107,
          "cv": 1.0,
          "lambda": 0.15
        },
        "MS3_6": {
          "meanserv": 0.11988003537136915,
          "stddevserv": 0.11988003537136915,
          "rate": 8.341672547077252,
          "cv": 1.0,
          "lambda": 0.15
        },
        "MS3_7": {
          "meanserv": 0.33868633973391127,
          "stddevserv": 0.33868633973391127,
          "rate": 2.952584390576985,
          "cv": 1.0,
          "lambda": 0.15
        },
        "MS3_8": {
          "meanserv": 0.24848555232995473,
          "stddevserv": 0.24848555232995473,
          "rate": 4.024378844658691,
          "cv": 1.0,
          "lambda": 0.15
        },
        "MS3_9": {
          "meanserv": 0.5126343704557446,
          "stddevserv": 0.5126343704557446,
          "rate": 1.950708063353176,
          "cv": 1.0,
          "lambda": 0.15
        },
        "MS3_10": {
          "meanserv": 1.1854835212265886,
          "stddevserv": 1.1854835212265886,
          "rate": 0.8435376638262557,
          "cv": 1.0,
          "lambda": 0.15
        }
      },
      "sensors": [
        "S3"
      ],
      "sources": [
        {
          "startTime": 0,
          "stopTime": -1,
          "lambda": 0.15
        }
      ]
    },
    "SC4": {
      "resptime": 36.638401331785786,
      "resptime_old": 26.63840133178579,
      "waittime": 21.95719627228509,
      "servicetime": 10.0,
      "networktime": 4.6812050595007015,
      "services": {
        "MS4_1": {
          "meanserv": 0.663889267525033,
          "stddevserv": 0.663889267525033,
          "rate": 1.506275291552734,
          "cv": 1.0,
          "lambda": 0.15
        },
        "MS4_2": {
          "meanserv": 1.3107652748139986,
          "stddevserv": 1.3107652748139986,
          "rate": 0.762913100625055,
          "cv": 1.0,
          "lambda": 0.15
        },
        "MS4_3": {
          "meanserv": 0.4901696758049221,
          "stddevserv": 0.4901696758049221,
          "rate": 2.0401098830886886,
          "cv": 1.0,
          "lambda": 0.15
        },
        "MS4_4": {
          "meanserv": 1.7427432890451682,
          "stddevserv": 1.7427432890451682,
          "rate": 0.5738079763588647,
          "cv": 1.0,
          "lambda": 0.15
        },
        "MS4_5": {
          "meanserv": 0.9581318893877908,
          "stddevserv": 0.9581318893877908,
          "rate": 1.043697648597169,
          "cv": 1.0,
          "lambda": 0.15
        },
        "MS4_6": {
          "meanserv": 1.5959399263827088,
          "stddevserv": 1.5959399263827088,
          "rate": 0.6265900009573409,
          "cv": 1.0,
          "lambda": 0.15
        },
        "MS4_7": {
          "meanserv": 0.49396542052270753,
          "stddevserv": 0.49396542052270753,
          "rate": 2.024433206158062,
          "cv": 1.0,
          "lambda": 0.15
        },
        "MS4_8": {
          "meanserv": 2.099054861113623,
          "stddevserv": 2.099054861113623,
          "rate": 0.4764048898986207,
          "cv": 1.0,
          "lambda": 0.15
        },
        "MS4_9": {
          "meanserv": 0.10828140033602196,
          "stddevserv": 0.10828140033602196,
          "rate": 9.235196413204587,
          "cv": 1.0,
          "lambda": 0.15
        },
        "MS4_10": {
          "meanserv": 0.5370589950680262,
          "stddevserv": 0.5370589950680262,
          "rate": 1.8619928335309526,
          "cv": 1.0,
          "lambda": 0.15
        }
      },
      "sensors": [
        "S4"
      ],
      "sources": [
        {
          "startTime": 0,
          "stopTime": -1,
          "lambda": 0.15
        }
      ]
    }
  },
  "microservice": {
    "MS1_1": "F5",
    "MS1_2": "F2",
    "MS1_3": "F3",
    "MS1_4": "F3",
    "MS1_5": "F5",
    "MS1_6": "F5",
    "MS1_7": "F4",
    "MS1_8": "F4",
    "MS1_9": "F7",
    "MS1_10": "F7",
    "MS2_1": "F3",
    "MS2_2": "F3",
    "MS2_3": "F2",
    "MS2_4": "F2",
    "MS2_5": "F2",
    "MS2_6": "F8",
    "MS2_7": "F10",
    "MS2_8": "F1",
    "MS2_9": "F1",
    "MS2_10": "F3",
    "MS3_1": "F8",
    "MS3_2": "F8",
    "MS3_3": "F9",
    "MS3_4": "F9",
    "MS3_5": "F4",
    "MS3_6": "F4",
    "MS3_7": "F9",
    "MS3_8": "F6",
    "MS3_9": "F6",
    "MS3_10": "F6",
    "MS4_1": "F10",
    "MS4_2": "F7",
    "MS4_3": "F7",
    "MS4_4": "F8",
    "MS4_5": "F5",
    "MS4_6": "F10",
    "MS4_7": "F10",
    "MS4_8": "F6",
    "MS4_9": "F9",
    "MS4_10": "F9"
  },
  "sensor": {
    "S1": "F5",
    "S2": "F3",
    "S3": "F8",
    "S4": "F10"
  },
  "fog": {
    "F1": {
      "rho": 0.5510970466239484,
      "capacity": 1.0,
      "tserv": 1.8369901554131616,
      "stddev": 2.083321950068502,
      "mu": 0.5443687311296929,
      "cv": 1.1340953264934277,
      "lambda": 0.3,
      "twait": 2.5778722730721295
    },
    "F2": {
      "rho": 0.6101729892291793,
      "capacity": 1.0,
      "tserv": 1.016954982048632,
      "stddev": 1.5544569420640602,
      "mu": 0.9833276965569541,
      "cv": 1.5285405642368188,
      "lambda": 0.6,
      "twait": 2.6554346350360403
    },
    "F3": {
      "rho": 0.6222477528273447,
      "capacity": 1.0,
      "tserv": 0.8296636704364596,
      "stddev": 1.3837654582894823,
      "mu": 1.2053076874800748,
      "cv": 1.6678631445457017,
      "lambda": 0.75,
      "twait": 2.5841824923751595
    },
    "F4": {
      "rho": 0.5667148998445793,
      "capacity": 1.0,
      "tserv": 0.9445248330742989,
      "stddev": 1.5241726061974306,
      "mu": 1.0587334128051848,
      "cv": 1.6136924650635787,
      "lambda": 0.6,
      "twait": 2.2261757623029643
    },
    "F5": {
      "rho": 0.5567555176648756,
      "capacity": 1.0,
      "tserv": 0.9279258627747929,
      "stddev": 1.5054121276871566,
      "mu": 1.0776723013298526,
      "cv": 1.6223409520944878,
      "lambda": 0.6,
      "twait": 2.116650430379939
    },
    "F6": {
      "rho": 0.6068487457688866,
      "capacity": 1.0,
      "tserv": 1.0114145762814777,
      "stddev": 1.4300389271492788,
      "mu": 0.9887142458204983,
      "cv": 1.4138998593503536,
      "lambda": 0.6,
      "twait": 2.341061419944039
    },
    "F7": {
      "rho": 0.6274082158563764,
      "capacity": 1.0,
      "tserv": 1.0456803597606275,
      "stddev": 1.4053316041340016,
      "mu": 0.9563151785971342,
      "cv": 1.3439399439956048,
      "lambda": 0.6,
      "twait": 2.470589365854759
    },
    "F8": {
      "rho": 0.6143582526705285,
      "capacity": 1.0,
      "tserv": 1.0239304211175475,
      "stddev": 1.2987465152615862,
      "mu": 0.9766288601022038,
      "cv": 1.2683933287616325,
      "lambda": 0.6,
      "twait": 2.1277592769467084
    },
    "F9": {
      "rho": 0.6273578212246572,
      "capacity": 1.0,
      "tserv": 0.8364770949662096,
      "stddev": 1.231437060486924,
      "mu": 1.1954899972968132,
      "cv": 1.4721706881127083,
      "lambda": 0.75,
      "twait": 2.230153305136023
    },
    "F10": {
      "rho": 0.6170387582896234,
      "capacity": 1.0,
      "tserv": 1.0283979304827058,
      "stddev": 1.2177065762230457,
      "mu": 0.9723862430670427,
      "cv": 1.1840811228115589,
      "lambda": 0.6,
      "twait": 1.9900799343442774
    }
  },
  "extra": {
    "deltatime": 0.0453382,
    "obj_func": 37.43292245245877
  },
  "network": [
    [
      0.0,
      1.1936362942952672,
      1.1139694686335102,
      1.1053278729129072,
      0.7689149061746086,
      1.1336431414955532,
      0.9894583242238144,
      0.9716480449241821,
      0.7690491669896745,
      0.7690491669896745
    ],
    [
      1.1936362942952672,
      0.0,
      0.7319976172911925,
      0.575643444103107,
      1.106460021453395,
      0.8741253295483902,
      1.0432005023013784,
      0.7690491669896745,
      1.2038607712165348,
      1.2038607712165348
    ],
    [
      1.1139694686335102,
      0.7319976172911925,
      0.0,
      1.1043960091975953,
      1.286499266389484,
      1.3418548144117388,
      0.9716480449241821,
      1.2038607712165348,
      1.0319481125512313,
      1.0319481125512313
    ],
    [
      1.1053278729129072,
      0.575643444103107,
      1.1043960091975953,
      0.0,
      0.5265887018292419,
      0.9894583242238144,
      0.7690491669896745,
      1.0319481125512313,
      0.9942249792906135,
      0.9942249792906135
    ],
    [
      0.7689149061746086,
      1.106460021453395,
      1.286499266389484,
      0.5265887018292419,
      0.0,
      1.0432005023013784,
      1.2038607712165348,
      0.9942249792906135,
      0.8168775986011033,
      0.8168775986011033
    ],
    [
      1.1336431414955532,
      0.8741253295483902,
      1.3418548144117388,
      0.9894583242238144,
      1.0432005023013784,
      0.0,
      1.0319481125512313,
      0.8168775986011033,
      0.7335765711546497,
      0.7335765711546497
    ],
    [
      0.9894583242238144,
      1.0432005023013784,
      0.9716480449241821,
      0.7690491669896745,
      1.2038607712165348,
      1.0319481125512313,
      0.0,
      0.7335765711546497,
      0.6693727681450354,
      0.6693727681450354
    ],
    [
      0.9716480449241821,
      0.7690491669896745,
      1.2038607712165348,
      1.0319481125512313,
      0.9942249792906135,
      0.8168775986011033,
      0.7335765711546497,
      0.0,
      0.7926855969031843,
      0.7926855969031843
    ],
    [
      0.7690491669896745,
      1.2038607712165348,
      1.0319481125512313,
      0.9942249792906135,
      0.8168775986011033,
      0.7335765711546497,
      0.6693727681450354,
      0.7926855969031843,
      0.0,
      0.6551598610694311
    ],
    [
      0.7690491669896745,
      1.2038607712165348,
      1.0319481125512313,
      0.9942249792906135,
      0.8168775986011033,
      0.7335765711546497,
      0.6693727681450354,
      0.7926855969031843,
      0.6551598610694311,
      0.0
    ]
  ]
}