{
  "servicechain": {
    "SC1": {
      "resptime": 15.837465676549565,
      "resptime_old": 5.837465676549565,
      "waittime": 2.849514465353799,
      "servicetime": 10.0,
      "networktime": 2.987951211195765,
      "services": {
        "MS1_1": {
          "meanserv": 1.8327085223014028,
          "stddevserv": 1.8327085223014028,
          "rate": 0.5456405030213214,
          "cv": 1.0,
          "lambda": 0.05
        },
        "MS1_2": {
          "meanserv": 1.0277580179905832,
          "stddevserv": 1.0277580179905832,
          "rate": 0.9729916794569463,
          "cv": 1.0,
          "lambda": 0.05
        },
        "MS1_3": {
          "meanserv": 1.000428281481259,
          "stddevserv": 1.000428281481259,
          "rate": 0.9995719018652443,
          "cv": 1.0,
          "lambda": 0.05
        },
        "MS1_4": {
          "meanserv": 5.157460582614416,
          "stddevserv": 5.157460582614416,
          "rate": 0.19389387160242352,
          "cv": 1.0,
          "lambda": 0.05
        },
        "MS1_5": {
          "meanserv": 0.9816445956123392,
          "stddevserv": 0.9816445956123392,
          "rate": 1.018698625214975,
          "cv": 1.0,
          "lambda": 0.05
        }
      },
      "sensors": [
        "S1"
      ],
      "sources": [
        {
          "startTime": 0,
          "stopTime": -1,
          "lambda": 0.05
        }
      ]
    },
    "SC2": {
      "resptime": 16.16527818161435,
      "resptime_old": 6.165278181614351,
      "waittime": 4.275732545695752,
      "servicetime": 10.0,
      "networktime": 1.8895456359185987,
      "services": {
        "MS2_1": {
          "meanserv": 1.199845395538205,
          "stddevserv": 1.199845395538205,
          "rate": 0.8334407113771838,
          "cv": 1.0,
          "lambda": 0.05
        },
        "MS2_2": {
          "meanserv": 4.442783677947628,
          "stddevserv": 4.442783677947628,
          "rate": 0.22508410773264484,
          "cv": 1.0,
          "lambda": 0.05
        },
        "MS2_3": {
          "meanserv": 1.4384504217888088,
          "stddevserv": 1.4384504217888088,
          "rate": 0.6951925383402742,
          "cv": 1.0,
          "lambda": 0.05
        },
        "MS2_4": {
          "meanserv": 0.9196205143192984,
          "stddevserv": 0.9196205143192984,
          "rate": 1.0874050594012665,
          "cv": 1.0,
          "lambda": 0.05
        },
        "MS2_5": {
          "meanserv": 1.99929999040606,
          "stddevserv": 1.99929999040606,
          "rate": 0.5001750636716098,
          "cv": 1.0,
          "lambda": 0.05
        }
      },
      "sensors": [
        "S2"
      ],
      "sources": [
        {
          "startTime": 0,
          "stopTime": -1,
          "lambda": 0.05
        }
      ]
    },
    "SC3": {
      "resptime": 16.287079416822717,
      "resptime_old": 6.287079416822717,
      "waittime": 4.433545352827162,
      "servicetime": 10.0,
      "networktime": 1.8535340639955553,
      "services": {
        "MS3_1": {
          "meanserv": 5.520056658258446,
          "stddevserv": 5.520056658258446,
          "rate": 0.1811575608565394,
          "cv": 1.0,
          "lambda": 0.05
        },
        "MS3_2": {
          "meanserv": 1.655983769356598,
          "stddevserv": 1.655983769356598,
          "rate": 0.6038706529041233,
          "cv": 1.0,
          "lambda": 0.05
        },
        "MS3_3": {
          "meanserv": 0.012064102302124624,
          "stddevserv": 0.012064102302124624,
          "rate": 82.89054377662967,
          "cv": 1.0,
          "lambda": 0.05
        },
        "MS3_4": {
          "meanserv": 2.487951225618426,
          "stddevserv": 2.487951225618426,
          "rate": 0.4019371399660102,
          "cv": 1.0,
          "lambda": 0.05
        },
        "MS3_5": {
          "meanserv": 0.3239442444644052,
          "stddevserv": 0.3239442444644052,
          "rate": 3.086950971002294,
          "cv": 1.0,
          "lambda": 0.05
        }
      },
      "sensors": [
        "S3"
      ],
      "sources": [
        {
          "startTime": 0,
          "stopTime": -1,
          "lambda": 0.05
        }
      ]
    },
    "SC4": {
      "resptime": 15.44288438813756,
      "resptime_old": 5.442884388137561,
      "waittime": 3.741732488470163,
      "servicetime": 10.0,
      "networktime": 1.7011518996673978,
      "services": {
        "MS4_1": {
          "meanserv": 2.1317009099478925,
          "stddevserv": 2.1317009099478925,
          "rate": 0.4691089614557814,
          "cv": 1.0,
          "lambda": 0.05
        },
        "MS4_2": {
          "meanserv": 2.8891755629178073,
          "stddevserv": 2.8891755629178073,
          "rate": 0.34611949956758253,
          "cv": 1.0,
          "lambda": 0.05
        },
        "MS4_3": {
          "meanserv": 0.5936780907251622,
          "stddevserv": 0.5936780907251622,
          "rate": 1.68441452636146,
          "cv": 1.0,
          "lambda": 0.05
        },
        "MS4_4": {
          "meanserv": 2.464662318337848,
          "stddevserv": 2.464662318337848,
          "rate": 0.40573509505123334,
          "cv": 1.0,
          "lambda": 0.05
        },
        "MS4_5": {
          "meanserv": 1.9207831180712898,
          "stddevserv": 1.9207831180712898,
          "rate": 0.520620985571826,
          "cv": 1.0,
          "lambda": 0.05
        }
      },
      "sensors": [
        "S4"
      ],
      "sources": [
        {
          "startTime": 0,
          "stopTime": -1,
          "lambda": 0.05
        }
      ]
    }
  },
  "microservice": {
    "MS1_1": "F10",
    "MS1_2": "F10",
    "MS1_3": "F10",
    "MS1_4": "F4",
    "MS1_5": "F2",
    "MS2_1": "F7",
    "MS2_2": "F7",
    "MS2_3": "F1",
    "MS2_4": "F1",
    "MS2_5": "F1",
    "MS3_1": "F3",
    "MS3_2": "F6",
    "MS3_3": "F6",
    "MS3_4": "F6",
    "MS3_5": "F6",
    "MS4_1": "F8",
    "MS4_2": "F8",
    "MS4_3": "F5",
    "MS4_4": "F5",
    "MS4_5": "F5"
  },
  "sensor": {
    "S1": "F10",
    "S2": "F7",
    "S3": "F3",
    "S4": "F8"
  },
  "fog": {
    "F1": {
      "rho": 0.2178685463257084,
      "capacity": 1.0,
      "tserv": 1.4524569755047223,
      "stddev": 1.5806317427746996,
      "mu": 0.6884885520636537,
      "cv": 1.0882468599288024,
      "lambda": 0.15000000000000002,
      "twait": 0.44187213833861455
    },
    "F2": {
      "rho": 0.04908222978061697,
      "capacity": 1.0,
      "tserv": 0.9816445956123393,
      "stddev": 0.9816445956123392,
      "mu": 1.0186986252149748,
      "cv": 0.9999999999999999,
      "lambda": 0.05,
      "twait": 0.05066821455406172
    },
    "F3": {
      "rho": 0.2760028329129223,
      "capacity": 1.0,
      "tserv": 5.520056658258446,
      "stddev": 5.520056658258447,
      "mu": 0.1811575608565394,
      "cv": 1.0000000000000002,
      "lambda": 0.05,
      "twait": 2.1043608245720216
    },
    "F4": {
      "rho": 0.2578730291307208,
      "capacity": 1.0,
      "tserv": 5.157460582614416,
      "stddev": 5.157460582614416,
      "mu": 0.19389387160242352,
      "cv": 1.0,
      "lambda": 0.05,
      "twait": 1.7921057113760888
    },
    "F5": {
      "rho": 0.24895617635671505,
      "capacity": 1.0,
      "tserv": 1.6597078423781,
      "stddev": 1.9974110947978274,
      "mu": 0.602515680450818,
      "cv": 1.2034715049221265,
      "lambda": 0.15000000000000002,
      "twait": 0.6734907795682854
    },
    "F6": {
      "rho": 0.2239971670870777,
      "capacity": 1.0,
      "tserv": 1.1199858354353884,
      "stddev": 1.8067280396289414,
      "mu": 0.8928684349041391,
      "cv": 1.6131704370409163,
      "lambda": 0.2,
      "twait": 0.5822961320637849
    },
    "F7": {
      "rho": 0.28213145367429165,
      "capacity": 1.0,
      "tserv": 2.8213145367429164,
      "stddev": 3.6356760123799803,
      "mu": 0.35444470546501206,
      "cv": 1.2886461133742317,
      "lambda": 0.1,
      "twait": 1.4750580653399543
    },
    "F8": {
      "rho": 0.251043823643285,
      "capacity": 1.0,
      "tserv": 2.5104382364328495,
      "stddev": 2.5669406038882214,
      "mu": 0.3983368264104069,
      "cv": 1.0225069737368475,
      "lambda": 0.1,
      "twait": 0.8606300748826533
    },
    "F9": {
      "rho": 0,
      "capacity": 1.0,
      "tserv": 0,
      "stddev": 0,
      "mu": 0,
      "cv": 0,
      "lambda": 0.0,
      "twait": 0
    },
    "F10": {
      "rho": 0.19304474108866224,
      "capacity": 1.0,
      "tserv": 1.2869649405910815,
      "stddev": 1.3979856175182346,
      "mu": 0.7770219440016111,
      "cv": 1.0862655022103114,
      "lambda": 0.15000000000000002,
      "twait": 0.3355801798078829
    }
  },
  "extra": {
    "deltatime": 0.7971645,
    "conv": 5,
    "obj_func": 15.933176915781047
  },
  "network": [
    [
      0.0,
      2.2513665421796047,
      1.4781719078660749,
      2.230356543520433,
      1.8430106601422305,
      2.1200296052398926,
      1.8895456359185987,
      2.1262879319896926,
      1.9831977758088921,
      1.9831977758088921
    ],
    [
      2.2513665421796047,
      0.0,
      1.5061679707235474,
      1.2867993115283674,
      1.8621945131461832,
      2.0155895376579256,
      1.5316150098709063,
      1.9831977758088921,
      1.947015805189359,
      1.947015805189359
    ],
    [
      1.4781719078660749,
      1.5061679707235474,
      0.0,
      1.5039049720368727,
      2.108072466813421,
      1.8535340639955553,
      2.1262879319896926,
      1.947015805189359,
      2.40524235662943,
      2.40524235662943
    ],
    [
      2.230356543520433,
      1.2867993115283674,
      1.5039049720368727,
      0.0,
      2.305446233977038,
      1.8895456359185987,
      1.9831977758088921,
      2.40524235662943,
      1.7011518996673978,
      1.7011518996673978
    ],
    [
      1.8430106601422305,
      1.8621945131461832,
      2.108072466813421,
      2.305446233977038,
      0.0,
      1.5316150098709063,
      1.947015805189359,
      1.7011518996673978,
      2.8129363878442355,
      2.8129363878442355
    ],
    [
      2.1200296052398926,
      2.0155895376579256,
      1.8535340639955553,
      1.8895456359185987,
      1.5316150098709063,
      0.0,
      2.40524235662943,
      2.8129363878442355,
      1.859298873949315,
      1.859298873949315
    ],
    [
      1.8895456359185987,
      1.5316150098709063,
      2.1262879319896926,
      1.9831977758088921,
      1.947015805189359,
      2.40524235662943,
      0.0,
      1.859298873949315,
      2.5988396148971087,
      2.5988396148971087
    ],
    [
      2.1262879319896926,
      1.9831977758088921,
      1.947015805189359,
      2.40524235662943,
      1.7011518996673978,
      2.8129363878442355,
      1.859298873949315,
      0.0,
      2.3497848106106893,
      2.3497848106106893
    ],
    [
      1.9831977758088921,
      1.947015805189359,
      2.40524235662943,
      1.7011518996673978,
      2.8129363878442355,
      1.859298873949315,
      2.5988396148971087,
      2.3497848106106893,
      0.0,
      1.4333011556465773
    ],
    [
      1.9831977758088921,
      1.947015805189359,
      2.40524235662943,
      1.7011518996673978,
      2.8129363878442355,
      1.859298873949315,
      2.5988396148971087,
      2.3497848106106893,
      1.4333011556465773,
      0.0
    ]
  ]
}