{
  "servicechain": {
    "SC1": {
      "resptime": 7817.061291105787,
      "resptime_old": 7807.061291105789,
      "waittime": 7801.820199758602,
      "servicetime": 10.0,
      "networktime": 5.241091347185036,
      "services": {
        "MS1_1": {
          "meanserv": 4.111997862655508,
          "stddevserv": 4.111997862655508,
          "rate": 0.24319078788484705,
          "cv": 1.0,
          "lambda": 0.3
        },
        "MS1_2": {
          "meanserv": 0.017493494476447324,
          "stddevserv": 0.017493494476447324,
          "rate": 57.164107568465965,
          "cv": 1.0,
          "lambda": 0.3
        },
        "MS1_3": {
          "meanserv": 0.15030638663061957,
          "stddevserv": 0.15030638663061957,
          "rate": 6.653077240540128,
          "cv": 1.0,
          "lambda": 0.3
        },
        "MS1_4": {
          "meanserv": 0.742331241870807,
          "stddevserv": 0.742331241870807,
          "rate": 1.347107522350564,
          "cv": 1.0,
          "lambda": 0.3
        },
        "MS1_5": {
          "meanserv": 2.4428676784774455,
          "stddevserv": 2.4428676784774455,
          "rate": 0.40935495966906615,
          "cv": 1.0,
          "lambda": 0.3
        },
        "MS1_6": {
          "meanserv": 0.3615090851643723,
          "stddevserv": 0.3615090851643723,
          "rate": 2.766182209626395,
          "cv": 1.0,
          "lambda": 0.3
        },
        "MS1_7": {
          "meanserv": 0.30060384719805455,
          "stddevserv": 0.30060384719805455,
          "rate": 3.3266373977613943,
          "cv": 1.0,
          "lambda": 0.3
        },
        "MS1_8": {
          "meanserv": 0.6285848263778746,
          "stddevserv": 0.6285848263778746,
          "rate": 1.590875181894462,
          "cv": 1.0,
          "lambda": 0.3
        },
        "MS1_9": {
          "meanserv": 0.7731024448797346,
          "stddevserv": 0.7731024448797346,
          "rate": 1.2934896359764612,
          "cv": 1.0,
          "lambda": 0.3
        },
        "MS1_10": {
          "meanserv": 0.471203132269137,
          "stddevserv": 0.471203132269137,
          "rate": 2.122226979231603,
          "cv": 1.0,
          "lambda": 0.3
        }
      },
      "sensors": [
        "S1"
      ],
      "sources": [
        {
          "startTime": 0,
          "stopTime": -1,
          "lambda": 0.3
        }
      ]
    },
    "SC2": {
      "resptime": 7823.74721208792,
      "resptime_old": 7813.74721208792,
      "waittime": 7809.195863909241,
      "servicetime": 10.0,
      "networktime": 4.551348178679386,
      "services": {
        "MS2_1": {
          "meanserv": 0.841534308687234,
          "stddevserv": 0.841534308687234,
          "rate": 1.1883056812739665,
          "cv": 1.0,
          "lambda": 0.3
        },
        "MS2_2": {
          "meanserv": 2.6014043289270905,
          "stddevserv": 2.6014043289270905,
          "rate": 0.38440775579566855,
          "cv": 1.0,
          "lambda": 0.3
        },
        "MS2_3": {
          "meanserv": 0.19224432175572748,
          "stddevserv": 0.19224432175572748,
          "rate": 5.201714104568643,
          "cv": 1.0,
          "lambda": 0.3
        },
        "MS2_4": {
          "meanserv": 3.0989564795914726,
          "stddevserv": 3.0989564795914726,
          "rate": 0.32268926865724407,
          "cv": 1.0,
          "lambda": 0.3
        },
        "MS2_5": {
          "meanserv": 2.4144089534881674,
          "stddevserv": 2.4144089534881674,
          "rate": 0.4141800412706682,
          "cv": 1.0,
          "lambda": 0.3
        },
        "MS2_6": {
          "meanserv": 0.3252055249303112,
          "stddevserv": 0.3252055249303112,
          "rate": 3.074978508481034,
          "cv": 1.0,
          "lambda": 0.3
        },
        "MS2_7": {
          "meanserv": 0.16622539601464936,
          "stddevserv": 0.16622539601464936,
          "rate": 6.015927914600188,
          "cv": 1.0,
          "lambda": 0.3
        },
        "MS2_8": {
          "meanserv": 0.006232310086639714,
          "stddevserv": 0.006232310086639714,
          "rate": 160.45414719394552,
          "cv": 1.0,
          "lambda": 0.3
        },
        "MS2_9": {
          "meanserv": 0.2431953288826456,
          "stddevserv": 0.2431953288826456,
          "rate": 4.111921082507929,
          "cv": 1.0,
          "lambda": 0.3
        },
        "MS2_10": {
          "meanserv": 0.11059304763606193,
          "stddevserv": 0.11059304763606193,
          "rate": 9.042159714151166,
          "cv": 1.0,
          "lambda": 0.3
        }
      },
      "sensors": [
        "S2"
      ],
      "sources": [
        {
          "startTime": 0,
          "stopTime": -1,
          "lambda": 0.3
        }
      ]
    },
    "SC3": {
      "resptime": 31.866664254983057,
      "resptime_old": 21.866664254983064,
      "waittime": 17.190738824089948,
      "servicetime": 10.0,
      "networktime": 4.675925430893109,
      "services": {
        "MS3_1": {
          "meanserv": 0.29703373769344177,
          "stddevserv": 0.29703373769344177,
          "rate": 3.36662093594252,
          "cv": 1.0,
          "lambda": 0.3
        },
        "MS3_2": {
          "meanserv": 2.679317062516231,
          "stddevserv": 2.679317062516231,
          "rate": 0.37322943745256804,
          "cv": 1.0,
          "lambda": 0.3
        },
        "MS3_3": {
          "meanserv": 1.7774563931624812,
          "stddevserv": 1.7774563931624812,
          "rate": 0.5626017064873151,
          "cv": 1.0,
          "lambda": 0.3
        },
        "MS3_4": {
          "meanserv": 0.8495139911413823,
          "stddevserv": 0.8495139911413823,
          "rate": 1.177143649696021,
          "cv": 1.0,
          "lambda": 0.3
        },
        "MS3_5": {
          "meanserv": 0.3625331985388467,
          "stddevserv": 0.3625331985388467,
          "rate": 2.7583680723045467,
          "cv": 1.0,
          "lambda": 0.3
        },
        "MS3_6": {
          "meanserv": 0.3996778438623405,
          "stddevserv": 0.3996778438623405,
          "rate": 2.502015098801489,
          "cv": 1.0,
          "lambda": 0.3
        },
        "MS3_7": {
          "meanserv": 0.8031130485029685,
          "stddevserv": 0.8031130485029685,
          "rate": 1.2451547162183902,
          "cv": 1.0,
          "lambda": 0.3
        },
        "MS3_8": {
          "meanserv": 1.1953464972067227,
          "stddevserv": 1.1953464972067227,
          "rate": 0.83657751316191,
          "cv": 1.0,
          "lambda": 0.3
        },
        "MS3_9": {
          "meanserv": 1.5735023427386672,
          "stddevserv": 1.5735023427386672,
          "rate": 0.6355249514656004,
          "cv": 1.0,
          "lambda": 0.3
        },
        "MS3_10": {
          "meanserv": 0.0625058846369182,
          "stddevserv": 0.0625058846369182,
          "rate": 15.998493674775775,
          "cv": 1.0,
          "lambda": 0.3
        }
      },
      "sensors": [
        "S3"
      ],
      "sources": [
        {
          "startTime": 0,
          "stopTime": -1,
          "lambda": 0.3
        }
      ]
    },
    "SC4": {
      "resptime": 29.11286227472163,
      "resptime_old": 19.11286227472163,
      "waittime": 15.122798277478722,
      "servicetime": 10.0,
      "networktime": 3.990063997242908,
      "services": {
        "MS4_1": {
          "meanserv": 1.4278791045846617,
          "stddevserv": 1.4278791045846617,
          "rate": 0.7003394032374175,
          "cv": 1.0,
          "lambda": 0.3
        },
        "MS4_2": {
          "meanserv": 0.24381485883300358,
          "stddevserv": 0.24381485883300358,
          "rate": 4.101472751851155,
          "cv": 1.0,
          "lambda": 0.3
        },
        "MS4_3": {
          "meanserv": 0.11562016174414769,
          "stddevserv": 0.11562016174414769,
          "rate": 8.649010561089417,
          "cv": 1.0,
          "lambda": 0.3
        },
        "MS4_4": {
          "meanserv": 0.3813893011826266,
          "stddevserv": 0.3813893011826266,
          "rate": 2.621992795548175,
          "cv": 1.0,
          "lambda": 0.3
        },
        "MS4_5": {
          "meanserv": 0.32075724562912944,
          "stddevserv": 0.32075724562912944,
          "rate": 3.1176224812587225,
          "cv": 1.0,
          "lambda": 0.3
        },
        "MS4_6": {
          "meanserv": 0.01890930574815064,
          "stddevserv": 0.01890930574815064,
          "rate": 52.88401453330996,
          "cv": 1.0,
          "lambda": 0.3
        },
        "MS4_7": {
          "meanserv": 1.1558569462243105,
          "stddevserv": 1.1558569462243105,
          "rate": 0.8651589656198992,
          "cv": 1.0,
          "lambda": 0.3
        },
        "MS4_8": {
          "meanserv": 2.4574021513713333,
          "stddevserv": 2.4574021513713333,
          "rate": 0.40693380179632305,
          "cv": 1.0,
          "lambda": 0.3
        },
        "MS4_9": {
          "meanserv": 1.828008371284234,
          "stddevserv": 1.828008371284234,
          "rate": 0.5470434466869909,
          "cv": 1.0,
          "lambda": 0.3
        },
        "MS4_10": {
          "meanserv": 2.0503625533984025,
          "stddevserv": 2.0503625533984025,
          "rate": 0.48771862241755043,
          "cv": 1.0,
          "lambda": 0.3
        }
      },
      "sensors": [
        "S4"
      ],
      "sources": [
        {
          "startTime": 0,
          "stopTime": -1,
          "lambda": 0.3
        }
      ]
    }
  },
  "microservice": {
    "MS1_1": "F1",
    "MS1_2": "F14",
    "MS1_3": "F16",
    "MS1_4": "F16",
    "MS1_5": "F5",
    "MS1_6": "F16",
    "MS1_7": "F16",
    "MS1_8": "F10",
    "MS1_9": "F10",
    "MS1_10": "F13",
    "MS2_1": "F20",
    "MS2_2": "F3",
    "MS2_3": "F20",
    "MS2_4": "F1",
    "MS2_5": "F15",
    "MS2_6": "F13",
    "MS2_7": "F13",
    "MS2_8": "F14",
    "MS2_9": "F14",
    "MS2_10": "F14",
    "MS3_1": "F13",
    "MS3_2": "F2",
    "MS3_3": "F17",
    "MS3_4": "F11",
    "MS3_5": "F11",
    "MS3_6": "F18",
    "MS3_7": "F18",
    "MS3_8": "F19",
    "MS3_9": "F8",
    "MS3_10": "F20",
    "MS4_1": "F9",
    "MS4_2": "F14",
    "MS4_3": "F14",
    "MS4_4": "F14",
    "MS4_5": "F14",
    "MS4_6": "F14",
    "MS4_7": "F12",
    "MS4_8": "F4",
    "MS4_9": "F7",
    "MS4_10": "F6"
  },
  "sensor": {
    "S1": "F1",
    "S2": "F20",
    "S3": "F13",
    "S4": "F9"
  },
  "fog": {
    "F1": {
      "rho": 2.163286302674094,
      "capacity": 1.0,
      "tserv": 3.60547717112349,
      "stddev": 3.675947776205858,
      "mu": 0.2773557985636596,
      "cv": 1.0195454309478844,
      "lambda": 0.6,
      "twait": 7791.879699516685
    },
    "F2": {
      "rho": 0.8037951187548693,
      "capacity": 1.0,
      "tserv": 2.679317062516231,
      "stddev": 2.6793170625162315,
      "mu": 0.37322943745256804,
      "cv": 1.0000000000000002,
      "lambda": 0.3,
      "twait": 10.97639346574936
    },
    "F3": {
      "rho": 0.7804212986781272,
      "capacity": 1.0,
      "tserv": 2.6014043289270905,
      "stddev": 2.601404328927091,
      "mu": 0.38440775579566855,
      "cv": 1.0000000000000002,
      "lambda": 0.3,
      "twait": 9.245848220006524
    },
    "F4": {
      "rho": 0.7372206454114,
      "capacity": 1.0,
      "tserv": 2.4574021513713333,
      "stddev": 2.4574021513713333,
      "mu": 0.40693380179632305,
      "cv": 1.0,
      "lambda": 0.3,
      "twait": 6.8941778280321975
    },
    "F5": {
      "rho": 0.7328603035432336,
      "capacity": 1.0,
      "tserv": 2.4428676784774455,
      "stddev": 2.4428676784774455,
      "mu": 0.40935495966906615,
      "cv": 1.0,
      "lambda": 0.3,
      "twait": 6.701664979448953
    },
    "F6": {
      "rho": 0.6151087660195207,
      "capacity": 1.0,
      "tserv": 2.0503625533984025,
      "stddev": 2.0503625533984025,
      "mu": 0.48771862241755043,
      "cv": 1.0,
      "lambda": 0.3,
      "twait": 3.2767594290741617
    },
    "F7": {
      "rho": 0.5484025113852702,
      "capacity": 1.0,
      "tserv": 1.828008371284234,
      "stddev": 1.8280083712842343,
      "mu": 0.5470434466869909,
      "cv": 1.0000000000000002,
      "lambda": 0.3,
      "twait": 2.2198626142069147
    },
    "F8": {
      "rho": 0.47205070282160017,
      "capacity": 1.0,
      "tserv": 1.5735023427386672,
      "stddev": 1.5735023427386672,
      "mu": 0.6355249514656004,
      "cv": 1.0,
      "lambda": 0.3,
      "twait": 1.4069019331040629
    },
    "F9": {
      "rho": 0.42836373137539846,
      "capacity": 1.0,
      "tserv": 1.4278791045846617,
      "stddev": 1.4278791045846617,
      "mu": 0.7003394032374175,
      "cv": 1.0,
      "lambda": 0.3,
      "twait": 1.0700014235704933
    },
    "F10": {
      "rho": 0.4205061813772827,
      "capacity": 1.0,
      "tserv": 0.7008436356288045,
      "stddev": 0.7082545253156702,
      "mu": 1.426851795697323,
      "cv": 1.0105742412574192,
      "lambda": 0.6,
      "twait": 0.5139690410802629
    },
    "F11": {
      "rho": 0.3636141569040687,
      "capacity": 1.0,
      "tserv": 0.6060235948401145,
      "stddev": 0.6970220539443727,
      "mu": 1.6501007692016136,
      "cv": 1.150156627364098,
      "lambda": 0.6,
      "twait": 0.4021637268221726
    },
    "F12": {
      "rho": 0.34675708386729315,
      "capacity": 1.0,
      "tserv": 1.1558569462243105,
      "stddev": 1.1558569462243105,
      "mu": 0.8651589656198992,
      "cv": 1.0,
      "lambda": 0.3,
      "twait": 0.6135567246764806
    },
    "F13": {
      "rho": 0.3779003372722618,
      "capacity": 1.0,
      "tserv": 0.31491694772688483,
      "stddev": 0.35021820411178906,
      "mu": 3.1754404049008533,
      "cv": 1.112097035868389,
      "lambda": 1.2,
      "twait": 0.21394527701647648
    },
    "F14": {
      "rho": 0.4374015162656557,
      "capacity": 1.0,
      "tserv": 0.1620005615798725,
      "stddev": 0.2472673380697481,
      "mu": 6.172818107837,
      "cv": 1.5263363019135943,
      "lambda": 2.6999999999999997,
      "twait": 0.20968805158369494
    },
    "F15": {
      "rho": 0.7243226860464502,
      "capacity": 1.0,
      "tserv": 2.4144089534881674,
      "stddev": 2.4144089534881674,
      "mu": 0.4141800412706682,
      "cv": 1.0,
      "lambda": 0.3,
      "twait": 6.343689124524095
    },
    "F16": {
      "rho": 0.4664251682591559,
      "capacity": 1.0,
      "tserv": 0.3886876402159633,
      "stddev": 0.49625749909333977,
      "mu": 2.5727599659314566,
      "cv": 1.2767514264606106,
      "lambda": 1.2,
      "twait": 0.4468159629268517
    },
    "F17": {
      "rho": 0.5332369179487442,
      "capacity": 1.0,
      "tserv": 1.777456393162481,
      "stddev": 1.7774563931624814,
      "mu": 0.5626017064873152,
      "cv": 1.0000000000000002,
      "lambda": 0.3,
      "twait": 2.0305919755114075
    },
    "F18": {
      "rho": 0.3608372677095927,
      "capacity": 1.0,
      "tserv": 0.6013954461826545,
      "stddev": 0.6656248679706511,
      "mu": 1.6627994214912665,
      "cv": 1.1068006453917993,
      "lambda": 0.6,
      "twait": 0.37771270455637845
    },
    "F19": {
      "rho": 0.35860394916201677,
      "capacity": 1.0,
      "tserv": 1.1953464972067227,
      "stddev": 1.1953464972067227,
      "mu": 0.83657751316191,
      "cv": 1.0,
      "lambda": 0.3,
      "twait": 0.668317140330496
    },
    "F20": {
      "rho": 0.32888535452396395,
      "capacity": 1.0,
      "tserv": 0.36542817169329334,
      "stddev": 0.6048350929846413,
      "mu": 2.736515894125721,
      "cv": 1.6551408452774792,
      "lambda": 0.8999999999999999,
      "twait": 0.33483616962104157
    }
  },
  "extra": {
    "deltatime": 0.1209164,
    "obj_func": 3925.4470074308533
  },
  "network": [
    [
      0.0,
      1.284016568272537,
      0.5810282783300963,
      1.0875455121229303,
      1.1115458723651246,
      0.9011189653076404,
      1.2245191515103926,
      0.8312315278573769,
      0.8037297144061801,
      0.9592330956589243,
      0.9118160194859433,
      0.9764489250497167,
      1.1121309343249726,
      0.8868829283776082,
      0.7313810857263204,
      1.2292388885799543,
      0.8207127628186955,
      1.0105994239980614,
      1.2046735850013115,
      1.2046735850013115
    ],
    [
      1.284016568272537,
      0.0,
      1.1203335947980824,
      1.1399239894015014,
      0.8181070539119576,
      1.440274938966583,
      1.064524167810576,
      0.8748600284912973,
      1.243393307614669,
      1.0642539615407203,
      1.0193701503509045,
      0.9617352602522347,
      0.9103358474195418,
      1.3554509929232557,
      1.166855379844869,
      1.1041094290373425,
      0.7663489369601899,
      1.2046735850013115,
      0.9889390787558071,
      0.9889390787558071
    ],
    [
      0.5810282783300963,
      1.1203335947980824,
      0.0,
      1.0068760429811996,
      0.8533193629279379,
      0.8017204993364124,
      0.6672976784191336,
      1.1806708047411294,
      0.9792636803666623,
      0.7904879774551123,
      0.973828433323835,
      1.0625807366698945,
      1.1597472718156026,
      1.23276521499237,
      1.1435788905000008,
      1.0531555171240863,
      1.0105994239980614,
      0.9889390787558071,
      0.5981935817110194,
      0.5981935817110194
    ],
    [
      1.0875455121229303,
      1.1399239894015014,
      1.0068760429811996,
      0.0,
      1.0324827815724593,
      0.9213619706857,
      0.5730143309524074,
      1.100588601467706,
      0.9653570966579313,
      1.125048416984719,
      1.078868860298214,
      0.574421242884812,
      0.8840112967452382,
      1.1142040112722986,
      0.7981272000032239,
      0.8207127628186955,
      1.2046735850013115,
      0.5981935817110194,
      1.2729976984662286,
      1.2729976984662286
    ],
    [
      1.1115458723651246,
      0.8181070539119576,
      0.8533193629279379,
      1.0324827815724593,
      0.0,
      0.7654181545967206,
      0.6616696990169919,
      1.0186071514000101,
      1.022088579198935,
      0.9490873578816926,
      0.7741303372698614,
      0.8817484977093404,
      1.3159974530275222,
      1.2582347135281524,
      1.2292388885799543,
      0.7663489369601899,
      0.9889390787558071,
      1.2729976984662286,
      1.153292674475699,
      1.153292674475699
    ],
    [
      0.9011189653076404,
      1.440274938966583,
      0.8017204993364124,
      0.9213619706857,
      0.7654181545967206,
      0.0,
      0.9913457062783784,
      0.9356398574946325,
      0.7375286000045229,
      1.1243296842815618,
      1.163206305440871,
      1.3328971839800972,
      0.9831902514975814,
      0.7313810857263204,
      1.1041094290373425,
      1.0105994239980614,
      0.5981935817110194,
      1.153292674475699,
      1.2375862614866617,
      1.2375862614866617
    ],
    [
      1.2245191515103926,
      1.064524167810576,
      0.6672976784191336,
      0.5730143309524074,
      0.6616696990169919,
      0.9913457062783784,
      0.0,
      0.9992550999938489,
      0.6855651570512679,
      0.9772273795251333,
      1.0407445221889455,
      0.9651758378144024,
      0.8868829283776082,
      1.166855379844869,
      1.0531555171240863,
      1.2046735850013115,
      1.2729976984662286,
      1.2375862614866617,
      1.094078294540207,
      1.094078294540207
    ],
    [
      0.8312315278573769,
      0.8748600284912973,
      1.1806708047411294,
      1.100588601467706,
      1.0186071514000101,
      0.9356398574946325,
      0.9992550999938489,
      0.0,
      0.7306386581161097,
      0.9955824145553446,
      0.8163852943689938,
      1.1121309343249726,
      1.3554509929232557,
      1.1435788905000008,
      0.8207127628186955,
      0.9889390787558071,
      1.153292674475699,
      1.094078294540207,
      0.4343088351485209,
      0.4343088351485209
    ],
    [
      0.8037297144061801,
      1.243393307614669,
      0.9792636803666623,
      0.9653570966579313,
      1.022088579198935,
      0.7375286000045229,
      0.6855651570512679,
      0.7306386581161097,
      0.0,
      0.5202141774295189,
      0.9764489250497167,
      0.9103358474195418,
      1.23276521499237,
      0.7981272000032239,
      0.7663489369601899,
      0.5981935817110194,
      1.2375862614866617,
      0.4343088351485209,
      1.1958403087305451,
      1.1958403087305451
    ],
    [
      0.9592330956589243,
      1.0642539615407203,
      0.7904879774551123,
      1.125048416984719,
      0.9490873578816926,
      1.1243296842815618,
      0.9772273795251333,
      0.9955824145553446,
      0.5202141774295189,
      0.0,
      0.9617352602522347,
      1.1597472718156026,
      1.1142040112722986,
      1.2292388885799543,
      1.0105994239980614,
      1.2729976984662286,
      1.094078294540207,
      1.1958403087305451,
      1.1452157055417471,
      1.1452157055417471
    ],
    [
      0.9118160194859433,
      1.0193701503509045,
      0.973828433323835,
      1.078868860298214,
      0.7741303372698614,
      1.163206305440871,
      1.0407445221889455,
      0.8163852943689938,
      0.9764489250497167,
      0.9617352602522347,
      0.0,
      0.8840112967452382,
      1.2582347135281524,
      1.1041094290373425,
      1.2046735850013115,
      1.153292674475699,
      0.4343088351485209,
      1.1452157055417471,
      0.8720615684959917,
      0.8720615684959917
    ],
    [
      0.9764489250497167,
      0.9617352602522347,
      1.0625807366698945,
      0.574421242884812,
      0.8817484977093404,
      1.3328971839800972,
      0.9651758378144024,
      1.1121309343249726,
      0.9103358474195418,
      1.1597472718156026,
      0.8840112967452382,
      0.0,
      0.7313810857263204,
      1.0531555171240863,
      0.9889390787558071,
      1.2375862614866617,
      1.1958403087305451,
      0.8720615684959917,
      1.1511546088945785,
      1.1511546088945785
    ],
    [
      1.1121309343249726,
      0.9103358474195418,
      1.1597472718156026,
      0.8840112967452382,
      1.3159974530275222,
      0.9831902514975814,
      0.8868829283776082,
      1.3554509929232557,
      1.23276521499237,
      1.1142040112722986,
      1.2582347135281524,
      0.7313810857263204,
      0.0,
      0.8207127628186955,
      0.5981935817110194,
      1.094078294540207,
      1.1452157055417471,
      1.1511546088945785,
      1.0261547043349755,
      1.0261547043349755
    ],
    [
      0.8868829283776082,
      1.3554509929232557,
      1.23276521499237,
      1.1142040112722986,
      1.2582347135281524,
      0.7313810857263204,
      1.166855379844869,
      1.1435788905000008,
      0.7981272000032239,
      1.2292388885799543,
      1.1041094290373425,
      1.0531555171240863,
      0.8207127628186955,
      0.0,
      1.2729976984662286,
      0.4343088351485209,
      0.8720615684959917,
      1.0261547043349755,
      1.1207906585725629,
      1.1207906585725629
    ],
    [
      0.7313810857263204,
      1.166855379844869,
      1.1435788905000008,
      0.7981272000032239,
      1.2292388885799543,
      1.1041094290373425,
      1.0531555171240863,
      0.8207127628186955,
      0.7663489369601899,
      1.0105994239980614,
      1.2046735850013115,
      0.9889390787558071,
      0.5981935817110194,
      1.2729976984662286,
      0.0,
      1.1958403087305451,
      1.1511546088945785,
      1.1207906585725629,
      1.407638313092846,
      1.407638313092846
    ],
    [
      1.2292388885799543,
      1.1041094290373425,
      1.0531555171240863,
      0.8207127628186955,
      0.7663489369601899,
      1.0105994239980614,
      1.2046735850013115,
      0.9889390787558071,
      0.5981935817110194,
      1.2729976984662286,
      1.153292674475699,
      1.2375862614866617,
      1.094078294540207,
      0.4343088351485209,
      1.1958403087305451,
      0.0,
      1.0261547043349755,
      1.407638313092846,
      1.08985407325369,
      1.08985407325369
    ],
    [
      0.8207127628186955,
      0.7663489369601899,
      1.0105994239980614,
      1.2046735850013115,
      0.9889390787558071,
      0.5981935817110194,
      1.2729976984662286,
      1.153292674475699,
      1.2375862614866617,
      1.094078294540207,
      0.4343088351485209,
      1.1958403087305451,
      1.1452157055417471,
      0.8720615684959917,
      1.1511546088945785,
      1.0261547043349755,
      0.0,
      1.08985407325369,
      1.0733211345319043,
      1.0733211345319043
    ],
    [
      1.0105994239980614,
      1.2046735850013115,
      0.9889390787558071,
      0.5981935817110194,
      1.2729976984662286,
      1.153292674475699,
      1.2375862614866617,
      1.094078294540207,
      0.4343088351485209,
      1.1958403087305451,
      1.1452157055417471,
      0.8720615684959917,
      1.1511546088945785,
      1.0261547043349755,
      1.1207906585725629,
      1.407638313092846,
      1.08985407325369,
      0.0,
      0.5510984355260683,
      0.5510984355260683
    ],
    [
      1.2046735850013115,
      0.9889390787558071,
      0.5981935817110194,
      1.2729976984662286,
      1.153292674475699,
      1.2375862614866617,
      1.094078294540207,
      0.4343088351485209,
      1.1958403087305451,
      1.1452157055417471,
      0.8720615684959917,
      1.1511546088945785,
      1.0261547043349755,
      1.1207906585725629,
      1.407638313092846,
      1.08985407325369,
      1.0733211345319043,
      0.5510984355260683,
      0.0,
      0.8571213003165326
    ],
    [
      1.2046735850013115,
      0.9889390787558071,
      0.5981935817110194,
      1.2729976984662286,
      1.153292674475699,
      1.2375862614866617,
      1.094078294540207,
      0.4343088351485209,
      1.1958403087305451,
      1.1452157055417471,
      0.8720615684959917,
      1.1511546088945785,
      1.0261547043349755,
      1.1207906585725629,
      1.407638313092846,
      1.08985407325369,
      1.0733211345319043,
      0.5510984355260683,
      0.8571213003165326,
      0.0
    ]
  ]
}