{
  "servicechain": {
    "SC1": {
      "resptime": 29.14088588159599,
      "resptime_old": 19.14088588159599,
      "waittime": 16.00172018805837,
      "servicetime": 10.0,
      "networktime": 3.1391656935376213,
      "services": {
        "MS1_1": {
          "meanserv": 1.4680816904500371,
          "stddevserv": 1.4680816904500371,
          "rate": 0.6811610052118097,
          "cv": 1.0,
          "lambda": 0.15
        },
        "MS1_2": {
          "meanserv": 4.038304695711548,
          "stddevserv": 4.038304695711548,
          "rate": 0.24762866483600002,
          "cv": 1.0,
          "lambda": 0.15
        },
        "MS1_3": {
          "meanserv": 1.9790083474461042,
          "stddevserv": 1.9790083474461042,
          "rate": 0.5053035785778734,
          "cv": 1.0,
          "lambda": 0.15
        },
        "MS1_4": {
          "meanserv": 0.1877218740857325,
          "stddevserv": 0.1877218740857325,
          "rate": 5.327029707487901,
          "cv": 1.0,
          "lambda": 0.15
        },
        "MS1_5": {
          "meanserv": 1.2851342630798621,
          "stddevserv": 1.2851342630798621,
          "rate": 0.7781288140302715,
          "cv": 1.0,
          "lambda": 0.15
        },
        "MS1_6": {
          "meanserv": 0.029998382841871063,
          "stddevserv": 0.029998382841871063,
          "rate": 33.33513027256331,
          "cv": 1.0,
          "lambda": 0.15
        },
        "MS1_7": {
          "meanserv": 0.217925740601844,
          "stddevserv": 0.217925740601844,
          "rate": 4.588719061999317,
          "cv": 1.0,
          "lambda": 0.15
        },
        "MS1_8": {
          "meanserv": 0.7938250057830007,
          "stddevserv": 0.7938250057830007,
          "rate": 1.25972348151673,
          "cv": 1.0,
          "lambda": 0.15
        }
      },
      "sensors": [
        "S1"
      ],
      "sources": [
        {
          "startTime": 0,
          "stopTime": -1,
          "lambda": 0.15
        }
      ]
    },
    "SC2": {
      "resptime": 34.051199584954944,
      "resptime_old": 24.051199584954944,
      "waittime": 18.08634177857935,
      "servicetime": 10.0,
      "networktime": 5.964857806375591,
      "services": {
        "MS2_1": {
          "meanserv": 0.39125488417353416,
          "stddevserv": 0.39125488417353416,
          "rate": 2.555878636792858,
          "cv": 1.0,
          "lambda": 0.15
        },
        "MS2_2": {
          "meanserv": 1.421378353561289,
          "stddevserv": 1.421378353561289,
          "rate": 0.7035424434982298,
          "cv": 1.0,
          "lambda": 0.15
        },
        "MS2_3": {
          "meanserv": 3.17447786011335,
          "stddevserv": 3.17447786011335,
          "rate": 0.3150124348211058,
          "cv": 1.0,
          "lambda": 0.15
        },
        "MS2_4": {
          "meanserv": 1.3957972687791518,
          "stddevserv": 1.3957972687791518,
          "rate": 0.7164364212251684,
          "cv": 1.0,
          "lambda": 0.15
        },
        "MS2_5": {
          "meanserv": 0.30291509445800724,
          "stddevserv": 0.30291509445800724,
          "rate": 3.301255098526062,
          "cv": 1.0,
          "lambda": 0.15
        },
        "MS2_6": {
          "meanserv": 0.24927535300624992,
          "stddevserv": 0.24927535300624992,
          "rate": 4.011628056845747,
          "cv": 1.0,
          "lambda": 0.15
        },
        "MS2_7": {
          "meanserv": 2.59250418278277,
          "stddevserv": 2.59250418278277,
          "rate": 0.38572743937740117,
          "cv": 1.0,
          "lambda": 0.15
        },
        "MS2_8": {
          "meanserv": 0.47239700312564814,
          "stddevserv": 0.47239700312564814,
          "rate": 2.116863556253383,
          "cv": 1.0,
          "lambda": 0.15
        }
      },
      "sensors": [
        "S2"
      ],
      "sources": [
        {
          "startTime": 0,
          "stopTime": -1,
          "lambda": 0.15
        }
      ]
    },
    "SC3": {
      "resptime": 31.71719222131065,
      "resptime_old": 21.717192221310647,
      "waittime": 18.13625104546452,
      "servicetime": 10.0,
      "networktime": 3.580941175846131,
      "services": {
        "MS3_1": {
          "meanserv": 1.4195304376247453,
          "stddevserv": 1.4195304376247453,
          "rate": 0.7044583007837915,
          "cv": 1.0,
          "lambda": 0.15
        },
        "MS3_2": {
          "meanserv": 2.8183549268265873,
          "stddevserv": 2.8183549268265873,
          "rate": 0.35481691481845423,
          "cv": 1.0,
          "lambda": 0.15
        },
        "MS3_3": {
          "meanserv": 0.28465969974987093,
          "stddevserv": 0.28465969974987093,
          "rate": 3.512966538216316,
          "cv": 1.0,
          "lambda": 0.15
        },
        "MS3_4": {
          "meanserv": 0.819421142295119,
          "stddevserv": 0.819421142295119,
          "rate": 1.220373686233061,
          "cv": 1.0,
          "lambda": 0.15
        },
        "MS3_5": {
          "meanserv": 0.6365237975492866,
          "stddevserv": 0.6365237975492866,
          "rate": 1.5710331708730327,
          "cv": 1.0,
          "lambda": 0.15
        },
        "MS3_6": {
          "meanserv": 2.8834452212033845,
          "stddevserv": 2.8834452212033845,
          "rate": 0.34680735137484503,
          "cv": 1.0,
          "lambda": 0.15
        },
        "MS3_7": {
          "meanserv": 0.6876529949519323,
          "stddevserv": 0.6876529949519323,
          "rate": 1.45422183476406,
          "cv": 1.0,
          "lambda": 0.15
        },
        "MS3_8": {
          "meanserv": 0.4504117797990741,
          "stddevserv": 0.4504117797990741,
          "rate": 2.220190600801102,
          "cv": 1.0,
          "lambda": 0.15
        }
      },
      "sensors": [
        "S3"
      ],
      "sources": [
        {
          "startTime": 0,
          "stopTime": -1,
          "lambda": 0.15
        }
      ]
    },
    "SC4": {
      "resptime": 35.96794583475562,
      "resptime_old": 25.96794583475562,
      "waittime": 19.97841324886628,
      "servicetime": 10.0,
      "networktime": 5.989532585889339,
      "services": {
        "MS4_1": {
          "meanserv": 0.49892308310995226,
          "stddevserv": 0.49892308310995226,
          "rate": 2.0043169655864985,
          "cv": 1.0,
          "lambda": 0.15
        },
        "MS4_2": {
          "meanserv": 0.2957537761878237,
          "stddevserv": 0.2957537761878237,
          "rate": 3.381190978826022,
          "cv": 1.0,
          "lambda": 0.15
        },
        "MS4_3": {
          "meanserv": 2.0364847944070785,
          "stddevserv": 2.0364847944070785,
          "rate": 0.4910422129084197,
          "cv": 1.0,
          "lambda": 0.15
        },
        "MS4_4": {
          "meanserv": 0.23609795398335187,
          "stddevserv": 0.23609795398335187,
          "rate": 4.2355301396238,
          "cv": 1.0,
          "lambda": 0.15
        },
        "MS4_5": {
          "meanserv": 0.35576541837153286,
          "stddevserv": 0.35576541837153286,
          "rate": 2.8108409315817204,
          "cv": 1.0,
          "lambda": 0.15
        },
        "MS4_6": {
          "meanserv": 0.6974285697942699,
          "stddevserv": 0.6974285697942699,
          "rate": 1.4338385941014486,
          "cv": 1.0,
          "lambda": 0.15
        },
        "MS4_7": {
          "meanserv": 4.257755347695388,
          "stddevserv": 4.257755347695388,
          "rate": 0.2348655379039742,
          "cv": 1.0,
          "lambda": 0.15
        },
        "MS4_8": {
          "meanserv": 1.6217910564506024,
          "stddevserv": 1.6217910564506024,
          "rate": 0.6166022410979171,
          "cv": 1.0,
          "lambda": 0.15
        }
      },
      "sensors": [
        "S4"
      ],
      "sources": [
        {
          "startTime": 0,
          "stopTime": -1,
          "lambda": 0.15
        }
      ]
    }
  },
  "microservice": {
    "MS1_1": "F3",
    "MS1_2": "F2",
    "MS1_3": "F3",
    "MS1_4": "F6",
    "MS1_5": "F6",
    "MS1_6": "F6",
    "MS1_7": "F6",
    "MS1_8": "F6",
    "MS2_1": "F10",
    "MS2_2": "F10",
    "MS2_3": "F9",
    "MS2_4": "F5",
    "MS2_5": "F4",
    "MS2_6": "F4",
    "MS2_7": "F5",
    "MS2_8": "F3",
    "MS3_1": "F1",
    "MS3_2": "F1",
    "MS3_3": "F4",
    "MS3_4": "F4",
    "MS3_5": "F4",
    "MS3_6": "F7",
    "MS3_7": "F4",
    "MS3_8": "F4",
    "MS4_1": "F6",
    "MS4_2": "F6",
    "MS4_3": "F10",
    "MS4_4": "F6",
    "MS4_5": "F6",
    "MS4_6": "F4",
    "MS4_7": "F8",
    "MS4_8": "F7"
  },
  "sensor": {
    "S1": "F3",
    "S2": "F10",
    "S3": "F1",
    "S4": "F6"
  },
  "fog": {
    "F1": {
      "rho": 0.6356828046676999,
      "capacity": 1.0,
      "tserv": 2.1189426822256663,
      "stddev": 2.338433891807313,
      "mu": 0.4719334828583629,
      "cv": 1.1035852509946615,
      "lambda": 0.3,
      "twait": 4.100077330069923
    },
    "F2": {
      "rho": 0.6057457043567323,
      "capacity": 1.0,
      "tserv": 4.038304695711548,
      "stddev": 4.038304695711548,
      "mu": 0.24762866483600002,
      "cv": 1.0,
      "lambda": 0.15,
      "twait": 6.204588635666427
    },
    "F3": {
      "rho": 0.5879230561532683,
      "capacity": 1.0,
      "tserv": 1.3064956803405965,
      "stddev": 1.5778678384738345,
      "mu": 0.7654062811285417,
      "cv": 1.2077099543585883,
      "lambda": 0.44999999999999996,
      "twait": 2.2914034302290722
    },
    "F4": {
      "rho": 0.6192432647405716,
      "capacity": 1.0,
      "tserv": 0.5160360539504764,
      "stddev": 0.5934036655013349,
      "mu": 1.9378490947378055,
      "cv": 1.1499267560058575,
      "lambda": 1.2,
      "twait": 0.9745137437201286
    },
    "F5": {
      "rho": 0.5982452177342883,
      "capacity": 1.0,
      "tserv": 1.994150725780961,
      "stddev": 2.166261950029304,
      "mu": 0.5014666078505045,
      "cv": 1.0863080317968141,
      "lambda": 0.3,
      "twait": 3.236798291878376
    },
    "F6": {
      "rho": 0.5851718247067457,
      "capacity": 1.0,
      "tserv": 0.43346061089388566,
      "stddev": 0.6730640728518583,
      "mu": 2.307014697224259,
      "cv": 1.5527687082428565,
      "lambda": 1.3499999999999999,
      "twait": 1.0428649383867599
    },
    "F7": {
      "rho": 0.675785441648098,
      "capacity": 1.0,
      "tserv": 2.2526181388269935,
      "stddev": 2.422844216017903,
      "mu": 0.44392788229998464,
      "cv": 1.0755681019595942,
      "lambda": 0.3,
      "twait": 5.06352766672403
    },
    "F8": {
      "rho": 0.6386633021543082,
      "capacity": 1.0,
      "tserv": 4.257755347695388,
      "stddev": 4.257755347695388,
      "mu": 0.2348655379039742,
      "cv": 1.0,
      "lambda": 0.15,
      "twait": 7.525590692383982
    },
    "F9": {
      "rho": 0.4761716790170024,
      "capacity": 1.0,
      "tserv": 3.17447786011335,
      "stddev": 3.17447786011335,
      "mu": 0.3150124348211058,
      "cv": 1.0,
      "lambda": 0.15,
      "twait": 2.8856714921710735
    },
    "F10": {
      "rho": 0.5773677048212853,
      "capacity": 1.0,
      "tserv": 1.2830393440473007,
      "stddev": 1.6023695347107036,
      "mu": 0.7793993260140695,
      "cv": 1.2488857353790006,
      "lambda": 0.44999999999999996,
      "twait": 2.2433213924910977
    }
  },
  "extra": {
    "conv_gen": 150,
    "max_gen": 600,
    "population": 600,
    "deltatime": 52.434493,
    "obj_func": 32.719305880654304
  },
  "network": [
    [
      0.0,
      0.8382825637512137,
      1.2071298503406194,
      1.2696402752078415,
      1.1045976607150252,
      1.490683241687348,
      0.8063170478457423,
      1.0713693552862376,
      1.1556504503191447,
      1.1556504503191447
    ],
    [
      0.8382825637512137,
      0.0,
      1.1195209835122002,
      1.2684037332055065,
      1.3393706934147724,
      1.3789902399739669,
      1.6517470394118492,
      1.1556504503191447,
      1.1685571476288183,
      1.1685571476288183
    ],
    [
      1.2071298503406194,
      1.1195209835122002,
      0.0,
      1.2352773148967833,
      1.6532958835959093,
      0.9001237265132208,
      1.0713693552862376,
      1.1685571476288183,
      1.4035054269391147,
      1.4035054269391147
    ],
    [
      1.2696402752078415,
      1.2684037332055065,
      1.2352773148967833,
      0.0,
      0.9930373012821817,
      0.8063170478457423,
      1.1556504503191447,
      1.4035054269391147,
      1.3598683672111214,
      1.3598683672111214
    ],
    [
      1.1045976607150252,
      1.3393706934147724,
      1.6532958835959093,
      0.9930373012821817,
      0.0,
      1.6517470394118492,
      1.1685571476288183,
      1.3598683672111214,
      1.548161205096464,
      1.548161205096464
    ],
    [
      1.490683241687348,
      1.3789902399739669,
      0.9001237265132208,
      0.8063170478457423,
      1.6517470394118492,
      0.0,
      1.4035054269391147,
      1.548161205096464,
      1.2599033703681606,
      1.2599033703681606
    ],
    [
      0.8063170478457423,
      1.6517470394118492,
      1.0713693552862376,
      1.1556504503191447,
      1.1685571476288183,
      1.4035054269391147,
      0.0,
      1.2599033703681606,
      1.328199173063696,
      1.328199173063696
    ],
    [
      1.0713693552862376,
      1.1556504503191447,
      1.1685571476288183,
      1.4035054269391147,
      1.3598683672111214,
      1.548161205096464,
      1.2599033703681606,
      0.0,
      1.2810260072872075,
      1.2810260072872075
    ],
    [
      1.1556504503191447,
      1.1685571476288183,
      1.4035054269391147,
      1.3598683672111214,
      1.548161205096464,
      1.2599033703681606,
      1.328199173063696,
      1.2810260072872075,
      0.0,
      0.777326115118854
    ],
    [
      1.1556504503191447,
      1.1685571476288183,
      1.4035054269391147,
      1.3598683672111214,
      1.548161205096464,
      1.2599033703681606,
      1.328199173063696,
      1.2810260072872075,
      0.777326115118854,
      0.0
    ]
  ]
}