{
  "servicechain": {
    "SC1": {
      "resptime": 20.606139100597016,
      "resptime_old": 10.606139100597016,
      "waittime": 7.010941563507628,
      "servicetime": 10.0,
      "networktime": 3.595197537089387,
      "services": {
        "MS1_1": {
          "meanserv": 0.004631984345287998,
          "stddevserv": 0.004631984345287998,
          "rate": 215.89019423549541,
          "cv": 1.0,
          "lambda": 0.1
        },
        "MS1_2": {
          "meanserv": 3.1656514492479317,
          "stddevserv": 3.1656514492479317,
          "rate": 0.3158907466700326,
          "cv": 1.0,
          "lambda": 0.1
        },
        "MS1_3": {
          "meanserv": 2.7065130359542957,
          "stddevserv": 2.7065130359542957,
          "rate": 0.3694790997551607,
          "cv": 1.0,
          "lambda": 0.1
        },
        "MS1_4": {
          "meanserv": 0.9074624163014784,
          "stddevserv": 0.9074624163014784,
          "rate": 1.1019740124066788,
          "cv": 1.0,
          "lambda": 0.1
        },
        "MS1_5": {
          "meanserv": 3.2157411141510064,
          "stddevserv": 3.2157411141510064,
          "rate": 0.31097030653352575,
          "cv": 1.0,
          "lambda": 0.1
        }
      },
      "sensors": [
        "S1"
      ],
      "sources": [
        {
          "startTime": 0,
          "stopTime": -1,
          "lambda": 0.1
        }
      ]
    },
    "SC2": {
      "resptime": 22.44600330765049,
      "resptime_old": 12.44600330765049,
      "waittime": 8.867826009731282,
      "servicetime": 10.0,
      "networktime": 3.5781772979192086,
      "services": {
        "MS2_1": {
          "meanserv": 1.6883760058605002,
          "stddevserv": 1.6883760058605002,
          "rate": 0.592285128744375,
          "cv": 1.0,
          "lambda": 0.1
        },
        "MS2_2": {
          "meanserv": 3.9788341284720543,
          "stddevserv": 3.9788341284720543,
          "rate": 0.2513299041154094,
          "cv": 1.0,
          "lambda": 0.1
        },
        "MS2_3": {
          "meanserv": 1.5256289306609023,
          "stddevserv": 1.5256289306609023,
          "rate": 0.6554673812896299,
          "cv": 1.0,
          "lambda": 0.1
        },
        "MS2_4": {
          "meanserv": 1.7021280402505212,
          "stddevserv": 1.7021280402505212,
          "rate": 0.5874998686073104,
          "cv": 1.0,
          "lambda": 0.1
        },
        "MS2_5": {
          "meanserv": 1.1050328947560217,
          "stddevserv": 1.1050328947560217,
          "rate": 0.9049504360870526,
          "cv": 1.0,
          "lambda": 0.1
        }
      },
      "sensors": [
        "S2"
      ],
      "sources": [
        {
          "startTime": 0,
          "stopTime": -1,
          "lambda": 0.1
        }
      ]
    },
    "SC3": {
      "resptime": 24.668374650561482,
      "resptime_old": 14.668374650561482,
      "waittime": 9.027349975042469,
      "servicetime": 10.0,
      "networktime": 5.641024675519015,
      "services": {
        "MS3_1": {
          "meanserv": 2.2170935132861533,
          "stddevserv": 2.2170935132861533,
          "rate": 0.4510409660248431,
          "cv": 1.0,
          "lambda": 0.1
        },
        "MS3_2": {
          "meanserv": 0.04335306562899177,
          "stddevserv": 0.04335306562899177,
          "rate": 23.06641953669047,
          "cv": 1.0,
          "lambda": 0.1
        },
        "MS3_3": {
          "meanserv": 1.658653494429779,
          "stddevserv": 1.658653494429779,
          "rate": 0.602898678571672,
          "cv": 1.0,
          "lambda": 0.1
        },
        "MS3_4": {
          "meanserv": 1.7990103757411813,
          "stddevserv": 1.7990103757411813,
          "rate": 0.5558611631620002,
          "cv": 1.0,
          "lambda": 0.1
        },
        "MS3_5": {
          "meanserv": 4.281889550913895,
          "stddevserv": 4.281889550913895,
          "rate": 0.23354175489803736,
          "cv": 1.0,
          "lambda": 0.1
        }
      },
      "sensors": [
        "S3"
      ],
      "sources": [
        {
          "startTime": 0,
          "stopTime": -1,
          "lambda": 0.1
        }
      ]
    },
    "SC4": {
      "resptime": 21.0200946334297,
      "resptime_old": 11.0200946334297,
      "waittime": 7.549599875573077,
      "servicetime": 10.0,
      "networktime": 3.470494757856623,
      "services": {
        "MS4_1": {
          "meanserv": 1.1565887646036421,
          "stddevserv": 1.1565887646036421,
          "rate": 0.8646115461295317,
          "cv": 1.0,
          "lambda": 0.1
        },
        "MS4_2": {
          "meanserv": 2.155745773022809,
          "stddevserv": 2.155745773022809,
          "rate": 0.46387659088288025,
          "cv": 1.0,
          "lambda": 0.1
        },
        "MS4_3": {
          "meanserv": 1.323708823770485,
          "stddevserv": 1.323708823770485,
          "rate": 0.7554531495465712,
          "cv": 1.0,
          "lambda": 0.1
        },
        "MS4_4": {
          "meanserv": 3.3361136724547276,
          "stddevserv": 3.3361136724547276,
          "rate": 0.2997499780228398,
          "cv": 1.0,
          "lambda": 0.1
        },
        "MS4_5": {
          "meanserv": 2.027842966148336,
          "stddevserv": 2.027842966148336,
          "rate": 0.49313483178600837,
          "cv": 1.0,
          "lambda": 0.1
        }
      },
      "sensors": [
        "S4"
      ],
      "sources": [
        {
          "startTime": 0,
          "stopTime": -1,
          "lambda": 0.1
        }
      ]
    }
  },
  "microservice": {
    "MS1_1": "F5",
    "MS1_2": "F5",
    "MS1_3": "F7",
    "MS1_4": "F7",
    "MS1_5": "F4",
    "MS2_1": "F6",
    "MS2_2": "F2",
    "MS2_3": "F10",
    "MS2_4": "F10",
    "MS2_5": "F9",
    "MS3_1": "F6",
    "MS3_2": "F6",
    "MS3_3": "F9",
    "MS3_4": "F10",
    "MS3_5": "F1",
    "MS4_1": "F8",
    "MS4_2": "F8",
    "MS4_3": "F8",
    "MS4_4": "F3",
    "MS4_5": "F9"
  },
  "sensor": {
    "S1": "F5",
    "S2": "F6",
    "S3": "F6",
    "S4": "F8"
  },
  "fog": {
    "F1": {
      "rho": 0.4281889550913895,
      "capacity": 1.0,
      "tserv": 4.281889550913895,
      "stddev": 4.281889550913895,
      "mu": 0.23354175489803736,
      "cv": 1.0,
      "lambda": 0.1,
      "twait": 3.206405033529199
    },
    "F2": {
      "rho": 0.39788341284720546,
      "capacity": 1.0,
      "tserv": 3.9788341284720543,
      "stddev": 3.9788341284720543,
      "mu": 0.2513299041154094,
      "cv": 1.0,
      "lambda": 0.1,
      "twait": 2.6292451262228114
    },
    "F3": {
      "rho": 0.33361136724547286,
      "capacity": 1.0,
      "tserv": 3.336113672454728,
      "stddev": 3.336113672454727,
      "mu": 0.29974997802283976,
      "cv": 0.9999999999999998,
      "lambda": 0.1,
      "twait": 1.6701447006283376
    },
    "F4": {
      "rho": 0.3215741114151006,
      "capacity": 1.0,
      "tserv": 3.2157411141510064,
      "stddev": 3.215741114151006,
      "mu": 0.31097030653352575,
      "cv": 0.9999999999999999,
      "lambda": 0.1,
      "twait": 1.5242624267789957
    },
    "F5": {
      "rho": 0.317028343359322,
      "capacity": 1.0,
      "tserv": 1.58514171679661,
      "stddev": 2.7402000458133706,
      "mu": 0.6308584206722447,
      "cv": 1.7286782732278356,
      "lambda": 0.2,
      "twait": 1.467318658975756
    },
    "F6": {
      "rho": 0.3948822584775645,
      "capacity": 1.0,
      "tserv": 1.3162741949252148,
      "stddev": 1.8563638360661578,
      "mu": 0.7597201281126809,
      "cv": 1.410316971359929,
      "lambda": 0.30000000000000004,
      "twait": 1.2837165627596157
    },
    "F7": {
      "rho": 0.36139754522557743,
      "capacity": 1.0,
      "tserv": 1.806987726127887,
      "stddev": 2.2098633913464933,
      "mu": 0.5534071900658978,
      "cv": 1.2229542898345582,
      "lambda": 0.2,
      "twait": 1.2760209093885604
    },
    "F8": {
      "rho": 0.46360433613969365,
      "capacity": 1.0,
      "tserv": 1.545347787132312,
      "stddev": 1.66433025241363,
      "mu": 0.6471035247383963,
      "cv": 1.0769939726656048,
      "lambda": 0.30000000000000004,
      "twait": 1.4424319545685056
    },
    "F9": {
      "rho": 0.4791529355334137,
      "capacity": 1.0,
      "tserv": 1.5971764517780456,
      "stddev": 1.684817948872184,
      "mu": 0.626104898357822,
      "cv": 1.054872770630053,
      "lambda": 0.30000000000000004,
      "twait": 1.5521593112392214
    },
    "F10": {
      "rho": 0.5026767346652605,
      "capacity": 1.0,
      "tserv": 1.6755891155508682,
      "stddev": 1.683215871533263,
      "mu": 0.596805022615129,
      "cv": 1.0045516862765531,
      "lambda": 0.30000000000000004,
      "twait": 1.701352504754817
    }
  },
  "extra": {
    "deltatime": 0.0139557,
    "obj_func": 22.18515292305967
  },
  "network": [
    [
      0.0,
      2.159364793945041,
      1.7121971665140168,
      2.1216099947885727,
      2.0863089474889964,
      1.9867198137127495,
      2.1406209996442347,
      1.5434809349517342,
      1.9942756549888743,
      1.9942756549888743
    ],
    [
      2.159364793945041,
      0.0,
      1.6831454836169282,
      2.556735175786679,
      2.1254151885451837,
      0.8259653462878574,
      1.824694539391929,
      1.9942756549888743,
      1.6009218821005127,
      1.6009218821005127
    ],
    [
      1.7121971665140168,
      1.6831454836169282,
      0.0,
      2.391233596855075,
      1.1511023420262418,
      1.8045260499612854,
      1.5434809349517342,
      1.6009218821005127,
      1.8695728757561108,
      1.8695728757561108
    ],
    [
      2.1216099947885727,
      2.556735175786679,
      2.391233596855075,
      0.0,
      2.204195373771752,
      2.1406209996442347,
      1.9942756549888743,
      1.8695728757561108,
      2.441781946705694,
      2.441781946705694
    ],
    [
      2.0863089474889964,
      2.1254151885451837,
      1.1511023420262418,
      2.204195373771752,
      0.0,
      1.824694539391929,
      1.6009218821005127,
      2.441781946705694,
      1.9320633311906996,
      1.9320633311906996
    ],
    [
      1.9867198137127495,
      0.8259653462878574,
      1.8045260499612854,
      2.1406209996442347,
      1.824694539391929,
      0.0,
      1.8695728757561108,
      1.9320633311906996,
      2.4954589509993017,
      2.4954589509993017
    ],
    [
      2.1406209996442347,
      1.824694539391929,
      1.5434809349517342,
      1.9942756549888743,
      1.6009218821005127,
      1.8695728757561108,
      0.0,
      2.4954589509993017,
      2.319793347685485,
      2.319793347685485
    ],
    [
      1.5434809349517342,
      1.9942756549888743,
      1.6009218821005127,
      1.8695728757561108,
      2.441781946705694,
      1.9320633311906996,
      2.4954589509993017,
      0.0,
      2.199017667862058,
      2.199017667862058
    ],
    [
      1.9942756549888743,
      1.6009218821005127,
      1.8695728757561108,
      2.441781946705694,
      1.9320633311906996,
      2.4954589509993017,
      2.319793347685485,
      2.199017667862058,
      0.0,
      1.1512900695308383
    ],
    [
      1.9942756549888743,
      1.6009218821005127,
      1.8695728757561108,
      2.441781946705694,
      1.9320633311906996,
      2.4954589509993017,
      2.319793347685485,
      2.199017667862058,
      1.1512900695308383,
      0.0
    ]
  ]
}