{
  "servicechain": {
    "SC1": {
      "resptime": 30.23381714709496,
      "resptime_old": 20.23381714709496,
      "waittime": 16.965070324911768,
      "servicetime": 10.0,
      "networktime": 3.268746822183193,
      "services": {
        "MS1_1": {
          "meanserv": 0.38148612407893134,
          "stddevserv": 0.38148612407893134,
          "rate": 2.6213273219685838,
          "cv": 1.0,
          "lambda": 0.15
        },
        "MS1_2": {
          "meanserv": 0.884232070173413,
          "stddevserv": 0.884232070173413,
          "rate": 1.1309248258818332,
          "cv": 1.0,
          "lambda": 0.15
        },
        "MS1_3": {
          "meanserv": 2.4039345811712067,
          "stddevserv": 2.4039345811712067,
          "rate": 0.4159846976837431,
          "cv": 1.0,
          "lambda": 0.15
        },
        "MS1_4": {
          "meanserv": 2.6050721873531466,
          "stddevserv": 2.6050721873531466,
          "rate": 0.38386652195463283,
          "cv": 1.0,
          "lambda": 0.15
        },
        "MS1_5": {
          "meanserv": 0.3209245202274307,
          "stddevserv": 0.3209245202274307,
          "rate": 3.115997491532671,
          "cv": 1.0,
          "lambda": 0.15
        },
        "MS1_6": {
          "meanserv": 0.7303144426377441,
          "stddevserv": 0.7303144426377441,
          "rate": 1.3692732083843333,
          "cv": 1.0,
          "lambda": 0.15
        },
        "MS1_7": {
          "meanserv": 2.6740360743581277,
          "stddevserv": 2.6740360743581277,
          "rate": 0.37396653305809974,
          "cv": 1.0,
          "lambda": 0.15
        }
      },
      "sensors": [
        "S1"
      ],
      "sources": [
        {
          "startTime": 0,
          "stopTime": -1,
          "lambda": 0.15
        }
      ]
    },
    "SC2": {
      "resptime": 57.01948491586255,
      "resptime_old": 47.019484915862556,
      "waittime": 40.547351036030435,
      "servicetime": 10.0,
      "networktime": 6.472133879832117,
      "services": {
        "MS2_1": {
          "meanserv": 1.3238254272819716,
          "stddevserv": 1.3238254272819716,
          "rate": 0.7553866086808456,
          "cv": 1.0,
          "lambda": 0.15
        },
        "MS2_2": {
          "meanserv": 1.407681689077439,
          "stddevserv": 1.407681689077439,
          "rate": 0.7103878723146396,
          "cv": 1.0,
          "lambda": 0.15
        },
        "MS2_3": {
          "meanserv": 5.526009850509564,
          "stddevserv": 5.526009850509564,
          "rate": 0.18096239910028175,
          "cv": 1.0,
          "lambda": 0.15
        },
        "MS2_4": {
          "meanserv": 0.062482359594138615,
          "stddevserv": 0.062482359594138615,
          "rate": 16.0045172188697,
          "cv": 1.0,
          "lambda": 0.15
        },
        "MS2_5": {
          "meanserv": 0.19993555481832637,
          "stddevserv": 0.19993555481832637,
          "rate": 5.001611648856858,
          "cv": 1.0,
          "lambda": 0.15
        },
        "MS2_6": {
          "meanserv": 0.6542148106979582,
          "stddevserv": 0.6542148106979582,
          "rate": 1.5285499252655808,
          "cv": 1.0,
          "lambda": 0.15
        },
        "MS2_7": {
          "meanserv": 0.8258503080206019,
          "stddevserv": 0.8258503080206019,
          "rate": 1.2108731937108557,
          "cv": 1.0,
          "lambda": 0.15
        }
      },
      "sensors": [
        "S2"
      ],
      "sources": [
        {
          "startTime": 0,
          "stopTime": -1,
          "lambda": 0.15
        }
      ]
    },
    "SC3": {
      "resptime": 32.252936020564576,
      "resptime_old": 22.252936020564572,
      "waittime": 17.57933037541694,
      "servicetime": 10.0,
      "networktime": 4.673605645147635,
      "services": {
        "MS3_1": {
          "meanserv": 1.1537954546478202,
          "stddevserv": 1.1537954546478202,
          "rate": 0.8667047490711739,
          "cv": 1.0,
          "lambda": 0.15
        },
        "MS3_2": {
          "meanserv": 0.4434028935051959,
          "stddevserv": 0.4434028935051959,
          "rate": 2.255285237529199,
          "cv": 1.0,
          "lambda": 0.15
        },
        "MS3_3": {
          "meanserv": 2.558466417396194,
          "stddevserv": 2.558466417396194,
          "rate": 0.3908591464013514,
          "cv": 1.0,
          "lambda": 0.15
        },
        "MS3_4": {
          "meanserv": 1.0990401357371118,
          "stddevserv": 1.0990401357371118,
          "rate": 0.909884878161718,
          "cv": 1.0,
          "lambda": 0.15
        },
        "MS3_5": {
          "meanserv": 1.5904859893108085,
          "stddevserv": 1.5904859893108085,
          "rate": 0.6287386413465492,
          "cv": 1.0,
          "lambda": 0.15
        },
        "MS3_6": {
          "meanserv": 2.607074200183387,
          "stddevserv": 2.607074200183387,
          "rate": 0.38357174488154494,
          "cv": 1.0,
          "lambda": 0.15
        },
        "MS3_7": {
          "meanserv": 0.5477349092194821,
          "stddevserv": 0.5477349092194821,
          "rate": 1.8257006868979595,
          "cv": 1.0,
          "lambda": 0.15
        }
      },
      "sensors": [
        "S3"
      ],
      "sources": [
        {
          "startTime": 0,
          "stopTime": -1,
          "lambda": 0.15
        }
      ]
    },
    "SC4": {
      "resptime": 31.758934408746065,
      "resptime_old": 21.758934408746065,
      "waittime": 15.403549182538352,
      "servicetime": 10.0,
      "networktime": 6.355385226207711,
      "services": {
        "MS4_1": {
          "meanserv": 1.9479511050699472,
          "stddevserv": 1.9479511050699472,
          "rate": 0.5133599079552317,
          "cv": 1.0,
          "lambda": 0.15
        },
        "MS4_2": {
          "meanserv": 1.5844313640631125,
          "stddevserv": 1.5844313640631125,
          "rate": 0.6311412552675063,
          "cv": 1.0,
          "lambda": 0.15
        },
        "MS4_3": {
          "meanserv": 0.8599461023930965,
          "stddevserv": 0.8599461023930965,
          "rate": 1.1628635762371098,
          "cv": 1.0,
          "lambda": 0.15
        },
        "MS4_4": {
          "meanserv": 2.000653172245203,
          "stddevserv": 2.000653172245203,
          "rate": 0.49983676025053614,
          "cv": 1.0,
          "lambda": 0.15
        },
        "MS4_5": {
          "meanserv": 1.4971937068154988,
          "stddevserv": 1.4971937068154988,
          "rate": 0.6679162458724063,
          "cv": 1.0,
          "lambda": 0.15
        },
        "MS4_6": {
          "meanserv": 1.0731462509550767,
          "stddevserv": 1.0731462509550767,
          "rate": 0.9318394385760765,
          "cv": 1.0,
          "lambda": 0.15
        },
        "MS4_7": {
          "meanserv": 1.0366782984580656,
          "stddevserv": 1.0366782984580656,
          "rate": 0.9646194016865018,
          "cv": 1.0,
          "lambda": 0.15
        }
      },
      "sensors": [
        "S4"
      ],
      "sources": [
        {
          "startTime": 0,
          "stopTime": -1,
          "lambda": 0.15
        }
      ]
    }
  },
  "microservice": {
    "MS1_1": "F10",
    "MS1_2": "F10",
    "MS1_3": "F6",
    "MS1_4": "F4",
    "MS1_5": "F2",
    "MS1_6": "F2",
    "MS1_7": "F2",
    "MS2_1": "F9",
    "MS2_2": "F10",
    "MS2_3": "F1",
    "MS2_4": "F7",
    "MS2_5": "F7",
    "MS2_6": "F8",
    "MS2_7": "F3",
    "MS3_1": "F8",
    "MS3_2": "F8",
    "MS3_3": "F5",
    "MS3_4": "F5",
    "MS3_5": "F9",
    "MS3_6": "F3",
    "MS3_7": "F3",
    "MS4_1": "F8",
    "MS4_2": "F10",
    "MS4_3": "F4",
    "MS4_4": "F7",
    "MS4_5": "F7",
    "MS4_6": "F6",
    "MS4_7": "F9"
  },
  "sensor": {
    "S1": "F10",
    "S2": "F9",
    "S3": "F8",
    "S4": "F8"
  },
  "fog": {
    "F1": {
      "rho": 0.8289014775764345,
      "capacity": 1.0,
      "tserv": 5.526009850509564,
      "stddev": 5.526009850509564,
      "mu": 0.18096239910028175,
      "cv": 1.0,
      "lambda": 0.15,
      "twait": 26.771229028208325
    },
    "F2": {
      "rho": 0.5587912555834954,
      "capacity": 1.0,
      "tserv": 1.241758345741101,
      "stddev": 1.91030101920275,
      "mu": 0.8053096670779243,
      "cv": 1.538383877792786,
      "lambda": 0.44999999999999996,
      "twait": 2.6473253618562547
    },
    "F3": {
      "rho": 0.5970989126135207,
      "capacity": 1.0,
      "tserv": 1.3268864724744904,
      "stddev": 1.8507541851983027,
      "mu": 0.7536439783993842,
      "cv": 1.3948097471721597,
      "lambda": 0.44999999999999996,
      "twait": 2.896074889406574
    },
    "F4": {
      "rho": 0.5197527434619365,
      "capacity": 1.0,
      "tserv": 1.7325091448731216,
      "stddev": 2.1270450073453993,
      "mu": 0.5771975305060996,
      "cv": 1.2277251255150927,
      "lambda": 0.3,
      "twait": 2.3506355209377947
    },
    "F5": {
      "rho": 0.5486259829699959,
      "capacity": 1.0,
      "tserv": 1.828753276566653,
      "stddev": 2.0998335844423237,
      "mu": 0.546820619716086,
      "cv": 1.1482323019454017,
      "lambda": 0.3,
      "twait": 2.5766789856192895
    },
    "F6": {
      "rho": 0.5215621248189425,
      "capacity": 1.0,
      "tserv": 1.7385404160631417,
      "stddev": 1.9768716620470637,
      "mu": 0.575195141142857,
      "cv": 1.137086974672475,
      "lambda": 0.3,
      "twait": 2.172866543185036
    },
    "F7": {
      "rho": 0.5640397190209749,
      "capacity": 1.0,
      "tserv": 0.9400661983682916,
      "stddev": 1.503434645745279,
      "mu": 1.0637548735777733,
      "cv": 1.5992859315172137,
      "lambda": 0.6,
      "twait": 2.163527501368716
    },
    "F8": {
      "rho": 0.6299046395881382,
      "capacity": 1.0,
      "tserv": 1.0498410659802304,
      "stddev": 1.3315457325562519,
      "mu": 0.9525251320458739,
      "cv": 1.2683307747282637,
      "lambda": 0.6,
      "twait": 2.330626597297209
    },
    "F9": {
      "rho": 0.5926484572576269,
      "capacity": 1.0,
      "tserv": 1.3169965716836154,
      "stddev": 1.355271530940471,
      "mu": 0.7593034192348922,
      "cv": 1.0290623074348066,
      "lambda": 0.44999999999999996,
      "twait": 1.9725694307707948
    },
    "F10": {
      "rho": 0.6386746871089344,
      "capacity": 1.0,
      "tserv": 1.064457811848224,
      "stddev": 1.2556368176286712,
      "mu": 0.9394454048523487,
      "cv": 1.1796022384846818,
      "lambda": 0.6,
      "twait": 2.2497960876100866
    }
  },
  "extra": {
    "deltatime": 0.0278311,
    "obj_func": 37.81629312306704
  },
  "network": [
    [
      0.0,
      1.0533686594047678,
      1.2579472753645422,
      1.4446142680584957,
      2.037423513357414,
      0.9796431762933578,
      1.0820186819653255,
      1.367691367689743,
      1.1116236909541028,
      1.1116236909541028
    ],
    [
      1.0533686594047678,
      0.0,
      1.7960998953177896,
      1.3609737039543337,
      1.4721500478543121,
      1.8740995091066615,
      1.8182619553260855,
      1.1116236909541028,
      1.643118969076693,
      1.643118969076693
    ],
    [
      1.2579472753645422,
      1.7960998953177896,
      0.0,
      1.5981215437034522,
      1.3574357049551382,
      1.4485267001976228,
      1.367691367689743,
      1.643118969076693,
      1.7563049099719361,
      1.7563049099719361
    ],
    [
      1.4446142680584957,
      1.3609737039543337,
      1.5981215437034522,
      0.0,
      1.3349129201354135,
      1.0820186819653255,
      1.1116236909541028,
      1.7563049099719361,
      1.4411045604060528,
      1.4411045604060528
    ],
    [
      2.037423513357414,
      1.4721500478543121,
      1.3574357049551382,
      1.3349129201354135,
      0.0,
      1.8182619553260855,
      1.643118969076693,
      1.4411045604060528,
      1.476196174769646,
      1.476196174769646
    ],
    [
      0.9796431762933578,
      1.8740995091066615,
      1.4485267001976228,
      1.0820186819653255,
      1.8182619553260855,
      0.0,
      1.7563049099719361,
      1.476196174769646,
      0.8257544362635338,
      0.8257544362635338
    ],
    [
      1.0820186819653255,
      1.8182619553260855,
      1.367691367689743,
      1.1116236909541028,
      1.643118969076693,
      1.7563049099719361,
      0.0,
      0.8257544362635338,
      1.6566326533584064,
      1.6566326533584064
    ],
    [
      1.367691367689743,
      1.1116236909541028,
      1.643118969076693,
      1.7563049099719361,
      1.4411045604060528,
      1.476196174769646,
      0.8257544362635338,
      0.0,
      1.2205976286120863,
      1.2205976286120863
    ],
    [
      1.1116236909541028,
      1.643118969076693,
      1.7563049099719361,
      1.4411045604060528,
      1.476196174769646,
      0.8257544362635338,
      1.6566326533584064,
      1.2205976286120863,
      0.0,
      1.8096181015724617
    ],
    [
      1.1116236909541028,
      1.643118969076693,
      1.7563049099719361,
      1.4411045604060528,
      1.476196174769646,
      0.8257544362635338,
      1.6566326533584064,
      1.2205976286120863,
      1.8096181015724617,
      0.0
    ]
  ]
}