{
  "servicechain": {
    "SC1": {
      "resptime": 32.958912947144654,
      "resptime_old": 22.95891294714465,
      "waittime": 16.046938247240533,
      "servicetime": 10.0,
      "networktime": 6.911974699904121,
      "services": {
        "MS1_1": {
          "meanserv": 0.6420749693447403,
          "stddevserv": 0.6420749693447403,
          "rate": 1.5574505279664377,
          "cv": 1.0,
          "lambda": 0.225
        },
        "MS1_2": {
          "meanserv": 2.513271973392807,
          "stddevserv": 2.513271973392807,
          "rate": 0.3978876980234033,
          "cv": 1.0,
          "lambda": 0.225
        },
        "MS1_3": {
          "meanserv": 0.2679985458011558,
          "stddevserv": 0.2679985458011558,
          "rate": 3.731363530390049,
          "cv": 1.0,
          "lambda": 0.225
        },
        "MS1_4": {
          "meanserv": 0.40429800572375685,
          "stddevserv": 0.40429800572375685,
          "rate": 2.473423034105358,
          "cv": 1.0,
          "lambda": 0.225
        },
        "MS1_5": {
          "meanserv": 1.3645826422018024,
          "stddevserv": 1.3645826422018024,
          "rate": 0.7328247986406046,
          "cv": 1.0,
          "lambda": 0.225
        },
        "MS1_6": {
          "meanserv": 0.6913830910946785,
          "stddevserv": 0.6913830910946785,
          "rate": 1.4463761305135234,
          "cv": 1.0,
          "lambda": 0.225
        },
        "MS1_7": {
          "meanserv": 0.5779037530686937,
          "stddevserv": 0.5779037530686937,
          "rate": 1.730391946219344,
          "cv": 1.0,
          "lambda": 0.225
        },
        "MS1_8": {
          "meanserv": 2.384173466092924,
          "stddevserv": 2.384173466092924,
          "rate": 0.41943256823454,
          "cv": 1.0,
          "lambda": 0.225
        },
        "MS1_9": {
          "meanserv": 0.6369913167524821,
          "stddevserv": 0.6369913167524821,
          "rate": 1.5698801124922923,
          "cv": 1.0,
          "lambda": 0.225
        },
        "MS1_10": {
          "meanserv": 0.5173222365269599,
          "stddevserv": 0.5173222365269599,
          "rate": 1.933031154263723,
          "cv": 1.0,
          "lambda": 0.225
        }
      },
      "sensors": [
        "S1"
      ],
      "sources": [
        {
          "startTime": 0,
          "stopTime": -1,
          "lambda": 0.225
        }
      ]
    },
    "SC2": {
      "resptime": 40.35265020081766,
      "resptime_old": 30.352650200817656,
      "waittime": 25.765484784186775,
      "servicetime": 10.0,
      "networktime": 4.587165416630887,
      "services": {
        "MS2_1": {
          "meanserv": 0.28079952359796656,
          "stddevserv": 0.28079952359796656,
          "rate": 3.5612596032454293,
          "cv": 1.0,
          "lambda": 0.225
        },
        "MS2_2": {
          "meanserv": 0.500220208883253,
          "stddevserv": 0.500220208883253,
          "rate": 1.9991195522318275,
          "cv": 1.0,
          "lambda": 0.225
        },
        "MS2_3": {
          "meanserv": 0.40452272181431104,
          "stddevserv": 0.40452272181431104,
          "rate": 2.4720490248729026,
          "cv": 1.0,
          "lambda": 0.225
        },
        "MS2_4": {
          "meanserv": 1.4417357155934332,
          "stddevserv": 1.4417357155934332,
          "rate": 0.6936083979777041,
          "cv": 1.0,
          "lambda": 0.225
        },
        "MS2_5": {
          "meanserv": 0.5136950061604293,
          "stddevserv": 0.5136950061604293,
          "rate": 1.9466803998629791,
          "cv": 1.0,
          "lambda": 0.225
        },
        "MS2_6": {
          "meanserv": 0.09388970757672421,
          "stddevserv": 0.09388970757672421,
          "rate": 10.650794701675114,
          "cv": 1.0,
          "lambda": 0.225
        },
        "MS2_7": {
          "meanserv": 3.2866122109557474,
          "stddevserv": 3.2866122109557474,
          "rate": 0.30426467615088665,
          "cv": 1.0,
          "lambda": 0.225
        },
        "MS2_8": {
          "meanserv": 0.3059761511143799,
          "stddevserv": 0.3059761511143799,
          "rate": 3.2682285738870553,
          "cv": 1.0,
          "lambda": 0.225
        },
        "MS2_9": {
          "meanserv": 1.0395563208616432,
          "stddevserv": 1.0395563208616432,
          "rate": 0.9619488429170854,
          "cv": 1.0,
          "lambda": 0.225
        },
        "MS2_10": {
          "meanserv": 2.132992433442112,
          "stddevserv": 2.132992433442112,
          "rate": 0.4688249167327106,
          "cv": 1.0,
          "lambda": 0.225
        }
      },
      "sensors": [
        "S2"
      ],
      "sources": [
        {
          "startTime": 0,
          "stopTime": -1,
          "lambda": 0.225
        }
      ]
    },
    "SC3": {
      "resptime": 35.56635542736349,
      "resptime_old": 25.56635542736349,
      "waittime": 22.075227556237387,
      "servicetime": 10.0,
      "networktime": 3.4911278711261,
      "services": {
        "MS3_1": {
          "meanserv": 0.02617602259414875,
          "stddevserv": 0.02617602259414875,
          "rate": 38.20290101000809,
          "cv": 1.0,
          "lambda": 0.225
        },
        "MS3_2": {
          "meanserv": 0.7043419075508062,
          "stddevserv": 0.7043419075508062,
          "rate": 1.4197650165063722,
          "cv": 1.0,
          "lambda": 0.225
        },
        "MS3_3": {
          "meanserv": 0.3761445649000572,
          "stddevserv": 0.3761445649000572,
          "rate": 2.6585523049248447,
          "cv": 1.0,
          "lambda": 0.225
        },
        "MS3_4": {
          "meanserv": 1.5211138554171355,
          "stddevserv": 1.5211138554171355,
          "rate": 0.6574129848588945,
          "cv": 1.0,
          "lambda": 0.225
        },
        "MS3_5": {
          "meanserv": 0.03322797423417212,
          "stddevserv": 0.03322797423417212,
          "rate": 30.09512385415256,
          "cv": 1.0,
          "lambda": 0.225
        },
        "MS3_6": {
          "meanserv": 0.26485388109803054,
          "stddevserv": 0.26485388109803054,
          "rate": 3.775666778429686,
          "cv": 1.0,
          "lambda": 0.225
        },
        "MS3_7": {
          "meanserv": 1.6830285297476166,
          "stddevserv": 1.6830285297476166,
          "rate": 0.5941669926117995,
          "cv": 1.0,
          "lambda": 0.225
        },
        "MS3_8": {
          "meanserv": 2.6500707449715524,
          "stddevserv": 2.6500707449715524,
          "rate": 0.37734841679131653,
          "cv": 1.0,
          "lambda": 0.225
        },
        "MS3_9": {
          "meanserv": 0.8652575805852951,
          "stddevserv": 0.8652575805852951,
          "rate": 1.1557252111256393,
          "cv": 1.0,
          "lambda": 0.225
        },
        "MS3_10": {
          "meanserv": 1.8757849389011856,
          "stddevserv": 1.8757849389011856,
          "rate": 0.5331101552536129,
          "cv": 1.0,
          "lambda": 0.225
        }
      },
      "sensors": [
        "S3"
      ],
      "sources": [
        {
          "startTime": 0,
          "stopTime": -1,
          "lambda": 0.225
        }
      ]
    },
    "SC4": {
      "resptime": 29.14169954197776,
      "resptime_old": 19.14169954197776,
      "waittime": 12.28852325475479,
      "servicetime": 10.0,
      "networktime": 6.853176287222973,
      "services": {
        "MS4_1": {
          "meanserv": 0.7543829393434331,
          "stddevserv": 0.7543829393434331,
          "rate": 1.325586711796977,
          "cv": 1.0,
          "lambda": 0.225
        },
        "MS4_2": {
          "meanserv": 1.028145226526841,
          "stddevserv": 1.028145226526841,
          "rate": 0.9726252422316662,
          "cv": 1.0,
          "lambda": 0.225
        },
        "MS4_3": {
          "meanserv": 1.315200655844495,
          "stddevserv": 1.315200655844495,
          "rate": 0.7603402534481679,
          "cv": 1.0,
          "lambda": 0.225
        },
        "MS4_4": {
          "meanserv": 1.2433669551374997,
          "stddevserv": 1.2433669551374997,
          "rate": 0.804267795495187,
          "cv": 1.0,
          "lambda": 0.225
        },
        "MS4_5": {
          "meanserv": 0.10184948722007636,
          "stddevserv": 0.10184948722007636,
          "rate": 9.818409766160139,
          "cv": 1.0,
          "lambda": 0.225
        },
        "MS4_6": {
          "meanserv": 0.19830080692650576,
          "stddevserv": 0.19830080692650576,
          "rate": 5.04284382650354,
          "cv": 1.0,
          "lambda": 0.225
        },
        "MS4_7": {
          "meanserv": 1.7396957115467195,
          "stddevserv": 1.7396957115467195,
          "rate": 0.5748131660972626,
          "cv": 1.0,
          "lambda": 0.225
        },
        "MS4_8": {
          "meanserv": 1.257287567491768,
          "stddevserv": 1.257287567491768,
          "rate": 0.7953629908191607,
          "cv": 1.0,
          "lambda": 0.225
        },
        "MS4_9": {
          "meanserv": 2.061731606603267,
          "stddevserv": 2.061731606603267,
          "rate": 0.4850291845928067,
          "cv": 1.0,
          "lambda": 0.225
        },
        "MS4_10": {
          "meanserv": 0.30003904335939424,
          "stddevserv": 0.30003904335939424,
          "rate": 3.3328995746802694,
          "cv": 1.0,
          "lambda": 0.225
        }
      },
      "sensors": [
        "S4"
      ],
      "sources": [
        {
          "startTime": 0,
          "stopTime": -1,
          "lambda": 0.225
        }
      ]
    }
  },
  "microservice": {
    "MS1_1": "F13",
    "MS1_2": "F11",
    "MS1_3": "F7",
    "MS1_4": "F3",
    "MS1_5": "F3",
    "MS1_6": "F7",
    "MS1_7": "F9",
    "MS1_8": "F6",
    "MS1_9": "F13",
    "MS1_10": "F1",
    "MS2_1": "F7",
    "MS2_2": "F9",
    "MS2_3": "F9",
    "MS2_4": "F2",
    "MS2_5": "F1",
    "MS2_6": "F1",
    "MS2_7": "F8",
    "MS2_8": "F7",
    "MS2_9": "F5",
    "MS2_10": "F5",
    "MS3_1": "F7",
    "MS3_2": "F7",
    "MS3_3": "F7",
    "MS3_4": "F12",
    "MS3_5": "F14",
    "MS3_6": "F14",
    "MS3_7": "F12",
    "MS3_8": "F15",
    "MS3_9": "F10",
    "MS3_10": "F10",
    "MS4_1": "F1",
    "MS4_2": "F3",
    "MS4_3": "F13",
    "MS4_4": "F2",
    "MS4_5": "F1",
    "MS4_6": "F1",
    "MS4_7": "F14",
    "MS4_8": "F9",
    "MS4_9": "F4",
    "MS4_10": "F1"
  },
  "sensor": {
    "S1": "F13",
    "S2": "F7",
    "S3": "F7",
    "S4": "F1"
  },
  "fog": {
    "F1": {
      "rho": 0.5578828261005426,
      "capacity": 1.0,
      "tserv": 0.35421131815907464,
      "stddev": 0.4810713950707031,
      "mu": 2.8231734807268487,
      "cv": 1.358148004899878,
      "lambda": 1.5750000000000002,
      "twait": 0.6357027069579158
    },
    "F2": {
      "rho": 0.6041481009144599,
      "capacity": 1.0,
      "tserv": 1.3425513353654666,
      "stddev": 1.3498589447249696,
      "mu": 0.7448504751051341,
      "cv": 1.0054430763033086,
      "lambda": 0.45,
      "twait": 2.060181434273057
    },
    "F3": {
      "rho": 0.6293308217517901,
      "capacity": 1.0,
      "tserv": 0.9323419581508001,
      "stddev": 1.088954538771901,
      "mu": 1.0725678397906626,
      "cv": 1.1679776172808152,
      "lambda": 0.675,
      "twait": 1.871185215349051
    },
    "F4": {
      "rho": 0.46388961148573515,
      "capacity": 1.0,
      "tserv": 2.061731606603267,
      "stddev": 2.061731606603267,
      "mu": 0.4850291845928067,
      "cv": 1.0,
      "lambda": 0.225,
      "twait": 1.7839905632599056
    },
    "F5": {
      "rho": 0.7138234697183451,
      "capacity": 1.0,
      "tserv": 1.5862743771518777,
      "stddev": 1.764672112817597,
      "mu": 0.6304079637190376,
      "cv": 1.1124633532731132,
      "lambda": 0.45,
      "twait": 4.426726270879895
    },
    "F6": {
      "rho": 0.5364390298709079,
      "capacity": 1.0,
      "tserv": 2.384173466092924,
      "stddev": 2.384173466092924,
      "mu": 0.41943256823454,
      "cv": 1.0,
      "lambda": 0.225,
      "twait": 2.758997809584105
    },
    "F7": {
      "rho": 0.5968844564969685,
      "capacity": 1.0,
      "tserv": 0.37897425809331325,
      "stddev": 0.49508896985750306,
      "mu": 2.6387016496349314,
      "cv": 1.3063920814790522,
      "lambda": 1.5750000000000002,
      "twait": 0.7594062889083346
    },
    "F8": {
      "rho": 0.7394877474650432,
      "capacity": 1.0,
      "tserv": 3.2866122109557474,
      "stddev": 3.2866122109557474,
      "mu": 0.30426467615088665,
      "cv": 1.0,
      "lambda": 0.225,
      "twait": 9.329347994273885
    },
    "F9": {
      "rho": 0.6164852065330558,
      "capacity": 1.0,
      "tserv": 0.6849835628145065,
      "stddev": 0.8337261847775331,
      "mu": 1.4598890459372964,
      "cv": 1.217147724467815,
      "lambda": 0.9,
      "twait": 1.3661424110737708
    },
    "F10": {
      "rho": 0.6167345668844582,
      "capacity": 1.0,
      "tserv": 1.3705212597432403,
      "stddev": 1.5456103306980853,
      "mu": 0.7296493891582131,
      "cv": 1.1277536336704816,
      "lambda": 0.45,
      "twait": 2.505127976695312
    },
    "F11": {
      "rho": 0.5654861940133815,
      "capacity": 1.0,
      "tserv": 2.513271973392807,
      "stddev": 2.513271973392807,
      "mu": 0.3978876980234033,
      "cv": 1.0,
      "lambda": 0.225,
      "twait": 3.270829564384814
    },
    "F12": {
      "rho": 0.7209320366620692,
      "capacity": 1.0,
      "tserv": 1.602071192582376,
      "stddev": 1.6061569932556687,
      "mu": 0.6241919863674108,
      "cv": 1.002550324038164,
      "lambda": 0.45,
      "twait": 4.149289565862021
    },
    "F13": {
      "rho": 0.5837100619368865,
      "capacity": 1.0,
      "tserv": 0.8647556473139059,
      "stddev": 0.9750444347717225,
      "mu": 1.1563960329211942,
      "cv": 1.127537516291908,
      "lambda": 0.675,
      "twait": 1.3770413733625781
    },
    "F14": {
      "rho": 0.45849995254775755,
      "capacity": 1.0,
      "tserv": 0.6792591889596408,
      "stddev": 1.266413117614543,
      "mu": 1.4721920825710266,
      "cv": 1.8644033650162204,
      "lambda": 0.675,
      "twait": 1.2871714296047625
    },
    "F15": {
      "rho": 0.5962659176185993,
      "capacity": 1.0,
      "tserv": 2.6500707449715524,
      "stddev": 2.6500707449715524,
      "mu": 0.37734841679131653,
      "cv": 1.0,
      "lambda": 0.225,
      "twait": 3.9138307451881897
    }
  },
  "extra": {
    "conv_gen": 485,
    "max_gen": 600,
    "population": 600,
    "deltatime": 72.7554265,
    "obj_func": 34.50490452932589
  },
  "network": [
    [
      0.0,
      0.7351253130473216,
      0.7570259414372515,
      0.821794499609145,
      0.8718351179588457,
      1.494042568030934,
      1.2995306039783225,
      1.1407444382959657,
      0.8432219368157283,
      1.350570998164315,
      0.9270668342408056,
      1.1509943163128158,
      0.7549392189699832,
      0.8310234220837613,
      0.8310234220837613
    ],
    [
      0.7351253130473216,
      0.0,
      1.1894337907130483,
      1.0378259540657397,
      0.8216232086431419,
      1.3052457907294404,
      0.8631231195927371,
      1.0406302762791395,
      0.7142913974730042,
      0.5194457888373001,
      1.4137915232597633,
      1.2298816910621333,
      0.8310234220837613,
      1.1894350933577438,
      1.1894350933577438
    ],
    [
      0.7570259414372515,
      1.1894337907130483,
      0.0,
      0.9136095549214426,
      0.8759317508540654,
      1.0450590774512745,
      0.9185047668753817,
      0.8613251948939563,
      1.018796455924898,
      0.5234876314225875,
      0.497844553671398,
      0.7549392189699832,
      1.1894350933577438,
      0.8817603797767831,
      0.8817603797767831
    ],
    [
      0.821794499609145,
      1.0378259540657397,
      0.9136095549214426,
      0.0,
      1.0253511608245398,
      0.7568160734534131,
      1.3873357863169953,
      1.0383658034884256,
      0.6717532558953186,
      1.0587305039009256,
      1.1509943163128158,
      0.8310234220837613,
      0.8817603797767831,
      1.2151485381036522,
      1.2151485381036522
    ],
    [
      0.8718351179588457,
      0.8216232086431419,
      0.8759317508540654,
      1.0253511608245398,
      0.0,
      1.138201752328296,
      0.6343365421615672,
      0.9296476662196784,
      1.5197549111077941,
      0.9270668342408056,
      1.2298816910621333,
      1.1894350933577438,
      1.2151485381036522,
      0.6298748319244868,
      0.6298748319244868
    ],
    [
      1.494042568030934,
      1.3052457907294404,
      1.0450590774512745,
      0.7568160734534131,
      1.138201752328296,
      0.0,
      0.858790070196431,
      1.013479671159197,
      1.350570998164315,
      1.4137915232597633,
      0.7549392189699832,
      0.8817603797767831,
      0.6298748319244868,
      1.211511729303598,
      1.211511729303598
    ],
    [
      1.2995306039783225,
      0.8631231195927371,
      0.9185047668753817,
      1.3873357863169953,
      0.6343365421615672,
      0.858790070196431,
      0.0,
      0.8432219368157283,
      0.5194457888373001,
      0.497844553671398,
      0.8310234220837613,
      1.2151485381036522,
      1.211511729303598,
      1.373116056328601,
      1.373116056328601
    ],
    [
      1.1407444382959657,
      1.0406302762791395,
      0.8613251948939563,
      1.0383658034884256,
      0.9296476662196784,
      1.013479671159197,
      0.8432219368157283,
      0.0,
      0.5234876314225875,
      1.1509943163128158,
      1.1894350933577438,
      0.6298748319244868,
      1.373116056328601,
      1.1397955641467612,
      1.1397955641467612
    ],
    [
      0.8432219368157283,
      0.7142913974730042,
      1.018796455924898,
      0.6717532558953186,
      1.5197549111077941,
      1.350570998164315,
      0.5194457888373001,
      0.5234876314225875,
      0.0,
      1.2298816910621333,
      0.8817603797767831,
      1.211511729303598,
      1.1397955641467612,
      1.0159953397086692,
      1.0159953397086692
    ],
    [
      1.350570998164315,
      0.5194457888373001,
      0.5234876314225875,
      1.0587305039009256,
      0.9270668342408056,
      1.4137915232597633,
      0.497844553671398,
      1.1509943163128158,
      1.2298816910621333,
      0.0,
      1.2151485381036522,
      1.373116056328601,
      1.0159953397086692,
      0.9891109061735115,
      0.9891109061735115
    ],
    [
      0.9270668342408056,
      1.4137915232597633,
      0.497844553671398,
      1.1509943163128158,
      1.2298816910621333,
      0.7549392189699832,
      0.8310234220837613,
      1.1894350933577438,
      0.8817603797767831,
      1.2151485381036522,
      0.0,
      1.1397955641467612,
      0.9891109061735115,
      1.0434016019798602,
      1.0434016019798602
    ],
    [
      1.1509943163128158,
      1.2298816910621333,
      0.7549392189699832,
      0.8310234220837613,
      1.1894350933577438,
      0.8817603797767831,
      1.2151485381036522,
      0.6298748319244868,
      1.211511729303598,
      1.373116056328601,
      1.1397955641467612,
      0.0,
      1.0434016019798602,
      0.4289561422829788,
      0.4289561422829788
    ],
    [
      0.7549392189699832,
      0.8310234220837613,
      1.1894350933577438,
      0.8817603797767831,
      1.2151485381036522,
      0.6298748319244868,
      1.211511729303598,
      1.373116056328601,
      1.1397955641467612,
      1.0159953397086692,
      0.9891109061735115,
      1.0434016019798602,
      0.0,
      1.000106825120566,
      1.000106825120566
    ],
    [
      0.8310234220837613,
      1.1894350933577438,
      0.8817603797767831,
      1.2151485381036522,
      0.6298748319244868,
      1.211511729303598,
      1.373116056328601,
      1.1397955641467612,
      1.0159953397086692,
      0.9891109061735115,
      1.0434016019798602,
      0.4289561422829788,
      1.000106825120566,
      0.0,
      0.8834148250867354
    ],
    [
      0.8310234220837613,
      1.1894350933577438,
      0.8817603797767831,
      1.2151485381036522,
      0.6298748319244868,
      1.211511729303598,
      1.373116056328601,
      1.1397955641467612,
      1.0159953397086692,
      0.9891109061735115,
      1.0434016019798602,
      0.4289561422829788,
      1.000106825120566,
      0.8834148250867354,
      0.0
    ]
  ]
}