{
  "servicechain": {
    "SC1": {
      "resptime": 7321.369903677716,
      "resptime_old": 7311.369903677717,
      "waittime": 7307.448348720273,
      "servicetime": 10.0,
      "networktime": 3.921554957443024,
      "services": {
        "MS1_1": {
          "meanserv": 5.695590690851243,
          "stddevserv": 5.695590690851243,
          "rate": 0.17557441436342813,
          "cv": 1.0,
          "lambda": 0.225
        },
        "MS1_2": {
          "meanserv": 0.43619790691098626,
          "stddevserv": 0.43619790691098626,
          "rate": 2.292537364706033,
          "cv": 1.0,
          "lambda": 0.225
        },
        "MS1_3": {
          "meanserv": 1.0328932625145875,
          "stddevserv": 1.0328932625145875,
          "rate": 0.968154248160639,
          "cv": 1.0,
          "lambda": 0.225
        },
        "MS1_4": {
          "meanserv": 1.5340538909891208,
          "stddevserv": 1.5340538909891208,
          "rate": 0.6518675816240225,
          "cv": 1.0,
          "lambda": 0.225
        },
        "MS1_5": {
          "meanserv": 1.3012642487340624,
          "stddevserv": 1.3012642487340624,
          "rate": 0.7684834198533096,
          "cv": 1.0,
          "lambda": 0.225
        }
      },
      "sensors": [
        "S1"
      ],
      "sources": [
        {
          "startTime": 0,
          "stopTime": -1,
          "lambda": 0.225
        }
      ]
    },
    "SC2": {
      "resptime": 49.78780758634167,
      "resptime_old": 39.78780758634167,
      "waittime": 34.19821014415175,
      "servicetime": 10.0,
      "networktime": 5.589597442189918,
      "services": {
        "MS2_1": {
          "meanserv": 1.5559024037089042,
          "stddevserv": 1.5559024037089042,
          "rate": 0.6427138345028814,
          "cv": 1.0,
          "lambda": 0.225
        },
        "MS2_2": {
          "meanserv": 2.1587818351344468,
          "stddevserv": 2.1587818351344468,
          "rate": 0.46322420530174646,
          "cv": 1.0,
          "lambda": 0.225
        },
        "MS2_3": {
          "meanserv": 2.3003733116660174,
          "stddevserv": 2.3003733116660174,
          "rate": 0.43471205083481085,
          "cv": 1.0,
          "lambda": 0.225
        },
        "MS2_4": {
          "meanserv": 2.853981430606682,
          "stddevserv": 2.853981430606682,
          "rate": 0.35038770374459866,
          "cv": 1.0,
          "lambda": 0.225
        },
        "MS2_5": {
          "meanserv": 1.1309610188839496,
          "stddevserv": 1.1309610188839496,
          "rate": 0.8842037729884059,
          "cv": 1.0,
          "lambda": 0.225
        }
      },
      "sensors": [
        "S2"
      ],
      "sources": [
        {
          "startTime": 0,
          "stopTime": -1,
          "lambda": 0.225
        }
      ]
    },
    "SC3": {
      "resptime": 677.2585501284537,
      "resptime_old": 667.2585501284539,
      "waittime": 661.6845136612277,
      "servicetime": 10.0,
      "networktime": 5.574036467226087,
      "services": {
        "MS3_1": {
          "meanserv": 4.113437670645046,
          "stddevserv": 4.113437670645046,
          "rate": 0.2431056649129159,
          "cv": 1.0,
          "lambda": 0.225
        },
        "MS3_2": {
          "meanserv": 0.25807863696294486,
          "stddevserv": 0.25807863696294486,
          "rate": 3.8747879784547252,
          "cv": 1.0,
          "lambda": 0.225
        },
        "MS3_3": {
          "meanserv": 4.412340039741715,
          "stddevserv": 4.412340039741715,
          "rate": 0.2266371111457985,
          "cv": 1.0,
          "lambda": 0.225
        },
        "MS3_4": {
          "meanserv": 0.7574559631646469,
          "stddevserv": 0.7574559631646469,
          "rate": 1.3202087627932921,
          "cv": 1.0,
          "lambda": 0.225
        },
        "MS3_5": {
          "meanserv": 0.45868768948564664,
          "stddevserv": 0.45868768948564664,
          "rate": 2.1801326325573696,
          "cv": 1.0,
          "lambda": 0.225
        }
      },
      "sensors": [
        "S3"
      ],
      "sources": [
        {
          "startTime": 0,
          "stopTime": -1,
          "lambda": 0.225
        }
      ]
    },
    "SC4": {
      "resptime": 10135.578005509378,
      "resptime_old": 10125.578005509376,
      "waittime": 10122.265523180968,
      "servicetime": 10.0,
      "networktime": 3.3124823284098,
      "services": {
        "MS4_1": {
          "meanserv": 0.18091774325559862,
          "stddevserv": 0.18091774325559862,
          "rate": 5.527373833019854,
          "cv": 1.0,
          "lambda": 0.225
        },
        "MS4_2": {
          "meanserv": 0.08825026529144298,
          "stddevserv": 0.08825026529144298,
          "rate": 11.331410695452755,
          "cv": 1.0,
          "lambda": 0.225
        },
        "MS4_3": {
          "meanserv": 6.706212846794037,
          "stddevserv": 6.706212846794037,
          "rate": 0.1491154579858077,
          "cv": 1.0,
          "lambda": 0.225
        },
        "MS4_4": {
          "meanserv": 0.29332205980170567,
          "stddevserv": 0.29332205980170567,
          "rate": 3.4092219339930634,
          "cv": 1.0,
          "lambda": 0.225
        },
        "MS4_5": {
          "meanserv": 2.731297084857215,
          "stddevserv": 2.731297084857215,
          "rate": 0.36612641134652596,
          "cv": 1.0,
          "lambda": 0.225
        }
      },
      "sensors": [
        "S4"
      ],
      "sources": [
        {
          "startTime": 0,
          "stopTime": -1,
          "lambda": 0.225
        }
      ]
    }
  },
  "microservice": {
    "MS1_1": "F2",
    "MS1_2": "F7",
    "MS1_3": "F7",
    "MS1_4": "F7",
    "MS1_5": "F3",
    "MS2_1": "F4",
    "MS2_2": "F4",
    "MS2_3": "F3",
    "MS2_4": "F1",
    "MS2_5": "F6",
    "MS3_1": "F5",
    "MS3_2": "F6",
    "MS3_3": "F9",
    "MS3_4": "F6",
    "MS3_5": "F6",
    "MS4_1": "F6",
    "MS4_2": "F6",
    "MS4_3": "F10",
    "MS4_4": "F8",
    "MS4_5": "F8"
  },
  "sensor": {
    "S1": "F2",
    "S2": "F4",
    "S3": "F5",
    "S4": "F6"
  },
  "fog": {
    "F1": {
      "rho": 0.6421458218865035,
      "capacity": 1.0,
      "tserv": 2.853981430606682,
      "stddev": 2.853981430606682,
      "mu": 0.35038770374459866,
      "cv": 1.0,
      "lambda": 0.225,
      "twait": 5.121282252640066
    },
    "F2": {
      "rho": 1.2815079054415297,
      "capacity": 1.0,
      "tserv": 5.695590690851243,
      "stddev": 5.695590690851243,
      "mu": 0.17557441436342813,
      "cv": 1.0,
      "lambda": 0.225,
      "twait": 7291.645551988559
    },
    "F3": {
      "rho": 0.810368451090018,
      "capacity": 1.0,
      "tserv": 1.80081878020004,
      "stddev": 1.9344399031599673,
      "mu": 0.5553029605171694,
      "cv": 1.0742002051672763,
      "lambda": 0.45,
      "twait": 8.287789469089123
    },
    "F4": {
      "rho": 0.8358039537397539,
      "capacity": 1.0,
      "tserv": 1.8573421194216753,
      "stddev": 1.9056367841212014,
      "mu": 0.5384037703895781,
      "cv": 1.0260020295639254,
      "lambda": 0.45,
      "twait": 9.70342209293384
    },
    "F5": {
      "rho": 0.9255234758951355,
      "capacity": 1.0,
      "tserv": 4.113437670645046,
      "stddev": 4.113437670645046,
      "mu": 0.2431056649129159,
      "cv": 1.0,
      "lambda": 0.225,
      "twait": 51.11789488796417
    },
    "F6": {
      "rho": 0.6467290463349515,
      "capacity": 1.0,
      "tserv": 0.4790585528407048,
      "stddev": 0.7028132491898197,
      "mu": 2.087427505615409,
      "cv": 1.4670717076697661,
      "lambda": 1.35,
      "twait": 1.3822942365548807
    },
    "F7": {
      "rho": 0.6757076385933063,
      "capacity": 1.0,
      "tserv": 1.0010483534715648,
      "stddev": 1.1852740153562855,
      "mu": 0.9989527444224555,
      "cv": 1.1840327305327851,
      "lambda": 0.675,
      "twait": 2.5050024208751704
    },
    "F8": {
      "rho": 0.6805393075482572,
      "capacity": 1.0,
      "tserv": 1.5123095723294604,
      "stddev": 2.2932381808169255,
      "mu": 0.6612402766582155,
      "cv": 1.5163814491265668,
      "lambda": 0.45,
      "twait": 5.314753581060802
    },
    "F9": {
      "rho": 0.992776508941886,
      "capacity": 1.0,
      "tserv": 4.412340039741715,
      "stddev": 4.412340039741715,
      "mu": 0.2266371111457985,
      "cv": 1.0,
      "lambda": 0.225,
      "twait": 606.4197360635989
    },
    "F10": {
      "rho": 1.5088978905286583,
      "capacity": 1.0,
      "tserv": 6.706212846794037,
      "stddev": 6.706212846794037,
      "mu": 0.1491154579858077,
      "cv": 1.0,
      "lambda": 0.225,
      "twait": 10108.871427545737
    }
  },
  "extra": {
    "conv_gen": 6,
    "max_gen": 600,
    "population": 600,
    "deltatime": 38.4761689,
    "obj_func": 4545.998566725472
  },
  "network": [
    [
      0.0,
      1.8502755206947858,
      1.626841363959229,
      2.149924278893055,
      2.5897667919172997,
      1.8907693676087807,
      1.6967670001538695,
      1.5955766667199307,
      2.2913740622793894,
      2.2913740622793894
    ],
    [
      1.8502755206947858,
      0.0,
      2.0425650012116696,
      2.0412206606263834,
      2.351520407065773,
      2.6412171013213555,
      2.3259782907230933,
      2.2913740622793894,
      1.9398997972879541,
      1.9398997972879541
    ],
    [
      1.626841363959229,
      2.0425650012116696,
      0.0,
      2.0719867106219088,
      2.452962657239363,
      2.4577876063442745,
      1.5955766667199307,
      1.9398997972879541,
      2.3095812671681757,
      2.3095812671681757
    ],
    [
      2.149924278893055,
      2.0412206606263834,
      2.0719867106219088,
      0.0,
      1.7361175241222986,
      1.6967670001538695,
      2.2913740622793894,
      2.3095812671681757,
      1.9570575311930656,
      1.9570575311930656
    ],
    [
      2.5897667919172997,
      2.351520407065773,
      2.452962657239363,
      1.7361175241222986,
      0.0,
      2.3259782907230933,
      1.9398997972879541,
      1.9570575311930656,
      2.5335580263262787,
      2.5335580263262787
    ],
    [
      1.8907693676087807,
      2.6412171013213555,
      2.4577876063442745,
      1.6967670001538695,
      2.3259782907230933,
      0.0,
      2.3095812671681757,
      2.5335580263262787,
      1.6240290882514967,
      1.6240290882514967
    ],
    [
      1.6967670001538695,
      2.3259782907230933,
      1.5955766667199307,
      2.2913740622793894,
      1.9398997972879541,
      2.3095812671681757,
      0.0,
      1.6240290882514967,
      1.818111320502458,
      1.818111320502458
    ],
    [
      1.5955766667199307,
      2.2913740622793894,
      1.9398997972879541,
      2.3095812671681757,
      1.9570575311930656,
      2.5335580263262787,
      1.6240290882514967,
      0.0,
      1.688453240158303,
      1.688453240158303
    ],
    [
      2.2913740622793894,
      1.9398997972879541,
      2.3095812671681757,
      1.9570575311930656,
      2.5335580263262787,
      1.6240290882514967,
      1.818111320502458,
      1.688453240158303,
      0.0,
      1.999990500722746
    ],
    [
      2.2913740622793894,
      1.9398997972879541,
      2.3095812671681757,
      1.9570575311930656,
      2.5335580263262787,
      1.6240290882514967,
      1.818111320502458,
      1.688453240158303,
      1.999990500722746,
      0.0
    ]
  ]
}