{
  "servicechain": {
    "SC1": {
      "resptime": 31.79115167172195,
      "resptime_old": 21.79115167172195,
      "waittime": 18.177117379365924,
      "servicetime": 10.0,
      "networktime": 3.6140342923560222,
      "services": {
        "MS1_1": {
          "meanserv": 0.12514391650770285,
          "stddevserv": 0.12514391650770285,
          "rate": 7.9907999358358595,
          "cv": 1.0,
          "lambda": 0.15
        },
        "MS1_2": {
          "meanserv": 1.7506906422455137,
          "stddevserv": 1.7506906422455137,
          "rate": 0.5712031445586272,
          "cv": 1.0,
          "lambda": 0.15
        },
        "MS1_3": {
          "meanserv": 0.583804968694851,
          "stddevserv": 0.583804968694851,
          "rate": 1.712900803560461,
          "cv": 1.0,
          "lambda": 0.15
        },
        "MS1_4": {
          "meanserv": 0.2194648311444638,
          "stddevserv": 0.2194648311444638,
          "rate": 4.5565387164093965,
          "cv": 1.0,
          "lambda": 0.15
        },
        "MS1_5": {
          "meanserv": 1.2534882613753515,
          "stddevserv": 1.2534882613753515,
          "rate": 0.7977737253819838,
          "cv": 1.0,
          "lambda": 0.15
        },
        "MS1_6": {
          "meanserv": 1.350262867456177,
          "stddevserv": 1.350262867456177,
          "rate": 0.7405965342762825,
          "cv": 1.0,
          "lambda": 0.15
        },
        "MS1_7": {
          "meanserv": 0.5541026564727334,
          "stddevserv": 0.5541026564727334,
          "rate": 1.8047197361689757,
          "cv": 1.0,
          "lambda": 0.15
        },
        "MS1_8": {
          "meanserv": 0.1850808738753793,
          "stddevserv": 0.1850808738753793,
          "rate": 5.403043432101639,
          "cv": 1.0,
          "lambda": 0.15
        },
        "MS1_9": {
          "meanserv": 0.065269731417259,
          "stddevserv": 0.065269731417259,
          "rate": 15.32103745926514,
          "cv": 1.0,
          "lambda": 0.15
        },
        "MS1_10": {
          "meanserv": 0.7625687878840814,
          "stddevserv": 0.7625687878840814,
          "rate": 1.311357107566289,
          "cv": 1.0,
          "lambda": 0.15
        },
        "MS1_11": {
          "meanserv": 0.23778354688221004,
          "stddevserv": 0.23778354688221004,
          "rate": 4.2055054401866006,
          "cv": 1.0,
          "lambda": 0.15
        },
        "MS1_12": {
          "meanserv": 0.30382631289969453,
          "stddevserv": 0.30382631289969453,
          "rate": 3.2913541636867403,
          "cv": 1.0,
          "lambda": 0.15
        },
        "MS1_13": {
          "meanserv": 1.368840683763766,
          "stddevserv": 1.368840683763766,
          "rate": 0.7305452065103725,
          "cv": 1.0,
          "lambda": 0.15
        },
        "MS1_14": {
          "meanserv": 1.0517402750463685,
          "stddevserv": 1.0517402750463685,
          "rate": 0.9508050834659846,
          "cv": 1.0,
          "lambda": 0.15
        },
        "MS1_15": {
          "meanserv": 0.18793164433444787,
          "stddevserv": 0.18793164433444787,
          "rate": 5.321083650076381,
          "cv": 1.0,
          "lambda": 0.15
        }
      },
      "sensors": [
        "S1"
      ],
      "sources": [
        {
          "startTime": 0,
          "stopTime": -1,
          "lambda": 0.15
        }
      ]
    },
    "SC2": {
      "resptime": 34.29663156087504,
      "resptime_old": 24.296631560875046,
      "waittime": 20.828202800537447,
      "servicetime": 10.0,
      "networktime": 3.4684287603375985,
      "services": {
        "MS2_1": {
          "meanserv": 0.12015776521998367,
          "stddevserv": 0.12015776521998367,
          "rate": 8.322391800223729,
          "cv": 1.0,
          "lambda": 0.15
        },
        "MS2_2": {
          "meanserv": 0.0383222307068698,
          "stddevserv": 0.0383222307068698,
          "rate": 26.094514373369606,
          "cv": 1.0,
          "lambda": 0.15
        },
        "MS2_3": {
          "meanserv": 1.948043577872973,
          "stddevserv": 1.948043577872973,
          "rate": 0.5133355389779722,
          "cv": 1.0,
          "lambda": 0.15
        },
        "MS2_4": {
          "meanserv": 0.13593756291230097,
          "stddevserv": 0.13593756291230097,
          "rate": 7.356318434553237,
          "cv": 1.0,
          "lambda": 0.15
        },
        "MS2_5": {
          "meanserv": 0.24940111902924533,
          "stddevserv": 0.24940111902924533,
          "rate": 4.009605104789998,
          "cv": 1.0,
          "lambda": 0.15
        },
        "MS2_6": {
          "meanserv": 0.20430779205075744,
          "stddevserv": 0.20430779205075744,
          "rate": 4.894575923719854,
          "cv": 1.0,
          "lambda": 0.15
        },
        "MS2_7": {
          "meanserv": 0.01804337598195538,
          "stddevserv": 0.01804337598195538,
          "rate": 55.42200090493426,
          "cv": 1.0,
          "lambda": 0.15
        },
        "MS2_8": {
          "meanserv": 0.24624580858626866,
          "stddevserv": 0.24624580858626866,
          "rate": 4.06098282744847,
          "cv": 1.0,
          "lambda": 0.15
        },
        "MS2_9": {
          "meanserv": 0.19918762725948813,
          "stddevserv": 0.19918762725948813,
          "rate": 5.0203921486411796,
          "cv": 1.0,
          "lambda": 0.15
        },
        "MS2_10": {
          "meanserv": 1.117124779664497,
          "stddevserv": 1.117124779664497,
          "rate": 0.8951551502602307,
          "cv": 1.0,
          "lambda": 0.15
        },
        "MS2_11": {
          "meanserv": 1.0143581567530875,
          "stddevserv": 1.0143581567530875,
          "rate": 0.9858450817815205,
          "cv": 1.0,
          "lambda": 0.15
        },
        "MS2_12": {
          "meanserv": 2.5476508934035547,
          "stddevserv": 2.5476508934035547,
          "rate": 0.39251845792107015,
          "cv": 1.0,
          "lambda": 0.15
        },
        "MS2_13": {
          "meanserv": 1.26453358911768,
          "stddevserv": 1.26453358911768,
          "rate": 0.7908054073104878,
          "cv": 1.0,
          "lambda": 0.15
        },
        "MS2_14": {
          "meanserv": 0.686420796967294,
          "stddevserv": 0.686420796967294,
          "rate": 1.4568323168793023,
          "cv": 1.0,
          "lambda": 0.15
        },
        "MS2_15": {
          "meanserv": 0.21026492447404443,
          "stddevserv": 0.21026492447404443,
          "rate": 4.755904973220781,
          "cv": 1.0,
          "lambda": 0.15
        }
      },
      "sensors": [
        "S2"
      ],
      "sources": [
        {
          "startTime": 0,
          "stopTime": -1,
          "lambda": 0.15
        }
      ]
    },
    "SC3": {
      "resptime": 29.89126507134313,
      "resptime_old": 19.891265071343128,
      "waittime": 18.340976888405,
      "servicetime": 10.0,
      "networktime": 1.550288182938131,
      "services": {
        "MS3_1": {
          "meanserv": 0.5420972853760275,
          "stddevserv": 0.5420972853760275,
          "rate": 1.8446873411408928,
          "cv": 1.0,
          "lambda": 0.15
        },
        "MS3_2": {
          "meanserv": 0.008630919102362578,
          "stddevserv": 0.008630919102362578,
          "rate": 115.86251569966237,
          "cv": 1.0,
          "lambda": 0.15
        },
        "MS3_3": {
          "meanserv": 0.09868793077898452,
          "stddevserv": 0.09868793077898452,
          "rate": 10.132951335655614,
          "cv": 1.0,
          "lambda": 0.15
        },
        "MS3_4": {
          "meanserv": 0.43650604552174954,
          "stddevserv": 0.43650604552174954,
          "rate": 2.290919015347689,
          "cv": 1.0,
          "lambda": 0.15
        },
        "MS3_5": {
          "meanserv": 0.18097591735803942,
          "stddevserv": 0.18097591735803942,
          "rate": 5.52559707721563,
          "cv": 1.0,
          "lambda": 0.15
        },
        "MS3_6": {
          "meanserv": 0.014626442304741527,
          "stddevserv": 0.014626442304741527,
          "rate": 68.36932585279641,
          "cv": 1.0,
          "lambda": 0.15
        },
        "MS3_7": {
          "meanserv": 1.991889258733751,
          "stddevserv": 1.991889258733751,
          "rate": 0.5020359418152104,
          "cv": 1.0,
          "lambda": 0.15
        },
        "MS3_8": {
          "meanserv": 2.3879580870643915,
          "stddevserv": 2.3879580870643915,
          "rate": 0.41876781900696525,
          "cv": 1.0,
          "lambda": 0.15
        },
        "MS3_9": {
          "meanserv": 0.7797443238516717,
          "stddevserv": 0.7797443238516717,
          "rate": 1.2824716633528541,
          "cv": 1.0,
          "lambda": 0.15
        },
        "MS3_10": {
          "meanserv": 0.43419120133689937,
          "stddevserv": 0.43419120133689937,
          "rate": 2.303132806286593,
          "cv": 1.0,
          "lambda": 0.15
        },
        "MS3_11": {
          "meanserv": 0.7344349656942049,
          "stddevserv": 0.7344349656942049,
          "rate": 1.3615909463879854,
          "cv": 1.0,
          "lambda": 0.15
        },
        "MS3_12": {
          "meanserv": 0.7957723266083443,
          "stddevserv": 0.7957723266083443,
          "rate": 1.2566408337697454,
          "cv": 1.0,
          "lambda": 0.15
        },
        "MS3_13": {
          "meanserv": 0.47691582339344585,
          "stddevserv": 0.47691582339344585,
          "rate": 2.096806083900933,
          "cv": 1.0,
          "lambda": 0.15
        },
        "MS3_14": {
          "meanserv": 0.9606385447813945,
          "stddevserv": 0.9606385447813945,
          "rate": 1.0409742617891338,
          "cv": 1.0,
          "lambda": 0.15
        },
        "MS3_15": {
          "meanserv": 0.1569309280939919,
          "stddevserv": 0.1569309280939919,
          "rate": 6.372230204367758,
          "cv": 1.0,
          "lambda": 0.15
        }
      },
      "sensors": [
        "S3"
      ],
      "sources": [
        {
          "startTime": 0,
          "stopTime": -1,
          "lambda": 0.15
        }
      ]
    },
    "SC4": {
      "resptime": 30.908234096546217,
      "resptime_old": 20.90823409654622,
      "waittime": 17.084672823367093,
      "servicetime": 10.0,
      "networktime": 3.823561273179125,
      "services": {
        "MS4_1": {
          "meanserv": 0.21939540846942607,
          "stddevserv": 0.21939540846942607,
          "rate": 4.557980529202166,
          "cv": 1.0,
          "lambda": 0.15
        },
        "MS4_2": {
          "meanserv": 2.438723001008878,
          "stddevserv": 2.438723001008878,
          "rate": 0.41005066979165283,
          "cv": 1.0,
          "lambda": 0.15
        },
        "MS4_3": {
          "meanserv": 0.400634107995276,
          "stddevserv": 0.400634107995276,
          "rate": 2.4960430977878483,
          "cv": 1.0,
          "lambda": 0.15
        },
        "MS4_4": {
          "meanserv": 0.5428843846494749,
          "stddevserv": 0.5428843846494749,
          "rate": 1.8420128268114984,
          "cv": 1.0,
          "lambda": 0.15
        },
        "MS4_5": {
          "meanserv": 1.147154382935728,
          "stddevserv": 1.147154382935728,
          "rate": 0.8717222501829793,
          "cv": 1.0,
          "lambda": 0.15
        },
        "MS4_6": {
          "meanserv": 0.5161887047481901,
          "stddevserv": 0.5161887047481901,
          "rate": 1.9372760209618016,
          "cv": 1.0,
          "lambda": 0.15
        },
        "MS4_7": {
          "meanserv": 0.049083775871051394,
          "stddevserv": 0.049083775871051394,
          "rate": 20.373330744299555,
          "cv": 1.0,
          "lambda": 0.15
        },
        "MS4_8": {
          "meanserv": 0.21229446010434128,
          "stddevserv": 0.21229446010434128,
          "rate": 4.710438508421307,
          "cv": 1.0,
          "lambda": 0.15
        },
        "MS4_9": {
          "meanserv": 0.41755341143787916,
          "stddevserv": 0.41755341143787916,
          "rate": 2.3949031970698518,
          "cv": 1.0,
          "lambda": 0.15
        },
        "MS4_10": {
          "meanserv": 0.16914298035526265,
          "stddevserv": 0.16914298035526265,
          "rate": 5.912157855440593,
          "cv": 1.0,
          "lambda": 0.15
        },
        "MS4_11": {
          "meanserv": 0.09863952125791187,
          "stddevserv": 0.09863952125791187,
          "rate": 10.137924305059318,
          "cv": 1.0,
          "lambda": 0.15
        },
        "MS4_12": {
          "meanserv": 2.2754630879283493,
          "stddevserv": 2.2754630879283493,
          "rate": 0.43947098298589865,
          "cv": 1.0,
          "lambda": 0.15
        },
        "MS4_13": {
          "meanserv": 0.22195942236640676,
          "stddevserv": 0.22195942236640676,
          "rate": 4.5053279979672025,
          "cv": 1.0,
          "lambda": 0.15
        },
        "MS4_14": {
          "meanserv": 0.2538350760477073,
          "stddevserv": 0.2538350760477073,
          "rate": 3.9395658613077336,
          "cv": 1.0,
          "lambda": 0.15
        },
        "MS4_15": {
          "meanserv": 1.0370482748241177,
          "stddevserv": 1.0370482748241177,
          "rate": 0.9642752649770321,
          "cv": 1.0,
          "lambda": 0.15
        }
      },
      "sensors": [
        "S4"
      ],
      "sources": [
        {
          "startTime": 0,
          "stopTime": -1,
          "lambda": 0.15
        }
      ]
    }
  },
  "microservice": {
    "MS1_1": "F5",
    "MS1_2": "F8",
    "MS1_3": "F10",
    "MS1_4": "F10",
    "MS1_5": "F10",
    "MS1_6": "F10",
    "MS1_7": "F10",
    "MS1_8": "F5",
    "MS1_9": "F5",
    "MS1_10": "F4",
    "MS1_11": "F4",
    "MS1_12": "F4",
    "MS1_13": "F4",
    "MS1_14": "F9",
    "MS1_15": "F9",
    "MS2_1": "F5",
    "MS2_2": "F5",
    "MS2_3": "F1",
    "MS2_4": "F5",
    "MS2_5": "F5",
    "MS2_6": "F5",
    "MS2_7": "F5",
    "MS2_8": "F5",
    "MS2_9": "F5",
    "MS2_10": "F3",
    "MS2_11": "F3",
    "MS2_12": "F1",
    "MS2_13": "F3",
    "MS2_14": "F4",
    "MS2_15": "F4",
    "MS3_1": "F7",
    "MS3_2": "F7",
    "MS3_3": "F7",
    "MS3_4": "F7",
    "MS3_5": "F7",
    "MS3_6": "F7",
    "MS3_7": "F2",
    "MS3_8": "F2",
    "MS3_9": "F7",
    "MS3_10": "F7",
    "MS3_11": "F7",
    "MS3_12": "F9",
    "MS3_13": "F9",
    "MS3_14": "F9",
    "MS3_15": "F9",
    "MS4_1": "F5",
    "MS4_2": "F8",
    "MS4_3": "F7",
    "MS4_4": "F6",
    "MS4_5": "F6",
    "MS4_6": "F5",
    "MS4_7": "F5",
    "MS4_8": "F5",
    "MS4_9": "F5",
    "MS4_10": "F5",
    "MS4_11": "F5",
    "MS4_12": "F6",
    "MS4_13": "F5",
    "MS4_14": "F5",
    "MS4_15": "F3"
  },
  "sensor": {
    "S1": "F5",
    "S2": "F5",
    "S3": "F7",
    "S4": "F5"
  },
  "fog": {
    "F1": {
      "rho": 0.6743541706914791,
      "capacity": 1.0,
      "tserv": 2.2478472356382637,
      "stddev": 2.2874836963758844,
      "mu": 0.44487008909929576,
      "cv": 1.0176330758199261,
      "lambda": 0.3,
      "twait": 4.7376925774508605
    },
    "F2": {
      "rho": 0.6569771018697212,
      "capacity": 1.0,
      "tserv": 2.189923672899071,
      "stddev": 2.2077592603160703,
      "mu": 0.45663691953070545,
      "cv": 1.0081443876961191,
      "lambda": 0.3,
      "twait": 4.228566094571259
    },
    "F3": {
      "rho": 0.6649597200539072,
      "capacity": 1.0,
      "tserv": 1.1082662000898456,
      "stddev": 1.1168922565116388,
      "mu": 0.9023102932480765,
      "cv": 1.0077833794995228,
      "lambda": 0.6,
      "twait": 2.2167802778659156
    },
    "F4": {
      "rho": 0.5354557579306637,
      "capacity": 1.0,
      "tserv": 0.5949508421451818,
      "stddev": 0.8281651913769914,
      "mu": 1.6808111345709749,
      "cv": 1.3919892749305496,
      "lambda": 0.9,
      "twait": 1.0072686249766223
    },
    "F5": {
      "rho": 0.5617785846308081,
      "capacity": 1.0,
      "tserv": 0.18725952821026942,
      "stddev": 0.25118371571043846,
      "mu": 5.34018220358391,
      "cv": 1.3413668084669637,
      "lambda": 2.999999999999999,
      "twait": 0.3359924452605924
    },
    "F6": {
      "rho": 0.5948252783270328,
      "capacity": 1.0,
      "tserv": 1.3218339518378508,
      "stddev": 1.666843604653699,
      "mu": 0.7565246743810904,
      "cv": 1.2610083152548426,
      "lambda": 0.44999999999999996,
      "twait": 2.51314502168839
    },
    "F7": {
      "rho": 0.5445793708979936,
      "capacity": 1.0,
      "tserv": 0.3630529139319958,
      "stddev": 0.5224127747598243,
      "mu": 2.7544194293047655,
      "cv": 1.4389438969154742,
      "lambda": 1.4999999999999998,
      "twait": 0.6665088815994121
    },
    "F8": {
      "rho": 0.6284120464881588,
      "capacity": 1.0,
      "tserv": 2.094706821627196,
      "stddev": 2.1504629575801224,
      "mu": 0.47739377638689634,
      "cv": 1.0266176322993088,
      "lambda": 0.3,
      "twait": 3.6380165914912665
    },
    "F9": {
      "rho": 0.5444894313386989,
      "capacity": 1.0,
      "tserv": 0.6049882570429987,
      "stddev": 0.7856206811449459,
      "mu": 1.6529246449967478,
      "cv": 1.298571785483613,
      "lambda": 0.9,
      "twait": 0.9713161912169422
    },
    "F10": {
      "rho": 0.5941685377715364,
      "capacity": 1.0,
      "tserv": 0.7922247170287152,
      "stddev": 1.0042739535507057,
      "mu": 1.262268114721992,
      "cv": 1.2676629900128507,
      "lambda": 0.75,
      "twait": 1.5118833139505017
    }
  },
  "extra": {
    "deltatime": 12.8125609,
    "conv": 15,
    "obj_func": 31.721820600121582
  },
  "network": [
    [
      0.0,
      0.5721505176078138,
      0.5801019914542784,
      0.6045295354310072,
      0.5674559077909757,
      0.7376041861985299,
      0.8505555584320947,
      0.7328209534305431,
      0.7734561306950718,
      0.7734561306950718
    ],
    [
      0.5721505176078138,
      0.0,
      0.6236469351793756,
      0.6255444441144298,
      0.5695768652197039,
      0.8274411421922363,
      0.4969268473055136,
      0.7734561306950718,
      0.5866638223336004,
      0.5866638223336004
    ],
    [
      0.5801019914542784,
      0.6236469351793756,
      0.0,
      0.5928877049300344,
      0.580425256917056,
      0.5358541062167085,
      0.7328209534305431,
      0.5866638223336004,
      0.6989811260692275,
      0.6989811260692275
    ],
    [
      0.6045295354310072,
      0.6255444441144298,
      0.5928877049300344,
      0.0,
      0.8452297038889206,
      0.8505555584320947,
      0.7734561306950718,
      0.6989811260692275,
      0.5681399134184557,
      0.5681399134184557
    ],
    [
      0.5674559077909757,
      0.5695768652197039,
      0.580425256917056,
      0.8452297038889206,
      0.0,
      0.4969268473055136,
      0.5866638223336004,
      0.5681399134184557,
      1.0023758429147118,
      1.0023758429147118
    ],
    [
      0.7376041861985299,
      0.8274411421922363,
      0.5358541062167085,
      0.8505555584320947,
      0.4969268473055136,
      0.0,
      0.6989811260692275,
      1.0023758429147118,
      0.485234434857845,
      0.485234434857845
    ],
    [
      0.8505555584320947,
      0.4969268473055136,
      0.7328209534305431,
      0.7734561306950718,
      0.5866638223336004,
      0.6989811260692275,
      0.0,
      0.485234434857845,
      0.5564344883271036,
      0.5564344883271036
    ],
    [
      0.7328209534305431,
      0.7734561306950718,
      0.5866638223336004,
      0.6989811260692275,
      0.5681399134184557,
      1.0023758429147118,
      0.485234434857845,
      0.0,
      0.6301489187154784,
      0.6301489187154784
    ],
    [
      0.7734561306950718,
      0.5866638223336004,
      0.6989811260692275,
      0.5681399134184557,
      1.0023758429147118,
      0.485234434857845,
      0.5564344883271036,
      0.6301489187154784,
      0.0,
      0.8817635282610407
    ],
    [
      0.7734561306950718,
      0.5866638223336004,
      0.6989811260692275,
      0.5681399134184557,
      1.0023758429147118,
      0.485234434857845,
      0.5564344883271036,
      0.6301489187154784,
      0.8817635282610407,
      0.0
    ]
  ]
}