{
  "servicechain": {
    "SC1": {
      "resptime": 35.1595089228063,
      "resptime_old": 25.159508922806307,
      "waittime": 21.706167847387473,
      "servicetime": 10.0,
      "networktime": 3.453341075418831,
      "services": {
        "MS1_1": {
          "meanserv": 0.6553807399595646,
          "stddevserv": 0.6553807399595646,
          "rate": 1.5258306187967892,
          "cv": 1.0,
          "lambda": 0.15
        },
        "MS1_2": {
          "meanserv": 0.10943078638877002,
          "stddevserv": 0.10943078638877002,
          "rate": 9.13819623343785,
          "cv": 1.0,
          "lambda": 0.15
        },
        "MS1_3": {
          "meanserv": 0.07077740445417646,
          "stddevserv": 0.07077740445417646,
          "rate": 14.128802938053934,
          "cv": 1.0,
          "lambda": 0.15
        },
        "MS1_4": {
          "meanserv": 2.5893964210079803,
          "stddevserv": 2.5893964210079803,
          "rate": 0.38619038471163397,
          "cv": 1.0,
          "lambda": 0.15
        },
        "MS1_5": {
          "meanserv": 1.8983348773290354,
          "stddevserv": 1.8983348773290354,
          "rate": 0.5267774468786055,
          "cv": 1.0,
          "lambda": 0.15
        },
        "MS1_6": {
          "meanserv": 0.11701904804831553,
          "stddevserv": 0.11701904804831553,
          "rate": 8.545617287769373,
          "cv": 1.0,
          "lambda": 0.15
        },
        "MS1_7": {
          "meanserv": 1.277825085539547,
          "stddevserv": 1.277825085539547,
          "rate": 0.7825797218386595,
          "cv": 1.0,
          "lambda": 0.15
        },
        "MS1_8": {
          "meanserv": 0.27612186899482705,
          "stddevserv": 0.27612186899482705,
          "rate": 3.621589277373515,
          "cv": 1.0,
          "lambda": 0.15
        },
        "MS1_9": {
          "meanserv": 3.0057137682777837,
          "stddevserv": 3.0057137682777837,
          "rate": 0.3326996770464211,
          "cv": 1.0,
          "lambda": 0.15
        }
      },
      "sensors": [
        "S1"
      ],
      "sources": [
        {
          "startTime": 0,
          "stopTime": -1,
          "lambda": 0.15
        }
      ]
    },
    "SC2": {
      "resptime": 33.128155112612475,
      "resptime_old": 23.12815511261248,
      "waittime": 18.466575850351635,
      "servicetime": 10.0,
      "networktime": 4.661579262260844,
      "services": {
        "MS2_1": {
          "meanserv": 0.2561968574570006,
          "stddevserv": 0.2561968574570006,
          "rate": 3.903248501663754,
          "cv": 1.0,
          "lambda": 0.15
        },
        "MS2_2": {
          "meanserv": 1.8387712326269776,
          "stddevserv": 1.8387712326269776,
          "rate": 0.5438414427287622,
          "cv": 1.0,
          "lambda": 0.15
        },
        "MS2_3": {
          "meanserv": 1.6053537673187037,
          "stddevserv": 1.6053537673187037,
          "rate": 0.6229156590638719,
          "cv": 1.0,
          "lambda": 0.15
        },
        "MS2_4": {
          "meanserv": 1.6675108795134852,
          "stddevserv": 1.6675108795134852,
          "rate": 0.5996962372394002,
          "cv": 1.0,
          "lambda": 0.15
        },
        "MS2_5": {
          "meanserv": 0.5700015568414099,
          "stddevserv": 0.5700015568414099,
          "rate": 1.754381173169721,
          "cv": 1.0,
          "lambda": 0.15
        },
        "MS2_6": {
          "meanserv": 1.906189200551001,
          "stddevserv": 1.906189200551001,
          "rate": 0.5246068961627425,
          "cv": 1.0,
          "lambda": 0.15
        },
        "MS2_7": {
          "meanserv": 0.05387405145897617,
          "stddevserv": 0.05387405145897617,
          "rate": 18.561811724174422,
          "cv": 1.0,
          "lambda": 0.15
        },
        "MS2_8": {
          "meanserv": 0.5231695956673121,
          "stddevserv": 0.5231695956673121,
          "rate": 1.9114260619913934,
          "cv": 1.0,
          "lambda": 0.15
        },
        "MS2_9": {
          "meanserv": 1.5789328585651337,
          "stddevserv": 1.5789328585651337,
          "rate": 0.6333391534512475,
          "cv": 1.0,
          "lambda": 0.15
        }
      },
      "sensors": [
        "S2"
      ],
      "sources": [
        {
          "startTime": 0,
          "stopTime": -1,
          "lambda": 0.15
        }
      ]
    },
    "SC3": {
      "resptime": 34.62775227015911,
      "resptime_old": 24.627752270159107,
      "waittime": 22.234314718190788,
      "servicetime": 10.0,
      "networktime": 2.3934375519683195,
      "services": {
        "MS3_1": {
          "meanserv": 0.6923791605095586,
          "stddevserv": 0.6923791605095586,
          "rate": 1.4442953471679403,
          "cv": 1.0,
          "lambda": 0.15
        },
        "MS3_2": {
          "meanserv": 0.9757830068955298,
          "stddevserv": 0.9757830068955298,
          "rate": 1.0248180106984206,
          "cv": 1.0,
          "lambda": 0.15
        },
        "MS3_3": {
          "meanserv": 4.814353335517474,
          "stddevserv": 4.814353335517474,
          "rate": 0.20771221601509526,
          "cv": 1.0,
          "lambda": 0.15
        },
        "MS3_4": {
          "meanserv": 1.6184196445961847,
          "stddevserv": 1.6184196445961847,
          "rate": 0.6178867164266979,
          "cv": 1.0,
          "lambda": 0.15
        },
        "MS3_5": {
          "meanserv": 0.11851017474930536,
          "stddevserv": 0.11851017474930536,
          "rate": 8.438094046484911,
          "cv": 1.0,
          "lambda": 0.15
        },
        "MS3_6": {
          "meanserv": 0.1816379200767173,
          "stddevserv": 0.1816379200767173,
          "rate": 5.505458329282983,
          "cv": 1.0,
          "lambda": 0.15
        },
        "MS3_7": {
          "meanserv": 0.10825974299029184,
          "stddevserv": 0.10825974299029184,
          "rate": 9.237043912894515,
          "cv": 1.0,
          "lambda": 0.15
        },
        "MS3_8": {
          "meanserv": 0.7012665657876536,
          "stddevserv": 0.7012665657876536,
          "rate": 1.4259912689218441,
          "cv": 1.0,
          "lambda": 0.15
        },
        "MS3_9": {
          "meanserv": 0.7893904488772847,
          "stddevserv": 0.7893904488772847,
          "rate": 1.2668002272161463,
          "cv": 1.0,
          "lambda": 0.15
        }
      },
      "sensors": [
        "S3"
      ],
      "sources": [
        {
          "startTime": 0,
          "stopTime": -1,
          "lambda": 0.15
        }
      ]
    },
    "SC4": {
      "resptime": 32.223213984694354,
      "resptime_old": 22.223213984694354,
      "waittime": 19.045487040746494,
      "servicetime": 10.0,
      "networktime": 3.177726943947863,
      "services": {
        "MS4_1": {
          "meanserv": 1.2164614247852046,
          "stddevserv": 1.2164614247852046,
          "rate": 0.8220564825362826,
          "cv": 1.0,
          "lambda": 0.15
        },
        "MS4_2": {
          "meanserv": 3.808672026985724,
          "stddevserv": 3.808672026985724,
          "rate": 0.2625587062668204,
          "cv": 1.0,
          "lambda": 0.15
        },
        "MS4_3": {
          "meanserv": 0.469565474910981,
          "stddevserv": 0.469565474910981,
          "rate": 2.1296284616955226,
          "cv": 1.0,
          "lambda": 0.15
        },
        "MS4_4": {
          "meanserv": 0.8519616234461349,
          "stddevserv": 0.8519616234461349,
          "rate": 1.173761789826939,
          "cv": 1.0,
          "lambda": 0.15
        },
        "MS4_5": {
          "meanserv": 1.0689808777591505,
          "stddevserv": 1.0689808777591505,
          "rate": 0.9354704287098647,
          "cv": 1.0,
          "lambda": 0.15
        },
        "MS4_6": {
          "meanserv": 0.36101534084012066,
          "stddevserv": 0.36101534084012066,
          "rate": 2.769965391700239,
          "cv": 1.0,
          "lambda": 0.15
        },
        "MS4_7": {
          "meanserv": 0.25409643425032513,
          "stddevserv": 0.25409643425032513,
          "rate": 3.9355137074251187,
          "cv": 1.0,
          "lambda": 0.15
        },
        "MS4_8": {
          "meanserv": 0.26635770163170136,
          "stddevserv": 0.26635770163170136,
          "rate": 3.7543498606348615,
          "cv": 1.0,
          "lambda": 0.15
        },
        "MS4_9": {
          "meanserv": 1.702889095390658,
          "stddevserv": 1.702889095390658,
          "rate": 0.5872373031847921,
          "cv": 1.0,
          "lambda": 0.15
        }
      },
      "sensors": [
        "S4"
      ],
      "sources": [
        {
          "startTime": 0,
          "stopTime": -1,
          "lambda": 0.15
        }
      ]
    }
  },
  "microservice": {
    "MS1_1": "F10",
    "MS1_2": "F10",
    "MS1_3": "F10",
    "MS1_4": "F9",
    "MS1_5": "F9",
    "MS1_6": "F3",
    "MS1_7": "F3",
    "MS1_8": "F3",
    "MS1_9": "F1",
    "MS2_1": "F8",
    "MS2_2": "F8",
    "MS2_3": "F8",
    "MS2_4": "F10",
    "MS2_5": "F10",
    "MS2_6": "F6",
    "MS2_7": "F3",
    "MS2_8": "F3",
    "MS2_9": "F1",
    "MS3_1": "F3",
    "MS3_2": "F3",
    "MS3_3": "F7",
    "MS3_4": "F2",
    "MS3_5": "F2",
    "MS3_6": "F2",
    "MS3_7": "F2",
    "MS3_8": "F2",
    "MS3_9": "F2",
    "MS4_1": "F4",
    "MS4_2": "F5",
    "MS4_3": "F4",
    "MS4_4": "F4",
    "MS4_5": "F4",
    "MS4_6": "F4",
    "MS4_7": "F4",
    "MS4_8": "F6",
    "MS4_9": "F6"
  },
  "sensor": {
    "S1": "F10",
    "S2": "F8",
    "S3": "F3",
    "S4": "F4"
  },
  "fog": {
    "F1": {
      "rho": 0.6876969940264376,
      "capacity": 1.0,
      "tserv": 2.2923233134214587,
      "stddev": 2.5045155330753617,
      "mu": 0.4362386379552313,
      "cv": 1.092566444886516,
      "lambda": 0.3,
      "twait": 5.536615406279727
    },
    "F2": {
      "rho": 0.5276226745616156,
      "capacity": 1.0,
      "tserv": 0.5862474161795729,
      "stddev": 0.9594952304266875,
      "mu": 1.7057644475718952,
      "cv": 1.636672851676647,
      "lambda": 0.9,
      "twait": 1.2044242556667037
    },
    "F3": {
      "rho": 0.5874257725671099,
      "capacity": 1.0,
      "tserv": 0.5594531167305808,
      "stddev": 0.8168697477416584,
      "mu": 1.7874598783968807,
      "cv": 1.4601218999643955,
      "lambda": 1.05,
      "twait": 1.2473842340191494
    },
    "F4": {
      "rho": 0.6333121763987876,
      "capacity": 1.0,
      "tserv": 0.7036801959986528,
      "stddev": 0.8714410436277474,
      "mu": 1.4211001044029872,
      "cv": 1.23840495808044,
      "lambda": 0.9,
      "twait": 1.5396172261663486
    },
    "F5": {
      "rho": 0.5713008040478585,
      "capacity": 1.0,
      "tserv": 3.808672026985724,
      "stddev": 3.808672026985724,
      "mu": 0.2625587062668204,
      "cv": 1.0,
      "lambda": 0.15,
      "twait": 5.075580761328139
    },
    "F6": {
      "rho": 0.5813153996360041,
      "capacity": 1.0,
      "tserv": 1.2918119991911203,
      "stddev": 1.6535149637131525,
      "mu": 0.7741064494107184,
      "cv": 1.2799965976074814,
      "lambda": 0.44999999999999996,
      "twait": 2.36610146121013
    },
    "F7": {
      "rho": 0.7221530003276211,
      "capacity": 1.0,
      "tserv": 4.814353335517474,
      "stddev": 4.814353335517474,
      "mu": 0.20771221601509526,
      "cv": 1.0,
      "lambda": 0.15,
      "twait": 12.51300071615226
    },
    "F8": {
      "rho": 0.5550482786104023,
      "capacity": 1.0,
      "tserv": 1.2334406191342275,
      "stddev": 1.5794120324889667,
      "mu": 0.8107402857398329,
      "cv": 1.280492962521035,
      "lambda": 0.44999999999999996,
      "twait": 2.0307407200737355
    },
    "F9": {
      "rho": 0.6731596947505524,
      "capacity": 1.0,
      "tserv": 2.243865649168508,
      "stddev": 2.2964572889767347,
      "mu": 0.44565948071381295,
      "cv": 1.0234379628868222,
      "lambda": 0.3,
      "twait": 4.731048603573444
    },
    "F10": {
      "rho": 0.46096520507361094,
      "capacity": 1.0,
      "tserv": 0.6146202734314813,
      "stddev": 1.0212947780373456,
      "mu": 1.627020850478798,
      "cv": 1.6616678983518771,
      "lambda": 0.75,
      "twait": 0.9884341773011369
    }
  },
  "extra": {
    "deltatime": 2.6934299,
    "conv": 10,
    "obj_func": 33.78465757256806
  },
  "network": [
    [
      0.0,
      1.1454328634194861,
      0.9413159665374073,
      1.5292823503194106,
      0.8824279516428472,
      1.480766434511868,
      1.0680882371353553,
      1.078002693433017,
      1.3496927531156964,
      1.3496927531156964
    ],
    [
      1.1454328634194861,
      0.0,
      0.5259809913481247,
      1.3700803518397908,
      1.141703450914989,
      0.9291693381756085,
      1.3154348585353024,
      1.3496927531156964,
      1.2070811485606328,
      1.2070811485606328
    ],
    [
      0.9413159665374073,
      0.5259809913481247,
      0.0,
      1.4801527766586033,
      0.822297434017572,
      1.2276954293645257,
      1.078002693433017,
      1.2070811485606328,
      1.1005474199736835,
      1.1005474199736835
    ],
    [
      1.5292823503194106,
      1.3700803518397908,
      1.4801527766586033,
      0.0,
      1.0548193534062538,
      1.0680882371353553,
      1.3496927531156964,
      1.1005474199736835,
      1.0737741443158637,
      1.0737741443158637
    ],
    [
      0.8824279516428472,
      1.141703450914989,
      0.822297434017572,
      1.0548193534062538,
      0.0,
      1.3154348585353024,
      1.2070811485606328,
      1.0737741443158637,
      1.3180569220354486,
      1.3180569220354486
    ],
    [
      1.480766434511868,
      0.9291693381756085,
      1.2276954293645257,
      1.0680882371353553,
      1.3154348585353024,
      0.0,
      1.1005474199736835,
      1.3180569220354486,
      1.2535080182047496,
      1.2535080182047496
    ],
    [
      1.0680882371353553,
      1.3154348585353024,
      1.078002693433017,
      1.3496927531156964,
      1.2070811485606328,
      1.1005474199736835,
      0.0,
      1.2535080182047496,
      1.5271683386019868,
      1.5271683386019868
    ],
    [
      1.078002693433017,
      1.3496927531156964,
      1.2070811485606328,
      1.1005474199736835,
      1.0737741443158637,
      1.3180569220354486,
      1.2535080182047496,
      0.0,
      1.2390598481541615,
      1.2390598481541615
    ],
    [
      1.3496927531156964,
      1.2070811485606328,
      1.1005474199736835,
      1.0737741443158637,
      1.3180569220354486,
      1.2535080182047496,
      1.5271683386019868,
      1.2390598481541615,
      0.0,
      1.4114776889077403
    ],
    [
      1.3496927531156964,
      1.2070811485606328,
      1.1005474199736835,
      1.0737741443158637,
      1.3180569220354486,
      1.2535080182047496,
      1.5271683386019868,
      1.2390598481541615,
      1.4114776889077403,
      0.0
    ]
  ]
}