{
  "servicechain": {
    "SC1": {
      "resptime": 32.12193050991336,
      "resptime_old": 22.12193050991336,
      "waittime": 19.18601323872426,
      "servicetime": 10.0,
      "networktime": 2.9359172711890995,
      "services": {
        "MS1_1": {
          "meanserv": 1.3666854738911693,
          "stddevserv": 1.3666854738911693,
          "rate": 0.7316972479065297,
          "cv": 1.0,
          "lambda": 0.15
        },
        "MS1_2": {
          "meanserv": 0.6712688747663842,
          "stddevserv": 0.6712688747663842,
          "rate": 1.4897160252633808,
          "cv": 1.0,
          "lambda": 0.15
        },
        "MS1_3": {
          "meanserv": 3.006395466453804,
          "stddevserv": 3.006395466453804,
          "rate": 0.3326242376155359,
          "cv": 1.0,
          "lambda": 0.15
        },
        "MS1_4": {
          "meanserv": 0.42389967032729814,
          "stddevserv": 0.42389967032729814,
          "rate": 2.3590487796980066,
          "cv": 1.0,
          "lambda": 0.15
        },
        "MS1_5": {
          "meanserv": 1.9144744705047279,
          "stddevserv": 1.9144744705047279,
          "rate": 0.5223365552304086,
          "cv": 1.0,
          "lambda": 0.15
        },
        "MS1_6": {
          "meanserv": 0.3230607085658761,
          "stddevserv": 0.3230607085658761,
          "rate": 3.0953934461395125,
          "cv": 1.0,
          "lambda": 0.15
        },
        "MS1_7": {
          "meanserv": 1.186383483105475,
          "stddevserv": 1.186383483105475,
          "rate": 0.8428977765118595,
          "cv": 1.0,
          "lambda": 0.15
        },
        "MS1_8": {
          "meanserv": 1.1078318523852655,
          "stddevserv": 1.1078318523852655,
          "rate": 0.9026640621019395,
          "cv": 1.0,
          "lambda": 0.15
        }
      },
      "sensors": [
        "S1"
      ],
      "sources": [
        {
          "startTime": 0,
          "stopTime": -1,
          "lambda": 0.15
        }
      ]
    },
    "SC2": {
      "resptime": 34.26694060814758,
      "resptime_old": 24.266940608147575,
      "waittime": 18.141152191889475,
      "servicetime": 10.0,
      "networktime": 6.125788416258105,
      "services": {
        "MS2_1": {
          "meanserv": 0.1671291159266841,
          "stddevserv": 0.1671291159266841,
          "rate": 5.983397892433525,
          "cv": 1.0,
          "lambda": 0.15
        },
        "MS2_2": {
          "meanserv": 1.751385605062522,
          "stddevserv": 1.751385605062522,
          "rate": 0.5709764869080909,
          "cv": 1.0,
          "lambda": 0.15
        },
        "MS2_3": {
          "meanserv": 1.5061961734317753,
          "stddevserv": 1.5061961734317753,
          "rate": 0.6639241405862568,
          "cv": 1.0,
          "lambda": 0.15
        },
        "MS2_4": {
          "meanserv": 0.7949869783860808,
          "stddevserv": 0.7949869783860808,
          "rate": 1.257882238562096,
          "cv": 1.0,
          "lambda": 0.15
        },
        "MS2_5": {
          "meanserv": 1.4159448850274403,
          "stddevserv": 1.4159448850274403,
          "rate": 0.7062421783321181,
          "cv": 1.0,
          "lambda": 0.15
        },
        "MS2_6": {
          "meanserv": 0.7098185533991641,
          "stddevserv": 0.7098185533991641,
          "rate": 1.4088107379149517,
          "cv": 1.0,
          "lambda": 0.15
        },
        "MS2_7": {
          "meanserv": 3.1772369793988933,
          "stddevserv": 3.1772369793988933,
          "rate": 0.3147388773591549,
          "cv": 1.0,
          "lambda": 0.15
        },
        "MS2_8": {
          "meanserv": 0.4773017093674401,
          "stddevserv": 0.4773017093674401,
          "rate": 2.095110870910735,
          "cv": 1.0,
          "lambda": 0.15
        }
      },
      "sensors": [
        "S2"
      ],
      "sources": [
        {
          "startTime": 0,
          "stopTime": -1,
          "lambda": 0.15
        }
      ]
    },
    "SC3": {
      "resptime": 30.10863375928425,
      "resptime_old": 20.10863375928425,
      "waittime": 17.084371059772604,
      "servicetime": 10.0,
      "networktime": 3.0242626995116457,
      "services": {
        "MS3_1": {
          "meanserv": 1.820939634158949,
          "stddevserv": 1.820939634158949,
          "rate": 0.549167024123717,
          "cv": 1.0,
          "lambda": 0.15
        },
        "MS3_2": {
          "meanserv": 0.9971892676014895,
          "stddevserv": 0.9971892676014895,
          "rate": 1.0028186548831106,
          "cv": 1.0,
          "lambda": 0.15
        },
        "MS3_3": {
          "meanserv": 0.3054180015495085,
          "stddevserv": 0.3054180015495085,
          "rate": 3.2742012419916224,
          "cv": 1.0,
          "lambda": 0.15
        },
        "MS3_4": {
          "meanserv": 1.6583501548739177,
          "stddevserv": 1.6583501548739177,
          "rate": 0.6030089586695452,
          "cv": 1.0,
          "lambda": 0.15
        },
        "MS3_5": {
          "meanserv": 0.14859284520840887,
          "stddevserv": 0.14859284520840887,
          "rate": 6.729799127255758,
          "cv": 1.0,
          "lambda": 0.15
        },
        "MS3_6": {
          "meanserv": 1.5683494665860076,
          "stddevserv": 1.5683494665860076,
          "rate": 0.6376129946196277,
          "cv": 1.0,
          "lambda": 0.15
        },
        "MS3_7": {
          "meanserv": 1.7890471104509693,
          "stddevserv": 1.7890471104509693,
          "rate": 0.5589567732221024,
          "cv": 1.0,
          "lambda": 0.15
        },
        "MS3_8": {
          "meanserv": 1.7121135195707495,
          "stddevserv": 1.7121135195707495,
          "rate": 0.5840734206985958,
          "cv": 1.0,
          "lambda": 0.15
        }
      },
      "sensors": [
        "S3"
      ],
      "sources": [
        {
          "startTime": 0,
          "stopTime": -1,
          "lambda": 0.15
        }
      ]
    },
    "SC4": {
      "resptime": 48.25754294076849,
      "resptime_old": 38.25754294076849,
      "waittime": 35.10250718764325,
      "servicetime": 10.0,
      "networktime": 3.1550357531252367,
      "services": {
        "MS4_1": {
          "meanserv": 0.2634058155266106,
          "stddevserv": 0.2634058155266106,
          "rate": 3.7964233933133302,
          "cv": 1.0,
          "lambda": 0.15
        },
        "MS4_2": {
          "meanserv": 1.9095639343229032,
          "stddevserv": 1.9095639343229032,
          "rate": 0.5236797689911241,
          "cv": 1.0,
          "lambda": 0.15
        },
        "MS4_3": {
          "meanserv": 0.2623392978660366,
          "stddevserv": 0.2623392978660366,
          "rate": 3.811857423323018,
          "cv": 1.0,
          "lambda": 0.15
        },
        "MS4_4": {
          "meanserv": 1.1048450586729075,
          "stddevserv": 1.1048450586729075,
          "rate": 0.9051042878366647,
          "cv": 1.0,
          "lambda": 0.15
        },
        "MS4_5": {
          "meanserv": 5.499793170290577,
          "stddevserv": 5.499793170290577,
          "rate": 0.18182501942107868,
          "cv": 1.0,
          "lambda": 0.15
        },
        "MS4_6": {
          "meanserv": 0.5816190582477176,
          "stddevserv": 0.5816190582477176,
          "rate": 1.7193384326379648,
          "cv": 1.0,
          "lambda": 0.15
        },
        "MS4_7": {
          "meanserv": 0.09055296724076811,
          "stddevserv": 0.09055296724076811,
          "rate": 11.043260430562535,
          "cv": 1.0,
          "lambda": 0.15
        },
        "MS4_8": {
          "meanserv": 0.28788069783247927,
          "stddevserv": 0.28788069783247927,
          "rate": 3.4736611642573907,
          "cv": 1.0,
          "lambda": 0.15
        }
      },
      "sensors": [
        "S4"
      ],
      "sources": [
        {
          "startTime": 0,
          "stopTime": -1,
          "lambda": 0.15
        }
      ]
    }
  },
  "microservice": {
    "MS1_1": "F8",
    "MS1_2": "F5",
    "MS1_3": "F5",
    "MS1_4": "F1",
    "MS1_5": "F1",
    "MS1_6": "F1",
    "MS1_7": "F1",
    "MS1_8": "F7",
    "MS2_1": "F10",
    "MS2_2": "F10",
    "MS2_3": "F7",
    "MS2_4": "F4",
    "MS2_5": "F10",
    "MS2_6": "F10",
    "MS2_7": "F2",
    "MS2_8": "F9",
    "MS3_1": "F8",
    "MS3_2": "F8",
    "MS3_3": "F9",
    "MS3_4": "F9",
    "MS3_5": "F9",
    "MS3_6": "F4",
    "MS3_7": "F4",
    "MS3_8": "F7",
    "MS4_1": "F6",
    "MS4_2": "F6",
    "MS4_3": "F6",
    "MS4_4": "F9",
    "MS4_5": "F3",
    "MS4_6": "F6",
    "MS4_7": "F6",
    "MS4_8": "F6"
  },
  "sensor": {
    "S1": "F8",
    "S2": "F10",
    "S3": "F8",
    "S4": "F6"
  },
  "fog": {
    "F1": {
      "rho": 0.5771727498755066,
      "capacity": 1.0,
      "tserv": 0.9619545831258444,
      "stddev": 1.3240211816902476,
      "mu": 1.0395501175851027,
      "cv": 1.3763863751112635,
      "lambda": 0.6,
      "twait": 1.9003425456419774
    },
    "F2": {
      "rho": 0.47658554690983396,
      "capacity": 1.0,
      "tserv": 3.1772369793988933,
      "stddev": 3.1772369793988933,
      "mu": 0.3147388773591549,
      "cv": 1.0,
      "lambda": 0.15,
      "twait": 2.8929755656329235
    },
    "F3": {
      "rho": 0.8249689755435865,
      "capacity": 1.0,
      "tserv": 5.499793170290577,
      "stddev": 5.499793170290576,
      "mu": 0.18182501942107868,
      "cv": 0.9999999999999999,
      "lambda": 0.15,
      "twait": 25.92202583220371
    },
    "F4": {
      "rho": 0.6228575333134587,
      "capacity": 1.0,
      "tserv": 1.3841278518076863,
      "stddev": 1.5096796665368823,
      "mu": 0.7224766113144743,
      "cv": 1.0907082496499323,
      "lambda": 0.44999999999999996,
      "twait": 2.502667213735
    },
    "F5": {
      "rho": 0.5516496511830282,
      "capacity": 1.0,
      "tserv": 1.838832170610094,
      "stddev": 2.4713785325751867,
      "mu": 0.54382342009397,
      "cv": 1.343993525931855,
      "lambda": 0.3,
      "twait": 3.174643098187187
    },
    "F6": {
      "rho": 0.5093042656554774,
      "capacity": 1.0,
      "tserv": 0.5658936285060859,
      "stddev": 1.0413593710068076,
      "mu": 1.7671165562332276,
      "cv": 1.84020338549475,
      "lambda": 0.9,
      "twait": 1.2881693848627622
    },
    "F7": {
      "rho": 0.6489212318081685,
      "capacity": 1.0,
      "tserv": 1.4420471817959302,
      "stddev": 1.4850366815062075,
      "mu": 0.693458586254159,
      "cv": 1.0298114376928624,
      "lambda": 0.44999999999999996,
      "twait": 2.7460722260502557
    },
    "F8": {
      "rho": 0.6277221563477412,
      "capacity": 1.0,
      "tserv": 1.3949381252172028,
      "stddev": 1.4740552254328703,
      "mu": 0.7168776750182322,
      "cv": 1.0567172828567921,
      "lambda": 0.44999999999999996,
      "twait": 2.48928463373172
    },
    "F9": {
      "rho": 0.5541761654508274,
      "capacity": 1.0,
      "tserv": 0.7389015539344365,
      "stddev": 1.0861023865014166,
      "mu": 1.3533602611542634,
      "cv": 1.4698878094358259,
      "lambda": 0.75,
      "twait": 1.4514650462629688
    },
    "F10": {
      "rho": 0.6066417239123716,
      "capacity": 1.0,
      "tserv": 1.0110695398539526,
      "stddev": 1.3340732263175694,
      "mu": 0.9890516533061102,
      "cv": 1.3194673301208086,
      "lambda": 0.6,
      "twait": 2.1369930350520816
    }
  },
  "extra": {
    "conv_gen": 220,
    "max_gen": 600,
    "population": 600,
    "deltatime": 53.1579096,
    "obj_func": 36.18876195452842
  },
  "network": [
    [
      0.0,
      1.4193147799715393,
      1.5654487818344625,
      1.2341534937163001,
      0.8891632657257843,
      1.5101850636397687,
      1.191416209339711,
      1.4091359020322114,
      0.8324234744046383,
      0.8324234744046383
    ],
    [
      1.4193147799715393,
      0.0,
      1.5649998951477673,
      1.1715761988321294,
      1.4992115824199366,
      1.085810178120792,
      1.4770701294509565,
      0.8324234744046383,
      1.4264512073957627,
      1.4264512073957627
    ],
    [
      1.5654487818344625,
      1.5649998951477673,
      0.0,
      1.2545285935533368,
      1.196265377489086,
      1.1127736883931214,
      1.4091359020322114,
      1.4264512073957627,
      0.8039383055181001,
      0.8039383055181001
    ],
    [
      1.2341534937163001,
      1.1715761988321294,
      1.2545285935533368,
      0.0,
      1.2840814633811202,
      1.191416209339711,
      0.8324234744046383,
      0.8039383055181001,
      0.8553377961236046,
      0.8553377961236046
    ],
    [
      0.8891632657257843,
      1.4992115824199366,
      1.196265377489086,
      1.2840814633811202,
      0.0,
      1.4770701294509565,
      1.4264512073957627,
      0.8553377961236046,
      1.3090566166143836,
      1.3090566166143836
    ],
    [
      1.5101850636397687,
      1.085810178120792,
      1.1127736883931214,
      1.191416209339711,
      1.4770701294509565,
      0.0,
      0.8039383055181001,
      1.3090566166143836,
      1.238323759214015,
      1.238323759214015
    ],
    [
      1.191416209339711,
      1.4770701294509565,
      1.4091359020322114,
      0.8324234744046383,
      1.4264512073957627,
      0.8039383055181001,
      0.0,
      1.238323759214015,
      1.5851247309383363,
      1.5851247309383363
    ],
    [
      1.4091359020322114,
      0.8324234744046383,
      1.4264512073957627,
      0.8039383055181001,
      0.8553377961236046,
      1.3090566166143836,
      1.238323759214015,
      0.0,
      1.336501428983403,
      1.336501428983403
    ],
    [
      0.8324234744046383,
      1.4264512073957627,
      0.8039383055181001,
      0.8553377961236046,
      1.3090566166143836,
      1.238323759214015,
      1.5851247309383363,
      1.336501428983403,
      0.0,
      1.464991933951126
    ],
    [
      0.8324234744046383,
      1.4264512073957627,
      0.8039383055181001,
      0.8553377961236046,
      1.3090566166143836,
      1.238323759214015,
      1.5851247309383363,
      1.336501428983403,
      1.464991933951126,
      0.0
    ]
  ]
}