{
  "servicechain": {
    "SC1": {
      "resptime": 31.446531622833223,
      "resptime_old": 21.44653162283322,
      "waittime": 17.927399956971144,
      "servicetime": 10.0,
      "networktime": 3.519131665862079,
      "services": {
        "MS1_1": {
          "meanserv": 0.9051125169509744,
          "stddevserv": 0.9051125169509744,
          "rate": 1.1048350136275547,
          "cv": 1.0,
          "lambda": 0.15
        },
        "MS1_2": {
          "meanserv": 1.1290644984878329,
          "stddevserv": 1.1290644984878329,
          "rate": 0.8856889941533985,
          "cv": 1.0,
          "lambda": 0.15
        },
        "MS1_3": {
          "meanserv": 1.2006523612253392,
          "stddevserv": 1.2006523612253392,
          "rate": 0.832880550852737,
          "cv": 1.0,
          "lambda": 0.15
        },
        "MS1_4": {
          "meanserv": 1.4182293992006088,
          "stddevserv": 1.4182293992006088,
          "rate": 0.705104548364076,
          "cv": 1.0,
          "lambda": 0.15
        },
        "MS1_5": {
          "meanserv": 2.654063301087242,
          "stddevserv": 2.654063301087242,
          "rate": 0.37678076464504373,
          "cv": 1.0,
          "lambda": 0.15
        },
        "MS1_6": {
          "meanserv": 2.1333482912538964,
          "stddevserv": 2.1333482912538964,
          "rate": 0.46874671337057683,
          "cv": 1.0,
          "lambda": 0.15
        },
        "MS1_7": {
          "meanserv": 0.2780532187036968,
          "stddevserv": 0.2780532187036968,
          "rate": 3.5964338217772434,
          "cv": 1.0,
          "lambda": 0.15
        },
        "MS1_8": {
          "meanserv": 0.2814764130904095,
          "stddevserv": 0.2814764130904095,
          "rate": 3.5526955492316956,
          "cv": 1.0,
          "lambda": 0.15
        }
      },
      "sensors": [
        "S1"
      ],
      "sources": [
        {
          "startTime": 0,
          "stopTime": -1,
          "lambda": 0.15
        }
      ]
    },
    "SC2": {
      "resptime": 38.75647255993314,
      "resptime_old": 28.756472559933133,
      "waittime": 24.368180716505492,
      "servicetime": 10.0,
      "networktime": 4.388291843427647,
      "services": {
        "MS2_1": {
          "meanserv": 0.9942658796040038,
          "stddevserv": 0.9942658796040038,
          "rate": 1.0057671901587129,
          "cv": 1.0,
          "lambda": 0.15
        },
        "MS2_2": {
          "meanserv": 0.7915540612037397,
          "stddevserv": 0.7915540612037397,
          "rate": 1.2633375899547157,
          "cv": 1.0,
          "lambda": 0.15
        },
        "MS2_3": {
          "meanserv": 4.879942138917529,
          "stddevserv": 4.879942138917529,
          "rate": 0.20492046248356144,
          "cv": 1.0,
          "lambda": 0.15
        },
        "MS2_4": {
          "meanserv": 0.0031416460659903223,
          "stddevserv": 0.0031416460659903223,
          "rate": 318.30447446815623,
          "cv": 1.0,
          "lambda": 0.15
        },
        "MS2_5": {
          "meanserv": 0.127815035548136,
          "stddevserv": 0.127815035548136,
          "rate": 7.8238056713084685,
          "cv": 1.0,
          "lambda": 0.15
        },
        "MS2_6": {
          "meanserv": 2.424614072083127,
          "stddevserv": 2.424614072083127,
          "rate": 0.4124367714903353,
          "cv": 1.0,
          "lambda": 0.15
        },
        "MS2_7": {
          "meanserv": 0.19012852125384505,
          "stddevserv": 0.19012852125384505,
          "rate": 5.259600155753994,
          "cv": 1.0,
          "lambda": 0.15
        },
        "MS2_8": {
          "meanserv": 0.588538645323629,
          "stddevserv": 0.588538645323629,
          "rate": 1.6991237668855446,
          "cv": 1.0,
          "lambda": 0.15
        }
      },
      "sensors": [
        "S2"
      ],
      "sources": [
        {
          "startTime": 0,
          "stopTime": -1,
          "lambda": 0.15
        }
      ]
    },
    "SC3": {
      "resptime": 30.06606231514036,
      "resptime_old": 20.06606231514036,
      "waittime": 14.721720081947538,
      "servicetime": 10.0,
      "networktime": 5.3443422331928225,
      "services": {
        "MS3_1": {
          "meanserv": 1.0757503498230492,
          "stddevserv": 1.0757503498230492,
          "rate": 0.9295837088637625,
          "cv": 1.0,
          "lambda": 0.15
        },
        "MS3_2": {
          "meanserv": 1.9516142110438792,
          "stddevserv": 1.9516142110438792,
          "rate": 0.5123963508469843,
          "cv": 1.0,
          "lambda": 0.15
        },
        "MS3_3": {
          "meanserv": 0.5747843533112773,
          "stddevserv": 0.5747843533112773,
          "rate": 1.7397829190010068,
          "cv": 1.0,
          "lambda": 0.15
        },
        "MS3_4": {
          "meanserv": 0.5424518203814621,
          "stddevserv": 0.5424518203814621,
          "rate": 1.8434816926170172,
          "cv": 1.0,
          "lambda": 0.15
        },
        "MS3_5": {
          "meanserv": 1.1381653218607237,
          "stddevserv": 1.1381653218607237,
          "rate": 0.8786069833555947,
          "cv": 1.0,
          "lambda": 0.15
        },
        "MS3_6": {
          "meanserv": 0.3765249582490915,
          "stddevserv": 0.3765249582490915,
          "rate": 2.6558664388416084,
          "cv": 1.0,
          "lambda": 0.15
        },
        "MS3_7": {
          "meanserv": 3.0535768823715124,
          "stddevserv": 3.0535768823715124,
          "rate": 0.32748479521608304,
          "cv": 1.0,
          "lambda": 0.15
        },
        "MS3_8": {
          "meanserv": 1.2871321029590046,
          "stddevserv": 1.2871321029590046,
          "rate": 0.7769210306394247,
          "cv": 1.0,
          "lambda": 0.15
        }
      },
      "sensors": [
        "S3"
      ],
      "sources": [
        {
          "startTime": 0,
          "stopTime": -1,
          "lambda": 0.15
        }
      ]
    },
    "SC4": {
      "resptime": 34.89490947338846,
      "resptime_old": 24.894909473388456,
      "waittime": 21.57452480912445,
      "servicetime": 10.0,
      "networktime": 3.320384664264005,
      "services": {
        "MS4_1": {
          "meanserv": 2.468760024396378,
          "stddevserv": 2.468760024396378,
          "rate": 0.40506164638035413,
          "cv": 1.0,
          "lambda": 0.15
        },
        "MS4_2": {
          "meanserv": 0.787004693944926,
          "stddevserv": 0.787004693944926,
          "rate": 1.2706404519487902,
          "cv": 1.0,
          "lambda": 0.15
        },
        "MS4_3": {
          "meanserv": 0.03874379792547478,
          "stddevserv": 0.03874379792547478,
          "rate": 25.81058268793213,
          "cv": 1.0,
          "lambda": 0.15
        },
        "MS4_4": {
          "meanserv": 0.9583276770788847,
          "stddevserv": 0.9583276770788847,
          "rate": 1.0434844197009299,
          "cv": 1.0,
          "lambda": 0.15
        },
        "MS4_5": {
          "meanserv": 0.4083281014587108,
          "stddevserv": 0.4083281014587108,
          "rate": 2.449010970412277,
          "cv": 1.0,
          "lambda": 0.15
        },
        "MS4_6": {
          "meanserv": 4.783602393355364,
          "stddevserv": 4.783602393355364,
          "rate": 0.20904747463732443,
          "cv": 1.0,
          "lambda": 0.15
        },
        "MS4_7": {
          "meanserv": 0.1472294745501621,
          "stddevserv": 0.1472294745501621,
          "rate": 6.7921182430036655,
          "cv": 1.0,
          "lambda": 0.15
        },
        "MS4_8": {
          "meanserv": 0.40800383729009937,
          "stddevserv": 0.40800383729009937,
          "rate": 2.4509573406021152,
          "cv": 1.0,
          "lambda": 0.15
        }
      },
      "sensors": [
        "S4"
      ],
      "sources": [
        {
          "startTime": 0,
          "stopTime": -1,
          "lambda": 0.15
        }
      ]
    }
  },
  "microservice": {
    "MS1_1": "F10",
    "MS1_2": "F10",
    "MS1_3": "F10",
    "MS1_4": "F9",
    "MS1_5": "F9",
    "MS1_6": "F8",
    "MS1_7": "F7",
    "MS1_8": "F7",
    "MS2_1": "F7",
    "MS2_2": "F7",
    "MS2_3": "F6",
    "MS2_4": "F7",
    "MS2_5": "F7",
    "MS2_6": "F8",
    "MS2_7": "F10",
    "MS2_8": "F10",
    "MS3_1": "F4",
    "MS3_2": "F4",
    "MS3_3": "F7",
    "MS3_4": "F7",
    "MS3_5": "F5",
    "MS3_6": "F5",
    "MS3_7": "F2",
    "MS3_8": "F4",
    "MS4_1": "F1",
    "MS4_2": "F5",
    "MS4_3": "F5",
    "MS4_4": "F5",
    "MS4_5": "F5",
    "MS4_6": "F3",
    "MS4_7": "F1",
    "MS4_8": "F1"
  },
  "sensor": {
    "S1": "F10",
    "S2": "F7",
    "S3": "F4",
    "S4": "F1"
  },
  "fog": {
    "F1": {
      "rho": 0.4535990004354958,
      "capacity": 1.0,
      "tserv": 1.0079977787455463,
      "stddev": 1.7811663640329305,
      "mu": 0.9920656782046687,
      "cv": 1.767034016929673,
      "lambda": 0.44999999999999996,
      "twait": 1.724810087962417
    },
    "F2": {
      "rho": 0.45803653235572683,
      "capacity": 1.0,
      "tserv": 3.0535768823715124,
      "stddev": 3.0535768823715124,
      "mu": 0.32748479521608304,
      "cv": 1.0,
      "lambda": 0.15,
      "twait": 2.5807085716727425
    },
    "F3": {
      "rho": 0.7175403590033047,
      "capacity": 1.0,
      "tserv": 4.783602393355364,
      "stddev": 4.783602393355364,
      "mu": 0.20904747463732443,
      "cv": 1.0,
      "lambda": 0.15,
      "twait": 12.151922896118935
    },
    "F4": {
      "rho": 0.64717449957389,
      "capacity": 1.0,
      "tserv": 1.4381655546086445,
      "stddev": 1.5319411761261854,
      "mu": 0.6953302398291143,
      "cv": 1.065205025399916,
      "lambda": 0.44999999999999996,
      "twait": 2.8155898112645614
    },
    "F5": {
      "rho": 0.5560641825776719,
      "capacity": 1.0,
      "tserv": 0.6178490917529686,
      "stddev": 0.8160841641228399,
      "mu": 1.6185182002336336,
      "cv": 1.3208470725552681,
      "lambda": 0.9,
      "twait": 1.0620429122795663
    },
    "F6": {
      "rho": 0.7319913208376293,
      "capacity": 1.0,
      "tserv": 4.879942138917529,
      "stddev": 4.879942138917529,
      "mu": 0.20492046248356144,
      "cv": 1.0,
      "lambda": 0.15,
      "twait": 13.328207515672794
    },
    "F7": {
      "rho": 0.5390313641863074,
      "capacity": 1.0,
      "tserv": 0.4491928034885895,
      "stddev": 0.6335506924046473,
      "mu": 2.226215540929525,
      "cv": 1.410420397397887,
      "lambda": 1.2,
      "twait": 0.7850781259609901
    },
    "F8": {
      "rho": 0.6836943545005535,
      "capacity": 1.0,
      "tserv": 2.2789811816685117,
      "stddev": 2.2882685821249735,
      "mu": 0.43879256574987135,
      "cv": 1.0040752422754373,
      "lambda": 0.3,
      "twait": 4.946131287288876
    },
    "F9": {
      "rho": 0.6108439050431776,
      "capacity": 1.0,
      "tserv": 2.0361463501439254,
      "stddev": 2.215746979176684,
      "mu": 0.4911238329844585,
      "cv": 1.0882061493369881,
      "lambda": 0.3,
      "twait": 3.49040915160525
    },
    "F10": {
      "rho": 0.6020244814862432,
      "capacity": 1.0,
      "tserv": 0.8026993086483242,
      "stddev": 0.9606857017724775,
      "mu": 1.2457965133717543,
      "cv": 1.1968188977142495,
      "lambda": 0.75,
      "twait": 1.4767647048499297
    }
  },
  "extra": {
    "deltatime": 1.833666,
    "conv": 22,
    "obj_func": 33.79099399282379
  },
  "network": [
    [
      0.0,
      1.1778135626729211,
      0.8043312966504046,
      1.2556808176644245,
      1.1737991427651788,
      1.5157758757378004,
      1.3611298111389294,
      1.1582421420700926,
      1.8107392214704567,
      1.8107392214704567
    ],
    [
      1.1778135626729211,
      0.0,
      1.164747565762234,
      0.9291157074841698,
      1.5466487014691672,
      1.2027024339239683,
      1.2627501972786552,
      1.8107392214704567,
      1.0578386027690279,
      1.0578386027690279
    ],
    [
      0.8043312966504046,
      1.164747565762234,
      0.0,
      1.6546091614138356,
      1.3422542248484217,
      0.9105864264058459,
      1.1582421420700926,
      1.0578386027690279,
      1.0364759056710202,
      1.0364759056710202
    ],
    [
      1.2556808176644245,
      0.9291157074841698,
      1.6546091614138356,
      0.0,
      1.3342217039510131,
      1.3611298111389294,
      1.8107392214704567,
      1.0364759056710202,
      1.5710334896965596,
      1.5710334896965596
    ],
    [
      1.1737991427651788,
      1.5466487014691672,
      1.3422542248484217,
      1.3342217039510131,
      0.0,
      1.2627501972786552,
      1.0578386027690279,
      1.5710334896965596,
      1.2751529510071935,
      1.2751529510071935
    ],
    [
      1.5157758757378004,
      1.2027024339239683,
      0.9105864264058459,
      1.3611298111389294,
      1.2627501972786552,
      0.0,
      1.0364759056710202,
      1.2751529510071935,
      1.412349400654447,
      1.412349400654447
    ],
    [
      1.3611298111389294,
      1.2627501972786552,
      1.1582421420700926,
      1.8107392214704567,
      1.0578386027690279,
      1.0364759056710202,
      0.0,
      1.412349400654447,
      1.164354716621654,
      1.164354716621654
    ],
    [
      1.1582421420700926,
      1.8107392214704567,
      1.0578386027690279,
      1.0364759056710202,
      1.5710334896965596,
      1.2751529510071935,
      1.412349400654447,
      0.0,
      0.9029906314311601,
      0.9029906314311601
    ],
    [
      1.8107392214704567,
      1.0578386027690279,
      1.0364759056710202,
      1.5710334896965596,
      1.2751529510071935,
      1.412349400654447,
      1.164354716621654,
      0.9029906314311601,
      0.0,
      1.203791633776472
    ],
    [
      1.8107392214704567,
      1.0578386027690279,
      1.0364759056710202,
      1.5710334896965596,
      1.2751529510071935,
      1.412349400654447,
      1.164354716621654,
      0.9029906314311601,
      1.203791633776472,
      0.0
    ]
  ]
}