{
  "servicechain": {
    "SC1": {
      "resptime": 38.79658389475584,
      "resptime_old": 28.796583894755837,
      "waittime": 25.463759941915693,
      "servicetime": 10.0,
      "networktime": 3.3328239528401435,
      "services": {
        "MS1_1": {
          "meanserv": 0.11767386322342643,
          "stddevserv": 0.11767386322342643,
          "rate": 8.498063823240917,
          "cv": 1.0,
          "lambda": 0.15
        },
        "MS1_2": {
          "meanserv": 0.5211751322514335,
          "stddevserv": 0.5211751322514335,
          "rate": 1.9187408188109103,
          "cv": 1.0,
          "lambda": 0.15
        },
        "MS1_3": {
          "meanserv": 2.223746639341485,
          "stddevserv": 2.223746639341485,
          "rate": 0.449691517148792,
          "cv": 1.0,
          "lambda": 0.15
        },
        "MS1_4": {
          "meanserv": 0.4613842253737932,
          "stddevserv": 0.4613842253737932,
          "rate": 2.1673909618167895,
          "cv": 1.0,
          "lambda": 0.15
        },
        "MS1_5": {
          "meanserv": 0.8596774821745745,
          "stddevserv": 0.8596774821745745,
          "rate": 1.1632269318843578,
          "cv": 1.0,
          "lambda": 0.15
        },
        "MS1_6": {
          "meanserv": 0.6293319612866295,
          "stddevserv": 0.6293319612866295,
          "rate": 1.5889865150906417,
          "cv": 1.0,
          "lambda": 0.15
        },
        "MS1_7": {
          "meanserv": 0.9969762741232042,
          "stddevserv": 0.9969762741232042,
          "rate": 1.0030328965244986,
          "cv": 1.0,
          "lambda": 0.15
        },
        "MS1_8": {
          "meanserv": 0.8303772669038789,
          "stddevserv": 0.8303772669038789,
          "rate": 1.2042718892444775,
          "cv": 1.0,
          "lambda": 0.15
        },
        "MS1_9": {
          "meanserv": 0.04062729278552446,
          "stddevserv": 0.04062729278552446,
          "rate": 24.613995455692802,
          "cv": 1.0,
          "lambda": 0.15
        },
        "MS1_10": {
          "meanserv": 0.03711491831989733,
          "stddevserv": 0.03711491831989733,
          "rate": 26.94334368139777,
          "cv": 1.0,
          "lambda": 0.15
        },
        "MS1_11": {
          "meanserv": 0.4871871965952348,
          "stddevserv": 0.4871871965952348,
          "rate": 2.0525990974077684,
          "cv": 1.0,
          "lambda": 0.15
        },
        "MS1_12": {
          "meanserv": 0.909596678759268,
          "stddevserv": 0.909596678759268,
          "rate": 1.099388358985706,
          "cv": 1.0,
          "lambda": 0.15
        },
        "MS1_13": {
          "meanserv": 0.7611906701711799,
          "stddevserv": 0.7611906701711799,
          "rate": 1.3137312886075123,
          "cv": 1.0,
          "lambda": 0.15
        },
        "MS1_14": {
          "meanserv": 0.21379098581436828,
          "stddevserv": 0.21379098581436828,
          "rate": 4.677465685425512,
          "cv": 1.0,
          "lambda": 0.15
        },
        "MS1_15": {
          "meanserv": 0.9101494128761018,
          "stddevserv": 0.9101494128761018,
          "rate": 1.0987206999782237,
          "cv": 1.0,
          "lambda": 0.15
        }
      },
      "sensors": [
        "S1"
      ],
      "sources": [
        {
          "startTime": 0,
          "stopTime": -1,
          "lambda": 0.15
        }
      ]
    },
    "SC2": {
      "resptime": 38.54802790383144,
      "resptime_old": 28.548027903831432,
      "waittime": 24.06859201682187,
      "servicetime": 10.0,
      "networktime": 4.479435887009571,
      "services": {
        "MS2_1": {
          "meanserv": 0.5800511426157728,
          "stddevserv": 0.5800511426157728,
          "rate": 1.7239859152598933,
          "cv": 1.0,
          "lambda": 0.15
        },
        "MS2_2": {
          "meanserv": 1.6079882783442192,
          "stddevserv": 1.6079882783442192,
          "rate": 0.6218950806219321,
          "cv": 1.0,
          "lambda": 0.15
        },
        "MS2_3": {
          "meanserv": 0.22298659447349323,
          "stddevserv": 0.22298659447349323,
          "rate": 4.484574520549806,
          "cv": 1.0,
          "lambda": 0.15
        },
        "MS2_4": {
          "meanserv": 0.3667435354021542,
          "stddevserv": 0.3667435354021542,
          "rate": 2.726701096185501,
          "cv": 1.0,
          "lambda": 0.15
        },
        "MS2_5": {
          "meanserv": 0.7129701385157228,
          "stddevserv": 0.7129701385157228,
          "rate": 1.4025832864218162,
          "cv": 1.0,
          "lambda": 0.15
        },
        "MS2_6": {
          "meanserv": 0.44902637513571886,
          "stddevserv": 0.44902637513571886,
          "rate": 2.2270406714922895,
          "cv": 1.0,
          "lambda": 0.15
        },
        "MS2_7": {
          "meanserv": 1.2131927750965197,
          "stddevserv": 1.2131927750965197,
          "rate": 0.8242713116391924,
          "cv": 1.0,
          "lambda": 0.15
        },
        "MS2_8": {
          "meanserv": 0.29089221612150595,
          "stddevserv": 0.29089221612150595,
          "rate": 3.4376994109127317,
          "cv": 1.0,
          "lambda": 0.15
        },
        "MS2_9": {
          "meanserv": 0.9397119142801014,
          "stddevserv": 0.9397119142801014,
          "rate": 1.064155923537571,
          "cv": 1.0,
          "lambda": 0.15
        },
        "MS2_10": {
          "meanserv": 1.0988632995182588,
          "stddevserv": 1.0988632995182588,
          "rate": 0.9100313027456641,
          "cv": 1.0,
          "lambda": 0.15
        },
        "MS2_11": {
          "meanserv": 0.35422098209024533,
          "stddevserv": 0.35422098209024533,
          "rate": 2.8230964583154723,
          "cv": 1.0,
          "lambda": 0.15
        },
        "MS2_12": {
          "meanserv": 0.6931310156341386,
          "stddevserv": 0.6931310156341386,
          "rate": 1.4427286868487772,
          "cv": 1.0,
          "lambda": 0.15
        },
        "MS2_13": {
          "meanserv": 0.7588827176136412,
          "stddevserv": 0.7588827176136412,
          "rate": 1.3177266747417422,
          "cv": 1.0,
          "lambda": 0.15
        },
        "MS2_14": {
          "meanserv": 0.506352694754332,
          "stddevserv": 0.506352694754332,
          "rate": 1.9749080243073887,
          "cv": 1.0,
          "lambda": 0.15
        },
        "MS2_15": {
          "meanserv": 0.20498632040417597,
          "stddevserv": 0.20498632040417597,
          "rate": 4.878374313116496,
          "cv": 1.0,
          "lambda": 0.15
        }
      },
      "sensors": [
        "S2"
      ],
      "sources": [
        {
          "startTime": 0,
          "stopTime": -1,
          "lambda": 0.15
        }
      ]
    },
    "SC3": {
      "resptime": 36.683099484583295,
      "resptime_old": 26.68309948458329,
      "waittime": 23.712382670055774,
      "servicetime": 10.0,
      "networktime": 2.9707168145275227,
      "services": {
        "MS3_1": {
          "meanserv": 0.14140386491183432,
          "stddevserv": 0.14140386491183432,
          "rate": 7.071942486321025,
          "cv": 1.0,
          "lambda": 0.15
        },
        "MS3_2": {
          "meanserv": 0.8441153437581284,
          "stddevserv": 0.8441153437581284,
          "rate": 1.1846722221016026,
          "cv": 1.0,
          "lambda": 0.15
        },
        "MS3_3": {
          "meanserv": 1.285028684542079,
          "stddevserv": 1.285028684542079,
          "rate": 0.7781927454454846,
          "cv": 1.0,
          "lambda": 0.15
        },
        "MS3_4": {
          "meanserv": 0.1671471035732619,
          "stddevserv": 0.1671471035732619,
          "rate": 5.9827539850948845,
          "cv": 1.0,
          "lambda": 0.15
        },
        "MS3_5": {
          "meanserv": 0.18986220403586085,
          "stddevserv": 0.18986220403586085,
          "rate": 5.266977727758399,
          "cv": 1.0,
          "lambda": 0.15
        },
        "MS3_6": {
          "meanserv": 1.4789832605290254,
          "stddevserv": 1.4789832605290254,
          "rate": 0.6761401745969083,
          "cv": 1.0,
          "lambda": 0.15
        },
        "MS3_7": {
          "meanserv": 0.820320472686169,
          "stddevserv": 0.820320472686169,
          "rate": 1.2190357711364486,
          "cv": 1.0,
          "lambda": 0.15
        },
        "MS3_8": {
          "meanserv": 0.554834199614481,
          "stddevserv": 0.554834199614481,
          "rate": 1.8023402319014157,
          "cv": 1.0,
          "lambda": 0.15
        },
        "MS3_9": {
          "meanserv": 0.14409402503204838,
          "stddevserv": 0.14409402503204838,
          "rate": 6.9399130170566545,
          "cv": 1.0,
          "lambda": 0.15
        },
        "MS3_10": {
          "meanserv": 1.7145253898184194,
          "stddevserv": 1.7145253898184194,
          "rate": 0.5832517884765225,
          "cv": 1.0,
          "lambda": 0.15
        },
        "MS3_11": {
          "meanserv": 0.40899508708068844,
          "stddevserv": 0.40899508708068844,
          "rate": 2.4450171446746873,
          "cv": 1.0,
          "lambda": 0.15
        },
        "MS3_12": {
          "meanserv": 0.32628674698641547,
          "stddevserv": 0.32628674698641547,
          "rate": 3.064788898832087,
          "cv": 1.0,
          "lambda": 0.15
        },
        "MS3_13": {
          "meanserv": 0.6860818904219315,
          "stddevserv": 0.6860818904219315,
          "rate": 1.4575519540167616,
          "cv": 1.0,
          "lambda": 0.15
        },
        "MS3_14": {
          "meanserv": 0.11232339739168218,
          "stddevserv": 0.11232339739168218,
          "rate": 8.902864614332369,
          "cv": 1.0,
          "lambda": 0.15
        },
        "MS3_15": {
          "meanserv": 1.1259983296179747,
          "stddevserv": 1.1259983296179747,
          "rate": 0.8881007846070934,
          "cv": 1.0,
          "lambda": 0.15
        }
      },
      "sensors": [
        "S3"
      ],
      "sources": [
        {
          "startTime": 0,
          "stopTime": -1,
          "lambda": 0.15
        }
      ]
    },
    "SC4": {
      "resptime": 38.30518220369296,
      "resptime_old": 28.305182203692954,
      "waittime": 25.10348317128203,
      "servicetime": 10.0,
      "networktime": 3.201699032410927,
      "services": {
        "MS4_1": {
          "meanserv": 0.5290298133111937,
          "stddevserv": 0.5290298133111937,
          "rate": 1.8902526376368232,
          "cv": 1.0,
          "lambda": 0.15
        },
        "MS4_2": {
          "meanserv": 0.3988944014782114,
          "stddevserv": 0.3988944014782114,
          "rate": 2.50692914288651,
          "cv": 1.0,
          "lambda": 0.15
        },
        "MS4_3": {
          "meanserv": 0.942822931395858,
          "stddevserv": 0.942822931395858,
          "rate": 1.0606445459695075,
          "cv": 1.0,
          "lambda": 0.15
        },
        "MS4_4": {
          "meanserv": 0.31421900657597757,
          "stddevserv": 0.31421900657597757,
          "rate": 3.1824936718403185,
          "cv": 1.0,
          "lambda": 0.15
        },
        "MS4_5": {
          "meanserv": 1.88981745944398,
          "stddevserv": 1.88981745944398,
          "rate": 0.5291516357850874,
          "cv": 1.0,
          "lambda": 0.15
        },
        "MS4_6": {
          "meanserv": 0.1451860937879088,
          "stddevserv": 0.1451860937879088,
          "rate": 6.887711997133989,
          "cv": 1.0,
          "lambda": 0.15
        },
        "MS4_7": {
          "meanserv": 0.013599037620656063,
          "stddevserv": 0.013599037620656063,
          "rate": 73.53461530844392,
          "cv": 1.0,
          "lambda": 0.15
        },
        "MS4_8": {
          "meanserv": 0.04828423710695251,
          "stddevserv": 0.04828423710695251,
          "rate": 20.710692762628504,
          "cv": 1.0,
          "lambda": 0.15
        },
        "MS4_9": {
          "meanserv": 1.3441205729228338,
          "stddevserv": 1.3441205729228338,
          "rate": 0.7439808750382174,
          "cv": 1.0,
          "lambda": 0.15
        },
        "MS4_10": {
          "meanserv": 0.13167509302678138,
          "stddevserv": 0.13167509302678138,
          "rate": 7.594450681698855,
          "cv": 1.0,
          "lambda": 0.15
        },
        "MS4_11": {
          "meanserv": 0.11405037857306333,
          "stddevserv": 0.11405037857306333,
          "rate": 8.768055069272538,
          "cv": 1.0,
          "lambda": 0.15
        },
        "MS4_12": {
          "meanserv": 0.13670733166211324,
          "stddevserv": 0.13670733166211324,
          "rate": 7.314896632403057,
          "cv": 1.0,
          "lambda": 0.15
        },
        "MS4_13": {
          "meanserv": 0.5333190162461054,
          "stddevserv": 0.5333190162461054,
          "rate": 1.8750503348610017,
          "cv": 1.0,
          "lambda": 0.15
        },
        "MS4_14": {
          "meanserv": 2.3601526869067655,
          "stddevserv": 2.3601526869067655,
          "rate": 0.42370140099308906,
          "cv": 1.0,
          "lambda": 0.15
        },
        "MS4_15": {
          "meanserv": 1.0981219399415991,
          "stddevserv": 1.0981219399415991,
          "rate": 0.910645679343391,
          "cv": 1.0,
          "lambda": 0.15
        }
      },
      "sensors": [
        "S4"
      ],
      "sources": [
        {
          "startTime": 0,
          "stopTime": -1,
          "lambda": 0.15
        }
      ]
    }
  },
  "microservice": {
    "MS1_1": "F2",
    "MS1_2": "F2",
    "MS1_3": "F2",
    "MS1_4": "F3",
    "MS1_5": "F3",
    "MS1_6": "F3",
    "MS1_7": "F8",
    "MS1_8": "F7",
    "MS1_9": "F7",
    "MS1_10": "F4",
    "MS1_11": "F4",
    "MS1_12": "F4",
    "MS1_13": "F10",
    "MS1_14": "F10",
    "MS1_15": "F5",
    "MS2_1": "F8",
    "MS2_2": "F5",
    "MS2_3": "F8",
    "MS2_4": "F5",
    "MS2_5": "F5",
    "MS2_6": "F5",
    "MS2_7": "F9",
    "MS2_8": "F9",
    "MS2_9": "F6",
    "MS2_10": "F10",
    "MS2_11": "F10",
    "MS2_12": "F2",
    "MS2_13": "F9",
    "MS2_14": "F7",
    "MS2_15": "F7",
    "MS3_1": "F8",
    "MS3_2": "F8",
    "MS3_3": "F8",
    "MS3_4": "F8",
    "MS3_5": "F6",
    "MS3_6": "F6",
    "MS3_7": "F6",
    "MS3_8": "F10",
    "MS3_9": "F4",
    "MS3_10": "F4",
    "MS3_11": "F6",
    "MS3_12": "F6",
    "MS3_13": "F4",
    "MS3_14": "F10",
    "MS3_15": "F10",
    "MS4_1": "F9",
    "MS4_2": "F9",
    "MS4_3": "F7",
    "MS4_4": "F7",
    "MS4_5": "F3",
    "MS4_6": "F3",
    "MS4_7": "F7",
    "MS4_8": "F7",
    "MS4_9": "F7",
    "MS4_10": "F7",
    "MS4_11": "F1",
    "MS4_12": "F1",
    "MS4_13": "F1",
    "MS4_14": "F1",
    "MS4_15": "F9"
  },
  "sensor": {
    "S1": "F2",
    "S2": "F8",
    "S3": "F8",
    "S4": "F9"
  },
  "fog": {
    "F1": {
      "rho": 0.4716344120082071,
      "capacity": 1.0,
      "tserv": 0.7860573533470119,
      "stddev": 1.5249055604338182,
      "mu": 1.272171802403509,
      "cv": 1.9399418553122234,
      "lambda": 0.6,
      "twait": 1.6711287778105284
    },
    "F2": {
      "rho": 0.5333589975675725,
      "capacity": 1.0,
      "tserv": 0.8889316626126209,
      "stddev": 1.4371067072053676,
      "mu": 1.1249458671108001,
      "cv": 1.616667250867889,
      "lambda": 0.6,
      "twait": 1.8357635787288429
    },
    "F3": {
      "rho": 0.5978095833100329,
      "capacity": 1.0,
      "tserv": 0.7970794444133772,
      "stddev": 1.1579515403265392,
      "mu": 1.2545800886083134,
      "cv": 1.4527429460670027,
      "lambda": 0.75,
      "twait": 1.8425856215524046
    },
    "F4": {
      "rho": 0.5967900148420199,
      "capacity": 1.0,
      "tserv": 0.6631000164911331,
      "stddev": 1.0292487332731828,
      "mu": 1.5080681271757619,
      "cv": 1.5521772095853141,
      "lambda": 0.9,
      "twait": 1.673010562480104
    },
    "F5": {
      "rho": 0.6070316610410875,
      "capacity": 1.0,
      "tserv": 0.8093755480547834,
      "stddev": 1.0238609744141223,
      "mu": 1.235520398909202,
      "cv": 1.2650011195357007,
      "lambda": 0.75,
      "twait": 1.6254936185475843
    },
    "F6": {
      "rho": 0.6246239528397391,
      "capacity": 1.0,
      "tserv": 0.6940266142663768,
      "stddev": 0.9324062955206134,
      "mu": 1.4408669342703138,
      "cv": 1.3434734005211264,
      "lambda": 0.9,
      "twait": 1.6196411655879324
    },
    "F7": {
      "rho": 0.6565596680245456,
      "capacity": 1.0,
      "tserv": 0.4377064453496971,
      "stddev": 0.7544293438035158,
      "mu": 2.2846362228024066,
      "cv": 1.7235966063985626,
      "lambda": 1.4999999999999998,
      "twait": 1.6613160196925592
    },
    "F8": {
      "rho": 0.6356563511996662,
      "capacity": 1.0,
      "tserv": 0.6053870011425392,
      "stddev": 0.8467044867189281,
      "mu": 1.651835929930297,
      "cv": 1.3986168931955154,
      "lambda": 1.05,
      "twait": 1.5611250644509576
    },
    "F9": {
      "rho": 0.6433520795344008,
      "capacity": 1.0,
      "tserv": 0.7148356439271119,
      "stddev": 0.8649179264409838,
      "mu": 1.3989229671120944,
      "cv": 1.2099535519652613,
      "lambda": 0.9,
      "twait": 1.5886335662599138
    },
    "F10": {
      "rho": 0.6331832796327285,
      "capacity": 1.0,
      "tserv": 0.6030316948883128,
      "stddev": 0.8059874799592349,
      "mu": 1.658287629782394,
      "cv": 1.3365590677758845,
      "lambda": 1.05,
      "twait": 1.45021496562399
    }
  },
  "extra": {
    "deltatime": 0.0959935,
    "obj_func": 38.08322337171588
  },
  "network": [
    [
      0.0,
      0.657085925499567,
      0.766943802904086,
      0.6955208832322,
      0.7029510391112584,
      0.9374086157041801,
      0.512136115569349,
      0.7498519639804483,
      0.5912176365570009,
      0.5912176365570009
    ],
    [
      0.657085925499567,
      0.0,
      0.6404966183875723,
      0.7959801030642248,
      0.5252156026255166,
      0.7593698320318009,
      0.6639597780289973,
      0.5912176365570009,
      0.5357979294164333,
      0.5357979294164333
    ],
    [
      0.766943802904086,
      0.6404966183875723,
      0.0,
      0.7023732955842684,
      0.8040946059984936,
      0.63677462822511,
      0.7498519639804483,
      0.5357979294164333,
      0.4532807722330749,
      0.4532807722330749
    ],
    [
      0.6955208832322,
      0.7959801030642248,
      0.7023732955842684,
      0.0,
      0.8847571535425027,
      0.512136115569349,
      0.5912176365570009,
      0.4532807722330749,
      0.38113281490968776,
      0.38113281490968776
    ],
    [
      0.7029510391112584,
      0.5252156026255166,
      0.8040946059984936,
      0.8847571535425027,
      0.0,
      0.6639597780289973,
      0.5357979294164333,
      0.38113281490968776,
      0.7025576760149378,
      0.7025576760149378
    ],
    [
      0.9374086157041801,
      0.7593698320318009,
      0.63677462822511,
      0.512136115569349,
      0.6639597780289973,
      0.0,
      0.4532807722330749,
      0.7025576760149378,
      0.4816212775545113,
      0.4816212775545113
    ],
    [
      0.512136115569349,
      0.6639597780289973,
      0.7498519639804483,
      0.5912176365570009,
      0.5357979294164333,
      0.4532807722330749,
      0.0,
      0.4816212775545113,
      0.5986413523236804,
      0.5986413523236804
    ],
    [
      0.7498519639804483,
      0.5912176365570009,
      0.5357979294164333,
      0.4532807722330749,
      0.38113281490968776,
      0.7025576760149378,
      0.4816212775545113,
      0.0,
      0.7599146058390918,
      0.7599146058390918
    ],
    [
      0.5912176365570009,
      0.5357979294164333,
      0.4532807722330749,
      0.38113281490968776,
      0.7025576760149378,
      0.4816212775545113,
      0.5986413523236804,
      0.7599146058390918,
      0.0,
      0.6926659320408849
    ],
    [
      0.5912176365570009,
      0.5357979294164333,
      0.4532807722330749,
      0.38113281490968776,
      0.7025576760149378,
      0.4816212775545113,
      0.5986413523236804,
      0.7599146058390918,
      0.6926659320408849,
      0.0
    ]
  ]
}