{
  "servicechain": {
    "SC1": {
      "resptime": 31.74438064569176,
      "resptime_old": 21.744380645691763,
      "waittime": 18.11294425884678,
      "servicetime": 10.0,
      "networktime": 3.631436386844978,
      "services": {
        "MS1_1": {
          "meanserv": 3.5049169147453374,
          "stddevserv": 3.5049169147453374,
          "rate": 0.2853134680006127,
          "cv": 1.0,
          "lambda": 0.15
        },
        "MS1_2": {
          "meanserv": 0.102133443613035,
          "stddevserv": 0.102133443613035,
          "rate": 9.791112143332969,
          "cv": 1.0,
          "lambda": 0.15
        },
        "MS1_3": {
          "meanserv": 1.4227078056842197,
          "stddevserv": 1.4227078056842197,
          "rate": 0.7028850168703982,
          "cv": 1.0,
          "lambda": 0.15
        },
        "MS1_4": {
          "meanserv": 0.1074310481433276,
          "stddevserv": 0.1074310481433276,
          "rate": 9.308296039948006,
          "cv": 1.0,
          "lambda": 0.15
        },
        "MS1_5": {
          "meanserv": 0.9200596643371135,
          "stddevserv": 0.9200596643371135,
          "rate": 1.0868860344187374,
          "cv": 1.0,
          "lambda": 0.15
        },
        "MS1_6": {
          "meanserv": 1.7771435477288922,
          "stddevserv": 1.7771435477288922,
          "rate": 0.5627007459684132,
          "cv": 1.0,
          "lambda": 0.15
        },
        "MS1_7": {
          "meanserv": 0.20271427129980424,
          "stddevserv": 0.20271427129980424,
          "rate": 4.933051795455734,
          "cv": 1.0,
          "lambda": 0.15
        },
        "MS1_8": {
          "meanserv": 0.26773151370507264,
          "stddevserv": 0.26773151370507264,
          "rate": 3.7350851461646717,
          "cv": 1.0,
          "lambda": 0.15
        },
        "MS1_9": {
          "meanserv": 0.4702182986069232,
          "stddevserv": 0.4702182986069232,
          "rate": 2.1266718095884767,
          "cv": 1.0,
          "lambda": 0.15
        },
        "MS1_10": {
          "meanserv": 1.2249434921362745,
          "stddevserv": 1.2249434921362745,
          "rate": 0.8163641885684229,
          "cv": 1.0,
          "lambda": 0.15
        }
      },
      "sensors": [
        "S1"
      ],
      "sources": [
        {
          "startTime": 0,
          "stopTime": -1,
          "lambda": 0.15
        }
      ]
    },
    "SC2": {
      "resptime": 35.74482923822685,
      "resptime_old": 25.744829238226846,
      "waittime": 21.367191725783673,
      "servicetime": 10.0,
      "networktime": 4.377637512443173,
      "services": {
        "MS2_1": {
          "meanserv": 1.9896724831416368,
          "stddevserv": 1.9896724831416368,
          "rate": 0.5025952806167516,
          "cv": 1.0,
          "lambda": 0.15
        },
        "MS2_2": {
          "meanserv": 0.4745523276084407,
          "stddevserv": 0.4745523276084407,
          "rate": 2.107249173214704,
          "cv": 1.0,
          "lambda": 0.15
        },
        "MS2_3": {
          "meanserv": 3.469866624779466,
          "stddevserv": 3.469866624779466,
          "rate": 0.28819551531423976,
          "cv": 1.0,
          "lambda": 0.15
        },
        "MS2_4": {
          "meanserv": 0.011230223830902553,
          "stddevserv": 0.011230223830902553,
          "rate": 89.04542020331502,
          "cv": 1.0,
          "lambda": 0.15
        },
        "MS2_5": {
          "meanserv": 0.45563995680721536,
          "stddevserv": 0.45563995680721536,
          "rate": 2.194715334026571,
          "cv": 1.0,
          "lambda": 0.15
        },
        "MS2_6": {
          "meanserv": 0.8960853968388083,
          "stddevserv": 0.8960853968388083,
          "rate": 1.1159650670882257,
          "cv": 1.0,
          "lambda": 0.15
        },
        "MS2_7": {
          "meanserv": 0.9994650056203938,
          "stddevserv": 0.9994650056203938,
          "rate": 1.0005352807518,
          "cv": 1.0,
          "lambda": 0.15
        },
        "MS2_8": {
          "meanserv": 0.2856355462820144,
          "stddevserv": 0.2856355462820144,
          "rate": 3.500964823939236,
          "cv": 1.0,
          "lambda": 0.15
        },
        "MS2_9": {
          "meanserv": 0.7713342916411126,
          "stddevserv": 0.7713342916411126,
          "rate": 1.296454741915301,
          "cv": 1.0,
          "lambda": 0.15
        },
        "MS2_10": {
          "meanserv": 0.6465181434500096,
          "stddevserv": 0.6465181434500096,
          "rate": 1.5467470018145322,
          "cv": 1.0,
          "lambda": 0.15
        }
      },
      "sensors": [
        "S2"
      ],
      "sources": [
        {
          "startTime": 0,
          "stopTime": -1,
          "lambda": 0.15
        }
      ]
    },
    "SC3": {
      "resptime": 40.437453477512946,
      "resptime_old": 30.43745347751295,
      "waittime": 27.614250573824812,
      "servicetime": 10.0,
      "networktime": 2.823202903688137,
      "services": {
        "MS3_1": {
          "meanserv": 2.198191474021641,
          "stddevserv": 2.198191474021641,
          "rate": 0.4549194243622815,
          "cv": 1.0,
          "lambda": 0.15
        },
        "MS3_2": {
          "meanserv": 0.39722169459634404,
          "stddevserv": 0.39722169459634404,
          "rate": 2.517485861431104,
          "cv": 1.0,
          "lambda": 0.15
        },
        "MS3_3": {
          "meanserv": 0.4144987201758843,
          "stddevserv": 0.4144987201758843,
          "rate": 2.4125526843018235,
          "cv": 1.0,
          "lambda": 0.15
        },
        "MS3_4": {
          "meanserv": 2.4392655376862766,
          "stddevserv": 2.4392655376862766,
          "rate": 0.4099594671224408,
          "cv": 1.0,
          "lambda": 0.15
        },
        "MS3_5": {
          "meanserv": 0.2574972804564233,
          "stddevserv": 0.2574972804564233,
          "rate": 3.8835361609546464,
          "cv": 1.0,
          "lambda": 0.15
        },
        "MS3_6": {
          "meanserv": 0.05036558575548966,
          "stddevserv": 0.05036558575548966,
          "rate": 19.854827160250068,
          "cv": 1.0,
          "lambda": 0.15
        },
        "MS3_7": {
          "meanserv": 0.4889652390729804,
          "stddevserv": 0.4889652390729804,
          "rate": 2.0451351549976855,
          "cv": 1.0,
          "lambda": 0.15
        },
        "MS3_8": {
          "meanserv": 0.06589077633105411,
          "stddevserv": 0.06589077633105411,
          "rate": 15.176631020034032,
          "cv": 1.0,
          "lambda": 0.15
        },
        "MS3_9": {
          "meanserv": 0.4537414334700909,
          "stddevserv": 0.4537414334700909,
          "rate": 2.2038983576004343,
          "cv": 1.0,
          "lambda": 0.15
        },
        "MS3_10": {
          "meanserv": 3.2343622584338156,
          "stddevserv": 3.2343622584338156,
          "rate": 0.3091799619515202,
          "cv": 1.0,
          "lambda": 0.15
        }
      },
      "sensors": [
        "S3"
      ],
      "sources": [
        {
          "startTime": 0,
          "stopTime": -1,
          "lambda": 0.15
        }
      ]
    },
    "SC4": {
      "resptime": 39.014321324128694,
      "resptime_old": 29.014321324128698,
      "waittime": 26.27136359379776,
      "servicetime": 10.0,
      "networktime": 2.7429577303309363,
      "services": {
        "MS4_1": {
          "meanserv": 2.2801041411565914,
          "stddevserv": 2.2801041411565914,
          "rate": 0.4385764588334751,
          "cv": 1.0,
          "lambda": 0.15
        },
        "MS4_2": {
          "meanserv": 1.5130113977745907,
          "stddevserv": 1.5130113977745907,
          "rate": 0.6609335537530303,
          "cv": 1.0,
          "lambda": 0.15
        },
        "MS4_3": {
          "meanserv": 0.5778759462778571,
          "stddevserv": 0.5778759462778571,
          "rate": 1.730475210884059,
          "cv": 1.0,
          "lambda": 0.15
        },
        "MS4_4": {
          "meanserv": 1.5311265692174754,
          "stddevserv": 1.5311265692174754,
          "rate": 0.6531138705999189,
          "cv": 1.0,
          "lambda": 0.15
        },
        "MS4_5": {
          "meanserv": 0.4115475928108987,
          "stddevserv": 0.4115475928108987,
          "rate": 2.429852628149105,
          "cv": 1.0,
          "lambda": 0.15
        },
        "MS4_6": {
          "meanserv": 2.9849319252588,
          "stddevserv": 2.9849319252588,
          "rate": 0.33501601545345056,
          "cv": 1.0,
          "lambda": 0.15
        },
        "MS4_7": {
          "meanserv": 0.006799465749846689,
          "stddevserv": 0.006799465749846689,
          "rate": 147.0703782900219,
          "cv": 1.0,
          "lambda": 0.15
        },
        "MS4_8": {
          "meanserv": 0.1783545928495176,
          "stddevserv": 0.1783545928495176,
          "rate": 5.606808235343432,
          "cv": 1.0,
          "lambda": 0.15
        },
        "MS4_9": {
          "meanserv": 0.1531150257647571,
          "stddevserv": 0.1531150257647571,
          "rate": 6.531037662733246,
          "cv": 1.0,
          "lambda": 0.15
        },
        "MS4_10": {
          "meanserv": 0.3631333431396655,
          "stddevserv": 0.3631333431396655,
          "rate": 2.7538093620210136,
          "cv": 1.0,
          "lambda": 0.15
        }
      },
      "sensors": [
        "S4"
      ],
      "sources": [
        {
          "startTime": 0,
          "stopTime": -1,
          "lambda": 0.15
        }
      ]
    }
  },
  "microservice": {
    "MS1_1": "F1",
    "MS1_2": "F9",
    "MS1_3": "F9",
    "MS1_4": "F9",
    "MS1_5": "F5",
    "MS1_6": "F8",
    "MS1_7": "F2",
    "MS1_8": "F2",
    "MS1_9": "F2",
    "MS1_10": "F2",
    "MS2_1": "F8",
    "MS2_2": "F8",
    "MS2_3": "F6",
    "MS2_4": "F7",
    "MS2_5": "F7",
    "MS2_6": "F7",
    "MS2_7": "F10",
    "MS2_8": "F2",
    "MS2_9": "F9",
    "MS2_10": "F9",
    "MS3_1": "F10",
    "MS3_2": "F10",
    "MS3_3": "F10",
    "MS3_4": "F3",
    "MS3_5": "F2",
    "MS3_6": "F2",
    "MS3_7": "F2",
    "MS3_8": "F2",
    "MS3_9": "F2",
    "MS3_10": "F5",
    "MS4_1": "F7",
    "MS4_2": "F4",
    "MS4_3": "F4",
    "MS4_4": "F4",
    "MS4_5": "F4",
    "MS4_6": "F3",
    "MS4_7": "F9",
    "MS4_8": "F9",
    "MS4_9": "F9",
    "MS4_10": "F9"
  },
  "sensor": {
    "S1": "F1",
    "S2": "F8",
    "S3": "F10",
    "S4": "F7"
  },
  "fog": {
    "F1": {
      "rho": 0.5257375372118006,
      "capacity": 1.0,
      "tserv": 3.5049169147453374,
      "stddev": 3.5049169147453374,
      "mu": 0.2853134680006127,
      "cv": 1.0,
      "lambda": 0.15,
      "twait": 3.885330447737989
    },
    "F2": {
      "rho": 0.565155515567419,
      "capacity": 1.0,
      "tserv": 0.3767703437116128,
      "stddev": 0.5872520211687412,
      "mu": 2.6541367087145775,
      "cv": 1.558647146650786,
      "lambda": 1.4999999999999998,
      "twait": 0.8396464351547087
    },
    "F3": {
      "rho": 0.8136296194417614,
      "capacity": 1.0,
      "tserv": 2.712098731472538,
      "stddev": 2.7394078616588247,
      "mu": 0.3687181400866806,
      "cv": 1.0100693716896725,
      "lambda": 0.3,
      "twait": 11.95992215924804
    },
    "F4": {
      "rho": 0.6050342259121232,
      "capacity": 1.0,
      "tserv": 1.0083903765202054,
      "stddev": 1.2456247003566823,
      "mu": 0.9916794361434118,
      "cv": 1.235260400496021,
      "lambda": 0.6,
      "twait": 1.950876922079162
    },
    "F5": {
      "rho": 0.6231632884156394,
      "capacity": 1.0,
      "tserv": 2.0772109613854646,
      "stddev": 2.644390974614247,
      "mu": 0.48141475208325346,
      "cv": 1.2730488254551107,
      "lambda": 0.3,
      "twait": 4.50099817392254
    },
    "F6": {
      "rho": 0.5204799937169199,
      "capacity": 1.0,
      "tserv": 3.469866624779466,
      "stddev": 3.469866624779466,
      "mu": 0.28819551531423976,
      "cv": 1.0,
      "lambda": 0.15,
      "twait": 3.7662582069570916
    },
    "F7": {
      "rho": 0.5464589577950276,
      "capacity": 1.0,
      "tserv": 0.9107649296583794,
      "stddev": 1.5084084836214808,
      "mu": 1.0979781581786334,
      "cv": 1.6561995686277389,
      "lambda": 0.6,
      "twait": 2.053698753785804
    },
    "F8": {
      "rho": 0.6362052537718454,
      "capacity": 1.0,
      "tserv": 1.4137894528263233,
      "stddev": 1.701770600611727,
      "mu": 0.7073188995722723,
      "cv": 1.2036945085491317,
      "lambda": 0.44999999999999996,
      "twait": 3.027353652231964
    },
    "F9": {
      "rho": 0.5627290740053237,
      "capacity": 1.0,
      "tserv": 0.4168363511150546,
      "stddev": 0.7400139117801032,
      "mu": 2.399023015447089,
      "cv": 1.7753104061114995,
      "lambda": 1.3499999999999999,
      "twait": 1.1135587481118183
    },
    "F10": {
      "rho": 0.6014065341621395,
      "capacity": 1.0,
      "tserv": 1.002344223603566,
      "stddev": 1.4406912286162805,
      "mu": 0.9976612589284566,
      "cv": 1.4373218248685031,
      "lambda": 0.6,
      "twait": 2.318366021626896
    }
  },
  "extra": {
    "conv_gen": 438,
    "max_gen": 600,
    "population": 600,
    "deltatime": 61.2596463,
    "obj_func": 36.73524617139006
  },
  "network": [
    [
      0.0,
      1.0828888645968495,
      0.7643041839294206,
      0.7426324225763993,
      1.109604793799605,
      1.6928365134815833,
      0.5718169239780146,
      1.0103818873681363,
      0.93784102229874,
      0.93784102229874
    ],
    [
      1.0828888645968495,
      0.0,
      0.9671073323165191,
      1.0644135959393712,
      1.0637213245341222,
      1.0996077647567406,
      1.3951625800538212,
      0.93784102229874,
      0.9006919123180387,
      0.9006919123180387
    ],
    [
      0.7643041839294206,
      0.9671073323165191,
      0.0,
      1.012742461194701,
      1.199457295513467,
      0.7507654689072506,
      1.0103818873681363,
      0.9006919123180387,
      0.7923742468374956,
      0.7923742468374956
    ],
    [
      0.7426324225763993,
      1.0644135959393712,
      1.012742461194701,
      0.0,
      0.7404569852114632,
      0.5718169239780146,
      0.93784102229874,
      0.7923742468374956,
      0.9200274890725185,
      0.9200274890725185
    ],
    [
      1.109604793799605,
      1.0637213245341222,
      1.199457295513467,
      0.7404569852114632,
      0.0,
      1.3951625800538212,
      0.9006919123180387,
      0.9200274890725185,
      0.8357268531749799,
      0.8357268531749799
    ],
    [
      1.6928365134815833,
      1.0996077647567406,
      0.7507654689072506,
      0.5718169239780146,
      1.3951625800538212,
      0.0,
      0.7923742468374956,
      0.8357268531749799,
      0.810764098690601,
      0.810764098690601
    ],
    [
      0.5718169239780146,
      1.3951625800538212,
      1.0103818873681363,
      0.93784102229874,
      0.9006919123180387,
      0.7923742468374956,
      0.0,
      0.810764098690601,
      0.9481525877946203,
      0.9481525877946203
    ],
    [
      1.0103818873681363,
      0.93784102229874,
      0.9006919123180387,
      0.7923742468374956,
      0.9200274890725185,
      0.8357268531749799,
      0.810764098690601,
      0.0,
      1.2143923384423632,
      1.2143923384423632
    ],
    [
      0.93784102229874,
      0.9006919123180387,
      0.7923742468374956,
      0.9200274890725185,
      0.8357268531749799,
      0.810764098690601,
      0.9481525877946203,
      1.2143923384423632,
      0.0,
      1.1011643172648213
    ],
    [
      0.93784102229874,
      0.9006919123180387,
      0.7923742468374956,
      0.9200274890725185,
      0.8357268531749799,
      0.810764098690601,
      0.9481525877946203,
      1.2143923384423632,
      1.1011643172648213,
      0.0
    ]
  ]
}