{
  "servicechain": {
    "SC1": {
      "resptime": 2867.7321434005185,
      "resptime_old": 2857.7321434005185,
      "waittime": 2852.5634728909586,
      "servicetime": 10.0,
      "networktime": 5.168670509559791,
      "services": {
        "MS1_1": {
          "meanserv": 0.8165599733451623,
          "stddevserv": 0.8165599733451623,
          "rate": 1.2246497901474986,
          "cv": 1.0,
          "lambda": 0.375
        },
        "MS1_2": {
          "meanserv": 2.7547060163449713,
          "stddevserv": 2.7547060163449713,
          "rate": 0.3630151435639694,
          "cv": 1.0,
          "lambda": 0.375
        },
        "MS1_3": {
          "meanserv": 0.48763168826839065,
          "stddevserv": 0.48763168826839065,
          "rate": 2.050728088551956,
          "cv": 1.0,
          "lambda": 0.375
        },
        "MS1_4": {
          "meanserv": 0.03513918503599278,
          "stddevserv": 0.03513918503599278,
          "rate": 28.458258180310903,
          "cv": 1.0,
          "lambda": 0.375
        },
        "MS1_5": {
          "meanserv": 1.2601266304191023,
          "stddevserv": 1.2601266304191023,
          "rate": 0.7935710394973658,
          "cv": 1.0,
          "lambda": 0.375
        },
        "MS1_6": {
          "meanserv": 1.3969493009828735,
          "stddevserv": 1.3969493009828735,
          "rate": 0.7158455924609536,
          "cv": 1.0,
          "lambda": 0.375
        },
        "MS1_7": {
          "meanserv": 1.020362383071582,
          "stddevserv": 1.020362383071582,
          "rate": 0.9800439692707159,
          "cv": 1.0,
          "lambda": 0.375
        },
        "MS1_8": {
          "meanserv": 1.5382683278801874,
          "stddevserv": 1.5382683278801874,
          "rate": 0.65008164172375,
          "cv": 1.0,
          "lambda": 0.375
        },
        "MS1_9": {
          "meanserv": 0.5992958686412528,
          "stddevserv": 0.5992958686412528,
          "rate": 1.6686248851794012,
          "cv": 1.0,
          "lambda": 0.375
        },
        "MS1_10": {
          "meanserv": 0.09096062601048516,
          "stddevserv": 0.09096062601048516,
          "rate": 10.993767785687059,
          "cv": 1.0,
          "lambda": 0.375
        }
      },
      "sensors": [
        "S1"
      ],
      "sources": [
        {
          "startTime": 0,
          "stopTime": -1,
          "lambda": 0.375
        }
      ]
    },
    "SC2": {
      "resptime": 4456.48427836927,
      "resptime_old": 4446.484278369271,
      "waittime": 4441.328432483896,
      "servicetime": 10.0,
      "networktime": 5.155845885374395,
      "services": {
        "MS2_1": {
          "meanserv": 0.780488971155322,
          "stddevserv": 0.780488971155322,
          "rate": 1.2812480854402668,
          "cv": 1.0,
          "lambda": 0.375
        },
        "MS2_2": {
          "meanserv": 0.4360560527848001,
          "stddevserv": 0.4360560527848001,
          "rate": 2.2932831538827747,
          "cv": 1.0,
          "lambda": 0.375
        },
        "MS2_3": {
          "meanserv": 3.4393268471871545,
          "stddevserv": 3.4393268471871545,
          "rate": 0.29075457042352565,
          "cv": 1.0,
          "lambda": 0.375
        },
        "MS2_4": {
          "meanserv": 1.395065357663567,
          "stddevserv": 1.395065357663567,
          "rate": 0.7168122944969287,
          "cv": 1.0,
          "lambda": 0.375
        },
        "MS2_5": {
          "meanserv": 0.011545669215990095,
          "stddevserv": 0.011545669215990095,
          "rate": 86.61256279671142,
          "cv": 1.0,
          "lambda": 0.375
        },
        "MS2_6": {
          "meanserv": 0.11612968169037163,
          "stddevserv": 0.11612968169037163,
          "rate": 8.611062955173074,
          "cv": 1.0,
          "lambda": 0.375
        },
        "MS2_7": {
          "meanserv": 0.23322316956153344,
          "stddevserv": 0.23322316956153344,
          "rate": 4.287738657698676,
          "cv": 1.0,
          "lambda": 0.375
        },
        "MS2_8": {
          "meanserv": 1.8882361967430796,
          "stddevserv": 1.8882361967430796,
          "rate": 0.5295947624162951,
          "cv": 1.0,
          "lambda": 0.375
        },
        "MS2_9": {
          "meanserv": 1.2020010979110634,
          "stddevserv": 1.2020010979110634,
          "rate": 0.8319459955052309,
          "cv": 1.0,
          "lambda": 0.375
        },
        "MS2_10": {
          "meanserv": 0.49792695608711846,
          "stddevserv": 0.49792695608711846,
          "rate": 2.0083266988763664,
          "cv": 1.0,
          "lambda": 0.375
        }
      },
      "sensors": [
        "S2"
      ],
      "sources": [
        {
          "startTime": 0,
          "stopTime": -1,
          "lambda": 0.375
        }
      ]
    },
    "SC3": {
      "resptime": 187.67816285251573,
      "resptime_old": 177.67816285251573,
      "waittime": 171.0977080938978,
      "servicetime": 10.0,
      "networktime": 6.580454758617922,
      "services": {
        "MS3_1": {
          "meanserv": 1.4509683170547227,
          "stddevserv": 1.4509683170547227,
          "rate": 0.6891949246899272,
          "cv": 1.0,
          "lambda": 0.375
        },
        "MS3_2": {
          "meanserv": 0.0031828821584600764,
          "stddevserv": 0.0031828821584600764,
          "rate": 314.18065458125983,
          "cv": 1.0,
          "lambda": 0.375
        },
        "MS3_3": {
          "meanserv": 0.2173614307732552,
          "stddevserv": 0.2173614307732552,
          "rate": 4.600632211715469,
          "cv": 1.0,
          "lambda": 0.375
        },
        "MS3_4": {
          "meanserv": 1.1534785409217587,
          "stddevserv": 1.1534785409217587,
          "rate": 0.8669428728174586,
          "cv": 1.0,
          "lambda": 0.375
        },
        "MS3_5": {
          "meanserv": 0.988840367821779,
          "stddevserv": 0.988840367821779,
          "rate": 1.011285575044639,
          "cv": 1.0,
          "lambda": 0.375
        },
        "MS3_6": {
          "meanserv": 0.900043117714227,
          "stddevserv": 0.900043117714227,
          "rate": 1.1110578819152865,
          "cv": 1.0,
          "lambda": 0.375
        },
        "MS3_7": {
          "meanserv": 1.3678616949949909,
          "stddevserv": 1.3678616949949909,
          "rate": 0.731068063137525,
          "cv": 1.0,
          "lambda": 0.375
        },
        "MS3_8": {
          "meanserv": 0.9864725636449494,
          "stddevserv": 0.9864725636449494,
          "rate": 1.0137129372408165,
          "cv": 1.0,
          "lambda": 0.375
        },
        "MS3_9": {
          "meanserv": 2.6244518407217177,
          "stddevserv": 2.6244518407217177,
          "rate": 0.38103194902787874,
          "cv": 1.0,
          "lambda": 0.375
        },
        "MS3_10": {
          "meanserv": 0.3073392441941394,
          "stddevserv": 0.3073392441941394,
          "rate": 3.2537335172475474,
          "cv": 1.0,
          "lambda": 0.375
        }
      },
      "sensors": [
        "S3"
      ],
      "sources": [
        {
          "startTime": 0,
          "stopTime": -1,
          "lambda": 0.375
        }
      ]
    },
    "SC4": {
      "resptime": 33.29095899779274,
      "resptime_old": 23.29095899779274,
      "waittime": 18.35124278642645,
      "servicetime": 10.0,
      "networktime": 4.939716211366289,
      "services": {
        "MS4_1": {
          "meanserv": 0.25285845086990055,
          "stddevserv": 0.25285845086990055,
          "rate": 3.9547818020704195,
          "cv": 1.0,
          "lambda": 0.375
        },
        "MS4_2": {
          "meanserv": 1.0551762162555767,
          "stddevserv": 1.0551762162555767,
          "rate": 0.9477090030977231,
          "cv": 1.0,
          "lambda": 0.375
        },
        "MS4_3": {
          "meanserv": 0.1899268361057871,
          "stddevserv": 0.1899268361057871,
          "rate": 5.265185376136163,
          "cv": 1.0,
          "lambda": 0.375
        },
        "MS4_4": {
          "meanserv": 0.33646311260730255,
          "stddevserv": 0.33646311260730255,
          "rate": 2.9720940053453457,
          "cv": 1.0,
          "lambda": 0.375
        },
        "MS4_5": {
          "meanserv": 0.19709686385635306,
          "stddevserv": 0.19709686385635306,
          "rate": 5.07364744640896,
          "cv": 1.0,
          "lambda": 0.375
        },
        "MS4_6": {
          "meanserv": 1.5975438693306687,
          "stddevserv": 1.5975438693306687,
          "rate": 0.625960901104378,
          "cv": 1.0,
          "lambda": 0.375
        },
        "MS4_7": {
          "meanserv": 2.128268967071045,
          "stddevserv": 2.128268967071045,
          "rate": 0.4698654237186077,
          "cv": 1.0,
          "lambda": 0.375
        },
        "MS4_8": {
          "meanserv": 1.637137669463761,
          "stddevserv": 1.637137669463761,
          "rate": 0.6108221798644135,
          "cv": 1.0,
          "lambda": 0.375
        },
        "MS4_9": {
          "meanserv": 1.2017379709241487,
          "stddevserv": 1.2017379709241487,
          "rate": 0.8321281545518528,
          "cv": 1.0,
          "lambda": 0.375
        },
        "MS4_10": {
          "meanserv": 1.4037900435154569,
          "stddevserv": 1.4037900435154569,
          "rate": 0.7123572393317015,
          "cv": 1.0,
          "lambda": 0.375
        }
      },
      "sensors": [
        "S4"
      ],
      "sources": [
        {
          "startTime": 0,
          "stopTime": -1,
          "lambda": 0.375
        }
      ]
    }
  },
  "microservice": {
    "MS1_1": "F8",
    "MS1_2": "F6",
    "MS1_3": "F5",
    "MS1_4": "F5",
    "MS1_5": "F14",
    "MS1_6": "F9",
    "MS1_7": "F17",
    "MS1_8": "F3",
    "MS1_9": "F8",
    "MS1_10": "F8",
    "MS2_1": "F21",
    "MS2_2": "F21",
    "MS2_3": "F24",
    "MS2_4": "F20",
    "MS2_5": "F19",
    "MS2_6": "F19",
    "MS2_7": "F19",
    "MS2_8": "F7",
    "MS2_9": "F18",
    "MS2_10": "F2",
    "MS3_1": "F22",
    "MS3_2": "F19",
    "MS3_3": "F19",
    "MS3_4": "F23",
    "MS3_5": "F10",
    "MS3_6": "F5",
    "MS3_7": "F15",
    "MS3_8": "F2",
    "MS3_9": "F25",
    "MS3_10": "F10",
    "MS4_1": "F13",
    "MS4_2": "F13",
    "MS4_3": "F19",
    "MS4_4": "F19",
    "MS4_5": "F19",
    "MS4_6": "F11",
    "MS4_7": "F4",
    "MS4_8": "F16",
    "MS4_9": "F12",
    "MS4_10": "F1"
  },
  "sensor": {
    "S1": "F8",
    "S2": "F21",
    "S3": "F22",
    "S4": "F13"
  },
  "fog": {
    "F1": {
      "rho": 0.5264212663182963,
      "capacity": 1.0,
      "tserv": 1.4037900435154569,
      "stddev": 1.4037900435154569,
      "mu": 0.7123572393317015,
      "cv": 1.0,
      "lambda": 0.375,
      "twait": 1.5604267670707976
    },
    "F2": {
      "rho": 0.5566498198995254,
      "capacity": 1.0,
      "tserv": 0.7421997598660339,
      "stddev": 0.8186567588905764,
      "mu": 1.3473461648390976,
      "cv": 1.103014044410824,
      "lambda": 0.75,
      "twait": 1.0328117258340501
    },
    "F3": {
      "rho": 0.5768506229550703,
      "capacity": 1.0,
      "tserv": 1.5382683278801874,
      "stddev": 1.5382683278801874,
      "mu": 0.65008164172375,
      "cv": 1.0,
      "lambda": 0.375,
      "twait": 2.09701606890354
    },
    "F4": {
      "rho": 0.7981008626516418,
      "capacity": 1.0,
      "tserv": 2.128268967071045,
      "stddev": 2.128268967071045,
      "mu": 0.4698654237186077,
      "cv": 1.0,
      "lambda": 0.375,
      "twait": 8.412979475208898
    },
    "F5": {
      "rho": 0.5335552466319787,
      "capacity": 1.0,
      "tserv": 0.4742713303395367,
      "stddev": 0.6888140035840201,
      "mu": 2.108497680608456,
      "cv": 1.4523627289275312,
      "lambda": 1.125,
      "twait": 0.8434254795702656
    },
    "F6": {
      "rho": 1.033014756129364,
      "capacity": 1.0,
      "tserv": 2.754706016344971,
      "stddev": 2.7547060163449717,
      "mu": 0.36301514356396947,
      "cv": 1.0000000000000002,
      "lambda": 0.375,
      "twait": 2842.8063117190068
    },
    "F7": {
      "rho": 0.708088573778655,
      "capacity": 1.0,
      "tserv": 1.8882361967430796,
      "stddev": 1.8882361967430796,
      "mu": 0.5295947624162951,
      "cv": 1.0,
      "lambda": 0.375,
      "twait": 4.580288249817309
    },
    "F8": {
      "rho": 0.5650561754988375,
      "capacity": 1.0,
      "tserv": 0.5022721559989667,
      "stddev": 0.6612027352667611,
      "mu": 1.9909524907091551,
      "cv": 1.316423232643064,
      "lambda": 1.125,
      "twait": 0.8916664970271762
    },
    "F9": {
      "rho": 0.5238559878685776,
      "capacity": 1.0,
      "tserv": 1.3969493009828735,
      "stddev": 1.3969493009828733,
      "mu": 0.7158455924609536,
      "cv": 0.9999999999999999,
      "lambda": 0.375,
      "twait": 1.5369305030065459
    },
    "F10": {
      "rho": 0.48606735450596933,
      "capacity": 1.0,
      "tserv": 0.6480898060079592,
      "stddev": 0.8076151852239418,
      "mu": 1.5429960334659532,
      "cv": 1.2461470273674131,
      "lambda": 0.75,
      "twait": 0.7823953392460087
    },
    "F11": {
      "rho": 0.5990789509990008,
      "capacity": 1.0,
      "tserv": 1.5975438693306687,
      "stddev": 1.5975438693306687,
      "mu": 0.625960901104378,
      "cv": 1.0,
      "lambda": 0.375,
      "twait": 2.3871405799178094
    },
    "F12": {
      "rho": 0.45065173909655576,
      "capacity": 1.0,
      "tserv": 1.2017379709241487,
      "stddev": 1.2017379709241487,
      "mu": 0.8321281545518528,
      "cv": 1.0,
      "lambda": 0.375,
      "twait": 0.9858323855338854
    },
    "F13": {
      "rho": 0.490513000172054,
      "capacity": 1.0,
      "tserv": 0.6540173335627387,
      "stddev": 0.8657918750642367,
      "mu": 1.529011462972291,
      "cv": 1.3238057015214917,
      "lambda": 0.75,
      "twait": 0.8665586000663519
    },
    "F14": {
      "rho": 0.4725474864071634,
      "capacity": 1.0,
      "tserv": 1.2601266304191023,
      "stddev": 1.2601266304191023,
      "mu": 0.7935710394973658,
      "cv": 1.0,
      "lambda": 0.375,
      "twait": 1.1289540885929763
    },
    "F15": {
      "rho": 0.5129481356231216,
      "capacity": 1.0,
      "tserv": 1.3678616949949909,
      "stddev": 1.3678616949949909,
      "mu": 0.731068063137525,
      "cv": 1.0,
      "lambda": 0.375,
      "twait": 1.4405901251104467
    },
    "F16": {
      "rho": 0.6139266260489104,
      "capacity": 1.0,
      "tserv": 1.637137669463761,
      "stddev": 1.637137669463761,
      "mu": 0.6108221798644135,
      "cv": 1.0,
      "lambda": 0.375,
      "twait": 2.603345564873877
    },
    "F17": {
      "rho": 0.38263589365184325,
      "capacity": 1.0,
      "tserv": 1.020362383071582,
      "stddev": 1.020362383071582,
      "mu": 0.9800439692707159,
      "cv": 1.0,
      "lambda": 0.375,
      "twait": 0.6324100612275333
    },
    "F18": {
      "rho": 0.45075041171664876,
      "capacity": 1.0,
      "tserv": 1.2020010979110634,
      "stddev": 1.2020010979110634,
      "mu": 0.8319459955052309,
      "cv": 1.0,
      "lambda": 0.375,
      "twait": 0.9864413216232878
    },
    "F19": {
      "rho": 0.48934861723839496,
      "capacity": 1.0,
      "tserv": 0.16311620574613164,
      "stddev": 0.22190526765188134,
      "mu": 6.130598706767156,
      "cv": 1.3604121468914434,
      "lambda": 3.0,
      "twait": 0.2228002712294929
    },
    "F20": {
      "rho": 0.5231495091238376,
      "capacity": 1.0,
      "tserv": 1.395065357663567,
      "stddev": 1.395065357663567,
      "mu": 0.7168122944969287,
      "cv": 1.0,
      "lambda": 0.375,
      "twait": 1.5305169461320773
    },
    "F21": {
      "rho": 0.4562043839775458,
      "capacity": 1.0,
      "tserv": 0.608272511970061,
      "stddev": 0.6552194032894518,
      "mu": 1.6439999840880852,
      "cv": 1.0771806885820636,
      "lambda": 0.75,
      "twait": 0.5512005970495555
    },
    "F22": {
      "rho": 0.544113118895521,
      "capacity": 1.0,
      "tserv": 1.4509683170547227,
      "stddev": 1.4509683170547227,
      "mu": 0.6891949246899272,
      "cv": 1.0,
      "lambda": 0.375,
      "twait": 1.7317692812272374
    },
    "F23": {
      "rho": 0.4325544528456595,
      "capacity": 1.0,
      "tserv": 1.1534785409217587,
      "stddev": 1.1534785409217587,
      "mu": 0.8669428728174586,
      "cv": 1.0,
      "lambda": 0.375,
      "twait": 0.8792778120116482
    },
    "F24": {
      "rho": 1.289747567695183,
      "capacity": 1.0,
      "tserv": 3.439326847187155,
      "stddev": 3.439326847187154,
      "mu": 0.29075457042352565,
      "cv": 0.9999999999999998,
      "lambda": 0.375,
      "twait": 4431.427572232703
    },
    "F25": {
      "rho": 0.9841694402706441,
      "capacity": 1.0,
      "tserv": 2.6244518407217177,
      "stddev": 2.6244518407217177,
      "mu": 0.38103194902787874,
      "cv": 1.0,
      "lambda": 0.375,
      "twait": 163.15944244919314
    }
  },
  "extra": {
    "deltatime": 7.007336,
    "conv": 19,
    "obj_func": 1886.2963859050242
  },
  "network": [
    [
      0.0,
      0.9961064851183435,
      1.215796565512121,
      0.9564301746326406,
      0.8218797314192836,
      0.9356804757992885,
      1.0655613081883457,
      0.9101456592701553,
      1.5137742235915137,
      0.8960246109022072,
      0.9181522055097808,
      0.5250044385947131,
      0.8322510061867021,
      1.1211126741356214,
      1.0729473966314198,
      1.0346190122690113,
      1.0966071408872733,
      0.8291214562554169,
      0.6888256020617266,
      1.0582259637920974,
      0.9101871234475263,
      1.1776992893628069,
      1.2743214103187839,
      1.2077236020017859,
      1.2077236020017859
    ],
    [
      0.9961064851183435,
      0.0,
      0.9071220349339838,
      1.1749675026751898,
      1.1988798207126288,
      0.7430004275380463,
      1.1607581897158599,
      0.92339027634013,
      1.0416693342067784,
      0.778123679217935,
      0.841756078791323,
      1.0619679478492305,
      1.067424667569408,
      1.0942863404579994,
      0.8761495894005449,
      1.208952379800688,
      0.7954149539392456,
      0.7371057583105997,
      0.81963067590335,
      1.0153646748801142,
      0.8945912368715584,
      1.0288811058199434,
      1.2077236020017859,
      0.82300044129814,
      0.82300044129814
    ],
    [
      1.215796565512121,
      0.9071220349339838,
      0.0,
      1.3305858358819207,
      0.8665858308248167,
      0.7788183679798751,
      1.0191477708040866,
      0.7963567707290958,
      0.7972746651778504,
      1.011343610232186,
      0.8653896900376713,
      1.0130673113265383,
      0.8104096125905013,
      1.320792271025192,
      0.9887331279073656,
      0.7515933048618121,
      0.7347794188690607,
      1.0819844630019908,
      1.0852525721686905,
      0.772883591581333,
      0.8529863654164737,
      1.2743214103187839,
      0.82300044129814,
      1.2562054040157955,
      1.2562054040157955
    ],
    [
      0.9564301746326406,
      1.1749675026751898,
      1.3305858358819207,
      0.0,
      1.1134269439439055,
      0.8889791926473499,
      1.0396985224830055,
      0.8133669606959513,
      0.8753646642668538,
      0.9432760061398878,
      0.8342411854053549,
      1.3152787589577872,
      0.8569804520943671,
      1.037179116962919,
      0.7225146593355815,
      0.6782580821778899,
      0.8299219789539651,
      1.109481560582765,
      1.2594195110377158,
      0.9976920042838437,
      1.1776992893628069,
      1.2077236020017859,
      1.2562054040157955,
      0.7976242564889762,
      0.7976242564889762
    ],
    [
      0.8218797314192836,
      1.1988798207126288,
      0.8665858308248167,
      1.1134269439439055,
      0.0,
      0.8711155084484317,
      0.9368478940248848,
      0.6763367023899427,
      1.0026995194048087,
      0.401036672064038,
      0.9342314761247364,
      0.8868164165543493,
      1.1438119669482059,
      0.8788632824707432,
      0.7803767344449647,
      0.820144809705348,
      0.8079452294798822,
      1.1297310107785328,
      0.7927884316982349,
      0.9101871234475263,
      1.0288811058199434,
      0.82300044129814,
      0.7976242564889762,
      1.0475245808927405,
      1.0475245808927405
    ],
    [
      0.9356804757992885,
      0.7430004275380463,
      0.7788183679798751,
      0.8889791926473499,
      0.8711155084484317,
      0.0,
      1.0504235839734555,
      0.6007402390213338,
      0.8217824544098049,
      0.8161067459314971,
      0.7226502176690325,
      1.2013920039943338,
      0.5140057249441576,
      1.131230235165983,
      0.8314642269755848,
      0.9062859108899021,
      1.1783363650595013,
      1.021440842536532,
      1.0582259637920974,
      0.8945912368715584,
      1.2743214103187839,
      1.2562054040157955,
      1.0475245808927405,
      1.0013800556356192,
      1.0013800556356192
    ],
    [
      1.0655613081883457,
      1.1607581897158599,
      1.0191477708040866,
      1.0396985224830055,
      0.9368478940248848,
      1.0504235839734555,
      0.0,
      1.1707066116224525,
      1.0751714713572569,
      1.095253352354836,
      0.7518909038429601,
      0.9096024551004163,
      1.2356930841865201,
      0.6456898163131726,
      0.9108395938991026,
      1.048092533078525,
      1.3175785099425328,
      0.6888256020617266,
      1.0153646748801142,
      0.8529863654164737,
      1.2077236020017859,
      0.7976242564889762,
      1.0013800556356192,
      1.1350643397747093,
      1.1350643397747093
    ],
    [
      0.9101456592701553,
      0.92339027634013,
      0.7963567707290958,
      0.8133669606959513,
      0.6763367023899427,
      0.6007402390213338,
      1.1707066116224525,
      0.0,
      1.238855955898034,
      1.013585399575386,
      1.050298859129187,
      1.1421519457360239,
      1.2793551674001513,
      1.159643147981984,
      1.21902773813713,
      1.1304007051696838,
      0.8291214562554169,
      0.81963067590335,
      0.772883591581333,
      1.1776992893628069,
      0.82300044129814,
      1.0475245808927405,
      1.1350643397747093,
      0.9791455770515078,
      0.9791455770515078
    ],
    [
      1.5137742235915137,
      1.0416693342067784,
      0.7972746651778504,
      0.8753646642668538,
      1.0026995194048087,
      0.8217824544098049,
      1.0751714713572569,
      1.238855955898034,
      0.0,
      1.1276289860156257,
      1.0317303170485521,
      0.9318326843887895,
      1.1753732155103975,
      0.5497095317105261,
      1.1878566554225896,
      1.0966071408872733,
      0.7371057583105997,
      1.0852525721686905,
      0.9976920042838437,
      1.0288811058199434,
      1.2562054040157955,
      1.0013800556356192,
      0.9791455770515078,
      0.861255525893532,
      0.861255525893532
    ],
    [
      0.8960246109022072,
      0.778123679217935,
      1.011343610232186,
      0.9432760061398878,
      0.401036672064038,
      0.8161067459314971,
      1.095253352354836,
      1.013585399575386,
      1.1276289860156257,
      0.0,
      0.8781159137255551,
      1.2547930604214022,
      0.8317508671143683,
      0.9451165267216375,
      1.0346190122690113,
      0.7954149539392456,
      1.0819844630019908,
      1.2594195110377158,
      0.9101871234475263,
      1.2743214103187839,
      0.7976242564889762,
      1.1350643397747093,
      0.861255525893532,
      0.9523145497919865,
      0.9523145497919865
    ],
    [
      0.9181522055097808,
      0.841756078791323,
      0.8653896900376713,
      0.8342411854053549,
      0.9342314761247364,
      0.7226502176690325,
      0.7518909038429601,
      1.050298859129187,
      1.0317303170485521,
      0.8781159137255551,
      0.0,
      0.9281195171035674,
      1.071802639387222,
      1.0729473966314198,
      1.208952379800688,
      0.7347794188690607,
      1.109481560582765,
      0.7927884316982349,
      0.8945912368715584,
      1.2077236020017859,
      1.0475245808927405,
      0.9791455770515078,
      0.9523145497919865,
      0.9397134744985793,
      0.9397134744985793
    ],
    [
      0.5250044385947131,
      1.0619679478492305,
      1.0130673113265383,
      1.3152787589577872,
      0.8868164165543493,
      1.2013920039943338,
      0.9096024551004163,
      1.1421519457360239,
      0.9318326843887895,
      1.2547930604214022,
      0.9281195171035674,
      0.0,
      1.1211126741356214,
      0.8761495894005449,
      0.7515933048618121,
      0.8299219789539651,
      1.1297310107785328,
      1.0582259637920974,
      0.8529863654164737,
      0.82300044129814,
      1.0013800556356192,
      0.861255525893532,
      0.9397134744985793,
      0.9042583206470495,
      0.9042583206470495
    ],
    [
      0.8322510061867021,
      1.067424667569408,
      0.8104096125905013,
      0.8569804520943671,
      1.1438119669482059,
      0.5140057249441576,
      1.2356930841865201,
      1.2793551674001513,
      1.1753732155103975,
      0.8317508671143683,
      1.071802639387222,
      1.1211126741356214,
      0.0,
      0.9887331279073656,
      0.6782580821778899,
      0.8079452294798822,
      1.021440842536532,
      1.0153646748801142,
      1.1776992893628069,
      1.2562054040157955,
      1.1350643397747093,
      0.9523145497919865,
      0.9042583206470495,
      0.8060533258486924,
      0.8060533258486924
    ],
    [
      1.1211126741356214,
      1.0942863404579994,
      1.320792271025192,
      1.037179116962919,
      0.8788632824707432,
      1.131230235165983,
      0.6456898163131726,
      1.159643147981984,
      0.5497095317105261,
      0.9451165267216375,
      1.0729473966314198,
      0.8761495894005449,
      0.9887331279073656,
      0.0,
      0.820144809705348,
      1.1783363650595013,
      0.6888256020617266,
      0.772883591581333,
      1.0288811058199434,
      0.7976242564889762,
      0.9791455770515078,
      0.9397134744985793,
      0.8060533258486924,
      0.9169155942616553,
      0.9169155942616553
    ],
    [
      1.0729473966314198,
      0.8761495894005449,
      0.9887331279073656,
      0.7225146593355815,
      0.7803767344449647,
      0.8314642269755848,
      0.9108395938991026,
      1.21902773813713,
      1.1878566554225896,
      1.0346190122690113,
      1.208952379800688,
      0.7515933048618121,
      0.6782580821778899,
      0.820144809705348,
      0.0,
      1.3175785099425328,
      0.81963067590335,
      0.9976920042838437,
      1.2743214103187839,
      1.0475245808927405,
      0.861255525893532,
      0.9042583206470495,
      0.9169155942616553,
      0.9160006447279092,
      0.9160006447279092
    ],
    [
      1.0346190122690113,
      1.208952379800688,
      0.7515933048618121,
      0.6782580821778899,
      0.820144809705348,
      0.9062859108899021,
      1.048092533078525,
      1.1304007051696838,
      1.0966071408872733,
      0.7954149539392456,
      0.7347794188690607,
      0.8299219789539651,
      0.8079452294798822,
      1.1783363650595013,
      1.3175785099425328,
      0.0,
      1.0852525721686905,
      0.9101871234475263,
      1.2077236020017859,
      1.0013800556356192,
      0.9523145497919865,
      0.8060533258486924,
      0.9160006447279092,
      0.9912552335155539,
      0.9912552335155539
    ],
    [
      1.0966071408872733,
      0.7954149539392456,
      0.7347794188690607,
      0.8299219789539651,
      0.8079452294798822,
      1.1783363650595013,
      1.3175785099425328,
      0.8291214562554169,
      0.7371057583105997,
      1.0819844630019908,
      1.109481560582765,
      1.1297310107785328,
      1.021440842536532,
      0.6888256020617266,
      0.81963067590335,
      1.0852525721686905,
      0.0,
      0.8945912368715584,
      0.82300044129814,
      1.1350643397747093,
      0.9397134744985793,
      0.9169155942616553,
      0.9912552335155539,
      0.9167705365348088,
      0.9167705365348088
    ],
    [
      0.8291214562554169,
      0.7371057583105997,
      1.0819844630019908,
      1.109481560582765,
      1.1297310107785328,
      1.021440842536532,
      0.6888256020617266,
      0.81963067590335,
      1.0852525721686905,
      1.2594195110377158,
      0.7927884316982349,
      1.0582259637920974,
      1.0153646748801142,
      0.772883591581333,
      0.9976920042838437,
      0.9101871234475263,
      0.8945912368715584,
      0.0,
      1.2562054040157955,
      0.9791455770515078,
      0.9042583206470495,
      0.9160006447279092,
      0.9167705365348088,
      0.8950660122091616,
      0.8950660122091616
    ],
    [
      0.6888256020617266,
      0.81963067590335,
      1.0852525721686905,
      1.2594195110377158,
      0.7927884316982349,
      1.0582259637920974,
      1.0153646748801142,
      0.772883591581333,
      0.9976920042838437,
      0.9101871234475263,
      0.8945912368715584,
      0.8529863654164737,
      1.1776992893628069,
      1.0288811058199434,
      1.2743214103187839,
      1.2077236020017859,
      0.82300044129814,
      1.2562054040157955,
      0.0,
      0.861255525893532,
      0.8060533258486924,
      0.9912552335155539,
      0.8950660122091616,
      1.1275283159723548,
      1.1275283159723548
    ],
    [
      1.0582259637920974,
      1.0153646748801142,
      0.772883591581333,
      0.9976920042838437,
      0.9101871234475263,
      0.8945912368715584,
      0.8529863654164737,
      1.1776992893628069,
      1.0288811058199434,
      1.2743214103187839,
      1.2077236020017859,
      0.82300044129814,
      1.2562054040157955,
      0.7976242564889762,
      1.0475245808927405,
      1.0013800556356192,
      1.1350643397747093,
      0.9791455770515078,
      0.861255525893532,
      0.0,
      0.9169155942616553,
      0.9167705365348088,
      1.1275283159723548,
      0.8838323940933717,
      0.8838323940933717
    ],
    [
      0.9101871234475263,
      0.8945912368715584,
      0.8529863654164737,
      1.1776992893628069,
      1.0288811058199434,
      1.2743214103187839,
      1.2077236020017859,
      0.82300044129814,
      1.2562054040157955,
      0.7976242564889762,
      1.0475245808927405,
      1.0013800556356192,
      1.1350643397747093,
      0.9791455770515078,
      0.861255525893532,
      0.9523145497919865,
      0.9397134744985793,
      0.9042583206470495,
      0.8060533258486924,
      0.9169155942616553,
      0.0,
      0.8950660122091616,
      0.8838323940933717,
      0.9694619301350516,
      0.9694619301350516
    ],
    [
      1.1776992893628069,
      1.0288811058199434,
      1.2743214103187839,
      1.2077236020017859,
      0.82300044129814,
      1.2562054040157955,
      0.7976242564889762,
      1.0475245808927405,
      1.0013800556356192,
      1.1350643397747093,
      0.9791455770515078,
      0.861255525893532,
      0.9523145497919865,
      0.9397134744985793,
      0.9042583206470495,
      0.8060533258486924,
      0.9169155942616553,
      0.9160006447279092,
      0.9912552335155539,
      0.9167705365348088,
      0.8950660122091616,
      0.0,
      0.9694619301350516,
      1.000206717857401,
      1.000206717857401
    ],
    [
      1.2743214103187839,
      1.2077236020017859,
      0.82300044129814,
      1.2562054040157955,
      0.7976242564889762,
      1.0475245808927405,
      1.0013800556356192,
      1.1350643397747093,
      0.9791455770515078,
      0.861255525893532,
      0.9523145497919865,
      0.9397134744985793,
      0.9042583206470495,
      0.8060533258486924,
      0.9169155942616553,
      0.9160006447279092,
      0.9912552335155539,
      0.9167705365348088,
      0.8950660122091616,
      1.1275283159723548,
      0.8838323940933717,
      0.9694619301350516,
      0.0,
      0.9582004551044268,
      0.9582004551044268
    ],
    [
      1.2077236020017859,
      0.82300044129814,
      1.2562054040157955,
      0.7976242564889762,
      1.0475245808927405,
      1.0013800556356192,
      1.1350643397747093,
      0.9791455770515078,
      0.861255525893532,
      0.9523145497919865,
      0.9397134744985793,
      0.9042583206470495,
      0.8060533258486924,
      0.9169155942616553,
      0.9160006447279092,
      0.9912552335155539,
      0.9167705365348088,
      0.8950660122091616,
      1.1275283159723548,
      0.8838323940933717,
      0.9694619301350516,
      1.000206717857401,
      0.9582004551044268,
      0.0,
      1.1966960148310337
    ],
    [
      1.2077236020017859,
      0.82300044129814,
      1.2562054040157955,
      0.7976242564889762,
      1.0475245808927405,
      1.0013800556356192,
      1.1350643397747093,
      0.9791455770515078,
      0.861255525893532,
      0.9523145497919865,
      0.9397134744985793,
      0.9042583206470495,
      0.8060533258486924,
      0.9169155942616553,
      0.9160006447279092,
      0.9912552335155539,
      0.9167705365348088,
      0.8950660122091616,
      1.1275283159723548,
      0.8838323940933717,
      0.9694619301350516,
      1.000206717857401,
      0.9582004551044268,
      1.1966960148310337,
      0.0
    ]
  ]
}