{
  "servicechain": {
    "SC1": {
      "resptime": 17.168149996825097,
      "resptime_old": 7.1681499968250995,
      "waittime": 5.173609776036746,
      "servicetime": 10.0,
      "networktime": 1.9945402207883534,
      "services": {
        "MS1_1": {
          "meanserv": 4.404781075860554,
          "stddevserv": 4.404781075860554,
          "rate": 0.2270260389285367,
          "cv": 1.0,
          "lambda": 0.05
        },
        "MS1_2": {
          "meanserv": 0.9588062537300077,
          "stddevserv": 0.9588062537300077,
          "rate": 1.0429635769580536,
          "cv": 1.0,
          "lambda": 0.05
        },
        "MS1_3": {
          "meanserv": 0.32507431558881716,
          "stddevserv": 0.32507431558881716,
          "rate": 3.0762196582300545,
          "cv": 1.0,
          "lambda": 0.05
        },
        "MS1_4": {
          "meanserv": 0.9567337441229453,
          "stddevserv": 0.9567337441229453,
          "rate": 1.0452228806006185,
          "cv": 1.0,
          "lambda": 0.05
        },
        "MS1_5": {
          "meanserv": 3.3546046106976757,
          "stddevserv": 3.3546046106976757,
          "rate": 0.2980977241881345,
          "cv": 1.0,
          "lambda": 0.05
        }
      },
      "sensors": [
        "S1"
      ],
      "sources": [
        {
          "startTime": 0,
          "stopTime": -1,
          "lambda": 0.05
        }
      ]
    },
    "SC2": {
      "resptime": 17.39240345084464,
      "resptime_old": 7.392403450844641,
      "waittime": 3.823208330175433,
      "servicetime": 10.0,
      "networktime": 3.569195120669207,
      "services": {
        "MS2_1": {
          "meanserv": 0.39412150187979056,
          "stddevserv": 0.39412150187979056,
          "rate": 2.537288615897455,
          "cv": 1.0,
          "lambda": 0.05
        },
        "MS2_2": {
          "meanserv": 2.16431958846428,
          "stddevserv": 2.16431958846428,
          "rate": 0.4620389730472118,
          "cv": 1.0,
          "lambda": 0.05
        },
        "MS2_3": {
          "meanserv": 6.582796001806436,
          "stddevserv": 6.582796001806436,
          "rate": 0.15191113316067859,
          "cv": 1.0,
          "lambda": 0.05
        },
        "MS2_4": {
          "meanserv": 0.4454629749735073,
          "stddevserv": 0.4454629749735073,
          "rate": 2.2448554788632484,
          "cv": 1.0,
          "lambda": 0.05
        },
        "MS2_5": {
          "meanserv": 0.41329993287598654,
          "stddevserv": 0.41329993287598654,
          "rate": 2.4195503566656926,
          "cv": 1.0,
          "lambda": 0.05
        }
      },
      "sensors": [
        "S2"
      ],
      "sources": [
        {
          "startTime": 0,
          "stopTime": -1,
          "lambda": 0.05
        }
      ]
    },
    "SC3": {
      "resptime": 17.569212138841564,
      "resptime_old": 7.569212138841565,
      "waittime": 5.615690813639756,
      "servicetime": 10.0,
      "networktime": 1.953521325201809,
      "services": {
        "MS3_1": {
          "meanserv": 4.13492909087946,
          "stddevserv": 4.13492909087946,
          "rate": 0.24184211579485865,
          "cv": 1.0,
          "lambda": 0.05
        },
        "MS3_2": {
          "meanserv": 3.647646872618732,
          "stddevserv": 3.647646872618732,
          "rate": 0.27414934474785835,
          "cv": 1.0,
          "lambda": 0.05
        },
        "MS3_3": {
          "meanserv": 1.5042332504501212,
          "stddevserv": 1.5042332504501212,
          "rate": 0.6647905168302614,
          "cv": 1.0,
          "lambda": 0.05
        },
        "MS3_4": {
          "meanserv": 0.6834835258244656,
          "stddevserv": 0.6834835258244656,
          "rate": 1.4630930552330872,
          "cv": 1.0,
          "lambda": 0.05
        },
        "MS3_5": {
          "meanserv": 0.029707260227221255,
          "stddevserv": 0.029707260227221255,
          "rate": 33.66180497128723,
          "cv": 1.0,
          "lambda": 0.05
        }
      },
      "sensors": [
        "S3"
      ],
      "sources": [
        {
          "startTime": 0,
          "stopTime": -1,
          "lambda": 0.05
        }
      ]
    },
    "SC4": {
      "resptime": 16.040669051570394,
      "resptime_old": 6.040669051570392,
      "waittime": 3.826566689687638,
      "servicetime": 10.0,
      "networktime": 2.214102361882754,
      "services": {
        "MS4_1": {
          "meanserv": 1.9962473998892172,
          "stddevserv": 1.9962473998892172,
          "rate": 0.5009399135876123,
          "cv": 1.0,
          "lambda": 0.05
        },
        "MS4_2": {
          "meanserv": 2.0097796442900675,
          "stddevserv": 2.0097796442900675,
          "rate": 0.4975669859335445,
          "cv": 1.0,
          "lambda": 0.05
        },
        "MS4_3": {
          "meanserv": 2.3916551472589527,
          "stddevserv": 2.3916551472589527,
          "rate": 0.4181204807666724,
          "cv": 1.0,
          "lambda": 0.05
        },
        "MS4_4": {
          "meanserv": 1.674818112392563,
          "stddevserv": 1.674818112392563,
          "rate": 0.5970797620354422,
          "cv": 1.0,
          "lambda": 0.05
        },
        "MS4_5": {
          "meanserv": 1.9274996961691997,
          "stddevserv": 1.9274996961691997,
          "rate": 0.5188068262669225,
          "cv": 1.0,
          "lambda": 0.05
        }
      },
      "sensors": [
        "S4"
      ],
      "sources": [
        {
          "startTime": 0,
          "stopTime": -1,
          "lambda": 0.05
        }
      ]
    }
  },
  "microservice": {
    "MS1_1": "F2",
    "MS1_2": "F2",
    "MS1_3": "F4",
    "MS1_4": "F4",
    "MS1_5": "F4",
    "MS2_1": "F9",
    "MS2_2": "F9",
    "MS2_3": "F1",
    "MS2_4": "F10",
    "MS2_5": "F10",
    "MS3_1": "F3",
    "MS3_2": "F6",
    "MS3_3": "F6",
    "MS3_4": "F6",
    "MS3_5": "F6",
    "MS4_1": "F5",
    "MS4_2": "F5",
    "MS4_3": "F5",
    "MS4_4": "F7",
    "MS4_5": "F7"
  },
  "sensor": {
    "S1": "F2",
    "S2": "F9",
    "S3": "F3",
    "S4": "F5"
  },
  "fog": {
    "F1": {
      "rho": 0.32913980009032184,
      "capacity": 1.0,
      "tserv": 6.582796001806437,
      "stddev": 6.582796001806436,
      "mu": 0.15191113316067856,
      "cv": 0.9999999999999999,
      "lambda": 0.05,
      "twait": 3.2296746182910394
    },
    "F2": {
      "rho": 0.2681793664795281,
      "capacity": 1.0,
      "tserv": 2.681793664795281,
      "stddev": 3.6234498061812483,
      "mu": 0.3728847648226273,
      "cv": 1.3511292288244892,
      "lambda": 0.1,
      "twait": 1.3884143755754437
    },
    "F3": {
      "rho": 0.20674645454397303,
      "capacity": 1.0,
      "tserv": 4.13492909087946,
      "stddev": 4.13492909087946,
      "mu": 0.24184211579485865,
      "cv": 1.0,
      "lambda": 0.05,
      "twait": 1.0776906503942645
    },
    "F4": {
      "rho": 0.23182063352047189,
      "capacity": 1.0,
      "tserv": 1.545470890136479,
      "stddev": 2.407164923518161,
      "mu": 0.6470519803266505,
      "cv": 1.557560830735276,
      "lambda": 0.15000000000000002,
      "twait": 0.7989270082952861
    },
    "F5": {
      "rho": 0.3198841095719119,
      "capacity": 1.0,
      "tserv": 2.1325607304794123,
      "stddev": 2.1482565551012267,
      "mu": 0.4689198228719114,
      "cv": 1.0073600833014897,
      "lambda": 0.15000000000000002,
      "twait": 1.0104331068434766
    },
    "F6": {
      "rho": 0.29325354545602705,
      "capacity": 1.0,
      "tserv": 1.466267727280135,
      "stddev": 2.422415688351413,
      "mu": 0.6820036896365154,
      "cv": 1.652096437289043,
      "lambda": 0.2,
      "twait": 1.1345000408113728
    },
    "F7": {
      "rho": 0.18011589042808815,
      "capacity": 1.0,
      "tserv": 1.8011589042808813,
      "stddev": 1.8099992789667734,
      "mu": 0.5551980991922827,
      "cv": 1.0049081592217548,
      "lambda": 0.1,
      "twait": 0.3976336845786041
    },
    "F8": {
      "rho": 0,
      "capacity": 1.0,
      "tserv": 0,
      "stddev": 0,
      "mu": 0,
      "cv": 0,
      "lambda": 0.0,
      "twait": 0
    },
    "F9": {
      "rho": 0.1279220545172035,
      "capacity": 1.0,
      "tserv": 1.279220545172035,
      "stddev": 1.7897502161094805,
      "mu": 0.7817260313510018,
      "cv": 1.3990943335488621,
      "lambda": 0.1,
      "twait": 0.2774758302467381
    },
    "F10": {
      "rho": 0.04293814539247469,
      "capacity": 1.0,
      "tserv": 0.42938145392474686,
      "stddev": 0.42998332945942563,
      "mu": 2.32893151499566,
      "cv": 1.0014017269008182,
      "lambda": 0.1,
      "twait": 0.019291025695458694
    }
  },
  "extra": {
    "deltatime": 0.0137722,
    "obj_func": 17.042608659520422
  },
  "network": [
    [
      0.0,
      3.071858473701471,
      2.4517499343043068,
      2.671628319125947,
      1.6882850294172542,
      1.368923334273627,
      1.8096476767902236,
      2.112137775572293,
      1.7845975603346036,
      1.7845975603346036
    ],
    [
      3.071858473701471,
      0.0,
      2.2027674935978747,
      1.9945402207883534,
      1.687513065055989,
      1.2864348992764296,
      2.241160096085057,
      1.7845975603346036,
      2.214102361882754,
      2.214102361882754
    ],
    [
      2.4517499343043068,
      2.2027674935978747,
      0.0,
      2.094849104256532,
      2.4337802375047106,
      1.953521325201809,
      2.112137775572293,
      2.214102361882754,
      1.9893839540500646,
      1.9893839540500646
    ],
    [
      2.671628319125947,
      1.9945402207883534,
      2.094849104256532,
      0.0,
      2.0957398686587885,
      1.8096476767902236,
      1.7845975603346036,
      1.9893839540500646,
      2.2952176725724045,
      2.2952176725724045
    ],
    [
      1.6882850294172542,
      1.687513065055989,
      2.4337802375047106,
      2.0957398686587885,
      0.0,
      2.241160096085057,
      2.214102361882754,
      2.2952176725724045,
      1.6579546395982958,
      1.6579546395982958
    ],
    [
      1.368923334273627,
      1.2864348992764296,
      1.953521325201809,
      1.8096476767902236,
      2.241160096085057,
      0.0,
      1.9893839540500646,
      1.6579546395982958,
      2.3201597149637707,
      2.3201597149637707
    ],
    [
      1.8096476767902236,
      2.241160096085057,
      2.112137775572293,
      1.7845975603346036,
      2.214102361882754,
      1.9893839540500646,
      0.0,
      2.3201597149637707,
      1.677665797699293,
      1.677665797699293
    ],
    [
      2.112137775572293,
      1.7845975603346036,
      2.214102361882754,
      1.9893839540500646,
      2.2952176725724045,
      1.6579546395982958,
      2.3201597149637707,
      0.0,
      2.351725859305802,
      2.351725859305802
    ],
    [
      1.7845975603346036,
      2.214102361882754,
      1.9893839540500646,
      2.2952176725724045,
      1.6579546395982958,
      2.3201597149637707,
      1.677665797699293,
      2.351725859305802,
      0.0,
      2.4298042560532456
    ],
    [
      1.7845975603346036,
      2.214102361882754,
      1.9893839540500646,
      2.2952176725724045,
      1.6579546395982958,
      2.3201597149637707,
      1.677665797699293,
      2.351725859305802,
      2.4298042560532456,
      0.0
    ]
  ]
}