{
  "servicechain": {
    "SC1": {
      "resptime": 28.175600242225226,
      "resptime_old": 18.175600242225222,
      "waittime": 14.60760522536486,
      "servicetime": 10.0,
      "networktime": 3.5679950168603662,
      "services": {
        "MS1_1": {
          "meanserv": 4.046470662489018,
          "stddevserv": 4.046470662489018,
          "rate": 0.2471289386254667,
          "cv": 1.0,
          "lambda": 0.15
        },
        "MS1_2": {
          "meanserv": 1.1198848872571743,
          "stddevserv": 1.1198848872571743,
          "rate": 0.892948919463681,
          "cv": 1.0,
          "lambda": 0.15
        },
        "MS1_3": {
          "meanserv": 0.9642834890136323,
          "stddevserv": 0.9642834890136323,
          "rate": 1.0370394302021102,
          "cv": 1.0,
          "lambda": 0.15
        },
        "MS1_4": {
          "meanserv": 0.4935465454521717,
          "stddevserv": 0.4935465454521717,
          "rate": 2.02615135130534,
          "cv": 1.0,
          "lambda": 0.15
        },
        "MS1_5": {
          "meanserv": 1.8043537310257003,
          "stddevserv": 1.8043537310257003,
          "rate": 0.5542150537364652,
          "cv": 1.0,
          "lambda": 0.15
        },
        "MS1_6": {
          "meanserv": 0.2555293907732228,
          "stddevserv": 0.2555293907732228,
          "rate": 3.913444152056387,
          "cv": 1.0,
          "lambda": 0.15
        },
        "MS1_7": {
          "meanserv": 0.2925949932909404,
          "stddevserv": 0.2925949932909404,
          "rate": 3.4176934770912326,
          "cv": 1.0,
          "lambda": 0.15
        },
        "MS1_8": {
          "meanserv": 0.3958130390351826,
          "stddevserv": 0.3958130390351826,
          "rate": 2.526445319834734,
          "cv": 1.0,
          "lambda": 0.15
        },
        "MS1_9": {
          "meanserv": 0.2804472639643478,
          "stddevserv": 0.2804472639643478,
          "rate": 3.565732772230312,
          "cv": 1.0,
          "lambda": 0.15
        },
        "MS1_10": {
          "meanserv": 0.3470759976986102,
          "stddevserv": 0.3470759976986102,
          "rate": 2.8812133556650275,
          "cv": 1.0,
          "lambda": 0.15
        }
      },
      "sensors": [
        "S1"
      ],
      "sources": [
        {
          "startTime": 0,
          "stopTime": -1,
          "lambda": 0.15
        }
      ]
    },
    "SC2": {
      "resptime": 47.701710042737,
      "resptime_old": 37.701710042737,
      "waittime": 33.99980668711455,
      "servicetime": 10.0,
      "networktime": 3.7019033556224468,
      "services": {
        "MS2_1": {
          "meanserv": 0.5668433487752145,
          "stddevserv": 0.5668433487752145,
          "rate": 1.7641558327546976,
          "cv": 1.0,
          "lambda": 0.15
        },
        "MS2_2": {
          "meanserv": 0.07075589976078711,
          "stddevserv": 0.07075589976078711,
          "rate": 14.133097075732469,
          "cv": 1.0,
          "lambda": 0.15
        },
        "MS2_3": {
          "meanserv": 0.15032437110291563,
          "stddevserv": 0.15032437110291563,
          "rate": 6.652281281226025,
          "cv": 1.0,
          "lambda": 0.15
        },
        "MS2_4": {
          "meanserv": 0.5805090647711797,
          "stddevserv": 0.5805090647711797,
          "rate": 1.722625985856348,
          "cv": 1.0,
          "lambda": 0.15
        },
        "MS2_5": {
          "meanserv": 5.439098740399807,
          "stddevserv": 5.439098740399807,
          "rate": 0.18385398900232025,
          "cv": 1.0,
          "lambda": 0.15
        },
        "MS2_6": {
          "meanserv": 0.16738582607511976,
          "stddevserv": 0.16738582607511976,
          "rate": 5.9742214944246115,
          "cv": 1.0,
          "lambda": 0.15
        },
        "MS2_7": {
          "meanserv": 0.17517042591116638,
          "stddevserv": 0.17517042591116638,
          "rate": 5.7087262007750486,
          "cv": 1.0,
          "lambda": 0.15
        },
        "MS2_8": {
          "meanserv": 0.935255536888894,
          "stddevserv": 0.935255536888894,
          "rate": 1.0692264953880701,
          "cv": 1.0,
          "lambda": 0.15
        },
        "MS2_9": {
          "meanserv": 0.045607917471970794,
          "stddevserv": 0.045607917471970794,
          "rate": 21.926017573912883,
          "cv": 1.0,
          "lambda": 0.15
        },
        "MS2_10": {
          "meanserv": 1.8690488688429454,
          "stddevserv": 1.8690488688429454,
          "rate": 0.5350314893687401,
          "cv": 1.0,
          "lambda": 0.15
        }
      },
      "sensors": [
        "S2"
      ],
      "sources": [
        {
          "startTime": 0,
          "stopTime": -1,
          "lambda": 0.15
        }
      ]
    },
    "SC3": {
      "resptime": 29.814622728647066,
      "resptime_old": 19.81462272864707,
      "waittime": 14.838870841661407,
      "servicetime": 10.0,
      "networktime": 4.975751886985661,
      "services": {
        "MS3_1": {
          "meanserv": 1.6439503508383024,
          "stddevserv": 1.6439503508383024,
          "rate": 0.6082908766010289,
          "cv": 1.0,
          "lambda": 0.15
        },
        "MS3_2": {
          "meanserv": 0.5309527818524107,
          "stddevserv": 0.5309527818524107,
          "rate": 1.883406649666958,
          "cv": 1.0,
          "lambda": 0.15
        },
        "MS3_3": {
          "meanserv": 1.2124460707692242,
          "stddevserv": 1.2124460707692242,
          "rate": 0.824778952325327,
          "cv": 1.0,
          "lambda": 0.15
        },
        "MS3_4": {
          "meanserv": 0.2122193732756683,
          "stddevserv": 0.2122193732756683,
          "rate": 4.712105141791282,
          "cv": 1.0,
          "lambda": 0.15
        },
        "MS3_5": {
          "meanserv": 1.8146858227038711,
          "stddevserv": 1.8146858227038711,
          "rate": 0.5510595759821422,
          "cv": 1.0,
          "lambda": 0.15
        },
        "MS3_6": {
          "meanserv": 0.11370375539037969,
          "stddevserv": 0.11370375539037969,
          "rate": 8.794784275740891,
          "cv": 1.0,
          "lambda": 0.15
        },
        "MS3_7": {
          "meanserv": 0.34066949918082123,
          "stddevserv": 0.34066949918082123,
          "rate": 2.935396336932465,
          "cv": 1.0,
          "lambda": 0.15
        },
        "MS3_8": {
          "meanserv": 1.7910301917014655,
          "stddevserv": 1.7910301917014655,
          "rate": 0.5583378798600862,
          "cv": 1.0,
          "lambda": 0.15
        },
        "MS3_9": {
          "meanserv": 1.206442209367431,
          "stddevserv": 1.206442209367431,
          "rate": 0.8288834659758183,
          "cv": 1.0,
          "lambda": 0.15
        },
        "MS3_10": {
          "meanserv": 1.133899944920426,
          "stddevserv": 1.133899944920426,
          "rate": 0.8819120280230522,
          "cv": 1.0,
          "lambda": 0.15
        }
      },
      "sensors": [
        "S3"
      ],
      "sources": [
        {
          "startTime": 0,
          "stopTime": -1,
          "lambda": 0.15
        }
      ]
    },
    "SC4": {
      "resptime": 31.581322889815777,
      "resptime_old": 21.581322889815773,
      "waittime": 15.99931095307289,
      "servicetime": 10.0,
      "networktime": 5.582011936742887,
      "services": {
        "MS4_1": {
          "meanserv": 2.192286127474964,
          "stddevserv": 2.192286127474964,
          "rate": 0.45614483778711046,
          "cv": 1.0,
          "lambda": 0.15
        },
        "MS4_2": {
          "meanserv": 1.0805418136345875,
          "stddevserv": 1.0805418136345875,
          "rate": 0.925461640985765,
          "cv": 1.0,
          "lambda": 0.15
        },
        "MS4_3": {
          "meanserv": 1.0779763075620794,
          "stddevserv": 1.0779763075620794,
          "rate": 0.9276641731222939,
          "cv": 1.0,
          "lambda": 0.15
        },
        "MS4_4": {
          "meanserv": 1.0796432331124342,
          "stddevserv": 1.0796432331124342,
          "rate": 0.9262318971028645,
          "cv": 1.0,
          "lambda": 0.15
        },
        "MS4_5": {
          "meanserv": 0.3403792288323828,
          "stddevserv": 0.3403792288323828,
          "rate": 2.9378995993096937,
          "cv": 1.0,
          "lambda": 0.15
        },
        "MS4_6": {
          "meanserv": 1.2866535885073853,
          "stddevserv": 1.2866535885073853,
          "rate": 0.777209972390529,
          "cv": 1.0,
          "lambda": 0.15
        },
        "MS4_7": {
          "meanserv": 0.5439781977827423,
          "stddevserv": 0.5439781977827423,
          "rate": 1.8383089691388457,
          "cv": 1.0,
          "lambda": 0.15
        },
        "MS4_8": {
          "meanserv": 1.7725393128566136,
          "stddevserv": 1.7725393128566136,
          "rate": 0.5641623814754247,
          "cv": 1.0,
          "lambda": 0.15
        },
        "MS4_9": {
          "meanserv": 0.1173109712227447,
          "stddevserv": 0.1173109712227447,
          "rate": 8.524351896305127,
          "cv": 1.0,
          "lambda": 0.15
        },
        "MS4_10": {
          "meanserv": 0.5086912190140662,
          "stddevserv": 0.5086912190140662,
          "rate": 1.9658290975381436,
          "cv": 1.0,
          "lambda": 0.15
        }
      },
      "sensors": [
        "S4"
      ],
      "sources": [
        {
          "startTime": 0,
          "stopTime": -1,
          "lambda": 0.15
        }
      ]
    }
  },
  "microservice": {
    "MS1_1": "F10",
    "MS1_2": "F4",
    "MS1_3": "F4",
    "MS1_4": "F4",
    "MS1_5": "F5",
    "MS1_6": "F4",
    "MS1_7": "F4",
    "MS1_8": "F1",
    "MS1_9": "F1",
    "MS1_10": "F1",
    "MS2_1": "F1",
    "MS2_2": "F1",
    "MS2_3": "F1",
    "MS2_4": "F1",
    "MS2_5": "F9",
    "MS2_6": "F3",
    "MS2_7": "F3",
    "MS2_8": "F7",
    "MS2_9": "F7",
    "MS2_10": "F6",
    "MS3_1": "F7",
    "MS3_2": "F3",
    "MS3_3": "F3",
    "MS3_4": "F1",
    "MS3_5": "F6",
    "MS3_6": "F1",
    "MS3_7": "F1",
    "MS3_8": "F2",
    "MS3_9": "F2",
    "MS3_10": "F2",
    "MS4_1": "F8",
    "MS4_2": "F5",
    "MS4_3": "F5",
    "MS4_4": "F7",
    "MS4_5": "F3",
    "MS4_6": "F3",
    "MS4_7": "F4",
    "MS4_8": "F8",
    "MS4_9": "F1",
    "MS4_10": "F1"
  },
  "sensor": {
    "S1": "F10",
    "S2": "F1",
    "S3": "F7",
    "S4": "F8"
  },
  "fog": {
    "F1": {
      "rho": 0.5526545704787876,
      "capacity": 1.0,
      "tserv": 0.30703031693265986,
      "stddev": 0.3921374311336574,
      "mu": 3.257007353509417,
      "cv": 1.2771944967886146,
      "lambda": 1.7999999999999996,
      "twait": 0.4990225173633983
    },
    "F2": {
      "rho": 0.6197058518983983,
      "capacity": 1.0,
      "tserv": 1.3771241153297742,
      "stddev": 1.4385906977978786,
      "mu": 0.7261509611721048,
      "cv": 1.0446340179391784,
      "lambda": 0.44999999999999996,
      "twait": 2.3464814276989836
    },
    "F3": {
      "rho": 0.5569481882921534,
      "capacity": 1.0,
      "tserv": 0.6188313203246149,
      "stddev": 0.9005772021617829,
      "mu": 1.6159492371450088,
      "cv": 1.4552870428235196,
      "lambda": 0.9,
      "twait": 1.2127163479133052
    },
    "F4": {
      "rho": 0.5504726255354826,
      "capacity": 1.0,
      "tserv": 0.6116362505949806,
      "stddev": 0.7642197918147747,
      "mu": 1.6349586850472504,
      "cv": 1.2494677859125676,
      "lambda": 0.9,
      "twait": 0.9591381558755759
    },
    "F5": {
      "rho": 0.5944307778333551,
      "capacity": 1.0,
      "tserv": 1.3209572840741226,
      "stddev": 1.4066280479268,
      "mu": 0.7570267502638542,
      "cv": 1.0648550599520146,
      "lambda": 0.44999999999999996,
      "twait": 2.06572476857575
    },
    "F6": {
      "rho": 0.5525602037320224,
      "capacity": 1.0,
      "tserv": 1.841867345773408,
      "stddev": 1.8422684358744088,
      "mu": 0.5429272647103126,
      "cv": 1.0002177627514388,
      "lambda": 0.3,
      "twait": 2.2750865141578864
    },
    "F7": {
      "rho": 0.5556685557467401,
      "capacity": 1.0,
      "tserv": 0.9261142595779004,
      "stddev": 1.230774151633285,
      "mu": 1.0797803723006867,
      "cv": 1.3289657716686503,
      "lambda": 0.6,
      "twait": 1.6018397964897677
    },
    "F8": {
      "rho": 0.5947238160497366,
      "capacity": 1.0,
      "tserv": 1.9824127201657886,
      "stddev": 2.0045083904205163,
      "mu": 0.5044358270241377,
      "cv": 1.0111458476985962,
      "lambda": 0.3,
      "twait": 2.941702866501318
    },
    "F9": {
      "rho": 0.815864811059971,
      "capacity": 1.0,
      "tserv": 5.439098740399807,
      "stddev": 5.439098740399806,
      "mu": 0.18385398900232025,
      "cv": 0.9999999999999999,
      "lambda": 0.15,
      "twait": 24.099517814696927
    },
    "F10": {
      "rho": 0.6069705993733526,
      "capacity": 1.0,
      "tserv": 4.046470662489018,
      "stddev": 4.046470662489018,
      "mu": 0.2471289386254667,
      "cv": 1.0,
      "lambda": 0.15,
      "twait": 6.2491221253210325
    }
  },
  "extra": {
    "deltatime": 3.3435078,
    "conv": 42,
    "obj_func": 34.31831397585626
  },
  "network": [
    [
      0.0,
      1.0197135339171763,
      0.827892291248196,
      0.953045455529181,
      1.4062188335512413,
      1.121915094938428,
      1.124604790283343,
      0.8843158719434316,
      0.9740549919932006,
      0.9740549919932006
    ],
    [
      1.0197135339171763,
      0.0,
      0.7107025994006018,
      1.0193222533782427,
      1.2544648869717092,
      1.141217932866925,
      1.4852527037553,
      0.9740549919932006,
      0.8592260565355996,
      0.8592260565355996
    ],
    [
      0.827892291248196,
      0.7107025994006018,
      0.0,
      0.9532479692211854,
      1.0771190813962472,
      1.2320639744761617,
      0.8843158719434316,
      0.8592260565355996,
      0.9217662458429072,
      0.9217662458429072
    ],
    [
      0.953045455529181,
      1.0193222533782427,
      0.9532479692211854,
      0.0,
      0.7679048200374268,
      1.124604790283343,
      0.9740549919932006,
      0.9217662458429072,
      1.0791399212563315,
      1.0791399212563315
    ],
    [
      1.4062188335512413,
      1.2544648869717092,
      1.0771190813962472,
      0.7679048200374268,
      0.0,
      1.4852527037553,
      0.8592260565355996,
      1.0791399212563315,
      0.8834957464891809,
      0.8834957464891809
    ],
    [
      1.121915094938428,
      1.141217932866925,
      1.2320639744761617,
      1.124604790283343,
      1.4852527037553,
      0.0,
      0.9217662458429072,
      0.8834957464891809,
      1.084648780664025,
      1.084648780664025
    ],
    [
      1.124604790283343,
      1.4852527037553,
      0.8843158719434316,
      0.9740549919932006,
      0.8592260565355996,
      0.9217662458429072,
      0.0,
      1.084648780664025,
      0.8238832322495135,
      0.8238832322495135
    ],
    [
      0.8843158719434316,
      0.9740549919932006,
      0.8592260565355996,
      0.9217662458429072,
      1.0791399212563315,
      0.8834957464891809,
      1.084648780664025,
      0.0,
      0.9948716028049199,
      0.9948716028049199
    ],
    [
      0.9740549919932006,
      0.8592260565355996,
      0.9217662458429072,
      1.0791399212563315,
      0.8834957464891809,
      1.084648780664025,
      0.8238832322495135,
      0.9948716028049199,
      0.0,
      0.9599694952834986
    ],
    [
      0.9740549919932006,
      0.8592260565355996,
      0.9217662458429072,
      1.0791399212563315,
      0.8834957464891809,
      1.084648780664025,
      0.8238832322495135,
      0.9948716028049199,
      0.9599694952834986,
      0.0
    ]
  ]
}