{
  "servicechain": {
    "SC1": {
      "resptime": 35.31806068068167,
      "resptime_old": 25.31806068068167,
      "waittime": 21.222810893308434,
      "servicetime": 10.0,
      "networktime": 4.095249787373233,
      "services": {
        "MS1_1": {
          "meanserv": 3.008633558434619,
          "stddevserv": 3.008633558434619,
          "rate": 0.33237680181972584,
          "cv": 1.0,
          "lambda": 0.15
        },
        "MS1_2": {
          "meanserv": 0.09640552750147746,
          "stddevserv": 0.09640552750147746,
          "rate": 10.372849212247447,
          "cv": 1.0,
          "lambda": 0.15
        },
        "MS1_3": {
          "meanserv": 0.9966078881292604,
          "stddevserv": 0.9966078881292604,
          "rate": 1.0034036574576055,
          "cv": 1.0,
          "lambda": 0.15
        },
        "MS1_4": {
          "meanserv": 1.855611951391186,
          "stddevserv": 1.855611951391186,
          "rate": 0.5389057767440449,
          "cv": 1.0,
          "lambda": 0.15
        },
        "MS1_5": {
          "meanserv": 1.2034075050911532,
          "stddevserv": 1.2034075050911532,
          "rate": 0.8309737107084554,
          "cv": 1.0,
          "lambda": 0.15
        },
        "MS1_6": {
          "meanserv": 0.7933561718251045,
          "stddevserv": 0.7933561718251045,
          "rate": 1.2604679153116238,
          "cv": 1.0,
          "lambda": 0.15
        },
        "MS1_7": {
          "meanserv": 0.8392158634195237,
          "stddevserv": 0.8392158634195237,
          "rate": 1.191588533521441,
          "cv": 1.0,
          "lambda": 0.15
        },
        "MS1_8": {
          "meanserv": 1.040779169914254,
          "stddevserv": 1.040779169914254,
          "rate": 0.9608186144639947,
          "cv": 1.0,
          "lambda": 0.15
        },
        "MS1_9": {
          "meanserv": 0.16598236429342172,
          "stddevserv": 0.16598236429342172,
          "rate": 6.024736448700125,
          "cv": 1.0,
          "lambda": 0.15
        }
      },
      "sensors": [
        "S1"
      ],
      "sources": [
        {
          "startTime": 0,
          "stopTime": -1,
          "lambda": 0.15
        }
      ]
    },
    "SC2": {
      "resptime": 41.1703280514388,
      "resptime_old": 31.17032805143881,
      "waittime": 26.724084336987517,
      "servicetime": 10.0,
      "networktime": 4.4462437144512865,
      "services": {
        "MS2_1": {
          "meanserv": 0.544313884833385,
          "stddevserv": 0.544313884833385,
          "rate": 1.8371752546898577,
          "cv": 1.0,
          "lambda": 0.15
        },
        "MS2_2": {
          "meanserv": 1.2872070254168955,
          "stddevserv": 1.2872070254168955,
          "rate": 0.7768758096050042,
          "cv": 1.0,
          "lambda": 0.15
        },
        "MS2_3": {
          "meanserv": 2.032307065145976,
          "stddevserv": 2.032307065145976,
          "rate": 0.492051627999518,
          "cv": 1.0,
          "lambda": 0.15
        },
        "MS2_4": {
          "meanserv": 0.16425136959156283,
          "stddevserv": 0.16425136959156283,
          "rate": 6.088229294444601,
          "cv": 1.0,
          "lambda": 0.15
        },
        "MS2_5": {
          "meanserv": 0.591594593457538,
          "stddevserv": 0.591594593457538,
          "rate": 1.690346752757766,
          "cv": 1.0,
          "lambda": 0.15
        },
        "MS2_6": {
          "meanserv": 0.006623264796828288,
          "stddevserv": 0.006623264796828288,
          "rate": 150.98294129488443,
          "cv": 1.0,
          "lambda": 0.15
        },
        "MS2_7": {
          "meanserv": 4.431038601588754,
          "stddevserv": 4.431038601588754,
          "rate": 0.2256807240725569,
          "cv": 1.0,
          "lambda": 0.15
        },
        "MS2_8": {
          "meanserv": 0.4332625135205106,
          "stddevserv": 0.4332625135205106,
          "rate": 2.308069516271825,
          "cv": 1.0,
          "lambda": 0.15
        },
        "MS2_9": {
          "meanserv": 0.5094016816485496,
          "stddevserv": 0.5094016816485496,
          "rate": 1.9630873552748258,
          "cv": 1.0,
          "lambda": 0.15
        }
      },
      "sensors": [
        "S2"
      ],
      "sources": [
        {
          "startTime": 0,
          "stopTime": -1,
          "lambda": 0.15
        }
      ]
    },
    "SC3": {
      "resptime": 36.47948348806086,
      "resptime_old": 26.479483488060854,
      "waittime": 22.267750674228665,
      "servicetime": 10.0,
      "networktime": 4.211732813832193,
      "services": {
        "MS3_1": {
          "meanserv": 0.6092608839107649,
          "stddevserv": 0.6092608839107649,
          "rate": 1.641333009237574,
          "cv": 1.0,
          "lambda": 0.15
        },
        "MS3_2": {
          "meanserv": 1.2931258948547042,
          "stddevserv": 1.2931258948547042,
          "rate": 0.7733199095145799,
          "cv": 1.0,
          "lambda": 0.15
        },
        "MS3_3": {
          "meanserv": 0.7186426507952748,
          "stddevserv": 0.7186426507952748,
          "rate": 1.3915121777052413,
          "cv": 1.0,
          "lambda": 0.15
        },
        "MS3_4": {
          "meanserv": 0.9496793198775575,
          "stddevserv": 0.9496793198775575,
          "rate": 1.0529870231658096,
          "cv": 1.0,
          "lambda": 0.15
        },
        "MS3_5": {
          "meanserv": 0.8309271121999959,
          "stddevserv": 0.8309271121999959,
          "rate": 1.2034749923520487,
          "cv": 1.0,
          "lambda": 0.15
        },
        "MS3_6": {
          "meanserv": 1.093960272824333,
          "stddevserv": 1.093960272824333,
          "rate": 0.9141099771550653,
          "cv": 1.0,
          "lambda": 0.15
        },
        "MS3_7": {
          "meanserv": 0.14821766766281907,
          "stddevserv": 0.14821766766281907,
          "rate": 6.74683400277829,
          "cv": 1.0,
          "lambda": 0.15
        },
        "MS3_8": {
          "meanserv": 0.47734743260005796,
          "stddevserv": 0.47734743260005796,
          "rate": 2.0949101884828667,
          "cv": 1.0,
          "lambda": 0.15
        },
        "MS3_9": {
          "meanserv": 3.8788387652744927,
          "stddevserv": 3.8788387652744927,
          "rate": 0.25780911775775583,
          "cv": 1.0,
          "lambda": 0.15
        }
      },
      "sensors": [
        "S3"
      ],
      "sources": [
        {
          "startTime": 0,
          "stopTime": -1,
          "lambda": 0.15
        }
      ]
    },
    "SC4": {
      "resptime": 33.992310721313466,
      "resptime_old": 23.992310721313466,
      "waittime": 20.19126803618429,
      "servicetime": 10.0,
      "networktime": 3.801042685129178,
      "services": {
        "MS4_1": {
          "meanserv": 0.6393577208831436,
          "stddevserv": 0.6393577208831436,
          "rate": 1.5640696394792917,
          "cv": 1.0,
          "lambda": 0.15
        },
        "MS4_2": {
          "meanserv": 0.23600618249893124,
          "stddevserv": 0.23600618249893124,
          "rate": 4.237177134139393,
          "cv": 1.0,
          "lambda": 0.15
        },
        "MS4_3": {
          "meanserv": 0.019831445389809632,
          "stddevserv": 0.019831445389809632,
          "rate": 50.42496804160573,
          "cv": 1.0,
          "lambda": 0.15
        },
        "MS4_4": {
          "meanserv": 0.19746853394936092,
          "stddevserv": 0.19746853394936092,
          "rate": 5.064097960318281,
          "cv": 1.0,
          "lambda": 0.15
        },
        "MS4_5": {
          "meanserv": 1.8281615532815785,
          "stddevserv": 1.8281615532815785,
          "rate": 0.5469976098146164,
          "cv": 1.0,
          "lambda": 0.15
        },
        "MS4_6": {
          "meanserv": 1.8325476590573357,
          "stddevserv": 1.8325476590573357,
          "rate": 0.5456884000028687,
          "cv": 1.0,
          "lambda": 0.15
        },
        "MS4_7": {
          "meanserv": 2.1300090656962354,
          "stddevserv": 2.1300090656962354,
          "rate": 0.46948156986981193,
          "cv": 1.0,
          "lambda": 0.15
        },
        "MS4_8": {
          "meanserv": 0.08274428945255963,
          "stddevserv": 0.08274428945255963,
          "rate": 12.085426155883992,
          "cv": 1.0,
          "lambda": 0.15
        },
        "MS4_9": {
          "meanserv": 3.0338735497910454,
          "stddevserv": 3.0338735497910454,
          "rate": 0.3296116280353457,
          "cv": 1.0,
          "lambda": 0.15
        }
      },
      "sensors": [
        "S4"
      ],
      "sources": [
        {
          "startTime": 0,
          "stopTime": -1,
          "lambda": 0.15
        }
      ]
    }
  },
  "microservice": {
    "MS1_1": "F4",
    "MS1_2": "F5",
    "MS1_3": "F5",
    "MS1_4": "F7",
    "MS1_5": "F7",
    "MS1_6": "F8",
    "MS1_7": "F9",
    "MS1_8": "F9",
    "MS1_9": "F9",
    "MS2_1": "F8",
    "MS2_2": "F8",
    "MS2_3": "F6",
    "MS2_4": "F6",
    "MS2_5": "F5",
    "MS2_6": "F5",
    "MS2_7": "F1",
    "MS2_8": "F7",
    "MS2_9": "F4",
    "MS3_1": "F8",
    "MS3_2": "F8",
    "MS3_3": "F6",
    "MS3_4": "F6",
    "MS3_5": "F10",
    "MS3_6": "F10",
    "MS3_7": "F10",
    "MS3_8": "F9",
    "MS3_9": "F2",
    "MS4_1": "F7",
    "MS4_2": "F7",
    "MS4_3": "F10",
    "MS4_4": "F10",
    "MS4_5": "F10",
    "MS4_6": "F9",
    "MS4_7": "F5",
    "MS4_8": "F5",
    "MS4_9": "F3"
  },
  "sensor": {
    "S1": "F4",
    "S2": "F8",
    "S3": "F8",
    "S4": "F7"
  },
  "fog": {
    "F1": {
      "rho": 0.6646557902383131,
      "capacity": 1.0,
      "tserv": 4.431038601588754,
      "stddev": 4.431038601588754,
      "mu": 0.2256807240725569,
      "cv": 1.0,
      "lambda": 0.15,
      "twait": 8.782365633831567
    },
    "F2": {
      "rho": 0.5818258147911739,
      "capacity": 1.0,
      "tserv": 3.8788387652744927,
      "stddev": 3.8788387652744927,
      "mu": 0.25780911775775583,
      "cv": 1.0,
      "lambda": 0.15,
      "twait": 5.396814544930427
    },
    "F3": {
      "rho": 0.45508103246865683,
      "capacity": 1.0,
      "tserv": 3.0338735497910454,
      "stddev": 3.0338735497910454,
      "mu": 0.3296116280353457,
      "cv": 1.0,
      "lambda": 0.15,
      "twait": 2.533694713680239
    },
    "F4": {
      "rho": 0.5277052860124753,
      "capacity": 1.0,
      "tserv": 1.7590176200415846,
      "stddev": 2.4934359776398045,
      "mu": 0.5684991375904235,
      "cv": 1.4175162029251633,
      "lambda": 0.3,
      "twait": 2.9572740345505797
    },
    "F5": {
      "rho": 0.5855976943550848,
      "capacity": 1.0,
      "tserv": 0.6506641048389831,
      "stddev": 1.2418055731429236,
      "mu": 1.5368912970041055,
      "cv": 1.9085201779345546,
      "lambda": 0.9,
      "twait": 2.1342791157742336
    },
    "F6": {
      "rho": 0.5797320608115557,
      "capacity": 1.0,
      "tserv": 0.9662201013525928,
      "stddev": 1.3616949036191044,
      "mu": 1.0349608734077456,
      "cv": 1.4093009467645043,
      "lambda": 0.6,
      "twait": 1.9900121100244355
    },
    "F7": {
      "rho": 0.6551468810077387,
      "capacity": 1.0,
      "tserv": 0.873529174676985,
      "stddev": 1.2059926880339864,
      "mu": 1.1447814554903466,
      "cv": 1.3805980647182623,
      "lambda": 0.75,
      "twait": 2.4113217995714162
    },
    "F8": {
      "rho": 0.6790895791261281,
      "capacity": 1.0,
      "tserv": 0.9054527721681708,
      "stddev": 1.015156174175767,
      "mu": 1.104419833632437,
      "cv": 1.1211586129941418,
      "lambda": 0.75,
      "twait": 2.1622702087183083
    },
    "F9": {
      "rho": 0.6533808733926889,
      "capacity": 1.0,
      "tserv": 0.8711744978569186,
      "stddev": 1.1838553409998311,
      "mu": 1.1478756580455363,
      "cv": 1.358918728580904,
      "lambda": 0.75,
      "twait": 2.3373549397827484
    },
    "F10": {
      "rho": 0.6177849877961845,
      "capacity": 1.0,
      "tserv": 0.6864277642179828,
      "stddev": 1.136833316405663,
      "mu": 1.4568175300124353,
      "cv": 1.6561587040419432,
      "lambda": 0.9,
      "twait": 2.0763388506766667
    }
  },
  "extra": {
    "deltatime": 0.0415804,
    "obj_func": 36.7400457353737
  },
  "network": [
    [
      0.0,
      1.0814661172963966,
      1.2491333482516602,
      1.086068020585833,
      0.7536038889331782,
      1.54392061419048,
      0.599248101540765,
      1.126268108649887,
      0.9935596426550495,
      0.9935596426550495
    ],
    [
      1.0814661172963966,
      0.0,
      1.2898769489510524,
      1.1469282547002397,
      1.0706936851312792,
      1.2252545847867846,
      1.0750981407769717,
      0.9935596426550495,
      1.0657122586553502,
      1.0657122586553502
    ],
    [
      1.2491333482516602,
      1.2898769489510524,
      0.0,
      0.9871655565843462,
      0.8113271616045443,
      1.4498807571296186,
      1.126268108649887,
      1.0657122586553502,
      1.4390339096382365,
      1.4390339096382365
    ],
    [
      1.086068020585833,
      1.1469282547002397,
      0.9871655565843462,
      0.0,
      0.8897979749875415,
      0.599248101540765,
      0.9935596426550495,
      1.4390339096382365,
      1.5931443781978478,
      1.5931443781978478
    ],
    [
      0.7536038889331782,
      1.0706936851312792,
      0.8113271616045443,
      0.8897979749875415,
      0.0,
      1.0750981407769717,
      1.0657122586553502,
      1.5931443781978478,
      1.0247339405453222,
      1.0247339405453222
    ],
    [
      1.54392061419048,
      1.2252545847867846,
      1.4498807571296186,
      0.599248101540765,
      1.0750981407769717,
      0.0,
      1.4390339096382365,
      1.0247339405453222,
      1.1058908938009646,
      1.1058908938009646
    ],
    [
      0.599248101540765,
      1.0750981407769717,
      1.126268108649887,
      0.9935596426550495,
      1.0657122586553502,
      1.4390339096382365,
      0.0,
      1.1058908938009646,
      0.9495858621487553,
      0.9495858621487553
    ],
    [
      1.126268108649887,
      0.9935596426550495,
      1.0657122586553502,
      1.4390339096382365,
      1.5931443781978478,
      1.0247339405453222,
      1.1058908938009646,
      0.0,
      1.0338486599293768,
      1.0338486599293768
    ],
    [
      0.9935596426550495,
      1.0657122586553502,
      1.4390339096382365,
      1.5931443781978478,
      1.0247339405453222,
      1.1058908938009646,
      0.9495858621487553,
      1.0338486599293768,
      0.0,
      1.0153957208305564
    ],
    [
      0.9935596426550495,
      1.0657122586553502,
      1.4390339096382365,
      1.5931443781978478,
      1.0247339405453222,
      1.1058908938009646,
      0.9495858621487553,
      1.0338486599293768,
      1.0153957208305564,
      0.0
    ]
  ]
}