{
  "servicechain": {
    "SC1": {
      "resptime": 17.90750693183334,
      "resptime_old": 7.907506931833337,
      "waittime": 5.498913540254467,
      "servicetime": 10.0,
      "networktime": 2.4085933915788704,
      "services": {
        "MS1_1": {
          "meanserv": 2.7087729231886613,
          "stddevserv": 2.7087729231886613,
          "rate": 0.36917084907318076,
          "cv": 1.0,
          "lambda": 0.075
        },
        "MS1_2": {
          "meanserv": 2.2807098553507865,
          "stddevserv": 2.2807098553507865,
          "rate": 0.438459981068567,
          "cv": 1.0,
          "lambda": 0.075
        },
        "MS1_3": {
          "meanserv": 1.9905035447912471,
          "stddevserv": 1.9905035447912471,
          "rate": 0.5023854404162211,
          "cv": 1.0,
          "lambda": 0.075
        },
        "MS1_4": {
          "meanserv": 0.7456620920938208,
          "stddevserv": 0.7456620920938208,
          "rate": 1.3410900334117801,
          "cv": 1.0,
          "lambda": 0.075
        },
        "MS1_5": {
          "meanserv": 2.2743515845754843,
          "stddevserv": 2.2743515845754843,
          "rate": 0.4396857578142007,
          "cv": 1.0,
          "lambda": 0.075
        }
      },
      "sensors": [
        "S1"
      ],
      "sources": [
        {
          "startTime": 0,
          "stopTime": -1,
          "lambda": 0.075
        }
      ]
    },
    "SC2": {
      "resptime": 17.60510103814206,
      "resptime_old": 7.605101038142059,
      "waittime": 4.209060306258204,
      "servicetime": 10.0,
      "networktime": 3.396040731883855,
      "services": {
        "MS2_1": {
          "meanserv": 2.1005028523323857,
          "stddevserv": 2.1005028523323857,
          "rate": 0.4760764780155409,
          "cv": 1.0,
          "lambda": 0.075
        },
        "MS2_2": {
          "meanserv": 0.7731080908345431,
          "stddevserv": 0.7731080908345431,
          "rate": 1.2934801897112924,
          "cv": 1.0,
          "lambda": 0.075
        },
        "MS2_3": {
          "meanserv": 3.3526966808502214,
          "stddevserv": 3.3526966808502214,
          "rate": 0.29826736361560946,
          "cv": 1.0,
          "lambda": 0.075
        },
        "MS2_4": {
          "meanserv": 2.4711091819333992,
          "stddevserv": 2.4711091819333992,
          "rate": 0.4046765749207401,
          "cv": 1.0,
          "lambda": 0.075
        },
        "MS2_5": {
          "meanserv": 1.3025831940494506,
          "stddevserv": 1.3025831940494506,
          "rate": 0.7677052832926666,
          "cv": 1.0,
          "lambda": 0.075
        }
      },
      "sensors": [
        "S2"
      ],
      "sources": [
        {
          "startTime": 0,
          "stopTime": -1,
          "lambda": 0.075
        }
      ]
    },
    "SC3": {
      "resptime": 19.490657902875697,
      "resptime_old": 9.490657902875697,
      "waittime": 4.570470548459998,
      "servicetime": 10.0,
      "networktime": 4.9201873544157,
      "services": {
        "MS3_1": {
          "meanserv": 0.28165847814826006,
          "stddevserv": 0.28165847814826006,
          "rate": 3.5503990739934967,
          "cv": 1.0,
          "lambda": 0.075
        },
        "MS3_2": {
          "meanserv": 2.5837073635704666,
          "stddevserv": 2.5837073635704666,
          "rate": 0.387040736152907,
          "cv": 1.0,
          "lambda": 0.075
        },
        "MS3_3": {
          "meanserv": 2.3390402306773375,
          "stddevserv": 2.3390402306773375,
          "rate": 0.4275257803968685,
          "cv": 1.0,
          "lambda": 0.075
        },
        "MS3_4": {
          "meanserv": 3.7944452170794483,
          "stddevserv": 3.7944452170794483,
          "rate": 0.26354313813751445,
          "cv": 1.0,
          "lambda": 0.075
        },
        "MS3_5": {
          "meanserv": 1.0011487105244878,
          "stddevserv": 1.0011487105244878,
          "rate": 0.9988526074973557,
          "cv": 1.0,
          "lambda": 0.075
        }
      },
      "sensors": [
        "S3"
      ],
      "sources": [
        {
          "startTime": 0,
          "stopTime": -1,
          "lambda": 0.075
        }
      ]
    },
    "SC4": {
      "resptime": 19.184740653828623,
      "resptime_old": 9.184740653828623,
      "waittime": 6.393891385307057,
      "servicetime": 10.0,
      "networktime": 2.7908492685215665,
      "services": {
        "MS4_1": {
          "meanserv": 1.1652100213457905,
          "stddevserv": 1.1652100213457905,
          "rate": 0.8582143833993319,
          "cv": 1.0,
          "lambda": 0.075
        },
        "MS4_2": {
          "meanserv": 0.3472900773546217,
          "stddevserv": 0.3472900773546217,
          "rate": 2.8794372923557185,
          "cv": 1.0,
          "lambda": 0.075
        },
        "MS4_3": {
          "meanserv": 0.7331290530722898,
          "stddevserv": 0.7331290530722898,
          "rate": 1.364016329470707,
          "cv": 1.0,
          "lambda": 0.075
        },
        "MS4_4": {
          "meanserv": 3.6733216861059983,
          "stddevserv": 3.6733216861059983,
          "rate": 0.2722331680839193,
          "cv": 1.0,
          "lambda": 0.075
        },
        "MS4_5": {
          "meanserv": 4.0810491621213,
          "stddevserv": 4.0810491621213,
          "rate": 0.24503502905125682,
          "cv": 1.0,
          "lambda": 0.075
        }
      },
      "sensors": [
        "S4"
      ],
      "sources": [
        {
          "startTime": 0,
          "stopTime": -1,
          "lambda": 0.075
        }
      ]
    }
  },
  "microservice": {
    "MS1_1": "F4",
    "MS1_2": "F4",
    "MS1_3": "F7",
    "MS1_4": "F8",
    "MS1_5": "F8",
    "MS2_1": "F10",
    "MS2_2": "F10",
    "MS2_3": "F3",
    "MS2_4": "F6",
    "MS2_5": "F6",
    "MS3_1": "F5",
    "MS3_2": "F5",
    "MS3_3": "F7",
    "MS3_4": "F2",
    "MS3_5": "F8",
    "MS4_1": "F10",
    "MS4_2": "F10",
    "MS4_3": "F9",
    "MS4_4": "F9",
    "MS4_5": "F1"
  },
  "sensor": {
    "S1": "F4",
    "S2": "F10",
    "S3": "F5",
    "S4": "F10"
  },
  "fog": {
    "F1": {
      "rho": 0.3060786871590975,
      "capacity": 1.0,
      "tserv": 4.0810491621213,
      "stddev": 4.0810491621213,
      "mu": 0.24503502905125682,
      "cv": 1.0,
      "lambda": 0.075,
      "twait": 1.8000919508581403
    },
    "F2": {
      "rho": 0.2845833912809586,
      "capacity": 1.0,
      "tserv": 3.7944452170794483,
      "stddev": 3.7944452170794483,
      "mu": 0.26354313813751445,
      "cv": 1.0,
      "lambda": 0.075,
      "twait": 1.509380792598227
    },
    "F3": {
      "rho": 0.2514522510637666,
      "capacity": 1.0,
      "tserv": 3.352696680850222,
      "stddev": 3.352696680850221,
      "mu": 0.29826736361560946,
      "cv": 0.9999999999999998,
      "lambda": 0.075,
      "twait": 1.1262382776941904
    },
    "F4": {
      "rho": 0.37421120839045857,
      "capacity": 1.0,
      "tserv": 2.494741389269724,
      "stddev": 2.5130367276183647,
      "mu": 0.40084315123850417,
      "cv": 1.0073335610766438,
      "lambda": 0.15,
      "twait": 1.5027939572203897
    },
    "F5": {
      "rho": 0.2149024381289045,
      "capacity": 1.0,
      "tserv": 1.4326829208593634,
      "stddev": 2.1684775505314615,
      "mu": 0.6979911503378374,
      "cv": 1.5135781399772308,
      "lambda": 0.15,
      "twait": 0.6452900474033813
    },
    "F6": {
      "rho": 0.2830269281987137,
      "capacity": 1.0,
      "tserv": 1.886846187991425,
      "stddev": 2.059833738270604,
      "mu": 0.529984906223074,
      "cv": 1.0916807906124701,
      "lambda": 0.15,
      "twait": 0.8162548783232025
    },
    "F7": {
      "rho": 0.3247157831601438,
      "capacity": 1.0,
      "tserv": 2.1647718877342923,
      "stddev": 2.178755662443341,
      "mu": 0.46194243636756877,
      "cv": 1.0064596989587131,
      "lambda": 0.15,
      "twait": 1.0476936962963292
    },
    "F8": {
      "rho": 0.30158717903953447,
      "capacity": 1.0,
      "tserv": 1.340387462397931,
      "stddev": 1.6403308614222207,
      "mu": 0.7460529347320337,
      "cv": 1.2237736530955727,
      "lambda": 0.22499999999999998,
      "twait": 0.7228159647586792
    },
    "F9": {
      "rho": 0.33048380543837164,
      "capacity": 1.0,
      "tserv": 2.2032253695891444,
      "stddev": 3.029285128355214,
      "mu": 0.4538800314315912,
      "cv": 1.3749320292731162,
      "lambda": 0.15,
      "twait": 1.5717435812656542
    },
    "F10": {
      "rho": 0.32895832814005055,
      "capacity": 1.0,
      "tserv": 1.0965277604668353,
      "stddev": 1.4288783862693022,
      "mu": 0.9119696154106125,
      "cv": 1.303093672394552,
      "lambda": 0.3,
      "twait": 0.7251561359588041
    }
  },
  "extra": {
    "deltatime": 0.0169422,
    "obj_func": 18.54700163166993
  },
  "network": [
    [
      0.0,
      2.65562074130954,
      2.6386722598232186,
      2.3848332291727514,
      2.3839705193725047,
      2.4055864946671295,
      2.188349127501174,
      1.8719641453374947,
      1.2804830935188363,
      1.2804830935188363
    ],
    [
      2.65562074130954,
      0.0,
      2.278068427462156,
      1.9234520666354586,
      2.0398547144850614,
      2.072250928215484,
      1.8211907006039918,
      1.2804830935188363,
      1.8185135602928717,
      1.8185135602928717
    ],
    [
      2.6386722598232186,
      2.278068427462156,
      0.0,
      2.2605313740182273,
      2.0015136615573894,
      1.4714465567164774,
      1.8719641453374947,
      1.8185135602928717,
      1.9245941751673774,
      1.9245941751673774
    ],
    [
      2.3848332291727514,
      1.9234520666354586,
      2.2605313740182273,
      0.0,
      2.162662063191835,
      2.188349127501174,
      1.2804830935188363,
      1.9245941751673774,
      2.491202440531489,
      2.491202440531489
    ],
    [
      2.3839705193725047,
      2.0398547144850614,
      2.0015136615573894,
      2.162662063191835,
      0.0,
      1.8211907006039918,
      1.8185135602928717,
      2.491202440531489,
      1.9411546880165307,
      1.9411546880165307
    ],
    [
      2.4055864946671295,
      2.072250928215484,
      1.4714465567164774,
      2.188349127501174,
      1.8211907006039918,
      0.0,
      1.9245941751673774,
      1.9411546880165307,
      1.1281102980600342,
      1.1281102980600342
    ],
    [
      2.188349127501174,
      1.8211907006039918,
      1.8719641453374947,
      1.2804830935188363,
      1.8185135602928717,
      1.9245941751673774,
      0.0,
      1.1281102980600342,
      2.378012416837708,
      2.378012416837708
    ],
    [
      1.8719641453374947,
      1.2804830935188363,
      1.8185135602928717,
      1.9245941751673774,
      2.491202440531489,
      1.9411546880165307,
      1.1281102980600342,
      0.0,
      2.0475792226646647,
      2.0475792226646647
    ],
    [
      1.2804830935188363,
      1.8185135602928717,
      1.9245941751673774,
      2.491202440531489,
      1.9411546880165307,
      1.1281102980600342,
      2.378012416837708,
      2.0475792226646647,
      0.0,
      1.51036617500273
    ],
    [
      1.2804830935188363,
      1.8185135602928717,
      1.9245941751673774,
      2.491202440531489,
      1.9411546880165307,
      1.1281102980600342,
      2.378012416837708,
      2.0475792226646647,
      1.51036617500273,
      0.0
    ]
  ]
}