{
  "servicechain": {
    "SC1": {
      "resptime": 27.440163396724827,
      "resptime_old": 17.440163396724827,
      "waittime": 11.890282264293907,
      "servicetime": 10.0,
      "networktime": 5.5498811324309205,
      "services": {
        "MS1_1": {
          "meanserv": 2.4351978051261636,
          "stddevserv": 2.4351978051261636,
          "rate": 0.41064425973732827,
          "cv": 1.0,
          "lambda": 0.125
        },
        "MS1_2": {
          "meanserv": 1.7928955552144927,
          "stddevserv": 1.7928955552144927,
          "rate": 0.5577569742373337,
          "cv": 1.0,
          "lambda": 0.125
        },
        "MS1_3": {
          "meanserv": 0.9780810767548331,
          "stddevserv": 0.9780810767548331,
          "rate": 1.0224101291458285,
          "cv": 1.0,
          "lambda": 0.125
        },
        "MS1_4": {
          "meanserv": 4.049989526712432,
          "stddevserv": 4.049989526712432,
          "rate": 0.24691421876632538,
          "cv": 1.0,
          "lambda": 0.125
        },
        "MS1_5": {
          "meanserv": 0.7438360361920786,
          "stddevserv": 0.7438360361920786,
          "rate": 1.3443822984421434,
          "cv": 1.0,
          "lambda": 0.125
        }
      },
      "sensors": [
        "S1"
      ],
      "sources": [
        {
          "startTime": 0,
          "stopTime": -1,
          "lambda": 0.125
        }
      ]
    },
    "SC2": {
      "resptime": 25.7245058377148,
      "resptime_old": 15.724505837714803,
      "waittime": 11.987324510366742,
      "servicetime": 10.0,
      "networktime": 3.73718132734806,
      "services": {
        "MS2_1": {
          "meanserv": 2.8965235400827005,
          "stddevserv": 2.8965235400827005,
          "rate": 0.3452414545097908,
          "cv": 1.0,
          "lambda": 0.125
        },
        "MS2_2": {
          "meanserv": 0.36179553474717707,
          "stddevserv": 0.36179553474717707,
          "rate": 2.763992100396708,
          "cv": 1.0,
          "lambda": 0.125
        },
        "MS2_3": {
          "meanserv": 3.0388616923026692,
          "stddevserv": 3.0388616923026692,
          "rate": 0.3290705867045431,
          "cv": 1.0,
          "lambda": 0.125
        },
        "MS2_4": {
          "meanserv": 1.582480921288962,
          "stddevserv": 1.582480921288962,
          "rate": 0.6319191508391017,
          "cv": 1.0,
          "lambda": 0.125
        },
        "MS2_5": {
          "meanserv": 2.1203383115784913,
          "stddevserv": 2.1203383115784913,
          "rate": 0.4716228511928115,
          "cv": 1.0,
          "lambda": 0.125
        }
      },
      "sensors": [
        "S2"
      ],
      "sources": [
        {
          "startTime": 0,
          "stopTime": -1,
          "lambda": 0.125
        }
      ]
    },
    "SC3": {
      "resptime": 24.71989332292075,
      "resptime_old": 14.719893322920749,
      "waittime": 11.250997939069434,
      "servicetime": 10.0,
      "networktime": 3.468895383851316,
      "services": {
        "MS3_1": {
          "meanserv": 1.7566410403411392,
          "stddevserv": 1.7566410403411392,
          "rate": 0.5692682665582037,
          "cv": 1.0,
          "lambda": 0.125
        },
        "MS3_2": {
          "meanserv": 1.8973341283993064,
          "stddevserv": 1.8973341283993064,
          "rate": 0.5270552956550958,
          "cv": 1.0,
          "lambda": 0.125
        },
        "MS3_3": {
          "meanserv": 4.59610070339911,
          "stddevserv": 4.59610070339911,
          "rate": 0.2175757374638106,
          "cv": 1.0,
          "lambda": 0.125
        },
        "MS3_4": {
          "meanserv": 0.6942412491124728,
          "stddevserv": 0.6942412491124728,
          "rate": 1.4404214691627921,
          "cv": 1.0,
          "lambda": 0.125
        },
        "MS3_5": {
          "meanserv": 1.0556828787479713,
          "stddevserv": 1.0556828787479713,
          "rate": 0.947254161387925,
          "cv": 1.0,
          "lambda": 0.125
        }
      },
      "sensors": [
        "S3"
      ],
      "sources": [
        {
          "startTime": 0,
          "stopTime": -1,
          "lambda": 0.125
        }
      ]
    },
    "SC4": {
      "resptime": 24.552388980644533,
      "resptime_old": 14.552388980644531,
      "waittime": 10.54734779903361,
      "servicetime": 10.0,
      "networktime": 4.005041181610923,
      "services": {
        "MS4_1": {
          "meanserv": 4.032071853914012,
          "stddevserv": 4.032071853914012,
          "rate": 0.24801145322578522,
          "cv": 1.0,
          "lambda": 0.125
        },
        "MS4_2": {
          "meanserv": 0.36179894492879505,
          "stddevserv": 0.36179894492879505,
          "rate": 2.7639660480403228,
          "cv": 1.0,
          "lambda": 0.125
        },
        "MS4_3": {
          "meanserv": 1.583997469020476,
          "stddevserv": 1.583997469020476,
          "rate": 0.6313141400525011,
          "cv": 1.0,
          "lambda": 0.125
        },
        "MS4_4": {
          "meanserv": 2.6532969688758765,
          "stddevserv": 2.6532969688758765,
          "rate": 0.37688958745679735,
          "cv": 1.0,
          "lambda": 0.125
        },
        "MS4_5": {
          "meanserv": 1.3688347632608409,
          "stddevserv": 1.3688347632608409,
          "rate": 0.7305483662745371,
          "cv": 1.0,
          "lambda": 0.125
        }
      },
      "sensors": [
        "S4"
      ],
      "sources": [
        {
          "startTime": 0,
          "stopTime": -1,
          "lambda": 0.125
        }
      ]
    }
  },
  "microservice": {
    "MS1_1": "F8",
    "MS1_2": "F8",
    "MS1_3": "F10",
    "MS1_4": "F4",
    "MS1_5": "F10",
    "MS2_1": "F9",
    "MS2_2": "F9",
    "MS2_3": "F2",
    "MS2_4": "F2",
    "MS2_5": "F10",
    "MS3_1": "F6",
    "MS3_2": "F6",
    "MS3_3": "F3",
    "MS3_4": "F5",
    "MS3_5": "F5",
    "MS4_1": "F1",
    "MS4_2": "F5",
    "MS4_3": "F5",
    "MS4_4": "F7",
    "MS4_5": "F7"
  },
  "sensor": {
    "S1": "F8",
    "S2": "F9",
    "S3": "F6",
    "S4": "F1"
  },
  "fog": {
    "F1": {
      "rho": 0.5040089817392515,
      "capacity": 1.0,
      "tserv": 4.032071853914012,
      "stddev": 4.032071853914012,
      "mu": 0.24801145322578522,
      "cv": 1.0,
      "lambda": 0.125,
      "twait": 4.0972524795244265
    },
    "F2": {
      "rho": 0.5776678266989539,
      "capacity": 1.0,
      "tserv": 2.3106713067958156,
      "stddev": 2.529767650030082,
      "mu": 0.4327746646868134,
      "cv": 1.0948193464773166,
      "lambda": 0.25,
      "twait": 3.4744352293344236
    },
    "F3": {
      "rho": 0.5745125879248888,
      "capacity": 1.0,
      "tserv": 4.59610070339911,
      "stddev": 4.59610070339911,
      "mu": 0.2175757374638106,
      "cv": 1.0,
      "lambda": 0.125,
      "twait": 6.205865636765524
    },
    "F4": {
      "rho": 0.506248690839054,
      "capacity": 1.0,
      "tserv": 4.049989526712432,
      "stddev": 4.049989526712432,
      "mu": 0.24691421876632538,
      "cv": 1.0,
      "lambda": 0.125,
      "twait": 4.15249915852217
    },
    "F5": {
      "rho": 0.46196506772621443,
      "capacity": 1.0,
      "tserv": 0.9239301354524287,
      "stddev": 1.124519879875724,
      "mu": 1.0823329185061394,
      "cv": 1.2171048835040659,
      "lambda": 0.5,
      "twait": 0.9842259899748428
    },
    "F6": {
      "rho": 0.45674689609255575,
      "capacity": 1.0,
      "tserv": 1.8269875843702228,
      "stddev": 1.8296942110518395,
      "mu": 0.5473490945176335,
      "cv": 1.0014814696633803,
      "lambda": 0.25,
      "twait": 1.538340161177113
    },
    "F7": {
      "rho": 0.5027664665170897,
      "capacity": 1.0,
      "tserv": 2.0110658660683587,
      "stddev": 2.2066507418465657,
      "mu": 0.4972487559320987,
      "cv": 1.0972543361598475,
      "lambda": 0.25,
      "twait": 2.240821669779748
    },
    "F8": {
      "rho": 0.528511670042582,
      "capacity": 1.0,
      "tserv": 2.114046680170328,
      "stddev": 2.1622833893964923,
      "mu": 0.4730264517713631,
      "cv": 1.0228172394103794,
      "lambda": 0.25,
      "twait": 2.4244138828486648
    },
    "F9": {
      "rho": 0.40728988435373475,
      "capacity": 1.0,
      "tserv": 1.6291595374149388,
      "stddev": 2.4221031829519895,
      "mu": 0.6138134277424697,
      "cv": 1.486719457073707,
      "lambda": 0.25,
      "twait": 1.7969881908303456
    },
    "F10": {
      "rho": 0.4802819280656754,
      "capacity": 1.0,
      "tserv": 1.2807518081751343,
      "stddev": 1.537374689912547,
      "mu": 0.7807914020631674,
      "cv": 1.2003689396332449,
      "lambda": 0.375,
      "twait": 1.4444776700372028
    }
  },
  "extra": {
    "deltatime": 0.4404123,
    "conv": 22,
    "obj_func": 25.60923788450123
  },
  "network": [
    [
      0.0,
      1.997221673549278,
      1.8566925170930186,
      2.1448247009839436,
      2.136450517936893,
      2.1033369139913787,
      1.8779812024429074,
      2.168713209757598,
      2.112926562569122,
      2.112926562569122
    ],
    [
      1.997221673549278,
      0.0,
      1.9894257089506653,
      1.9003319627784705,
      1.7812587756640221,
      1.1700525860700381,
      1.9001955891779592,
      2.112926562569122,
      1.86859066367403,
      1.86859066367403
    ],
    [
      1.8566925170930186,
      1.9894257089506653,
      0.0,
      2.128382923233641,
      1.7144699615530747,
      1.754425422298241,
      2.168713209757598,
      1.86859066367403,
      1.9354652452168946,
      1.9354652452168946
    ],
    [
      2.1448247009839436,
      1.9003319627784705,
      2.128382923233641,
      0.0,
      2.533853567734478,
      1.8779812024429074,
      2.112926562569122,
      1.9354652452168946,
      1.418946011985986,
      1.418946011985986
    ],
    [
      2.136450517936893,
      1.7812587756640221,
      1.7144699615530747,
      2.533853567734478,
      0.0,
      1.9001955891779592,
      1.86859066367403,
      1.418946011985986,
      1.966796221638489,
      1.966796221638489
    ],
    [
      2.1033369139913787,
      1.1700525860700381,
      1.754425422298241,
      1.8779812024429074,
      1.9001955891779592,
      0.0,
      1.9354652452168946,
      1.966796221638489,
      2.5490312479196526,
      2.5490312479196526
    ],
    [
      1.8779812024429074,
      1.9001955891779592,
      2.168713209757598,
      2.112926562569122,
      1.86859066367403,
      1.9354652452168946,
      0.0,
      2.5490312479196526,
      2.3394006788787434,
      2.3394006788787434
    ],
    [
      2.168713209757598,
      2.112926562569122,
      1.86859066367403,
      1.9354652452168946,
      1.418946011985986,
      1.966796221638489,
      2.5490312479196526,
      0.0,
      2.7119891084589494,
      2.7119891084589494
    ],
    [
      2.112926562569122,
      1.86859066367403,
      1.9354652452168946,
      1.418946011985986,
      1.966796221638489,
      2.5490312479196526,
      2.3394006788787434,
      2.7119891084589494,
      0.0,
      1.9427203473898615
    ],
    [
      2.112926562569122,
      1.86859066367403,
      1.9354652452168946,
      1.418946011985986,
      1.966796221638489,
      2.5490312479196526,
      2.3394006788787434,
      2.7119891084589494,
      1.9427203473898615,
      0.0
    ]
  ]
}