{
  "servicechain": {
    "SC1": {
      "resptime": 38.98133360236447,
      "resptime_old": 28.981333602364476,
      "waittime": 25.09237603691966,
      "servicetime": 10.0,
      "networktime": 3.8889575654448154,
      "services": {
        "MS1_1": {
          "meanserv": 3.1664112634773343,
          "stddevserv": 3.1664112634773343,
          "rate": 0.31581494530871707,
          "cv": 1.0,
          "lambda": 0.15
        },
        "MS1_2": {
          "meanserv": 0.26516101383235036,
          "stddevserv": 0.26516101383235036,
          "rate": 3.771293470133796,
          "cv": 1.0,
          "lambda": 0.15
        },
        "MS1_3": {
          "meanserv": 0.7255454147746994,
          "stddevserv": 0.7255454147746994,
          "rate": 1.3782734748734178,
          "cv": 1.0,
          "lambda": 0.15
        },
        "MS1_4": {
          "meanserv": 0.9656958829847335,
          "stddevserv": 0.9656958829847335,
          "rate": 1.0355226915840634,
          "cv": 1.0,
          "lambda": 0.15
        },
        "MS1_5": {
          "meanserv": 0.29124658539884063,
          "stddevserv": 0.29124658539884063,
          "rate": 3.4335166492358153,
          "cv": 1.0,
          "lambda": 0.15
        },
        "MS1_6": {
          "meanserv": 0.18911456877073363,
          "stddevserv": 0.18911456877073363,
          "rate": 5.287799911451109,
          "cv": 1.0,
          "lambda": 0.15
        },
        "MS1_7": {
          "meanserv": 0.04436727267010632,
          "stddevserv": 0.04436727267010632,
          "rate": 22.539136165423525,
          "cv": 1.0,
          "lambda": 0.15
        },
        "MS1_8": {
          "meanserv": 1.8325187556158564,
          "stddevserv": 1.8325187556158564,
          "rate": 0.5456970068848922,
          "cv": 1.0,
          "lambda": 0.15
        },
        "MS1_9": {
          "meanserv": 0.726276391715933,
          "stddevserv": 0.726276391715933,
          "rate": 1.3768862810442668,
          "cv": 1.0,
          "lambda": 0.15
        },
        "MS1_10": {
          "meanserv": 1.7936628507594126,
          "stddevserv": 1.7936628507594126,
          "rate": 0.5575183761968496,
          "cv": 1.0,
          "lambda": 0.15
        }
      },
      "sensors": [
        "S1"
      ],
      "sources": [
        {
          "startTime": 0,
          "stopTime": -1,
          "lambda": 0.15
        }
      ]
    },
    "SC2": {
      "resptime": 37.79325322894841,
      "resptime_old": 27.793253228948405,
      "waittime": 22.86957436580365,
      "servicetime": 10.0,
      "networktime": 4.9236788631447554,
      "services": {
        "MS2_1": {
          "meanserv": 0.1924457318191275,
          "stddevserv": 0.1924457318191275,
          "rate": 5.196270088961299,
          "cv": 1.0,
          "lambda": 0.15
        },
        "MS2_2": {
          "meanserv": 0.9377499141459456,
          "stddevserv": 0.9377499141459456,
          "rate": 1.06638239568462,
          "cv": 1.0,
          "lambda": 0.15
        },
        "MS2_3": {
          "meanserv": 0.3485978127746514,
          "stddevserv": 0.3485978127746514,
          "rate": 2.8686353251632215,
          "cv": 1.0,
          "lambda": 0.15
        },
        "MS2_4": {
          "meanserv": 0.5942376407550864,
          "stddevserv": 0.5942376407550864,
          "rate": 1.6828284366660433,
          "cv": 1.0,
          "lambda": 0.15
        },
        "MS2_5": {
          "meanserv": 0.32587396652601885,
          "stddevserv": 0.32587396652601885,
          "rate": 3.068671028436255,
          "cv": 1.0,
          "lambda": 0.15
        },
        "MS2_6": {
          "meanserv": 1.256355087088446,
          "stddevserv": 1.256355087088446,
          "rate": 0.7959533178772421,
          "cv": 1.0,
          "lambda": 0.15
        },
        "MS2_7": {
          "meanserv": 0.25807301646187053,
          "stddevserv": 0.25807301646187053,
          "rate": 3.874872366393822,
          "cv": 1.0,
          "lambda": 0.15
        },
        "MS2_8": {
          "meanserv": 2.2812337983020576,
          "stddevserv": 2.2812337983020576,
          "rate": 0.43835927766119753,
          "cv": 1.0,
          "lambda": 0.15
        },
        "MS2_9": {
          "meanserv": 1.3731309679029273,
          "stddevserv": 1.3731309679029273,
          "rate": 0.7282626518337284,
          "cv": 1.0,
          "lambda": 0.15
        },
        "MS2_10": {
          "meanserv": 2.432302064223869,
          "stddevserv": 2.432302064223869,
          "rate": 0.41113314612882723,
          "cv": 1.0,
          "lambda": 0.15
        }
      },
      "sensors": [
        "S2"
      ],
      "sources": [
        {
          "startTime": 0,
          "stopTime": -1,
          "lambda": 0.15
        }
      ]
    },
    "SC3": {
      "resptime": 38.52967342935469,
      "resptime_old": 28.529673429354684,
      "waittime": 24.51757178081635,
      "servicetime": 10.0,
      "networktime": 4.012101648538335,
      "services": {
        "MS3_1": {
          "meanserv": 0.3019330597449643,
          "stddevserv": 0.3019330597449643,
          "rate": 3.3119924027023613,
          "cv": 1.0,
          "lambda": 0.15
        },
        "MS3_2": {
          "meanserv": 0.3269268588544294,
          "stddevserv": 0.3269268588544294,
          "rate": 3.058788144553365,
          "cv": 1.0,
          "lambda": 0.15
        },
        "MS3_3": {
          "meanserv": 2.479415385547014,
          "stddevserv": 2.479415385547014,
          "rate": 0.4033208819422478,
          "cv": 1.0,
          "lambda": 0.15
        },
        "MS3_4": {
          "meanserv": 0.24540475466233502,
          "stddevserv": 0.24540475466233502,
          "rate": 4.074900673281377,
          "cv": 1.0,
          "lambda": 0.15
        },
        "MS3_5": {
          "meanserv": 0.5568760786722713,
          "stddevserv": 0.5568760786722713,
          "rate": 1.7957316507188537,
          "cv": 1.0,
          "lambda": 0.15
        },
        "MS3_6": {
          "meanserv": 1.1377677451463786,
          "stddevserv": 1.1377677451463786,
          "rate": 0.8789140000372798,
          "cv": 1.0,
          "lambda": 0.15
        },
        "MS3_7": {
          "meanserv": 1.3300015899412276,
          "stddevserv": 1.3300015899412276,
          "rate": 0.7518788004187196,
          "cv": 1.0,
          "lambda": 0.15
        },
        "MS3_8": {
          "meanserv": 1.291223308280287,
          "stddevserv": 1.291223308280287,
          "rate": 0.7744593778529663,
          "cv": 1.0,
          "lambda": 0.15
        },
        "MS3_9": {
          "meanserv": 1.7962652734914366,
          "stddevserv": 1.7962652734914366,
          "rate": 0.5567106455586485,
          "cv": 1.0,
          "lambda": 0.15
        },
        "MS3_10": {
          "meanserv": 0.5341859456596563,
          "stddevserv": 0.5341859456596563,
          "rate": 1.8720073190340465,
          "cv": 1.0,
          "lambda": 0.15
        }
      },
      "sensors": [
        "S3"
      ],
      "sources": [
        {
          "startTime": 0,
          "stopTime": -1,
          "lambda": 0.15
        }
      ]
    },
    "SC4": {
      "resptime": 36.834985085486096,
      "resptime_old": 26.834985085486096,
      "waittime": 23.481245599060774,
      "servicetime": 10.0,
      "networktime": 3.3537394864253227,
      "services": {
        "MS4_1": {
          "meanserv": 0.033747599898508174,
          "stddevserv": 0.033747599898508174,
          "rate": 29.631736864469744,
          "cv": 1.0,
          "lambda": 0.15
        },
        "MS4_2": {
          "meanserv": 0.6959819908130727,
          "stddevserv": 0.6959819908130727,
          "rate": 1.4368187872674147,
          "cv": 1.0,
          "lambda": 0.15
        },
        "MS4_3": {
          "meanserv": 1.2289272527357575,
          "stddevserv": 1.2289272527357575,
          "rate": 0.8137178159031507,
          "cv": 1.0,
          "lambda": 0.15
        },
        "MS4_4": {
          "meanserv": 1.5576421186137714,
          "stddevserv": 1.5576421186137714,
          "rate": 0.6419959938486725,
          "cv": 1.0,
          "lambda": 0.15
        },
        "MS4_5": {
          "meanserv": 0.618926571202306,
          "stddevserv": 0.618926571202306,
          "rate": 1.6157005475745427,
          "cv": 1.0,
          "lambda": 0.15
        },
        "MS4_6": {
          "meanserv": 0.8507750947039439,
          "stddevserv": 0.8507750947039439,
          "rate": 1.1753987701626174,
          "cv": 1.0,
          "lambda": 0.15
        },
        "MS4_7": {
          "meanserv": 0.3916221937323572,
          "stddevserv": 0.3916221937323572,
          "rate": 2.5534814318603734,
          "cv": 1.0,
          "lambda": 0.15
        },
        "MS4_8": {
          "meanserv": 0.024929774336131416,
          "stddevserv": 0.024929774336131416,
          "rate": 40.11267757649423,
          "cv": 1.0,
          "lambda": 0.15
        },
        "MS4_9": {
          "meanserv": 1.4109072392065363,
          "stddevserv": 1.4109072392065363,
          "rate": 0.7087638167923629,
          "cv": 1.0,
          "lambda": 0.15
        },
        "MS4_10": {
          "meanserv": 3.1865401647576155,
          "stddevserv": 3.1865401647576155,
          "rate": 0.31381998917188136,
          "cv": 1.0,
          "lambda": 0.15
        }
      },
      "sensors": [
        "S4"
      ],
      "sources": [
        {
          "startTime": 0,
          "stopTime": -1,
          "lambda": 0.15
        }
      ]
    }
  },
  "microservice": {
    "MS1_1": "F2",
    "MS1_2": "F2",
    "MS1_3": "F9",
    "MS1_4": "F4",
    "MS1_5": "F6",
    "MS1_6": "F6",
    "MS1_7": "F6",
    "MS1_8": "F6",
    "MS1_9": "F8",
    "MS1_10": "F8",
    "MS2_1": "F10",
    "MS2_2": "F10",
    "MS2_3": "F10",
    "MS2_4": "F7",
    "MS2_5": "F8",
    "MS2_6": "F8",
    "MS2_7": "F8",
    "MS2_8": "F5",
    "MS2_9": "F10",
    "MS2_10": "F4",
    "MS3_1": "F4",
    "MS3_2": "F4",
    "MS3_3": "F3",
    "MS3_4": "F3",
    "MS3_5": "F5",
    "MS3_6": "F5",
    "MS3_7": "F9",
    "MS3_8": "F7",
    "MS3_9": "F7",
    "MS3_10": "F7",
    "MS4_1": "F6",
    "MS4_2": "F6",
    "MS4_3": "F6",
    "MS4_4": "F9",
    "MS4_5": "F9",
    "MS4_6": "F3",
    "MS4_7": "F3",
    "MS4_8": "F10",
    "MS4_9": "F10",
    "MS4_10": "F1"
  },
  "sensor": {
    "S1": "F2",
    "S2": "F10",
    "S3": "F4",
    "S4": "F6"
  },
  "fog": {
    "F1": {
      "rho": 0.47798102471364234,
      "capacity": 1.0,
      "tserv": 3.1865401647576155,
      "stddev": 3.1865401647576155,
      "mu": 0.31381998917188136,
      "cv": 1.0,
      "lambda": 0.15,
      "twait": 2.9177210127400293
    },
    "F2": {
      "rho": 0.5147358415964527,
      "capacity": 1.0,
      "tserv": 1.7157861386548423,
      "stddev": 2.674424906242954,
      "mu": 0.5828232187398303,
      "cv": 1.5587169321344874,
      "lambda": 0.3,
      "twait": 3.120919960155949
    },
    "F3": {
      "rho": 0.5950826142968475,
      "capacity": 1.0,
      "tserv": 0.9918043571614126,
      "stddev": 1.599618483626901,
      "mu": 1.0082633664385623,
      "cv": 1.6128367173190072,
      "lambda": 0.6,
      "twait": 2.6245762477402126
    },
    "F4": {
      "rho": 0.6040286798711993,
      "capacity": 1.0,
      "tserv": 1.006714466451999,
      "stddev": 1.5842598555352703,
      "mu": 0.9933303169113453,
      "cv": 1.5736933443687722,
      "lambda": 0.6,
      "twait": 2.669400379056468
    },
    "F5": {
      "rho": 0.5963816433181062,
      "capacity": 1.0,
      "tserv": 1.3252925407069027,
      "stddev": 1.668143393862066,
      "mu": 0.7545503873934175,
      "cv": 1.258698244066392,
      "lambda": 0.44999999999999996,
      "twait": 2.530355943439408
    },
    "F6": {
      "rho": 0.6473856038854313,
      "capacity": 1.0,
      "tserv": 0.616557717986125,
      "stddev": 1.0883765622140011,
      "mu": 1.6219081698730822,
      "cv": 1.7652468381532673,
      "lambda": 1.05,
      "twait": 2.3296585830410406
    },
    "F7": {
      "rho": 0.6323868252279701,
      "capacity": 1.0,
      "tserv": 1.0539780420466167,
      "stddev": 1.2865768800571513,
      "mu": 0.9487863694562345,
      "cv": 1.220686607055754,
      "lambda": 0.6,
      "twait": 2.257386272782037
    },
    "F8": {
      "rho": 0.654036196882752,
      "capacity": 1.0,
      "tserv": 0.8720482625103361,
      "stddev": 1.1991258512313383,
      "mu": 1.1467255231050326,
      "cv": 1.375068219022024,
      "lambda": 0.75,
      "twait": 2.3828767916945326
    },
    "F9": {
      "rho": 0.6348173541798007,
      "capacity": 1.0,
      "tserv": 1.0580289236330012,
      "stddev": 1.1970357224992518,
      "mu": 0.9451537454819811,
      "cv": 1.1313827965958971,
      "lambda": 0.6,
      "twait": 2.096747821998065
    },
    "F10": {
      "rho": 0.6431642160277979,
      "capacity": 1.0,
      "tserv": 0.7146269066975532,
      "stddev": 1.0618576858862252,
      "mu": 1.3993315821555308,
      "cv": 1.485890995615182,
      "lambda": 0.9,
      "twait": 2.0659503488605346
    }
  },
  "extra": {
    "deltatime": 0.0423231,
    "obj_func": 38.03481133653842
  },
  "network": [
    [
      0.0,
      1.0692915563250676,
      1.3790268444672165,
      0.9267012177790389,
      1.0660478513571812,
      1.0365566813429878,
      1.007391035330474,
      1.4155156225469268,
      0.5764876039878092,
      0.5764876039878092
    ],
    [
      1.0692915563250676,
      0.0,
      0.9189448765285232,
      0.7172999672728237,
      0.9038312796484915,
      1.1016241601889607,
      0.8354487985690763,
      0.5764876039878092,
      1.1311583624662913,
      1.1311583624662913
    ],
    [
      1.3790268444672165,
      0.9189448765285232,
      0.0,
      0.7352468869588631,
      1.191602495636572,
      0.726969828296898,
      1.4155156225469268,
      1.1311583624662913,
      0.9777955258624976,
      0.9777955258624976
    ],
    [
      0.9267012177790389,
      0.7172999672728237,
      0.7352468869588631,
      0.0,
      0.5219369023563912,
      1.007391035330474,
      0.5764876039878092,
      0.9777955258624976,
      1.0083828832446684,
      1.0083828832446684
    ],
    [
      1.0660478513571812,
      0.9038312796484915,
      1.191602495636572,
      0.5219369023563912,
      0.0,
      0.8354487985690763,
      1.1311583624662913,
      1.0083828832446684,
      0.742025284403382,
      0.742025284403382
    ],
    [
      1.0365566813429878,
      1.1016241601889607,
      0.726969828296898,
      1.007391035330474,
      0.8354487985690763,
      0.0,
      0.9777955258624976,
      0.742025284403382,
      0.821660830712518,
      0.821660830712518
    ],
    [
      1.007391035330474,
      0.8354487985690763,
      1.4155156225469268,
      0.5764876039878092,
      1.1311583624662913,
      0.9777955258624976,
      0.0,
      0.821660830712518,
      1.3432269815395186,
      1.3432269815395186
    ],
    [
      1.4155156225469268,
      0.5764876039878092,
      1.1311583624662913,
      0.9777955258624976,
      1.0083828832446684,
      0.742025284403382,
      0.821660830712518,
      0.0,
      0.785476532489422,
      0.785476532489422
    ],
    [
      0.5764876039878092,
      1.1311583624662913,
      0.9777955258624976,
      1.0083828832446684,
      0.742025284403382,
      0.821660830712518,
      1.3432269815395186,
      0.785476532489422,
      0.0,
      1.0075077850321366
    ],
    [
      0.5764876039878092,
      1.1311583624662913,
      0.9777955258624976,
      1.0083828832446684,
      0.742025284403382,
      0.821660830712518,
      1.3432269815395186,
      0.785476532489422,
      1.0075077850321366,
      0.0
    ]
  ]
}