{
  "servicechain": {
    "SC1": {
      "resptime": 47.212296140489755,
      "resptime_old": 37.212296140489755,
      "waittime": 32.85724021561008,
      "servicetime": 10.0,
      "networktime": 4.355055924879682,
      "services": {
        "MS1_1": {
          "meanserv": 0.2611709919648919,
          "stddevserv": 0.2611709919648919,
          "rate": 3.828909146749443,
          "cv": 1.0,
          "lambda": 0.15
        },
        "MS1_2": {
          "meanserv": 0.13983855768232134,
          "stddevserv": 0.13983855768232134,
          "rate": 7.151103505170248,
          "cv": 1.0,
          "lambda": 0.15
        },
        "MS1_3": {
          "meanserv": 5.321179509533782,
          "stddevserv": 5.321179509533782,
          "rate": 0.18792825880208192,
          "cv": 1.0,
          "lambda": 0.15
        },
        "MS1_4": {
          "meanserv": 1.003490666253291,
          "stddevserv": 1.003490666253291,
          "rate": 0.9965214761126538,
          "cv": 1.0,
          "lambda": 0.15
        },
        "MS1_5": {
          "meanserv": 3.2352705912348902,
          "stddevserv": 3.2352705912348902,
          "rate": 0.30909315675456495,
          "cv": 1.0,
          "lambda": 0.15
        },
        "MS1_6": {
          "meanserv": 0.03904968333082337,
          "stddevserv": 0.03904968333082337,
          "rate": 25.608402289159223,
          "cv": 1.0,
          "lambda": 0.15
        }
      },
      "sensors": [
        "S1"
      ],
      "sources": [
        {
          "startTime": 0,
          "stopTime": -1,
          "lambda": 0.15
        }
      ]
    },
    "SC2": {
      "resptime": 28.311758889812044,
      "resptime_old": 18.311758889812044,
      "waittime": 12.357314896170601,
      "servicetime": 10.0,
      "networktime": 5.954443993641444,
      "services": {
        "MS2_1": {
          "meanserv": 2.368654308296767,
          "stddevserv": 2.368654308296767,
          "rate": 0.42218064345534323,
          "cv": 1.0,
          "lambda": 0.15
        },
        "MS2_2": {
          "meanserv": 2.834303246645283,
          "stddevserv": 2.834303246645283,
          "rate": 0.35282039816438576,
          "cv": 1.0,
          "lambda": 0.15
        },
        "MS2_3": {
          "meanserv": 1.4502540409574163,
          "stddevserv": 1.4502540409574163,
          "rate": 0.6895343655376602,
          "cv": 1.0,
          "lambda": 0.15
        },
        "MS2_4": {
          "meanserv": 0.41872560299324046,
          "stddevserv": 0.41872560299324046,
          "rate": 2.3881988415600732,
          "cv": 1.0,
          "lambda": 0.15
        },
        "MS2_5": {
          "meanserv": 0.7165021200245629,
          "stddevserv": 0.7165021200245629,
          "rate": 1.3956692828288049,
          "cv": 1.0,
          "lambda": 0.15
        },
        "MS2_6": {
          "meanserv": 2.21156068108273,
          "stddevserv": 2.21156068108273,
          "rate": 0.45216937005337904,
          "cv": 1.0,
          "lambda": 0.15
        }
      },
      "sensors": [
        "S2"
      ],
      "sources": [
        {
          "startTime": 0,
          "stopTime": -1,
          "lambda": 0.15
        }
      ]
    },
    "SC3": {
      "resptime": 156.90855142231914,
      "resptime_old": 146.90855142231914,
      "waittime": 143.86201185780143,
      "servicetime": 10.0,
      "networktime": 3.0465395645177056,
      "services": {
        "MS3_1": {
          "meanserv": 0.8023631227320371,
          "stddevserv": 0.8023631227320371,
          "rate": 1.2463184955397895,
          "cv": 1.0,
          "lambda": 0.15
        },
        "MS3_2": {
          "meanserv": 1.1985986443391785,
          "stddevserv": 1.1985986443391785,
          "rate": 0.834307634772379,
          "cv": 1.0,
          "lambda": 0.15
        },
        "MS3_3": {
          "meanserv": 0.48266396231631603,
          "stddevserv": 0.48266396231631603,
          "rate": 2.071834812777353,
          "cv": 1.0,
          "lambda": 0.15
        },
        "MS3_4": {
          "meanserv": 6.364871060773266,
          "stddevserv": 6.364871060773266,
          "rate": 0.1571123735974803,
          "cv": 1.0,
          "lambda": 0.15
        },
        "MS3_5": {
          "meanserv": 0.8141748645060201,
          "stddevserv": 0.8141748645060201,
          "rate": 1.2282373769997488,
          "cv": 1.0,
          "lambda": 0.15
        },
        "MS3_6": {
          "meanserv": 0.3373283453331819,
          "stddevserv": 0.3373283453331819,
          "rate": 2.964470711799484,
          "cv": 1.0,
          "lambda": 0.15
        }
      },
      "sensors": [
        "S3"
      ],
      "sources": [
        {
          "startTime": 0,
          "stopTime": -1,
          "lambda": 0.15
        }
      ]
    },
    "SC4": {
      "resptime": 27.621380504719784,
      "resptime_old": 17.621380504719784,
      "waittime": 13.348027012793658,
      "servicetime": 10.0,
      "networktime": 4.273353491926127,
      "services": {
        "MS4_1": {
          "meanserv": 3.419285931767365,
          "stddevserv": 3.419285931767365,
          "rate": 0.29245872382574295,
          "cv": 1.0,
          "lambda": 0.15
        },
        "MS4_2": {
          "meanserv": 0.984961166589633,
          "stddevserv": 0.984961166589633,
          "rate": 1.0152684531334755,
          "cv": 1.0,
          "lambda": 0.15
        },
        "MS4_3": {
          "meanserv": 2.079122573124896,
          "stddevserv": 2.079122573124896,
          "rate": 0.4809721239748805,
          "cv": 1.0,
          "lambda": 0.15
        },
        "MS4_4": {
          "meanserv": 1.29604877700186,
          "stddevserv": 1.29604877700186,
          "rate": 0.7715758987970287,
          "cv": 1.0,
          "lambda": 0.15
        },
        "MS4_5": {
          "meanserv": 0.20759311800826286,
          "stddevserv": 0.20759311800826286,
          "rate": 4.817115372582808,
          "cv": 1.0,
          "lambda": 0.15
        },
        "MS4_6": {
          "meanserv": 2.0129884335079833,
          "stddevserv": 2.0129884335079833,
          "rate": 0.4967738429859359,
          "cv": 1.0,
          "lambda": 0.15
        }
      },
      "sensors": [
        "S4"
      ],
      "sources": [
        {
          "startTime": 0,
          "stopTime": -1,
          "lambda": 0.15
        }
      ]
    }
  },
  "microservice": {
    "MS1_1": "F8",
    "MS1_2": "F8",
    "MS1_3": "F2",
    "MS1_4": "F8",
    "MS1_5": "F4",
    "MS1_6": "F4",
    "MS2_1": "F9",
    "MS2_2": "F5",
    "MS2_3": "F10",
    "MS2_4": "F8",
    "MS2_5": "F6",
    "MS2_6": "F6",
    "MS3_1": "F10",
    "MS3_2": "F10",
    "MS3_3": "F10",
    "MS3_4": "F1",
    "MS3_5": "F6",
    "MS3_6": "F6",
    "MS4_1": "F3",
    "MS4_2": "F9",
    "MS4_3": "F7",
    "MS4_4": "F7",
    "MS4_5": "F7",
    "MS4_6": "F8"
  },
  "sensor": {
    "S1": "F8",
    "S2": "F9",
    "S3": "F10",
    "S4": "F3"
  },
  "fog": {
    "F1": {
      "rho": 0.9547306591159899,
      "capacity": 1.0,
      "tserv": 6.364871060773266,
      "stddev": 6.364871060773266,
      "mu": 0.1571123735974803,
      "cv": 1.0,
      "lambda": 0.15,
      "twait": 134.2351672097517
    },
    "F2": {
      "rho": 0.7981769264300673,
      "capacity": 1.0,
      "tserv": 5.321179509533782,
      "stddev": 5.321179509533782,
      "mu": 0.18792825880208192,
      "cv": 1.0,
      "lambda": 0.15,
      "twait": 21.044386208054835
    },
    "F3": {
      "rho": 0.5128928897651047,
      "capacity": 1.0,
      "tserv": 3.419285931767365,
      "stddev": 3.419285931767365,
      "mu": 0.29245872382574295,
      "cv": 1.0,
      "lambda": 0.15,
      "twait": 3.6002912000845995
    },
    "F4": {
      "rho": 0.491148041184857,
      "capacity": 1.0,
      "tserv": 1.6371601372828568,
      "stddev": 2.7907359891558303,
      "mu": 0.6108137971522252,
      "cv": 1.7046200463856438,
      "lambda": 0.3,
      "twait": 3.0859173758474068
    },
    "F5": {
      "rho": 0.42514548699679244,
      "capacity": 1.0,
      "tserv": 2.834303246645283,
      "stddev": 2.834303246645283,
      "mu": 0.35282039816438576,
      "cv": 1.0,
      "lambda": 0.15,
      "twait": 2.0961673029169994
    },
    "F6": {
      "rho": 0.6119349016419742,
      "capacity": 1.0,
      "tserv": 1.0198915027366238,
      "stddev": 1.4319025284495945,
      "mu": 0.9804964521390267,
      "cv": 1.4039753489537292,
      "lambda": 0.6,
      "twait": 2.3891791929327932
    },
    "F7": {
      "rho": 0.5374146702202529,
      "capacity": 1.0,
      "tserv": 1.1942548227116732,
      "stddev": 1.6137370989383129,
      "mu": 0.8373422329829086,
      "cv": 1.3512502258723678,
      "lambda": 0.44999999999999996,
      "twait": 1.9603695642385843
    },
    "F8": {
      "rho": 0.5754321378602592,
      "capacity": 1.0,
      "tserv": 0.7672428504803456,
      "stddev": 1.2410573252710018,
      "mu": 1.3033682873342292,
      "cv": 1.6175547605220648,
      "lambda": 0.75,
      "twait": 1.8803397519534744
    },
    "F9": {
      "rho": 0.50304232123296,
      "capacity": 1.0,
      "tserv": 1.6768077374432,
      "stddev": 1.9413880455882753,
      "mu": 0.5963712938996824,
      "cv": 1.1577881007088553,
      "lambda": 0.3,
      "twait": 1.9862873680398296
    },
    "F10": {
      "rho": 0.5900819655517421,
      "capacity": 1.0,
      "tserv": 0.983469942586237,
      "stddev": 1.1140467492037918,
      "mu": 1.0168078928475373,
      "cv": 1.1327715275915562,
      "lambda": 0.6,
      "twait": 1.6161620873947111
    }
  },
  "extra": {
    "deltatime": 0.0196798,
    "obj_func": 65.01349673933518
  },
  "network": [
    [
      0.0,
      1.9774503330401834,
      1.8158303375923073,
      1.8768564947354522,
      0.9820195401204661,
      1.4110664531822903,
      2.219223587804131,
      1.0792204489053743,
      1.635473111335415,
      1.635473111335415
    ],
    [
      1.9774503330401834,
      0.0,
      1.9076099757916645,
      1.510838850683602,
      1.4244101529400355,
      1.3389209908227329,
      2.0692356637396867,
      1.635473111335415,
      1.8859306420584523,
      1.8859306420584523
    ],
    [
      1.8158303375923073,
      1.9076099757916645,
      0.0,
      1.0145993886202964,
      1.7703357630272893,
      1.8802307528255828,
      1.0792204489053743,
      1.8859306420584523,
      1.0841097022088524,
      1.0841097022088524
    ],
    [
      1.8768564947354522,
      1.510838850683602,
      1.0145993886202964,
      0.0,
      1.3879767843749315,
      2.219223587804131,
      1.635473111335415,
      1.0841097022088524,
      1.9910927037397148,
      1.9910927037397148
    ],
    [
      0.9820195401204661,
      1.4244101529400355,
      1.7703357630272893,
      1.3879767843749315,
      0.0,
      2.0692356637396867,
      1.8859306420584523,
      1.9910927037397148,
      1.6279758506168729,
      1.6279758506168729
    ],
    [
      1.4110664531822903,
      1.3389209908227329,
      1.8802307528255828,
      2.219223587804131,
      2.0692356637396867,
      0.0,
      1.0841097022088524,
      1.6279758506168729,
      1.8422648044238252,
      1.8422648044238252
    ],
    [
      2.219223587804131,
      2.0692356637396867,
      1.0792204489053743,
      1.635473111335415,
      1.8859306420584523,
      1.0841097022088524,
      0.0,
      1.8422648044238252,
      1.3469789852934493,
      1.3469789852934493
    ],
    [
      1.0792204489053743,
      1.635473111335415,
      1.8859306420584523,
      1.0841097022088524,
      1.9910927037397148,
      1.6279758506168729,
      1.8422648044238252,
      0.0,
      1.0705164417908253,
      1.0705164417908253
    ],
    [
      1.635473111335415,
      1.8859306420584523,
      1.0841097022088524,
      1.9910927037397148,
      1.6279758506168729,
      1.8422648044238252,
      1.3469789852934493,
      1.0705164417908253,
      0.0,
      1.5788522970485404
    ],
    [
      1.635473111335415,
      1.8859306420584523,
      1.0841097022088524,
      1.9910927037397148,
      1.6279758506168729,
      1.8422648044238252,
      1.3469789852934493,
      1.0705164417908253,
      1.5788522970485404,
      0.0
    ]
  ]
}