{
  "servicechain": {
    "SC1": {
      "resptime": 34.667442516127,
      "resptime_old": 24.667442516126997,
      "waittime": 19.84876894248528,
      "servicetime": 10.0,
      "networktime": 4.818673573641721,
      "services": {
        "MS1_1": {
          "meanserv": 2.192462460428125,
          "stddevserv": 2.192462460428125,
          "rate": 0.45610815147308326,
          "cv": 1.0,
          "lambda": 0.15
        },
        "MS1_2": {
          "meanserv": 0.19730048661052235,
          "stddevserv": 0.19730048661052235,
          "rate": 5.068411219755544,
          "cv": 1.0,
          "lambda": 0.15
        },
        "MS1_3": {
          "meanserv": 1.8737988572228965,
          "stddevserv": 1.8737988572228965,
          "rate": 0.5336752107331687,
          "cv": 1.0,
          "lambda": 0.15
        },
        "MS1_4": {
          "meanserv": 1.2118842445076456,
          "stddevserv": 1.2118842445076456,
          "rate": 0.825161317619301,
          "cv": 1.0,
          "lambda": 0.15
        },
        "MS1_5": {
          "meanserv": 1.5240926693387813,
          "stddevserv": 1.5240926693387813,
          "rate": 0.6561280820501841,
          "cv": 1.0,
          "lambda": 0.15
        },
        "MS1_6": {
          "meanserv": 0.658358017207715,
          "stddevserv": 0.658358017207715,
          "rate": 1.5189303902476747,
          "cv": 1.0,
          "lambda": 0.15
        },
        "MS1_7": {
          "meanserv": 0.463627376267552,
          "stddevserv": 0.463627376267552,
          "rate": 2.1569045556596205,
          "cv": 1.0,
          "lambda": 0.15
        },
        "MS1_8": {
          "meanserv": 0.3048313473768349,
          "stddevserv": 0.3048313473768349,
          "rate": 3.280502509355746,
          "cv": 1.0,
          "lambda": 0.15
        },
        "MS1_9": {
          "meanserv": 1.5736445410399273,
          "stddevserv": 1.5736445410399273,
          "rate": 0.6354675239041976,
          "cv": 1.0,
          "lambda": 0.15
        }
      },
      "sensors": [
        "S1"
      ],
      "sources": [
        {
          "startTime": 0,
          "stopTime": -1,
          "lambda": 0.15
        }
      ]
    },
    "SC2": {
      "resptime": 36.9914855467687,
      "resptime_old": 26.9914855467687,
      "waittime": 21.86256505155078,
      "servicetime": 10.0,
      "networktime": 5.128920495217921,
      "services": {
        "MS2_1": {
          "meanserv": 0.8098885105000997,
          "stddevserv": 0.8098885105000997,
          "rate": 1.2347378522292012,
          "cv": 1.0,
          "lambda": 0.15
        },
        "MS2_2": {
          "meanserv": 1.7843714248398943,
          "stddevserv": 1.7843714248398943,
          "rate": 0.5604214380925354,
          "cv": 1.0,
          "lambda": 0.15
        },
        "MS2_3": {
          "meanserv": 2.71343609175388,
          "stddevserv": 2.71343609175388,
          "rate": 0.368536411466994,
          "cv": 1.0,
          "lambda": 0.15
        },
        "MS2_4": {
          "meanserv": 1.2489872593989633,
          "stddevserv": 1.2489872593989633,
          "rate": 0.8006486795399492,
          "cv": 1.0,
          "lambda": 0.15
        },
        "MS2_5": {
          "meanserv": 0.31346343473562577,
          "stddevserv": 0.31346343473562577,
          "rate": 3.19016475029503,
          "cv": 1.0,
          "lambda": 0.15
        },
        "MS2_6": {
          "meanserv": 0.04522841685308343,
          "stddevserv": 0.04522841685308343,
          "rate": 22.10999344169672,
          "cv": 1.0,
          "lambda": 0.15
        },
        "MS2_7": {
          "meanserv": 0.16226957513451623,
          "stddevserv": 0.16226957513451623,
          "rate": 6.162584693840681,
          "cv": 1.0,
          "lambda": 0.15
        },
        "MS2_8": {
          "meanserv": 2.6595703077134987,
          "stddevserv": 2.6595703077134987,
          "rate": 0.3760005881776165,
          "cv": 1.0,
          "lambda": 0.15
        },
        "MS2_9": {
          "meanserv": 0.26278497907043885,
          "stddevserv": 0.26278497907043885,
          "rate": 3.8053925438864318,
          "cv": 1.0,
          "lambda": 0.15
        }
      },
      "sensors": [
        "S2"
      ],
      "sources": [
        {
          "startTime": 0,
          "stopTime": -1,
          "lambda": 0.15
        }
      ]
    },
    "SC3": {
      "resptime": 37.969610568589694,
      "resptime_old": 27.96961056858969,
      "waittime": 22.555915793557133,
      "servicetime": 10.0,
      "networktime": 5.4136947750325595,
      "services": {
        "MS3_1": {
          "meanserv": 1.3276239073842089,
          "stddevserv": 1.3276239073842089,
          "rate": 0.753225363326185,
          "cv": 1.0,
          "lambda": 0.15
        },
        "MS3_2": {
          "meanserv": 1.000620836909423,
          "stddevserv": 1.000620836909423,
          "rate": 0.9993795482898992,
          "cv": 1.0,
          "lambda": 0.15
        },
        "MS3_3": {
          "meanserv": 1.4883210529831237,
          "stddevserv": 1.4883210529831237,
          "rate": 0.6718980410816907,
          "cv": 1.0,
          "lambda": 0.15
        },
        "MS3_4": {
          "meanserv": 0.059867571051800184,
          "stddevserv": 0.059867571051800184,
          "rate": 16.703533856998373,
          "cv": 1.0,
          "lambda": 0.15
        },
        "MS3_5": {
          "meanserv": 2.567024937231473,
          "stddevserv": 2.567024937231473,
          "rate": 0.3895560130703274,
          "cv": 1.0,
          "lambda": 0.15
        },
        "MS3_6": {
          "meanserv": 1.6103419099869,
          "stddevserv": 1.6103419099869,
          "rate": 0.6209861358002754,
          "cv": 1.0,
          "lambda": 0.15
        },
        "MS3_7": {
          "meanserv": 0.6419645795321856,
          "stddevserv": 0.6419645795321856,
          "rate": 1.5577183412965294,
          "cv": 1.0,
          "lambda": 0.15
        },
        "MS3_8": {
          "meanserv": 1.1137394326826122,
          "stddevserv": 1.1137394326826122,
          "rate": 0.8978760836287772,
          "cv": 1.0,
          "lambda": 0.15
        },
        "MS3_9": {
          "meanserv": 0.19049577223827363,
          "stddevserv": 0.19049577223827363,
          "rate": 5.249460333162628,
          "cv": 1.0,
          "lambda": 0.15
        }
      },
      "sensors": [
        "S3"
      ],
      "sources": [
        {
          "startTime": 0,
          "stopTime": -1,
          "lambda": 0.15
        }
      ]
    },
    "SC4": {
      "resptime": 40.45811658914977,
      "resptime_old": 30.458116589149764,
      "waittime": 25.992661216278975,
      "servicetime": 10.0,
      "networktime": 4.4654553728707915,
      "services": {
        "MS4_1": {
          "meanserv": 1.658268147746722,
          "stddevserv": 1.658268147746722,
          "rate": 0.6030387795597557,
          "cv": 1.0,
          "lambda": 0.15
        },
        "MS4_2": {
          "meanserv": 0.5770985132895525,
          "stddevserv": 0.5770985132895525,
          "rate": 1.732806404750278,
          "cv": 1.0,
          "lambda": 0.15
        },
        "MS4_3": {
          "meanserv": 0.5977242035964245,
          "stddevserv": 0.5977242035964245,
          "rate": 1.6730123926438603,
          "cv": 1.0,
          "lambda": 0.15
        },
        "MS4_4": {
          "meanserv": 0.12423724710902562,
          "stddevserv": 0.12423724710902562,
          "rate": 8.049115891327181,
          "cv": 1.0,
          "lambda": 0.15
        },
        "MS4_5": {
          "meanserv": 0.4440568436451091,
          "stddevserv": 0.4440568436451091,
          "rate": 2.2519639418038144,
          "cv": 1.0,
          "lambda": 0.15
        },
        "MS4_6": {
          "meanserv": 0.00491873798183029,
          "stddevserv": 0.00491873798183029,
          "rate": 203.30418162015908,
          "cv": 1.0,
          "lambda": 0.15
        },
        "MS4_7": {
          "meanserv": 1.5278749123476256,
          "stddevserv": 1.5278749123476256,
          "rate": 0.6545038418514707,
          "cv": 1.0,
          "lambda": 0.15
        },
        "MS4_8": {
          "meanserv": 4.059652433631487,
          "stddevserv": 4.059652433631487,
          "rate": 0.24632650611063975,
          "cv": 1.0,
          "lambda": 0.15
        },
        "MS4_9": {
          "meanserv": 1.0061689606522233,
          "stddevserv": 1.0061689606522233,
          "rate": 0.9938688620962582,
          "cv": 1.0,
          "lambda": 0.15
        }
      },
      "sensors": [
        "S4"
      ],
      "sources": [
        {
          "startTime": 0,
          "stopTime": -1,
          "lambda": 0.15
        }
      ]
    }
  },
  "microservice": {
    "MS1_1": "F5",
    "MS1_2": "F5",
    "MS1_3": "F6",
    "MS1_4": "F5",
    "MS1_5": "F9",
    "MS1_6": "F9",
    "MS1_7": "F9",
    "MS1_8": "F10",
    "MS1_9": "F10",
    "MS2_1": "F10",
    "MS2_2": "F8",
    "MS2_3": "F2",
    "MS2_4": "F6",
    "MS2_5": "F6",
    "MS2_6": "F6",
    "MS2_7": "F2",
    "MS2_8": "F3",
    "MS2_9": "F3",
    "MS3_1": "F8",
    "MS3_2": "F8",
    "MS3_3": "F7",
    "MS3_4": "F7",
    "MS3_5": "F4",
    "MS3_6": "F9",
    "MS3_7": "F6",
    "MS3_8": "F4",
    "MS3_9": "F4",
    "MS4_1": "F7",
    "MS4_2": "F7",
    "MS4_3": "F7",
    "MS4_4": "F2",
    "MS4_5": "F2",
    "MS4_6": "F10",
    "MS4_7": "F10",
    "MS4_8": "F1",
    "MS4_9": "F3"
  },
  "sensor": {
    "S1": "F5",
    "S2": "F10",
    "S3": "F8",
    "S4": "F7"
  },
  "fog": {
    "F1": {
      "rho": 0.608947865044723,
      "capacity": 1.0,
      "tserv": 4.059652433631487,
      "stddev": 4.059652433631487,
      "mu": 0.24632650611063975,
      "cv": 1.0,
      "lambda": 0.15,
      "twait": 6.321706139173063
    },
    "F2": {
      "rho": 0.5165999636463795,
      "capacity": 1.0,
      "tserv": 0.8609999394106327,
      "stddev": 1.7491492820331211,
      "mu": 1.161440267562057,
      "cv": 2.031532410130528,
      "lambda": 0.6,
      "twait": 2.3588190860550577
    },
    "F3": {
      "rho": 0.5892786371154242,
      "capacity": 1.0,
      "tserv": 1.3095080824787204,
      "stddev": 1.9291671807908302,
      "mu": 0.763645534823379,
      "cv": 1.4731999035387238,
      "lambda": 0.44999999999999996,
      "twait": 2.9782037950268534
    },
    "F4": {
      "rho": 0.5806890213228537,
      "capacity": 1.0,
      "tserv": 1.2904200473841196,
      "stddev": 1.8918325055326366,
      "mu": 0.7749414634615714,
      "cv": 1.4660594504616329,
      "lambda": 0.44999999999999996,
      "twait": 2.814016896124915
    },
    "F5": {
      "rho": 0.5402470787319439,
      "capacity": 1.0,
      "tserv": 1.2005490638487644,
      "stddev": 1.6638320152441162,
      "mu": 0.8329522133765722,
      "cv": 1.3858925597843892,
      "lambda": 0.44999999999999996,
      "twait": 2.060176973016189
    },
    "F6": {
      "rho": 0.6185163821614131,
      "capacity": 1.0,
      "tserv": 0.8246885095485509,
      "stddev": 1.2463124717338694,
      "mu": 1.2125790385359168,
      "cv": 1.5112523786903773,
      "lambda": 0.75,
      "twait": 2.195447403123279
    },
    "F7": {
      "rho": 0.6571919233001434,
      "capacity": 1.0,
      "tserv": 0.8762558977335245,
      "stddev": 1.2229951519890518,
      "mu": 1.1412191376817493,
      "cv": 1.3957054727419058,
      "lambda": 0.75,
      "twait": 2.4761029136464954
    },
    "F8": {
      "rho": 0.6168924253700289,
      "capacity": 1.0,
      "tserv": 1.370872056377842,
      "stddev": 1.444269916616273,
      "mu": 0.7294626769490283,
      "cv": 1.0535409996118563,
      "lambda": 0.44999999999999996,
      "twait": 2.3287748955023955
    },
    "F9": {
      "rho": 0.6384629959201422,
      "capacity": 1.0,
      "tserv": 1.064104993200237,
      "stddev": 1.2844855549073966,
      "mu": 0.939756890899041,
      "cv": 1.2071041514845045,
      "lambda": 0.6,
      "twait": 2.3086620837613263
    },
    "F10": {
      "rho": 0.6331737073869478,
      "capacity": 1.0,
      "tserv": 0.8442316098492636,
      "stddev": 1.2292773658408116,
      "mu": 1.1845090711286546,
      "cv": 1.456090190771579,
      "lambda": 0.75,
      "twait": 2.2734021845147274
    }
  },
  "extra": {
    "deltatime": 0.039084,
    "obj_func": 37.52166380515879
  },
  "network": [
    [
      0.0,
      1.0479896398005508,
      0.7726676853150065,
      1.1707723839022726,
      0.6716200117821918,
      1.6141528570507984,
      1.058881888839054,
      0.9234554728236756,
      1.1689866063886722,
      1.1689866063886722
    ],
    [
      1.0479896398005508,
      0.0,
      1.0451052782463226,
      1.0410652832378748,
      1.0480150136454405,
      0.9473841996544506,
      1.2223846325708896,
      1.1689866063886722,
      1.301416448596223,
      1.301416448596223
    ],
    [
      0.7726676853150065,
      1.0451052782463226,
      0.0,
      1.0841720612808483,
      1.1005101659821583,
      0.861399164859872,
      0.9234554728236756,
      1.301416448596223,
      1.3772723492147343,
      1.3772723492147343
    ],
    [
      1.1707723839022726,
      1.0410652832378748,
      1.0841720612808483,
      0.0,
      1.118182746873104,
      1.058881888839054,
      1.1689866063886722,
      1.3772723492147343,
      1.1474451469709208,
      1.1474451469709208
    ],
    [
      0.6716200117821918,
      1.0480150136454405,
      1.1005101659821583,
      1.118182746873104,
      0.0,
      1.2223846325708896,
      1.301416448596223,
      1.1474451469709208,
      1.0579248803137689,
      1.0579248803137689
    ],
    [
      1.6141528570507984,
      0.9473841996544506,
      0.861399164859872,
      1.058881888839054,
      1.2223846325708896,
      0.0,
      1.3772723492147343,
      1.0579248803137689,
      1.0191905664169556,
      1.0191905664169556
    ],
    [
      1.058881888839054,
      1.2223846325708896,
      0.9234554728236756,
      1.1689866063886722,
      1.301416448596223,
      1.3772723492147343,
      0.0,
      1.0191905664169556,
      1.4641396666824302,
      1.4641396666824302
    ],
    [
      0.9234554728236756,
      1.1689866063886722,
      1.301416448596223,
      1.3772723492147343,
      1.1474451469709208,
      1.0579248803137689,
      1.0191905664169556,
      0.0,
      1.0200602112740251,
      1.0200602112740251
    ],
    [
      1.1689866063886722,
      1.301416448596223,
      1.3772723492147343,
      1.1474451469709208,
      1.0579248803137689,
      1.0191905664169556,
      1.4641396666824302,
      1.0200602112740251,
      0.0,
      1.315979428186173
    ],
    [
      1.1689866063886722,
      1.301416448596223,
      1.3772723492147343,
      1.1474451469709208,
      1.0579248803137689,
      1.0191905664169556,
      1.4641396666824302,
      1.0200602112740251,
      1.315979428186173,
      0.0
    ]
  ]
}