{
  "servicechain": {
    "SC1": {
      "resptime": 24.865563790367446,
      "resptime_old": 14.865563790367444,
      "waittime": 9.101543632788205,
      "servicetime": 10.0,
      "networktime": 5.764020157579239,
      "services": {
        "MS1_1": {
          "meanserv": 2.6988629729707823,
          "stddevserv": 2.6988629729707823,
          "rate": 0.3705264068665356,
          "cv": 1.0,
          "lambda": 0.15
        },
        "MS1_2": {
          "meanserv": 1.146505345369338,
          "stddevserv": 1.146505345369338,
          "rate": 0.8722157328257878,
          "cv": 1.0,
          "lambda": 0.15
        },
        "MS1_3": {
          "meanserv": 3.5627326940655992,
          "stddevserv": 3.5627326940655992,
          "rate": 0.28068342080944997,
          "cv": 1.0,
          "lambda": 0.15
        },
        "MS1_4": {
          "meanserv": 2.5918989875942806,
          "stddevserv": 2.5918989875942806,
          "rate": 0.38581750476632914,
          "cv": 1.0,
          "lambda": 0.15
        }
      },
      "sensors": [
        "S1"
      ],
      "sources": [
        {
          "startTime": 0,
          "stopTime": -1,
          "lambda": 0.15
        }
      ]
    },
    "SC2": {
      "resptime": 259.36751540741,
      "resptime_old": 249.36751540740997,
      "waittime": 245.7550115681239,
      "servicetime": 10.0,
      "networktime": 3.61250383928607,
      "services": {
        "MS2_1": {
          "meanserv": 0.3751714353435742,
          "stddevserv": 0.3751714353435742,
          "rate": 2.665448127958411,
          "cv": 1.0,
          "lambda": 0.15
        },
        "MS2_2": {
          "meanserv": 6.4914903594875035,
          "stddevserv": 6.4914903594875035,
          "rate": 0.15404782948471465,
          "cv": 1.0,
          "lambda": 0.15
        },
        "MS2_3": {
          "meanserv": 2.847822246557538,
          "stddevserv": 2.847822246557538,
          "rate": 0.35114551170067065,
          "cv": 1.0,
          "lambda": 0.15
        },
        "MS2_4": {
          "meanserv": 0.28551595861138424,
          "stddevserv": 0.28551595861138424,
          "rate": 3.5024311946117868,
          "cv": 1.0,
          "lambda": 0.15
        }
      },
      "sensors": [
        "S2"
      ],
      "sources": [
        {
          "startTime": 0,
          "stopTime": -1,
          "lambda": 0.15
        }
      ]
    },
    "SC3": {
      "resptime": 6710.219978714879,
      "resptime_old": 6700.219978714879,
      "waittime": 6697.246108988748,
      "servicetime": 10.0,
      "networktime": 2.973869726131045,
      "services": {
        "MS3_1": {
          "meanserv": 1.3277929850736891,
          "stddevserv": 1.3277929850736891,
          "rate": 0.7531294495764357,
          "cv": 1.0,
          "lambda": 0.15
        },
        "MS3_2": {
          "meanserv": 1.7331041337446649,
          "stddevserv": 1.7331041337446649,
          "rate": 0.5769993738572019,
          "cv": 1.0,
          "lambda": 0.15
        },
        "MS3_3": {
          "meanserv": 0.2559808055575421,
          "stddevserv": 0.2559808055575421,
          "rate": 3.906542905910222,
          "cv": 1.0,
          "lambda": 0.15
        },
        "MS3_4": {
          "meanserv": 6.683122075624103,
          "stddevserv": 6.683122075624103,
          "rate": 0.14963066493239463,
          "cv": 1.0,
          "lambda": 0.15
        }
      },
      "sensors": [
        "S3"
      ],
      "sources": [
        {
          "startTime": 0,
          "stopTime": -1,
          "lambda": 0.15
        }
      ]
    },
    "SC4": {
      "resptime": 84.4888138636707,
      "resptime_old": 74.48881386367069,
      "waittime": 69.99015917881019,
      "servicetime": 10.0,
      "networktime": 4.498654684860506,
      "services": {
        "MS4_1": {
          "meanserv": 6.1118976813809,
          "stddevserv": 6.1118976813809,
          "rate": 0.16361530446531683,
          "cv": 1.0,
          "lambda": 0.15
        },
        "MS4_2": {
          "meanserv": 2.0114781884541264,
          "stddevserv": 2.0114781884541264,
          "rate": 0.49714682751222183,
          "cv": 1.0,
          "lambda": 0.15
        },
        "MS4_3": {
          "meanserv": 1.4802038923556893,
          "stddevserv": 1.4802038923556893,
          "rate": 0.675582603967172,
          "cv": 1.0,
          "lambda": 0.15
        },
        "MS4_4": {
          "meanserv": 0.39642023780928426,
          "stddevserv": 0.39642023780928426,
          "rate": 2.5225755514558137,
          "cv": 1.0,
          "lambda": 0.15
        }
      },
      "sensors": [
        "S4"
      ],
      "sources": [
        {
          "startTime": 0,
          "stopTime": -1,
          "lambda": 0.15
        }
      ]
    }
  },
  "microservice": {
    "MS1_1": "F2",
    "MS1_2": "F9",
    "MS1_3": "F8",
    "MS1_4": "F3",
    "MS2_1": "F10",
    "MS2_2": "F5",
    "MS2_3": "F4",
    "MS2_4": "F4",
    "MS3_1": "F7",
    "MS3_2": "F7",
    "MS3_3": "F7",
    "MS3_4": "F6",
    "MS4_1": "F1",
    "MS4_2": "F9",
    "MS4_3": "F10",
    "MS4_4": "F10"
  },
  "sensor": {
    "S1": "F2",
    "S2": "F10",
    "S3": "F7",
    "S4": "F1"
  },
  "fog": {
    "F1": {
      "rho": 0.916784652207135,
      "capacity": 1.0,
      "tserv": 6.1118976813809,
      "stddev": 6.1118976813809,
      "mu": 0.16361530446531683,
      "cv": 1.0,
      "lambda": 0.15,
      "twait": 67.33486236334421
    },
    "F2": {
      "rho": 0.40482944594561737,
      "capacity": 1.0,
      "tserv": 2.6988629729707823,
      "stddev": 2.698862972970782,
      "mu": 0.3705264068665356,
      "cv": 0.9999999999999999,
      "lambda": 0.15,
      "twait": 1.8357413594945273
    },
    "F3": {
      "rho": 0.38878484813914205,
      "capacity": 1.0,
      "tserv": 2.5918989875942806,
      "stddev": 2.59189898759428,
      "mu": 0.38581750476632914,
      "cv": 0.9999999999999998,
      "lambda": 0.15,
      "twait": 1.6486683146121308
    },
    "F4": {
      "rho": 0.4700007307753383,
      "capacity": 1.0,
      "tserv": 1.566669102584461,
      "stddev": 2.395236696783222,
      "mu": 0.6382968798901737,
      "cv": 1.5288721101551768,
      "lambda": 0.3,
      "twait": 2.3183836430359652
    },
    "F5": {
      "rho": 0.9737235539231255,
      "capacity": 1.0,
      "tserv": 6.4914903594875035,
      "stddev": 6.4914903594875035,
      "mu": 0.15404782948471465,
      "cv": 1.0,
      "lambda": 0.15,
      "twait": 240.5544891651394
    },
    "F6": {
      "rho": 1.0024683113436155,
      "capacity": 1.0,
      "tserv": 6.683122075624103,
      "stddev": 6.683122075624103,
      "mu": 0.14963066493239463,
      "cv": 1.0,
      "lambda": 0.15,
      "twait": 6692.918483552474
    },
    "F7": {
      "rho": 0.4975316886563844,
      "capacity": 1.0,
      "tserv": 1.1056259747919654,
      "stddev": 1.413882863659647,
      "mu": 0.9044650024509057,
      "cv": 1.2788075677452162,
      "lambda": 0.44999999999999996,
      "twait": 1.4425418120914393
    },
    "F8": {
      "rho": 0.5344099041098399,
      "capacity": 1.0,
      "tserv": 3.5627326940655997,
      "stddev": 3.562732694065599,
      "mu": 0.28068342080944997,
      "cv": 0.9999999999999998,
      "lambda": 0.15,
      "twait": 4.089347377040773
    },
    "F9": {
      "rho": 0.47369753007351967,
      "capacity": 1.0,
      "tserv": 1.5789917669117322,
      "stddev": 1.6933115512545605,
      "mu": 0.6333155251061555,
      "cv": 1.0724004942511007,
      "lambda": 0.3,
      "twait": 1.5277865816407747
    },
    "F10": {
      "rho": 0.33776933482628213,
      "capacity": 1.0,
      "tserv": 0.7505985218361826,
      "stddev": 1.0468393580403401,
      "mu": 1.3322701429703177,
      "cv": 1.3946728212033594,
      "lambda": 0.44999999999999996,
      "twait": 0.5637551169126014
    }
  },
  "extra": {
    "deltatime": 0.4259573,
    "conv": 8,
    "obj_func": 1769.7354679440818
  },
  "network": [
    [
      0.0,
      2.819248791554964,
      2.133212228367826,
      2.25115938712899,
      2.259192579117105,
      1.865521890476897,
      2.441368460242437,
      3.0731087406559014,
      2.260087384619288,
      2.260087384619288
    ],
    [
      2.819248791554964,
      0.0,
      2.074247152512767,
      3.0528249758965913,
      2.516908032713273,
      3.0199272595338713,
      2.291090912170068,
      2.260087384619288,
      1.8186044309421328,
      1.8186044309421328
    ],
    [
      2.133212228367826,
      2.074247152512767,
      0.0,
      2.9576249208319756,
      2.6965403894098334,
      2.8548777425879446,
      3.0731087406559014,
      1.8186044309421328,
      2.973869726131045,
      2.973869726131045
    ],
    [
      2.25115938712899,
      3.0528249758965913,
      2.9576249208319756,
      0.0,
      1.7710076544455073,
      2.441368460242437,
      2.260087384619288,
      2.973869726131045,
      2.277294232399597,
      2.277294232399597
    ],
    [
      2.259192579117105,
      2.516908032713273,
      2.6965403894098334,
      1.7710076544455073,
      0.0,
      2.291090912170068,
      1.8186044309421328,
      2.277294232399597,
      1.8414961848405629,
      1.8414961848405629
    ],
    [
      1.865521890476897,
      3.0199272595338713,
      2.8548777425879446,
      2.441368460242437,
      2.291090912170068,
      0.0,
      2.973869726131045,
      1.8414961848405629,
      3.3281354122785265,
      3.3281354122785265
    ],
    [
      2.441368460242437,
      2.291090912170068,
      3.0731087406559014,
      2.260087384619288,
      1.8186044309421328,
      2.973869726131045,
      0.0,
      3.3281354122785265,
      2.6686193452366394,
      2.6686193452366394
    ],
    [
      3.0731087406559014,
      2.260087384619288,
      1.8186044309421328,
      2.973869726131045,
      2.277294232399597,
      1.8414961848405629,
      3.3281354122785265,
      0.0,
      2.1268112956949734,
      2.1268112956949734
    ],
    [
      2.260087384619288,
      1.8186044309421328,
      2.973869726131045,
      2.277294232399597,
      1.8414961848405629,
      3.3281354122785265,
      2.6686193452366394,
      2.1268112956949734,
      0.0,
      2.2385673002412183
    ],
    [
      2.260087384619288,
      1.8186044309421328,
      2.973869726131045,
      2.277294232399597,
      1.8414961848405629,
      3.3281354122785265,
      2.6686193452366394,
      2.1268112956949734,
      2.2385673002412183,
      0.0
    ]
  ]
}