{
  "servicechain": {
    "SC1": {
      "resptime": 32.74856871602197,
      "resptime_old": 22.748568716021968,
      "waittime": 18.025073903135553,
      "servicetime": 10.0,
      "networktime": 4.723494812886417,
      "services": {
        "MS1_1": {
          "meanserv": 0.44920188773785896,
          "stddevserv": 0.44920188773785896,
          "rate": 2.226170519976912,
          "cv": 1.0,
          "lambda": 0.15
        },
        "MS1_2": {
          "meanserv": 0.07966309231832391,
          "stddevserv": 0.07966309231832391,
          "rate": 12.552864455777376,
          "cv": 1.0,
          "lambda": 0.15
        },
        "MS1_3": {
          "meanserv": 0.646789054886423,
          "stddevserv": 0.646789054886423,
          "rate": 1.5460991376479016,
          "cv": 1.0,
          "lambda": 0.15
        },
        "MS1_4": {
          "meanserv": 1.028292529262993,
          "stddevserv": 1.028292529262993,
          "rate": 0.9724859138252506,
          "cv": 1.0,
          "lambda": 0.15
        },
        "MS1_5": {
          "meanserv": 2.430396715948655,
          "stddevserv": 2.430396715948655,
          "rate": 0.4114554605171406,
          "cv": 1.0,
          "lambda": 0.15
        },
        "MS1_6": {
          "meanserv": 0.6290412869840889,
          "stddevserv": 0.6290412869840889,
          "rate": 1.5897207714209929,
          "cv": 1.0,
          "lambda": 0.15
        },
        "MS1_7": {
          "meanserv": 0.19445928962132708,
          "stddevserv": 0.19445928962132708,
          "rate": 5.14246453305117,
          "cv": 1.0,
          "lambda": 0.15
        },
        "MS1_8": {
          "meanserv": 0.3956071319635335,
          "stddevserv": 0.3956071319635335,
          "rate": 2.5277602934928347,
          "cv": 1.0,
          "lambda": 0.15
        },
        "MS1_9": {
          "meanserv": 1.7464702662817455,
          "stddevserv": 1.7464702662817455,
          "rate": 0.5725834669541847,
          "cv": 1.0,
          "lambda": 0.15
        },
        "MS1_10": {
          "meanserv": 0.4662682778482825,
          "stddevserv": 0.4662682778482825,
          "rate": 2.144688042289222,
          "cv": 1.0,
          "lambda": 0.15
        },
        "MS1_11": {
          "meanserv": 1.8560504681974859,
          "stddevserv": 1.8560504681974859,
          "rate": 0.5387784530294351,
          "cv": 1.0,
          "lambda": 0.15
        },
        "MS1_12": {
          "meanserv": 0.07775999894928276,
          "stddevserv": 0.07775999894928276,
          "rate": 12.860082478296173,
          "cv": 1.0,
          "lambda": 0.15
        }
      },
      "sensors": [
        "S1"
      ],
      "sources": [
        {
          "startTime": 0,
          "stopTime": -1,
          "lambda": 0.15
        }
      ]
    },
    "SC2": {
      "resptime": 35.62222136813224,
      "resptime_old": 25.62222136813224,
      "waittime": 20.710905580319597,
      "servicetime": 10.0,
      "networktime": 4.911315787812638,
      "services": {
        "MS2_1": {
          "meanserv": 0.10176248489730311,
          "stddevserv": 0.10176248489730311,
          "rate": 9.82680406251068,
          "cv": 1.0,
          "lambda": 0.15
        },
        "MS2_2": {
          "meanserv": 2.3314246886643377,
          "stddevserv": 2.3314246886643377,
          "rate": 0.42892228295518964,
          "cv": 1.0,
          "lambda": 0.15
        },
        "MS2_3": {
          "meanserv": 0.6867457585239141,
          "stddevserv": 0.6867457585239141,
          "rate": 1.4561429576928033,
          "cv": 1.0,
          "lambda": 0.15
        },
        "MS2_4": {
          "meanserv": 1.275741072017789,
          "stddevserv": 1.275741072017789,
          "rate": 0.7838581213179409,
          "cv": 1.0,
          "lambda": 0.15
        },
        "MS2_5": {
          "meanserv": 0.2371135783003977,
          "stddevserv": 0.2371135783003977,
          "rate": 4.217388169702818,
          "cv": 1.0,
          "lambda": 0.15
        },
        "MS2_6": {
          "meanserv": 2.324547938113744,
          "stddevserv": 2.324547938113744,
          "rate": 0.430191171196689,
          "cv": 1.0,
          "lambda": 0.15
        },
        "MS2_7": {
          "meanserv": 0.3928804336735494,
          "stddevserv": 0.3928804336735494,
          "rate": 2.5453036453093407,
          "cv": 1.0,
          "lambda": 0.15
        },
        "MS2_8": {
          "meanserv": 0.1740679765213402,
          "stddevserv": 0.1740679765213402,
          "rate": 5.744882085633959,
          "cv": 1.0,
          "lambda": 0.15
        },
        "MS2_9": {
          "meanserv": 0.005132898755420001,
          "stddevserv": 0.005132898755420001,
          "rate": 194.82168802649113,
          "cv": 1.0,
          "lambda": 0.15
        },
        "MS2_10": {
          "meanserv": 0.4942382455770229,
          "stddevserv": 0.4942382455770229,
          "rate": 2.0233156963247563,
          "cv": 1.0,
          "lambda": 0.15
        },
        "MS2_11": {
          "meanserv": 1.7902488365312035,
          "stddevserv": 1.7902488365312035,
          "rate": 0.5585815667600744,
          "cv": 1.0,
          "lambda": 0.15
        },
        "MS2_12": {
          "meanserv": 0.1860960884239784,
          "stddevserv": 0.1860960884239784,
          "rate": 5.373568076948094,
          "cv": 1.0,
          "lambda": 0.15
        }
      },
      "sensors": [
        "S2"
      ],
      "sources": [
        {
          "startTime": 0,
          "stopTime": -1,
          "lambda": 0.15
        }
      ]
    },
    "SC3": {
      "resptime": 30.120663248548748,
      "resptime_old": 20.12066324854875,
      "waittime": 17.139271598415917,
      "servicetime": 10.0,
      "networktime": 2.9813916501328306,
      "services": {
        "MS3_1": {
          "meanserv": 0.02814006401305802,
          "stddevserv": 0.02814006401305802,
          "rate": 35.53652186206696,
          "cv": 1.0,
          "lambda": 0.15
        },
        "MS3_2": {
          "meanserv": 0.8872045713285193,
          "stddevserv": 0.8872045713285193,
          "rate": 1.1271357613752806,
          "cv": 1.0,
          "lambda": 0.15
        },
        "MS3_3": {
          "meanserv": 0.4289863805231098,
          "stddevserv": 0.4289863805231098,
          "rate": 2.331076335758238,
          "cv": 1.0,
          "lambda": 0.15
        },
        "MS3_4": {
          "meanserv": 0.4533027144467394,
          "stddevserv": 0.4533027144467394,
          "rate": 2.206031351964239,
          "cv": 1.0,
          "lambda": 0.15
        },
        "MS3_5": {
          "meanserv": 0.507226355812308,
          "stddevserv": 0.507226355812308,
          "rate": 1.9715063867265523,
          "cv": 1.0,
          "lambda": 0.15
        },
        "MS3_6": {
          "meanserv": 0.38331047904419435,
          "stddevserv": 0.38331047904419435,
          "rate": 2.6088511915811816,
          "cv": 1.0,
          "lambda": 0.15
        },
        "MS3_7": {
          "meanserv": 2.142144972600475,
          "stddevserv": 2.142144972600475,
          "rate": 0.46682181308487336,
          "cv": 1.0,
          "lambda": 0.15
        },
        "MS3_8": {
          "meanserv": 1.5149865554106237,
          "stddevserv": 1.5149865554106237,
          "rate": 0.6600718642872437,
          "cv": 1.0,
          "lambda": 0.15
        },
        "MS3_9": {
          "meanserv": 0.048465129610235635,
          "stddevserv": 0.048465129610235635,
          "rate": 20.633391637289755,
          "cv": 1.0,
          "lambda": 0.15
        },
        "MS3_10": {
          "meanserv": 0.8359677609109966,
          "stddevserv": 0.8359677609109966,
          "rate": 1.1962183791755907,
          "cv": 1.0,
          "lambda": 0.15
        },
        "MS3_11": {
          "meanserv": 1.3773157030122825,
          "stddevserv": 1.3773157030122825,
          "rate": 0.7260499519557735,
          "cv": 1.0,
          "lambda": 0.15
        },
        "MS3_12": {
          "meanserv": 1.392949313287458,
          "stddevserv": 1.392949313287458,
          "rate": 0.717901211810737,
          "cv": 1.0,
          "lambda": 0.15
        }
      },
      "sensors": [
        "S3"
      ],
      "sources": [
        {
          "startTime": 0,
          "stopTime": -1,
          "lambda": 0.15
        }
      ]
    },
    "SC4": {
      "resptime": 31.3940542233508,
      "resptime_old": 21.394054223350807,
      "waittime": 17.94661363625372,
      "servicetime": 10.0,
      "networktime": 3.4474405870970823,
      "services": {
        "MS4_1": {
          "meanserv": 0.6874086354119924,
          "stddevserv": 0.6874086354119924,
          "rate": 1.4547387805226781,
          "cv": 1.0,
          "lambda": 0.15
        },
        "MS4_2": {
          "meanserv": 1.2974702802367555,
          "stddevserv": 1.2974702802367555,
          "rate": 0.7707305633370849,
          "cv": 1.0,
          "lambda": 0.15
        },
        "MS4_3": {
          "meanserv": 0.028280746531807788,
          "stddevserv": 0.028280746531807788,
          "rate": 35.35974550301509,
          "cv": 1.0,
          "lambda": 0.15
        },
        "MS4_4": {
          "meanserv": 0.2241728154795366,
          "stddevserv": 0.2241728154795366,
          "rate": 4.460844183363009,
          "cv": 1.0,
          "lambda": 0.15
        },
        "MS4_5": {
          "meanserv": 1.7084660823533273,
          "stddevserv": 1.7084660823533273,
          "rate": 0.585320370318707,
          "cv": 1.0,
          "lambda": 0.15
        },
        "MS4_6": {
          "meanserv": 2.7399409292237715,
          "stddevserv": 2.7399409292237715,
          "rate": 0.36497137194972346,
          "cv": 1.0,
          "lambda": 0.15
        },
        "MS4_7": {
          "meanserv": 0.11124220150113828,
          "stddevserv": 0.11124220150113828,
          "rate": 8.989394191284209,
          "cv": 1.0,
          "lambda": 0.15
        },
        "MS4_8": {
          "meanserv": 0.307726677845535,
          "stddevserv": 0.307726677845535,
          "rate": 3.2496370058040767,
          "cv": 1.0,
          "lambda": 0.15
        },
        "MS4_9": {
          "meanserv": 0.9958520761552538,
          "stddevserv": 0.9958520761552538,
          "rate": 1.0041652007803812,
          "cv": 1.0,
          "lambda": 0.15
        },
        "MS4_10": {
          "meanserv": 0.044104161652114726,
          "stddevserv": 0.044104161652114726,
          "rate": 22.67359728743538,
          "cv": 1.0,
          "lambda": 0.15
        },
        "MS4_11": {
          "meanserv": 1.5378590129345238,
          "stddevserv": 1.5378590129345238,
          "rate": 0.6502546667732644,
          "cv": 1.0,
          "lambda": 0.15
        },
        "MS4_12": {
          "meanserv": 0.31747638067424333,
          "stddevserv": 0.31747638067424333,
          "rate": 3.1498406208242673,
          "cv": 1.0,
          "lambda": 0.15
        }
      },
      "sensors": [
        "S4"
      ],
      "sources": [
        {
          "startTime": 0,
          "stopTime": -1,
          "lambda": 0.15
        }
      ]
    }
  },
  "microservice": {
    "MS1_1": "F5",
    "MS1_2": "F5",
    "MS1_3": "F10",
    "MS1_4": "F10",
    "MS1_5": "F6",
    "MS1_6": "F1",
    "MS1_7": "F5",
    "MS1_8": "F5",
    "MS1_9": "F7",
    "MS1_10": "F7",
    "MS1_11": "F7",
    "MS1_12": "F5",
    "MS2_1": "F5",
    "MS2_2": "F9",
    "MS2_3": "F10",
    "MS2_4": "F10",
    "MS2_5": "F10",
    "MS2_6": "F9",
    "MS2_7": "F5",
    "MS2_8": "F5",
    "MS2_9": "F5",
    "MS2_10": "F5",
    "MS2_11": "F6",
    "MS2_12": "F5",
    "MS3_1": "F5",
    "MS3_2": "F4",
    "MS3_3": "F4",
    "MS3_4": "F4",
    "MS3_5": "F4",
    "MS3_6": "F5",
    "MS3_7": "F2",
    "MS3_8": "F2",
    "MS3_9": "F5",
    "MS3_10": "F1",
    "MS3_11": "F1",
    "MS3_12": "F1",
    "MS4_1": "F3",
    "MS4_2": "F3",
    "MS4_3": "F5",
    "MS4_4": "F5",
    "MS4_5": "F8",
    "MS4_6": "F8",
    "MS4_7": "F3",
    "MS4_8": "F3",
    "MS4_9": "F3",
    "MS4_10": "F3",
    "MS4_11": "F4",
    "MS4_12": "F5"
  },
  "sensor": {
    "S1": "F5",
    "S2": "F5",
    "S3": "F5",
    "S4": "F3"
  },
  "fog": {
    "F1": {
      "rho": 0.6352911096292239,
      "capacity": 1.0,
      "tserv": 1.0588185160487065,
      "stddev": 1.1596654848080528,
      "mu": 0.944448916261679,
      "cv": 1.09524481035304,
      "lambda": 0.6,
      "twait": 2.0284018994511523
    },
    "F2": {
      "rho": 0.5485697292016648,
      "capacity": 1.0,
      "tserv": 1.8285657640055495,
      "stddev": 1.8815729040936033,
      "mu": 0.5468766941197993,
      "cv": 1.0289883695361,
      "lambda": 0.3,
      "twait": 2.2873862671653904
    },
    "F3": {
      "rho": 0.5165706049204185,
      "capacity": 1.0,
      "tserv": 0.573967338800465,
      "stddev": 0.8695556935236127,
      "mu": 1.7422594151261308,
      "cv": 1.5149915940180467,
      "lambda": 0.9,
      "twait": 1.010498181407942
    },
    "F4": {
      "rho": 0.57218685525678,
      "capacity": 1.0,
      "tserv": 0.76291580700904,
      "stddev": 0.9682628187055963,
      "mu": 1.3107606249769979,
      "cv": 1.269160777388537,
      "lambda": 0.75,
      "twait": 1.331983454701964
    },
    "F5": {
      "rho": 0.5371072715688024,
      "capacity": 1.0,
      "tserv": 0.21063030257600102,
      "stddev": 0.30817165295339916,
      "mu": 4.747654956433315,
      "cv": 1.4630926755764528,
      "lambda": 2.5499999999999994,
      "twait": 0.38378651564127486
    },
    "F6": {
      "rho": 0.6330968328719789,
      "capacity": 1.0,
      "tserv": 2.1103227762399297,
      "stddev": 2.1583226991528237,
      "mu": 0.4738611606048963,
      "cv": 1.0227452991804495,
      "lambda": 0.3,
      "twait": 3.725159623826309
    },
    "F7": {
      "rho": 0.6103183518491271,
      "capacity": 1.0,
      "tserv": 1.3562630041091714,
      "stddev": 1.623435417862809,
      "mu": 0.7373201193059349,
      "cv": 1.1969915959840867,
      "lambda": 0.44999999999999996,
      "twait": 2.583835242286443
    },
    "F8": {
      "rho": 0.6672610517365648,
      "capacity": 1.0,
      "tserv": 2.2242035057885494,
      "stddev": 2.3407373656660577,
      "mu": 0.4495991474689583,
      "cv": 1.0523935240521949,
      "lambda": 0.3,
      "twait": 4.7001407730901406
    },
    "F9": {
      "rho": 0.6983958940167122,
      "capacity": 1.0,
      "tserv": 2.3279863133890406,
      "stddev": 2.327991391774413,
      "mu": 0.4295557900184636,
      "cv": 1.0000021814498405,
      "lambda": 0.3,
      "twait": 5.390707875228529
    },
    "F10": {
      "rho": 0.5812022989487275,
      "capacity": 1.0,
      "tserv": 0.7749363985983034,
      "stddev": 0.9229871984541902,
      "mu": 1.2904284813680054,
      "cv": 1.1910489688233505,
      "lambda": 0.75,
      "twait": 1.300537037396194
    }
  },
  "extra": {
    "deltatime": 6.7502652,
    "conv": 70,
    "obj_func": 32.47137688901344
  },
  "network": [
    [
      0.0,
      0.7177443292302358,
      0.9612130285664264,
      0.8051661910662404,
      0.7190064348831083,
      0.6261817238283692,
      1.0751636590181928,
      0.687418043781093,
      1.006723751885803,
      1.006723751885803
    ],
    [
      0.7177443292302358,
      0.0,
      0.8251063825275594,
      1.0327887714268813,
      0.6496394493734821,
      0.8630789233951166,
      0.7461743873568255,
      1.006723751885803,
      0.7911075214353908,
      0.7911075214353908
    ],
    [
      0.9612130285664264,
      0.8251063825275594,
      0.0,
      0.5849965176429233,
      0.9162532376577815,
      0.6897553132883796,
      0.687418043781093,
      0.7911075214353908,
      0.8079401223789908,
      0.8079401223789908
    ],
    [
      0.8051661910662404,
      1.0327887714268813,
      0.5849965176429233,
      0.0,
      0.48155315825137907,
      1.0751636590181928,
      1.006723751885803,
      0.8079401223789908,
      0.6735301521096076,
      0.6735301521096076
    ],
    [
      0.7190064348831083,
      0.6496394493734821,
      0.9162532376577815,
      0.48155315825137907,
      0.0,
      0.7461743873568255,
      0.7911075214353908,
      0.6735301521096076,
      0.9472004438518046,
      0.9472004438518046
    ],
    [
      0.6261817238283692,
      0.8630789233951166,
      0.6897553132883796,
      1.0751636590181928,
      0.7461743873568255,
      0.0,
      0.8079401223789908,
      0.9472004438518046,
      0.8488911674523533,
      0.8488911674523533
    ],
    [
      1.0751636590181928,
      0.7461743873568255,
      0.687418043781093,
      1.006723751885803,
      0.7911075214353908,
      0.8079401223789908,
      0.0,
      0.8488911674523533,
      0.5243036147538319,
      0.5243036147538319
    ],
    [
      0.687418043781093,
      1.006723751885803,
      0.7911075214353908,
      0.8079401223789908,
      0.6735301521096076,
      0.9472004438518046,
      0.8488911674523533,
      0.0,
      0.8827769602877474,
      0.8827769602877474
    ],
    [
      1.006723751885803,
      0.7911075214353908,
      0.8079401223789908,
      0.6735301521096076,
      0.9472004438518046,
      0.8488911674523533,
      0.5243036147538319,
      0.8827769602877474,
      0.0,
      0.7622830626976891
    ],
    [
      1.006723751885803,
      0.7911075214353908,
      0.8079401223789908,
      0.6735301521096076,
      0.9472004438518046,
      0.8488911674523533,
      0.5243036147538319,
      0.8827769602877474,
      0.7622830626976891,
      0.0
    ]
  ]
}