{
  "servicechain": {
    "SC1": {
      "resptime": 29.843456772973816,
      "resptime_old": 19.843456772973813,
      "waittime": 15.747376838844636,
      "servicetime": 10.0,
      "networktime": 4.096079934129178,
      "services": {
        "MS1_1": {
          "meanserv": 0.05919275540019253,
          "stddevserv": 0.05919275540019253,
          "rate": 16.893959290105077,
          "cv": 1.0,
          "lambda": 0.15
        },
        "MS1_2": {
          "meanserv": 2.8937506016756362,
          "stddevserv": 2.8937506016756362,
          "rate": 0.3455722823594219,
          "cv": 1.0,
          "lambda": 0.15
        },
        "MS1_3": {
          "meanserv": 1.1126633850834908,
          "stddevserv": 1.1126633850834908,
          "rate": 0.8987444121970124,
          "cv": 1.0,
          "lambda": 0.15
        },
        "MS1_4": {
          "meanserv": 0.0680075783257017,
          "stddevserv": 0.0680075783257017,
          "rate": 14.704243624303205,
          "cv": 1.0,
          "lambda": 0.15
        },
        "MS1_5": {
          "meanserv": 0.4767609194612179,
          "stddevserv": 0.4767609194612179,
          "rate": 2.0974873551508555,
          "cv": 1.0,
          "lambda": 0.15
        },
        "MS1_6": {
          "meanserv": 0.15510312946850568,
          "stddevserv": 0.15510312946850568,
          "rate": 6.447323167667316,
          "cv": 1.0,
          "lambda": 0.15
        },
        "MS1_7": {
          "meanserv": 0.7668127274357062,
          "stddevserv": 0.7668127274357062,
          "rate": 1.3040993768375415,
          "cv": 1.0,
          "lambda": 0.15
        },
        "MS1_8": {
          "meanserv": 3.559614464469562,
          "stddevserv": 3.559614464469562,
          "rate": 0.28092930006368416,
          "cv": 1.0,
          "lambda": 0.15
        },
        "MS1_9": {
          "meanserv": 0.503403368394423,
          "stddevserv": 0.503403368394423,
          "rate": 1.9864785632830473,
          "cv": 1.0,
          "lambda": 0.15
        },
        "MS1_10": {
          "meanserv": 0.4046910702855637,
          "stddevserv": 0.4046910702855637,
          "rate": 2.471020670889442,
          "cv": 1.0,
          "lambda": 0.15
        }
      },
      "sensors": [
        "S1"
      ],
      "sources": [
        {
          "startTime": 0,
          "stopTime": -1,
          "lambda": 0.15
        }
      ]
    },
    "SC2": {
      "resptime": 34.51650643051207,
      "resptime_old": 24.516506430512063,
      "waittime": 19.478387968204842,
      "servicetime": 10.0,
      "networktime": 5.038118462307223,
      "services": {
        "MS2_1": {
          "meanserv": 0.9215415317058895,
          "stddevserv": 0.9215415317058895,
          "rate": 1.085138287960689,
          "cv": 1.0,
          "lambda": 0.15
        },
        "MS2_2": {
          "meanserv": 2.0544533429140808,
          "stddevserv": 2.0544533429140808,
          "rate": 0.4867474861130594,
          "cv": 1.0,
          "lambda": 0.15
        },
        "MS2_3": {
          "meanserv": 0.17518567866541712,
          "stddevserv": 0.17518567866541712,
          "rate": 5.708229163582919,
          "cv": 1.0,
          "lambda": 0.15
        },
        "MS2_4": {
          "meanserv": 2.213214949498518,
          "stddevserv": 2.213214949498518,
          "rate": 0.4518313958734941,
          "cv": 1.0,
          "lambda": 0.15
        },
        "MS2_5": {
          "meanserv": 1.53313704911411,
          "stddevserv": 1.53313704911411,
          "rate": 0.6522574094584879,
          "cv": 1.0,
          "lambda": 0.15
        },
        "MS2_6": {
          "meanserv": 0.1504624842290605,
          "stddevserv": 0.1504624842290605,
          "rate": 6.646174992549132,
          "cv": 1.0,
          "lambda": 0.15
        },
        "MS2_7": {
          "meanserv": 0.043375586514850184,
          "stddevserv": 0.043375586514850184,
          "rate": 23.054443302055116,
          "cv": 1.0,
          "lambda": 0.15
        },
        "MS2_8": {
          "meanserv": 1.4806060409673227,
          "stddevserv": 1.4806060409673227,
          "rate": 0.6753991084263516,
          "cv": 1.0,
          "lambda": 0.15
        },
        "MS2_9": {
          "meanserv": 0.7350235379574706,
          "stddevserv": 0.7350235379574706,
          "rate": 1.3605006484266648,
          "cv": 1.0,
          "lambda": 0.15
        },
        "MS2_10": {
          "meanserv": 0.6929997984332807,
          "stddevserv": 0.6929997984332807,
          "rate": 1.443001862714504,
          "cv": 1.0,
          "lambda": 0.15
        }
      },
      "sensors": [
        "S2"
      ],
      "sources": [
        {
          "startTime": 0,
          "stopTime": -1,
          "lambda": 0.15
        }
      ]
    },
    "SC3": {
      "resptime": 34.7264949972548,
      "resptime_old": 24.7264949972548,
      "waittime": 19.623858751673012,
      "servicetime": 10.0,
      "networktime": 5.102636245581786,
      "services": {
        "MS3_1": {
          "meanserv": 0.9733945071904493,
          "stddevserv": 0.9733945071904493,
          "rate": 1.0273326925650559,
          "cv": 1.0,
          "lambda": 0.15
        },
        "MS3_2": {
          "meanserv": 0.0467263094517012,
          "stddevserv": 0.0467263094517012,
          "rate": 21.40121939297717,
          "cv": 1.0,
          "lambda": 0.15
        },
        "MS3_3": {
          "meanserv": 0.48732504864487103,
          "stddevserv": 0.48732504864487103,
          "rate": 2.0520184685370673,
          "cv": 1.0,
          "lambda": 0.15
        },
        "MS3_4": {
          "meanserv": 0.23521229775497754,
          "stddevserv": 0.23521229775497754,
          "rate": 4.251478385886556,
          "cv": 1.0,
          "lambda": 0.15
        },
        "MS3_5": {
          "meanserv": 1.6284298723048973,
          "stddevserv": 1.6284298723048973,
          "rate": 0.6140884646046127,
          "cv": 1.0,
          "lambda": 0.15
        },
        "MS3_6": {
          "meanserv": 0.5970477065622513,
          "stddevserv": 0.5970477065622513,
          "rate": 1.674908033326035,
          "cv": 1.0,
          "lambda": 0.15
        },
        "MS3_7": {
          "meanserv": 0.30068392890271234,
          "stddevserv": 0.30068392890271234,
          "rate": 3.325751408295435,
          "cv": 1.0,
          "lambda": 0.15
        },
        "MS3_8": {
          "meanserv": 1.3531392428502702,
          "stddevserv": 1.3531392428502702,
          "rate": 0.7390222442249084,
          "cv": 1.0,
          "lambda": 0.15
        },
        "MS3_9": {
          "meanserv": 1.6956163802757338,
          "stddevserv": 1.6956163802757338,
          "rate": 0.5897560389440119,
          "cv": 1.0,
          "lambda": 0.15
        },
        "MS3_10": {
          "meanserv": 2.682424706062136,
          "stddevserv": 2.682424706062136,
          "rate": 0.37279704356288307,
          "cv": 1.0,
          "lambda": 0.15
        }
      },
      "sensors": [
        "S3"
      ],
      "sources": [
        {
          "startTime": 0,
          "stopTime": -1,
          "lambda": 0.15
        }
      ]
    },
    "SC4": {
      "resptime": 32.83805867054864,
      "resptime_old": 22.83805867054864,
      "waittime": 18.52460640833281,
      "servicetime": 10.0,
      "networktime": 4.313452262215831,
      "services": {
        "MS4_1": {
          "meanserv": 2.023844686432162,
          "stddevserv": 2.023844686432162,
          "rate": 0.49410906217457873,
          "cv": 1.0,
          "lambda": 0.15
        },
        "MS4_2": {
          "meanserv": 1.8083283761575686,
          "stddevserv": 1.8083283761575686,
          "rate": 0.5529969076329226,
          "cv": 1.0,
          "lambda": 0.15
        },
        "MS4_3": {
          "meanserv": 0.014227444627493036,
          "stddevserv": 0.014227444627493036,
          "rate": 70.28669070112602,
          "cv": 1.0,
          "lambda": 0.15
        },
        "MS4_4": {
          "meanserv": 0.5662677903536864,
          "stddevserv": 0.5662677903536864,
          "rate": 1.7659489327044506,
          "cv": 1.0,
          "lambda": 0.15
        },
        "MS4_5": {
          "meanserv": 0.5035824249074956,
          "stddevserv": 0.5035824249074956,
          "rate": 1.9857722401326707,
          "cv": 1.0,
          "lambda": 0.15
        },
        "MS4_6": {
          "meanserv": 0.41619000141947726,
          "stddevserv": 0.41619000141947726,
          "rate": 2.402748736368853,
          "cv": 1.0,
          "lambda": 0.15
        },
        "MS4_7": {
          "meanserv": 0.1173960699981329,
          "stddevserv": 0.1173960699981329,
          "rate": 8.518172712390664,
          "cv": 1.0,
          "lambda": 0.15
        },
        "MS4_8": {
          "meanserv": 0.07185656970010168,
          "stddevserv": 0.07185656970010168,
          "rate": 13.916611997672149,
          "cv": 1.0,
          "lambda": 0.15
        },
        "MS4_9": {
          "meanserv": 1.3591022341436227,
          "stddevserv": 1.3591022341436227,
          "rate": 0.7357798220603361,
          "cv": 1.0,
          "lambda": 0.15
        },
        "MS4_10": {
          "meanserv": 3.1192044022602596,
          "stddevserv": 3.1192044022602596,
          "rate": 0.32059457189640184,
          "cv": 1.0,
          "lambda": 0.15
        }
      },
      "sensors": [
        "S4"
      ],
      "sources": [
        {
          "startTime": 0,
          "stopTime": -1,
          "lambda": 0.15
        }
      ]
    }
  },
  "microservice": {
    "MS1_1": "F8",
    "MS1_2": "F7",
    "MS1_3": "F6",
    "MS1_4": "F6",
    "MS1_5": "F6",
    "MS1_6": "F6",
    "MS1_7": "F6",
    "MS1_8": "F2",
    "MS1_9": "F8",
    "MS1_10": "F8",
    "MS2_1": "F1",
    "MS2_2": "F1",
    "MS2_3": "F8",
    "MS2_4": "F9",
    "MS2_5": "F4",
    "MS2_6": "F6",
    "MS2_7": "F6",
    "MS2_8": "F3",
    "MS2_9": "F3",
    "MS2_10": "F3",
    "MS3_1": "F3",
    "MS3_2": "F8",
    "MS3_3": "F8",
    "MS3_4": "F8",
    "MS3_5": "F4",
    "MS3_6": "F6",
    "MS3_7": "F6",
    "MS3_8": "F1",
    "MS3_9": "F10",
    "MS3_10": "F10",
    "MS4_1": "F9",
    "MS4_2": "F7",
    "MS4_3": "F8",
    "MS4_4": "F8",
    "MS4_5": "F8",
    "MS4_6": "F8",
    "MS4_7": "F8",
    "MS4_8": "F8",
    "MS4_9": "F4",
    "MS4_10": "F5"
  },
  "sensor": {
    "S1": "F8",
    "S2": "F1",
    "S3": "F3",
    "S4": "F9"
  },
  "fog": {
    "F1": {
      "rho": 0.649370117620536,
      "capacity": 1.0,
      "tserv": 1.4430447058234135,
      "stddev": 1.586912328791062,
      "mu": 0.6929792236959087,
      "cv": 1.0996972736790969,
      "lambda": 0.44999999999999996,
      "twait": 2.952259700419332
    },
    "F2": {
      "rho": 0.5339421696704343,
      "capacity": 1.0,
      "tserv": 3.559614464469562,
      "stddev": 3.559614464469562,
      "mu": 0.28092930006368416,
      "cv": 1.0,
      "lambda": 0.15,
      "twait": 4.078095349251269
    },
    "F3": {
      "rho": 0.5823035826822784,
      "capacity": 1.0,
      "tserv": 0.9705059711371308,
      "stddev": 1.0668729439656581,
      "mu": 1.030390363109576,
      "cv": 1.0992956001245568,
      "lambda": 0.6,
      "twait": 1.4939795739233335
    },
    "F4": {
      "rho": 0.6781003733343944,
      "capacity": 1.0,
      "tserv": 1.5068897185208767,
      "stddev": 1.5151186988834817,
      "mu": 0.6636185698987804,
      "cv": 1.0054609041799571,
      "lambda": 0.44999999999999996,
      "twait": 3.191733404998993
    },
    "F5": {
      "rho": 0.46788066033903897,
      "capacity": 1.0,
      "tserv": 3.1192044022602596,
      "stddev": 3.1192044022602596,
      "mu": 0.32059457189640184,
      "cv": 1.0,
      "lambda": 0.15,
      "twait": 2.7426468212785347
    },
    "F6": {
      "rho": 0.5506376168975246,
      "capacity": 1.0,
      "tserv": 0.4078797162203886,
      "stddev": 0.6332904125593894,
      "mu": 2.4517031865827636,
      "cv": 1.552640122504168,
      "lambda": 1.3499999999999999,
      "twait": 0.8523416196914521
    },
    "F7": {
      "rho": 0.7053118466749807,
      "capacity": 1.0,
      "tserv": 2.3510394889166024,
      "stddev": 2.4731472625522195,
      "mu": 0.4253437701553947,
      "cv": 1.051937780803455,
      "lambda": 0.3,
      "twait": 5.926864006578748
    },
    "F8": {
      "rho": 0.54018852444053,
      "capacity": 1.0,
      "tserv": 0.2770197561233488,
      "stddev": 0.39500419863022335,
      "mu": 3.60985084238804,
      "cv": 1.4259062391721244,
      "lambda": 1.9499999999999995,
      "twait": 0.4935697948524521
    },
    "F9": {
      "rho": 0.635558945389602,
      "capacity": 1.0,
      "tserv": 2.11852981796534,
      "stddev": 2.1227574373618783,
      "mu": 0.472025454407062,
      "cv": 1.001995543966711,
      "lambda": 0.3,
      "twait": 3.7019434063618273
    },
    "F10": {
      "rho": 0.6567061629506805,
      "capacity": 1.0,
      "tserv": 2.1890205431689354,
      "stddev": 2.2975435304551466,
      "mu": 0.4568253153770545,
      "cv": 1.0495760478926834,
      "lambda": 0.3,
      "twait": 4.400246724195546
    }
  },
  "extra": {
    "deltatime": 3.8590486,
    "conv": 8,
    "obj_func": 32.98112921782233
  },
  "network": [
    [
      0.0,
      1.1867480861714033,
      1.2677633255185397,
      1.002487615624333,
      1.2408286589533506,
      1.1871731624800994,
      0.5681075597879828,
      1.2091946001489653,
      1.0004672971133723,
      1.0004672971133723
    ],
    [
      1.1867480861714033,
      0.0,
      1.236102076154782,
      0.7346080318301429,
      0.8517451306060673,
      0.7678553726406259,
      1.128234385931189,
      1.0004672971133723,
      1.254277021139508,
      1.254277021139508
    ],
    [
      1.2677633255185397,
      1.236102076154782,
      0.0,
      1.0128412041187471,
      1.3256033850874134,
      0.9519919126664633,
      1.2091946001489653,
      1.254277021139508,
      1.092611205060824,
      1.092611205060824
    ],
    [
      1.002487615624333,
      0.7346080318301429,
      1.0128412041187471,
      0.0,
      0.854026532739168,
      0.5681075597879828,
      1.0004672971133723,
      1.092611205060824,
      1.201137879756439,
      1.201137879756439
    ],
    [
      1.2408286589533506,
      0.8517451306060673,
      1.3256033850874134,
      0.854026532739168,
      0.0,
      1.128234385931189,
      1.254277021139508,
      1.201137879756439,
      1.1011064151257377,
      1.1011064151257377
    ],
    [
      1.1871731624800994,
      0.7678553726406259,
      0.9519919126664633,
      0.5681075597879828,
      1.128234385931189,
      0.0,
      1.092611205060824,
      1.1011064151257377,
      1.235146059314356,
      1.235146059314356
    ],
    [
      0.5681075597879828,
      1.128234385931189,
      1.2091946001489653,
      1.0004672971133723,
      1.254277021139508,
      1.092611205060824,
      0.0,
      1.235146059314356,
      1.131668465101483,
      1.131668465101483
    ],
    [
      1.2091946001489653,
      1.0004672971133723,
      1.254277021139508,
      1.092611205060824,
      1.201137879756439,
      1.1011064151257377,
      1.235146059314356,
      0.0,
      1.1076865099473725,
      1.1076865099473725
    ],
    [
      1.0004672971133723,
      1.254277021139508,
      1.092611205060824,
      1.201137879756439,
      1.1011064151257377,
      1.235146059314356,
      1.131668465101483,
      1.1076865099473725,
      0.0,
      1.0000772066704462
    ],
    [
      1.0004672971133723,
      1.254277021139508,
      1.092611205060824,
      1.201137879756439,
      1.1011064151257377,
      1.235146059314356,
      1.131668465101483,
      1.1076865099473725,
      1.0000772066704462,
      0.0
    ]
  ]
}