{
  "servicechain": {
    "SC1": {
      "resptime": 30.969664679533473,
      "resptime_old": 20.969664679533476,
      "waittime": 18.676138525143152,
      "servicetime": 10.0,
      "networktime": 2.2935261543903227,
      "services": {
        "MS1_1": {
          "meanserv": 0.7913023505321892,
          "stddevserv": 0.7913023505321892,
          "rate": 1.2637394534812787,
          "cv": 1.0,
          "lambda": 0.15
        },
        "MS1_2": {
          "meanserv": 0.9543903211306826,
          "stddevserv": 0.9543903211306826,
          "rate": 1.0477893350964445,
          "cv": 1.0,
          "lambda": 0.15
        },
        "MS1_3": {
          "meanserv": 0.7085887145042593,
          "stddevserv": 0.7085887145042593,
          "rate": 1.4112558943302067,
          "cv": 1.0,
          "lambda": 0.15
        },
        "MS1_4": {
          "meanserv": 1.7925925117298522,
          "stddevserv": 1.7925925117298522,
          "rate": 0.5578512648337461,
          "cv": 1.0,
          "lambda": 0.15
        },
        "MS1_5": {
          "meanserv": 0.22375654869180028,
          "stddevserv": 0.22375654869180028,
          "rate": 4.469142940604561,
          "cv": 1.0,
          "lambda": 0.15
        },
        "MS1_6": {
          "meanserv": 0.7120976268683856,
          "stddevserv": 0.7120976268683856,
          "rate": 1.4043018292277307,
          "cv": 1.0,
          "lambda": 0.15
        },
        "MS1_7": {
          "meanserv": 0.6430604672358342,
          "stddevserv": 0.6430604672358342,
          "rate": 1.5550637163227494,
          "cv": 1.0,
          "lambda": 0.15
        },
        "MS1_8": {
          "meanserv": 0.09028363330946032,
          "stddevserv": 0.09028363330946032,
          "rate": 11.076204660177488,
          "cv": 1.0,
          "lambda": 0.15
        },
        "MS1_9": {
          "meanserv": 2.2120741642443225,
          "stddevserv": 2.2120741642443225,
          "rate": 0.45206440912509593,
          "cv": 1.0,
          "lambda": 0.15
        },
        "MS1_10": {
          "meanserv": 0.2808571281930181,
          "stddevserv": 0.2808571281930181,
          "rate": 3.5605291787814384,
          "cv": 1.0,
          "lambda": 0.15
        },
        "MS1_11": {
          "meanserv": 0.06280270257060572,
          "stddevserv": 0.06280270257060572,
          "rate": 15.922881644715106,
          "cv": 1.0,
          "lambda": 0.15
        },
        "MS1_12": {
          "meanserv": 0.1205320347676615,
          "stddevserv": 0.1205320347676615,
          "rate": 8.296549559854423,
          "cv": 1.0,
          "lambda": 0.15
        },
        "MS1_13": {
          "meanserv": 0.29003290592557285,
          "stddevserv": 0.29003290592557285,
          "rate": 3.447884635051087,
          "cv": 1.0,
          "lambda": 0.15
        },
        "MS1_14": {
          "meanserv": 0.7005643207292032,
          "stddevserv": 0.7005643207292032,
          "rate": 1.4274206813146297,
          "cv": 1.0,
          "lambda": 0.15
        },
        "MS1_15": {
          "meanserv": 0.41706456956715243,
          "stddevserv": 0.41706456956715243,
          "rate": 2.3977102659136045,
          "cv": 1.0,
          "lambda": 0.15
        }
      },
      "sensors": [
        "S1"
      ],
      "sources": [
        {
          "startTime": 0,
          "stopTime": -1,
          "lambda": 0.15
        }
      ]
    },
    "SC2": {
      "resptime": 30.83265450170356,
      "resptime_old": 20.832654501703555,
      "waittime": 17.642203169313518,
      "servicetime": 10.0,
      "networktime": 3.1904513323900394,
      "services": {
        "MS2_1": {
          "meanserv": 0.9046857701073086,
          "stddevserv": 0.9046857701073086,
          "rate": 1.1053561723220051,
          "cv": 1.0,
          "lambda": 0.15
        },
        "MS2_2": {
          "meanserv": 0.9136919046816572,
          "stddevserv": 0.9136919046816572,
          "rate": 1.094460829603622,
          "cv": 1.0,
          "lambda": 0.15
        },
        "MS2_3": {
          "meanserv": 0.4975570715757851,
          "stddevserv": 0.4975570715757851,
          "rate": 2.009819691302861,
          "cv": 1.0,
          "lambda": 0.15
        },
        "MS2_4": {
          "meanserv": 0.11739502642546196,
          "stddevserv": 0.11739502642546196,
          "rate": 8.518248433931173,
          "cv": 1.0,
          "lambda": 0.15
        },
        "MS2_5": {
          "meanserv": 1.28024962841743,
          "stddevserv": 1.28024962841743,
          "rate": 0.7810976686133795,
          "cv": 1.0,
          "lambda": 0.15
        },
        "MS2_6": {
          "meanserv": 0.06946631066999354,
          "stddevserv": 0.06946631066999354,
          "rate": 14.395467246714702,
          "cv": 1.0,
          "lambda": 0.15
        },
        "MS2_7": {
          "meanserv": 0.4285523797697577,
          "stddevserv": 0.4285523797697577,
          "rate": 2.3334370480855946,
          "cv": 1.0,
          "lambda": 0.15
        },
        "MS2_8": {
          "meanserv": 0.18784376689546178,
          "stddevserv": 0.18784376689546178,
          "rate": 5.323572969852743,
          "cv": 1.0,
          "lambda": 0.15
        },
        "MS2_9": {
          "meanserv": 0.6246647534721301,
          "stddevserv": 0.6246647534721301,
          "rate": 1.600858691708809,
          "cv": 1.0,
          "lambda": 0.15
        },
        "MS2_10": {
          "meanserv": 1.0994546445952835,
          "stddevserv": 1.0994546445952835,
          "rate": 0.9095418395982188,
          "cv": 1.0,
          "lambda": 0.15
        },
        "MS2_11": {
          "meanserv": 0.17386064753650565,
          "stddevserv": 0.17386064753650565,
          "rate": 5.7517328628954365,
          "cv": 1.0,
          "lambda": 0.15
        },
        "MS2_12": {
          "meanserv": 0.23462215732523006,
          "stddevserv": 0.23462215732523006,
          "rate": 4.262172044619867,
          "cv": 1.0,
          "lambda": 0.15
        },
        "MS2_13": {
          "meanserv": 0.30327268128940066,
          "stddevserv": 0.30327268128940066,
          "rate": 3.29736261027,
          "cv": 1.0,
          "lambda": 0.15
        },
        "MS2_14": {
          "meanserv": 0.35368625653942853,
          "stddevserv": 0.35368625653942853,
          "rate": 2.8273645964768246,
          "cv": 1.0,
          "lambda": 0.15
        },
        "MS2_15": {
          "meanserv": 2.8109970006991656,
          "stddevserv": 2.8109970006991656,
          "rate": 0.35574566595100415,
          "cv": 1.0,
          "lambda": 0.15
        }
      },
      "sensors": [
        "S2"
      ],
      "sources": [
        {
          "startTime": 0,
          "stopTime": -1,
          "lambda": 0.15
        }
      ]
    },
    "SC3": {
      "resptime": 29.222879148996267,
      "resptime_old": 19.222879148996267,
      "waittime": 16.166730153484604,
      "servicetime": 10.0,
      "networktime": 3.0561489955116627,
      "services": {
        "MS3_1": {
          "meanserv": 0.7587616017190513,
          "stddevserv": 0.7587616017190513,
          "rate": 1.3179370143855444,
          "cv": 1.0,
          "lambda": 0.15
        },
        "MS3_2": {
          "meanserv": 0.25721967318873107,
          "stddevserv": 0.25721967318873107,
          "rate": 3.8877275116754584,
          "cv": 1.0,
          "lambda": 0.15
        },
        "MS3_3": {
          "meanserv": 2.7202298821781334,
          "stddevserv": 2.7202298821781334,
          "rate": 0.36761598957191194,
          "cv": 1.0,
          "lambda": 0.15
        },
        "MS3_4": {
          "meanserv": 1.0331626418245623,
          "stddevserv": 1.0331626418245623,
          "rate": 0.9679018186662294,
          "cv": 1.0,
          "lambda": 0.15
        },
        "MS3_5": {
          "meanserv": 0.664015085489738,
          "stddevserv": 0.664015085489738,
          "rate": 1.5059898816341795,
          "cv": 1.0,
          "lambda": 0.15
        },
        "MS3_6": {
          "meanserv": 0.3861751205218624,
          "stddevserv": 0.3861751205218624,
          "rate": 2.5894987710462494,
          "cv": 1.0,
          "lambda": 0.15
        },
        "MS3_7": {
          "meanserv": 0.7931132122808755,
          "stddevserv": 0.7931132122808755,
          "rate": 1.2608540426708426,
          "cv": 1.0,
          "lambda": 0.15
        },
        "MS3_8": {
          "meanserv": 0.23465971495981108,
          "stddevserv": 0.23465971495981108,
          "rate": 4.261489877677831,
          "cv": 1.0,
          "lambda": 0.15
        },
        "MS3_9": {
          "meanserv": 0.36129878447093144,
          "stddevserv": 0.36129878447093144,
          "rate": 2.767792317553329,
          "cv": 1.0,
          "lambda": 0.15
        },
        "MS3_10": {
          "meanserv": 0.2125336195275489,
          "stddevserv": 0.2125336195275489,
          "rate": 4.705137955223026,
          "cv": 1.0,
          "lambda": 0.15
        },
        "MS3_11": {
          "meanserv": 0.10513725409761232,
          "stddevserv": 0.10513725409761232,
          "rate": 9.511376424873836,
          "cv": 1.0,
          "lambda": 0.15
        },
        "MS3_12": {
          "meanserv": 0.8802189059120087,
          "stddevserv": 0.8802189059120087,
          "rate": 1.1360810285753682,
          "cv": 1.0,
          "lambda": 0.15
        },
        "MS3_13": {
          "meanserv": 0.9829116363849462,
          "stddevserv": 0.9829116363849462,
          "rate": 1.0173854525498378,
          "cv": 1.0,
          "lambda": 0.15
        },
        "MS3_14": {
          "meanserv": 0.3538100598702343,
          "stddevserv": 0.3538100598702343,
          "rate": 2.826375260123374,
          "cv": 1.0,
          "lambda": 0.15
        },
        "MS3_15": {
          "meanserv": 0.25675280757395313,
          "stddevserv": 0.25675280757395313,
          "rate": 3.894796748082171,
          "cv": 1.0,
          "lambda": 0.15
        }
      },
      "sensors": [
        "S3"
      ],
      "sources": [
        {
          "startTime": 0,
          "stopTime": -1,
          "lambda": 0.15
        }
      ]
    },
    "SC4": {
      "resptime": 36.985064380107936,
      "resptime_old": 26.985064380107932,
      "waittime": 23.015211733967316,
      "servicetime": 10.0,
      "networktime": 3.9698526461406134,
      "services": {
        "MS4_1": {
          "meanserv": 1.0058543999124026,
          "stddevserv": 1.0058543999124026,
          "rate": 0.9941796746001087,
          "cv": 1.0,
          "lambda": 0.15
        },
        "MS4_2": {
          "meanserv": 0.11490893765655374,
          "stddevserv": 0.11490893765655374,
          "rate": 8.70254325202149,
          "cv": 1.0,
          "lambda": 0.15
        },
        "MS4_3": {
          "meanserv": 0.3142883404039676,
          "stddevserv": 0.3142883404039676,
          "rate": 3.1817915953059517,
          "cv": 1.0,
          "lambda": 0.15
        },
        "MS4_4": {
          "meanserv": 0.6709312644258512,
          "stddevserv": 0.6709312644258512,
          "rate": 1.4904656453232197,
          "cv": 1.0,
          "lambda": 0.15
        },
        "MS4_5": {
          "meanserv": 0.0544142883224934,
          "stddevserv": 0.0544142883224934,
          "rate": 18.377526029071063,
          "cv": 1.0,
          "lambda": 0.15
        },
        "MS4_6": {
          "meanserv": 0.054307513980901057,
          "stddevserv": 0.054307513980901057,
          "rate": 18.413658197495128,
          "cv": 1.0,
          "lambda": 0.15
        },
        "MS4_7": {
          "meanserv": 1.203222476125394,
          "stddevserv": 1.203222476125394,
          "rate": 0.831101496059308,
          "cv": 1.0,
          "lambda": 0.15
        },
        "MS4_8": {
          "meanserv": 0.3890154553867329,
          "stddevserv": 0.3890154553867329,
          "rate": 2.570591955031369,
          "cv": 1.0,
          "lambda": 0.15
        },
        "MS4_9": {
          "meanserv": 0.6387958249033385,
          "stddevserv": 0.6387958249033385,
          "rate": 1.565445422488975,
          "cv": 1.0,
          "lambda": 0.15
        },
        "MS4_10": {
          "meanserv": 3.1380012105673316,
          "stddevserv": 3.1380012105673316,
          "rate": 0.31867419191314017,
          "cv": 1.0,
          "lambda": 0.15
        },
        "MS4_11": {
          "meanserv": 0.03451541176245776,
          "stddevserv": 0.03451541176245776,
          "rate": 28.972564687398428,
          "cv": 1.0,
          "lambda": 0.15
        },
        "MS4_12": {
          "meanserv": 0.005746175616177851,
          "stddevserv": 0.005746175616177851,
          "rate": 174.02879180799627,
          "cv": 1.0,
          "lambda": 0.15
        },
        "MS4_13": {
          "meanserv": 0.7700397163534927,
          "stddevserv": 0.7700397163534927,
          "rate": 1.298634315559046,
          "cv": 1.0,
          "lambda": 0.15
        },
        "MS4_14": {
          "meanserv": 0.6553858343987748,
          "stddevserv": 0.6553858343987748,
          "rate": 1.5258187582240934,
          "cv": 1.0,
          "lambda": 0.15
        },
        "MS4_15": {
          "meanserv": 0.9505731501841304,
          "stddevserv": 0.9505731501841304,
          "rate": 1.051996892407802,
          "cv": 1.0,
          "lambda": 0.15
        }
      },
      "sensors": [
        "S4"
      ],
      "sources": [
        {
          "startTime": 0,
          "stopTime": -1,
          "lambda": 0.15
        }
      ]
    }
  },
  "microservice": {
    "MS1_1": "F10",
    "MS1_2": "F10",
    "MS1_3": "F10",
    "MS1_4": "F6",
    "MS1_5": "F4",
    "MS1_6": "F4",
    "MS1_7": "F4",
    "MS1_8": "F4",
    "MS1_9": "F1",
    "MS1_10": "F5",
    "MS1_11": "F5",
    "MS1_12": "F5",
    "MS1_13": "F5",
    "MS1_14": "F5",
    "MS1_15": "F5",
    "MS2_1": "F2",
    "MS2_2": "F4",
    "MS2_3": "F4",
    "MS2_4": "F4",
    "MS2_5": "F8",
    "MS2_6": "F3",
    "MS2_7": "F3",
    "MS2_8": "F3",
    "MS2_9": "F10",
    "MS2_10": "F10",
    "MS2_11": "F3",
    "MS2_12": "F3",
    "MS2_13": "F3",
    "MS2_14": "F3",
    "MS2_15": "F6",
    "MS3_1": "F3",
    "MS3_2": "F3",
    "MS3_3": "F9",
    "MS3_4": "F2",
    "MS3_5": "F2",
    "MS3_6": "F2",
    "MS3_7": "F2",
    "MS3_8": "F5",
    "MS3_9": "F5",
    "MS3_10": "F5",
    "MS3_11": "F5",
    "MS3_12": "F8",
    "MS3_13": "F8",
    "MS3_14": "F4",
    "MS3_15": "F4",
    "MS4_1": "F7",
    "MS4_2": "F5",
    "MS4_3": "F5",
    "MS4_4": "F5",
    "MS4_5": "F5",
    "MS4_6": "F5",
    "MS4_7": "F9",
    "MS4_8": "F3",
    "MS4_9": "F3",
    "MS4_10": "F7",
    "MS4_11": "F5",
    "MS4_12": "F5",
    "MS4_13": "F1",
    "MS4_14": "F1",
    "MS4_15": "F8"
  },
  "sensor": {
    "S1": "F10",
    "S2": "F2",
    "S3": "F3",
    "S4": "F7"
  },
  "fog": {
    "F1": {
      "rho": 0.5456249572494885,
      "capacity": 1.0,
      "tserv": 1.2124999049988634,
      "stddev": 1.5727957772442855,
      "mu": 0.8247423326609972,
      "cv": 1.297151258123818,
      "lambda": 0.44999999999999996,
      "twait": 1.9529342420522617
    },
    "F2": {
      "rho": 0.5671727745336519,
      "capacity": 1.0,
      "tserv": 0.7562303660448692,
      "stddev": 0.8185954546021322,
      "mu": 1.322348380732264,
      "cv": 1.082468373867921,
      "lambda": 0.75,
      "twait": 1.0760496438435612
    },
    "F3": {
      "rho": 0.5692645132835448,
      "capacity": 1.0,
      "tserv": 0.34500879592942113,
      "stddev": 0.44163224890925973,
      "mu": 2.898476826673634,
      "cv": 1.2800608393752517,
      "lambda": 1.6499999999999997,
      "twait": 0.6015474713381441
    },
    "F4": {
      "rho": 0.5712607719348858,
      "capacity": 1.0,
      "tserv": 0.4231561273591747,
      "stddev": 0.5696654040828026,
      "mu": 2.363193949809453,
      "cv": 1.3462298363442364,
      "lambda": 1.3499999999999999,
      "twait": 0.7928277371004187
    },
    "F5": {
      "rho": 0.6051892450466281,
      "capacity": 1.0,
      "tserv": 0.23732911570456006,
      "stddev": 0.37235856742193607,
      "mu": 4.213558024818385,
      "cv": 1.5689544298705764,
      "lambda": 2.5499999999999994,
      "twait": 0.6296546181821502
    },
    "F6": {
      "rho": 0.6905384268643526,
      "capacity": 1.0,
      "tserv": 2.301794756214509,
      "stddev": 2.411811135083557,
      "mu": 0.43444359984753045,
      "cv": 1.047795911678059,
      "lambda": 0.3,
      "twait": 5.3876279072834325
    },
    "F7": {
      "rho": 0.6215783415719601,
      "capacity": 1.0,
      "tserv": 2.0719278052398673,
      "stddev": 2.56240313791938,
      "mu": 0.4826422993460575,
      "cv": 1.2367241423369626,
      "lambda": 0.3,
      "twait": 4.304244126691577
    },
    "F8": {
      "rho": 0.6140929981347772,
      "capacity": 1.0,
      "tserv": 1.0234883302246287,
      "stddev": 1.0460574334059816,
      "mu": 0.9770507102709479,
      "cv": 1.0220511582935192,
      "lambda": 0.6,
      "twait": 1.6649849619763433
    },
    "F9": {
      "rho": 0.5885178537455291,
      "capacity": 1.0,
      "tserv": 1.9617261791517637,
      "stddev": 2.2358500256007354,
      "mu": 0.50975513842222,
      "cv": 1.1397360392914269,
      "lambda": 0.3,
      "twait": 3.225192764551953
    },
    "F10": {
      "rho": 0.6267601176351818,
      "capacity": 1.0,
      "tserv": 0.8356801568469091,
      "stddev": 0.8699934527872829,
      "mu": 1.196630064513059,
      "cv": 1.0410603215347851,
      "lambda": 0.75,
      "twait": 1.4621125727709594
    }
  },
  "extra": {
    "deltatime": 9.3826053,
    "conv": 6,
    "obj_func": 32.00256567758531
  },
  "network": [
    [
      0.0,
      0.8705005257838134,
      0.5735752952720325,
      0.6812766353396703,
      0.5758748779605579,
      0.8483509347350063,
      0.4826614349948943,
      0.5827242441239623,
      0.8424155367617866,
      0.8424155367617866
    ],
    [
      0.8705005257838134,
      0.0,
      0.7614068700909636,
      0.44006695252053274,
      0.761053158117804,
      0.9463786435028458,
      0.6162909905188915,
      0.8424155367617866,
      0.5236268424732666,
      0.5236268424732666
    ],
    [
      0.5735752952720325,
      0.7614068700909636,
      0.0,
      0.7571768725540479,
      0.5669923914139018,
      0.7942269449138858,
      0.5827242441239623,
      0.5236268424732666,
      0.477510197494118,
      0.477510197494118
    ],
    [
      0.6812766353396703,
      0.44006695252053274,
      0.7571768725540479,
      0.0,
      0.8241178382435402,
      0.4826614349948943,
      0.8424155367617866,
      0.477510197494118,
      0.8164485999323561,
      0.8164485999323561
    ],
    [
      0.5758748779605579,
      0.761053158117804,
      0.5669923914139018,
      0.8241178382435402,
      0.0,
      0.6162909905188915,
      0.5236268424732666,
      0.8164485999323561,
      0.7037653974914798,
      0.7037653974914798
    ],
    [
      0.8483509347350063,
      0.9463786435028458,
      0.7942269449138858,
      0.4826614349948943,
      0.6162909905188915,
      0.0,
      0.477510197494118,
      0.7037653974914798,
      0.5537132060952005,
      0.5537132060952005
    ],
    [
      0.4826614349948943,
      0.6162909905188915,
      0.5827242441239623,
      0.8424155367617866,
      0.5236268424732666,
      0.477510197494118,
      0.0,
      0.5537132060952005,
      0.7881197717296186,
      0.7881197717296186
    ],
    [
      0.5827242441239623,
      0.8424155367617866,
      0.5236268424732666,
      0.477510197494118,
      0.8164485999323561,
      0.7037653974914798,
      0.5537132060952005,
      0.0,
      0.680191028440232,
      0.680191028440232
    ],
    [
      0.8424155367617866,
      0.5236268424732666,
      0.477510197494118,
      0.8164485999323561,
      0.7037653974914798,
      0.5537132060952005,
      0.7881197717296186,
      0.680191028440232,
      0.0,
      0.542570338335348
    ],
    [
      0.8424155367617866,
      0.5236268424732666,
      0.477510197494118,
      0.8164485999323561,
      0.7037653974914798,
      0.5537132060952005,
      0.7881197717296186,
      0.680191028440232,
      0.542570338335348,
      0.0
    ]
  ]
}