{
  "servicechain": {
    "SC1": {
      "resptime": 33.53145072180201,
      "resptime_old": 23.53145072180201,
      "waittime": 18.307715209255512,
      "servicetime": 10.0,
      "networktime": 5.223735512546499,
      "services": {
        "MS1_1": {
          "meanserv": 0.10813975073670656,
          "stddevserv": 0.10813975073670656,
          "rate": 9.247293369805814,
          "cv": 1.0,
          "lambda": 0.15
        },
        "MS1_2": {
          "meanserv": 1.3072111920208496,
          "stddevserv": 1.3072111920208496,
          "rate": 0.7649873303594316,
          "cv": 1.0,
          "lambda": 0.15
        },
        "MS1_3": {
          "meanserv": 1.9574660078428563,
          "stddevserv": 1.9574660078428563,
          "rate": 0.5108645544767382,
          "cv": 1.0,
          "lambda": 0.15
        },
        "MS1_4": {
          "meanserv": 0.28404172794465055,
          "stddevserv": 0.28404172794465055,
          "rate": 3.520609479586266,
          "cv": 1.0,
          "lambda": 0.15
        },
        "MS1_5": {
          "meanserv": 0.8456798530021641,
          "stddevserv": 0.8456798530021641,
          "rate": 1.1824805763670487,
          "cv": 1.0,
          "lambda": 0.15
        },
        "MS1_6": {
          "meanserv": 2.8179705607392256,
          "stddevserv": 2.8179705607392256,
          "rate": 0.3548653112038454,
          "cv": 1.0,
          "lambda": 0.15
        },
        "MS1_7": {
          "meanserv": 0.057188213008084965,
          "stddevserv": 0.057188213008084965,
          "rate": 17.48612078259248,
          "cv": 1.0,
          "lambda": 0.15
        },
        "MS1_8": {
          "meanserv": 1.0776316052329626,
          "stddevserv": 1.0776316052329626,
          "rate": 0.9279609053261014,
          "cv": 1.0,
          "lambda": 0.15
        },
        "MS1_9": {
          "meanserv": 1.277151157990609,
          "stddevserv": 1.277151157990609,
          "rate": 0.7829926737672449,
          "cv": 1.0,
          "lambda": 0.15
        },
        "MS1_10": {
          "meanserv": 0.2675199314818908,
          "stddevserv": 0.2675199314818908,
          "rate": 3.738039234910962,
          "cv": 1.0,
          "lambda": 0.15
        }
      },
      "sensors": [
        "S1"
      ],
      "sources": [
        {
          "startTime": 0,
          "stopTime": -1,
          "lambda": 0.15
        }
      ]
    },
    "SC2": {
      "resptime": 32.03226162810807,
      "resptime_old": 22.032261628108063,
      "waittime": 17.778881030621275,
      "servicetime": 10.0,
      "networktime": 4.253380597486792,
      "services": {
        "MS2_1": {
          "meanserv": 0.8337685392107852,
          "stddevserv": 0.8337685392107852,
          "rate": 1.1993736306560132,
          "cv": 1.0,
          "lambda": 0.15
        },
        "MS2_2": {
          "meanserv": 2.1873815910415635,
          "stddevserv": 2.1873815910415635,
          "rate": 0.4571676035381787,
          "cv": 1.0,
          "lambda": 0.15
        },
        "MS2_3": {
          "meanserv": 0.1429826147541391,
          "stddevserv": 0.1429826147541391,
          "rate": 6.993857272225131,
          "cv": 1.0,
          "lambda": 0.15
        },
        "MS2_4": {
          "meanserv": 0.4344505543563928,
          "stddevserv": 0.4344505543563928,
          "rate": 2.3017579100144734,
          "cv": 1.0,
          "lambda": 0.15
        },
        "MS2_5": {
          "meanserv": 1.1708394333827563,
          "stddevserv": 1.1708394333827563,
          "rate": 0.8540880768858529,
          "cv": 1.0,
          "lambda": 0.15
        },
        "MS2_6": {
          "meanserv": 3.194547453260318,
          "stddevserv": 3.194547453260318,
          "rate": 0.3130333841118596,
          "cv": 1.0,
          "lambda": 0.15
        },
        "MS2_7": {
          "meanserv": 0.41052997206556974,
          "stddevserv": 0.41052997206556974,
          "rate": 2.4358757412242737,
          "cv": 1.0,
          "lambda": 0.15
        },
        "MS2_8": {
          "meanserv": 0.9853458351851181,
          "stddevserv": 0.9853458351851181,
          "rate": 1.0148721030643306,
          "cv": 1.0,
          "lambda": 0.15
        },
        "MS2_9": {
          "meanserv": 0.5911173561717042,
          "stddevserv": 0.5911173561717042,
          "rate": 1.6917114504577768,
          "cv": 1.0,
          "lambda": 0.15
        },
        "MS2_10": {
          "meanserv": 0.04903665057165263,
          "stddevserv": 0.04903665057165263,
          "rate": 20.39290996310595,
          "cv": 1.0,
          "lambda": 0.15
        }
      },
      "sensors": [
        "S2"
      ],
      "sources": [
        {
          "startTime": 0,
          "stopTime": -1,
          "lambda": 0.15
        }
      ]
    },
    "SC3": {
      "resptime": 34.633633647069,
      "resptime_old": 24.633633647068997,
      "waittime": 21.04139173889307,
      "servicetime": 10.0,
      "networktime": 3.592241908175927,
      "services": {
        "MS3_1": {
          "meanserv": 0.2585592736576603,
          "stddevserv": 0.2585592736576603,
          "rate": 3.867585122179868,
          "cv": 1.0,
          "lambda": 0.15
        },
        "MS3_2": {
          "meanserv": 0.6554634788407931,
          "stddevserv": 0.6554634788407931,
          "rate": 1.525638013834928,
          "cv": 1.0,
          "lambda": 0.15
        },
        "MS3_3": {
          "meanserv": 0.010044666748623143,
          "stddevserv": 0.010044666748623143,
          "rate": 99.55531876028375,
          "cv": 1.0,
          "lambda": 0.15
        },
        "MS3_4": {
          "meanserv": 1.520426947736282,
          "stddevserv": 1.520426947736282,
          "rate": 0.6577099948727362,
          "cv": 1.0,
          "lambda": 0.15
        },
        "MS3_5": {
          "meanserv": 0.5813283759273546,
          "stddevserv": 0.5813283759273546,
          "rate": 1.7201981554827188,
          "cv": 1.0,
          "lambda": 0.15
        },
        "MS3_6": {
          "meanserv": 1.1244927349196177,
          "stddevserv": 1.1244927349196177,
          "rate": 0.8892898717317931,
          "cv": 1.0,
          "lambda": 0.15
        },
        "MS3_7": {
          "meanserv": 2.663722091260202,
          "stddevserv": 2.663722091260202,
          "rate": 0.37541453865665914,
          "cv": 1.0,
          "lambda": 0.15
        },
        "MS3_8": {
          "meanserv": 0.9761472693317605,
          "stddevserv": 0.9761472693317605,
          "rate": 1.0244355861227459,
          "cv": 1.0,
          "lambda": 0.15
        },
        "MS3_9": {
          "meanserv": 1.4908712425943556,
          "stddevserv": 1.4908712425943556,
          "rate": 0.6707487349878983,
          "cv": 1.0,
          "lambda": 0.15
        },
        "MS3_10": {
          "meanserv": 0.7189439189833511,
          "stddevserv": 0.7189439189833511,
          "rate": 1.390929074710148,
          "cv": 1.0,
          "lambda": 0.15
        }
      },
      "sensors": [
        "S3"
      ],
      "sources": [
        {
          "startTime": 0,
          "stopTime": -1,
          "lambda": 0.15
        }
      ]
    },
    "SC4": {
      "resptime": 36.62929067355789,
      "resptime_old": 26.629290673557893,
      "waittime": 20.772478066430846,
      "servicetime": 10.0,
      "networktime": 5.856812607127046,
      "services": {
        "MS4_1": {
          "meanserv": 0.2977451452832358,
          "stddevserv": 0.2977451452832358,
          "rate": 3.3585770107140815,
          "cv": 1.0,
          "lambda": 0.15
        },
        "MS4_2": {
          "meanserv": 0.005474949314817623,
          "stddevserv": 0.005474949314817623,
          "rate": 182.65009272205677,
          "cv": 1.0,
          "lambda": 0.15
        },
        "MS4_3": {
          "meanserv": 1.0177824350685838,
          "stddevserv": 1.0177824350685838,
          "rate": 0.9825282551006242,
          "cv": 1.0,
          "lambda": 0.15
        },
        "MS4_4": {
          "meanserv": 0.8849285932525919,
          "stddevserv": 0.8849285932525919,
          "rate": 1.130034680340092,
          "cv": 1.0,
          "lambda": 0.15
        },
        "MS4_5": {
          "meanserv": 3.6261040417788815,
          "stddevserv": 3.6261040417788815,
          "rate": 0.27577807709825763,
          "cv": 1.0,
          "lambda": 0.15
        },
        "MS4_6": {
          "meanserv": 0.7517822441397612,
          "stddevserv": 0.7517822441397612,
          "rate": 1.3301724106882384,
          "cv": 1.0,
          "lambda": 0.15
        },
        "MS4_7": {
          "meanserv": 0.9004762425198809,
          "stddevserv": 0.9004762425198809,
          "rate": 1.110523468338946,
          "cv": 1.0,
          "lambda": 0.15
        },
        "MS4_8": {
          "meanserv": 0.8637155455269774,
          "stddevserv": 0.8637155455269774,
          "rate": 1.1577885858125567,
          "cv": 1.0,
          "lambda": 0.15
        },
        "MS4_9": {
          "meanserv": 1.485439783330854,
          "stddevserv": 1.485439783330854,
          "rate": 0.6732013045710038,
          "cv": 1.0,
          "lambda": 0.15
        },
        "MS4_10": {
          "meanserv": 0.166551019784416,
          "stddevserv": 0.166551019784416,
          "rate": 6.004166178594416,
          "cv": 1.0,
          "lambda": 0.15
        }
      },
      "sensors": [
        "S4"
      ],
      "sources": [
        {
          "startTime": 0,
          "stopTime": -1,
          "lambda": 0.15
        }
      ]
    }
  },
  "microservice": {
    "MS1_1": "F10",
    "MS1_2": "F10",
    "MS1_3": "F9",
    "MS1_4": "F4",
    "MS1_5": "F4",
    "MS1_6": "F1",
    "MS1_7": "F5",
    "MS1_8": "F5",
    "MS1_9": "F6",
    "MS1_10": "F4",
    "MS2_1": "F8",
    "MS2_2": "F8",
    "MS2_3": "F4",
    "MS2_4": "F4",
    "MS2_5": "F4",
    "MS2_6": "F3",
    "MS2_7": "F2",
    "MS2_8": "F2",
    "MS2_9": "F5",
    "MS2_10": "F5",
    "MS3_1": "F5",
    "MS3_2": "F5",
    "MS3_3": "F5",
    "MS3_4": "F6",
    "MS3_5": "F6",
    "MS3_6": "F6",
    "MS3_7": "F9",
    "MS3_8": "F8",
    "MS3_9": "F10",
    "MS3_10": "F10",
    "MS4_1": "F4",
    "MS4_2": "F4",
    "MS4_3": "F1",
    "MS4_4": "F2",
    "MS4_5": "F7",
    "MS4_6": "F2",
    "MS4_7": "F2",
    "MS4_8": "F5",
    "MS4_9": "F3",
    "MS4_10": "F4"
  },
  "sensor": {
    "S1": "F10",
    "S2": "F8",
    "S3": "F5",
    "S4": "F4"
  },
  "fog": {
    "F1": {
      "rho": 0.5753629493711714,
      "capacity": 1.0,
      "tserv": 1.9178764979039047,
      "stddev": 2.3018663960175743,
      "mu": 0.5214100079399925,
      "cv": 1.2002161758243253,
      "lambda": 0.3,
      "twait": 3.1710042092536295
    },
    "F2": {
      "rho": 0.5899594330744382,
      "capacity": 1.0,
      "tserv": 0.7866125774325843,
      "stddev": 0.8370604581619017,
      "mu": 1.271273850290938,
      "cv": 1.0641330715737773,
      "lambda": 0.75,
      "twait": 1.2066759340602697
    },
    "F3": {
      "rho": 0.7019980854886758,
      "capacity": 1.0,
      "tserv": 2.339993618295586,
      "stddev": 2.633646644364033,
      "mu": 0.42735159283399415,
      "cv": 1.1254930884308731,
      "lambda": 0.3,
      "twait": 6.24744213542411
    },
    "F4": {
      "rho": 0.5422927843956695,
      "capacity": 1.0,
      "tserv": 0.4016983588116071,
      "stddev": 0.6390568813096413,
      "mu": 2.489430135981688,
      "cv": 1.5908874589386939,
      "lambda": 1.3499999999999999,
      "twait": 0.8402419570368539
    },
    "F5": {
      "rho": 0.5344135184637688,
      "capacity": 1.0,
      "tserv": 0.44534459871980736,
      "stddev": 0.7010078731260126,
      "mu": 2.2454521798953246,
      "cv": 1.5740796568345903,
      "lambda": 1.2,
      "twait": 0.8888709751851599
    },
    "F6": {
      "rho": 0.6755098824860796,
      "capacity": 1.0,
      "tserv": 1.125849804143466,
      "stddev": 1.226817878155718,
      "mu": 0.8882179455196414,
      "cv": 1.0896816552622377,
      "lambda": 0.6,
      "twait": 2.5633630160093572
    },
    "F7": {
      "rho": 0.5439156062668322,
      "capacity": 1.0,
      "tserv": 3.6261040417788815,
      "stddev": 3.6261040417788815,
      "mu": 0.27577807709825763,
      "cv": 1.0,
      "lambda": 0.15,
      "twait": 4.324407073276579
    },
    "F8": {
      "rho": 0.5995946099376164,
      "capacity": 1.0,
      "tserv": 1.3324324665280365,
      "stddev": 1.585267017769579,
      "mu": 0.7505070801867604,
      "cv": 1.1897541208226199,
      "lambda": 0.44999999999999996,
      "twait": 2.4098096027978713
    },
    "F9": {
      "rho": 0.6931782148654587,
      "capacity": 1.0,
      "tserv": 2.310594049551529,
      "stddev": 2.363946634233721,
      "mu": 0.4327891349820161,
      "cv": 1.0230904189736605,
      "lambda": 0.3,
      "twait": 5.342069442625959
    },
    "F10": {
      "rho": 0.5437749156502893,
      "capacity": 1.0,
      "tserv": 0.9062915260838156,
      "stddev": 1.1868749020788336,
      "mu": 1.103397716098162,
      "cv": 1.3095950562480148,
      "lambda": 0.6,
      "twait": 1.4664053599428437
    }
  },
  "extra": {
    "conv_gen": 204,
    "max_gen": 600,
    "population": 600,
    "deltatime": 61.9523675,
    "obj_func": 34.20665916763424
  },
  "network": [
    [
      0.0,
      0.6507235860747371,
      1.0696654775790317,
      0.5349383886645445,
      1.1589315556756048,
      0.7943564097755774,
      0.6962980732271735,
      1.1735322370093821,
      1.1585685083974535,
      1.1585685083974535
    ],
    [
      0.6507235860747371,
      0.0,
      1.1802593025286245,
      1.4844071221042319,
      0.9936512887692696,
      1.2192141911334244,
      1.022072569365121,
      1.1585685083974535,
      1.0477728443605714,
      1.0477728443605714
    ],
    [
      1.0696654775790317,
      1.1802593025286245,
      0.0,
      0.7574403904183749,
      0.8759138144698777,
      1.2781831953502716,
      1.1735322370093821,
      1.0477728443605714,
      1.3220296157705236,
      1.3220296157705236
    ],
    [
      0.5349383886645445,
      1.4844071221042319,
      0.7574403904183749,
      0.0,
      0.8297446872318625,
      0.6962980732271735,
      1.1585685083974535,
      1.3220296157705236,
      1.1347841937485912,
      1.1347841937485912
    ],
    [
      1.1589315556756048,
      0.9936512887692696,
      0.8759138144698777,
      0.8297446872318625,
      0.0,
      1.022072569365121,
      1.0477728443605714,
      1.1347841937485912,
      0.7303455750436441,
      0.7303455750436441
    ],
    [
      0.7943564097755774,
      1.2192141911334244,
      1.2781831953502716,
      0.6962980732271735,
      1.022072569365121,
      0.0,
      1.3220296157705236,
      0.7303455750436441,
      1.3467897255325374,
      1.3467897255325374
    ],
    [
      0.6962980732271735,
      1.022072569365121,
      1.1735322370093821,
      1.1585685083974535,
      1.0477728443605714,
      1.3220296157705236,
      0.0,
      1.3467897255325374,
      1.1786777395108885,
      1.1786777395108885
    ],
    [
      1.1735322370093821,
      1.1585685083974535,
      1.0477728443605714,
      1.3220296157705236,
      1.1347841937485912,
      0.7303455750436441,
      1.3467897255325374,
      0.0,
      0.6116898066391345,
      0.6116898066391345
    ],
    [
      1.1585685083974535,
      1.0477728443605714,
      1.3220296157705236,
      1.1347841937485912,
      0.7303455750436441,
      1.3467897255325374,
      1.1786777395108885,
      0.6116898066391345,
      0.0,
      0.6767107318654647
    ],
    [
      1.1585685083974535,
      1.0477728443605714,
      1.3220296157705236,
      1.1347841937485912,
      0.7303455750436441,
      1.3467897255325374,
      1.1786777395108885,
      0.6116898066391345,
      0.6767107318654647,
      0.0
    ]
  ]
}