{
  "servicechain": {
    "SC1": {
      "resptime": 33.500329240504044,
      "resptime_old": 23.500329240504044,
      "waittime": 17.7064625351413,
      "servicetime": 10.0,
      "networktime": 5.793866705362746,
      "services": {
        "MS1_1": {
          "meanserv": 1.164012980605128,
          "stddevserv": 1.164012980605128,
          "rate": 0.8590969487987465,
          "cv": 1.0,
          "lambda": 0.15
        },
        "MS1_2": {
          "meanserv": 1.2036065847957034,
          "stddevserv": 1.2036065847957034,
          "rate": 0.8308362654643809,
          "cv": 1.0,
          "lambda": 0.15
        },
        "MS1_3": {
          "meanserv": 3.007576479640538,
          "stddevserv": 3.007576479640538,
          "rate": 0.33249362294504936,
          "cv": 1.0,
          "lambda": 0.15
        },
        "MS1_4": {
          "meanserv": 1.495304919585334,
          "stddevserv": 1.495304919585334,
          "rate": 0.6687599210716915,
          "cv": 1.0,
          "lambda": 0.15
        },
        "MS1_5": {
          "meanserv": 1.452198518765476,
          "stddevserv": 1.452198518765476,
          "rate": 0.6886110866234094,
          "cv": 1.0,
          "lambda": 0.15
        },
        "MS1_6": {
          "meanserv": 1.274019810812101,
          "stddevserv": 1.274019810812101,
          "rate": 0.7849171508271665,
          "cv": 1.0,
          "lambda": 0.15
        },
        "MS1_7": {
          "meanserv": 0.4032807057957193,
          "stddevserv": 0.4032807057957193,
          "rate": 2.479662393039322,
          "cv": 1.0,
          "lambda": 0.15
        }
      },
      "sensors": [
        "S1"
      ],
      "sources": [
        {
          "startTime": 0,
          "stopTime": -1,
          "lambda": 0.15
        }
      ]
    },
    "SC2": {
      "resptime": 35.7670574403063,
      "resptime_old": 25.76705744030631,
      "waittime": 19.951848952449705,
      "servicetime": 10.0,
      "networktime": 5.8152084878566015,
      "services": {
        "MS2_1": {
          "meanserv": 0.12395156784578143,
          "stddevserv": 0.12395156784578143,
          "rate": 8.067667213731287,
          "cv": 1.0,
          "lambda": 0.15
        },
        "MS2_2": {
          "meanserv": 2.283835632027005,
          "stddevserv": 2.283835632027005,
          "rate": 0.4378598818481766,
          "cv": 1.0,
          "lambda": 0.15
        },
        "MS2_3": {
          "meanserv": 1.3762846657814278,
          "stddevserv": 1.3762846657814278,
          "rate": 0.7265938688870149,
          "cv": 1.0,
          "lambda": 0.15
        },
        "MS2_4": {
          "meanserv": 1.0330842501319903,
          "stddevserv": 1.0330842501319903,
          "rate": 0.9679752642364228,
          "cv": 1.0,
          "lambda": 0.15
        },
        "MS2_5": {
          "meanserv": 3.6043248901164535,
          "stddevserv": 3.6043248901164535,
          "rate": 0.2774444675456797,
          "cv": 1.0,
          "lambda": 0.15
        },
        "MS2_6": {
          "meanserv": 0.9240241340701161,
          "stddevserv": 0.9240241340701161,
          "rate": 1.0822228155397062,
          "cv": 1.0,
          "lambda": 0.15
        },
        "MS2_7": {
          "meanserv": 0.654494860027226,
          "stddevserv": 0.654494860027226,
          "rate": 1.5278958798215796,
          "cv": 1.0,
          "lambda": 0.15
        }
      },
      "sensors": [
        "S2"
      ],
      "sources": [
        {
          "startTime": 0,
          "stopTime": -1,
          "lambda": 0.15
        }
      ]
    },
    "SC3": {
      "resptime": 34.386640256589054,
      "resptime_old": 24.386640256589054,
      "waittime": 19.961280139349395,
      "servicetime": 10.0,
      "networktime": 4.42536011723966,
      "services": {
        "MS3_1": {
          "meanserv": 1.657628096171545,
          "stddevserv": 1.657628096171545,
          "rate": 0.6032716278817898,
          "cv": 1.0,
          "lambda": 0.15
        },
        "MS3_2": {
          "meanserv": 0.7905242979652958,
          "stddevserv": 0.7905242979652958,
          "rate": 1.2649832555101301,
          "cv": 1.0,
          "lambda": 0.15
        },
        "MS3_3": {
          "meanserv": 3.0032449820014193,
          "stddevserv": 3.0032449820014193,
          "rate": 0.3329731693528315,
          "cv": 1.0,
          "lambda": 0.15
        },
        "MS3_4": {
          "meanserv": 1.7491047421957076,
          "stddevserv": 1.7491047421957076,
          "rate": 0.5717210501325768,
          "cv": 1.0,
          "lambda": 0.15
        },
        "MS3_5": {
          "meanserv": 0.5312345815604091,
          "stddevserv": 0.5312345815604091,
          "rate": 1.882407574188175,
          "cv": 1.0,
          "lambda": 0.15
        },
        "MS3_6": {
          "meanserv": 0.37057837400889326,
          "stddevserv": 0.37057837400889326,
          "rate": 2.6984845045922774,
          "cv": 1.0,
          "lambda": 0.15
        },
        "MS3_7": {
          "meanserv": 1.89768492609673,
          "stddevserv": 1.89768492609673,
          "rate": 0.5269578665289073,
          "cv": 1.0,
          "lambda": 0.15
        }
      },
      "sensors": [
        "S3"
      ],
      "sources": [
        {
          "startTime": 0,
          "stopTime": -1,
          "lambda": 0.15
        }
      ]
    },
    "SC4": {
      "resptime": 34.80512866981334,
      "resptime_old": 24.805128669813346,
      "waittime": 19.207791035902037,
      "servicetime": 10.0,
      "networktime": 5.597337633911305,
      "services": {
        "MS4_1": {
          "meanserv": 1.2824417170413815,
          "stddevserv": 1.2824417170413815,
          "rate": 0.7797625316704605,
          "cv": 1.0,
          "lambda": 0.15
        },
        "MS4_2": {
          "meanserv": 1.3025244606346165,
          "stddevserv": 1.3025244606346165,
          "rate": 0.7677399006486063,
          "cv": 1.0,
          "lambda": 0.15
        },
        "MS4_3": {
          "meanserv": 1.218745984648908,
          "stddevserv": 1.218745984648908,
          "rate": 0.8205155238218704,
          "cv": 1.0,
          "lambda": 0.15
        },
        "MS4_4": {
          "meanserv": 2.642105226589171,
          "stddevserv": 2.642105226589171,
          "rate": 0.37848606101542415,
          "cv": 1.0,
          "lambda": 0.15
        },
        "MS4_5": {
          "meanserv": 0.9013015455487663,
          "stddevserv": 0.9013015455487663,
          "rate": 1.109506585158622,
          "cv": 1.0,
          "lambda": 0.15
        },
        "MS4_6": {
          "meanserv": 2.2874886941941615,
          "stddevserv": 2.2874886941941615,
          "rate": 0.4371606305806381,
          "cv": 1.0,
          "lambda": 0.15
        },
        "MS4_7": {
          "meanserv": 0.3653923713429954,
          "stddevserv": 0.3653923713429954,
          "rate": 2.736784012004716,
          "cv": 1.0,
          "lambda": 0.15
        }
      },
      "sensors": [
        "S4"
      ],
      "sources": [
        {
          "startTime": 0,
          "stopTime": -1,
          "lambda": 0.15
        }
      ]
    }
  },
  "microservice": {
    "MS1_1": "F10",
    "MS1_2": "F5",
    "MS1_3": "F2",
    "MS1_4": "F10",
    "MS1_5": "F10",
    "MS1_6": "F6",
    "MS1_7": "F6",
    "MS2_1": "F6",
    "MS2_2": "F6",
    "MS2_3": "F8",
    "MS2_4": "F8",
    "MS2_5": "F1",
    "MS2_6": "F9",
    "MS2_7": "F2",
    "MS3_1": "F8",
    "MS3_2": "F3",
    "MS3_3": "F3",
    "MS3_4": "F9",
    "MS3_5": "F9",
    "MS3_6": "F7",
    "MS3_7": "F7",
    "MS4_1": "F7",
    "MS4_2": "F9",
    "MS4_3": "F4",
    "MS4_4": "F4",
    "MS4_5": "F7",
    "MS4_6": "F5",
    "MS4_7": "F5"
  },
  "sensor": {
    "S1": "F10",
    "S2": "F6",
    "S3": "F8",
    "S4": "F7"
  },
  "fog": {
    "F1": {
      "rho": 0.540648733517468,
      "capacity": 1.0,
      "tserv": 3.6043248901164535,
      "stddev": 3.6043248901164535,
      "mu": 0.2774444675456797,
      "cv": 1.0,
      "lambda": 0.15,
      "twait": 4.2422299212296855
    },
    "F2": {
      "rho": 0.5493107009501645,
      "capacity": 1.0,
      "tserv": 1.8310356698338819,
      "stddev": 2.4741035100587485,
      "mu": 0.5461390056321096,
      "cv": 1.351204430814397,
      "lambda": 0.3,
      "twait": 3.1531300463519925
    },
    "F3": {
      "rho": 0.5690653919950073,
      "capacity": 1.0,
      "tserv": 1.8968846399833577,
      "stddev": 2.4589098702850896,
      "mu": 0.5271801874091687,
      "cv": 1.2962885662391481,
      "lambda": 0.3,
      "twait": 3.3570322184979235
    },
    "F4": {
      "rho": 0.5791276816857118,
      "capacity": 1.0,
      "tserv": 1.9304256056190394,
      "stddev": 2.1770435881346097,
      "mu": 0.5180204806076041,
      "cv": 1.1277531658291935,
      "lambda": 0.3,
      "twait": 3.017326669538379
    },
    "F5": {
      "rho": 0.5784731475499291,
      "capacity": 1.0,
      "tserv": 1.285495883444287,
      "stddev": 1.7002030119051537,
      "mu": 0.7779099201163173,
      "cv": 1.3226047891726602,
      "lambda": 0.44999999999999996,
      "twait": 2.4250358722541443
    },
    "F6": {
      "rho": 0.612763157472091,
      "capacity": 1.0,
      "tserv": 1.0212719291201517,
      "stddev": 1.5701971667403458,
      "mu": 0.9791711408943963,
      "cv": 1.537491751186293,
      "lambda": 0.6,
      "twait": 2.7181159773520305
    },
    "F7": {
      "rho": 0.6678009844043655,
      "capacity": 1.0,
      "tserv": 1.1130016406739427,
      "stddev": 1.3634500979773136,
      "mu": 0.8984712721487831,
      "cv": 1.2250207440410599,
      "lambda": 0.6,
      "twait": 2.7975117412039165
    },
    "F8": {
      "rho": 0.6100495518127446,
      "capacity": 1.0,
      "tserv": 1.355665670694988,
      "stddev": 1.4029514931747373,
      "mu": 0.7376449973003636,
      "cv": 1.0348801503954201,
      "lambda": 0.44999999999999996,
      "twait": 2.1961072801274053
    },
    "F9": {
      "rho": 0.6760331877691274,
      "capacity": 1.0,
      "tserv": 1.1267219796152124,
      "stddev": 1.2947901976800442,
      "mu": 0.8875303917844141,
      "cv": 1.1491656514255886,
      "lambda": 0.6,
      "twait": 2.7280424699091546
    },
    "F10": {
      "rho": 0.6167274628433909,
      "capacity": 1.0,
      "tserv": 1.370505472985313,
      "stddev": 1.386197600689006,
      "mu": 0.7296577939391538,
      "cv": 1.011449883282488,
      "lambda": 0.44999999999999996,
      "twait": 2.2306882206103666
    }
  },
  "extra": {
    "deltatime": 0.024908,
    "obj_func": 34.61478890180319
  },
  "network": [
    [
      0.0,
      0.9455310993704412,
      1.4925010425951326,
      1.5600220884145,
      1.6585710259971747,
      1.2544217982405614,
      1.2898223735256866,
      1.5534866374521952,
      1.253452769112041,
      1.253452769112041
    ],
    [
      0.9455310993704412,
      0.0,
      1.8083794201128407,
      1.3306855008524063,
      1.4701302818571982,
      1.539473098478344,
      1.2112592621189235,
      1.253452769112041,
      1.5382734464828043,
      1.5382734464828043
    ],
    [
      1.4925010425951326,
      1.8083794201128407,
      0.0,
      1.3106958473810895,
      1.0564534330595352,
      1.401008785780565,
      1.5534866374521952,
      1.5382734464828043,
      1.2348048458687806,
      1.2348048458687806
    ],
    [
      1.5600220884145,
      1.3306855008524063,
      1.3106958473810895,
      0.0,
      2.3202489792973213,
      1.2898223735256866,
      1.253452769112041,
      1.2348048458687806,
      1.153329593428385,
      1.153329593428385
    ],
    [
      1.6585710259971747,
      1.4701302818571982,
      1.0564534330595352,
      2.3202489792973213,
      0.0,
      1.2112592621189235,
      1.5382734464828043,
      1.153329593428385,
      1.4699956348095617,
      1.4699956348095617
    ],
    [
      1.2544217982405614,
      1.539473098478344,
      1.401008785780565,
      1.2898223735256866,
      1.2112592621189235,
      0.0,
      1.2348048458687806,
      1.4699956348095617,
      1.315467342213182,
      1.315467342213182
    ],
    [
      1.2898223735256866,
      1.2112592621189235,
      1.5534866374521952,
      1.253452769112041,
      1.5382734464828043,
      1.2348048458687806,
      0.0,
      1.315467342213182,
      1.6522818248880755,
      1.6522818248880755
    ],
    [
      1.5534866374521952,
      1.253452769112041,
      1.5382734464828043,
      1.2348048458687806,
      1.153329593428385,
      1.4699956348095617,
      1.315467342213182,
      0.0,
      0.8783359561017736,
      0.8783359561017736
    ],
    [
      1.253452769112041,
      1.5382734464828043,
      1.2348048458687806,
      1.153329593428385,
      1.4699956348095617,
      1.315467342213182,
      1.6522818248880755,
      0.8783359561017736,
      0.0,
      1.6218405196177614
    ],
    [
      1.253452769112041,
      1.5382734464828043,
      1.2348048458687806,
      1.153329593428385,
      1.4699956348095617,
      1.315467342213182,
      1.6522818248880755,
      0.8783359561017736,
      1.6218405196177614,
      0.0
    ]
  ]
}