{
  "servicechain": {
    "SC1": {
      "resptime": 38.98770312932958,
      "resptime_old": 28.987703129329585,
      "waittime": 23.64881583638062,
      "servicetime": 10.0,
      "networktime": 5.33888729294896,
      "services": {
        "MS1_1": {
          "meanserv": 0.044116312845495775,
          "stddevserv": 0.044116312845495775,
          "rate": 22.667352176556587,
          "cv": 1.0,
          "lambda": 0.15
        },
        "MS1_2": {
          "meanserv": 0.4326781358113574,
          "stddevserv": 0.4326781358113574,
          "rate": 2.31118680893085,
          "cv": 1.0,
          "lambda": 0.15
        },
        "MS1_3": {
          "meanserv": 0.2740380258260944,
          "stddevserv": 0.2740380258260944,
          "rate": 3.6491286090150274,
          "cv": 1.0,
          "lambda": 0.15
        },
        "MS1_4": {
          "meanserv": 1.1113060732419988,
          "stddevserv": 1.1113060732419988,
          "rate": 0.8998421083785793,
          "cv": 1.0,
          "lambda": 0.15
        },
        "MS1_5": {
          "meanserv": 4.360635199629449,
          "stddevserv": 4.360635199629449,
          "rate": 0.2293243883563056,
          "cv": 1.0,
          "lambda": 0.15
        },
        "MS1_6": {
          "meanserv": 3.7772262526456046,
          "stddevserv": 3.7772262526456046,
          "rate": 0.26474453292269445,
          "cv": 1.0,
          "lambda": 0.15
        }
      },
      "sensors": [
        "S1"
      ],
      "sources": [
        {
          "startTime": 0,
          "stopTime": -1,
          "lambda": 0.15
        }
      ]
    },
    "SC2": {
      "resptime": 36.26207428204868,
      "resptime_old": 26.26207428204868,
      "waittime": 19.86195921273461,
      "servicetime": 10.0,
      "networktime": 6.400115069314068,
      "services": {
        "MS2_1": {
          "meanserv": 3.3217393808055418,
          "stddevserv": 3.3217393808055418,
          "rate": 0.30104709772790605,
          "cv": 1.0,
          "lambda": 0.15
        },
        "MS2_2": {
          "meanserv": 0.49834575886257504,
          "stddevserv": 0.49834575886257504,
          "rate": 2.006638929329711,
          "cv": 1.0,
          "lambda": 0.15
        },
        "MS2_3": {
          "meanserv": 2.6985411673548834,
          "stddevserv": 2.6985411673548834,
          "rate": 0.3705705927696491,
          "cv": 1.0,
          "lambda": 0.15
        },
        "MS2_4": {
          "meanserv": 0.71131283954605,
          "stddevserv": 0.71131283954605,
          "rate": 1.4058511872753292,
          "cv": 1.0,
          "lambda": 0.15
        },
        "MS2_5": {
          "meanserv": 1.2351528739964213,
          "stddevserv": 1.2351528739964213,
          "rate": 0.8096163811402809,
          "cv": 1.0,
          "lambda": 0.15
        },
        "MS2_6": {
          "meanserv": 1.5349079794345286,
          "stddevserv": 1.5349079794345286,
          "rate": 0.6515048546222343,
          "cv": 1.0,
          "lambda": 0.15
        }
      },
      "sensors": [
        "S2"
      ],
      "sources": [
        {
          "startTime": 0,
          "stopTime": -1,
          "lambda": 0.15
        }
      ]
    },
    "SC3": {
      "resptime": 31.66507149342863,
      "resptime_old": 21.66507149342863,
      "waittime": 17.966246905965335,
      "servicetime": 10.0,
      "networktime": 3.698824587463295,
      "services": {
        "MS3_1": {
          "meanserv": 3.032301207253012,
          "stddevserv": 3.032301207253012,
          "rate": 0.3297825419216545,
          "cv": 1.0,
          "lambda": 0.15
        },
        "MS3_2": {
          "meanserv": 1.9196636589116216,
          "stddevserv": 1.9196636589116216,
          "rate": 0.5209245876785328,
          "cv": 1.0,
          "lambda": 0.15
        },
        "MS3_3": {
          "meanserv": 1.7060879179487616,
          "stddevserv": 1.7060879179487616,
          "rate": 0.586136265006967,
          "cv": 1.0,
          "lambda": 0.15
        },
        "MS3_4": {
          "meanserv": 0.3148900487396302,
          "stddevserv": 0.3148900487396302,
          "rate": 3.175711661904119,
          "cv": 1.0,
          "lambda": 0.15
        },
        "MS3_5": {
          "meanserv": 2.672081485919726,
          "stddevserv": 2.672081485919726,
          "rate": 0.3742400840952654,
          "cv": 1.0,
          "lambda": 0.15
        },
        "MS3_6": {
          "meanserv": 0.35497568122724843,
          "stddevserv": 0.35497568122724843,
          "rate": 2.817094389516277,
          "cv": 1.0,
          "lambda": 0.15
        }
      },
      "sensors": [
        "S3"
      ],
      "sources": [
        {
          "startTime": 0,
          "stopTime": -1,
          "lambda": 0.15
        }
      ]
    },
    "SC4": {
      "resptime": 35.81471164270434,
      "resptime_old": 25.81471164270433,
      "waittime": 23.613732973912914,
      "servicetime": 10.0,
      "networktime": 2.2009786687914206,
      "services": {
        "MS4_1": {
          "meanserv": 1.893444833117065,
          "stddevserv": 1.893444833117065,
          "rate": 0.528137911656903,
          "cv": 1.0,
          "lambda": 0.15
        },
        "MS4_2": {
          "meanserv": 2.9420298453113203,
          "stddevserv": 2.9420298453113203,
          "rate": 0.3399013784967847,
          "cv": 1.0,
          "lambda": 0.15
        },
        "MS4_3": {
          "meanserv": 0.228865051167066,
          "stddevserv": 0.228865051167066,
          "rate": 4.369387090342701,
          "cv": 1.0,
          "lambda": 0.15
        },
        "MS4_4": {
          "meanserv": 0.9701931032365465,
          "stddevserv": 0.9701931032365465,
          "rate": 1.030722643424302,
          "cv": 1.0,
          "lambda": 0.15
        },
        "MS4_5": {
          "meanserv": 0.014560080347004067,
          "stddevserv": 0.014560080347004067,
          "rate": 68.68093967666624,
          "cv": 1.0,
          "lambda": 0.15
        },
        "MS4_6": {
          "meanserv": 3.9509070868209983,
          "stddevserv": 3.9509070868209983,
          "rate": 0.25310643303551483,
          "cv": 1.0,
          "lambda": 0.15
        }
      },
      "sensors": [
        "S4"
      ],
      "sources": [
        {
          "startTime": 0,
          "stopTime": -1,
          "lambda": 0.15
        }
      ]
    }
  },
  "microservice": {
    "MS1_1": "F8",
    "MS1_2": "F8",
    "MS1_3": "F8",
    "MS1_4": "F6",
    "MS1_5": "F1",
    "MS1_6": "F9",
    "MS2_1": "F3",
    "MS2_2": "F3",
    "MS2_3": "F6",
    "MS2_4": "F4",
    "MS2_5": "F7",
    "MS2_6": "F8",
    "MS3_1": "F4",
    "MS3_2": "F10",
    "MS3_3": "F10",
    "MS3_4": "F10",
    "MS3_5": "F7",
    "MS3_6": "F10",
    "MS4_1": "F8",
    "MS4_2": "F5",
    "MS4_3": "F5",
    "MS4_4": "F5",
    "MS4_5": "F5",
    "MS4_6": "F2"
  },
  "sensor": {
    "S1": "F8",
    "S2": "F3",
    "S3": "F4",
    "S4": "F8"
  },
  "fog": {
    "F1": {
      "rho": 0.6540952799444174,
      "capacity": 1.0,
      "tserv": 4.360635199629449,
      "stddev": 4.360635199629449,
      "mu": 0.2293243883563056,
      "cv": 1.0,
      "lambda": 0.15,
      "twait": 8.245828218761458
    },
    "F2": {
      "rho": 0.5926360630231498,
      "capacity": 1.0,
      "tserv": 3.9509070868209983,
      "stddev": 3.9509070868209983,
      "mu": 0.25310643303551483,
      "cv": 1.0,
      "lambda": 0.15,
      "twait": 5.747808798884715
    },
    "F3": {
      "rho": 0.5730127709502175,
      "capacity": 1.0,
      "tserv": 1.9100425698340584,
      "stddev": 2.7629763645012253,
      "mu": 0.5235485406416248,
      "cv": 1.4465522434619185,
      "lambda": 0.3,
      "twait": 3.9634561323338655
    },
    "F4": {
      "rho": 0.5615421070198593,
      "capacity": 1.0,
      "tserv": 1.871807023399531,
      "stddev": 2.4894085711998595,
      "mu": 0.5342431070612311,
      "cv": 1.329949369822673,
      "lambda": 0.3,
      "twait": 3.318727997325796
    },
    "F5": {
      "rho": 0.6233472120092906,
      "capacity": 1.0,
      "tserv": 1.0389120200154842,
      "stddev": 1.9352944356338158,
      "mu": 0.9625454136001773,
      "cv": 1.862808782985273,
      "lambda": 0.6,
      "twait": 3.842825189479445
    },
    "F6": {
      "rho": 0.5714770860895323,
      "capacity": 1.0,
      "tserv": 1.904923620298441,
      "stddev": 2.2109707418151623,
      "mu": 0.5249554309391847,
      "cv": 1.1606610985635075,
      "lambda": 0.3,
      "twait": 2.981331456448013
    },
    "F7": {
      "rho": 0.5860851539874221,
      "capacity": 1.0,
      "tserv": 1.9536171799580737,
      "stddev": 2.20204495951133,
      "mu": 0.5118710104819312,
      "cv": 1.1271629785517077,
      "lambda": 0.3,
      "twait": 3.140364077182652
    },
    "F8": {
      "rho": 0.6268777930551812,
      "capacity": 1.0,
      "tserv": 0.8358370574069083,
      "stddev": 1.3354804877526043,
      "mu": 1.1964054370864927,
      "cv": 1.597776116670137,
      "lambda": 0.75,
      "twait": 2.494623417110419
    },
    "F9": {
      "rho": 0.5665839378968406,
      "capacity": 1.0,
      "tserv": 3.7772262526456046,
      "stddev": 3.7772262526456046,
      "mu": 0.26474453292269445,
      "cv": 1.0,
      "lambda": 0.15,
      "twait": 4.937785909839894
    },
    "F10": {
      "rho": 0.6443425960240893,
      "capacity": 1.0,
      "tserv": 1.0739043267068156,
      "stddev": 1.5024092349182787,
      "mu": 0.9311816473135488,
      "cv": 1.3990159063102912,
      "lambda": 0.6,
      "twait": 2.876788707864222
    }
  },
  "extra": {
    "deltatime": 0.0181215,
    "obj_func": 35.68239013687781
  },
  "network": [
    [
      0.0,
      2.0576537555795102,
      1.4625853941518485,
      2.1389175472235733,
      2.111931266394427,
      2.0334556840311335,
      1.9714894574876365,
      1.6724304348393113,
      1.385518405741723,
      1.385518405741723
    ],
    [
      2.0576537555795102,
      0.0,
      1.745651300242705,
      2.2125013429421303,
      1.0505171059349914,
      1.5692829353892626,
      1.7162486747302874,
      1.385518405741723,
      1.6439077438222651,
      1.6439077438222651
    ],
    [
      1.4625853941518485,
      1.745651300242705,
      0.0,
      1.6653929254328919,
      1.3421841786563802,
      1.4291736249153182,
      1.6724304348393113,
      1.6439077438222651,
      1.4269887852088863,
      1.4269887852088863
    ],
    [
      2.1389175472235733,
      2.2125013429421303,
      1.6653929254328919,
      0.0,
      2.015485585111166,
      1.9714894574876365,
      1.385518405741723,
      1.4269887852088863,
      1.1504615628564292,
      1.1504615628564292
    ],
    [
      2.111931266394427,
      1.0505171059349914,
      1.3421841786563802,
      2.015485585111166,
      0.0,
      1.7162486747302874,
      1.6439077438222651,
      1.1504615628564292,
      1.9199132031761033,
      1.9199132031761033
    ],
    [
      2.0334556840311335,
      1.5692829353892626,
      1.4291736249153182,
      1.9714894574876365,
      1.7162486747302874,
      0.0,
      1.4269887852088863,
      1.9199132031761033,
      1.61393358116939,
      1.61393358116939
    ],
    [
      1.9714894574876365,
      1.7162486747302874,
      1.6724304348393113,
      1.385518405741723,
      1.6439077438222651,
      1.4269887852088863,
      0.0,
      1.61393358116939,
      1.2741815123034328,
      1.2741815123034328
    ],
    [
      1.6724304348393113,
      1.385518405741723,
      1.6439077438222651,
      1.4269887852088863,
      1.1504615628564292,
      1.9199132031761033,
      1.61393358116939,
      0.0,
      1.2008358725042518,
      1.2008358725042518
    ],
    [
      1.385518405741723,
      1.6439077438222651,
      1.4269887852088863,
      1.1504615628564292,
      1.9199132031761033,
      1.61393358116939,
      1.2741815123034328,
      1.2008358725042518,
      0.0,
      1.8473004836790714
    ],
    [
      1.385518405741723,
      1.6439077438222651,
      1.4269887852088863,
      1.1504615628564292,
      1.9199132031761033,
      1.61393358116939,
      1.2741815123034328,
      1.2008358725042518,
      1.8473004836790714,
      0.0
    ]
  ]
}