{
  "servicechain": {
    "SC1": {
      "resptime": 24.259633639883823,
      "resptime_old": 14.259633639883821,
      "waittime": 8.90432555563982,
      "servicetime": 10.0,
      "networktime": 5.355308084244,
      "services": {
        "MS1_1": {
          "meanserv": 0.8525571771840146,
          "stddevserv": 0.8525571771840146,
          "rate": 1.1729418586363758,
          "cv": 1.0,
          "lambda": 0.125
        },
        "MS1_2": {
          "meanserv": 1.0957693042391359,
          "stddevserv": 1.0957693042391359,
          "rate": 0.9126008514122097,
          "cv": 1.0,
          "lambda": 0.125
        },
        "MS1_3": {
          "meanserv": 3.263475175513,
          "stddevserv": 3.263475175513,
          "rate": 0.3064218191403297,
          "cv": 1.0,
          "lambda": 0.125
        },
        "MS1_4": {
          "meanserv": 4.208210137057121,
          "stddevserv": 4.208210137057121,
          "rate": 0.2376307188640818,
          "cv": 1.0,
          "lambda": 0.125
        },
        "MS1_5": {
          "meanserv": 0.5799882060067283,
          "stddevserv": 0.5799882060067283,
          "rate": 1.7241729911804435,
          "cv": 1.0,
          "lambda": 0.125
        }
      },
      "sensors": [
        "S1"
      ],
      "sources": [
        {
          "startTime": 0,
          "stopTime": -1,
          "lambda": 0.125
        }
      ]
    },
    "SC2": {
      "resptime": 55.70632947500303,
      "resptime_old": 45.70632947500303,
      "waittime": 40.860169993650636,
      "servicetime": 10.0,
      "networktime": 4.846159481352397,
      "services": {
        "MS2_1": {
          "meanserv": 0.37803787842069614,
          "stddevserv": 0.37803787842069614,
          "rate": 2.6452375729586515,
          "cv": 1.0,
          "lambda": 0.125
        },
        "MS2_2": {
          "meanserv": 0.4274950354168594,
          "stddevserv": 0.4274950354168594,
          "rate": 2.3392084519177607,
          "cv": 1.0,
          "lambda": 0.125
        },
        "MS2_3": {
          "meanserv": 1.6494749326437954,
          "stddevserv": 1.6494749326437954,
          "rate": 0.6062535296593987,
          "cv": 1.0,
          "lambda": 0.125
        },
        "MS2_4": {
          "meanserv": 0.7765879565996445,
          "stddevserv": 0.7765879565996445,
          "rate": 1.2876841464018884,
          "cv": 1.0,
          "lambda": 0.125
        },
        "MS2_5": {
          "meanserv": 6.768404196919004,
          "stddevserv": 6.768404196919004,
          "rate": 0.14774531350465192,
          "cv": 1.0,
          "lambda": 0.125
        }
      },
      "sensors": [
        "S2"
      ],
      "sources": [
        {
          "startTime": 0,
          "stopTime": -1,
          "lambda": 0.125
        }
      ]
    },
    "SC3": {
      "resptime": 21.548126507473782,
      "resptime_old": 11.548126507473784,
      "waittime": 10.256733682872998,
      "servicetime": 10.0,
      "networktime": 1.2913928246007855,
      "services": {
        "MS3_1": {
          "meanserv": 0.693911493300462,
          "stddevserv": 0.693911493300462,
          "rate": 1.441105976273263,
          "cv": 1.0,
          "lambda": 0.125
        },
        "MS3_2": {
          "meanserv": 1.6624201602222353,
          "stddevserv": 1.6624201602222353,
          "rate": 0.6015326473581253,
          "cv": 1.0,
          "lambda": 0.125
        },
        "MS3_3": {
          "meanserv": 2.8255622675709695,
          "stddevserv": 2.8255622675709695,
          "rate": 0.35391186082749565,
          "cv": 1.0,
          "lambda": 0.125
        },
        "MS3_4": {
          "meanserv": 2.4618314891343296,
          "stddevserv": 2.4618314891343296,
          "rate": 0.40620164475661846,
          "cv": 1.0,
          "lambda": 0.125
        },
        "MS3_5": {
          "meanserv": 2.3562745897720037,
          "stddevserv": 2.3562745897720037,
          "rate": 0.42439875400802135,
          "cv": 1.0,
          "lambda": 0.125
        }
      },
      "sensors": [
        "S3"
      ],
      "sources": [
        {
          "startTime": 0,
          "stopTime": -1,
          "lambda": 0.125
        }
      ]
    },
    "SC4": {
      "resptime": 24.23523556461939,
      "resptime_old": 14.23523556461939,
      "waittime": 11.5723336153947,
      "servicetime": 10.0,
      "networktime": 2.6629019492246933,
      "services": {
        "MS4_1": {
          "meanserv": 0.7326297940254656,
          "stddevserv": 0.7326297940254656,
          "rate": 1.3649458541748043,
          "cv": 1.0,
          "lambda": 0.125
        },
        "MS4_2": {
          "meanserv": 2.451754713769627,
          "stddevserv": 2.451754713769627,
          "rate": 0.40787114403564373,
          "cv": 1.0,
          "lambda": 0.125
        },
        "MS4_3": {
          "meanserv": 0.23624845149875728,
          "stddevserv": 0.23624845149875728,
          "rate": 4.232831976912493,
          "cv": 1.0,
          "lambda": 0.125
        },
        "MS4_4": {
          "meanserv": 4.430679391296405,
          "stddevserv": 4.430679391296405,
          "rate": 0.22569902077870788,
          "cv": 1.0,
          "lambda": 0.125
        },
        "MS4_5": {
          "meanserv": 2.1486876494097453,
          "stddevserv": 2.1486876494097453,
          "rate": 0.46540035741104796,
          "cv": 1.0,
          "lambda": 0.125
        }
      },
      "sensors": [
        "S4"
      ],
      "sources": [
        {
          "startTime": 0,
          "stopTime": -1,
          "lambda": 0.125
        }
      ]
    }
  },
  "microservice": {
    "MS1_1": "F5",
    "MS1_2": "F5",
    "MS1_3": "F2",
    "MS1_4": "F4",
    "MS1_5": "F10",
    "MS2_1": "F5",
    "MS2_2": "F5",
    "MS2_3": "F1",
    "MS2_4": "F5",
    "MS2_5": "F3",
    "MS3_1": "F10",
    "MS3_2": "F10",
    "MS3_3": "F6",
    "MS3_4": "F9",
    "MS3_5": "F9",
    "MS4_1": "F8",
    "MS4_2": "F8",
    "MS4_3": "F8",
    "MS4_4": "F7",
    "MS4_5": "F1"
  },
  "sensor": {
    "S1": "F5",
    "S2": "F5",
    "S3": "F10",
    "S4": "F8"
  },
  "fog": {
    "F1": {
      "rho": 0.4747703227566926,
      "capacity": 1.0,
      "tserv": 1.8990812910267705,
      "stddev": 1.9316097996796153,
      "mu": 0.5265704026073224,
      "cv": 1.0171285498975442,
      "lambda": 0.25,
      "twait": 1.7462898818518082
    },
    "F2": {
      "rho": 0.4079343969391249,
      "capacity": 1.0,
      "tserv": 3.263475175513,
      "stddev": 3.263475175513,
      "mu": 0.3064218191403297,
      "cv": 1.0,
      "lambda": 0.125,
      "twait": 2.2485409906709615
    },
    "F3": {
      "rho": 0.8460505246148754,
      "capacity": 1.0,
      "tserv": 6.768404196919004,
      "stddev": 6.768404196919004,
      "mu": 0.14774531350465192,
      "cv": 1.0,
      "lambda": 0.125,
      "twait": 37.19669656089106
    },
    "F4": {
      "rho": 0.5260262671321402,
      "capacity": 1.0,
      "tserv": 4.208210137057121,
      "stddev": 4.208210137057121,
      "mu": 0.2376307188640818,
      "cv": 1.0,
      "lambda": 0.125,
      "twait": 4.670362334870005
    },
    "F5": {
      "rho": 0.44130591898254384,
      "capacity": 1.0,
      "tserv": 0.7060894703720701,
      "stddev": 0.8024741130322929,
      "mu": 1.4162511154189217,
      "cv": 1.1365048576767947,
      "lambda": 0.625,
      "twait": 0.639061183635921
    },
    "F6": {
      "rho": 0.3531952834463712,
      "capacity": 1.0,
      "tserv": 2.8255622675709695,
      "stddev": 2.8255622675709695,
      "mu": 0.35391186082749565,
      "cv": 1.0,
      "lambda": 0.125,
      "twait": 1.5429313368455535
    },
    "F7": {
      "rho": 0.5538349239120506,
      "capacity": 1.0,
      "tserv": 4.430679391296405,
      "stddev": 4.430679391296405,
      "mu": 0.22569902077870788,
      "cv": 1.0,
      "lambda": 0.125,
      "twait": 5.499903768966492
    },
    "F8": {
      "rho": 0.42757911991173125,
      "capacity": 1.0,
      "tserv": 1.1402109864312833,
      "stddev": 1.7613516177551531,
      "mu": 0.8770306652893023,
      "cv": 1.5447593811281908,
      "lambda": 0.375,
      "twait": 1.4420466548587996
    },
    "F9": {
      "rho": 0.6022632598632917,
      "capacity": 1.0,
      "tserv": 2.4090530394531666,
      "stddev": 2.410209052426788,
      "mu": 0.415100864789175,
      "cv": 1.0004798619850577,
      "lambda": 0.25,
      "twait": 3.6496013101867097
    },
    "F10": {
      "rho": 0.36703998244117825,
      "capacity": 1.0,
      "tserv": 0.9787732865098085,
      "stddev": 1.1956991118663272,
      "mu": 1.0216870584667093,
      "cv": 1.2216303084139646,
      "lambda": 0.375,
      "twait": 0.7072998628270123
    }
  },
  "extra": {
    "deltatime": 0.4613333,
    "conv": 63,
    "obj_func": 31.437331296745004
  },
  "network": [
    [
      0.0,
      2.6167166468024714,
      1.9408471905558866,
      2.462643110794424,
      1.4013511913141947,
      1.8304514696842935,
      2.0172055369243003,
      2.150605727217245,
      2.139649241635062,
      2.139649241635062
    ],
    [
      2.6167166468024714,
      0.0,
      2.6716945115926167,
      1.9981374928630324,
      1.8410099109063978,
      2.302575936764034,
      2.2888120835288817,
      2.139649241635062,
      1.6723718575350373,
      1.6723718575350373
    ],
    [
      1.9408471905558866,
      2.6716945115926167,
      0.0,
      2.7317125326541403,
      2.0434570987240077,
      2.1285024038626834,
      2.150605727217245,
      1.6723718575350373,
      1.4532367421113055,
      1.4532367421113055
    ],
    [
      2.462643110794424,
      1.9981374928630324,
      2.7317125326541403,
      0.0,
      2.218554672918527,
      2.0172055369243003,
      2.139649241635062,
      1.4532367421113055,
      1.5161606804745702,
      1.5161606804745702
    ],
    [
      1.4013511913141947,
      1.8410099109063978,
      2.0434570987240077,
      2.218554672918527,
      0.0,
      2.2888120835288817,
      1.6723718575350373,
      1.5161606804745702,
      2.3492659701627154,
      2.3492659701627154
    ],
    [
      1.8304514696842935,
      2.302575936764034,
      2.1285024038626834,
      2.0172055369243003,
      2.2888120835288817,
      0.0,
      1.4532367421113055,
      2.3492659701627154,
      0.6456964123003928,
      0.6456964123003928
    ],
    [
      2.0172055369243003,
      2.2888120835288817,
      2.150605727217245,
      2.139649241635062,
      1.6723718575350373,
      1.4532367421113055,
      0.0,
      0.6456964123003928,
      2.130733004508292,
      2.130733004508292
    ],
    [
      2.150605727217245,
      2.139649241635062,
      1.6723718575350373,
      1.4532367421113055,
      1.5161606804745702,
      2.3492659701627154,
      0.6456964123003928,
      0.0,
      2.3755644949294172,
      2.3755644949294172
    ],
    [
      2.139649241635062,
      1.6723718575350373,
      1.4532367421113055,
      1.5161606804745702,
      2.3492659701627154,
      0.6456964123003928,
      2.130733004508292,
      2.3755644949294172,
      0.0,
      1.551407906229376
    ],
    [
      2.139649241635062,
      1.6723718575350373,
      1.4532367421113055,
      1.5161606804745702,
      2.3492659701627154,
      0.6456964123003928,
      2.130733004508292,
      2.3755644949294172,
      1.551407906229376,
      0.0
    ]
  ]
}