{
  "servicechain": {
    "SC1": {
      "resptime": 36.38866219709543,
      "resptime_old": 26.388662197095435,
      "waittime": 21.284221590243135,
      "servicetime": 10.0,
      "networktime": 5.104440606852297,
      "services": {
        "MS1_1": {
          "meanserv": 0.06584599091129184,
          "stddevserv": 0.06584599091129184,
          "rate": 15.186953467633385,
          "cv": 1.0,
          "lambda": 0.15
        },
        "MS1_2": {
          "meanserv": 0.4658013723324139,
          "stddevserv": 0.4658013723324139,
          "rate": 2.1468378141367115,
          "cv": 1.0,
          "lambda": 0.15
        },
        "MS1_3": {
          "meanserv": 1.2577869618116655,
          "stddevserv": 1.2577869618116655,
          "rate": 0.795047198262924,
          "cv": 1.0,
          "lambda": 0.15
        },
        "MS1_4": {
          "meanserv": 0.4519386534230072,
          "stddevserv": 0.4519386534230072,
          "rate": 2.2126896923419745,
          "cv": 1.0,
          "lambda": 0.15
        },
        "MS1_5": {
          "meanserv": 0.40755846401780804,
          "stddevserv": 0.40755846401780804,
          "rate": 2.453635706989772,
          "cv": 1.0,
          "lambda": 0.15
        },
        "MS1_6": {
          "meanserv": 3.858317171616556,
          "stddevserv": 3.858317171616556,
          "rate": 0.2591803513087081,
          "cv": 1.0,
          "lambda": 0.15
        },
        "MS1_7": {
          "meanserv": 0.4893117796215991,
          "stddevserv": 0.4893117796215991,
          "rate": 2.043686748709244,
          "cv": 1.0,
          "lambda": 0.15
        },
        "MS1_8": {
          "meanserv": 2.854925216389965,
          "stddevserv": 2.854925216389965,
          "rate": 0.35027187201228815,
          "cv": 1.0,
          "lambda": 0.15
        },
        "MS1_9": {
          "meanserv": 0.1485143898756931,
          "stddevserv": 0.1485143898756931,
          "rate": 6.733354261745292,
          "cv": 1.0,
          "lambda": 0.15
        }
      },
      "sensors": [
        "S1"
      ],
      "sources": [
        {
          "startTime": 0,
          "stopTime": -1,
          "lambda": 0.15
        }
      ]
    },
    "SC2": {
      "resptime": 36.868163064137,
      "resptime_old": 26.868163064136997,
      "waittime": 22.238506782954456,
      "servicetime": 10.0,
      "networktime": 4.629656281182544,
      "services": {
        "MS2_1": {
          "meanserv": 0.007651699882845753,
          "stddevserv": 0.007651699882845753,
          "rate": 130.68991404666656,
          "cv": 1.0,
          "lambda": 0.15
        },
        "MS2_2": {
          "meanserv": 3.6450204042454155,
          "stddevserv": 3.6450204042454155,
          "rate": 0.2743468867376664,
          "cv": 1.0,
          "lambda": 0.15
        },
        "MS2_3": {
          "meanserv": 0.6352634987654309,
          "stddevserv": 0.6352634987654309,
          "rate": 1.5741499424150718,
          "cv": 1.0,
          "lambda": 0.15
        },
        "MS2_4": {
          "meanserv": 3.764719853848182,
          "stddevserv": 3.764719853848182,
          "rate": 0.2656240142218897,
          "cv": 1.0,
          "lambda": 0.15
        },
        "MS2_5": {
          "meanserv": 0.6824375546436645,
          "stddevserv": 0.6824375546436645,
          "rate": 1.4653355361167821,
          "cv": 1.0,
          "lambda": 0.15
        },
        "MS2_6": {
          "meanserv": 0.05769549634570481,
          "stddevserv": 0.05769549634570481,
          "rate": 17.332375373081366,
          "cv": 1.0,
          "lambda": 0.15
        },
        "MS2_7": {
          "meanserv": 0.023151164953498338,
          "stddevserv": 0.023151164953498338,
          "rate": 43.19437065083377,
          "cv": 1.0,
          "lambda": 0.15
        },
        "MS2_8": {
          "meanserv": 0.7308640476124975,
          "stddevserv": 0.7308640476124975,
          "rate": 1.368243523903912,
          "cv": 1.0,
          "lambda": 0.15
        },
        "MS2_9": {
          "meanserv": 0.45319627970276066,
          "stddevserv": 0.45319627970276066,
          "rate": 2.206549446204354,
          "cv": 1.0,
          "lambda": 0.15
        }
      },
      "sensors": [
        "S2"
      ],
      "sources": [
        {
          "startTime": 0,
          "stopTime": -1,
          "lambda": 0.15
        }
      ]
    },
    "SC3": {
      "resptime": 60.19409266002177,
      "resptime_old": 50.19409266002176,
      "waittime": 45.37120429960276,
      "servicetime": 10.0,
      "networktime": 4.822888360419009,
      "services": {
        "MS3_1": {
          "meanserv": 0.6558477174304489,
          "stddevserv": 0.6558477174304489,
          "rate": 1.524744195066971,
          "cv": 1.0,
          "lambda": 0.15
        },
        "MS3_2": {
          "meanserv": 0.3417072703744084,
          "stddevserv": 0.3417072703744084,
          "rate": 2.926481484881199,
          "cv": 1.0,
          "lambda": 0.15
        },
        "MS3_3": {
          "meanserv": 0.6985924523752152,
          "stddevserv": 0.6985924523752152,
          "rate": 1.4314497624473308,
          "cv": 1.0,
          "lambda": 0.15
        },
        "MS3_4": {
          "meanserv": 0.05844735087158881,
          "stddevserv": 0.05844735087158881,
          "rate": 17.1094153128863,
          "cv": 1.0,
          "lambda": 0.15
        },
        "MS3_5": {
          "meanserv": 5.6204313210987955,
          "stddevserv": 5.6204313210987955,
          "rate": 0.17792228796499193,
          "cv": 1.0,
          "lambda": 0.15
        },
        "MS3_6": {
          "meanserv": 1.2894481939743008,
          "stddevserv": 1.2894481939743008,
          "rate": 0.7755255346225491,
          "cv": 1.0,
          "lambda": 0.15
        },
        "MS3_7": {
          "meanserv": 0.3470062518972803,
          "stddevserv": 0.3470062518972803,
          "rate": 2.8817924591630035,
          "cv": 1.0,
          "lambda": 0.15
        },
        "MS3_8": {
          "meanserv": 0.6259132552506745,
          "stddevserv": 0.6259132552506745,
          "rate": 1.597665477781751,
          "cv": 1.0,
          "lambda": 0.15
        },
        "MS3_9": {
          "meanserv": 0.3626061867272874,
          "stddevserv": 0.3626061867272874,
          "rate": 2.7578128465637306,
          "cv": 1.0,
          "lambda": 0.15
        }
      },
      "sensors": [
        "S3"
      ],
      "sources": [
        {
          "startTime": 0,
          "stopTime": -1,
          "lambda": 0.15
        }
      ]
    },
    "SC4": {
      "resptime": 30.779906861197823,
      "resptime_old": 20.77990686119782,
      "waittime": 18.213049483636087,
      "servicetime": 10.0,
      "networktime": 2.566857377561735,
      "services": {
        "MS4_1": {
          "meanserv": 1.8262622905312709,
          "stddevserv": 1.8262622905312709,
          "rate": 0.5475664723434079,
          "cv": 1.0,
          "lambda": 0.15
        },
        "MS4_2": {
          "meanserv": 0.5773763169360171,
          "stddevserv": 0.5773763169360171,
          "rate": 1.7319726678550562,
          "cv": 1.0,
          "lambda": 0.15
        },
        "MS4_3": {
          "meanserv": 0.5949636984929172,
          "stddevserv": 0.5949636984929172,
          "rate": 1.680774814552664,
          "cv": 1.0,
          "lambda": 0.15
        },
        "MS4_4": {
          "meanserv": 1.7645470358310757,
          "stddevserv": 1.7645470358310757,
          "rate": 0.5667176786415414,
          "cv": 1.0,
          "lambda": 0.15
        },
        "MS4_5": {
          "meanserv": 2.301341565548703,
          "stddevserv": 2.301341565548703,
          "rate": 0.43452915246050083,
          "cv": 1.0,
          "lambda": 0.15
        },
        "MS4_6": {
          "meanserv": 0.09632572074933954,
          "stddevserv": 0.09632572074933954,
          "rate": 10.381443213928472,
          "cv": 1.0,
          "lambda": 0.15
        },
        "MS4_7": {
          "meanserv": 0.08670573925540648,
          "stddevserv": 0.08670573925540648,
          "rate": 11.533261910775366,
          "cv": 1.0,
          "lambda": 0.15
        },
        "MS4_8": {
          "meanserv": 0.27522187205999415,
          "stddevserv": 0.27522187205999415,
          "rate": 3.6334321560824763,
          "cv": 1.0,
          "lambda": 0.15
        },
        "MS4_9": {
          "meanserv": 2.477255760595276,
          "stddevserv": 2.477255760595276,
          "rate": 0.4036724894968872,
          "cv": 1.0,
          "lambda": 0.15
        }
      },
      "sensors": [
        "S4"
      ],
      "sources": [
        {
          "startTime": 0,
          "stopTime": -1,
          "lambda": 0.15
        }
      ]
    }
  },
  "microservice": {
    "MS1_1": "F10",
    "MS1_2": "F10",
    "MS1_3": "F10",
    "MS1_4": "F6",
    "MS1_5": "F6",
    "MS1_6": "F2",
    "MS1_7": "F10",
    "MS1_8": "F5",
    "MS1_9": "F5",
    "MS2_1": "F8",
    "MS2_2": "F4",
    "MS2_3": "F8",
    "MS2_4": "F3",
    "MS2_5": "F10",
    "MS2_6": "F10",
    "MS2_7": "F9",
    "MS2_8": "F9",
    "MS2_9": "F7",
    "MS3_1": "F9",
    "MS3_2": "F8",
    "MS3_3": "F8",
    "MS3_4": "F8",
    "MS3_5": "F1",
    "MS3_6": "F10",
    "MS3_7": "F9",
    "MS3_8": "F7",
    "MS3_9": "F7",
    "MS4_1": "F8",
    "MS4_2": "F8",
    "MS4_3": "F9",
    "MS4_4": "F9",
    "MS4_5": "F7",
    "MS4_6": "F7",
    "MS4_7": "F6",
    "MS4_8": "F6",
    "MS4_9": "F6"
  },
  "sensor": {
    "S1": "F10",
    "S2": "F8",
    "S3": "F9",
    "S4": "F8"
  },
  "fog": {
    "F1": {
      "rho": 0.8430646981648193,
      "capacity": 1.0,
      "tserv": 5.6204313210987955,
      "stddev": 5.6204313210987955,
      "mu": 0.17792228796499193,
      "cv": 1.0,
      "lambda": 0.15,
      "twait": 30.193252760011156
    },
    "F2": {
      "rho": 0.5787475757424834,
      "capacity": 1.0,
      "tserv": 3.858317171616556,
      "stddev": 3.8583171716165565,
      "mu": 0.2591803513087081,
      "cv": 1.0000000000000002,
      "lambda": 0.15,
      "twait": 5.300840021168931
    },
    "F3": {
      "rho": 0.5647079780772273,
      "capacity": 1.0,
      "tserv": 3.764719853848182,
      "stddev": 3.7647198538481823,
      "mu": 0.2656240142218897,
      "cv": 1.0000000000000002,
      "lambda": 0.15,
      "twait": 4.884002530767679
    },
    "F4": {
      "rho": 0.5467530606368123,
      "capacity": 1.0,
      "tserv": 3.6450204042454155,
      "stddev": 3.6450204042454155,
      "mu": 0.2743468867376664,
      "cv": 1.0,
      "lambda": 0.15,
      "twait": 4.396998388791934
    },
    "F5": {
      "rho": 0.4505159409398487,
      "capacity": 1.0,
      "tserv": 1.5017198031328292,
      "stddev": 2.4325895971285694,
      "mu": 0.6659031850774286,
      "cv": 1.6198691607141333,
      "lambda": 0.3,
      "twait": 2.230998619639152
    },
    "F6": {
      "rho": 0.5548020734027238,
      "capacity": 1.0,
      "tserv": 0.7397360978702984,
      "stddev": 1.4453220788878762,
      "mu": 1.3518334482783818,
      "cv": 1.9538347297758771,
      "lambda": 0.75,
      "twait": 2.2205000703522564
    },
    "F7": {
      "rho": 0.5759074511968147,
      "capacity": 1.0,
      "tserv": 0.767876601595753,
      "stddev": 1.3505558818934151,
      "mu": 1.302292579200698,
      "cv": 1.758818902785649,
      "lambda": 0.75,
      "twait": 2.134235503730172
    },
    "F8": {
      "rho": 0.6217951319605165,
      "capacity": 1.0,
      "tserv": 0.5921858399623966,
      "stddev": 0.9932677312550987,
      "mu": 1.6886590872613558,
      "cv": 1.6772905804673928,
      "lambda": 1.05,
      "twait": 1.8563062197394358
    },
    "F9": {
      "rho": 0.6174569874326576,
      "capacity": 1.0,
      "tserv": 0.6860633193696196,
      "stddev": 1.0231987766276534,
      "mu": 1.4575914084997825,
      "cv": 1.4914057459999557,
      "lambda": 0.9,
      "twait": 1.7852329128200515
    },
    "F10": {
      "rho": 0.6462491024460961,
      "capacity": 1.0,
      "tserv": 0.6154753356629487,
      "stddev": 0.902164459565826,
      "mu": 1.6247604770756041,
      "cv": 1.465801157724826,
      "lambda": 1.05,
      "twait": 1.770096047272847
    }
  },
  "extra": {
    "deltatime": 0.0394343,
    "obj_func": 41.057706195613
  },
  "network": [
    [
      0.0,
      0.8869274959602285,
      0.9372274291082329,
      1.2013556707748394,
      1.0380107365189768,
      1.117426801781246,
      1.335279165759861,
      1.3162962480014178,
      1.0301588906605263,
      1.0301588906605263
    ],
    [
      0.8869274959602285,
      0.0,
      1.2202491398515298,
      1.280786599454437,
      1.454962488570467,
      1.3756383979848885,
      1.0972251595787874,
      1.0301588906605263,
      1.041487901921349,
      1.041487901921349
    ],
    [
      0.9372274291082329,
      1.2202491398515298,
      0.0,
      1.0313753610639709,
      1.1616282436369056,
      0.9482868754153032,
      1.3162962480014178,
      1.041487901921349,
      0.7030974368569644,
      0.7030974368569644
    ],
    [
      1.2013556707748394,
      1.280786599454437,
      1.0313753610639709,
      0.0,
      1.015875880529784,
      1.335279165759861,
      1.0301588906605263,
      0.7030974368569644,
      1.013053593794087,
      1.013053593794087
    ],
    [
      1.0380107365189768,
      1.454962488570467,
      1.1616282436369056,
      1.015875880529784,
      0.0,
      1.0972251595787874,
      1.041487901921349,
      1.013053593794087,
      1.1563484842565601,
      1.1563484842565601
    ],
    [
      1.117426801781246,
      1.3756383979848885,
      0.9482868754153032,
      1.335279165759861,
      1.0972251595787874,
      0.0,
      0.7030974368569644,
      1.1563484842565601,
      1.5309658226894989,
      1.5309658226894989
    ],
    [
      1.335279165759861,
      1.0972251595787874,
      1.3162962480014178,
      1.0301588906605263,
      1.041487901921349,
      0.7030974368569644,
      0.0,
      1.5309658226894989,
      0.8662027876380066,
      0.8662027876380066
    ],
    [
      1.3162962480014178,
      1.0301588906605263,
      1.041487901921349,
      0.7030974368569644,
      1.013053593794087,
      1.1563484842565601,
      1.5309658226894989,
      0.0,
      0.997557153066764,
      0.997557153066764
    ],
    [
      1.0301588906605263,
      1.041487901921349,
      0.7030974368569644,
      1.013053593794087,
      1.1563484842565601,
      1.5309658226894989,
      0.8662027876380066,
      0.997557153066764,
      0.0,
      0.6126732810522948
    ],
    [
      1.0301588906605263,
      1.041487901921349,
      0.7030974368569644,
      1.013053593794087,
      1.1563484842565601,
      1.5309658226894989,
      0.8662027876380066,
      0.997557153066764,
      0.6126732810522948,
      0.0
    ]
  ]
}