{
  "servicechain": {
    "SC1": {
      "resptime": 31.647416686301387,
      "resptime_old": 21.64741668630139,
      "waittime": 16.694639809683355,
      "servicetime": 10.0,
      "networktime": 4.952776876618032,
      "services": {
        "MS1_1": {
          "meanserv": 3.987874061421406,
          "stddevserv": 3.987874061421406,
          "rate": 0.2507601756218871,
          "cv": 1.0,
          "lambda": 0.15
        },
        "MS1_2": {
          "meanserv": 0.27637749418381086,
          "stddevserv": 0.27637749418381086,
          "rate": 3.61823962169267,
          "cv": 1.0,
          "lambda": 0.15
        },
        "MS1_3": {
          "meanserv": 0.9241267345603106,
          "stddevserv": 0.9241267345603106,
          "rate": 1.0821026625485402,
          "cv": 1.0,
          "lambda": 0.15
        },
        "MS1_4": {
          "meanserv": 2.2604431870394324,
          "stddevserv": 2.2604431870394324,
          "rate": 0.4423911230035066,
          "cv": 1.0,
          "lambda": 0.15
        },
        "MS1_5": {
          "meanserv": 1.6127174061590361,
          "stddevserv": 1.6127174061590361,
          "rate": 0.6200714373026283,
          "cv": 1.0,
          "lambda": 0.15
        },
        "MS1_6": {
          "meanserv": 0.9384611166360042,
          "stddevserv": 0.9384611166360042,
          "rate": 1.0655742494527503,
          "cv": 1.0,
          "lambda": 0.15
        }
      },
      "sensors": [
        "S1"
      ],
      "sources": [
        {
          "startTime": 0,
          "stopTime": -1,
          "lambda": 0.15
        }
      ]
    },
    "SC2": {
      "resptime": 31.2251425795613,
      "resptime_old": 21.2251425795613,
      "waittime": 16.7864282004856,
      "servicetime": 10.0,
      "networktime": 4.4387143790757,
      "services": {
        "MS2_1": {
          "meanserv": 2.5176258669003184,
          "stddevserv": 2.5176258669003184,
          "rate": 0.397199605051402,
          "cv": 1.0,
          "lambda": 0.15
        },
        "MS2_2": {
          "meanserv": 3.009502395526905,
          "stddevserv": 3.009502395526905,
          "rate": 0.3322808453272288,
          "cv": 1.0,
          "lambda": 0.15
        },
        "MS2_3": {
          "meanserv": 0.8744629196783444,
          "stddevserv": 0.8744629196783444,
          "rate": 1.1435590663670818,
          "cv": 1.0,
          "lambda": 0.15
        },
        "MS2_4": {
          "meanserv": 1.224391780373323,
          "stddevserv": 1.224391780373323,
          "rate": 0.8167320428230048,
          "cv": 1.0,
          "lambda": 0.15
        },
        "MS2_5": {
          "meanserv": 1.6308799151655036,
          "stddevserv": 1.6308799151655036,
          "rate": 0.6131659300608401,
          "cv": 1.0,
          "lambda": 0.15
        },
        "MS2_6": {
          "meanserv": 0.7431371223556056,
          "stddevserv": 0.7431371223556056,
          "rate": 1.3456466780049787,
          "cv": 1.0,
          "lambda": 0.15
        }
      },
      "sensors": [
        "S2"
      ],
      "sources": [
        {
          "startTime": 0,
          "stopTime": -1,
          "lambda": 0.15
        }
      ]
    },
    "SC3": {
      "resptime": 31.853611560783737,
      "resptime_old": 21.853611560783733,
      "waittime": 15.097370641113331,
      "servicetime": 10.0,
      "networktime": 6.756240919670408,
      "services": {
        "MS3_1": {
          "meanserv": 3.1210979200034936,
          "stddevserv": 3.1210979200034936,
          "rate": 0.3204000725484706,
          "cv": 1.0,
          "lambda": 0.15
        },
        "MS3_2": {
          "meanserv": 2.963874974899923,
          "stddevserv": 2.963874974899923,
          "rate": 0.3373961481063369,
          "cv": 1.0,
          "lambda": 0.15
        },
        "MS3_3": {
          "meanserv": 0.6081123558070614,
          "stddevserv": 0.6081123558070614,
          "rate": 1.644432957907658,
          "cv": 1.0,
          "lambda": 0.15
        },
        "MS3_4": {
          "meanserv": 0.526735674149192,
          "stddevserv": 0.526735674149192,
          "rate": 1.898485424620701,
          "cv": 1.0,
          "lambda": 0.15
        },
        "MS3_5": {
          "meanserv": 2.442709978310152,
          "stddevserv": 2.442709978310152,
          "rate": 0.4093813874260228,
          "cv": 1.0,
          "lambda": 0.15
        },
        "MS3_6": {
          "meanserv": 0.3374690968301781,
          "stddevserv": 0.3374690968301781,
          "rate": 2.9632342913556378,
          "cv": 1.0,
          "lambda": 0.15
        }
      },
      "sensors": [
        "S3"
      ],
      "sources": [
        {
          "startTime": 0,
          "stopTime": -1,
          "lambda": 0.15
        }
      ]
    },
    "SC4": {
      "resptime": 38.94168517611688,
      "resptime_old": 28.941685176116874,
      "waittime": 23.173392998726992,
      "servicetime": 10.0,
      "networktime": 5.768292177389883,
      "services": {
        "MS4_1": {
          "meanserv": 3.0647561949904025,
          "stddevserv": 3.0647561949904025,
          "rate": 0.3262902287740156,
          "cv": 1.0,
          "lambda": 0.15
        },
        "MS4_2": {
          "meanserv": 2.277307470873576,
          "stddevserv": 2.277307470873576,
          "rate": 0.43911505705305554,
          "cv": 1.0,
          "lambda": 0.15
        },
        "MS4_3": {
          "meanserv": 1.3634738359242142,
          "stddevserv": 1.3634738359242142,
          "rate": 0.7334207475438369,
          "cv": 1.0,
          "lambda": 0.15
        },
        "MS4_4": {
          "meanserv": 0.571666535056738,
          "stddevserv": 0.571666535056738,
          "rate": 1.7492715397460685,
          "cv": 1.0,
          "lambda": 0.15
        },
        "MS4_5": {
          "meanserv": 0.5945066278610813,
          "stddevserv": 0.5945066278610813,
          "rate": 1.6820670336305663,
          "cv": 1.0,
          "lambda": 0.15
        },
        "MS4_6": {
          "meanserv": 2.128289335293988,
          "stddevserv": 2.128289335293988,
          "rate": 0.4698609269974407,
          "cv": 1.0,
          "lambda": 0.15
        }
      },
      "sensors": [
        "S4"
      ],
      "sources": [
        {
          "startTime": 0,
          "stopTime": -1,
          "lambda": 0.15
        }
      ]
    }
  },
  "microservice": {
    "MS1_1": "F3",
    "MS1_2": "F7",
    "MS1_3": "F7",
    "MS1_4": "F10",
    "MS1_5": "F10",
    "MS1_6": "F1",
    "MS2_1": "F5",
    "MS2_2": "F6",
    "MS2_3": "F6",
    "MS2_4": "F9",
    "MS2_5": "F9",
    "MS2_6": "F7",
    "MS3_1": "F2",
    "MS3_2": "F8",
    "MS3_3": "F7",
    "MS3_4": "F7",
    "MS3_5": "F4",
    "MS3_6": "F7",
    "MS4_1": "F1",
    "MS4_2": "F4",
    "MS4_3": "F8",
    "MS4_4": "F9",
    "MS4_5": "F9",
    "MS4_6": "F5"
  },
  "sensor": {
    "S1": "F3",
    "S2": "F5",
    "S3": "F2",
    "S4": "F1"
  },
  "fog": {
    "F1": {
      "rho": 0.600482596743961,
      "capacity": 1.0,
      "tserv": 2.0016086558132034,
      "stddev": 2.5033982086642563,
      "mu": 0.4995981592584216,
      "cv": 1.2506931369394925,
      "lambda": 0.3,
      "twait": 3.8571935984923034
    },
    "F2": {
      "rho": 0.468164688000524,
      "capacity": 1.0,
      "tserv": 3.1210979200034936,
      "stddev": 3.1210979200034936,
      "mu": 0.3204000725484706,
      "cv": 1.0,
      "lambda": 0.15,
      "twait": 2.7474441823805784
    },
    "F3": {
      "rho": 0.5981811092132109,
      "capacity": 1.0,
      "tserv": 3.987874061421406,
      "stddev": 3.987874061421406,
      "mu": 0.2507601756218871,
      "cv": 1.0,
      "lambda": 0.15,
      "twait": 5.9366818837032085
    },
    "F4": {
      "rho": 0.7080026173775592,
      "capacity": 1.0,
      "tserv": 2.360008724591864,
      "stddev": 2.36290502874806,
      "mu": 0.4237272470986048,
      "cv": 1.0012272429868652,
      "lambda": 0.3,
      "twait": 5.729312325439721
    },
    "F5": {
      "rho": 0.6968872803291459,
      "capacity": 1.0,
      "tserv": 2.322957601097153,
      "stddev": 2.3392142877292503,
      "mu": 0.43048568752511507,
      "cv": 1.0069982709216987,
      "lambda": 0.3,
      "twait": 5.378224730496221
    },
    "F6": {
      "rho": 0.5825947972807873,
      "capacity": 1.0,
      "tserv": 1.9419826576026245,
      "stddev": 2.4597750759256836,
      "mu": 0.5149376571851053,
      "cv": 1.266630814799486,
      "lambda": 0.3,
      "twait": 3.529588276304372
    },
    "F7": {
      "rho": 0.5123937716829238,
      "capacity": 1.0,
      "tserv": 0.5693264129810264,
      "stddev": 0.6509957319142892,
      "mu": 1.7564616311474845,
      "cv": 1.143449025148223,
      "lambda": 0.9,
      "twait": 0.6902446765937296
    },
    "F8": {
      "rho": 0.6491023216236206,
      "capacity": 1.0,
      "tserv": 2.1636744054120687,
      "stddev": 2.441747086709154,
      "mu": 0.46217674780395224,
      "cv": 1.1285187274950117,
      "lambda": 0.3,
      "twait": 4.549880103511843
    },
    "F9": {
      "rho": 0.6032167287684969,
      "capacity": 1.0,
      "tserv": 1.0053612146141615,
      "stddev": 1.1869378550938552,
      "mu": 0.9946673747343445,
      "cv": 1.180608360299019,
      "lambda": 0.6,
      "twait": 1.8293911203934536
    },
    "F10": {
      "rho": 0.5809740889797702,
      "capacity": 1.0,
      "tserv": 1.936580296599234,
      "stddev": 1.9900044192877913,
      "mu": 0.5163741476436932,
      "cv": 1.0275868358169158,
      "lambda": 0.3,
      "twait": 2.760137487150193
    }
  },
  "extra": {
    "deltatime": 0.9315501,
    "conv": 9,
    "obj_func": 33.416964000690825
  },
  "network": [
    [
      0.0,
      1.4880140131752013,
      1.4718877543872713,
      1.2838186813942392,
      1.6405324737607616,
      2.4347298877874928,
      1.8846859503641094,
      1.5092443784243756,
      1.765791063939405,
      1.765791063939405
    ],
    [
      1.4880140131752013,
      0.0,
      2.2568315012325137,
      2.0285398907920253,
      0.9878861363814616,
      1.0543939477899522,
      1.3021052169692546,
      1.765791063939405,
      2.157460204084637,
      2.157460204084637
    ],
    [
      1.4718877543872713,
      2.2568315012325137,
      0.0,
      2.161336652192292,
      1.8711476381822285,
      2.1569056287776673,
      1.5092443784243756,
      2.157460204084637,
      1.3460752547083916,
      1.3460752547083916
    ],
    [
      1.2838186813942392,
      2.0285398907920253,
      2.161336652192292,
      0.0,
      1.5503816989525823,
      1.8846859503641094,
      1.765791063939405,
      1.3460752547083916,
      2.2726461195229084,
      2.2726461195229084
    ],
    [
      1.6405324737607616,
      0.9878861363814616,
      1.8711476381822285,
      1.5503816989525823,
      0.0,
      1.3021052169692546,
      2.157460204084637,
      2.2726461195229084,
      1.7976314761213859,
      1.7976314761213859
    ],
    [
      2.4347298877874928,
      1.0543939477899522,
      2.1569056287776673,
      1.8846859503641094,
      1.3021052169692546,
      0.0,
      1.3460752547083916,
      1.7976314761213859,
      1.4588677278521933,
      1.4588677278521933
    ],
    [
      1.8846859503641094,
      1.3021052169692546,
      1.5092443784243756,
      1.765791063939405,
      2.157460204084637,
      1.3460752547083916,
      0.0,
      1.4588677278521933,
      1.6777414342542514,
      1.6777414342542514
    ],
    [
      1.5092443784243756,
      1.765791063939405,
      2.157460204084637,
      1.3460752547083916,
      2.2726461195229084,
      1.7976314761213859,
      1.4588677278521933,
      0.0,
      1.3407667651658663,
      1.3407667651658663
    ],
    [
      1.765791063939405,
      2.157460204084637,
      1.3460752547083916,
      2.2726461195229084,
      1.7976314761213859,
      1.4588677278521933,
      1.6777414342542514,
      1.3407667651658663,
      0.0,
      1.3998010744336036
    ],
    [
      1.765791063939405,
      2.157460204084637,
      1.3460752547083916,
      2.2726461195229084,
      1.7976314761213859,
      1.4588677278521933,
      1.6777414342542514,
      1.3407667651658663,
      1.3998010744336036,
      0.0
    ]
  ]
}