{
  "servicechain": {
    "SC1": {
      "resptime": 29.24448615663205,
      "resptime_old": 19.24448615663205,
      "waittime": 16.2901806459954,
      "servicetime": 10.0,
      "networktime": 2.954305510636649,
      "services": {
        "MS1_1": {
          "meanserv": 1.9533886977842607,
          "stddevserv": 1.9533886977842607,
          "rate": 0.5119308825398168,
          "cv": 1.0,
          "lambda": 0.15
        },
        "MS1_2": {
          "meanserv": 1.8330761901217085,
          "stddevserv": 1.8330761901217085,
          "rate": 0.5455310616050303,
          "cv": 1.0,
          "lambda": 0.15
        },
        "MS1_3": {
          "meanserv": 2.0238758575429707,
          "stddevserv": 2.0238758575429707,
          "rate": 0.49410145205942707,
          "cv": 1.0,
          "lambda": 0.15
        },
        "MS1_4": {
          "meanserv": 1.1732365270533638,
          "stddevserv": 1.1732365270533638,
          "rate": 0.8523430501363138,
          "cv": 1.0,
          "lambda": 0.15
        },
        "MS1_5": {
          "meanserv": 3.0164227274976962,
          "stddevserv": 3.0164227274976962,
          "rate": 0.33151852055880776,
          "cv": 1.0,
          "lambda": 0.15
        }
      },
      "sensors": [
        "S1"
      ],
      "sources": [
        {
          "startTime": 0,
          "stopTime": -1,
          "lambda": 0.15
        }
      ]
    },
    "SC2": {
      "resptime": 29.467130080199723,
      "resptime_old": 19.467130080199727,
      "waittime": 14.299716010080418,
      "servicetime": 10.0,
      "networktime": 5.1674140701193085,
      "services": {
        "MS2_1": {
          "meanserv": 0.7823939576534444,
          "stddevserv": 0.7823939576534444,
          "rate": 1.278128480183052,
          "cv": 1.0,
          "lambda": 0.15
        },
        "MS2_2": {
          "meanserv": 3.95388957695926,
          "stddevserv": 3.95388957695926,
          "rate": 0.2529155102932971,
          "cv": 1.0,
          "lambda": 0.15
        },
        "MS2_3": {
          "meanserv": 1.062701625498697,
          "stddevserv": 1.062701625498697,
          "rate": 0.9409979019564662,
          "cv": 1.0,
          "lambda": 0.15
        },
        "MS2_4": {
          "meanserv": 0.8741435133159525,
          "stddevserv": 0.8741435133159525,
          "rate": 1.1439769154227626,
          "cv": 1.0,
          "lambda": 0.15
        },
        "MS2_5": {
          "meanserv": 3.326871326572646,
          "stddevserv": 3.326871326572646,
          "rate": 0.3005827102517377,
          "cv": 1.0,
          "lambda": 0.15
        }
      },
      "sensors": [
        "S2"
      ],
      "sources": [
        {
          "startTime": 0,
          "stopTime": -1,
          "lambda": 0.15
        }
      ]
    },
    "SC3": {
      "resptime": 31.849388728545975,
      "resptime_old": 21.849388728545975,
      "waittime": 16.696338155194645,
      "servicetime": 10.0,
      "networktime": 5.153050573351328,
      "services": {
        "MS3_1": {
          "meanserv": 1.44915720938821,
          "stddevserv": 1.44915720938821,
          "rate": 0.6900562571966706,
          "cv": 1.0,
          "lambda": 0.15
        },
        "MS3_2": {
          "meanserv": 0.44694379528276706,
          "stddevserv": 0.44694379528276706,
          "rate": 2.2374177929180825,
          "cv": 1.0,
          "lambda": 0.15
        },
        "MS3_3": {
          "meanserv": 1.8234918125572588,
          "stddevserv": 1.8234918125572588,
          "rate": 0.5483984041571338,
          "cv": 1.0,
          "lambda": 0.15
        },
        "MS3_4": {
          "meanserv": 1.762072312793432,
          "stddevserv": 1.762072312793432,
          "rate": 0.5675135990387872,
          "cv": 1.0,
          "lambda": 0.15
        },
        "MS3_5": {
          "meanserv": 4.518334869978332,
          "stddevserv": 4.518334869978332,
          "rate": 0.22132047065488875,
          "cv": 1.0,
          "lambda": 0.15
        }
      },
      "sensors": [
        "S3"
      ],
      "sources": [
        {
          "startTime": 0,
          "stopTime": -1,
          "lambda": 0.15
        }
      ]
    },
    "SC4": {
      "resptime": 35.95316647528482,
      "resptime_old": 25.953166475284817,
      "waittime": 20.932116993595624,
      "servicetime": 10.0,
      "networktime": 5.021049481689193,
      "services": {
        "MS4_1": {
          "meanserv": 1.1011296806876414,
          "stddevserv": 1.1011296806876414,
          "rate": 0.9081582465159896,
          "cv": 1.0,
          "lambda": 0.15
        },
        "MS4_2": {
          "meanserv": 1.4692781616162998,
          "stddevserv": 1.4692781616162998,
          "rate": 0.6806063182072591,
          "cv": 1.0,
          "lambda": 0.15
        },
        "MS4_3": {
          "meanserv": 0.6846438160465151,
          "stddevserv": 0.6846438160465151,
          "rate": 1.4606134994025264,
          "cv": 1.0,
          "lambda": 0.15
        },
        "MS4_4": {
          "meanserv": 4.8286229580985776,
          "stddevserv": 4.8286229580985776,
          "rate": 0.20709838160438634,
          "cv": 1.0,
          "lambda": 0.15
        },
        "MS4_5": {
          "meanserv": 1.9163253835509657,
          "stddevserv": 1.9163253835509657,
          "rate": 0.5218320482438072,
          "cv": 1.0,
          "lambda": 0.15
        }
      },
      "sensors": [
        "S4"
      ],
      "sources": [
        {
          "startTime": 0,
          "stopTime": -1,
          "lambda": 0.15
        }
      ]
    }
  },
  "microservice": {
    "MS1_1": "F9",
    "MS1_2": "F9",
    "MS1_3": "F1",
    "MS1_4": "F7",
    "MS1_5": "F7",
    "MS2_1": "F10",
    "MS2_2": "F3",
    "MS2_3": "F8",
    "MS2_4": "F8",
    "MS2_5": "F4",
    "MS3_1": "F2",
    "MS3_2": "F2",
    "MS3_3": "F8",
    "MS3_4": "F10",
    "MS3_5": "F6",
    "MS4_1": "F10",
    "MS4_2": "F2",
    "MS4_3": "F2",
    "MS4_4": "F5",
    "MS4_5": "F1"
  },
  "sensor": {
    "S1": "F9",
    "S2": "F10",
    "S3": "F2",
    "S4": "F10"
  },
  "fog": {
    "F1": {
      "rho": 0.5910301861640904,
      "capacity": 1.0,
      "tserv": 1.9701006205469682,
      "stddev": 1.9715679058321836,
      "mu": 0.5075882874055262,
      "cv": 1.0007447768250577,
      "lambda": 0.3,
      "twait": 2.8492481105844942
    },
    "F2": {
      "rho": 0.6075034473500688,
      "capacity": 1.0,
      "tserv": 1.012505745583448,
      "stddev": 1.1993738105857379,
      "mu": 0.9876487164265505,
      "cv": 1.1845600045406248,
      "lambda": 0.6,
      "twait": 1.8830729129148285
    },
    "F3": {
      "rho": 0.593083436543889,
      "capacity": 1.0,
      "tserv": 3.9538895769592597,
      "stddev": 3.9538895769592606,
      "mu": 0.2529155102932972,
      "cv": 1.0000000000000002,
      "lambda": 0.15,
      "twait": 5.762818790420129
    },
    "F4": {
      "rho": 0.4990306989858969,
      "capacity": 1.0,
      "tserv": 3.326871326572646,
      "stddev": 3.326871326572646,
      "mu": 0.3005827102517377,
      "cv": 1.0,
      "lambda": 0.15,
      "twait": 3.3139973251353942
    },
    "F5": {
      "rho": 0.7242934437147865,
      "capacity": 1.0,
      "tserv": 4.8286229580985776,
      "stddev": 4.8286229580985776,
      "mu": 0.20709838160438634,
      "cv": 1.0,
      "lambda": 0.15,
      "twait": 12.685008285053486
    },
    "F6": {
      "rho": 0.6777502304967498,
      "capacity": 1.0,
      "tserv": 4.518334869978332,
      "stddev": 4.518334869978332,
      "mu": 0.22132047065488875,
      "cv": 1.0,
      "lambda": 0.15,
      "twait": 9.502884996038546
    },
    "F7": {
      "rho": 0.628448888182659,
      "capacity": 1.0,
      "tserv": 2.09482962727553,
      "stddev": 2.4671803444550915,
      "mu": 0.4773657900287427,
      "cv": 1.1777474942741903,
      "lambda": 0.3,
      "twait": 4.229010364740877
    },
    "F8": {
      "rho": 0.5640505427057863,
      "capacity": 1.0,
      "tserv": 1.2534456504573028,
      "stddev": 1.381278398006183,
      "mu": 0.7978008457208842,
      "cv": 1.1019850741053208,
      "lambda": 0.44999999999999996,
      "twait": 1.7955925611984531
    },
    "F9": {
      "rho": 0.5679697331858954,
      "capacity": 1.0,
      "tserv": 1.8932324439529846,
      "stddev": 1.8951429066395542,
      "mu": 0.5281971599388212,
      "cv": 1.0010091009652151,
      "lambda": 0.3,
      "twait": 2.4914559029645753
    },
    "F10": {
      "rho": 0.5468393926701777,
      "capacity": 1.0,
      "tserv": 1.2151986503781727,
      "stddev": 1.3452296146893,
      "mu": 0.8229107230235959,
      "cv": 1.107003874856725,
      "lambda": 0.44999999999999996,
      "twait": 1.6317147721279892
    }
  },
  "extra": {
    "conv_gen": 31,
    "max_gen": 600,
    "population": 600,
    "deltatime": 36.2729755,
    "obj_func": 31.62854286016564
  },
  "network": [
    [
      0.0,
      2.00953062573351,
      2.164839892783824,
      2.1251425390467533,
      1.3975533434820588,
      2.1902156979056078,
      1.3852072324332474,
      2.2699707463726004,
      1.569098278203402,
      1.569098278203402
    ],
    [
      2.00953062573351,
      0.0,
      2.0644427846929014,
      2.0061608902670165,
      1.432745377749189,
      2.0711118593340783,
      1.755139180420813,
      1.569098278203402,
      2.190750760457945,
      2.190750760457945
    ],
    [
      2.164839892783824,
      2.0644427846929014,
      0.0,
      1.9854332372649945,
      2.037964910205777,
      1.6283849105364279,
      2.2699707463726004,
      2.190750760457945,
      1.4883316548306817,
      1.4883316548306817
    ],
    [
      2.1251425390467533,
      2.0061608902670165,
      1.9854332372649945,
      0.0,
      2.1452653685024763,
      1.3852072324332474,
      1.569098278203402,
      1.4883316548306817,
      1.5970866010156688,
      1.5970866010156688
    ],
    [
      1.3975533434820588,
      1.432745377749189,
      2.037964910205777,
      2.1452653685024763,
      0.0,
      1.755139180420813,
      2.190750760457945,
      1.5970866010156688,
      2.275616995179329,
      2.275616995179329
    ],
    [
      2.1902156979056078,
      2.0711118593340783,
      1.6283849105364279,
      1.3852072324332474,
      1.755139180420813,
      0.0,
      1.4883316548306817,
      2.275616995179329,
      2.3716632177673267,
      2.3716632177673267
    ],
    [
      1.3852072324332474,
      1.755139180420813,
      2.2699707463726004,
      1.569098278203402,
      2.190750760457945,
      1.4883316548306817,
      0.0,
      2.3716632177673267,
      2.1999664058730484,
      2.1999664058730484
    ],
    [
      2.2699707463726004,
      1.569098278203402,
      2.190750760457945,
      1.4883316548306817,
      1.5970866010156688,
      2.275616995179329,
      2.3716632177673267,
      0.0,
      1.2122890773805994,
      1.2122890773805994
    ],
    [
      1.569098278203402,
      2.190750760457945,
      1.4883316548306817,
      1.5970866010156688,
      2.275616995179329,
      2.3716632177673267,
      2.1999664058730484,
      1.2122890773805994,
      0.0,
      2.87534319406651
    ],
    [
      1.569098278203402,
      2.190750760457945,
      1.4883316548306817,
      1.5970866010156688,
      2.275616995179329,
      2.3716632177673267,
      2.1999664058730484,
      1.2122890773805994,
      2.87534319406651,
      0.0
    ]
  ]
}