{
  "servicechain": {
    "SC1": {
      "resptime": 30.35204624747501,
      "resptime_old": 20.352046247475005,
      "waittime": 18.03451942141334,
      "servicetime": 10.0,
      "networktime": 2.317526826061669,
      "services": {
        "MS1_1": {
          "meanserv": 3.9893845433863797,
          "stddevserv": 3.9893845433863797,
          "rate": 0.25066523147230935,
          "cv": 1.0,
          "lambda": 0.15
        },
        "MS1_2": {
          "meanserv": 1.2480030535025897,
          "stddevserv": 1.2480030535025897,
          "rate": 0.8012800907765767,
          "cv": 1.0,
          "lambda": 0.15
        },
        "MS1_3": {
          "meanserv": 1.0043750800822382,
          "stddevserv": 1.0043750800822382,
          "rate": 0.9956439778634493,
          "cv": 1.0,
          "lambda": 0.15
        },
        "MS1_4": {
          "meanserv": 0.18239867527509723,
          "stddevserv": 0.18239867527509723,
          "rate": 5.4824959583274415,
          "cv": 1.0,
          "lambda": 0.15
        },
        "MS1_5": {
          "meanserv": 1.5723513460839298,
          "stddevserv": 1.5723513460839298,
          "rate": 0.6359901700663673,
          "cv": 1.0,
          "lambda": 0.15
        },
        "MS1_6": {
          "meanserv": 0.11353205765756247,
          "stddevserv": 0.11353205765756247,
          "rate": 8.808084876046365,
          "cv": 1.0,
          "lambda": 0.15
        },
        "MS1_7": {
          "meanserv": 1.196301178437995,
          "stddevserv": 1.196301178437995,
          "rate": 0.8359099013057024,
          "cv": 1.0,
          "lambda": 0.15
        },
        "MS1_8": {
          "meanserv": 0.6936540655742078,
          "stddevserv": 0.6936540655742078,
          "rate": 1.4416407970912686,
          "cv": 1.0,
          "lambda": 0.15
        }
      },
      "sensors": [
        "S1"
      ],
      "sources": [
        {
          "startTime": 0,
          "stopTime": -1,
          "lambda": 0.15
        }
      ]
    },
    "SC2": {
      "resptime": 45.22055719914842,
      "resptime_old": 35.22055719914843,
      "waittime": 31.726044635276978,
      "servicetime": 10.0,
      "networktime": 3.4945125638714463,
      "services": {
        "MS2_1": {
          "meanserv": 0.42777947784416126,
          "stddevserv": 0.42777947784416126,
          "rate": 2.337653047405647,
          "cv": 1.0,
          "lambda": 0.15
        },
        "MS2_2": {
          "meanserv": 0.5564171155853626,
          "stddevserv": 0.5564171155853626,
          "rate": 1.7972128678104715,
          "cv": 1.0,
          "lambda": 0.15
        },
        "MS2_3": {
          "meanserv": 0.7017344261286418,
          "stddevserv": 0.7017344261286418,
          "rate": 1.4250405320953716,
          "cv": 1.0,
          "lambda": 0.15
        },
        "MS2_4": {
          "meanserv": 0.33411937820201776,
          "stddevserv": 0.33411937820201776,
          "rate": 2.992942239331514,
          "cv": 1.0,
          "lambda": 0.15
        },
        "MS2_5": {
          "meanserv": 5.463211074579769,
          "stddevserv": 5.463211074579769,
          "rate": 0.18304253420721442,
          "cv": 1.0,
          "lambda": 0.15
        },
        "MS2_6": {
          "meanserv": 0.5479304008296779,
          "stddevserv": 0.5479304008296779,
          "rate": 1.8250493100689373,
          "cv": 1.0,
          "lambda": 0.15
        },
        "MS2_7": {
          "meanserv": 0.7160773371748608,
          "stddevserv": 0.7160773371748608,
          "rate": 1.3964972050997997,
          "cv": 1.0,
          "lambda": 0.15
        },
        "MS2_8": {
          "meanserv": 1.2527307896555087,
          "stddevserv": 1.2527307896555087,
          "rate": 0.7982561043901478,
          "cv": 1.0,
          "lambda": 0.15
        }
      },
      "sensors": [
        "S2"
      ],
      "sources": [
        {
          "startTime": 0,
          "stopTime": -1,
          "lambda": 0.15
        }
      ]
    },
    "SC3": {
      "resptime": 32.651160009595735,
      "resptime_old": 22.65116000959574,
      "waittime": 20.14398182866121,
      "servicetime": 10.0,
      "networktime": 2.5071781809345257,
      "services": {
        "MS3_1": {
          "meanserv": 0.36724922142873595,
          "stddevserv": 0.36724922142873595,
          "rate": 2.7229465486941766,
          "cv": 1.0,
          "lambda": 0.15
        },
        "MS3_2": {
          "meanserv": 0.13757292521967446,
          "stddevserv": 0.13757292521967446,
          "rate": 7.26887211566676,
          "cv": 1.0,
          "lambda": 0.15
        },
        "MS3_3": {
          "meanserv": 0.29781296086037856,
          "stddevserv": 0.29781296086037856,
          "rate": 3.3578122225137896,
          "cv": 1.0,
          "lambda": 0.15
        },
        "MS3_4": {
          "meanserv": 0.9573570808359555,
          "stddevserv": 0.9573570808359555,
          "rate": 1.0445423343260898,
          "cv": 1.0,
          "lambda": 0.15
        },
        "MS3_5": {
          "meanserv": 1.5331582207704175,
          "stddevserv": 1.5331582207704175,
          "rate": 0.652248402319166,
          "cv": 1.0,
          "lambda": 0.15
        },
        "MS3_6": {
          "meanserv": 1.8774040714069002,
          "stddevserv": 1.8774040714069002,
          "rate": 0.5326503842354054,
          "cv": 1.0,
          "lambda": 0.15
        },
        "MS3_7": {
          "meanserv": 2.9875954204456985,
          "stddevserv": 2.9875954204456985,
          "rate": 0.3347173426349733,
          "cv": 1.0,
          "lambda": 0.15
        },
        "MS3_8": {
          "meanserv": 1.8418500990322393,
          "stddevserv": 1.8418500990322393,
          "rate": 0.5429323485800656,
          "cv": 1.0,
          "lambda": 0.15
        }
      },
      "sensors": [
        "S3"
      ],
      "sources": [
        {
          "startTime": 0,
          "stopTime": -1,
          "lambda": 0.15
        }
      ]
    },
    "SC4": {
      "resptime": 27.00781232654131,
      "resptime_old": 17.00781232654131,
      "waittime": 14.09096938296094,
      "servicetime": 10.0,
      "networktime": 2.916842943580368,
      "services": {
        "MS4_1": {
          "meanserv": 3.1203792434772892,
          "stddevserv": 3.1203792434772892,
          "rate": 0.3204738661463533,
          "cv": 1.0,
          "lambda": 0.15
        },
        "MS4_2": {
          "meanserv": 2.972993565428325,
          "stddevserv": 2.972993565428325,
          "rate": 0.33636130653916435,
          "cv": 1.0,
          "lambda": 0.15
        },
        "MS4_3": {
          "meanserv": 0.9796349708127234,
          "stddevserv": 0.9796349708127234,
          "rate": 1.0207883852598498,
          "cv": 1.0,
          "lambda": 0.15
        },
        "MS4_4": {
          "meanserv": 0.1352259017438442,
          "stddevserv": 0.1352259017438442,
          "rate": 7.395032956735468,
          "cv": 1.0,
          "lambda": 0.15
        },
        "MS4_5": {
          "meanserv": 0.2701371927152385,
          "stddevserv": 0.2701371927152385,
          "rate": 3.701822729216471,
          "cv": 1.0,
          "lambda": 0.15
        },
        "MS4_6": {
          "meanserv": 0.903018817390004,
          "stddevserv": 0.903018817390004,
          "rate": 1.1073966353107687,
          "cv": 1.0,
          "lambda": 0.15
        },
        "MS4_7": {
          "meanserv": 0.5682641812944826,
          "stddevserv": 0.5682641812944826,
          "rate": 1.7597449089999668,
          "cv": 1.0,
          "lambda": 0.15
        },
        "MS4_8": {
          "meanserv": 1.0503461271380932,
          "stddevserv": 1.0503461271380932,
          "rate": 0.9520671083204995,
          "cv": 1.0,
          "lambda": 0.15
        }
      },
      "sensors": [
        "S4"
      ],
      "sources": [
        {
          "startTime": 0,
          "stopTime": -1,
          "lambda": 0.15
        }
      ]
    }
  },
  "microservice": {
    "MS1_1": "F4",
    "MS1_2": "F10",
    "MS1_3": "F10",
    "MS1_4": "F10",
    "MS1_5": "F10",
    "MS1_6": "F2",
    "MS1_7": "F2",
    "MS1_8": "F2",
    "MS2_1": "F5",
    "MS2_2": "F5",
    "MS2_3": "F5",
    "MS2_4": "F5",
    "MS2_5": "F8",
    "MS2_6": "F7",
    "MS2_7": "F2",
    "MS2_8": "F2",
    "MS3_1": "F5",
    "MS3_2": "F5",
    "MS3_3": "F5",
    "MS3_4": "F5",
    "MS3_5": "F6",
    "MS3_6": "F6",
    "MS3_7": "F1",
    "MS3_8": "F1",
    "MS4_1": "F9",
    "MS4_2": "F3",
    "MS4_3": "F3",
    "MS4_4": "F7",
    "MS4_5": "F7",
    "MS4_6": "F7",
    "MS4_7": "F7",
    "MS4_8": "F7"
  },
  "sensor": {
    "S1": "F4",
    "S2": "F5",
    "S3": "F5",
    "S4": "F9"
  },
  "fog": {
    "F1": {
      "rho": 0.7244168279216907,
      "capacity": 1.0,
      "tserv": 2.4147227597389693,
      "stddev": 2.5470084760698763,
      "mu": 0.41412621633967606,
      "cv": 1.0547829831799023,
      "lambda": 0.3,
      "twait": 6.704766164063643
    },
    "F2": {
      "rho": 0.5958443142750203,
      "capacity": 1.0,
      "tserv": 0.794459085700027,
      "stddev": 0.9857728110216409,
      "mu": 1.2587180611306916,
      "cv": 1.2408100414045116,
      "lambda": 0.75,
      "twait": 1.4872795284249531
    },
    "F3": {
      "rho": 0.5928942804361573,
      "capacity": 1.0,
      "tserv": 1.9763142681205241,
      "stddev": 2.427459027407199,
      "mu": 0.5059924001616405,
      "cv": 1.2282758195718102,
      "lambda": 0.3,
      "twait": 3.6102570948702475
    },
    "F4": {
      "rho": 0.5984076815079571,
      "capacity": 1.0,
      "tserv": 3.98938454338638,
      "stddev": 3.989384543386379,
      "mu": 0.2506652314723093,
      "cv": 0.9999999999999997,
      "lambda": 0.15,
      "twait": 5.944531917880358
    },
    "F5": {
      "rho": 0.5670063879157392,
      "capacity": 1.0,
      "tserv": 0.472505323263116,
      "stddev": 0.5836609825305068,
      "mu": 2.1163782729346035,
      "cv": 1.2352474221872278,
      "lambda": 1.2,
      "twait": 0.7814268949501992
    },
    "F6": {
      "rho": 0.5115843438265977,
      "capacity": 1.0,
      "tserv": 1.705281146088659,
      "stddev": 1.7225668027817287,
      "mu": 0.5864135672253595,
      "cv": 1.010136543603216,
      "lambda": 0.3,
      "twait": 1.8043709603665639
    },
    "F7": {
      "rho": 0.5212383931667011,
      "capacity": 1.0,
      "tserv": 0.5791537701852234,
      "stddev": 0.7363931816815714,
      "mu": 1.726657153039309,
      "cv": 1.2714985545998607,
      "lambda": 0.9,
      "twait": 0.8249665339886219
    },
    "F8": {
      "rho": 0.8194816611869653,
      "capacity": 1.0,
      "tserv": 5.463211074579769,
      "stddev": 5.463211074579769,
      "mu": 0.18304253420721442,
      "cv": 1.0,
      "lambda": 0.15,
      "twait": 24.800811464637654
    },
    "F9": {
      "rho": 0.4680568865215934,
      "capacity": 1.0,
      "tserv": 3.1203792434772892,
      "stddev": 3.1203792434772892,
      "mu": 0.3204738661463533,
      "cv": 1.0,
      "lambda": 0.15,
      "twait": 2.7456225232773357
    },
    "F10": {
      "rho": 0.6010692232415782,
      "capacity": 1.0,
      "tserv": 1.0017820387359637,
      "stddev": 1.2378821529224984,
      "mu": 0.9982211312770068,
      "cv": 1.235680123077913,
      "lambda": 0.6,
      "twait": 1.9070372295645308
    }
  },
  "extra": {
    "deltatime": 1.8779171,
    "conv": 45,
    "obj_func": 33.80789394569012
  },
  "network": [
    [
      0.0,
      1.121139105216991,
      1.0915396018701338,
      1.2374951562307084,
      1.4736206663046956,
      1.0757117797397318,
      1.2245206899766652,
      1.4392730895039394,
      1.2367650989720838,
      1.2367650989720838
    ],
    [
      1.121139105216991,
      0.0,
      1.5891345961156647,
      1.1915199884732848,
      0.9611266883610343,
      1.0058480672738352,
      1.4314664011947937,
      1.2367650989720838,
      1.2560331880262734,
      1.2560331880262734
    ],
    [
      1.0915396018701338,
      1.5891345961156647,
      0.0,
      1.1218272544687933,
      1.4111352606398018,
      1.8193002625237693,
      1.4392730895039394,
      1.2560331880262734,
      1.4775698540764286,
      1.4775698540764286
    ],
    [
      1.2374951562307084,
      1.1915199884732848,
      1.1218272544687933,
      0.0,
      1.4129401699822934,
      1.2245206899766652,
      1.2367650989720838,
      1.4775698540764286,
      1.0614936380353956,
      1.0614936380353956
    ],
    [
      1.4736206663046956,
      0.9611266883610343,
      1.4111352606398018,
      1.4129401699822934,
      0.0,
      1.4314664011947937,
      1.2560331880262734,
      1.0614936380353956,
      1.5630071763987985,
      1.5630071763987985
    ],
    [
      1.0757117797397318,
      1.0058480672738352,
      1.8193002625237693,
      1.2245206899766652,
      1.4314664011947937,
      0.0,
      1.4775698540764286,
      1.5630071763987985,
      1.0015525246412569,
      1.0015525246412569
    ],
    [
      1.2245206899766652,
      1.4314664011947937,
      1.4392730895039394,
      1.2367650989720838,
      1.2560331880262734,
      1.4775698540764286,
      0.0,
      1.0015525246412569,
      1.397993459105558,
      1.397993459105558
    ],
    [
      1.4392730895039394,
      1.2367650989720838,
      1.2560331880262734,
      1.4775698540764286,
      1.0614936380353956,
      1.5630071763987985,
      1.0015525246412569,
      0.0,
      1.3479152200120816,
      1.3479152200120816
    ],
    [
      1.2367650989720838,
      1.2560331880262734,
      1.4775698540764286,
      1.0614936380353956,
      1.5630071763987985,
      1.0015525246412569,
      1.397993459105558,
      1.3479152200120816,
      0.0,
      1.4755312558959741
    ],
    [
      1.2367650989720838,
      1.2560331880262734,
      1.4775698540764286,
      1.0614936380353956,
      1.5630071763987985,
      1.0015525246412569,
      1.397993459105558,
      1.3479152200120816,
      1.4755312558959741,
      0.0
    ]
  ]
}