{
  "servicechain": {
    "SC1": {
      "resptime": 38.18084866103342,
      "resptime_old": 28.180848661033423,
      "waittime": 21.563021806404965,
      "servicetime": 10.0,
      "networktime": 6.617826854628455,
      "services": {
        "MS1_1": {
          "meanserv": 0.38663282197645477,
          "stddevserv": 0.38663282197645477,
          "rate": 2.586433285430946,
          "cv": 1.0,
          "lambda": 0.15
        },
        "MS1_2": {
          "meanserv": 2.9842302454222835,
          "stddevserv": 2.9842302454222835,
          "rate": 0.33509478751981986,
          "cv": 1.0,
          "lambda": 0.15
        },
        "MS1_3": {
          "meanserv": 3.4166349151092943,
          "stddevserv": 3.4166349151092943,
          "rate": 0.2926856467975921,
          "cv": 1.0,
          "lambda": 0.15
        },
        "MS1_4": {
          "meanserv": 0.18933922810031856,
          "stddevserv": 0.18933922810031856,
          "rate": 5.281525704066803,
          "cv": 1.0,
          "lambda": 0.15
        },
        "MS1_5": {
          "meanserv": 1.5909211519969455,
          "stddevserv": 1.5909211519969455,
          "rate": 0.6285666632471298,
          "cv": 1.0,
          "lambda": 0.15
        },
        "MS1_6": {
          "meanserv": 0.87392817547879,
          "stddevserv": 0.87392817547879,
          "rate": 1.1442587938672881,
          "cv": 1.0,
          "lambda": 0.15
        },
        "MS1_7": {
          "meanserv": 0.5583134619159136,
          "stddevserv": 0.5583134619159136,
          "rate": 1.7911085227434618,
          "cv": 1.0,
          "lambda": 0.15
        }
      },
      "sensors": [
        "S1"
      ],
      "sources": [
        {
          "startTime": 0,
          "stopTime": -1,
          "lambda": 0.15
        }
      ]
    },
    "SC2": {
      "resptime": 32.491003396300485,
      "resptime_old": 22.49100339630049,
      "waittime": 17.465021091666443,
      "servicetime": 10.0,
      "networktime": 5.025982304634045,
      "services": {
        "MS2_1": {
          "meanserv": 0.6396857376492759,
          "stddevserv": 0.6396857376492759,
          "rate": 1.5632676189949315,
          "cv": 1.0,
          "lambda": 0.15
        },
        "MS2_2": {
          "meanserv": 0.9975413959442614,
          "stddevserv": 0.9975413959442614,
          "rate": 1.0024646636878776,
          "cv": 1.0,
          "lambda": 0.15
        },
        "MS2_3": {
          "meanserv": 0.17775785782979225,
          "stddevserv": 0.17775785782979225,
          "rate": 5.625630350234789,
          "cv": 1.0,
          "lambda": 0.15
        },
        "MS2_4": {
          "meanserv": 3.7751305130471313,
          "stddevserv": 3.7751305130471313,
          "rate": 0.26489150415963786,
          "cv": 1.0,
          "lambda": 0.15
        },
        "MS2_5": {
          "meanserv": 0.007091828710709791,
          "stddevserv": 0.007091828710709791,
          "rate": 141.00735378589175,
          "cv": 1.0,
          "lambda": 0.15
        },
        "MS2_6": {
          "meanserv": 1.1654697198428758,
          "stddevserv": 1.1654697198428758,
          "rate": 0.8580231497861791,
          "cv": 1.0,
          "lambda": 0.15
        },
        "MS2_7": {
          "meanserv": 3.2373229469759535,
          "stddevserv": 3.2373229469759535,
          "rate": 0.3088972019100286,
          "cv": 1.0,
          "lambda": 0.15
        }
      },
      "sensors": [
        "S2"
      ],
      "sources": [
        {
          "startTime": 0,
          "stopTime": -1,
          "lambda": 0.15
        }
      ]
    },
    "SC3": {
      "resptime": 34.71507983965822,
      "resptime_old": 24.715079839658227,
      "waittime": 19.636457607043518,
      "servicetime": 10.0,
      "networktime": 5.0786222326147055,
      "services": {
        "MS3_1": {
          "meanserv": 3.6594682981611246,
          "stddevserv": 3.6594682981611246,
          "rate": 0.27326374175792095,
          "cv": 1.0,
          "lambda": 0.15
        },
        "MS3_2": {
          "meanserv": 1.5629164651865342,
          "stddevserv": 1.5629164651865342,
          "rate": 0.6398294613145878,
          "cv": 1.0,
          "lambda": 0.15
        },
        "MS3_3": {
          "meanserv": 0.7312925406821673,
          "stddevserv": 0.7312925406821673,
          "rate": 1.3674418161946187,
          "cv": 1.0,
          "lambda": 0.15
        },
        "MS3_4": {
          "meanserv": 1.2032503885113721,
          "stddevserv": 1.2032503885113721,
          "rate": 0.8310822165926514,
          "cv": 1.0,
          "lambda": 0.15
        },
        "MS3_5": {
          "meanserv": 0.7008333740999158,
          "stddevserv": 0.7008333740999158,
          "rate": 1.426872687511929,
          "cv": 1.0,
          "lambda": 0.15
        },
        "MS3_6": {
          "meanserv": 0.09391870184897577,
          "stddevserv": 0.09391870184897577,
          "rate": 10.647506623420236,
          "cv": 1.0,
          "lambda": 0.15
        },
        "MS3_7": {
          "meanserv": 2.0483202315099103,
          "stddevserv": 2.0483202315099103,
          "rate": 0.48820491279474126,
          "cv": 1.0,
          "lambda": 0.15
        }
      },
      "sensors": [
        "S3"
      ],
      "sources": [
        {
          "startTime": 0,
          "stopTime": -1,
          "lambda": 0.15
        }
      ]
    },
    "SC4": {
      "resptime": 29.296352763247718,
      "resptime_old": 19.296352763247715,
      "waittime": 15.446557718967544,
      "servicetime": 10.0,
      "networktime": 3.8497950442801727,
      "services": {
        "MS4_1": {
          "meanserv": 2.4283843690001983,
          "stddevserv": 2.4283843690001983,
          "rate": 0.4117964243081151,
          "cv": 1.0,
          "lambda": 0.15
        },
        "MS4_2": {
          "meanserv": 0.2335744589950628,
          "stddevserv": 0.2335744589950628,
          "rate": 4.281290019047577,
          "cv": 1.0,
          "lambda": 0.15
        },
        "MS4_3": {
          "meanserv": 0.4834409104418915,
          "stddevserv": 0.4834409104418915,
          "rate": 2.0685051231720233,
          "cv": 1.0,
          "lambda": 0.15
        },
        "MS4_4": {
          "meanserv": 3.863579097422802,
          "stddevserv": 3.863579097422802,
          "rate": 0.2588273657104754,
          "cv": 1.0,
          "lambda": 0.15
        },
        "MS4_5": {
          "meanserv": 1.5109422384922429,
          "stddevserv": 1.5109422384922429,
          "rate": 0.6618386689605633,
          "cv": 1.0,
          "lambda": 0.15
        },
        "MS4_6": {
          "meanserv": 1.0485884250394903,
          "stddevserv": 1.0485884250394903,
          "rate": 0.9536630160325673,
          "cv": 1.0,
          "lambda": 0.15
        },
        "MS4_7": {
          "meanserv": 0.4314905006083123,
          "stddevserv": 0.4314905006083123,
          "rate": 2.3175481235165245,
          "cv": 1.0,
          "lambda": 0.15
        }
      },
      "sensors": [
        "S4"
      ],
      "sources": [
        {
          "startTime": 0,
          "stopTime": -1,
          "lambda": 0.15
        }
      ]
    }
  },
  "microservice": {
    "MS1_1": "F10",
    "MS1_2": "F6",
    "MS1_3": "F5",
    "MS1_4": "F10",
    "MS1_5": "F2",
    "MS1_6": "F4",
    "MS1_7": "F4",
    "MS2_1": "F10",
    "MS2_2": "F10",
    "MS2_3": "F10",
    "MS2_4": "F1",
    "MS2_5": "F10",
    "MS2_6": "F8",
    "MS2_7": "F2",
    "MS3_1": "F9",
    "MS3_2": "F7",
    "MS3_3": "F7",
    "MS3_4": "F6",
    "MS3_5": "F10",
    "MS3_6": "F10",
    "MS3_7": "F7",
    "MS4_1": "F4",
    "MS4_2": "F10",
    "MS4_3": "F10",
    "MS4_4": "F3",
    "MS4_5": "F8",
    "MS4_6": "F8",
    "MS4_7": "F8"
  },
  "sensor": {
    "S1": "F10",
    "S2": "F10",
    "S3": "F9",
    "S4": "F4"
  },
  "fog": {
    "F1": {
      "rho": 0.5662695769570697,
      "capacity": 1.0,
      "tserv": 3.7751305130471313,
      "stddev": 3.775130513047131,
      "mu": 0.26489150415963786,
      "cv": 0.9999999999999999,
      "lambda": 0.15,
      "twait": 4.928733252288675
    },
    "F2": {
      "rho": 0.7242366148459348,
      "capacity": 1.0,
      "tserv": 2.4141220494864495,
      "stddev": 2.6801687829447802,
      "mu": 0.41422926409736727,
      "cv": 1.1102043426159527,
      "lambda": 0.3,
      "twait": 7.0774207211841045
    },
    "F3": {
      "rho": 0.5795368646134204,
      "capacity": 1.0,
      "tserv": 3.863579097422802,
      "stddev": 3.863579097422802,
      "mu": 0.2588273657104754,
      "cv": 1.0,
      "lambda": 0.15,
      "twait": 5.325286161526889
    },
    "F4": {
      "rho": 0.5790939009592353,
      "capacity": 1.0,
      "tserv": 1.2868753354649674,
      "stddev": 1.7298251988210835,
      "mu": 0.777076048037462,
      "cv": 1.3442057292955045,
      "lambda": 0.44999999999999996,
      "twait": 2.484823231528449
    },
    "F5": {
      "rho": 0.5124952372663941,
      "capacity": 1.0,
      "tserv": 3.4166349151092943,
      "stddev": 3.4166349151092943,
      "mu": 0.2926856467975921,
      "cv": 1.0,
      "lambda": 0.15,
      "twait": 3.5917784918717044
    },
    "F6": {
      "rho": 0.6281220950900483,
      "capacity": 1.0,
      "tserv": 2.093740316966828,
      "stddev": 2.4432955491003456,
      "mu": 0.4776141491360714,
      "cv": 1.166952524771512,
      "lambda": 0.3,
      "twait": 4.1761455245585015
    },
    "F7": {
      "rho": 0.6513793856067918,
      "capacity": 1.0,
      "tserv": 1.4475097457928707,
      "stddev": 1.6391432176136718,
      "mu": 0.6908416353716857,
      "cv": 1.132388381064636,
      "lambda": 0.44999999999999996,
      "twait": 3.0863546783542306
    },
    "F8": {
      "rho": 0.6234736325974382,
      "capacity": 1.0,
      "tserv": 1.0391227209957303,
      "stddev": 1.1763153902320267,
      "mu": 0.9623502400580354,
      "cv": 1.1320273981737525,
      "lambda": 0.6,
      "twait": 1.9628059067261492
    },
    "F9": {
      "rho": 0.5489202447241687,
      "capacity": 1.0,
      "tserv": 3.6594682981611246,
      "stddev": 3.659468298161125,
      "mu": 0.27326374175792095,
      "cv": 1.0000000000000002,
      "lambda": 0.15,
      "twait": 4.453217441688566
    },
    "F10": {
      "rho": 0.5864724473394988,
      "capacity": 1.0,
      "tserv": 0.3909816315596659,
      "stddev": 0.5736194232178375,
      "mu": 2.5576649112923726,
      "cv": 1.4671262712000324,
      "lambda": 1.4999999999999998,
      "twait": 0.8740153028668789
    }
  },
  "extra": {
    "conv_gen": 75,
    "max_gen": 600,
    "population": 600,
    "deltatime": 47.5472783,
    "obj_func": 33.67082116505996
  },
  "network": [
    [
      0.0,
      1.8495198710319671,
      1.4660320765708088,
      1.0610950128402072,
      1.5815221741740177,
      1.8112148686129312,
      1.9822885870982259,
      1.723899803479957,
      1.1622634903207751,
      1.1622634903207751
    ],
    [
      1.8495198710319671,
      0.0,
      1.5243352185469117,
      1.2473532483227165,
      1.5138393369671264,
      1.5223885908635657,
      1.2795624495591202,
      1.1622634903207751,
      1.4115304815903904,
      1.4115304815903904
    ],
    [
      1.4660320765708088,
      1.5243352185469117,
      0.0,
      2.094245592228575,
      1.5721423995719743,
      1.3902042303797966,
      1.723899803479957,
      1.4115304815903904,
      1.1451580261809886,
      1.1451580261809886
    ],
    [
      1.0610950128402072,
      1.2473532483227165,
      2.094245592228575,
      0.0,
      1.5404219512919817,
      1.9822885870982259,
      1.1622634903207751,
      1.1451580261809886,
      1.2931065365087933,
      1.2931065365087933
    ],
    [
      1.5815221741740177,
      1.5138393369671264,
      1.5721423995719743,
      1.5404219512919817,
      0.0,
      1.2795624495591202,
      1.4115304815903904,
      1.2931065365087933,
      1.7883693513882566,
      1.7883693513882566
    ],
    [
      1.8112148686129312,
      1.5223885908635657,
      1.3902042303797966,
      1.9822885870982259,
      1.2795624495591202,
      0.0,
      1.1451580261809886,
      1.7883693513882566,
      0.891011323767971,
      0.891011323767971
    ],
    [
      1.9822885870982259,
      1.2795624495591202,
      1.723899803479957,
      1.1622634903207751,
      1.4115304815903904,
      1.1451580261809886,
      0.0,
      0.891011323767971,
      1.521226441332873,
      1.521226441332873
    ],
    [
      1.723899803479957,
      1.1622634903207751,
      1.4115304815903904,
      1.1451580261809886,
      1.2931065365087933,
      1.7883693513882566,
      0.891011323767971,
      0.0,
      1.5391918336717194,
      1.5391918336717194
    ],
    [
      1.1622634903207751,
      1.4115304815903904,
      1.1451580261809886,
      1.2931065365087933,
      1.7883693513882566,
      0.891011323767971,
      1.521226441332873,
      1.5391918336717194,
      0.0,
      1.1719172106806237
    ],
    [
      1.1622634903207751,
      1.4115304815903904,
      1.1451580261809886,
      1.2931065365087933,
      1.7883693513882566,
      0.891011323767971,
      1.521226441332873,
      1.5391918336717194,
      1.1719172106806237,
      0.0
    ]
  ]
}