{
  "servicechain": {
    "SC1": {
      "resptime": 7836.831357715545,
      "resptime_old": 7826.831357715545,
      "waittime": 7824.829830980083,
      "servicetime": 10.0,
      "networktime": 2.0015267354618533,
      "services": {
        "MS1_1": {
          "meanserv": 0.8340247934136957,
          "stddevserv": 0.8340247934136957,
          "rate": 1.1990051229855665,
          "cv": 1.0,
          "lambda": 0.15
        },
        "MS1_2": {
          "meanserv": 1.9408491804999761,
          "stddevserv": 1.9408491804999761,
          "rate": 0.5152383863966149,
          "cv": 1.0,
          "lambda": 0.15
        },
        "MS1_3": {
          "meanserv": 7.225126026086328,
          "stddevserv": 7.225126026086328,
          "rate": 0.13840589027644618,
          "cv": 1.0,
          "lambda": 0.15
        }
      },
      "sensors": [
        "S1"
      ],
      "sources": [
        {
          "startTime": 0,
          "stopTime": -1,
          "lambda": 0.15
        }
      ]
    },
    "SC2": {
      "resptime": 7308.042033028315,
      "resptime_old": 7298.042033028315,
      "waittime": 7295.5747249433325,
      "servicetime": 10.0,
      "networktime": 2.467308084982579,
      "services": {
        "MS2_1": {
          "meanserv": 6.975872523357733,
          "stddevserv": 6.975872523357733,
          "rate": 0.14335124339667044,
          "cv": 1.0,
          "lambda": 0.15
        },
        "MS2_2": {
          "meanserv": 2.4391420227876246,
          "stddevserv": 2.4391420227876246,
          "rate": 0.4099802269230428,
          "cv": 1.0,
          "lambda": 0.15
        },
        "MS2_3": {
          "meanserv": 0.5849854538546424,
          "stddevserv": 0.5849854538546424,
          "rate": 1.7094442150838176,
          "cv": 1.0,
          "lambda": 0.15
        }
      },
      "sensors": [
        "S2"
      ],
      "sources": [
        {
          "startTime": 0,
          "stopTime": -1,
          "lambda": 0.15
        }
      ]
    },
    "SC3": {
      "resptime": 6897.4308222945765,
      "resptime_old": 6887.4308222945765,
      "waittime": 6885.4292955591145,
      "servicetime": 10.0,
      "networktime": 2.0015267354618533,
      "services": {
        "MS3_1": {
          "meanserv": 0.4505601912217616,
          "stddevserv": 0.4505601912217616,
          "rate": 2.219459285314022,
          "cv": 1.0,
          "lambda": 0.15
        },
        "MS3_2": {
          "meanserv": 2.7731419804609114,
          "stddevserv": 2.7731419804609114,
          "rate": 0.36060180367461553,
          "cv": 1.0,
          "lambda": 0.15
        },
        "MS3_3": {
          "meanserv": 6.776297828317327,
          "stddevserv": 6.776297828317327,
          "rate": 0.1475732066883367,
          "cv": 1.0,
          "lambda": 0.15
        }
      },
      "sensors": [
        "S3"
      ],
      "sources": [
        {
          "startTime": 0,
          "stopTime": -1,
          "lambda": 0.15
        }
      ]
    },
    "SC4": {
      "resptime": 26.243196679198512,
      "resptime_old": 16.243196679198515,
      "waittime": 10.79801274296188,
      "servicetime": 10.0,
      "networktime": 5.445183936236633,
      "services": {
        "MS4_1": {
          "meanserv": 3.385290252205281,
          "stddevserv": 3.385290252205281,
          "rate": 0.2953956457200589,
          "cv": 1.0,
          "lambda": 0.15
        },
        "MS4_2": {
          "meanserv": 3.8804236200756588,
          "stddevserv": 3.8804236200756588,
          "rate": 0.25770382254824603,
          "cv": 1.0,
          "lambda": 0.15
        },
        "MS4_3": {
          "meanserv": 2.73428612771906,
          "stddevserv": 2.73428612771906,
          "rate": 0.365726172496146,
          "cv": 1.0,
          "lambda": 0.15
        }
      },
      "sensors": [
        "S4"
      ],
      "sources": [
        {
          "startTime": 0,
          "stopTime": -1,
          "lambda": 0.15
        }
      ]
    }
  },
  "microservice": {
    "MS1_1": "F8",
    "MS1_2": "F8",
    "MS1_3": "F2",
    "MS2_1": "F9",
    "MS2_2": "F6",
    "MS2_3": "F6",
    "MS3_1": "F1",
    "MS3_2": "F1",
    "MS3_3": "F10",
    "MS4_1": "F4",
    "MS4_2": "F5",
    "MS4_3": "F3"
  },
  "sensor": {
    "S1": "F8",
    "S2": "F9",
    "S3": "F1",
    "S4": "F4"
  },
  "fog": {
    "F1": {
      "rho": 0.48355532575240096,
      "capacity": 1.0,
      "tserv": 1.6118510858413366,
      "stddev": 2.3011425437770168,
      "mu": 0.6204047066035451,
      "cv": 1.4276396647249154,
      "lambda": 0.3,
      "twait": 2.292594344556304
    },
    "F2": {
      "rho": 1.0837689039129492,
      "capacity": 1.0,
      "tserv": 7.225126026086328,
      "stddev": 7.225126026086328,
      "mu": 0.13840589027644618,
      "cv": 1.0,
      "lambda": 0.15,
      "twait": 7822.536547010572
    },
    "F3": {
      "rho": 0.410142919157859,
      "capacity": 1.0,
      "tserv": 2.73428612771906,
      "stddev": 2.7342861277190598,
      "mu": 0.365726172496146,
      "cv": 0.9999999999999999,
      "lambda": 0.15,
      "twait": 1.9012200254245286
    },
    "F4": {
      "rho": 0.5077935378307923,
      "capacity": 1.0,
      "tserv": 3.3852902522052815,
      "stddev": 3.3852902522052806,
      "mu": 0.29539564572005883,
      "cv": 0.9999999999999998,
      "lambda": 0.15,
      "twait": 3.4924948083279284
    },
    "F5": {
      "rho": 0.5820635430113488,
      "capacity": 1.0,
      "tserv": 3.8804236200756588,
      "stddev": 3.8804236200756588,
      "mu": 0.25770382254824603,
      "cv": 1.0,
      "lambda": 0.15,
      "twait": 5.404297909209423
    },
    "F6": {
      "rho": 0.45361912149634,
      "capacity": 1.0,
      "tserv": 1.5120637383211335,
      "stddev": 2.001320823807204,
      "mu": 0.6613477822768997,
      "cv": 1.3235690884494722,
      "lambda": 0.3,
      "twait": 1.727262621025604
    },
    "F7": {
      "rho": 0,
      "capacity": 1.0,
      "tserv": 0,
      "stddev": 0,
      "mu": 0,
      "cv": 0,
      "lambda": 0.0,
      "twait": 0
    },
    "F8": {
      "rho": 0.4162310960870507,
      "capacity": 1.0,
      "tserv": 1.387436986956836,
      "stddev": 1.5929568433263732,
      "mu": 0.7207534535989062,
      "cv": 1.148129146261495,
      "lambda": 0.3,
      "twait": 1.1466419847557416
    },
    "F9": {
      "rho": 1.04638087850366,
      "capacity": 1.0,
      "tserv": 6.975872523357733,
      "stddev": 6.975872523357733,
      "mu": 0.14335124339667044,
      "cv": 1.0,
      "lambda": 0.15,
      "twait": 7292.12019970128
    },
    "F10": {
      "rho": 1.016444674247599,
      "capacity": 1.0,
      "tserv": 6.776297828317327,
      "stddev": 6.776297828317327,
      "mu": 0.1475732066883367,
      "cv": 1.0,
      "lambda": 0.15,
      "twait": 6880.844106870002
    }
  },
  "extra": {
    "deltatime": 0.3031263,
    "conv": 7,
    "obj_func": 5517.1368524294085
  },
  "network": [
    [
      0.0,
      3.149642648166842,
      2.979498785878975,
      3.427068276884623,
      2.762042285452081,
      2.9891671909088755,
      3.043073060703817,
      4.16406436722288,
      2.0015267354618533,
      2.0015267354618533
    ],
    [
      3.149642648166842,
      0.0,
      3.0633640022929094,
      2.1872052906282566,
      4.074154045777103,
      2.761075485615316,
      3.4986773007597316,
      2.0015267354618533,
      4.1242005778135375,
      4.1242005778135375
    ],
    [
      2.979498785878975,
      3.0633640022929094,
      0.0,
      3.927975501230056,
      3.2989357389127862,
      3.841510188652811,
      4.16406436722288,
      4.1242005778135375,
      3.1015772834707995,
      3.1015772834707995
    ],
    [
      3.427068276884623,
      2.1872052906282566,
      3.927975501230056,
      0.0,
      2.1462481973238474,
      3.043073060703817,
      2.0015267354618533,
      3.1015772834707995,
      2.973242531019481,
      2.973242531019481
    ],
    [
      2.762042285452081,
      4.074154045777103,
      3.2989357389127862,
      2.1462481973238474,
      0.0,
      3.4986773007597316,
      4.1242005778135375,
      2.973242531019481,
      3.3857160849356784,
      3.3857160849356784
    ],
    [
      2.9891671909088755,
      2.761075485615316,
      3.841510188652811,
      3.043073060703817,
      3.4986773007597316,
      0.0,
      3.1015772834707995,
      3.3857160849356784,
      2.467308084982579,
      2.467308084982579
    ],
    [
      3.043073060703817,
      3.4986773007597316,
      4.16406436722288,
      2.0015267354618533,
      4.1242005778135375,
      3.1015772834707995,
      0.0,
      2.467308084982579,
      3.1683781277064007,
      3.1683781277064007
    ],
    [
      4.16406436722288,
      2.0015267354618533,
      4.1242005778135375,
      3.1015772834707995,
      2.973242531019481,
      3.3857160849356784,
      2.467308084982579,
      0.0,
      3.5467105968211006,
      3.5467105968211006
    ],
    [
      2.0015267354618533,
      4.1242005778135375,
      3.1015772834707995,
      2.973242531019481,
      3.3857160849356784,
      2.467308084982579,
      3.1683781277064007,
      3.5467105968211006,
      0.0,
      4.68726035794631
    ],
    [
      2.0015267354618533,
      4.1242005778135375,
      3.1015772834707995,
      2.973242531019481,
      3.3857160849356784,
      2.467308084982579,
      3.1683781277064007,
      3.5467105968211006,
      4.68726035794631,
      0.0
    ]
  ]
}