{
  "servicechain": {
    "SC1": {
      "resptime": 33.85671520337055,
      "resptime_old": 23.856715203370552,
      "waittime": 19.619570964848425,
      "servicetime": 10.0,
      "networktime": 4.237144238522125,
      "services": {
        "MS1_1": {
          "meanserv": 0.5002347056034762,
          "stddevserv": 0.5002347056034762,
          "rate": 1.9990616180730882,
          "cv": 1.0,
          "lambda": 0.225
        },
        "MS1_2": {
          "meanserv": 0.11995952401595567,
          "stddevserv": 0.11995952401595567,
          "rate": 8.33614511397187,
          "cv": 1.0,
          "lambda": 0.225
        },
        "MS1_3": {
          "meanserv": 1.0264770980199134,
          "stddevserv": 1.0264770980199134,
          "rate": 0.9742058560575896,
          "cv": 1.0,
          "lambda": 0.225
        },
        "MS1_4": {
          "meanserv": 1.5414214961916184,
          "stddevserv": 1.5414214961916184,
          "rate": 0.6487518193243669,
          "cv": 1.0,
          "lambda": 0.225
        },
        "MS1_5": {
          "meanserv": 0.8276041396258726,
          "stddevserv": 0.8276041396258726,
          "rate": 1.2083071508705368,
          "cv": 1.0,
          "lambda": 0.225
        },
        "MS1_6": {
          "meanserv": 0.9981454016961262,
          "stddevserv": 0.9981454016961262,
          "rate": 1.0018580442295504,
          "cv": 1.0,
          "lambda": 0.225
        },
        "MS1_7": {
          "meanserv": 1.8516101344441296,
          "stddevserv": 1.8516101344441296,
          "rate": 0.5400704939974901,
          "cv": 1.0,
          "lambda": 0.225
        },
        "MS1_8": {
          "meanserv": 2.5514887662692143,
          "stddevserv": 2.5514887662692143,
          "rate": 0.39192804343097287,
          "cv": 1.0,
          "lambda": 0.225
        },
        "MS1_9": {
          "meanserv": 0.5036148829924674,
          "stddevserv": 0.5036148829924674,
          "rate": 1.9856442566947672,
          "cv": 1.0,
          "lambda": 0.225
        },
        "MS1_10": {
          "meanserv": 0.07944385114122632,
          "stddevserv": 0.07944385114122632,
          "rate": 12.587506592830108,
          "cv": 1.0,
          "lambda": 0.225
        }
      },
      "sensors": [
        "S1"
      ],
      "sources": [
        {
          "startTime": 0,
          "stopTime": -1,
          "lambda": 0.225
        }
      ]
    },
    "SC2": {
      "resptime": 31.32938843605341,
      "resptime_old": 21.32938843605341,
      "waittime": 16.890030221243528,
      "servicetime": 10.0,
      "networktime": 4.439358214809883,
      "services": {
        "MS2_1": {
          "meanserv": 0.10457286750990114,
          "stddevserv": 0.10457286750990114,
          "rate": 9.562709943908905,
          "cv": 1.0,
          "lambda": 0.225
        },
        "MS2_2": {
          "meanserv": 0.4326338226723403,
          "stddevserv": 0.4326338226723403,
          "rate": 2.3114235355504333,
          "cv": 1.0,
          "lambda": 0.225
        },
        "MS2_3": {
          "meanserv": 0.9323033451147567,
          "stddevserv": 0.9323033451147567,
          "rate": 1.0726122621354648,
          "cv": 1.0,
          "lambda": 0.225
        },
        "MS2_4": {
          "meanserv": 1.7771717975650538,
          "stddevserv": 1.7771717975650538,
          "rate": 0.5626918013048171,
          "cv": 1.0,
          "lambda": 0.225
        },
        "MS2_5": {
          "meanserv": 0.1778062980462236,
          "stddevserv": 0.1778062980462236,
          "rate": 5.6240977456267265,
          "cv": 1.0,
          "lambda": 0.225
        },
        "MS2_6": {
          "meanserv": 2.673054168660454,
          "stddevserv": 2.673054168660454,
          "rate": 0.37410390396283266,
          "cv": 1.0,
          "lambda": 0.225
        },
        "MS2_7": {
          "meanserv": 0.36533025878408765,
          "stddevserv": 0.36533025878408765,
          "rate": 2.73724931334255,
          "cv": 1.0,
          "lambda": 0.225
        },
        "MS2_8": {
          "meanserv": 0.9609270856420657,
          "stddevserv": 0.9609270856420657,
          "rate": 1.0406616848892616,
          "cv": 1.0,
          "lambda": 0.225
        },
        "MS2_9": {
          "meanserv": 0.9084777037907941,
          "stddevserv": 0.9084777037907941,
          "rate": 1.1007424792345613,
          "cv": 1.0,
          "lambda": 0.225
        },
        "MS2_10": {
          "meanserv": 1.667722652214323,
          "stddevserv": 1.667722652214323,
          "rate": 0.5996200859131148,
          "cv": 1.0,
          "lambda": 0.225
        }
      },
      "sensors": [
        "S2"
      ],
      "sources": [
        {
          "startTime": 0,
          "stopTime": -1,
          "lambda": 0.225
        }
      ]
    },
    "SC3": {
      "resptime": 31.786833674405074,
      "resptime_old": 21.78683367440507,
      "waittime": 16.161292681164365,
      "servicetime": 10.0,
      "networktime": 5.625540993240707,
      "services": {
        "MS3_1": {
          "meanserv": 1.0739462627028107,
          "stddevserv": 1.0739462627028107,
          "rate": 0.9311452860623497,
          "cv": 1.0,
          "lambda": 0.225
        },
        "MS3_2": {
          "meanserv": 1.4341133714754617,
          "stddevserv": 1.4341133714754617,
          "rate": 0.6972949418714143,
          "cv": 1.0,
          "lambda": 0.225
        },
        "MS3_3": {
          "meanserv": 1.350186336241951,
          "stddevserv": 1.350186336241951,
          "rate": 0.7406385127428824,
          "cv": 1.0,
          "lambda": 0.225
        },
        "MS3_4": {
          "meanserv": 1.3066455098222605,
          "stddevserv": 1.3066455098222605,
          "rate": 0.7653185140750435,
          "cv": 1.0,
          "lambda": 0.225
        },
        "MS3_5": {
          "meanserv": 0.1748471477499356,
          "stddevserv": 0.1748471477499356,
          "rate": 5.719281171404573,
          "cv": 1.0,
          "lambda": 0.225
        },
        "MS3_6": {
          "meanserv": 0.16518074322815846,
          "stddevserv": 0.16518074322815846,
          "rate": 6.0539744552349815,
          "cv": 1.0,
          "lambda": 0.225
        },
        "MS3_7": {
          "meanserv": 2.647295186651383,
          "stddevserv": 2.647295186651383,
          "rate": 0.3777440479786163,
          "cv": 1.0,
          "lambda": 0.225
        },
        "MS3_8": {
          "meanserv": 0.8665818430646102,
          "stddevserv": 0.8665818430646102,
          "rate": 1.153959095731299,
          "cv": 1.0,
          "lambda": 0.225
        },
        "MS3_9": {
          "meanserv": 0.7831936536799713,
          "stddevserv": 0.7831936536799713,
          "rate": 1.276823420748274,
          "cv": 1.0,
          "lambda": 0.225
        },
        "MS3_10": {
          "meanserv": 0.19800994538345762,
          "stddevserv": 0.19800994538345762,
          "rate": 5.0502513803710345,
          "cv": 1.0,
          "lambda": 0.225
        }
      },
      "sensors": [
        "S3"
      ],
      "sources": [
        {
          "startTime": 0,
          "stopTime": -1,
          "lambda": 0.225
        }
      ]
    },
    "SC4": {
      "resptime": 37.383638794051315,
      "resptime_old": 27.383638794051315,
      "waittime": 22.448211244696417,
      "servicetime": 10.0,
      "networktime": 4.935427549354897,
      "services": {
        "MS4_1": {
          "meanserv": 0.33198519326876674,
          "stddevserv": 0.33198519326876674,
          "rate": 3.01218253185896,
          "cv": 1.0,
          "lambda": 0.225
        },
        "MS4_2": {
          "meanserv": 0.04022578747384653,
          "stddevserv": 0.04022578747384653,
          "rate": 24.859674919979298,
          "cv": 1.0,
          "lambda": 0.225
        },
        "MS4_3": {
          "meanserv": 1.8681073861887318,
          "stddevserv": 1.8681073861887318,
          "rate": 0.5353011327898961,
          "cv": 1.0,
          "lambda": 0.225
        },
        "MS4_4": {
          "meanserv": 1.3153505352278962,
          "stddevserv": 1.3153505352278962,
          "rate": 0.7602536154567657,
          "cv": 1.0,
          "lambda": 0.225
        },
        "MS4_5": {
          "meanserv": 2.1056006795762174,
          "stddevserv": 2.1056006795762174,
          "rate": 0.4749238588777738,
          "cv": 1.0,
          "lambda": 0.225
        },
        "MS4_6": {
          "meanserv": 0.6706549338731573,
          "stddevserv": 0.6706549338731573,
          "rate": 1.4910797632171489,
          "cv": 1.0,
          "lambda": 0.225
        },
        "MS4_7": {
          "meanserv": 1.667800344742668,
          "stddevserv": 1.667800344742668,
          "rate": 0.5995921533127482,
          "cv": 1.0,
          "lambda": 0.225
        },
        "MS4_8": {
          "meanserv": 0.5970510015457187,
          "stddevserv": 0.5970510015457187,
          "rate": 1.6748987899041752,
          "cv": 1.0,
          "lambda": 0.225
        },
        "MS4_9": {
          "meanserv": 0.08225222366265328,
          "stddevserv": 0.08225222366265328,
          "rate": 12.157726022111804,
          "cv": 1.0,
          "lambda": 0.225
        },
        "MS4_10": {
          "meanserv": 1.320971914440344,
          "stddevserv": 1.320971914440344,
          "rate": 0.7570183658474449,
          "cv": 1.0,
          "lambda": 0.225
        }
      },
      "sensors": [
        "S4"
      ],
      "sources": [
        {
          "startTime": 0,
          "stopTime": -1,
          "lambda": 0.225
        }
      ]
    }
  },
  "microservice": {
    "MS1_1": "F6",
    "MS1_2": "F13",
    "MS1_3": "F13",
    "MS1_4": "F14",
    "MS1_5": "F14",
    "MS1_6": "F2",
    "MS1_7": "F2",
    "MS1_8": "F1",
    "MS1_9": "F10",
    "MS1_10": "F10",
    "MS2_1": "F15",
    "MS2_2": "F15",
    "MS2_3": "F11",
    "MS2_4": "F8",
    "MS2_5": "F8",
    "MS2_6": "F9",
    "MS2_7": "F14",
    "MS2_8": "F11",
    "MS2_9": "F11",
    "MS2_10": "F3",
    "MS3_1": "F3",
    "MS3_2": "F10",
    "MS3_3": "F13",
    "MS3_4": "F12",
    "MS3_5": "F15",
    "MS3_6": "F15",
    "MS3_7": "F5",
    "MS3_8": "F6",
    "MS3_9": "F15",
    "MS3_10": "F15",
    "MS4_1": "F10",
    "MS4_2": "F10",
    "MS4_3": "F7",
    "MS4_4": "F7",
    "MS4_5": "F4",
    "MS4_6": "F4",
    "MS4_7": "F12",
    "MS4_8": "F15",
    "MS4_9": "F15",
    "MS4_10": "F6"
  },
  "sensor": {
    "S1": "F6",
    "S2": "F15",
    "S3": "F3",
    "S4": "F10"
  },
  "fog": {
    "F1": {
      "rho": 0.5740849724105732,
      "capacity": 1.0,
      "tserv": 2.5514887662692143,
      "stddev": 2.5514887662692143,
      "mu": 0.39192804343097287,
      "cv": 1.0,
      "lambda": 0.225,
      "twait": 3.4391164037573203
    },
    "F2": {
      "rho": 0.6411949956315576,
      "capacity": 1.0,
      "tserv": 1.424877768070128,
      "stddev": 1.5474099905851777,
      "mu": 0.7018145853692506,
      "cv": 1.0859949009387724,
      "lambda": 0.45,
      "twait": 2.7746818265693376
    },
    "F3": {
      "rho": 0.6168755058563551,
      "capacity": 1.0,
      "tserv": 1.370834457458567,
      "stddev": 1.4336918462927752,
      "mu": 0.7294826844766737,
      "cv": 1.0458533767459723,
      "lambda": 0.45,
      "twait": 2.310732889715868
    },
    "F4": {
      "rho": 0.6246575130261094,
      "capacity": 1.0,
      "tserv": 1.3881278067246876,
      "stddev": 1.7194282347216316,
      "mu": 0.720394761314895,
      "cv": 1.2386670927503811,
      "lambda": 0.45,
      "twait": 2.927325834718211
    },
    "F5": {
      "rho": 0.5956414169965611,
      "capacity": 1.0,
      "tserv": 2.647295186651383,
      "stddev": 2.647295186651383,
      "mu": 0.3777440479786163,
      "cv": 1.0,
      "lambda": 0.225,
      "twait": 3.8996047628641417
    },
    "F6": {
      "rho": 0.6047524041993968,
      "capacity": 1.0,
      "tserv": 0.89592948770281,
      "stddev": 1.0139464745098765,
      "mu": 1.1161592666896476,
      "cv": 1.131725753451497,
      "lambda": 0.675,
      "twait": 1.5632916628736044
    },
    "F7": {
      "rho": 0.7162780323187414,
      "capacity": 1.0,
      "tserv": 1.5917289607083143,
      "stddev": 1.639015299653923,
      "mu": 0.6282476631919817,
      "cv": 1.0297075319434825,
      "lambda": 0.45,
      "twait": 4.139593993695729
    },
    "F8": {
      "rho": 0.43987007151253743,
      "capacity": 1.0,
      "tserv": 0.9774890478056387,
      "stddev": 1.4948143159287488,
      "mu": 1.0230293651319122,
      "cv": 1.5292389406146816,
      "lambda": 0.45,
      "twait": 1.281380918918894
    },
    "F9": {
      "rho": 0.6014371879486022,
      "capacity": 1.0,
      "tserv": 2.6730541686604545,
      "stddev": 2.6730541686604536,
      "mu": 0.3741039039628326,
      "cv": 0.9999999999999997,
      "lambda": 0.225,
      "twait": 4.033678340833539
    },
    "F10": {
      "rho": 0.537611194429148,
      "capacity": 1.0,
      "tserv": 0.47787661727035374,
      "stddev": 0.8619831941038253,
      "mu": 2.0925903546233995,
      "cv": 1.803777717829134,
      "lambda": 1.125,
      "twait": 1.181693534874231
    },
    "F11": {
      "rho": 0.6303843302732137,
      "capacity": 1.0,
      "tserv": 0.9339027115158721,
      "stddev": 0.9343948907011658,
      "mu": 1.0707753470132253,
      "cv": 1.0005270133379256,
      "lambda": 0.675,
      "twait": 1.5936228558082643
    },
    "F12": {
      "rho": 0.6692503172771089,
      "capacity": 1.0,
      "tserv": 1.4872229272824642,
      "stddev": 1.5089892122967,
      "mu": 0.6723941526555506,
      "cv": 1.0146355227686061,
      "lambda": 0.45,
      "twait": 3.053663118568266
    },
    "F13": {
      "rho": 0.5617401656125096,
      "capacity": 1.0,
      "tserv": 0.8322076527592734,
      "stddev": 1.111213839837419,
      "mu": 1.201623172635331,
      "cv": 1.335260299701728,
      "lambda": 0.675,
      "twait": 1.4842472389118466
    },
    "F14": {
      "rho": 0.6152300762853553,
      "capacity": 1.0,
      "tserv": 0.9114519648671928,
      "stddev": 1.1396660365915203,
      "mu": 1.0971505230620786,
      "cv": 1.2503851881624726,
      "lambda": 0.675,
      "twait": 1.867958848753334
    },
    "F15": {
      "rho": 0.5709918162222307,
      "capacity": 1.0,
      "tserv": 0.31721767567901704,
      "stddev": 0.4661788984595311,
      "mu": 3.152409454673231,
      "cv": 1.469586767072978,
      "lambda": 1.8000000000000003,
      "twait": 0.6670148683391016
    }
  },
  "extra": {
    "conv_gen": 181,
    "max_gen": 600,
    "population": 600,
    "deltatime": 78.40208,
    "obj_func": 33.58914402697009
  },
  "network": [
    [
      0.0,
      0.799248496690315,
      1.0169301678128106,
      1.1765226055542626,
      1.1822055443284083,
      1.0055646952734973,
      1.1128102943237679,
      1.0855512580093327,
      0.8290731390836038,
      0.7614906255270947,
      1.060764834464353,
      0.9899291589630395,
      0.8620154482844375,
      0.9965933471761388,
      0.9965933471761388
    ],
    [
      0.799248496690315,
      0.0,
      1.0210862995758845,
      0.8001233693034835,
      1.3191854847013125,
      1.1990875222807649,
      0.695154599464829,
      1.331054204373049,
      1.0038682309125453,
      1.2437957986504653,
      1.109912238085877,
      1.2011832187336238,
      0.9965933471761388,
      0.8701552775711144,
      0.8701552775711144
    ],
    [
      1.0169301678128106,
      1.0210862995758845,
      0.0,
      1.1444794953206072,
      1.2971241808715896,
      0.8302664194971924,
      1.0740148100805142,
      1.066550458135119,
      1.1099145956451608,
      0.8654881820036253,
      0.9375064879774249,
      0.8620154482844375,
      0.8701552775711144,
      1.2579693888237242,
      1.2579693888237242
    ],
    [
      1.1765226055542626,
      0.8001233693034835,
      1.1444794953206072,
      0.0,
      0.9162791046869034,
      1.0386131854679732,
      1.124559449798294,
      1.1074629614551197,
      0.560803118123312,
      1.0984866154806983,
      0.9899291589630395,
      0.9965933471761388,
      1.2579693888237242,
      1.034373211383887,
      1.034373211383887
    ],
    [
      1.1822055443284083,
      1.3191854847013125,
      1.2971241808715896,
      0.9162791046869034,
      0.0,
      1.0273547561042482,
      1.1962458230420858,
      0.8164853146534373,
      1.0871943555035153,
      1.060764834464353,
      1.2011832187336238,
      0.8701552775711144,
      1.034373211383887,
      0.7704867225400711,
      0.7704867225400711
    ],
    [
      1.0055646952734973,
      1.1990875222807649,
      0.8302664194971924,
      1.0386131854679732,
      1.0273547561042482,
      0.0,
      1.2129661823538778,
      0.7728140646335825,
      0.7614906255270947,
      1.109912238085877,
      0.8620154482844375,
      1.2579693888237242,
      0.7704867225400711,
      0.931984150570778,
      0.931984150570778
    ],
    [
      1.1128102943237679,
      0.695154599464829,
      1.0740148100805142,
      1.124559449798294,
      1.1962458230420858,
      1.2129661823538778,
      0.0,
      0.8290731390836038,
      1.2437957986504653,
      0.9375064879774249,
      0.9965933471761388,
      1.034373211383887,
      0.931984150570778,
      1.054213523471556,
      1.054213523471556
    ],
    [
      1.0855512580093327,
      1.331054204373049,
      1.066550458135119,
      1.1074629614551197,
      0.8164853146534373,
      0.7728140646335825,
      0.8290731390836038,
      0.0,
      0.8654881820036253,
      0.9899291589630395,
      0.8701552775711144,
      0.7704867225400711,
      1.054213523471556,
      1.1245697374230723,
      1.1245697374230723
    ],
    [
      0.8290731390836038,
      1.0038682309125453,
      1.1099145956451608,
      0.560803118123312,
      1.0871943555035153,
      0.7614906255270947,
      1.2437957986504653,
      0.8654881820036253,
      0.0,
      1.2011832187336238,
      1.2579693888237242,
      0.931984150570778,
      1.1245697374230723,
      0.404677869121727,
      0.404677869121727
    ],
    [
      0.7614906255270947,
      1.2437957986504653,
      0.8654881820036253,
      1.0984866154806983,
      1.060764834464353,
      1.109912238085877,
      0.9375064879774249,
      0.9899291589630395,
      1.2011832187336238,
      0.0,
      1.034373211383887,
      1.054213523471556,
      0.404677869121727,
      0.7232001562705145,
      0.7232001562705145
    ],
    [
      1.060764834464353,
      1.109912238085877,
      0.9375064879774249,
      0.9899291589630395,
      1.2011832187336238,
      0.8620154482844375,
      0.9965933471761388,
      0.8701552775711144,
      1.2579693888237242,
      1.034373211383887,
      0.0,
      1.1245697374230723,
      0.7232001562705145,
      0.6807651990679958,
      0.6807651990679958
    ],
    [
      0.9899291589630395,
      1.2011832187336238,
      0.8620154482844375,
      0.9965933471761388,
      0.8701552775711144,
      1.2579693888237242,
      1.034373211383887,
      0.7704867225400711,
      0.931984150570778,
      1.054213523471556,
      1.1245697374230723,
      0.0,
      0.6807651990679958,
      0.9447841138322621,
      0.9447841138322621
    ],
    [
      0.8620154482844375,
      0.9965933471761388,
      0.8701552775711144,
      1.2579693888237242,
      1.034373211383887,
      0.7704867225400711,
      0.931984150570778,
      1.054213523471556,
      1.1245697374230723,
      0.404677869121727,
      0.7232001562705145,
      0.6807651990679958,
      0.0,
      1.0357631161935306,
      1.0357631161935306
    ],
    [
      0.9965933471761388,
      0.8701552775711144,
      1.2579693888237242,
      1.034373211383887,
      0.7704867225400711,
      0.931984150570778,
      1.054213523471556,
      1.1245697374230723,
      0.404677869121727,
      0.7232001562705145,
      0.6807651990679958,
      0.9447841138322621,
      1.0357631161935306,
      0.0,
      1.0484642460073905
    ],
    [
      0.9965933471761388,
      0.8701552775711144,
      1.2579693888237242,
      1.034373211383887,
      0.7704867225400711,
      0.931984150570778,
      1.054213523471556,
      1.1245697374230723,
      0.404677869121727,
      0.7232001562705145,
      0.6807651990679958,
      0.9447841138322621,
      1.0357631161935306,
      1.0484642460073905,
      0.0
    ]
  ]
}