{
  "servicechain": {
    "SC1": {
      "resptime": 38.09617517915662,
      "resptime_old": 28.096175179156617,
      "waittime": 23.615475750335406,
      "servicetime": 10.0,
      "networktime": 4.480699428821211,
      "services": {
        "MS1_1": {
          "meanserv": 2.2882255502471005,
          "stddevserv": 2.2882255502471005,
          "rate": 0.43701985579700053,
          "cv": 1.0,
          "lambda": 0.225
        },
        "MS1_2": {
          "meanserv": 0.04230701966719819,
          "stddevserv": 0.04230701966719819,
          "rate": 23.63673943157305,
          "cv": 1.0,
          "lambda": 0.225
        },
        "MS1_3": {
          "meanserv": 0.23157357786277144,
          "stddevserv": 0.23157357786277144,
          "rate": 4.31828194403332,
          "cv": 1.0,
          "lambda": 0.225
        },
        "MS1_4": {
          "meanserv": 0.033939578897304035,
          "stddevserv": 0.033939578897304035,
          "rate": 29.464125145036324,
          "cv": 1.0,
          "lambda": 0.225
        },
        "MS1_5": {
          "meanserv": 0.7888919160578522,
          "stddevserv": 0.7888919160578522,
          "rate": 1.2676007696936096,
          "cv": 1.0,
          "lambda": 0.225
        },
        "MS1_6": {
          "meanserv": 0.2023235412247737,
          "stddevserv": 0.2023235412247737,
          "rate": 4.942578574625868,
          "cv": 1.0,
          "lambda": 0.225
        },
        "MS1_7": {
          "meanserv": 2.5156030173094837,
          "stddevserv": 2.5156030173094837,
          "rate": 0.39751900165453424,
          "cv": 1.0,
          "lambda": 0.225
        },
        "MS1_8": {
          "meanserv": 0.00949690657797575,
          "stddevserv": 0.00949690657797575,
          "rate": 105.29744520379901,
          "cv": 1.0,
          "lambda": 0.225
        },
        "MS1_9": {
          "meanserv": 3.593688939771405,
          "stddevserv": 3.593688939771405,
          "rate": 0.27826559748479796,
          "cv": 1.0,
          "lambda": 0.225
        },
        "MS1_10": {
          "meanserv": 0.29394995238413557,
          "stddevserv": 0.29394995238413557,
          "rate": 3.401939656357535,
          "cv": 1.0,
          "lambda": 0.225
        }
      },
      "sensors": [
        "S1"
      ],
      "sources": [
        {
          "startTime": 0,
          "stopTime": -1,
          "lambda": 0.225
        }
      ]
    },
    "SC2": {
      "resptime": 31.517271738952115,
      "resptime_old": 21.517271738952115,
      "waittime": 17.919707401477375,
      "servicetime": 10.0,
      "networktime": 3.597564337474741,
      "services": {
        "MS2_1": {
          "meanserv": 1.950049005245521,
          "stddevserv": 1.950049005245521,
          "rate": 0.5128076255058498,
          "cv": 1.0,
          "lambda": 0.225
        },
        "MS2_2": {
          "meanserv": 0.05404818402632183,
          "stddevserv": 0.05404818402632183,
          "rate": 18.50200923518528,
          "cv": 1.0,
          "lambda": 0.225
        },
        "MS2_3": {
          "meanserv": 0.3659875400796806,
          "stddevserv": 0.3659875400796806,
          "rate": 2.7323334553473764,
          "cv": 1.0,
          "lambda": 0.225
        },
        "MS2_4": {
          "meanserv": 3.3350650041075127,
          "stddevserv": 3.3350650041075127,
          "rate": 0.2998442305527437,
          "cv": 1.0,
          "lambda": 0.225
        },
        "MS2_5": {
          "meanserv": 1.856252106222068,
          "stddevserv": 1.856252106222068,
          "rate": 0.5387199274538452,
          "cv": 1.0,
          "lambda": 0.225
        },
        "MS2_6": {
          "meanserv": 0.36845156279805913,
          "stddevserv": 0.36845156279805913,
          "rate": 2.7140609539172447,
          "cv": 1.0,
          "lambda": 0.225
        },
        "MS2_7": {
          "meanserv": 0.43267799650591865,
          "stddevserv": 0.43267799650591865,
          "rate": 2.311187553042857,
          "cv": 1.0,
          "lambda": 0.225
        },
        "MS2_8": {
          "meanserv": 0.2054344640879151,
          "stddevserv": 0.2054344640879151,
          "rate": 4.867732415005365,
          "cv": 1.0,
          "lambda": 0.225
        },
        "MS2_9": {
          "meanserv": 0.8639615113778802,
          "stddevserv": 0.8639615113778802,
          "rate": 1.157458968751004,
          "cv": 1.0,
          "lambda": 0.225
        },
        "MS2_10": {
          "meanserv": 0.5680726255491226,
          "stddevserv": 0.5680726255491226,
          "rate": 1.7603383001132265,
          "cv": 1.0,
          "lambda": 0.225
        }
      },
      "sensors": [
        "S2"
      ],
      "sources": [
        {
          "startTime": 0,
          "stopTime": -1,
          "lambda": 0.225
        }
      ]
    },
    "SC3": {
      "resptime": 37.03716069698144,
      "resptime_old": 27.037160696981438,
      "waittime": 20.56873967794622,
      "servicetime": 10.0,
      "networktime": 6.468421019035219,
      "services": {
        "MS3_1": {
          "meanserv": 0.4028404266925101,
          "stddevserv": 0.4028404266925101,
          "rate": 2.4823725071746696,
          "cv": 1.0,
          "lambda": 0.225
        },
        "MS3_2": {
          "meanserv": 1.818561858955059,
          "stddevserv": 1.818561858955059,
          "rate": 0.5498850616907788,
          "cv": 1.0,
          "lambda": 0.225
        },
        "MS3_3": {
          "meanserv": 1.3389643530658493,
          "stddevserv": 1.3389643530658493,
          "rate": 0.7468458721177178,
          "cv": 1.0,
          "lambda": 0.225
        },
        "MS3_4": {
          "meanserv": 1.6712573821902472,
          "stddevserv": 1.6712573821902472,
          "rate": 0.5983518820359444,
          "cv": 1.0,
          "lambda": 0.225
        },
        "MS3_5": {
          "meanserv": 0.8269177007365585,
          "stddevserv": 0.8269177007365585,
          "rate": 1.2093101878328065,
          "cv": 1.0,
          "lambda": 0.225
        },
        "MS3_6": {
          "meanserv": 1.1770104382292352,
          "stddevserv": 1.1770104382292352,
          "rate": 0.849610137276658,
          "cv": 1.0,
          "lambda": 0.225
        },
        "MS3_7": {
          "meanserv": 0.9240334451139249,
          "stddevserv": 0.9240334451139249,
          "rate": 1.0822119104971455,
          "cv": 1.0,
          "lambda": 0.225
        },
        "MS3_8": {
          "meanserv": 0.7185238323062251,
          "stddevserv": 0.7185238323062251,
          "rate": 1.3917422847205068,
          "cv": 1.0,
          "lambda": 0.225
        },
        "MS3_9": {
          "meanserv": 0.043838517181661985,
          "stddevserv": 0.043838517181661985,
          "rate": 22.81099052360987,
          "cv": 1.0,
          "lambda": 0.225
        },
        "MS3_10": {
          "meanserv": 1.0780520455287288,
          "stddevserv": 1.0780520455287288,
          "rate": 0.9275990005747373,
          "cv": 1.0,
          "lambda": 0.225
        }
      },
      "sensors": [
        "S3"
      ],
      "sources": [
        {
          "startTime": 0,
          "stopTime": -1,
          "lambda": 0.225
        }
      ]
    },
    "SC4": {
      "resptime": 33.947597015133084,
      "resptime_old": 23.947597015133077,
      "waittime": 19.040862250345025,
      "servicetime": 10.0,
      "networktime": 4.906734764788055,
      "services": {
        "MS4_1": {
          "meanserv": 0.6513119807288392,
          "stddevserv": 0.6513119807288392,
          "rate": 1.5353625138001723,
          "cv": 1.0,
          "lambda": 0.225
        },
        "MS4_2": {
          "meanserv": 0.5500536106718534,
          "stddevserv": 0.5500536106718534,
          "rate": 1.8180046100934915,
          "cv": 1.0,
          "lambda": 0.225
        },
        "MS4_3": {
          "meanserv": 0.48800465875954435,
          "stddevserv": 0.48800465875954435,
          "rate": 2.0491607652719814,
          "cv": 1.0,
          "lambda": 0.225
        },
        "MS4_4": {
          "meanserv": 0.4694050204630631,
          "stddevserv": 0.4694050204630631,
          "rate": 2.1303564222928646,
          "cv": 1.0,
          "lambda": 0.225
        },
        "MS4_5": {
          "meanserv": 1.3975368060543323,
          "stddevserv": 1.3975368060543323,
          "rate": 0.7155446609118664,
          "cv": 1.0,
          "lambda": 0.225
        },
        "MS4_6": {
          "meanserv": 0.3972390773900125,
          "stddevserv": 0.3972390773900125,
          "rate": 2.5173756987110107,
          "cv": 1.0,
          "lambda": 0.225
        },
        "MS4_7": {
          "meanserv": 1.5575488487454994,
          "stddevserv": 1.5575488487454994,
          "rate": 0.6420344381528917,
          "cv": 1.0,
          "lambda": 0.225
        },
        "MS4_8": {
          "meanserv": 2.4309107761360114,
          "stddevserv": 2.4309107761360114,
          "rate": 0.4113684507950238,
          "cv": 1.0,
          "lambda": 0.225
        },
        "MS4_9": {
          "meanserv": 0.4822011227513556,
          "stddevserv": 0.4822011227513556,
          "rate": 2.0738234583407316,
          "cv": 1.0,
          "lambda": 0.225
        },
        "MS4_10": {
          "meanserv": 1.5757880982994887,
          "stddevserv": 1.5757880982994887,
          "rate": 0.6346030923060973,
          "cv": 1.0,
          "lambda": 0.225
        }
      },
      "sensors": [
        "S4"
      ],
      "sources": [
        {
          "startTime": 0,
          "stopTime": -1,
          "lambda": 0.225
        }
      ]
    }
  },
  "microservice": {
    "MS1_1": "F3",
    "MS1_2": "F6",
    "MS1_3": "F6",
    "MS1_4": "F6",
    "MS1_5": "F6",
    "MS1_6": "F6",
    "MS1_7": "F2",
    "MS1_8": "F6",
    "MS1_9": "F4",
    "MS1_10": "F6",
    "MS2_1": "F12",
    "MS2_2": "F6",
    "MS2_3": "F6",
    "MS2_4": "F13",
    "MS2_5": "F7",
    "MS2_6": "F14",
    "MS2_7": "F14",
    "MS2_8": "F14",
    "MS2_9": "F14",
    "MS2_10": "F14",
    "MS3_1": "F7",
    "MS3_2": "F1",
    "MS3_3": "F1",
    "MS3_4": "F9",
    "MS3_5": "F5",
    "MS3_6": "F8",
    "MS3_7": "F5",
    "MS3_8": "F5",
    "MS3_9": "F5",
    "MS3_10": "F8",
    "MS4_1": "F15",
    "MS4_2": "F15",
    "MS4_3": "F15",
    "MS4_4": "F15",
    "MS4_5": "F10",
    "MS4_6": "F12",
    "MS4_7": "F10",
    "MS4_8": "F11",
    "MS4_9": "F15",
    "MS4_10": "F9"
  },
  "sensor": {
    "S1": "F3",
    "S2": "F12",
    "S3": "F7",
    "S4": "F15"
  },
  "fog": {
    "F1": {
      "rho": 0.7104433977047044,
      "capacity": 1.0,
      "tserv": 1.5787631060104543,
      "stddev": 1.6147754731625543,
      "mu": 0.6334072516598181,
      "cv": 1.0228104945035759,
      "lambda": 0.45,
      "twait": 3.9629501277814487
    },
    "F2": {
      "rho": 0.5660106788946339,
      "capacity": 1.0,
      "tserv": 2.5156030173094837,
      "stddev": 2.515603017309483,
      "mu": 0.39751900165453424,
      "cv": 0.9999999999999998,
      "lambda": 0.225,
      "twait": 3.2808599253782984
    },
    "F3": {
      "rho": 0.5148507488055976,
      "capacity": 1.0,
      "tserv": 2.2882255502471005,
      "stddev": 2.2882255502471005,
      "mu": 0.43701985579700053,
      "cv": 1.0,
      "lambda": 0.225,
      "twait": 2.4283138334861616
    },
    "F4": {
      "rho": 0.8085800114485661,
      "capacity": 1.0,
      "tserv": 3.593688939771405,
      "stddev": 3.593688939771405,
      "mu": 0.27826559748479796,
      "cv": 1.0,
      "lambda": 0.225,
      "twait": 15.18015472706066
    },
    "F5": {
      "rho": 0.5654955364511334,
      "capacity": 1.0,
      "tserv": 0.6283283738345926,
      "stddev": 0.7956870973975917,
      "mu": 1.5915244984038392,
      "cv": 1.266355508572109,
      "lambda": 0.9,
      "twait": 1.06457255299694
    },
    "F6": {
      "rho": 0.455066598775053,
      "capacity": 1.0,
      "tserv": 0.2247242463086681,
      "stddev": 0.39887725261009094,
      "mu": 4.449898114805371,
      "cv": 1.7749631344283894,
      "lambda": 2.0250000000000004,
      "twait": 0.3894496092014691
    },
    "F7": {
      "rho": 0.5082958199057801,
      "capacity": 1.0,
      "tserv": 1.129546266457289,
      "stddev": 1.5271141159599257,
      "mu": 0.8853112348699109,
      "cv": 1.3519712837877542,
      "lambda": 0.45,
      "twait": 1.6509708446480376
    },
    "F8": {
      "rho": 0.5073890588455418,
      "capacity": 1.0,
      "tserv": 1.1275312418789818,
      "stddev": 1.1297004395662125,
      "mu": 0.8868933851744485,
      "cv": 1.0019238470799405,
      "lambda": 0.45,
      "twait": 1.1635931191149798
    },
    "F9": {
      "rho": 0.7305852331101905,
      "capacity": 1.0,
      "tserv": 1.6235227402448678,
      "stddev": 1.624925622967252,
      "mu": 0.6159445600676804,
      "cv": 1.0008640979812655,
      "lambda": 0.45,
      "twait": 4.406392127517564
    },
    "F10": {
      "rho": 0.6648942723299622,
      "capacity": 1.0,
      "tserv": 1.477542827399916,
      "stddev": 1.4818686627714472,
      "mu": 0.6767993329572282,
      "cv": 1.002927722493935,
      "lambda": 0.45,
      "twait": 2.9402368126151104
    },
    "F11": {
      "rho": 0.5469549246306026,
      "capacity": 1.0,
      "tserv": 2.4309107761360114,
      "stddev": 2.4309107761360114,
      "mu": 0.4113684507950238,
      "cv": 1.0,
      "lambda": 0.225,
      "twait": 2.934804267017101
    },
    "F12": {
      "rho": 0.5281398185929951,
      "capacity": 1.0,
      "tserv": 1.173644041317767,
      "stddev": 1.6071868813999244,
      "mu": 0.8520470984347184,
      "cv": 1.3693989189391493,
      "lambda": 0.45,
      "twait": 1.8885048724018731
    },
    "F13": {
      "rho": 0.7503896259241903,
      "capacity": 1.0,
      "tserv": 3.3350650041075127,
      "stddev": 3.3350650041075127,
      "mu": 0.2998442305527437,
      "cv": 1.0,
      "lambda": 0.225,
      "twait": 10.026018310060403
    },
    "F14": {
      "rho": 0.5486845860717516,
      "capacity": 1.0,
      "tserv": 0.4877196320637792,
      "stddev": 0.5795274019796997,
      "mu": 2.050358308867972,
      "cv": 1.1882388238657464,
      "lambda": 1.125,
      "twait": 0.7150628311928244
    },
    "F15": {
      "rho": 0.5942196885092976,
      "capacity": 1.0,
      "tserv": 0.5281952786749312,
      "stddev": 0.5367674292680069,
      "mu": 1.8932391870458822,
      "cv": 1.0162291314200695,
      "lambda": 1.125,
      "twait": 0.7861374716356534
    }
  },
  "extra": {
    "conv_gen": 564,
    "max_gen": 600,
    "population": 600,
    "deltatime": 67.7519563,
    "obj_func": 35.14955115755581
  },
  "network": [
    [
      0.0,
      0.8715686410012825,
      0.9049724250875665,
      1.0868212950664091,
      0.8895510269463881,
      0.7273389327145388,
      1.2531689952470975,
      1.0985803967736099,
      1.0277483390533875,
      0.9780639731093285,
      1.2920745771853273,
      1.1164988660044124,
      1.1739673975254874,
      0.9699786547619959,
      0.9699786547619959
    ],
    [
      0.8715686410012825,
      0.0,
      1.0481356582002,
      1.3036494918609165,
      0.7403491722505768,
      0.8714667007472535,
      1.0518366405023432,
      0.6652930242952068,
      0.8478743999134688,
      1.2598420196591995,
      1.2660456233039283,
      1.0680350847010065,
      0.9699786547619959,
      1.4342627250757405,
      1.4342627250757405
    ],
    [
      0.9049724250875665,
      1.0481356582002,
      0.0,
      0.9647679726592501,
      1.0067364983647742,
      1.1351715585155353,
      1.178054276152307,
      1.205966653518658,
      1.2841827225823006,
      0.8941333284440456,
      1.1619052194978599,
      1.1739673975254874,
      1.4342627250757405,
      0.8746606195689104,
      0.8746606195689104
    ],
    [
      1.0868212950664091,
      1.3036494918609165,
      0.9647679726592501,
      0.0,
      1.2101964335886,
      0.8012972344055842,
      0.9527558265398094,
      1.0271567480489412,
      1.126155889952546,
      0.798793081854244,
      1.1164988660044124,
      0.9699786547619959,
      0.8746606195689104,
      0.7898440685451933,
      0.7898440685451933
    ],
    [
      0.8895510269463881,
      0.7403491722505768,
      1.0067364983647742,
      1.2101964335886,
      0.0,
      0.991739454184966,
      0.7727346658110643,
      1.0531953478945866,
      1.0279176410509747,
      1.2920745771853273,
      1.0680350847010065,
      1.4342627250757405,
      0.7898440685451933,
      1.0965804378856971,
      1.0965804378856971
    ],
    [
      0.7273389327145388,
      0.8714667007472535,
      1.1351715585155353,
      0.8012972344055842,
      0.991739454184966,
      0.0,
      0.8848696885369024,
      1.030720552362607,
      0.9780639731093285,
      1.2660456233039283,
      1.1739673975254874,
      0.8746606195689104,
      1.0965804378856971,
      1.0123589518350808,
      1.0123589518350808
    ],
    [
      1.2531689952470975,
      1.0518366405023432,
      1.178054276152307,
      0.9527558265398094,
      0.7727346658110643,
      0.8848696885369024,
      0.0,
      1.0277483390533875,
      1.2598420196591995,
      1.1619052194978599,
      0.9699786547619959,
      0.7898440685451933,
      1.0123589518350808,
      0.6139643281850526,
      0.6139643281850526
    ],
    [
      1.0985803967736099,
      0.6652930242952068,
      1.205966653518658,
      1.0271567480489412,
      1.0531953478945866,
      1.030720552362607,
      1.0277483390533875,
      0.0,
      0.8941333284440456,
      1.1164988660044124,
      1.4342627250757405,
      1.0965804378856971,
      0.6139643281850526,
      0.8976853033562465,
      0.8976853033562465
    ],
    [
      1.0277483390533875,
      0.8478743999134688,
      1.2841827225823006,
      1.126155889952546,
      1.0279176410509747,
      0.9780639731093285,
      1.2598420196591995,
      0.8941333284440456,
      0.0,
      1.0680350847010065,
      0.8746606195689104,
      1.0123589518350808,
      0.8976853033562465,
      1.0097933645428772,
      1.0097933645428772
    ],
    [
      0.9780639731093285,
      1.2598420196591995,
      0.8941333284440456,
      0.798793081854244,
      1.2920745771853273,
      1.2660456233039283,
      1.1619052194978599,
      1.1164988660044124,
      1.0680350847010065,
      0.0,
      0.7898440685451933,
      0.6139643281850526,
      1.0097933645428772,
      0.9261636954004824,
      0.9261636954004824
    ],
    [
      1.2920745771853273,
      1.2660456233039283,
      1.1619052194978599,
      1.1164988660044124,
      1.0680350847010065,
      1.1739673975254874,
      0.9699786547619959,
      1.4342627250757405,
      0.8746606195689104,
      0.7898440685451933,
      0.0,
      0.8976853033562465,
      0.9261636954004824,
      0.9530049799293973,
      0.9530049799293973
    ],
    [
      1.1164988660044124,
      1.0680350847010065,
      1.1739673975254874,
      0.9699786547619959,
      1.4342627250757405,
      0.8746606195689104,
      0.7898440685451933,
      1.0965804378856971,
      1.0123589518350808,
      0.6139643281850526,
      0.8976853033562465,
      0.0,
      0.9530049799293973,
      0.7277910333624058,
      0.7277910333624058
    ],
    [
      1.1739673975254874,
      0.9699786547619959,
      1.4342627250757405,
      0.8746606195689104,
      0.7898440685451933,
      1.0965804378856971,
      1.0123589518350808,
      0.6139643281850526,
      0.8976853033562465,
      1.0097933645428772,
      0.9261636954004824,
      0.9530049799293973,
      0.0,
      0.849912471657979,
      0.849912471657979
    ],
    [
      0.9699786547619959,
      1.4342627250757405,
      0.8746606195689104,
      0.7898440685451933,
      1.0965804378856971,
      1.0123589518350808,
      0.6139643281850526,
      0.8976853033562465,
      1.0097933645428772,
      0.9261636954004824,
      0.9530049799293973,
      0.7277910333624058,
      0.849912471657979,
      0.0,
      0.8325513165376616
    ],
    [
      0.9699786547619959,
      1.4342627250757405,
      0.8746606195689104,
      0.7898440685451933,
      1.0965804378856971,
      1.0123589518350808,
      0.6139643281850526,
      0.8976853033562465,
      1.0097933645428772,
      0.9261636954004824,
      0.9530049799293973,
      0.7277910333624058,
      0.849912471657979,
      0.8325513165376616,
      0.0
    ]
  ]
}