{
  "servicechain": {
    "SC1": {
      "resptime": 30.23671281481116,
      "resptime_old": 20.236712814811163,
      "waittime": 12.237007193062711,
      "servicetime": 10.0,
      "networktime": 7.99970562174845,
      "services": {
        "MS1_1": {
          "meanserv": 2.2757614617048483,
          "stddevserv": 2.2757614617048483,
          "rate": 0.4394133641980504,
          "cv": 1.0,
          "lambda": 0.15
        },
        "MS1_2": {
          "meanserv": 2.3130541412827967,
          "stddevserv": 2.3130541412827967,
          "rate": 0.43232883405202527,
          "cv": 1.0,
          "lambda": 0.15
        },
        "MS1_3": {
          "meanserv": 2.213825787227936,
          "stddevserv": 2.213825787227936,
          "rate": 0.45170672677553364,
          "cv": 1.0,
          "lambda": 0.15
        },
        "MS1_4": {
          "meanserv": 2.2457920038603296,
          "stddevserv": 2.2457920038603296,
          "rate": 0.4452772110155719,
          "cv": 1.0,
          "lambda": 0.15
        },
        "MS1_5": {
          "meanserv": 0.9515666059240893,
          "stddevserv": 0.9515666059240893,
          "rate": 1.0508985853164488,
          "cv": 1.0,
          "lambda": 0.15
        }
      },
      "sensors": [
        "S1"
      ],
      "sources": [
        {
          "startTime": 0,
          "stopTime": -1,
          "lambda": 0.15
        }
      ]
    },
    "SC2": {
      "resptime": 66.59724593897577,
      "resptime_old": 56.597245938975774,
      "waittime": 51.36068570824533,
      "servicetime": 9.999999999999998,
      "networktime": 5.236560230730442,
      "services": {
        "MS2_1": {
          "meanserv": 1.0226748084139758,
          "stddevserv": 1.0226748084139758,
          "rate": 0.9778279388253034,
          "cv": 1.0,
          "lambda": 0.15
        },
        "MS2_2": {
          "meanserv": 0.17997619443803847,
          "stddevserv": 0.17997619443803847,
          "rate": 5.556290392306724,
          "cv": 1.0,
          "lambda": 0.15
        },
        "MS2_3": {
          "meanserv": 2.3070790519673565,
          "stddevserv": 2.3070790519673565,
          "rate": 0.43344851974068777,
          "cv": 1.0,
          "lambda": 0.15
        },
        "MS2_4": {
          "meanserv": 5.861760513616973,
          "stddevserv": 5.861760513616973,
          "rate": 0.17059721182347562,
          "cv": 1.0,
          "lambda": 0.15
        },
        "MS2_5": {
          "meanserv": 0.6285094315636552,
          "stddevserv": 0.6285094315636552,
          "rate": 1.5910660203015907,
          "cv": 1.0,
          "lambda": 0.15
        }
      },
      "sensors": [
        "S2"
      ],
      "sources": [
        {
          "startTime": 0,
          "stopTime": -1,
          "lambda": 0.15
        }
      ]
    },
    "SC3": {
      "resptime": 31.895882206869054,
      "resptime_old": 21.895882206869057,
      "waittime": 13.753425291050206,
      "servicetime": 10.0,
      "networktime": 8.142456915818848,
      "services": {
        "MS3_1": {
          "meanserv": 1.4456733616068385,
          "stddevserv": 1.4456733616068385,
          "rate": 0.6917191853687606,
          "cv": 1.0,
          "lambda": 0.15
        },
        "MS3_2": {
          "meanserv": 1.8907771672840954,
          "stddevserv": 1.8907771672840954,
          "rate": 0.5288830525896375,
          "cv": 1.0,
          "lambda": 0.15
        },
        "MS3_3": {
          "meanserv": 2.9826432468940354,
          "stddevserv": 2.9826432468940354,
          "rate": 0.33527308404763,
          "cv": 1.0,
          "lambda": 0.15
        },
        "MS3_4": {
          "meanserv": 1.450804532818636,
          "stddevserv": 1.450804532818636,
          "rate": 0.6892727292884804,
          "cv": 1.0,
          "lambda": 0.15
        },
        "MS3_5": {
          "meanserv": 2.2301016913963947,
          "stddevserv": 2.2301016913963947,
          "rate": 0.44841004509253685,
          "cv": 1.0,
          "lambda": 0.15
        }
      },
      "sensors": [
        "S3"
      ],
      "sources": [
        {
          "startTime": 0,
          "stopTime": -1,
          "lambda": 0.15
        }
      ]
    },
    "SC4": {
      "resptime": 41.113496756345455,
      "resptime_old": 31.11349675634545,
      "waittime": 24.859410458214334,
      "servicetime": 10.0,
      "networktime": 6.2540862981311225,
      "services": {
        "MS4_1": {
          "meanserv": 5.071663607651872,
          "stddevserv": 5.071663607651872,
          "rate": 0.19717396053067285,
          "cv": 1.0,
          "lambda": 0.15
        },
        "MS4_2": {
          "meanserv": 2.244724833566547,
          "stddevserv": 2.244724833566547,
          "rate": 0.4454889013773429,
          "cv": 1.0,
          "lambda": 0.15
        },
        "MS4_3": {
          "meanserv": 0.08396763243773009,
          "stddevserv": 0.08396763243773009,
          "rate": 11.909350912586397,
          "cv": 1.0,
          "lambda": 0.15
        },
        "MS4_4": {
          "meanserv": 1.8156798069842237,
          "stddevserv": 1.8156798069842237,
          "rate": 0.5507579013399739,
          "cv": 1.0,
          "lambda": 0.15
        },
        "MS4_5": {
          "meanserv": 0.7839641193596272,
          "stddevserv": 0.7839641193596272,
          "rate": 1.275568581910151,
          "cv": 1.0,
          "lambda": 0.15
        }
      },
      "sensors": [
        "S4"
      ],
      "sources": [
        {
          "startTime": 0,
          "stopTime": -1,
          "lambda": 0.15
        }
      ]
    }
  },
  "microservice": {
    "MS1_1": "F6",
    "MS1_2": "F4",
    "MS1_3": "F10",
    "MS1_4": "F5",
    "MS1_5": "F7",
    "MS2_1": "F8",
    "MS2_2": "F8",
    "MS2_3": "F7",
    "MS2_4": "F1",
    "MS2_5": "F7",
    "MS3_1": "F6",
    "MS3_2": "F10",
    "MS3_3": "F3",
    "MS3_4": "F5",
    "MS3_5": "F9",
    "MS4_1": "F2",
    "MS4_2": "F8",
    "MS4_3": "F8",
    "MS4_4": "F9",
    "MS4_5": "F4"
  },
  "sensor": {
    "S1": "F6",
    "S2": "F8",
    "S3": "F6",
    "S4": "F2"
  },
  "fog": {
    "F1": {
      "rho": 0.8792640770425459,
      "capacity": 1.0,
      "tserv": 5.861760513616973,
      "stddev": 5.861760513616973,
      "mu": 0.17059721182347562,
      "cv": 1.0,
      "lambda": 0.15,
      "twait": 42.68850000563702
    },
    "F2": {
      "rho": 0.7607495411477807,
      "capacity": 1.0,
      "tserv": 5.071663607651872,
      "stddev": 5.071663607651872,
      "mu": 0.19717396053067285,
      "cv": 1.0,
      "lambda": 0.15,
      "twait": 16.126471735463802
    },
    "F3": {
      "rho": 0.4473964870341053,
      "capacity": 1.0,
      "tserv": 2.9826432468940354,
      "stddev": 2.9826432468940354,
      "mu": 0.33527308404763,
      "cv": 1.0,
      "lambda": 0.15,
      "twait": 2.4147948382998177
    },
    "F4": {
      "rho": 0.46455273909636347,
      "capacity": 1.0,
      "tserv": 1.5485091303212117,
      "stddev": 1.8886340763262364,
      "mu": 0.6457824370674309,
      "cv": 1.2196467165385532,
      "lambda": 0.3,
      "twait": 1.6709822712181985
    },
    "F5": {
      "rho": 0.554489480501845,
      "capacity": 1.0,
      "tserv": 1.848298268339483,
      "stddev": 1.931892602683535,
      "mu": 0.5410382172236752,
      "cv": 1.0452277296235057,
      "lambda": 0.3,
      "twait": 2.4068170797972708
    },
    "F6": {
      "rho": 0.558215223496753,
      "capacity": 1.0,
      "tserv": 1.8607174116558434,
      "stddev": 1.9511003082879625,
      "mu": 0.5374271201719475,
      "cv": 1.0485742198497987,
      "lambda": 0.3,
      "twait": 2.4680779258315546
    },
    "F7": {
      "rho": 0.5830732634182652,
      "capacity": 1.0,
      "tserv": 1.2957183631517004,
      "stddev": 1.6542445905786674,
      "mu": 0.7717726540261448,
      "cv": 1.2767007380792914,
      "lambda": 0.44999999999999996,
      "twait": 2.3828347819818525
    },
    "F8": {
      "rho": 0.5297015203284438,
      "capacity": 1.0,
      "tserv": 0.8828358672140729,
      "stddev": 1.5108436383652137,
      "mu": 1.1327133809772103,
      "cv": 1.711352805740571,
      "lambda": 0.6,
      "twait": 1.9532580693223027
    },
    "F9": {
      "rho": 0.6068672247570928,
      "capacity": 1.0,
      "tserv": 2.022890749190309,
      "stddev": 2.0440058053488004,
      "mu": 0.4943420698326216,
      "cv": 1.0104380605660206,
      "lambda": 0.3,
      "twait": 3.155440312887726
    },
    "F10": {
      "rho": 0.6156904431768047,
      "capacity": 1.0,
      "tserv": 2.0523014772560155,
      "stddev": 2.064974953594119,
      "mu": 0.4872578473884977,
      "cv": 1.0061752507994335,
      "lambda": 0.3,
      "twait": 3.308295134233835
    }
  },
  "extra": {
    "deltatime": 0.0136705,
    "obj_func": 42.46083442925036
  },
  "network": [
    [
      0.0,
      1.6049232126493296,
      1.6304970671173795,
      2.1744989226814644,
      2.030049966907121,
      2.058470821033468,
      1.5587741053479782,
      2.3098924091814546,
      1.7268643996079636,
      1.7268643996079636
    ],
    [
      1.6049232126493296,
      0.0,
      1.8388681767409463,
      1.7574652696974897,
      1.4081094193842516,
      2.153561834908811,
      1.9856954553252617,
      1.7268643996079636,
      2.0683498492077126,
      2.0683498492077126
    ],
    [
      1.6304970671173795,
      1.8388681767409463,
      0.0,
      2.0997717895624417,
      2.182979138138194,
      2.1116573666372727,
      2.3098924091814546,
      2.0683498492077126,
      1.7064618643468297,
      1.7064618643468297
    ],
    [
      2.1744989226814644,
      1.7574652696974897,
      2.0997717895624417,
      0.0,
      2.414994765309404,
      1.5587741053479782,
      1.7268643996079636,
      1.7064618643468297,
      2.2385777738934203,
      2.2385777738934203
    ],
    [
      2.030049966907121,
      1.4081094193842516,
      2.182979138138194,
      2.414994765309404,
      0.0,
      1.9856954553252617,
      2.0683498492077126,
      2.2385777738934203,
      2.134003893299339,
      2.134003893299339
    ],
    [
      2.058470821033468,
      2.153561834908811,
      2.1116573666372727,
      1.5587741053479782,
      1.9856954553252617,
      0.0,
      1.7064618643468297,
      2.134003893299339,
      2.1190120200344857,
      2.1190120200344857
    ],
    [
      1.5587741053479782,
      1.9856954553252617,
      2.3098924091814546,
      1.7268643996079636,
      2.0683498492077126,
      1.7064618643468297,
      0.0,
      2.1190120200344857,
      2.821836753362932,
      2.821836753362932
    ],
    [
      2.3098924091814546,
      1.7268643996079636,
      2.0683498492077126,
      1.7064618643468297,
      2.2385777738934203,
      2.134003893299339,
      2.1190120200344857,
      0.0,
      2.2886441246297387,
      2.2886441246297387
    ],
    [
      1.7268643996079636,
      2.0683498492077126,
      1.7064618643468297,
      2.2385777738934203,
      2.134003893299339,
      2.1190120200344857,
      2.821836753362932,
      2.2886441246297387,
      0.0,
      2.483699506403841
    ],
    [
      1.7268643996079636,
      2.0683498492077126,
      1.7064618643468297,
      2.2385777738934203,
      2.134003893299339,
      2.1190120200344857,
      2.821836753362932,
      2.2886441246297387,
      2.483699506403841,
      0.0
    ]
  ]
}