{
  "servicechain": {
    "SC1": {
      "resptime": 52.43423964887913,
      "resptime_old": 42.43423964887913,
      "waittime": 38.75403380450584,
      "servicetime": 10.0,
      "networktime": 3.6802058443732912,
      "services": {
        "MS1_1": {
          "meanserv": 5.691413817162347,
          "stddevserv": 5.691413817162347,
          "rate": 0.17570326673216408,
          "cv": 1.0,
          "lambda": 0.15
        },
        "MS1_2": {
          "meanserv": 0.21878205274076556,
          "stddevserv": 0.21878205274076556,
          "rate": 4.570758832695011,
          "cv": 1.0,
          "lambda": 0.15
        },
        "MS1_3": {
          "meanserv": 1.9432347233547507,
          "stddevserv": 1.9432347233547507,
          "rate": 0.5146058723537142,
          "cv": 1.0,
          "lambda": 0.15
        },
        "MS1_4": {
          "meanserv": 0.6929383909714559,
          "stddevserv": 0.6929383909714559,
          "rate": 1.4431297400019403,
          "cv": 1.0,
          "lambda": 0.15
        },
        "MS1_5": {
          "meanserv": 1.4536310157706804,
          "stddevserv": 1.4536310157706804,
          "rate": 0.6879324870966818,
          "cv": 1.0,
          "lambda": 0.15
        }
      },
      "sensors": [
        "S1"
      ],
      "sources": [
        {
          "startTime": 0,
          "stopTime": -1,
          "lambda": 0.15
        }
      ]
    },
    "SC2": {
      "resptime": 24.558179915083677,
      "resptime_old": 14.558179915083677,
      "waittime": 10.712262447035734,
      "servicetime": 10.0,
      "networktime": 3.8459174680479427,
      "services": {
        "MS2_1": {
          "meanserv": 2.745687839256339,
          "stddevserv": 2.745687839256339,
          "rate": 0.36420746222587597,
          "cv": 1.0,
          "lambda": 0.15
        },
        "MS2_2": {
          "meanserv": 2.0089773858324773,
          "stddevserv": 2.0089773858324773,
          "rate": 0.49776568270609045,
          "cv": 1.0,
          "lambda": 0.15
        },
        "MS2_3": {
          "meanserv": 1.7968395571535911,
          "stddevserv": 1.7968395571535911,
          "rate": 0.5565327165793922,
          "cv": 1.0,
          "lambda": 0.15
        },
        "MS2_4": {
          "meanserv": 1.6121131602560332,
          "stddevserv": 1.6121131602560332,
          "rate": 0.6203038500356771,
          "cv": 1.0,
          "lambda": 0.15
        },
        "MS2_5": {
          "meanserv": 1.8363820575015595,
          "stddevserv": 1.8363820575015595,
          "rate": 0.5445489929042997,
          "cv": 1.0,
          "lambda": 0.15
        }
      },
      "sensors": [
        "S2"
      ],
      "sources": [
        {
          "startTime": 0,
          "stopTime": -1,
          "lambda": 0.15
        }
      ]
    },
    "SC3": {
      "resptime": 66.0148966005547,
      "resptime_old": 56.014896600554714,
      "waittime": 53.1734254284741,
      "servicetime": 10.0,
      "networktime": 2.841471172080616,
      "services": {
        "MS3_1": {
          "meanserv": 1.1850414728641545,
          "stddevserv": 1.1850414728641545,
          "rate": 0.8438523232297318,
          "cv": 1.0,
          "lambda": 0.15
        },
        "MS3_2": {
          "meanserv": 5.883114028186103,
          "stddevserv": 5.883114028186103,
          "rate": 0.1699780074309256,
          "cv": 1.0,
          "lambda": 0.15
        },
        "MS3_3": {
          "meanserv": 0.06396164716636754,
          "stddevserv": 0.06396164716636754,
          "rate": 15.63436909932836,
          "cv": 1.0,
          "lambda": 0.15
        },
        "MS3_4": {
          "meanserv": 1.7634643631453741,
          "stddevserv": 1.7634643631453741,
          "rate": 0.5670656129485749,
          "cv": 1.0,
          "lambda": 0.15
        },
        "MS3_5": {
          "meanserv": 1.1044184886380002,
          "stddevserv": 1.1044184886380002,
          "rate": 0.9054538748561046,
          "cv": 1.0,
          "lambda": 0.15
        }
      },
      "sensors": [
        "S3"
      ],
      "sources": [
        {
          "startTime": 0,
          "stopTime": -1,
          "lambda": 0.15
        }
      ]
    },
    "SC4": {
      "resptime": 30.55905428577588,
      "resptime_old": 20.559054285775876,
      "waittime": 16.296335789905186,
      "servicetime": 10.0,
      "networktime": 4.262718495870692,
      "services": {
        "MS4_1": {
          "meanserv": 0.4320800643197509,
          "stddevserv": 0.4320800643197509,
          "rate": 2.314385880251983,
          "cv": 1.0,
          "lambda": 0.15
        },
        "MS4_2": {
          "meanserv": 0.7317755104239665,
          "stddevserv": 0.7317755104239665,
          "rate": 1.36653930851093,
          "cv": 1.0,
          "lambda": 0.15
        },
        "MS4_3": {
          "meanserv": 2.4643885674394914,
          "stddevserv": 2.4643885674394914,
          "rate": 0.40578016519489196,
          "cv": 1.0,
          "lambda": 0.15
        },
        "MS4_4": {
          "meanserv": 4.2439991083579525,
          "stddevserv": 4.2439991083579525,
          "rate": 0.2356268167047072,
          "cv": 1.0,
          "lambda": 0.15
        },
        "MS4_5": {
          "meanserv": 2.1277567494588387,
          "stddevserv": 2.1277567494588387,
          "rate": 0.4699785350248961,
          "cv": 1.0,
          "lambda": 0.15
        }
      },
      "sensors": [
        "S4"
      ],
      "sources": [
        {
          "startTime": 0,
          "stopTime": -1,
          "lambda": 0.15
        }
      ]
    }
  },
  "microservice": {
    "MS1_1": "F5",
    "MS1_2": "F10",
    "MS1_3": "F10",
    "MS1_4": "F10",
    "MS1_5": "F8",
    "MS2_1": "F7",
    "MS2_2": "F9",
    "MS2_3": "F9",
    "MS2_4": "F1",
    "MS2_5": "F1",
    "MS3_1": "F6",
    "MS3_2": "F2",
    "MS3_3": "F6",
    "MS3_4": "F6",
    "MS3_5": "F6",
    "MS4_1": "F4",
    "MS4_2": "F4",
    "MS4_3": "F4",
    "MS4_4": "F3",
    "MS4_5": "F8"
  },
  "sensor": {
    "S1": "F5",
    "S2": "F7",
    "S3": "F6",
    "S4": "F4"
  },
  "fog": {
    "F1": {
      "rho": 0.517274282663639,
      "capacity": 1.0,
      "tserv": 1.7242476088787966,
      "stddev": 1.7315247863834087,
      "mu": 0.5799631067200706,
      "cv": 1.0042204944737283,
      "lambda": 0.3,
      "twait": 1.8554660612033373
    },
    "F2": {
      "rho": 0.8824671042279154,
      "capacity": 1.0,
      "tserv": 5.883114028186103,
      "stddev": 5.883114028186103,
      "mu": 0.1699780074309256,
      "cv": 1.0,
      "lambda": 0.15,
      "twait": 44.171927920192495
    },
    "F3": {
      "rho": 0.6365998662536928,
      "capacity": 1.0,
      "tserv": 4.2439991083579525,
      "stddev": 4.2439991083579525,
      "mu": 0.2356268167047072,
      "cv": 1.0,
      "lambda": 0.15,
      "twait": 7.4345852240317685
    },
    "F4": {
      "rho": 0.5442366213274812,
      "capacity": 1.0,
      "tserv": 1.2094147140610696,
      "stddev": 1.75145152470442,
      "mu": 0.8268462326228196,
      "cv": 1.448181094823343,
      "lambda": 0.44999999999999996,
      "twait": 2.2364893414948996
    },
    "F5": {
      "rho": 0.853712072574352,
      "capacity": 1.0,
      "tserv": 5.691413817162347,
      "stddev": 5.691413817162347,
      "mu": 0.17570326673216408,
      "cv": 1.0,
      "lambda": 0.15,
      "twait": 33.21414672579533
    },
    "F6": {
      "rho": 0.6175328957720844,
      "capacity": 1.0,
      "tserv": 1.029221492953474,
      "stddev": 1.3452448438352567,
      "mu": 0.9716081590274418,
      "cv": 1.307050866159932,
      "lambda": 0.6,
      "twait": 2.2503743770704028
    },
    "F7": {
      "rho": 0.4118531758884508,
      "capacity": 1.0,
      "tserv": 2.745687839256339,
      "stddev": 2.7456878392563384,
      "mu": 0.36420746222587597,
      "cv": 0.9999999999999999,
      "lambda": 0.15,
      "twait": 1.9226836059248145
    },
    "F8": {
      "rho": 0.5372081647844278,
      "capacity": 1.0,
      "tserv": 1.7906938826147594,
      "stddev": 1.8530535161306652,
      "mu": 0.5584427409445363,
      "cv": 1.0348242846649192,
      "lambda": 0.3,
      "twait": 2.15228254138872
    },
    "F9": {
      "rho": 0.5708725414479103,
      "capacity": 1.0,
      "tserv": 1.9029084714930344,
      "stddev": 1.9088116408012212,
      "mu": 0.5255113501152231,
      "cv": 1.003102182473104,
      "lambda": 0.3,
      "twait": 2.5393233593521227
    },
    "F10": {
      "rho": 0.4282432750600458,
      "capacity": 1.0,
      "tserv": 0.9516517223556574,
      "stddev": 1.4013633574348123,
      "mu": 1.0508045921722964,
      "cv": 1.472559051294488,
      "lambda": 0.44999999999999996,
      "twait": 1.129201512440596
    }
  },
  "extra": {
    "deltatime": 0.5816282,
    "conv": 13,
    "obj_func": 43.391592612573355
  },
  "network": [
    [
      0.0,
      2.253365407369976,
      2.3734625314846025,
      2.469519527861673,
      1.6368044305065441,
      1.8021410556717594,
      2.5391933527857646,
      1.8894763713546225,
      2.3333867699378628,
      2.3333867699378628
    ],
    [
      2.253365407369976,
      0.0,
      2.7210961810081047,
      1.8204394521287883,
      1.771290114556084,
      1.420735586040308,
      2.3354583308803383,
      2.3333867699378628,
      2.089716726086526,
      2.089716726086526
    ],
    [
      2.3734625314846025,
      2.7210961810081047,
      0.0,
      2.173001769784165,
      1.8938060525874127,
      1.9771685117199858,
      1.8894763713546225,
      2.089716726086526,
      1.5897474960933733,
      1.5897474960933733
    ],
    [
      2.469519527861673,
      1.8204394521287883,
      2.173001769784165,
      0.0,
      2.191405763831297,
      2.5391933527857646,
      2.3333867699378628,
      1.5897474960933733,
      2.1775456732605134,
      2.1775456732605134
    ],
    [
      1.6368044305065441,
      1.771290114556084,
      1.8938060525874127,
      2.191405763831297,
      0.0,
      2.3354583308803383,
      2.089716726086526,
      2.1775456732605134,
      1.5682257661157855,
      1.5682257661157855
    ],
    [
      1.8021410556717594,
      1.420735586040308,
      1.9771685117199858,
      2.5391933527857646,
      2.3354583308803383,
      0.0,
      1.5897474960933733,
      1.5682257661157855,
      2.0225358849399067,
      2.0225358849399067
    ],
    [
      2.5391933527857646,
      2.3354583308803383,
      1.8894763713546225,
      2.3333867699378628,
      2.089716726086526,
      1.5897474960933733,
      0.0,
      2.0225358849399067,
      1.5125306981100801,
      1.5125306981100801
    ],
    [
      1.8894763713546225,
      2.3333867699378628,
      2.089716726086526,
      1.5897474960933733,
      2.1775456732605134,
      1.5682257661157855,
      2.0225358849399067,
      0.0,
      2.1119800782575058,
      2.1119800782575058
    ],
    [
      2.3333867699378628,
      2.089716726086526,
      1.5897474960933733,
      2.1775456732605134,
      1.5682257661157855,
      2.0225358849399067,
      1.5125306981100801,
      2.1119800782575058,
      0.0,
      2.2377868018923377
    ],
    [
      2.3333867699378628,
      2.089716726086526,
      1.5897474960933733,
      2.1775456732605134,
      1.5682257661157855,
      2.0225358849399067,
      1.5125306981100801,
      2.1119800782575058,
      2.2377868018923377,
      0.0
    ]
  ]
}