{
  "servicechain": {
    "SC1": {
      "resptime": 35.43920115665487,
      "resptime_old": 25.439201156654875,
      "waittime": 21.621357455277177,
      "servicetime": 10.0,
      "networktime": 3.81784370137769,
      "services": {
        "MS1_1": {
          "meanserv": 3.1404699188677965,
          "stddevserv": 3.1404699188677965,
          "rate": 0.3184236836634055,
          "cv": 1.0,
          "lambda": 0.15
        },
        "MS1_2": {
          "meanserv": 0.06898822274432526,
          "stddevserv": 0.06898822274432526,
          "rate": 14.495227739176057,
          "cv": 1.0,
          "lambda": 0.15
        },
        "MS1_3": {
          "meanserv": 0.5468135400601635,
          "stddevserv": 0.5468135400601635,
          "rate": 1.8287769536393967,
          "cv": 1.0,
          "lambda": 0.15
        },
        "MS1_4": {
          "meanserv": 1.066744161994294,
          "stddevserv": 1.066744161994294,
          "rate": 0.9374318938202439,
          "cv": 1.0,
          "lambda": 0.15
        },
        "MS1_5": {
          "meanserv": 0.12541108858519578,
          "stddevserv": 0.12541108858519578,
          "rate": 7.973776571763572,
          "cv": 1.0,
          "lambda": 0.15
        },
        "MS1_6": {
          "meanserv": 0.12060486407224946,
          "stddevserv": 0.12060486407224946,
          "rate": 8.29153954687052,
          "cv": 1.0,
          "lambda": 0.15
        },
        "MS1_7": {
          "meanserv": 1.1145469775474277,
          "stddevserv": 1.1145469775474277,
          "rate": 0.8972255276314243,
          "cv": 1.0,
          "lambda": 0.15
        },
        "MS1_8": {
          "meanserv": 0.28535757345659096,
          "stddevserv": 0.28535757345659096,
          "rate": 3.504375187547358,
          "cv": 1.0,
          "lambda": 0.15
        },
        "MS1_9": {
          "meanserv": 1.1299812379292957,
          "stddevserv": 1.1299812379292957,
          "rate": 0.884970445909803,
          "cv": 1.0,
          "lambda": 0.15
        },
        "MS1_10": {
          "meanserv": 0.6170471709716425,
          "stddevserv": 0.6170471709716425,
          "rate": 1.6206216429537066,
          "cv": 1.0,
          "lambda": 0.15
        },
        "MS1_11": {
          "meanserv": 1.5733669111749773,
          "stddevserv": 1.5733669111749773,
          "rate": 0.6355796558942557,
          "cv": 1.0,
          "lambda": 0.15
        },
        "MS1_12": {
          "meanserv": 0.21066833259604145,
          "stddevserv": 0.21066833259604145,
          "rate": 4.746797905869933,
          "cv": 1.0,
          "lambda": 0.15
        }
      },
      "sensors": [
        "S1"
      ],
      "sources": [
        {
          "startTime": 0,
          "stopTime": -1,
          "lambda": 0.15
        }
      ]
    },
    "SC2": {
      "resptime": 33.766327048970105,
      "resptime_old": 23.766327048970105,
      "waittime": 19.960278182547192,
      "servicetime": 10.0,
      "networktime": 3.8060488664229126,
      "services": {
        "MS2_1": {
          "meanserv": 0.8852024506503264,
          "stddevserv": 0.8852024506503264,
          "rate": 1.1296850785550085,
          "cv": 1.0,
          "lambda": 0.15
        },
        "MS2_2": {
          "meanserv": 0.32584699170675524,
          "stddevserv": 0.32584699170675524,
          "rate": 3.0689250643748345,
          "cv": 1.0,
          "lambda": 0.15
        },
        "MS2_3": {
          "meanserv": 0.8821570488522568,
          "stddevserv": 0.8821570488522568,
          "rate": 1.1335850020141702,
          "cv": 1.0,
          "lambda": 0.15
        },
        "MS2_4": {
          "meanserv": 0.3987726551581505,
          "stddevserv": 0.3987726551581505,
          "rate": 2.507694514819244,
          "cv": 1.0,
          "lambda": 0.15
        },
        "MS2_5": {
          "meanserv": 0.6860586739817975,
          "stddevserv": 0.6860586739817975,
          "rate": 1.4576012780308232,
          "cv": 1.0,
          "lambda": 0.15
        },
        "MS2_6": {
          "meanserv": 0.13500085816656293,
          "stddevserv": 0.13500085816656293,
          "rate": 7.4073603203781735,
          "cv": 1.0,
          "lambda": 0.15
        },
        "MS2_7": {
          "meanserv": 3.1154512367895446,
          "stddevserv": 3.1154512367895446,
          "rate": 0.32098079025961407,
          "cv": 1.0,
          "lambda": 0.15
        },
        "MS2_8": {
          "meanserv": 0.012901399654805523,
          "stddevserv": 0.012901399654805523,
          "rate": 77.51096987585524,
          "cv": 1.0,
          "lambda": 0.15
        },
        "MS2_9": {
          "meanserv": 1.8910806059724266,
          "stddevserv": 1.8910806059724266,
          "rate": 0.5287981891632708,
          "cv": 1.0,
          "lambda": 0.15
        },
        "MS2_10": {
          "meanserv": 0.3778185257874114,
          "stddevserv": 0.3778185257874114,
          "rate": 2.646773336262166,
          "cv": 1.0,
          "lambda": 0.15
        },
        "MS2_11": {
          "meanserv": 0.11228008396182076,
          "stddevserv": 0.11228008396182076,
          "rate": 8.906299004372277,
          "cv": 1.0,
          "lambda": 0.15
        },
        "MS2_12": {
          "meanserv": 1.1774294693181417,
          "stddevserv": 1.1774294693181417,
          "rate": 0.8493077726168239,
          "cv": 1.0,
          "lambda": 0.15
        }
      },
      "sensors": [
        "S2"
      ],
      "sources": [
        {
          "startTime": 0,
          "stopTime": -1,
          "lambda": 0.15
        }
      ]
    },
    "SC3": {
      "resptime": 33.74077728607347,
      "resptime_old": 23.740777286073463,
      "waittime": 19.88479612797353,
      "servicetime": 10.0,
      "networktime": 3.855981158099933,
      "services": {
        "MS3_1": {
          "meanserv": 1.0265333105889607,
          "stddevserv": 1.0265333105889607,
          "rate": 0.9741525089198152,
          "cv": 1.0,
          "lambda": 0.15
        },
        "MS3_2": {
          "meanserv": 2.115626884775926,
          "stddevserv": 2.115626884775926,
          "rate": 0.47267313872593075,
          "cv": 1.0,
          "lambda": 0.15
        },
        "MS3_3": {
          "meanserv": 0.6568248638861607,
          "stddevserv": 0.6568248638861607,
          "rate": 1.5224758607392146,
          "cv": 1.0,
          "lambda": 0.15
        },
        "MS3_4": {
          "meanserv": 0.2750095470158298,
          "stddevserv": 0.2750095470158298,
          "rate": 3.6362373992145045,
          "cv": 1.0,
          "lambda": 0.15
        },
        "MS3_5": {
          "meanserv": 0.0612402386556834,
          "stddevserv": 0.0612402386556834,
          "rate": 16.329132967988443,
          "cv": 1.0,
          "lambda": 0.15
        },
        "MS3_6": {
          "meanserv": 0.22067715542257638,
          "stddevserv": 0.22067715542257638,
          "rate": 4.531506662232855,
          "cv": 1.0,
          "lambda": 0.15
        },
        "MS3_7": {
          "meanserv": 1.5887793259484564,
          "stddevserv": 1.5887793259484564,
          "rate": 0.6294140310537011,
          "cv": 1.0,
          "lambda": 0.15
        },
        "MS3_8": {
          "meanserv": 0.45077807157346506,
          "stddevserv": 0.45077807157346506,
          "rate": 2.218386525567773,
          "cv": 1.0,
          "lambda": 0.15
        },
        "MS3_9": {
          "meanserv": 1.6558774195033337,
          "stddevserv": 1.6558774195033337,
          "rate": 0.6039094369074381,
          "cv": 1.0,
          "lambda": 0.15
        },
        "MS3_10": {
          "meanserv": 0.288166950766767,
          "stddevserv": 0.288166950766767,
          "rate": 3.4702105752903205,
          "cv": 1.0,
          "lambda": 0.15
        },
        "MS3_11": {
          "meanserv": 0.3038277033513328,
          "stddevserv": 0.3038277033513328,
          "rate": 3.291339100976071,
          "cv": 1.0,
          "lambda": 0.15
        },
        "MS3_12": {
          "meanserv": 1.3566585285115078,
          "stddevserv": 1.3566585285115078,
          "rate": 0.737105158729349,
          "cv": 1.0,
          "lambda": 0.15
        }
      },
      "sensors": [
        "S3"
      ],
      "sources": [
        {
          "startTime": 0,
          "stopTime": -1,
          "lambda": 0.15
        }
      ]
    },
    "SC4": {
      "resptime": 32.871586508213305,
      "resptime_old": 22.87158650821331,
      "waittime": 19.636863227536498,
      "servicetime": 10.0,
      "networktime": 3.2347232806768096,
      "services": {
        "MS4_1": {
          "meanserv": 0.8570383754371058,
          "stddevserv": 0.8570383754371058,
          "rate": 1.1668088952142674,
          "cv": 1.0,
          "lambda": 0.15
        },
        "MS4_2": {
          "meanserv": 1.105781684457694,
          "stddevserv": 1.105781684457694,
          "rate": 0.9043376410149421,
          "cv": 1.0,
          "lambda": 0.15
        },
        "MS4_3": {
          "meanserv": 0.035022089938137047,
          "stddevserv": 0.035022089938137047,
          "rate": 28.55340734280559,
          "cv": 1.0,
          "lambda": 0.15
        },
        "MS4_4": {
          "meanserv": 1.2743806956469441,
          "stddevserv": 1.2743806956469441,
          "rate": 0.7846948744718283,
          "cv": 1.0,
          "lambda": 0.15
        },
        "MS4_5": {
          "meanserv": 1.4291778381974787,
          "stddevserv": 1.4291778381974787,
          "rate": 0.6997029853620104,
          "cv": 1.0,
          "lambda": 0.15
        },
        "MS4_6": {
          "meanserv": 0.7326421800229239,
          "stddevserv": 0.7326421800229239,
          "rate": 1.3649227784956506,
          "cv": 1.0,
          "lambda": 0.15
        },
        "MS4_7": {
          "meanserv": 0.4756730076646045,
          "stddevserv": 0.4756730076646045,
          "rate": 2.1022845187488475,
          "cv": 1.0,
          "lambda": 0.15
        },
        "MS4_8": {
          "meanserv": 0.2790861492354235,
          "stddevserv": 0.2790861492354235,
          "rate": 3.583122998900417,
          "cv": 1.0,
          "lambda": 0.15
        },
        "MS4_9": {
          "meanserv": 1.2407783031047046,
          "stddevserv": 1.2407783031047046,
          "rate": 0.8059457499359688,
          "cv": 1.0,
          "lambda": 0.15
        },
        "MS4_10": {
          "meanserv": 1.5202227641998771,
          "stddevserv": 1.5202227641998771,
          "rate": 0.6577983329478161,
          "cv": 1.0,
          "lambda": 0.15
        },
        "MS4_11": {
          "meanserv": 0.5498550205099964,
          "stddevserv": 0.5498550205099964,
          "rate": 1.8186612155918653,
          "cv": 1.0,
          "lambda": 0.15
        },
        "MS4_12": {
          "meanserv": 0.5003418915851103,
          "stddevserv": 0.5003418915851103,
          "rate": 1.9986333681394248,
          "cv": 1.0,
          "lambda": 0.15
        }
      },
      "sensors": [
        "S4"
      ],
      "sources": [
        {
          "startTime": 0,
          "stopTime": -1,
          "lambda": 0.15
        }
      ]
    }
  },
  "microservice": {
    "MS1_1": "F10",
    "MS1_2": "F9",
    "MS1_3": "F9",
    "MS1_4": "F9",
    "MS1_5": "F9",
    "MS1_6": "F9",
    "MS1_7": "F10",
    "MS1_8": "F9",
    "MS1_9": "F2",
    "MS1_10": "F1",
    "MS1_11": "F1",
    "MS1_12": "F9",
    "MS2_1": "F6",
    "MS2_2": "F4",
    "MS2_3": "F4",
    "MS2_4": "F5",
    "MS2_5": "F5",
    "MS2_6": "F5",
    "MS2_7": "F3",
    "MS2_8": "F8",
    "MS2_9": "F8",
    "MS2_10": "F8",
    "MS2_11": "F8",
    "MS2_12": "F7",
    "MS3_1": "F2",
    "MS3_2": "F2",
    "MS3_3": "F9",
    "MS3_4": "F9",
    "MS3_5": "F9",
    "MS3_6": "F9",
    "MS3_7": "F1",
    "MS3_8": "F1",
    "MS3_9": "F7",
    "MS3_10": "F5",
    "MS3_11": "F5",
    "MS3_12": "F7",
    "MS4_1": "F5",
    "MS4_2": "F5",
    "MS4_3": "F5",
    "MS4_4": "F3",
    "MS4_5": "F4",
    "MS4_6": "F4",
    "MS4_7": "F4",
    "MS4_8": "F6",
    "MS4_9": "F6",
    "MS4_10": "F6",
    "MS4_11": "F8",
    "MS4_12": "F8"
  },
  "sensor": {
    "S1": "F10",
    "S2": "F6",
    "S3": "F2",
    "S4": "F5"
  },
  "fog": {
    "F1": {
      "rho": 0.6344957219502811,
      "capacity": 1.0,
      "tserv": 1.0574928699171353,
      "stddev": 1.2936516001045184,
      "mu": 0.9456328533717296,
      "cv": 1.2233194538757395,
      "lambda": 0.6,
      "twait": 2.2914853259245245
    },
    "F2": {
      "rho": 0.6408212149941274,
      "capacity": 1.0,
      "tserv": 1.4240471444313942,
      "stddev": 1.5842221954980162,
      "mu": 0.7022239424519113,
      "cv": 1.1124787558424396,
      "lambda": 0.44999999999999996,
      "twait": 2.842528137329864
    },
    "F3": {
      "rho": 0.6584747898654733,
      "capacity": 1.0,
      "tserv": 2.1949159662182445,
      "stddev": 2.551945623929186,
      "mu": 0.4555983078126501,
      "cv": 1.1626621078920347,
      "lambda": 0.3,
      "twait": 4.9762428497393385
    },
    "F4": {
      "rho": 0.5768245599666029,
      "capacity": 1.0,
      "tserv": 0.7690994132888038,
      "stddev": 0.9404618481162033,
      "mu": 1.3002220294562765,
      "cv": 1.2228092127838501,
      "lambda": 0.75,
      "twait": 1.3079525555348053
    },
    "F5": {
      "rho": 0.571450348688632,
      "capacity": 1.0,
      "tserv": 0.47620862390719343,
      "stddev": 0.6845927027610078,
      "mu": 2.099919971619175,
      "cv": 1.4375898889525898,
      "lambda": 1.2,
      "twait": 0.9736680266043509
    },
    "F6": {
      "rho": 0.5887934500785497,
      "capacity": 1.0,
      "tserv": 0.9813224167975828,
      "stddev": 1.180273937728104,
      "mu": 1.0190330750451713,
      "cv": 1.2027381801587427,
      "lambda": 0.6,
      "twait": 1.7188735837790348
    },
    "F7": {
      "rho": 0.6284948125999474,
      "capacity": 1.0,
      "tserv": 1.3966551391109945,
      "stddev": 1.424271551873706,
      "mu": 0.7159963630223884,
      "cv": 1.0197732510978263,
      "lambda": 0.44999999999999996,
      "twait": 2.4099767980609825
    },
    "F8": {
      "rho": 0.5166416291207356,
      "capacity": 1.0,
      "tserv": 0.5740462545785951,
      "stddev": 1.0481414034611638,
      "mu": 1.742019901748328,
      "cv": 1.8258831846757713,
      "lambda": 0.9,
      "twait": 1.3295689400212944
    },
    "F9": {
      "rho": 0.5457509382733666,
      "capacity": 1.0,
      "tserv": 0.33075814440810103,
      "stddev": 0.5318208509199368,
      "mu": 3.0233571475300236,
      "cv": 1.60788437083429,
      "lambda": 1.6499999999999997,
      "twait": 0.7123698880335215
    },
    "F10": {
      "rho": 0.6382525344622836,
      "capacity": 1.0,
      "tserv": 2.127508448207612,
      "stddev": 2.564853617514818,
      "mu": 0.47003338616233564,
      "cv": 1.205566830851206,
      "lambda": 0.3,
      "twait": 4.604634724931808
    }
  },
  "extra": {
    "deltatime": 5.3069448,
    "conv": 57,
    "obj_func": 33.95447299997794
  },
  "network": [
    [
      0.0,
      0.5143546655945385,
      0.7301280924629521,
      0.9813875110449037,
      1.1968203906222221,
      0.8012407267552186,
      0.641692801389709,
      1.0173427159537416,
      0.8025105624670046,
      0.8025105624670046
    ],
    [
      0.5143546655945385,
      0.0,
      0.9019173992027827,
      0.8879485659968759,
      0.6316430756365463,
      0.9930650202420731,
      0.7910342100703759,
      0.8025105624670046,
      0.8039259314144067,
      0.8039259314144067
    ],
    [
      0.7301280924629521,
      0.9019173992027827,
      0.0,
      0.6685082353877874,
      0.9050037889836957,
      0.9165666660267383,
      1.0173427159537416,
      0.8039259314144067,
      0.6665462526197803,
      0.6665462526197803
    ],
    [
      0.9813875110449037,
      0.8879485659968759,
      0.6685082353877874,
      0.0,
      0.7208881627418064,
      0.641692801389709,
      0.8025105624670046,
      0.6665462526197803,
      0.8824813122095132,
      0.8824813122095132
    ],
    [
      1.1968203906222221,
      0.6316430756365463,
      0.9050037889836957,
      0.7208881627418064,
      0.0,
      0.7910342100703759,
      0.8039259314144067,
      0.8824813122095132,
      1.0195184549156175,
      1.0195184549156175
    ],
    [
      0.8012407267552186,
      0.9930650202420731,
      0.9165666660267383,
      0.641692801389709,
      0.7910342100703759,
      0.0,
      0.6665462526197803,
      1.0195184549156175,
      0.7345381818932947,
      0.7345381818932947
    ],
    [
      0.641692801389709,
      0.7910342100703759,
      1.0173427159537416,
      0.8025105624670046,
      0.8039259314144067,
      0.6665462526197803,
      0.0,
      0.7345381818932947,
      0.8505535488095253,
      0.8505535488095253
    ],
    [
      1.0173427159537416,
      0.8025105624670046,
      0.8039259314144067,
      0.6665462526197803,
      0.8824813122095132,
      1.0195184549156175,
      0.7345381818932947,
      0.0,
      0.9833887963599444,
      0.9833887963599444
    ],
    [
      0.8025105624670046,
      0.8039259314144067,
      0.6665462526197803,
      0.8824813122095132,
      1.0195184549156175,
      0.7345381818932947,
      0.8505535488095253,
      0.9833887963599444,
      0.0,
      0.5656841806339133
    ],
    [
      0.8025105624670046,
      0.8039259314144067,
      0.6665462526197803,
      0.8824813122095132,
      1.0195184549156175,
      0.7345381818932947,
      0.8505535488095253,
      0.9833887963599444,
      0.5656841806339133,
      0.0
    ]
  ]
}