{
  "servicechain": {
    "SC1": {
      "resptime": 31.68559296613749,
      "resptime_old": 21.68559296613749,
      "waittime": 17.931655241530155,
      "servicetime": 10.0,
      "networktime": 3.7539377246073373,
      "services": {
        "MS1_1": {
          "meanserv": 2.34261182663651,
          "stddevserv": 2.34261182663651,
          "rate": 0.4268739654728826,
          "cv": 1.0,
          "lambda": 0.15
        },
        "MS1_2": {
          "meanserv": 1.4740418025706141,
          "stddevserv": 1.4740418025706141,
          "rate": 0.6784068119751271,
          "cv": 1.0,
          "lambda": 0.15
        },
        "MS1_3": {
          "meanserv": 0.29664562522845195,
          "stddevserv": 0.29664562522845195,
          "rate": 3.371025610877904,
          "cv": 1.0,
          "lambda": 0.15
        },
        "MS1_4": {
          "meanserv": 0.4814039027338568,
          "stddevserv": 0.4814039027338568,
          "rate": 2.077257775271606,
          "cv": 1.0,
          "lambda": 0.15
        },
        "MS1_5": {
          "meanserv": 0.14602230029927998,
          "stddevserv": 0.14602230029927998,
          "rate": 6.848269051716417,
          "cv": 1.0,
          "lambda": 0.15
        },
        "MS1_6": {
          "meanserv": 0.6894105243644457,
          "stddevserv": 0.6894105243644457,
          "rate": 1.4505145550568448,
          "cv": 1.0,
          "lambda": 0.15
        },
        "MS1_7": {
          "meanserv": 1.7125097787674903,
          "stddevserv": 1.7125097787674903,
          "rate": 0.5839382714180527,
          "cv": 1.0,
          "lambda": 0.15
        },
        "MS1_8": {
          "meanserv": 0.4961786118902367,
          "stddevserv": 0.4961786118902367,
          "rate": 2.0154032762323446,
          "cv": 1.0,
          "lambda": 0.15
        },
        "MS1_9": {
          "meanserv": 0.9954927774949063,
          "stddevserv": 0.9954927774949063,
          "rate": 1.004527629538846,
          "cv": 1.0,
          "lambda": 0.15
        },
        "MS1_10": {
          "meanserv": 0.6241218173568175,
          "stddevserv": 0.6241218173568175,
          "rate": 1.6022513108659502,
          "cv": 1.0,
          "lambda": 0.15
        },
        "MS1_11": {
          "meanserv": 0.19413380110640155,
          "stddevserv": 0.19413380110640155,
          "rate": 5.151086489322467,
          "cv": 1.0,
          "lambda": 0.15
        },
        "MS1_12": {
          "meanserv": 0.5474272315509889,
          "stddevserv": 0.5474272315509889,
          "rate": 1.8267268092724707,
          "cv": 1.0,
          "lambda": 0.15
        }
      },
      "sensors": [
        "S1"
      ],
      "sources": [
        {
          "startTime": 0,
          "stopTime": -1,
          "lambda": 0.15
        }
      ]
    },
    "SC2": {
      "resptime": 31.4902604330212,
      "resptime_old": 21.4902604330212,
      "waittime": 18.064560943158043,
      "servicetime": 10.0,
      "networktime": 3.425699489863158,
      "services": {
        "MS2_1": {
          "meanserv": 0.14648302771858024,
          "stddevserv": 0.14648302771858024,
          "rate": 6.826729455109138,
          "cv": 1.0,
          "lambda": 0.15
        },
        "MS2_2": {
          "meanserv": 0.845946562250024,
          "stddevserv": 0.845946562250024,
          "rate": 1.1821077649872225,
          "cv": 1.0,
          "lambda": 0.15
        },
        "MS2_3": {
          "meanserv": 0.9812290483378983,
          "stddevserv": 0.9812290483378983,
          "rate": 1.0191300407319757,
          "cv": 1.0,
          "lambda": 0.15
        },
        "MS2_4": {
          "meanserv": 0.23155109453150025,
          "stddevserv": 0.23155109453150025,
          "rate": 4.318701243988116,
          "cv": 1.0,
          "lambda": 0.15
        },
        "MS2_5": {
          "meanserv": 1.5675455008430594,
          "stddevserv": 1.5675455008430594,
          "rate": 0.6379400147952188,
          "cv": 1.0,
          "lambda": 0.15
        },
        "MS2_6": {
          "meanserv": 0.6497679929176572,
          "stddevserv": 0.6497679929176572,
          "rate": 1.5390108637233637,
          "cv": 1.0,
          "lambda": 0.15
        },
        "MS2_7": {
          "meanserv": 0.44220738625301603,
          "stddevserv": 0.44220738625301603,
          "rate": 2.261382399044402,
          "cv": 1.0,
          "lambda": 0.15
        },
        "MS2_8": {
          "meanserv": 1.8378503415861926,
          "stddevserv": 1.8378503415861926,
          "rate": 0.5441139451740834,
          "cv": 1.0,
          "lambda": 0.15
        },
        "MS2_9": {
          "meanserv": 1.4427117325354795,
          "stddevserv": 1.4427117325354795,
          "rate": 0.6931391611008527,
          "cv": 1.0,
          "lambda": 0.15
        },
        "MS2_10": {
          "meanserv": 0.6981519940702992,
          "stddevserv": 0.6981519940702992,
          "rate": 1.4323528522347913,
          "cv": 1.0,
          "lambda": 0.15
        },
        "MS2_11": {
          "meanserv": 0.021181206679585785,
          "stddevserv": 0.021181206679585785,
          "rate": 47.21166339233114,
          "cv": 1.0,
          "lambda": 0.15
        },
        "MS2_12": {
          "meanserv": 1.1353741122767076,
          "stddevserv": 1.1353741122767076,
          "rate": 0.8807669553031742,
          "cv": 1.0,
          "lambda": 0.15
        }
      },
      "sensors": [
        "S2"
      ],
      "sources": [
        {
          "startTime": 0,
          "stopTime": -1,
          "lambda": 0.15
        }
      ]
    },
    "SC3": {
      "resptime": 33.21158782517744,
      "resptime_old": 23.211587825177443,
      "waittime": 18.27508154859232,
      "servicetime": 10.0,
      "networktime": 4.936506276585122,
      "services": {
        "MS3_1": {
          "meanserv": 0.6628963051041992,
          "stddevserv": 0.6628963051041992,
          "rate": 1.5085315641377912,
          "cv": 1.0,
          "lambda": 0.15
        },
        "MS3_2": {
          "meanserv": 0.4283821325679871,
          "stddevserv": 0.4283821325679871,
          "rate": 2.334364400320299,
          "cv": 1.0,
          "lambda": 0.15
        },
        "MS3_3": {
          "meanserv": 1.2574646553743019,
          "stddevserv": 1.2574646553743019,
          "rate": 0.7952509803962132,
          "cv": 1.0,
          "lambda": 0.15
        },
        "MS3_4": {
          "meanserv": 1.7067859429172372,
          "stddevserv": 1.7067859429172372,
          "rate": 0.5858965526109272,
          "cv": 1.0,
          "lambda": 0.15
        },
        "MS3_5": {
          "meanserv": 0.14228687847551136,
          "stddevserv": 0.14228687847551136,
          "rate": 7.028054945854389,
          "cv": 1.0,
          "lambda": 0.15
        },
        "MS3_6": {
          "meanserv": 1.161021768806802,
          "stddevserv": 1.161021768806802,
          "rate": 0.861310293111656,
          "cv": 1.0,
          "lambda": 0.15
        },
        "MS3_7": {
          "meanserv": 0.40192763939536036,
          "stddevserv": 0.40192763939536036,
          "rate": 2.4880100346031178,
          "cv": 1.0,
          "lambda": 0.15
        },
        "MS3_8": {
          "meanserv": 0.770805900484751,
          "stddevserv": 0.770805900484751,
          "rate": 1.2973434678835638,
          "cv": 1.0,
          "lambda": 0.15
        },
        "MS3_9": {
          "meanserv": 0.24738572588154373,
          "stddevserv": 0.24738572588154373,
          "rate": 4.042270411668102,
          "cv": 1.0,
          "lambda": 0.15
        },
        "MS3_10": {
          "meanserv": 0.9615928086710968,
          "stddevserv": 0.9615928086710968,
          "rate": 1.0399412214635644,
          "cv": 1.0,
          "lambda": 0.15
        },
        "MS3_11": {
          "meanserv": 1.5692561174088713,
          "stddevserv": 1.5692561174088713,
          "rate": 0.6372446083888351,
          "cv": 1.0,
          "lambda": 0.15
        },
        "MS3_12": {
          "meanserv": 0.6901941249123382,
          "stddevserv": 0.6901941249123382,
          "rate": 1.4488677372138024,
          "cv": 1.0,
          "lambda": 0.15
        }
      },
      "sensors": [
        "S3"
      ],
      "sources": [
        {
          "startTime": 0,
          "stopTime": -1,
          "lambda": 0.15
        }
      ]
    },
    "SC4": {
      "resptime": 34.301679614115606,
      "resptime_old": 24.301679614115603,
      "waittime": 19.363007470371393,
      "servicetime": 10.0,
      "networktime": 4.9386721437442125,
      "services": {
        "MS4_1": {
          "meanserv": 0.7528675002711016,
          "stddevserv": 0.7528675002711016,
          "rate": 1.3282549713460974,
          "cv": 1.0,
          "lambda": 0.15
        },
        "MS4_2": {
          "meanserv": 0.6385007282549349,
          "stddevserv": 0.6385007282549349,
          "rate": 1.5661689262799539,
          "cv": 1.0,
          "lambda": 0.15
        },
        "MS4_3": {
          "meanserv": 0.8055584894154701,
          "stddevserv": 0.8055584894154701,
          "rate": 1.2413747892168832,
          "cv": 1.0,
          "lambda": 0.15
        },
        "MS4_4": {
          "meanserv": 0.4057829288132573,
          "stddevserv": 0.4057829288132573,
          "rate": 2.464371783516313,
          "cv": 1.0,
          "lambda": 0.15
        },
        "MS4_5": {
          "meanserv": 0.2542613580146589,
          "stddevserv": 0.2542613580146589,
          "rate": 3.9329609808122994,
          "cv": 1.0,
          "lambda": 0.15
        },
        "MS4_6": {
          "meanserv": 1.8958611989930825,
          "stddevserv": 1.8958611989930825,
          "rate": 0.5274647746001203,
          "cv": 1.0,
          "lambda": 0.15
        },
        "MS4_7": {
          "meanserv": 0.7073361279002226,
          "stddevserv": 0.7073361279002226,
          "rate": 1.4137550176725326,
          "cv": 1.0,
          "lambda": 0.15
        },
        "MS4_8": {
          "meanserv": 0.4143817611097713,
          "stddevserv": 0.4143817611097713,
          "rate": 2.413233626214297,
          "cv": 1.0,
          "lambda": 0.15
        },
        "MS4_9": {
          "meanserv": 0.88620036870467,
          "stddevserv": 0.88620036870467,
          "rate": 1.1284129812106343,
          "cv": 1.0,
          "lambda": 0.15
        },
        "MS4_10": {
          "meanserv": 2.2428133039467735,
          "stddevserv": 2.2428133039467735,
          "rate": 0.4458685875637788,
          "cv": 1.0,
          "lambda": 0.15
        },
        "MS4_11": {
          "meanserv": 0.0063550154997251695,
          "stddevserv": 0.0063550154997251695,
          "rate": 157.3560284854138,
          "cv": 1.0,
          "lambda": 0.15
        },
        "MS4_12": {
          "meanserv": 0.9900812190763322,
          "stddevserv": 0.9900812190763322,
          "rate": 1.0100181487463435,
          "cv": 1.0,
          "lambda": 0.15
        }
      },
      "sensors": [
        "S4"
      ],
      "sources": [
        {
          "startTime": 0,
          "stopTime": -1,
          "lambda": 0.15
        }
      ]
    }
  },
  "microservice": {
    "MS1_1": "F4",
    "MS1_2": "F10",
    "MS1_3": "F6",
    "MS1_4": "F6",
    "MS1_5": "F6",
    "MS1_6": "F6",
    "MS1_7": "F8",
    "MS1_8": "F10",
    "MS1_9": "F10",
    "MS1_10": "F10",
    "MS1_11": "F6",
    "MS1_12": "F6",
    "MS2_1": "F6",
    "MS2_2": "F6",
    "MS2_3": "F9",
    "MS2_4": "F7",
    "MS2_5": "F7",
    "MS2_6": "F7",
    "MS2_7": "F2",
    "MS2_8": "F9",
    "MS2_9": "F9",
    "MS2_10": "F2",
    "MS2_11": "F2",
    "MS2_12": "F2",
    "MS3_1": "F2",
    "MS3_2": "F2",
    "MS3_3": "F3",
    "MS3_4": "F4",
    "MS3_5": "F1",
    "MS3_6": "F1",
    "MS3_7": "F1",
    "MS3_8": "F5",
    "MS3_9": "F1",
    "MS3_10": "F1",
    "MS3_11": "F3",
    "MS3_12": "F3",
    "MS4_1": "F10",
    "MS4_2": "F7",
    "MS4_3": "F7",
    "MS4_4": "F2",
    "MS4_5": "F2",
    "MS4_6": "F5",
    "MS4_7": "F5",
    "MS4_8": "F6",
    "MS4_9": "F5",
    "MS4_10": "F8",
    "MS4_11": "F6",
    "MS4_12": "F1"
  },
  "sensor": {
    "S1": "F4",
    "S2": "F6",
    "S3": "F2",
    "S4": "F10"
  },
  "fog": {
    "F1": {
      "rho": 0.585644406045997,
      "capacity": 1.0,
      "tserv": 0.6507160067177744,
      "stddev": 0.861314927686908,
      "mu": 1.536768712735409,
      "cv": 1.3236418326812016,
      "lambda": 0.9,
      "twait": 1.2655377033065334
    },
    "F2": {
      "rho": 0.6072356135669565,
      "capacity": 1.0,
      "tserv": 0.5060296779724638,
      "stddev": 0.6709086830541736,
      "mu": 1.9761686784987662,
      "cv": 1.3258287255845138,
      "lambda": 1.2,
      "twait": 1.078791031538886
    },
    "F3": {
      "rho": 0.5275372346543267,
      "capacity": 1.0,
      "tserv": 1.1723049658985039,
      "stddev": 1.280286856398166,
      "mu": 0.8530203565533461,
      "cv": 1.0921107507353263,
      "lambda": 0.44999999999999996,
      "twait": 1.4350813597862542
    },
    "F4": {
      "rho": 0.6074096654330621,
      "capacity": 1.0,
      "tserv": 2.024698884776874,
      "stddev": 2.0740161164321775,
      "mu": 0.493900602958154,
      "cv": 1.0243578104507813,
      "lambda": 0.3,
      "twait": 3.209814793773815
    },
    "F5": {
      "rho": 0.639030539412409,
      "capacity": 1.0,
      "tserv": 1.0650508990206815,
      "stddev": 1.2659857973897743,
      "mu": 0.9389222627007816,
      "cv": 1.1886622494322603,
      "lambda": 0.6,
      "twait": 2.2747520958493044
    },
    "F6": {
      "rho": 0.5652314627792289,
      "capacity": 1.0,
      "tserv": 0.37682097518615265,
      "stddev": 0.5201129668548514,
      "mu": 2.6537800861695446,
      "cv": 1.3802654339979652,
      "lambda": 1.4999999999999998,
      "twait": 0.7116054468909215
    },
    "F7": {
      "rho": 0.5839385708943933,
      "capacity": 1.0,
      "tserv": 0.7785847611925244,
      "stddev": 0.9948136177517194,
      "mu": 1.2843816753725612,
      "cv": 1.2777203810513922,
      "lambda": 0.75,
      "twait": 1.4383528363732483
    },
    "F8": {
      "rho": 0.5932984624071396,
      "capacity": 1.0,
      "tserv": 1.977661541357132,
      "stddev": 2.0128974356811757,
      "mu": 0.505647695062002,
      "cv": 1.017816948748401,
      "lambda": 0.3,
      "twait": 2.936883877744174
    },
    "F9": {
      "rho": 0.6392686683689355,
      "capacity": 1.0,
      "tserv": 1.4205970408198567,
      "stddev": 1.504388588538415,
      "mu": 0.7039293841009825,
      "cv": 1.0589833325783928,
      "lambda": 0.44999999999999996,
      "twait": 2.6703758047003032
    },
    "F10": {
      "rho": 0.6514053764375515,
      "capacity": 1.0,
      "tserv": 0.8685405019167353,
      "stddev": 0.9960781752168387,
      "mu": 1.1513567850815867,
      "cv": 1.1468413655075929,
      "lambda": 0.75,
      "twait": 1.8788309721666594
    }
  },
  "extra": {
    "conv_gen": 363,
    "max_gen": 600,
    "population": 600,
    "deltatime": 71.9787105,
    "obj_func": 32.672280209612936
  },
  "network": [
    [
      0.0,
      1.120053101190447,
      0.9406391510649266,
      0.8100208752097868,
      0.7137342274608739,
      0.7483009236594217,
      0.8798089864256219,
      0.8656963430790985,
      0.9476524514697223,
      0.9476524514697223
    ],
    [
      1.120053101190447,
      0.0,
      0.8424922905215161,
      0.5950579262479485,
      0.55164436328657,
      1.0314286979896237,
      0.582875670096818,
      0.9476524514697223,
      0.7103900095671257,
      0.7103900095671257
    ],
    [
      0.9406391510649266,
      0.8424922905215161,
      0.0,
      0.9158855048671456,
      0.9576988218412362,
      0.767515555886746,
      0.8656963430790985,
      0.7103900095671257,
      0.9731624674895422,
      0.9731624674895422
    ],
    [
      0.8100208752097868,
      0.5950579262479485,
      0.9158855048671456,
      0.0,
      1.0300693184686256,
      0.8798089864256219,
      0.9476524514697223,
      0.9731624674895422,
      0.6829509504826361,
      0.6829509504826361
    ],
    [
      0.7137342274608739,
      0.55164436328657,
      0.9576988218412362,
      1.0300693184686256,
      0.0,
      0.582875670096818,
      0.7103900095671257,
      0.6829509504826361,
      0.6319753700887638,
      0.6319753700887638
    ],
    [
      0.7483009236594217,
      1.0314286979896237,
      0.767515555886746,
      0.8798089864256219,
      0.582875670096818,
      0.0,
      0.9731624674895422,
      0.6319753700887638,
      0.8468702746957213,
      0.8468702746957213
    ],
    [
      0.8798089864256219,
      0.582875670096818,
      0.8656963430790985,
      0.9476524514697223,
      0.7103900095671257,
      0.9731624674895422,
      0.0,
      0.8468702746957213,
      0.5751735259363672,
      0.5751735259363672
    ],
    [
      0.8656963430790985,
      0.9476524514697223,
      0.7103900095671257,
      0.9731624674895422,
      0.6829509504826361,
      0.6319753700887638,
      0.8468702746957213,
      0.0,
      0.7452708546444947,
      0.7452708546444947
    ],
    [
      0.9476524514697223,
      0.7103900095671257,
      0.9731624674895422,
      0.6829509504826361,
      0.6319753700887638,
      0.8468702746957213,
      0.5751735259363672,
      0.7452708546444947,
      0.0,
      0.8063917308784397
    ],
    [
      0.9476524514697223,
      0.7103900095671257,
      0.9731624674895422,
      0.6829509504826361,
      0.6319753700887638,
      0.8468702746957213,
      0.5751735259363672,
      0.7452708546444947,
      0.8063917308784397,
      0.0
    ]
  ]
}