{
  "servicechain": {
    "SC1": {
      "resptime": 21.689837860023488,
      "resptime_old": 11.689837860023491,
      "waittime": 6.914098729314065,
      "servicetime": 10.0,
      "networktime": 4.7757391307094235,
      "services": {
        "MS1_1": {
          "meanserv": 1.7247711639535745,
          "stddevserv": 1.7247711639535745,
          "rate": 0.5797870586540702,
          "cv": 1.0,
          "lambda": 0.075
        },
        "MS1_2": {
          "meanserv": 0.13786187702376718,
          "stddevserv": 0.13786187702376718,
          "rate": 7.253636912455511,
          "cv": 1.0,
          "lambda": 0.075
        },
        "MS1_3": {
          "meanserv": 1.995653390002531,
          "stddevserv": 1.995653390002531,
          "rate": 0.5010890192703913,
          "cv": 1.0,
          "lambda": 0.075
        },
        "MS1_4": {
          "meanserv": 0.11239015399915431,
          "stddevserv": 0.11239015399915431,
          "rate": 8.897576561800285,
          "cv": 1.0,
          "lambda": 0.075
        },
        "MS1_5": {
          "meanserv": 6.029323415020973,
          "stddevserv": 6.029323415020973,
          "rate": 0.16585608884550465,
          "cv": 1.0,
          "lambda": 0.075
        }
      },
      "sensors": [
        "S1"
      ],
      "sources": [
        {
          "startTime": 0,
          "stopTime": -1,
          "lambda": 0.075
        }
      ]
    },
    "SC2": {
      "resptime": 18.99322941078413,
      "resptime_old": 8.993229410784132,
      "waittime": 5.383718557321275,
      "servicetime": 10.0,
      "networktime": 3.6095108534628553,
      "services": {
        "MS2_1": {
          "meanserv": 1.3070520906865613,
          "stddevserv": 1.3070520906865613,
          "rate": 0.7650804486871869,
          "cv": 1.0,
          "lambda": 0.075
        },
        "MS2_2": {
          "meanserv": 1.7735350327081745,
          "stddevserv": 1.7735350327081745,
          "rate": 0.5638456424923322,
          "cv": 1.0,
          "lambda": 0.075
        },
        "MS2_3": {
          "meanserv": 3.988351393696803,
          "stddevserv": 3.988351393696803,
          "rate": 0.2507301642429004,
          "cv": 1.0,
          "lambda": 0.075
        },
        "MS2_4": {
          "meanserv": 1.7029580770299884,
          "stddevserv": 1.7029580770299884,
          "rate": 0.5872135159921441,
          "cv": 1.0,
          "lambda": 0.075
        },
        "MS2_5": {
          "meanserv": 1.228103405878473,
          "stddevserv": 1.228103405878473,
          "rate": 0.814263681065758,
          "cv": 1.0,
          "lambda": 0.075
        }
      },
      "sensors": [
        "S2"
      ],
      "sources": [
        {
          "startTime": 0,
          "stopTime": -1,
          "lambda": 0.075
        }
      ]
    },
    "SC3": {
      "resptime": 20.13176884905452,
      "resptime_old": 10.131768849054522,
      "waittime": 5.517330858112477,
      "servicetime": 10.0,
      "networktime": 4.614437990942044,
      "services": {
        "MS3_1": {
          "meanserv": 2.7936822782708903,
          "stddevserv": 2.7936822782708903,
          "rate": 0.35795051132977646,
          "cv": 1.0,
          "lambda": 0.075
        },
        "MS3_2": {
          "meanserv": 0.09483238445913234,
          "stddevserv": 0.09483238445913234,
          "rate": 10.544920975080473,
          "cv": 1.0,
          "lambda": 0.075
        },
        "MS3_3": {
          "meanserv": 0.26124570550145965,
          "stddevserv": 0.26124570550145965,
          "rate": 3.8278141188216117,
          "cv": 1.0,
          "lambda": 0.075
        },
        "MS3_4": {
          "meanserv": 3.7898607079643805,
          "stddevserv": 3.7898607079643805,
          "rate": 0.2638619403342458,
          "cv": 1.0,
          "lambda": 0.075
        },
        "MS3_5": {
          "meanserv": 3.0603789238041372,
          "stddevserv": 3.0603789238041372,
          "rate": 0.3267569228835793,
          "cv": 1.0,
          "lambda": 0.075
        }
      },
      "sensors": [
        "S3"
      ],
      "sources": [
        {
          "startTime": 0,
          "stopTime": -1,
          "lambda": 0.075
        }
      ]
    },
    "SC4": {
      "resptime": 18.987758879502547,
      "resptime_old": 8.987758879502547,
      "waittime": 5.449698855479768,
      "servicetime": 10.0,
      "networktime": 3.538060024022779,
      "services": {
        "MS4_1": {
          "meanserv": 1.1434897086181617,
          "stddevserv": 1.1434897086181617,
          "rate": 0.8745159597530963,
          "cv": 1.0,
          "lambda": 0.075
        },
        "MS4_2": {
          "meanserv": 2.66344931543207,
          "stddevserv": 2.66344931543207,
          "rate": 0.375452986548677,
          "cv": 1.0,
          "lambda": 0.075
        },
        "MS4_3": {
          "meanserv": 1.8588936220741052,
          "stddevserv": 1.8588936220741052,
          "rate": 0.5379543983179769,
          "cv": 1.0,
          "lambda": 0.075
        },
        "MS4_4": {
          "meanserv": 3.33713825765419,
          "stddevserv": 3.33713825765419,
          "rate": 0.29965794725656364,
          "cv": 1.0,
          "lambda": 0.075
        },
        "MS4_5": {
          "meanserv": 0.997029096221473,
          "stddevserv": 0.997029096221473,
          "rate": 1.0029797563479201,
          "cv": 1.0,
          "lambda": 0.075
        }
      },
      "sensors": [
        "S4"
      ],
      "sources": [
        {
          "startTime": 0,
          "stopTime": -1,
          "lambda": 0.075
        }
      ]
    }
  },
  "microservice": {
    "MS1_1": "F10",
    "MS1_2": "F7",
    "MS1_3": "F7",
    "MS1_4": "F7",
    "MS1_5": "F1",
    "MS2_1": "F8",
    "MS2_2": "F8",
    "MS2_3": "F2",
    "MS2_4": "F10",
    "MS2_5": "F10",
    "MS3_1": "F5",
    "MS3_2": "F5",
    "MS3_3": "F3",
    "MS3_4": "F3",
    "MS3_5": "F9",
    "MS4_1": "F6",
    "MS4_2": "F6",
    "MS4_3": "F8",
    "MS4_4": "F4",
    "MS4_5": "F4"
  },
  "sensor": {
    "S1": "F10",
    "S2": "F8",
    "S3": "F5",
    "S4": "F6"
  },
  "fog": {
    "F1": {
      "rho": 0.45219925612657297,
      "capacity": 1.0,
      "tserv": 6.029323415020973,
      "stddev": 6.029323415020973,
      "mu": 0.16585608884550465,
      "cv": 1.0,
      "lambda": 0.075,
      "twait": 4.977093575924347
    },
    "F2": {
      "rho": 0.29912635452726016,
      "capacity": 1.0,
      "tserv": 3.988351393696803,
      "stddev": 3.988351393696803,
      "mu": 0.2507301642429004,
      "cv": 1.0,
      "lambda": 0.075,
      "twait": 1.7021912875116718
    },
    "F3": {
      "rho": 0.303832981009938,
      "capacity": 1.0,
      "tserv": 2.02555320673292,
      "stddev": 3.213787129090727,
      "mu": 0.49369228943283705,
      "cv": 1.5866219255105856,
      "lambda": 0.15,
      "twait": 1.5547231961682362
    },
    "F4": {
      "rho": 0.3250625515406747,
      "capacity": 1.0,
      "tserv": 2.1670836769378314,
      "stddev": 2.726592581696257,
      "mu": 0.4614496480417575,
      "cv": 1.2581851871770047,
      "lambda": 0.15,
      "twait": 1.3479647777473807
    },
    "F5": {
      "rho": 0.2166385997047517,
      "capacity": 1.0,
      "tserv": 1.4442573313650113,
      "stddev": 2.3932769613785725,
      "mu": 0.6923973853432821,
      "cv": 1.6570987104608388,
      "lambda": 0.15,
      "twait": 0.7480889902912702
    },
    "F6": {
      "rho": 0.2855204268037674,
      "capacity": 1.0,
      "tserv": 1.903469512025116,
      "stddev": 2.185940252244347,
      "mu": 0.525356457606769,
      "cv": 1.148397827459137,
      "lambda": 0.15,
      "twait": 0.8819213961576465
    },
    "F7": {
      "rho": 0.1684429065769089,
      "capacity": 1.0,
      "tserv": 0.7486351403418174,
      "stddev": 1.4545533190293956,
      "mu": 1.3357641741789097,
      "cv": 1.9429402129924929,
      "lambda": 0.22499999999999998,
      "twait": 0.36205600871820975
    },
    "F8": {
      "rho": 0.3704610559101631,
      "capacity": 1.0,
      "tserv": 1.6464935818229474,
      "stddev": 1.6818413531449876,
      "mu": 0.6073512894552742,
      "cv": 1.0214685144918114,
      "lambda": 0.22499999999999998,
      "twait": 0.9899265076697134
    },
    "F9": {
      "rho": 0.2295284192853103,
      "capacity": 1.0,
      "tserv": 3.0603789238041372,
      "stddev": 3.0603789238041372,
      "mu": 0.3267569228835793,
      "cv": 1.0,
      "lambda": 0.075,
      "twait": 0.9117064851934648
    },
    "F10": {
      "rho": 0.34918744851465267,
      "capacity": 1.0,
      "tserv": 1.5519442156206786,
      "stddev": 1.5854218120235437,
      "mu": 0.6443530572392796,
      "cv": 1.0215713915912088,
      "lambda": 0.22499999999999998,
      "twait": 0.850837127235089
    }
  },
  "extra": {
    "deltatime": 0.0134067,
    "obj_func": 19.95064874984117
  },
  "network": [
    [
      0.0,
      2.3381477902405625,
      2.3560529207931795,
      2.104278478814755,
      1.6994928548195765,
      2.5784030022183826,
      2.1495694932087615,
      2.710335107561181,
      1.3234151750245677,
      1.3234151750245677
    ],
    [
      2.3381477902405625,
      0.0,
      0.9739731697427443,
      2.1414724292138225,
      2.1900974105948143,
      2.095627989544557,
      2.35591861414974,
      1.3234151750245677,
      2.2860956784382878,
      2.2860956784382878
    ],
    [
      2.3560529207931795,
      0.9739731697427443,
      0.0,
      2.1427339957977254,
      2.816569269390568,
      1.8937764249713143,
      2.710335107561181,
      2.2860956784382878,
      1.7978687215514755,
      1.7978687215514755
    ],
    [
      2.104278478814755,
      2.1414724292138225,
      2.1427339957977254,
      0.0,
      1.5868605367207786,
      2.1495694932087615,
      1.3234151750245677,
      1.7978687215514755,
      1.5538761504213443,
      1.5538761504213443
    ],
    [
      1.6994928548195765,
      2.1900974105948143,
      2.816569269390568,
      1.5868605367207786,
      0.0,
      2.35591861414974,
      2.2860956784382878,
      1.5538761504213443,
      1.7401913024713034,
      1.7401913024713034
    ],
    [
      2.5784030022183826,
      2.095627989544557,
      1.8937764249713143,
      2.1495694932087615,
      2.35591861414974,
      0.0,
      1.7978687215514755,
      1.7401913024713034,
      2.2304152968209516,
      2.2304152968209516
    ],
    [
      2.1495694932087615,
      2.35591861414974,
      2.710335107561181,
      1.3234151750245677,
      2.2860956784382878,
      1.7978687215514755,
      0.0,
      2.2304152968209516,
      2.6261696375006625,
      2.6261696375006625
    ],
    [
      2.710335107561181,
      1.3234151750245677,
      2.2860956784382878,
      1.7978687215514755,
      1.5538761504213443,
      1.7401913024713034,
      2.2304152968209516,
      0.0,
      0.9546903773230393,
      0.9546903773230393
    ],
    [
      1.3234151750245677,
      2.2860956784382878,
      1.7978687215514755,
      1.5538761504213443,
      1.7401913024713034,
      2.2304152968209516,
      2.6261696375006625,
      0.9546903773230393,
      0.0,
      1.1834122929847377
    ],
    [
      1.3234151750245677,
      2.2860956784382878,
      1.7978687215514755,
      1.5538761504213443,
      1.7401913024713034,
      2.2304152968209516,
      2.6261696375006625,
      0.9546903773230393,
      1.1834122929847377,
      0.0
    ]
  ]
}