{
  "servicechain": {
    "SC1": {
      "resptime": 32.564198472383474,
      "resptime_old": 22.564198472383477,
      "waittime": 19.057710259025338,
      "servicetime": 10.0,
      "networktime": 3.506488213358138,
      "services": {
        "MS1_1": {
          "meanserv": 0.10385559357335206,
          "stddevserv": 0.10385559357335206,
          "rate": 9.6287543654903,
          "cv": 1.0,
          "lambda": 0.15
        },
        "MS1_2": {
          "meanserv": 0.6686710538658758,
          "stddevserv": 0.6686710538658758,
          "rate": 1.495503647449024,
          "cv": 1.0,
          "lambda": 0.15
        },
        "MS1_3": {
          "meanserv": 0.7820934406790914,
          "stddevserv": 0.7820934406790914,
          "rate": 1.2786195970799863,
          "cv": 1.0,
          "lambda": 0.15
        },
        "MS1_4": {
          "meanserv": 0.26177147241865706,
          "stddevserv": 0.26177147241865706,
          "rate": 3.820125970031896,
          "cv": 1.0,
          "lambda": 0.15
        },
        "MS1_5": {
          "meanserv": 0.443512793959159,
          "stddevserv": 0.443512793959159,
          "rate": 2.254726388100735,
          "cv": 1.0,
          "lambda": 0.15
        },
        "MS1_6": {
          "meanserv": 0.666795826133928,
          "stddevserv": 0.666795826133928,
          "rate": 1.4997094474900732,
          "cv": 1.0,
          "lambda": 0.15
        },
        "MS1_7": {
          "meanserv": 1.8615445618892057,
          "stddevserv": 1.8615445618892057,
          "rate": 0.5371883222527538,
          "cv": 1.0,
          "lambda": 0.15
        },
        "MS1_8": {
          "meanserv": 0.326912635631845,
          "stddevserv": 0.326912635631845,
          "rate": 3.058921225443721,
          "cv": 1.0,
          "lambda": 0.15
        },
        "MS1_9": {
          "meanserv": 2.2962064414460936,
          "stddevserv": 2.2962064414460936,
          "rate": 0.4355009122656345,
          "cv": 1.0,
          "lambda": 0.15
        },
        "MS1_10": {
          "meanserv": 0.6679002918678378,
          "stddevserv": 0.6679002918678378,
          "rate": 1.4972294699908248,
          "cv": 1.0,
          "lambda": 0.15
        },
        "MS1_11": {
          "meanserv": 1.820375768157195,
          "stddevserv": 1.820375768157195,
          "rate": 0.5493371299994403,
          "cv": 1.0,
          "lambda": 0.15
        },
        "MS1_12": {
          "meanserv": 0.10036012037775954,
          "stddevserv": 0.10036012037775954,
          "rate": 9.964117183558168,
          "cv": 1.0,
          "lambda": 0.15
        }
      },
      "sensors": [
        "S1"
      ],
      "sources": [
        {
          "startTime": 0,
          "stopTime": -1,
          "lambda": 0.15
        }
      ]
    },
    "SC2": {
      "resptime": 33.37383134060206,
      "resptime_old": 23.373831340602056,
      "waittime": 21.32895481870616,
      "servicetime": 10.0,
      "networktime": 2.0448765218958984,
      "services": {
        "MS2_1": {
          "meanserv": 0.4103346348469916,
          "stddevserv": 0.4103346348469916,
          "rate": 2.437035324529422,
          "cv": 1.0,
          "lambda": 0.15
        },
        "MS2_2": {
          "meanserv": 0.2121261635519356,
          "stddevserv": 0.2121261635519356,
          "rate": 4.71417567383274,
          "cv": 1.0,
          "lambda": 0.15
        },
        "MS2_3": {
          "meanserv": 0.24777564584368417,
          "stddevserv": 0.24777564584368417,
          "rate": 4.0359091653054415,
          "cv": 1.0,
          "lambda": 0.15
        },
        "MS2_4": {
          "meanserv": 0.1694116025904191,
          "stddevserv": 0.1694116025904191,
          "rate": 5.9027834263374945,
          "cv": 1.0,
          "lambda": 0.15
        },
        "MS2_5": {
          "meanserv": 0.18903041684194544,
          "stddevserv": 0.18903041684194544,
          "rate": 5.2901539165315015,
          "cv": 1.0,
          "lambda": 0.15
        },
        "MS2_6": {
          "meanserv": 2.3114954587665393,
          "stddevserv": 2.3114954587665393,
          "rate": 0.4326203610772483,
          "cv": 1.0,
          "lambda": 0.15
        },
        "MS2_7": {
          "meanserv": 0.40318242777957236,
          "stddevserv": 0.40318242777957236,
          "rate": 2.480266824889301,
          "cv": 1.0,
          "lambda": 0.15
        },
        "MS2_8": {
          "meanserv": 0.06388531389394769,
          "stddevserv": 0.06388531389394769,
          "rate": 15.653049802025581,
          "cv": 1.0,
          "lambda": 0.15
        },
        "MS2_9": {
          "meanserv": 0.7568646064196569,
          "stddevserv": 0.7568646064196569,
          "rate": 1.3212402740438525,
          "cv": 1.0,
          "lambda": 0.15
        },
        "MS2_10": {
          "meanserv": 1.0844579041415106,
          "stddevserv": 1.0844579041415106,
          "rate": 0.9221197025546418,
          "cv": 1.0,
          "lambda": 0.15
        },
        "MS2_11": {
          "meanserv": 0.2942052134008142,
          "stddevserv": 0.2942052134008142,
          "rate": 3.3989880343746233,
          "cv": 1.0,
          "lambda": 0.15
        },
        "MS2_12": {
          "meanserv": 3.857230611922983,
          "stddevserv": 3.857230611922983,
          "rate": 0.25925336092400764,
          "cv": 1.0,
          "lambda": 0.15
        }
      },
      "sensors": [
        "S2"
      ],
      "sources": [
        {
          "startTime": 0,
          "stopTime": -1,
          "lambda": 0.15
        }
      ]
    },
    "SC3": {
      "resptime": 32.67291951519672,
      "resptime_old": 22.672919515196718,
      "waittime": 19.184660208170122,
      "servicetime": 10.0,
      "networktime": 3.488259307026593,
      "services": {
        "MS3_1": {
          "meanserv": 0.18949745818974573,
          "stddevserv": 0.18949745818974573,
          "rate": 5.277115638135314,
          "cv": 1.0,
          "lambda": 0.15
        },
        "MS3_2": {
          "meanserv": 0.22013861711705052,
          "stddevserv": 0.22013861711705052,
          "rate": 4.542592358833104,
          "cv": 1.0,
          "lambda": 0.15
        },
        "MS3_3": {
          "meanserv": 0.48899579245115565,
          "stddevserv": 0.48899579245115565,
          "rate": 2.0450073711010246,
          "cv": 1.0,
          "lambda": 0.15
        },
        "MS3_4": {
          "meanserv": 1.6696436287117955,
          "stddevserv": 1.6696436287117955,
          "rate": 0.5989302045080989,
          "cv": 1.0,
          "lambda": 0.15
        },
        "MS3_5": {
          "meanserv": 2.2561702676751554,
          "stddevserv": 2.2561702676751554,
          "rate": 0.44322895941290746,
          "cv": 1.0,
          "lambda": 0.15
        },
        "MS3_6": {
          "meanserv": 0.39436128291309736,
          "stddevserv": 0.39436128291309736,
          "rate": 2.535745884111963,
          "cv": 1.0,
          "lambda": 0.15
        },
        "MS3_7": {
          "meanserv": 0.6479730712839862,
          "stddevserv": 0.6479730712839862,
          "rate": 1.5432740098573194,
          "cv": 1.0,
          "lambda": 0.15
        },
        "MS3_8": {
          "meanserv": 0.45343950487412954,
          "stddevserv": 0.45343950487412954,
          "rate": 2.205365852006191,
          "cv": 1.0,
          "lambda": 0.15
        },
        "MS3_9": {
          "meanserv": 0.35283092941334093,
          "stddevserv": 0.35283092941334093,
          "rate": 2.834218648752591,
          "cv": 1.0,
          "lambda": 0.15
        },
        "MS3_10": {
          "meanserv": 1.2772497446896232,
          "stddevserv": 1.2772497446896232,
          "rate": 0.7829322371428652,
          "cv": 1.0,
          "lambda": 0.15
        },
        "MS3_11": {
          "meanserv": 1.5494863213904768,
          "stddevserv": 1.5494863213904768,
          "rate": 0.6453751712390857,
          "cv": 1.0,
          "lambda": 0.15
        },
        "MS3_12": {
          "meanserv": 0.5002133812904432,
          "stddevserv": 0.5002133812904432,
          "rate": 1.999146838935445,
          "cv": 1.0,
          "lambda": 0.15
        }
      },
      "sensors": [
        "S3"
      ],
      "sources": [
        {
          "startTime": 0,
          "stopTime": -1,
          "lambda": 0.15
        }
      ]
    },
    "SC4": {
      "resptime": 37.28006182721967,
      "resptime_old": 27.280061827219665,
      "waittime": 22.20839477744668,
      "servicetime": 10.0,
      "networktime": 5.0716670497729845,
      "services": {
        "MS4_1": {
          "meanserv": 0.15750500747931495,
          "stddevserv": 0.15750500747931495,
          "rate": 6.349004492008481,
          "cv": 1.0,
          "lambda": 0.15
        },
        "MS4_2": {
          "meanserv": 2.3522907120941317,
          "stddevserv": 2.3522907120941317,
          "rate": 0.4251175226168146,
          "cv": 1.0,
          "lambda": 0.15
        },
        "MS4_3": {
          "meanserv": 0.9150591873700686,
          "stddevserv": 0.9150591873700686,
          "rate": 1.0928254847361907,
          "cv": 1.0,
          "lambda": 0.15
        },
        "MS4_4": {
          "meanserv": 0.09075714646475497,
          "stddevserv": 0.09075714646475497,
          "rate": 11.018416058159612,
          "cv": 1.0,
          "lambda": 0.15
        },
        "MS4_5": {
          "meanserv": 0.42110743112705107,
          "stddevserv": 0.42110743112705107,
          "rate": 2.3746909365232574,
          "cv": 1.0,
          "lambda": 0.15
        },
        "MS4_6": {
          "meanserv": 1.188638560967016,
          "stddevserv": 1.188638560967016,
          "rate": 0.841298635967565,
          "cv": 1.0,
          "lambda": 0.15
        },
        "MS4_7": {
          "meanserv": 0.8258894969075294,
          "stddevserv": 0.8258894969075294,
          "rate": 1.210815737146933,
          "cv": 1.0,
          "lambda": 0.15
        },
        "MS4_8": {
          "meanserv": 1.1876145467920463,
          "stddevserv": 1.1876145467920463,
          "rate": 0.8420240411345365,
          "cv": 1.0,
          "lambda": 0.15
        },
        "MS4_9": {
          "meanserv": 0.08893163236988944,
          "stddevserv": 0.08893163236988944,
          "rate": 11.24459287827692,
          "cv": 1.0,
          "lambda": 0.15
        },
        "MS4_10": {
          "meanserv": 0.3385798072964432,
          "stddevserv": 0.3385798072964432,
          "rate": 2.953513406440246,
          "cv": 1.0,
          "lambda": 0.15
        },
        "MS4_11": {
          "meanserv": 1.9711673521223787,
          "stddevserv": 1.9711673521223787,
          "rate": 0.507313597155152,
          "cv": 1.0,
          "lambda": 0.15
        },
        "MS4_12": {
          "meanserv": 0.46245911900937564,
          "stddevserv": 0.46245911900937564,
          "rate": 2.162353295448211,
          "cv": 1.0,
          "lambda": 0.15
        }
      },
      "sensors": [
        "S4"
      ],
      "sources": [
        {
          "startTime": 0,
          "stopTime": -1,
          "lambda": 0.15
        }
      ]
    }
  },
  "microservice": {
    "MS1_1": "F2",
    "MS1_2": "F2",
    "MS1_3": "F2",
    "MS1_4": "F2",
    "MS1_5": "F5",
    "MS1_6": "F4",
    "MS1_7": "F4",
    "MS1_8": "F1",
    "MS1_9": "F8",
    "MS1_10": "F8",
    "MS1_11": "F1",
    "MS1_12": "F1",
    "MS2_1": "F1",
    "MS2_2": "F1",
    "MS2_3": "F1",
    "MS2_4": "F1",
    "MS2_5": "F1",
    "MS2_6": "F7",
    "MS2_7": "F3",
    "MS2_8": "F3",
    "MS2_9": "F3",
    "MS2_10": "F3",
    "MS2_11": "F3",
    "MS2_12": "F6",
    "MS3_1": "F3",
    "MS3_2": "F3",
    "MS3_3": "F10",
    "MS3_4": "F10",
    "MS3_5": "F9",
    "MS3_6": "F10",
    "MS3_7": "F10",
    "MS3_8": "F10",
    "MS3_9": "F10",
    "MS3_10": "F4",
    "MS3_11": "F5",
    "MS3_12": "F5",
    "MS4_1": "F3",
    "MS4_2": "F7",
    "MS4_3": "F5",
    "MS4_4": "F5",
    "MS4_5": "F5",
    "MS4_6": "F2",
    "MS4_7": "F2",
    "MS4_8": "F8",
    "MS4_9": "F3",
    "MS4_10": "F3",
    "MS4_11": "F9",
    "MS4_12": "F3"
  },
  "sensor": {
    "S1": "F2",
    "S2": "F1",
    "S3": "F3",
    "S4": "F3"
  },
  "fog": {
    "F1": {
      "rho": 0.5214490481762664,
      "capacity": 1.0,
      "tserv": 0.43454087348022197,
      "stddev": 0.8681311049558276,
      "mu": 2.30127949067492,
      "cv": 1.9978123070518023,
      "lambda": 1.2,
      "twait": 1.1816639994446312
    },
    "F2": {
      "rho": 0.5746379427617282,
      "capacity": 1.0,
      "tserv": 0.638486603068587,
      "stddev": 0.8185477137682703,
      "mu": 1.5662035745056642,
      "cv": 1.2820123552073042,
      "lambda": 0.9,
      "twait": 1.1401075099520241
    },
    "F3": {
      "rho": 0.6089560660645982,
      "capacity": 1.0,
      "tserv": 0.3690642824633929,
      "stddev": 0.5557194070818623,
      "mu": 2.7095550762195173,
      "cv": 1.5057523404123603,
      "lambda": 1.6499999999999997,
      "twait": 0.9389017037116363
    },
    "F4": {
      "rho": 0.5708385199069135,
      "capacity": 1.0,
      "tserv": 1.2685300442375855,
      "stddev": 1.4439711516643938,
      "mu": 0.7883140052871369,
      "cv": 1.138302682087638,
      "lambda": 0.44999999999999996,
      "twait": 1.9367995487700844
    },
    "F5": {
      "rho": 0.588020439240293,
      "capacity": 1.0,
      "tserv": 0.6533560436003255,
      "stddev": 0.9291760096723115,
      "mu": 1.5305590417278292,
      "cv": 1.4221587429605413,
      "lambda": 0.9,
      "twait": 1.4093150117111808
    },
    "F6": {
      "rho": 0.5785845917884475,
      "capacity": 1.0,
      "tserv": 3.8572306119229833,
      "stddev": 3.8572306119229824,
      "mu": 0.25925336092400764,
      "cv": 0.9999999999999998,
      "lambda": 0.15,
      "twait": 5.295805885467342
    },
    "F7": {
      "rho": 0.6995679256291008,
      "capacity": 1.0,
      "tserv": 2.3318930854303357,
      "stddev": 2.3320715015249514,
      "mu": 0.428836127285594,
      "cv": 1.0000765112670604,
      "lambda": 0.3,
      "twait": 5.430320417457479
    },
    "F8": {
      "rho": 0.6227581920158967,
      "capacity": 1.0,
      "tserv": 1.3839070933686595,
      "stddev": 1.68449495274867,
      "mu": 0.7225918595198715,
      "cv": 1.2172023402584993,
      "lambda": 0.44999999999999996,
      "twait": 2.834687055816
    },
    "F9": {
      "rho": 0.6341006429696302,
      "capacity": 1.0,
      "tserv": 2.1136688098987673,
      "stddev": 2.123254381574582,
      "mu": 0.47311101688059365,
      "cv": 1.0045350395629264,
      "lambda": 0.3,
      "twait": 3.679620434289067
    },
    "F10": {
      "rho": 0.6010866314471258,
      "capacity": 1.0,
      "tserv": 0.6678740349412509,
      "stddev": 0.9299008054962902,
      "mu": 1.4972883323544153,
      "cv": 1.3923296263165679,
      "lambda": 0.9,
      "twait": 1.47863446571089
    }
  },
  "extra": {
    "conv_gen": 520,
    "max_gen": 600,
    "population": 600,
    "deltatime": 70.6777729,
    "obj_func": 33.97275278885048
  },
  "network": [
    [
      0.0,
      0.7289120328335855,
      0.856186024604549,
      0.9864347871534485,
      0.7906046957013325,
      0.6143679569836638,
      0.7014973471246779,
      0.49479156094308535,
      0.7723349773806565,
      0.7723349773806565
    ],
    [
      0.7289120328335855,
      0.0,
      0.7400271810943813,
      1.0547382416883522,
      0.7272664308543298,
      0.8618543217291444,
      1.078387547615808,
      0.7723349773806565,
      0.8834797259780391,
      0.8834797259780391
    ],
    [
      0.856186024604549,
      0.7400271810943813,
      0.0,
      0.8556908148841694,
      0.5733277658463174,
      0.8485876138281351,
      0.49479156094308535,
      0.8834797259780391,
      0.6551573143194179,
      0.6551573143194179
    ],
    [
      0.9864347871534485,
      1.0547382416883522,
      0.8556908148841694,
      0.0,
      0.8032038734641885,
      0.7014973471246779,
      0.7723349773806565,
      0.6551573143194179,
      0.9633680035549367,
      0.9633680035549367
    ],
    [
      0.7906046957013325,
      0.7272664308543298,
      0.5733277658463174,
      0.8032038734641885,
      0.0,
      1.078387547615808,
      0.8834797259780391,
      0.9633680035549367,
      0.6392884794294938,
      0.6392884794294938
    ],
    [
      0.6143679569836638,
      0.8618543217291444,
      0.8485876138281351,
      0.7014973471246779,
      1.078387547615808,
      0.0,
      0.6551573143194179,
      0.6392884794294938,
      0.9241174888543355,
      0.9241174888543355
    ],
    [
      0.7014973471246779,
      1.078387547615808,
      0.49479156094308535,
      0.7723349773806565,
      0.8834797259780391,
      0.6551573143194179,
      0.0,
      0.9241174888543355,
      0.9171495030417781,
      0.9171495030417781
    ],
    [
      0.49479156094308535,
      0.7723349773806565,
      0.8834797259780391,
      0.6551573143194179,
      0.9633680035549367,
      0.6392884794294938,
      0.9241174888543355,
      0.0,
      0.908863259435157,
      0.908863259435157
    ],
    [
      0.7723349773806565,
      0.8834797259780391,
      0.6551573143194179,
      0.9633680035549367,
      0.6392884794294938,
      0.9241174888543355,
      0.9171495030417781,
      0.908863259435157,
      0.0,
      0.533265057844025
    ],
    [
      0.7723349773806565,
      0.8834797259780391,
      0.6551573143194179,
      0.9633680035549367,
      0.6392884794294938,
      0.9241174888543355,
      0.9171495030417781,
      0.908863259435157,
      0.533265057844025,
      0.0
    ]
  ]
}