{
  "servicechain": {
    "SC1": {
      "resptime": 7057.478135865192,
      "resptime_old": 7047.478135865192,
      "waittime": 7043.905519603782,
      "servicetime": 10.0,
      "networktime": 3.572616261409717,
      "services": {
        "MS1_1": {
          "meanserv": 0.1503399074041789,
          "stddevserv": 0.1503399074041789,
          "rate": 6.651593826724704,
          "cv": 1.0,
          "lambda": 0.225
        },
        "MS1_2": {
          "meanserv": 5.5957494177256395,
          "stddevserv": 5.5957494177256395,
          "rate": 0.1787070730566138,
          "cv": 1.0,
          "lambda": 0.225
        },
        "MS1_3": {
          "meanserv": 0.8345627549376564,
          "stddevserv": 0.8345627549376564,
          "rate": 1.1982322408752857,
          "cv": 1.0,
          "lambda": 0.225
        },
        "MS1_4": {
          "meanserv": 0.13847699691520088,
          "stddevserv": 0.13847699691520088,
          "rate": 7.221415991656504,
          "cv": 1.0,
          "lambda": 0.225
        },
        "MS1_5": {
          "meanserv": 0.5866533765597408,
          "stddevserv": 0.5866533765597408,
          "rate": 1.704584069496388,
          "cv": 1.0,
          "lambda": 0.225
        },
        "MS1_6": {
          "meanserv": 0.5607878035659217,
          "stddevserv": 0.5607878035659217,
          "rate": 1.7832056860745331,
          "cv": 1.0,
          "lambda": 0.225
        },
        "MS1_7": {
          "meanserv": 1.0612521520222105,
          "stddevserv": 1.0612521520222105,
          "rate": 0.9422831304459597,
          "cv": 1.0,
          "lambda": 0.225
        },
        "MS1_8": {
          "meanserv": 0.26760306379569165,
          "stddevserv": 0.26760306379569165,
          "rate": 3.7368779931588354,
          "cv": 1.0,
          "lambda": 0.225
        },
        "MS1_9": {
          "meanserv": 0.19334119102957636,
          "stddevserv": 0.19334119102957636,
          "rate": 5.172203577907126,
          "cv": 1.0,
          "lambda": 0.225
        },
        "MS1_10": {
          "meanserv": 0.6112333360441831,
          "stddevserv": 0.6112333360441831,
          "rate": 1.6360364218219192,
          "cv": 1.0,
          "lambda": 0.225
        }
      },
      "sensors": [
        "S1"
      ],
      "sources": [
        {
          "startTime": 0,
          "stopTime": -1,
          "lambda": 0.225
        }
      ]
    },
    "SC2": {
      "resptime": 26.672929084374733,
      "resptime_old": 16.672929084374726,
      "waittime": 12.234013332661872,
      "servicetime": 10.0,
      "networktime": 4.438915751712858,
      "services": {
        "MS2_1": {
          "meanserv": 0.1947581296399592,
          "stddevserv": 0.1947581296399592,
          "rate": 5.134573852442802,
          "cv": 1.0,
          "lambda": 0.225
        },
        "MS2_2": {
          "meanserv": 1.287721566558555,
          "stddevserv": 1.287721566558555,
          "rate": 0.77656538957603,
          "cv": 1.0,
          "lambda": 0.225
        },
        "MS2_3": {
          "meanserv": 1.7403950762987643,
          "stddevserv": 1.7403950762987643,
          "rate": 0.574582181723166,
          "cv": 1.0,
          "lambda": 0.225
        },
        "MS2_4": {
          "meanserv": 0.2803751393075755,
          "stddevserv": 0.2803751393075755,
          "rate": 3.566650033485978,
          "cv": 1.0,
          "lambda": 0.225
        },
        "MS2_5": {
          "meanserv": 0.49018963226755474,
          "stddevserv": 0.49018963226755474,
          "rate": 2.04002682670812,
          "cv": 1.0,
          "lambda": 0.225
        },
        "MS2_6": {
          "meanserv": 1.5848959053348608,
          "stddevserv": 1.5848959053348608,
          "rate": 0.6309562644675503,
          "cv": 1.0,
          "lambda": 0.225
        },
        "MS2_7": {
          "meanserv": 0.5267022934674861,
          "stddevserv": 0.5267022934674861,
          "rate": 1.8986057444645077,
          "cv": 1.0,
          "lambda": 0.225
        },
        "MS2_8": {
          "meanserv": 0.42243433239590633,
          "stddevserv": 0.42243433239590633,
          "rate": 2.3672318353679596,
          "cv": 1.0,
          "lambda": 0.225
        },
        "MS2_9": {
          "meanserv": 1.0539579458087633,
          "stddevserv": 1.0539579458087633,
          "rate": 0.9488044603455612,
          "cv": 1.0,
          "lambda": 0.225
        },
        "MS2_10": {
          "meanserv": 2.4185699789205746,
          "stddevserv": 2.4185699789205746,
          "rate": 0.4134674657817043,
          "cv": 1.0,
          "lambda": 0.225
        }
      },
      "sensors": [
        "S2"
      ],
      "sources": [
        {
          "startTime": 0,
          "stopTime": -1,
          "lambda": 0.225
        }
      ]
    },
    "SC3": {
      "resptime": 28.469299111065915,
      "resptime_old": 18.469299111065915,
      "waittime": 13.687608584289002,
      "servicetime": 10.0,
      "networktime": 4.781690526776911,
      "services": {
        "MS3_1": {
          "meanserv": 1.544708527331038,
          "stddevserv": 1.544708527331038,
          "rate": 0.6473713210658645,
          "cv": 1.0,
          "lambda": 0.225
        },
        "MS3_2": {
          "meanserv": 2.504976385114609,
          "stddevserv": 2.504976385114609,
          "rate": 0.39920536015522057,
          "cv": 1.0,
          "lambda": 0.225
        },
        "MS3_3": {
          "meanserv": 1.2095074146085993,
          "stddevserv": 1.2095074146085993,
          "rate": 0.8267828604619206,
          "cv": 1.0,
          "lambda": 0.225
        },
        "MS3_4": {
          "meanserv": 0.08073285251377804,
          "stddevserv": 0.08073285251377804,
          "rate": 12.386531243019537,
          "cv": 1.0,
          "lambda": 0.225
        },
        "MS3_5": {
          "meanserv": 0.8018932311812037,
          "stddevserv": 0.8018932311812037,
          "rate": 1.2470488103846211,
          "cv": 1.0,
          "lambda": 0.225
        },
        "MS3_6": {
          "meanserv": 0.45254316737455724,
          "stddevserv": 0.45254316737455724,
          "rate": 2.2097339482585276,
          "cv": 1.0,
          "lambda": 0.225
        },
        "MS3_7": {
          "meanserv": 0.09931910589465698,
          "stddevserv": 0.09931910589465698,
          "rate": 10.068556205697744,
          "cv": 1.0,
          "lambda": 0.225
        },
        "MS3_8": {
          "meanserv": 1.3305274457158518,
          "stddevserv": 1.3305274457158518,
          "rate": 0.7515816402133508,
          "cv": 1.0,
          "lambda": 0.225
        },
        "MS3_9": {
          "meanserv": 1.2834829459624846,
          "stddevserv": 1.2834829459624846,
          "rate": 0.7791299472624464,
          "cv": 1.0,
          "lambda": 0.225
        },
        "MS3_10": {
          "meanserv": 0.6923089243032212,
          "stddevserv": 0.6923089243032212,
          "rate": 1.4444418739892115,
          "cv": 1.0,
          "lambda": 0.225
        }
      },
      "sensors": [
        "S3"
      ],
      "sources": [
        {
          "startTime": 0,
          "stopTime": -1,
          "lambda": 0.225
        }
      ]
    },
    "SC4": {
      "resptime": 74.86084516526778,
      "resptime_old": 64.86084516526778,
      "waittime": 59.835981142137136,
      "servicetime": 10.0,
      "networktime": 5.024864023130639,
      "services": {
        "MS4_1": {
          "meanserv": 1.1250749432645202,
          "stddevserv": 1.1250749432645202,
          "rate": 0.8888296784020427,
          "cv": 1.0,
          "lambda": 0.225
        },
        "MS4_2": {
          "meanserv": 0.5377481905025505,
          "stddevserv": 0.5377481905025505,
          "rate": 1.8596064434274597,
          "cv": 1.0,
          "lambda": 0.225
        },
        "MS4_3": {
          "meanserv": 0.024582956268478506,
          "stddevserv": 0.024582956268478506,
          "rate": 40.678590039321264,
          "cv": 1.0,
          "lambda": 0.225
        },
        "MS4_4": {
          "meanserv": 0.8510394617600514,
          "stddevserv": 0.8510394617600514,
          "rate": 1.1750336440708407,
          "cv": 1.0,
          "lambda": 0.225
        },
        "MS4_5": {
          "meanserv": 4.117488758999352,
          "stddevserv": 4.117488758999352,
          "rate": 0.24286647967510755,
          "cv": 1.0,
          "lambda": 0.225
        },
        "MS4_6": {
          "meanserv": 0.1105926737138967,
          "stddevserv": 0.1105926737138967,
          "rate": 9.04219028637467,
          "cv": 1.0,
          "lambda": 0.225
        },
        "MS4_7": {
          "meanserv": 0.03557447820492232,
          "stddevserv": 0.03557447820492232,
          "rate": 28.110039850468794,
          "cv": 1.0,
          "lambda": 0.225
        },
        "MS4_8": {
          "meanserv": 1.4568271870214584,
          "stddevserv": 1.4568271870214584,
          "rate": 0.6864232140289337,
          "cv": 1.0,
          "lambda": 0.225
        },
        "MS4_9": {
          "meanserv": 0.8594251380415034,
          "stddevserv": 0.8594251380415034,
          "rate": 1.1635684782025866,
          "cv": 1.0,
          "lambda": 0.225
        },
        "MS4_10": {
          "meanserv": 0.8816462122232664,
          "stddevserv": 0.8816462122232664,
          "rate": 1.1342418150680624,
          "cv": 1.0,
          "lambda": 0.225
        }
      },
      "sensors": [
        "S4"
      ],
      "sources": [
        {
          "startTime": 0,
          "stopTime": -1,
          "lambda": 0.225
        }
      ]
    }
  },
  "microservice": {
    "MS1_1": "F10",
    "MS1_2": "F2",
    "MS1_3": "F3",
    "MS1_4": "F14",
    "MS1_5": "F14",
    "MS1_6": "F14",
    "MS1_7": "F14",
    "MS1_8": "F10",
    "MS1_9": "F10",
    "MS1_10": "F10",
    "MS2_1": "F5",
    "MS2_2": "F5",
    "MS2_3": "F13",
    "MS2_4": "F12",
    "MS2_5": "F12",
    "MS2_6": "F7",
    "MS2_7": "F7",
    "MS2_8": "F3",
    "MS2_9": "F3",
    "MS2_10": "F4",
    "MS3_1": "F1",
    "MS3_2": "F8",
    "MS3_3": "F6",
    "MS3_4": "F12",
    "MS3_5": "F12",
    "MS3_6": "F12",
    "MS3_7": "F12",
    "MS3_8": "F11",
    "MS3_9": "F11",
    "MS3_10": "F13",
    "MS4_1": "F6",
    "MS4_2": "F10",
    "MS4_3": "F10",
    "MS4_4": "F5",
    "MS4_5": "F15",
    "MS4_6": "F10",
    "MS4_7": "F10",
    "MS4_8": "F9",
    "MS4_9": "F9",
    "MS4_10": "F1"
  },
  "sensor": {
    "S1": "F10",
    "S2": "F5",
    "S3": "F1",
    "S4": "F6"
  },
  "fog": {
    "F1": {
      "rho": 0.5459298163997185,
      "capacity": 1.0,
      "tserv": 1.2131773697771522,
      "stddev": 1.300624906495892,
      "mu": 0.8242817785034099,
      "cv": 1.072081411092265,
      "lambda": 0.45,
      "twait": 1.5675341241132121
    },
    "F2": {
      "rho": 1.259043618988269,
      "capacity": 1.0,
      "tserv": 5.5957494177256395,
      "stddev": 5.5957494177256395,
      "mu": 0.1787070730566138,
      "cv": 1.0,
      "lambda": 0.225,
      "twait": 7038.247305246938
    },
    "F3": {
      "rho": 0.5199648824570233,
      "capacity": 1.0,
      "tserv": 0.7703183443807753,
      "stddev": 0.854668583376046,
      "mu": 1.298164592982471,
      "cv": 1.1095004936732697,
      "lambda": 0.675,
      "twait": 0.9307630486140402
    },
    "F4": {
      "rho": 0.5441782452571293,
      "capacity": 1.0,
      "tserv": 2.4185699789205746,
      "stddev": 2.4185699789205746,
      "mu": 0.4134674657817043,
      "cv": 1.0,
      "lambda": 0.225,
      "twait": 2.8873855919908915
    },
    "F5": {
      "rho": 0.5250418105406773,
      "capacity": 1.0,
      "tserv": 0.7778397193195219,
      "stddev": 1.0042820932012755,
      "mu": 1.2856119007072957,
      "cv": 1.2911170106867933,
      "lambda": 0.675,
      "twait": 1.1466183777366505
    },
    "F6": {
      "rho": 0.525281030521452,
      "capacity": 1.0,
      "tserv": 1.1672911789365599,
      "stddev": 1.1688169734957385,
      "mu": 0.8566842772777846,
      "cv": 1.0013071242092044,
      "lambda": 0.45,
      "twait": 1.2933081414762884
    },
    "F7": {
      "rho": 0.47510959473052805,
      "capacity": 1.0,
      "tserv": 1.0557990994011734,
      "stddev": 1.294062826293526,
      "mu": 0.9471498891855265,
      "cv": 1.2256714625230223,
      "lambda": 0.45,
      "twait": 1.1956683137183701
    },
    "F8": {
      "rho": 0.5636196866507871,
      "capacity": 1.0,
      "tserv": 2.504976385114609,
      "stddev": 2.504976385114609,
      "mu": 0.39920536015522057,
      "cv": 1.0,
      "lambda": 0.225,
      "twait": 3.235375112158377
    },
    "F9": {
      "rho": 0.5211567731391664,
      "capacity": 1.0,
      "tserv": 1.158126162531481,
      "stddev": 1.2327614580293376,
      "mu": 0.863463785166685,
      "cv": 1.0644448747576134,
      "lambda": 0.45,
      "twait": 1.3443133233544693
    },
    "F10": {
      "rho": 0.4344785543167825,
      "capacity": 1.0,
      "tserv": 0.2413769746204347,
      "stddev": 0.3792831529182138,
      "mu": 4.142897231902505,
      "cv": 1.5713311243321222,
      "lambda": 1.8000000000000003,
      "twait": 0.32166189267726275
    },
    "F11": {
      "rho": 0.5881523381276257,
      "capacity": 1.0,
      "tserv": 1.3070051958391682,
      "stddev": 1.3074284586275093,
      "mu": 0.765107899481567,
      "cv": 1.0003238417029163,
      "lambda": 0.45,
      "twait": 1.8671154807325856
    },
    "F12": {
      "rho": 0.4961369539213484,
      "capacity": 1.0,
      "tserv": 0.3675088547565543,
      "stddev": 0.5092209638828296,
      "mu": 2.7210228734826574,
      "cv": 1.3856018903820653,
      "lambda": 1.35,
      "twait": 0.5283159922715462
    },
    "F13": {
      "rho": 0.5473584001354468,
      "capacity": 1.0,
      "tserv": 1.2163520003009929,
      "stddev": 1.4243435258527481,
      "mu": 0.8221304357230017,
      "cv": 1.1709961635285564,
      "lambda": 0.45,
      "twait": 1.7438962759897674
    },
    "F14": {
      "rho": 0.5281133240391916,
      "capacity": 1.0,
      "tserv": 0.5867925822657685,
      "stddev": 0.7468018761691095,
      "mu": 1.7041796883981106,
      "cv": 1.2726845886249976,
      "lambda": 0.9,
      "twait": 0.8602009343807717
    },
    "F15": {
      "rho": 0.9264349707748543,
      "capacity": 1.0,
      "tserv": 4.117488758999352,
      "stddev": 4.117488758999352,
      "mu": 0.24286647967510755,
      "cv": 1.0,
      "lambda": 0.225,
      "twait": 51.853246281393
    }
  },
  "extra": {
    "deltatime": 3.8538112,
    "conv": 5,
    "obj_func": 1796.8703023064752
  },
  "network": [
    [
      0.0,
      0.9429381065180558,
      1.3163568503002159,
      0.9464498028646887,
      0.8898556055568699,
      1.0708077317793214,
      1.1771799399512357,
      1.145395475572694,
      0.7799166720818314,
      0.9373322603803249,
      0.8798249966476032,
      1.0144211691356768,
      1.1507249135875557,
      1.014821798195616,
      1.014821798195616
    ],
    [
      0.9429381065180558,
      0.0,
      0.8661544123324857,
      0.9408163184862856,
      1.3255037261591107,
      1.1611852575287311,
      1.0679743509539708,
      1.2157250708794762,
      1.3930560599757218,
      1.0218001303066153,
      0.9626536718352918,
      0.7921970495673967,
      1.014821798195616,
      1.0490457766184593,
      1.0490457766184593
    ],
    [
      1.3163568503002159,
      0.8661544123324857,
      0.0,
      0.5760258917629898,
      0.8943639536657055,
      1.13433501005569,
      1.1043452624797023,
      1.0496930746202806,
      0.6279329817681482,
      1.1707442097755778,
      1.2637481175752028,
      1.1507249135875557,
      1.0490457766184593,
      0.8958090430268201,
      0.8958090430268201
    ],
    [
      0.9464498028646887,
      0.9408163184862856,
      0.5760258917629898,
      0.0,
      1.201125332473007,
      0.9852905471063491,
      1.393990398909102,
      0.920726462664566,
      0.619860496969965,
      1.2174336570970037,
      1.0144211691356768,
      1.014821798195616,
      0.8958090430268201,
      0.7259276976352009,
      0.7259276976352009
    ],
    [
      0.8898556055568699,
      1.3255037261591107,
      0.8943639536657055,
      1.201125332473007,
      0.0,
      1.1771285300084169,
      0.8548859124446003,
      0.7201000513396787,
      1.0103487713220811,
      0.8798249966476032,
      0.7921970495673967,
      1.0490457766184593,
      0.7259276976352009,
      0.8214189572547195,
      0.8214189572547195
    ],
    [
      1.0708077317793214,
      1.1611852575287311,
      1.13433501005569,
      0.9852905471063491,
      1.1771285300084169,
      0.0,
      1.120844125462565,
      0.7688816947537819,
      0.9373322603803249,
      0.9626536718352918,
      1.1507249135875557,
      0.8958090430268201,
      0.8214189572547195,
      0.8640966828165336,
      0.8640966828165336
    ],
    [
      1.1771799399512357,
      1.0679743509539708,
      1.1043452624797023,
      1.393990398909102,
      0.8548859124446003,
      1.120844125462565,
      0.0,
      0.7799166720818314,
      1.0218001303066153,
      1.2637481175752028,
      1.014821798195616,
      0.7259276976352009,
      0.8640966828165336,
      1.1579147397629292,
      1.1579147397629292
    ],
    [
      1.145395475572694,
      1.2157250708794762,
      1.0496930746202806,
      0.920726462664566,
      0.7201000513396787,
      0.7688816947537819,
      0.7799166720818314,
      0.0,
      1.1707442097755778,
      1.0144211691356768,
      1.0490457766184593,
      0.8214189572547195,
      1.1579147397629292,
      1.1827516376798197,
      1.1827516376798197
    ],
    [
      0.7799166720818314,
      1.3930560599757218,
      0.6279329817681482,
      0.619860496969965,
      1.0103487713220811,
      0.9373322603803249,
      1.0218001303066153,
      1.1707442097755778,
      0.0,
      0.7921970495673967,
      0.8958090430268201,
      0.8640966828165336,
      1.1827516376798197,
      1.2478624014416588,
      1.2478624014416588
    ],
    [
      0.9373322603803249,
      1.0218001303066153,
      1.1707442097755778,
      1.2174336570970037,
      0.8798249966476032,
      0.9626536718352918,
      1.2637481175752028,
      1.0144211691356768,
      0.7921970495673967,
      0.0,
      0.7259276976352009,
      1.1579147397629292,
      1.2478624014416588,
      0.7888526757437958,
      0.7888526757437958
    ],
    [
      0.8798249966476032,
      0.9626536718352918,
      1.2637481175752028,
      1.0144211691356768,
      0.7921970495673967,
      1.1507249135875557,
      1.014821798195616,
      1.0490457766184593,
      0.8958090430268201,
      0.7259276976352009,
      0.0,
      1.1827516376798197,
      0.7888526757437958,
      1.3066892021997634,
      1.3066892021997634
    ],
    [
      1.0144211691356768,
      0.7921970495673967,
      1.1507249135875557,
      1.014821798195616,
      1.0490457766184593,
      0.8958090430268201,
      0.7259276976352009,
      0.8214189572547195,
      0.8640966828165336,
      1.1579147397629292,
      1.1827516376798197,
      0.0,
      1.3066892021997634,
      1.225987315305243,
      1.225987315305243
    ],
    [
      1.1507249135875557,
      1.014821798195616,
      1.0490457766184593,
      0.8958090430268201,
      0.7259276976352009,
      0.8214189572547195,
      0.8640966828165336,
      1.1579147397629292,
      1.1827516376798197,
      1.2478624014416588,
      0.7888526757437958,
      1.3066892021997634,
      0.0,
      1.0644746399210592,
      1.0644746399210592
    ],
    [
      1.014821798195616,
      1.0490457766184593,
      0.8958090430268201,
      0.7259276976352009,
      0.8214189572547195,
      0.8640966828165336,
      1.1579147397629292,
      1.1827516376798197,
      1.2478624014416588,
      0.7888526757437958,
      1.3066892021997634,
      1.225987315305243,
      1.0644746399210592,
      0.0,
      1.0961808679103235
    ],
    [
      1.014821798195616,
      1.0490457766184593,
      0.8958090430268201,
      0.7259276976352009,
      0.8214189572547195,
      0.8640966828165336,
      1.1579147397629292,
      1.1827516376798197,
      1.2478624014416588,
      0.7888526757437958,
      1.3066892021997634,
      1.225987315305243,
      1.0644746399210592,
      1.0961808679103235,
      0.0
    ]
  ]
}