{
  "servicechain": {
    "SC1": {
      "resptime": 38.52360956388203,
      "resptime_old": 28.523609563882026,
      "waittime": 24.15099970291257,
      "servicetime": 10.0,
      "networktime": 4.372609860969459,
      "services": {
        "MS1_1": {
          "meanserv": 1.2953066063127072,
          "stddevserv": 1.2953066063127072,
          "rate": 0.7720179879624457,
          "cv": 1.0,
          "lambda": 0.15
        },
        "MS1_2": {
          "meanserv": 0.3077373874145928,
          "stddevserv": 0.3077373874145928,
          "rate": 3.2495239151841204,
          "cv": 1.0,
          "lambda": 0.15
        },
        "MS1_3": {
          "meanserv": 0.040468987626671726,
          "stddevserv": 0.040468987626671726,
          "rate": 24.710279615221562,
          "cv": 1.0,
          "lambda": 0.15
        },
        "MS1_4": {
          "meanserv": 0.36653436742403045,
          "stddevserv": 0.36653436742403045,
          "rate": 2.7282571264132947,
          "cv": 1.0,
          "lambda": 0.15
        },
        "MS1_5": {
          "meanserv": 0.6520100573128476,
          "stddevserv": 0.6520100573128476,
          "rate": 1.5337186731771222,
          "cv": 1.0,
          "lambda": 0.15
        },
        "MS1_6": {
          "meanserv": 0.744779313109174,
          "stddevserv": 0.744779313109174,
          "rate": 1.3426796131398648,
          "cv": 1.0,
          "lambda": 0.15
        },
        "MS1_7": {
          "meanserv": 0.5567875270741429,
          "stddevserv": 0.5567875270741429,
          "rate": 1.7960172442347797,
          "cv": 1.0,
          "lambda": 0.15
        },
        "MS1_8": {
          "meanserv": 0.26368663769181744,
          "stddevserv": 0.26368663769181744,
          "rate": 3.792380261485777,
          "cv": 1.0,
          "lambda": 0.15
        },
        "MS1_9": {
          "meanserv": 0.29065805216330887,
          "stddevserv": 0.29065805216330887,
          "rate": 3.4404689378367572,
          "cv": 1.0,
          "lambda": 0.15
        },
        "MS1_10": {
          "meanserv": 1.5643988465975749,
          "stddevserv": 1.5643988465975749,
          "rate": 0.6392231764776029,
          "cv": 1.0,
          "lambda": 0.15
        },
        "MS1_11": {
          "meanserv": 0.44552334284377526,
          "stddevserv": 0.44552334284377526,
          "rate": 2.2445513036802978,
          "cv": 1.0,
          "lambda": 0.15
        },
        "MS1_12": {
          "meanserv": 0.8615155692500815,
          "stddevserv": 0.8615155692500815,
          "rate": 1.1607451283445338,
          "cv": 1.0,
          "lambda": 0.15
        },
        "MS1_13": {
          "meanserv": 0.061198683390970565,
          "stddevserv": 0.061198683390970565,
          "rate": 16.340220811801696,
          "cv": 1.0,
          "lambda": 0.15
        },
        "MS1_14": {
          "meanserv": 1.135063078634107,
          "stddevserv": 1.135063078634107,
          "rate": 0.8810083059025787,
          "cv": 1.0,
          "lambda": 0.15
        },
        "MS1_15": {
          "meanserv": 1.4143315431541978,
          "stddevserv": 1.4143315431541978,
          "rate": 0.7070477957168595,
          "cv": 1.0,
          "lambda": 0.15
        }
      },
      "sensors": [
        "S1"
      ],
      "sources": [
        {
          "startTime": 0,
          "stopTime": -1,
          "lambda": 0.15
        }
      ]
    },
    "SC2": {
      "resptime": 33.84510199203004,
      "resptime_old": 23.845101992030038,
      "waittime": 21.49981747695038,
      "servicetime": 10.0,
      "networktime": 2.345284515079662,
      "services": {
        "MS2_1": {
          "meanserv": 0.46956515854418845,
          "stddevserv": 0.46956515854418845,
          "rate": 2.1296298965203038,
          "cv": 1.0,
          "lambda": 0.15
        },
        "MS2_2": {
          "meanserv": 1.0318114091189057,
          "stddevserv": 1.0318114091189057,
          "rate": 0.9691693570765316,
          "cv": 1.0,
          "lambda": 0.15
        },
        "MS2_3": {
          "meanserv": 0.9581580808888812,
          "stddevserv": 0.9581580808888812,
          "rate": 1.043669118849681,
          "cv": 1.0,
          "lambda": 0.15
        },
        "MS2_4": {
          "meanserv": 0.5499993343242862,
          "stddevserv": 0.5499993343242862,
          "rate": 1.8181840187653537,
          "cv": 1.0,
          "lambda": 0.15
        },
        "MS2_5": {
          "meanserv": 0.1226177030564588,
          "stddevserv": 0.1226177030564588,
          "rate": 8.1554292330819,
          "cv": 1.0,
          "lambda": 0.15
        },
        "MS2_6": {
          "meanserv": 0.17416982483244992,
          "stddevserv": 0.17416982483244992,
          "rate": 5.741522683174267,
          "cv": 1.0,
          "lambda": 0.15
        },
        "MS2_7": {
          "meanserv": 0.2916984754553118,
          "stddevserv": 0.2916984754553118,
          "rate": 3.4281975537894094,
          "cv": 1.0,
          "lambda": 0.15
        },
        "MS2_8": {
          "meanserv": 0.6315496278191857,
          "stddevserv": 0.6315496278191857,
          "rate": 1.5834068392267386,
          "cv": 1.0,
          "lambda": 0.15
        },
        "MS2_9": {
          "meanserv": 3.3213451281635074,
          "stddevserv": 3.3213451281635074,
          "rate": 0.3010828328319305,
          "cv": 1.0,
          "lambda": 0.15
        },
        "MS2_10": {
          "meanserv": 0.21306580974606515,
          "stddevserv": 0.21306580974606515,
          "rate": 4.693385584443671,
          "cv": 1.0,
          "lambda": 0.15
        },
        "MS2_11": {
          "meanserv": 0.21542242744798212,
          "stddevserv": 0.21542242744798212,
          "rate": 4.6420422044564935,
          "cv": 1.0,
          "lambda": 0.15
        },
        "MS2_12": {
          "meanserv": 0.09054086836439712,
          "stddevserv": 0.09054086836439712,
          "rate": 11.044736129272914,
          "cv": 1.0,
          "lambda": 0.15
        },
        "MS2_13": {
          "meanserv": 0.013858606325486633,
          "stddevserv": 0.013858606325486633,
          "rate": 72.15732783757286,
          "cv": 1.0,
          "lambda": 0.15
        },
        "MS2_14": {
          "meanserv": 0.896150496359871,
          "stddevserv": 0.896150496359871,
          "rate": 1.115883999464333,
          "cv": 1.0,
          "lambda": 0.15
        },
        "MS2_15": {
          "meanserv": 1.020047049553023,
          "stddevserv": 1.020047049553023,
          "rate": 0.9803469363870937,
          "cv": 1.0,
          "lambda": 0.15
        }
      },
      "sensors": [
        "S2"
      ],
      "sources": [
        {
          "startTime": 0,
          "stopTime": -1,
          "lambda": 0.15
        }
      ]
    },
    "SC3": {
      "resptime": 29.524760544421085,
      "resptime_old": 19.52476054442109,
      "waittime": 16.761087965546597,
      "servicetime": 10.0,
      "networktime": 2.7636725788744894,
      "services": {
        "MS3_1": {
          "meanserv": 0.02130604564829275,
          "stddevserv": 0.02130604564829275,
          "rate": 46.93503508381575,
          "cv": 1.0,
          "lambda": 0.15
        },
        "MS3_2": {
          "meanserv": 2.642298576981452,
          "stddevserv": 2.642298576981452,
          "rate": 0.3784583652701333,
          "cv": 1.0,
          "lambda": 0.15
        },
        "MS3_3": {
          "meanserv": 0.15048875240889137,
          "stddevserv": 0.15048875240889137,
          "rate": 6.645014886447532,
          "cv": 1.0,
          "lambda": 0.15
        },
        "MS3_4": {
          "meanserv": 0.2527974739259209,
          "stddevserv": 0.2527974739259209,
          "rate": 3.9557357297527322,
          "cv": 1.0,
          "lambda": 0.15
        },
        "MS3_5": {
          "meanserv": 0.053240554821680774,
          "stddevserv": 0.053240554821680774,
          "rate": 18.782674285595107,
          "cv": 1.0,
          "lambda": 0.15
        },
        "MS3_6": {
          "meanserv": 0.6299091989625674,
          "stddevserv": 0.6299091989625674,
          "rate": 1.5875303958839717,
          "cv": 1.0,
          "lambda": 0.15
        },
        "MS3_7": {
          "meanserv": 0.03439671903730179,
          "stddevserv": 0.03439671903730179,
          "rate": 29.07254028837873,
          "cv": 1.0,
          "lambda": 0.15
        },
        "MS3_8": {
          "meanserv": 0.02490273472754545,
          "stddevserv": 0.02490273472754545,
          "rate": 40.15623227491873,
          "cv": 1.0,
          "lambda": 0.15
        },
        "MS3_9": {
          "meanserv": 0.709944493063221,
          "stddevserv": 0.709944493063221,
          "rate": 1.4085608237980223,
          "cv": 1.0,
          "lambda": 0.15
        },
        "MS3_10": {
          "meanserv": 0.1267970833175438,
          "stddevserv": 0.1267970833175438,
          "rate": 7.886616740983338,
          "cv": 1.0,
          "lambda": 0.15
        },
        "MS3_11": {
          "meanserv": 0.6716772843814853,
          "stddevserv": 0.6716772843814853,
          "rate": 1.4888102117683657,
          "cv": 1.0,
          "lambda": 0.15
        },
        "MS3_12": {
          "meanserv": 0.19047641606580434,
          "stddevserv": 0.19047641606580434,
          "rate": 5.2499937821936316,
          "cv": 1.0,
          "lambda": 0.15
        },
        "MS3_13": {
          "meanserv": 1.3031660642227383,
          "stddevserv": 1.3031660642227383,
          "rate": 0.7673619099315949,
          "cv": 1.0,
          "lambda": 0.15
        },
        "MS3_14": {
          "meanserv": 0.6488509665878972,
          "stddevserv": 0.6488509665878972,
          "rate": 1.5411859602501403,
          "cv": 1.0,
          "lambda": 0.15
        },
        "MS3_15": {
          "meanserv": 2.5397476358476574,
          "stddevserv": 2.5397476358476574,
          "rate": 0.3937399078102669,
          "cv": 1.0,
          "lambda": 0.15
        }
      },
      "sensors": [
        "S3"
      ],
      "sources": [
        {
          "startTime": 0,
          "stopTime": -1,
          "lambda": 0.15
        }
      ]
    },
    "SC4": {
      "resptime": 31.263234973040255,
      "resptime_old": 21.26323497304025,
      "waittime": 17.98119068484923,
      "servicetime": 10.0,
      "networktime": 3.282044288191023,
      "services": {
        "MS4_1": {
          "meanserv": 0.37217483004484797,
          "stddevserv": 0.37217483004484797,
          "rate": 2.686909267559812,
          "cv": 1.0,
          "lambda": 0.15
        },
        "MS4_2": {
          "meanserv": 0.35315333121430426,
          "stddevserv": 0.35315333121430426,
          "rate": 2.831631225342086,
          "cv": 1.0,
          "lambda": 0.15
        },
        "MS4_3": {
          "meanserv": 0.1243753447425755,
          "stddevserv": 0.1243753447425755,
          "rate": 8.040178719260952,
          "cv": 1.0,
          "lambda": 0.15
        },
        "MS4_4": {
          "meanserv": 2.58312987383189,
          "stddevserv": 2.58312987383189,
          "rate": 0.3871272637626117,
          "cv": 1.0,
          "lambda": 0.15
        },
        "MS4_5": {
          "meanserv": 0.506281386870342,
          "stddevserv": 0.506281386870342,
          "rate": 1.9751861828886448,
          "cv": 1.0,
          "lambda": 0.15
        },
        "MS4_6": {
          "meanserv": 0.04038006383014414,
          "stddevserv": 0.04038006383014414,
          "rate": 24.76469587087402,
          "cv": 1.0,
          "lambda": 0.15
        },
        "MS4_7": {
          "meanserv": 0.18390901614476007,
          "stddevserv": 0.18390901614476007,
          "rate": 5.4374713157775325,
          "cv": 1.0,
          "lambda": 0.15
        },
        "MS4_8": {
          "meanserv": 1.0266133231871564,
          "stddevserv": 1.0266133231871564,
          "rate": 0.9740765850334628,
          "cv": 1.0,
          "lambda": 0.15
        },
        "MS4_9": {
          "meanserv": 0.32387870903690175,
          "stddevserv": 0.32387870903690175,
          "rate": 3.087575601908624,
          "cv": 1.0,
          "lambda": 0.15
        },
        "MS4_10": {
          "meanserv": 0.7838528187830818,
          "stddevserv": 0.7838528187830818,
          "rate": 1.2757497020326891,
          "cv": 1.0,
          "lambda": 0.15
        },
        "MS4_11": {
          "meanserv": 0.3164142123773024,
          "stddevserv": 0.3164142123773024,
          "rate": 3.1604142951947054,
          "cv": 1.0,
          "lambda": 0.15
        },
        "MS4_12": {
          "meanserv": 0.1266080789909143,
          "stddevserv": 0.1266080789909143,
          "rate": 7.898390118309609,
          "cv": 1.0,
          "lambda": 0.15
        },
        "MS4_13": {
          "meanserv": 0.48013111041401046,
          "stddevserv": 0.48013111041401046,
          "rate": 2.0827644331101847,
          "cv": 1.0,
          "lambda": 0.15
        },
        "MS4_14": {
          "meanserv": 1.1641277310487768,
          "stddevserv": 1.1641277310487768,
          "rate": 0.8590122658611421,
          "cv": 1.0,
          "lambda": 0.15
        },
        "MS4_15": {
          "meanserv": 1.6149701694829925,
          "stddevserv": 1.6149701694829925,
          "rate": 0.619206483745848,
          "cv": 1.0,
          "lambda": 0.15
        }
      },
      "sensors": [
        "S4"
      ],
      "sources": [
        {
          "startTime": 0,
          "stopTime": -1,
          "lambda": 0.15
        }
      ]
    }
  },
  "microservice": {
    "MS1_1": "F1",
    "MS1_2": "F10",
    "MS1_3": "F10",
    "MS1_4": "F10",
    "MS1_5": "F10",
    "MS1_6": "F10",
    "MS1_7": "F6",
    "MS1_8": "F6",
    "MS1_9": "F6",
    "MS1_10": "F2",
    "MS1_11": "F10",
    "MS1_12": "F10",
    "MS1_13": "F10",
    "MS1_14": "F3",
    "MS1_15": "F9",
    "MS2_1": "F10",
    "MS2_2": "F4",
    "MS2_3": "F4",
    "MS2_4": "F5",
    "MS2_5": "F5",
    "MS2_6": "F5",
    "MS2_7": "F5",
    "MS2_8": "F5",
    "MS2_9": "F3",
    "MS2_10": "F6",
    "MS2_11": "F6",
    "MS2_12": "F6",
    "MS2_13": "F6",
    "MS2_14": "F6",
    "MS2_15": "F6",
    "MS3_1": "F5",
    "MS3_2": "F2",
    "MS3_3": "F5",
    "MS3_4": "F5",
    "MS3_5": "F5",
    "MS3_6": "F5",
    "MS3_7": "F5",
    "MS3_8": "F5",
    "MS3_9": "F8",
    "MS3_10": "F8",
    "MS3_11": "F8",
    "MS3_12": "F8",
    "MS3_13": "F7",
    "MS3_14": "F7",
    "MS3_15": "F4",
    "MS4_1": "F8",
    "MS4_2": "F8",
    "MS4_3": "F8",
    "MS4_4": "F9",
    "MS4_5": "F7",
    "MS4_6": "F7",
    "MS4_7": "F7",
    "MS4_8": "F7",
    "MS4_9": "F8",
    "MS4_10": "F8",
    "MS4_11": "F8",
    "MS4_12": "F5",
    "MS4_13": "F5",
    "MS4_14": "F1",
    "MS4_15": "F1"
  },
  "sensor": {
    "S1": "F1",
    "S2": "F10",
    "S3": "F5",
    "S4": "F8"
  },
  "fog": {
    "F1": {
      "rho": 0.6111606760266715,
      "capacity": 1.0,
      "tserv": 1.3581348356148255,
      "stddev": 1.3842798077720844,
      "mu": 0.7363039175320921,
      "cv": 1.0192506454231571,
      "lambda": 0.44999999999999996,
      "twait": 2.1761461145044763
    },
    "F2": {
      "rho": 0.6310046135368542,
      "capacity": 1.0,
      "tserv": 2.103348711789514,
      "stddev": 2.237187903991844,
      "mu": 0.4754323400560657,
      "cv": 1.0636314803399674,
      "lambda": 0.3,
      "twait": 3.8330095173544048
    },
    "F3": {
      "rho": 0.6684612310196422,
      "capacity": 1.0,
      "tserv": 2.228204103398807,
      "stddev": 2.7119749494511414,
      "mu": 0.44879192102493787,
      "cv": 1.2171124473356865,
      "lambda": 0.3,
      "twait": 5.573873769307364
    },
    "F4": {
      "rho": 0.6794575688783165,
      "capacity": 1.0,
      "tserv": 1.5099057086184815,
      "stddev": 1.828167912123383,
      "mu": 0.6622930122669515,
      "cv": 1.2107828334499786,
      "lambda": 0.44999999999999996,
      "twait": 3.94628866274168
    },
    "F5": {
      "rho": 0.5315723451637226,
      "capacity": 1.0,
      "tserv": 0.2531296881732013,
      "stddev": 0.3996920701227563,
      "mu": 3.9505441152195493,
      "cv": 1.5790011555233745,
      "lambda": 2.0999999999999996,
      "twait": 0.5017206115499379
    },
    "F6": {
      "rho": 0.534032621208914,
      "capacity": 1.0,
      "tserv": 0.39557971941401043,
      "stddev": 0.6152913399193884,
      "mu": 2.5279354600922006,
      "cv": 1.5554167964698657,
      "lambda": 1.3499999999999999,
      "twait": 0.7750972942060106
    },
    "F7": {
      "rho": 0.5563801231264558,
      "capacity": 1.0,
      "tserv": 0.618200136807173,
      "stddev": 0.8790987760484412,
      "mu": 1.6175991243947536,
      "cv": 1.4220294103924582,
      "lambda": 0.9,
      "twait": 1.1715970301019198
    },
    "F8": {
      "rho": 0.5959116784540601,
      "capacity": 1.0,
      "tserv": 0.3972744523027068,
      "stddev": 0.5131347951679675,
      "mu": 2.517151541468972,
      "cv": 1.2916380406384145,
      "lambda": 1.4999999999999998,
      "twait": 0.7816378610992779
    },
    "F9": {
      "rho": 0.5996192125479132,
      "capacity": 1.0,
      "tserv": 1.998730708493044,
      "stddev": 2.162861348762464,
      "mu": 0.5003175243922462,
      "cv": 1.0821174356165106,
      "lambda": 0.3,
      "twait": 3.249241945737057
    },
    "F10": {
      "rho": 0.5923999300374498,
      "capacity": 1.0,
      "tserv": 0.43881476299070366,
      "stddev": 0.5790653158727155,
      "mu": 2.2788659004646687,
      "cv": 1.3196122024841335,
      "lambda": 1.3499999999999999,
      "twait": 0.8741795591739043
    }
  },
  "extra": {
    "deltatime": 10.6243766,
    "conv": 14,
    "obj_func": 33.28917676834335
  },
  "network": [
    [
      0.0,
      0.5860407833574552,
      0.5916844379249022,
      0.7162662767769228,
      0.5416746350777215,
      0.7016961657688229,
      0.543640244413374,
      0.5482936879016349,
      0.5938654065952875,
      0.5938654065952875
    ],
    [
      0.5860407833574552,
      0.0,
      0.9101556397051556,
      0.8219199037472248,
      0.3352654998484618,
      0.6798580707732645,
      0.9815674895694712,
      0.5938654065952875,
      0.9315610392238352,
      0.9315610392238352
    ],
    [
      0.5916844379249022,
      0.9101556397051556,
      0.0,
      0.7047599956260822,
      0.5520799961524471,
      0.5141306926515656,
      0.5482936879016349,
      0.9315610392238352,
      0.6154531718221895,
      0.6154531718221895
    ],
    [
      0.7162662767769228,
      0.8219199037472248,
      0.7047599956260822,
      0.0,
      0.7162166544260634,
      0.543640244413374,
      0.5938654065952875,
      0.6154531718221895,
      0.5628571718495857,
      0.5628571718495857
    ],
    [
      0.5416746350777215,
      0.3352654998484618,
      0.5520799961524471,
      0.7162166544260634,
      0.0,
      0.9815674895694712,
      0.9315610392238352,
      0.5628571718495857,
      1.032492243993373,
      1.032492243993373
    ],
    [
      0.7016961657688229,
      0.6798580707732645,
      0.5141306926515656,
      0.543640244413374,
      0.9815674895694712,
      0.0,
      0.6154531718221895,
      1.032492243993373,
      0.9364190007326928,
      0.9364190007326928
    ],
    [
      0.543640244413374,
      0.9815674895694712,
      0.5482936879016349,
      0.5938654065952875,
      0.9315610392238352,
      0.6154531718221895,
      0.0,
      0.9364190007326928,
      0.5382316990785857,
      0.5382316990785857
    ],
    [
      0.5482936879016349,
      0.5938654065952875,
      0.9315610392238352,
      0.6154531718221895,
      0.5628571718495857,
      1.032492243993373,
      0.9364190007326928,
      0.0,
      0.7028617814524369,
      0.7028617814524369
    ],
    [
      0.5938654065952875,
      0.9315610392238352,
      0.6154531718221895,
      0.5628571718495857,
      1.032492243993373,
      0.9364190007326928,
      0.5382316990785857,
      0.7028617814524369,
      0.0,
      0.8015723911589732
    ],
    [
      0.5938654065952875,
      0.9315610392238352,
      0.6154531718221895,
      0.5628571718495857,
      1.032492243993373,
      0.9364190007326928,
      0.5382316990785857,
      0.7028617814524369,
      0.8015723911589732,
      0.0
    ]
  ]
}