{
  "servicechain": {
    "SC1": {
      "resptime": 29.75322583335152,
      "resptime_old": 19.753225833351525,
      "waittime": 16.08463813018684,
      "servicetime": 10.0,
      "networktime": 3.6685877031646843,
      "services": {
        "MS1_1": {
          "meanserv": 0.9007649684602503,
          "stddevserv": 0.9007649684602503,
          "rate": 1.1101675076345165,
          "cv": 1.0,
          "lambda": 0.15
        },
        "MS1_2": {
          "meanserv": 1.2959269051376818,
          "stddevserv": 1.2959269051376818,
          "rate": 0.7716484595199897,
          "cv": 1.0,
          "lambda": 0.15
        },
        "MS1_3": {
          "meanserv": 4.39882505142729,
          "stddevserv": 4.39882505142729,
          "rate": 0.22733343297559178,
          "cv": 1.0,
          "lambda": 0.15
        },
        "MS1_4": {
          "meanserv": 0.6811771348455267,
          "stddevserv": 0.6811771348455267,
          "rate": 1.4680469276567454,
          "cv": 1.0,
          "lambda": 0.15
        },
        "MS1_5": {
          "meanserv": 2.7233059401292508,
          "stddevserv": 2.7233059401292508,
          "rate": 0.36720075598723917,
          "cv": 1.0,
          "lambda": 0.15
        }
      },
      "sensors": [
        "S1"
      ],
      "sources": [
        {
          "startTime": 0,
          "stopTime": -1,
          "lambda": 0.15
        }
      ]
    },
    "SC2": {
      "resptime": 26.177784189540567,
      "resptime_old": 16.177784189540564,
      "waittime": 9.636686121415622,
      "servicetime": 10.0,
      "networktime": 6.541098068124945,
      "services": {
        "MS2_1": {
          "meanserv": 1.2135928603218415,
          "stddevserv": 1.2135928603218415,
          "rate": 0.8239995740703375,
          "cv": 1.0,
          "lambda": 0.15
        },
        "MS2_2": {
          "meanserv": 0.7700810793074531,
          "stddevserv": 0.7700810793074531,
          "rate": 1.298564562707237,
          "cv": 1.0,
          "lambda": 0.15
        },
        "MS2_3": {
          "meanserv": 3.0212551188509646,
          "stddevserv": 3.0212551188509646,
          "rate": 0.33098826833939043,
          "cv": 1.0,
          "lambda": 0.15
        },
        "MS2_4": {
          "meanserv": 1.3330718648992201,
          "stddevserv": 1.3330718648992201,
          "rate": 0.7501471048416432,
          "cv": 1.0,
          "lambda": 0.15
        },
        "MS2_5": {
          "meanserv": 3.6619990766205204,
          "stddevserv": 3.6619990766205204,
          "rate": 0.27307489135766005,
          "cv": 1.0,
          "lambda": 0.15
        }
      },
      "sensors": [
        "S2"
      ],
      "sources": [
        {
          "startTime": 0,
          "stopTime": -1,
          "lambda": 0.15
        }
      ]
    },
    "SC3": {
      "resptime": 7216.036818571564,
      "resptime_old": 7206.036818571564,
      "waittime": 7203.219014624298,
      "servicetime": 10.0,
      "networktime": 2.8178039472657153,
      "services": {
        "MS3_1": {
          "meanserv": 0.030122862301377173,
          "stddevserv": 0.030122862301377173,
          "rate": 33.19737646426387,
          "cv": 1.0,
          "lambda": 0.15
        },
        "MS3_2": {
          "meanserv": 2.223655721129485,
          "stddevserv": 2.223655721129485,
          "rate": 0.44970990360506863,
          "cv": 1.0,
          "lambda": 0.15
        },
        "MS3_3": {
          "meanserv": 0.5620907631848713,
          "stddevserv": 0.5620907631848713,
          "rate": 1.7790721098740074,
          "cv": 1.0,
          "lambda": 0.15
        },
        "MS3_4": {
          "meanserv": 0.25299779095935726,
          "stddevserv": 0.25299779095935726,
          "rate": 3.9526036816686854,
          "cv": 1.0,
          "lambda": 0.15
        },
        "MS3_5": {
          "meanserv": 6.931132862424909,
          "stddevserv": 6.931132862424909,
          "rate": 0.14427655909197828,
          "cv": 1.0,
          "lambda": 0.15
        }
      },
      "sensors": [
        "S3"
      ],
      "sources": [
        {
          "startTime": 0,
          "stopTime": -1,
          "lambda": 0.15
        }
      ]
    },
    "SC4": {
      "resptime": 7218.959236898485,
      "resptime_old": 7208.959236898485,
      "waittime": 7205.652204766033,
      "servicetime": 10.0,
      "networktime": 3.3070321324520666,
      "services": {
        "MS4_1": {
          "meanserv": 0.7233839803283837,
          "stddevserv": 0.7233839803283837,
          "rate": 1.3823916857352097,
          "cv": 1.0,
          "lambda": 0.15
        },
        "MS4_2": {
          "meanserv": 0.0038530388794710824,
          "stddevserv": 0.0038530388794710824,
          "rate": 259.5354034261063,
          "cv": 1.0,
          "lambda": 0.15
        },
        "MS4_3": {
          "meanserv": 6.932752863595259,
          "stddevserv": 6.932752863595259,
          "rate": 0.14424284547212457,
          "cv": 1.0,
          "lambda": 0.15
        },
        "MS4_4": {
          "meanserv": 0.6420052662063078,
          "stddevserv": 0.6420052662063078,
          "rate": 1.5576196218905327,
          "cv": 1.0,
          "lambda": 0.15
        },
        "MS4_5": {
          "meanserv": 1.6980048509905785,
          "stddevserv": 1.6980048509905785,
          "rate": 0.5889264682704658,
          "cv": 1.0,
          "lambda": 0.15
        }
      },
      "sensors": [
        "S4"
      ],
      "sources": [
        {
          "startTime": 0,
          "stopTime": -1,
          "lambda": 0.15
        }
      ]
    }
  },
  "microservice": {
    "MS1_1": "F8",
    "MS1_2": "F8",
    "MS1_3": "F9",
    "MS1_4": "F5",
    "MS1_5": "F5",
    "MS2_1": "F1",
    "MS2_2": "F1",
    "MS2_3": "F3",
    "MS2_4": "F8",
    "MS2_5": "F10",
    "MS3_1": "F4",
    "MS3_2": "F4",
    "MS3_3": "F6",
    "MS3_4": "F6",
    "MS3_5": "F2",
    "MS4_1": "F1",
    "MS4_2": "F1",
    "MS4_3": "F7",
    "MS4_4": "F6",
    "MS4_5": "F6"
  },
  "sensor": {
    "S1": "F8",
    "S2": "F1",
    "S3": "F4",
    "S4": "F1"
  },
  "fog": {
    "F1": {
      "rho": 0.4066366438255724,
      "capacity": 1.0,
      "tserv": 0.6777277397092873,
      "stddev": 0.913920661188077,
      "mu": 1.4755187686857143,
      "cv": 1.3485070886726653,
      "lambda": 0.6,
      "twait": 0.6545226549534457
    },
    "F2": {
      "rho": 1.0396699293637364,
      "capacity": 1.0,
      "tserv": 6.931132862424909,
      "stddev": 6.931132862424909,
      "mu": 0.14427655909197828,
      "cv": 1.0,
      "lambda": 0.15,
      "twait": 7198.884323074482
    },
    "F3": {
      "rho": 0.45318826782764465,
      "capacity": 1.0,
      "tserv": 3.0212551188509646,
      "stddev": 3.0212551188509646,
      "mu": 0.33098826833939043,
      "cv": 1.0,
      "lambda": 0.15,
      "twait": 2.5039648811812647
    },
    "F4": {
      "rho": 0.3380667875146293,
      "capacity": 1.0,
      "tserv": 1.1268892917154312,
      "stddev": 1.917204391076291,
      "mu": 0.8873986179048066,
      "cv": 1.7013245268821269,
      "lambda": 0.3,
      "twait": 1.1207064533843176
    },
    "F5": {
      "rho": 0.5106724612462166,
      "capacity": 1.0,
      "tserv": 1.7022415374873887,
      "stddev": 2.232212194356127,
      "mu": 0.5874606969561208,
      "cv": 1.311336931450402,
      "lambda": 0.3,
      "twait": 2.41568180057351
    },
    "F6": {
      "rho": 0.4732648007011671,
      "capacity": 1.0,
      "tserv": 0.7887746678352786,
      "stddev": 1.1025003834182838,
      "mu": 1.2677891935150636,
      "cv": 1.3977380719439143,
      "lambda": 0.6,
      "twait": 1.0466393215238017
    },
    "F7": {
      "rho": 1.0399129295392888,
      "capacity": 1.0,
      "tserv": 6.932752863595259,
      "stddev": 6.932752863595259,
      "mu": 0.14424284547212457,
      "cv": 1.0,
      "lambda": 0.15,
      "twait": 7202.249880813079
    },
    "F8": {
      "rho": 0.5294645607745728,
      "capacity": 1.0,
      "tserv": 1.1765879128323842,
      "stddev": 1.2086758578201493,
      "mu": 0.8499152414312277,
      "cv": 1.0272720335113084,
      "lambda": 0.44999999999999996,
      "twait": 1.3605408795168743
    },
    "F9": {
      "rho": 0.6598237577140935,
      "capacity": 1.0,
      "tserv": 4.39882505142729,
      "stddev": 4.39882505142729,
      "mu": 0.22733343297559178,
      "cv": 1.0,
      "lambda": 0.15,
      "twait": 8.532192770006073
    },
    "F10": {
      "rho": 0.5492998614930781,
      "capacity": 1.0,
      "tserv": 3.661999076620521,
      "stddev": 3.6619990766205204,
      "mu": 0.27307489135766,
      "cv": 0.9999999999999999,
      "lambda": 0.15,
      "twait": 4.463135050810592
    }
  },
  "extra": {
    "conv_gen": 0,
    "max_gen": 600,
    "population": 600,
    "deltatime": 37.6724507,
    "obj_func": 3622.7317663732356
  },
  "network": [
    [
      0.0,
      2.0051676538001795,
      2.1957019344681443,
      2.072901717814292,
      2.392775002818596,
      1.2977265000515055,
      1.8617917233848638,
      2.244849662543757,
      2.623347127630792,
      2.623347127630792
    ],
    [
      2.0051676538001795,
      0.0,
      2.3654493095552827,
      2.011291124089859,
      2.1036113990862133,
      0.9560122238808514,
      2.2406515245261294,
      2.623347127630792,
      2.345898836342464,
      2.345898836342464
    ],
    [
      2.1957019344681443,
      2.3654493095552827,
      0.0,
      2.263160646745238,
      1.7311303935018743,
      1.7705283586023093,
      2.244849662543757,
      2.345898836342464,
      1.4452404090672026,
      1.4452404090672026
    ],
    [
      2.072901717814292,
      2.011291124089859,
      2.263160646745238,
      0.0,
      1.4669267705518716,
      1.8617917233848638,
      2.623347127630792,
      1.4452404090672026,
      1.9672258387014183,
      1.9672258387014183
    ],
    [
      2.392775002818596,
      2.1036113990862133,
      1.7311303935018743,
      1.4669267705518716,
      0.0,
      2.2406515245261294,
      2.345898836342464,
      1.9672258387014183,
      1.6690904058503486,
      1.6690904058503486
    ],
    [
      1.2977265000515055,
      0.9560122238808514,
      1.7705283586023093,
      1.8617917233848638,
      2.2406515245261294,
      0.0,
      1.4452404090672026,
      1.6690904058503486,
      2.605024703452544,
      2.605024703452544
    ],
    [
      1.8617917233848638,
      2.2406515245261294,
      2.244849662543757,
      2.623347127630792,
      2.345898836342464,
      1.4452404090672026,
      0.0,
      2.605024703452544,
      1.7886969473294552,
      1.7886969473294552
    ],
    [
      2.244849662543757,
      2.623347127630792,
      2.345898836342464,
      1.4452404090672026,
      1.9672258387014183,
      1.6690904058503486,
      2.605024703452544,
      0.0,
      1.999497297314336,
      1.999497297314336
    ],
    [
      2.623347127630792,
      2.345898836342464,
      1.4452404090672026,
      1.9672258387014183,
      1.6690904058503486,
      2.605024703452544,
      1.7886969473294552,
      1.999497297314336,
      0.0,
      2.4101230878176643
    ],
    [
      2.623347127630792,
      2.345898836342464,
      1.4452404090672026,
      1.9672258387014183,
      1.6690904058503486,
      2.605024703452544,
      1.7886969473294552,
      1.999497297314336,
      2.4101230878176643,
      0.0
    ]
  ]
}