{
  "servicechain": {
    "SC1": {
      "resptime": 21.175047110346316,
      "resptime_old": 11.175047110346314,
      "waittime": 7.68723477306575,
      "servicetime": 10.0,
      "networktime": 3.4878123372805647,
      "services": {
        "MS1_1": {
          "meanserv": 1.8797834212005216,
          "stddevserv": 1.8797834212005216,
          "rate": 0.5319761780648917,
          "cv": 1.0,
          "lambda": 0.1
        },
        "MS1_2": {
          "meanserv": 4.527431354150176,
          "stddevserv": 4.527431354150176,
          "rate": 0.22087579507601515,
          "cv": 1.0,
          "lambda": 0.1
        },
        "MS1_3": {
          "meanserv": 0.12547278018226482,
          "stddevserv": 0.12547278018226482,
          "rate": 7.969856079919291,
          "cv": 1.0,
          "lambda": 0.1
        },
        "MS1_4": {
          "meanserv": 1.7272410676236776,
          "stddevserv": 1.7272410676236776,
          "rate": 0.5789579802984831,
          "cv": 1.0,
          "lambda": 0.1
        },
        "MS1_5": {
          "meanserv": 1.7400713768433604,
          "stddevserv": 1.7400713768433604,
          "rate": 0.5746890692576567,
          "cv": 1.0,
          "lambda": 0.1
        }
      },
      "sensors": [
        "S1"
      ],
      "sources": [
        {
          "startTime": 0,
          "stopTime": -1,
          "lambda": 0.1
        }
      ]
    },
    "SC2": {
      "resptime": 22.29616412433085,
      "resptime_old": 12.296164124330847,
      "waittime": 8.769776762040285,
      "servicetime": 10.0,
      "networktime": 3.5263873622905617,
      "services": {
        "MS2_1": {
          "meanserv": 0.6166923750098918,
          "stddevserv": 0.6166923750098918,
          "rate": 1.6215540203232768,
          "cv": 1.0,
          "lambda": 0.1
        },
        "MS2_2": {
          "meanserv": 2.0106514822711707,
          "stddevserv": 2.0106514822711707,
          "rate": 0.49735123606326365,
          "cv": 1.0,
          "lambda": 0.1
        },
        "MS2_3": {
          "meanserv": 0.13259931309193895,
          "stddevserv": 0.13259931309193895,
          "rate": 7.541517197050944,
          "cv": 1.0,
          "lambda": 0.1
        },
        "MS2_4": {
          "meanserv": 5.227108401855058,
          "stddevserv": 5.227108401855058,
          "rate": 0.1913103618905451,
          "cv": 1.0,
          "lambda": 0.1
        },
        "MS2_5": {
          "meanserv": 2.0129484277719403,
          "stddevserv": 2.0129484277719403,
          "rate": 0.4967837159677577,
          "cv": 1.0,
          "lambda": 0.1
        }
      },
      "sensors": [
        "S2"
      ],
      "sources": [
        {
          "startTime": 0,
          "stopTime": -1,
          "lambda": 0.1
        }
      ]
    },
    "SC3": {
      "resptime": 21.381304131222745,
      "resptime_old": 11.381304131222743,
      "waittime": 8.240221988780757,
      "servicetime": 10.0,
      "networktime": 3.141082142441987,
      "services": {
        "MS3_1": {
          "meanserv": 0.9035301913558846,
          "stddevserv": 0.9035301913558846,
          "rate": 1.106769878380431,
          "cv": 1.0,
          "lambda": 0.1
        },
        "MS3_2": {
          "meanserv": 3.3351841374380298,
          "stddevserv": 3.3351841374380298,
          "rate": 0.2998335200671003,
          "cv": 1.0,
          "lambda": 0.1
        },
        "MS3_3": {
          "meanserv": 1.0880048010427146,
          "stddevserv": 1.0880048010427146,
          "rate": 0.9191135912650632,
          "cv": 1.0,
          "lambda": 0.1
        },
        "MS3_4": {
          "meanserv": 2.8098241166647355,
          "stddevserv": 2.8098241166647355,
          "rate": 0.35589416222500114,
          "cv": 1.0,
          "lambda": 0.1
        },
        "MS3_5": {
          "meanserv": 1.8634567534986353,
          "stddevserv": 1.8634567534986353,
          "rate": 0.536637084881365,
          "cv": 1.0,
          "lambda": 0.1
        }
      },
      "sensors": [
        "S3"
      ],
      "sources": [
        {
          "startTime": 0,
          "stopTime": -1,
          "lambda": 0.1
        }
      ]
    },
    "SC4": {
      "resptime": 21.538300928615577,
      "resptime_old": 11.538300928615577,
      "waittime": 7.771331920465868,
      "servicetime": 10.0,
      "networktime": 3.7669690081497076,
      "services": {
        "MS4_1": {
          "meanserv": 1.834038471671433,
          "stddevserv": 1.834038471671433,
          "rate": 0.5452448328898247,
          "cv": 1.0,
          "lambda": 0.1
        },
        "MS4_2": {
          "meanserv": 4.71040581584928,
          "stddevserv": 4.71040581584928,
          "rate": 0.21229593353406245,
          "cv": 1.0,
          "lambda": 0.1
        },
        "MS4_3": {
          "meanserv": 1.5342672313264867,
          "stddevserv": 1.5342672313264867,
          "rate": 0.6517769392333476,
          "cv": 1.0,
          "lambda": 0.1
        },
        "MS4_4": {
          "meanserv": 1.6583929943726226,
          "stddevserv": 1.6583929943726226,
          "rate": 0.6029933817818041,
          "cv": 1.0,
          "lambda": 0.1
        },
        "MS4_5": {
          "meanserv": 0.2628954867801774,
          "stddevserv": 0.2628954867801774,
          "rate": 3.8037929530382533,
          "cv": 1.0,
          "lambda": 0.1
        }
      },
      "sensors": [
        "S4"
      ],
      "sources": [
        {
          "startTime": 0,
          "stopTime": -1,
          "lambda": 0.1
        }
      ]
    }
  },
  "microservice": {
    "MS1_1": "F1",
    "MS1_2": "F3",
    "MS1_3": "F5",
    "MS1_4": "F5",
    "MS1_5": "F5",
    "MS2_1": "F10",
    "MS2_2": "F10",
    "MS2_3": "F10",
    "MS2_4": "F9",
    "MS2_5": "F2",
    "MS3_1": "F4",
    "MS3_2": "F4",
    "MS3_3": "F6",
    "MS3_4": "F6",
    "MS3_5": "F1",
    "MS4_1": "F2",
    "MS4_2": "F7",
    "MS4_3": "F8",
    "MS4_4": "F8",
    "MS4_5": "F8"
  },
  "sensor": {
    "S1": "F1",
    "S2": "F10",
    "S3": "F4",
    "S4": "F2"
  },
  "fog": {
    "F1": {
      "rho": 0.3743240174699157,
      "capacity": 1.0,
      "tserv": 1.8716200873495785,
      "stddev": 1.8716556925379106,
      "mu": 0.5342964668733123,
      "cv": 1.0000190237263282,
      "lambda": 0.2,
      "twait": 1.119757986306137
    },
    "F2": {
      "rho": 0.3846986899443373,
      "capacity": 1.0,
      "tserv": 1.9234934497216865,
      "stddev": 1.927649199755541,
      "mu": 0.5198873955846804,
      "cv": 1.0021605220618015,
      "lambda": 0.2,
      "twait": 1.2052076547292838
    },
    "F3": {
      "rho": 0.4527431354150176,
      "capacity": 1.0,
      "tserv": 4.527431354150176,
      "stddev": 4.527431354150176,
      "mu": 0.22087579507601515,
      "cv": 1.0,
      "lambda": 0.1,
      "twait": 3.7455235362075676
    },
    "F4": {
      "rho": 0.4238714328793914,
      "capacity": 1.0,
      "tserv": 2.119357164396957,
      "stddev": 2.7291290271859894,
      "mu": 0.4718411869405413,
      "cv": 1.287715479501322,
      "lambda": 0.2,
      "twait": 2.0724228442590547
    },
    "F5": {
      "rho": 0.3592785224649303,
      "capacity": 1.0,
      "tserv": 1.1975950748831008,
      "stddev": 1.6074000903499635,
      "mu": 0.8350067739695837,
      "cv": 1.3421899639215404,
      "lambda": 0.30000000000000004,
      "twait": 0.9406510835173485
    },
    "F6": {
      "rho": 0.38978289177074504,
      "capacity": 1.0,
      "tserv": 1.948914458853725,
      "stddev": 2.2979552749680856,
      "mu": 0.5131061527390796,
      "cv": 1.179094990305348,
      "lambda": 0.2,
      "twait": 1.4878091569782546
    },
    "F7": {
      "rho": 0.47104058158492806,
      "capacity": 1.0,
      "tserv": 4.71040581584928,
      "stddev": 4.71040581584928,
      "mu": 0.21229593353406245,
      "cv": 1.0,
      "lambda": 0.1,
      "twait": 4.194636143632473
    },
    "F8": {
      "rho": 0.34555557124792874,
      "capacity": 1.0,
      "tserv": 1.1518519041597624,
      "stddev": 1.4567573772368818,
      "mu": 0.8681671631471294,
      "cv": 1.2647089195893961,
      "lambda": 0.30000000000000004,
      "twait": 0.7904960407013704
    },
    "F9": {
      "rho": 0.5227108401855058,
      "capacity": 1.0,
      "tserv": 5.227108401855058,
      "stddev": 5.227108401855059,
      "mu": 0.1913103618905451,
      "cv": 1.0000000000000002,
      "lambda": 0.1,
      "twait": 5.724551183052873
    },
    "F10": {
      "rho": 0.27599431703730015,
      "capacity": 1.0,
      "tserv": 0.9199810567910004,
      "stddev": 1.4539747198869775,
      "mu": 1.0869789031179782,
      "cv": 1.5804398461840163,
      "lambda": 0.30000000000000004,
      "twait": 0.6133393080860426
    }
  },
  "extra": {
    "deltatime": 0.7298862,
    "conv": 12,
    "obj_func": 21.597704073628876
  },
  "network": [
    [
      0.0,
      2.224191984261352,
      1.4884122443622922,
      2.0236794438545562,
      2.1556696913022373,
      1.2099572747090608,
      1.9311248677329265,
      2.928681637625978,
      2.69987244790668,
      2.69987244790668
    ],
    [
      2.224191984261352,
      0.0,
      2.143565481101252,
      2.1478083769144294,
      1.4744682113172851,
      1.7681089416683924,
      1.507151772892343,
      2.69987244790668,
      1.7097355941331553,
      1.7097355941331553
    ],
    [
      1.4884122443622922,
      2.143565481101252,
      0.0,
      2.6278149928953987,
      1.9994000929182725,
      1.9184719115095432,
      2.928681637625978,
      1.7097355941331553,
      2.137078734376292,
      2.137078734376292
    ],
    [
      2.0236794438545562,
      2.1478083769144294,
      2.6278149928953987,
      0.0,
      2.5668906421315327,
      1.9311248677329265,
      2.69987244790668,
      2.137078734376292,
      1.802575043315944,
      1.802575043315944
    ],
    [
      2.1556696913022373,
      1.4744682113172851,
      1.9994000929182725,
      2.5668906421315327,
      0.0,
      1.507151772892343,
      1.7097355941331553,
      1.802575043315944,
      1.5852567292923645,
      1.5852567292923645
    ],
    [
      1.2099572747090608,
      1.7681089416683924,
      1.9184719115095432,
      1.9311248677329265,
      1.507151772892343,
      0.0,
      2.137078734376292,
      1.5852567292923645,
      2.2598172352573647,
      2.2598172352573647
    ],
    [
      1.9311248677329265,
      1.507151772892343,
      2.928681637625978,
      2.69987244790668,
      1.7097355941331553,
      2.137078734376292,
      0.0,
      2.2598172352573647,
      2.2972675589601947,
      2.2972675589601947
    ],
    [
      2.928681637625978,
      2.69987244790668,
      1.7097355941331553,
      2.137078734376292,
      1.802575043315944,
      1.5852567292923645,
      2.2598172352573647,
      0.0,
      2.053136033323775,
      2.053136033323775
    ],
    [
      2.69987244790668,
      1.7097355941331553,
      2.137078734376292,
      1.802575043315944,
      1.5852567292923645,
      2.2598172352573647,
      2.2972675589601947,
      2.053136033323775,
      0.0,
      1.8166517681574064
    ],
    [
      2.69987244790668,
      1.7097355941331553,
      2.137078734376292,
      1.802575043315944,
      1.5852567292923645,
      2.2598172352573647,
      2.2972675589601947,
      2.053136033323775,
      1.8166517681574064,
      0.0
    ]
  ]
}