{
  "servicechain": {
    "SC1": {
      "resptime": 40.190233426618754,
      "resptime_old": 30.190233426618757,
      "waittime": 26.467021614646306,
      "servicetime": 10.0,
      "networktime": 3.72321181197245,
      "services": {
        "MS1_1": {
          "meanserv": 0.14272689005710104,
          "stddevserv": 0.14272689005710104,
          "rate": 7.00638821177935,
          "cv": 1.0,
          "lambda": 0.15
        },
        "MS1_2": {
          "meanserv": 1.1403614409194862,
          "stddevserv": 1.1403614409194862,
          "rate": 0.8769149535551543,
          "cv": 1.0,
          "lambda": 0.15
        },
        "MS1_3": {
          "meanserv": 0.0972532089420064,
          "stddevserv": 0.0972532089420064,
          "rate": 10.282437061756138,
          "cv": 1.0,
          "lambda": 0.15
        },
        "MS1_4": {
          "meanserv": 5.056474903043521,
          "stddevserv": 5.056474903043521,
          "rate": 0.197766234219435,
          "cv": 1.0,
          "lambda": 0.15
        },
        "MS1_5": {
          "meanserv": 0.3177950271713268,
          "stddevserv": 0.3177950271713268,
          "rate": 3.1466823408186593,
          "cv": 1.0,
          "lambda": 0.15
        },
        "MS1_6": {
          "meanserv": 0.8779208533208465,
          "stddevserv": 0.8779208533208465,
          "rate": 1.1390548432895446,
          "cv": 1.0,
          "lambda": 0.15
        },
        "MS1_7": {
          "meanserv": 0.09917726460678455,
          "stddevserv": 0.09917726460678455,
          "rate": 10.082956048089994,
          "cv": 1.0,
          "lambda": 0.15
        },
        "MS1_8": {
          "meanserv": 1.8135316341272931,
          "stddevserv": 1.8135316341272931,
          "rate": 0.5514102876298707,
          "cv": 1.0,
          "lambda": 0.15
        },
        "MS1_9": {
          "meanserv": 0.45475877781163376,
          "stddevserv": 0.45475877781163376,
          "rate": 2.198967999720967,
          "cv": 1.0,
          "lambda": 0.15
        }
      },
      "sensors": [
        "S1"
      ],
      "sources": [
        {
          "startTime": 0,
          "stopTime": -1,
          "lambda": 0.15
        }
      ]
    },
    "SC2": {
      "resptime": 32.26097874959996,
      "resptime_old": 22.260978749599957,
      "waittime": 16.345964950363854,
      "servicetime": 10.0,
      "networktime": 5.915013799236101,
      "services": {
        "MS2_1": {
          "meanserv": 0.06161128228862278,
          "stddevserv": 0.06161128228862278,
          "rate": 16.23079349842815,
          "cv": 1.0,
          "lambda": 0.15
        },
        "MS2_2": {
          "meanserv": 0.041764115268120294,
          "stddevserv": 0.041764115268120294,
          "rate": 23.944000575137952,
          "cv": 1.0,
          "lambda": 0.15
        },
        "MS2_3": {
          "meanserv": 3.8004725651935614,
          "stddevserv": 3.8004725651935614,
          "rate": 0.2631251726846946,
          "cv": 1.0,
          "lambda": 0.15
        },
        "MS2_4": {
          "meanserv": 1.4883554570769233,
          "stddevserv": 1.4883554570769233,
          "rate": 0.6718825098165488,
          "cv": 1.0,
          "lambda": 0.15
        },
        "MS2_5": {
          "meanserv": 1.9520261575053999,
          "stddevserv": 1.9520261575053999,
          "rate": 0.5122882171199766,
          "cv": 1.0,
          "lambda": 0.15
        },
        "MS2_6": {
          "meanserv": 1.0675630619057346,
          "stddevserv": 1.0675630619057346,
          "rate": 0.9367128141497084,
          "cv": 1.0,
          "lambda": 0.15
        },
        "MS2_7": {
          "meanserv": 0.5544196522324292,
          "stddevserv": 0.5544196522324292,
          "rate": 1.8036878670757694,
          "cv": 1.0,
          "lambda": 0.15
        },
        "MS2_8": {
          "meanserv": 0.8419797257142108,
          "stddevserv": 0.8419797257142108,
          "rate": 1.1876770538052426,
          "cv": 1.0,
          "lambda": 0.15
        },
        "MS2_9": {
          "meanserv": 0.1918079828149981,
          "stddevserv": 0.1918079828149981,
          "rate": 5.213547347320346,
          "cv": 1.0,
          "lambda": 0.15
        }
      },
      "sensors": [
        "S2"
      ],
      "sources": [
        {
          "startTime": 0,
          "stopTime": -1,
          "lambda": 0.15
        }
      ]
    },
    "SC3": {
      "resptime": 31.753482808151784,
      "resptime_old": 21.753482808151787,
      "waittime": 18.361394614076044,
      "servicetime": 10.0,
      "networktime": 3.3920881940757397,
      "services": {
        "MS3_1": {
          "meanserv": 0.6555712937155045,
          "stddevserv": 0.6555712937155045,
          "rate": 1.5253871082920933,
          "cv": 1.0,
          "lambda": 0.15
        },
        "MS3_2": {
          "meanserv": 0.22822285232483974,
          "stddevserv": 0.22822285232483974,
          "rate": 4.3816821576511344,
          "cv": 1.0,
          "lambda": 0.15
        },
        "MS3_3": {
          "meanserv": 0.17442973551666907,
          "stddevserv": 0.17442973551666907,
          "rate": 5.732967472764623,
          "cv": 1.0,
          "lambda": 0.15
        },
        "MS3_4": {
          "meanserv": 3.1176939668450014,
          "stddevserv": 3.1176939668450014,
          "rate": 0.320749890988167,
          "cv": 1.0,
          "lambda": 0.15
        },
        "MS3_5": {
          "meanserv": 1.424999866750274,
          "stddevserv": 1.424999866750274,
          "rate": 0.7017544515849744,
          "cv": 1.0,
          "lambda": 0.15
        },
        "MS3_6": {
          "meanserv": 0.8600893245074124,
          "stddevserv": 0.8600893245074124,
          "rate": 1.1626699361403152,
          "cv": 1.0,
          "lambda": 0.15
        },
        "MS3_7": {
          "meanserv": 1.880281306749377,
          "stddevserv": 1.880281306749377,
          "rate": 0.5318353144343045,
          "cv": 1.0,
          "lambda": 0.15
        },
        "MS3_8": {
          "meanserv": 0.4570865019670851,
          "stddevserv": 0.4570865019670851,
          "rate": 2.1877697015695516,
          "cv": 1.0,
          "lambda": 0.15
        },
        "MS3_9": {
          "meanserv": 1.201625151623837,
          "stddevserv": 1.201625151623837,
          "rate": 0.8322062821742976,
          "cv": 1.0,
          "lambda": 0.15
        }
      },
      "sensors": [
        "S3"
      ],
      "sources": [
        {
          "startTime": 0,
          "stopTime": -1,
          "lambda": 0.15
        }
      ]
    },
    "SC4": {
      "resptime": 28.440359247654467,
      "resptime_old": 18.440359247654467,
      "waittime": 14.23745536743,
      "servicetime": 10.0,
      "networktime": 4.202903880224465,
      "services": {
        "MS4_1": {
          "meanserv": 2.2720140038040713,
          "stddevserv": 2.2720140038040713,
          "rate": 0.4401381322147149,
          "cv": 1.0,
          "lambda": 0.15
        },
        "MS4_2": {
          "meanserv": 0.373289489582739,
          "stddevserv": 0.373289489582739,
          "rate": 2.6788860332440505,
          "cv": 1.0,
          "lambda": 0.15
        },
        "MS4_3": {
          "meanserv": 0.20306171657453298,
          "stddevserv": 0.20306171657453298,
          "rate": 4.924611181610661,
          "cv": 1.0,
          "lambda": 0.15
        },
        "MS4_4": {
          "meanserv": 0.9713927659953483,
          "stddevserv": 0.9713927659953483,
          "rate": 1.0294497087131784,
          "cv": 1.0,
          "lambda": 0.15
        },
        "MS4_5": {
          "meanserv": 0.9953864495408817,
          "stddevserv": 0.9953864495408817,
          "rate": 1.0046349339608212,
          "cv": 1.0,
          "lambda": 0.15
        },
        "MS4_6": {
          "meanserv": 1.42639401072093,
          "stddevserv": 1.42639401072093,
          "rate": 0.7010685634431251,
          "cv": 1.0,
          "lambda": 0.15
        },
        "MS4_7": {
          "meanserv": 1.462001373230307,
          "stddevserv": 1.462001373230307,
          "rate": 0.68399388558062,
          "cv": 1.0,
          "lambda": 0.15
        },
        "MS4_8": {
          "meanserv": 1.1723684789501325,
          "stddevserv": 1.1723684789501325,
          "rate": 0.8529741441833286,
          "cv": 1.0,
          "lambda": 0.15
        },
        "MS4_9": {
          "meanserv": 1.1240917116010571,
          "stddevserv": 1.1240917116010571,
          "rate": 0.8896071287419139,
          "cv": 1.0,
          "lambda": 0.15
        }
      },
      "sensors": [
        "S4"
      ],
      "sources": [
        {
          "startTime": 0,
          "stopTime": -1,
          "lambda": 0.15
        }
      ]
    }
  },
  "microservice": {
    "MS1_1": "F1",
    "MS1_2": "F1",
    "MS1_3": "F1",
    "MS1_4": "F7",
    "MS1_5": "F6",
    "MS1_6": "F6",
    "MS1_7": "F6",
    "MS1_8": "F9",
    "MS1_9": "F4",
    "MS2_1": "F4",
    "MS2_2": "F4",
    "MS2_3": "F5",
    "MS2_4": "F2",
    "MS2_5": "F8",
    "MS2_6": "F8",
    "MS2_7": "F4",
    "MS2_8": "F6",
    "MS2_9": "F6",
    "MS3_1": "F4",
    "MS3_2": "F4",
    "MS3_3": "F4",
    "MS3_4": "F3",
    "MS3_5": "F3",
    "MS3_6": "F4",
    "MS3_7": "F9",
    "MS3_8": "F6",
    "MS3_9": "F6",
    "MS4_1": "F2",
    "MS4_2": "F4",
    "MS4_3": "F4",
    "MS4_4": "F8",
    "MS4_5": "F10",
    "MS4_6": "F10",
    "MS4_7": "F10",
    "MS4_8": "F1",
    "MS4_9": "F1"
  },
  "sensor": {
    "S1": "F1",
    "S2": "F4",
    "S3": "F4",
    "S4": "F2"
  },
  "fog": {
    "F1": {
      "rho": 0.5515202595704675,
      "capacity": 1.0,
      "tserv": 0.7353603460939566,
      "stddev": 1.0230144276085922,
      "mu": 1.3598775148969353,
      "cv": 1.391174317520083,
      "lambda": 0.75,
      "twait": 1.3272450357923409
    },
    "F2": {
      "rho": 0.5640554191321491,
      "capacity": 1.0,
      "tserv": 1.8801847304404973,
      "stddev": 1.960141571292966,
      "mu": 0.5318626323306626,
      "cv": 1.0425260558486378,
      "lambda": 0.3,
      "twait": 2.538367234227214
    },
    "F3": {
      "rho": 0.6814040750392915,
      "capacity": 1.0,
      "tserv": 2.271346916797638,
      "stddev": 2.567415719102359,
      "mu": 0.4402673993147183,
      "cv": 1.130349441608923,
      "lambda": 0.3,
      "twait": 5.532387283008654
    },
    "F4": {
      "rho": 0.5410827359733754,
      "capacity": 1.0,
      "tserv": 0.3607218239822504,
      "stddev": 0.5102437830536504,
      "mu": 2.772219293416541,
      "cv": 1.4145076597271733,
      "lambda": 1.4999999999999998,
      "twait": 0.6381361898699379
    },
    "F5": {
      "rho": 0.5700708847790342,
      "capacity": 1.0,
      "tserv": 3.800472565193562,
      "stddev": 3.800472565193561,
      "mu": 0.26312517268469454,
      "cv": 0.9999999999999998,
      "lambda": 0.15,
      "twait": 5.0392929464775325
    },
    "F6": {
      "rho": 0.5981088760828633,
      "capacity": 1.0,
      "tserv": 0.5696275010312983,
      "stddev": 0.7827537206421765,
      "mu": 1.7555332180934409,
      "cv": 1.3741501581735744,
      "lambda": 1.05,
      "twait": 1.2242592115181195
    },
    "F7": {
      "rho": 0.7584712354565282,
      "capacity": 1.0,
      "tserv": 5.056474903043521,
      "stddev": 5.056474903043521,
      "mu": 0.197766234219435,
      "cv": 1.0,
      "lambda": 0.15,
      "twait": 15.878815817302238
    },
    "F8": {
      "rho": 0.5986472978109724,
      "capacity": 1.0,
      "tserv": 1.3303273284688275,
      "stddev": 1.4694771667166584,
      "mu": 0.7516946984401006,
      "cv": 1.104598195699692,
      "lambda": 0.44999999999999996,
      "twait": 2.2026888885065277
    },
    "F9": {
      "rho": 0.5540719411315005,
      "capacity": 1.0,
      "tserv": 1.8469064704383351,
      "stddev": 1.8475094776332184,
      "mu": 0.5414459345971457,
      "cv": 1.0003264957942024,
      "lambda": 0.3,
      "twait": 2.2955568655427445
    },
    "F10": {
      "rho": 0.5825672750238177,
      "capacity": 1.0,
      "tserv": 1.2945939444973729,
      "stddev": 1.3288796914151775,
      "mu": 0.7724429766186268,
      "cv": 1.0264837844047818,
      "lambda": 0.44999999999999996,
      "twait": 1.8552122644572335
    }
  },
  "extra": {
    "conv_gen": 485,
    "max_gen": 600,
    "population": 600,
    "deltatime": 57.4662988,
    "obj_func": 33.16126355800624
  },
  "network": [
    [
      0.0,
      1.2185050080447137,
      0.9413279296827891,
      0.8915607368801723,
      0.965331441375785,
      1.502494745184646,
      1.165282276038266,
      1.0557718943198078,
      1.5243921974216603,
      1.5243921974216603
    ],
    [
      1.2185050080447137,
      0.0,
      1.1647696079935035,
      1.199399011994659,
      1.4429762533486048,
      1.2333454573242022,
      1.2071962423671645,
      1.5243921974216603,
      1.2362809165156794,
      1.2362809165156794
    ],
    [
      0.9413279296827891,
      1.1647696079935035,
      0.0,
      0.7296359881674724,
      0.865401671157275,
      1.1317710078580754,
      1.0557718943198078,
      1.2362809165156794,
      0.6251133181933894,
      0.6251133181933894
    ],
    [
      0.8915607368801723,
      1.199399011994659,
      0.7296359881674724,
      0.0,
      1.157249754234181,
      1.165282276038266,
      1.5243921974216603,
      0.6251133181933894,
      1.0767525515365144,
      1.0767525515365144
    ],
    [
      0.965331441375785,
      1.4429762533486048,
      0.865401671157275,
      1.157249754234181,
      0.0,
      1.2071962423671645,
      1.2362809165156794,
      1.0767525515365144,
      1.0240946627065812,
      1.0240946627065812
    ],
    [
      1.502494745184646,
      1.2333454573242022,
      1.1317710078580754,
      1.165282276038266,
      1.2071962423671645,
      0.0,
      0.6251133181933894,
      1.0240946627065812,
      0.8560636662042806,
      0.8560636662042806
    ],
    [
      1.165282276038266,
      1.2071962423671645,
      1.0557718943198078,
      1.5243921974216603,
      1.2362809165156794,
      0.6251133181933894,
      0.0,
      0.8560636662042806,
      1.0079362437338053,
      1.0079362437338053
    ],
    [
      1.0557718943198078,
      1.5243921974216603,
      1.2362809165156794,
      0.6251133181933894,
      1.0767525515365144,
      1.0240946627065812,
      0.8560636662042806,
      0.0,
      0.853999352614756,
      0.853999352614756
    ],
    [
      1.5243921974216603,
      1.2362809165156794,
      0.6251133181933894,
      1.0767525515365144,
      1.0240946627065812,
      0.8560636662042806,
      1.0079362437338053,
      0.853999352614756,
      0.0,
      1.168031665513747
    ],
    [
      1.5243921974216603,
      1.2362809165156794,
      0.6251133181933894,
      1.0767525515365144,
      1.0240946627065812,
      0.8560636662042806,
      1.0079362437338053,
      0.853999352614756,
      1.168031665513747,
      0.0
    ]
  ]
}