{
  "servicechain": {
    "SC1": {
      "resptime": 36.08710436693123,
      "resptime_old": 26.087104366931225,
      "waittime": 20.39782348983878,
      "servicetime": 10.0,
      "networktime": 5.689280877092447,
      "services": {
        "MS1_1": {
          "meanserv": 5.138852465798269,
          "stddevserv": 5.138852465798269,
          "rate": 0.19459597383959146,
          "cv": 1.0,
          "lambda": 0.15
        },
        "MS1_2": {
          "meanserv": 2.9528630102195805,
          "stddevserv": 2.9528630102195805,
          "rate": 0.3386543827258814,
          "cv": 1.0,
          "lambda": 0.15
        },
        "MS1_3": {
          "meanserv": 1.9082845239821502,
          "stddevserv": 1.9082845239821502,
          "rate": 0.5240308703616327,
          "cv": 1.0,
          "lambda": 0.15
        }
      },
      "sensors": [
        "S1"
      ],
      "sources": [
        {
          "startTime": 0,
          "stopTime": -1,
          "lambda": 0.15
        }
      ]
    },
    "SC2": {
      "resptime": 19942.92372455814,
      "resptime_old": 19932.92372455814,
      "waittime": 19930.27341807209,
      "servicetime": 10.0,
      "networktime": 2.650306486049252,
      "services": {
        "MS2_1": {
          "meanserv": 1.2184985179718089,
          "stddevserv": 1.2184985179718089,
          "rate": 0.8206821635405025,
          "cv": 1.0,
          "lambda": 0.15
        },
        "MS2_2": {
          "meanserv": 1.4326392664723464,
          "stddevserv": 1.4326392664723464,
          "rate": 0.6980124190385665,
          "cv": 1.0,
          "lambda": 0.15
        },
        "MS2_3": {
          "meanserv": 7.348862215555845,
          "stddevserv": 7.348862215555845,
          "rate": 0.13607548633626998,
          "cv": 1.0,
          "lambda": 0.15
        }
      },
      "sensors": [
        "S2"
      ],
      "sources": [
        {
          "startTime": 0,
          "stopTime": -1,
          "lambda": 0.15
        }
      ]
    },
    "SC3": {
      "resptime": 27.281211485719865,
      "resptime_old": 17.281211485719865,
      "waittime": 12.249830497972845,
      "servicetime": 10.0,
      "networktime": 5.031380987747021,
      "services": {
        "MS3_1": {
          "meanserv": 2.800792797389444,
          "stddevserv": 2.800792797389444,
          "rate": 0.3570417636506626,
          "cv": 1.0,
          "lambda": 0.15
        },
        "MS3_2": {
          "meanserv": 2.8634931148678544,
          "stddevserv": 2.8634931148678544,
          "rate": 0.3492238185619484,
          "cv": 1.0,
          "lambda": 0.15
        },
        "MS3_3": {
          "meanserv": 4.335714087742701,
          "stddevserv": 4.335714087742701,
          "rate": 0.23064251464990604,
          "cv": 1.0,
          "lambda": 0.15
        }
      },
      "sensors": [
        "S3"
      ],
      "sources": [
        {
          "startTime": 0,
          "stopTime": -1,
          "lambda": 0.15
        }
      ]
    },
    "SC4": {
      "resptime": 19941.3854059931,
      "resptime_old": 19931.3854059931,
      "waittime": 19928.735099507052,
      "servicetime": 10.0,
      "networktime": 2.650306486049252,
      "services": {
        "MS4_1": {
          "meanserv": 0.310439538916889,
          "stddevserv": 0.310439538916889,
          "rate": 3.2212391613805362,
          "cv": 1.0,
          "lambda": 0.15
        },
        "MS4_2": {
          "meanserv": 0.7295456988411786,
          "stddevserv": 0.7295456988411786,
          "rate": 1.3707160519051995,
          "cv": 1.0,
          "lambda": 0.15
        },
        "MS4_3": {
          "meanserv": 8.960014762241933,
          "stddevserv": 8.960014762241933,
          "rate": 0.11160695897668194,
          "cv": 1.0,
          "lambda": 0.15
        }
      },
      "sensors": [
        "S4"
      ],
      "sources": [
        {
          "startTime": 0,
          "stopTime": -1,
          "lambda": 0.15
        }
      ]
    }
  },
  "microservice": {
    "MS1_1": "F2",
    "MS1_2": "F8",
    "MS1_3": "F5",
    "MS2_1": "F9",
    "MS2_2": "F9",
    "MS2_3": "F1",
    "MS3_1": "F4",
    "MS3_2": "F7",
    "MS3_3": "F3",
    "MS4_1": "F10",
    "MS4_2": "F10",
    "MS4_3": "F1"
  },
  "sensor": {
    "S1": "F2",
    "S2": "F9",
    "S3": "F4",
    "S4": "F10"
  },
  "fog": {
    "F1": {
      "rho": 2.446331546669667,
      "capacity": 1.0,
      "tserv": 8.15443848889889,
      "stddev": 8.2336367015786,
      "mu": 0.12263260080523729,
      "cv": 1.009712282800039,
      "lambda": 0.3,
      "twait": 19928.5116606499
    },
    "F2": {
      "rho": 0.7708278698697403,
      "capacity": 1.0,
      "tserv": 5.138852465798269,
      "stddev": 5.138852465798269,
      "mu": 0.19459597383959146,
      "cv": 1.0,
      "lambda": 0.15,
      "twait": 17.284696431170065
    },
    "F3": {
      "rho": 0.6503571131614052,
      "capacity": 1.0,
      "tserv": 4.335714087742701,
      "stddev": 4.335714087742701,
      "mu": 0.23064251464990604,
      "cv": 1.0,
      "lambda": 0.15,
      "twait": 8.064692873043523
    },
    "F4": {
      "rho": 0.4201189196084166,
      "capacity": 1.0,
      "tserv": 2.800792797389444,
      "stddev": 2.8007927973894438,
      "mu": 0.3570417636506626,
      "cv": 0.9999999999999999,
      "lambda": 0.15,
      "twait": 2.0291506032438686
    },
    "F5": {
      "rho": 0.2862426785973225,
      "capacity": 1.0,
      "tserv": 1.90828452398215,
      "stddev": 1.9082845239821504,
      "mu": 0.5240308703616327,
      "cv": 1.0000000000000002,
      "lambda": 0.15,
      "twait": 0.7652915876183378
    },
    "F6": {
      "rho": 0,
      "capacity": 1.0,
      "tserv": 0,
      "stddev": 0,
      "mu": 0,
      "cv": 0,
      "lambda": 0.0,
      "twait": 0
    },
    "F7": {
      "rho": 0.4295239672301781,
      "capacity": 1.0,
      "tserv": 2.8634931148678544,
      "stddev": 2.8634931148678544,
      "mu": 0.3492238185619484,
      "cv": 1.0,
      "lambda": 0.15,
      "twait": 2.155987021685452
    },
    "F8": {
      "rho": 0.44292945153293706,
      "capacity": 1.0,
      "tserv": 2.9528630102195805,
      "stddev": 2.9528630102195805,
      "mu": 0.3386543827258814,
      "cv": 1.0,
      "lambda": 0.15,
      "twait": 2.3478354710503733
    },
    "F9": {
      "rho": 0.3976706676666233,
      "capacity": 1.0,
      "tserv": 1.3255688922220776,
      "stddev": 1.334189273720581,
      "mu": 0.75439308048613,
      "cv": 1.0065031561536215,
      "lambda": 0.3,
      "twait": 0.8808787110952504
    },
    "F10": {
      "rho": 0.15599778566371014,
      "capacity": 1.0,
      "tserv": 0.5199926188790338,
      "stddev": 0.5985125815986813,
      "mu": 1.923104220509389,
      "cv": 1.151002071700394,
      "lambda": 0.3,
      "twait": 0.11171942857666367
    }
  },
  "extra": {
    "deltatime": 0.0056948,
    "obj_func": 9986.919361600972
  },
  "network": [
    [
      0.0,
      3.1327361495823896,
      4.549935806021292,
      3.6141610721196047,
      4.542632396603326,
      3.7619634047100967,
      3.0221464909189173,
      2.381074501697768,
      2.650306486049252,
      2.650306486049252
    ],
    [
      3.1327361495823896,
      0.0,
      4.133510088217229,
      3.7340897321701294,
      4.478380613534806,
      2.899491944898566,
      3.7171265089283505,
      2.650306486049252,
      3.2635947836164716,
      3.2635947836164716
    ],
    [
      4.549935806021292,
      4.133510088217229,
      0.0,
      3.345524936944089,
      3.4980790776332773,
      3.0519391706228047,
      2.381074501697768,
      3.2635947836164716,
      2.7212093011810836,
      2.7212093011810836
    ],
    [
      3.6141610721196047,
      3.7340897321701294,
      3.345524936944089,
      0.0,
      3.283792070719074,
      3.0221464909189173,
      2.650306486049252,
      2.7212093011810836,
      3.0389743910431943,
      3.0389743910431943
    ],
    [
      4.542632396603326,
      4.478380613534806,
      3.4980790776332773,
      3.283792070719074,
      0.0,
      3.7171265089283505,
      3.2635947836164716,
      3.0389743910431943,
      3.102630765955111,
      3.102630765955111
    ],
    [
      3.7619634047100967,
      2.899491944898566,
      3.0519391706228047,
      3.0221464909189173,
      3.7171265089283505,
      0.0,
      2.7212093011810836,
      3.102630765955111,
      3.1765033145153945,
      3.1765033145153945
    ],
    [
      3.0221464909189173,
      3.7171265089283505,
      2.381074501697768,
      2.650306486049252,
      3.2635947836164716,
      2.7212093011810836,
      0.0,
      3.1765033145153945,
      2.838918225738717,
      2.838918225738717
    ],
    [
      2.381074501697768,
      2.650306486049252,
      3.2635947836164716,
      2.7212093011810836,
      3.0389743910431943,
      3.102630765955111,
      3.1765033145153945,
      0.0,
      3.3424465662306075,
      3.3424465662306075
    ],
    [
      2.650306486049252,
      3.2635947836164716,
      2.7212093011810836,
      3.0389743910431943,
      3.102630765955111,
      3.1765033145153945,
      2.838918225738717,
      3.3424465662306075,
      0.0,
      3.2186147880426708
    ],
    [
      2.650306486049252,
      3.2635947836164716,
      2.7212093011810836,
      3.0389743910431943,
      3.102630765955111,
      3.1765033145153945,
      2.838918225738717,
      3.3424465662306075,
      3.2186147880426708,
      0.0
    ]
  ]
}