{
  "servicechain": {
    "SC1": {
      "resptime": 40.78658673987204,
      "resptime_old": 30.786586739872043,
      "waittime": 26.0385644219994,
      "servicetime": 10.0,
      "networktime": 4.7480223178726435,
      "services": {
        "MS1_1": {
          "meanserv": 0.7477132527518149,
          "stddevserv": 0.7477132527518149,
          "rate": 1.3374110948544675,
          "cv": 1.0,
          "lambda": 0.15
        },
        "MS1_2": {
          "meanserv": 0.30247450667363784,
          "stddevserv": 0.30247450667363784,
          "rate": 3.306063744006612,
          "cv": 1.0,
          "lambda": 0.15
        },
        "MS1_3": {
          "meanserv": 0.9354422479193147,
          "stddevserv": 0.9354422479193147,
          "rate": 1.0690130814855539,
          "cv": 1.0,
          "lambda": 0.15
        },
        "MS1_4": {
          "meanserv": 0.6962592386025803,
          "stddevserv": 0.6962592386025803,
          "rate": 1.4362466514728613,
          "cv": 1.0,
          "lambda": 0.15
        },
        "MS1_5": {
          "meanserv": 1.8605234033378446,
          "stddevserv": 1.8605234033378446,
          "rate": 0.5374831610319788,
          "cv": 1.0,
          "lambda": 0.15
        },
        "MS1_6": {
          "meanserv": 0.4987248894213572,
          "stddevserv": 0.4987248894213572,
          "rate": 2.0051134828266632,
          "cv": 1.0,
          "lambda": 0.15
        },
        "MS1_7": {
          "meanserv": 2.748179859632872,
          "stddevserv": 2.748179859632872,
          "rate": 0.36387720275833385,
          "cv": 1.0,
          "lambda": 0.15
        },
        "MS1_8": {
          "meanserv": 0.1863935282362883,
          "stddevserv": 0.1863935282362883,
          "rate": 5.364993138239837,
          "cv": 1.0,
          "lambda": 0.15
        },
        "MS1_9": {
          "meanserv": 0.8198695634134605,
          "stddevserv": 0.8198695634134605,
          "rate": 1.219706212579207,
          "cv": 1.0,
          "lambda": 0.15
        },
        "MS1_10": {
          "meanserv": 0.8156242074853957,
          "stddevserv": 0.8156242074853957,
          "rate": 1.22605483116182,
          "cv": 1.0,
          "lambda": 0.15
        },
        "MS1_11": {
          "meanserv": 0.2663940471188564,
          "stddevserv": 0.2663940471188564,
          "rate": 3.753837635695487,
          "cv": 1.0,
          "lambda": 0.15
        },
        "MS1_12": {
          "meanserv": 0.12240125540657765,
          "stddevserv": 0.12240125540657765,
          "rate": 8.16985084571495,
          "cv": 1.0,
          "lambda": 0.15
        }
      },
      "sensors": [
        "S1"
      ],
      "sources": [
        {
          "startTime": 0,
          "stopTime": -1,
          "lambda": 0.15
        }
      ]
    },
    "SC2": {
      "resptime": 40.67593594735948,
      "resptime_old": 30.67593594735947,
      "waittime": 24.615478193257783,
      "servicetime": 10.0,
      "networktime": 6.060457754101691,
      "services": {
        "MS2_1": {
          "meanserv": 0.6243594310296074,
          "stddevserv": 0.6243594310296074,
          "rate": 1.6016415389945147,
          "cv": 1.0,
          "lambda": 0.15
        },
        "MS2_2": {
          "meanserv": 0.6428625888302852,
          "stddevserv": 0.6428625888302852,
          "rate": 1.5555423777568715,
          "cv": 1.0,
          "lambda": 0.15
        },
        "MS2_3": {
          "meanserv": 0.05999867845774998,
          "stddevserv": 0.05999867845774998,
          "rate": 16.667033769821824,
          "cv": 1.0,
          "lambda": 0.15
        },
        "MS2_4": {
          "meanserv": 0.5072084534617582,
          "stddevserv": 0.5072084534617582,
          "rate": 1.9715759727088156,
          "cv": 1.0,
          "lambda": 0.15
        },
        "MS2_5": {
          "meanserv": 2.2756555794632183,
          "stddevserv": 2.2756555794632183,
          "rate": 0.4394338093271039,
          "cv": 1.0,
          "lambda": 0.15
        },
        "MS2_6": {
          "meanserv": 1.1124248187990577,
          "stddevserv": 1.1124248187990577,
          "rate": 0.8989371534155195,
          "cv": 1.0,
          "lambda": 0.15
        },
        "MS2_7": {
          "meanserv": 2.023244043668254,
          "stddevserv": 2.023244043668254,
          "rate": 0.494255748894703,
          "cv": 1.0,
          "lambda": 0.15
        },
        "MS2_8": {
          "meanserv": 0.5578051886598985,
          "stddevserv": 0.5578051886598985,
          "rate": 1.792740584580173,
          "cv": 1.0,
          "lambda": 0.15
        },
        "MS2_9": {
          "meanserv": 1.2037142788022779,
          "stddevserv": 1.2037142788022779,
          "rate": 0.8307619321381,
          "cv": 1.0,
          "lambda": 0.15
        },
        "MS2_10": {
          "meanserv": 0.0009079854781877117,
          "stddevserv": 0.0009079854781877117,
          "rate": 1101.3391998250281,
          "cv": 1.0,
          "lambda": 0.15
        },
        "MS2_11": {
          "meanserv": 0.25568946593442377,
          "stddevserv": 0.25568946593442377,
          "rate": 3.9109941285436776,
          "cv": 1.0,
          "lambda": 0.15
        },
        "MS2_12": {
          "meanserv": 0.7361294874152815,
          "stddevserv": 0.7361294874152815,
          "rate": 1.3584566534771323,
          "cv": 1.0,
          "lambda": 0.15
        }
      },
      "sensors": [
        "S2"
      ],
      "sources": [
        {
          "startTime": 0,
          "stopTime": -1,
          "lambda": 0.15
        }
      ]
    },
    "SC3": {
      "resptime": 38.45633632509339,
      "resptime_old": 28.456336325093385,
      "waittime": 24.640637929724925,
      "servicetime": 10.0,
      "networktime": 3.8156983953684636,
      "services": {
        "MS3_1": {
          "meanserv": 0.48216892016672563,
          "stddevserv": 0.48216892016672563,
          "rate": 2.073961962654535,
          "cv": 1.0,
          "lambda": 0.15
        },
        "MS3_2": {
          "meanserv": 1.4176426898439975,
          "stddevserv": 1.4176426898439975,
          "rate": 0.7053963647991184,
          "cv": 1.0,
          "lambda": 0.15
        },
        "MS3_3": {
          "meanserv": 0.10045436122314766,
          "stddevserv": 0.10045436122314766,
          "rate": 9.954769388046941,
          "cv": 1.0,
          "lambda": 0.15
        },
        "MS3_4": {
          "meanserv": 0.6147146890358046,
          "stddevserv": 0.6147146890358046,
          "rate": 1.626770952177058,
          "cv": 1.0,
          "lambda": 0.15
        },
        "MS3_5": {
          "meanserv": 0.24446508881930384,
          "stddevserv": 0.24446508881930384,
          "rate": 4.090563625381901,
          "cv": 1.0,
          "lambda": 0.15
        },
        "MS3_6": {
          "meanserv": 0.06877892923140116,
          "stddevserv": 0.06877892923140116,
          "rate": 14.539336555176376,
          "cv": 1.0,
          "lambda": 0.15
        },
        "MS3_7": {
          "meanserv": 0.8198698778318887,
          "stddevserv": 0.8198698778318887,
          "rate": 1.219705744824359,
          "cv": 1.0,
          "lambda": 0.15
        },
        "MS3_8": {
          "meanserv": 1.2006081459584577,
          "stddevserv": 1.2006081459584577,
          "rate": 0.8329112236713085,
          "cv": 1.0,
          "lambda": 0.15
        },
        "MS3_9": {
          "meanserv": 0.7702600155281685,
          "stddevserv": 0.7702600155281685,
          "rate": 1.298262898034891,
          "cv": 1.0,
          "lambda": 0.15
        },
        "MS3_10": {
          "meanserv": 2.5739186604690243,
          "stddevserv": 2.5739186604690243,
          "rate": 0.38851266567133014,
          "cv": 1.0,
          "lambda": 0.15
        },
        "MS3_11": {
          "meanserv": 0.5836038672160093,
          "stddevserv": 0.5836038672160093,
          "rate": 1.713491044482524,
          "cv": 1.0,
          "lambda": 0.15
        },
        "MS3_12": {
          "meanserv": 1.123514754676071,
          "stddevserv": 1.123514754676071,
          "rate": 0.8900639674183162,
          "cv": 1.0,
          "lambda": 0.15
        }
      },
      "sensors": [
        "S3"
      ],
      "sources": [
        {
          "startTime": 0,
          "stopTime": -1,
          "lambda": 0.15
        }
      ]
    },
    "SC4": {
      "resptime": 40.501497010054955,
      "resptime_old": 30.50149701005496,
      "waittime": 26.977469575724307,
      "servicetime": 10.0,
      "networktime": 3.5240274343306504,
      "services": {
        "MS4_1": {
          "meanserv": 2.6726585869089914,
          "stddevserv": 2.6726585869089914,
          "rate": 0.37415927529918047,
          "cv": 1.0,
          "lambda": 0.15
        },
        "MS4_2": {
          "meanserv": 0.37010248708737725,
          "stddevserv": 0.37010248708737725,
          "rate": 2.7019542826360707,
          "cv": 1.0,
          "lambda": 0.15
        },
        "MS4_3": {
          "meanserv": 1.7826723840916623,
          "stddevserv": 1.7826723840916623,
          "rate": 0.5609555681256245,
          "cv": 1.0,
          "lambda": 0.15
        },
        "MS4_4": {
          "meanserv": 0.9521129620602844,
          "stddevserv": 0.9521129620602844,
          "rate": 1.0502955424911897,
          "cv": 1.0,
          "lambda": 0.15
        },
        "MS4_5": {
          "meanserv": 0.21765266309911446,
          "stddevserv": 0.21765266309911446,
          "rate": 4.594476289704854,
          "cv": 1.0,
          "lambda": 0.15
        },
        "MS4_6": {
          "meanserv": 0.14506574074929102,
          "stddevserv": 0.14506574074929102,
          "rate": 6.893426351630768,
          "cv": 1.0,
          "lambda": 0.15
        },
        "MS4_7": {
          "meanserv": 0.13458862880900657,
          "stddevserv": 0.13458862880900657,
          "rate": 7.43004820577443,
          "cv": 1.0,
          "lambda": 0.15
        },
        "MS4_8": {
          "meanserv": 0.40975654953651564,
          "stddevserv": 0.40975654953651564,
          "rate": 2.440473498547177,
          "cv": 1.0,
          "lambda": 0.15
        },
        "MS4_9": {
          "meanserv": 0.24545759132180134,
          "stddevserv": 0.24545759132180134,
          "rate": 4.074023519154369,
          "cv": 1.0,
          "lambda": 0.15
        },
        "MS4_10": {
          "meanserv": 0.46469693927196953,
          "stddevserv": 0.46469693927196953,
          "rate": 2.1519401474145234,
          "cv": 1.0,
          "lambda": 0.15
        },
        "MS4_11": {
          "meanserv": 0.7839077343785714,
          "stddevserv": 0.7839077343785714,
          "rate": 1.2756603311137527,
          "cv": 1.0,
          "lambda": 0.15
        },
        "MS4_12": {
          "meanserv": 1.8213277326854147,
          "stddevserv": 1.8213277326854147,
          "rate": 0.5490500045950396,
          "cv": 1.0,
          "lambda": 0.15
        }
      },
      "sensors": [
        "S4"
      ],
      "sources": [
        {
          "startTime": 0,
          "stopTime": -1,
          "lambda": 0.15
        }
      ]
    }
  },
  "microservice": {
    "MS1_1": "F6",
    "MS1_2": "F6",
    "MS1_3": "F6",
    "MS1_4": "F3",
    "MS1_5": "F6",
    "MS1_6": "F6",
    "MS1_7": "F1",
    "MS1_8": "F1",
    "MS1_9": "F5",
    "MS1_10": "F9",
    "MS1_11": "F10",
    "MS1_12": "F10",
    "MS2_1": "F10",
    "MS2_2": "F5",
    "MS2_3": "F4",
    "MS2_4": "F1",
    "MS2_5": "F4",
    "MS2_6": "F8",
    "MS2_7": "F5",
    "MS2_8": "F4",
    "MS2_9": "F10",
    "MS2_10": "F10",
    "MS2_11": "F8",
    "MS2_12": "F8",
    "MS3_1": "F9",
    "MS3_2": "F9",
    "MS3_3": "F9",
    "MS3_4": "F2",
    "MS3_5": "F2",
    "MS3_6": "F10",
    "MS3_7": "F10",
    "MS3_8": "F10",
    "MS3_9": "F4",
    "MS3_10": "F3",
    "MS3_11": "F9",
    "MS3_12": "F9",
    "MS4_1": "F2",
    "MS4_2": "F8",
    "MS4_3": "F8",
    "MS4_4": "F7",
    "MS4_5": "F7",
    "MS4_6": "F7",
    "MS4_7": "F5",
    "MS4_8": "F5",
    "MS4_9": "F5",
    "MS4_10": "F7",
    "MS4_11": "F7",
    "MS4_12": "F7"
  },
  "sensor": {
    "S1": "F6",
    "S2": "F10",
    "S3": "F9",
    "S4": "F2"
  },
  "fog": {
    "F1": {
      "rho": 0.5162672761996377,
      "capacity": 1.0,
      "tserv": 1.147260613776973,
      "stddev": 1.9782458778148748,
      "mu": 0.8716415328752841,
      "cv": 1.7243212693427694,
      "lambda": 0.44999999999999996,
      "twait": 2.4324885781638685
    },
    "F2": {
      "rho": 0.5297757547146149,
      "capacity": 1.0,
      "tserv": 1.1772794549213665,
      "stddev": 1.915160720544755,
      "mu": 0.8494159953439369,
      "cv": 1.6267681496851343,
      "lambda": 0.44999999999999996,
      "twait": 2.418231724571752
    },
    "F3": {
      "rho": 0.49052668486074064,
      "capacity": 1.0,
      "tserv": 1.6350889495358023,
      "stddev": 2.1062569466131165,
      "mu": 0.6115875226750799,
      "cv": 1.288160468096294,
      "lambda": 0.3,
      "twait": 2.093289477616713
    },
    "F4": {
      "rho": 0.5495579193163554,
      "capacity": 1.0,
      "tserv": 0.915929865527259,
      "stddev": 1.4847222367578634,
      "mu": 1.0917866505251967,
      "cv": 1.620999917830146,
      "lambda": 0.6,
      "twait": 2.026893868975878
    },
    "F5": {
      "rho": 0.6413668448368984,
      "capacity": 1.0,
      "tserv": 0.7126298275965538,
      "stddev": 1.1404260919875226,
      "mu": 1.4032530793338294,
      "cv": 1.600306425334136,
      "lambda": 0.9,
      "twait": 2.269131596992764
    },
    "F6": {
      "rho": 0.6517317450155954,
      "capacity": 1.0,
      "tserv": 0.8689756600207938,
      "stddev": 1.1572545511071013,
      "mu": 1.1507802186036729,
      "cv": 1.3317456453031253,
      "lambda": 0.75,
      "twait": 2.255111645756147
    },
    "F7": {
      "rho": 0.6577145658366967,
      "capacity": 1.0,
      "tserv": 0.7307939620407742,
      "stddev": 1.0832736942230563,
      "mu": 1.3683747430088997,
      "cv": 1.482324362940776,
      "lambda": 0.9,
      "twait": 2.244891816901901
    },
    "F8": {
      "rho": 0.6385527964991705,
      "capacity": 1.0,
      "tserv": 0.8514037286655606,
      "stddev": 1.1571393364153684,
      "mu": 1.1745309144550498,
      "cv": 1.3590959229518522,
      "lambda": 0.75,
      "twait": 2.1412460793814274
    },
    "F9": {
      "rho": 0.6784513200917021,
      "capacity": 1.0,
      "tserv": 0.7538348001018911,
      "stddev": 0.9687809780747041,
      "mu": 1.3265505915418554,
      "cv": 1.285136979539496,
      "lambda": 0.9,
      "twait": 2.108736911590472
    },
    "F10": {
      "rho": 0.6460550926285882,
      "capacity": 1.0,
      "tserv": 0.5383792438571569,
      "stddev": 0.8490685604193698,
      "mu": 1.857426732939431,
      "cv": 1.577082642221336,
      "lambda": 1.2,
      "twait": 1.7134355253454878
    }
  },
  "extra": {
    "deltatime": 0.0669316,
    "obj_func": 40.10508900559496
  },
  "network": [
    [
      0.0,
      0.8931452048679306,
      0.7227266115345891,
      0.36844041320117255,
      0.8606198298329493,
      0.9734921013207521,
      0.9291290679585947,
      0.838206400195394,
      0.8690994898474635,
      0.8690994898474635
    ],
    [
      0.8931452048679306,
      0.0,
      0.9603403738708923,
      1.0627114907737223,
      1.0268452083755213,
      1.0503853024049243,
      0.9440360127024778,
      0.8690994898474635,
      0.9287556755667304,
      0.9287556755667304
    ],
    [
      0.7227266115345891,
      0.9603403738708923,
      0.0,
      0.6845055004250186,
      0.8892994195728526,
      0.6259925703156973,
      0.838206400195394,
      0.9287556755667304,
      0.7994071283283878,
      0.7994071283283878
    ],
    [
      0.36844041320117255,
      1.0627114907737223,
      0.6845055004250186,
      0.0,
      0.8700964542338331,
      0.9291290679585947,
      0.8690994898474635,
      0.7994071283283878,
      0.4742744154815965,
      0.4742744154815965
    ],
    [
      0.8606198298329493,
      1.0268452083755213,
      0.8892994195728526,
      0.8700964542338331,
      0.0,
      0.9440360127024778,
      0.9287556755667304,
      0.4742744154815965,
      0.8763422917478635,
      0.8763422917478635
    ],
    [
      0.9734921013207521,
      1.0503853024049243,
      0.6259925703156973,
      0.9291290679585947,
      0.9440360127024778,
      0.0,
      0.7994071283283878,
      0.8763422917478635,
      0.7974165933497261,
      0.7974165933497261
    ],
    [
      0.9291290679585947,
      0.9440360127024778,
      0.838206400195394,
      0.8690994898474635,
      0.9287556755667304,
      0.7994071283283878,
      0.0,
      0.7974165933497261,
      0.9614129484581221,
      0.9614129484581221
    ],
    [
      0.838206400195394,
      0.8690994898474635,
      0.9287556755667304,
      0.7994071283283878,
      0.4742744154815965,
      0.8763422917478635,
      0.7974165933497261,
      0.0,
      0.9590857681922355,
      0.9590857681922355
    ],
    [
      0.8690994898474635,
      0.9287556755667304,
      0.7994071283283878,
      0.4742744154815965,
      0.8763422917478635,
      0.7974165933497261,
      0.9614129484581221,
      0.9590857681922355,
      0.0,
      0.7855829543396838
    ],
    [
      0.8690994898474635,
      0.9287556755667304,
      0.7994071283283878,
      0.4742744154815965,
      0.8763422917478635,
      0.7974165933497261,
      0.9614129484581221,
      0.9590857681922355,
      0.7855829543396838,
      0.0
    ]
  ]
}