{
  "servicechain": {
    "SC1": {
      "resptime": 21.960377603649302,
      "resptime_old": 11.960377603649302,
      "waittime": 8.147023742792534,
      "servicetime": 10.0,
      "networktime": 3.813353860856769,
      "services": {
        "MS1_1": {
          "meanserv": 0.6158159379330641,
          "stddevserv": 0.6158159379330641,
          "rate": 1.623861836633229,
          "cv": 1.0,
          "lambda": 0.1
        },
        "MS1_2": {
          "meanserv": 1.2195894560750264,
          "stddevserv": 1.2195894560750264,
          "rate": 0.8199480530261999,
          "cv": 1.0,
          "lambda": 0.1
        },
        "MS1_3": {
          "meanserv": 5.091405727508912,
          "stddevserv": 5.091405727508912,
          "rate": 0.19640941097995607,
          "cv": 1.0,
          "lambda": 0.1
        },
        "MS1_4": {
          "meanserv": 1.4586308389783573,
          "stddevserv": 1.4586308389783573,
          "rate": 0.6855744258776347,
          "cv": 1.0,
          "lambda": 0.1
        },
        "MS1_5": {
          "meanserv": 1.6145580395046402,
          "stddevserv": 1.6145580395046402,
          "rate": 0.6193645415848961,
          "cv": 1.0,
          "lambda": 0.1
        }
      },
      "sensors": [
        "S1"
      ],
      "sources": [
        {
          "startTime": 0,
          "stopTime": -1,
          "lambda": 0.1
        }
      ]
    },
    "SC2": {
      "resptime": 19.22866953333095,
      "resptime_old": 9.22866953333095,
      "waittime": 5.990031862272559,
      "servicetime": 10.0,
      "networktime": 3.2386376710583913,
      "services": {
        "MS2_1": {
          "meanserv": 3.3994511929947038,
          "stddevserv": 3.3994511929947038,
          "rate": 0.2941651293775636,
          "cv": 1.0,
          "lambda": 0.1
        },
        "MS2_2": {
          "meanserv": 3.1577086100486422,
          "stddevserv": 3.1577086100486422,
          "rate": 0.31668533214804634,
          "cv": 1.0,
          "lambda": 0.1
        },
        "MS2_3": {
          "meanserv": 0.0539581005000338,
          "stddevserv": 0.0539581005000338,
          "rate": 18.5328985033373,
          "cv": 1.0,
          "lambda": 0.1
        },
        "MS2_4": {
          "meanserv": 2.1039465635502266,
          "stddevserv": 2.1039465635502266,
          "rate": 0.4752972424891757,
          "cv": 1.0,
          "lambda": 0.1
        },
        "MS2_5": {
          "meanserv": 1.2849355329063936,
          "stddevserv": 1.2849355329063936,
          "rate": 0.7782491606704203,
          "cv": 1.0,
          "lambda": 0.1
        }
      },
      "sensors": [
        "S2"
      ],
      "sources": [
        {
          "startTime": 0,
          "stopTime": -1,
          "lambda": 0.1
        }
      ]
    },
    "SC3": {
      "resptime": 26.923612674071023,
      "resptime_old": 16.92361267407102,
      "waittime": 12.631312163191303,
      "servicetime": 10.0,
      "networktime": 4.292300510879718,
      "services": {
        "MS3_1": {
          "meanserv": 1.1015049001032629,
          "stddevserv": 1.1015049001032629,
          "rate": 0.9078488891935506,
          "cv": 1.0,
          "lambda": 0.1
        },
        "MS3_2": {
          "meanserv": 5.906037799917996,
          "stddevserv": 5.906037799917996,
          "rate": 0.16931825258786606,
          "cv": 1.0,
          "lambda": 0.1
        },
        "MS3_3": {
          "meanserv": 0.5387248659244586,
          "stddevserv": 0.5387248659244586,
          "rate": 1.8562350900287248,
          "cv": 1.0,
          "lambda": 0.1
        },
        "MS3_4": {
          "meanserv": 2.1089634319269823,
          "stddevserv": 2.1089634319269823,
          "rate": 0.47416659049715687,
          "cv": 1.0,
          "lambda": 0.1
        },
        "MS3_5": {
          "meanserv": 0.34476900212730044,
          "stddevserv": 0.34476900212730044,
          "rate": 2.9004927758289765,
          "cv": 1.0,
          "lambda": 0.1
        }
      },
      "sensors": [
        "S3"
      ],
      "sources": [
        {
          "startTime": 0,
          "stopTime": -1,
          "lambda": 0.1
        }
      ]
    },
    "SC4": {
      "resptime": 22.155781937145274,
      "resptime_old": 12.155781937145276,
      "waittime": 7.901096891699584,
      "servicetime": 10.0,
      "networktime": 4.25468504544569,
      "services": {
        "MS4_1": {
          "meanserv": 1.3197144935851457,
          "stddevserv": 1.3197144935851457,
          "rate": 0.7577396511599968,
          "cv": 1.0,
          "lambda": 0.1
        },
        "MS4_2": {
          "meanserv": 1.8828194955443187,
          "stddevserv": 1.8828194955443187,
          "rate": 0.5311183585927882,
          "cv": 1.0,
          "lambda": 0.1
        },
        "MS4_3": {
          "meanserv": 0.16413880291844674,
          "stddevserv": 0.16413880291844674,
          "rate": 6.092404612557431,
          "cv": 1.0,
          "lambda": 0.1
        },
        "MS4_4": {
          "meanserv": 1.6851701901085239,
          "stddevserv": 1.6851701901085239,
          "rate": 0.5934118736906927,
          "cv": 1.0,
          "lambda": 0.1
        },
        "MS4_5": {
          "meanserv": 4.948157017843565,
          "stddevserv": 4.948157017843565,
          "rate": 0.20209544612143407,
          "cv": 1.0,
          "lambda": 0.1
        }
      },
      "sensors": [
        "S4"
      ],
      "sources": [
        {
          "startTime": 0,
          "stopTime": -1,
          "lambda": 0.1
        }
      ]
    }
  },
  "microservice": {
    "MS1_1": "F9",
    "MS1_2": "F9",
    "MS1_3": "F2",
    "MS1_4": "F10",
    "MS1_5": "F10",
    "MS2_1": "F4",
    "MS2_2": "F5",
    "MS2_3": "F7",
    "MS2_4": "F7",
    "MS2_5": "F7",
    "MS3_1": "F6",
    "MS3_2": "F1",
    "MS3_3": "F6",
    "MS3_4": "F6",
    "MS3_5": "F6",
    "MS4_1": "F8",
    "MS4_2": "F8",
    "MS4_3": "F9",
    "MS4_4": "F9",
    "MS4_5": "F3"
  },
  "sensor": {
    "S1": "F9",
    "S2": "F4",
    "S3": "F6",
    "S4": "F8"
  },
  "fog": {
    "F1": {
      "rho": 0.5906037799917996,
      "capacity": 1.0,
      "tserv": 5.906037799917996,
      "stddev": 5.906037799917996,
      "mu": 0.16931825258786606,
      "cv": 1.0,
      "lambda": 0.1,
      "twait": 8.520176979983233
    },
    "F2": {
      "rho": 0.5091405727508912,
      "capacity": 1.0,
      "tserv": 5.091405727508912,
      "stddev": 5.091405727508912,
      "mu": 0.19640941097995607,
      "cv": 1.0,
      "lambda": 0.1,
      "twait": 5.281025654816456
    },
    "F3": {
      "rho": 0.4948157017843565,
      "capacity": 1.0,
      "tserv": 4.948157017843565,
      "stddev": 4.948157017843565,
      "mu": 0.20209544612143407,
      "cv": 1.0,
      "lambda": 0.1,
      "twait": 4.846599144057947
    },
    "F4": {
      "rho": 0.3399451192994704,
      "capacity": 1.0,
      "tserv": 3.3994511929947038,
      "stddev": 3.3994511929947038,
      "mu": 0.2941651293775636,
      "cv": 1.0,
      "lambda": 0.1,
      "twait": 1.7508041757509942
    },
    "F5": {
      "rho": 0.31577086100486423,
      "capacity": 1.0,
      "tserv": 3.1577086100486422,
      "stddev": 3.1577086100486422,
      "mu": 0.31668533214804634,
      "cv": 1.0,
      "lambda": 0.1,
      "twait": 1.4572784316989185
    },
    "F6": {
      "rho": 0.40939622000820036,
      "capacity": 1.0,
      "tserv": 1.023490550020501,
      "stddev": 1.409798591322069,
      "mu": 0.9770485911960493,
      "cv": 1.3774417275214021,
      "lambda": 0.4,
      "twait": 1.0277837958020175
    },
    "F7": {
      "rho": 0.3442840196956654,
      "capacity": 1.0,
      "tserv": 1.1476133989855513,
      "stddev": 1.654294849235984,
      "mu": 0.8713735835464834,
      "cv": 1.4415088310212487,
      "lambda": 0.30000000000000004,
      "twait": 0.9273164182742154
    },
    "F8": {
      "rho": 0.32025339891294646,
      "capacity": 1.0,
      "tserv": 1.6012669945647322,
      "stddev": 1.6500301844203002,
      "mu": 0.6245054718509496,
      "cv": 1.030452878889709,
      "lambda": 0.2,
      "twait": 0.7777391735281969
    },
    "F9": {
      "rho": 0.3684714387035061,
      "capacity": 1.0,
      "tserv": 0.9211785967587652,
      "stddev": 1.2321176511970684,
      "mu": 1.0855658213494903,
      "cv": 1.3375448100209504,
      "lambda": 0.4,
      "twait": 0.7495097002926218
    },
    "F10": {
      "rho": 0.30731888784829975,
      "capacity": 1.0,
      "tserv": 1.5365944392414987,
      "stddev": 1.540545071278305,
      "mu": 0.6507898079428329,
      "cv": 1.002571031064486,
      "lambda": 0.2,
      "twait": 0.6834893436954175
    }
  },
  "extra": {
    "deltatime": 0.0141031,
    "obj_func": 22.567110437049138
  },
  "network": [
    [
      0.0,
      1.9745478464652,
      1.264436546216128,
      2.027328308465451,
      2.3292418993513233,
      2.146150255439859,
      3.0867514966041,
      2.3720092743295904,
      2.899135205458739,
      2.899135205458739
    ],
    [
      1.9745478464652,
      0.0,
      1.667250822101127,
      2.6427294675062196,
      2.2968797751828847,
      2.1648658239250764,
      1.3058789958282488,
      2.899135205458739,
      1.9066769304283846,
      1.9066769304283846
    ],
    [
      1.264436546216128,
      1.667250822101127,
      0.0,
      1.2901949771153975,
      1.9635331387865473,
      2.3067722286434957,
      2.3720092743295904,
      1.9066769304283846,
      1.9810269126042512,
      1.9810269126042512
    ],
    [
      2.027328308465451,
      2.6427294675062196,
      1.2901949771153975,
      0.0,
      1.3319607406300067,
      3.0867514966041,
      2.899135205458739,
      1.9810269126042512,
      1.849829559102653,
      1.849829559102653
    ],
    [
      2.3292418993513233,
      2.2968797751828847,
      1.9635331387865473,
      1.3319607406300067,
      0.0,
      1.3058789958282488,
      1.9066769304283846,
      1.849829559102653,
      2.317821363316627,
      2.317821363316627
    ],
    [
      2.146150255439859,
      2.1648658239250764,
      2.3067722286434957,
      3.0867514966041,
      1.3058789958282488,
      0.0,
      1.9810269126042512,
      2.317821363316627,
      1.2485491010060836,
      1.2485491010060836
    ],
    [
      3.0867514966041,
      1.3058789958282488,
      2.3720092743295904,
      2.899135205458739,
      1.9066769304283846,
      1.9810269126042512,
      0.0,
      1.2485491010060836,
      1.4802914419481807,
      1.4802914419481807
    ],
    [
      2.3720092743295904,
      2.899135205458739,
      1.9066769304283846,
      1.9810269126042512,
      1.849829559102653,
      2.317821363316627,
      1.2485491010060836,
      0.0,
      2.273658132841439,
      2.273658132841439
    ],
    [
      2.899135205458739,
      1.9066769304283846,
      1.9810269126042512,
      1.849829559102653,
      2.317821363316627,
      1.2485491010060836,
      1.4802914419481807,
      2.273658132841439,
      0.0,
      2.433022072252018
    ],
    [
      2.899135205458739,
      1.9066769304283846,
      1.9810269126042512,
      1.849829559102653,
      2.317821363316627,
      1.2485491010060836,
      1.4802914419481807,
      2.273658132841439,
      2.433022072252018,
      0.0
    ]
  ]
}