{
  "servicechain": {
    "SC1": {
      "resptime": 29.7349553025171,
      "resptime_old": 19.734955302517097,
      "waittime": 16.724016132196727,
      "servicetime": 10.0,
      "networktime": 3.010939170320372,
      "services": {
        "MS1_1": {
          "meanserv": 0.5026171260773871,
          "stddevserv": 0.5026171260773871,
          "rate": 1.9895860051653549,
          "cv": 1.0,
          "lambda": 0.15
        },
        "MS1_2": {
          "meanserv": 0.3851649424913306,
          "stddevserv": 0.3851649424913306,
          "rate": 2.5962902893803954,
          "cv": 1.0,
          "lambda": 0.15
        },
        "MS1_3": {
          "meanserv": 1.4140032114052048,
          "stddevserv": 1.4140032114052048,
          "rate": 0.707211972316684,
          "cv": 1.0,
          "lambda": 0.15
        },
        "MS1_4": {
          "meanserv": 0.14960738981545463,
          "stddevserv": 0.14960738981545463,
          "rate": 6.68416179998549,
          "cv": 1.0,
          "lambda": 0.15
        },
        "MS1_5": {
          "meanserv": 0.2688621334576018,
          "stddevserv": 0.2688621334576018,
          "rate": 3.719378356259659,
          "cv": 1.0,
          "lambda": 0.15
        },
        "MS1_6": {
          "meanserv": 0.63081163801741,
          "stddevserv": 0.63081163801741,
          "rate": 1.5852592750871228,
          "cv": 1.0,
          "lambda": 0.15
        },
        "MS1_7": {
          "meanserv": 0.4081133919123867,
          "stddevserv": 0.4081133919123867,
          "rate": 2.4502994016297284,
          "cv": 1.0,
          "lambda": 0.15
        },
        "MS1_8": {
          "meanserv": 0.2878327699121894,
          "stddevserv": 0.2878327699121894,
          "rate": 3.474239574267638,
          "cv": 1.0,
          "lambda": 0.15
        },
        "MS1_9": {
          "meanserv": 0.7287508881868723,
          "stddevserv": 0.7287508881868723,
          "rate": 1.3722110205422786,
          "cv": 1.0,
          "lambda": 0.15
        },
        "MS1_10": {
          "meanserv": 1.1286229264531764,
          "stddevserv": 1.1286229264531764,
          "rate": 0.8860355186498042,
          "cv": 1.0,
          "lambda": 0.15
        },
        "MS1_11": {
          "meanserv": 0.9470954508909566,
          "stddevserv": 0.9470954508909566,
          "rate": 1.0558597858951542,
          "cv": 1.0,
          "lambda": 0.15
        },
        "MS1_12": {
          "meanserv": 0.11812233933270821,
          "stddevserv": 0.11812233933270821,
          "rate": 8.465799150686976,
          "cv": 1.0,
          "lambda": 0.15
        },
        "MS1_13": {
          "meanserv": 0.1546906466361646,
          "stddevserv": 0.1546906466361646,
          "rate": 6.464514964191851,
          "cv": 1.0,
          "lambda": 0.15
        },
        "MS1_14": {
          "meanserv": 2.0449837091514116,
          "stddevserv": 2.0449837091514116,
          "rate": 0.4890014504883078,
          "cv": 1.0,
          "lambda": 0.15
        },
        "MS1_15": {
          "meanserv": 0.8307214362597453,
          "stddevserv": 0.8307214362597453,
          "rate": 1.2037729572772522,
          "cv": 1.0,
          "lambda": 0.15
        }
      },
      "sensors": [
        "S1"
      ],
      "sources": [
        {
          "startTime": 0,
          "stopTime": -1,
          "lambda": 0.15
        }
      ]
    },
    "SC2": {
      "resptime": 33.78775972251619,
      "resptime_old": 23.78775972251619,
      "waittime": 18.2681447321761,
      "servicetime": 10.0,
      "networktime": 5.519614990340089,
      "services": {
        "MS2_1": {
          "meanserv": 0.4086449808782633,
          "stddevserv": 0.4086449808782633,
          "rate": 2.447111910810189,
          "cv": 1.0,
          "lambda": 0.15
        },
        "MS2_2": {
          "meanserv": 0.1623918095071064,
          "stddevserv": 0.1623918095071064,
          "rate": 6.157946038259023,
          "cv": 1.0,
          "lambda": 0.15
        },
        "MS2_3": {
          "meanserv": 0.15081701043707985,
          "stddevserv": 0.15081701043707985,
          "rate": 6.63055179983955,
          "cv": 1.0,
          "lambda": 0.15
        },
        "MS2_4": {
          "meanserv": 0.7796890916117982,
          "stddevserv": 0.7796890916117982,
          "rate": 1.2825625121069324,
          "cv": 1.0,
          "lambda": 0.15
        },
        "MS2_5": {
          "meanserv": 0.41806404940464503,
          "stddevserv": 0.41806404940464503,
          "rate": 2.39197797902995,
          "cv": 1.0,
          "lambda": 0.15
        },
        "MS2_6": {
          "meanserv": 0.12103739185577278,
          "stddevserv": 0.12103739185577278,
          "rate": 8.261909684831876,
          "cv": 1.0,
          "lambda": 0.15
        },
        "MS2_7": {
          "meanserv": 0.014097923910873167,
          "stddevserv": 0.014097923910873167,
          "rate": 70.93242993237747,
          "cv": 1.0,
          "lambda": 0.15
        },
        "MS2_8": {
          "meanserv": 2.5346316763861916,
          "stddevserv": 2.5346316763861916,
          "rate": 0.3945346415877563,
          "cv": 1.0,
          "lambda": 0.15
        },
        "MS2_9": {
          "meanserv": 0.5371538019451565,
          "stddevserv": 0.5371538019451565,
          "rate": 1.8616641944611987,
          "cv": 1.0,
          "lambda": 0.15
        },
        "MS2_10": {
          "meanserv": 0.9051897114814587,
          "stddevserv": 0.9051897114814587,
          "rate": 1.1047407933563145,
          "cv": 1.0,
          "lambda": 0.15
        },
        "MS2_11": {
          "meanserv": 0.8822487042064218,
          "stddevserv": 0.8822487042064218,
          "rate": 1.1334672357490112,
          "cv": 1.0,
          "lambda": 0.15
        },
        "MS2_12": {
          "meanserv": 0.9598211981795712,
          "stddevserv": 0.9598211981795712,
          "rate": 1.0418607152005324,
          "cv": 1.0,
          "lambda": 0.15
        },
        "MS2_13": {
          "meanserv": 0.03829838480954528,
          "stddevserv": 0.03829838480954528,
          "rate": 26.110761719401946,
          "cv": 1.0,
          "lambda": 0.15
        },
        "MS2_14": {
          "meanserv": 0.9915448553350803,
          "stddevserv": 0.9915448553350803,
          "rate": 1.0085272437443713,
          "cv": 1.0,
          "lambda": 0.15
        },
        "MS2_15": {
          "meanserv": 1.096369410051036,
          "stddevserv": 1.096369410051036,
          "rate": 0.9121013326643709,
          "cv": 1.0,
          "lambda": 0.15
        }
      },
      "sensors": [
        "S2"
      ],
      "sources": [
        {
          "startTime": 0,
          "stopTime": -1,
          "lambda": 0.15
        }
      ]
    },
    "SC3": {
      "resptime": 32.44331626271408,
      "resptime_old": 22.44331626271408,
      "waittime": 18.64589850769121,
      "servicetime": 10.0,
      "networktime": 3.797417755022866,
      "services": {
        "MS3_1": {
          "meanserv": 0.1642543466801072,
          "stddevserv": 0.1642543466801072,
          "rate": 6.088118946085156,
          "cv": 1.0,
          "lambda": 0.15
        },
        "MS3_2": {
          "meanserv": 1.3911761343869011,
          "stddevserv": 1.3911761343869011,
          "rate": 0.7188162413673848,
          "cv": 1.0,
          "lambda": 0.15
        },
        "MS3_3": {
          "meanserv": 2.117595278666727,
          "stddevserv": 2.117595278666727,
          "rate": 0.4722337691599013,
          "cv": 1.0,
          "lambda": 0.15
        },
        "MS3_4": {
          "meanserv": 0.11536105529917151,
          "stddevserv": 0.11536105529917151,
          "rate": 8.668436652271,
          "cv": 1.0,
          "lambda": 0.15
        },
        "MS3_5": {
          "meanserv": 0.8849677730713408,
          "stddevserv": 0.8849677730713408,
          "rate": 1.1299846507737024,
          "cv": 1.0,
          "lambda": 0.15
        },
        "MS3_6": {
          "meanserv": 0.4769989436377422,
          "stddevserv": 0.4769989436377422,
          "rate": 2.096440701469251,
          "cv": 1.0,
          "lambda": 0.15
        },
        "MS3_7": {
          "meanserv": 0.13041306833109356,
          "stddevserv": 0.13041306833109356,
          "rate": 7.667943196161855,
          "cv": 1.0,
          "lambda": 0.15
        },
        "MS3_8": {
          "meanserv": 0.24291136627166843,
          "stddevserv": 0.24291136627166843,
          "rate": 4.116727905114226,
          "cv": 1.0,
          "lambda": 0.15
        },
        "MS3_9": {
          "meanserv": 0.11222317408669102,
          "stddevserv": 0.11222317408669102,
          "rate": 8.910815507922742,
          "cv": 1.0,
          "lambda": 0.15
        },
        "MS3_10": {
          "meanserv": 0.016165897132661478,
          "stddevserv": 0.016165897132661478,
          "rate": 61.85861457571731,
          "cv": 1.0,
          "lambda": 0.15
        },
        "MS3_11": {
          "meanserv": 0.27935306389109815,
          "stddevserv": 0.27935306389109815,
          "rate": 3.579699417185687,
          "cv": 1.0,
          "lambda": 0.15
        },
        "MS3_12": {
          "meanserv": 0.35762995501070627,
          "stddevserv": 0.35762995501070627,
          "rate": 2.7961863540487353,
          "cv": 1.0,
          "lambda": 0.15
        },
        "MS3_13": {
          "meanserv": 1.0920038279110438,
          "stddevserv": 1.0920038279110438,
          "rate": 0.9157477056769635,
          "cv": 1.0,
          "lambda": 0.15
        },
        "MS3_14": {
          "meanserv": 0.9560251232035926,
          "stddevserv": 0.9560251232035926,
          "rate": 1.0459976163064102,
          "cv": 1.0,
          "lambda": 0.15
        },
        "MS3_15": {
          "meanserv": 1.6629209924194548,
          "stddevserv": 1.6629209924194548,
          "rate": 0.6013514800514108,
          "cv": 1.0,
          "lambda": 0.15
        }
      },
      "sensors": [
        "S3"
      ],
      "sources": [
        {
          "startTime": 0,
          "stopTime": -1,
          "lambda": 0.15
        }
      ]
    },
    "SC4": {
      "resptime": 34.5963688221981,
      "resptime_old": 24.59636882219811,
      "waittime": 20.52866678951665,
      "servicetime": 10.0,
      "networktime": 4.067702032681449,
      "services": {
        "MS4_1": {
          "meanserv": 0.2983257212320112,
          "stddevserv": 0.2983257212320112,
          "rate": 3.3520408360038423,
          "cv": 1.0,
          "lambda": 0.15
        },
        "MS4_2": {
          "meanserv": 1.2500775920223528,
          "stddevserv": 1.2500775920223528,
          "rate": 0.7999503441880101,
          "cv": 1.0,
          "lambda": 0.15
        },
        "MS4_3": {
          "meanserv": 1.2684576343794463,
          "stddevserv": 1.2684576343794463,
          "rate": 0.788359006163591,
          "cv": 1.0,
          "lambda": 0.15
        },
        "MS4_4": {
          "meanserv": 0.11802816766783542,
          "stddevserv": 0.11802816766783542,
          "rate": 8.472553795923378,
          "cv": 1.0,
          "lambda": 0.15
        },
        "MS4_5": {
          "meanserv": 0.616734141606738,
          "stddevserv": 0.616734141606738,
          "rate": 1.621444205107186,
          "cv": 1.0,
          "lambda": 0.15
        },
        "MS4_6": {
          "meanserv": 0.8437770044856885,
          "stddevserv": 0.8437770044856885,
          "rate": 1.1851472541723684,
          "cv": 1.0,
          "lambda": 0.15
        },
        "MS4_7": {
          "meanserv": 1.4028379319351272,
          "stddevserv": 1.4028379319351272,
          "rate": 0.7128407189706958,
          "cv": 1.0,
          "lambda": 0.15
        },
        "MS4_8": {
          "meanserv": 0.24950915399139717,
          "stddevserv": 0.24950915399139717,
          "rate": 4.0078689859790835,
          "cv": 1.0,
          "lambda": 0.15
        },
        "MS4_9": {
          "meanserv": 0.39586761830681283,
          "stddevserv": 0.39586761830681283,
          "rate": 2.526096992416695,
          "cv": 1.0,
          "lambda": 0.15
        },
        "MS4_10": {
          "meanserv": 0.4768435929165111,
          "stddevserv": 0.4768435929165111,
          "rate": 2.0971237002131358,
          "cv": 1.0,
          "lambda": 0.15
        },
        "MS4_11": {
          "meanserv": 0.3337471397727034,
          "stddevserv": 0.3337471397727034,
          "rate": 2.99628035967902,
          "cv": 1.0,
          "lambda": 0.15
        },
        "MS4_12": {
          "meanserv": 1.2437526134591907,
          "stddevserv": 1.2437526134591907,
          "rate": 0.8040184110397541,
          "cv": 1.0,
          "lambda": 0.15
        },
        "MS4_13": {
          "meanserv": 0.8108681855564583,
          "stddevserv": 0.8108681855564583,
          "rate": 1.2332460661454487,
          "cv": 1.0,
          "lambda": 0.15
        },
        "MS4_14": {
          "meanserv": 0.09043922154912565,
          "stddevserv": 0.09043922154912565,
          "rate": 11.057149573725713,
          "cv": 1.0,
          "lambda": 0.15
        },
        "MS4_15": {
          "meanserv": 0.6007342811186014,
          "stddevserv": 0.6007342811186014,
          "rate": 1.6646294899933847,
          "cv": 1.0,
          "lambda": 0.15
        }
      },
      "sensors": [
        "S4"
      ],
      "sources": [
        {
          "startTime": 0,
          "stopTime": -1,
          "lambda": 0.15
        }
      ]
    }
  },
  "microservice": {
    "MS1_1": "F7",
    "MS1_2": "F7",
    "MS1_3": "F6",
    "MS1_4": "F10",
    "MS1_5": "F10",
    "MS1_6": "F10",
    "MS1_7": "F10",
    "MS1_8": "F10",
    "MS1_9": "F10",
    "MS1_10": "F2",
    "MS1_11": "F10",
    "MS1_12": "F10",
    "MS1_13": "F10",
    "MS1_14": "F2",
    "MS1_15": "F8",
    "MS2_1": "F9",
    "MS2_2": "F9",
    "MS2_3": "F9",
    "MS2_4": "F1",
    "MS2_5": "F7",
    "MS2_6": "F7",
    "MS2_7": "F7",
    "MS2_8": "F5",
    "MS2_9": "F7",
    "MS2_10": "F2",
    "MS2_11": "F8",
    "MS2_12": "F4",
    "MS2_13": "F7",
    "MS2_14": "F9",
    "MS2_15": "F5",
    "MS3_1": "F7",
    "MS3_2": "F6",
    "MS3_3": "F3",
    "MS3_4": "F1",
    "MS3_5": "F1",
    "MS3_6": "F9",
    "MS3_7": "F7",
    "MS3_8": "F7",
    "MS3_9": "F7",
    "MS3_10": "F7",
    "MS3_11": "F7",
    "MS3_12": "F7",
    "MS3_13": "F3",
    "MS3_14": "F8",
    "MS3_15": "F8",
    "MS4_1": "F7",
    "MS4_2": "F3",
    "MS4_3": "F6",
    "MS4_4": "F1",
    "MS4_5": "F1",
    "MS4_6": "F4",
    "MS4_7": "F4",
    "MS4_8": "F1",
    "MS4_9": "F1",
    "MS4_10": "F1",
    "MS4_11": "F1",
    "MS4_12": "F4",
    "MS4_13": "F9",
    "MS4_14": "F9",
    "MS4_15": "F9"
  },
  "sensor": {
    "S1": "F7",
    "S2": "F9",
    "S3": "F7",
    "S4": "F7"
  },
  "fog": {
    "F1": {
      "rho": 0.5956121601366463,
      "capacity": 1.0,
      "tserv": 0.4411941926938121,
      "stddev": 0.5735814183958529,
      "mu": 2.26657561808389,
      "cv": 1.3000656579220145,
      "lambda": 1.3499999999999999,
      "twait": 0.8740677577658237
    },
    "F2": {
      "rho": 0.611819452062907,
      "capacity": 1.0,
      "tserv": 1.3595987823620157,
      "stddev": 1.5280386603053977,
      "mu": 0.7355111029613539,
      "cv": 1.1238894004088127,
      "lambda": 0.44999999999999996,
      "twait": 2.424818758151376
    },
    "F3": {
      "rho": 0.6689515047900185,
      "capacity": 1.0,
      "tserv": 1.4865588995333747,
      "stddev": 1.6175269328633706,
      "mu": 0.6726945029314992,
      "cv": 1.0881014760808376,
      "lambda": 0.44999999999999996,
      "twait": 3.2802034514105753
    },
    "F4": {
      "rho": 0.6675283122089366,
      "capacity": 1.0,
      "tserv": 1.1125471870148944,
      "stddev": 1.15597766108753,
      "mu": 0.8988382800042192,
      "cv": 1.0390369726152158,
      "lambda": 0.6,
      "twait": 2.322644926583135
    },
    "F5": {
      "rho": 0.5446501629655841,
      "capacity": 1.0,
      "tserv": 1.8155005432186138,
      "stddev": 2.080947235229392,
      "mu": 0.5508122835519222,
      "cv": 1.1462112985877606,
      "lambda": 0.3,
      "twait": 2.512260793120539
    },
    "F6": {
      "rho": 0.6110455470257327,
      "capacity": 1.0,
      "tserv": 1.3578789933905173,
      "stddev": 1.3608839891606113,
      "mu": 0.7364426468540312,
      "cv": 1.0022130070387132,
      "lambda": 0.44999999999999996,
      "twait": 2.13794732773024
    },
    "F7": {
      "rho": 0.5426565319696122,
      "capacity": 1.0,
      "tserv": 0.24118068087538322,
      "stddev": 0.3376638069883138,
      "mu": 4.146269080800442,
      "cv": 1.4000450026210138,
      "lambda": 2.2499999999999996,
      "twait": 0.4235505737815702
    },
    "F8": {
      "rho": 0.6497874384133822,
      "capacity": 1.0,
      "tserv": 1.0829790640223036,
      "stddev": 1.1836519416069624,
      "mu": 0.9233788844318834,
      "cv": 1.0929592093966698,
      "lambda": 0.6,
      "twait": 2.2048400208602694
    },
    "F9": {
      "rho": 0.5538658932029187,
      "capacity": 1.0,
      "tserv": 0.46155491100243223,
      "stddev": 0.6326992143533566,
      "mu": 2.1665894483240162,
      "cv": 1.3707994417808773,
      "lambda": 1.2,
      "twait": 0.8248747034166414
    },
    "F10": {
      "rho": 0.5540829972242617,
      "capacity": 1.0,
      "tserv": 0.4104318497957494,
      "stddev": 0.5676270592981814,
      "mu": 2.4364580879813493,
      "cv": 1.382999539584123,
      "lambda": 1.3499999999999999,
      "twait": 0.7427211244155912
    }
  },
  "extra": {
    "conv_gen": 513,
    "max_gen": 600,
    "population": 600,
    "deltatime": 84.7326784,
    "obj_func": 32.64060002748637
  },
  "network": [
    [
      0.0,
      0.9895975042170451,
      0.7249473189585272,
      0.5616480787784657,
      0.6271783837553004,
      0.557992703338951,
      0.8751284083655974,
      0.4156530374289875,
      0.49953656725788553,
      0.49953656725788553
    ],
    [
      0.9895975042170451,
      0.0,
      0.804693178932863,
      0.4085743179335872,
      0.7096107134439751,
      0.706940392844468,
      0.5998850013598056,
      0.49953656725788553,
      0.37768434715161203,
      0.37768434715161203
    ],
    [
      0.7249473189585272,
      0.804693178932863,
      0.0,
      0.583888338014451,
      0.9244843120072048,
      0.7099192791343953,
      0.4156530374289875,
      0.37768434715161203,
      0.529514342627565,
      0.529514342627565
    ],
    [
      0.5616480787784657,
      0.4085743179335872,
      0.583888338014451,
      0.0,
      0.8411511743091145,
      0.8751284083655974,
      0.49953656725788553,
      0.529514342627565,
      0.6991927764437189,
      0.6991927764437189
    ],
    [
      0.6271783837553004,
      0.7096107134439751,
      0.9244843120072048,
      0.8411511743091145,
      0.0,
      0.5998850013598056,
      0.37768434715161203,
      0.6991927764437189,
      0.720945979446347,
      0.720945979446347
    ],
    [
      0.557992703338951,
      0.706940392844468,
      0.7099192791343953,
      0.8751284083655974,
      0.5998850013598056,
      0.0,
      0.529514342627565,
      0.720945979446347,
      0.8488352189800855,
      0.8488352189800855
    ],
    [
      0.8751284083655974,
      0.5998850013598056,
      0.4156530374289875,
      0.49953656725788553,
      0.37768434715161203,
      0.529514342627565,
      0.0,
      0.8488352189800855,
      0.5401628624638938,
      0.5401628624638938
    ],
    [
      0.4156530374289875,
      0.49953656725788553,
      0.37768434715161203,
      0.529514342627565,
      0.6991927764437189,
      0.720945979446347,
      0.8488352189800855,
      0.0,
      0.6734638529321155,
      0.6734638529321155
    ],
    [
      0.49953656725788553,
      0.37768434715161203,
      0.529514342627565,
      0.6991927764437189,
      0.720945979446347,
      0.8488352189800855,
      0.5401628624638938,
      0.6734638529321155,
      0.0,
      0.6944810468032907
    ],
    [
      0.49953656725788553,
      0.37768434715161203,
      0.529514342627565,
      0.6991927764437189,
      0.720945979446347,
      0.8488352189800855,
      0.5401628624638938,
      0.6734638529321155,
      0.6944810468032907,
      0.0
    ]
  ]
}