{
  "servicechain": {
    "SC1": {
      "resptime": 29.823836864931152,
      "resptime_old": 19.823836864931152,
      "waittime": 14.184452159601788,
      "servicetime": 10.0,
      "networktime": 5.6393847053293635,
      "services": {
        "MS1_1": {
          "meanserv": 3.074129499221515,
          "stddevserv": 3.074129499221515,
          "rate": 0.32529533978748704,
          "cv": 1.0,
          "lambda": 0.15
        },
        "MS1_2": {
          "meanserv": 1.4224650146308297,
          "stddevserv": 1.4224650146308297,
          "rate": 0.703004987619698,
          "cv": 1.0,
          "lambda": 0.15
        },
        "MS1_3": {
          "meanserv": 3.743696300575354,
          "stddevserv": 3.743696300575354,
          "rate": 0.2671156845298359,
          "cv": 1.0,
          "lambda": 0.15
        },
        "MS1_4": {
          "meanserv": 0.5833924988111914,
          "stddevserv": 0.5833924988111914,
          "rate": 1.7141118578619898,
          "cv": 1.0,
          "lambda": 0.15
        },
        "MS1_5": {
          "meanserv": 0.08274037739858464,
          "stddevserv": 0.08274037739858464,
          "rate": 12.085997567822382,
          "cv": 1.0,
          "lambda": 0.15
        },
        "MS1_6": {
          "meanserv": 1.0935763093625255,
          "stddevserv": 1.0935763093625255,
          "rate": 0.9144309285402556,
          "cv": 1.0,
          "lambda": 0.15
        }
      },
      "sensors": [
        "S1"
      ],
      "sources": [
        {
          "startTime": 0,
          "stopTime": -1,
          "lambda": 0.15
        }
      ]
    },
    "SC2": {
      "resptime": 26.984661205458742,
      "resptime_old": 16.984661205458742,
      "waittime": 13.600384249374251,
      "servicetime": 10.0,
      "networktime": 3.384276956084492,
      "services": {
        "MS2_1": {
          "meanserv": 1.849530741059,
          "stddevserv": 1.849530741059,
          "rate": 0.5406776853178565,
          "cv": 1.0,
          "lambda": 0.15
        },
        "MS2_2": {
          "meanserv": 0.6407900607828156,
          "stddevserv": 0.6407900607828156,
          "rate": 1.5605735188500873,
          "cv": 1.0,
          "lambda": 0.15
        },
        "MS2_3": {
          "meanserv": 0.7793465198747818,
          "stddevserv": 0.7793465198747818,
          "rate": 1.2831262788735758,
          "cv": 1.0,
          "lambda": 0.15
        },
        "MS2_4": {
          "meanserv": 2.009727398025624,
          "stddevserv": 2.009727398025624,
          "rate": 0.49757992102929477,
          "cv": 1.0,
          "lambda": 0.15
        },
        "MS2_5": {
          "meanserv": 0.8361025548149836,
          "stddevserv": 0.8361025548149836,
          "rate": 1.1960255284966619,
          "cv": 1.0,
          "lambda": 0.15
        },
        "MS2_6": {
          "meanserv": 3.884502725442795,
          "stddevserv": 3.884502725442795,
          "rate": 0.25743320849028617,
          "cv": 1.0,
          "lambda": 0.15
        }
      },
      "sensors": [
        "S2"
      ],
      "sources": [
        {
          "startTime": 0,
          "stopTime": -1,
          "lambda": 0.15
        }
      ]
    },
    "SC3": {
      "resptime": 29.550385423090717,
      "resptime_old": 19.55038542309072,
      "waittime": 15.5335927962516,
      "servicetime": 10.0,
      "networktime": 4.0167926268391145,
      "services": {
        "MS3_1": {
          "meanserv": 1.8607761990011362,
          "stddevserv": 1.8607761990011362,
          "rate": 0.5374101412823313,
          "cv": 1.0,
          "lambda": 0.15
        },
        "MS3_2": {
          "meanserv": 4.172626667482729,
          "stddevserv": 4.172626667482729,
          "rate": 0.2396571943023319,
          "cv": 1.0,
          "lambda": 0.15
        },
        "MS3_3": {
          "meanserv": 0.6354080724444264,
          "stddevserv": 0.6354080724444264,
          "rate": 1.573791777861716,
          "cv": 1.0,
          "lambda": 0.15
        },
        "MS3_4": {
          "meanserv": 2.251753986421284,
          "stddevserv": 2.251753986421284,
          "rate": 0.4440982478682325,
          "cv": 1.0,
          "lambda": 0.15
        },
        "MS3_5": {
          "meanserv": 0.22613015822791382,
          "stddevserv": 0.22613015822791382,
          "rate": 4.422231903239161,
          "cv": 1.0,
          "lambda": 0.15
        },
        "MS3_6": {
          "meanserv": 0.8533049164225108,
          "stddevserv": 0.8533049164225108,
          "rate": 1.1719140259879315,
          "cv": 1.0,
          "lambda": 0.15
        }
      },
      "sensors": [
        "S3"
      ],
      "sources": [
        {
          "startTime": 0,
          "stopTime": -1,
          "lambda": 0.15
        }
      ]
    },
    "SC4": {
      "resptime": 7543.800915949047,
      "resptime_old": 7533.8009159490475,
      "waittime": 7530.864117119423,
      "servicetime": 10.0,
      "networktime": 2.936798829623914,
      "services": {
        "MS4_1": {
          "meanserv": 0.3576236012667977,
          "stddevserv": 0.3576236012667977,
          "rate": 2.796236032682783,
          "cv": 1.0,
          "lambda": 0.15
        },
        "MS4_2": {
          "meanserv": 1.9345146039182903,
          "stddevserv": 1.9345146039182903,
          "rate": 0.5169255367597306,
          "cv": 1.0,
          "lambda": 0.15
        },
        "MS4_3": {
          "meanserv": 0.17051539550443717,
          "stddevserv": 0.17051539550443717,
          "rate": 5.864573090551098,
          "cv": 1.0,
          "lambda": 0.15
        },
        "MS4_4": {
          "meanserv": 7.084780490409204,
          "stddevserv": 7.084780490409204,
          "rate": 0.14114763348754675,
          "cv": 1.0,
          "lambda": 0.15
        },
        "MS4_5": {
          "meanserv": 0.1176654305603666,
          "stddevserv": 0.1176654305603666,
          "rate": 8.498672849261059,
          "cv": 1.0,
          "lambda": 0.15
        },
        "MS4_6": {
          "meanserv": 0.334900478340904,
          "stddevserv": 0.334900478340904,
          "rate": 2.985961695110133,
          "cv": 1.0,
          "lambda": 0.15
        }
      },
      "sensors": [
        "S4"
      ],
      "sources": [
        {
          "startTime": 0,
          "stopTime": -1,
          "lambda": 0.15
        }
      ]
    }
  },
  "microservice": {
    "MS1_1": "F5",
    "MS1_2": "F8",
    "MS1_3": "F4",
    "MS1_4": "F9",
    "MS1_5": "F9",
    "MS1_6": "F10",
    "MS2_1": "F10",
    "MS2_2": "F10",
    "MS2_3": "F6",
    "MS2_4": "F7",
    "MS2_5": "F7",
    "MS2_6": "F3",
    "MS3_1": "F9",
    "MS3_2": "F2",
    "MS3_3": "F6",
    "MS3_4": "F6",
    "MS3_5": "F9",
    "MS3_6": "F9",
    "MS4_1": "F8",
    "MS4_2": "F8",
    "MS4_3": "F8",
    "MS4_4": "F1",
    "MS4_5": "F7",
    "MS4_6": "F7"
  },
  "sensor": {
    "S1": "F5",
    "S2": "F10",
    "S3": "F9",
    "S4": "F8"
  },
  "fog": {
    "F1": {
      "rho": 1.0627170735613807,
      "capacity": 1.0,
      "tserv": 7.084780490409205,
      "stddev": 7.084780490409203,
      "mu": 0.14114763348754672,
      "cv": 0.9999999999999998,
      "lambda": 0.15,
      "twait": 7521.588072402834
    },
    "F2": {
      "rho": 0.6258940001224094,
      "capacity": 1.0,
      "tserv": 4.172626667482729,
      "stddev": 4.172626667482729,
      "mu": 0.2396571943023319,
      "cv": 1.0,
      "lambda": 0.15,
      "twait": 6.98096795235238
    },
    "F3": {
      "rho": 0.5826754088164193,
      "capacity": 1.0,
      "tserv": 3.884502725442795,
      "stddev": 3.8845027254427955,
      "mu": 0.25743320849028617,
      "cv": 1.0000000000000002,
      "lambda": 0.15,
      "twait": 5.423606136356837
    },
    "F4": {
      "rho": 0.561554445086303,
      "capacity": 1.0,
      "tserv": 3.743696300575354,
      "stddev": 3.7436963005753543,
      "mu": 0.2671156845298359,
      "cv": 1.0000000000000002,
      "lambda": 0.15,
      "twait": 4.794869682405722
    },
    "F5": {
      "rho": 0.4611194248832272,
      "capacity": 1.0,
      "tserv": 3.074129499221515,
      "stddev": 3.074129499221515,
      "mu": 0.32529533978748704,
      "cv": 1.0,
      "lambda": 0.15,
      "twait": 2.6305287148092393
    },
    "F6": {
      "rho": 0.5499762868110738,
      "capacity": 1.0,
      "tserv": 1.2221695262468308,
      "stddev": 1.6002026758305783,
      "mu": 0.8182170955210339,
      "cv": 1.3093131856630824,
      "lambda": 0.44999999999999996,
      "twait": 2.02706665905609
    },
    "F7": {
      "rho": 0.49475937926128166,
      "capacity": 1.0,
      "tserv": 0.8245989654354695,
      "stddev": 1.3236593732698787,
      "mu": 1.2127107138339683,
      "cv": 1.6052159034311377,
      "lambda": 0.6,
      "twait": 1.4440867323889417
    },
    "F8": {
      "rho": 0.5827677922980532,
      "capacity": 1.0,
      "tserv": 0.9712796538300889,
      "stddev": 1.4205553982545525,
      "mu": 1.0295695951795727,
      "cv": 1.462560646311096,
      "lambda": 0.6,
      "twait": 2.129290417270413
    },
    "F9": {
      "rho": 0.5409516224792004,
      "capacity": 1.0,
      "tserv": 0.7212688299722673,
      "stddev": 1.1468867697584522,
      "mu": 1.3864456059170753,
      "cv": 1.5900961224160344,
      "lambda": 0.75,
      "twait": 1.499497175262347
    },
    "F10": {
      "rho": 0.5375845666806511,
      "capacity": 1.0,
      "tserv": 1.194632370401447,
      "stddev": 1.3872191025940568,
      "mu": 0.8370776020944064,
      "cv": 1.1612100399789875,
      "lambda": 0.44999999999999996,
      "twait": 1.6307689945917203
    }
  },
  "extra": {
    "deltatime": 0.0178967,
    "obj_func": 1907.5399498606319
  },
  "network": [
    [
      0.0,
      1.453598521852776,
      0.7613159666083981,
      1.8963082567391316,
      2.0565034828212387,
      1.2540449172990797,
      1.685054735594009,
      1.2517440940299052,
      1.5945850530999564,
      1.5945850530999564
    ],
    [
      1.453598521852776,
      0.0,
      2.2981067518171376,
      1.7266876268546512,
      2.390824519085467,
      1.4219136809075505,
      1.951189616324332,
      1.5945850530999564,
      0.983850168860712,
      0.983850168860712
    ],
    [
      0.7613159666083981,
      2.2981067518171376,
      0.0,
      2.23991109653806,
      1.2733596427112621,
      1.8593269050988857,
      1.2517440940299052,
      0.983850168860712,
      0.5215040849837349,
      0.5215040849837349
    ],
    [
      1.8963082567391316,
      1.7266876268546512,
      2.23991109653806,
      0.0,
      1.6213270690032469,
      1.685054735594009,
      1.5945850530999564,
      0.5215040849837349,
      1.5981532092979722,
      1.5981532092979722
    ],
    [
      2.0565034828212387,
      2.390824519085467,
      1.2733596427112621,
      1.6213270690032469,
      0.0,
      1.951189616324332,
      0.983850168860712,
      1.5981532092979722,
      1.7762158519868967,
      1.7762158519868967
    ],
    [
      1.2540449172990797,
      1.4219136809075505,
      1.8593269050988857,
      1.685054735594009,
      1.951189616324332,
      0.0,
      0.5215040849837349,
      1.7762158519868967,
      1.6110287770708518,
      1.6110287770708518
    ],
    [
      1.685054735594009,
      1.951189616324332,
      1.2517440940299052,
      1.5945850530999564,
      0.983850168860712,
      0.5215040849837349,
      0.0,
      1.6110287770708518,
      1.2658707156384426,
      1.2658707156384426
    ],
    [
      1.2517440940299052,
      1.5945850530999564,
      0.983850168860712,
      0.5215040849837349,
      1.5981532092979722,
      1.7762158519868967,
      1.6110287770708518,
      0.0,
      1.5011362920758236,
      1.5011362920758236
    ],
    [
      1.5945850530999564,
      0.983850168860712,
      0.5215040849837349,
      1.5981532092979722,
      1.7762158519868967,
      1.6110287770708518,
      1.2658707156384426,
      1.5011362920758236,
      0.0,
      1.9215742017496842
    ],
    [
      1.5945850530999564,
      0.983850168860712,
      0.5215040849837349,
      1.5981532092979722,
      1.7762158519868967,
      1.6110287770708518,
      1.2658707156384426,
      1.5011362920758236,
      1.9215742017496842,
      0.0
    ]
  ]
}