{
  "servicechain": {
    "SC1": {
      "resptime": 13.874464826645463,
      "resptime_old": 3.874464826645463,
      "waittime": 2.1272338518249923,
      "servicetime": 10.0,
      "networktime": 1.7472309748204704,
      "services": {
        "MS1_1": {
          "meanserv": 1.2853611063156278,
          "stddevserv": 1.2853611063156278,
          "rate": 0.7779914882179765,
          "cv": 1.0,
          "lambda": 0.025
        },
        "MS1_2": {
          "meanserv": 4.609677789143326,
          "stddevserv": 4.609677789143326,
          "rate": 0.21693490212161715,
          "cv": 1.0,
          "lambda": 0.025
        },
        "MS1_3": {
          "meanserv": 0.6419400368677586,
          "stddevserv": 0.6419400368677586,
          "rate": 1.5577778960155475,
          "cv": 1.0,
          "lambda": 0.025
        },
        "MS1_4": {
          "meanserv": 0.5118459717679542,
          "stddevserv": 0.5118459717679542,
          "rate": 1.9537127478915686,
          "cv": 1.0,
          "lambda": 0.025
        },
        "MS1_5": {
          "meanserv": 2.9511750959053327,
          "stddevserv": 2.9511750959053327,
          "rate": 0.338848074920214,
          "cv": 1.0,
          "lambda": 0.025
        }
      },
      "sensors": [
        "S1"
      ],
      "sources": [
        {
          "startTime": 0,
          "stopTime": -1,
          "lambda": 0.025
        }
      ]
    },
    "SC2": {
      "resptime": 13.092450777565475,
      "resptime_old": 3.0924507775654755,
      "waittime": 1.8508630824462005,
      "servicetime": 10.0,
      "networktime": 1.241587695119276,
      "services": {
        "MS2_1": {
          "meanserv": 4.291654512510795,
          "stddevserv": 4.291654512510795,
          "rate": 0.2330103686316909,
          "cv": 1.0,
          "lambda": 0.025
        },
        "MS2_2": {
          "meanserv": 2.745527744299652,
          "stddevserv": 2.745527744299652,
          "rate": 0.36422869959199294,
          "cv": 1.0,
          "lambda": 0.025
        },
        "MS2_3": {
          "meanserv": 1.608418806756812,
          "stddevserv": 1.608418806756812,
          "rate": 0.6217286168248572,
          "cv": 1.0,
          "lambda": 0.025
        },
        "MS2_4": {
          "meanserv": 0.22816467969873422,
          "stddevserv": 0.22816467969873422,
          "rate": 4.382799306712974,
          "cv": 1.0,
          "lambda": 0.025
        },
        "MS2_5": {
          "meanserv": 1.1262342567340067,
          "stddevserv": 1.1262342567340067,
          "rate": 0.8879147424443682,
          "cv": 1.0,
          "lambda": 0.025
        }
      },
      "sensors": [
        "S2"
      ],
      "sources": [
        {
          "startTime": 0,
          "stopTime": -1,
          "lambda": 0.025
        }
      ]
    },
    "SC3": {
      "resptime": 12.831651088888869,
      "resptime_old": 2.8316510888888686,
      "waittime": 1.5900633937695923,
      "servicetime": 10.0,
      "networktime": 1.241587695119276,
      "services": {
        "MS3_1": {
          "meanserv": 3.15355087041243,
          "stddevserv": 3.15355087041243,
          "rate": 0.3171028599482263,
          "cv": 1.0,
          "lambda": 0.025
        },
        "MS3_2": {
          "meanserv": 1.525231769106286,
          "stddevserv": 1.525231769106286,
          "rate": 0.6556380612147575,
          "cv": 1.0,
          "lambda": 0.025
        },
        "MS3_3": {
          "meanserv": 1.754563712642696,
          "stddevserv": 1.754563712642696,
          "rate": 0.5699422556128303,
          "cv": 1.0,
          "lambda": 0.025
        },
        "MS3_4": {
          "meanserv": 2.4576672732185108,
          "stddevserv": 2.4576672732185108,
          "rate": 0.40688990364851974,
          "cv": 1.0,
          "lambda": 0.025
        },
        "MS3_5": {
          "meanserv": 1.108986374620077,
          "stddevserv": 1.108986374620077,
          "rate": 0.9017243339374533,
          "cv": 1.0,
          "lambda": 0.025
        }
      },
      "sensors": [
        "S3"
      ],
      "sources": [
        {
          "startTime": 0,
          "stopTime": -1,
          "lambda": 0.025
        }
      ]
    },
    "SC4": {
      "resptime": 13.736276761202225,
      "resptime_old": 3.7362767612022236,
      "waittime": 2.391907567573966,
      "servicetime": 10.0,
      "networktime": 1.344369193628258,
      "services": {
        "MS4_1": {
          "meanserv": 0.8276281857573964,
          "stddevserv": 0.8276281857573964,
          "rate": 1.2082720443901498,
          "cv": 1.0,
          "lambda": 0.025
        },
        "MS4_2": {
          "meanserv": 3.909603427857611,
          "stddevserv": 3.909603427857611,
          "rate": 0.25578041825791553,
          "cv": 1.0,
          "lambda": 0.025
        },
        "MS4_3": {
          "meanserv": 0.08838956202218728,
          "stddevserv": 0.08838956202218728,
          "rate": 11.313553061265118,
          "cv": 1.0,
          "lambda": 0.025
        },
        "MS4_4": {
          "meanserv": 1.0815836844218865,
          "stddevserv": 1.0815836844218865,
          "rate": 0.9245701598526854,
          "cv": 1.0,
          "lambda": 0.025
        },
        "MS4_5": {
          "meanserv": 4.092795139940919,
          "stddevserv": 4.092795139940919,
          "rate": 0.24433179912699843,
          "cv": 1.0,
          "lambda": 0.025
        }
      },
      "sensors": [
        "S4"
      ],
      "sources": [
        {
          "startTime": 0,
          "stopTime": -1,
          "lambda": 0.025
        }
      ]
    }
  },
  "microservice": {
    "MS1_1": "F4",
    "MS1_2": "F4",
    "MS1_3": "F2",
    "MS1_4": "F2",
    "MS1_5": "F2",
    "MS2_1": "F8",
    "MS2_2": "F7",
    "MS2_3": "F7",
    "MS2_4": "F7",
    "MS2_5": "F7",
    "MS3_1": "F6",
    "MS3_2": "F6",
    "MS3_3": "F10",
    "MS3_4": "F10",
    "MS3_5": "F10",
    "MS4_1": "F5",
    "MS4_2": "F5",
    "MS4_3": "F5",
    "MS4_4": "F3",
    "MS4_5": "F3"
  },
  "sensor": {
    "S1": "F4",
    "S2": "F8",
    "S3": "F6",
    "S4": "F5"
  },
  "fog": {
    "F1": {
      "rho": 0,
      "capacity": 1.0,
      "tserv": 0,
      "stddev": 0,
      "mu": 0,
      "cv": 0,
      "lambda": 0.0,
      "twait": 0
    },
    "F2": {
      "rho": 0.10262402761352615,
      "capacity": 1.0,
      "tserv": 1.3683203681803484,
      "stddev": 2.0936502113891744,
      "mu": 0.7308230026056275,
      "cv": 1.5300877338933432,
      "lambda": 0.07500000000000001,
      "twait": 0.26141517171131434
    },
    "F3": {
      "rho": 0.12935947060907013,
      "capacity": 1.0,
      "tserv": 2.5871894121814023,
      "stddev": 3.3507083235381856,
      "mu": 0.38651982544905544,
      "cv": 1.2951151963446768,
      "lambda": 0.05,
      "twait": 0.5145865233401322
    },
    "F4": {
      "rho": 0.14737597238647387,
      "capacity": 1.0,
      "tserv": 2.9475194477294773,
      "stddev": 3.770067850663534,
      "mu": 0.33926832977143423,
      "cv": 1.279064622819598,
      "lambda": 0.05,
      "twait": 0.6714941683455244
    },
    "F5": {
      "rho": 0.12064052939092985,
      "capacity": 1.0,
      "tserv": 1.6085403918790646,
      "stddev": 2.8397977396510536,
      "mu": 0.6216816220771554,
      "cv": 1.7654500651573064,
      "lambda": 0.07500000000000001,
      "twait": 0.45424484029790047
    },
    "F6": {
      "rho": 0.11696956598796791,
      "capacity": 1.0,
      "tserv": 2.339391319759358,
      "stddev": 2.607386295661741,
      "mu": 0.42746161856446707,
      "cv": 1.1145575661663778,
      "lambda": 0.05,
      "twait": 0.347417670136692
    },
    "F7": {
      "rho": 0.14270863718723015,
      "capacity": 1.0,
      "tserv": 1.4270863718723015,
      "stddev": 1.9199277784833564,
      "mu": 0.7007284350196864,
      "cv": 1.3453479875674654,
      "lambda": 0.1,
      "twait": 0.33376623372242625
    },
    "F8": {
      "rho": 0.10729136281276988,
      "capacity": 1.0,
      "tserv": 4.291654512510795,
      "stddev": 4.291654512510795,
      "mu": 0.2330103686316909,
      "cv": 1.0,
      "lambda": 0.025,
      "twait": 0.5157981475564953
    },
    "F9": {
      "rho": 0,
      "capacity": 1.0,
      "tserv": 0,
      "stddev": 0,
      "mu": 0,
      "cv": 0,
      "lambda": 0.0,
      "twait": 0
    },
    "F10": {
      "rho": 0.1330304340120321,
      "capacity": 1.0,
      "tserv": 1.7737391201604278,
      "stddev": 1.937222638570243,
      "mu": 0.5637807660855751,
      "cv": 1.0921688632514508,
      "lambda": 0.07500000000000001,
      "twait": 0.2984093511654028
    }
  },
  "extra": {
    "conv_gen": 16,
    "max_gen": 600,
    "population": 600,
    "deltatime": 36.9569257,
    "obj_func": 13.383710863575509
  },
  "network": [
    [
      0.0,
      2.2855595285562886,
      2.318107328295361,
      2.0103575931067192,
      1.606641749542513,
      1.9004305138958206,
      2.36445474870861,
      2.2654264955423304,
      1.9887062751034106,
      1.9887062751034106
    ],
    [
      2.2855595285562886,
      0.0,
      1.6732893685044798,
      1.7472309748204704,
      2.1514851046348853,
      1.9258140348498212,
      2.2112805773891995,
      1.9887062751034106,
      2.2297244498231112,
      2.2297244498231112
    ],
    [
      2.318107328295361,
      1.6732893685044798,
      0.0,
      1.636667228067959,
      1.344369193628258,
      2.2631805444523048,
      2.2654264955423304,
      2.2297244498231112,
      2.2739736834657593,
      2.2739736834657593
    ],
    [
      2.0103575931067192,
      1.7472309748204704,
      1.636667228067959,
      0.0,
      2.5469537132910562,
      2.36445474870861,
      1.9887062751034106,
      2.2739736834657593,
      1.9482379973550197,
      1.9482379973550197
    ],
    [
      1.606641749542513,
      2.1514851046348853,
      1.344369193628258,
      2.5469537132910562,
      0.0,
      2.2112805773891995,
      2.2297244498231112,
      1.9482379973550197,
      2.9523011946889066,
      2.9523011946889066
    ],
    [
      1.9004305138958206,
      1.9258140348498212,
      2.2631805444523048,
      2.36445474870861,
      2.2112805773891995,
      0.0,
      2.2739736834657593,
      2.9523011946889066,
      1.241587695119276,
      1.241587695119276
    ],
    [
      2.36445474870861,
      2.2112805773891995,
      2.2654264955423304,
      1.9887062751034106,
      2.2297244498231112,
      2.2739736834657593,
      0.0,
      1.241587695119276,
      1.4037325823708835,
      1.4037325823708835
    ],
    [
      2.2654264955423304,
      1.9887062751034106,
      2.2297244498231112,
      2.2739736834657593,
      1.9482379973550197,
      2.9523011946889066,
      1.241587695119276,
      0.0,
      2.1503981141799393,
      2.1503981141799393
    ],
    [
      1.9887062751034106,
      2.2297244498231112,
      2.2739736834657593,
      1.9482379973550197,
      2.9523011946889066,
      1.241587695119276,
      1.4037325823708835,
      2.1503981141799393,
      0.0,
      1.9467991066376604
    ],
    [
      1.9887062751034106,
      2.2297244498231112,
      2.2739736834657593,
      1.9482379973550197,
      2.9523011946889066,
      1.241587695119276,
      1.4037325823708835,
      2.1503981141799393,
      1.9467991066376604,
      0.0
    ]
  ]
}