{
  "servicechain": {
    "SC1": {
      "resptime": 41.487123135745655,
      "resptime_old": 31.48712313574566,
      "waittime": 25.605340734814433,
      "servicetime": 10.0,
      "networktime": 5.881782400931223,
      "services": {
        "MS1_1": {
          "meanserv": 0.8208884441353448,
          "stddevserv": 0.8208884441353448,
          "rate": 1.218192322165427,
          "cv": 1.0,
          "lambda": 0.15
        },
        "MS1_2": {
          "meanserv": 0.7679668528660621,
          "stddevserv": 0.7679668528660621,
          "rate": 1.3021395341061754,
          "cv": 1.0,
          "lambda": 0.15
        },
        "MS1_3": {
          "meanserv": 0.6418186444981122,
          "stddevserv": 0.6418186444981122,
          "rate": 1.558072531192947,
          "cv": 1.0,
          "lambda": 0.15
        },
        "MS1_4": {
          "meanserv": 1.1360181618360063,
          "stddevserv": 1.1360181618360063,
          "rate": 0.8802676168344202,
          "cv": 1.0,
          "lambda": 0.15
        },
        "MS1_5": {
          "meanserv": 4.625655535799364,
          "stddevserv": 4.625655535799364,
          "rate": 0.2161855746197904,
          "cv": 1.0,
          "lambda": 0.15
        },
        "MS1_6": {
          "meanserv": 1.9646504246404177,
          "stddevserv": 1.9646504246404177,
          "rate": 0.5089964033591503,
          "cv": 1.0,
          "lambda": 0.15
        },
        "MS1_7": {
          "meanserv": 0.04300193622469273,
          "stddevserv": 0.04300193622469273,
          "rate": 23.254766826656898,
          "cv": 1.0,
          "lambda": 0.15
        }
      },
      "sensors": [
        "S1"
      ],
      "sources": [
        {
          "startTime": 0,
          "stopTime": -1,
          "lambda": 0.15
        }
      ]
    },
    "SC2": {
      "resptime": 34.541206736765595,
      "resptime_old": 24.5412067367656,
      "waittime": 19.549670121118922,
      "servicetime": 10.0,
      "networktime": 4.991536615646675,
      "services": {
        "MS2_1": {
          "meanserv": 0.007272359572362275,
          "stddevserv": 0.007272359572362275,
          "rate": 137.50695218651995,
          "cv": 1.0,
          "lambda": 0.15
        },
        "MS2_2": {
          "meanserv": 0.08876583868093202,
          "stddevserv": 0.08876583868093202,
          "rate": 11.265595130515138,
          "cv": 1.0,
          "lambda": 0.15
        },
        "MS2_3": {
          "meanserv": 0.7853831465774419,
          "stddevserv": 0.7853831465774419,
          "rate": 1.2732638895522772,
          "cv": 1.0,
          "lambda": 0.15
        },
        "MS2_4": {
          "meanserv": 2.410244457690406,
          "stddevserv": 2.410244457690406,
          "rate": 0.41489567450690895,
          "cv": 1.0,
          "lambda": 0.15
        },
        "MS2_5": {
          "meanserv": 0.3979638467131972,
          "stddevserv": 0.3979638467131972,
          "rate": 2.512791069487967,
          "cv": 1.0,
          "lambda": 0.15
        },
        "MS2_6": {
          "meanserv": 4.285440464012311,
          "stddevserv": 4.285440464012311,
          "rate": 0.23334824235633747,
          "cv": 1.0,
          "lambda": 0.15
        },
        "MS2_7": {
          "meanserv": 2.02492988675335,
          "stddevserv": 2.02492988675335,
          "rate": 0.4938442592712874,
          "cv": 1.0,
          "lambda": 0.15
        }
      },
      "sensors": [
        "S2"
      ],
      "sources": [
        {
          "startTime": 0,
          "stopTime": -1,
          "lambda": 0.15
        }
      ]
    },
    "SC3": {
      "resptime": 26.57388757733193,
      "resptime_old": 16.57388757733193,
      "waittime": 11.871609758503443,
      "servicetime": 10.0,
      "networktime": 4.702277818828486,
      "services": {
        "MS3_1": {
          "meanserv": 0.16309990567681232,
          "stddevserv": 0.16309990567681232,
          "rate": 6.131211393717983,
          "cv": 1.0,
          "lambda": 0.15
        },
        "MS3_2": {
          "meanserv": 2.1935889481275463,
          "stddevserv": 2.1935889481275463,
          "rate": 0.4558739233499525,
          "cv": 1.0,
          "lambda": 0.15
        },
        "MS3_3": {
          "meanserv": 2.07878243060147,
          "stddevserv": 2.07878243060147,
          "rate": 0.48105082344315486,
          "cv": 1.0,
          "lambda": 0.15
        },
        "MS3_4": {
          "meanserv": 0.9516570715656165,
          "stddevserv": 0.9516570715656165,
          "rate": 1.0507986856597957,
          "cv": 1.0,
          "lambda": 0.15
        },
        "MS3_5": {
          "meanserv": 3.4010522294203884,
          "stddevserv": 3.4010522294203884,
          "rate": 0.29402665191367006,
          "cv": 1.0,
          "lambda": 0.15
        },
        "MS3_6": {
          "meanserv": 0.8642079609446771,
          "stddevserv": 0.8642079609446771,
          "rate": 1.1571288916465046,
          "cv": 1.0,
          "lambda": 0.15
        },
        "MS3_7": {
          "meanserv": 0.34761145366348956,
          "stddevserv": 0.34761145366348956,
          "rate": 2.8767751737204406,
          "cv": 1.0,
          "lambda": 0.15
        }
      },
      "sensors": [
        "S3"
      ],
      "sources": [
        {
          "startTime": 0,
          "stopTime": -1,
          "lambda": 0.15
        }
      ]
    },
    "SC4": {
      "resptime": 32.154500621388536,
      "resptime_old": 22.15450062138854,
      "waittime": 17.56885169791577,
      "servicetime": 10.0,
      "networktime": 4.585648923472766,
      "services": {
        "MS4_1": {
          "meanserv": 2.929917709710005,
          "stddevserv": 2.929917709710005,
          "rate": 0.3413065140655357,
          "cv": 1.0,
          "lambda": 0.15
        },
        "MS4_2": {
          "meanserv": 0.3794831548032951,
          "stddevserv": 0.3794831548032951,
          "rate": 2.6351630825835985,
          "cv": 1.0,
          "lambda": 0.15
        },
        "MS4_3": {
          "meanserv": 0.4322747373936662,
          "stddevserv": 0.4322747373936662,
          "rate": 2.3133436064974457,
          "cv": 1.0,
          "lambda": 0.15
        },
        "MS4_4": {
          "meanserv": 0.09730506350545953,
          "stddevserv": 0.09730506350545953,
          "rate": 10.276957477592033,
          "cv": 1.0,
          "lambda": 0.15
        },
        "MS4_5": {
          "meanserv": 1.2807042036161045,
          "stddevserv": 1.2807042036161045,
          "rate": 0.7808204245574206,
          "cv": 1.0,
          "lambda": 0.15
        },
        "MS4_6": {
          "meanserv": 3.803171384807218,
          "stddevserv": 3.803171384807218,
          "rate": 0.26293845289086015,
          "cv": 1.0,
          "lambda": 0.15
        },
        "MS4_7": {
          "meanserv": 1.0771437461642517,
          "stddevserv": 1.0771437461642517,
          "rate": 0.9283811966239758,
          "cv": 1.0,
          "lambda": 0.15
        }
      },
      "sensors": [
        "S4"
      ],
      "sources": [
        {
          "startTime": 0,
          "stopTime": -1,
          "lambda": 0.15
        }
      ]
    }
  },
  "microservice": {
    "MS1_1": "F9",
    "MS1_2": "F3",
    "MS1_3": "F10",
    "MS1_4": "F10",
    "MS1_5": "F7",
    "MS1_6": "F6",
    "MS1_7": "F9",
    "MS2_1": "F9",
    "MS2_2": "F9",
    "MS2_3": "F9",
    "MS2_4": "F5",
    "MS2_5": "F8",
    "MS2_6": "F4",
    "MS2_7": "F5",
    "MS3_1": "F9",
    "MS3_2": "F10",
    "MS3_3": "F3",
    "MS3_4": "F3",
    "MS3_5": "F2",
    "MS3_6": "F9",
    "MS3_7": "F9",
    "MS4_1": "F6",
    "MS4_2": "F8",
    "MS4_3": "F8",
    "MS4_4": "F8",
    "MS4_5": "F8",
    "MS4_6": "F1",
    "MS4_7": "F8"
  },
  "sensor": {
    "S1": "F9",
    "S2": "F9",
    "S3": "F9",
    "S4": "F6"
  },
  "fog": {
    "F1": {
      "rho": 0.5704757077210827,
      "capacity": 1.0,
      "tserv": 3.803171384807218,
      "stddev": 3.803171384807218,
      "mu": 0.26293845289086015,
      "cv": 1.0,
      "lambda": 0.15,
      "twait": 5.05120880549312
    },
    "F2": {
      "rho": 0.5101578344130583,
      "capacity": 1.0,
      "tserv": 3.401052229420389,
      "stddev": 3.401052229420388,
      "mu": 0.29402665191367,
      "cv": 0.9999999999999998,
      "lambda": 0.15,
      "twait": 3.5421071561036372
    },
    "F3": {
      "rho": 0.5697609532549722,
      "capacity": 1.0,
      "tserv": 1.2661354516777161,
      "stddev": 1.508224605233253,
      "mu": 0.7898049127958083,
      "cv": 1.191203202812742,
      "lambda": 0.44999999999999996,
      "twait": 2.027975159418662
    },
    "F4": {
      "rho": 0.6428160696018466,
      "capacity": 1.0,
      "tserv": 4.285440464012311,
      "stddev": 4.285440464012311,
      "mu": 0.23334824235633747,
      "cv": 1.0,
      "lambda": 0.15,
      "twait": 7.712413020704441
    },
    "F5": {
      "rho": 0.6652761516665634,
      "capacity": 1.0,
      "tserv": 2.217587172221878,
      "stddev": 2.23426196442835,
      "mu": 0.4509405594180386,
      "cv": 1.007519340125766,
      "lambda": 0.3,
      "twait": 4.4408037139122865
    },
    "F6": {
      "rho": 0.7341852201525634,
      "capacity": 1.0,
      "tserv": 2.4472840671752114,
      "stddev": 2.5406829340282604,
      "mu": 0.408616234385187,
      "cv": 1.0381642932693362,
      "lambda": 0.3,
      "twait": 7.022334734653072
    },
    "F7": {
      "rho": 0.6938483303699046,
      "capacity": 1.0,
      "tserv": 4.625655535799364,
      "stddev": 4.625655535799364,
      "mu": 0.2161855746197904,
      "cv": 1.0,
      "lambda": 0.15,
      "twait": 10.48337699499906
    },
    "F8": {
      "rho": 0.5497312128293961,
      "capacity": 1.0,
      "tserv": 0.610812458699329,
      "stddev": 0.8524237482998213,
      "mu": 1.637163724737068,
      "cv": 1.3955572388208684,
      "lambda": 0.9,
      "twait": 1.099061631553915
    },
    "F9": {
      "rho": 0.468034656821363,
      "capacity": 1.0,
      "tserv": 0.39002888068446917,
      "stddev": 0.6297353696455458,
      "mu": 2.5639126985803737,
      "cv": 1.6145865109794204,
      "lambda": 1.2,
      "twait": 0.6188626803453312
    },
    "F10": {
      "rho": 0.5957138631692498,
      "capacity": 1.0,
      "tserv": 1.3238085848205552,
      "stddev": 1.6094713740701876,
      "mu": 0.7553962192619803,
      "cv": 1.2157885909830042,
      "lambda": 0.44999999999999996,
      "twait": 2.41696424252649
    }
  },
  "extra": {
    "deltatime": 1.1441208,
    "conv": 9,
    "obj_func": 33.68917951780793
  },
  "network": [
    [
      0.0,
      1.216875841743406,
      1.2608800048460633,
      1.3546229221326789,
      1.7770868824666044,
      1.073725815095927,
      1.2323751399769598,
      1.3855349231697167,
      1.4059843732302184,
      1.4059843732302184
    ],
    [
      1.216875841743406,
      0.0,
      1.116412411064782,
      1.8689751251108573,
      1.722842300783806,
      1.440645584515611,
      1.4518043599765242,
      1.4059843732302184,
      1.360590663565194,
      1.360590663565194
    ],
    [
      1.2608800048460633,
      1.116412411064782,
      0.0,
      1.4543237979734411,
      1.7020632232513913,
      1.4162497773320322,
      1.3855349231697167,
      1.360590663565194,
      0.8962476797093347,
      0.8962476797093347
    ],
    [
      1.3546229221326789,
      1.8689751251108573,
      1.4543237979734411,
      0.0,
      0.966778619917083,
      1.2323751399769598,
      1.4059843732302184,
      0.8962476797093347,
      1.3139312388869246,
      1.3139312388869246
    ],
    [
      1.7770868824666044,
      1.722842300783806,
      1.7020632232513913,
      0.966778619917083,
      0.0,
      1.4518043599765242,
      1.360590663565194,
      1.3139312388869246,
      1.8145790771333328,
      1.8145790771333328
    ],
    [
      1.073725815095927,
      1.440645584515611,
      1.4162497773320322,
      1.2323751399769598,
      1.4518043599765242,
      0.0,
      0.8962476797093347,
      1.8145790771333328,
      1.7289646302414772,
      1.7289646302414772
    ],
    [
      1.2323751399769598,
      1.4518043599765242,
      1.3855349231697167,
      1.4059843732302184,
      1.360590663565194,
      0.8962476797093347,
      0.0,
      1.7289646302414772,
      1.464074731561741,
      1.464074731561741
    ],
    [
      1.3855349231697167,
      1.4059843732302184,
      1.360590663565194,
      0.8962476797093347,
      1.3139312388869246,
      1.8145790771333328,
      1.7289646302414772,
      0.0,
      1.783712184181267,
      1.783712184181267
    ],
    [
      1.4059843732302184,
      1.360590663565194,
      0.8962476797093347,
      1.3139312388869246,
      1.8145790771333328,
      1.7289646302414772,
      1.464074731561741,
      1.783712184181267,
      0.0,
      1.329027064489176
    ],
    [
      1.4059843732302184,
      1.360590663565194,
      0.8962476797093347,
      1.3139312388869246,
      1.8145790771333328,
      1.7289646302414772,
      1.464074731561741,
      1.783712184181267,
      1.329027064489176,
      0.0
    ]
  ]
}