{
  "servicechain": {
    "SC1": {
      "resptime": 40.7290797020535,
      "resptime_old": 30.729079702053497,
      "waittime": 26.425202266561488,
      "servicetime": 10.0,
      "networktime": 4.303877435492013,
      "services": {
        "MS1_1": {
          "meanserv": 1.554340955976945,
          "stddevserv": 1.554340955976945,
          "rate": 0.6433594869611302,
          "cv": 1.0,
          "lambda": 0.15
        },
        "MS1_2": {
          "meanserv": 0.797723116499971,
          "stddevserv": 0.797723116499971,
          "rate": 1.2535677847566002,
          "cv": 1.0,
          "lambda": 0.15
        },
        "MS1_3": {
          "meanserv": 0.07876596804311742,
          "stddevserv": 0.07876596804311742,
          "rate": 12.69583837848077,
          "cv": 1.0,
          "lambda": 0.15
        },
        "MS1_4": {
          "meanserv": 0.02620232319935889,
          "stddevserv": 0.02620232319935889,
          "rate": 38.16455481414975,
          "cv": 1.0,
          "lambda": 0.15
        },
        "MS1_5": {
          "meanserv": 2.6839419026706537,
          "stddevserv": 2.6839419026706537,
          "rate": 0.3725863063596686,
          "cv": 1.0,
          "lambda": 0.15
        },
        "MS1_6": {
          "meanserv": 0.43338385271985747,
          "stddevserv": 0.43338385271985747,
          "rate": 2.307423300900893,
          "cv": 1.0,
          "lambda": 0.15
        },
        "MS1_7": {
          "meanserv": 0.9912924945820265,
          "stddevserv": 0.9912924945820265,
          "rate": 1.0087839920765718,
          "cv": 1.0,
          "lambda": 0.15
        },
        "MS1_8": {
          "meanserv": 0.15844255839135535,
          "stddevserv": 0.15844255839135535,
          "rate": 6.311435577365432,
          "cv": 1.0,
          "lambda": 0.15
        },
        "MS1_9": {
          "meanserv": 0.4012542193496964,
          "stddevserv": 0.4012542193496964,
          "rate": 2.4921856313951722,
          "cv": 1.0,
          "lambda": 0.15
        },
        "MS1_10": {
          "meanserv": 1.024604378399136,
          "stddevserv": 1.024604378399136,
          "rate": 0.9759864598299116,
          "cv": 1.0,
          "lambda": 0.15
        },
        "MS1_11": {
          "meanserv": 0.29589152481215386,
          "stddevserv": 0.29589152481215386,
          "rate": 3.379616907361061,
          "cv": 1.0,
          "lambda": 0.15
        },
        "MS1_12": {
          "meanserv": 0.26187531427684085,
          "stddevserv": 0.26187531427684085,
          "rate": 3.818611169065185,
          "cv": 1.0,
          "lambda": 0.15
        },
        "MS1_13": {
          "meanserv": 0.5659315060160424,
          "stddevserv": 0.5659315060160424,
          "rate": 1.7669982840143434,
          "cv": 1.0,
          "lambda": 0.15
        },
        "MS1_14": {
          "meanserv": 0.3001702632652812,
          "stddevserv": 0.3001702632652812,
          "rate": 3.3314425923537634,
          "cv": 1.0,
          "lambda": 0.15
        },
        "MS1_15": {
          "meanserv": 0.42617962179756397,
          "stddevserv": 0.42617962179756397,
          "rate": 2.346428474881424,
          "cv": 1.0,
          "lambda": 0.15
        }
      },
      "sensors": [
        "S1"
      ],
      "sources": [
        {
          "startTime": 0,
          "stopTime": -1,
          "lambda": 0.15
        }
      ]
    },
    "SC2": {
      "resptime": 40.632486601649724,
      "resptime_old": 30.632486601649717,
      "waittime": 25.09685734611596,
      "servicetime": 10.0,
      "networktime": 5.5356292555337605,
      "services": {
        "MS2_1": {
          "meanserv": 1.4246527044328683,
          "stddevserv": 1.4246527044328683,
          "rate": 0.7019254565610671,
          "cv": 1.0,
          "lambda": 0.15
        },
        "MS2_2": {
          "meanserv": 1.1618088921456995,
          "stddevserv": 1.1618088921456995,
          "rate": 0.8607267570083227,
          "cv": 1.0,
          "lambda": 0.15
        },
        "MS2_3": {
          "meanserv": 1.0240853082626153,
          "stddevserv": 1.0240853082626153,
          "rate": 0.9764811504781017,
          "cv": 1.0,
          "lambda": 0.15
        },
        "MS2_4": {
          "meanserv": 0.6456086597778827,
          "stddevserv": 0.6456086597778827,
          "rate": 1.5489259396614092,
          "cv": 1.0,
          "lambda": 0.15
        },
        "MS2_5": {
          "meanserv": 0.6970693812314659,
          "stddevserv": 0.6970693812314659,
          "rate": 1.4345774279073438,
          "cv": 1.0,
          "lambda": 0.15
        },
        "MS2_6": {
          "meanserv": 1.3526335139802201,
          "stddevserv": 1.3526335139802201,
          "rate": 0.7392985532773242,
          "cv": 1.0,
          "lambda": 0.15
        },
        "MS2_7": {
          "meanserv": 1.2489264444859351,
          "stddevserv": 1.2489264444859351,
          "rate": 0.8006876661272117,
          "cv": 1.0,
          "lambda": 0.15
        },
        "MS2_8": {
          "meanserv": 0.15392952025797157,
          "stddevserv": 0.15392952025797157,
          "rate": 6.496479676699394,
          "cv": 1.0,
          "lambda": 0.15
        },
        "MS2_9": {
          "meanserv": 0.4358912848833665,
          "stddevserv": 0.4358912848833665,
          "rate": 2.294150020153706,
          "cv": 1.0,
          "lambda": 0.15
        },
        "MS2_10": {
          "meanserv": 0.42453971105082466,
          "stddevserv": 0.42453971105082466,
          "rate": 2.355492251890384,
          "cv": 1.0,
          "lambda": 0.15
        },
        "MS2_11": {
          "meanserv": 0.49810720365064753,
          "stddevserv": 0.49810720365064753,
          "rate": 2.0075999557343485,
          "cv": 1.0,
          "lambda": 0.15
        },
        "MS2_12": {
          "meanserv": 0.04147985862154435,
          "stddevserv": 0.04147985862154435,
          "rate": 24.108086026132376,
          "cv": 1.0,
          "lambda": 0.15
        },
        "MS2_13": {
          "meanserv": 0.230992550546274,
          "stddevserv": 0.230992550546274,
          "rate": 4.329143938343904,
          "cv": 1.0,
          "lambda": 0.15
        },
        "MS2_14": {
          "meanserv": 0.27144764622968687,
          "stddevserv": 0.27144764622968687,
          "rate": 3.683951634466724,
          "cv": 1.0,
          "lambda": 0.15
        },
        "MS2_15": {
          "meanserv": 0.3888273204429975,
          "stddevserv": 0.3888273204429975,
          "rate": 2.571835741533499,
          "cv": 1.0,
          "lambda": 0.15
        }
      },
      "sensors": [
        "S2"
      ],
      "sources": [
        {
          "startTime": 0,
          "stopTime": -1,
          "lambda": 0.15
        }
      ]
    },
    "SC3": {
      "resptime": 39.819658437712036,
      "resptime_old": 29.819658437712036,
      "waittime": 25.852362565733703,
      "servicetime": 10.0,
      "networktime": 3.967295871978334,
      "services": {
        "MS3_1": {
          "meanserv": 0.1831783696036715,
          "stddevserv": 0.1831783696036715,
          "rate": 5.459159846021234,
          "cv": 1.0,
          "lambda": 0.15
        },
        "MS3_2": {
          "meanserv": 0.012217099467188852,
          "stddevserv": 0.012217099467188852,
          "rate": 81.85248902046465,
          "cv": 1.0,
          "lambda": 0.15
        },
        "MS3_3": {
          "meanserv": 1.1107471459602203,
          "stddevserv": 1.1107471459602203,
          "rate": 0.9002949083749556,
          "cv": 1.0,
          "lambda": 0.15
        },
        "MS3_4": {
          "meanserv": 0.07518068685398394,
          "stddevserv": 0.07518068685398394,
          "rate": 13.30128842720208,
          "cv": 1.0,
          "lambda": 0.15
        },
        "MS3_5": {
          "meanserv": 0.7526105773094773,
          "stddevserv": 0.7526105773094773,
          "rate": 1.3287084053148974,
          "cv": 1.0,
          "lambda": 0.15
        },
        "MS3_6": {
          "meanserv": 1.415115381287285,
          "stddevserv": 1.415115381287285,
          "rate": 0.7066561590831781,
          "cv": 1.0,
          "lambda": 0.15
        },
        "MS3_7": {
          "meanserv": 0.22007149214626454,
          "stddevserv": 0.22007149214626454,
          "rate": 4.543977914846768,
          "cv": 1.0,
          "lambda": 0.15
        },
        "MS3_8": {
          "meanserv": 0.2791413699211036,
          "stddevserv": 0.2791413699211036,
          "rate": 3.5824141734442283,
          "cv": 1.0,
          "lambda": 0.15
        },
        "MS3_9": {
          "meanserv": 0.3113148184500405,
          "stddevserv": 0.3113148184500405,
          "rate": 3.212182462045182,
          "cv": 1.0,
          "lambda": 0.15
        },
        "MS3_10": {
          "meanserv": 1.7821335112219403,
          "stddevserv": 1.7821335112219403,
          "rate": 0.5611251871439972,
          "cv": 1.0,
          "lambda": 0.15
        },
        "MS3_11": {
          "meanserv": 0.32100505090228904,
          "stddevserv": 0.32100505090228904,
          "rate": 3.115215779904942,
          "cv": 1.0,
          "lambda": 0.15
        },
        "MS3_12": {
          "meanserv": 0.4510538781794349,
          "stddevserv": 0.4510538781794349,
          "rate": 2.217030045360097,
          "cv": 1.0,
          "lambda": 0.15
        },
        "MS3_13": {
          "meanserv": 0.7607198800686277,
          "stddevserv": 0.7607198800686277,
          "rate": 1.3145443233451266,
          "cv": 1.0,
          "lambda": 0.15
        },
        "MS3_14": {
          "meanserv": 2.272293689128264,
          "stddevserv": 2.272293689128264,
          "rate": 0.44008395780196746,
          "cv": 1.0,
          "lambda": 0.15
        },
        "MS3_15": {
          "meanserv": 0.053217049500208446,
          "stddevserv": 0.053217049500208446,
          "rate": 18.79097036366293,
          "cv": 1.0,
          "lambda": 0.15
        }
      },
      "sensors": [
        "S3"
      ],
      "sources": [
        {
          "startTime": 0,
          "stopTime": -1,
          "lambda": 0.15
        }
      ]
    },
    "SC4": {
      "resptime": 39.58430451660706,
      "resptime_old": 29.584304516607066,
      "waittime": 24.694677374450386,
      "servicetime": 10.0,
      "networktime": 4.88962714215668,
      "services": {
        "MS4_1": {
          "meanserv": 1.6804851927481135,
          "stddevserv": 1.6804851927481135,
          "rate": 0.5950662370102116,
          "cv": 1.0,
          "lambda": 0.15
        },
        "MS4_2": {
          "meanserv": 0.3349877884497343,
          "stddevserv": 0.3349877884497343,
          "rate": 2.9851834439333667,
          "cv": 1.0,
          "lambda": 0.15
        },
        "MS4_3": {
          "meanserv": 1.471384779384084,
          "stddevserv": 1.471384779384084,
          "rate": 0.6796318774063955,
          "cv": 1.0,
          "lambda": 0.15
        },
        "MS4_4": {
          "meanserv": 1.0154050835178938,
          "stddevserv": 1.0154050835178938,
          "rate": 0.9848286326630131,
          "cv": 1.0,
          "lambda": 0.15
        },
        "MS4_5": {
          "meanserv": 0.028004674851374034,
          "stddevserv": 0.028004674851374034,
          "rate": 35.70832388903582,
          "cv": 1.0,
          "lambda": 0.15
        },
        "MS4_6": {
          "meanserv": 0.7319164557490421,
          "stddevserv": 0.7319164557490421,
          "rate": 1.3662761537129284,
          "cv": 1.0,
          "lambda": 0.15
        },
        "MS4_7": {
          "meanserv": 1.0797453749124655,
          "stddevserv": 1.0797453749124655,
          "rate": 0.926144277377497,
          "cv": 1.0,
          "lambda": 0.15
        },
        "MS4_8": {
          "meanserv": 0.4301138655883907,
          "stddevserv": 0.4301138655883907,
          "rate": 2.3249657358337235,
          "cv": 1.0,
          "lambda": 0.15
        },
        "MS4_9": {
          "meanserv": 0.1579096172994614,
          "stddevserv": 0.1579096172994614,
          "rate": 6.332736517900552,
          "cv": 1.0,
          "lambda": 0.15
        },
        "MS4_10": {
          "meanserv": 0.5763042364394266,
          "stddevserv": 0.5763042364394266,
          "rate": 1.735194601688663,
          "cv": 1.0,
          "lambda": 0.15
        },
        "MS4_11": {
          "meanserv": 0.012076368229741341,
          "stddevserv": 0.012076368229741341,
          "rate": 82.80635212308515,
          "cv": 1.0,
          "lambda": 0.15
        },
        "MS4_12": {
          "meanserv": 0.881184507892681,
          "stddevserv": 0.881184507892681,
          "rate": 1.1348361109882217,
          "cv": 1.0,
          "lambda": 0.15
        },
        "MS4_13": {
          "meanserv": 0.6516831964222103,
          "stddevserv": 0.6516831964222103,
          "rate": 1.5344879313907052,
          "cv": 1.0,
          "lambda": 0.15
        },
        "MS4_14": {
          "meanserv": 0.771817654905572,
          "stddevserv": 0.771817654905572,
          "rate": 1.2956428162068216,
          "cv": 1.0,
          "lambda": 0.15
        },
        "MS4_15": {
          "meanserv": 0.1769812036098095,
          "stddevserv": 0.1769812036098095,
          "rate": 5.650317545611793,
          "cv": 1.0,
          "lambda": 0.15
        }
      },
      "sensors": [
        "S4"
      ],
      "sources": [
        {
          "startTime": 0,
          "stopTime": -1,
          "lambda": 0.15
        }
      ]
    }
  },
  "microservice": {
    "MS1_1": "F5",
    "MS1_2": "F5",
    "MS1_3": "F5",
    "MS1_4": "F7",
    "MS1_5": "F1",
    "MS1_6": "F4",
    "MS1_7": "F4",
    "MS1_8": "F8",
    "MS1_9": "F8",
    "MS1_10": "F8",
    "MS1_11": "F1",
    "MS1_12": "F1",
    "MS1_13": "F10",
    "MS1_14": "F7",
    "MS1_15": "F7",
    "MS2_1": "F7",
    "MS2_2": "F7",
    "MS2_3": "F6",
    "MS2_4": "F7",
    "MS2_5": "F6",
    "MS2_6": "F9",
    "MS2_7": "F10",
    "MS2_8": "F10",
    "MS2_9": "F8",
    "MS2_10": "F3",
    "MS2_11": "F9",
    "MS2_12": "F9",
    "MS2_13": "F5",
    "MS2_14": "F5",
    "MS2_15": "F5",
    "MS3_1": "F4",
    "MS3_2": "F4",
    "MS3_3": "F10",
    "MS3_4": "F8",
    "MS3_5": "F8",
    "MS3_6": "F8",
    "MS3_7": "F3",
    "MS3_8": "F9",
    "MS3_9": "F9",
    "MS3_10": "F3",
    "MS3_11": "F10",
    "MS3_12": "F2",
    "MS3_13": "F2",
    "MS3_14": "F2",
    "MS3_15": "F2",
    "MS4_1": "F4",
    "MS4_2": "F6",
    "MS4_3": "F6",
    "MS4_4": "F5",
    "MS4_5": "F9",
    "MS4_6": "F9",
    "MS4_7": "F9",
    "MS4_8": "F6",
    "MS4_9": "F6",
    "MS4_10": "F4",
    "MS4_11": "F4",
    "MS4_12": "F3",
    "MS4_13": "F3",
    "MS4_14": "F10",
    "MS4_15": "F10"
  },
  "sensor": {
    "S1": "F5",
    "S2": "F7",
    "S3": "F4",
    "S4": "F4"
  },
  "fog": {
    "F1": {
      "rho": 0.48625631126394714,
      "capacity": 1.0,
      "tserv": 1.0805695805865494,
      "stddev": 1.933602627887667,
      "mu": 0.9254378597787151,
      "cv": 1.7894290776148616,
      "lambda": 0.44999999999999996,
      "twait": 2.14883650338403
    },
    "F2": {
      "rho": 0.5305926745314804,
      "capacity": 1.0,
      "tserv": 0.8843211242191339,
      "stddev": 1.4805821995893362,
      "mu": 1.1308109380322808,
      "cv": 1.6742585459515151,
      "lambda": 0.6,
      "twait": 1.9007889347566964
    },
    "F3": {
      "rho": 0.5939418628100881,
      "capacity": 1.0,
      "tserv": 0.7919224837467841,
      "stddev": 1.1023591709646705,
      "mu": 1.2627498530774741,
      "cv": 1.392003881174244,
      "lambda": 0.75,
      "twait": 1.7014222779987695
    },
    "F4": {
      "rho": 0.5833406420685039,
      "capacity": 1.0,
      "tserv": 0.555562516255718,
      "stddev": 0.968093097314359,
      "mu": 1.7999774476140384,
      "cv": 1.742545742356669,
      "lambda": 1.05,
      "twait": 1.5698035185831278
    },
    "F5": {
      "rho": 0.6506253961885329,
      "capacity": 1.0,
      "tserv": 0.6196432344652694,
      "stddev": 0.9295107045400451,
      "mu": 1.6138318703067345,
      "cv": 1.5000739987779914,
      "lambda": 1.05,
      "twait": 1.8752726557278168
    },
    "F6": {
      "rho": 0.6173326110323628,
      "capacity": 1.0,
      "tserv": 0.685925123369292,
      "stddev": 0.9327915072981856,
      "mu": 1.457885075105515,
      "cv": 1.359902816675202,
      "lambda": 0.9,
      "twait": 1.57647865828875
    },
    "F7": {
      "rho": 0.5976933696927981,
      "capacity": 1.0,
      "tserv": 0.6641037441031089,
      "stddev": 0.956654281271784,
      "mu": 1.505788830253515,
      "cv": 1.4405193311532567,
      "lambda": 0.9,
      "twait": 1.5170009455158744
    },
    "F8": {
      "rho": 0.639464862971145,
      "capacity": 1.0,
      "tserv": 0.6090141552106143,
      "stddev": 0.8787014529687934,
      "mu": 1.6419979592332656,
      "cv": 1.4428259925500642,
      "lambda": 1.05,
      "twait": 1.6644219739879769
    },
    "F9": {
      "rho": 0.6483514905204658,
      "capacity": 1.0,
      "tserv": 0.5402929087670548,
      "stddev": 0.8350083733605899,
      "mu": 1.85084790818742,
      "cv": 1.545473501153428,
      "lambda": 1.2,
      "twait": 1.6877456622414577
    },
    "F10": {
      "rho": 0.6524007789206759,
      "capacity": 1.0,
      "tserv": 0.6213340751625485,
      "stddev": 0.8479255726957636,
      "mu": 1.6094401385251371,
      "cv": 1.364685451178476,
      "lambda": 1.05,
      "twait": 1.6689989935481349
    }
  },
  "extra": {
    "deltatime": 0.1006768,
    "obj_func": 40.19138231450558
  },
  "network": [
    [
      0.0,
      0.7345613785310173,
      0.5948553617539563,
      0.6395965445546643,
      0.7687631359935031,
      0.4985046030250835,
      0.7214188952207418,
      0.6837962892560703,
      0.5875727345887727,
      0.5875727345887727
    ],
    [
      0.7345613785310173,
      0.0,
      0.723010244179704,
      0.9004381181532456,
      0.6286978432408001,
      0.5611938503242361,
      0.7830979131516433,
      0.5875727345887727,
      0.4995962046089354,
      0.4995962046089354
    ],
    [
      0.5948553617539563,
      0.723010244179704,
      0.0,
      0.6562763845162491,
      0.5942270696407067,
      0.6496215633645467,
      0.6837962892560703,
      0.4995962046089354,
      0.454539789316381,
      0.454539789316381
    ],
    [
      0.6395965445546643,
      0.9004381181532456,
      0.6562763845162491,
      0.0,
      0.7083632216360851,
      0.7214188952207418,
      0.5875727345887727,
      0.454539789316381,
      0.718896568362752,
      0.718896568362752
    ],
    [
      0.7687631359935031,
      0.6286978432408001,
      0.5942270696407067,
      0.7083632216360851,
      0.0,
      0.7830979131516433,
      0.4995962046089354,
      0.718896568362752,
      0.8592733236158256,
      0.8592733236158256
    ],
    [
      0.4985046030250835,
      0.5611938503242361,
      0.6496215633645467,
      0.7214188952207418,
      0.7830979131516433,
      0.0,
      0.454539789316381,
      0.8592733236158256,
      0.6936019411150978,
      0.6936019411150978
    ],
    [
      0.7214188952207418,
      0.7830979131516433,
      0.6837962892560703,
      0.5875727345887727,
      0.4995962046089354,
      0.454539789316381,
      0.0,
      0.6936019411150978,
      0.7173569779464473,
      0.7173569779464473
    ],
    [
      0.6837962892560703,
      0.5875727345887727,
      0.4995962046089354,
      0.454539789316381,
      0.718896568362752,
      0.8592733236158256,
      0.6936019411150978,
      0.0,
      0.8855875264485674,
      0.8855875264485674
    ],
    [
      0.5875727345887727,
      0.4995962046089354,
      0.454539789316381,
      0.718896568362752,
      0.8592733236158256,
      0.6936019411150978,
      0.7173569779464473,
      0.8855875264485674,
      0.0,
      0.7794111024798098
    ],
    [
      0.5875727345887727,
      0.4995962046089354,
      0.454539789316381,
      0.718896568362752,
      0.8592733236158256,
      0.6936019411150978,
      0.7173569779464473,
      0.8855875264485674,
      0.7794111024798098,
      0.0
    ]
  ]
}