{
  "servicechain": {
    "SC1": {
      "resptime": 10308.495943028103,
      "resptime_old": 10298.495943028101,
      "waittime": 10296.125932044548,
      "servicetime": 10.0,
      "networktime": 2.370010983554517,
      "services": {
        "MS1_1": {
          "meanserv": 1.0696885730191896,
          "stddevserv": 1.0696885730191896,
          "rate": 0.9348515308315447,
          "cv": 1.0,
          "lambda": 0.2
        },
        "MS1_2": {
          "meanserv": 0.27979112575239995,
          "stddevserv": 0.27979112575239995,
          "rate": 3.5740947727017836,
          "cv": 1.0,
          "lambda": 0.2
        },
        "MS1_3": {
          "meanserv": 7.176892734078964,
          "stddevserv": 7.176892734078964,
          "rate": 0.13933606604590468,
          "cv": 1.0,
          "lambda": 0.2
        },
        "MS1_4": {
          "meanserv": 1.1691508671846762,
          "stddevserv": 1.1691508671846762,
          "rate": 0.8553216082437738,
          "cv": 1.0,
          "lambda": 0.2
        },
        "MS1_5": {
          "meanserv": 0.3044766999647699,
          "stddevserv": 0.3044766999647699,
          "rate": 3.2843235627412772,
          "cv": 1.0,
          "lambda": 0.2
        }
      },
      "sensors": [
        "S1"
      ],
      "sources": [
        {
          "startTime": 0,
          "stopTime": -1,
          "lambda": 0.2
        }
      ]
    },
    "SC2": {
      "resptime": 8612.462591113657,
      "resptime_old": 8602.462591113657,
      "waittime": 8599.295459171173,
      "servicetime": 10.0,
      "networktime": 3.1671319424834286,
      "services": {
        "MS2_1": {
          "meanserv": 0.26860082452365486,
          "stddevserv": 0.26860082452365486,
          "rate": 3.722996762103882,
          "cv": 1.0,
          "lambda": 0.2
        },
        "MS2_2": {
          "meanserv": 0.9559510408878025,
          "stddevserv": 0.9559510408878025,
          "rate": 1.0460786768653851,
          "cv": 1.0,
          "lambda": 0.2
        },
        "MS2_3": {
          "meanserv": 1.2494535042909358,
          "stddevserv": 1.2494535042909358,
          "rate": 0.8003499102333539,
          "cv": 1.0,
          "lambda": 0.2
        },
        "MS2_4": {
          "meanserv": 6.55876849211022,
          "stddevserv": 6.55876849211022,
          "rate": 0.1524676471204825,
          "cv": 1.0,
          "lambda": 0.2
        },
        "MS2_5": {
          "meanserv": 0.967226138187387,
          "stddevserv": 0.967226138187387,
          "rate": 1.0338843839291112,
          "cv": 1.0,
          "lambda": 0.2
        }
      },
      "sensors": [
        "S2"
      ],
      "sources": [
        {
          "startTime": 0,
          "stopTime": -1,
          "lambda": 0.2
        }
      ]
    },
    "SC3": {
      "resptime": 66.78965734589531,
      "resptime_old": 56.78965734589531,
      "waittime": 52.28173647047005,
      "servicetime": 10.0,
      "networktime": 4.507920875425259,
      "services": {
        "MS3_1": {
          "meanserv": 1.4299131423179745,
          "stddevserv": 1.4299131423179745,
          "rate": 0.6993431771519635,
          "cv": 1.0,
          "lambda": 0.2
        },
        "MS3_2": {
          "meanserv": 0.0046346257538487645,
          "stddevserv": 0.0046346257538487645,
          "rate": 215.76715210922112,
          "cv": 1.0,
          "lambda": 0.2
        },
        "MS3_3": {
          "meanserv": 4.236383974694316,
          "stddevserv": 4.236383974694316,
          "rate": 0.23605036889323913,
          "cv": 1.0,
          "lambda": 0.2
        },
        "MS3_4": {
          "meanserv": 4.2676702738485055,
          "stddevserv": 4.2676702738485055,
          "rate": 0.23431988317556188,
          "cv": 1.0,
          "lambda": 0.2
        },
        "MS3_5": {
          "meanserv": 0.06139798338535485,
          "stddevserv": 0.06139798338535485,
          "rate": 16.287179885431353,
          "cv": 1.0,
          "lambda": 0.2
        }
      },
      "sensors": [
        "S3"
      ],
      "sources": [
        {
          "startTime": 0,
          "stopTime": -1,
          "lambda": 0.2
        }
      ]
    },
    "SC4": {
      "resptime": 41.09857271724976,
      "resptime_old": 31.098572717249763,
      "waittime": 24.952234721727734,
      "servicetime": 10.0,
      "networktime": 6.1463379955220265,
      "services": {
        "MS4_1": {
          "meanserv": 3.9428536013041295,
          "stddevserv": 3.9428536013041295,
          "rate": 0.2536234162154137,
          "cv": 1.0,
          "lambda": 0.2
        },
        "MS4_2": {
          "meanserv": 2.8375381082331437,
          "stddevserv": 2.8375381082331437,
          "rate": 0.3524181744373725,
          "cv": 1.0,
          "lambda": 0.2
        },
        "MS4_3": {
          "meanserv": 0.08762267999554307,
          "stddevserv": 0.08762267999554307,
          "rate": 11.41257035337044,
          "cv": 1.0,
          "lambda": 0.2
        },
        "MS4_4": {
          "meanserv": 2.9455925269887446,
          "stddevserv": 2.9455925269887446,
          "rate": 0.33949026922005804,
          "cv": 1.0,
          "lambda": 0.2
        },
        "MS4_5": {
          "meanserv": 0.18639308347843908,
          "stddevserv": 0.18639308347843908,
          "rate": 5.365005939802882,
          "cv": 1.0,
          "lambda": 0.2
        }
      },
      "sensors": [
        "S4"
      ],
      "sources": [
        {
          "startTime": 0,
          "stopTime": -1,
          "lambda": 0.2
        }
      ]
    }
  },
  "microservice": {
    "MS1_1": "F1",
    "MS1_2": "F1",
    "MS1_3": "F2",
    "MS1_4": "F10",
    "MS1_5": "F10",
    "MS2_1": "F3",
    "MS2_2": "F3",
    "MS2_3": "F3",
    "MS2_4": "F6",
    "MS2_5": "F10",
    "MS3_1": "F1",
    "MS3_2": "F1",
    "MS3_3": "F4",
    "MS3_4": "F5",
    "MS3_5": "F10",
    "MS4_1": "F7",
    "MS4_2": "F8",
    "MS4_3": "F3",
    "MS4_4": "F9",
    "MS4_5": "F3"
  },
  "sensor": {
    "S1": "F1",
    "S2": "F3",
    "S3": "F1",
    "S4": "F7"
  },
  "fog": {
    "F1": {
      "rho": 0.5568054933686827,
      "capacity": 1.0,
      "tserv": 0.6960068667108532,
      "stddev": 1.0719931610345863,
      "mu": 1.4367674340998084,
      "cv": 1.5402048633522054,
      "lambda": 0.8,
      "twait": 1.4743818990270399
    },
    "F2": {
      "rho": 1.435378546815793,
      "capacity": 1.0,
      "tserv": 7.176892734078964,
      "stddev": 7.176892734078965,
      "mu": 0.13933606604590468,
      "cv": 1.0000000000000002,
      "lambda": 0.2,
      "twait": 10291.256305431783
    },
    "F3": {
      "rho": 0.5496042266352751,
      "capacity": 1.0,
      "tserv": 0.5496042266352751,
      "stddev": 0.8565934755002435,
      "mu": 1.8194911020282487,
      "cv": 1.5585642067281456,
      "lambda": 1.0,
      "twait": 1.149896656963245
    },
    "F4": {
      "rho": 0.8472767949388633,
      "capacity": 1.0,
      "tserv": 4.236383974694316,
      "stddev": 4.236383974694316,
      "mu": 0.23605036889323913,
      "cv": 1.0,
      "lambda": 0.2,
      "twait": 23.502583217609224
    },
    "F5": {
      "rho": 0.8535340547697011,
      "capacity": 1.0,
      "tserv": 4.2676702738485055,
      "stddev": 4.2676702738485055,
      "mu": 0.23431988317556188,
      "cv": 1.0,
      "lambda": 0.2,
      "twait": 24.869958047452684
    },
    "F6": {
      "rho": 1.3117536984220441,
      "capacity": 1.0,
      "tserv": 6.558768492110221,
      "stddev": 6.55876849211022,
      "mu": 0.15246764712048247,
      "cv": 0.9999999999999999,
      "lambda": 0.2,
      "twait": 8594.885337792928
    },
    "F7": {
      "rho": 0.788570720260826,
      "capacity": 1.0,
      "tserv": 3.9428536013041295,
      "stddev": 3.9428536013041295,
      "mu": 0.2536234162154137,
      "cv": 1.0,
      "lambda": 0.2,
      "twait": 14.70571582185316
    },
    "F8": {
      "rho": 0.5675076216466287,
      "capacity": 1.0,
      "tserv": 2.8375381082331432,
      "stddev": 2.8375381082331446,
      "mu": 0.35241817443737256,
      "cv": 1.0000000000000004,
      "lambda": 0.2,
      "twait": 3.72335926303732
    },
    "F9": {
      "rho": 0.5891185053977489,
      "capacity": 1.0,
      "tserv": 2.945592526988744,
      "stddev": 2.945592526988745,
      "mu": 0.3394902692200581,
      "cv": 1.0000000000000002,
      "lambda": 0.2,
      "twait": 4.2233663229107625
    },
    "F10": {
      "rho": 0.5004503377444377,
      "capacity": 1.0,
      "tserv": 0.625562922180547,
      "stddev": 0.8989599508884312,
      "mu": 1.5985602159959613,
      "cv": 1.4370416132639294,
      "lambda": 0.8,
      "twait": 0.9604314073540666
    }
  },
  "extra": {
    "conv_gen": 3,
    "max_gen": 600,
    "population": 600,
    "deltatime": 39.4773788,
    "obj_func": 4757.211691051227
  },
  "network": [
    [
      0.0,
      0.9771581817114066,
      2.1239240017970977,
      1.3524880326596367,
      2.018038214220575,
      2.2692872239037363,
      1.3948948190366173,
      2.2485096782452465,
      2.4926201106390242,
      2.4926201106390242
    ],
    [
      0.9771581817114066,
      0.0,
      2.503007028127922,
      1.3956440939029304,
      1.8647474427795379,
      1.754569003802157,
      2.0229604848899294,
      2.4926201106390242,
      1.3928528018431106,
      1.3928528018431106
    ],
    [
      2.1239240017970977,
      2.503007028127922,
      0.0,
      1.6843536095051086,
      1.4695229782145343,
      1.6651059504456365,
      2.2485096782452465,
      1.3928528018431106,
      1.6257296008205617,
      1.6257296008205617
    ],
    [
      1.3524880326596367,
      1.3956440939029304,
      1.6843536095051086,
      0.0,
      1.48975792446082,
      1.3948948190366173,
      2.4926201106390242,
      1.6257296008205617,
      2.0946757158780414,
      2.0946757158780414
    ],
    [
      2.018038214220575,
      1.8647474427795379,
      1.4695229782145343,
      1.48975792446082,
      0.0,
      2.0229604848899294,
      1.3928528018431106,
      2.0946757158780414,
      1.665674918304802,
      1.665674918304802
    ],
    [
      2.2692872239037363,
      1.754569003802157,
      1.6651059504456365,
      1.3948948190366173,
      2.0229604848899294,
      0.0,
      1.6257296008205617,
      1.665674918304802,
      1.5020259920377923,
      1.5020259920377923
    ],
    [
      1.3948948190366173,
      2.0229604848899294,
      2.2485096782452465,
      2.4926201106390242,
      1.3928528018431106,
      1.6257296008205617,
      0.0,
      1.5020259920377923,
      2.4642154671890046,
      2.4642154671890046
    ],
    [
      2.2485096782452465,
      2.4926201106390242,
      1.3928528018431106,
      1.6257296008205617,
      2.0946757158780414,
      1.665674918304802,
      1.5020259920377923,
      0.0,
      1.608912740029656,
      1.608912740029656
    ],
    [
      2.4926201106390242,
      1.3928528018431106,
      1.6257296008205617,
      2.0946757158780414,
      1.665674918304802,
      1.5020259920377923,
      2.4642154671890046,
      1.608912740029656,
      0.0,
      2.56122494243773
    ],
    [
      2.4926201106390242,
      1.3928528018431106,
      1.6257296008205617,
      2.0946757158780414,
      1.665674918304802,
      1.5020259920377923,
      2.4642154671890046,
      1.608912740029656,
      2.56122494243773,
      0.0
    ]
  ]
}