{
  "servicechain": {
    "SC1": {
      "resptime": 37.2753480821754,
      "resptime_old": 27.275348082175395,
      "waittime": 22.937747808847742,
      "servicetime": 10.0,
      "networktime": 4.337600273327649,
      "services": {
        "MS1_1": {
          "meanserv": 4.490913449268073,
          "stddevserv": 4.490913449268073,
          "rate": 0.22267184867768483,
          "cv": 1.0,
          "lambda": 0.15
        },
        "MS1_2": {
          "meanserv": 0.6900680431031425,
          "stddevserv": 0.6900680431031425,
          "rate": 1.449132458740062,
          "cv": 1.0,
          "lambda": 0.15
        },
        "MS1_3": {
          "meanserv": 0.6109840906975439,
          "stddevserv": 0.6109840906975439,
          "rate": 1.636703827849801,
          "cv": 1.0,
          "lambda": 0.15
        },
        "MS1_4": {
          "meanserv": 1.353346668083807,
          "stddevserv": 1.353346668083807,
          "rate": 0.7389089754925041,
          "cv": 1.0,
          "lambda": 0.15
        },
        "MS1_5": {
          "meanserv": 2.854687748847433,
          "stddevserv": 2.854687748847433,
          "rate": 0.3503010094199428,
          "cv": 1.0,
          "lambda": 0.15
        }
      },
      "sensors": [
        "S1"
      ],
      "sources": [
        {
          "startTime": 0,
          "stopTime": -1,
          "lambda": 0.15
        }
      ]
    },
    "SC2": {
      "resptime": 30.561921126351272,
      "resptime_old": 20.561921126351272,
      "waittime": 17.05521702077473,
      "servicetime": 10.0,
      "networktime": 3.5067041055765436,
      "services": {
        "MS2_1": {
          "meanserv": 3.433580471734735,
          "stddevserv": 3.433580471734735,
          "rate": 0.2912411717832184,
          "cv": 1.0,
          "lambda": 0.15
        },
        "MS2_2": {
          "meanserv": 2.416233405644989,
          "stddevserv": 2.416233405644989,
          "rate": 0.41386730175310205,
          "cv": 1.0,
          "lambda": 0.15
        },
        "MS2_3": {
          "meanserv": 0.7918462434860354,
          "stddevserv": 0.7918462434860354,
          "rate": 1.2628714327134842,
          "cv": 1.0,
          "lambda": 0.15
        },
        "MS2_4": {
          "meanserv": 2.8311103119500993,
          "stddevserv": 2.8311103119500993,
          "rate": 0.3532183100669042,
          "cv": 1.0,
          "lambda": 0.15
        },
        "MS2_5": {
          "meanserv": 0.5272295671841416,
          "stddevserv": 0.5272295671841416,
          "rate": 1.8967069797334362,
          "cv": 1.0,
          "lambda": 0.15
        }
      },
      "sensors": [
        "S2"
      ],
      "sources": [
        {
          "startTime": 0,
          "stopTime": -1,
          "lambda": 0.15
        }
      ]
    },
    "SC3": {
      "resptime": 29.96661296932473,
      "resptime_old": 19.96661296932473,
      "waittime": 16.10814605077579,
      "servicetime": 10.0,
      "networktime": 3.8584669185489373,
      "services": {
        "MS3_1": {
          "meanserv": 3.195896213485664,
          "stddevserv": 3.195896213485664,
          "rate": 0.31290127501022047,
          "cv": 1.0,
          "lambda": 0.15
        },
        "MS3_2": {
          "meanserv": 1.2146492195034861,
          "stddevserv": 1.2146492195034861,
          "rate": 0.8232829560527536,
          "cv": 1.0,
          "lambda": 0.15
        },
        "MS3_3": {
          "meanserv": 2.8570281108363513,
          "stddevserv": 2.8570281108363513,
          "rate": 0.35001405698709254,
          "cv": 1.0,
          "lambda": 0.15
        },
        "MS3_4": {
          "meanserv": 0.2267952597987497,
          "stddevserv": 0.2267952597987497,
          "rate": 4.4092632310188735,
          "cv": 1.0,
          "lambda": 0.15
        },
        "MS3_5": {
          "meanserv": 2.5056311963757487,
          "stddevserv": 2.5056311963757487,
          "rate": 0.3991010334826779,
          "cv": 1.0,
          "lambda": 0.15
        }
      },
      "sensors": [
        "S3"
      ],
      "sources": [
        {
          "startTime": 0,
          "stopTime": -1,
          "lambda": 0.15
        }
      ]
    },
    "SC4": {
      "resptime": 36.621211845294624,
      "resptime_old": 26.621211845294624,
      "waittime": 20.47407944206936,
      "servicetime": 10.0,
      "networktime": 6.147132403225266,
      "services": {
        "MS4_1": {
          "meanserv": 0.4620977165996043,
          "stddevserv": 0.4620977165996043,
          "rate": 2.1640444522396853,
          "cv": 1.0,
          "lambda": 0.15
        },
        "MS4_2": {
          "meanserv": 4.105737170829067,
          "stddevserv": 4.105737170829067,
          "rate": 0.24356162082291086,
          "cv": 1.0,
          "lambda": 0.15
        },
        "MS4_3": {
          "meanserv": 1.2139755943369188,
          "stddevserv": 1.2139755943369188,
          "rate": 0.8237397890574615,
          "cv": 1.0,
          "lambda": 0.15
        },
        "MS4_4": {
          "meanserv": 1.3340027881981644,
          "stddevserv": 1.3340027881981644,
          "rate": 0.7496236206152901,
          "cv": 1.0,
          "lambda": 0.15
        },
        "MS4_5": {
          "meanserv": 2.8841867300362454,
          "stddevserv": 2.8841867300362454,
          "rate": 0.3467181890776653,
          "cv": 1.0,
          "lambda": 0.15
        }
      },
      "sensors": [
        "S4"
      ],
      "sources": [
        {
          "startTime": 0,
          "stopTime": -1,
          "lambda": 0.15
        }
      ]
    }
  },
  "microservice": {
    "MS1_1": "F7",
    "MS1_2": "F5",
    "MS1_3": "F5",
    "MS1_4": "F3",
    "MS1_5": "F3",
    "MS2_1": "F6",
    "MS2_2": "F5",
    "MS2_3": "F9",
    "MS2_4": "F9",
    "MS2_5": "F9",
    "MS3_1": "F8",
    "MS3_2": "F10",
    "MS3_3": "F10",
    "MS3_4": "F2",
    "MS3_5": "F2",
    "MS4_1": "F5",
    "MS4_2": "F1",
    "MS4_3": "F2",
    "MS4_4": "F4",
    "MS4_5": "F4"
  },
  "sensor": {
    "S1": "F7",
    "S2": "F6",
    "S3": "F8",
    "S4": "F5"
  },
  "fog": {
    "F1": {
      "rho": 0.61586057562436,
      "capacity": 1.0,
      "tserv": 4.105737170829067,
      "stddev": 4.105737170829067,
      "mu": 0.24356162082291086,
      "cv": 1.0,
      "lambda": 0.15,
      "twait": 6.5824060144279954
    },
    "F2": {
      "rho": 0.5919603075767126,
      "capacity": 1.0,
      "tserv": 1.3154673501704726,
      "stddev": 1.8632729271754467,
      "mu": 0.7601861041024006,
      "cv": 1.416434187388979,
      "lambda": 0.44999999999999996,
      "twait": 2.868603473140524
    },
    "F3": {
      "rho": 0.631205162539686,
      "capacity": 1.0,
      "tserv": 2.10401720846562,
      "stddev": 2.3566715795616724,
      "mu": 0.47528128381101126,
      "cv": 1.1200818938549955,
      "lambda": 0.3,
      "twait": 4.059488501587499
    },
    "F4": {
      "rho": 0.6327284277351615,
      "capacity": 1.0,
      "tserv": 2.109094759117205,
      "stddev": 2.3769341239718837,
      "mu": 0.47413706552405727,
      "cv": 1.1269925704840247,
      "lambda": 0.3,
      "twait": 4.12423556376803
    },
    "F5": {
      "rho": 0.6269074884067919,
      "capacity": 1.0,
      "tserv": 1.0448458140113197,
      "stddev": 1.5358724040956493,
      "mu": 0.9570790126065108,
      "cv": 1.4699512440014522,
      "lambda": 0.6,
      "twait": 2.774598826964778
    },
    "F6": {
      "rho": 0.5150370707602102,
      "capacity": 1.0,
      "tserv": 3.433580471734735,
      "stddev": 3.433580471734735,
      "mu": 0.2912411717832184,
      "cv": 1.0,
      "lambda": 0.15,
      "twait": 3.646508056097878
    },
    "F7": {
      "rho": 0.673637017390211,
      "capacity": 1.0,
      "tserv": 4.490913449268073,
      "stddev": 4.490913449268073,
      "mu": 0.22267184867768483,
      "cv": 1.0,
      "lambda": 0.15,
      "twait": 9.26957315174319
    },
    "F8": {
      "rho": 0.4793844320228496,
      "capacity": 1.0,
      "tserv": 3.195896213485664,
      "stddev": 3.195896213485664,
      "mu": 0.31290127501022047,
      "cv": 1.0,
      "lambda": 0.15,
      "twait": 2.9427911598161085
    },
    "F9": {
      "rho": 0.6225279183930412,
      "capacity": 1.0,
      "tserv": 1.3833953742067586,
      "stddev": 2.0082335432250447,
      "mu": 0.7228591468822873,
      "cv": 1.4516699857960487,
      "lambda": 0.44999999999999996,
      "twait": 3.544703379237358
    },
    "F10": {
      "rho": 0.6107515995509756,
      "capacity": 1.0,
      "tserv": 2.0358386651699187,
      "stddev": 2.3437882331705486,
      "mu": 0.4911980586224578,
      "cv": 1.151264229955534,
      "lambda": 0.3,
      "twait": 3.714073972339318
    }
  },
  "extra": {
    "conv_gen": 140,
    "max_gen": 600,
    "population": 600,
    "deltatime": 38.7527708,
    "obj_func": 33.606273505786504
  },
  "network": [
    [
      0.0,
      2.0749020052454443,
      2.9141884247021834,
      2.242699790211964,
      2.0465587054699848,
      1.9302283637869833,
      2.251306290276844,
      3.1394745663919847,
      2.48512766522037,
      2.48512766522037
    ],
    [
      2.0749020052454443,
      0.0,
      2.0127224125748926,
      2.0256716925098366,
      2.5348863103055916,
      2.4387263430204236,
      1.299838606835149,
      2.48512766522037,
      2.3193963914216216,
      2.3193963914216216
    ],
    [
      2.9141884247021834,
      2.0127224125748926,
      0.0,
      2.5501323145719734,
      2.0182038819060275,
      1.7541983077171819,
      3.1394745663919847,
      2.3193963914216216,
      1.225783735904509,
      1.225783735904509
    ],
    [
      2.242699790211964,
      2.0256716925098366,
      2.5501323145719734,
      0.0,
      1.7652223319702056,
      2.251306290276844,
      2.48512766522037,
      1.225783735904509,
      1.6958053021020034,
      1.6958053021020034
    ],
    [
      2.0465587054699848,
      2.5348863103055916,
      2.0182038819060275,
      1.7652223319702056,
      0.0,
      1.299838606835149,
      2.3193963914216216,
      1.6958053021020034,
      2.2068654987413945,
      2.2068654987413945
    ],
    [
      1.9302283637869833,
      2.4387263430204236,
      1.7541983077171819,
      2.251306290276844,
      1.299838606835149,
      0.0,
      1.225783735904509,
      2.2068654987413945,
      1.7153407546071262,
      1.7153407546071262
    ],
    [
      2.251306290276844,
      1.299838606835149,
      3.1394745663919847,
      2.48512766522037,
      2.3193963914216216,
      1.225783735904509,
      0.0,
      1.7153407546071262,
      2.1892598111686037,
      2.1892598111686037
    ],
    [
      3.1394745663919847,
      2.48512766522037,
      2.3193963914216216,
      1.225783735904509,
      1.6958053021020034,
      2.2068654987413945,
      1.7153407546071262,
      0.0,
      1.5390705271273155,
      1.5390705271273155
    ],
    [
      2.48512766522037,
      2.3193963914216216,
      1.225783735904509,
      1.6958053021020034,
      2.2068654987413945,
      1.7153407546071262,
      2.1892598111686037,
      1.5390705271273155,
      0.0,
      2.6407722237267715
    ],
    [
      2.48512766522037,
      2.3193963914216216,
      1.225783735904509,
      1.6958053021020034,
      2.2068654987413945,
      1.7153407546071262,
      2.1892598111686037,
      1.5390705271273155,
      2.6407722237267715,
      0.0
    ]
  ]
}