{
  "servicechain": {
    "SC1": {
      "resptime": 25.18565792958371,
      "resptime_old": 15.185657929583709,
      "waittime": 11.237958058884068,
      "servicetime": 10.0,
      "networktime": 3.947699870699639,
      "services": {
        "MS1_1": {
          "meanserv": 0.013499335731690376,
          "stddevserv": 0.013499335731690376,
          "rate": 74.07771907268365,
          "cv": 1.0,
          "lambda": 0.125
        },
        "MS1_2": {
          "meanserv": 2.8741306366148756,
          "stddevserv": 2.8741306366148756,
          "rate": 0.3479312969496024,
          "cv": 1.0,
          "lambda": 0.125
        },
        "MS1_3": {
          "meanserv": 3.017648335492431,
          "stddevserv": 3.017648335492431,
          "rate": 0.3313838753967388,
          "cv": 1.0,
          "lambda": 0.125
        },
        "MS1_4": {
          "meanserv": 0.9880429748440953,
          "stddevserv": 0.9880429748440953,
          "rate": 1.0121017257956735,
          "cv": 1.0,
          "lambda": 0.125
        },
        "MS1_5": {
          "meanserv": 3.1066787173169077,
          "stddevserv": 3.1066787173169077,
          "rate": 0.32188716342823276,
          "cv": 1.0,
          "lambda": 0.125
        }
      },
      "sensors": [
        "S1"
      ],
      "sources": [
        {
          "startTime": 0,
          "stopTime": -1,
          "lambda": 0.125
        }
      ]
    },
    "SC2": {
      "resptime": 29.469695322415163,
      "resptime_old": 19.469695322415166,
      "waittime": 13.28993464920894,
      "servicetime": 10.0,
      "networktime": 6.179760673206224,
      "services": {
        "MS2_1": {
          "meanserv": 0.851127960232303,
          "stddevserv": 0.851127960232303,
          "rate": 1.17491146657556,
          "cv": 1.0,
          "lambda": 0.125
        },
        "MS2_2": {
          "meanserv": 3.9916181402899595,
          "stddevserv": 3.9916181402899595,
          "rate": 0.250524966280306,
          "cv": 1.0,
          "lambda": 0.125
        },
        "MS2_3": {
          "meanserv": 2.835272352799654,
          "stddevserv": 2.835272352799654,
          "rate": 0.35269980289990926,
          "cv": 1.0,
          "lambda": 0.125
        },
        "MS2_4": {
          "meanserv": 0.16774200095173342,
          "stddevserv": 0.16774200095173342,
          "rate": 5.961536134815412,
          "cv": 1.0,
          "lambda": 0.125
        },
        "MS2_5": {
          "meanserv": 2.15423954572635,
          "stddevserv": 2.15423954572635,
          "rate": 0.4642009297358933,
          "cv": 1.0,
          "lambda": 0.125
        }
      },
      "sensors": [
        "S2"
      ],
      "sources": [
        {
          "startTime": 0,
          "stopTime": -1,
          "lambda": 0.125
        }
      ]
    },
    "SC3": {
      "resptime": 25.19089156330481,
      "resptime_old": 15.19089156330481,
      "waittime": 11.477190227652933,
      "servicetime": 10.0,
      "networktime": 3.7137013356518778,
      "services": {
        "MS3_1": {
          "meanserv": 1.9805637602777149,
          "stddevserv": 1.9805637602777149,
          "rate": 0.5049067442594122,
          "cv": 1.0,
          "lambda": 0.125
        },
        "MS3_2": {
          "meanserv": 0.8963424105875564,
          "stddevserv": 0.8963424105875564,
          "rate": 1.115645079590171,
          "cv": 1.0,
          "lambda": 0.125
        },
        "MS3_3": {
          "meanserv": 2.853178222561037,
          "stddevserv": 2.853178222561037,
          "rate": 0.35048634259600914,
          "cv": 1.0,
          "lambda": 0.125
        },
        "MS3_4": {
          "meanserv": 2.365900632115741,
          "stddevserv": 2.365900632115741,
          "rate": 0.4226720202977145,
          "cv": 1.0,
          "lambda": 0.125
        },
        "MS3_5": {
          "meanserv": 1.9040149744579509,
          "stddevserv": 1.9040149744579509,
          "rate": 0.5252059534272767,
          "cv": 1.0,
          "lambda": 0.125
        }
      },
      "sensors": [
        "S3"
      ],
      "sources": [
        {
          "startTime": 0,
          "stopTime": -1,
          "lambda": 0.125
        }
      ]
    },
    "SC4": {
      "resptime": 31.406408442549935,
      "resptime_old": 21.40640844254994,
      "waittime": 17.098595366204982,
      "servicetime": 10.0,
      "networktime": 4.307813076344953,
      "services": {
        "MS4_1": {
          "meanserv": 0.4129217365281179,
          "stddevserv": 0.4129217365281179,
          "rate": 2.4217664306269935,
          "cv": 1.0,
          "lambda": 0.125
        },
        "MS4_2": {
          "meanserv": 5.020390345893368,
          "stddevserv": 5.020390345893368,
          "rate": 0.1991876987848147,
          "cv": 1.0,
          "lambda": 0.125
        },
        "MS4_3": {
          "meanserv": 2.924481488951704,
          "stddevserv": 2.924481488951704,
          "rate": 0.3419409573211063,
          "cv": 1.0,
          "lambda": 0.125
        },
        "MS4_4": {
          "meanserv": 0.3110579267800624,
          "stddevserv": 0.3110579267800624,
          "rate": 3.2148352892066407,
          "cv": 1.0,
          "lambda": 0.125
        },
        "MS4_5": {
          "meanserv": 1.331148501846748,
          "stddevserv": 1.331148501846748,
          "rate": 0.7512309848320197,
          "cv": 1.0,
          "lambda": 0.125
        }
      },
      "sensors": [
        "S4"
      ],
      "sources": [
        {
          "startTime": 0,
          "stopTime": -1,
          "lambda": 0.125
        }
      ]
    }
  },
  "microservice": {
    "MS1_1": "F9",
    "MS1_2": "F9",
    "MS1_3": "F4",
    "MS1_4": "F4",
    "MS1_5": "F3",
    "MS2_1": "F9",
    "MS2_2": "F2",
    "MS2_3": "F7",
    "MS2_4": "F6",
    "MS2_5": "F6",
    "MS3_1": "F6",
    "MS3_2": "F5",
    "MS3_3": "F5",
    "MS3_4": "F10",
    "MS3_5": "F10",
    "MS4_1": "F8",
    "MS4_2": "F1",
    "MS4_3": "F8",
    "MS4_4": "F8",
    "MS4_5": "F7"
  },
  "sensor": {
    "S1": "F9",
    "S2": "F9",
    "S3": "F6",
    "S4": "F8"
  },
  "fog": {
    "F1": {
      "rho": 0.627548793236671,
      "capacity": 1.0,
      "tserv": 5.020390345893368,
      "stddev": 5.020390345893368,
      "mu": 0.1991876987848147,
      "cv": 1.0,
      "lambda": 0.125,
      "twait": 8.458933266779294
    },
    "F2": {
      "rho": 0.498952267536245,
      "capacity": 1.0,
      "tserv": 3.9916181402899595,
      "stddev": 3.9916181402899595,
      "mu": 0.250524966280306,
      "cv": 1.0,
      "lambda": 0.125,
      "twait": 3.9749245295318367
    },
    "F3": {
      "rho": 0.38833483966461346,
      "capacity": 1.0,
      "tserv": 3.1066787173169077,
      "stddev": 3.1066787173169077,
      "mu": 0.32188716342823276,
      "cv": 1.0,
      "lambda": 0.125,
      "twait": 1.9723725655998148
    },
    "F4": {
      "rho": 0.5007114137920659,
      "capacity": 1.0,
      "tserv": 2.0028456551682634,
      "stddev": 2.463947986141879,
      "mu": 0.49928959698893416,
      "cv": 1.2302235970024746,
      "lambda": 0.25,
      "twait": 2.5241990993160996
    },
    "F5": {
      "rho": 0.4686900791435742,
      "capacity": 1.0,
      "tserv": 1.8747603165742968,
      "stddev": 2.3300921531374486,
      "mu": 0.5334015186684106,
      "cv": 1.2428746931208616,
      "lambda": 0.25,
      "twait": 2.104246348415963
    },
    "F6": {
      "rho": 0.5378181633694747,
      "capacity": 1.0,
      "tserv": 1.434181768985266,
      "stddev": 1.9159335736650513,
      "mu": 0.6972616872040809,
      "cv": 1.3359070761446379,
      "lambda": 0.375,
      "twait": 2.3236304217446304
    },
    "F7": {
      "rho": 0.5208026068308003,
      "capacity": 1.0,
      "tserv": 2.083210427323201,
      "stddev": 2.3390083291879944,
      "mu": 0.4800283192154233,
      "cv": 1.1227902368909886,
      "lambda": 0.25,
      "twait": 2.5591556288618156
    },
    "F8": {
      "rho": 0.45605764403248555,
      "capacity": 1.0,
      "tserv": 1.2161537174199615,
      "stddev": 2.0978256325601667,
      "mu": 0.8222644766662178,
      "cv": 1.7249674958940628,
      "lambda": 0.375,
      "twait": 2.0268354901879584
    },
    "F9": {
      "rho": 0.46734474157235856,
      "capacity": 1.0,
      "tserv": 1.2462526441929562,
      "stddev": 2.106420260908021,
      "mu": 0.8024055191855392,
      "cv": 1.6902032430768392,
      "lambda": 0.375,
      "twait": 2.1085936473260274
    },
    "F10": {
      "rho": 0.5337394508217115,
      "capacity": 1.0,
      "tserv": 2.134957803286846,
      "stddev": 2.159794898176764,
      "mu": 0.4683933323930165,
      "cv": 1.0116335296424501,
      "lambda": 0.25,
      "twait": 2.4725335545381886
    }
  },
  "extra": {
    "deltatime": 0.0168176,
    "obj_func": 27.813163314463406
  },
  "network": [
    [
      0.0,
      2.275482891699415,
      2.3418962386224558,
      2.2315619341566006,
      1.9576064529971198,
      2.223840276886998,
      1.9968408290009185,
      1.1422044568100393,
      2.6410539290863353,
      2.6410539290863353
    ],
    [
      2.275482891699415,
      0.0,
      1.9589270219567994,
      2.183724666932328,
      1.5650449786458531,
      2.4476557597789252,
      2.063992456903376,
      2.6410539290863353,
      2.080534950533528,
      2.080534950533528
    ],
    [
      2.3418962386224558,
      1.9589270219567994,
      0.0,
      2.2808004887147013,
      2.4388488748350814,
      2.2930022677776742,
      1.1422044568100393,
      2.080534950533528,
      2.03523326576932,
      2.03523326576932
    ],
    [
      2.2315619341566006,
      2.183724666932328,
      2.2808004887147013,
      0.0,
      1.7494834018026928,
      1.9968408290009185,
      2.6410539290863353,
      2.03523326576932,
      1.6668993819849378,
      1.6668993819849378
    ],
    [
      1.9576064529971198,
      1.5650449786458531,
      2.4388488748350814,
      1.7494834018026928,
      0.0,
      2.063992456903376,
      2.080534950533528,
      1.6668993819849378,
      1.649708878748502,
      1.649708878748502
    ],
    [
      2.223840276886998,
      2.4476557597789252,
      2.2930022677776742,
      1.9968408290009185,
      2.063992456903376,
      0.0,
      2.03523326576932,
      1.649708878748502,
      2.023404162724874,
      2.023404162724874
    ],
    [
      1.9968408290009185,
      2.063992456903376,
      1.1422044568100393,
      2.6410539290863353,
      2.080534950533528,
      2.03523326576932,
      0.0,
      2.023404162724874,
      1.7861479031642264,
      1.7861479031642264
    ],
    [
      1.1422044568100393,
      2.6410539290863353,
      2.080534950533528,
      2.03523326576932,
      1.6668993819849378,
      1.649708878748502,
      2.023404162724874,
      0.0,
      1.6254166409520265,
      1.6254166409520265
    ],
    [
      2.6410539290863353,
      2.080534950533528,
      2.03523326576932,
      1.6668993819849378,
      1.649708878748502,
      2.023404162724874,
      1.7861479031642264,
      1.6254166409520265,
      0.0,
      1.95676254465171
    ],
    [
      2.6410539290863353,
      2.080534950533528,
      2.03523326576932,
      1.6668993819849378,
      1.649708878748502,
      2.023404162724874,
      1.7861479031642264,
      1.6254166409520265,
      1.95676254465171,
      0.0
    ]
  ]
}