{
  "servicechain": {
    "SC1": {
      "resptime": 4612.441545888853,
      "resptime_old": 4602.441545888853,
      "waittime": 4596.632597027805,
      "servicetime": 10.0,
      "networktime": 5.808948861048647,
      "services": {
        "MS1_1": {
          "meanserv": 1.2586003780371569,
          "stddevserv": 1.2586003780371569,
          "rate": 0.7945333701230445,
          "cv": 1.0,
          "lambda": 0.225
        },
        "MS1_2": {
          "meanserv": 4.504822708339908,
          "stddevserv": 4.504822708339908,
          "rate": 0.22198431874991909,
          "cv": 1.0,
          "lambda": 0.225
        },
        "MS1_3": {
          "meanserv": 2.274970392960361,
          "stddevserv": 2.274970392960361,
          "rate": 0.43956616011108857,
          "cv": 1.0,
          "lambda": 0.225
        },
        "MS1_4": {
          "meanserv": 0.815944890335814,
          "stddevserv": 0.815944890335814,
          "rate": 1.2255729668071522,
          "cv": 1.0,
          "lambda": 0.225
        },
        "MS1_5": {
          "meanserv": 1.1456616303267602,
          "stddevserv": 1.1456616303267602,
          "rate": 0.8728580704189114,
          "cv": 1.0,
          "lambda": 0.225
        }
      },
      "sensors": [
        "S1"
      ],
      "sources": [
        {
          "startTime": 0,
          "stopTime": -1,
          "lambda": 0.225
        }
      ]
    },
    "SC2": {
      "resptime": 100.04452885960991,
      "resptime_old": 90.04452885960993,
      "waittime": 83.41200205911704,
      "servicetime": 10.0,
      "networktime": 6.632526800492874,
      "services": {
        "MS2_1": {
          "meanserv": 1.2190491792515257,
          "stddevserv": 1.2190491792515257,
          "rate": 0.82031145012048,
          "cv": 1.0,
          "lambda": 0.225
        },
        "MS2_2": {
          "meanserv": 1.8299198022092336,
          "stddevserv": 1.8299198022092336,
          "rate": 0.5464720359836074,
          "cv": 1.0,
          "lambda": 0.225
        },
        "MS2_3": {
          "meanserv": 1.5547257994111696,
          "stddevserv": 1.5547257994111696,
          "rate": 0.6432002352946968,
          "cv": 1.0,
          "lambda": 0.225
        },
        "MS2_4": {
          "meanserv": 4.155185896655351,
          "stddevserv": 4.155185896655351,
          "rate": 0.2406631195020501,
          "cv": 1.0,
          "lambda": 0.225
        },
        "MS2_5": {
          "meanserv": 1.24111932247272,
          "stddevserv": 1.24111932247272,
          "rate": 0.80572430216272,
          "cv": 1.0,
          "lambda": 0.225
        }
      },
      "sensors": [
        "S2"
      ],
      "sources": [
        {
          "startTime": 0,
          "stopTime": -1,
          "lambda": 0.225
        }
      ]
    },
    "SC3": {
      "resptime": 5214.441118575958,
      "resptime_old": 5204.441118575958,
      "waittime": 5197.5793032394995,
      "servicetime": 10.0,
      "networktime": 6.861815336458614,
      "services": {
        "MS3_1": {
          "meanserv": 0.36246184006922255,
          "stddevserv": 0.36246184006922255,
          "rate": 2.7589111168475586,
          "cv": 1.0,
          "lambda": 0.225
        },
        "MS3_2": {
          "meanserv": 4.796401517148545,
          "stddevserv": 4.796401517148545,
          "rate": 0.20848963466146572,
          "cv": 1.0,
          "lambda": 0.225
        },
        "MS3_3": {
          "meanserv": 2.575123697910354,
          "stddevserv": 2.575123697910354,
          "rate": 0.3883308599161563,
          "cv": 1.0,
          "lambda": 0.225
        },
        "MS3_4": {
          "meanserv": 1.4460857539651872,
          "stddevserv": 1.4460857539651872,
          "rate": 0.6915219220284732,
          "cv": 1.0,
          "lambda": 0.225
        },
        "MS3_5": {
          "meanserv": 0.8199271909066912,
          "stddevserv": 0.8199271909066912,
          "rate": 1.2196204871485978,
          "cv": 1.0,
          "lambda": 0.225
        }
      },
      "sensors": [
        "S3"
      ],
      "sources": [
        {
          "startTime": 0,
          "stopTime": -1,
          "lambda": 0.225
        }
      ]
    },
    "SC4": {
      "resptime": 4934.396565538631,
      "resptime_old": 4924.396565538631,
      "waittime": 4918.444279914569,
      "servicetime": 10.0,
      "networktime": 5.952285624061967,
      "services": {
        "MS4_1": {
          "meanserv": 4.662360030363361,
          "stddevserv": 4.662360030363361,
          "rate": 0.2144836506592274,
          "cv": 1.0,
          "lambda": 0.225
        },
        "MS4_2": {
          "meanserv": 1.8810608425814,
          "stddevserv": 1.8810608425814,
          "rate": 0.5316149150325671,
          "cv": 1.0,
          "lambda": 0.225
        },
        "MS4_3": {
          "meanserv": 2.5742176316048404,
          "stddevserv": 2.5742176316048404,
          "rate": 0.3884675435839399,
          "cv": 1.0,
          "lambda": 0.225
        },
        "MS4_4": {
          "meanserv": 0.4281830681599583,
          "stddevserv": 0.4281830681599583,
          "rate": 2.335449657776812,
          "cv": 1.0,
          "lambda": 0.225
        },
        "MS4_5": {
          "meanserv": 0.4541784272904401,
          "stddevserv": 0.4541784272904401,
          "rate": 2.2017778474549066,
          "cv": 1.0,
          "lambda": 0.225
        }
      },
      "sensors": [
        "S4"
      ],
      "sources": [
        {
          "startTime": 0,
          "stopTime": -1,
          "lambda": 0.225
        }
      ]
    }
  },
  "microservice": {
    "MS1_1": "F10",
    "MS1_2": "F5",
    "MS1_3": "F7",
    "MS1_4": "F6",
    "MS1_5": "F2",
    "MS2_1": "F3",
    "MS2_2": "F4",
    "MS2_3": "F2",
    "MS2_4": "F9",
    "MS2_5": "F3",
    "MS3_1": "F3",
    "MS3_2": "F8",
    "MS3_3": "F6",
    "MS3_4": "F7",
    "MS3_5": "F3",
    "MS4_1": "F1",
    "MS4_2": "F4",
    "MS4_3": "F10",
    "MS4_4": "F2",
    "MS4_5": "F2"
  },
  "sensor": {
    "S1": "F10",
    "S2": "F3",
    "S3": "F3",
    "S4": "F1"
  },
  "fog": {
    "F1": {
      "rho": 1.0490310068317563,
      "capacity": 1.0,
      "tserv": 4.662360030363361,
      "stddev": 4.662360030363361,
      "mu": 0.2144836506592274,
      "cv": 1.0,
      "lambda": 0.225,
      "twait": 4886.069276627347
    },
    "F2": {
      "rho": 0.8061185081673738,
      "capacity": 1.0,
      "tserv": 0.895687231297082,
      "stddev": 1.1213430415388725,
      "mu": 1.116461154137319,
      "cv": 1.2519359463403412,
      "lambda": 0.9,
      "twait": 4.780495632365242
    },
    "F3": {
      "rho": 0.8195754448575358,
      "capacity": 1.0,
      "tserv": 0.9106393831750398,
      "stddev": 1.0420146557425745,
      "mu": 1.0981295323659241,
      "cv": 1.1442670666290327,
      "lambda": 0.9,
      "twait": 4.776380811119729
    },
    "F4": {
      "rho": 0.8349706450778926,
      "capacity": 1.0,
      "tserv": 1.855490322395317,
      "stddev": 1.8558426763893134,
      "mu": 0.5389411024839328,
      "cv": 1.000189898049989,
      "lambda": 0.45,
      "twait": 9.389688188102996
    },
    "F5": {
      "rho": 1.0135851093764794,
      "capacity": 1.0,
      "tserv": 4.504822708339908,
      "stddev": 4.504822708339908,
      "mu": 0.22198431874991909,
      "cv": 1.0,
      "lambda": 0.225,
      "twait": 4561.455196336796
    },
    "F6": {
      "rho": 0.7629904323553879,
      "capacity": 1.0,
      "tserv": 1.695534294123084,
      "stddev": 2.1029007539722735,
      "mu": 0.5897845908903845,
      "cv": 1.2402584608646186,
      "lambda": 0.45,
      "twait": 6.927278692280099
    },
    "F7": {
      "rho": 0.8372376330582483,
      "capacity": 1.0,
      "tserv": 1.860528073462774,
      "stddev": 1.9506638830214142,
      "mu": 0.5374818118916217,
      "cv": 1.048446358237896,
      "lambda": 0.45,
      "twait": 10.045302531974484
    },
    "F8": {
      "rho": 1.0791903413584225,
      "capacity": 1.0,
      "tserv": 4.796401517148545,
      "stddev": 4.796401517148545,
      "mu": 0.20848963466146572,
      "cv": 1.0,
      "lambda": 0.225,
      "twait": 5171.053960393006
    },
    "F9": {
      "rho": 0.934916826747454,
      "capacity": 1.0,
      "tserv": 4.155185896655351,
      "stddev": 4.155185896655351,
      "mu": 0.2406631195020501,
      "cv": 1.0,
      "lambda": 0.225,
      "twait": 59.689056616409346
    },
    "F10": {
      "rho": 0.8623840521694494,
      "capacity": 1.0,
      "tserv": 1.9164090048209987,
      "stddev": 2.1302694319502162,
      "mu": 0.521809278439184,
      "cv": 1.1115943551669927,
      "lambda": 0.45,
      "twait": 13.424323834388415
    }
  },
  "extra": {
    "conv_gen": 9,
    "max_gen": 600,
    "population": 600,
    "deltatime": 38.7107531,
    "obj_func": 3715.330939715763
  },
  "network": [
    [
      0.0,
      2.427042765379618,
      2.5404720542652175,
      2.255672652665346,
      2.117719785441516,
      2.084871635385528,
      2.4648156949165565,
      2.260320300157894,
      2.4616405475248944,
      2.4616405475248944
    ],
    [
      2.427042765379618,
      0.0,
      1.2740238241834432,
      1.5449710731107333,
      2.7343033099524496,
      1.2074538247479274,
      2.5031184521756957,
      2.4616405475248944,
      1.6420731387826806,
      1.6420731387826806
    ],
    [
      2.5404720542652175,
      1.2740238241834432,
      0.0,
      2.1783070379983234,
      2.000157140103221,
      1.9557134967342564,
      2.260320300157894,
      1.6420731387826806,
      1.2671755506011368,
      1.2671755506011368
    ],
    [
      2.255672652665346,
      1.5449710731107333,
      2.1783070379983234,
      0.0,
      2.15366447908819,
      2.4648156949165565,
      2.4616405475248944,
      1.2671755506011368,
      2.054539832613941,
      2.054539832613941
    ],
    [
      2.117719785441516,
      2.7343033099524496,
      2.000157140103221,
      2.15366447908819,
      0.0,
      2.5031184521756957,
      1.6420731387826806,
      2.054539832613941,
      1.692246346916902,
      1.692246346916902
    ],
    [
      2.084871635385528,
      1.2074538247479274,
      1.9557134967342564,
      2.4648156949165565,
      2.5031184521756957,
      0.0,
      1.2671755506011368,
      1.692246346916902,
      2.013453958546471,
      2.013453958546471
    ],
    [
      2.4648156949165565,
      2.5031184521756957,
      2.260320300157894,
      2.4616405475248944,
      1.6420731387826806,
      1.2671755506011368,
      0.0,
      2.013453958546471,
      2.936369854299538,
      2.936369854299538
    ],
    [
      2.260320300157894,
      2.4616405475248944,
      1.6420731387826806,
      1.2671755506011368,
      2.054539832613941,
      1.692246346916902,
      2.013453958546471,
      0.0,
      1.9446485985881246,
      1.9446485985881246
    ],
    [
      2.4616405475248944,
      1.6420731387826806,
      1.2671755506011368,
      2.054539832613941,
      1.692246346916902,
      2.013453958546471,
      2.936369854299538,
      1.9446485985881246,
      0.0,
      2.183388116941902
    ],
    [
      2.4616405475248944,
      1.6420731387826806,
      1.2671755506011368,
      2.054539832613941,
      1.692246346916902,
      2.013453958546471,
      2.936369854299538,
      1.9446485985881246,
      2.183388116941902,
      0.0
    ]
  ]
}