{
  "servicechain": {
    "SC1": {
      "resptime": 32.247803580390304,
      "resptime_old": 22.247803580390304,
      "waittime": 16.98481155286619,
      "servicetime": 10.0,
      "networktime": 5.262992027524112,
      "services": {
        "MS1_1": {
          "meanserv": 0.8340494910964724,
          "stddevserv": 0.8340494910964724,
          "rate": 1.1989696183200866,
          "cv": 1.0,
          "lambda": 0.15
        },
        "MS1_2": {
          "meanserv": 0.3807042184423326,
          "stddevserv": 0.3807042184423326,
          "rate": 2.6267111094579993,
          "cv": 1.0,
          "lambda": 0.15
        },
        "MS1_3": {
          "meanserv": 1.469436080049523,
          "stddevserv": 1.469436080049523,
          "rate": 0.6805331743088123,
          "cv": 1.0,
          "lambda": 0.15
        },
        "MS1_4": {
          "meanserv": 1.487775676677649,
          "stddevserv": 1.487775676677649,
          "rate": 0.6721443398194944,
          "cv": 1.0,
          "lambda": 0.15
        },
        "MS1_5": {
          "meanserv": 1.808612124274573,
          "stddevserv": 1.808612124274573,
          "rate": 0.5529101494888496,
          "cv": 1.0,
          "lambda": 0.15
        },
        "MS1_6": {
          "meanserv": 3.656976771673957,
          "stddevserv": 3.656976771673957,
          "rate": 0.27344991845333944,
          "cv": 1.0,
          "lambda": 0.15
        },
        "MS1_7": {
          "meanserv": 0.10331095107099308,
          "stddevserv": 0.10331095107099308,
          "rate": 9.679515962570331,
          "cv": 1.0,
          "lambda": 0.15
        },
        "MS1_8": {
          "meanserv": 0.2591346867144999,
          "stddevserv": 0.2591346867144999,
          "rate": 3.8589970824775923,
          "cv": 1.0,
          "lambda": 0.15
        }
      },
      "sensors": [
        "S1"
      ],
      "sources": [
        {
          "startTime": 0,
          "stopTime": -1,
          "lambda": 0.15
        }
      ]
    },
    "SC2": {
      "resptime": 33.363199347866335,
      "resptime_old": 23.36319934786633,
      "waittime": 19.446174888574205,
      "servicetime": 10.0,
      "networktime": 3.9170244592921266,
      "services": {
        "MS2_1": {
          "meanserv": 3.6254753506158623,
          "stddevserv": 3.6254753506158623,
          "rate": 0.2758258995831069,
          "cv": 1.0,
          "lambda": 0.15
        },
        "MS2_2": {
          "meanserv": 0.023826338403083014,
          "stddevserv": 0.023826338403083014,
          "rate": 41.970359989120475,
          "cv": 1.0,
          "lambda": 0.15
        },
        "MS2_3": {
          "meanserv": 0.9616435761403439,
          "stddevserv": 0.9616435761403439,
          "rate": 1.0398863204739572,
          "cv": 1.0,
          "lambda": 0.15
        },
        "MS2_4": {
          "meanserv": 1.4581131128670766,
          "stddevserv": 1.4581131128670766,
          "rate": 0.6858178499154347,
          "cv": 1.0,
          "lambda": 0.15
        },
        "MS2_5": {
          "meanserv": 0.45302281976772285,
          "stddevserv": 0.45302281976772285,
          "rate": 2.2073943217975804,
          "cv": 1.0,
          "lambda": 0.15
        },
        "MS2_6": {
          "meanserv": 0.25907987255694387,
          "stddevserv": 0.25907987255694387,
          "rate": 3.859813539858089,
          "cv": 1.0,
          "lambda": 0.15
        },
        "MS2_7": {
          "meanserv": 1.890388399125694,
          "stddevserv": 1.890388399125694,
          "rate": 0.5289918201267532,
          "cv": 1.0,
          "lambda": 0.15
        },
        "MS2_8": {
          "meanserv": 1.3284505305232734,
          "stddevserv": 1.3284505305232734,
          "rate": 0.7527566717942462,
          "cv": 1.0,
          "lambda": 0.15
        }
      },
      "sensors": [
        "S2"
      ],
      "sources": [
        {
          "startTime": 0,
          "stopTime": -1,
          "lambda": 0.15
        }
      ]
    },
    "SC3": {
      "resptime": 33.64248264757536,
      "resptime_old": 23.642482647575363,
      "waittime": 17.413415570458135,
      "servicetime": 10.0,
      "networktime": 6.229067077117227,
      "services": {
        "MS3_1": {
          "meanserv": 0.7519235672563962,
          "stddevserv": 0.7519235672563962,
          "rate": 1.3299224064073163,
          "cv": 1.0,
          "lambda": 0.15
        },
        "MS3_2": {
          "meanserv": 0.5103228292855677,
          "stddevserv": 0.5103228292855677,
          "rate": 1.9595439251658826,
          "cv": 1.0,
          "lambda": 0.15
        },
        "MS3_3": {
          "meanserv": 2.6186725960883983,
          "stddevserv": 2.6186725960883983,
          "rate": 0.3818728624165291,
          "cv": 1.0,
          "lambda": 0.15
        },
        "MS3_4": {
          "meanserv": 0.14036383505351502,
          "stddevserv": 0.14036383505351502,
          "rate": 7.124342246838302,
          "cv": 1.0,
          "lambda": 0.15
        },
        "MS3_5": {
          "meanserv": 0.863182934492297,
          "stddevserv": 0.863182934492297,
          "rate": 1.1585029778052498,
          "cv": 1.0,
          "lambda": 0.15
        },
        "MS3_6": {
          "meanserv": 1.0758632501029899,
          "stddevserv": 1.0758632501029899,
          "rate": 0.9294861590488125,
          "cv": 1.0,
          "lambda": 0.15
        },
        "MS3_7": {
          "meanserv": 3.645436339034312,
          "stddevserv": 3.645436339034312,
          "rate": 0.2743155844726405,
          "cv": 1.0,
          "lambda": 0.15
        },
        "MS3_8": {
          "meanserv": 0.394234648686524,
          "stddevserv": 0.394234648686524,
          "rate": 2.536560404651674,
          "cv": 1.0,
          "lambda": 0.15
        }
      },
      "sensors": [
        "S3"
      ],
      "sources": [
        {
          "startTime": 0,
          "stopTime": -1,
          "lambda": 0.15
        }
      ]
    },
    "SC4": {
      "resptime": 30.114402109790106,
      "resptime_old": 20.114402109790106,
      "waittime": 17.88150751518498,
      "servicetime": 10.0,
      "networktime": 2.232894594605129,
      "services": {
        "MS4_1": {
          "meanserv": 2.408594514654716,
          "stddevserv": 2.408594514654716,
          "rate": 0.41517988765467023,
          "cv": 1.0,
          "lambda": 0.15
        },
        "MS4_2": {
          "meanserv": 0.7567057082491502,
          "stddevserv": 0.7567057082491502,
          "rate": 1.3215177169916943,
          "cv": 1.0,
          "lambda": 0.15
        },
        "MS4_3": {
          "meanserv": 0.6894520156822326,
          "stddevserv": 0.6894520156822326,
          "rate": 1.4504272628900379,
          "cv": 1.0,
          "lambda": 0.15
        },
        "MS4_4": {
          "meanserv": 1.1982299670388965,
          "stddevserv": 1.1982299670388965,
          "rate": 0.8345643386563194,
          "cv": 1.0,
          "lambda": 0.15
        },
        "MS4_5": {
          "meanserv": 0.7191321816449099,
          "stddevserv": 0.7191321816449099,
          "rate": 1.3905649413611918,
          "cv": 1.0,
          "lambda": 0.15
        },
        "MS4_6": {
          "meanserv": 0.7861887237993352,
          "stddevserv": 0.7861887237993352,
          "rate": 1.2719592252193601,
          "cv": 1.0,
          "lambda": 0.15
        },
        "MS4_7": {
          "meanserv": 2.1656567261529363,
          "stddevserv": 2.1656567261529363,
          "rate": 0.4617536971228104,
          "cv": 1.0,
          "lambda": 0.15
        },
        "MS4_8": {
          "meanserv": 1.2760401627778233,
          "stddevserv": 1.2760401627778233,
          "rate": 0.7836743929933138,
          "cv": 1.0,
          "lambda": 0.15
        }
      },
      "sensors": [
        "S4"
      ],
      "sources": [
        {
          "startTime": 0,
          "stopTime": -1,
          "lambda": 0.15
        }
      ]
    }
  },
  "microservice": {
    "MS1_1": "F1",
    "MS1_2": "F1",
    "MS1_3": "F7",
    "MS1_4": "F10",
    "MS1_5": "F10",
    "MS1_6": "F4",
    "MS1_7": "F3",
    "MS1_8": "F3",
    "MS2_1": "F2",
    "MS2_2": "F1",
    "MS2_3": "F1",
    "MS2_4": "F5",
    "MS2_5": "F1",
    "MS2_6": "F1",
    "MS2_7": "F7",
    "MS2_8": "F7",
    "MS3_1": "F10",
    "MS3_2": "F3",
    "MS3_3": "F5",
    "MS3_4": "F1",
    "MS3_5": "F1",
    "MS3_6": "F6",
    "MS3_7": "F9",
    "MS3_8": "F3",
    "MS4_1": "F6",
    "MS4_2": "F6",
    "MS4_3": "F3",
    "MS4_4": "F3",
    "MS4_5": "F3",
    "MS4_6": "F8",
    "MS4_7": "F8",
    "MS4_8": "F8"
  },
  "sensor": {
    "S1": "F1",
    "S2": "F2",
    "S3": "F10",
    "S4": "F6"
  },
  "fog": {
    "F1": {
      "rho": 0.5873809628929065,
      "capacity": 1.0,
      "tserv": 0.4894841357440889,
      "stddev": 0.6790913563496618,
      "mu": 2.042967130037526,
      "cv": 1.3873613193149592,
      "lambda": 1.2,
      "twait": 1.0189929107397169
    },
    "F2": {
      "rho": 0.5438213025923794,
      "capacity": 1.0,
      "tserv": 3.625475350615863,
      "stddev": 3.625475350615862,
      "mu": 0.2758258995831068,
      "cv": 0.9999999999999998,
      "lambda": 0.15,
      "twait": 4.322014024093588
    },
    "F3": {
      "rho": 0.5810725920185436,
      "capacity": 1.0,
      "tserv": 0.553402468589089,
      "stddev": 0.7270359579354249,
      "mu": 1.8070031428474118,
      "cv": 1.3137562609523914,
      "lambda": 1.05,
      "twait": 1.0462162877022347
    },
    "F4": {
      "rho": 0.5485465157510935,
      "capacity": 1.0,
      "tserv": 3.6569767716739565,
      "stddev": 3.656976771673957,
      "mu": 0.27344991845333944,
      "cv": 1.0000000000000002,
      "lambda": 0.15,
      "twait": 4.443474103698405
    },
    "F5": {
      "rho": 0.6115178563433212,
      "capacity": 1.0,
      "tserv": 2.0383928544777374,
      "stddev": 2.1973835774013986,
      "mu": 0.4905825674394904,
      "cv": 1.0779980770509503,
      "lambda": 0.3,
      "twait": 3.4687076981941574
    },
    "F6": {
      "rho": 0.6361745209510284,
      "capacity": 1.0,
      "tserv": 1.4137211576689523,
      "stddev": 1.7384862247335637,
      "mu": 0.7073530692918777,
      "cv": 1.2297235669869353,
      "lambda": 0.44999999999999996,
      "twait": 3.1050929215556913
    },
    "F7": {
      "rho": 0.7032412514547735,
      "capacity": 1.0,
      "tserv": 1.5627583365661635,
      "stddev": 1.5988060289243589,
      "mu": 0.6398942028345164,
      "cv": 1.0230667093655714,
      "lambda": 0.44999999999999996,
      "twait": 3.789740761663796
    },
    "F8": {
      "rho": 0.6341828419095141,
      "capacity": 1.0,
      "tserv": 1.4092952042433649,
      "stddev": 1.62424768286279,
      "mu": 0.7095745426430292,
      "cv": 1.1525248067063643,
      "lambda": 0.44999999999999996,
      "twait": 2.84422426965563
    },
    "F9": {
      "rho": 0.5468154508551467,
      "capacity": 1.0,
      "tserv": 3.6454363390343114,
      "stddev": 3.6454363390343123,
      "mu": 0.2743155844726405,
      "cv": 1.0000000000000002,
      "lambda": 0.15,
      "twait": 4.398607408514342
    },
    "F10": {
      "rho": 0.6072467052312928,
      "capacity": 1.0,
      "tserv": 1.3494371227362063,
      "stddev": 1.4873852916789578,
      "mu": 0.7410497185466004,
      "cv": 1.102226451769045,
      "lambda": 0.44999999999999996,
      "twait": 2.310589145310043
    }
  },
  "extra": {
    "conv_gen": 584,
    "max_gen": 600,
    "population": 600,
    "deltatime": 52.651294,
    "obj_func": 32.34197192140553
  },
  "network": [
    [
      0.0,
      1.0634045781966508,
      1.283157568968134,
      1.1610715844901964,
      0.8861845534562468,
      0.9609536015510453,
      1.0812507741829822,
      1.411231947410708,
      1.4918523963479946,
      1.4918523963479946
    ],
    [
      1.0634045781966508,
      0.0,
      1.5507847218368696,
      1.0989326375428699,
      1.344775014047987,
      1.0838175074686964,
      1.3598868157478534,
      1.4918523963479946,
      0.9756198877752154,
      0.9756198877752154
    ],
    [
      1.283157568968134,
      1.5507847218368696,
      0.0,
      1.1637774705621577,
      1.0962467667645461,
      1.2572747068299137,
      1.411231947410708,
      0.9756198877752154,
      1.267302959444074,
      1.267302959444074
    ],
    [
      1.1610715844901964,
      1.0989326375428699,
      1.1637774705621577,
      0.0,
      1.0460752447780994,
      1.0812507741829822,
      1.4918523963479946,
      1.267302959444074,
      2.09265009619848,
      2.09265009619848
    ],
    [
      0.8861845534562468,
      1.344775014047987,
      1.0962467667645461,
      1.0460752447780994,
      0.0,
      1.3598868157478534,
      0.9756198877752154,
      2.09265009619848,
      0.623819450573405,
      0.623819450573405
    ],
    [
      0.9609536015510453,
      1.0838175074686964,
      1.2572747068299137,
      1.0812507741829822,
      1.3598868157478534,
      0.0,
      1.267302959444074,
      0.623819450573405,
      0.7510762364572409,
      0.7510762364572409
    ],
    [
      1.0812507741829822,
      1.3598868157478534,
      1.411231947410708,
      1.4918523963479946,
      0.9756198877752154,
      1.267302959444074,
      0.0,
      0.7510762364572409,
      0.9253136865804923,
      0.9253136865804923
    ],
    [
      1.411231947410708,
      1.4918523963479946,
      0.9756198877752154,
      1.267302959444074,
      2.09265009619848,
      0.623819450573405,
      0.7510762364572409,
      0.0,
      1.279192119748913,
      1.279192119748913
    ],
    [
      1.4918523963479946,
      0.9756198877752154,
      1.267302959444074,
      2.09265009619848,
      0.623819450573405,
      0.7510762364572409,
      0.9253136865804923,
      1.279192119748913,
      0.0,
      1.3138208832709388
    ],
    [
      1.4918523963479946,
      0.9756198877752154,
      1.267302959444074,
      2.09265009619848,
      0.623819450573405,
      0.7510762364572409,
      0.9253136865804923,
      1.279192119748913,
      1.3138208832709388,
      0.0
    ]
  ]
}