{
  "servicechain": {
    "SC1": {
      "resptime": 28.215802865575153,
      "resptime_old": 18.215802865575153,
      "waittime": 12.850448291935507,
      "servicetime": 10.0,
      "networktime": 5.365354573639646,
      "services": {
        "MS1_1": {
          "meanserv": 4.930232736253033,
          "stddevserv": 4.930232736253033,
          "rate": 0.20283018135164102,
          "cv": 1.0,
          "lambda": 0.125
        },
        "MS1_2": {
          "meanserv": 2.1636331710418295,
          "stddevserv": 2.1636331710418295,
          "rate": 0.4621855559362133,
          "cv": 1.0,
          "lambda": 0.125
        },
        "MS1_3": {
          "meanserv": 1.112434819093215,
          "stddevserv": 1.112434819093215,
          "rate": 0.8989290723704023,
          "cv": 1.0,
          "lambda": 0.125
        },
        "MS1_4": {
          "meanserv": 0.05367015286278942,
          "stddevserv": 0.05367015286278942,
          "rate": 18.632330013230124,
          "cv": 1.0,
          "lambda": 0.125
        },
        "MS1_5": {
          "meanserv": 1.7400291207491332,
          "stddevserv": 1.7400291207491332,
          "rate": 0.5747030254122821,
          "cv": 1.0,
          "lambda": 0.125
        }
      },
      "sensors": [
        "S1"
      ],
      "sources": [
        {
          "startTime": 0,
          "stopTime": -1,
          "lambda": 0.125
        }
      ]
    },
    "SC2": {
      "resptime": 25.379127041493398,
      "resptime_old": 15.379127041493396,
      "waittime": 11.977473295245884,
      "servicetime": 10.0,
      "networktime": 3.4016537462475105,
      "services": {
        "MS2_1": {
          "meanserv": 1.352035934807212,
          "stddevserv": 1.352035934807212,
          "rate": 0.7396253119134669,
          "cv": 1.0,
          "lambda": 0.125
        },
        "MS2_2": {
          "meanserv": 1.8261510560523355,
          "stddevserv": 1.8261510560523355,
          "rate": 0.5475998257021193,
          "cv": 1.0,
          "lambda": 0.125
        },
        "MS2_3": {
          "meanserv": 2.0530617973355065,
          "stddevserv": 2.0530617973355065,
          "rate": 0.487077398886782,
          "cv": 1.0,
          "lambda": 0.125
        },
        "MS2_4": {
          "meanserv": 2.2314302067881266,
          "stddevserv": 2.2314302067881266,
          "rate": 0.4481430774567576,
          "cv": 1.0,
          "lambda": 0.125
        },
        "MS2_5": {
          "meanserv": 2.5373210050168193,
          "stddevserv": 2.5373210050168193,
          "rate": 0.3941164708851536,
          "cv": 1.0,
          "lambda": 0.125
        }
      },
      "sensors": [
        "S2"
      ],
      "sources": [
        {
          "startTime": 0,
          "stopTime": -1,
          "lambda": 0.125
        }
      ]
    },
    "SC3": {
      "resptime": 30.46939774850127,
      "resptime_old": 20.46939774850127,
      "waittime": 17.230551716638445,
      "servicetime": 10.0,
      "networktime": 3.238846031862825,
      "services": {
        "MS3_1": {
          "meanserv": 1.321397530301962,
          "stddevserv": 1.321397530301962,
          "rate": 0.7567745338312255,
          "cv": 1.0,
          "lambda": 0.125
        },
        "MS3_2": {
          "meanserv": 1.1091254258775565,
          "stddevserv": 1.1091254258775565,
          "rate": 0.9016112845927999,
          "cv": 1.0,
          "lambda": 0.125
        },
        "MS3_3": {
          "meanserv": 5.775368355689497,
          "stddevserv": 5.775368355689497,
          "rate": 0.17314912892350295,
          "cv": 1.0,
          "lambda": 0.125
        },
        "MS3_4": {
          "meanserv": 1.11418117302898,
          "stddevserv": 1.11418117302898,
          "rate": 0.8975201019430527,
          "cv": 1.0,
          "lambda": 0.125
        },
        "MS3_5": {
          "meanserv": 0.6799275151020048,
          "stddevserv": 0.6799275151020048,
          "rate": 1.4707450100029809,
          "cv": 1.0,
          "lambda": 0.125
        }
      },
      "sensors": [
        "S3"
      ],
      "sources": [
        {
          "startTime": 0,
          "stopTime": -1,
          "lambda": 0.125
        }
      ]
    },
    "SC4": {
      "resptime": 23.235308222716533,
      "resptime_old": 13.235308222716533,
      "waittime": 9.490543886250567,
      "servicetime": 10.0,
      "networktime": 3.7447643364659666,
      "services": {
        "MS4_1": {
          "meanserv": 1.0084179485327371,
          "stddevserv": 1.0084179485327371,
          "rate": 0.9916523217927791,
          "cv": 1.0,
          "lambda": 0.125
        },
        "MS4_2": {
          "meanserv": 1.5151522495742509,
          "stddevserv": 1.5151522495742509,
          "rate": 0.6599996800856114,
          "cv": 1.0,
          "lambda": 0.125
        },
        "MS4_3": {
          "meanserv": 3.311581712511985,
          "stddevserv": 3.311581712511985,
          "rate": 0.3019705043731066,
          "cv": 1.0,
          "lambda": 0.125
        },
        "MS4_4": {
          "meanserv": 1.7215821923164842,
          "stddevserv": 1.7215821923164842,
          "rate": 0.5808610268293055,
          "cv": 1.0,
          "lambda": 0.125
        },
        "MS4_5": {
          "meanserv": 2.443265897064543,
          "stddevserv": 2.443265897064543,
          "rate": 0.40928824046594686,
          "cv": 1.0,
          "lambda": 0.125
        }
      },
      "sensors": [
        "S4"
      ],
      "sources": [
        {
          "startTime": 0,
          "stopTime": -1,
          "lambda": 0.125
        }
      ]
    }
  },
  "microservice": {
    "MS1_1": "F7",
    "MS1_2": "F8",
    "MS1_3": "F2",
    "MS1_4": "F2",
    "MS1_5": "F8",
    "MS2_1": "F6",
    "MS2_2": "F10",
    "MS2_3": "F10",
    "MS2_4": "F3",
    "MS2_5": "F3",
    "MS3_1": "F4",
    "MS3_2": "F4",
    "MS3_3": "F1",
    "MS3_4": "F2",
    "MS3_5": "F2",
    "MS4_1": "F6",
    "MS4_2": "F6",
    "MS4_3": "F9",
    "MS4_4": "F5",
    "MS4_5": "F5"
  },
  "sensor": {
    "S1": "F7",
    "S2": "F6",
    "S3": "F4",
    "S4": "F6"
  },
  "fog": {
    "F1": {
      "rho": 0.7219210444611871,
      "capacity": 1.0,
      "tserv": 5.775368355689497,
      "stddev": 5.775368355689497,
      "mu": 0.17314912892350295,
      "cv": 1.0,
      "lambda": 0.125,
      "twait": 14.993439353973377
    },
    "F2": {
      "rho": 0.3700267075108736,
      "capacity": 1.0,
      "tserv": 0.7400534150217473,
      "stddev": 0.9614402503519364,
      "mu": 1.3512538145244746,
      "cv": 1.2991498057254198,
      "lambda": 0.5,
      "twait": 0.584170166272387
    },
    "F3": {
      "rho": 0.5960939014756182,
      "capacity": 1.0,
      "tserv": 2.384375605902473,
      "stddev": 2.3941661638748633,
      "mu": 0.419397010070276,
      "cv": 1.0041061307405401,
      "lambda": 0.25,
      "twait": 3.5333951046968597
    },
    "F4": {
      "rho": 0.3038153695224398,
      "capacity": 1.0,
      "tserv": 1.2152614780897593,
      "stddev": 1.2244958894529983,
      "mu": 0.8228681794241322,
      "cv": 1.007598703266522,
      "lambda": 0.25,
      "twait": 0.534386015060147
    },
    "F5": {
      "rho": 0.5206060111726284,
      "capacity": 1.0,
      "tserv": 2.0824240446905136,
      "stddev": 2.1440390823757483,
      "mu": 0.4802095915813431,
      "cv": 1.0295881320820957,
      "lambda": 0.25,
      "twait": 2.3293454071335695
    },
    "F6": {
      "rho": 0.484450766614275,
      "capacity": 1.0,
      "tserv": 1.2918687109714,
      "stddev": 1.3259479923794242,
      "mu": 0.7740724668902818,
      "cv": 1.0263798334293575,
      "lambda": 0.375,
      "twait": 1.2463878167278728
    },
    "F7": {
      "rho": 0.6162790920316291,
      "capacity": 1.0,
      "tserv": 4.930232736253033,
      "stddev": 4.930232736253033,
      "mu": 0.20283018135164102,
      "cv": 1.0,
      "lambda": 0.125,
      "twait": 7.918253321898949
    },
    "F8": {
      "rho": 0.48795778647387034,
      "capacity": 1.0,
      "tserv": 1.9518311458954813,
      "stddev": 1.9746809914008532,
      "mu": 0.51233940092764,
      "cv": 1.0117068761575114,
      "lambda": 0.25,
      "twait": 1.881927318745892
    },
    "F9": {
      "rho": 0.41394771406399805,
      "capacity": 1.0,
      "tserv": 3.311581712511985,
      "stddev": 3.311581712511985,
      "mu": 0.3019705043731066,
      "cv": 1.0,
      "lambda": 0.125,
      "twait": 2.3390774385276814
    },
    "F10": {
      "rho": 0.48490160667348026,
      "capacity": 1.0,
      "tserv": 1.939606426693921,
      "stddev": 1.9462315722254635,
      "mu": 0.5155685123731572,
      "cv": 1.003415716425953,
      "lambda": 0.25,
      "twait": 1.832147634562146
    }
  },
  "extra": {
    "conv_gen": 59,
    "max_gen": 600,
    "population": 600,
    "deltatime": 39.0888551,
    "obj_func": 26.824908969571588
  },
  "network": [
    [
      0.0,
      1.7335529177218492,
      1.5841255093145756,
      1.5052931141409756,
      2.0978229796998376,
      1.787080614219532,
      1.9187327114806518,
      2.1841631573981704,
      1.936802276879668,
      1.936802276879668
    ],
    [
      1.7335529177218492,
      0.0,
      1.8369255487236396,
      1.880138469305905,
      1.7836009895409446,
      2.379072567065996,
      1.8675052864621735,
      1.936802276879668,
      2.013838696495475,
      2.013838696495475
    ],
    [
      1.5841255093145756,
      1.8369255487236396,
      0.0,
      1.4822687516322859,
      2.3248307137279762,
      2.096627013057929,
      2.1841631573981704,
      2.013838696495475,
      1.9099037263672005,
      1.9099037263672005
    ],
    [
      1.5052931141409756,
      1.880138469305905,
      1.4822687516322859,
      0.0,
      1.7868437961845494,
      1.9187327114806518,
      1.936802276879668,
      1.9099037263672005,
      2.8118442635357663,
      2.8118442635357663
    ],
    [
      2.0978229796998376,
      1.7836009895409446,
      2.3248307137279762,
      1.7868437961845494,
      0.0,
      1.8675052864621735,
      2.013838696495475,
      2.8118442635357663,
      2.2530143165856567,
      2.2530143165856567
    ],
    [
      1.787080614219532,
      2.379072567065996,
      2.096627013057929,
      1.9187327114806518,
      1.8675052864621735,
      0.0,
      1.9099037263672005,
      2.2530143165856567,
      1.49175001988031,
      1.49175001988031
    ],
    [
      1.9187327114806518,
      1.8675052864621735,
      2.1841631573981704,
      1.936802276879668,
      2.013838696495475,
      1.9099037263672005,
      0.0,
      1.49175001988031,
      2.295667349526591,
      2.295667349526591
    ],
    [
      2.1841631573981704,
      1.936802276879668,
      2.013838696495475,
      1.9099037263672005,
      2.8118442635357663,
      2.2530143165856567,
      1.49175001988031,
      0.0,
      2.2320922080553465,
      2.2320922080553465
    ],
    [
      1.936802276879668,
      2.013838696495475,
      1.9099037263672005,
      2.8118442635357663,
      2.2530143165856567,
      1.49175001988031,
      2.295667349526591,
      2.2320922080553465,
      0.0,
      1.8838097700469167
    ],
    [
      1.936802276879668,
      2.013838696495475,
      1.9099037263672005,
      2.8118442635357663,
      2.2530143165856567,
      1.49175001988031,
      2.295667349526591,
      2.2320922080553465,
      1.8838097700469167,
      0.0
    ]
  ]
}