{
  "servicechain": {
    "SC1": {
      "resptime": 33.732169575950145,
      "resptime_old": 23.732169575950145,
      "waittime": 20.22404296634788,
      "servicetime": 10.0,
      "networktime": 3.508126609602264,
      "services": {
        "MS1_1": {
          "meanserv": 0.1077431587301525,
          "stddevserv": 0.1077431587301525,
          "rate": 9.28133175030207,
          "cv": 1.0,
          "lambda": 0.225
        },
        "MS1_2": {
          "meanserv": 1.373271960609913,
          "stddevserv": 1.373271960609913,
          "rate": 0.7281878817039771,
          "cv": 1.0,
          "lambda": 0.225
        },
        "MS1_3": {
          "meanserv": 0.2942116224076041,
          "stddevserv": 0.2942116224076041,
          "rate": 3.3989139919652414,
          "cv": 1.0,
          "lambda": 0.225
        },
        "MS1_4": {
          "meanserv": 1.1044197453277869,
          "stddevserv": 1.1044197453277869,
          "rate": 0.9054528445642779,
          "cv": 1.0,
          "lambda": 0.225
        },
        "MS1_5": {
          "meanserv": 1.1065979286825192,
          "stddevserv": 1.1065979286825192,
          "rate": 0.9036705871938226,
          "cv": 1.0,
          "lambda": 0.225
        },
        "MS1_6": {
          "meanserv": 0.5452778717582882,
          "stddevserv": 0.5452778717582882,
          "rate": 1.833927345658512,
          "cv": 1.0,
          "lambda": 0.225
        },
        "MS1_7": {
          "meanserv": 1.6815735954075164,
          "stddevserv": 1.6815735954075164,
          "rate": 0.5946810789198065,
          "cv": 1.0,
          "lambda": 0.225
        },
        "MS1_8": {
          "meanserv": 3.3334427226077414,
          "stddevserv": 3.3334427226077414,
          "rate": 0.299990155288375,
          "cv": 1.0,
          "lambda": 0.225
        },
        "MS1_9": {
          "meanserv": 0.3441052601729844,
          "stddevserv": 0.3441052601729844,
          "rate": 2.9060875137371984,
          "cv": 1.0,
          "lambda": 0.225
        },
        "MS1_10": {
          "meanserv": 0.10935613429549385,
          "stddevserv": 0.10935613429549385,
          "rate": 9.14443443380941,
          "cv": 1.0,
          "lambda": 0.225
        }
      },
      "sensors": [
        "S1"
      ],
      "sources": [
        {
          "startTime": 0,
          "stopTime": -1,
          "lambda": 0.225
        }
      ]
    },
    "SC2": {
      "resptime": 38.62481979793592,
      "resptime_old": 28.62481979793592,
      "waittime": 23.678270959372156,
      "servicetime": 10.0,
      "networktime": 4.946548838563762,
      "services": {
        "MS2_1": {
          "meanserv": 0.23772352298626176,
          "stddevserv": 0.23772352298626176,
          "rate": 4.206567307425403,
          "cv": 1.0,
          "lambda": 0.225
        },
        "MS2_2": {
          "meanserv": 0.15679086790131636,
          "stddevserv": 0.15679086790131636,
          "rate": 6.377922473325402,
          "cv": 1.0,
          "lambda": 0.225
        },
        "MS2_3": {
          "meanserv": 3.4007919744793513,
          "stddevserv": 3.4007919744793513,
          "rate": 0.29404915311031227,
          "cv": 1.0,
          "lambda": 0.225
        },
        "MS2_4": {
          "meanserv": 0.10345118703061829,
          "stddevserv": 0.10345118703061829,
          "rate": 9.666394641794025,
          "cv": 1.0,
          "lambda": 0.225
        },
        "MS2_5": {
          "meanserv": 1.394975083126945,
          "stddevserv": 1.394975083126945,
          "rate": 0.7168586823489509,
          "cv": 1.0,
          "lambda": 0.225
        },
        "MS2_6": {
          "meanserv": 2.1894864618501666,
          "stddevserv": 2.1894864618501666,
          "rate": 0.4567281037924194,
          "cv": 1.0,
          "lambda": 0.225
        },
        "MS2_7": {
          "meanserv": 0.6722958868128863,
          "stddevserv": 0.6722958868128863,
          "rate": 1.4874403065897686,
          "cv": 1.0,
          "lambda": 0.225
        },
        "MS2_8": {
          "meanserv": 1.2135113752402997,
          "stddevserv": 1.2135113752402997,
          "rate": 0.8240549041429297,
          "cv": 1.0,
          "lambda": 0.225
        },
        "MS2_9": {
          "meanserv": 0.615883803082923,
          "stddevserv": 0.615883803082923,
          "rate": 1.6236829008886264,
          "cv": 1.0,
          "lambda": 0.225
        },
        "MS2_10": {
          "meanserv": 0.015089837489231428,
          "stddevserv": 0.015089837489231428,
          "rate": 66.2697660404647,
          "cv": 1.0,
          "lambda": 0.225
        }
      },
      "sensors": [
        "S2"
      ],
      "sources": [
        {
          "startTime": 0,
          "stopTime": -1,
          "lambda": 0.225
        }
      ]
    },
    "SC3": {
      "resptime": 29.048887961276353,
      "resptime_old": 19.04888796127635,
      "waittime": 16.23204207533819,
      "servicetime": 10.0,
      "networktime": 2.816845885938163,
      "services": {
        "MS3_1": {
          "meanserv": 0.18999047018109283,
          "stddevserv": 0.18999047018109283,
          "rate": 5.263421891881377,
          "cv": 1.0,
          "lambda": 0.225
        },
        "MS3_2": {
          "meanserv": 1.2861726016863162,
          "stddevserv": 1.2861726016863162,
          "rate": 0.7775006237023616,
          "cv": 1.0,
          "lambda": 0.225
        },
        "MS3_3": {
          "meanserv": 0.12251578624735915,
          "stddevserv": 0.12251578624735915,
          "rate": 8.16221346350422,
          "cv": 1.0,
          "lambda": 0.225
        },
        "MS3_4": {
          "meanserv": 0.08360248441621532,
          "stddevserv": 0.08360248441621532,
          "rate": 11.96136702136142,
          "cv": 1.0,
          "lambda": 0.225
        },
        "MS3_5": {
          "meanserv": 0.882239892732237,
          "stddevserv": 0.882239892732237,
          "rate": 1.1334785563856877,
          "cv": 1.0,
          "lambda": 0.225
        },
        "MS3_6": {
          "meanserv": 1.0927921080697445,
          "stddevserv": 1.0927921080697445,
          "rate": 0.915087135618459,
          "cv": 1.0,
          "lambda": 0.225
        },
        "MS3_7": {
          "meanserv": 1.2890081077175113,
          "stddevserv": 1.2890081077175113,
          "rate": 0.7757903104044339,
          "cv": 1.0,
          "lambda": 0.225
        },
        "MS3_8": {
          "meanserv": 1.1612748070534877,
          "stddevserv": 1.1612748070534877,
          "rate": 0.8611226162197632,
          "cv": 1.0,
          "lambda": 0.225
        },
        "MS3_9": {
          "meanserv": 2.88287308511069,
          "stddevserv": 2.88287308511069,
          "rate": 0.3468761788941549,
          "cv": 1.0,
          "lambda": 0.225
        },
        "MS3_10": {
          "meanserv": 1.009530656785346,
          "stddevserv": 1.009530656785346,
          "rate": 0.9905593191040929,
          "cv": 1.0,
          "lambda": 0.225
        }
      },
      "sensors": [
        "S3"
      ],
      "sources": [
        {
          "startTime": 0,
          "stopTime": -1,
          "lambda": 0.225
        }
      ]
    },
    "SC4": {
      "resptime": 36.87530044773491,
      "resptime_old": 26.87530044773491,
      "waittime": 21.491582182376312,
      "servicetime": 10.0,
      "networktime": 5.383718265358598,
      "services": {
        "MS4_1": {
          "meanserv": 1.5996962538158455,
          "stddevserv": 1.5996962538158455,
          "rate": 0.6251186733823023,
          "cv": 1.0,
          "lambda": 0.225
        },
        "MS4_2": {
          "meanserv": 1.6122321873246612,
          "stddevserv": 1.6122321873246612,
          "rate": 0.6202580545544129,
          "cv": 1.0,
          "lambda": 0.225
        },
        "MS4_3": {
          "meanserv": 1.7140235380684548,
          "stddevserv": 1.7140235380684548,
          "rate": 0.5834225597198666,
          "cv": 1.0,
          "lambda": 0.225
        },
        "MS4_4": {
          "meanserv": 1.0968328971888148,
          "stddevserv": 1.0968328971888148,
          "rate": 0.9117159072845118,
          "cv": 1.0,
          "lambda": 0.225
        },
        "MS4_5": {
          "meanserv": 0.05800992898544077,
          "stddevserv": 0.05800992898544077,
          "rate": 17.238428274080082,
          "cv": 1.0,
          "lambda": 0.225
        },
        "MS4_6": {
          "meanserv": 0.6971065229082507,
          "stddevserv": 0.6971065229082507,
          "rate": 1.4345009939486888,
          "cv": 1.0,
          "lambda": 0.225
        },
        "MS4_7": {
          "meanserv": 1.4315547204225227,
          "stddevserv": 1.4315547204225227,
          "rate": 0.698541233341643,
          "cv": 1.0,
          "lambda": 0.225
        },
        "MS4_8": {
          "meanserv": 0.007050638059959979,
          "stddevserv": 0.007050638059959979,
          "rate": 141.8311352101481,
          "cv": 1.0,
          "lambda": 0.225
        },
        "MS4_9": {
          "meanserv": 1.6572107594827212,
          "stddevserv": 1.6572107594827212,
          "rate": 0.603423550250264,
          "cv": 1.0,
          "lambda": 0.225
        },
        "MS4_10": {
          "meanserv": 0.1262825537433283,
          "stddevserv": 0.1262825537433283,
          "rate": 7.918750218122125,
          "cv": 1.0,
          "lambda": 0.225
        }
      },
      "sensors": [
        "S4"
      ],
      "sources": [
        {
          "startTime": 0,
          "stopTime": -1,
          "lambda": 0.225
        }
      ]
    }
  },
  "microservice": {
    "MS1_1": "F15",
    "MS1_2": "F15",
    "MS1_3": "F15",
    "MS1_4": "F2",
    "MS1_5": "F10",
    "MS1_6": "F10",
    "MS1_7": "F2",
    "MS1_8": "F6",
    "MS1_9": "F10",
    "MS1_10": "F10",
    "MS2_1": "F13",
    "MS2_2": "F13",
    "MS2_3": "F3",
    "MS2_4": "F10",
    "MS2_5": "F9",
    "MS2_6": "F12",
    "MS2_7": "F5",
    "MS2_8": "F5",
    "MS2_9": "F1",
    "MS2_10": "F1",
    "MS3_1": "F1",
    "MS3_2": "F1",
    "MS3_3": "F1",
    "MS3_4": "F1",
    "MS3_5": "F13",
    "MS3_6": "F13",
    "MS3_7": "F7",
    "MS3_8": "F7",
    "MS3_9": "F11",
    "MS3_10": "F8",
    "MS4_1": "F9",
    "MS4_2": "F8",
    "MS4_3": "F4",
    "MS4_4": "F4",
    "MS4_5": "F5",
    "MS4_6": "F5",
    "MS4_7": "F14",
    "MS4_8": "F15",
    "MS4_9": "F14",
    "MS4_10": "F15"
  },
  "sensor": {
    "S1": "F15",
    "S2": "F13",
    "S3": "F1",
    "S4": "F9"
  },
  "fog": {
    "F1": {
      "rho": 0.5204823711982061,
      "capacity": 1.0,
      "tserv": 0.3855424971838563,
      "stddev": 0.7407085220831013,
      "mu": 2.5937477899436936,
      "cv": 1.9212110921455037,
      "lambda": 1.35,
      "twait": 0.981553462706842
    },
    "F2": {
      "rho": 0.6268485016654433,
      "capacity": 1.0,
      "tserv": 1.3929966703676517,
      "stddev": 1.451548485923323,
      "mu": 0.7178768056466864,
      "cv": 1.0420329903159193,
      "lambda": 0.45,
      "twait": 2.4404896361367157
    },
    "F3": {
      "rho": 0.7651781942578542,
      "capacity": 1.0,
      "tserv": 3.4007919744793513,
      "stddev": 3.4007919744793513,
      "mu": 0.29404915311031227,
      "cv": 1.0,
      "lambda": 0.225,
      "twait": 11.081644883253137
    },
    "F4": {
      "rho": 0.6324426979328857,
      "capacity": 1.0,
      "tserv": 1.4054282176286348,
      "stddev": 1.4716285599639303,
      "mu": 0.7115269121942707,
      "cv": 1.0471033251680364,
      "lambda": 0.45,
      "twait": 2.534861342101006
    },
    "F5": {
      "rho": 0.5942078356380475,
      "capacity": 1.0,
      "tserv": 0.6602309284867194,
      "stddev": 0.87809581354895,
      "mu": 1.5146215617193932,
      "cv": 1.329982852456772,
      "lambda": 0.9,
      "twait": 1.338445537434599
    },
    "F6": {
      "rho": 0.7500246125867418,
      "capacity": 1.0,
      "tserv": 3.3334427226077414,
      "stddev": 3.3334427226077414,
      "mu": 0.299990155288375,
      "cv": 1.0,
      "lambda": 0.225,
      "twait": 10.00164101144368
    },
    "F7": {
      "rho": 0.5513136558234748,
      "capacity": 1.0,
      "tserv": 1.2251414573854995,
      "stddev": 1.2284663156366675,
      "mu": 0.8162322758500391,
      "cv": 1.0027138566172296,
      "lambda": 0.45,
      "twait": 1.5094569995799259
    },
    "F8": {
      "rho": 0.5898966399247516,
      "capacity": 1.0,
      "tserv": 1.3108814220550036,
      "stddev": 1.3784174513354672,
      "mu": 0.7628455046928271,
      "cv": 1.0515195563414048,
      "lambda": 0.45,
      "twait": 1.985231415169374
    },
    "F9": {
      "rho": 0.6738010508121279,
      "capacity": 1.0,
      "tserv": 1.4973356684713954,
      "stddev": 1.504316948964146,
      "mu": 0.6678529210627053,
      "cv": 1.0046624685698415,
      "lambda": 0.45,
      "twait": 3.107371466408815
    },
    "F10": {
      "rho": 0.4969773859364784,
      "capacity": 1.0,
      "tserv": 0.4417576763879808,
      "stddev": 0.6855892834224396,
      "mu": 2.263684489144528,
      "cv": 1.5519578268070882,
      "lambda": 1.125,
      "twait": 0.7438336796830652
    },
    "F11": {
      "rho": 0.6486464441499054,
      "capacity": 1.0,
      "tserv": 2.88287308511069,
      "stddev": 2.88287308511069,
      "mu": 0.3468761788941549,
      "cv": 1.0,
      "lambda": 0.225,
      "twait": 5.3221757527632345
    },
    "F12": {
      "rho": 0.49263445391628746,
      "capacity": 1.0,
      "tserv": 2.1894864618501666,
      "stddev": 2.1894864618501666,
      "mu": 0.4567281037924194,
      "cv": 1.0,
      "lambda": 0.225,
      "twait": 2.1259158723258977
    },
    "F13": {
      "rho": 0.5331479381301509,
      "capacity": 1.0,
      "tserv": 0.5923865979223899,
      "stddev": 0.8221295234419653,
      "mu": 1.688086805993225,
      "cv": 1.3878260013398795,
      "lambda": 0.9,
      "twait": 0.9897535287091797
    },
    "F14": {
      "rho": 0.6949722329786797,
      "capacity": 1.0,
      "tserv": 1.5443827399526218,
      "stddev": 1.5526037393506875,
      "mu": 0.647507883978733,
      "cv": 1.005323161924432,
      "lambda": 0.45,
      "twait": 3.5374867828972865
    },
    "F15": {
      "rho": 0.4294259850489656,
      "capacity": 1.0,
      "tserv": 0.3817119867101917,
      "stddev": 0.808895997688614,
      "mu": 2.619776257535326,
      "cv": 2.119126529559981,
      "lambda": 1.125,
      "twait": 0.7886959879661715
    }
  },
  "extra": {
    "deltatime": 3.2416726,
    "conv": 15,
    "obj_func": 34.57029444572433
  },
  "network": [
    [
      0.0,
      1.0591146522799497,
      0.6986899394917945,
      0.7606555367416044,
      1.0406323168468699,
      0.680593772907856,
      1.005251042991694,
      1.2414201067182475,
      1.4758399025848101,
      0.9782153319304343,
      1.117818404619448,
      1.1043363196604825,
      0.6028574985617305,
      1.0047147714713782,
      1.0047147714713782
    ],
    [
      1.0591146522799497,
      0.0,
      0.889887853815383,
      1.0263839662757375,
      1.1638275890090235,
      0.7794358550040053,
      1.0678540462605313,
      0.859616596243523,
      1.1591543076861084,
      0.4981994473317418,
      1.134972116475648,
      1.033382258502942,
      1.0047147714713782,
      0.5973197434591272,
      0.5973197434591272
    ],
    [
      0.6986899394917945,
      0.889887853815383,
      0.0,
      1.2180127641634093,
      1.1185972021565012,
      1.0433700174046665,
      1.1142587457712325,
      0.4614532567471159,
      0.571637973303348,
      1.0659409038497685,
      1.4133714034811968,
      0.6028574985617305,
      0.5973197434591272,
      1.1941600263418146,
      1.1941600263418146
    ],
    [
      0.7606555367416044,
      1.0263839662757375,
      1.2180127641634093,
      0.0,
      1.1642131422533337,
      1.0887925666142921,
      0.9017634118099088,
      0.7059568682007318,
      1.3450322472361547,
      0.8662047361939959,
      1.1043363196604825,
      1.0047147714713782,
      1.1941600263418146,
      1.2357241096294092,
      1.2357241096294092
    ],
    [
      1.0406323168468699,
      1.1638275890090235,
      1.1185972021565012,
      1.1642131422533337,
      0.0,
      1.0776708227178007,
      0.9127794957488932,
      0.9598810495428469,
      0.7523353590062244,
      1.117818404619448,
      1.033382258502942,
      0.5973197434591272,
      1.2357241096294092,
      0.813251041368024,
      0.813251041368024
    ],
    [
      0.680593772907856,
      0.7794358550040053,
      1.0433700174046665,
      1.0887925666142921,
      1.0776708227178007,
      0.0,
      0.9371794997235268,
      0.7138428787907726,
      0.9782153319304343,
      1.134972116475648,
      0.6028574985617305,
      1.1941600263418146,
      0.813251041368024,
      0.6119538724459272,
      0.6119538724459272
    ],
    [
      1.005251042991694,
      1.0678540462605313,
      1.1142587457712325,
      0.9017634118099088,
      0.9127794957488932,
      0.9371794997235268,
      0.0,
      1.4758399025848101,
      0.4981994473317418,
      1.4133714034811968,
      1.0047147714713782,
      1.2357241096294092,
      0.6119538724459272,
      1.3992357190830242,
      1.3992357190830242
    ],
    [
      1.2414201067182475,
      0.859616596243523,
      0.4614532567471159,
      0.7059568682007318,
      0.9598810495428469,
      0.7138428787907726,
      1.4758399025848101,
      0.0,
      1.0659409038497685,
      1.1043363196604825,
      0.5973197434591272,
      0.813251041368024,
      1.3992357190830242,
      1.1552339342244244,
      1.1552339342244244
    ],
    [
      1.4758399025848101,
      1.1591543076861084,
      0.571637973303348,
      1.3450322472361547,
      0.7523353590062244,
      0.9782153319304343,
      0.4981994473317418,
      1.0659409038497685,
      0.0,
      1.033382258502942,
      1.1941600263418146,
      0.6119538724459272,
      1.1552339342244244,
      1.1956275595947774,
      1.1956275595947774
    ],
    [
      0.9782153319304343,
      0.4981994473317418,
      1.0659409038497685,
      0.8662047361939959,
      1.117818404619448,
      1.134972116475648,
      1.4133714034811968,
      1.1043363196604825,
      1.033382258502942,
      0.0,
      1.2357241096294092,
      1.3992357190830242,
      1.1956275595947774,
      1.1908773531110715,
      1.1908773531110715
    ],
    [
      1.117818404619448,
      1.134972116475648,
      1.4133714034811968,
      1.1043363196604825,
      1.033382258502942,
      0.6028574985617305,
      1.0047147714713782,
      0.5973197434591272,
      1.1941600263418146,
      1.2357241096294092,
      0.0,
      1.1552339342244244,
      1.1908773531110715,
      1.1697415595914529,
      1.1697415595914529
    ],
    [
      1.1043363196604825,
      1.033382258502942,
      0.6028574985617305,
      1.0047147714713782,
      0.5973197434591272,
      1.1941600263418146,
      1.2357241096294092,
      0.813251041368024,
      0.6119538724459272,
      1.3992357190830242,
      1.1552339342244244,
      0.0,
      1.1697415595914529,
      1.1031846312791083,
      1.1031846312791083
    ],
    [
      0.6028574985617305,
      1.0047147714713782,
      0.5973197434591272,
      1.1941600263418146,
      1.2357241096294092,
      0.813251041368024,
      0.6119538724459272,
      1.3992357190830242,
      1.1552339342244244,
      1.1956275595947774,
      1.1908773531110715,
      1.1697415595914529,
      0.0,
      1.1405882367767024,
      1.1405882367767024
    ],
    [
      1.0047147714713782,
      0.5973197434591272,
      1.1941600263418146,
      1.2357241096294092,
      0.813251041368024,
      0.6119538724459272,
      1.3992357190830242,
      1.1552339342244244,
      1.1956275595947774,
      1.1908773531110715,
      1.1697415595914529,
      1.1031846312791083,
      1.1405882367767024,
      0.0,
      0.5447854365622465
    ],
    [
      1.0047147714713782,
      0.5973197434591272,
      1.1941600263418146,
      1.2357241096294092,
      0.813251041368024,
      0.6119538724459272,
      1.3992357190830242,
      1.1552339342244244,
      1.1956275595947774,
      1.1908773531110715,
      1.1697415595914529,
      1.1031846312791083,
      1.1405882367767024,
      0.5447854365622465,
      0.0
    ]
  ]
}