{
  "servicechain": {
    "SC1": {
      "resptime": 15775.238284671668,
      "resptime_old": 15765.238284671668,
      "waittime": 15758.884866075497,
      "servicetime": 10.0,
      "networktime": 6.353418596170312,
      "services": {
        "MS1_1": {
          "meanserv": 0.9300719844696936,
          "stddevserv": 0.9300719844696936,
          "rate": 1.075185594984003,
          "cv": 1.0,
          "lambda": 0.375
        },
        "MS1_2": {
          "meanserv": 0.774974839093372,
          "stddevserv": 0.774974839093372,
          "rate": 1.2903644732129376,
          "cv": 1.0,
          "lambda": 0.375
        },
        "MS1_3": {
          "meanserv": 3.1769614323215056,
          "stddevserv": 3.1769614323215056,
          "rate": 0.3147661755746492,
          "cv": 1.0,
          "lambda": 0.375
        },
        "MS1_4": {
          "meanserv": 0.4705549790646977,
          "stddevserv": 0.4705549790646977,
          "rate": 2.1251501832743496,
          "cv": 1.0,
          "lambda": 0.375
        },
        "MS1_5": {
          "meanserv": 0.24816279778651218,
          "stddevserv": 0.24816279778651218,
          "rate": 4.029612854624057,
          "cv": 1.0,
          "lambda": 0.375
        },
        "MS1_6": {
          "meanserv": 1.3403300092970438,
          "stddevserv": 1.3403300092970438,
          "rate": 0.7460849142103928,
          "cv": 1.0,
          "lambda": 0.375
        },
        "MS1_7": {
          "meanserv": 0.5071541303476179,
          "stddevserv": 0.5071541303476179,
          "rate": 1.9717871553457949,
          "cv": 1.0,
          "lambda": 0.375
        },
        "MS1_8": {
          "meanserv": 0.9588816564574758,
          "stddevserv": 0.9588816564574758,
          "rate": 1.0428815623550807,
          "cv": 1.0,
          "lambda": 0.375
        },
        "MS1_9": {
          "meanserv": 1.5763566154428403,
          "stddevserv": 1.5763566154428403,
          "rate": 0.634374221038222,
          "cv": 1.0,
          "lambda": 0.375
        },
        "MS1_10": {
          "meanserv": 0.01655155571924105,
          "stddevserv": 0.01655155571924105,
          "rate": 60.417281430379866,
          "cv": 1.0,
          "lambda": 0.375
        }
      },
      "sensors": [
        "S1"
      ],
      "sources": [
        {
          "startTime": 0,
          "stopTime": -1,
          "lambda": 0.375
        }
      ]
    },
    "SC2": {
      "resptime": 15771.919184806846,
      "resptime_old": 15761.919184806848,
      "waittime": 15756.372820870136,
      "servicetime": 10.0,
      "networktime": 5.546363936709449,
      "services": {
        "MS2_1": {
          "meanserv": 4.353219981710225,
          "stddevserv": 4.353219981710225,
          "rate": 0.22971501651683945,
          "cv": 1.0,
          "lambda": 0.375
        },
        "MS2_2": {
          "meanserv": 1.6260296188869576,
          "stddevserv": 1.6260296188869576,
          "rate": 0.6149949474379903,
          "cv": 1.0,
          "lambda": 0.375
        },
        "MS2_3": {
          "meanserv": 0.05922778552165742,
          "stddevserv": 0.05922778552165742,
          "rate": 16.883967401319385,
          "cv": 1.0,
          "lambda": 0.375
        },
        "MS2_4": {
          "meanserv": 0.5371680705609556,
          "stddevserv": 0.5371680705609556,
          "rate": 1.8616147436978463,
          "cv": 1.0,
          "lambda": 0.375
        },
        "MS2_5": {
          "meanserv": 0.8346489977617608,
          "stddevserv": 0.8346489977617608,
          "rate": 1.1981084296292852,
          "cv": 1.0,
          "lambda": 0.375
        },
        "MS2_6": {
          "meanserv": 0.6228062897044673,
          "stddevserv": 0.6228062897044673,
          "rate": 1.6056356792326518,
          "cv": 1.0,
          "lambda": 0.375
        },
        "MS2_7": {
          "meanserv": 0.03733834487757548,
          "stddevserv": 0.03733834487757548,
          "rate": 26.782119113174087,
          "cv": 1.0,
          "lambda": 0.375
        },
        "MS2_8": {
          "meanserv": 0.4359689185737583,
          "stddevserv": 0.4359689185737583,
          "rate": 2.293741497149452,
          "cv": 1.0,
          "lambda": 0.375
        },
        "MS2_9": {
          "meanserv": 0.753161591777296,
          "stddevserv": 0.753161591777296,
          "rate": 1.3277363196923246,
          "cv": 1.0,
          "lambda": 0.375
        },
        "MS2_10": {
          "meanserv": 0.7404304006253462,
          "stddevserv": 0.7404304006253462,
          "rate": 1.3505658319207705,
          "cv": 1.0,
          "lambda": 0.375
        }
      },
      "sensors": [
        "S2"
      ],
      "sources": [
        {
          "startTime": 0,
          "stopTime": -1,
          "lambda": 0.375
        }
      ]
    },
    "SC3": {
      "resptime": 15777.818577851125,
      "resptime_old": 15767.818577851127,
      "waittime": 15761.628351084568,
      "servicetime": 10.0,
      "networktime": 6.190226766557311,
      "services": {
        "MS3_1": {
          "meanserv": 1.379285799426594,
          "stddevserv": 1.379285799426594,
          "rate": 0.7250129019059913,
          "cv": 1.0,
          "lambda": 0.375
        },
        "MS3_2": {
          "meanserv": 0.933280548244144,
          "stddevserv": 0.933280548244144,
          "rate": 1.0714891699836462,
          "cv": 1.0,
          "lambda": 0.375
        },
        "MS3_3": {
          "meanserv": 0.25771884234557785,
          "stddevserv": 0.25771884234557785,
          "rate": 3.8801974698423085,
          "cv": 1.0,
          "lambda": 0.375
        },
        "MS3_4": {
          "meanserv": 0.1229017522109288,
          "stddevserv": 0.1229017522109288,
          "rate": 8.136580496295617,
          "cv": 1.0,
          "lambda": 0.375
        },
        "MS3_5": {
          "meanserv": 1.843506344202174,
          "stddevserv": 1.843506344202174,
          "rate": 0.5424445666514787,
          "cv": 1.0,
          "lambda": 0.375
        },
        "MS3_6": {
          "meanserv": 0.08063898822876148,
          "stddevserv": 0.08063898822876148,
          "rate": 12.400949242606325,
          "cv": 1.0,
          "lambda": 0.375
        },
        "MS3_7": {
          "meanserv": 1.4575024332566944,
          "stddevserv": 1.4575024332566944,
          "rate": 0.6861052010496923,
          "cv": 1.0,
          "lambda": 0.375
        },
        "MS3_8": {
          "meanserv": 0.7354731594830071,
          "stddevserv": 0.7354731594830071,
          "rate": 1.3596689248360052,
          "cv": 1.0,
          "lambda": 0.375
        },
        "MS3_9": {
          "meanserv": 2.4631388368700655,
          "stddevserv": 2.4631388368700655,
          "rate": 0.4059860471652137,
          "cv": 1.0,
          "lambda": 0.375
        },
        "MS3_10": {
          "meanserv": 0.7265532957320531,
          "stddevserv": 0.7265532957320531,
          "rate": 1.3763615220992567,
          "cv": 1.0,
          "lambda": 0.375
        }
      },
      "sensors": [
        "S3"
      ],
      "sources": [
        {
          "startTime": 0,
          "stopTime": -1,
          "lambda": 0.375
        }
      ]
    },
    "SC4": {
      "resptime": 15775.34155249653,
      "resptime_old": 15765.341552496531,
      "waittime": 15758.671279181734,
      "servicetime": 10.0,
      "networktime": 6.670273314796302,
      "services": {
        "MS4_1": {
          "meanserv": 0.44616615017616046,
          "stddevserv": 0.44616615017616046,
          "rate": 2.2413174993333054,
          "cv": 1.0,
          "lambda": 0.375
        },
        "MS4_2": {
          "meanserv": 1.0534825435593653,
          "stddevserv": 1.0534825435593653,
          "rate": 0.9492326247963581,
          "cv": 1.0,
          "lambda": 0.375
        },
        "MS4_3": {
          "meanserv": 0.6483768443447866,
          "stddevserv": 0.6483768443447866,
          "rate": 1.5423129445817025,
          "cv": 1.0,
          "lambda": 0.375
        },
        "MS4_4": {
          "meanserv": 0.02875885822188806,
          "stddevserv": 0.02875885822188806,
          "rate": 34.77189505523938,
          "cv": 1.0,
          "lambda": 0.375
        },
        "MS4_5": {
          "meanserv": 1.8058254646768281,
          "stddevserv": 1.8058254646768281,
          "rate": 0.5537633727958093,
          "cv": 1.0,
          "lambda": 0.375
        },
        "MS4_6": {
          "meanserv": 0.6259209335534912,
          "stddevserv": 0.6259209335534912,
          "rate": 1.5976458788856596,
          "cv": 1.0,
          "lambda": 0.375
        },
        "MS4_7": {
          "meanserv": 2.975243870686307,
          "stddevserv": 2.975243870686307,
          "rate": 0.33610690197618237,
          "cv": 1.0,
          "lambda": 0.375
        },
        "MS4_8": {
          "meanserv": 0.8042833062565142,
          "stddevserv": 0.8042833062565142,
          "rate": 1.2433429765618744,
          "cv": 1.0,
          "lambda": 0.375
        },
        "MS4_9": {
          "meanserv": 0.8775543141295543,
          "stddevserv": 0.8775543141295543,
          "rate": 1.1395306067088276,
          "cv": 1.0,
          "lambda": 0.375
        },
        "MS4_10": {
          "meanserv": 0.7343877143951048,
          "stddevserv": 0.7343877143951048,
          "rate": 1.3616785526207678,
          "cv": 1.0,
          "lambda": 0.375
        }
      },
      "sensors": [
        "S4"
      ],
      "sources": [
        {
          "startTime": 0,
          "stopTime": -1,
          "lambda": 0.375
        }
      ]
    }
  },
  "microservice": {
    "MS1_1": "F11",
    "MS1_2": "F23",
    "MS1_3": "F1",
    "MS1_4": "F25",
    "MS1_5": "F14",
    "MS1_6": "F8",
    "MS1_7": "F16",
    "MS1_8": "F16",
    "MS1_9": "F4",
    "MS1_10": "F22",
    "MS2_1": "F1",
    "MS2_2": "F6",
    "MS2_3": "F20",
    "MS2_4": "F20",
    "MS2_5": "F13",
    "MS2_6": "F22",
    "MS2_7": "F22",
    "MS2_8": "F15",
    "MS2_9": "F15",
    "MS2_10": "F19",
    "MS3_1": "F7",
    "MS3_2": "F10",
    "MS3_3": "F10",
    "MS3_4": "F10",
    "MS3_5": "F2",
    "MS3_6": "F20",
    "MS3_7": "F5",
    "MS3_8": "F17",
    "MS3_9": "F1",
    "MS3_10": "F24",
    "MS4_1": "F18",
    "MS4_2": "F9",
    "MS4_3": "F18",
    "MS4_4": "F18",
    "MS4_5": "F3",
    "MS4_6": "F25",
    "MS4_7": "F1",
    "MS4_8": "F14",
    "MS4_9": "F12",
    "MS4_10": "F21"
  },
  "sensor": {
    "S1": "F11",
    "S2": "F1",
    "S3": "F7",
    "S4": "F18"
  },
  "fog": {
    "F1": {
      "rho": 4.863211545595538,
      "capacity": 1.0,
      "tserv": 3.2421410303970255,
      "stddev": 3.386722622935466,
      "mu": 0.308438155720062,
      "cv": 1.0445944797536262,
      "lambda": 1.5,
      "twait": 15751.450473784338
    },
    "F2": {
      "rho": 0.6913148790758152,
      "capacity": 1.0,
      "tserv": 1.843506344202174,
      "stddev": 1.8435063442021737,
      "mu": 0.5424445666514787,
      "cv": 0.9999999999999999,
      "lambda": 0.375,
      "twait": 4.128619356844985
    },
    "F3": {
      "rho": 0.6771845492538106,
      "capacity": 1.0,
      "tserv": 1.8058254646768281,
      "stddev": 1.8058254646768281,
      "mu": 0.5537633727958093,
      "cv": 1.0,
      "lambda": 0.375,
      "twait": 3.7881616276468324
    },
    "F4": {
      "rho": 0.5911337307910651,
      "capacity": 1.0,
      "tserv": 1.5763566154428403,
      "stddev": 1.5763566154428403,
      "mu": 0.634374221038222,
      "cv": 1.0,
      "lambda": 0.375,
      "twait": 2.27907665004208
    },
    "F5": {
      "rho": 0.5465634124712604,
      "capacity": 1.0,
      "tserv": 1.4575024332566944,
      "stddev": 1.4575024332566944,
      "mu": 0.6861052010496923,
      "cv": 1.0,
      "lambda": 0.375,
      "twait": 1.7568443427725235
    },
    "F6": {
      "rho": 0.6097611070826091,
      "capacity": 1.0,
      "tserv": 1.6260296188869576,
      "stddev": 1.6260296188869576,
      "mu": 0.6149949474379903,
      "cv": 1.0,
      "lambda": 0.375,
      "twait": 2.5407247677168643
    },
    "F7": {
      "rho": 0.5172321747849727,
      "capacity": 1.0,
      "tserv": 1.379285799426594,
      "stddev": 1.379285799426594,
      "mu": 0.7250129019059913,
      "cv": 1.0,
      "lambda": 0.375,
      "twait": 1.477751739916988
    },
    "F8": {
      "rho": 0.5026237534863914,
      "capacity": 1.0,
      "tserv": 1.3403300092970438,
      "stddev": 1.3403300092970438,
      "mu": 0.7460849142103928,
      "cv": 1.0,
      "lambda": 0.375,
      "twait": 1.3544709963645152
    },
    "F9": {
      "rho": 0.395055953834762,
      "capacity": 1.0,
      "tserv": 1.0534825435593653,
      "stddev": 1.0534825435593653,
      "mu": 0.9492326247963581,
      "cv": 1.0,
      "lambda": 0.375,
      "twait": 0.6879719764700969
    },
    "F10": {
      "rho": 0.492712928550244,
      "capacity": 1.0,
      "tserv": 0.4379670476002169,
      "stddev": 0.6657395496497988,
      "mu": 2.2832768023972787,
      "cv": 1.520067670153797,
      "lambda": 1.125,
      "twait": 0.7041400799490621
    },
    "F11": {
      "rho": 0.3487769941761351,
      "capacity": 1.0,
      "tserv": 0.9300719844696936,
      "stddev": 0.9300719844696937,
      "mu": 1.075185594984003,
      "cv": 1.0000000000000002,
      "lambda": 0.375,
      "twait": 0.4981207792258332
    },
    "F12": {
      "rho": 0.32908286779858287,
      "capacity": 1.0,
      "tserv": 0.8775543141295543,
      "stddev": 0.8775543141295544,
      "mu": 1.1395306067088276,
      "cv": 1.0000000000000002,
      "lambda": 0.375,
      "twait": 0.4304377940017705
    },
    "F13": {
      "rho": 0.3129933741606603,
      "capacity": 1.0,
      "tserv": 0.8346489977617608,
      "stddev": 0.8346489977617608,
      "mu": 1.1981084296292852,
      "cv": 1.0,
      "lambda": 0.375,
      "twait": 0.38025776786374
    },
    "F14": {
      "rho": 0.3946672890161349,
      "capacity": 1.0,
      "tserv": 0.5262230520215132,
      "stddev": 0.6569213883329594,
      "mu": 1.9003348412017451,
      "cv": 1.2483706021797445,
      "lambda": 0.75,
      "twait": 0.4388845163616699
    },
    "F15": {
      "rho": 0.4459239413816454,
      "capacity": 1.0,
      "tserv": 0.5945652551755272,
      "stddev": 0.6354631685856725,
      "mu": 1.6819011728237983,
      "cv": 1.0687862485305697,
      "lambda": 0.75,
      "twait": 0.5125568521986905
    },
    "F16": {
      "rho": 0.5497634200519101,
      "capacity": 1.0,
      "tserv": 0.7330178934025469,
      "stddev": 0.7995899642760493,
      "mu": 1.3642231779065674,
      "cv": 1.0908191620868708,
      "lambda": 0.75,
      "twait": 0.9800342159739757
    },
    "F17": {
      "rho": 0.27580243480612765,
      "capacity": 1.0,
      "tserv": 0.7354731594830071,
      "stddev": 0.7354731594830071,
      "mu": 1.3596689248360052,
      "cv": 1.0,
      "lambda": 0.375,
      "twait": 0.2800966170960072
    },
    "F18": {
      "rho": 0.42123819477856317,
      "capacity": 1.0,
      "tserv": 0.3744339509142784,
      "stddev": 0.5228018505296451,
      "mu": 2.6706979897475605,
      "cv": 1.3962458512458278,
      "lambda": 1.125,
      "twait": 0.4019035759891042
    },
    "F19": {
      "rho": 0.2776614002345048,
      "capacity": 1.0,
      "tserv": 0.7404304006253462,
      "stddev": 0.7404304006253462,
      "mu": 1.3505658319207705,
      "cv": 1.0,
      "lambda": 0.375,
      "twait": 0.28461574929066885
    },
    "F20": {
      "rho": 0.25388806661676544,
      "capacity": 1.0,
      "tserv": 0.22567828143712484,
      "stddev": 0.38484982608970686,
      "mu": 4.4310865610637205,
      "cv": 1.70530289241381,
      "lambda": 1.125,
      "twait": 0.15005797036212823
    },
    "F21": {
      "rho": 0.2753953928981643,
      "capacity": 1.0,
      "tserv": 0.7343877143951048,
      "stddev": 0.7343877143951048,
      "mu": 1.3616785526207678,
      "cv": 1.0,
      "lambda": 0.375,
      "twait": 0.2791135898988301
    },
    "F22": {
      "rho": 0.2537610713629814,
      "capacity": 1.0,
      "tserv": 0.2255653967670946,
      "stddev": 0.4569727622534509,
      "mu": 4.433304107511404,
      "cv": 2.025899223919056,
      "lambda": 1.125,
      "twait": 0.19575957790181883
    },
    "F23": {
      "rho": 0.2906155646600145,
      "capacity": 1.0,
      "tserv": 0.774974839093372,
      "stddev": 0.774974839093372,
      "mu": 1.2903644732129376,
      "cv": 1.0,
      "lambda": 0.375,
      "twait": 0.3174861742666844
    },
    "F24": {
      "rho": 0.2724574858995199,
      "capacity": 1.0,
      "tserv": 0.7265532957320531,
      "stddev": 0.7265532957320531,
      "mu": 1.3763615220992567,
      "cv": 1.0,
      "lambda": 0.375,
      "twait": 0.27208703339063733
    },
    "F25": {
      "rho": 0.41117846723182083,
      "capacity": 1.0,
      "tserv": 0.5482379563090944,
      "stddev": 0.5591369659082464,
      "mu": 1.824025477426455,
      "cv": 1.0198800711875686,
      "lambda": 0.75,
      "twait": 0.39052516504890855
    }
  },
  "extra": {
    "deltatime": 0.1884,
    "obj_func": 15775.079399956543
  },
  "network": [
    [
      0.0,
      0.8209089885087941,
      0.6288639361708235,
      1.0101474204738121,
      0.9426009080676336,
      0.6555429545421755,
      0.7173542773592312,
      1.090165561487326,
      0.8385238494892403,
      1.058110993151671,
      1.01614023317772,
      1.1326357799289068,
      0.8831375040128272,
      0.7967818270172742,
      0.9010776497669678,
      0.8873153218065812,
      0.7771601218421745,
      1.0252947943849315,
      1.2204551645777508,
      1.1722862545485597,
      1.165997476043647,
      1.1384626053356846,
      0.7711027922281793,
      0.9328565020489595,
      0.9328565020489595
    ],
    [
      0.8209089885087941,
      0.0,
      0.9931365347847337,
      1.0527719576483112,
      0.9111823970509801,
      1.113183428652132,
      0.9314283906718241,
      0.7633726200697305,
      0.8946647076164098,
      0.7819896708243335,
      0.7979082863805689,
      0.8962385043279422,
      1.2187063525087432,
      0.9953217443618921,
      1.060578219190802,
      1.0850479910319937,
      0.8733065630272914,
      0.8871082623714042,
      1.0773087911528123,
      0.7433283987977776,
      1.1650946051848226,
      1.105782937130051,
      0.9328565020489595,
      1.1807154729992437,
      1.1807154729992437
    ],
    [
      0.6288639361708235,
      0.9931365347847337,
      0.0,
      0.7497387122127298,
      1.0083255583856945,
      1.0568913328634262,
      0.9660668334234211,
      1.0006834292610427,
      0.8707078450023513,
      1.0057694501180063,
      0.5775275294200355,
      0.675352399127198,
      1.1638927806709143,
      0.989503476344275,
      0.9644448882435022,
      1.04860514181645,
      1.1576784157017734,
      0.7260950635329422,
      0.6495194088684766,
      0.8253108633976821,
      0.8696671908139124,
      0.7711027922281793,
      1.1807154729992437,
      0.9433046987773331,
      0.9433046987773331
    ],
    [
      1.0101474204738121,
      1.0527719576483112,
      0.7497387122127298,
      0.0,
      1.0415454477327504,
      1.1226016244912798,
      1.1432332101752547,
      1.0176013724884794,
      1.0963156218389385,
      0.7373560746244403,
      1.0372536173949864,
      0.9922634161277218,
      0.8291147706854095,
      0.9822187757558011,
      0.8723493570848937,
      0.5942176456070494,
      1.2177576802932852,
      0.9684904969179419,
      0.9708154345601507,
      1.274214407011066,
      1.1384626053356846,
      0.9328565020489595,
      0.9433046987773331,
      1.2384486292248431,
      1.2384486292248431
    ],
    [
      0.9426009080676336,
      0.9111823970509801,
      1.0083255583856945,
      1.0415454477327504,
      0.0,
      1.3068331223320817,
      1.2965090174662968,
      1.487560196501827,
      0.6237971466634354,
      0.6021064232561266,
      1.2020327776623378,
      0.8360307072902042,
      0.7893877124348223,
      1.1613071553525458,
      0.8448286240794497,
      1.257030008345229,
      1.0662560054994277,
      1.121370971143137,
      1.0101660713275913,
      1.165997476043647,
      1.105782937130051,
      1.1807154729992437,
      1.2384486292248431,
      1.3102651974923654,
      1.3102651974923654
    ],
    [
      0.6555429545421755,
      1.113183428652132,
      1.0568913328634262,
      1.1226016244912798,
      1.3068331223320817,
      0.0,
      0.9608377922434762,
      0.7173303528788174,
      1.1733725213192039,
      1.1551861717255822,
      1.1365509121419035,
      1.3084130366253535,
      0.9392247150525237,
      1.0951938589885457,
      1.041143460385406,
      0.8477641989020829,
      1.2883512429314832,
      1.1437147880484424,
      1.1722862545485597,
      1.1650946051848226,
      0.7711027922281793,
      0.9433046987773331,
      1.3102651974923654,
      0.9116181864920373,
      0.9116181864920373
    ],
    [
      0.7173542773592312,
      0.9314283906718241,
      0.9660668334234211,
      1.1432332101752547,
      1.2965090174662968,
      0.9608377922434762,
      0.0,
      1.2302964675135148,
      0.8700738038782988,
      0.7226385915009904,
      1.535214854860417,
      0.9126696624176994,
      1.1955379968391704,
      0.8027521426800879,
      1.167770626042909,
      1.064900795593588,
      1.2089750240945016,
      1.2204551645777508,
      0.7433283987977776,
      0.8696671908139124,
      0.9328565020489595,
      1.2384486292248431,
      0.9116181864920373,
      1.0786989308026707,
      1.0786989308026707
    ],
    [
      1.090165561487326,
      0.7633726200697305,
      1.0006834292610427,
      1.0176013724884794,
      1.487560196501827,
      0.7173303528788174,
      1.2302964675135148,
      0.0,
      1.00281790645394,
      0.7997874265449999,
      1.1523069389263707,
      0.9314958862529065,
      0.8844164696155108,
      0.6179936021833649,
      1.4307272286745571,
      0.8162699560639792,
      1.0252947943849315,
      1.0773087911528123,
      0.8253108633976821,
      1.1384626053356846,
      1.1807154729992437,
      1.3102651974923654,
      1.0786989308026707,
      1.1808445396252367,
      1.1808445396252367
    ],
    [
      0.8385238494892403,
      0.8946647076164098,
      0.8707078450023513,
      1.0963156218389385,
      0.6237971466634354,
      1.1733725213192039,
      0.8700738038782988,
      1.00281790645394,
      0.0,
      0.7931660753648728,
      1.0509508075883183,
      1.1379086983021933,
      1.1145233337178975,
      0.9910388001873496,
      1.006453247262561,
      0.7771601218421745,
      0.8871082623714042,
      0.6495194088684766,
      1.274214407011066,
      1.105782937130051,
      0.9433046987773331,
      0.9116181864920373,
      1.1808445396252367,
      0.9919014728235442,
      0.9919014728235442
    ],
    [
      1.058110993151671,
      0.7819896708243335,
      1.0057694501180063,
      0.7373560746244403,
      0.6021064232561266,
      1.1551861717255822,
      0.7226385915009904,
      0.7997874265449999,
      0.7931660753648728,
      0.0,
      0.9682118387547354,
      1.0818546147240162,
      0.9766648969501904,
      1.6786090954112798,
      0.8873153218065812,
      0.8733065630272914,
      0.7260950635329422,
      0.9708154345601507,
      1.165997476043647,
      0.7711027922281793,
      1.2384486292248431,
      1.0786989308026707,
      0.9919014728235442,
      0.9280076568300064,
      0.9280076568300064
    ],
    [
      1.01614023317772,
      0.7979082863805689,
      0.5775275294200355,
      1.0372536173949864,
      1.2020327776623378,
      1.1365509121419035,
      1.535214854860417,
      1.1523069389263707,
      1.0509508075883183,
      0.9682118387547354,
      0.0,
      0.8976037287268829,
      0.7434302405439276,
      0.9010776497669678,
      1.0850479910319937,
      1.1576784157017734,
      0.9684904969179419,
      1.0101660713275913,
      1.1650946051848226,
      0.9328565020489595,
      1.3102651974923654,
      1.1808445396252367,
      0.9280076568300064,
      1.5350913089448837,
      1.5350913089448837
    ],
    [
      1.1326357799289068,
      0.8962385043279422,
      0.675352399127198,
      0.9922634161277218,
      0.8360307072902042,
      1.3084130366253535,
      0.9126696624176994,
      0.9314958862529065,
      1.1379086983021933,
      1.0818546147240162,
      0.8976037287268829,
      0.0,
      0.7967818270172742,
      1.060578219190802,
      1.04860514181645,
      1.2177576802932852,
      1.121370971143137,
      1.1722862545485597,
      0.8696671908139124,
      1.1807154729992437,
      0.9116181864920373,
      0.9919014728235442,
      1.5350913089448837,
      1.0833112291469318,
      1.0833112291469318
    ],
    [
      0.8831375040128272,
      1.2187063525087432,
      1.1638927806709143,
      0.8291147706854095,
      0.7893877124348223,
      0.9392247150525237,
      1.1955379968391704,
      0.8844164696155108,
      1.1145233337178975,
      0.9766648969501904,
      0.7434302405439276,
      0.7967818270172742,
      0.0,
      0.9644448882435022,
      0.5942176456070494,
      1.0662560054994277,
      1.1437147880484424,
      0.7433283987977776,
      1.1384626053356846,
      0.9433046987773331,
      1.0786989308026707,
      0.9280076568300064,
      1.0833112291469318,
      0.8423788619081658,
      0.8423788619081658
    ],
    [
      0.7967818270172742,
      0.9953217443618921,
      0.989503476344275,
      0.9822187757558011,
      1.1613071553525458,
      1.0951938589885457,
      0.8027521426800879,
      0.6179936021833649,
      0.9910388001873496,
      1.6786090954112798,
      0.9010776497669678,
      1.060578219190802,
      0.9644448882435022,
      0.0,
      1.257030008345229,
      1.2883512429314832,
      1.2204551645777508,
      0.8253108633976821,
      1.105782937130051,
      1.2384486292248431,
      1.1808445396252367,
      1.5350913089448837,
      0.8423788619081658,
      0.7601139391598133,
      0.7601139391598133
    ],
    [
      0.9010776497669678,
      1.060578219190802,
      0.9644448882435022,
      0.8723493570848937,
      0.8448286240794497,
      1.041143460385406,
      1.167770626042909,
      1.4307272286745571,
      1.006453247262561,
      0.8873153218065812,
      1.0850479910319937,
      1.04860514181645,
      0.5942176456070494,
      1.257030008345229,
      0.0,
      1.2089750240945016,
      1.0773087911528123,
      1.274214407011066,
      0.7711027922281793,
      1.3102651974923654,
      0.9919014728235442,
      1.0833112291469318,
      0.7601139391598133,
      0.9466189253670636,
      0.9466189253670636
    ],
    [
      0.8873153218065812,
      1.0850479910319937,
      1.04860514181645,
      0.5942176456070494,
      1.257030008345229,
      0.8477641989020829,
      1.064900795593588,
      0.8162699560639792,
      0.7771601218421745,
      0.8733065630272914,
      1.1576784157017734,
      1.2177576802932852,
      1.0662560054994277,
      1.2883512429314832,
      1.2089750240945016,
      0.0,
      0.6495194088684766,
      1.165997476043647,
      0.9328565020489595,
      0.9116181864920373,
      0.9280076568300064,
      0.8423788619081658,
      0.9466189253670636,
      0.8755133656061834,
      0.8755133656061834
    ],
    [
      0.7771601218421745,
      0.8733065630272914,
      1.1576784157017734,
      1.2177576802932852,
      1.0662560054994277,
      1.2883512429314832,
      1.2089750240945016,
      1.0252947943849315,
      0.8871082623714042,
      0.7260950635329422,
      0.9684904969179419,
      1.121370971143137,
      1.1437147880484424,
      1.2204551645777508,
      1.0773087911528123,
      0.6495194088684766,
      0.0,
      1.1650946051848226,
      1.1807154729992437,
      1.0786989308026707,
      1.5350913089448837,
      0.7601139391598133,
      0.8755133656061834,
      0.6568041008807232,
      0.6568041008807232
    ],
    [
      1.0252947943849315,
      0.8871082623714042,
      0.7260950635329422,
      0.9684904969179419,
      1.121370971143137,
      1.1437147880484424,
      1.2204551645777508,
      1.0773087911528123,
      0.6495194088684766,
      0.9708154345601507,
      1.0101660713275913,
      1.1722862545485597,
      0.7433283987977776,
      0.8253108633976821,
      1.274214407011066,
      1.165997476043647,
      1.1650946051848226,
      0.0,
      0.9433046987773331,
      1.1808445396252367,
      1.0833112291469318,
      0.9466189253670636,
      0.6568041008807232,
      0.8649013697425942,
      0.8649013697425942
    ],
    [
      1.2204551645777508,
      1.0773087911528123,
      0.6495194088684766,
      0.9708154345601507,
      1.0101660713275913,
      1.1722862545485597,
      0.7433283987977776,
      0.8253108633976821,
      1.274214407011066,
      1.165997476043647,
      1.1650946051848226,
      0.8696671908139124,
      1.1384626053356846,
      1.105782937130051,
      0.7711027922281793,
      0.9328565020489595,
      1.1807154729992437,
      0.9433046987773331,
      0.0,
      0.9919014728235442,
      0.8423788619081658,
      0.8755133656061834,
      0.8649013697425942,
      1.0006652838910002,
      1.0006652838910002
    ],
    [
      1.1722862545485597,
      0.7433283987977776,
      0.8253108633976821,
      1.274214407011066,
      1.165997476043647,
      1.1650946051848226,
      0.8696671908139124,
      1.1384626053356846,
      1.105782937130051,
      0.7711027922281793,
      0.9328565020489595,
      1.1807154729992437,
      0.9433046987773331,
      1.2384486292248431,
      1.3102651974923654,
      0.9116181864920373,
      1.0786989308026707,
      1.1808445396252367,
      0.9919014728235442,
      0.0,
      0.7601139391598133,
      0.6568041008807232,
      1.0006652838910002,
      1.2620999125256516,
      1.2620999125256516
    ],
    [
      1.165997476043647,
      1.1650946051848226,
      0.8696671908139124,
      1.1384626053356846,
      1.105782937130051,
      0.7711027922281793,
      0.9328565020489595,
      1.1807154729992437,
      0.9433046987773331,
      1.2384486292248431,
      1.3102651974923654,
      0.9116181864920373,
      1.0786989308026707,
      1.1808445396252367,
      0.9919014728235442,
      0.9280076568300064,
      1.5350913089448837,
      1.0833112291469318,
      0.8423788619081658,
      0.7601139391598133,
      0.0,
      0.8649013697425942,
      1.2620999125256516,
      1.2136416283399312,
      1.2136416283399312
    ],
    [
      1.1384626053356846,
      1.105782937130051,
      0.7711027922281793,
      0.9328565020489595,
      1.1807154729992437,
      0.9433046987773331,
      1.2384486292248431,
      1.3102651974923654,
      0.9116181864920373,
      1.0786989308026707,
      1.1808445396252367,
      0.9919014728235442,
      0.9280076568300064,
      1.5350913089448837,
      1.0833112291469318,
      0.8423788619081658,
      0.7601139391598133,
      0.9466189253670636,
      0.8755133656061834,
      0.6568041008807232,
      0.8649013697425942,
      0.0,
      1.2136416283399312,
      0.9697597498531823,
      0.9697597498531823
    ],
    [
      0.7711027922281793,
      0.9328565020489595,
      1.1807154729992437,
      0.9433046987773331,
      1.2384486292248431,
      1.3102651974923654,
      0.9116181864920373,
      1.0786989308026707,
      1.1808445396252367,
      0.9919014728235442,
      0.9280076568300064,
      1.5350913089448837,
      1.0833112291469318,
      0.8423788619081658,
      0.7601139391598133,
      0.9466189253670636,
      0.8755133656061834,
      0.6568041008807232,
      0.8649013697425942,
      1.0006652838910002,
      1.2620999125256516,
      1.2136416283399312,
      0.0,
      0.8628450847349827,
      0.8628450847349827
    ],
    [
      0.9328565020489595,
      1.1807154729992437,
      0.9433046987773331,
      1.2384486292248431,
      1.3102651974923654,
      0.9116181864920373,
      1.0786989308026707,
      1.1808445396252367,
      0.9919014728235442,
      0.9280076568300064,
      1.5350913089448837,
      1.0833112291469318,
      0.8423788619081658,
      0.7601139391598133,
      0.9466189253670636,
      0.8755133656061834,
      0.6568041008807232,
      0.8649013697425942,
      1.0006652838910002,
      1.2620999125256516,
      1.2136416283399312,
      0.9697597498531823,
      0.8628450847349827,
      0.0,
      1.016556576454397
    ],
    [
      0.9328565020489595,
      1.1807154729992437,
      0.9433046987773331,
      1.2384486292248431,
      1.3102651974923654,
      0.9116181864920373,
      1.0786989308026707,
      1.1808445396252367,
      0.9919014728235442,
      0.9280076568300064,
      1.5350913089448837,
      1.0833112291469318,
      0.8423788619081658,
      0.7601139391598133,
      0.9466189253670636,
      0.8755133656061834,
      0.6568041008807232,
      0.8649013697425942,
      1.0006652838910002,
      1.2620999125256516,
      1.2136416283399312,
      0.9697597498531823,
      0.8628450847349827,
      1.016556576454397,
      0.0
    ]
  ]
}