{
  "servicechain": {
    "SC1": {
      "resptime": 28.492675441160568,
      "resptime_old": 18.492675441160557,
      "waittime": 15.84607553712969,
      "servicetime": 10.0,
      "networktime": 2.6465999040308743,
      "services": {
        "MS1_1": {
          "meanserv": 4.800074125541249,
          "stddevserv": 4.800074125541249,
          "rate": 0.20833011612862157,
          "cv": 1.0,
          "lambda": 0.15
        },
        "MS1_2": {
          "meanserv": 2.581874085308428,
          "stddevserv": 2.581874085308428,
          "rate": 0.38731555721104854,
          "cv": 1.0,
          "lambda": 0.15
        },
        "MS1_3": {
          "meanserv": 1.1021519077435933,
          "stddevserv": 1.1021519077435933,
          "rate": 0.9073159452649987,
          "cv": 1.0,
          "lambda": 0.15
        },
        "MS1_4": {
          "meanserv": 1.041226754811353,
          "stddevserv": 1.041226754811353,
          "rate": 0.9604055940544648,
          "cv": 1.0,
          "lambda": 0.15
        },
        "MS1_5": {
          "meanserv": 0.47467312659537697,
          "stddevserv": 0.47467312659537697,
          "rate": 2.1067129019343547,
          "cv": 1.0,
          "lambda": 0.15
        }
      },
      "sensors": [
        "S1"
      ],
      "sources": [
        {
          "startTime": 0,
          "stopTime": -1,
          "lambda": 0.15
        }
      ]
    },
    "SC2": {
      "resptime": 36.10844937322807,
      "resptime_old": 26.108449373228073,
      "waittime": 22.495082968354115,
      "servicetime": 10.0,
      "networktime": 3.613366404873958,
      "services": {
        "MS2_1": {
          "meanserv": 1.4175316112575442,
          "stddevserv": 1.4175316112575442,
          "rate": 0.7054516400610378,
          "cv": 1.0,
          "lambda": 0.15
        },
        "MS2_2": {
          "meanserv": 0.9153066068983862,
          "stddevserv": 0.9153066068983862,
          "rate": 1.0925300794982857,
          "cv": 1.0,
          "lambda": 0.15
        },
        "MS2_3": {
          "meanserv": 0.13068338097324084,
          "stddevserv": 0.13068338097324084,
          "rate": 7.6520824036895965,
          "cv": 1.0,
          "lambda": 0.15
        },
        "MS2_4": {
          "meanserv": 5.152446289516955,
          "stddevserv": 5.152446289516955,
          "rate": 0.19408256657319772,
          "cv": 1.0,
          "lambda": 0.15
        },
        "MS2_5": {
          "meanserv": 2.384032111353874,
          "stddevserv": 2.384032111353874,
          "rate": 0.41945743735477936,
          "cv": 1.0,
          "lambda": 0.15
        }
      },
      "sensors": [
        "S2"
      ],
      "sources": [
        {
          "startTime": 0,
          "stopTime": -1,
          "lambda": 0.15
        }
      ]
    },
    "SC3": {
      "resptime": 46.34541214029507,
      "resptime_old": 36.34541214029507,
      "waittime": 32.75580914332694,
      "servicetime": 10.0,
      "networktime": 3.589602996968125,
      "services": {
        "MS3_1": {
          "meanserv": 5.467460256340799,
          "stddevserv": 5.467460256340799,
          "rate": 0.18290027784660456,
          "cv": 1.0,
          "lambda": 0.15
        },
        "MS3_2": {
          "meanserv": 1.854535334249328,
          "stddevserv": 1.854535334249328,
          "rate": 0.539218628802657,
          "cv": 1.0,
          "lambda": 0.15
        },
        "MS3_3": {
          "meanserv": 2.1357972012891953,
          "stddevserv": 2.1357972012891953,
          "rate": 0.46820924729950336,
          "cv": 1.0,
          "lambda": 0.15
        },
        "MS3_4": {
          "meanserv": 0.19665544224027975,
          "stddevserv": 0.19665544224027975,
          "rate": 5.085035982773204,
          "cv": 1.0,
          "lambda": 0.15
        },
        "MS3_5": {
          "meanserv": 0.3455517658803977,
          "stddevserv": 0.3455517658803977,
          "rate": 2.893922412615075,
          "cv": 1.0,
          "lambda": 0.15
        }
      },
      "sensors": [
        "S3"
      ],
      "sources": [
        {
          "startTime": 0,
          "stopTime": -1,
          "lambda": 0.15
        }
      ]
    },
    "SC4": {
      "resptime": 68.40193203834133,
      "resptime_old": 58.40193203834133,
      "waittime": 55.44304249464736,
      "servicetime": 10.0,
      "networktime": 2.9588895436939713,
      "services": {
        "MS4_1": {
          "meanserv": 1.5314936741768292,
          "stddevserv": 1.5314936741768292,
          "rate": 0.6529573166781086,
          "cv": 1.0,
          "lambda": 0.15
        },
        "MS4_2": {
          "meanserv": 5.954088118622359,
          "stddevserv": 5.954088118622359,
          "rate": 0.1679518307551312,
          "cv": 1.0,
          "lambda": 0.15
        },
        "MS4_3": {
          "meanserv": 0.1378821198752096,
          "stddevserv": 0.1378821198752096,
          "rate": 7.252571986165076,
          "cv": 1.0,
          "lambda": 0.15
        },
        "MS4_4": {
          "meanserv": 1.5988118852298339,
          "stddevserv": 1.5988118852298339,
          "rate": 0.6254644522211862,
          "cv": 1.0,
          "lambda": 0.15
        },
        "MS4_5": {
          "meanserv": 0.7777242020957686,
          "stddevserv": 0.7777242020957686,
          "rate": 1.2858028556977585,
          "cv": 1.0,
          "lambda": 0.15
        }
      },
      "sensors": [
        "S4"
      ],
      "sources": [
        {
          "startTime": 0,
          "stopTime": -1,
          "lambda": 0.15
        }
      ]
    }
  },
  "microservice": {
    "MS1_1": "F8",
    "MS1_2": "F9",
    "MS1_3": "F1",
    "MS1_4": "F1",
    "MS1_5": "F1",
    "MS2_1": "F6",
    "MS2_2": "F6",
    "MS2_3": "F6",
    "MS2_4": "F10",
    "MS2_5": "F7",
    "MS3_1": "F5",
    "MS3_2": "F3",
    "MS3_3": "F3",
    "MS3_4": "F2",
    "MS3_5": "F2",
    "MS4_1": "F7",
    "MS4_2": "F4",
    "MS4_3": "F2",
    "MS4_4": "F2",
    "MS4_5": "F2"
  },
  "sensor": {
    "S1": "F8",
    "S2": "F6",
    "S3": "F5",
    "S4": "F7"
  },
  "fog": {
    "F1": {
      "rho": 0.3927077683725485,
      "capacity": 1.0,
      "tserv": 0.8726839297167744,
      "stddev": 0.9598057782734958,
      "mu": 1.1458902426730206,
      "cv": 1.0998320761847835,
      "lambda": 0.44999999999999996,
      "twait": 0.6234741105674516
    },
    "F2": {
      "rho": 0.45849381229822345,
      "capacity": 1.0,
      "tserv": 0.6113250830642979,
      "stddev": 0.980581327736932,
      "mu": 1.635790887210859,
      "cv": 1.6040260000811981,
      "lambda": 0.75,
      "twait": 0.9246834070056331
    },
    "F3": {
      "rho": 0.5985498803307785,
      "capacity": 1.0,
      "tserv": 1.9951662677692616,
      "stddev": 2.0050542523756567,
      "mu": 0.5012113607544455,
      "cv": 1.0049559702196902,
      "lambda": 0.3,
      "twait": 2.989511248971529
    },
    "F4": {
      "rho": 0.8931132177933538,
      "capacity": 1.0,
      "tserv": 5.954088118622359,
      "stddev": 5.954088118622359,
      "mu": 0.1679518307551312,
      "cv": 1.0,
      "lambda": 0.15,
      "twait": 49.75053686588893
    },
    "F5": {
      "rho": 0.8201190384511199,
      "capacity": 1.0,
      "tserv": 5.467460256340799,
      "stddev": 5.467460256340799,
      "mu": 0.18290027784660456,
      "cv": 1.0,
      "lambda": 0.15,
      "twait": 24.92741983137262
    },
    "F6": {
      "rho": 0.36952823986937566,
      "capacity": 1.0,
      "tserv": 0.8211738663763904,
      "stddev": 1.1113866478052,
      "mu": 1.2177689049125724,
      "cv": 1.3534121010321931,
      "lambda": 0.44999999999999996,
      "twait": 0.6814564221755339
    },
    "F7": {
      "rho": 0.5873288678296055,
      "capacity": 1.0,
      "tserv": 1.9577628927653516,
      "stddev": 2.0484741730666505,
      "mu": 0.5107870844295624,
      "cv": 1.0463341503899732,
      "lambda": 0.3,
      "twait": 2.918455407741532
    },
    "F8": {
      "rho": 0.7200111188311873,
      "capacity": 1.0,
      "tserv": 4.800074125541249,
      "stddev": 4.800074125541249,
      "mu": 0.20833011612862157,
      "cv": 1.0,
      "lambda": 0.15,
      "twait": 12.343728533704914
    },
    "F9": {
      "rho": 0.38728111279626415,
      "capacity": 1.0,
      "tserv": 2.581874085308428,
      "stddev": 2.581874085308428,
      "mu": 0.38731555721104854,
      "cv": 1.0,
      "lambda": 0.15,
      "twait": 1.6319246717224223
    },
    "F10": {
      "rho": 0.7728669434275433,
      "capacity": 1.0,
      "tserv": 5.152446289516955,
      "stddev": 5.152446289516955,
      "mu": 0.19408256657319772,
      "cv": 1.0,
      "lambda": 0.15,
      "twait": 17.53225829408598
    }
  },
  "extra": {
    "deltatime": 0.5890649,
    "conv": 14,
    "obj_func": 44.83711724825626
  },
  "network": [
    [
      0.0,
      2.0310879260789134,
      1.8919248580702874,
      2.3099323529832625,
      2.0436449051266212,
      2.241054794992417,
      1.9673117755829725,
      1.5986588654743117,
      1.2358888208217473,
      1.2358888208217473
    ],
    [
      2.0310879260789134,
      0.0,
      1.985057519767133,
      1.723000722872224,
      1.451593487684357,
      1.9239951087697222,
      2.5562603116667377,
      1.2358888208217473,
      1.9001837398906545,
      1.9001837398906545
    ],
    [
      1.8919248580702874,
      1.985057519767133,
      0.0,
      1.9599183605717476,
      1.604545477200992,
      2.043892700173547,
      1.5986588654743117,
      1.9001837398906545,
      2.4132756242846622,
      2.4132756242846622
    ],
    [
      2.3099323529832625,
      1.723000722872224,
      1.9599183605717476,
      0.0,
      1.869688536150145,
      1.9673117755829725,
      1.2358888208217473,
      2.4132756242846622,
      1.4424715831358128,
      1.4424715831358128
    ],
    [
      2.0436449051266212,
      1.451593487684357,
      1.604545477200992,
      1.869688536150145,
      0.0,
      2.5562603116667377,
      1.9001837398906545,
      1.4424715831358128,
      2.9992234925631953,
      2.9992234925631953
    ],
    [
      2.241054794992417,
      1.9239951087697222,
      2.043892700173547,
      1.9673117755829725,
      2.5562603116667377,
      0.0,
      2.4132756242846622,
      2.9992234925631953,
      1.9671049043256918,
      1.9671049043256918
    ],
    [
      1.9673117755829725,
      2.5562603116667377,
      1.5986588654743117,
      1.2358888208217473,
      1.9001837398906545,
      2.4132756242846622,
      0.0,
      1.9671049043256918,
      1.6462615005482661,
      1.6462615005482661
    ],
    [
      1.5986588654743117,
      1.2358888208217473,
      1.9001837398906545,
      2.4132756242846622,
      1.4424715831358128,
      2.9992234925631953,
      1.9671049043256918,
      0.0,
      1.4107110832091267,
      1.4107110832091267
    ],
    [
      1.2358888208217473,
      1.9001837398906545,
      2.4132756242846622,
      1.4424715831358128,
      2.9992234925631953,
      1.9671049043256918,
      1.6462615005482661,
      1.4107110832091267,
      0.0,
      2.3145377989163545
    ],
    [
      1.2358888208217473,
      1.9001837398906545,
      2.4132756242846622,
      1.4424715831358128,
      2.9992234925631953,
      1.9671049043256918,
      1.6462615005482661,
      1.4107110832091267,
      2.3145377989163545,
      0.0
    ]
  ]
}