{
  "servicechain": {
    "SC1": {
      "resptime": 30.54856832506923,
      "resptime_old": 20.54856832506923,
      "waittime": 16.957288727283252,
      "servicetime": 10.0,
      "networktime": 3.5912795977859773,
      "services": {
        "MS1_1": {
          "meanserv": 0.5481779972711354,
          "stddevserv": 0.5481779972711354,
          "rate": 1.824224987099196,
          "cv": 1.0,
          "lambda": 0.15
        },
        "MS1_2": {
          "meanserv": 0.25127318299471235,
          "stddevserv": 0.25127318299471235,
          "rate": 3.9797322900989536,
          "cv": 1.0,
          "lambda": 0.15
        },
        "MS1_3": {
          "meanserv": 0.07664333873968365,
          "stddevserv": 0.07664333873968365,
          "rate": 13.047448303321755,
          "cv": 1.0,
          "lambda": 0.15
        },
        "MS1_4": {
          "meanserv": 0.6204702035258547,
          "stddevserv": 0.6204702035258547,
          "rate": 1.6116809386130828,
          "cv": 1.0,
          "lambda": 0.15
        },
        "MS1_5": {
          "meanserv": 2.0158091780690834,
          "stddevserv": 2.0158091780690834,
          "rate": 0.4960787017340037,
          "cv": 1.0,
          "lambda": 0.15
        },
        "MS1_6": {
          "meanserv": 0.62304570264669,
          "stddevserv": 0.62304570264669,
          "rate": 1.6050186940572948,
          "cv": 1.0,
          "lambda": 0.15
        },
        "MS1_7": {
          "meanserv": 0.8197243313214386,
          "stddevserv": 0.8197243313214386,
          "rate": 1.219922310208784,
          "cv": 1.0,
          "lambda": 0.15
        },
        "MS1_8": {
          "meanserv": 0.8427510781229861,
          "stddevserv": 0.8427510781229861,
          "rate": 1.1865899978760583,
          "cv": 1.0,
          "lambda": 0.15
        },
        "MS1_9": {
          "meanserv": 0.9832236678514983,
          "stddevserv": 0.9832236678514983,
          "rate": 1.017062579652055,
          "cv": 1.0,
          "lambda": 0.15
        },
        "MS1_10": {
          "meanserv": 1.0171142913507447,
          "stddevserv": 1.0171142913507447,
          "rate": 0.9831736792056902,
          "cv": 1.0,
          "lambda": 0.15
        },
        "MS1_11": {
          "meanserv": 0.1855807754822072,
          "stddevserv": 0.1855807754822072,
          "rate": 5.388489176217912,
          "cv": 1.0,
          "lambda": 0.15
        },
        "MS1_12": {
          "meanserv": 2.0161862526239656,
          "stddevserv": 2.0161862526239656,
          "rate": 0.4959859232739783,
          "cv": 1.0,
          "lambda": 0.15
        }
      },
      "sensors": [
        "S1"
      ],
      "sources": [
        {
          "startTime": 0,
          "stopTime": -1,
          "lambda": 0.15
        }
      ]
    },
    "SC2": {
      "resptime": 30.23528659814297,
      "resptime_old": 20.235286598142967,
      "waittime": 16.748732525022323,
      "servicetime": 10.0,
      "networktime": 3.4865540731206455,
      "services": {
        "MS2_1": {
          "meanserv": 1.3936951288899235,
          "stddevserv": 1.3936951288899235,
          "rate": 0.7175170374574666,
          "cv": 1.0,
          "lambda": 0.15
        },
        "MS2_2": {
          "meanserv": 1.3876862986005245,
          "stddevserv": 1.3876862986005245,
          "rate": 0.7206239630732793,
          "cv": 1.0,
          "lambda": 0.15
        },
        "MS2_3": {
          "meanserv": 0.8759710475961882,
          "stddevserv": 0.8759710475961882,
          "rate": 1.141590241759894,
          "cv": 1.0,
          "lambda": 0.15
        },
        "MS2_4": {
          "meanserv": 0.21704510717086123,
          "stddevserv": 0.21704510717086123,
          "rate": 4.607337216833848,
          "cv": 1.0,
          "lambda": 0.15
        },
        "MS2_5": {
          "meanserv": 0.3006818493637917,
          "stddevserv": 0.3006818493637917,
          "rate": 3.3257744094493407,
          "cv": 1.0,
          "lambda": 0.15
        },
        "MS2_6": {
          "meanserv": 0.703369900179978,
          "stddevserv": 0.703369900179978,
          "rate": 1.4217270311739532,
          "cv": 1.0,
          "lambda": 0.15
        },
        "MS2_7": {
          "meanserv": 0.2633428992845541,
          "stddevserv": 0.2633428992845541,
          "rate": 3.7973304110981703,
          "cv": 1.0,
          "lambda": 0.15
        },
        "MS2_8": {
          "meanserv": 1.7600596472988395,
          "stddevserv": 1.7600596472988395,
          "rate": 0.5681625628623997,
          "cv": 1.0,
          "lambda": 0.15
        },
        "MS2_9": {
          "meanserv": 1.0664304387113255,
          "stddevserv": 1.0664304387113255,
          "rate": 0.9377076682173475,
          "cv": 1.0,
          "lambda": 0.15
        },
        "MS2_10": {
          "meanserv": 0.775540117924348,
          "stddevserv": 0.775540117924348,
          "rate": 1.2894239471149416,
          "cv": 1.0,
          "lambda": 0.15
        },
        "MS2_11": {
          "meanserv": 0.4000354938332933,
          "stddevserv": 0.4000354938332933,
          "rate": 2.499778183224736,
          "cv": 1.0,
          "lambda": 0.15
        },
        "MS2_12": {
          "meanserv": 0.8561420711463725,
          "stddevserv": 0.8561420711463725,
          "rate": 1.1680304399257029,
          "cv": 1.0,
          "lambda": 0.15
        }
      },
      "sensors": [
        "S2"
      ],
      "sources": [
        {
          "startTime": 0,
          "stopTime": -1,
          "lambda": 0.15
        }
      ]
    },
    "SC3": {
      "resptime": 30.48050830184,
      "resptime_old": 20.480508301840004,
      "waittime": 17.960583113665322,
      "servicetime": 10.0,
      "networktime": 2.5199251881746774,
      "services": {
        "MS3_1": {
          "meanserv": 0.27661459578557146,
          "stddevserv": 0.27661459578557146,
          "rate": 3.6151382292754675,
          "cv": 1.0,
          "lambda": 0.15
        },
        "MS3_2": {
          "meanserv": 0.5955734638643306,
          "stddevserv": 0.5955734638643306,
          "rate": 1.679053988590392,
          "cv": 1.0,
          "lambda": 0.15
        },
        "MS3_3": {
          "meanserv": 2.4233948630439803,
          "stddevserv": 2.4233948630439803,
          "rate": 0.4126442682741016,
          "cv": 1.0,
          "lambda": 0.15
        },
        "MS3_4": {
          "meanserv": 0.25574786337796507,
          "stddevserv": 0.25574786337796507,
          "rate": 3.9101010925049975,
          "cv": 1.0,
          "lambda": 0.15
        },
        "MS3_5": {
          "meanserv": 0.9056582475368193,
          "stddevserv": 0.9056582475368193,
          "rate": 1.1041692633173368,
          "cv": 1.0,
          "lambda": 0.15
        },
        "MS3_6": {
          "meanserv": 1.8087401207707634,
          "stddevserv": 1.8087401207707634,
          "rate": 0.552871022495961,
          "cv": 1.0,
          "lambda": 0.15
        },
        "MS3_7": {
          "meanserv": 1.7532252896077907,
          "stddevserv": 1.7532252896077907,
          "rate": 0.5703773530575226,
          "cv": 1.0,
          "lambda": 0.15
        },
        "MS3_8": {
          "meanserv": 0.46757665747422905,
          "stddevserv": 0.46757665747422905,
          "rate": 2.1386867458307965,
          "cv": 1.0,
          "lambda": 0.15
        },
        "MS3_9": {
          "meanserv": 0.4681350372910753,
          "stddevserv": 0.4681350372910753,
          "rate": 2.1361357735294306,
          "cv": 1.0,
          "lambda": 0.15
        },
        "MS3_10": {
          "meanserv": 0.09365861130741493,
          "stddevserv": 0.09365861130741493,
          "rate": 10.677074815018427,
          "cv": 1.0,
          "lambda": 0.15
        },
        "MS3_11": {
          "meanserv": 0.5516871634571743,
          "stddevserv": 0.5516871634571743,
          "rate": 1.8126214750646936,
          "cv": 1.0,
          "lambda": 0.15
        },
        "MS3_12": {
          "meanserv": 0.3999880864828853,
          "stddevserv": 0.3999880864828853,
          "rate": 2.5000744616997186,
          "cv": 1.0,
          "lambda": 0.15
        }
      },
      "sensors": [
        "S3"
      ],
      "sources": [
        {
          "startTime": 0,
          "stopTime": -1,
          "lambda": 0.15
        }
      ]
    },
    "SC4": {
      "resptime": 29.733864863602008,
      "resptime_old": 19.73386486360201,
      "waittime": 16.28735995407002,
      "servicetime": 10.0,
      "networktime": 3.4465049095319893,
      "services": {
        "MS4_1": {
          "meanserv": 0.8407134485730727,
          "stddevserv": 0.8407134485730727,
          "rate": 1.1894659252772528,
          "cv": 1.0,
          "lambda": 0.15
        },
        "MS4_2": {
          "meanserv": 1.756299325403955,
          "stddevserv": 1.756299325403955,
          "rate": 0.5693790264196545,
          "cv": 1.0,
          "lambda": 0.15
        },
        "MS4_3": {
          "meanserv": 0.16359946615039167,
          "stddevserv": 0.16359946615039167,
          "rate": 6.112489383557844,
          "cv": 1.0,
          "lambda": 0.15
        },
        "MS4_4": {
          "meanserv": 0.25202692727481635,
          "stddevserv": 0.25202692727481635,
          "rate": 3.967829988696309,
          "cv": 1.0,
          "lambda": 0.15
        },
        "MS4_5": {
          "meanserv": 0.33354104018942765,
          "stddevserv": 0.33354104018942765,
          "rate": 2.9981318024074968,
          "cv": 1.0,
          "lambda": 0.15
        },
        "MS4_6": {
          "meanserv": 0.7581082185888057,
          "stddevserv": 0.7581082185888057,
          "rate": 1.3190728915476844,
          "cv": 1.0,
          "lambda": 0.15
        },
        "MS4_7": {
          "meanserv": 0.7657973979226487,
          "stddevserv": 0.7657973979226487,
          "rate": 1.3058284119437653,
          "cv": 1.0,
          "lambda": 0.15
        },
        "MS4_8": {
          "meanserv": 0.7271282553264697,
          "stddevserv": 0.7271282553264697,
          "rate": 1.3752731965435931,
          "cv": 1.0,
          "lambda": 0.15
        },
        "MS4_9": {
          "meanserv": 1.511192759317522,
          "stddevserv": 1.511192759317522,
          "rate": 0.6617289514089622,
          "cv": 1.0,
          "lambda": 0.15
        },
        "MS4_10": {
          "meanserv": 0.6190098567762412,
          "stddevserv": 0.6190098567762412,
          "rate": 1.6154831608141558,
          "cv": 1.0,
          "lambda": 0.15
        },
        "MS4_11": {
          "meanserv": 1.5595867502725334,
          "stddevserv": 1.5595867502725334,
          "rate": 0.6411954960666681,
          "cv": 1.0,
          "lambda": 0.15
        },
        "MS4_12": {
          "meanserv": 0.7129965542041159,
          "stddevserv": 0.7129965542041159,
          "rate": 1.4025313223515539,
          "cv": 1.0,
          "lambda": 0.15
        }
      },
      "sensors": [
        "S4"
      ],
      "sources": [
        {
          "startTime": 0,
          "stopTime": -1,
          "lambda": 0.15
        }
      ]
    }
  },
  "microservice": {
    "MS1_1": "F10",
    "MS1_2": "F10",
    "MS1_3": "F10",
    "MS1_4": "F10",
    "MS1_5": "F9",
    "MS1_6": "F10",
    "MS1_7": "F10",
    "MS1_8": "F10",
    "MS1_9": "F5",
    "MS1_10": "F5",
    "MS1_11": "F1",
    "MS1_12": "F9",
    "MS2_1": "F7",
    "MS2_2": "F5",
    "MS2_3": "F5",
    "MS2_4": "F1",
    "MS2_5": "F1",
    "MS2_6": "F1",
    "MS2_7": "F1",
    "MS2_8": "F7",
    "MS2_9": "F7",
    "MS2_10": "F1",
    "MS2_11": "F1",
    "MS2_12": "F1",
    "MS3_1": "F3",
    "MS3_2": "F3",
    "MS3_3": "F6",
    "MS3_4": "F3",
    "MS3_5": "F4",
    "MS3_6": "F4",
    "MS3_7": "F4",
    "MS3_8": "F3",
    "MS3_9": "F3",
    "MS3_10": "F3",
    "MS3_11": "F3",
    "MS3_12": "F3",
    "MS4_1": "F2",
    "MS4_2": "F6",
    "MS4_3": "F3",
    "MS4_4": "F3",
    "MS4_5": "F3",
    "MS4_6": "F8",
    "MS4_7": "F8",
    "MS4_8": "F8",
    "MS4_9": "F8",
    "MS4_10": "F2",
    "MS4_11": "F2",
    "MS4_12": "F2"
  },
  "sensor": {
    "S1": "F10",
    "S2": "F7",
    "S3": "F3",
    "S4": "F2"
  },
  "fog": {
    "F1": {
      "rho": 0.5552607321578108,
      "capacity": 1.0,
      "tserv": 0.4627172767981757,
      "stddev": 0.5861053830644037,
      "mu": 2.161146882000198,
      "cv": 1.2666598211331679,
      "lambda": 1.2,
      "twait": 0.7522971394139973
    },
    "F2": {
      "rho": 0.5598459914738946,
      "capacity": 1.0,
      "tserv": 0.9330766524564909,
      "stddev": 1.069902599448084,
      "mu": 1.0717233116564662,
      "cv": 1.1466395570303622,
      "lambda": 0.6,
      "twait": 1.3736034928412906
    },
    "F3": {
      "rho": 0.5787223368982923,
      "capacity": 1.0,
      "tserv": 0.3507408102413893,
      "stddev": 0.4117494107783942,
      "mu": 2.8511081995613026,
      "cv": 1.173942121234815,
      "lambda": 1.6499999999999997,
      "twait": 0.572922072701896
    },
    "F4": {
      "rho": 0.670143548687306,
      "capacity": 1.0,
      "tserv": 1.4892078859717912,
      "stddev": 1.5997804871245644,
      "mu": 0.6714979214251503,
      "cv": 1.0742492718406593,
      "lambda": 0.44999999999999996,
      "twait": 3.258488612283447
    },
    "F5": {
      "rho": 0.6395992958098434,
      "capacity": 1.0,
      "tserv": 1.065998826349739,
      "stddev": 1.1003503548155982,
      "mu": 0.9380873367602698,
      "cv": 1.0322247338521824,
      "lambda": 0.6,
      "twait": 1.9537623321763253
    },
    "F6": {
      "rho": 0.6269541282671902,
      "capacity": 1.0,
      "tserv": 2.0898470942239675,
      "stddev": 2.142421318369937,
      "mu": 0.47850390718242214,
      "cv": 1.025156971670931,
      "lambda": 0.3,
      "twait": 3.601740695199814
    },
    "F7": {
      "rho": 0.6330277822350132,
      "capacity": 1.0,
      "tserv": 1.4067284049666962,
      "stddev": 1.4626785354139458,
      "mu": 0.7108692740328043,
      "cv": 1.039773228613077,
      "lambda": 0.44999999999999996,
      "twait": 2.52504262825723
    },
    "F8": {
      "rho": 0.5643339946733169,
      "capacity": 1.0,
      "tserv": 0.9405566577888615,
      "stddev": 1.0498331125095328,
      "mu": 1.0632001716418475,
      "cv": 1.1161827454154303,
      "lambda": 0.6,
      "twait": 1.3681097673498388
    },
    "F9": {
      "rho": 0.6047993146039574,
      "capacity": 1.0,
      "tserv": 2.0159977153465247,
      "stddev": 2.01599773297864,
      "mu": 0.4960323081656432,
      "cv": 1.000000008746099,
      "lambda": 0.3,
      "twait": 3.0852022585101087
    },
    "F10": {
      "rho": 0.5673128751933751,
      "capacity": 1.0,
      "tserv": 0.5402979763746429,
      "stddev": 0.6553366526743643,
      "mu": 1.8508305485612246,
      "cv": 1.2129170963615703,
      "lambda": 1.05,
      "twait": 0.875294629499484
    }
  },
  "extra": {
    "deltatime": 6.2975794,
    "conv": 10,
    "obj_func": 30.249557022163554
  },
  "network": [
    [
      0.0,
      0.8545271357507211,
      0.6124037582269081,
      1.0303025345897787,
      0.5439699045887707,
      0.9769629699147125,
      0.9580438165501198,
      0.6894923925528008,
      0.9625882173626248,
      0.9625882173626248
    ],
    [
      0.8545271357507211,
      0.0,
      0.8023642099881289,
      0.9738968137614772,
      1.013635131120663,
      0.9112436202595834,
      1.0114601276065363,
      0.9625882173626248,
      1.026496535431635,
      1.026496535431635
    ],
    [
      0.6124037582269081,
      0.8023642099881289,
      0.0,
      0.7137860576091928,
      0.6739849033504712,
      0.546176536478146,
      0.6894923925528008,
      1.026496535431635,
      1.033596115412883,
      1.033596115412883
    ],
    [
      1.0303025345897787,
      0.9738968137614772,
      0.7137860576091928,
      0.0,
      0.7425480360756955,
      0.9580438165501198,
      0.9625882173626248,
      1.033596115412883,
      0.868243423172244,
      0.868243423172244
    ],
    [
      0.5439699045887707,
      1.013635131120663,
      0.6739849033504712,
      0.7425480360756955,
      0.0,
      1.0114601276065363,
      1.026496535431635,
      0.868243423172244,
      0.9126271859129589,
      0.9126271859129589
    ],
    [
      0.9769629699147125,
      0.9112436202595834,
      0.546176536478146,
      0.9580438165501198,
      1.0114601276065363,
      0.0,
      1.033596115412883,
      0.9126271859129589,
      0.837260822615528,
      0.837260822615528
    ],
    [
      0.9580438165501198,
      1.0114601276065363,
      0.6894923925528008,
      0.9625882173626248,
      1.026496535431635,
      1.033596115412883,
      0.0,
      0.837260822615528,
      1.0712362354327258,
      1.0712362354327258
    ],
    [
      0.6894923925528008,
      0.9625882173626248,
      1.026496535431635,
      1.033596115412883,
      0.868243423172244,
      0.9126271859129589,
      0.837260822615528,
      0.0,
      0.7813257759760582,
      0.7813257759760582
    ],
    [
      0.9625882173626248,
      1.026496535431635,
      1.033596115412883,
      0.868243423172244,
      0.9126271859129589,
      0.837260822615528,
      1.0712362354327258,
      0.7813257759760582,
      0.0,
      0.5860471449608112
    ],
    [
      0.9625882173626248,
      1.026496535431635,
      1.033596115412883,
      0.868243423172244,
      0.9126271859129589,
      0.837260822615528,
      1.0712362354327258,
      0.7813257759760582,
      0.5860471449608112,
      0.0
    ]
  ]
}