{
  "servicechain": {
    "SC1": {
      "resptime": 34.63489472573498,
      "resptime_old": 24.634894725734977,
      "waittime": 19.264997869526145,
      "servicetime": 10.0,
      "networktime": 5.3698968562088325,
      "services": {
        "MS1_1": {
          "meanserv": 0.30251931803588095,
          "stddevserv": 0.30251931803588095,
          "rate": 3.305574025792934,
          "cv": 1.0,
          "lambda": 0.15
        },
        "MS1_2": {
          "meanserv": 0.19181336376745461,
          "stddevserv": 0.19181336376745461,
          "rate": 5.213401091346025,
          "cv": 1.0,
          "lambda": 0.15
        },
        "MS1_3": {
          "meanserv": 3.753569517236615,
          "stddevserv": 3.753569517236615,
          "rate": 0.26641307571577943,
          "cv": 1.0,
          "lambda": 0.15
        },
        "MS1_4": {
          "meanserv": 0.9903870884959671,
          "stddevserv": 0.9903870884959671,
          "rate": 1.009706216504328,
          "cv": 1.0,
          "lambda": 0.15
        },
        "MS1_5": {
          "meanserv": 1.6879282901368775,
          "stddevserv": 1.6879282901368775,
          "rate": 0.5924422298289153,
          "cv": 1.0,
          "lambda": 0.15
        },
        "MS1_6": {
          "meanserv": 3.0737824223272048,
          "stddevserv": 3.0737824223272048,
          "rate": 0.3253320705903724,
          "cv": 1.0,
          "lambda": 0.15
        }
      },
      "sensors": [
        "S1"
      ],
      "sources": [
        {
          "startTime": 0,
          "stopTime": -1,
          "lambda": 0.15
        }
      ]
    },
    "SC2": {
      "resptime": 32.395334757499725,
      "resptime_old": 22.39533475749972,
      "waittime": 18.083647305505416,
      "servicetime": 10.0,
      "networktime": 4.311687451994306,
      "services": {
        "MS2_1": {
          "meanserv": 2.0376532580264497,
          "stddevserv": 2.0376532580264497,
          "rate": 0.4907606316535625,
          "cv": 1.0,
          "lambda": 0.15
        },
        "MS2_2": {
          "meanserv": 0.09284974942731239,
          "stddevserv": 0.09284974942731239,
          "rate": 10.770088300376642,
          "cv": 1.0,
          "lambda": 0.15
        },
        "MS2_3": {
          "meanserv": 3.906144397040877,
          "stddevserv": 3.906144397040877,
          "rate": 0.2560069209826334,
          "cv": 1.0,
          "lambda": 0.15
        },
        "MS2_4": {
          "meanserv": 1.9456066459906634,
          "stddevserv": 1.9456066459906634,
          "rate": 0.5139785074545838,
          "cv": 1.0,
          "lambda": 0.15
        },
        "MS2_5": {
          "meanserv": 1.2028894919303603,
          "stddevserv": 1.2028894919303603,
          "rate": 0.8313315618006027,
          "cv": 1.0,
          "lambda": 0.15
        },
        "MS2_6": {
          "meanserv": 0.8148564575843373,
          "stddevserv": 0.8148564575843373,
          "rate": 1.227210008207489,
          "cv": 1.0,
          "lambda": 0.15
        }
      },
      "sensors": [
        "S2"
      ],
      "sources": [
        {
          "startTime": 0,
          "stopTime": -1,
          "lambda": 0.15
        }
      ]
    },
    "SC3": {
      "resptime": 38.4759982317225,
      "resptime_old": 28.475998231722496,
      "waittime": 23.57770404911508,
      "servicetime": 10.0,
      "networktime": 4.898294182607415,
      "services": {
        "MS3_1": {
          "meanserv": 0.2044251681880782,
          "stddevserv": 0.2044251681880782,
          "rate": 4.891765573013815,
          "cv": 1.0,
          "lambda": 0.15
        },
        "MS3_2": {
          "meanserv": 3.6445653050649307,
          "stddevserv": 3.6445653050649307,
          "rate": 0.27438114460736335,
          "cv": 1.0,
          "lambda": 0.15
        },
        "MS3_3": {
          "meanserv": 0.522893038657144,
          "stddevserv": 0.522893038657144,
          "rate": 1.9124370111488338,
          "cv": 1.0,
          "lambda": 0.15
        },
        "MS3_4": {
          "meanserv": 0.4259865040067341,
          "stddevserv": 0.4259865040067341,
          "rate": 2.347492210655086,
          "cv": 1.0,
          "lambda": 0.15
        },
        "MS3_5": {
          "meanserv": 0.07028475290007918,
          "stddevserv": 0.07028475290007918,
          "rate": 14.227836888345571,
          "cv": 1.0,
          "lambda": 0.15
        },
        "MS3_6": {
          "meanserv": 5.131845231183034,
          "stddevserv": 5.131845231183034,
          "rate": 0.19486168326426165,
          "cv": 1.0,
          "lambda": 0.15
        }
      },
      "sensors": [
        "S3"
      ],
      "sources": [
        {
          "startTime": 0,
          "stopTime": -1,
          "lambda": 0.15
        }
      ]
    },
    "SC4": {
      "resptime": 29.964013367698264,
      "resptime_old": 19.964013367698264,
      "waittime": 15.857985235797903,
      "servicetime": 10.0,
      "networktime": 4.106028131900359,
      "services": {
        "MS4_1": {
          "meanserv": 3.1930505823798594,
          "stddevserv": 3.1930505823798594,
          "rate": 0.313180131100421,
          "cv": 1.0,
          "lambda": 0.15
        },
        "MS4_2": {
          "meanserv": 4.129378206598617,
          "stddevserv": 4.129378206598617,
          "rate": 0.2421672101630292,
          "cv": 1.0,
          "lambda": 0.15
        },
        "MS4_3": {
          "meanserv": 0.5784754160095487,
          "stddevserv": 0.5784754160095487,
          "rate": 1.7286819324116158,
          "cv": 1.0,
          "lambda": 0.15
        },
        "MS4_4": {
          "meanserv": 1.585942673857005,
          "stddevserv": 1.585942673857005,
          "rate": 0.6305398148900331,
          "cv": 1.0,
          "lambda": 0.15
        },
        "MS4_5": {
          "meanserv": 0.27165585780602086,
          "stddevserv": 0.27165585780602086,
          "rate": 3.6811280569332028,
          "cv": 1.0,
          "lambda": 0.15
        },
        "MS4_6": {
          "meanserv": 0.24149726334894872,
          "stddevserv": 0.24149726334894872,
          "rate": 4.140833672947513,
          "cv": 1.0,
          "lambda": 0.15
        }
      },
      "sensors": [
        "S4"
      ],
      "sources": [
        {
          "startTime": 0,
          "stopTime": -1,
          "lambda": 0.15
        }
      ]
    }
  },
  "microservice": {
    "MS1_1": "F10",
    "MS1_2": "F10",
    "MS1_3": "F7",
    "MS1_4": "F10",
    "MS1_5": "F3",
    "MS1_6": "F3",
    "MS2_1": "F8",
    "MS2_2": "F8",
    "MS2_3": "F5",
    "MS2_4": "F2",
    "MS2_5": "F8",
    "MS2_6": "F8",
    "MS3_1": "F10",
    "MS3_2": "F9",
    "MS3_3": "F10",
    "MS3_4": "F10",
    "MS3_5": "F10",
    "MS3_6": "F4",
    "MS4_1": "F6",
    "MS4_2": "F1",
    "MS4_3": "F2",
    "MS4_4": "F2",
    "MS4_5": "F10",
    "MS4_6": "F10"
  },
  "sensor": {
    "S1": "F10",
    "S2": "F8",
    "S3": "F10",
    "S4": "F6"
  },
  "fog": {
    "F1": {
      "rho": 0.6194067309897926,
      "capacity": 1.0,
      "tserv": 4.129378206598617,
      "stddev": 4.129378206598617,
      "mu": 0.2421672101630292,
      "cv": 1.0,
      "lambda": 0.15,
      "twait": 6.7204673971812765
    },
    "F2": {
      "rho": 0.6165037103785825,
      "capacity": 1.0,
      "tserv": 1.3700082452857392,
      "stddev": 1.5957964165028071,
      "mu": 0.7299226142915896,
      "cv": 1.1648078922108793,
      "lambda": 0.44999999999999996,
      "twait": 2.595292329618644
    },
    "F3": {
      "rho": 0.7142566068696123,
      "capacity": 1.0,
      "tserv": 2.380855356232041,
      "stddev": 2.574639404878536,
      "mu": 0.4200171158581457,
      "cv": 1.0813926172118153,
      "lambda": 0.3,
      "twait": 6.455393504150457
    },
    "F4": {
      "rho": 0.7697767846774551,
      "capacity": 1.0,
      "tserv": 5.131845231183034,
      "stddev": 5.131845231183034,
      "mu": 0.19486168326426165,
      "cv": 1.0,
      "lambda": 0.15,
      "twait": 17.158892147292335
    },
    "F5": {
      "rho": 0.5859216595561315,
      "capacity": 1.0,
      "tserv": 3.906144397040877,
      "stddev": 3.9061443970408765,
      "mu": 0.2560069209826334,
      "cv": 0.9999999999999999,
      "lambda": 0.15,
      "twait": 5.527201942334691
    },
    "F6": {
      "rho": 0.4789575873569789,
      "capacity": 1.0,
      "tserv": 3.1930505823798594,
      "stddev": 3.1930505823798594,
      "mu": 0.313180131100421,
      "cv": 1.0,
      "lambda": 0.15,
      "twait": 2.935146479703639
    },
    "F7": {
      "rho": 0.5630354275854921,
      "capacity": 1.0,
      "tserv": 3.7535695172366146,
      "stddev": 3.753569517236615,
      "mu": 0.2664130757157795,
      "cv": 1.0000000000000002,
      "lambda": 0.15,
      "twait": 4.836530811711679
    },
    "F8": {
      "rho": 0.6222373435452689,
      "capacity": 1.0,
      "tserv": 1.037062239242115,
      "stddev": 1.4353727522936606,
      "mu": 0.9642622806619591,
      "cv": 1.3840758037267185,
      "lambda": 0.6,
      "twait": 2.490288258388021
    },
    "F9": {
      "rho": 0.5466847957597395,
      "capacity": 1.0,
      "tserv": 3.6445653050649307,
      "stddev": 3.6445653050649307,
      "mu": 0.27438114460736335,
      "cv": 1.0,
      "lambda": 0.15,
      "twait": 4.3952385024713445
    },
    "F10": {
      "rho": 0.48321935328094606,
      "capacity": 1.0,
      "tserv": 0.35794026168958976,
      "stddev": 0.5091082423169255,
      "mu": 2.7937622755252174,
      "cv": 1.4223274015439775,
      "lambda": 1.3499999999999999,
      "twait": 0.5058933498378503
    }
  },
  "extra": {
    "deltatime": 1.1459734,
    "conv": 22,
    "obj_func": 33.867560270663866
  },
  "network": [
    [
      0.0,
      0.9649438351868509,
      1.2858804709597471,
      1.7751065342100716,
      1.8297359795910075,
      1.0489815754460423,
      1.6426386349488846,
      1.9718360804856385,
      1.4748526267793554,
      1.4748526267793554
    ],
    [
      0.9649438351868509,
      0.0,
      1.5130365947120046,
      1.1162066788127405,
      1.012387885301943,
      1.5065908552985308,
      1.7585528712980714,
      1.4748526267793554,
      2.092102721267466,
      2.092102721267466
    ],
    [
      1.2858804709597471,
      1.5130365947120046,
      0.0,
      0.8429463089426148,
      1.7661584784296103,
      1.6318631868176967,
      1.9718360804856385,
      2.092102721267466,
      2.0088930974762205,
      2.0088930974762205
    ],
    [
      1.7751065342100716,
      1.1162066788127405,
      0.8429463089426148,
      0.0,
      1.350845419951141,
      1.6426386349488846,
      1.4748526267793554,
      2.0088930974762205,
      1.824446939913008,
      1.824446939913008
    ],
    [
      1.8297359795910075,
      1.012387885301943,
      1.7661584784296103,
      1.350845419951141,
      0.0,
      1.7585528712980714,
      2.092102721267466,
      1.824446939913008,
      2.204137411675595,
      2.204137411675595
    ],
    [
      1.0489815754460423,
      1.5065908552985308,
      1.6318631868176967,
      1.6426386349488846,
      1.7585528712980714,
      0.0,
      2.0088930974762205,
      2.204137411675595,
      1.6005077071254226,
      1.6005077071254226
    ],
    [
      1.6426386349488846,
      1.7585528712980714,
      1.9718360804856385,
      1.4748526267793554,
      2.092102721267466,
      2.0088930974762205,
      0.0,
      1.6005077071254226,
      1.680501879366306,
      1.680501879366306
    ],
    [
      1.9718360804856385,
      1.4748526267793554,
      2.092102721267466,
      2.0088930974762205,
      1.824446939913008,
      2.204137411675595,
      1.6005077071254226,
      0.0,
      1.9655844507130267,
      1.9655844507130267
    ],
    [
      1.4748526267793554,
      2.092102721267466,
      2.0088930974762205,
      1.824446939913008,
      2.204137411675595,
      1.6005077071254226,
      1.680501879366306,
      1.9655844507130267,
      0.0,
      1.5369236213472035
    ],
    [
      1.4748526267793554,
      2.092102721267466,
      2.0088930974762205,
      1.824446939913008,
      2.204137411675595,
      1.6005077071254226,
      1.680501879366306,
      1.9655844507130267,
      1.5369236213472035,
      0.0
    ]
  ]
}