{
  "servicechain": {
    "SC1": {
      "resptime": 16.55699923542138,
      "resptime_old": 6.556999235421379,
      "waittime": 4.637102605967273,
      "servicetime": 10.0,
      "networktime": 1.919896629454105,
      "services": {
        "MS1_1": {
          "meanserv": 0.16058308771511265,
          "stddevserv": 0.16058308771511265,
          "rate": 6.227305840413784,
          "cv": 1.0,
          "lambda": 0.05
        },
        "MS1_2": {
          "meanserv": 1.4251744873571681,
          "stddevserv": 1.4251744873571681,
          "rate": 0.7016684685777612,
          "cv": 1.0,
          "lambda": 0.05
        },
        "MS1_3": {
          "meanserv": 0.8380876556807115,
          "stddevserv": 0.8380876556807115,
          "rate": 1.1931926132330157,
          "cv": 1.0,
          "lambda": 0.05
        },
        "MS1_4": {
          "meanserv": 0.44935627364982356,
          "stddevserv": 0.44935627364982356,
          "rate": 2.225405671712697,
          "cv": 1.0,
          "lambda": 0.05
        },
        "MS1_5": {
          "meanserv": 7.126798495597184,
          "stddevserv": 7.126798495597184,
          "rate": 0.14031545870390236,
          "cv": 1.0,
          "lambda": 0.05
        }
      },
      "sensors": [
        "S1"
      ],
      "sources": [
        {
          "startTime": 0,
          "stopTime": -1,
          "lambda": 0.05
        }
      ]
    },
    "SC2": {
      "resptime": 15.49519295745545,
      "resptime_old": 5.4951929574554494,
      "waittime": 4.1656647515713,
      "servicetime": 10.0,
      "networktime": 1.3295282058841509,
      "services": {
        "MS2_1": {
          "meanserv": 6.446000123219996,
          "stddevserv": 6.446000123219996,
          "rate": 0.15513496445613875,
          "cv": 1.0,
          "lambda": 0.05
        },
        "MS2_2": {
          "meanserv": 1.403063227782681,
          "stddevserv": 1.403063227782681,
          "rate": 0.7127262550956748,
          "cv": 1.0,
          "lambda": 0.05
        },
        "MS2_3": {
          "meanserv": 0.31822720232744217,
          "stddevserv": 0.31822720232744217,
          "rate": 3.1424089225755214,
          "cv": 1.0,
          "lambda": 0.05
        },
        "MS2_4": {
          "meanserv": 0.2943750577625259,
          "stddevserv": 0.2943750577625259,
          "rate": 3.397026934281592,
          "cv": 1.0,
          "lambda": 0.05
        },
        "MS2_5": {
          "meanserv": 1.538334388907355,
          "stddevserv": 1.538334388907355,
          "rate": 0.6500537251268743,
          "cv": 1.0,
          "lambda": 0.05
        }
      },
      "sensors": [
        "S2"
      ],
      "sources": [
        {
          "startTime": 0,
          "stopTime": -1,
          "lambda": 0.05
        }
      ]
    },
    "SC3": {
      "resptime": 15.160907262859144,
      "resptime_old": 5.160907262859144,
      "waittime": 3.696501801235098,
      "servicetime": 10.0,
      "networktime": 1.464405461624046,
      "services": {
        "MS3_1": {
          "meanserv": 2.231642897929169,
          "stddevserv": 2.231642897929169,
          "rate": 0.44810036629424005,
          "cv": 1.0,
          "lambda": 0.05
        },
        "MS3_2": {
          "meanserv": 1.0264172585978093,
          "stddevserv": 1.0264172585978093,
          "rate": 0.97426265159074,
          "cv": 1.0,
          "lambda": 0.05
        },
        "MS3_3": {
          "meanserv": 1.3617042370922086,
          "stddevserv": 1.3617042370922086,
          "rate": 0.7343738623707348,
          "cv": 1.0,
          "lambda": 0.05
        },
        "MS3_4": {
          "meanserv": 0.8654356425348553,
          "stddevserv": 0.8654356425348553,
          "rate": 1.1554874225783058,
          "cv": 1.0,
          "lambda": 0.05
        },
        "MS3_5": {
          "meanserv": 4.514799963845958,
          "stddevserv": 4.514799963845958,
          "rate": 0.22149375564983934,
          "cv": 1.0,
          "lambda": 0.05
        }
      },
      "sensors": [
        "S3"
      ],
      "sources": [
        {
          "startTime": 0,
          "stopTime": -1,
          "lambda": 0.05
        }
      ]
    },
    "SC4": {
      "resptime": 16.217239036386413,
      "resptime_old": 6.217239036386413,
      "waittime": 3.4495373245122556,
      "servicetime": 10.0,
      "networktime": 2.7677017118741576,
      "services": {
        "MS4_1": {
          "meanserv": 1.4204739464330562,
          "stddevserv": 1.4204739464330562,
          "rate": 0.703990384695963,
          "cv": 1.0,
          "lambda": 0.05
        },
        "MS4_2": {
          "meanserv": 2.6073023463624065,
          "stddevserv": 2.6073023463624065,
          "rate": 0.3835381812911556,
          "cv": 1.0,
          "lambda": 0.05
        },
        "MS4_3": {
          "meanserv": 1.2801760710366379,
          "stddevserv": 1.2801760710366379,
          "rate": 0.7811425495480774,
          "cv": 1.0,
          "lambda": 0.05
        },
        "MS4_4": {
          "meanserv": 4.510003182395188,
          "stddevserv": 4.510003182395188,
          "rate": 0.22172933356311217,
          "cv": 1.0,
          "lambda": 0.05
        },
        "MS4_5": {
          "meanserv": 0.18204445377271128,
          "stddevserv": 0.18204445377271128,
          "rate": 5.493163781020948,
          "cv": 1.0,
          "lambda": 0.05
        }
      },
      "sensors": [
        "S4"
      ],
      "sources": [
        {
          "startTime": 0,
          "stopTime": -1,
          "lambda": 0.05
        }
      ]
    }
  },
  "microservice": {
    "MS1_1": "F10",
    "MS1_2": "F10",
    "MS1_3": "F10",
    "MS1_4": "F10",
    "MS1_5": "F4",
    "MS2_1": "F9",
    "MS2_2": "F5",
    "MS2_3": "F5",
    "MS2_4": "F5",
    "MS2_5": "F5",
    "MS3_1": "F2",
    "MS3_2": "F2",
    "MS3_3": "F2",
    "MS3_4": "F2",
    "MS3_5": "F3",
    "MS4_1": "F1",
    "MS4_2": "F1",
    "MS4_3": "F1",
    "MS4_4": "F8",
    "MS4_5": "F6"
  },
  "sensor": {
    "S1": "F10",
    "S2": "F9",
    "S3": "F2",
    "S4": "F1"
  },
  "fog": {
    "F1": {
      "rho": 0.26539761819160507,
      "capacity": 1.0,
      "tserv": 1.7693174546107002,
      "stddev": 1.9594040161762936,
      "mu": 0.5651896992221943,
      "cv": 1.1074349665574388,
      "lambda": 0.15000000000000002,
      "twait": 0.7115837621544546
    },
    "F2": {
      "rho": 0.2742600018077021,
      "capacity": 1.0,
      "tserv": 1.3713000090385103,
      "stddev": 1.5614179875567749,
      "mu": 0.7292350276444262,
      "cv": 1.138640689320469,
      "lambda": 0.2,
      "twait": 0.5950464157152059
    },
    "F3": {
      "rho": 0.2257399981922979,
      "capacity": 1.0,
      "tserv": 4.514799963845958,
      "stddev": 4.514799963845958,
      "mu": 0.22149375564983934,
      "cv": 1.0,
      "lambda": 0.05,
      "twait": 1.3163161383742743
    },
    "F4": {
      "rho": 0.35633992477985915,
      "capacity": 1.0,
      "tserv": 7.126798495597184,
      "stddev": 7.126798495597184,
      "mu": 0.14031545870390236,
      "cv": 1.0,
      "lambda": 0.05,
      "twait": 3.9455031275223136
    },
    "F5": {
      "rho": 0.17769999383900023,
      "capacity": 1.0,
      "tserv": 0.8884999691950011,
      "stddev": 1.2132847871925467,
      "mu": 1.1254924419479948,
      "cv": 1.3655428579156927,
      "lambda": 0.2,
      "twait": 0.2750203275140922
    },
    "F6": {
      "rho": 0.009102222688635564,
      "capacity": 1.0,
      "tserv": 0.18204445377271125,
      "stddev": 0.18204445377271128,
      "mu": 5.493163781020949,
      "cv": 1.0000000000000002,
      "lambda": 0.05,
      "twait": 0.0016722301688538025
    },
    "F7": {
      "rho": 0,
      "capacity": 1.0,
      "tserv": 0,
      "stddev": 0,
      "mu": 0,
      "cv": 0,
      "lambda": 0.0,
      "twait": 0
    },
    "F8": {
      "rho": 0.2255001591197594,
      "capacity": 1.0,
      "tserv": 4.510003182395188,
      "stddev": 4.510003182395188,
      "mu": 0.22172933356311217,
      "cv": 1.0,
      "lambda": 0.05,
      "twait": 1.3131138078800377
    },
    "F9": {
      "rho": 0.3223000061609998,
      "capacity": 1.0,
      "tserv": 6.446000123219996,
      "stddev": 6.446000123219995,
      "mu": 0.15513496445613875,
      "cv": 0.9999999999999999,
      "lambda": 0.05,
      "twait": 3.0655834415149306
    },
    "F10": {
      "rho": 0.1436600752201408,
      "capacity": 1.0,
      "tserv": 0.718300376100704,
      "stddev": 0.9821686123405458,
      "mu": 1.3921752421020623,
      "cv": 1.367350825670246,
      "lambda": 0.2,
      "twait": 0.17289986961123985
    }
  },
  "extra": {
    "conv_gen": 22,
    "max_gen": 600,
    "population": 600,
    "deltatime": 36.7637444,
    "obj_func": 15.857584623030597
  },
  "network": [
    [
      0.0,
      1.9349711579539561,
      1.4489737019233269,
      1.8636817635027065,
      1.2910145520264775,
      1.69125485018747,
      2.289533863316183,
      1.438173505990007,
      2.0549343462879173,
      2.0549343462879173
    ],
    [
      1.9349711579539561,
      0.0,
      1.464405461624046,
      1.5671348399198035,
      2.1741161098003445,
      1.8441000497431188,
      2.556242452812304,
      2.0549343462879173,
      1.8157731084007802,
      1.8157731084007802
    ],
    [
      1.4489737019233269,
      1.464405461624046,
      0.0,
      1.823484196083934,
      2.5809599152231844,
      1.8724720648454236,
      1.438173505990007,
      1.8157731084007802,
      2.0708651297222547,
      2.0708651297222547
    ],
    [
      1.8636817635027065,
      1.5671348399198035,
      1.823484196083934,
      0.0,
      1.8160303275930967,
      2.289533863316183,
      2.0549343462879173,
      2.0708651297222547,
      1.919896629454105,
      1.919896629454105
    ],
    [
      1.2910145520264775,
      2.1741161098003445,
      2.5809599152231844,
      1.8160303275930967,
      0.0,
      2.556242452812304,
      1.8157731084007802,
      1.919896629454105,
      1.3295282058841509,
      1.3295282058841509
    ],
    [
      1.69125485018747,
      1.8441000497431188,
      1.8724720648454236,
      2.289533863316183,
      2.556242452812304,
      0.0,
      2.0708651297222547,
      1.3295282058841509,
      2.09962024476831,
      2.09962024476831
    ],
    [
      2.289533863316183,
      2.556242452812304,
      1.438173505990007,
      2.0549343462879173,
      1.8157731084007802,
      2.0708651297222547,
      0.0,
      2.09962024476831,
      1.993299577981128,
      1.993299577981128
    ],
    [
      1.438173505990007,
      2.0549343462879173,
      1.8157731084007802,
      2.0708651297222547,
      1.919896629454105,
      1.3295282058841509,
      2.09962024476831,
      0.0,
      2.6046944793790723,
      2.6046944793790723
    ],
    [
      2.0549343462879173,
      1.8157731084007802,
      2.0708651297222547,
      1.919896629454105,
      1.3295282058841509,
      2.09962024476831,
      1.993299577981128,
      2.6046944793790723,
      0.0,
      1.9682911242324108
    ],
    [
      2.0549343462879173,
      1.8157731084007802,
      2.0708651297222547,
      1.919896629454105,
      1.3295282058841509,
      2.09962024476831,
      1.993299577981128,
      2.6046944793790723,
      1.9682911242324108,
      0.0
    ]
  ]
}