{
  "servicechain": {
    "SC1": {
      "resptime": 35.398428905276475,
      "resptime_old": 25.398428905276475,
      "waittime": 21.52130147129528,
      "servicetime": 10.0,
      "networktime": 3.877127433981195,
      "services": {
        "MS1_1": {
          "meanserv": 0.6223186117699253,
          "stddevserv": 0.6223186117699253,
          "rate": 1.6068939303549314,
          "cv": 1.0,
          "lambda": 0.15
        },
        "MS1_2": {
          "meanserv": 3.1587559011359745,
          "stddevserv": 3.1587559011359745,
          "rate": 0.3165803345679142,
          "cv": 1.0,
          "lambda": 0.15
        },
        "MS1_3": {
          "meanserv": 0.7005517850378999,
          "stddevserv": 0.7005517850378999,
          "rate": 1.4274462236162881,
          "cv": 1.0,
          "lambda": 0.15
        },
        "MS1_4": {
          "meanserv": 0.8717400050752246,
          "stddevserv": 0.8717400050752246,
          "rate": 1.1471310186271737,
          "cv": 1.0,
          "lambda": 0.15
        },
        "MS1_5": {
          "meanserv": 0.7816932582325213,
          "stddevserv": 0.7816932582325213,
          "rate": 1.2792741775221266,
          "cv": 1.0,
          "lambda": 0.15
        },
        "MS1_6": {
          "meanserv": 0.01978602618136094,
          "stddevserv": 0.01978602618136094,
          "rate": 50.54071953781359,
          "cv": 1.0,
          "lambda": 0.15
        },
        "MS1_7": {
          "meanserv": 1.421757016330126,
          "stddevserv": 1.421757016330126,
          "rate": 0.7033550659600221,
          "cv": 1.0,
          "lambda": 0.15
        },
        "MS1_8": {
          "meanserv": 0.6841355977077948,
          "stddevserv": 0.6841355977077948,
          "rate": 1.4616985336686368,
          "cv": 1.0,
          "lambda": 0.15
        },
        "MS1_9": {
          "meanserv": 0.8278419287088106,
          "stddevserv": 0.8278419287088106,
          "rate": 1.2079600770641146,
          "cv": 1.0,
          "lambda": 0.15
        },
        "MS1_10": {
          "meanserv": 0.8523772744431604,
          "stddevserv": 0.8523772744431604,
          "rate": 1.1731894197358539,
          "cv": 1.0,
          "lambda": 0.15
        },
        "MS1_11": {
          "meanserv": 0.044810596101493516,
          "stddevserv": 0.044810596101493516,
          "rate": 22.31615035281065,
          "cv": 1.0,
          "lambda": 0.15
        },
        "MS1_12": {
          "meanserv": 0.014231999275708063,
          "stddevserv": 0.014231999275708063,
          "rate": 70.26419694293081,
          "cv": 1.0,
          "lambda": 0.15
        }
      },
      "sensors": [
        "S1"
      ],
      "sources": [
        {
          "startTime": 0,
          "stopTime": -1,
          "lambda": 0.15
        }
      ]
    },
    "SC2": {
      "resptime": 28.124934681925815,
      "resptime_old": 18.124934681925815,
      "waittime": 15.403129405249434,
      "servicetime": 10.0,
      "networktime": 2.721805276676382,
      "services": {
        "MS2_1": {
          "meanserv": 0.8497272013972246,
          "stddevserv": 0.8497272013972246,
          "rate": 1.1768482853740339,
          "cv": 1.0,
          "lambda": 0.15
        },
        "MS2_2": {
          "meanserv": 0.31303429791142423,
          "stddevserv": 0.31303429791142423,
          "rate": 3.1945381278410543,
          "cv": 1.0,
          "lambda": 0.15
        },
        "MS2_3": {
          "meanserv": 0.5522808717281902,
          "stddevserv": 0.5522808717281902,
          "rate": 1.8106728861907038,
          "cv": 1.0,
          "lambda": 0.15
        },
        "MS2_4": {
          "meanserv": 1.105193430450865,
          "stddevserv": 1.105193430450865,
          "rate": 0.9048189868374885,
          "cv": 1.0,
          "lambda": 0.15
        },
        "MS2_5": {
          "meanserv": 0.2365833156147188,
          "stddevserv": 0.2365833156147188,
          "rate": 4.226840753337494,
          "cv": 1.0,
          "lambda": 0.15
        },
        "MS2_6": {
          "meanserv": 0.46806598495172214,
          "stddevserv": 0.46806598495172214,
          "rate": 2.136450911089263,
          "cv": 1.0,
          "lambda": 0.15
        },
        "MS2_7": {
          "meanserv": 0.8623951680098356,
          "stddevserv": 0.8623951680098356,
          "rate": 1.1595612279550656,
          "cv": 1.0,
          "lambda": 0.15
        },
        "MS2_8": {
          "meanserv": 1.3543497570933765,
          "stddevserv": 1.3543497570933765,
          "rate": 0.7383617080909288,
          "cv": 1.0,
          "lambda": 0.15
        },
        "MS2_9": {
          "meanserv": 1.076422954690294,
          "stddevserv": 1.076422954690294,
          "rate": 0.9290028567699189,
          "cv": 1.0,
          "lambda": 0.15
        },
        "MS2_10": {
          "meanserv": 0.6295356560198062,
          "stddevserv": 0.6295356560198062,
          "rate": 1.5884723771206668,
          "cv": 1.0,
          "lambda": 0.15
        },
        "MS2_11": {
          "meanserv": 1.4355402722361115,
          "stddevserv": 1.4355402722361115,
          "rate": 0.6966018434594807,
          "cv": 1.0,
          "lambda": 0.15
        },
        "MS2_12": {
          "meanserv": 1.1168710898964314,
          "stddevserv": 1.1168710898964314,
          "rate": 0.8953584787414732,
          "cv": 1.0,
          "lambda": 0.15
        }
      },
      "sensors": [
        "S2"
      ],
      "sources": [
        {
          "startTime": 0,
          "stopTime": -1,
          "lambda": 0.15
        }
      ]
    },
    "SC3": {
      "resptime": 33.60660861536855,
      "resptime_old": 23.60660861536855,
      "waittime": 20.23451395427138,
      "servicetime": 10.0,
      "networktime": 3.372094661097171,
      "services": {
        "MS3_1": {
          "meanserv": 1.4294414002546818,
          "stddevserv": 1.4294414002546818,
          "rate": 0.6995739733170113,
          "cv": 1.0,
          "lambda": 0.15
        },
        "MS3_2": {
          "meanserv": 0.19704670960164705,
          "stddevserv": 0.19704670960164705,
          "rate": 5.0749388407531235,
          "cv": 1.0,
          "lambda": 0.15
        },
        "MS3_3": {
          "meanserv": 0.8242367739094469,
          "stddevserv": 0.8242367739094469,
          "rate": 1.2132436111251,
          "cv": 1.0,
          "lambda": 0.15
        },
        "MS3_4": {
          "meanserv": 0.5330951808502027,
          "stddevserv": 0.5330951808502027,
          "rate": 1.8758376288548657,
          "cv": 1.0,
          "lambda": 0.15
        },
        "MS3_5": {
          "meanserv": 1.0183185737902423,
          "stddevserv": 1.0183185737902423,
          "rate": 0.9820109597706154,
          "cv": 1.0,
          "lambda": 0.15
        },
        "MS3_6": {
          "meanserv": 0.6436659898989996,
          "stddevserv": 0.6436659898989996,
          "rate": 1.5536008049095686,
          "cv": 1.0,
          "lambda": 0.15
        },
        "MS3_7": {
          "meanserv": 0.12865794839551103,
          "stddevserv": 0.12865794839551103,
          "rate": 7.772547382194155,
          "cv": 1.0,
          "lambda": 0.15
        },
        "MS3_8": {
          "meanserv": 1.5376731017424712,
          "stddevserv": 1.5376731017424712,
          "rate": 0.6503332853171542,
          "cv": 1.0,
          "lambda": 0.15
        },
        "MS3_9": {
          "meanserv": 1.5545630911182462,
          "stddevserv": 1.5545630911182462,
          "rate": 0.6432675558253917,
          "cv": 1.0,
          "lambda": 0.15
        },
        "MS3_10": {
          "meanserv": 1.0565875973593446,
          "stddevserv": 1.0565875973593446,
          "rate": 0.946443061133057,
          "cv": 1.0,
          "lambda": 0.15
        },
        "MS3_11": {
          "meanserv": 0.07263176344892841,
          "stddevserv": 0.07263176344892841,
          "rate": 13.768080967814553,
          "cv": 1.0,
          "lambda": 0.15
        },
        "MS3_12": {
          "meanserv": 1.0040818696302782,
          "stddevserv": 1.0040818696302782,
          "rate": 0.9959347242951601,
          "cv": 1.0,
          "lambda": 0.15
        }
      },
      "sensors": [
        "S3"
      ],
      "sources": [
        {
          "startTime": 0,
          "stopTime": -1,
          "lambda": 0.15
        }
      ]
    },
    "SC4": {
      "resptime": 30.198412220378316,
      "resptime_old": 20.198412220378316,
      "waittime": 17.220515149822134,
      "servicetime": 10.0,
      "networktime": 2.9778970705561827,
      "services": {
        "MS4_1": {
          "meanserv": 0.5238476477978182,
          "stddevserv": 0.5238476477978182,
          "rate": 1.9089519714441006,
          "cv": 1.0,
          "lambda": 0.15
        },
        "MS4_2": {
          "meanserv": 1.0811585912259547,
          "stddevserv": 1.0811585912259547,
          "rate": 0.9249336851368616,
          "cv": 1.0,
          "lambda": 0.15
        },
        "MS4_3": {
          "meanserv": 1.2474270818022306,
          "stddevserv": 1.2474270818022306,
          "rate": 0.8016500640303894,
          "cv": 1.0,
          "lambda": 0.15
        },
        "MS4_4": {
          "meanserv": 1.6892646625382461,
          "stddevserv": 1.6892646625382461,
          "rate": 0.5919735504899661,
          "cv": 1.0,
          "lambda": 0.15
        },
        "MS4_5": {
          "meanserv": 0.07942821846582859,
          "stddevserv": 0.07942821846582859,
          "rate": 12.589984004616916,
          "cv": 1.0,
          "lambda": 0.15
        },
        "MS4_6": {
          "meanserv": 0.3226181702513875,
          "stddevserv": 0.3226181702513875,
          "rate": 3.0996394258289586,
          "cv": 1.0,
          "lambda": 0.15
        },
        "MS4_7": {
          "meanserv": 0.9427553809063314,
          "stddevserv": 0.9427553809063314,
          "rate": 1.0607205434761195,
          "cv": 1.0,
          "lambda": 0.15
        },
        "MS4_8": {
          "meanserv": 0.34229628046190186,
          "stddevserv": 0.34229628046190186,
          "rate": 2.9214457096950595,
          "cv": 1.0,
          "lambda": 0.15
        },
        "MS4_9": {
          "meanserv": 0.07785025860285621,
          "stddevserv": 0.07785025860285621,
          "rate": 12.84517248814009,
          "cv": 1.0,
          "lambda": 0.15
        },
        "MS4_10": {
          "meanserv": 0.25302269418236456,
          "stddevserv": 0.25302269418236456,
          "rate": 3.952214655019269,
          "cv": 1.0,
          "lambda": 0.15
        },
        "MS4_11": {
          "meanserv": 1.5577227237944804,
          "stddevserv": 1.5577227237944804,
          "rate": 0.6419627734286913,
          "cv": 1.0,
          "lambda": 0.15
        },
        "MS4_12": {
          "meanserv": 1.8826082899705998,
          "stddevserv": 1.8826082899705998,
          "rate": 0.5311779435623417,
          "cv": 1.0,
          "lambda": 0.15
        }
      },
      "sensors": [
        "S4"
      ],
      "sources": [
        {
          "startTime": 0,
          "stopTime": -1,
          "lambda": 0.15
        }
      ]
    }
  },
  "microservice": {
    "MS1_1": "F3",
    "MS1_2": "F7",
    "MS1_3": "F10",
    "MS1_4": "F10",
    "MS1_5": "F10",
    "MS1_6": "F10",
    "MS1_7": "F7",
    "MS1_8": "F10",
    "MS1_9": "F10",
    "MS1_10": "F3",
    "MS1_11": "F3",
    "MS1_12": "F3",
    "MS2_1": "F6",
    "MS2_2": "F6",
    "MS2_3": "F6",
    "MS2_4": "F6",
    "MS2_5": "F3",
    "MS2_6": "F3",
    "MS2_7": "F1",
    "MS2_8": "F1",
    "MS2_9": "F1",
    "MS2_10": "F1",
    "MS2_11": "F9",
    "MS2_12": "F9",
    "MS3_1": "F4",
    "MS3_2": "F3",
    "MS3_3": "F3",
    "MS3_4": "F3",
    "MS3_5": "F9",
    "MS3_6": "F9",
    "MS3_7": "F3",
    "MS3_8": "F4",
    "MS3_9": "F4",
    "MS3_10": "F8",
    "MS3_11": "F8",
    "MS3_12": "F8",
    "MS4_1": "F6",
    "MS4_2": "F5",
    "MS4_3": "F5",
    "MS4_4": "F5",
    "MS4_5": "F6",
    "MS4_6": "F6",
    "MS4_7": "F8",
    "MS4_8": "F8",
    "MS4_9": "F8",
    "MS4_10": "F8",
    "MS4_11": "F2",
    "MS4_12": "F2"
  },
  "sensor": {
    "S1": "F3",
    "S2": "F6",
    "S3": "F4",
    "S4": "F6"
  },
  "fog": {
    "F1": {
      "rho": 0.5884055303719967,
      "capacity": 1.0,
      "tserv": 0.980675883953328,
      "stddev": 1.0510803563940265,
      "mu": 1.0197048957386126,
      "cv": 1.0717917852296746,
      "lambda": 0.6,
      "twait": 1.5062120053503545
    },
    "F2": {
      "rho": 0.5160496520647622,
      "capacity": 1.0,
      "tserv": 1.7201655068825403,
      "stddev": 1.7354378947756255,
      "mu": 0.5813394094922308,
      "cv": 1.0088784409593023,
      "lambda": 0.3,
      "twait": 1.8506177596004298
    },
    "F3": {
      "rho": 0.5882136592370304,
      "capacity": 1.0,
      "tserv": 0.39214243949135363,
      "stddev": 0.5729143014228609,
      "mu": 2.5500937906570273,
      "cv": 1.4609852026370462,
      "lambda": 1.4999999999999998,
      "twait": 0.8778942656257112
    },
    "F4": {
      "rho": 0.67825163896731,
      "capacity": 1.0,
      "tserv": 1.5072258643718,
      "stddev": 1.5092631711102198,
      "mu": 0.6634705677750509,
      "cv": 1.0013516930584714,
      "lambda": 0.44999999999999996,
      "twait": 3.1815582526734896
    },
    "F5": {
      "rho": 0.6026775503349647,
      "capacity": 1.0,
      "tserv": 1.3392834451888105,
      "stddev": 1.3875813739646792,
      "mu": 0.746667931715546,
      "cv": 1.0360625145852227,
      "lambda": 0.44999999999999996,
      "twait": 2.1060702693488005
    },
    "F6": {
      "rho": 0.5619194757004107,
      "capacity": 1.0,
      "tserv": 0.5351614054289625,
      "stddev": 0.7028328591610457,
      "mu": 1.8685951375705854,
      "cv": 1.313310063153162,
      "lambda": 1.05,
      "twait": 0.9352051737247483
    },
    "F7": {
      "rho": 0.6870769376199152,
      "capacity": 1.0,
      "tserv": 2.2902564587330505,
      "stddev": 2.598818425684417,
      "mu": 0.43663232394209295,
      "cv": 1.1347281287101185,
      "lambda": 0.3,
      "twait": 5.751796511184025
    },
    "F8": {
      "rho": 0.5623838766888007,
      "capacity": 1.0,
      "tserv": 0.5356036920845721,
      "stddev": 0.7931526822652694,
      "mu": 1.8670521035954686,
      "cv": 1.4808573838957595,
      "lambda": 1.05,
      "twait": 1.098863325350157
    },
    "F9": {
      "rho": 0.6321593888732677,
      "capacity": 1.0,
      "tserv": 1.0535989814554463,
      "stddev": 1.1267905531839348,
      "mu": 0.9491277208892093,
      "cv": 1.0694681496629594,
      "lambda": 0.6,
      "twait": 1.9408360788488004
    },
    "F10": {
      "rho": 0.5828622901415419,
      "capacity": 1.0,
      "tserv": 0.6476247668239354,
      "stddev": 0.7653429592748207,
      "mu": 1.5441040108829902,
      "cv": 1.1817691331173077,
      "lambda": 0.9,
      "twait": 1.08435523107073
    }
  },
  "extra": {
    "deltatime": 5.3470949,
    "conv": 36,
    "obj_func": 31.83209610573729
  },
  "network": [
    [
      0.0,
      1.0407277538979676,
      0.7970178774333168,
      1.0607274982368797,
      0.7957351777094832,
      1.0556841736910512,
      1.0330308176625849,
      0.7904500246852917,
      1.025664898014164,
      1.025664898014164
    ],
    [
      1.0407277538979676,
      0.0,
      0.4606073133473252,
      0.6638890469740458,
      0.7462842725926856,
      0.9611554654261768,
      0.6980871222093633,
      1.025664898014164,
      0.9175663231432639,
      0.9175663231432639
    ],
    [
      0.7970178774333168,
      0.4606073133473252,
      0.0,
      0.647937309246479,
      1.0404159441274912,
      0.8991225012289016,
      0.7904500246852917,
      0.9175663231432639,
      0.6920733475347377,
      0.6920733475347377
    ],
    [
      1.0607274982368797,
      0.6638890469740458,
      0.647937309246479,
      0.0,
      0.9846588435809634,
      1.0330308176625849,
      1.025664898014164,
      0.6920733475347377,
      0.7564388298744145,
      0.7564388298744145
    ],
    [
      0.7957351777094832,
      0.7462842725926856,
      1.0404159441274912,
      0.9846588435809634,
      0.0,
      0.6980871222093633,
      0.9175663231432639,
      0.7564388298744145,
      0.5560579281232922,
      0.5560579281232922
    ],
    [
      1.0556841736910512,
      0.9611554654261768,
      0.8991225012289016,
      1.0330308176625849,
      0.6980871222093633,
      0.0,
      0.6920733475347377,
      0.5560579281232922,
      0.9354686623360539,
      0.9354686623360539
    ],
    [
      1.0330308176625849,
      0.6980871222093633,
      0.7904500246852917,
      1.025664898014164,
      0.9175663231432639,
      0.6920733475347377,
      0.0,
      0.9354686623360539,
      0.7982013539203886,
      0.7982013539203886
    ],
    [
      0.7904500246852917,
      1.025664898014164,
      0.9175663231432639,
      0.6920733475347377,
      0.7564388298744145,
      0.5560579281232922,
      0.9354686623360539,
      0.0,
      0.8772524723755724,
      0.8772524723755724
    ],
    [
      1.025664898014164,
      0.9175663231432639,
      0.6920733475347377,
      0.7564388298744145,
      0.5560579281232922,
      0.9354686623360539,
      0.7982013539203886,
      0.8772524723755724,
      0.0,
      0.9389468776267081
    ],
    [
      1.025664898014164,
      0.9175663231432639,
      0.6920733475347377,
      0.7564388298744145,
      0.5560579281232922,
      0.9354686623360539,
      0.7982013539203886,
      0.8772524723755724,
      0.9389468776267081,
      0.0
    ]
  ]
}