{
  "servicechain": {
    "SC1": {
      "resptime": 15261.348589323228,
      "resptime_old": 15251.348589323228,
      "waittime": 15245.990459272305,
      "servicetime": 10.0,
      "networktime": 5.358130050924034,
      "services": {
        "MS1_1": {
          "meanserv": 0.3411094538919257,
          "stddevserv": 0.3411094538919257,
          "rate": 2.931610333839741,
          "cv": 1.0,
          "lambda": 0.225
        },
        "MS1_2": {
          "meanserv": 4.534413204578595,
          "stddevserv": 4.534413204578595,
          "rate": 0.22053570216985438,
          "cv": 1.0,
          "lambda": 0.225
        },
        "MS1_3": {
          "meanserv": 0.12833897758860235,
          "stddevserv": 0.12833897758860235,
          "rate": 7.791865096553558,
          "cv": 1.0,
          "lambda": 0.225
        },
        "MS1_4": {
          "meanserv": 2.4920874795957575,
          "stddevserv": 2.4920874795957575,
          "rate": 0.40127002289751496,
          "cv": 1.0,
          "lambda": 0.225
        },
        "MS1_5": {
          "meanserv": 2.50405088434512,
          "stddevserv": 2.50405088434512,
          "rate": 0.3993529070243028,
          "cv": 1.0,
          "lambda": 0.225
        }
      },
      "sensors": [
        "S1"
      ],
      "sources": [
        {
          "startTime": 0,
          "stopTime": -1,
          "lambda": 0.225
        }
      ]
    },
    "SC2": {
      "resptime": 15258.7129270315,
      "resptime_old": 15248.7129270315,
      "waittime": 15244.234253276218,
      "servicetime": 10.0,
      "networktime": 4.4786737552826015,
      "services": {
        "MS2_1": {
          "meanserv": 0.2791045694879546,
          "stddevserv": 0.2791045694879546,
          "rate": 3.582886521115009,
          "cv": 1.0,
          "lambda": 0.225
        },
        "MS2_2": {
          "meanserv": 2.4286436363223576,
          "stddevserv": 2.4286436363223576,
          "rate": 0.4117524634096908,
          "cv": 1.0,
          "lambda": 0.225
        },
        "MS2_3": {
          "meanserv": 1.1690023964335539,
          "stddevserv": 1.1690023964335539,
          "rate": 0.8554302395365877,
          "cv": 1.0,
          "lambda": 0.225
        },
        "MS2_4": {
          "meanserv": 0.5531553933089848,
          "stddevserv": 0.5531553933089848,
          "rate": 1.8078102683189679,
          "cv": 1.0,
          "lambda": 0.225
        },
        "MS2_5": {
          "meanserv": 5.570094004447149,
          "stddevserv": 5.570094004447149,
          "rate": 0.17953018372788726,
          "cv": 1.0,
          "lambda": 0.225
        }
      },
      "sensors": [
        "S2"
      ],
      "sources": [
        {
          "startTime": 0,
          "stopTime": -1,
          "lambda": 0.225
        }
      ]
    },
    "SC3": {
      "resptime": 15262.018847958125,
      "resptime_old": 15252.018847958125,
      "waittime": 15245.289379447335,
      "servicetime": 10.0,
      "networktime": 6.729468510790504,
      "services": {
        "MS3_1": {
          "meanserv": 4.154183790960209,
          "stddevserv": 4.154183790960209,
          "rate": 0.24072117419938643,
          "cv": 1.0,
          "lambda": 0.225
        },
        "MS3_2": {
          "meanserv": 2.2191604004225605,
          "stddevserv": 2.2191604004225605,
          "rate": 0.45062087436743437,
          "cv": 1.0,
          "lambda": 0.225
        },
        "MS3_3": {
          "meanserv": 0.1443206949114808,
          "stddevserv": 0.1443206949114808,
          "rate": 6.929013199481548,
          "cv": 1.0,
          "lambda": 0.225
        },
        "MS3_4": {
          "meanserv": 2.580056512598606,
          "stddevserv": 2.580056512598606,
          "rate": 0.38758840944643125,
          "cv": 1.0,
          "lambda": 0.225
        },
        "MS3_5": {
          "meanserv": 0.9022786011071435,
          "stddevserv": 0.9022786011071435,
          "rate": 1.1083051274550313,
          "cv": 1.0,
          "lambda": 0.225
        }
      },
      "sensors": [
        "S3"
      ],
      "sources": [
        {
          "startTime": 0,
          "stopTime": -1,
          "lambda": 0.225
        }
      ]
    },
    "SC4": {
      "resptime": 42.90653194832189,
      "resptime_old": 32.90653194832189,
      "waittime": 25.62752941462995,
      "servicetime": 10.0,
      "networktime": 7.279002533691942,
      "services": {
        "MS4_1": {
          "meanserv": 1.239796937542933,
          "stddevserv": 1.239796937542933,
          "rate": 0.8065836990869087,
          "cv": 1.0,
          "lambda": 0.225
        },
        "MS4_2": {
          "meanserv": 1.0552604071245375,
          "stddevserv": 1.0552604071245375,
          "rate": 0.9476333929033539,
          "cv": 1.0,
          "lambda": 0.225
        },
        "MS4_3": {
          "meanserv": 3.0370829242274793,
          "stddevserv": 3.0370829242274793,
          "rate": 0.32926331777864204,
          "cv": 1.0,
          "lambda": 0.225
        },
        "MS4_4": {
          "meanserv": 3.4048720202347784,
          "stddevserv": 3.4048720202347784,
          "rate": 0.2936967950798475,
          "cv": 1.0,
          "lambda": 0.225
        },
        "MS4_5": {
          "meanserv": 1.2629877108702718,
          "stddevserv": 1.2629877108702718,
          "rate": 0.7917733414135455,
          "cv": 1.0,
          "lambda": 0.225
        }
      },
      "sensors": [
        "S4"
      ],
      "sources": [
        {
          "startTime": 0,
          "stopTime": -1,
          "lambda": 0.225
        }
      ]
    }
  },
  "microservice": {
    "MS1_1": "F6",
    "MS1_2": "F1",
    "MS1_3": "F8",
    "MS1_4": "F8",
    "MS1_5": "F4",
    "MS2_1": "F5",
    "MS2_2": "F5",
    "MS2_3": "F7",
    "MS2_4": "F7",
    "MS2_5": "F1",
    "MS3_1": "F1",
    "MS3_2": "F6",
    "MS3_3": "F6",
    "MS3_4": "F3",
    "MS3_5": "F10",
    "MS4_1": "F7",
    "MS4_2": "F10",
    "MS4_3": "F9",
    "MS4_4": "F2",
    "MS4_5": "F10"
  },
  "sensor": {
    "S1": "F6",
    "S2": "F5",
    "S3": "F1",
    "S4": "F7"
  },
  "fog": {
    "F1": {
      "rho": 3.208205474996839,
      "capacity": 1.0,
      "tserv": 4.7528969999953175,
      "stddev": 4.82763216345685,
      "mu": 0.21039799515979102,
      "cv": 1.0157241285602459,
      "lambda": 0.675,
      "twait": 15233.021907303533
    },
    "F2": {
      "rho": 0.7660962045528251,
      "capacity": 1.0,
      "tserv": 3.4048720202347784,
      "stddev": 3.404872020234779,
      "mu": 0.2936967950798475,
      "cv": 1.0000000000000002,
      "lambda": 0.225,
      "twait": 11.15184782146501
    },
    "F3": {
      "rho": 0.5805127153346864,
      "capacity": 1.0,
      "tserv": 2.580056512598606,
      "stddev": 2.580056512598606,
      "mu": 0.38758840944643125,
      "cv": 1.0,
      "lambda": 0.225,
      "twait": 3.5704434117485526
    },
    "F4": {
      "rho": 0.563411448977652,
      "capacity": 1.0,
      "tserv": 2.50405088434512,
      "stddev": 2.50405088434512,
      "mu": 0.3993529070243028,
      "cv": 1.0,
      "lambda": 0.225,
      "twait": 3.2314428167183866
    },
    "F5": {
      "rho": 0.6092433463073201,
      "capacity": 1.0,
      "tserv": 1.353874102905156,
      "stddev": 2.035493597740091,
      "mu": 0.7386211154007529,
      "cv": 1.5034585515538774,
      "lambda": 0.45,
      "twait": 3.441136763017507
    },
    "F6": {
      "rho": 0.6085328735758426,
      "capacity": 1.0,
      "tserv": 0.9015301830753224,
      "stddev": 1.6005669826291897,
      "mu": 1.1092252026313472,
      "cv": 1.775389235631907,
      "lambda": 0.675,
      "twait": 2.90935751515053
    },
    "F7": {
      "rho": 0.6664398136392311,
      "capacity": 1.0,
      "tserv": 0.9873182424284904,
      "stddev": 1.0793355890259277,
      "mu": 1.012844650312868,
      "cv": 1.0931992772371995,
      "lambda": 0.675,
      "twait": 2.1650362233243494
    },
    "F8": {
      "rho": 0.5895959528664811,
      "capacity": 1.0,
      "tserv": 1.3102132285921801,
      "stddev": 2.123749560270344,
      "mu": 0.7632345470015569,
      "cv": 1.6209190335776917,
      "lambda": 0.45,
      "twait": 3.413875818450759
    },
    "F9": {
      "rho": 0.6833436579511829,
      "capacity": 1.0,
      "tserv": 3.0370829242274793,
      "stddev": 3.0370829242274793,
      "mu": 0.32926331777864204,
      "cv": 1.0,
      "lambda": 0.225,
      "twait": 6.5540179663375655
    },
    "F10": {
      "rho": 0.7246185117979393,
      "capacity": 1.0,
      "tserv": 1.0735089063673176,
      "stddev": 1.0936748756965835,
      "mu": 0.9315246422909832,
      "cv": 1.0187850973658954,
      "lambda": 0.675,
      "twait": 2.878313701751512
    }
  },
  "extra": {
    "deltatime": 0.0152503,
    "obj_func": 11456.246724065293
  },
  "network": [
    [
      0.0,
      1.7540431906283058,
      2.1306554631684236,
      1.8571925577883905,
      2.1482737257120395,
      1.9653147759808645,
      2.7122715789824383,
      1.3296425671142023,
      2.3830787108680394,
      2.3830787108680394
    ],
    [
      1.7540431906283058,
      0.0,
      1.934966783429983,
      1.9540843799794558,
      2.476570922033351,
      2.4062662823083265,
      2.324411343113795,
      2.3830787108680394,
      1.7664021763001632,
      1.7664021763001632
    ],
    [
      2.1306554631684236,
      1.934966783429983,
      0.0,
      1.7519201623857268,
      1.6374345604338363,
      2.700981026980673,
      1.3296425671142023,
      1.7664021763001632,
      2.0631727078289672,
      2.0631727078289672
    ],
    [
      1.8571925577883905,
      1.9540843799794558,
      1.7519201623857268,
      0.0,
      2.49226396569742,
      2.7122715789824383,
      2.3830787108680394,
      2.0631727078289672,
      2.351503904451427,
      2.351503904451427
    ],
    [
      2.1482737257120395,
      2.476570922033351,
      1.6374345604338363,
      2.49226396569742,
      0.0,
      2.324411343113795,
      1.7664021763001632,
      2.351503904451427,
      1.9513342706049706,
      1.9513342706049706
    ],
    [
      1.9653147759808645,
      2.4062662823083265,
      2.700981026980673,
      2.7122715789824383,
      2.324411343113795,
      0.0,
      2.0631727078289672,
      1.9513342706049706,
      2.1221959921084297,
      2.1221959921084297
    ],
    [
      2.7122715789824383,
      2.324411343113795,
      1.3296425671142023,
      2.3830787108680394,
      1.7664021763001632,
      2.0631727078289672,
      0.0,
      2.1221959921084297,
      1.9932893202756345,
      1.9932893202756345
    ],
    [
      1.3296425671142023,
      2.3830787108680394,
      1.7664021763001632,
      2.0631727078289672,
      2.351503904451427,
      1.9513342706049706,
      2.1221959921084297,
      0.0,
      1.8471167098984251,
      1.8471167098984251
    ],
    [
      2.3830787108680394,
      1.7664021763001632,
      2.0631727078289672,
      2.351503904451427,
      1.9513342706049706,
      2.1221959921084297,
      1.9932893202756345,
      1.8471167098984251,
      0.0,
      1.752908860815981
    ],
    [
      2.3830787108680394,
      1.7664021763001632,
      2.0631727078289672,
      2.351503904451427,
      1.9513342706049706,
      2.1221959921084297,
      1.9932893202756345,
      1.8471167098984251,
      1.752908860815981,
      0.0
    ]
  ]
}