{
  "servicechain": {
    "SC1": {
      "resptime": 27.562400522518104,
      "resptime_old": 17.562400522518104,
      "waittime": 13.715538582147378,
      "servicetime": 10.0,
      "networktime": 3.846861940370724,
      "services": {
        "MS1_1": {
          "meanserv": 0.04820826804677547,
          "stddevserv": 0.04820826804677547,
          "rate": 20.74332973401411,
          "cv": 1.0,
          "lambda": 0.125
        },
        "MS1_2": {
          "meanserv": 2.9376558393132877,
          "stddevserv": 2.9376558393132877,
          "rate": 0.3404074727262,
          "cv": 1.0,
          "lambda": 0.125
        },
        "MS1_3": {
          "meanserv": 1.866505023808319,
          "stddevserv": 1.866505023808319,
          "rate": 0.5357606795826633,
          "cv": 1.0,
          "lambda": 0.125
        },
        "MS1_4": {
          "meanserv": 0.023217266149289983,
          "stddevserv": 0.023217266149289983,
          "rate": 43.071393228206645,
          "cv": 1.0,
          "lambda": 0.125
        },
        "MS1_5": {
          "meanserv": 5.124413602682328,
          "stddevserv": 5.124413602682328,
          "rate": 0.1951442794306375,
          "cv": 1.0,
          "lambda": 0.125
        }
      },
      "sensors": [
        "S1"
      ],
      "sources": [
        {
          "startTime": 0,
          "stopTime": -1,
          "lambda": 0.125
        }
      ]
    },
    "SC2": {
      "resptime": 23.268489086233764,
      "resptime_old": 13.268489086233766,
      "waittime": 10.265001429226212,
      "servicetime": 10.0,
      "networktime": 3.003487657007554,
      "services": {
        "MS2_1": {
          "meanserv": 1.3035372359840502,
          "stddevserv": 1.3035372359840502,
          "rate": 0.7671434097892051,
          "cv": 1.0,
          "lambda": 0.125
        },
        "MS2_2": {
          "meanserv": 1.1620234887788017,
          "stddevserv": 1.1620234887788017,
          "rate": 0.8605678023349803,
          "cv": 1.0,
          "lambda": 0.125
        },
        "MS2_3": {
          "meanserv": 1.436049048363901,
          "stddevserv": 1.436049048363901,
          "rate": 0.6963550452119346,
          "cv": 1.0,
          "lambda": 0.125
        },
        "MS2_4": {
          "meanserv": 4.459256745192496,
          "stddevserv": 4.459256745192496,
          "rate": 0.2242526181247795,
          "cv": 1.0,
          "lambda": 0.125
        },
        "MS2_5": {
          "meanserv": 1.6391334816807515,
          "stddevserv": 1.6391334816807515,
          "rate": 0.6100784415523072,
          "cv": 1.0,
          "lambda": 0.125
        }
      },
      "sensors": [
        "S2"
      ],
      "sources": [
        {
          "startTime": 0,
          "stopTime": -1,
          "lambda": 0.125
        }
      ]
    },
    "SC3": {
      "resptime": 28.110661397416973,
      "resptime_old": 18.110661397416973,
      "waittime": 14.820979713286954,
      "servicetime": 10.0,
      "networktime": 3.2896816841300187,
      "services": {
        "MS3_1": {
          "meanserv": 5.291781877012557,
          "stddevserv": 5.291781877012557,
          "rate": 0.18897226364223157,
          "cv": 1.0,
          "lambda": 0.125
        },
        "MS3_2": {
          "meanserv": 1.29229738938995,
          "stddevserv": 1.29229738938995,
          "rate": 0.7738156930519423,
          "cv": 1.0,
          "lambda": 0.125
        },
        "MS3_3": {
          "meanserv": 1.4738769708376696,
          "stddevserv": 1.4738769708376696,
          "rate": 0.6784826819240249,
          "cv": 1.0,
          "lambda": 0.125
        },
        "MS3_4": {
          "meanserv": 1.1638965692550727,
          "stddevserv": 1.1638965692550727,
          "rate": 0.8591828745057895,
          "cv": 1.0,
          "lambda": 0.125
        },
        "MS3_5": {
          "meanserv": 0.7781471935047506,
          "stddevserv": 0.7781471935047506,
          "rate": 1.2851039088068046,
          "cv": 1.0,
          "lambda": 0.125
        }
      },
      "sensors": [
        "S3"
      ],
      "sources": [
        {
          "startTime": 0,
          "stopTime": -1,
          "lambda": 0.125
        }
      ]
    },
    "SC4": {
      "resptime": 41.5141362895033,
      "resptime_old": 31.514136289503302,
      "waittime": 27.71813576370791,
      "servicetime": 10.0,
      "networktime": 3.7960005257953906,
      "services": {
        "MS4_1": {
          "meanserv": 6.368548740964004,
          "stddevserv": 6.368548740964004,
          "rate": 0.1570216450677004,
          "cv": 1.0,
          "lambda": 0.125
        },
        "MS4_2": {
          "meanserv": 1.3600999680016193,
          "stddevserv": 1.3600999680016193,
          "rate": 0.7352400731758634,
          "cv": 1.0,
          "lambda": 0.125
        },
        "MS4_3": {
          "meanserv": 0.34248332979631524,
          "stddevserv": 0.34248332979631524,
          "rate": 2.9198501445157317,
          "cv": 1.0,
          "lambda": 0.125
        },
        "MS4_4": {
          "meanserv": 1.5282499883843723,
          "stddevserv": 1.5282499883843723,
          "rate": 0.6543432079833843,
          "cv": 1.0,
          "lambda": 0.125
        },
        "MS4_5": {
          "meanserv": 0.4006179728536896,
          "stddevserv": 0.4006179728536896,
          "rate": 2.4961436274982396,
          "cv": 1.0,
          "lambda": 0.125
        }
      },
      "sensors": [
        "S4"
      ],
      "sources": [
        {
          "startTime": 0,
          "stopTime": -1,
          "lambda": 0.125
        }
      ]
    }
  },
  "microservice": {
    "MS1_1": "F5",
    "MS1_2": "F5",
    "MS1_3": "F7",
    "MS1_4": "F7",
    "MS1_5": "F3",
    "MS2_1": "F10",
    "MS2_2": "F10",
    "MS2_3": "F10",
    "MS2_4": "F4",
    "MS2_5": "F6",
    "MS3_1": "F2",
    "MS3_2": "F9",
    "MS3_3": "F9",
    "MS3_4": "F9",
    "MS3_5": "F8",
    "MS4_1": "F1",
    "MS4_2": "F6",
    "MS4_3": "F8",
    "MS4_4": "F8",
    "MS4_5": "F8"
  },
  "sensor": {
    "S1": "F5",
    "S2": "F10",
    "S3": "F2",
    "S4": "F1"
  },
  "fog": {
    "F1": {
      "rho": 0.7960685926205004,
      "capacity": 1.0,
      "tserv": 6.368548740964004,
      "stddev": 6.368548740964004,
      "mu": 0.1570216450677004,
      "cv": 1.0,
      "lambda": 0.125,
      "twait": 24.860327785703902
    },
    "F2": {
      "rho": 0.6614727346265696,
      "capacity": 1.0,
      "tserv": 5.291781877012557,
      "stddev": 5.291781877012557,
      "mu": 0.18897226364223157,
      "cv": 1.0,
      "lambda": 0.125,
      "twait": 10.339992630648378
    },
    "F3": {
      "rho": 0.640551700335291,
      "capacity": 1.0,
      "tserv": 5.124413602682328,
      "stddev": 5.124413602682328,
      "mu": 0.1951442794306375,
      "cv": 1.0,
      "lambda": 0.125,
      "twait": 9.131916466099042
    },
    "F4": {
      "rho": 0.557407093149062,
      "capacity": 1.0,
      "tserv": 4.459256745192496,
      "stddev": 4.459256745192496,
      "mu": 0.2242526181247795,
      "cv": 1.0,
      "lambda": 0.125,
      "twait": 5.616044228156227
    },
    "F5": {
      "rho": 0.3732330134200079,
      "capacity": 1.0,
      "tserv": 1.4929320536800317,
      "stddev": 2.5304742145404777,
      "mu": 0.6698228479554919,
      "cv": 1.694969445061439,
      "lambda": 0.25,
      "twait": 1.7215620103217246
    },
    "F6": {
      "rho": 0.3749041812102963,
      "capacity": 1.0,
      "tserv": 1.4996167248411854,
      "stddev": 1.5125409654953033,
      "mu": 0.6668370547187006,
      "cv": 1.0086183625722678,
      "lambda": 0.25,
      "twait": 0.9071870178456375
    },
    "F7": {
      "rho": 0.2362152862447011,
      "capacity": 1.0,
      "tserv": 0.9448611449788045,
      "stddev": 1.6098501365215592,
      "mu": 1.058356569443262,
      "cv": 1.7037954678067242,
      "lambda": 0.25,
      "twait": 0.5702490477024433
    },
    "F8": {
      "rho": 0.38118731056739097,
      "capacity": 1.0,
      "tserv": 0.7623746211347819,
      "stddev": 1.0140070382440944,
      "mu": 1.3116910929058954,
      "cv": 1.3300640002086663,
      "lambda": 0.5,
      "twait": 0.6502069867194583
    },
    "F9": {
      "rho": 0.4912588661853365,
      "capacity": 1.0,
      "tserv": 1.3100236431608974,
      "stddev": 1.322310647629774,
      "mu": 0.7633450016116845,
      "cv": 1.0093792234460974,
      "lambda": 0.375,
      "twait": 1.2769266986397063
    },
    "F10": {
      "rho": 0.4877012216408441,
      "capacity": 1.0,
      "tserv": 1.300536591042251,
      "stddev": 1.3101276391806922,
      "mu": 0.7689133907402015,
      "cv": 1.0073746853448813,
      "lambda": 0.375,
      "twait": 1.2472567277414486
    }
  },
  "extra": {
    "deltatime": 0.0147532,
    "obj_func": 30.113921823918034
  },
  "network": [
    [
      0.0,
      2.1514326066193474,
      2.5500722533715456,
      2.0954299483159975,
      2.043964122735955,
      1.3921925328875628,
      1.482899340244817,
      2.447419775136306,
      2.364256704586975,
      2.364256704586975
    ],
    [
      2.1514326066193474,
      0.0,
      2.03908345233356,
      1.9453151722268114,
      1.9768142774145991,
      1.662274891836032,
      2.1708782930821493,
      2.364256704586975,
      1.3994421652344182,
      1.3994421652344182
    ],
    [
      2.5500722533715456,
      2.03908345233356,
      0.0,
      2.315017859313295,
      2.43070921105666,
      2.0598045471775612,
      2.447419775136306,
      1.3994421652344182,
      1.9315502717894042,
      1.9315502717894042
    ],
    [
      2.0954299483159975,
      1.9453151722268114,
      2.315017859313295,
      0.0,
      2.269434731575103,
      1.482899340244817,
      2.364256704586975,
      1.9315502717894042,
      1.5205883167627372,
      1.5205883167627372
    ],
    [
      2.043964122735955,
      1.9768142774145991,
      2.43070921105666,
      2.269434731575103,
      0.0,
      2.1708782930821493,
      1.3994421652344182,
      1.5205883167627372,
      2.403807992907828,
      2.403807992907828
    ],
    [
      1.3921925328875628,
      1.662274891836032,
      2.0598045471775612,
      1.482899340244817,
      2.1708782930821493,
      0.0,
      1.9315502717894042,
      2.403807992907828,
      1.8556458156730684,
      1.8556458156730684
    ],
    [
      1.482899340244817,
      2.1708782930821493,
      2.447419775136306,
      2.364256704586975,
      1.3994421652344182,
      1.9315502717894042,
      0.0,
      1.8556458156730684,
      1.6790369250520327,
      1.6790369250520327
    ],
    [
      2.447419775136306,
      2.364256704586975,
      1.3994421652344182,
      1.9315502717894042,
      1.5205883167627372,
      2.403807992907828,
      1.8556458156730684,
      0.0,
      1.8902395188956005,
      1.8902395188956005
    ],
    [
      2.364256704586975,
      1.3994421652344182,
      1.9315502717894042,
      1.5205883167627372,
      2.403807992907828,
      1.8556458156730684,
      1.6790369250520327,
      1.8902395188956005,
      0.0,
      2.0023966697928417
    ],
    [
      2.364256704586975,
      1.3994421652344182,
      1.9315502717894042,
      1.5205883167627372,
      2.403807992907828,
      1.8556458156730684,
      1.6790369250520327,
      1.8902395188956005,
      2.0023966697928417,
      0.0
    ]
  ]
}