{
  "servicechain": {
    "SC1": {
      "resptime": 37.39699063838321,
      "resptime_old": 27.3969906383832,
      "waittime": 21.191081341999308,
      "servicetime": 10.0,
      "networktime": 6.205909296383899,
      "services": {
        "MS1_1": {
          "meanserv": 0.5639412865195093,
          "stddevserv": 0.5639412865195093,
          "rate": 1.7732342424718102,
          "cv": 1.0,
          "lambda": 0.175
        },
        "MS1_2": {
          "meanserv": 4.330557198159717,
          "stddevserv": 4.330557198159717,
          "rate": 0.2309171670622323,
          "cv": 1.0,
          "lambda": 0.175
        },
        "MS1_3": {
          "meanserv": 2.3745895768609095,
          "stddevserv": 2.3745895768609095,
          "rate": 0.4211254061520605,
          "cv": 1.0,
          "lambda": 0.175
        },
        "MS1_4": {
          "meanserv": 0.41586228955367144,
          "stddevserv": 0.41586228955367144,
          "rate": 2.4046421739111294,
          "cv": 1.0,
          "lambda": 0.175
        },
        "MS1_5": {
          "meanserv": 2.315049648906193,
          "stddevserv": 2.315049648906193,
          "rate": 0.4319561787681213,
          "cv": 1.0,
          "lambda": 0.175
        }
      },
      "sensors": [
        "S1"
      ],
      "sources": [
        {
          "startTime": 0,
          "stopTime": -1,
          "lambda": 0.175
        }
      ]
    },
    "SC2": {
      "resptime": 7177.7630614346435,
      "resptime_old": 7167.763061434644,
      "waittime": 7164.034982738664,
      "servicetime": 10.0,
      "networktime": 3.7280786959795145,
      "services": {
        "MS2_1": {
          "meanserv": 1.764289668952722,
          "stddevserv": 1.764289668952722,
          "rate": 0.5668003489436049,
          "cv": 1.0,
          "lambda": 0.175
        },
        "MS2_2": {
          "meanserv": 0.3026131654807285,
          "stddevserv": 0.3026131654807285,
          "rate": 3.3045488897067954,
          "cv": 1.0,
          "lambda": 0.175
        },
        "MS2_3": {
          "meanserv": 6.399204433623769,
          "stddevserv": 6.399204433623769,
          "rate": 0.1562694254219529,
          "cv": 1.0,
          "lambda": 0.175
        },
        "MS2_4": {
          "meanserv": 1.521764748192684,
          "stddevserv": 1.521764748192684,
          "rate": 0.6571317946401669,
          "cv": 1.0,
          "lambda": 0.175
        },
        "MS2_5": {
          "meanserv": 0.01212798375009605,
          "stddevserv": 0.01212798375009605,
          "rate": 82.45393633480754,
          "cv": 1.0,
          "lambda": 0.175
        }
      },
      "sensors": [
        "S2"
      ],
      "sources": [
        {
          "startTime": 0,
          "stopTime": -1,
          "lambda": 0.175
        }
      ]
    },
    "SC3": {
      "resptime": 196.27650558075825,
      "resptime_old": 186.27650558075828,
      "waittime": 180.58103662677118,
      "servicetime": 10.0,
      "networktime": 5.695468953987076,
      "services": {
        "MS3_1": {
          "meanserv": 5.538798506583813,
          "stddevserv": 5.538798506583813,
          "rate": 0.18054457095908585,
          "cv": 1.0,
          "lambda": 0.175
        },
        "MS3_2": {
          "meanserv": 2.6102679524551498,
          "stddevserv": 2.6102679524551498,
          "rate": 0.38310243170990405,
          "cv": 1.0,
          "lambda": 0.175
        },
        "MS3_3": {
          "meanserv": 0.8600699167488894,
          "stddevserv": 0.8600699167488894,
          "rate": 1.1626961721670883,
          "cv": 1.0,
          "lambda": 0.175
        },
        "MS3_4": {
          "meanserv": 0.5517589681167969,
          "stddevserv": 0.5517589681167969,
          "rate": 1.8123855846205639,
          "cv": 1.0,
          "lambda": 0.175
        },
        "MS3_5": {
          "meanserv": 0.4391046560953509,
          "stddevserv": 0.4391046560953509,
          "rate": 2.277361412862932,
          "cv": 1.0,
          "lambda": 0.175
        }
      },
      "sensors": [
        "S3"
      ],
      "sources": [
        {
          "startTime": 0,
          "stopTime": -1,
          "lambda": 0.175
        }
      ]
    },
    "SC4": {
      "resptime": 6997.014093098931,
      "resptime_old": 6987.014093098931,
      "waittime": 6983.946383668321,
      "servicetime": 10.0,
      "networktime": 3.0677094306099137,
      "services": {
        "MS4_1": {
          "meanserv": 0.7738522767786626,
          "stddevserv": 0.7738522767786626,
          "rate": 1.2922362962640996,
          "cv": 1.0,
          "lambda": 0.175
        },
        "MS4_2": {
          "meanserv": 6.317765798403686,
          "stddevserv": 6.317765798403686,
          "rate": 0.15828380346936421,
          "cv": 1.0,
          "lambda": 0.175
        },
        "MS4_3": {
          "meanserv": 0.3467911039801246,
          "stddevserv": 0.3467911039801246,
          "rate": 2.88358031253683,
          "cv": 1.0,
          "lambda": 0.175
        },
        "MS4_4": {
          "meanserv": 1.4284759094709436,
          "stddevserv": 1.4284759094709436,
          "rate": 0.7000468074889441,
          "cv": 1.0,
          "lambda": 0.175
        },
        "MS4_5": {
          "meanserv": 1.133114911366583,
          "stddevserv": 1.133114911366583,
          "rate": 0.8825230256602651,
          "cv": 1.0,
          "lambda": 0.175
        }
      },
      "sensors": [
        "S4"
      ],
      "sources": [
        {
          "startTime": 0,
          "stopTime": -1,
          "lambda": 0.175
        }
      ]
    }
  },
  "microservice": {
    "MS1_1": "F10",
    "MS1_2": "F5",
    "MS1_3": "F10",
    "MS1_4": "F7",
    "MS1_5": "F9",
    "MS2_1": "F2",
    "MS2_2": "F2",
    "MS2_3": "F3",
    "MS2_4": "F7",
    "MS2_5": "F7",
    "MS3_1": "F4",
    "MS3_2": "F8",
    "MS3_3": "F2",
    "MS3_4": "F7",
    "MS3_5": "F7",
    "MS4_1": "F9",
    "MS4_2": "F1",
    "MS4_3": "F6",
    "MS4_4": "F6",
    "MS4_5": "F6"
  },
  "sensor": {
    "S1": "F10",
    "S2": "F2",
    "S3": "F4",
    "S4": "F9"
  },
  "fog": {
    "F1": {
      "rho": 1.105609014720645,
      "capacity": 1.0,
      "tserv": 6.317765798403686,
      "stddev": 6.317765798403686,
      "mu": 0.15828380346936421,
      "cv": 1.0,
      "lambda": 0.175,
      "twait": 6977.993840789274
    },
    "F2": {
      "rho": 0.5122202314569094,
      "capacity": 1.0,
      "tserv": 0.9756575837274467,
      "stddev": 1.2951580198479502,
      "mu": 1.0249497535595986,
      "cv": 1.3274718932638943,
      "lambda": 0.5249999999999999,
      "twait": 1.414987508686781
    },
    "F3": {
      "rho": 1.1198607758841594,
      "capacity": 1.0,
      "tserv": 6.399204433623769,
      "stddev": 6.399204433623769,
      "mu": 0.1562694254219529,
      "cv": 1.0,
      "lambda": 0.175,
      "twait": 7159.051824037181
    },
    "F4": {
      "rho": 0.9692897386521673,
      "capacity": 1.0,
      "tserv": 5.538798506583813,
      "stddev": 5.538798506583814,
      "mu": 0.18054457095908585,
      "cv": 1.0000000000000002,
      "lambda": 0.175,
      "twait": 174.81780751020924
    },
    "F5": {
      "rho": 0.7578475096779504,
      "capacity": 1.0,
      "tserv": 4.330557198159717,
      "stddev": 4.330557198159717,
      "mu": 0.2309171670622323,
      "cv": 1.0,
      "lambda": 0.175,
      "twait": 13.55303835107586
    },
    "F6": {
      "rho": 0.508966836843089,
      "capacity": 1.0,
      "tserv": 0.9694606416058837,
      "stddev": 1.164753476825477,
      "mu": 1.031501390653187,
      "cv": 1.201444831113614,
      "lambda": 0.5249999999999999,
      "twait": 1.227681757667444
    },
    "F7": {
      "rho": 0.5146082629990049,
      "capacity": 1.0,
      "tserv": 0.5881237291417198,
      "stddev": 0.9211695906091621,
      "mu": 1.7003224839428823,
      "cv": 1.5662853664372185,
      "lambda": 0.875,
      "twait": 1.0765918420549307
    },
    "F8": {
      "rho": 0.45679689167965115,
      "capacity": 1.0,
      "tserv": 2.6102679524551498,
      "stddev": 2.6102679524551498,
      "mu": 0.38310243170990405,
      "cv": 1.0,
      "lambda": 0.175,
      "twait": 2.1950579237652956
    },
    "F9": {
      "rho": 0.5405578369948497,
      "capacity": 1.0,
      "tserv": 1.5444509628424279,
      "stddev": 1.8902310563926579,
      "mu": 0.6474792816727485,
      "cv": 1.2238854465886386,
      "lambda": 0.35,
      "twait": 2.269497606043935
    },
    "F10": {
      "rho": 0.5142429010915733,
      "capacity": 1.0,
      "tserv": 1.4692654316902094,
      "stddev": 1.9488367105578481,
      "mu": 0.6806122150778589,
      "cv": 1.3264020703978252,
      "lambda": 0.35,
      "twait": 2.1459767714122915
    }
  },
  "extra": {
    "deltatime": 0.5395657,
    "conv": 7,
    "obj_func": 3602.112662688179
  },
  "network": [
    [
      0.0,
      2.801777790040888,
      1.91172617112227,
      1.5644168146139912,
      2.174171007808049,
      1.209672544288609,
      1.368283863532669,
      1.9607140045716316,
      1.858036886321305,
      1.858036886321305
    ],
    [
      2.801777790040888,
      0.0,
      1.7673646914078829,
      2.008127591682637,
      2.581911284362138,
      1.9926857870294985,
      1.8384763722954065,
      1.858036886321305,
      2.035893297286433,
      2.035893297286433
    ],
    [
      1.91172617112227,
      1.7673646914078829,
      0.0,
      1.5224397889123265,
      1.4911777605197691,
      2.1431517505203104,
      1.9607140045716316,
      2.035893297286433,
      1.9989556953703647,
      1.9989556953703647
    ],
    [
      1.5644168146139912,
      2.008127591682637,
      1.5224397889123265,
      0.0,
      2.2713047975142784,
      1.368283863532669,
      1.858036886321305,
      1.9989556953703647,
      1.9937810278964714,
      1.9937810278964714
    ],
    [
      2.174171007808049,
      2.581911284362138,
      1.4911777605197691,
      2.2713047975142784,
      0.0,
      1.8384763722954065,
      2.035893297286433,
      1.9937810278964714,
      1.6629637224112999,
      1.6629637224112999
    ],
    [
      1.209672544288609,
      1.9926857870294985,
      2.1431517505203104,
      1.368283863532669,
      1.8384763722954065,
      0.0,
      1.9989556953703647,
      1.6629637224112999,
      2.4921582886114355,
      2.4921582886114355
    ],
    [
      1.368283863532669,
      1.8384763722954065,
      1.9607140045716316,
      1.858036886321305,
      2.035893297286433,
      1.9989556953703647,
      0.0,
      2.4921582886114355,
      1.4399909257806496,
      1.4399909257806496
    ],
    [
      1.9607140045716316,
      1.858036886321305,
      2.035893297286433,
      1.9989556953703647,
      1.9937810278964714,
      1.6629637224112999,
      2.4921582886114355,
      0.0,
      2.198644313372373,
      2.198644313372373
    ],
    [
      1.858036886321305,
      2.035893297286433,
      1.9989556953703647,
      1.9937810278964714,
      1.6629637224112999,
      2.4921582886114355,
      1.4399909257806496,
      2.198644313372373,
      0.0,
      2.603781688652877
    ],
    [
      1.858036886321305,
      2.035893297286433,
      1.9989556953703647,
      1.9937810278964714,
      1.6629637224112999,
      2.4921582886114355,
      1.4399909257806496,
      2.198644313372373,
      2.603781688652877,
      0.0
    ]
  ]
}