{
  "servicechain": {
    "SC1": {
      "resptime": 30.802706299433062,
      "resptime_old": 20.802706299433066,
      "waittime": 17.27117064820547,
      "servicetime": 10.0,
      "networktime": 3.5315356512275944,
      "services": {
        "MS1_1": {
          "meanserv": 0.8996481557737912,
          "stddevserv": 0.8996481557737912,
          "rate": 1.1115456565793722,
          "cv": 1.0,
          "lambda": 0.15
        },
        "MS1_2": {
          "meanserv": 1.33668118109185,
          "stddevserv": 1.33668118109185,
          "rate": 0.7481215522037675,
          "cv": 1.0,
          "lambda": 0.15
        },
        "MS1_3": {
          "meanserv": 2.436045286532577,
          "stddevserv": 2.436045286532577,
          "rate": 0.41050139975984684,
          "cv": 1.0,
          "lambda": 0.15
        },
        "MS1_4": {
          "meanserv": 1.6589102433099967,
          "stddevserv": 1.6589102433099967,
          "rate": 0.6028053681823775,
          "cv": 1.0,
          "lambda": 0.15
        },
        "MS1_5": {
          "meanserv": 0.6926618397262523,
          "stddevserv": 0.6926618397262523,
          "rate": 1.4437059220632267,
          "cv": 1.0,
          "lambda": 0.15
        },
        "MS1_6": {
          "meanserv": 1.3882565959555926,
          "stddevserv": 1.3882565959555926,
          "rate": 0.7203279299470282,
          "cv": 1.0,
          "lambda": 0.15
        },
        "MS1_7": {
          "meanserv": 0.2143180987718516,
          "stddevserv": 0.2143180987718516,
          "rate": 4.665961511092592,
          "cv": 1.0,
          "lambda": 0.15
        },
        "MS1_8": {
          "meanserv": 0.6116741829290095,
          "stddevserv": 0.6116741829290095,
          "rate": 1.6348572947962057,
          "cv": 1.0,
          "lambda": 0.15
        },
        "MS1_9": {
          "meanserv": 0.3914548688875641,
          "stddevserv": 0.3914548688875641,
          "rate": 2.554572900936955,
          "cv": 1.0,
          "lambda": 0.15
        },
        "MS1_10": {
          "meanserv": 0.37034954702151524,
          "stddevserv": 0.37034954702151524,
          "rate": 2.700151810748416,
          "cv": 1.0,
          "lambda": 0.15
        }
      },
      "sensors": [
        "S1"
      ],
      "sources": [
        {
          "startTime": 0,
          "stopTime": -1,
          "lambda": 0.15
        }
      ]
    },
    "SC2": {
      "resptime": 32.96420057816198,
      "resptime_old": 22.964200578161975,
      "waittime": 18.60480379564143,
      "servicetime": 10.0,
      "networktime": 4.359396782520546,
      "services": {
        "MS2_1": {
          "meanserv": 0.15523763538650925,
          "stddevserv": 0.15523763538650925,
          "rate": 6.441736873343948,
          "cv": 1.0,
          "lambda": 0.15
        },
        "MS2_2": {
          "meanserv": 3.2122046762119316,
          "stddevserv": 3.2122046762119316,
          "rate": 0.3113126655363922,
          "cv": 1.0,
          "lambda": 0.15
        },
        "MS2_3": {
          "meanserv": 2.025793641571515,
          "stddevserv": 2.025793641571515,
          "rate": 0.4936336947055709,
          "cv": 1.0,
          "lambda": 0.15
        },
        "MS2_4": {
          "meanserv": 1.510555416057013,
          "stddevserv": 1.510555416057013,
          "rate": 0.662008152345903,
          "cv": 1.0,
          "lambda": 0.15
        },
        "MS2_5": {
          "meanserv": 0.3299515942269462,
          "stddevserv": 0.3299515942269462,
          "rate": 3.030747592970208,
          "cv": 1.0,
          "lambda": 0.15
        },
        "MS2_6": {
          "meanserv": 1.0618463224784698,
          "stddevserv": 1.0618463224784698,
          "rate": 0.9417558631892105,
          "cv": 1.0,
          "lambda": 0.15
        },
        "MS2_7": {
          "meanserv": 0.7880012369192979,
          "stddevserv": 0.7880012369192979,
          "rate": 1.269033540999903,
          "cv": 1.0,
          "lambda": 0.15
        },
        "MS2_8": {
          "meanserv": 0.32680321822671843,
          "stddevserv": 0.32680321822671843,
          "rate": 3.0599453867870237,
          "cv": 1.0,
          "lambda": 0.15
        },
        "MS2_9": {
          "meanserv": 0.3832578480897304,
          "stddevserv": 0.3832578480897304,
          "rate": 2.609209452550792,
          "cv": 1.0,
          "lambda": 0.15
        },
        "MS2_10": {
          "meanserv": 0.20634841083186828,
          "stddevserv": 0.20634841083186828,
          "rate": 4.846172529115309,
          "cv": 1.0,
          "lambda": 0.15
        }
      },
      "sensors": [
        "S2"
      ],
      "sources": [
        {
          "startTime": 0,
          "stopTime": -1,
          "lambda": 0.15
        }
      ]
    },
    "SC3": {
      "resptime": 38.02089755046556,
      "resptime_old": 28.020897550465566,
      "waittime": 24.775967825772188,
      "servicetime": 10.0,
      "networktime": 3.244929724693379,
      "services": {
        "MS3_1": {
          "meanserv": 1.5353779829899983,
          "stddevserv": 1.5353779829899983,
          "rate": 0.6513054186517628,
          "cv": 1.0,
          "lambda": 0.15
        },
        "MS3_2": {
          "meanserv": 0.5790894696531845,
          "stddevserv": 0.5790894696531845,
          "rate": 1.7268488763902026,
          "cv": 1.0,
          "lambda": 0.15
        },
        "MS3_3": {
          "meanserv": 0.9280700939978415,
          "stddevserv": 0.9280700939978415,
          "rate": 1.077504820451984,
          "cv": 1.0,
          "lambda": 0.15
        },
        "MS3_4": {
          "meanserv": 0.1988579056139681,
          "stddevserv": 0.1988579056139681,
          "rate": 5.02871634352443,
          "cv": 1.0,
          "lambda": 0.15
        },
        "MS3_5": {
          "meanserv": 0.6958572809551069,
          "stddevserv": 0.6958572809551069,
          "rate": 1.4370762904534655,
          "cv": 1.0,
          "lambda": 0.15
        },
        "MS3_6": {
          "meanserv": 0.40102785314452793,
          "stddevserv": 0.40102785314452793,
          "rate": 2.493592383069727,
          "cv": 1.0,
          "lambda": 0.15
        },
        "MS3_7": {
          "meanserv": 2.3465541455918615,
          "stddevserv": 2.3465541455918615,
          "rate": 0.42615679756572344,
          "cv": 1.0,
          "lambda": 0.15
        },
        "MS3_8": {
          "meanserv": 0.6123606596788695,
          "stddevserv": 0.6123606596788695,
          "rate": 1.6330245651711426,
          "cv": 1.0,
          "lambda": 0.15
        },
        "MS3_9": {
          "meanserv": 0.36986644073110053,
          "stddevserv": 0.36986644073110053,
          "rate": 2.7036786522814533,
          "cv": 1.0,
          "lambda": 0.15
        },
        "MS3_10": {
          "meanserv": 2.3329381676435412,
          "stddevserv": 2.3329381676435412,
          "rate": 0.428644022318895,
          "cv": 1.0,
          "lambda": 0.15
        }
      },
      "sensors": [
        "S3"
      ],
      "sources": [
        {
          "startTime": 0,
          "stopTime": -1,
          "lambda": 0.15
        }
      ]
    },
    "SC4": {
      "resptime": 31.082411477662287,
      "resptime_old": 21.08241147766229,
      "waittime": 18.01206723192964,
      "servicetime": 10.0,
      "networktime": 3.0703442457326457,
      "services": {
        "MS4_1": {
          "meanserv": 0.00494981341152001,
          "stddevserv": 0.00494981341152001,
          "rate": 202.02781738653775,
          "cv": 1.0,
          "lambda": 0.15
        },
        "MS4_2": {
          "meanserv": 0.4340388183726329,
          "stddevserv": 0.4340388183726329,
          "rate": 2.3039413934204283,
          "cv": 1.0,
          "lambda": 0.15
        },
        "MS4_3": {
          "meanserv": 0.4313924071859221,
          "stddevserv": 0.4313924071859221,
          "rate": 2.3180751059649936,
          "cv": 1.0,
          "lambda": 0.15
        },
        "MS4_4": {
          "meanserv": 1.291726678383909,
          "stddevserv": 1.291726678383909,
          "rate": 0.774157580496138,
          "cv": 1.0,
          "lambda": 0.15
        },
        "MS4_5": {
          "meanserv": 0.4329750850771026,
          "stddevserv": 0.4329750850771026,
          "rate": 2.3096017172025585,
          "cv": 1.0,
          "lambda": 0.15
        },
        "MS4_6": {
          "meanserv": 1.3601212864114114,
          "stddevserv": 1.3601212864114114,
          "rate": 0.7352285490939068,
          "cv": 1.0,
          "lambda": 0.15
        },
        "MS4_7": {
          "meanserv": 4.017825811351571,
          "stddevserv": 4.017825811351571,
          "rate": 0.24889082975541102,
          "cv": 1.0,
          "lambda": 0.15
        },
        "MS4_8": {
          "meanserv": 0.039219066400310254,
          "stddevserv": 0.039219066400310254,
          "rate": 25.49780226262829,
          "cv": 1.0,
          "lambda": 0.15
        },
        "MS4_9": {
          "meanserv": 1.352326488787556,
          "stddevserv": 1.352326488787556,
          "rate": 0.7394663997867569,
          "cv": 1.0,
          "lambda": 0.15
        },
        "MS4_10": {
          "meanserv": 0.6354245446180649,
          "stddevserv": 0.6354245446180649,
          "rate": 1.5737509803010061,
          "cv": 1.0,
          "lambda": 0.15
        }
      },
      "sensors": [
        "S4"
      ],
      "sources": [
        {
          "startTime": 0,
          "stopTime": -1,
          "lambda": 0.15
        }
      ]
    }
  },
  "microservice": {
    "MS1_1": "F1",
    "MS1_2": "F10",
    "MS1_3": "F10",
    "MS1_4": "F7",
    "MS1_5": "F2",
    "MS1_6": "F2",
    "MS1_7": "F2",
    "MS1_8": "F1",
    "MS1_9": "F1",
    "MS1_10": "F1",
    "MS2_1": "F1",
    "MS2_2": "F3",
    "MS2_3": "F6",
    "MS2_4": "F8",
    "MS2_5": "F8",
    "MS2_6": "F8",
    "MS2_7": "F8",
    "MS2_8": "F4",
    "MS2_9": "F4",
    "MS2_10": "F4",
    "MS3_1": "F3",
    "MS3_2": "F2",
    "MS3_3": "F2",
    "MS3_4": "F2",
    "MS3_5": "F5",
    "MS3_6": "F5",
    "MS3_7": "F5",
    "MS3_8": "F5",
    "MS3_9": "F4",
    "MS3_10": "F7",
    "MS4_1": "F4",
    "MS4_2": "F4",
    "MS4_3": "F4",
    "MS4_4": "F4",
    "MS4_5": "F4",
    "MS4_6": "F1",
    "MS4_7": "F9",
    "MS4_8": "F1",
    "MS4_9": "F6",
    "MS4_10": "F6"
  },
  "sensor": {
    "S1": "F1",
    "S2": "F1",
    "S3": "F3",
    "S4": "F4"
  },
  "fog": {
    "F1": {
      "rho": 0.5741557114215166,
      "capacity": 1.0,
      "tserv": 0.5468149632585872,
      "stddev": 0.8111634448319631,
      "mu": 1.8287721938711887,
      "cv": 1.48343315259346,
      "lambda": 1.05,
      "twait": 1.1798237080309126
    },
    "F2": {
      "rho": 0.6001881005578035,
      "capacity": 1.0,
      "tserv": 0.6668756672864483,
      "stddev": 0.8860027766874571,
      "mu": 1.4995298959835375,
      "cv": 1.3285876515672679,
      "lambda": 0.9,
      "twait": 1.3840904558732086
    },
    "F3": {
      "rho": 0.7121373988802895,
      "capacity": 1.0,
      "tserv": 2.373791329600965,
      "stddev": 2.6534428872767397,
      "mu": 0.4212670202010133,
      "cv": 1.1178079783966455,
      "lambda": 0.3,
      "twait": 6.605049275187165
    },
    "F4": {
      "rho": 0.5822038080465756,
      "capacity": 1.0,
      "tserv": 0.43126208003450045,
      "stddev": 0.6371229073975356,
      "mu": 2.3187756269227315,
      "cv": 1.477345069027554,
      "lambda": 1.3499999999999999,
      "twait": 0.9563059686500013
    },
    "F5": {
      "rho": 0.6083699909055549,
      "capacity": 1.0,
      "tserv": 1.0139499848425915,
      "stddev": 1.4950173053593816,
      "mu": 0.9862419398874421,
      "cv": 1.474448767402933,
      "lambda": 0.6,
      "twait": 2.4996843239605075
    },
    "F6": {
      "rho": 0.6020317012465703,
      "capacity": 1.0,
      "tserv": 1.3378482249923787,
      "stddev": 1.5602637282925917,
      "mu": 0.7474689440244215,
      "cv": 1.1662486813864705,
      "lambda": 0.44999999999999996,
      "twait": 2.388277351082551
    },
    "F7": {
      "rho": 0.5987772616430307,
      "capacity": 1.0,
      "tserv": 1.995924205476769,
      "stddev": 2.052040510174876,
      "mu": 0.501021029383793,
      "cv": 1.0281154487450601,
      "lambda": 0.3,
      "twait": 3.0636039184733663
    },
    "F8": {
      "rho": 0.553553185452259,
      "capacity": 1.0,
      "tserv": 0.9225886424204316,
      "stddev": 1.1038047099041395,
      "mu": 1.0839066882250772,
      "cv": 1.1964213075594379,
      "lambda": 0.6,
      "twait": 1.3906838888477013
    },
    "F9": {
      "rho": 0.6026738717027357,
      "capacity": 1.0,
      "tserv": 4.017825811351571,
      "stddev": 4.017825811351571,
      "mu": 0.24889082975541102,
      "cv": 1.0,
      "lambda": 0.15,
      "twait": 6.09433527045271
    },
    "F10": {
      "rho": 0.5659089701436639,
      "capacity": 1.0,
      "tserv": 1.8863632338122132,
      "stddev": 2.040261495015827,
      "mu": 0.5301205950558457,
      "cv": 1.0815846378073197,
      "lambda": 0.3,
      "twait": 2.6680002649944154
    }
  },
  "extra": {
    "deltatime": 2.7933548,
    "conv": 18,
    "obj_func": 33.21755397643072
  },
  "network": [
    [
      0.0,
      1.0952327941846438,
      0.8754491627163422,
      1.090703953554315,
      1.0577318040452384,
      0.8999943492686522,
      1.0629890595160856,
      1.127415808569439,
      0.5398229714548392,
      0.5398229714548392
    ],
    [
      1.0952327941846438,
      0.0,
      0.9451205596582031,
      0.7325999753607498,
      0.8554158940211956,
      1.210500363779474,
      0.9542937003777252,
      0.5398229714548392,
      0.960463409765309,
      0.960463409765309
    ],
    [
      0.8754491627163422,
      0.9451205596582031,
      0.0,
      0.9870130915233353,
      1.0549160513314246,
      1.0295159816080415,
      1.127415808569439,
      0.960463409765309,
      1.1525063378043983,
      1.1525063378043983
    ],
    [
      1.090703953554315,
      0.7325999753607498,
      0.9870130915233353,
      0.0,
      0.9045702995591411,
      1.0629890595160856,
      0.5398229714548392,
      1.1525063378043983,
      1.0421242549228273,
      1.0421242549228273
    ],
    [
      1.0577318040452384,
      0.8554158940211956,
      1.0549160513314246,
      0.9045702995591411,
      0.0,
      0.9542937003777252,
      0.960463409765309,
      1.0421242549228273,
      1.3019253003917646,
      1.3019253003917646
    ],
    [
      0.8999943492686522,
      1.210500363779474,
      1.0295159816080415,
      1.0629890595160856,
      0.9542937003777252,
      0.0,
      1.1525063378043983,
      1.3019253003917646,
      1.1073778946058541,
      1.1073778946058541
    ],
    [
      1.0629890595160856,
      0.9542937003777252,
      1.127415808569439,
      0.5398229714548392,
      0.960463409765309,
      1.1525063378043983,
      0.0,
      1.1073778946058541,
      0.9421861852103864,
      0.9421861852103864
    ],
    [
      1.127415808569439,
      0.5398229714548392,
      0.960463409765309,
      1.1525063378043983,
      1.0421242549228273,
      1.3019253003917646,
      1.1073778946058541,
      0.0,
      0.9315501852766003,
      0.9315501852766003
    ],
    [
      0.5398229714548392,
      0.960463409765309,
      1.1525063378043983,
      1.0421242549228273,
      1.3019253003917646,
      1.1073778946058541,
      0.9421861852103864,
      0.9315501852766003,
      0.0,
      1.1022270590923624
    ],
    [
      0.5398229714548392,
      0.960463409765309,
      1.1525063378043983,
      1.0421242549228273,
      1.3019253003917646,
      1.1073778946058541,
      0.9421861852103864,
      0.9315501852766003,
      1.1022270590923624,
      0.0
    ]
  ]
}