{
  "servicechain": {
    "SC1": {
      "resptime": 19.655501937547335,
      "resptime_old": 9.655501937547335,
      "waittime": 6.674821298209762,
      "servicetime": 10.0,
      "networktime": 2.9806806393375727,
      "services": {
        "MS1_1": {
          "meanserv": 2.618190491997866,
          "stddevserv": 2.618190491997866,
          "rate": 0.381943179098832,
          "cv": 1.0,
          "lambda": 0.1
        },
        "MS1_2": {
          "meanserv": 2.577025049635801,
          "stddevserv": 2.577025049635801,
          "rate": 0.3880443459955212,
          "cv": 1.0,
          "lambda": 0.1
        },
        "MS1_3": {
          "meanserv": 0.40479428149202423,
          "stddevserv": 0.40479428149202423,
          "rate": 2.470390629813537,
          "cv": 1.0,
          "lambda": 0.1
        },
        "MS1_4": {
          "meanserv": 0.49221574158610615,
          "stddevserv": 0.49221574158610615,
          "rate": 2.0316294573952876,
          "cv": 1.0,
          "lambda": 0.1
        },
        "MS1_5": {
          "meanserv": 3.9077744352882027,
          "stddevserv": 3.9077744352882027,
          "rate": 0.25590013358236446,
          "cv": 1.0,
          "lambda": 0.1
        }
      },
      "sensors": [
        "S1"
      ],
      "sources": [
        {
          "startTime": 0,
          "stopTime": -1,
          "lambda": 0.1
        }
      ]
    },
    "SC2": {
      "resptime": 40.76169858091394,
      "resptime_old": 30.76169858091394,
      "waittime": 27.477682135320897,
      "servicetime": 10.0,
      "networktime": 3.284016445593042,
      "services": {
        "MS2_1": {
          "meanserv": 0.08913699341108083,
          "stddevserv": 0.08913699341108083,
          "rate": 11.218686672414593,
          "cv": 1.0,
          "lambda": 0.1
        },
        "MS2_2": {
          "meanserv": 0.4955342369017446,
          "stddevserv": 0.4955342369017446,
          "rate": 2.0180240345295894,
          "cv": 1.0,
          "lambda": 0.1
        },
        "MS2_3": {
          "meanserv": 0.009392251091462356,
          "stddevserv": 0.009392251091462356,
          "rate": 106.47074809456589,
          "cv": 1.0,
          "lambda": 0.1
        },
        "MS2_4": {
          "meanserv": 7.746195451619787,
          "stddevserv": 7.746195451619787,
          "rate": 0.12909563233275925,
          "cv": 1.0,
          "lambda": 0.1
        },
        "MS2_5": {
          "meanserv": 1.6597410669759256,
          "stddevserv": 1.6597410669759256,
          "rate": 0.6025036193278123,
          "cv": 1.0,
          "lambda": 0.1
        }
      },
      "sensors": [
        "S2"
      ],
      "sources": [
        {
          "startTime": 0,
          "stopTime": -1,
          "lambda": 0.1
        }
      ]
    },
    "SC3": {
      "resptime": 22.610639432230187,
      "resptime_old": 12.610639432230187,
      "waittime": 8.528718260354971,
      "servicetime": 10.0,
      "networktime": 4.081921171875214,
      "services": {
        "MS3_1": {
          "meanserv": 4.641339697091179,
          "stddevserv": 4.641339697091179,
          "rate": 0.21545503351687878,
          "cv": 1.0,
          "lambda": 0.1
        },
        "MS3_2": {
          "meanserv": 1.5100003058692204,
          "stddevserv": 1.5100003058692204,
          "rate": 0.662251521481883,
          "cv": 1.0,
          "lambda": 0.1
        },
        "MS3_3": {
          "meanserv": 2.4653111727438333,
          "stddevserv": 2.4653111727438333,
          "rate": 0.4056283081242939,
          "cv": 1.0,
          "lambda": 0.1
        },
        "MS3_4": {
          "meanserv": 1.2827558267067438,
          "stddevserv": 1.2827558267067438,
          "rate": 0.7795715904618644,
          "cv": 1.0,
          "lambda": 0.1
        },
        "MS3_5": {
          "meanserv": 0.10059299758902362,
          "stddevserv": 0.10059299758902362,
          "rate": 9.941049814277696,
          "cv": 1.0,
          "lambda": 0.1
        }
      },
      "sensors": [
        "S3"
      ],
      "sources": [
        {
          "startTime": 0,
          "stopTime": -1,
          "lambda": 0.1
        }
      ]
    },
    "SC4": {
      "resptime": 21.714511969135884,
      "resptime_old": 11.714511969135886,
      "waittime": 8.917106409531804,
      "servicetime": 10.0,
      "networktime": 2.7974055596040803,
      "services": {
        "MS4_1": {
          "meanserv": 4.544412164226727,
          "stddevserv": 4.544412164226727,
          "rate": 0.22005046282375645,
          "cv": 1.0,
          "lambda": 0.1
        },
        "MS4_2": {
          "meanserv": 0.24071819456226606,
          "stddevserv": 0.24071819456226606,
          "rate": 4.154235211918442,
          "cv": 1.0,
          "lambda": 0.1
        },
        "MS4_3": {
          "meanserv": 0.1978651601325616,
          "stddevserv": 0.1978651601325616,
          "rate": 5.053946835966679,
          "cv": 1.0,
          "lambda": 0.1
        },
        "MS4_4": {
          "meanserv": 2.5611992153221266,
          "stddevserv": 2.5611992153221266,
          "rate": 0.3904420999419322,
          "cv": 1.0,
          "lambda": 0.1
        },
        "MS4_5": {
          "meanserv": 2.455805265756319,
          "stddevserv": 2.455805265756319,
          "rate": 0.4071984102094626,
          "cv": 1.0,
          "lambda": 0.1
        }
      },
      "sensors": [
        "S4"
      ],
      "sources": [
        {
          "startTime": 0,
          "stopTime": -1,
          "lambda": 0.1
        }
      ]
    }
  },
  "microservice": {
    "MS1_1": "F6",
    "MS1_2": "F10",
    "MS1_3": "F10",
    "MS1_4": "F10",
    "MS1_5": "F9",
    "MS2_1": "F8",
    "MS2_2": "F8",
    "MS2_3": "F8",
    "MS2_4": "F1",
    "MS2_5": "F2",
    "MS3_1": "F4",
    "MS3_2": "F2",
    "MS3_3": "F5",
    "MS3_4": "F5",
    "MS3_5": "F5",
    "MS4_1": "F7",
    "MS4_2": "F8",
    "MS4_3": "F8",
    "MS4_4": "F3",
    "MS4_5": "F3"
  },
  "sensor": {
    "S1": "F6",
    "S2": "F8",
    "S3": "F4",
    "S4": "F7"
  },
  "fog": {
    "F1": {
      "rho": 0.7746195451619787,
      "capacity": 1.0,
      "tserv": 7.746195451619787,
      "stddev": 7.746195451619787,
      "mu": 0.12909563233275925,
      "cv": 1.0,
      "lambda": 0.1,
      "twait": 26.623224279948783
    },
    "F2": {
      "rho": 0.3169741372845146,
      "capacity": 1.0,
      "tserv": 1.584870686422573,
      "stddev": 1.5884036767931398,
      "mu": 0.6309663044227513,
      "cv": 1.0022291978776776,
      "lambda": 0.2,
      "twait": 0.7371377290333716
    },
    "F3": {
      "rho": 0.5017004481078446,
      "capacity": 1.0,
      "tserv": 2.508502240539223,
      "stddev": 2.5096090199656276,
      "mu": 0.3986442522710451,
      "cv": 1.000441211256868,
      "lambda": 0.2,
      "twait": 2.526737356289674
    },
    "F4": {
      "rho": 0.4641339697091179,
      "capacity": 1.0,
      "tserv": 4.641339697091179,
      "stddev": 4.641339697091178,
      "mu": 0.21545503351687878,
      "cv": 0.9999999999999998,
      "lambda": 0.1,
      "twait": 4.020041011388771
    },
    "F5": {
      "rho": 0.38486599970396007,
      "capacity": 1.0,
      "tserv": 1.2828866656798668,
      "stddev": 1.8734359423442286,
      "mu": 0.7794920835583315,
      "cv": 1.4603284861109689,
      "lambda": 0.30000000000000004,
      "twait": 1.2571798399776093
    },
    "F6": {
      "rho": 0.2618190491997866,
      "capacity": 1.0,
      "tserv": 2.618190491997866,
      "stddev": 2.6181904919978662,
      "mu": 0.381943179098832,
      "cv": 1.0000000000000002,
      "lambda": 0.1,
      "twait": 0.9286234553949217
    },
    "F7": {
      "rho": 0.4544412164226727,
      "capacity": 1.0,
      "tserv": 4.544412164226727,
      "stddev": 4.544412164226727,
      "mu": 0.22005046282375645,
      "cv": 1.0,
      "lambda": 0.1,
      "twait": 3.7854182793932942
    },
    "F8": {
      "rho": 0.10326468360991155,
      "capacity": 1.0,
      "tserv": 0.2065293672198231,
      "stddev": 0.31244053507429304,
      "mu": 4.841926421706569,
      "cv": 1.5128140819883573,
      "lambda": 0.5,
      "twait": 0.03910670877958117
    },
    "F9": {
      "rho": 0.3907774435288203,
      "capacity": 1.0,
      "tserv": 3.9077744352882027,
      "stddev": 3.9077744352882027,
      "mu": 0.25590013358236446,
      "cv": 1.0,
      "lambda": 0.1,
      "twait": 2.506588253321582
    },
    "F10": {
      "rho": 0.34740350727139313,
      "capacity": 1.0,
      "tserv": 1.1580116909046436,
      "stddev": 1.8322492986557006,
      "mu": 0.8635491401807833,
      "cv": 1.5822373064509736,
      "lambda": 0.30000000000000004,
      "twait": 1.0798698631644197
    }
  },
  "extra": {
    "conv_gen": 20,
    "max_gen": 600,
    "population": 600,
    "deltatime": 38.0246646,
    "obj_func": 26.185587979956836
  },
  "network": [
    [
      0.0,
      1.0536225448034553,
      2.09314249682746,
      2.582000771031871,
      2.0309980375690704,
      2.580113528721913,
      1.6056474169760215,
      2.2303939007895868,
      1.9033275585419247,
      1.9033275585419247
    ],
    [
      1.0536225448034553,
      0.0,
      2.3186059849378307,
      2.0585494324992575,
      2.0233717393759565,
      1.8027673828906443,
      2.0402821929701638,
      1.9033275585419247,
      1.6502213474103309,
      1.6502213474103309
    ],
    [
      2.09314249682746,
      2.3186059849378307,
      0.0,
      2.332271039516185,
      1.8106340180528893,
      1.8134020498819823,
      2.2303939007895868,
      1.6502213474103309,
      2.306735264093272,
      2.306735264093272
    ],
    [
      2.582000771031871,
      2.0585494324992575,
      2.332271039516185,
      0.0,
      2.5878266017789,
      1.6056474169760215,
      1.9033275585419247,
      2.306735264093272,
      1.8560885260657907,
      1.8560885260657907
    ],
    [
      2.0309980375690704,
      2.0233717393759565,
      1.8106340180528893,
      2.5878266017789,
      0.0,
      2.0402821929701638,
      1.6502213474103309,
      1.8560885260657907,
      2.1445640488653384,
      2.1445640488653384
    ],
    [
      2.580113528721913,
      1.8027673828906443,
      1.8134020498819823,
      1.6056474169760215,
      2.0402821929701638,
      0.0,
      2.306735264093272,
      2.1445640488653384,
      1.1471842121937494,
      1.1471842121937494
    ],
    [
      1.6056474169760215,
      2.0402821929701638,
      2.2303939007895868,
      1.9033275585419247,
      1.6502213474103309,
      2.306735264093272,
      0.0,
      1.1471842121937494,
      1.245281150211327,
      1.245281150211327
    ],
    [
      2.2303939007895868,
      1.9033275585419247,
      1.6502213474103309,
      2.306735264093272,
      1.8560885260657907,
      2.1445640488653384,
      1.1471842121937494,
      0.0,
      2.03267628750292,
      2.03267628750292
    ],
    [
      1.9033275585419247,
      1.6502213474103309,
      2.306735264093272,
      1.8560885260657907,
      2.1445640488653384,
      1.1471842121937494,
      1.245281150211327,
      2.03267628750292,
      0.0,
      1.833496427143823
    ],
    [
      1.9033275585419247,
      1.6502213474103309,
      2.306735264093272,
      1.8560885260657907,
      2.1445640488653384,
      1.1471842121937494,
      1.245281150211327,
      2.03267628750292,
      1.833496427143823,
      0.0
    ]
  ]
}