{
  "servicechain": {
    "SC1": {
      "resptime": 16.154107240315913,
      "resptime_old": 6.154107240315914,
      "waittime": 2.4948395678562534,
      "servicetime": 10.0,
      "networktime": 3.65926767245966,
      "services": {
        "MS1_1": {
          "meanserv": 2.1621664253444273,
          "stddevserv": 2.1621664253444273,
          "rate": 0.46249908808046664,
          "cv": 1.0,
          "lambda": 0.05
        },
        "MS1_2": {
          "meanserv": 0.7792384891822746,
          "stddevserv": 0.7792384891822746,
          "rate": 1.2833041666735308,
          "cv": 1.0,
          "lambda": 0.05
        },
        "MS1_3": {
          "meanserv": 4.613401477807425,
          "stddevserv": 4.613401477807425,
          "rate": 0.21675980397770672,
          "cv": 1.0,
          "lambda": 0.05
        },
        "MS1_4": {
          "meanserv": 2.031205523301873,
          "stddevserv": 2.031205523301873,
          "rate": 0.4923184722215736,
          "cv": 1.0,
          "lambda": 0.05
        },
        "MS1_5": {
          "meanserv": 0.41398808436400003,
          "stddevserv": 0.41398808436400003,
          "rate": 2.415528460284735,
          "cv": 1.0,
          "lambda": 0.05
        }
      },
      "sensors": [
        "S1"
      ],
      "sources": [
        {
          "startTime": 0,
          "stopTime": -1,
          "lambda": 0.05
        }
      ]
    },
    "SC2": {
      "resptime": 15.99805145448179,
      "resptime_old": 5.99805145448179,
      "waittime": 3.028205496300761,
      "servicetime": 10.0,
      "networktime": 2.9698459581810295,
      "services": {
        "MS2_1": {
          "meanserv": 0.9226424812647493,
          "stddevserv": 0.9226424812647493,
          "rate": 1.083843439150135,
          "cv": 1.0,
          "lambda": 0.05
        },
        "MS2_2": {
          "meanserv": 0.8233604407145356,
          "stddevserv": 0.8233604407145356,
          "rate": 1.2145349115050652,
          "cv": 1.0,
          "lambda": 0.05
        },
        "MS2_3": {
          "meanserv": 0.45067422383138767,
          "stddevserv": 0.45067422383138767,
          "rate": 2.218897702865149,
          "cv": 1.0,
          "lambda": 0.05
        },
        "MS2_4": {
          "meanserv": 3.870500405154472,
          "stddevserv": 3.870500405154472,
          "rate": 0.2583645253384465,
          "cv": 1.0,
          "lambda": 0.05
        },
        "MS2_5": {
          "meanserv": 3.9328224490348553,
          "stddevserv": 3.9328224490348553,
          "rate": 0.2542703142485895,
          "cv": 1.0,
          "lambda": 0.05
        }
      },
      "sensors": [
        "S2"
      ],
      "sources": [
        {
          "startTime": 0,
          "stopTime": -1,
          "lambda": 0.05
        }
      ]
    },
    "SC3": {
      "resptime": 18.258263278299395,
      "resptime_old": 8.258263278299395,
      "waittime": 4.546009356578679,
      "servicetime": 10.0,
      "networktime": 3.712253921720716,
      "services": {
        "MS3_1": {
          "meanserv": 0.0551762516158838,
          "stddevserv": 0.0551762516158838,
          "rate": 18.123739302945438,
          "cv": 1.0,
          "lambda": 0.05
        },
        "MS3_2": {
          "meanserv": 0.026605430996874402,
          "stddevserv": 0.026605430996874402,
          "rate": 37.58631085951886,
          "cv": 1.0,
          "lambda": 0.05
        },
        "MS3_3": {
          "meanserv": 5.318156336288716,
          "stddevserv": 5.318156336288716,
          "rate": 0.18803508899812668,
          "cv": 1.0,
          "lambda": 0.05
        },
        "MS3_4": {
          "meanserv": 4.002990457395386,
          "stddevserv": 4.002990457395386,
          "rate": 0.24981323604020456,
          "cv": 1.0,
          "lambda": 0.05
        },
        "MS3_5": {
          "meanserv": 0.5970715237031392,
          "stddevserv": 0.5970715237031392,
          "rate": 1.6748412213629447,
          "cv": 1.0,
          "lambda": 0.05
        }
      },
      "sensors": [
        "S3"
      ],
      "sources": [
        {
          "startTime": 0,
          "stopTime": -1,
          "lambda": 0.05
        }
      ]
    },
    "SC4": {
      "resptime": 16.772948594475864,
      "resptime_old": 6.772948594475862,
      "waittime": 3.088276043280677,
      "servicetime": 10.0,
      "networktime": 3.6846725511951854,
      "services": {
        "MS4_1": {
          "meanserv": 2.415860792250466,
          "stddevserv": 2.415860792250466,
          "rate": 0.41393113510835283,
          "cv": 1.0,
          "lambda": 0.05
        },
        "MS4_2": {
          "meanserv": 0.09764154306375472,
          "stddevserv": 0.09764154306375472,
          "rate": 10.2415423663169,
          "cv": 1.0,
          "lambda": 0.05
        },
        "MS4_3": {
          "meanserv": 4.993745498585326,
          "stddevserv": 4.993745498585326,
          "rate": 0.20025049339885048,
          "cv": 1.0,
          "lambda": 0.05
        },
        "MS4_4": {
          "meanserv": 0.5527111338107265,
          "stddevserv": 0.5527111338107265,
          "rate": 1.8092633544495336,
          "cv": 1.0,
          "lambda": 0.05
        },
        "MS4_5": {
          "meanserv": 1.9400410322897272,
          "stddevserv": 1.9400410322897272,
          "rate": 0.5154530153518213,
          "cv": 1.0,
          "lambda": 0.05
        }
      },
      "sensors": [
        "S4"
      ],
      "sources": [
        {
          "startTime": 0,
          "stopTime": -1,
          "lambda": 0.05
        }
      ]
    }
  },
  "microservice": {
    "MS1_1": "F6",
    "MS1_2": "F6",
    "MS1_3": "F5",
    "MS1_4": "F3",
    "MS1_5": "F3",
    "MS2_1": "F9",
    "MS2_2": "F9",
    "MS2_3": "F9",
    "MS2_4": "F8",
    "MS2_5": "F10",
    "MS3_1": "F3",
    "MS3_2": "F3",
    "MS3_3": "F1",
    "MS3_4": "F2",
    "MS3_5": "F2",
    "MS4_1": "F7",
    "MS4_2": "F7",
    "MS4_3": "F4",
    "MS4_4": "F9",
    "MS4_5": "F9"
  },
  "sensor": {
    "S1": "F6",
    "S2": "F9",
    "S3": "F3",
    "S4": "F7"
  },
  "fog": {
    "F1": {
      "rho": 0.2659078168144358,
      "capacity": 1.0,
      "tserv": 5.318156336288716,
      "stddev": 5.318156336288716,
      "mu": 0.18803508899812668,
      "cv": 1.0,
      "lambda": 0.05,
      "twait": 1.9263784212001671
    },
    "F2": {
      "rho": 0.23000309905492627,
      "capacity": 1.0,
      "tserv": 2.3000309905492626,
      "stddev": 3.3302078687266183,
      "mu": 0.43477675044769437,
      "cv": 1.447896955480301,
      "lambda": 0.1,
      "twait": 1.0636683723214215
    },
    "F3": {
      "rho": 0.12634876451393157,
      "capacity": 1.0,
      "tserv": 0.6317438225696578,
      "stddev": 1.3233921876901178,
      "mu": 1.5829201082369702,
      "cv": 2.094824104978402,
      "lambda": 0.2,
      "twait": 0.24614709536783475
    },
    "F4": {
      "rho": 0.2496872749292663,
      "capacity": 1.0,
      "tserv": 4.993745498585326,
      "stddev": 4.9937454985853265,
      "mu": 0.20025049339885048,
      "cv": 1.0000000000000002,
      "lambda": 0.05,
      "twait": 1.6618066888236696
    },
    "F5": {
      "rho": 0.23067007389037128,
      "capacity": 1.0,
      "tserv": 4.613401477807425,
      "stddev": 4.613401477807425,
      "mu": 0.21675980397770672,
      "cv": 1.0,
      "lambda": 0.05,
      "twait": 1.3832474516533277
    },
    "F6": {
      "rho": 0.1470702457263351,
      "capacity": 1.0,
      "tserv": 1.470702457263351,
      "stddev": 1.7661286918311798,
      "mu": 0.6799471878633948,
      "cv": 1.2008742374154668,
      "lambda": 0.1,
      "twait": 0.3096489627336281
    },
    "F7": {
      "rho": 0.12567511676571103,
      "capacity": 1.0,
      "tserv": 1.2567511676571101,
      "stddev": 2.0655492589278546,
      "mu": 0.7957024634114669,
      "cv": 1.6435626336266238,
      "lambda": 0.1,
      "twait": 0.3343103547985386
    },
    "F8": {
      "rho": 0.1935250202577236,
      "capacity": 1.0,
      "tserv": 3.870500405154472,
      "stddev": 3.870500405154472,
      "mu": 0.2583645253384465,
      "cv": 1.0,
      "lambda": 0.05,
      "twait": 0.9287810386311247
    },
    "F9": {
      "rho": 0.2344714655955563,
      "capacity": 1.0,
      "tserv": 0.9378858623822253,
      "stddev": 1.2004120787228083,
      "mu": 1.0662278216455947,
      "cv": 1.27991275577368,
      "lambda": 0.25,
      "twait": 0.378924322429965
    },
    "F10": {
      "rho": 0.19664112245174278,
      "capacity": 1.0,
      "tserv": 3.9328224490348553,
      "stddev": 3.932822449034856,
      "mu": 0.2542703142485895,
      "cv": 1.0000000000000002,
      "lambda": 0.05,
      "twait": 0.9626514903797416
    }
  },
  "extra": {
    "deltatime": 0.4717813,
    "conv": 11,
    "obj_func": 16.79584264189324
  },
  "network": [
    [
      0.0,
      1.8723187838055357,
      1.8399351379151805,
      1.4315987072127494,
      2.7588124707782806,
      2.2512726673333936,
      1.625814959902182,
      2.5199059498834737,
      2.010868117850207,
      2.010868117850207
    ],
    [
      1.8723187838055357,
      0.0,
      1.7183313127554665,
      1.765072377952201,
      1.7100733246441342,
      1.6471321967452897,
      1.5054465990422843,
      2.010868117850207,
      1.5803279926396767,
      1.5803279926396767
    ],
    [
      1.8399351379151805,
      1.7183313127554665,
      0.0,
      2.5765207438801037,
      2.1538210734173755,
      1.225574887544006,
      2.5199059498834737,
      1.5803279926396767,
      2.0731324743180948,
      2.0731324743180948
    ],
    [
      1.4315987072127494,
      1.765072377952201,
      2.5765207438801037,
      0.0,
      1.858770783921234,
      1.625814959902182,
      2.010868117850207,
      2.0731324743180948,
      1.6738044333449786,
      1.6738044333449786
    ],
    [
      2.7588124707782806,
      1.7100733246441342,
      2.1538210734173755,
      1.858770783921234,
      0.0,
      1.5054465990422843,
      1.5803279926396767,
      1.6738044333449786,
      2.3221659090761007,
      2.3221659090761007
    ],
    [
      2.2512726673333936,
      1.6471321967452897,
      1.225574887544006,
      1.625814959902182,
      1.5054465990422843,
      0.0,
      2.0731324743180948,
      2.3221659090761007,
      2.003373824767262,
      2.003373824767262
    ],
    [
      1.625814959902182,
      1.5054465990422843,
      2.5199059498834737,
      2.010868117850207,
      1.5803279926396767,
      2.0731324743180948,
      0.0,
      2.003373824767262,
      2.073305573838647,
      2.073305573838647
    ],
    [
      2.5199059498834737,
      2.010868117850207,
      1.5803279926396767,
      2.0731324743180948,
      1.6738044333449786,
      2.3221659090761007,
      2.003373824767262,
      0.0,
      1.4849229790905147,
      1.4849229790905147
    ],
    [
      2.010868117850207,
      1.5803279926396767,
      2.0731324743180948,
      1.6738044333449786,
      2.3221659090761007,
      2.003373824767262,
      2.073305573838647,
      1.4849229790905147,
      0.0,
      2.6602821864652717
    ],
    [
      2.010868117850207,
      1.5803279926396767,
      2.0731324743180948,
      1.6738044333449786,
      2.3221659090761007,
      2.003373824767262,
      2.073305573838647,
      1.4849229790905147,
      2.6602821864652717,
      0.0
    ]
  ]
}