{
  "servicechain": {
    "SC1": {
      "resptime": 31.860640518949648,
      "resptime_old": 21.86064051894965,
      "waittime": 18.900116593274728,
      "servicetime": 10.0,
      "networktime": 2.96052392567492,
      "services": {
        "MS1_1": {
          "meanserv": 1.500100979846336,
          "stddevserv": 1.500100979846336,
          "rate": 0.6666217897560708,
          "cv": 1.0,
          "lambda": 0.15
        },
        "MS1_2": {
          "meanserv": 1.0768807042923145,
          "stddevserv": 1.0768807042923145,
          "rate": 0.9286079655937027,
          "cv": 1.0,
          "lambda": 0.15
        },
        "MS1_3": {
          "meanserv": 0.7791420349744103,
          "stddevserv": 0.7791420349744103,
          "rate": 1.2834630338393223,
          "cv": 1.0,
          "lambda": 0.15
        },
        "MS1_4": {
          "meanserv": 0.6540762501965247,
          "stddevserv": 0.6540762501965247,
          "rate": 1.5288737355920483,
          "cv": 1.0,
          "lambda": 0.15
        },
        "MS1_5": {
          "meanserv": 2.3060960742069474,
          "stddevserv": 2.3060960742069474,
          "rate": 0.43363327798209533,
          "cv": 1.0,
          "lambda": 0.15
        },
        "MS1_6": {
          "meanserv": 0.02151361542549335,
          "stddevserv": 0.02151361542549335,
          "rate": 46.48219186882988,
          "cv": 1.0,
          "lambda": 0.15
        },
        "MS1_7": {
          "meanserv": 0.06954422646486336,
          "stddevserv": 0.06954422646486336,
          "rate": 14.379338887394796,
          "cv": 1.0,
          "lambda": 0.15
        },
        "MS1_8": {
          "meanserv": 0.5365288228816709,
          "stddevserv": 0.5365288228816709,
          "rate": 1.8638327660181373,
          "cv": 1.0,
          "lambda": 0.15
        },
        "MS1_9": {
          "meanserv": 0.29173903550047875,
          "stddevserv": 0.29173903550047875,
          "rate": 3.4277209365709274,
          "cv": 1.0,
          "lambda": 0.15
        },
        "MS1_10": {
          "meanserv": 2.7643782562109607,
          "stddevserv": 2.7643782562109607,
          "rate": 0.3617449955530565,
          "cv": 1.0,
          "lambda": 0.15
        }
      },
      "sensors": [
        "S1"
      ],
      "sources": [
        {
          "startTime": 0,
          "stopTime": -1,
          "lambda": 0.15
        }
      ]
    },
    "SC2": {
      "resptime": 46.80832852543775,
      "resptime_old": 36.80832852543776,
      "waittime": 33.463840962528245,
      "servicetime": 10.0,
      "networktime": 3.344487562909509,
      "services": {
        "MS2_1": {
          "meanserv": 0.11292264067084834,
          "stddevserv": 0.11292264067084834,
          "rate": 8.855620042705537,
          "cv": 1.0,
          "lambda": 0.15
        },
        "MS2_2": {
          "meanserv": 0.01321745745680225,
          "stddevserv": 0.01321745745680225,
          "rate": 75.65751607434595,
          "cv": 1.0,
          "lambda": 0.15
        },
        "MS2_3": {
          "meanserv": 0.032176473682205,
          "stddevserv": 0.032176473682205,
          "rate": 31.078607614887392,
          "cv": 1.0,
          "lambda": 0.15
        },
        "MS2_4": {
          "meanserv": 1.611621692553623,
          "stddevserv": 1.611621692553623,
          "rate": 0.6204930131062549,
          "cv": 1.0,
          "lambda": 0.15
        },
        "MS2_5": {
          "meanserv": 0.8507596600459999,
          "stddevserv": 0.8507596600459999,
          "rate": 1.1754200944905295,
          "cv": 1.0,
          "lambda": 0.15
        },
        "MS2_6": {
          "meanserv": 0.9639124403948962,
          "stddevserv": 0.9639124403948962,
          "rate": 1.0374386283367392,
          "cv": 1.0,
          "lambda": 0.15
        },
        "MS2_7": {
          "meanserv": 0.06512762249880755,
          "stddevserv": 0.06512762249880755,
          "rate": 15.35446806795856,
          "cv": 1.0,
          "lambda": 0.15
        },
        "MS2_8": {
          "meanserv": 0.7683463303762323,
          "stddevserv": 0.7683463303762323,
          "rate": 1.301496422206292,
          "cv": 1.0,
          "lambda": 0.15
        },
        "MS2_9": {
          "meanserv": 0.46404036946572,
          "stddevserv": 0.46404036946572,
          "rate": 2.154984923297439,
          "cv": 1.0,
          "lambda": 0.15
        },
        "MS2_10": {
          "meanserv": 5.117875312854865,
          "stddevserv": 5.117875312854865,
          "rate": 0.19539358403051396,
          "cv": 1.0,
          "lambda": 0.15
        }
      },
      "sensors": [
        "S2"
      ],
      "sources": [
        {
          "startTime": 0,
          "stopTime": -1,
          "lambda": 0.15
        }
      ]
    },
    "SC3": {
      "resptime": 35.54888572855601,
      "resptime_old": 25.54888572855601,
      "waittime": 21.537601468682105,
      "servicetime": 10.0,
      "networktime": 4.011284259873901,
      "services": {
        "MS3_1": {
          "meanserv": 3.1303260802845587,
          "stddevserv": 3.1303260802845587,
          "rate": 0.31945553733146426,
          "cv": 1.0,
          "lambda": 0.15
        },
        "MS3_2": {
          "meanserv": 0.5293694792092012,
          "stddevserv": 0.5293694792092012,
          "rate": 1.8890397714160825,
          "cv": 1.0,
          "lambda": 0.15
        },
        "MS3_3": {
          "meanserv": 1.2184365340182497,
          "stddevserv": 1.2184365340182497,
          "rate": 0.8207239130479176,
          "cv": 1.0,
          "lambda": 0.15
        },
        "MS3_4": {
          "meanserv": 0.04186371580946613,
          "stddevserv": 0.04186371580946613,
          "rate": 23.88703393055908,
          "cv": 1.0,
          "lambda": 0.15
        },
        "MS3_5": {
          "meanserv": 0.33063630262869204,
          "stddevserv": 0.33063630262869204,
          "rate": 3.0244712756875045,
          "cv": 1.0,
          "lambda": 0.15
        },
        "MS3_6": {
          "meanserv": 0.2613424650937102,
          "stddevserv": 0.2613424650937102,
          "rate": 3.826396906608452,
          "cv": 1.0,
          "lambda": 0.15
        },
        "MS3_7": {
          "meanserv": 0.9968422479903936,
          "stddevserv": 0.9968422479903936,
          "rate": 1.0031677549943057,
          "cv": 1.0,
          "lambda": 0.15
        },
        "MS3_8": {
          "meanserv": 0.829973672216159,
          "stddevserv": 0.829973672216159,
          "rate": 1.2048574954550597,
          "cv": 1.0,
          "lambda": 0.15
        },
        "MS3_9": {
          "meanserv": 2.621256268712578,
          "stddevserv": 2.621256268712578,
          "rate": 0.3814964648577252,
          "cv": 1.0,
          "lambda": 0.15
        },
        "MS3_10": {
          "meanserv": 0.03995323403699125,
          "stddevserv": 0.03995323403699125,
          "rate": 25.029262939619265,
          "cv": 1.0,
          "lambda": 0.15
        }
      },
      "sensors": [
        "S3"
      ],
      "sources": [
        {
          "startTime": 0,
          "stopTime": -1,
          "lambda": 0.15
        }
      ]
    },
    "SC4": {
      "resptime": 44.83521246508413,
      "resptime_old": 34.83521246508414,
      "waittime": 29.674115734056798,
      "servicetime": 10.0,
      "networktime": 5.161096731027338,
      "services": {
        "MS4_1": {
          "meanserv": 2.5966861635103387,
          "stddevserv": 2.5966861635103387,
          "rate": 0.3851062227127774,
          "cv": 1.0,
          "lambda": 0.15
        },
        "MS4_2": {
          "meanserv": 0.46161379785634526,
          "stddevserv": 0.46161379785634526,
          "rate": 2.1663130622261018,
          "cv": 1.0,
          "lambda": 0.15
        },
        "MS4_3": {
          "meanserv": 4.252575130073782,
          "stddevserv": 4.252575130073782,
          "rate": 0.23515163622344987,
          "cv": 1.0,
          "lambda": 0.15
        },
        "MS4_4": {
          "meanserv": 0.551929722553222,
          "stddevserv": 0.551929722553222,
          "rate": 1.811824873960418,
          "cv": 1.0,
          "lambda": 0.15
        },
        "MS4_5": {
          "meanserv": 0.4823058720476512,
          "stddevserv": 0.4823058720476512,
          "rate": 2.073373056302332,
          "cv": 1.0,
          "lambda": 0.15
        },
        "MS4_6": {
          "meanserv": 0.5636798139908468,
          "stddevserv": 0.5636798139908468,
          "rate": 1.7740567875227093,
          "cv": 1.0,
          "lambda": 0.15
        },
        "MS4_7": {
          "meanserv": 0.22847061265546387,
          "stddevserv": 0.22847061265546387,
          "rate": 4.3769305311401725,
          "cv": 1.0,
          "lambda": 0.15
        },
        "MS4_8": {
          "meanserv": 0.10896301848116963,
          "stddevserv": 0.10896301848116963,
          "rate": 9.177425643479346,
          "cv": 1.0,
          "lambda": 0.15
        },
        "MS4_9": {
          "meanserv": 0.151288365347245,
          "stddevserv": 0.151288365347245,
          "rate": 6.609893614123912,
          "cv": 1.0,
          "lambda": 0.15
        },
        "MS4_10": {
          "meanserv": 0.6024875034839354,
          "stddevserv": 0.6024875034839354,
          "rate": 1.6597854631297988,
          "cv": 1.0,
          "lambda": 0.15
        }
      },
      "sensors": [
        "S4"
      ],
      "sources": [
        {
          "startTime": 0,
          "stopTime": -1,
          "lambda": 0.15
        }
      ]
    }
  },
  "microservice": {
    "MS1_1": "F9",
    "MS1_2": "F9",
    "MS1_3": "F9",
    "MS1_4": "F10",
    "MS1_5": "F7",
    "MS1_6": "F9",
    "MS1_7": "F9",
    "MS1_8": "F9",
    "MS1_9": "F9",
    "MS1_10": "F4",
    "MS2_1": "F10",
    "MS2_2": "F10",
    "MS2_3": "F8",
    "MS2_4": "F8",
    "MS2_5": "F8",
    "MS2_6": "F8",
    "MS2_7": "F8",
    "MS2_8": "F7",
    "MS2_9": "F7",
    "MS2_10": "F1",
    "MS3_1": "F3",
    "MS3_2": "F10",
    "MS3_3": "F10",
    "MS3_4": "F10",
    "MS3_5": "F4",
    "MS3_6": "F4",
    "MS3_7": "F10",
    "MS3_8": "F10",
    "MS3_9": "F5",
    "MS3_10": "F5",
    "MS4_1": "F6",
    "MS4_2": "F6",
    "MS4_3": "F2",
    "MS4_4": "F8",
    "MS4_5": "F5",
    "MS4_6": "F5",
    "MS4_7": "F5",
    "MS4_8": "F8",
    "MS4_9": "F6",
    "MS4_10": "F6"
  },
  "sensor": {
    "S1": "F9",
    "S2": "F10",
    "S3": "F3",
    "S4": "F6"
  },
  "fog": {
    "F1": {
      "rho": 0.7676812969282297,
      "capacity": 1.0,
      "tserv": 5.117875312854865,
      "stddev": 5.117875312854865,
      "mu": 0.19539358403051396,
      "cv": 1.0,
      "lambda": 0.15,
      "twait": 16.91166964063
    },
    "F2": {
      "rho": 0.6378862695110673,
      "capacity": 1.0,
      "tserv": 4.252575130073782,
      "stddev": 4.252575130073782,
      "mu": 0.23515163622344987,
      "cv": 1.0,
      "lambda": 0.15,
      "twait": 7.491180414163317
    },
    "F3": {
      "rho": 0.4695489120426838,
      "capacity": 1.0,
      "tserv": 3.1303260802845587,
      "stddev": 3.1303260802845587,
      "mu": 0.31945553733146426,
      "cv": 1.0,
      "lambda": 0.15,
      "twait": 2.770926931258791
    },
    "F4": {
      "rho": 0.5034535535900044,
      "capacity": 1.0,
      "tserv": 1.1187856746444544,
      "stddev": 1.9902906510364615,
      "mu": 0.8938262463163876,
      "cv": 1.7789740216945196,
      "lambda": 0.44999999999999996,
      "twait": 2.362137756283349
    },
    "F5": {
      "rho": 0.5903498702165296,
      "capacity": 1.0,
      "tserv": 0.7871331602887062,
      "stddev": 1.5396346144289366,
      "mu": 1.2704330733991922,
      "cv": 1.9560027351207343,
      "lambda": 0.75,
      "twait": 2.7371406176115625
    },
    "F6": {
      "rho": 0.5718113745296797,
      "capacity": 1.0,
      "tserv": 0.9530189575494662,
      "stddev": 1.6621154329022705,
      "mu": 1.0492970701982025,
      "cv": 1.7440528540755695,
      "lambda": 0.6,
      "twait": 2.571908239067657
    },
    "F7": {
      "rho": 0.5307724161073349,
      "capacity": 1.0,
      "tserv": 1.1794942580163,
      "stddev": 1.6405199570723639,
      "mu": 0.8478209988760967,
      "cv": 1.3908672686812629,
      "lambda": 0.44999999999999996,
      "twait": 1.9576114645372165
    },
    "F8": {
      "rho": 0.6276735945314885,
      "capacity": 1.0,
      "tserv": 0.5977843757442748,
      "stddev": 0.9741382129760063,
      "mu": 1.6728439895320857,
      "cv": 1.6295812545504391,
      "lambda": 1.05,
      "twait": 1.8419402553940838
    },
    "F9": {
      "rho": 0.641317412907835,
      "capacity": 1.0,
      "tserv": 0.6107784884836523,
      "stddev": 0.9395493026518641,
      "mu": 1.6372547803421293,
      "cv": 1.5382815871338786,
      "lambda": 1.05,
      "twait": 1.8381062592182094
    },
    "F10": {
      "rho": 0.6595052996351467,
      "capacity": 1.0,
      "tserv": 0.5495877496959556,
      "stddev": 0.8187915110340832,
      "mu": 1.8195456513599924,
      "cv": 1.4898285332725434,
      "lambda": 1.2,
      "twait": 1.7136235579266983
    }
  },
  "extra": {
    "deltatime": 0.042058,
    "obj_func": 39.76326680950689
  },
  "network": [
    [
      0.0,
      0.7252648441036301,
      0.8537229378841659,
      0.9942927394896373,
      1.0631191000500366,
      1.1272512703622866,
      1.3773611001651047,
      0.9176074661590989,
      0.8403110920322431,
      0.8403110920322431
    ],
    [
      0.7252648441036301,
      0.0,
      0.8089670920349761,
      1.2625447889998302,
      0.8370134948496929,
      1.1215630716859715,
      1.0845813998882552,
      0.8403110920322431,
      1.2129077829046484,
      1.2129077829046484
    ],
    [
      0.8537229378841659,
      0.8089670920349761,
      0.0,
      0.7087459754114656,
      1.2129546928486434,
      0.69871499752426,
      0.9176074661590989,
      1.2129077829046484,
      0.8120616925647771,
      0.8120616925647771
    ],
    [
      0.9942927394896373,
      1.2625447889998302,
      0.7087459754114656,
      0.0,
      1.1615134340686333,
      1.3773611001651047,
      0.8403110920322431,
      0.8120616925647771,
      1.0904844295850273,
      1.0904844295850273
    ],
    [
      1.0631191000500366,
      0.8370134948496929,
      1.2129546928486434,
      1.1615134340686333,
      0.0,
      1.0845813998882552,
      1.2129077829046484,
      1.0904844295850273,
      1.018253708139069,
      1.018253708139069
    ],
    [
      1.1272512703622866,
      1.1215630716859715,
      0.69871499752426,
      1.3773611001651047,
      1.0845813998882552,
      0.0,
      0.8120616925647771,
      1.018253708139069,
      1.0163064445845014,
      1.0163064445845014
    ],
    [
      1.3773611001651047,
      1.0845813998882552,
      0.9176074661590989,
      0.8403110920322431,
      1.2129077829046484,
      0.8120616925647771,
      0.0,
      1.0163064445845014,
      0.600892025386253,
      0.600892025386253
    ],
    [
      0.9176074661590989,
      0.8403110920322431,
      1.2129077829046484,
      0.8120616925647771,
      1.0904844295850273,
      1.018253708139069,
      1.0163064445845014,
      0.0,
      0.9508200181599031,
      0.9508200181599031
    ],
    [
      0.8403110920322431,
      1.2129077829046484,
      0.8120616925647771,
      1.0904844295850273,
      1.018253708139069,
      1.0163064445845014,
      0.600892025386253,
      0.9508200181599031,
      0.0,
      0.6682554453173869
    ],
    [
      0.8403110920322431,
      1.2129077829046484,
      0.8120616925647771,
      1.0904844295850273,
      1.018253708139069,
      1.0163064445845014,
      0.600892025386253,
      0.9508200181599031,
      0.6682554453173869,
      0.0
    ]
  ]
}