{
  "servicechain": {
    "SC1": {
      "resptime": 31.03373175917548,
      "resptime_old": 21.03373175917548,
      "waittime": 15.890460061351579,
      "servicetime": 10.0,
      "networktime": 5.143271697823904,
      "services": {
        "MS1_1": {
          "meanserv": 4.489903730929687,
          "stddevserv": 4.489903730929687,
          "rate": 0.2227219245506937,
          "cv": 1.0,
          "lambda": 0.15
        },
        "MS1_2": {
          "meanserv": 0.23478712358913345,
          "stddevserv": 0.23478712358913345,
          "rate": 4.259177354844866,
          "cv": 1.0,
          "lambda": 0.15
        },
        "MS1_3": {
          "meanserv": 0.2559345831081483,
          "stddevserv": 0.2559345831081483,
          "rate": 3.9072484376893986,
          "cv": 1.0,
          "lambda": 0.15
        },
        "MS1_4": {
          "meanserv": 3.106964781443267,
          "stddevserv": 3.106964781443267,
          "rate": 0.32185752666802797,
          "cv": 1.0,
          "lambda": 0.15
        },
        "MS1_5": {
          "meanserv": 0.6594671689455698,
          "stddevserv": 0.6594671689455698,
          "rate": 1.5163757152595063,
          "cv": 1.0,
          "lambda": 0.15
        },
        "MS1_6": {
          "meanserv": 1.252942611984194,
          "stddevserv": 1.252942611984194,
          "rate": 0.7981211513082573,
          "cv": 1.0,
          "lambda": 0.15
        }
      },
      "sensors": [
        "S1"
      ],
      "sources": [
        {
          "startTime": 0,
          "stopTime": -1,
          "lambda": 0.15
        }
      ]
    },
    "SC2": {
      "resptime": 40.68622237923422,
      "resptime_old": 30.686222379234216,
      "waittime": 24.06898725587633,
      "servicetime": 10.0,
      "networktime": 6.617235123357891,
      "services": {
        "MS2_1": {
          "meanserv": 1.8279781152208852,
          "stddevserv": 1.8279781152208852,
          "rate": 0.5470525011614618,
          "cv": 1.0,
          "lambda": 0.15
        },
        "MS2_2": {
          "meanserv": 0.27794841601401643,
          "stddevserv": 0.27794841601401643,
          "rate": 3.597789886126107,
          "cv": 1.0,
          "lambda": 0.15
        },
        "MS2_3": {
          "meanserv": 1.1003183379972263,
          "stddevserv": 1.1003183379972263,
          "rate": 0.9088278959525264,
          "cv": 1.0,
          "lambda": 0.15
        },
        "MS2_4": {
          "meanserv": 5.099827572708168,
          "stddevserv": 5.099827572708168,
          "rate": 0.19608506086588504,
          "cv": 1.0,
          "lambda": 0.15
        },
        "MS2_5": {
          "meanserv": 0.022247819152900306,
          "stddevserv": 0.022247819152900306,
          "rate": 44.94822585204431,
          "cv": 1.0,
          "lambda": 0.15
        },
        "MS2_6": {
          "meanserv": 1.6716797389068034,
          "stddevserv": 1.6716797389068034,
          "rate": 0.5982007059880686,
          "cv": 1.0,
          "lambda": 0.15
        }
      },
      "sensors": [
        "S2"
      ],
      "sources": [
        {
          "startTime": 0,
          "stopTime": -1,
          "lambda": 0.15
        }
      ]
    },
    "SC3": {
      "resptime": 31.375142280658604,
      "resptime_old": 21.375142280658604,
      "waittime": 16.072706978276706,
      "servicetime": 10.0,
      "networktime": 5.302435302381898,
      "services": {
        "MS3_1": {
          "meanserv": 0.7067871613566035,
          "stddevserv": 0.7067871613566035,
          "rate": 1.4148530911068127,
          "cv": 1.0,
          "lambda": 0.15
        },
        "MS3_2": {
          "meanserv": 0.7128836321770893,
          "stddevserv": 0.7128836321770893,
          "rate": 1.402753485791335,
          "cv": 1.0,
          "lambda": 0.15
        },
        "MS3_3": {
          "meanserv": 2.6422163329987836,
          "stddevserv": 2.6422163329987836,
          "rate": 0.37847014550282865,
          "cv": 1.0,
          "lambda": 0.15
        },
        "MS3_4": {
          "meanserv": 0.2628092149128607,
          "stddevserv": 0.2628092149128607,
          "rate": 3.805041616716403,
          "cv": 1.0,
          "lambda": 0.15
        },
        "MS3_5": {
          "meanserv": 1.3486202510780538,
          "stddevserv": 1.3486202510780538,
          "rate": 0.7414985791594221,
          "cv": 1.0,
          "lambda": 0.15
        },
        "MS3_6": {
          "meanserv": 4.326683407476609,
          "stddevserv": 4.326683407476609,
          "rate": 0.23112391312754174,
          "cv": 1.0,
          "lambda": 0.15
        }
      },
      "sensors": [
        "S3"
      ],
      "sources": [
        {
          "startTime": 0,
          "stopTime": -1,
          "lambda": 0.15
        }
      ]
    },
    "SC4": {
      "resptime": 68.36123522149676,
      "resptime_old": 58.361235221496756,
      "waittime": 55.40896851401176,
      "servicetime": 10.0,
      "networktime": 2.952266707484993,
      "services": {
        "MS4_1": {
          "meanserv": 0.08533757586990709,
          "stddevserv": 0.08533757586990709,
          "rate": 11.718167405228975,
          "cv": 1.0,
          "lambda": 0.15
        },
        "MS4_2": {
          "meanserv": 0.6599216395869734,
          "stddevserv": 0.6599216395869734,
          "rate": 1.5153314272674439,
          "cv": 1.0,
          "lambda": 0.15
        },
        "MS4_3": {
          "meanserv": 2.1446582970600945,
          "stddevserv": 2.1446582970600945,
          "rate": 0.46627474473243763,
          "cv": 1.0,
          "lambda": 0.15
        },
        "MS4_4": {
          "meanserv": 5.946433604450453,
          "stddevserv": 5.946433604450453,
          "rate": 0.1681680258317483,
          "cv": 1.0,
          "lambda": 0.15
        },
        "MS4_5": {
          "meanserv": 0.24783922610091125,
          "stddevserv": 0.24783922610091125,
          "rate": 4.03487379997239,
          "cv": 1.0,
          "lambda": 0.15
        },
        "MS4_6": {
          "meanserv": 0.9158096569316605,
          "stddevserv": 0.9158096569316605,
          "rate": 1.0919299577495305,
          "cv": 1.0,
          "lambda": 0.15
        }
      },
      "sensors": [
        "S4"
      ],
      "sources": [
        {
          "startTime": 0,
          "stopTime": -1,
          "lambda": 0.15
        }
      ]
    }
  },
  "microservice": {
    "MS1_1": "F6",
    "MS1_2": "F1",
    "MS1_3": "F1",
    "MS1_4": "F10",
    "MS1_5": "F8",
    "MS1_6": "F8",
    "MS2_1": "F3",
    "MS2_2": "F1",
    "MS2_3": "F1",
    "MS2_4": "F9",
    "MS2_5": "F1",
    "MS2_6": "F5",
    "MS3_1": "F1",
    "MS3_2": "F1",
    "MS3_3": "F5",
    "MS3_4": "F8",
    "MS3_5": "F8",
    "MS3_6": "F2",
    "MS4_1": "F4",
    "MS4_2": "F4",
    "MS4_3": "F4",
    "MS4_4": "F7",
    "MS4_5": "F3",
    "MS4_6": "F3"
  },
  "sensor": {
    "S1": "F6",
    "S2": "F3",
    "S3": "F1",
    "S4": "F4"
  },
  "fog": {
    "F1": {
      "rho": 0.4966360610092676,
      "capacity": 1.0,
      "tserv": 0.472986724770731,
      "stddev": 0.6832322037284174,
      "mu": 2.114224242730546,
      "cv": 1.4445060885368355,
      "lambda": 1.05,
      "twait": 0.7202033798604401
    },
    "F2": {
      "rho": 0.6490025111214913,
      "capacity": 1.0,
      "tserv": 4.326683407476609,
      "stddev": 4.326683407476609,
      "mu": 0.23112391312754174,
      "cv": 1.0,
      "lambda": 0.15,
      "twait": 8.000138135609163
    },
    "F3": {
      "rho": 0.44874404973801857,
      "capacity": 1.0,
      "tserv": 0.997208999417819,
      "stddev": 1.3540056417091357,
      "mu": 1.002798812068293,
      "cv": 1.357795249039688,
      "lambda": 0.44999999999999996,
      "twait": 1.154174099372788
    },
    "F4": {
      "rho": 0.4334876268775462,
      "capacity": 1.0,
      "tserv": 0.9633058375056583,
      "stddev": 1.5600002304573548,
      "mu": 1.0380919133526232,
      "cv": 1.6194236240660085,
      "lambda": 0.44999999999999996,
      "twait": 1.3351001291306208
    },
    "F5": {
      "rho": 0.647084410785838,
      "capacity": 1.0,
      "tserv": 2.1569480359527935,
      "stddev": 2.263491875407651,
      "mu": 0.4636180303519773,
      "cv": 1.0493956449941984,
      "lambda": 0.3,
      "twait": 4.155024855208961
    },
    "F6": {
      "rho": 0.6734855596394531,
      "capacity": 1.0,
      "tserv": 4.489903730929687,
      "stddev": 4.489903730929687,
      "mu": 0.2227219245506937,
      "cv": 1.0,
      "lambda": 0.15,
      "twait": 9.261107483066862
    },
    "F7": {
      "rho": 0.891965040667568,
      "capacity": 1.0,
      "tserv": 5.946433604450453,
      "stddev": 5.946433604450453,
      "mu": 0.1681680258317483,
      "cv": 1.0,
      "lambda": 0.15,
      "twait": 49.09531992787432
    },
    "F8": {
      "rho": 0.5285758870381017,
      "capacity": 1.0,
      "tserv": 0.8809598117301695,
      "stddev": 1.081764073432025,
      "mu": 1.1351255604226036,
      "cv": 1.227938050099566,
      "lambda": 0.6,
      "twait": 1.2385686138688508
    },
    "F9": {
      "rho": 0.7649741359062253,
      "capacity": 1.0,
      "tserv": 5.099827572708168,
      "stddev": 5.099827572708168,
      "mu": 0.19608506086588504,
      "cv": 1.0,
      "lambda": 0.15,
      "twait": 16.59917816171326
    },
    "F10": {
      "rho": 0.46604471721649005,
      "capacity": 1.0,
      "tserv": 3.106964781443267,
      "stddev": 3.106964781443267,
      "mu": 0.32185752666802797,
      "cv": 1.0,
      "lambda": 0.15,
      "twait": 2.7118085908261365
    }
  },
  "extra": {
    "conv_gen": 20,
    "max_gen": 600,
    "population": 600,
    "deltatime": 42.6137706,
    "obj_func": 42.86408291014126
  },
  "network": [
    [
      0.0,
      1.8505597386542443,
      1.5285716783948844,
      1.863354190435771,
      1.9525969280832107,
      1.7419756307015888,
      1.4751850280928922,
      1.3842334490450952,
      1.5680332584398982,
      1.5680332584398982
    ],
    [
      1.8505597386542443,
      0.0,
      1.4336444987787293,
      2.071962027790833,
      1.9168177097490564,
      1.4509646120499646,
      1.4780016200621657,
      1.5680332584398982,
      1.816251757699583,
      1.816251757699583
    ],
    [
      1.5285716783948844,
      1.4336444987787293,
      0.0,
      1.4979327585418296,
      1.8521432576401182,
      1.5407091935134853,
      1.3842334490450952,
      1.816251757699583,
      1.753655579976155,
      1.753655579976155
    ],
    [
      1.863354190435771,
      2.071962027790833,
      1.4979327585418296,
      0.0,
      1.8582834310836562,
      1.4751850280928922,
      1.5680332584398982,
      1.753655579976155,
      1.7818051158587889,
      1.7818051158587889
    ],
    [
      1.9525969280832107,
      1.9168177097490564,
      1.8521432576401182,
      1.8582834310836562,
      0.0,
      1.4780016200621657,
      1.816251757699583,
      1.7818051158587889,
      1.5405501967260893,
      1.5405501967260893
    ],
    [
      1.7419756307015888,
      1.4509646120499646,
      1.5407091935134853,
      1.4751850280928922,
      1.4780016200621657,
      0.0,
      1.753655579976155,
      1.5405501967260893,
      1.5740928965235934,
      1.5740928965235934
    ],
    [
      1.4751850280928922,
      1.4780016200621657,
      1.3842334490450952,
      1.5680332584398982,
      1.816251757699583,
      1.753655579976155,
      0.0,
      1.5740928965235934,
      1.9012003068548227,
      1.9012003068548227
    ],
    [
      1.3842334490450952,
      1.5680332584398982,
      1.816251757699583,
      1.753655579976155,
      1.7818051158587889,
      1.5405501967260893,
      1.5740928965235934,
      0.0,
      1.8332628086824168,
      1.8332628086824168
    ],
    [
      1.5680332584398982,
      1.816251757699583,
      1.753655579976155,
      1.7818051158587889,
      1.5405501967260893,
      1.5740928965235934,
      1.9012003068548227,
      1.8332628086824168,
      0.0,
      1.1540546477841287
    ],
    [
      1.5680332584398982,
      1.816251757699583,
      1.753655579976155,
      1.7818051158587889,
      1.5405501967260893,
      1.5740928965235934,
      1.9012003068548227,
      1.8332628086824168,
      1.1540546477841287,
      0.0
    ]
  ]
}