{
  "servicechain": {
    "SC1": {
      "resptime": 34.011172779971005,
      "resptime_old": 24.011172779970998,
      "waittime": 18.482378888378097,
      "servicetime": 10.0,
      "networktime": 5.528793891592907,
      "services": {
        "MS1_1": {
          "meanserv": 0.34942812109572285,
          "stddevserv": 0.34942812109572285,
          "rate": 2.8618188967282876,
          "cv": 1.0,
          "lambda": 0.15
        },
        "MS1_2": {
          "meanserv": 2.823927630200791,
          "stddevserv": 2.823927630200791,
          "rate": 0.35411672356805285,
          "cv": 1.0,
          "lambda": 0.15
        },
        "MS1_3": {
          "meanserv": 2.7020428083868566,
          "stddevserv": 2.7020428083868566,
          "rate": 0.3700903615946073,
          "cv": 1.0,
          "lambda": 0.15
        },
        "MS1_4": {
          "meanserv": 0.5593757159658947,
          "stddevserv": 0.5593757159658947,
          "rate": 1.7877072090504733,
          "cv": 1.0,
          "lambda": 0.15
        },
        "MS1_5": {
          "meanserv": 2.855090129961275,
          "stddevserv": 2.855090129961275,
          "rate": 0.3502516398715453,
          "cv": 1.0,
          "lambda": 0.15
        },
        "MS1_6": {
          "meanserv": 0.7101355943894596,
          "stddevserv": 0.7101355943894596,
          "rate": 1.4081817724680479,
          "cv": 1.0,
          "lambda": 0.15
        }
      },
      "sensors": [
        "S1"
      ],
      "sources": [
        {
          "startTime": 0,
          "stopTime": -1,
          "lambda": 0.15
        }
      ]
    },
    "SC2": {
      "resptime": 34.456433452701354,
      "resptime_old": 24.456433452701358,
      "waittime": 18.17399557800153,
      "servicetime": 10.0,
      "networktime": 6.282437874699826,
      "services": {
        "MS2_1": {
          "meanserv": 0.1850467298774039,
          "stddevserv": 0.1850467298774039,
          "rate": 5.4040403775982115,
          "cv": 1.0,
          "lambda": 0.15
        },
        "MS2_2": {
          "meanserv": 2.9240658587123134,
          "stddevserv": 2.9240658587123134,
          "rate": 0.34198956122020296,
          "cv": 1.0,
          "lambda": 0.15
        },
        "MS2_3": {
          "meanserv": 1.1253393515765322,
          "stddevserv": 1.1253393515765322,
          "rate": 0.8886208401039746,
          "cv": 1.0,
          "lambda": 0.15
        },
        "MS2_4": {
          "meanserv": 1.1162394905875717,
          "stddevserv": 1.1162394905875717,
          "rate": 0.8958650974385569,
          "cv": 1.0,
          "lambda": 0.15
        },
        "MS2_5": {
          "meanserv": 3.8552360507220893,
          "stddevserv": 3.8552360507220893,
          "rate": 0.25938748933744254,
          "cv": 1.0,
          "lambda": 0.15
        },
        "MS2_6": {
          "meanserv": 0.7940725185240893,
          "stddevserv": 0.7940725185240893,
          "rate": 1.259330825172819,
          "cv": 1.0,
          "lambda": 0.15
        }
      },
      "sensors": [
        "S2"
      ],
      "sources": [
        {
          "startTime": 0,
          "stopTime": -1,
          "lambda": 0.15
        }
      ]
    },
    "SC3": {
      "resptime": 35.24240476794035,
      "resptime_old": 25.24240476794035,
      "waittime": 19.833932417585643,
      "servicetime": 10.0,
      "networktime": 5.408472350354708,
      "services": {
        "MS3_1": {
          "meanserv": 0.6046115875972846,
          "stddevserv": 0.6046115875972846,
          "rate": 1.6539544072815107,
          "cv": 1.0,
          "lambda": 0.15
        },
        "MS3_2": {
          "meanserv": 2.6170232524637047,
          "stddevserv": 2.6170232524637047,
          "rate": 0.38211353264002723,
          "cv": 1.0,
          "lambda": 0.15
        },
        "MS3_3": {
          "meanserv": 0.20125831874473565,
          "stddevserv": 0.20125831874473565,
          "rate": 4.9687387146880715,
          "cv": 1.0,
          "lambda": 0.15
        },
        "MS3_4": {
          "meanserv": 1.9137524865632685,
          "stddevserv": 1.9137524865632685,
          "rate": 0.5225336123773288,
          "cv": 1.0,
          "lambda": 0.15
        },
        "MS3_5": {
          "meanserv": 3.088620517138012,
          "stddevserv": 3.088620517138012,
          "rate": 0.32376913720906814,
          "cv": 1.0,
          "lambda": 0.15
        },
        "MS3_6": {
          "meanserv": 1.5747338374929942,
          "stddevserv": 1.5747338374929942,
          "rate": 0.6350279496070388,
          "cv": 1.0,
          "lambda": 0.15
        }
      },
      "sensors": [
        "S3"
      ],
      "sources": [
        {
          "startTime": 0,
          "stopTime": -1,
          "lambda": 0.15
        }
      ]
    },
    "SC4": {
      "resptime": 35.02493777179093,
      "resptime_old": 25.024937771790935,
      "waittime": 19.418487723122528,
      "servicetime": 10.0,
      "networktime": 5.606450048668403,
      "services": {
        "MS4_1": {
          "meanserv": 0.49208904230842343,
          "stddevserv": 0.49208904230842343,
          "rate": 2.0321525456224983,
          "cv": 1.0,
          "lambda": 0.15
        },
        "MS4_2": {
          "meanserv": 2.1047356975035525,
          "stddevserv": 2.1047356975035525,
          "rate": 0.47511903807499906,
          "cv": 1.0,
          "lambda": 0.15
        },
        "MS4_3": {
          "meanserv": 2.053732995646648,
          "stddevserv": 2.053732995646648,
          "rate": 0.4869182128931689,
          "cv": 1.0,
          "lambda": 0.15
        },
        "MS4_4": {
          "meanserv": 0.4361199890241627,
          "stddevserv": 0.4361199890241627,
          "rate": 2.292946953056527,
          "cv": 1.0,
          "lambda": 0.15
        },
        "MS4_5": {
          "meanserv": 2.027072184764628,
          "stddevserv": 2.027072184764628,
          "rate": 0.49332234318834295,
          "cv": 1.0,
          "lambda": 0.15
        },
        "MS4_6": {
          "meanserv": 2.8862500907525854,
          "stddevserv": 2.8862500907525854,
          "rate": 0.3464703225836024,
          "cv": 1.0,
          "lambda": 0.15
        }
      },
      "sensors": [
        "S4"
      ],
      "sources": [
        {
          "startTime": 0,
          "stopTime": -1,
          "lambda": 0.15
        }
      ]
    }
  },
  "microservice": {
    "MS1_1": "F7",
    "MS1_2": "F7",
    "MS1_3": "F8",
    "MS1_4": "F10",
    "MS1_5": "F9",
    "MS1_6": "F10",
    "MS2_1": "F10",
    "MS2_2": "F5",
    "MS2_3": "F5",
    "MS2_4": "F10",
    "MS2_5": "F6",
    "MS2_6": "F2",
    "MS3_1": "F1",
    "MS3_2": "F1",
    "MS3_3": "F10",
    "MS3_4": "F9",
    "MS3_5": "F2",
    "MS3_6": "F3",
    "MS4_1": "F10",
    "MS4_2": "F4",
    "MS4_3": "F4",
    "MS4_4": "F10",
    "MS4_5": "F8",
    "MS4_6": "F3"
  },
  "sensor": {
    "S1": "F7",
    "S2": "F10",
    "S3": "F1",
    "S4": "F10"
  },
  "fog": {
    "F1": {
      "rho": 0.4832452260091484,
      "capacity": 1.0,
      "tserv": 1.6108174200304946,
      "stddev": 2.149333179178816,
      "mu": 0.6208028219492864,
      "cv": 1.3343121029434404,
      "lambda": 0.3,
      "twait": 2.0941362050929992
    },
    "F2": {
      "rho": 0.5824039553493152,
      "capacity": 1.0,
      "tserv": 1.9413465178310507,
      "stddev": 2.5300793586894317,
      "mu": 0.5151063917827713,
      "cv": 1.303260049378581,
      "lambda": 0.3,
      "twait": 3.6530977701434972
    },
    "F3": {
      "rho": 0.6691475892368369,
      "capacity": 1.0,
      "tserv": 2.23049196412279,
      "stddev": 2.415601755939579,
      "mu": 0.448331586073784,
      "cv": 1.082990566563009,
      "lambda": 0.3,
      "twait": 4.90107940594081
    },
    "F4": {
      "rho": 0.6237703039725301,
      "capacity": 1.0,
      "tserv": 2.0792343465751,
      "stddev": 2.079547091502363,
      "mu": 0.4809462683449765,
      "cv": 1.0001504135057109,
      "lambda": 0.3,
      "twait": 3.447786683931292
    },
    "F5": {
      "rho": 0.607410781543327,
      "capacity": 1.0,
      "tserv": 2.024702605144423,
      "stddev": 2.391051894672103,
      "mu": 0.4938996954215256,
      "cv": 1.1809398025156135,
      "lambda": 0.3,
      "twait": 3.7506951314980053
    },
    "F6": {
      "rho": 0.5782854076083134,
      "capacity": 1.0,
      "tserv": 3.8552360507220893,
      "stddev": 3.8552360507220897,
      "mu": 0.25938748933744254,
      "cv": 1.0000000000000002,
      "lambda": 0.15,
      "twait": 5.286577204678292
    },
    "F7": {
      "rho": 0.476003362694477,
      "capacity": 1.0,
      "tserv": 1.586677875648257,
      "stddev": 2.3620162131857345,
      "mu": 0.6302476484657843,
      "cv": 1.4886551639983658,
      "lambda": 0.3,
      "twait": 2.3177631389177438
    },
    "F8": {
      "rho": 0.7093672489727226,
      "capacity": 1.0,
      "tserv": 2.3645574965757423,
      "stddev": 2.412244769087298,
      "mu": 0.4229121099605994,
      "cv": 1.0201675250361282,
      "lambda": 0.3,
      "twait": 5.888904609135404
    },
    "F9": {
      "rho": 0.7153263924786815,
      "capacity": 1.0,
      "tserv": 2.384421308262272,
      "stddev": 2.475585436767275,
      "mu": 0.4193889714602425,
      "cv": 1.0382332300877826,
      "lambda": 0.3,
      "twait": 6.225017661223473
    },
    "F10": {
      "rho": 0.5550397321346477,
      "capacity": 1.0,
      "tserv": 0.5286092686996645,
      "stddev": 0.6744916967664265,
      "mu": 1.891756462121669,
      "cv": 1.2759740260052965,
      "lambda": 1.05,
      "twait": 0.8664651700918661
    }
  },
  "extra": {
    "conv_gen": 172,
    "max_gen": 600,
    "population": 600,
    "deltatime": 44.5768333,
    "obj_func": 34.68373719310091
  },
  "network": [
    [
      0.0,
      1.733601505471169,
      1.9586834638016168,
      1.4613608109062655,
      1.9110884698147779,
      1.7105543891873767,
      1.6988657795254816,
      2.10765008212128,
      1.7179920971477063,
      1.7179920971477063
    ],
    [
      1.733601505471169,
      0.0,
      1.413438388541391,
      1.7562188308008104,
      1.0972315231468048,
      1.280713180117715,
      1.7363373766210335,
      1.7179920971477063,
      1.052491619354622,
      1.052491619354622
    ],
    [
      1.9586834638016168,
      1.413438388541391,
      0.0,
      1.6499152965826924,
      2.384858873008932,
      1.5469426831009163,
      2.10765008212128,
      1.052491619354622,
      1.3202383030197011,
      1.3202383030197011
    ],
    [
      1.4613608109062655,
      1.7562188308008104,
      1.6499152965826924,
      0.0,
      1.2115858754587892,
      1.6988657795254816,
      1.7179920971477063,
      1.3202383030197011,
      1.5952574232596843,
      1.5952574232596843
    ],
    [
      1.9110884698147779,
      1.0972315231468048,
      2.384858873008932,
      1.2115858754587892,
      0.0,
      1.7363373766210335,
      1.052491619354622,
      1.5952574232596843,
      1.6427374382027964,
      1.6427374382027964
    ],
    [
      1.7105543891873767,
      1.280713180117715,
      1.5469426831009163,
      1.6988657795254816,
      1.7363373766210335,
      0.0,
      1.3202383030197011,
      1.6427374382027964,
      1.7162498181765184,
      1.7162498181765184
    ],
    [
      1.6988657795254816,
      1.7363373766210335,
      2.10765008212128,
      1.7179920971477063,
      1.052491619354622,
      1.3202383030197011,
      0.0,
      1.7162498181765184,
      1.902826393143999,
      1.902826393143999
    ],
    [
      2.10765008212128,
      1.7179920971477063,
      1.052491619354622,
      1.3202383030197011,
      1.5952574232596843,
      1.6427374382027964,
      1.7162498181765184,
      0.0,
      1.3634435827944125,
      1.3634435827944125
    ],
    [
      1.7179920971477063,
      1.052491619354622,
      1.3202383030197011,
      1.5952574232596843,
      1.6427374382027964,
      1.7162498181765184,
      1.902826393143999,
      1.3634435827944125,
      0.0,
      1.224550245310988
    ],
    [
      1.7179920971477063,
      1.052491619354622,
      1.3202383030197011,
      1.5952574232596843,
      1.6427374382027964,
      1.7162498181765184,
      1.902826393143999,
      1.3634435827944125,
      1.224550245310988,
      0.0
    ]
  ]
}