{
  "servicechain": {
    "SC1": {
      "resptime": 35.67003978438275,
      "resptime_old": 25.670039784382748,
      "waittime": 20.39198971895668,
      "servicetime": 10.0,
      "networktime": 5.278050065426072,
      "services": {
        "MS1_1": {
          "meanserv": 0.27314315037572423,
          "stddevserv": 0.27314315037572423,
          "rate": 3.6610839357473988,
          "cv": 1.0,
          "lambda": 0.15
        },
        "MS1_2": {
          "meanserv": 1.3140316615561498,
          "stddevserv": 1.3140316615561498,
          "rate": 0.7610166704931174,
          "cv": 1.0,
          "lambda": 0.15
        },
        "MS1_3": {
          "meanserv": 3.2869247698822823,
          "stddevserv": 3.2869247698822823,
          "rate": 0.304235743136833,
          "cv": 1.0,
          "lambda": 0.15
        },
        "MS1_4": {
          "meanserv": 0.12168776115503732,
          "stddevserv": 0.12168776115503732,
          "rate": 8.21775329341413,
          "cv": 1.0,
          "lambda": 0.15
        },
        "MS1_5": {
          "meanserv": 2.8576180465694714,
          "stddevserv": 2.8576180465694714,
          "rate": 0.34994179897501887,
          "cv": 1.0,
          "lambda": 0.15
        },
        "MS1_6": {
          "meanserv": 0.249408373796129,
          "stddevserv": 0.249408373796129,
          "rate": 4.00948847378083,
          "cv": 1.0,
          "lambda": 0.15
        },
        "MS1_7": {
          "meanserv": 1.2206461831325512,
          "stddevserv": 1.2206461831325512,
          "rate": 0.8192382148229836,
          "cv": 1.0,
          "lambda": 0.15
        },
        "MS1_8": {
          "meanserv": 0.6765400535326549,
          "stddevserv": 0.6765400535326549,
          "rate": 1.4781090857493961,
          "cv": 1.0,
          "lambda": 0.15
        }
      },
      "sensors": [
        "S1"
      ],
      "sources": [
        {
          "startTime": 0,
          "stopTime": -1,
          "lambda": 0.15
        }
      ]
    },
    "SC2": {
      "resptime": 34.56493721580514,
      "resptime_old": 24.564937215805138,
      "waittime": 18.079511638626116,
      "servicetime": 10.0,
      "networktime": 6.485425577179022,
      "services": {
        "MS2_1": {
          "meanserv": 1.0774468575994356,
          "stddevserv": 1.0774468575994356,
          "rate": 0.9281200209057289,
          "cv": 1.0,
          "lambda": 0.15
        },
        "MS2_2": {
          "meanserv": 1.0470943907150452,
          "stddevserv": 1.0470943907150452,
          "rate": 0.9550237388981856,
          "cv": 1.0,
          "lambda": 0.15
        },
        "MS2_3": {
          "meanserv": 0.41744742790514255,
          "stddevserv": 0.41744742790514255,
          "rate": 2.395511226451327,
          "cv": 1.0,
          "lambda": 0.15
        },
        "MS2_4": {
          "meanserv": 1.1853576884025019,
          "stddevserv": 1.1853576884025019,
          "rate": 0.8436272104057408,
          "cv": 1.0,
          "lambda": 0.15
        },
        "MS2_5": {
          "meanserv": 0.0952867889751241,
          "stddevserv": 0.0952867889751241,
          "rate": 10.494634258911416,
          "cv": 1.0,
          "lambda": 0.15
        },
        "MS2_6": {
          "meanserv": 1.5998798456342476,
          "stddevserv": 1.5998798456342476,
          "rate": 0.6250469388240625,
          "cv": 1.0,
          "lambda": 0.15
        },
        "MS2_7": {
          "meanserv": 2.209682071243667,
          "stddevserv": 2.209682071243667,
          "rate": 0.4525537917937551,
          "cv": 1.0,
          "lambda": 0.15
        },
        "MS2_8": {
          "meanserv": 2.3678049295248362,
          "stddevserv": 2.3678049295248362,
          "rate": 0.4223320880578946,
          "cv": 1.0,
          "lambda": 0.15
        }
      },
      "sensors": [
        "S2"
      ],
      "sources": [
        {
          "startTime": 0,
          "stopTime": -1,
          "lambda": 0.15
        }
      ]
    },
    "SC3": {
      "resptime": 56.67530138129368,
      "resptime_old": 46.67530138129368,
      "waittime": 42.93350884216041,
      "servicetime": 10.0,
      "networktime": 3.7417925391332716,
      "services": {
        "MS3_1": {
          "meanserv": 0.1671749709655379,
          "stddevserv": 0.1671749709655379,
          "rate": 5.98175668417579,
          "cv": 1.0,
          "lambda": 0.15
        },
        "MS3_2": {
          "meanserv": 1.1892900351788194,
          "stddevserv": 1.1892900351788194,
          "rate": 0.840837785922962,
          "cv": 1.0,
          "lambda": 0.15
        },
        "MS3_3": {
          "meanserv": 0.3909691434074003,
          "stddevserv": 0.3909691434074003,
          "rate": 2.557746607020527,
          "cv": 1.0,
          "lambda": 0.15
        },
        "MS3_4": {
          "meanserv": 1.7488051884212952,
          "stddevserv": 1.7488051884212952,
          "rate": 0.5718189805364962,
          "cv": 1.0,
          "lambda": 0.15
        },
        "MS3_5": {
          "meanserv": 5.48837291012808,
          "stddevserv": 5.48837291012808,
          "rate": 0.18220336270420506,
          "cv": 1.0,
          "lambda": 0.15
        },
        "MS3_6": {
          "meanserv": 0.29267918086602585,
          "stddevserv": 0.29267918086602585,
          "rate": 3.4167103961444765,
          "cv": 1.0,
          "lambda": 0.15
        },
        "MS3_7": {
          "meanserv": 0.5837820777928151,
          "stddevserv": 0.5837820777928151,
          "rate": 1.7129679687681352,
          "cv": 1.0,
          "lambda": 0.15
        },
        "MS3_8": {
          "meanserv": 0.13892649324002626,
          "stddevserv": 0.13892649324002626,
          "rate": 7.198051118099402,
          "cv": 1.0,
          "lambda": 0.15
        }
      },
      "sensors": [
        "S3"
      ],
      "sources": [
        {
          "startTime": 0,
          "stopTime": -1,
          "lambda": 0.15
        }
      ]
    },
    "SC4": {
      "resptime": 36.70953999796445,
      "resptime_old": 26.709539997964455,
      "waittime": 19.53597506854975,
      "servicetime": 10.0,
      "networktime": 7.1735649294147015,
      "services": {
        "MS4_1": {
          "meanserv": 0.7480191185279395,
          "stddevserv": 0.7480191185279395,
          "rate": 1.3368642261015267,
          "cv": 1.0,
          "lambda": 0.15
        },
        "MS4_2": {
          "meanserv": 0.7241379833067796,
          "stddevserv": 0.7241379833067796,
          "rate": 1.3809522812675772,
          "cv": 1.0,
          "lambda": 0.15
        },
        "MS4_3": {
          "meanserv": 0.1696300462031619,
          "stddevserv": 0.1696300462031619,
          "rate": 5.895182029263398,
          "cv": 1.0,
          "lambda": 0.15
        },
        "MS4_4": {
          "meanserv": 0.10487851570694207,
          "stddevserv": 0.10487851570694207,
          "rate": 9.534841270964025,
          "cv": 1.0,
          "lambda": 0.15
        },
        "MS4_5": {
          "meanserv": 0.9394371495950373,
          "stddevserv": 0.9394371495950373,
          "rate": 1.064467165718398,
          "cv": 1.0,
          "lambda": 0.15
        },
        "MS4_6": {
          "meanserv": 2.9702327186994095,
          "stddevserv": 2.9702327186994095,
          "rate": 0.3366739561194636,
          "cv": 1.0,
          "lambda": 0.15
        },
        "MS4_7": {
          "meanserv": 2.699430484733872,
          "stddevserv": 2.699430484733872,
          "rate": 0.3704485096598391,
          "cv": 1.0,
          "lambda": 0.15
        },
        "MS4_8": {
          "meanserv": 1.644233983226858,
          "stddevserv": 1.644233983226858,
          "rate": 0.6081859456751224,
          "cv": 1.0,
          "lambda": 0.15
        }
      },
      "sensors": [
        "S4"
      ],
      "sources": [
        {
          "startTime": 0,
          "stopTime": -1,
          "lambda": 0.15
        }
      ]
    }
  },
  "microservice": {
    "MS1_1": "F10",
    "MS1_2": "F10",
    "MS1_3": "F2",
    "MS1_4": "F4",
    "MS1_5": "F4",
    "MS1_6": "F9",
    "MS1_7": "F9",
    "MS1_8": "F4",
    "MS2_1": "F5",
    "MS2_2": "F9",
    "MS2_3": "F6",
    "MS2_4": "F6",
    "MS2_5": "F6",
    "MS2_6": "F10",
    "MS2_7": "F6",
    "MS2_8": "F5",
    "MS3_1": "F8",
    "MS3_2": "F8",
    "MS3_3": "F8",
    "MS3_4": "F8",
    "MS3_5": "F1",
    "MS3_6": "F3",
    "MS3_7": "F3",
    "MS3_8": "F5",
    "MS4_1": "F8",
    "MS4_2": "F7",
    "MS4_3": "F7",
    "MS4_4": "F10",
    "MS4_5": "F10",
    "MS4_6": "F3",
    "MS4_7": "F7",
    "MS4_8": "F9"
  },
  "sensor": {
    "S1": "F10",
    "S2": "F5",
    "S3": "F8",
    "S4": "F8"
  },
  "fog": {
    "F1": {
      "rho": 0.8232559365192119,
      "capacity": 1.0,
      "tserv": 5.48837291012808,
      "stddev": 5.488372910128079,
      "mu": 0.18220336270420506,
      "cv": 0.9999999999999999,
      "lambda": 0.15,
      "twait": 25.564284825811438
    },
    "F2": {
      "rho": 0.49303871548234235,
      "capacity": 1.0,
      "tserv": 3.2869247698822823,
      "stddev": 3.2869247698822823,
      "mu": 0.304235743136833,
      "cv": 1.0,
      "lambda": 0.15,
      "twait": 3.1966566598310107
    },
    "F3": {
      "rho": 0.5770040966037375,
      "capacity": 1.0,
      "tserv": 1.2822313257860836,
      "stddev": 2.1264319506717166,
      "mu": 0.7798904767725441,
      "cv": 1.658384027833736,
      "lambda": 0.44999999999999996,
      "twait": 3.2797285787775468
    },
    "F4": {
      "rho": 0.5483768791885746,
      "capacity": 1.0,
      "tserv": 1.2186152870857214,
      "stddev": 2.067359092892813,
      "mu": 0.8206035248347059,
      "cv": 1.6964821587269225,
      "lambda": 0.44999999999999996,
      "twait": 2.8691495820035993
    },
    "F5": {
      "rho": 0.5376267420546448,
      "capacity": 1.0,
      "tserv": 1.1947260934547663,
      "stddev": 1.7598554539477482,
      "mu": 0.8370119356046869,
      "cv": 1.4730200198932697,
      "lambda": 0.44999999999999996,
      "twait": 2.2016927998544813
    },
    "F6": {
      "rho": 0.5861660964789652,
      "capacity": 1.0,
      "tserv": 0.9769434941316087,
      "stddev": 1.5103430820837165,
      "mu": 1.0236006544973062,
      "cv": 1.545988167336371,
      "lambda": 0.6,
      "twait": 2.34554597058993
    },
    "F7": {
      "rho": 0.5389797771365721,
      "capacity": 1.0,
      "tserv": 1.1977328380812715,
      "stddev": 1.9473450620825128,
      "mu": 0.834910731513354,
      "cv": 1.6258592902922286,
      "lambda": 0.44999999999999996,
      "twait": 2.550888678372221
    },
    "F8": {
      "rho": 0.6366387684751489,
      "capacity": 1.0,
      "tserv": 0.8488516913001986,
      "stddev": 1.1681942191201289,
      "mu": 1.1780620928825452,
      "cv": 1.3762053266699494,
      "lambda": 0.75,
      "twait": 2.152018514734849
    },
    "F9": {
      "rho": 0.6242074396305874,
      "capacity": 1.0,
      "tserv": 1.0403457327176457,
      "stddev": 1.2624292472873555,
      "mu": 0.9612189184337283,
      "cv": 1.2134708756766575,
      "lambda": 0.6,
      "twait": 2.136322373194179
    },
    "F10": {
      "rho": 0.634705548430215,
      "capacity": 1.0,
      "tserv": 0.8462740645736201,
      "stddev": 1.177114113211987,
      "mu": 1.1816502972991758,
      "cv": 1.3909372418319998,
      "lambda": 0.75,
      "twait": 2.157619783363256
    }
  },
  "extra": {
    "deltatime": 0.033565,
    "obj_func": 40.9049545948615
  },
  "network": [
    [
      0.0,
      0.9475583411201595,
      1.1529727084676467,
      0.919679767532632,
      1.084680492630393,
      0.9532756316310337,
      1.5981608364333617,
      1.1686226898659897,
      1.4832585567888839,
      1.4832585567888839
    ],
    [
      0.9475583411201595,
      0.0,
      1.0552447100356586,
      1.2048444204985005,
      1.3952053704116985,
      1.2276755999911395,
      0.9046652583394872,
      1.4832585567888839,
      1.4428652051411257,
      1.4428652051411257
    ],
    [
      1.1529727084676467,
      1.0552447100356586,
      0.0,
      1.317151016433934,
      1.420197140799635,
      1.3532432897571316,
      1.1686226898659897,
      1.4428652051411257,
      1.2817200198891519,
      1.2817200198891519
    ],
    [
      0.919679767532632,
      1.2048444204985005,
      1.317151016433934,
      0.0,
      1.2457901806257434,
      1.5981608364333617,
      1.4832585567888839,
      1.2817200198891519,
      1.3151702198932231,
      1.3151702198932231
    ],
    [
      1.084680492630393,
      1.3952053704116985,
      1.420197140799635,
      1.2457901806257434,
      0.0,
      0.9046652583394872,
      1.4428652051411257,
      1.3151702198932231,
      1.2345965501338383,
      1.2345965501338383
    ],
    [
      0.9532756316310337,
      1.2276755999911395,
      1.3532432897571316,
      1.5981608364333617,
      0.9046652583394872,
      0.0,
      1.2817200198891519,
      1.2345965501338383,
      1.448721256235232,
      1.448721256235232
    ],
    [
      1.5981608364333617,
      0.9046652583394872,
      1.1686226898659897,
      1.4832585567888839,
      1.4428652051411257,
      1.2817200198891519,
      0.0,
      1.448721256235232,
      1.6372504817121643,
      1.6372504817121643
    ],
    [
      1.1686226898659897,
      1.4832585567888839,
      1.4428652051411257,
      1.2817200198891519,
      1.3151702198932231,
      1.2345965501338383,
      1.448721256235232,
      0.0,
      0.9156798621430835,
      0.9156798621430835
    ],
    [
      1.4832585567888839,
      1.4428652051411257,
      1.2817200198891519,
      1.3151702198932231,
      1.2345965501338383,
      1.448721256235232,
      1.6372504817121643,
      0.9156798621430835,
      0.0,
      1.4140926040490447
    ],
    [
      1.4832585567888839,
      1.4428652051411257,
      1.2817200198891519,
      1.3151702198932231,
      1.2345965501338383,
      1.448721256235232,
      1.6372504817121643,
      0.9156798621430835,
      1.4140926040490447,
      0.0
    ]
  ]
}