{
  "servicechain": {
    "SC1": {
      "resptime": 32.02014834441023,
      "resptime_old": 22.02014834441023,
      "waittime": 19.09555271781723,
      "servicetime": 10.0,
      "networktime": 2.924595626592999,
      "services": {
        "MS1_1": {
          "meanserv": 0.011850242963959978,
          "stddevserv": 0.011850242963959978,
          "rate": 84.38645545422905,
          "cv": 1.0,
          "lambda": 0.15
        },
        "MS1_2": {
          "meanserv": 1.8325827199514422,
          "stddevserv": 1.8325827199514422,
          "rate": 0.5456779599157723,
          "cv": 1.0,
          "lambda": 0.15
        },
        "MS1_3": {
          "meanserv": 0.7504690416322946,
          "stddevserv": 0.7504690416322946,
          "rate": 1.3325000026982692,
          "cv": 1.0,
          "lambda": 0.15
        },
        "MS1_4": {
          "meanserv": 0.031745431463007456,
          "stddevserv": 0.031745431463007456,
          "rate": 31.500595642093796,
          "cv": 1.0,
          "lambda": 0.15
        },
        "MS1_5": {
          "meanserv": 2.7560982320693235,
          "stddevserv": 2.7560982320693235,
          "rate": 0.36283177005965556,
          "cv": 1.0,
          "lambda": 0.15
        },
        "MS1_6": {
          "meanserv": 2.4462860571901537,
          "stddevserv": 2.4462860571901537,
          "rate": 0.408782937326887,
          "cv": 1.0,
          "lambda": 0.15
        },
        "MS1_7": {
          "meanserv": 2.1709682747298187,
          "stddevserv": 2.1709682747298187,
          "rate": 0.4606239582770743,
          "cv": 1.0,
          "lambda": 0.15
        }
      },
      "sensors": [
        "S1"
      ],
      "sources": [
        {
          "startTime": 0,
          "stopTime": -1,
          "lambda": 0.15
        }
      ]
    },
    "SC2": {
      "resptime": 29.06561351273425,
      "resptime_old": 19.065613512734252,
      "waittime": 14.138878575198039,
      "servicetime": 10.0,
      "networktime": 4.92673493753621,
      "services": {
        "MS2_1": {
          "meanserv": 2.6820825732229037,
          "stddevserv": 2.6820825732229037,
          "rate": 0.37284459844141105,
          "cv": 1.0,
          "lambda": 0.15
        },
        "MS2_2": {
          "meanserv": 3.018858588770541,
          "stddevserv": 3.018858588770541,
          "rate": 0.3312510243837753,
          "cv": 1.0,
          "lambda": 0.15
        },
        "MS2_3": {
          "meanserv": 1.4088734181908338,
          "stddevserv": 1.4088734181908338,
          "rate": 0.7097869738248895,
          "cv": 1.0,
          "lambda": 0.15
        },
        "MS2_4": {
          "meanserv": 0.654394275015715,
          "stddevserv": 0.654394275015715,
          "rate": 1.5281307281852143,
          "cv": 1.0,
          "lambda": 0.15
        },
        "MS2_5": {
          "meanserv": 0.8711805201002578,
          "stddevserv": 0.8711805201002578,
          "rate": 1.147867723080995,
          "cv": 1.0,
          "lambda": 0.15
        },
        "MS2_6": {
          "meanserv": 0.8348627578194723,
          "stddevserv": 0.8348627578194723,
          "rate": 1.1978016633678088,
          "cv": 1.0,
          "lambda": 0.15
        },
        "MS2_7": {
          "meanserv": 0.5297478668802764,
          "stddevserv": 0.5297478668802764,
          "rate": 1.8876904703535144,
          "cv": 1.0,
          "lambda": 0.15
        }
      },
      "sensors": [
        "S2"
      ],
      "sources": [
        {
          "startTime": 0,
          "stopTime": -1,
          "lambda": 0.15
        }
      ]
    },
    "SC3": {
      "resptime": 30.829886918073544,
      "resptime_old": 20.829886918073544,
      "waittime": 16.304542684481152,
      "servicetime": 10.0,
      "networktime": 4.525344233592392,
      "services": {
        "MS3_1": {
          "meanserv": 0.7729303584116498,
          "stddevserv": 0.7729303584116498,
          "rate": 1.2937776206060425,
          "cv": 1.0,
          "lambda": 0.15
        },
        "MS3_2": {
          "meanserv": 4.179081412712172,
          "stddevserv": 4.179081412712172,
          "rate": 0.2392870349350319,
          "cv": 1.0,
          "lambda": 0.15
        },
        "MS3_3": {
          "meanserv": 1.5314505245881032,
          "stddevserv": 1.5314505245881032,
          "rate": 0.6529757141641638,
          "cv": 1.0,
          "lambda": 0.15
        },
        "MS3_4": {
          "meanserv": 0.8202796604449762,
          "stddevserv": 0.8202796604449762,
          "rate": 1.2190964231120043,
          "cv": 1.0,
          "lambda": 0.15
        },
        "MS3_5": {
          "meanserv": 0.7779337806163715,
          "stddevserv": 0.7779337806163715,
          "rate": 1.2854564551852745,
          "cv": 1.0,
          "lambda": 0.15
        },
        "MS3_6": {
          "meanserv": 0.9226756761101473,
          "stddevserv": 0.9226756761101473,
          "rate": 1.0838044460170877,
          "cv": 1.0,
          "lambda": 0.15
        },
        "MS3_7": {
          "meanserv": 0.9956485871165803,
          "stddevserv": 0.9956485871165803,
          "rate": 1.004370430430702,
          "cv": 1.0,
          "lambda": 0.15
        }
      },
      "sensors": [
        "S3"
      ],
      "sources": [
        {
          "startTime": 0,
          "stopTime": -1,
          "lambda": 0.15
        }
      ]
    },
    "SC4": {
      "resptime": 39.8262030500361,
      "resptime_old": 29.8262030500361,
      "waittime": 23.91107696601913,
      "servicetime": 10.0,
      "networktime": 5.91512608401697,
      "services": {
        "MS4_1": {
          "meanserv": 4.67176276438384,
          "stddevserv": 4.67176276438384,
          "rate": 0.21405196505775273,
          "cv": 1.0,
          "lambda": 0.15
        },
        "MS4_2": {
          "meanserv": 0.1713123125323852,
          "stddevserv": 0.1713123125323852,
          "rate": 5.837292049927574,
          "cv": 1.0,
          "lambda": 0.15
        },
        "MS4_3": {
          "meanserv": 0.7228805204078537,
          "stddevserv": 0.7228805204078537,
          "rate": 1.3833544711314032,
          "cv": 1.0,
          "lambda": 0.15
        },
        "MS4_4": {
          "meanserv": 1.292249640058527,
          "stddevserv": 1.292249640058527,
          "rate": 0.7738442859652948,
          "cv": 1.0,
          "lambda": 0.15
        },
        "MS4_5": {
          "meanserv": 1.094031581697677,
          "stddevserv": 1.094031581697677,
          "rate": 0.9140503955546125,
          "cv": 1.0,
          "lambda": 0.15
        },
        "MS4_6": {
          "meanserv": 1.7400735587056486,
          "stddevserv": 1.7400735587056486,
          "rate": 0.5746883486602995,
          "cv": 1.0,
          "lambda": 0.15
        },
        "MS4_7": {
          "meanserv": 0.3076896222140686,
          "stddevserv": 0.3076896222140686,
          "rate": 3.25002836561147,
          "cv": 1.0,
          "lambda": 0.15
        }
      },
      "sensors": [
        "S4"
      ],
      "sources": [
        {
          "startTime": 0,
          "stopTime": -1,
          "lambda": 0.15
        }
      ]
    }
  },
  "microservice": {
    "MS1_1": "F10",
    "MS1_2": "F10",
    "MS1_3": "F10",
    "MS1_4": "F10",
    "MS1_5": "F1",
    "MS1_6": "F5",
    "MS1_7": "F5",
    "MS2_1": "F4",
    "MS2_2": "F6",
    "MS2_3": "F2",
    "MS2_4": "F9",
    "MS2_5": "F9",
    "MS2_6": "F8",
    "MS2_7": "F8",
    "MS3_1": "F10",
    "MS3_2": "F3",
    "MS3_3": "F8",
    "MS3_4": "F8",
    "MS3_5": "F2",
    "MS3_6": "F2",
    "MS3_7": "F2",
    "MS4_1": "F7",
    "MS4_2": "F9",
    "MS4_3": "F9",
    "MS4_4": "F9",
    "MS4_5": "F1",
    "MS4_6": "F4",
    "MS4_7": "F9"
  },
  "sensor": {
    "S1": "F10",
    "S2": "F4",
    "S3": "F10",
    "S4": "F7"
  },
  "fog": {
    "F1": {
      "rho": 0.57751947206505,
      "capacity": 1.0,
      "tserv": 1.9250649068835002,
      "stddev": 2.255461742272121,
      "mu": 0.5194630042988557,
      "cv": 1.1716289327218075,
      "lambda": 0.3,
      "twait": 3.121912840414307
    },
    "F2": {
      "rho": 0.61576971930509,
      "capacity": 1.0,
      "tserv": 1.0262828655084832,
      "stddev": 1.0784801221507883,
      "mu": 0.9743902325647217,
      "cv": 1.0508604970389361,
      "lambda": 0.6,
      "twait": 1.730505901228448
    },
    "F3": {
      "rho": 0.6268622119068258,
      "capacity": 1.0,
      "tserv": 4.179081412712172,
      "stddev": 4.179081412712172,
      "mu": 0.2392870349350319,
      "cv": 1.0,
      "lambda": 0.15,
      "twait": 7.020752927487744
    },
    "F4": {
      "rho": 0.6633234197892828,
      "capacity": 1.0,
      "tserv": 2.211078065964276,
      "stddev": 2.3092329257795132,
      "mu": 0.4522680656975758,
      "cv": 1.044392308587454,
      "lambda": 0.3,
      "twait": 4.553965223640685
    },
    "F5": {
      "rho": 0.6925881497879958,
      "capacity": 1.0,
      "tserv": 2.308627165959986,
      "stddev": 2.316820953823984,
      "mu": 0.43315785881094165,
      "cv": 1.0035492036067204,
      "lambda": 0.3,
      "twait": 5.219749360398232
    },
    "F6": {
      "rho": 0.45282878831558115,
      "capacity": 1.0,
      "tserv": 3.018858588770541,
      "stddev": 3.018858588770541,
      "mu": 0.3312510243837753,
      "cv": 1.0,
      "lambda": 0.15,
      "twait": 2.4983516085226394
    },
    "F7": {
      "rho": 0.700764414657576,
      "capacity": 1.0,
      "tserv": 4.67176276438384,
      "stddev": 4.67176276438384,
      "mu": 0.21405196505775273,
      "cv": 1.0,
      "lambda": 0.15,
      "twait": 10.940560746664506
    },
    "F8": {
      "rho": 0.5574511214599243,
      "capacity": 1.0,
      "tserv": 0.9290852024332071,
      "stddev": 1.0652298884978615,
      "mu": 1.076327550348528,
      "cv": 1.1465362764449387,
      "lambda": 0.6,
      "twait": 1.3543683820782264
    },
    "F9": {
      "rho": 0.6029560335493211,
      "capacity": 1.0,
      "tserv": 0.6699511483881345,
      "stddev": 0.8479720775976277,
      "mu": 1.4926461465226901,
      "cv": 1.2657222539849387,
      "lambda": 0.9,
      "twait": 1.3236595388249082
    },
    "F10": {
      "rho": 0.5099366691633531,
      "capacity": 1.0,
      "tserv": 0.6799155588844709,
      "stddev": 1.1600723821402874,
      "mu": 1.4707708728429274,
      "cv": 1.7062006700414445,
      "lambda": 0.75,
      "twait": 1.3835352891516146
    }
  },
  "extra": {
    "deltatime": 1.1472712,
    "conv": 25,
    "obj_func": 32.93546295631353
  },
  "network": [
    [
      0.0,
      1.6219208770429834,
      1.2874207402258266,
      1.4281278580928116,
      1.611803017029749,
      1.5018536381412724,
      1.3545672279334486,
      1.104015095625622,
      1.3127926095632498,
      1.3127926095632498
    ],
    [
      1.6219208770429834,
      0.0,
      1.0022799625220458,
      1.6087922214608297,
      1.6364361215563594,
      1.1272065451127846,
      1.5080016472085689,
      1.3127926095632498,
      1.3512898594912508,
      1.3512898594912508
    ],
    [
      1.2874207402258266,
      1.0022799625220458,
      0.0,
      2.058423999704413,
      1.0399904496496122,
      1.2164212351748382,
      1.104015095625622,
      1.3512898594912508,
      1.8612617645378917,
      1.8612617645378917
    ],
    [
      1.4281278580928116,
      1.6087922214608297,
      2.058423999704413,
      0.0,
      1.4704828490209232,
      1.3545672279334486,
      1.3127926095632498,
      1.8612617645378917,
      1.702251319937372,
      1.702251319937372
    ],
    [
      1.611803017029749,
      1.6364361215563594,
      1.0399904496496122,
      1.4704828490209232,
      0.0,
      1.5080016472085689,
      1.3512898594912508,
      1.702251319937372,
      1.3061915982025376,
      1.3061915982025376
    ],
    [
      1.5018536381412724,
      1.1272065451127846,
      1.2164212351748382,
      1.3545672279334486,
      1.5080016472085689,
      0.0,
      1.8612617645378917,
      1.3061915982025376,
      1.4263683914830458,
      1.4263683914830458
    ],
    [
      1.3545672279334486,
      1.5080016472085689,
      1.104015095625622,
      1.3127926095632498,
      1.3512898594912508,
      1.8612617645378917,
      0.0,
      1.4263683914830458,
      1.4719542964235364,
      1.4719542964235364
    ],
    [
      1.104015095625622,
      1.3127926095632498,
      1.3512898594912508,
      1.8612617645378917,
      1.702251319937372,
      1.3061915982025376,
      1.4263683914830458,
      0.0,
      1.0936713049987266,
      1.0936713049987266
    ],
    [
      1.3127926095632498,
      1.3512898594912508,
      1.8612617645378917,
      1.702251319937372,
      1.3061915982025376,
      1.4263683914830458,
      1.4719542964235364,
      1.0936713049987266,
      0.0,
      1.524880119568495
    ],
    [
      1.3127926095632498,
      1.3512898594912508,
      1.8612617645378917,
      1.702251319937372,
      1.3061915982025376,
      1.4263683914830458,
      1.4719542964235364,
      1.0936713049987266,
      1.524880119568495,
      0.0
    ]
  ]
}