{
  "servicechain": {
    "SC1": {
      "resptime": 35.83021584755642,
      "resptime_old": 25.830215847556417,
      "waittime": 20.36265486402163,
      "servicetime": 10.0,
      "networktime": 5.467560983534791,
      "services": {
        "MS1_1": {
          "meanserv": 1.3592784409870906,
          "stddevserv": 1.3592784409870906,
          "rate": 0.7356844409845953,
          "cv": 1.0,
          "lambda": 0.225
        },
        "MS1_2": {
          "meanserv": 0.44635100002740735,
          "stddevserv": 0.44635100002740735,
          "rate": 2.240389289905471,
          "cv": 1.0,
          "lambda": 0.225
        },
        "MS1_3": {
          "meanserv": 0.21842999441035627,
          "stddevserv": 0.21842999441035627,
          "rate": 4.578125832486803,
          "cv": 1.0,
          "lambda": 0.225
        },
        "MS1_4": {
          "meanserv": 1.5488568797997782,
          "stddevserv": 1.5488568797997782,
          "rate": 0.6456374459396602,
          "cv": 1.0,
          "lambda": 0.225
        },
        "MS1_5": {
          "meanserv": 0.24393718054172364,
          "stddevserv": 0.24393718054172364,
          "rate": 4.099416078267566,
          "cv": 1.0,
          "lambda": 0.225
        },
        "MS1_6": {
          "meanserv": 0.9638890543324674,
          "stddevserv": 0.9638890543324674,
          "rate": 1.0374637988731399,
          "cv": 1.0,
          "lambda": 0.225
        },
        "MS1_7": {
          "meanserv": 0.9596923979335648,
          "stddevserv": 0.9596923979335648,
          "rate": 1.0420005432503443,
          "cv": 1.0,
          "lambda": 0.225
        },
        "MS1_8": {
          "meanserv": 0.8576100465351901,
          "stddevserv": 0.8576100465351901,
          "rate": 1.1660311164031674,
          "cv": 1.0,
          "lambda": 0.225
        },
        "MS1_9": {
          "meanserv": 0.25632665943783195,
          "stddevserv": 0.25632665943783195,
          "rate": 3.9012719246338654,
          "cv": 1.0,
          "lambda": 0.225
        },
        "MS1_10": {
          "meanserv": 3.1456283459945897,
          "stddevserv": 3.1456283459945897,
          "rate": 0.31790150965333397,
          "cv": 1.0,
          "lambda": 0.225
        }
      },
      "sensors": [
        "S1"
      ],
      "sources": [
        {
          "startTime": 0,
          "stopTime": -1,
          "lambda": 0.225
        }
      ]
    },
    "SC2": {
      "resptime": 32.17435674221222,
      "resptime_old": 22.174356742212225,
      "waittime": 17.657912853158994,
      "servicetime": 10.0,
      "networktime": 4.516443889053227,
      "services": {
        "MS2_1": {
          "meanserv": 1.5419726178297077,
          "stddevserv": 1.5419726178297077,
          "rate": 0.6485199467468351,
          "cv": 1.0,
          "lambda": 0.225
        },
        "MS2_2": {
          "meanserv": 2.282686216866651,
          "stddevserv": 2.282686216866651,
          "rate": 0.4380803601524605,
          "cv": 1.0,
          "lambda": 0.225
        },
        "MS2_3": {
          "meanserv": 0.43975682633067326,
          "stddevserv": 0.43975682633067326,
          "rate": 2.2739840296374485,
          "cv": 1.0,
          "lambda": 0.225
        },
        "MS2_4": {
          "meanserv": 0.7722154492742064,
          "stddevserv": 0.7722154492742064,
          "rate": 1.2949753866487455,
          "cv": 1.0,
          "lambda": 0.225
        },
        "MS2_5": {
          "meanserv": 0.2915899556039525,
          "stddevserv": 0.2915899556039525,
          "rate": 3.4294734121714203,
          "cv": 1.0,
          "lambda": 0.225
        },
        "MS2_6": {
          "meanserv": 1.5898385834171576,
          "stddevserv": 1.5898385834171576,
          "rate": 0.628994673063366,
          "cv": 1.0,
          "lambda": 0.225
        },
        "MS2_7": {
          "meanserv": 0.6047007465134078,
          "stddevserv": 0.6047007465134078,
          "rate": 1.653710543216317,
          "cv": 1.0,
          "lambda": 0.225
        },
        "MS2_8": {
          "meanserv": 0.9866428993223915,
          "stddevserv": 0.9866428993223915,
          "rate": 1.013537928146832,
          "cv": 1.0,
          "lambda": 0.225
        },
        "MS2_9": {
          "meanserv": 0.25691902925290755,
          "stddevserv": 0.25691902925290755,
          "rate": 3.892276889368182,
          "cv": 1.0,
          "lambda": 0.225
        },
        "MS2_10": {
          "meanserv": 1.233677675588945,
          "stddevserv": 1.233677675588945,
          "rate": 0.8105844985179053,
          "cv": 1.0,
          "lambda": 0.225
        }
      },
      "sensors": [
        "S2"
      ],
      "sources": [
        {
          "startTime": 0,
          "stopTime": -1,
          "lambda": 0.225
        }
      ]
    },
    "SC3": {
      "resptime": 33.090859719929874,
      "resptime_old": 23.090859719929874,
      "waittime": 18.814228004731333,
      "servicetime": 10.0,
      "networktime": 4.276631715198542,
      "services": {
        "MS3_1": {
          "meanserv": 0.021636459412649467,
          "stddevserv": 0.021636459412649467,
          "rate": 46.21828280348694,
          "cv": 1.0,
          "lambda": 0.225
        },
        "MS3_2": {
          "meanserv": 0.1844414272041328,
          "stddevserv": 0.1844414272041328,
          "rate": 5.421775439273942,
          "cv": 1.0,
          "lambda": 0.225
        },
        "MS3_3": {
          "meanserv": 2.048065111769964,
          "stddevserv": 2.048065111769964,
          "rate": 0.4882657266378544,
          "cv": 1.0,
          "lambda": 0.225
        },
        "MS3_4": {
          "meanserv": 0.5577371498477759,
          "stddevserv": 0.5577371498477759,
          "rate": 1.7929592824737093,
          "cv": 1.0,
          "lambda": 0.225
        },
        "MS3_5": {
          "meanserv": 2.5163486214633664,
          "stddevserv": 2.5163486214633664,
          "rate": 0.39740121518553995,
          "cv": 1.0,
          "lambda": 0.225
        },
        "MS3_6": {
          "meanserv": 2.113204929804085,
          "stddevserv": 2.113204929804085,
          "rate": 0.4732148718263259,
          "cv": 1.0,
          "lambda": 0.225
        },
        "MS3_7": {
          "meanserv": 0.31254735039488146,
          "stddevserv": 0.31254735039488146,
          "rate": 3.1995152054131024,
          "cv": 1.0,
          "lambda": 0.225
        },
        "MS3_8": {
          "meanserv": 1.867026498105436,
          "stddevserv": 1.867026498105436,
          "rate": 0.5356110376659086,
          "cv": 1.0,
          "lambda": 0.225
        },
        "MS3_9": {
          "meanserv": 0.20684620682055588,
          "stddevserv": 0.20684620682055588,
          "rate": 4.834509732477349,
          "cv": 1.0,
          "lambda": 0.225
        },
        "MS3_10": {
          "meanserv": 0.17214624517715293,
          "stddevserv": 0.17214624517715293,
          "rate": 5.809014300433425,
          "cv": 1.0,
          "lambda": 0.225
        }
      },
      "sensors": [
        "S3"
      ],
      "sources": [
        {
          "startTime": 0,
          "stopTime": -1,
          "lambda": 0.225
        }
      ]
    },
    "SC4": {
      "resptime": 33.01218467547398,
      "resptime_old": 23.012184675473986,
      "waittime": 18.889765737221392,
      "servicetime": 10.0,
      "networktime": 4.122418938252592,
      "services": {
        "MS4_1": {
          "meanserv": 0.12985656438065152,
          "stddevserv": 0.12985656438065152,
          "rate": 7.700804381892294,
          "cv": 1.0,
          "lambda": 0.225
        },
        "MS4_2": {
          "meanserv": 3.2871524613759426,
          "stddevserv": 3.2871524613759426,
          "rate": 0.3042146696114661,
          "cv": 1.0,
          "lambda": 0.225
        },
        "MS4_3": {
          "meanserv": 0.8470466921257733,
          "stddevserv": 0.8470466921257733,
          "rate": 1.1805724634734958,
          "cv": 1.0,
          "lambda": 0.225
        },
        "MS4_4": {
          "meanserv": 1.0086393614677904,
          "stddevserv": 1.0086393614677904,
          "rate": 0.9914346377924234,
          "cv": 1.0,
          "lambda": 0.225
        },
        "MS4_5": {
          "meanserv": 1.3084750175415714,
          "stddevserv": 1.3084750175415714,
          "rate": 0.7642484469278216,
          "cv": 1.0,
          "lambda": 0.225
        },
        "MS4_6": {
          "meanserv": 0.13772866259685657,
          "stddevserv": 0.13772866259685657,
          "rate": 7.260652802003055,
          "cv": 1.0,
          "lambda": 0.225
        },
        "MS4_7": {
          "meanserv": 0.6579762748577265,
          "stddevserv": 0.6579762748577265,
          "rate": 1.5198116379138882,
          "cv": 1.0,
          "lambda": 0.225
        },
        "MS4_8": {
          "meanserv": 1.0832729767936726,
          "stddevserv": 1.0832729767936726,
          "rate": 0.923128353999794,
          "cv": 1.0,
          "lambda": 0.225
        },
        "MS4_9": {
          "meanserv": 0.7054019288284596,
          "stddevserv": 0.7054019288284596,
          "rate": 1.4176315078423622,
          "cv": 1.0,
          "lambda": 0.225
        },
        "MS4_10": {
          "meanserv": 0.8344500600315552,
          "stddevserv": 0.8344500600315552,
          "rate": 1.1983940656223147,
          "cv": 1.0,
          "lambda": 0.225
        }
      },
      "sensors": [
        "S4"
      ],
      "sources": [
        {
          "startTime": 0,
          "stopTime": -1,
          "lambda": 0.225
        }
      ]
    }
  },
  "microservice": {
    "MS1_1": "F6",
    "MS1_2": "F6",
    "MS1_3": "F6",
    "MS1_4": "F4",
    "MS1_5": "F1",
    "MS1_6": "F7",
    "MS1_7": "F9",
    "MS1_8": "F1",
    "MS1_9": "F1",
    "MS1_10": "F2",
    "MS2_1": "F4",
    "MS2_2": "F5",
    "MS2_3": "F14",
    "MS2_4": "F14",
    "MS2_5": "F14",
    "MS2_6": "F3",
    "MS2_7": "F9",
    "MS2_8": "F9",
    "MS2_9": "F9",
    "MS2_10": "F3",
    "MS3_1": "F6",
    "MS3_2": "F6",
    "MS3_3": "F11",
    "MS3_4": "F11",
    "MS3_5": "F10",
    "MS3_6": "F8",
    "MS3_7": "F8",
    "MS3_8": "F7",
    "MS3_9": "F1",
    "MS3_10": "F1",
    "MS4_1": "F14",
    "MS4_2": "F12",
    "MS4_3": "F14",
    "MS4_4": "F13",
    "MS4_5": "F13",
    "MS4_6": "F1",
    "MS4_7": "F1",
    "MS4_8": "F15",
    "MS4_9": "F15",
    "MS4_10": "F15"
  },
  "sensor": {
    "S1": "F6",
    "S2": "F4",
    "S3": "F6",
    "S4": "F14"
  },
  "fog": {
    "F1": {
      "rho": 0.5698285370925834,
      "capacity": 1.0,
      "tserv": 0.36179589656671957,
      "stddev": 0.5146117522350503,
      "mu": 2.7639893362239607,
      "cv": 1.422381395473206,
      "lambda": 1.5750000000000002,
      "twait": 0.724433694098718
    },
    "F2": {
      "rho": 0.7077663778487827,
      "capacity": 1.0,
      "tserv": 3.1456283459945897,
      "stddev": 3.1456283459945897,
      "mu": 0.31790150965333397,
      "cv": 1.0,
      "lambda": 0.225,
      "twait": 7.618459382305454
    },
    "F3": {
      "rho": 0.6352911582763732,
      "capacity": 1.0,
      "tserv": 1.4117581295030512,
      "stddev": 1.4340454359435277,
      "mu": 0.7083366329556798,
      "cv": 1.0157869156016985,
      "lambda": 0.45,
      "twait": 2.4982891684823865
    },
    "F4": {
      "rho": 0.6954366369666342,
      "capacity": 1.0,
      "tserv": 1.5454147488147427,
      "stddev": 1.545422415518027,
      "mu": 0.6470754862194443,
      "cv": 1.0000049609357553,
      "lambda": 0.45,
      "twait": 3.528800564354789
    },
    "F5": {
      "rho": 0.5136043987949965,
      "capacity": 1.0,
      "tserv": 2.282686216866651,
      "stddev": 2.282686216866651,
      "mu": 0.4380803601524605,
      "cv": 1.0,
      "lambda": 0.225,
      "twait": 2.4103788750286936
    },
    "F6": {
      "rho": 0.5017808974593683,
      "capacity": 1.0,
      "tserv": 0.44602746440832736,
      "stddev": 0.8078896674038054,
      "mu": 2.2420144044863664,
      "cv": 1.8113002715550313,
      "lambda": 1.125,
      "twait": 0.9615041710883234
    },
    "F7": {
      "rho": 0.6369559992985283,
      "capacity": 1.0,
      "tserv": 1.4154577762189517,
      "stddev": 1.5528520011356801,
      "mu": 0.7064852211072341,
      "cv": 1.0970669893691518,
      "lambda": 0.45,
      "twait": 2.7361580418926206
    },
    "F8": {
      "rho": 0.5457942630447674,
      "capacity": 1.0,
      "tserv": 1.2128761400994832,
      "stddev": 1.7584801364714153,
      "mu": 0.8244864969624824,
      "cv": 1.4498431276974253,
      "lambda": 0.45,
      "twait": 2.260533330644185
    },
    "F9": {
      "rho": 0.6317898914300112,
      "capacity": 1.0,
      "tserv": 0.701988768255568,
      "stddev": 0.8187086259307887,
      "mu": 1.4245242163702785,
      "cv": 1.1662702637896443,
      "lambda": 0.9,
      "twait": 1.4214232799076416
    },
    "F10": {
      "rho": 0.5661784398292574,
      "capacity": 1.0,
      "tserv": 2.5163486214633664,
      "stddev": 2.5163486214633664,
      "mu": 0.39740121518553995,
      "cv": 1.0,
      "lambda": 0.225,
      "twait": 3.284074530564825
    },
    "F11": {
      "rho": 0.5863055088639915,
      "capacity": 1.0,
      "tserv": 1.30290113080887,
      "stddev": 1.6757356813371864,
      "mu": 0.7675179461845871,
      "cv": 1.286157208488147,
      "lambda": 0.45,
      "twait": 2.450526520305719
    },
    "F12": {
      "rho": 0.7396093038095871,
      "capacity": 1.0,
      "tserv": 3.2871524613759426,
      "stddev": 3.2871524613759426,
      "mu": 0.3042146696114661,
      "cv": 1.0,
      "lambda": 0.225,
      "twait": 9.336771931729812
    },
    "F13": {
      "rho": 0.5213507352771064,
      "capacity": 1.0,
      "tserv": 1.158557189504681,
      "stddev": 1.1777968719943106,
      "mu": 0.863142544070294,
      "cv": 1.0166065884912037,
      "lambda": 0.45,
      "twait": 1.2830450137385412
    },
    "F14": {
      "rho": 0.5581047347359328,
      "capacity": 1.0,
      "tserv": 0.49609309754305136,
      "stddev": 0.6304942159895259,
      "mu": 2.0157506825888043,
      "cv": 1.2709191462491798,
      "lambda": 1.125,
      "twait": 0.8192950790292716
    },
    "F15": {
      "rho": 0.5902031172720796,
      "capacity": 1.0,
      "tserv": 0.8743749885512291,
      "stddev": 0.9020649256851597,
      "mu": 1.143674067869807,
      "cv": 1.0316682630410217,
      "lambda": 0.675,
      "twait": 1.2998154105861728
    }
  },
  "extra": {
    "deltatime": 6.2779856,
    "conv": 9,
    "obj_func": 33.52690424629312
  },
  "network": [
    [
      0.0,
      1.1857159380336262,
      0.9104961808840087,
      0.7773373529898046,
      1.199353312451319,
      1.3421453806874393,
      0.9544074872496617,
      0.9398862302527884,
      0.9765657343501456,
      0.912237015945033,
      1.290451813916513,
      0.6690515418619285,
      0.764122013179518,
      0.88707687790581,
      0.88707687790581
    ],
    [
      1.1857159380336262,
      0.0,
      1.2497540496220454,
      0.5637946223569894,
      0.9198886736578006,
      0.9743176947970943,
      0.9114708589467031,
      1.075459946977786,
      1.3144851469476426,
      0.7387606425405379,
      0.8440811027845315,
      0.9451095499496063,
      0.88707687790581,
      1.2009516067230839,
      1.2009516067230839
    ],
    [
      0.9104961808840087,
      1.2497540496220454,
      0.0,
      0.921663554288787,
      1.313576104094443,
      0.8289376364252004,
      0.5417934341485897,
      0.982409101020436,
      1.0041209587414188,
      0.7945997967819475,
      0.9609544455775854,
      0.764122013179518,
      1.2009516067230839,
      1.0210821327479953,
      1.0210821327479953
    ],
    [
      0.7773373529898046,
      0.5637946223569894,
      0.921663554288787,
      0.0,
      0.653121079198008,
      0.8347738283710158,
      1.2379840597922243,
      1.1006569632425713,
      1.0356628558958652,
      0.9499069662697213,
      0.6690515418619285,
      0.88707687790581,
      1.0210821327479953,
      0.9124849385572885,
      0.9124849385572885
    ],
    [
      1.199353312451319,
      0.9198886736578006,
      1.313576104094443,
      0.653121079198008,
      0.0,
      1.36480575631926,
      1.31966888058696,
      1.2076231730206546,
      1.2476919166401064,
      1.290451813916513,
      0.9451095499496063,
      1.2009516067230839,
      0.9124849385572885,
      0.833998759624386,
      0.833998759624386
    ],
    [
      1.3421453806874393,
      0.9743176947970943,
      0.8289376364252004,
      0.8347738283710158,
      1.36480575631926,
      0.0,
      1.195274616624833,
      0.814374573279637,
      0.912237015945033,
      0.8440811027845315,
      0.764122013179518,
      1.0210821327479953,
      0.833998759624386,
      1.395233814678654,
      1.395233814678654
    ],
    [
      0.9544074872496617,
      0.9114708589467031,
      0.5417934341485897,
      1.2379840597922243,
      1.31966888058696,
      1.195274616624833,
      0.0,
      0.9765657343501456,
      0.7387606425405379,
      0.9609544455775854,
      0.88707687790581,
      0.9124849385572885,
      1.395233814678654,
      1.0899855417821578,
      1.0899855417821578
    ],
    [
      0.9398862302527884,
      1.075459946977786,
      0.982409101020436,
      1.1006569632425713,
      1.2076231730206546,
      0.814374573279637,
      0.9765657343501456,
      0.0,
      0.7945997967819475,
      0.6690515418619285,
      1.2009516067230839,
      0.833998759624386,
      1.0899855417821578,
      0.8582705226658781,
      0.8582705226658781
    ],
    [
      0.9765657343501456,
      1.3144851469476426,
      1.0041209587414188,
      1.0356628558958652,
      1.2476919166401064,
      0.912237015945033,
      0.7387606425405379,
      0.7945997967819475,
      0.0,
      0.9451095499496063,
      1.0210821327479953,
      1.395233814678654,
      0.8582705226658781,
      1.1283583758843632,
      1.1283583758843632
    ],
    [
      0.912237015945033,
      0.7387606425405379,
      0.7945997967819475,
      0.9499069662697213,
      1.290451813916513,
      0.8440811027845315,
      0.9609544455775854,
      0.6690515418619285,
      0.9451095499496063,
      0.0,
      0.9124849385572885,
      1.0899855417821578,
      1.1283583758843632,
      1.4018491621113987,
      1.4018491621113987
    ],
    [
      1.290451813916513,
      0.8440811027845315,
      0.9609544455775854,
      0.6690515418619285,
      0.9451095499496063,
      0.764122013179518,
      0.88707687790581,
      1.2009516067230839,
      1.0210821327479953,
      0.9124849385572885,
      0.0,
      0.8582705226658781,
      1.4018491621113987,
      0.8412317287058956,
      0.8412317287058956
    ],
    [
      0.6690515418619285,
      0.9451095499496063,
      0.764122013179518,
      0.88707687790581,
      1.2009516067230839,
      1.0210821327479953,
      0.9124849385572885,
      0.833998759624386,
      1.395233814678654,
      1.0899855417821578,
      0.8582705226658781,
      0.0,
      0.8412317287058956,
      0.7693123325620316,
      0.7693123325620316
    ],
    [
      0.764122013179518,
      0.88707687790581,
      1.2009516067230839,
      1.0210821327479953,
      0.9124849385572885,
      0.833998759624386,
      1.395233814678654,
      1.0899855417821578,
      0.8582705226658781,
      1.1283583758843632,
      1.4018491621113987,
      0.8412317287058956,
      0.0,
      0.9325953820432007,
      0.9325953820432007
    ],
    [
      0.88707687790581,
      1.2009516067230839,
      1.0210821327479953,
      0.9124849385572885,
      0.833998759624386,
      1.395233814678654,
      1.0899855417821578,
      0.8582705226658781,
      1.1283583758843632,
      1.4018491621113987,
      0.8412317287058956,
      0.7693123325620316,
      0.9325953820432007,
      0.0,
      1.0890245165483436
    ],
    [
      0.88707687790581,
      1.2009516067230839,
      1.0210821327479953,
      0.9124849385572885,
      0.833998759624386,
      1.395233814678654,
      1.0899855417821578,
      0.8582705226658781,
      1.1283583758843632,
      1.4018491621113987,
      0.8412317287058956,
      0.7693123325620316,
      0.9325953820432007,
      1.0890245165483436,
      0.0
    ]
  ]
}