{
  "servicechain": {
    "SC1": {
      "resptime": 16.663326361331038,
      "resptime_old": 6.663326361331037,
      "waittime": 4.288745208930734,
      "servicetime": 10.0,
      "networktime": 2.3745811524003035,
      "services": {
        "MS1_1": {
          "meanserv": 0.2173188149979599,
          "stddevserv": 0.2173188149979599,
          "rate": 4.601534386285824,
          "cv": 1.0,
          "lambda": 0.075
        },
        "MS1_2": {
          "meanserv": 0.9201425083040815,
          "stddevserv": 0.9201425083040815,
          "rate": 1.086788177891166,
          "cv": 1.0,
          "lambda": 0.075
        },
        "MS1_3": {
          "meanserv": 0.5869281997300058,
          "stddevserv": 0.5869281997300058,
          "rate": 1.7037859153130015,
          "cv": 1.0,
          "lambda": 0.075
        },
        "MS1_4": {
          "meanserv": 3.408345530298204,
          "stddevserv": 3.408345530298204,
          "rate": 0.2933974830634345,
          "cv": 1.0,
          "lambda": 0.075
        },
        "MS1_5": {
          "meanserv": 4.867264946669748,
          "stddevserv": 4.867264946669748,
          "rate": 0.20545419469803347,
          "cv": 1.0,
          "lambda": 0.075
        }
      },
      "sensors": [
        "S1"
      ],
      "sources": [
        {
          "startTime": 0,
          "stopTime": -1,
          "lambda": 0.075
        }
      ]
    },
    "SC2": {
      "resptime": 17.368664016832383,
      "resptime_old": 7.368664016832383,
      "waittime": 3.925171778965944,
      "servicetime": 10.0,
      "networktime": 3.4434922378664403,
      "services": {
        "MS2_1": {
          "meanserv": 0.7070145257376825,
          "stddevserv": 0.7070145257376825,
          "rate": 1.4143980973469015,
          "cv": 1.0,
          "lambda": 0.075
        },
        "MS2_2": {
          "meanserv": 2.528290304490315,
          "stddevserv": 2.528290304490315,
          "rate": 0.3955241999797143,
          "cv": 1.0,
          "lambda": 0.075
        },
        "MS2_3": {
          "meanserv": 2.568182603322394,
          "stddevserv": 2.568182603322394,
          "rate": 0.38938041193267364,
          "cv": 1.0,
          "lambda": 0.075
        },
        "MS2_4": {
          "meanserv": 1.0231286505350452,
          "stddevserv": 1.0231286505350452,
          "rate": 0.9773941913141128,
          "cv": 1.0,
          "lambda": 0.075
        },
        "MS2_5": {
          "meanserv": 3.173383915914563,
          "stddevserv": 3.173383915914563,
          "rate": 0.31512102742595577,
          "cv": 1.0,
          "lambda": 0.075
        }
      },
      "sensors": [
        "S2"
      ],
      "sources": [
        {
          "startTime": 0,
          "stopTime": -1,
          "lambda": 0.075
        }
      ]
    },
    "SC3": {
      "resptime": 19.44568407190469,
      "resptime_old": 9.44568407190469,
      "waittime": 8.171505172026228,
      "servicetime": 10.0,
      "networktime": 1.2741788998784618,
      "services": {
        "MS3_1": {
          "meanserv": 1.5145161748735991,
          "stddevserv": 1.5145161748735991,
          "rate": 0.6602768703235933,
          "cv": 1.0,
          "lambda": 0.075
        },
        "MS3_2": {
          "meanserv": 0.3471086901531306,
          "stddevserv": 0.3471086901531306,
          "rate": 2.880941988398042,
          "cv": 1.0,
          "lambda": 0.075
        },
        "MS3_3": {
          "meanserv": 1.3908428927803782,
          "stddevserv": 1.3908428927803782,
          "rate": 0.7189884674903433,
          "cv": 1.0,
          "lambda": 0.075
        },
        "MS3_4": {
          "meanserv": 2.7360726555101857,
          "stddevserv": 2.7360726555101857,
          "rate": 0.36548737036865475,
          "cv": 1.0,
          "lambda": 0.075
        },
        "MS3_5": {
          "meanserv": 4.011459586682706,
          "stddevserv": 4.011459586682706,
          "rate": 0.2492858218788524,
          "cv": 1.0,
          "lambda": 0.075
        }
      },
      "sensors": [
        "S3"
      ],
      "sources": [
        {
          "startTime": 0,
          "stopTime": -1,
          "lambda": 0.075
        }
      ]
    },
    "SC4": {
      "resptime": 19.780030677513206,
      "resptime_old": 9.780030677513206,
      "waittime": 7.620302246743439,
      "servicetime": 10.0,
      "networktime": 2.159728430769767,
      "services": {
        "MS4_1": {
          "meanserv": 1.685188853665024,
          "stddevserv": 1.685188853665024,
          "rate": 0.5934053016225187,
          "cv": 1.0,
          "lambda": 0.075
        },
        "MS4_2": {
          "meanserv": 0.3686420764332008,
          "stddevserv": 0.3686420764332008,
          "rate": 2.7126583315597275,
          "cv": 1.0,
          "lambda": 0.075
        },
        "MS4_3": {
          "meanserv": 1.866978572330587,
          "stddevserv": 1.866978572330587,
          "rate": 0.5356247869260116,
          "cv": 1.0,
          "lambda": 0.075
        },
        "MS4_4": {
          "meanserv": 0.11090593649372416,
          "stddevserv": 0.11090593649372416,
          "rate": 9.016649889220195,
          "cv": 1.0,
          "lambda": 0.075
        },
        "MS4_5": {
          "meanserv": 5.968284561077464,
          "stddevserv": 5.968284561077464,
          "rate": 0.1675523326286353,
          "cv": 1.0,
          "lambda": 0.075
        }
      },
      "sensors": [
        "S4"
      ],
      "sources": [
        {
          "startTime": 0,
          "stopTime": -1,
          "lambda": 0.075
        }
      ]
    }
  },
  "microservice": {
    "MS1_1": "F6",
    "MS1_2": "F6",
    "MS1_3": "F6",
    "MS1_4": "F2",
    "MS1_5": "F8",
    "MS2_1": "F1",
    "MS2_2": "F1",
    "MS2_3": "F10",
    "MS2_4": "F10",
    "MS2_5": "F5",
    "MS3_1": "F7",
    "MS3_2": "F7",
    "MS3_3": "F7",
    "MS3_4": "F7",
    "MS3_5": "F4",
    "MS4_1": "F3",
    "MS4_2": "F3",
    "MS4_3": "F3",
    "MS4_4": "F3",
    "MS4_5": "F9"
  },
  "sensor": {
    "S1": "F6",
    "S2": "F1",
    "S3": "F7",
    "S4": "F3"
  },
  "fog": {
    "F1": {
      "rho": 0.2426478622670998,
      "capacity": 1.0,
      "tserv": 1.6176524151139988,
      "stddev": 2.0676851953959665,
      "mu": 0.618179771288833,
      "cv": 1.2782011611871844,
      "lambda": 0.15,
      "twait": 0.6825214843931515
    },
    "F2": {
      "rho": 0.2556259147723653,
      "capacity": 1.0,
      "tserv": 3.408345530298204,
      "stddev": 3.408345530298204,
      "mu": 0.2933974830634345,
      "cv": 1.0,
      "lambda": 0.075,
      "twait": 1.1704618166232146
    },
    "F3": {
      "rho": 0.30237865791919016,
      "capacity": 1.0,
      "tserv": 1.007928859730634,
      "stddev": 1.490272860379792,
      "mu": 0.9921335125449697,
      "cv": 1.4785496476190423,
      "lambda": 0.3,
      "twait": 0.6959722107285072
    },
    "F4": {
      "rho": 0.300859469001203,
      "capacity": 1.0,
      "tserv": 4.011459586682706,
      "stddev": 4.011459586682706,
      "mu": 0.2492858218788524,
      "cv": 1.0,
      "lambda": 0.075,
      "twait": 1.7262417892508377
    },
    "F5": {
      "rho": 0.23800379369359223,
      "capacity": 1.0,
      "tserv": 3.173383915914563,
      "stddev": 3.173383915914563,
      "mu": 0.31512102742595577,
      "cv": 1.0,
      "lambda": 0.075,
      "twait": 0.9911826392088197
    },
    "F6": {
      "rho": 0.12932921422740354,
      "capacity": 1.0,
      "tserv": 0.5747965076773491,
      "stddev": 0.7036987408076624,
      "mu": 1.7397461304015622,
      "cv": 1.2242571612885824,
      "lambda": 0.22499999999999998,
      "twait": 0.10667416733292037
    },
    "F7": {
      "rho": 0.449140530998797,
      "capacity": 1.0,
      "tserv": 1.4971351033293234,
      "stddev": 1.9172837792199702,
      "mu": 0.6679423906207287,
      "cv": 1.2806351109905323,
      "lambda": 0.3,
      "twait": 1.6113158456938477
    },
    "F8": {
      "rho": 0.36504487100023114,
      "capacity": 1.0,
      "tserv": 4.867264946669748,
      "stddev": 4.867264946669748,
      "mu": 0.20545419469803347,
      "cv": 1.0,
      "lambda": 0.075,
      "twait": 2.798260890308758
    },
    "F9": {
      "rho": 0.44762134208080984,
      "capacity": 1.0,
      "tserv": 5.968284561077464,
      "stddev": 5.968284561077464,
      "mu": 0.1675523326286353,
      "cv": 1.0,
      "lambda": 0.075,
      "twait": 4.836413403829409
    },
    "F10": {
      "rho": 0.2693483440393079,
      "capacity": 1.0,
      "tserv": 1.7956556269287194,
      "stddev": 2.1018979492431784,
      "mu": 0.5568996554814885,
      "cv": 1.1705462437907732,
      "lambda": 0.15,
      "twait": 0.7844730854854105
    }
  },
  "extra": {
    "deltatime": 0.6355278,
    "conv": 21,
    "obj_func": 18.31442628189533
  },
  "network": [
    [
      0.0,
      1.876870371441509,
      1.619983611437624,
      1.8579818055102955,
      1.524033313992409,
      1.7647916733734252,
      2.288783033037483,
      2.6462679956189277,
      1.2741788998784618,
      1.2741788998784618
    ],
    [
      1.876870371441509,
      0.0,
      2.639479024760922,
      2.0410746752529616,
      2.1550770217296615,
      1.1004022525218418,
      2.0979927348043232,
      1.2741788998784618,
      2.1550313834690082,
      2.1550313834690082
    ],
    [
      1.619983611437624,
      2.639479024760922,
      0.0,
      1.7907845660291901,
      1.6661366216020599,
      2.4084555350953862,
      2.6462679956189277,
      2.1550313834690082,
      2.159728430769767,
      2.159728430769767
    ],
    [
      1.8579818055102955,
      2.0410746752529616,
      1.7907845660291901,
      0.0,
      1.620051149276724,
      2.288783033037483,
      1.2741788998784618,
      2.159728430769767,
      2.180926078912994,
      2.180926078912994
    ],
    [
      1.524033313992409,
      2.1550770217296615,
      1.6661366216020599,
      1.620051149276724,
      0.0,
      2.0979927348043232,
      2.1550313834690082,
      2.180926078912994,
      2.1693133379879783,
      2.1693133379879783
    ],
    [
      1.7647916733734252,
      1.1004022525218418,
      2.4084555350953862,
      2.288783033037483,
      2.0979927348043232,
      0.0,
      2.159728430769767,
      2.1693133379879783,
      2.4303006525627677,
      2.4303006525627677
    ],
    [
      2.288783033037483,
      2.0979927348043232,
      2.6462679956189277,
      1.2741788998784618,
      2.1550313834690082,
      2.159728430769767,
      0.0,
      2.4303006525627677,
      1.8558683672643483,
      1.8558683672643483
    ],
    [
      2.6462679956189277,
      1.2741788998784618,
      2.1550313834690082,
      2.159728430769767,
      2.180926078912994,
      2.1693133379879783,
      2.4303006525627677,
      0.0,
      1.8441733953051183,
      1.8441733953051183
    ],
    [
      1.2741788998784618,
      2.1550313834690082,
      2.159728430769767,
      2.180926078912994,
      2.1693133379879783,
      2.4303006525627677,
      1.8558683672643483,
      1.8441733953051183,
      0.0,
      2.712558091756232
    ],
    [
      1.2741788998784618,
      2.1550313834690082,
      2.159728430769767,
      2.180926078912994,
      2.1693133379879783,
      2.4303006525627677,
      1.8558683672643483,
      1.8441733953051183,
      2.712558091756232,
      0.0
    ]
  ]
}