{
  "servicechain": {
    "SC1": {
      "resptime": 35.69235253524745,
      "resptime_old": 25.692352535247448,
      "waittime": 21.44585953575572,
      "servicetime": 10.0,
      "networktime": 4.246492999491732,
      "services": {
        "MS1_1": {
          "meanserv": 0.24772186834924992,
          "stddevserv": 0.24772186834924992,
          "rate": 4.03678531356042,
          "cv": 1.0,
          "lambda": 0.15
        },
        "MS1_2": {
          "meanserv": 1.196038420294675,
          "stddevserv": 1.196038420294675,
          "rate": 0.8360935426753466,
          "cv": 1.0,
          "lambda": 0.15
        },
        "MS1_3": {
          "meanserv": 2.0320909616591254,
          "stddevserv": 2.0320909616591254,
          "rate": 0.4921039554172013,
          "cv": 1.0,
          "lambda": 0.15
        },
        "MS1_4": {
          "meanserv": 1.951645229697443,
          "stddevserv": 1.951645229697443,
          "rate": 0.5123882070282961,
          "cv": 1.0,
          "lambda": 0.15
        },
        "MS1_5": {
          "meanserv": 0.4443072306492768,
          "stddevserv": 0.4443072306492768,
          "rate": 2.250694859362689,
          "cv": 1.0,
          "lambda": 0.15
        },
        "MS1_6": {
          "meanserv": 0.4274563619038414,
          "stddevserv": 0.4274563619038414,
          "rate": 2.339420088511761,
          "cv": 1.0,
          "lambda": 0.15
        },
        "MS1_7": {
          "meanserv": 0.06618664002427899,
          "stddevserv": 0.06618664002427899,
          "rate": 15.10878932112544,
          "cv": 1.0,
          "lambda": 0.15
        },
        "MS1_8": {
          "meanserv": 3.6345532874221096,
          "stddevserv": 3.6345532874221096,
          "rate": 0.27513697583156715,
          "cv": 1.0,
          "lambda": 0.15
        }
      },
      "sensors": [
        "S1"
      ],
      "sources": [
        {
          "startTime": 0,
          "stopTime": -1,
          "lambda": 0.15
        }
      ]
    },
    "SC2": {
      "resptime": 34.524418582094064,
      "resptime_old": 24.524418582094068,
      "waittime": 20.412150048000186,
      "servicetime": 10.0,
      "networktime": 4.112268534093881,
      "services": {
        "MS2_1": {
          "meanserv": 0.24831115406834137,
          "stddevserv": 0.24831115406834137,
          "rate": 4.027205317264062,
          "cv": 1.0,
          "lambda": 0.15
        },
        "MS2_2": {
          "meanserv": 0.15634503322367266,
          "stddevserv": 0.15634503322367266,
          "rate": 6.396109805223969,
          "cv": 1.0,
          "lambda": 0.15
        },
        "MS2_3": {
          "meanserv": 0.8800913022209722,
          "stddevserv": 0.8800913022209722,
          "rate": 1.136245747999588,
          "cv": 1.0,
          "lambda": 0.15
        },
        "MS2_4": {
          "meanserv": 0.5558892879564581,
          "stddevserv": 0.5558892879564581,
          "rate": 1.7989193561836154,
          "cv": 1.0,
          "lambda": 0.15
        },
        "MS2_5": {
          "meanserv": 2.413010666447578,
          "stddevserv": 2.413010666447578,
          "rate": 0.4144200495691115,
          "cv": 1.0,
          "lambda": 0.15
        },
        "MS2_6": {
          "meanserv": 0.7958474442472516,
          "stddevserv": 0.7958474442472516,
          "rate": 1.256522223233179,
          "cv": 1.0,
          "lambda": 0.15
        },
        "MS2_7": {
          "meanserv": 1.4186390795284396,
          "stddevserv": 1.4186390795284396,
          "rate": 0.704900925422415,
          "cv": 1.0,
          "lambda": 0.15
        },
        "MS2_8": {
          "meanserv": 3.5318660323072866,
          "stddevserv": 3.5318660323072866,
          "rate": 0.2831364470941507,
          "cv": 1.0,
          "lambda": 0.15
        }
      },
      "sensors": [
        "S2"
      ],
      "sources": [
        {
          "startTime": 0,
          "stopTime": -1,
          "lambda": 0.15
        }
      ]
    },
    "SC3": {
      "resptime": 34.54416848649257,
      "resptime_old": 24.544168486492577,
      "waittime": 18.11161084253525,
      "servicetime": 10.0,
      "networktime": 6.432557643957324,
      "services": {
        "MS3_1": {
          "meanserv": 1.6575892573691375,
          "stddevserv": 1.6575892573691375,
          "rate": 0.6032857630768926,
          "cv": 1.0,
          "lambda": 0.15
        },
        "MS3_2": {
          "meanserv": 2.366243270379261,
          "stddevserv": 2.366243270379261,
          "rate": 0.42261081627491337,
          "cv": 1.0,
          "lambda": 0.15
        },
        "MS3_3": {
          "meanserv": 0.11688480991327133,
          "stddevserv": 0.11688480991327133,
          "rate": 8.555431631723586,
          "cv": 1.0,
          "lambda": 0.15
        },
        "MS3_4": {
          "meanserv": 1.9469456344480314,
          "stddevserv": 1.9469456344480314,
          "rate": 0.513625024914219,
          "cv": 1.0,
          "lambda": 0.15
        },
        "MS3_5": {
          "meanserv": 1.9019612927552991,
          "stddevserv": 1.9019612927552991,
          "rate": 0.5257730553240324,
          "cv": 1.0,
          "lambda": 0.15
        },
        "MS3_6": {
          "meanserv": 0.1483045480971441,
          "stddevserv": 0.1483045480971441,
          "rate": 6.742881542277239,
          "cv": 1.0,
          "lambda": 0.15
        },
        "MS3_7": {
          "meanserv": 0.7980267319826293,
          "stddevserv": 0.7980267319826293,
          "rate": 1.2530908551341198,
          "cv": 1.0,
          "lambda": 0.15
        },
        "MS3_8": {
          "meanserv": 1.0640444550552264,
          "stddevserv": 1.0640444550552264,
          "rate": 0.9398103577806791,
          "cv": 1.0,
          "lambda": 0.15
        }
      },
      "sensors": [
        "S3"
      ],
      "sources": [
        {
          "startTime": 0,
          "stopTime": -1,
          "lambda": 0.15
        }
      ]
    },
    "SC4": {
      "resptime": 40.393998133034344,
      "resptime_old": 30.39399813303434,
      "waittime": 26.056383281548765,
      "servicetime": 10.0,
      "networktime": 4.337614851485582,
      "services": {
        "MS4_1": {
          "meanserv": 4.597020413256305,
          "stddevserv": 4.597020413256305,
          "rate": 0.21753220784409105,
          "cv": 1.0,
          "lambda": 0.15
        },
        "MS4_2": {
          "meanserv": 0.7875405262146886,
          "stddevserv": 0.7875405262146886,
          "rate": 1.269775924810495,
          "cv": 1.0,
          "lambda": 0.15
        },
        "MS4_3": {
          "meanserv": 0.03111354482626183,
          "stddevserv": 0.03111354482626183,
          "rate": 32.14034291444464,
          "cv": 1.0,
          "lambda": 0.15
        },
        "MS4_4": {
          "meanserv": 0.2006990356463314,
          "stddevserv": 0.2006990356463314,
          "rate": 4.982584977449437,
          "cv": 1.0,
          "lambda": 0.15
        },
        "MS4_5": {
          "meanserv": 1.518701848027832,
          "stddevserv": 1.518701848027832,
          "rate": 0.6584570903753018,
          "cv": 1.0,
          "lambda": 0.15
        },
        "MS4_6": {
          "meanserv": 1.1083945577611019,
          "stddevserv": 1.1083945577611019,
          "rate": 0.9022058011724154,
          "cv": 1.0,
          "lambda": 0.15
        },
        "MS4_7": {
          "meanserv": 0.9048143156390509,
          "stddevserv": 0.9048143156390509,
          "rate": 1.105199136127418,
          "cv": 1.0,
          "lambda": 0.15
        },
        "MS4_8": {
          "meanserv": 0.8517157586284281,
          "stddevserv": 0.8517157586284281,
          "rate": 1.1741006196836883,
          "cv": 1.0,
          "lambda": 0.15
        }
      },
      "sensors": [
        "S4"
      ],
      "sources": [
        {
          "startTime": 0,
          "stopTime": -1,
          "lambda": 0.15
        }
      ]
    }
  },
  "microservice": {
    "MS1_1": "F6",
    "MS1_2": "F6",
    "MS1_3": "F6",
    "MS1_4": "F7",
    "MS1_5": "F6",
    "MS1_6": "F6",
    "MS1_7": "F7",
    "MS1_8": "F2",
    "MS2_1": "F4",
    "MS2_2": "F4",
    "MS2_3": "F5",
    "MS2_4": "F5",
    "MS2_5": "F4",
    "MS2_6": "F9",
    "MS2_7": "F9",
    "MS2_8": "F3",
    "MS3_1": "F10",
    "MS3_2": "F5",
    "MS3_3": "F8",
    "MS3_4": "F8",
    "MS3_5": "F9",
    "MS3_6": "F8",
    "MS3_7": "F8",
    "MS3_8": "F7",
    "MS4_1": "F1",
    "MS4_2": "F10",
    "MS4_3": "F10",
    "MS4_4": "F10",
    "MS4_5": "F10",
    "MS4_6": "F8",
    "MS4_7": "F4",
    "MS4_8": "F7"
  },
  "sensor": {
    "S1": "F6",
    "S2": "F4",
    "S3": "F10",
    "S4": "F1"
  },
  "fog": {
    "F1": {
      "rho": 0.6895530619884458,
      "capacity": 1.0,
      "tserv": 4.597020413256305,
      "stddev": 4.597020413256305,
      "mu": 0.21753220784409105,
      "cv": 1.0,
      "lambda": 0.15,
      "twait": 10.210728835941357
    },
    "F2": {
      "rho": 0.5451829931133164,
      "capacity": 1.0,
      "tserv": 3.6345532874221096,
      "stddev": 3.6345532874221096,
      "mu": 0.27513697583156715,
      "cv": 1.0,
      "lambda": 0.15,
      "twait": 4.356689855180183
    },
    "F3": {
      "rho": 0.5297799048460929,
      "capacity": 1.0,
      "tserv": 3.5318660323072866,
      "stddev": 3.5318660323072866,
      "mu": 0.2831364470941507,
      "cv": 1.0,
      "lambda": 0.15,
      "twait": 3.9792251964741556
    },
    "F4": {
      "rho": 0.5583721754067964,
      "capacity": 1.0,
      "tserv": 0.9306202923446607,
      "stddev": 1.58039605222493,
      "mu": 1.0745521113455843,
      "cv": 1.6982179146805247,
      "lambda": 0.6,
      "twait": 2.284982256389901
    },
    "F5": {
      "rho": 0.5703335790835037,
      "capacity": 1.0,
      "tserv": 1.2674079535188971,
      "stddev": 1.6878381506847642,
      "mu": 0.7890119335479536,
      "cv": 1.3317244427877881,
      "lambda": 0.44999999999999996,
      "twait": 2.3329775693445334
    },
    "F6": {
      "rho": 0.6521422264284252,
      "capacity": 1.0,
      "tserv": 0.8695229685712337,
      "stddev": 1.282375932040695,
      "mu": 1.1500558767793807,
      "cv": 1.474803976883837,
      "lambda": 0.75,
      "twait": 2.587866083136672
    },
    "F7": {
      "rho": 0.5900388125108065,
      "capacity": 1.0,
      "tserv": 0.9833980208513442,
      "stddev": 1.366888213227325,
      "mu": 1.0168822580446961,
      "cv": 1.3899643727612823,
      "lambda": 0.6,
      "twait": 2.0749196324460875
    },
    "F8": {
      "rho": 0.6177834423303267,
      "capacity": 1.0,
      "tserv": 0.8237112564404355,
      "stddev": 1.2641816605120657,
      "mu": 1.2140176453595815,
      "cv": 1.534738842801624,
      "lambda": 0.75,
      "twait": 2.233670407924839
    },
    "F9": {
      "rho": 0.6174671724796486,
      "capacity": 1.0,
      "tserv": 1.372149272176997,
      "stddev": 1.5141942442359226,
      "mu": 0.7287836828521143,
      "cv": 1.1035200578677296,
      "lambda": 0.44999999999999996,
      "twait": 2.4560114718336297
    },
    "F10": {
      "rho": 0.6293466318126377,
      "capacity": 1.0,
      "tserv": 0.8391288424168503,
      "stddev": 1.2578048576660286,
      "mu": 1.1917121059977038,
      "cv": 1.4989412758633252,
      "lambda": 0.75,
      "twait": 2.3130205372116444
    }
  },
  "extra": {
    "deltatime": 0.0296523,
    "obj_func": 36.288734434217105
  },
  "network": [
    [
      0.0,
      1.8204448535304651,
      1.2178829082636202,
      1.387913378936552,
      1.183171380945906,
      1.6328451821820342,
      1.3027304016859083,
      1.0829698021938465,
      0.972203957443544,
      0.972203957443544
    ],
    [
      1.8204448535304651,
      0.0,
      1.0368042289717048,
      1.2836193436125904,
      1.252522821376606,
      1.4545033120319282,
      1.0654528090108044,
      0.972203957443544,
      0.9711237556997213,
      0.9711237556997213
    ],
    [
      1.2178829082636202,
      1.0368042289717048,
      0.0,
      1.2258211713311649,
      1.1998050849255317,
      0.9860933012360682,
      1.0829698021938465,
      0.9711237556997213,
      1.0603467301603091,
      1.0603467301603091
    ],
    [
      1.387913378936552,
      1.2836193436125904,
      1.2258211713311649,
      0.0,
      0.8944591405902456,
      1.3027304016859083,
      0.972203957443544,
      1.0603467301603091,
      1.263003522753081,
      1.263003522753081
    ],
    [
      1.183171380945906,
      1.252522821376606,
      1.1998050849255317,
      0.8944591405902456,
      0.0,
      1.0654528090108044,
      0.9711237556997213,
      1.263003522753081,
      1.1890322098230475,
      1.1890322098230475
    ],
    [
      1.6328451821820342,
      1.4545033120319282,
      0.9860933012360682,
      1.3027304016859083,
      1.0654528090108044,
      0.0,
      1.0603467301603091,
      1.1890322098230475,
      1.3148014985048262,
      1.3148014985048262
    ],
    [
      1.3027304016859083,
      1.0654528090108044,
      1.0829698021938465,
      0.972203957443544,
      0.9711237556997213,
      1.0603467301603091,
      0.0,
      1.3148014985048262,
      1.381135130699044,
      1.381135130699044
    ],
    [
      1.0829698021938465,
      0.972203957443544,
      0.9711237556997213,
      1.0603467301603091,
      1.263003522753081,
      1.1890322098230475,
      1.3148014985048262,
      0.0,
      1.3328602064381847,
      1.3328602064381847
    ],
    [
      0.972203957443544,
      0.9711237556997213,
      1.0603467301603091,
      1.263003522753081,
      1.1890322098230475,
      1.3148014985048262,
      1.381135130699044,
      1.3328602064381847,
      0.0,
      1.6374702833692203
    ],
    [
      0.972203957443544,
      0.9711237556997213,
      1.0603467301603091,
      1.263003522753081,
      1.1890322098230475,
      1.3148014985048262,
      1.381135130699044,
      1.3328602064381847,
      1.6374702833692203,
      0.0
    ]
  ]
}