{
  "servicechain": {
    "SC1": {
      "resptime": 40.914819878208064,
      "resptime_old": 30.914819878208075,
      "waittime": 24.801416257018804,
      "servicetime": 10.0,
      "networktime": 6.1134036211892635,
      "services": {
        "MS1_1": {
          "meanserv": 0.02376594930574738,
          "stddevserv": 0.02376594930574738,
          "rate": 42.07700635623957,
          "cv": 1.0,
          "lambda": 0.15
        },
        "MS1_2": {
          "meanserv": 0.5037514357602368,
          "stddevserv": 0.5037514357602368,
          "rate": 1.985106004692273,
          "cv": 1.0,
          "lambda": 0.15
        },
        "MS1_3": {
          "meanserv": 1.5244410241788697,
          "stddevserv": 1.5244410241788697,
          "rate": 0.6559781481468878,
          "cv": 1.0,
          "lambda": 0.15
        },
        "MS1_4": {
          "meanserv": 0.18411947805550888,
          "stddevserv": 0.18411947805550888,
          "rate": 5.43125589188623,
          "cv": 1.0,
          "lambda": 0.15
        },
        "MS1_5": {
          "meanserv": 0.75822619346925,
          "stddevserv": 0.75822619346925,
          "rate": 1.3188676527046874,
          "cv": 1.0,
          "lambda": 0.15
        },
        "MS1_6": {
          "meanserv": 3.8206943147199413,
          "stddevserv": 3.8206943147199413,
          "rate": 0.2617325327879052,
          "cv": 1.0,
          "lambda": 0.15
        },
        "MS1_7": {
          "meanserv": 0.7557918041476528,
          "stddevserv": 0.7557918041476528,
          "rate": 1.3231156973549798,
          "cv": 1.0,
          "lambda": 0.15
        },
        "MS1_8": {
          "meanserv": 0.2196379813540954,
          "stddevserv": 0.2196379813540954,
          "rate": 4.552946598010399,
          "cv": 1.0,
          "lambda": 0.15
        },
        "MS1_9": {
          "meanserv": 1.106576665783475,
          "stddevserv": 1.106576665783475,
          "rate": 0.9036879512473571,
          "cv": 1.0,
          "lambda": 0.15
        },
        "MS1_10": {
          "meanserv": 1.1029951532252227,
          "stddevserv": 1.1029951532252227,
          "rate": 0.9066222975467673,
          "cv": 1.0,
          "lambda": 0.15
        }
      },
      "sensors": [
        "S1"
      ],
      "sources": [
        {
          "startTime": 0,
          "stopTime": -1,
          "lambda": 0.15
        }
      ]
    },
    "SC2": {
      "resptime": 39.15861305522138,
      "resptime_old": 29.158613055221373,
      "waittime": 24.152464010812103,
      "servicetime": 10.0,
      "networktime": 5.006149044409274,
      "services": {
        "MS2_1": {
          "meanserv": 2.02938069601283,
          "stddevserv": 2.02938069601283,
          "rate": 0.49276116697311767,
          "cv": 1.0,
          "lambda": 0.15
        },
        "MS2_2": {
          "meanserv": 1.1260286059074631,
          "stddevserv": 1.1260286059074631,
          "rate": 0.8880769056431768,
          "cv": 1.0,
          "lambda": 0.15
        },
        "MS2_3": {
          "meanserv": 0.9860312245938307,
          "stddevserv": 0.9860312245938307,
          "rate": 1.014166666387186,
          "cv": 1.0,
          "lambda": 0.15
        },
        "MS2_4": {
          "meanserv": 0.019598249156670633,
          "stddevserv": 0.019598249156670633,
          "rate": 51.024966159266896,
          "cv": 1.0,
          "lambda": 0.15
        },
        "MS2_5": {
          "meanserv": 3.097770586830835,
          "stddevserv": 3.097770586830835,
          "rate": 0.32281280100313914,
          "cv": 1.0,
          "lambda": 0.15
        },
        "MS2_6": {
          "meanserv": 1.1472963983383533,
          "stddevserv": 1.1472963983383533,
          "rate": 0.8716143460820718,
          "cv": 1.0,
          "lambda": 0.15
        },
        "MS2_7": {
          "meanserv": 0.173877050916742,
          "stddevserv": 0.173877050916742,
          "rate": 5.751190250396141,
          "cv": 1.0,
          "lambda": 0.15
        },
        "MS2_8": {
          "meanserv": 0.7145689152988517,
          "stddevserv": 0.7145689152988517,
          "rate": 1.3994451460035502,
          "cv": 1.0,
          "lambda": 0.15
        },
        "MS2_9": {
          "meanserv": 0.2651421487344834,
          "stddevserv": 0.2651421487344834,
          "rate": 3.7715618009923135,
          "cv": 1.0,
          "lambda": 0.15
        },
        "MS2_10": {
          "meanserv": 0.44030612420993975,
          "stddevserv": 0.44030612420993975,
          "rate": 2.2711471519828237,
          "cv": 1.0,
          "lambda": 0.15
        }
      },
      "sensors": [
        "S2"
      ],
      "sources": [
        {
          "startTime": 0,
          "stopTime": -1,
          "lambda": 0.15
        }
      ]
    },
    "SC3": {
      "resptime": 39.945660086488715,
      "resptime_old": 29.945660086488722,
      "waittime": 24.44488784073673,
      "servicetime": 10.0,
      "networktime": 5.5007722457519925,
      "services": {
        "MS3_1": {
          "meanserv": 0.5465177950855105,
          "stddevserv": 0.5465177950855105,
          "rate": 1.8297665858136163,
          "cv": 1.0,
          "lambda": 0.15
        },
        "MS3_2": {
          "meanserv": 0.057179836502389,
          "stddevserv": 0.057179836502389,
          "rate": 17.48868239520446,
          "cv": 1.0,
          "lambda": 0.15
        },
        "MS3_3": {
          "meanserv": 0.6274745162098727,
          "stddevserv": 0.6274745162098727,
          "rate": 1.5936902203459813,
          "cv": 1.0,
          "lambda": 0.15
        },
        "MS3_4": {
          "meanserv": 0.09135630056247956,
          "stddevserv": 0.09135630056247956,
          "rate": 10.946152524161036,
          "cv": 1.0,
          "lambda": 0.15
        },
        "MS3_5": {
          "meanserv": 0.7430653663548092,
          "stddevserv": 0.7430653663548092,
          "rate": 1.3457766238058066,
          "cv": 1.0,
          "lambda": 0.15
        },
        "MS3_6": {
          "meanserv": 3.3542371704344878,
          "stddevserv": 3.3542371704344878,
          "rate": 0.298130379334645,
          "cv": 1.0,
          "lambda": 0.15
        },
        "MS3_7": {
          "meanserv": 0.37263728275092056,
          "stddevserv": 0.37263728275092056,
          "rate": 2.683574742220368,
          "cv": 1.0,
          "lambda": 0.15
        },
        "MS3_8": {
          "meanserv": 1.9134146586423189,
          "stddevserv": 1.9134146586423189,
          "rate": 0.5226258696635884,
          "cv": 1.0,
          "lambda": 0.15
        },
        "MS3_9": {
          "meanserv": 2.1144080312761115,
          "stddevserv": 2.1144080312761115,
          "rate": 0.47294561182520134,
          "cv": 1.0,
          "lambda": 0.15
        },
        "MS3_10": {
          "meanserv": 0.1797090421811003,
          "stddevserv": 0.1797090421811003,
          "rate": 5.564550274505711,
          "cv": 1.0,
          "lambda": 0.15
        }
      },
      "sensors": [
        "S3"
      ],
      "sources": [
        {
          "startTime": 0,
          "stopTime": -1,
          "lambda": 0.15
        }
      ]
    },
    "SC4": {
      "resptime": 34.51585319391555,
      "resptime_old": 24.515853193915554,
      "waittime": 21.621834061475276,
      "servicetime": 10.0,
      "networktime": 2.8940191324402704,
      "services": {
        "MS4_1": {
          "meanserv": 1.1830603893909597,
          "stddevserv": 1.1830603893909597,
          "rate": 0.8452653887894942,
          "cv": 1.0,
          "lambda": 0.15
        },
        "MS4_2": {
          "meanserv": 0.6261878882737415,
          "stddevserv": 0.6261878882737415,
          "rate": 1.596964774832637,
          "cv": 1.0,
          "lambda": 0.15
        },
        "MS4_3": {
          "meanserv": 1.6468295319240522,
          "stddevserv": 1.6468295319240522,
          "rate": 0.607227390944139,
          "cv": 1.0,
          "lambda": 0.15
        },
        "MS4_4": {
          "meanserv": 0.7822395787705116,
          "stddevserv": 0.7822395787705116,
          "rate": 1.2783807252143318,
          "cv": 1.0,
          "lambda": 0.15
        },
        "MS4_5": {
          "meanserv": 0.633680606174015,
          "stddevserv": 0.633680606174015,
          "rate": 1.5780820657234853,
          "cv": 1.0,
          "lambda": 0.15
        },
        "MS4_6": {
          "meanserv": 0.24757067869077165,
          "stddevserv": 0.24757067869077165,
          "rate": 4.039250549735136,
          "cv": 1.0,
          "lambda": 0.15
        },
        "MS4_7": {
          "meanserv": 2.417686466108745,
          "stddevserv": 2.417686466108745,
          "rate": 0.4136185622155942,
          "cv": 1.0,
          "lambda": 0.15
        },
        "MS4_8": {
          "meanserv": 0.0675660777644218,
          "stddevserv": 0.0675660777644218,
          "rate": 14.800326333676407,
          "cv": 1.0,
          "lambda": 0.15
        },
        "MS4_9": {
          "meanserv": 0.8392078133744603,
          "stddevserv": 0.8392078133744603,
          "rate": 1.1915999637550958,
          "cv": 1.0,
          "lambda": 0.15
        },
        "MS4_10": {
          "meanserv": 1.555970969528321,
          "stddevserv": 1.555970969528321,
          "rate": 0.6426855125087206,
          "cv": 1.0,
          "lambda": 0.15
        }
      },
      "sensors": [
        "S4"
      ],
      "sources": [
        {
          "startTime": 0,
          "stopTime": -1,
          "lambda": 0.15
        }
      ]
    }
  },
  "microservice": {
    "MS1_1": "F4",
    "MS1_2": "F4",
    "MS1_3": "F10",
    "MS1_4": "F10",
    "MS1_5": "F4",
    "MS1_6": "F1",
    "MS1_7": "F10",
    "MS1_8": "F8",
    "MS1_9": "F8",
    "MS1_10": "F9",
    "MS2_1": "F6",
    "MS2_2": "F6",
    "MS2_3": "F5",
    "MS2_4": "F5",
    "MS2_5": "F3",
    "MS2_6": "F7",
    "MS2_7": "F7",
    "MS2_8": "F5",
    "MS2_9": "F5",
    "MS2_10": "F9",
    "MS3_1": "F8",
    "MS3_2": "F6",
    "MS3_3": "F6",
    "MS3_4": "F6",
    "MS3_5": "F9",
    "MS3_6": "F2",
    "MS3_7": "F3",
    "MS3_8": "F9",
    "MS3_9": "F5",
    "MS3_10": "F5",
    "MS4_1": "F10",
    "MS4_2": "F10",
    "MS4_3": "F7",
    "MS4_4": "F7",
    "MS4_5": "F7",
    "MS4_6": "F4",
    "MS4_7": "F4",
    "MS4_8": "F8",
    "MS4_9": "F8",
    "MS4_10": "F8"
  },
  "sensor": {
    "S1": "F4",
    "S2": "F6",
    "S3": "F8",
    "S4": "F10"
  },
  "fog": {
    "F1": {
      "rho": 0.5731041472079912,
      "capacity": 1.0,
      "tserv": 3.8206943147199413,
      "stddev": 3.8206943147199413,
      "mu": 0.2617325327879052,
      "cv": 1.0,
      "lambda": 0.15,
      "twait": 5.129250477977426
    },
    "F2": {
      "rho": 0.5031355755651732,
      "capacity": 1.0,
      "tserv": 3.354237170434488,
      "stddev": 3.3542371704344873,
      "mu": 0.2981303793346449,
      "cv": 0.9999999999999998,
      "lambda": 0.15,
      "twait": 3.3965725182443993
    },
    "F3": {
      "rho": 0.5205611804372634,
      "capacity": 1.0,
      "tserv": 1.735203934790878,
      "stddev": 2.5930885942860686,
      "mu": 0.5763011366848457,
      "cv": 1.4943999044115701,
      "lambda": 0.3,
      "twait": 3.0457612387360222
    },
    "F4": {
      "rho": 0.5926501085002125,
      "capacity": 1.0,
      "tserv": 0.7902001446669501,
      "stddev": 1.438707156806193,
      "mu": 1.2655021727710205,
      "cv": 1.8206870329194544,
      "lambda": 0.75,
      "twait": 2.4803258278992635
    },
    "F5": {
      "rho": 0.6419186416861573,
      "capacity": 1.0,
      "tserv": 0.7132429352068415,
      "stddev": 1.228877668130571,
      "mu": 1.4020468351502122,
      "cv": 1.7229440453892402,
      "lambda": 0.9,
      "twait": 2.5370913409498903
    },
    "F6": {
      "rho": 0.5897129932792552,
      "capacity": 1.0,
      "tserv": 0.7862839910390069,
      "stddev": 1.3032359602326153,
      "mu": 1.2718051129065793,
      "cv": 1.6574621575475557,
      "lambda": 0.75,
      "twait": 2.117420041939499
    },
    "F7": {
      "rho": 0.6575884749185511,
      "capacity": 1.0,
      "tserv": 0.8767846332247348,
      "stddev": 1.1225224092696604,
      "mu": 1.1405309378223136,
      "cv": 1.2802715361708887,
      "lambda": 0.75,
      "twait": 2.2218964284522182
    },
    "F8": {
      "rho": 0.6503215954335426,
      "capacity": 1.0,
      "tserv": 0.722579550481714,
      "stddev": 1.0222444957119192,
      "mu": 1.383930668025882,
      "cv": 1.4147155078363773,
      "lambda": 0.9,
      "twait": 2.0167023410518556
    },
    "F9": {
      "rho": 0.6299671953648436,
      "capacity": 1.0,
      "tserv": 1.0499453256080726,
      "stddev": 1.3074783386553555,
      "mu": 0.9524305462485421,
      "cv": 1.2452823082936566,
      "lambda": 0.6,
      "twait": 2.279704467493088
    },
    "F10": {
      "rho": 0.6410400876070099,
      "capacity": 1.0,
      "tserv": 0.8547201168093466,
      "stddev": 1.0759960280197836,
      "mu": 1.1699736326939167,
      "cv": 1.2588869816665316,
      "lambda": 0.75,
      "twait": 1.9726930485822645
    }
  },
  "extra": {
    "deltatime": 0.0489952,
    "obj_func": 38.63373655345843
  },
  "network": [
    [
      0.0,
      1.219077561329932,
      1.1287101914017015,
      0.752128844792887,
      1.419235304757694,
      0.9464153995270311,
      0.7454362774684474,
      0.89177084814093,
      1.1111152656967849,
      1.1111152656967849
    ],
    [
      1.219077561329932,
      0.0,
      0.8201938921815266,
      0.867810096696095,
      0.8904217089135222,
      0.9864660413297573,
      0.867960624035195,
      1.1111152656967849,
      1.059805339369665,
      1.059805339369665
    ],
    [
      1.1287101914017015,
      0.8201938921815266,
      0.0,
      1.097582040736734,
      1.2735057577766484,
      1.0982906387299747,
      0.89177084814093,
      1.059805339369665,
      0.9611144497896502,
      0.9611144497896502
    ],
    [
      0.752128844792887,
      0.867810096696095,
      1.097582040736734,
      0.0,
      0.7468818934023757,
      0.7454362774684474,
      1.1111152656967849,
      0.9611144497896502,
      1.157369469592675,
      1.157369469592675
    ],
    [
      1.419235304757694,
      0.8904217089135222,
      1.2735057577766484,
      0.7468818934023757,
      0.0,
      0.867960624035195,
      1.059805339369665,
      1.157369469592675,
      0.9131064750868354,
      0.9131064750868354
    ],
    [
      0.9464153995270311,
      0.9864660413297573,
      1.0982906387299747,
      0.7454362774684474,
      0.867960624035195,
      0.0,
      0.9611144497896502,
      0.9131064750868354,
      0.8334456142374795,
      0.8334456142374795
    ],
    [
      0.7454362774684474,
      0.867960624035195,
      0.89177084814093,
      1.1111152656967849,
      1.059805339369665,
      0.9611144497896502,
      0.0,
      0.8334456142374795,
      0.8217894169538356,
      0.8217894169538356
    ],
    [
      0.89177084814093,
      1.1111152656967849,
      1.059805339369665,
      0.9611144497896502,
      1.157369469592675,
      0.9131064750868354,
      0.8334456142374795,
      0.0,
      0.9677102857571203,
      0.9677102857571203
    ],
    [
      1.1111152656967849,
      1.059805339369665,
      0.9611144497896502,
      1.157369469592675,
      0.9131064750868354,
      0.8334456142374795,
      0.8217894169538356,
      0.9677102857571203,
      0.0,
      0.926603100472855
    ],
    [
      1.1111152656967849,
      1.059805339369665,
      0.9611144497896502,
      1.157369469592675,
      0.9131064750868354,
      0.8334456142374795,
      0.8217894169538356,
      0.9677102857571203,
      0.926603100472855,
      0.0
    ]
  ]
}