{
  "servicechain": {
    "SC1": {
      "resptime": 10986.913781668858,
      "resptime_old": 10976.913781668858,
      "waittime": 10975.15058312865,
      "servicetime": 10.0,
      "networktime": 1.763198540207437,
      "services": {
        "MS1_1": {
          "meanserv": 6.984793876532768,
          "stddevserv": 6.984793876532768,
          "rate": 0.1431681475039314,
          "cv": 1.0,
          "lambda": 0.225
        },
        "MS1_2": {
          "meanserv": 1.3921962660523164,
          "stddevserv": 1.3921962660523164,
          "rate": 0.7182895288432138,
          "cv": 1.0,
          "lambda": 0.225
        },
        "MS1_3": {
          "meanserv": 1.04321706660747,
          "stddevserv": 1.04321706660747,
          "rate": 0.9585732749292423,
          "cv": 1.0,
          "lambda": 0.225
        },
        "MS1_4": {
          "meanserv": 0.36819376529854786,
          "stddevserv": 0.36819376529854786,
          "rate": 2.7159612526006667,
          "cv": 1.0,
          "lambda": 0.225
        },
        "MS1_5": {
          "meanserv": 0.21159902550889775,
          "stddevserv": 0.21159902550889775,
          "rate": 4.725919685097746,
          "cv": 1.0,
          "lambda": 0.225
        }
      },
      "sensors": [
        "S1"
      ],
      "sources": [
        {
          "startTime": 0,
          "stopTime": -1,
          "lambda": 0.225
        }
      ]
    },
    "SC2": {
      "resptime": 8951.018505151094,
      "resptime_old": 8941.018505151096,
      "waittime": 8935.336861502596,
      "servicetime": 10.0,
      "networktime": 5.68164364849886,
      "services": {
        "MS2_1": {
          "meanserv": 1.1306251416160096,
          "stddevserv": 1.1306251416160096,
          "rate": 0.8844664453248349,
          "cv": 1.0,
          "lambda": 0.225
        },
        "MS2_2": {
          "meanserv": 0.7301820784679458,
          "stddevserv": 0.7301820784679458,
          "rate": 1.3695214241606437,
          "cv": 1.0,
          "lambda": 0.225
        },
        "MS2_3": {
          "meanserv": 6.302723384948749,
          "stddevserv": 6.302723384948749,
          "rate": 0.1586615719782428,
          "cv": 1.0,
          "lambda": 0.225
        },
        "MS2_4": {
          "meanserv": 1.3827773054818433,
          "stddevserv": 1.3827773054818433,
          "rate": 0.7231822478107127,
          "cv": 1.0,
          "lambda": 0.225
        },
        "MS2_5": {
          "meanserv": 0.45369208948545214,
          "stddevserv": 0.45369208948545214,
          "rate": 2.2041380556891226,
          "cv": 1.0,
          "lambda": 0.225
        }
      },
      "sensors": [
        "S2"
      ],
      "sources": [
        {
          "startTime": 0,
          "stopTime": -1,
          "lambda": 0.225
        }
      ]
    },
    "SC3": {
      "resptime": 113.30058067106404,
      "resptime_old": 103.30058067106404,
      "waittime": 98.94948730390126,
      "servicetime": 10.0,
      "networktime": 4.35109336716278,
      "services": {
        "MS3_1": {
          "meanserv": 4.228392718703605,
          "stddevserv": 4.228392718703605,
          "rate": 0.2364964814116398,
          "cv": 1.0,
          "lambda": 0.225
        },
        "MS3_2": {
          "meanserv": 0.5826841537648555,
          "stddevserv": 0.5826841537648555,
          "rate": 1.7161956328119985,
          "cv": 1.0,
          "lambda": 0.225
        },
        "MS3_3": {
          "meanserv": 1.392318372433853,
          "stddevserv": 1.392318372433853,
          "rate": 0.7182265348204392,
          "cv": 1.0,
          "lambda": 0.225
        },
        "MS3_4": {
          "meanserv": 3.4179015950185194,
          "stddevserv": 3.4179015950185194,
          "rate": 0.29257717701921776,
          "cv": 1.0,
          "lambda": 0.225
        },
        "MS3_5": {
          "meanserv": 0.3787031600791675,
          "stddevserv": 0.3787031600791675,
          "rate": 2.6405905876015163,
          "cv": 1.0,
          "lambda": 0.225
        }
      },
      "sensors": [
        "S3"
      ],
      "sources": [
        {
          "startTime": 0,
          "stopTime": -1,
          "lambda": 0.225
        }
      ]
    },
    "SC4": {
      "resptime": 328.45505147344863,
      "resptime_old": 318.4550514734486,
      "waittime": 313.44255795329207,
      "servicetime": 9.999999999999998,
      "networktime": 5.012493520156561,
      "services": {
        "MS4_1": {
          "meanserv": 0.532277650170836,
          "stddevserv": 0.532277650170836,
          "rate": 1.8787187470280733,
          "cv": 1.0,
          "lambda": 0.225
        },
        "MS4_2": {
          "meanserv": 0.9515460944454346,
          "stddevserv": 0.9515460944454346,
          "rate": 1.0509212384322848,
          "cv": 1.0,
          "lambda": 0.225
        },
        "MS4_3": {
          "meanserv": 4.3800712954889995,
          "stddevserv": 4.3800712954889995,
          "rate": 0.2283067860173628,
          "cv": 1.0,
          "lambda": 0.225
        },
        "MS4_4": {
          "meanserv": 3.341115552668577,
          "stddevserv": 3.341115552668577,
          "rate": 0.2993012316503964,
          "cv": 1.0,
          "lambda": 0.225
        },
        "MS4_5": {
          "meanserv": 0.7949894072261525,
          "stddevserv": 0.7949894072261525,
          "rate": 1.2578783954985802,
          "cv": 1.0,
          "lambda": 0.225
        }
      },
      "sensors": [
        "S4"
      ],
      "sources": [
        {
          "startTime": 0,
          "stopTime": -1,
          "lambda": 0.225
        }
      ]
    }
  },
  "microservice": {
    "MS1_1": "F1",
    "MS1_2": "F6",
    "MS1_3": "F6",
    "MS1_4": "F6",
    "MS1_5": "F6",
    "MS2_1": "F4",
    "MS2_2": "F4",
    "MS2_3": "F3",
    "MS2_4": "F8",
    "MS2_5": "F2",
    "MS3_1": "F7",
    "MS3_2": "F2",
    "MS3_3": "F2",
    "MS3_4": "F5",
    "MS3_5": "F2",
    "MS4_1": "F8",
    "MS4_2": "F8",
    "MS4_3": "F9",
    "MS4_4": "F10",
    "MS4_5": "F4"
  },
  "sensor": {
    "S1": "F1",
    "S2": "F4",
    "S3": "F7",
    "S4": "F8"
  },
  "fog": {
    "F1": {
      "rho": 1.5715786222198727,
      "capacity": 1.0,
      "tserv": 6.984793876532768,
      "stddev": 6.984793876532768,
      "mu": 0.1431681475039314,
      "cv": 1.0,
      "lambda": 0.225,
      "twait": 10966.17558423419
    },
    "F2": {
      "rho": 0.6316644995467489,
      "capacity": 1.0,
      "tserv": 0.701849443940832,
      "stddev": 0.9061287394352504,
      "mu": 1.4248069990410976,
      "cv": 1.2910585699796318,
      "lambda": 0.9,
      "twait": 1.6049169025204644
    },
    "F3": {
      "rho": 1.4181127616134686,
      "capacity": 1.0,
      "tserv": 6.302723384948749,
      "stddev": 6.302723384948749,
      "mu": 0.1586615719782428,
      "cv": 1.0,
      "lambda": 0.225,
      "twait": 8929.034492650335
    },
    "F4": {
      "rho": 0.5975542411447743,
      "capacity": 1.0,
      "tserv": 0.8852655424367026,
      "stddev": 0.9194000272761785,
      "mu": 1.1296045672889172,
      "cv": 1.0385584699767263,
      "lambda": 0.675,
      "twait": 1.36610863959043
    },
    "F5": {
      "rho": 0.7690278588791668,
      "capacity": 1.0,
      "tserv": 3.4179015950185194,
      "stddev": 3.4179015950185194,
      "mu": 0.29257717701921776,
      "cv": 1.0,
      "lambda": 0.225,
      "twait": 11.379993850001588
    },
    "F6": {
      "rho": 0.6784213777801271,
      "capacity": 1.0,
      "tserv": 0.7538015308668079,
      "stddev": 1.0174526013033376,
      "mu": 1.3266091392121275,
      "cv": 1.3497619196041606,
      "lambda": 0.9,
      "twait": 2.243749723614689
    },
    "F7": {
      "rho": 0.951388361708311,
      "capacity": 1.0,
      "tserv": 4.228392718703605,
      "stddev": 4.228392718703605,
      "mu": 0.2364964814116398,
      "cv": 1.0,
      "lambda": 0.225,
      "twait": 82.75474274633831
    },
    "F8": {
      "rho": 0.6449852362720756,
      "capacity": 1.0,
      "tserv": 0.9555336833660378,
      "stddev": 1.0743263356512527,
      "mu": 1.046535582583883,
      "cv": 1.124320737565992,
      "lambda": 0.675,
      "twait": 1.965234670558663
    },
    "F9": {
      "rho": 0.9855160414850249,
      "capacity": 1.0,
      "tserv": 4.3800712954889995,
      "stddev": 4.380071295489,
      "mu": 0.2283067860173628,
      "cv": 1.0000000000000002,
      "lambda": 0.225,
      "twait": 298.0283684249375
    },
    "F10": {
      "rho": 0.7517509993504299,
      "capacity": 1.0,
      "tserv": 3.341115552668577,
      "stddev": 3.341115552668577,
      "mu": 0.2993012316503964,
      "cv": 1.0,
      "lambda": 0.225,
      "twait": 10.117611547646792
    }
  },
  "extra": {
    "deltatime": 0.6468739,
    "conv": 14,
    "obj_func": 5094.921979741116
  },
  "network": [
    [
      0.0,
      1.8984556305353486,
      2.0439816846531325,
      2.2146437916538972,
      2.2316244185687015,
      1.763198540207437,
      1.9898094203067969,
      2.148871986544848,
      1.5471600227584599,
      1.5471600227584599
    ],
    [
      1.8984556305353486,
      0.0,
      2.464451969516167,
      1.6142720140067126,
      1.4197652213061127,
      1.8188978682627661,
      1.5115629245505542,
      1.5471600227584599,
      2.2840012356165564,
      2.2840012356165564
    ],
    [
      2.0439816846531325,
      2.464451969516167,
      0.0,
      1.8504823901238436,
      1.4323969427821168,
      2.068718970930188,
      2.148871986544848,
      2.2840012356165564,
      2.4691456107040404,
      2.4691456107040404
    ],
    [
      2.2146437916538972,
      1.6142720140067126,
      1.8504823901238436,
      0.0,
      3.214585489383757,
      1.9898094203067969,
      1.5471600227584599,
      2.4691456107040404,
      1.707068932471382,
      1.707068932471382
    ],
    [
      2.2316244185687015,
      1.4197652213061127,
      1.4323969427821168,
      3.214585489383757,
      0.0,
      1.5115629245505542,
      2.2840012356165564,
      1.707068932471382,
      2.334016117491537,
      2.334016117491537
    ],
    [
      1.763198540207437,
      1.8188978682627661,
      2.068718970930188,
      1.9898094203067969,
      1.5115629245505542,
      0.0,
      2.4691456107040404,
      2.334016117491537,
      2.994814055407567,
      2.994814055407567
    ],
    [
      1.9898094203067969,
      1.5115629245505542,
      2.148871986544848,
      1.5471600227584599,
      2.2840012356165564,
      2.4691456107040404,
      0.0,
      2.994814055407567,
      1.1334460688610617,
      1.1334460688610617
    ],
    [
      2.148871986544848,
      1.5471600227584599,
      2.2840012356165564,
      2.4691456107040404,
      1.707068932471382,
      2.334016117491537,
      2.994814055407567,
      0.0,
      1.6421754467802105,
      1.6421754467802105
    ],
    [
      1.5471600227584599,
      2.2840012356165564,
      2.4691456107040404,
      1.707068932471382,
      2.334016117491537,
      2.994814055407567,
      1.1334460688610617,
      1.6421754467802105,
      0.0,
      1.6632491409049686
    ],
    [
      1.5471600227584599,
      2.2840012356165564,
      2.4691456107040404,
      1.707068932471382,
      2.334016117491537,
      2.994814055407567,
      1.1334460688610617,
      1.6421754467802105,
      1.6632491409049686,
      0.0
    ]
  ]
}