{
  "servicechain": {
    "SC1": {
      "resptime": 49.49504023669906,
      "resptime_old": 39.49504023669907,
      "waittime": 32.23696709365411,
      "servicetime": 10.0,
      "networktime": 7.258073143044952,
      "services": {
        "MS1_1": {
          "meanserv": 1.2224957157974392,
          "stddevserv": 1.2224957157974392,
          "rate": 0.8179987766645838,
          "cv": 1.0,
          "lambda": 0.175
        },
        "MS1_2": {
          "meanserv": 4.743347001461788,
          "stddevserv": 4.743347001461788,
          "rate": 0.21082159911383744,
          "cv": 1.0,
          "lambda": 0.175
        },
        "MS1_3": {
          "meanserv": 0.7093385768378049,
          "stddevserv": 0.7093385768378049,
          "rate": 1.409764014891096,
          "cv": 1.0,
          "lambda": 0.175
        },
        "MS1_4": {
          "meanserv": 3.099289881228418,
          "stddevserv": 3.099289881228418,
          "rate": 0.3226545558247831,
          "cv": 1.0,
          "lambda": 0.175
        },
        "MS1_5": {
          "meanserv": 0.2255288246745497,
          "stddevserv": 0.2255288246745497,
          "rate": 4.434023018756268,
          "cv": 1.0,
          "lambda": 0.175
        }
      },
      "sensors": [
        "S1"
      ],
      "sources": [
        {
          "startTime": 0,
          "stopTime": -1,
          "lambda": 0.175
        }
      ]
    },
    "SC2": {
      "resptime": 34.24987905954383,
      "resptime_old": 24.24987905954383,
      "waittime": 19.919015539938535,
      "servicetime": 10.0,
      "networktime": 4.330863519605292,
      "services": {
        "MS2_1": {
          "meanserv": 1.3302764839592351,
          "stddevserv": 1.3302764839592351,
          "rate": 0.7517234289700064,
          "cv": 1.0,
          "lambda": 0.175
        },
        "MS2_2": {
          "meanserv": 1.2499911492690827,
          "stddevserv": 1.2499911492690827,
          "rate": 0.8000056645078951,
          "cv": 1.0,
          "lambda": 0.175
        },
        "MS2_3": {
          "meanserv": 3.7370583148969727,
          "stddevserv": 3.7370583148969727,
          "rate": 0.26759015132670444,
          "cv": 1.0,
          "lambda": 0.175
        },
        "MS2_4": {
          "meanserv": 0.6626028367989578,
          "stddevserv": 0.6626028367989578,
          "rate": 1.5091996962026482,
          "cv": 1.0,
          "lambda": 0.175
        },
        "MS2_5": {
          "meanserv": 3.0200712150757516,
          "stddevserv": 3.0200712150757516,
          "rate": 0.3311180196705783,
          "cv": 1.0,
          "lambda": 0.175
        }
      },
      "sensors": [
        "S2"
      ],
      "sources": [
        {
          "startTime": 0,
          "stopTime": -1,
          "lambda": 0.175
        }
      ]
    },
    "SC3": {
      "resptime": 90.29768842530892,
      "resptime_old": 80.29768842530892,
      "waittime": 75.41238416453851,
      "servicetime": 10.0,
      "networktime": 4.885304260770409,
      "services": {
        "MS3_1": {
          "meanserv": 0.1658274271948179,
          "stddevserv": 0.1658274271948179,
          "rate": 6.030365524667864,
          "cv": 1.0,
          "lambda": 0.175
        },
        "MS3_2": {
          "meanserv": 1.2273548241693155,
          "stddevserv": 1.2273548241693155,
          "rate": 0.8147603124278334,
          "cv": 1.0,
          "lambda": 0.175
        },
        "MS3_3": {
          "meanserv": 2.4891572785077454,
          "stddevserv": 2.4891572785077454,
          "rate": 0.4017423923487478,
          "cv": 1.0,
          "lambda": 0.175
        },
        "MS3_4": {
          "meanserv": 0.8273897473274952,
          "stddevserv": 0.8273897473274952,
          "rate": 1.2086202460570046,
          "cv": 1.0,
          "lambda": 0.175
        },
        "MS3_5": {
          "meanserv": 5.290270722800626,
          "stddevserv": 5.290270722800626,
          "rate": 0.18902624315426492,
          "cv": 1.0,
          "lambda": 0.175
        }
      },
      "sensors": [
        "S3"
      ],
      "sources": [
        {
          "startTime": 0,
          "stopTime": -1,
          "lambda": 0.175
        }
      ]
    },
    "SC4": {
      "resptime": 53.31458183660093,
      "resptime_old": 43.31458183660093,
      "waittime": 37.46543391024289,
      "servicetime": 10.0,
      "networktime": 5.849147926358039,
      "services": {
        "MS4_1": {
          "meanserv": 4.575109976912069,
          "stddevserv": 4.575109976912069,
          "rate": 0.21857398074503587,
          "cv": 1.0,
          "lambda": 0.175
        },
        "MS4_2": {
          "meanserv": 0.6776704896844947,
          "stddevserv": 0.6776704896844947,
          "rate": 1.4756434214297471,
          "cv": 1.0,
          "lambda": 0.175
        },
        "MS4_3": {
          "meanserv": 4.339656687533926,
          "stddevserv": 4.339656687533926,
          "rate": 0.23043297477254235,
          "cv": 1.0,
          "lambda": 0.175
        },
        "MS4_4": {
          "meanserv": 0.30483173606217484,
          "stddevserv": 0.30483173606217484,
          "rate": 3.280498326447334,
          "cv": 1.0,
          "lambda": 0.175
        },
        "MS4_5": {
          "meanserv": 0.10273110980733513,
          "stddevserv": 0.10273110980733513,
          "rate": 9.734149683337684,
          "cv": 1.0,
          "lambda": 0.175
        }
      },
      "sensors": [
        "S4"
      ],
      "sources": [
        {
          "startTime": 0,
          "stopTime": -1,
          "lambda": 0.175
        }
      ]
    }
  },
  "microservice": {
    "MS1_1": "F10",
    "MS1_2": "F2",
    "MS1_3": "F10",
    "MS1_4": "F6",
    "MS1_5": "F9",
    "MS2_1": "F9",
    "MS2_2": "F9",
    "MS2_3": "F5",
    "MS2_4": "F7",
    "MS2_5": "F7",
    "MS3_1": "F10",
    "MS3_2": "F10",
    "MS3_3": "F8",
    "MS3_4": "F8",
    "MS3_5": "F1",
    "MS4_1": "F3",
    "MS4_2": "F9",
    "MS4_3": "F4",
    "MS4_4": "F10",
    "MS4_5": "F10"
  },
  "sensor": {
    "S1": "F10",
    "S2": "F9",
    "S3": "F10",
    "S4": "F3"
  },
  "fog": {
    "F1": {
      "rho": 0.9257973764901095,
      "capacity": 1.0,
      "tserv": 5.290270722800626,
      "stddev": 5.290270722800626,
      "mu": 0.18902624315426492,
      "cv": 1.0,
      "lambda": 0.175,
      "twait": 66.00465757707929
    },
    "F2": {
      "rho": 0.8300857252558129,
      "capacity": 1.0,
      "tserv": 4.743347001461788,
      "stddev": 4.743347001461788,
      "mu": 0.21082159911383744,
      "cv": 1.0,
      "lambda": 0.175,
      "twait": 23.172771338819462
    },
    "F3": {
      "rho": 0.8006442459596119,
      "capacity": 1.0,
      "tserv": 4.575109976912069,
      "stddev": 4.575109976912069,
      "mu": 0.21857398074503587,
      "cv": 1.0,
      "lambda": 0.175,
      "twait": 18.3743654417166
    },
    "F4": {
      "rho": 0.7594399203184371,
      "capacity": 1.0,
      "tserv": 4.339656687533926,
      "stddev": 4.339656687533926,
      "mu": 0.23043297477254235,
      "cv": 1.0,
      "lambda": 0.175,
      "twait": 13.700147311859777
    },
    "F5": {
      "rho": 0.6539852051069703,
      "capacity": 1.0,
      "tserv": 3.737058314896973,
      "stddev": 3.7370583148969723,
      "mu": 0.2675901513267044,
      "cv": 0.9999999999999998,
      "lambda": 0.175,
      "twait": 7.063226441864029
    },
    "F6": {
      "rho": 0.5423757292149731,
      "capacity": 1.0,
      "tserv": 3.099289881228418,
      "stddev": 3.099289881228418,
      "mu": 0.3226545558247831,
      "cv": 1.0,
      "lambda": 0.175,
      "twait": 3.6732745981681254
    },
    "F7": {
      "rho": 0.6444679590780742,
      "capacity": 1.0,
      "tserv": 1.8413370259373547,
      "stddev": 2.4838177510387776,
      "mu": 0.5430836321183179,
      "cv": 1.3489207657540914,
      "lambda": 0.35,
      "twait": 4.705561028389661
    },
    "F8": {
      "rho": 0.580395729521167,
      "capacity": 1.0,
      "tserv": 1.6582735129176203,
      "stddev": 2.032389408427085,
      "mu": 0.6030368284907159,
      "cv": 1.2256056631159915,
      "lambda": 0.35,
      "twait": 2.8695694757201466
    },
    "F9": {
      "rho": 0.6096067158277884,
      "capacity": 1.0,
      "tserv": 0.8708667368968406,
      "stddev": 1.0782847938989941,
      "mu": 1.148281312894439,
      "cv": 1.2381742788124463,
      "lambda": 0.7,
      "twait": 1.7223335206475925
    },
    "F10": {
      "rho": 0.6532013932270553,
      "capacity": 1.0,
      "tserv": 0.6220965649781479,
      "stddev": 0.9081151269736696,
      "mu": 1.6074674838224297,
      "cv": 1.4597655381774508,
      "lambda": 1.05,
      "twait": 1.8342938180094652
    }
  },
  "extra": {
    "deltatime": 0.0138672,
    "obj_func": 56.83929738953818
  },
  "network": [
    [
      0.0,
      2.4412798709721937,
      2.1309034809407574,
      1.4716145631621358,
      1.6828785795061294,
      2.374161775537893,
      2.2143901658848466,
      2.4295539552512895,
      1.664459765872087,
      1.664459765872087
    ],
    [
      2.4412798709721937,
      0.0,
      1.7559133600975523,
      2.002219552380452,
      2.0078114082417233,
      1.836559856308971,
      2.26491513351637,
      1.664459765872087,
      2.111203102204047,
      2.111203102204047
    ],
    [
      2.1309034809407574,
      1.7559133600975523,
      0.0,
      2.248710244179599,
      2.2255108558886367,
      1.7939566466064227,
      2.4295539552512895,
      2.111203102204047,
      2.239647237457027,
      2.239647237457027
    ],
    [
      1.4716145631621358,
      2.002219552380452,
      2.248710244179599,
      0.0,
      2.0782988200115056,
      2.2143901658848466,
      1.664459765872087,
      2.239647237457027,
      1.8047503444505058,
      1.8047503444505058
    ],
    [
      1.6828785795061294,
      2.0078114082417233,
      2.2255108558886367,
      2.0782988200115056,
      0.0,
      2.26491513351637,
      2.111203102204047,
      1.8047503444505058,
      2.219660417401245,
      2.219660417401245
    ],
    [
      2.374161775537893,
      1.836559856308971,
      1.7939566466064227,
      2.2143901658848466,
      2.26491513351637,
      0.0,
      2.239647237457027,
      2.219660417401245,
      1.517833469318429,
      1.517833469318429
    ],
    [
      2.2143901658848466,
      2.26491513351637,
      2.4295539552512895,
      1.664459765872087,
      2.111203102204047,
      2.239647237457027,
      0.0,
      1.517833469318429,
      2.259800043174226,
      2.259800043174226
    ],
    [
      2.4295539552512895,
      1.664459765872087,
      2.111203102204047,
      2.239647237457027,
      1.8047503444505058,
      2.219660417401245,
      1.517833469318429,
      0.0,
      2.4557503055191194,
      2.4557503055191194
    ],
    [
      1.664459765872087,
      2.111203102204047,
      2.239647237457027,
      1.8047503444505058,
      2.219660417401245,
      1.517833469318429,
      2.259800043174226,
      2.4557503055191194,
      0.0,
      1.8577947692327057
    ],
    [
      1.664459765872087,
      2.111203102204047,
      2.239647237457027,
      1.8047503444505058,
      2.219660417401245,
      1.517833469318429,
      2.259800043174226,
      2.4557503055191194,
      1.8577947692327057,
      0.0
    ]
  ]
}