{
  "servicechain": {
    "SC1": {
      "resptime": 34.38643855179936,
      "resptime_old": 24.386438551799355,
      "waittime": 18.33683770631705,
      "servicetime": 10.0,
      "networktime": 6.049600845482313,
      "services": {
        "MS1_1": {
          "meanserv": 1.6067759572421425,
          "stddevserv": 1.6067759572421425,
          "rate": 0.6223643038052374,
          "cv": 1.0,
          "lambda": 0.15
        },
        "MS1_2": {
          "meanserv": 0.5156928169101416,
          "stddevserv": 0.5156928169101416,
          "rate": 1.9391388966626772,
          "cv": 1.0,
          "lambda": 0.15
        },
        "MS1_3": {
          "meanserv": 0.7601713674664126,
          "stddevserv": 0.7601713674664126,
          "rate": 1.3154928517406754,
          "cv": 1.0,
          "lambda": 0.15
        },
        "MS1_4": {
          "meanserv": 0.4995871959059204,
          "stddevserv": 0.4995871959059204,
          "rate": 2.001652580760526,
          "cv": 1.0,
          "lambda": 0.15
        },
        "MS1_5": {
          "meanserv": 0.45297497202389936,
          "stddevserv": 0.45297497202389936,
          "rate": 2.2076274888477485,
          "cv": 1.0,
          "lambda": 0.15
        },
        "MS1_6": {
          "meanserv": 0.10744259442079951,
          "stddevserv": 0.10744259442079951,
          "rate": 9.3072957274607,
          "cv": 1.0,
          "lambda": 0.15
        },
        "MS1_7": {
          "meanserv": 1.7021088854330255,
          "stddevserv": 1.7021088854330255,
          "rate": 0.5875064800837314,
          "cv": 1.0,
          "lambda": 0.15
        },
        "MS1_8": {
          "meanserv": 0.8904727933693524,
          "stddevserv": 0.8904727933693524,
          "rate": 1.122998936571909,
          "cv": 1.0,
          "lambda": 0.15
        },
        "MS1_9": {
          "meanserv": 0.17505833522532743,
          "stddevserv": 0.17505833522532743,
          "rate": 5.712381525351785,
          "cv": 1.0,
          "lambda": 0.15
        },
        "MS1_10": {
          "meanserv": 0.8159009276717057,
          "stddevserv": 0.8159009276717057,
          "rate": 1.2256390035658475,
          "cv": 1.0,
          "lambda": 0.15
        },
        "MS1_11": {
          "meanserv": 1.0630386501687346,
          "stddevserv": 1.0630386501687346,
          "rate": 0.940699568958543,
          "cv": 1.0,
          "lambda": 0.15
        },
        "MS1_12": {
          "meanserv": 1.4107755041625385,
          "stddevserv": 1.4107755041625385,
          "rate": 0.7088299995636923,
          "cv": 1.0,
          "lambda": 0.15
        }
      },
      "sensors": [
        "S1"
      ],
      "sources": [
        {
          "startTime": 0,
          "stopTime": -1,
          "lambda": 0.15
        }
      ]
    },
    "SC2": {
      "resptime": 34.08674170770185,
      "resptime_old": 24.086741707701847,
      "waittime": 19.753136133634303,
      "servicetime": 10.0,
      "networktime": 4.333605574067544,
      "services": {
        "MS2_1": {
          "meanserv": 0.23939988953128766,
          "stddevserv": 0.23939988953128766,
          "rate": 4.1771113677531915,
          "cv": 1.0,
          "lambda": 0.15
        },
        "MS2_2": {
          "meanserv": 0.32674022306785955,
          "stddevserv": 0.32674022306785955,
          "rate": 3.060535340922239,
          "cv": 1.0,
          "lambda": 0.15
        },
        "MS2_3": {
          "meanserv": 0.4511319085940524,
          "stddevserv": 0.4511319085940524,
          "rate": 2.2166465748709485,
          "cv": 1.0,
          "lambda": 0.15
        },
        "MS2_4": {
          "meanserv": 1.9708245247204281,
          "stddevserv": 1.9708245247204281,
          "rate": 0.5074018449926968,
          "cv": 1.0,
          "lambda": 0.15
        },
        "MS2_5": {
          "meanserv": 0.4345038533082981,
          "stddevserv": 0.4345038533082981,
          "rate": 2.3014755620370977,
          "cv": 1.0,
          "lambda": 0.15
        },
        "MS2_6": {
          "meanserv": 1.3113546795781073,
          "stddevserv": 1.3113546795781073,
          "rate": 0.7625701997889105,
          "cv": 1.0,
          "lambda": 0.15
        },
        "MS2_7": {
          "meanserv": 0.03410454224560233,
          "stddevserv": 0.03410454224560233,
          "rate": 29.321607450366724,
          "cv": 1.0,
          "lambda": 0.15
        },
        "MS2_8": {
          "meanserv": 1.6542102739601052,
          "stddevserv": 1.6542102739601052,
          "rate": 0.6045180686769916,
          "cv": 1.0,
          "lambda": 0.15
        },
        "MS2_9": {
          "meanserv": 0.1427137585742262,
          "stddevserv": 0.1427137585742262,
          "rate": 7.007032888702841,
          "cv": 1.0,
          "lambda": 0.15
        },
        "MS2_10": {
          "meanserv": 1.2968266588694046,
          "stddevserv": 1.2968266588694046,
          "rate": 0.7711130806578397,
          "cv": 1.0,
          "lambda": 0.15
        },
        "MS2_11": {
          "meanserv": 0.2372120676849505,
          "stddevserv": 0.2372120676849505,
          "rate": 4.215637129086258,
          "cv": 1.0,
          "lambda": 0.15
        },
        "MS2_12": {
          "meanserv": 1.900977619865678,
          "stddevserv": 1.900977619865678,
          "rate": 0.5260451199160668,
          "cv": 1.0,
          "lambda": 0.15
        }
      },
      "sensors": [
        "S2"
      ],
      "sources": [
        {
          "startTime": 0,
          "stopTime": -1,
          "lambda": 0.15
        }
      ]
    },
    "SC3": {
      "resptime": 33.544266287615194,
      "resptime_old": 23.544266287615194,
      "waittime": 21.40628426816899,
      "servicetime": 10.0,
      "networktime": 2.1379820194462082,
      "services": {
        "MS3_1": {
          "meanserv": 0.9341870565913091,
          "stddevserv": 0.9341870565913091,
          "rate": 1.0704494276005398,
          "cv": 1.0,
          "lambda": 0.15
        },
        "MS3_2": {
          "meanserv": 0.8065313596594637,
          "stddevserv": 0.8065313596594637,
          "rate": 1.2398773935116711,
          "cv": 1.0,
          "lambda": 0.15
        },
        "MS3_3": {
          "meanserv": 1.0218418060485956,
          "stddevserv": 1.0218418060485956,
          "rate": 0.978625061218569,
          "cv": 1.0,
          "lambda": 0.15
        },
        "MS3_4": {
          "meanserv": 1.780519837919384,
          "stddevserv": 1.780519837919384,
          "rate": 0.561633731174006,
          "cv": 1.0,
          "lambda": 0.15
        },
        "MS3_5": {
          "meanserv": 0.6919799142081278,
          "stddevserv": 0.6919799142081278,
          "rate": 1.4451286510886046,
          "cv": 1.0,
          "lambda": 0.15
        },
        "MS3_6": {
          "meanserv": 0.2734643431639867,
          "stddevserv": 0.2734643431639867,
          "rate": 3.656783873283019,
          "cv": 1.0,
          "lambda": 0.15
        },
        "MS3_7": {
          "meanserv": 0.13487870346959685,
          "stddevserv": 0.13487870346959685,
          "rate": 7.414068895060302,
          "cv": 1.0,
          "lambda": 0.15
        },
        "MS3_8": {
          "meanserv": 0.21820824567347596,
          "stddevserv": 0.21820824567347596,
          "rate": 4.582778239720543,
          "cv": 1.0,
          "lambda": 0.15
        },
        "MS3_9": {
          "meanserv": 0.1599336200487791,
          "stddevserv": 0.1599336200487791,
          "rate": 6.252594043047385,
          "cv": 1.0,
          "lambda": 0.15
        },
        "MS3_10": {
          "meanserv": 0.033572760417314385,
          "stddevserv": 0.033572760417314385,
          "rate": 29.786052370131376,
          "cv": 1.0,
          "lambda": 0.15
        },
        "MS3_11": {
          "meanserv": 1.187196935117246,
          "stddevserv": 1.187196935117246,
          "rate": 0.8423202338382396,
          "cv": 1.0,
          "lambda": 0.15
        },
        "MS3_12": {
          "meanserv": 2.757685417682721,
          "stddevserv": 2.757685417682721,
          "rate": 0.3626229422644946,
          "cv": 1.0,
          "lambda": 0.15
        }
      },
      "sensors": [
        "S3"
      ],
      "sources": [
        {
          "startTime": 0,
          "stopTime": -1,
          "lambda": 0.15
        }
      ]
    },
    "SC4": {
      "resptime": 33.78011421980164,
      "resptime_old": 23.78011421980164,
      "waittime": 19.470916550048273,
      "servicetime": 10.0,
      "networktime": 4.309197669753365,
      "services": {
        "MS4_1": {
          "meanserv": 0.19272938628387193,
          "stddevserv": 0.19272938628387193,
          "rate": 5.188622343907098,
          "cv": 1.0,
          "lambda": 0.15
        },
        "MS4_2": {
          "meanserv": 2.193813104303245,
          "stddevserv": 2.193813104303245,
          "rate": 0.4558273437415718,
          "cv": 1.0,
          "lambda": 0.15
        },
        "MS4_3": {
          "meanserv": 0.641579121480552,
          "stddevserv": 0.641579121480552,
          "rate": 1.558654211958038,
          "cv": 1.0,
          "lambda": 0.15
        },
        "MS4_4": {
          "meanserv": 0.76095625909401,
          "stddevserv": 0.76095625909401,
          "rate": 1.3141359809440218,
          "cv": 1.0,
          "lambda": 0.15
        },
        "MS4_5": {
          "meanserv": 0.7226653842663917,
          "stddevserv": 0.7226653842663917,
          "rate": 1.3837662931858048,
          "cv": 1.0,
          "lambda": 0.15
        },
        "MS4_6": {
          "meanserv": 1.4397562472746346,
          "stddevserv": 1.4397562472746346,
          "rate": 0.6945620148500382,
          "cv": 1.0,
          "lambda": 0.15
        },
        "MS4_7": {
          "meanserv": 0.8403451581517887,
          "stddevserv": 0.8403451581517887,
          "rate": 1.1899872216784682,
          "cv": 1.0,
          "lambda": 0.15
        },
        "MS4_8": {
          "meanserv": 1.4820689665500772,
          "stddevserv": 1.4820689665500772,
          "rate": 0.6747324332198755,
          "cv": 1.0,
          "lambda": 0.15
        },
        "MS4_9": {
          "meanserv": 0.24985450835712442,
          "stddevserv": 0.24985450835712442,
          "rate": 4.002329221815243,
          "cv": 1.0,
          "lambda": 0.15
        },
        "MS4_10": {
          "meanserv": 0.3836863668540218,
          "stddevserv": 0.3836863668540218,
          "rate": 2.6062953661850132,
          "cv": 1.0,
          "lambda": 0.15
        },
        "MS4_11": {
          "meanserv": 0.7419174576271139,
          "stddevserv": 0.7419174576271139,
          "rate": 1.3478588348605727,
          "cv": 1.0,
          "lambda": 0.15
        },
        "MS4_12": {
          "meanserv": 0.3506280397571686,
          "stddevserv": 0.3506280397571686,
          "rate": 2.852025185129407,
          "cv": 1.0,
          "lambda": 0.15
        }
      },
      "sensors": [
        "S4"
      ],
      "sources": [
        {
          "startTime": 0,
          "stopTime": -1,
          "lambda": 0.15
        }
      ]
    }
  },
  "microservice": {
    "MS1_1": "F7",
    "MS1_2": "F10",
    "MS1_3": "F10",
    "MS1_4": "F4",
    "MS1_5": "F4",
    "MS1_6": "F4",
    "MS1_7": "F6",
    "MS1_8": "F4",
    "MS1_9": "F3",
    "MS1_10": "F3",
    "MS1_11": "F6",
    "MS1_12": "F3",
    "MS2_1": "F1",
    "MS2_2": "F1",
    "MS2_3": "F9",
    "MS2_4": "F9",
    "MS2_5": "F9",
    "MS2_6": "F6",
    "MS2_7": "F4",
    "MS2_8": "F4",
    "MS2_9": "F4",
    "MS2_10": "F10",
    "MS2_11": "F10",
    "MS2_12": "F8",
    "MS3_1": "F1",
    "MS3_2": "F1",
    "MS3_3": "F5",
    "MS3_4": "F5",
    "MS3_5": "F3",
    "MS3_6": "F3",
    "MS3_7": "F3",
    "MS3_8": "F3",
    "MS3_9": "F3",
    "MS3_10": "F3",
    "MS3_11": "F2",
    "MS3_12": "F2",
    "MS4_1": "F1",
    "MS4_2": "F8",
    "MS4_3": "F10",
    "MS4_4": "F10",
    "MS4_5": "F7",
    "MS4_6": "F7",
    "MS4_7": "F9",
    "MS4_8": "F5",
    "MS4_9": "F1",
    "MS4_10": "F1",
    "MS4_11": "F1",
    "MS4_12": "F1"
  },
  "sensor": {
    "S1": "F7",
    "S2": "F1",
    "S3": "F1",
    "S4": "F1"
  },
  "fog": {
    "F1": {
      "rho": 0.6338511431593832,
      "capacity": 1.0,
      "tserv": 0.4695193653032468,
      "stddev": 0.5991513391655976,
      "mu": 2.12983760393809,
      "cv": 1.2760950526047543,
      "lambda": 1.3499999999999999,
      "twait": 1.0681878607171749
    },
    "F2": {
      "rho": 0.591732352919995,
      "capacity": 1.0,
      "tserv": 1.9724411763999836,
      "stddev": 2.2635682519627176,
      "mu": 0.5069859684359043,
      "cv": 1.1475973423420853,
      "lambda": 0.3,
      "twait": 3.31189557516613
    },
    "F3": {
      "rho": 0.5870658531061279,
      "capacity": 1.0,
      "tserv": 0.43486359489342813,
      "stddev": 0.7426350464183,
      "mu": 2.299571662799388,
      "cv": 1.707742508545231,
      "lambda": 1.3499999999999999,
      "twait": 1.2106382715857502
    },
    "F4": {
      "rho": 0.5672259195749859,
      "capacity": 1.0,
      "tserv": 0.5402151614999865,
      "stddev": 0.9251699292690297,
      "mu": 1.8511142805088134,
      "cv": 1.7125952679672298,
      "lambda": 1.05,
      "twait": 1.3923666691076704
    },
    "F5": {
      "rho": 0.6426645915777085,
      "capacity": 1.0,
      "tserv": 1.4281435368393525,
      "stddev": 1.4947795932734071,
      "mu": 0.7002097297678609,
      "cv": 1.0466592150684852,
      "lambda": 0.44999999999999996,
      "twait": 2.6911438834439374
    },
    "F6": {
      "rho": 0.61147533227698,
      "capacity": 1.0,
      "tserv": 1.3588340717266225,
      "stddev": 1.4088368425871263,
      "mu": 0.7359250263200534,
      "cv": 1.0367982904615918,
      "lambda": 0.44999999999999996,
      "twait": 2.2187305219076783
    },
    "F7": {
      "rho": 0.5653796383174753,
      "capacity": 1.0,
      "tserv": 1.2563991962610563,
      "stddev": 1.3684696745894642,
      "mu": 0.7959253738588182,
      "cv": 1.0891997373620745,
      "lambda": 0.44999999999999996,
      "twait": 1.7866876735527268
    },
    "F8": {
      "rho": 0.6142186086253385,
      "capacity": 1.0,
      "tserv": 2.047395362084462,
      "stddev": 2.0578396631316678,
      "mu": 0.4884254494851917,
      "cv": 1.0051012624335403,
      "lambda": 0.3,
      "twait": 3.276414584623852
    },
    "F9": {
      "rho": 0.5545208167161851,
      "capacity": 1.0,
      "tserv": 0.9242013611936419,
      "stddev": 1.2795207261892567,
      "mu": 1.0820152858338805,
      "cv": 1.384460984278043,
      "lambda": 0.6,
      "twait": 1.6777359335281279
    },
    "F10": {
      "rho": 0.6318657437258207,
      "capacity": 1.0,
      "tserv": 0.7020730485842452,
      "stddev": 0.8354214581609299,
      "mu": 1.424353209422488,
      "cv": 1.1899352351519352,
      "lambda": 0.9,
      "twait": 1.455653748880516
    }
  },
  "extra": {
    "conv_gen": 354,
    "max_gen": 600,
    "population": 600,
    "deltatime": 71.1152891,
    "obj_func": 33.94939019172951
  },
  "network": [
    [
      0.0,
      0.7449009640442529,
      0.48883769228115814,
      0.6965219708483478,
      0.5988516985463738,
      0.8627634641794596,
      0.865477190744383,
      0.833649243090597,
      0.932314795518173,
      0.932314795518173
    ],
    [
      0.7449009640442529,
      0.0,
      0.9101635909264449,
      0.9575599033658452,
      1.158605646756426,
      0.9028842801890636,
      0.9683155210533286,
      0.932314795518173,
      0.9322132481575687,
      0.9322132481575687
    ],
    [
      0.48883769228115814,
      0.9101635909264449,
      0.0,
      1.0068496417120525,
      0.6289667299733896,
      0.7343729388336947,
      0.833649243090597,
      0.9322132481575687,
      1.0141606626832993,
      1.0141606626832993
    ],
    [
      0.6965219708483478,
      0.9575599033658452,
      1.0068496417120525,
      0.0,
      0.7356469603771401,
      0.865477190744383,
      0.932314795518173,
      1.0141606626832993,
      1.1314720111404633,
      1.1314720111404633
    ],
    [
      0.5988516985463738,
      1.158605646756426,
      0.6289667299733896,
      0.7356469603771401,
      0.0,
      0.9683155210533286,
      0.9322132481575687,
      1.1314720111404633,
      0.9059659445053541,
      0.9059659445053541
    ],
    [
      0.8627634641794596,
      0.9028842801890636,
      0.7343729388336947,
      0.865477190744383,
      0.9683155210533286,
      0.0,
      1.0141606626832993,
      0.9059659445053541,
      0.8567686600007682,
      0.8567686600007682
    ],
    [
      0.865477190744383,
      0.9683155210533286,
      0.833649243090597,
      0.932314795518173,
      0.9322132481575687,
      1.0141606626832993,
      0.0,
      0.8567686600007682,
      0.7115789334736418,
      0.7115789334736418
    ],
    [
      0.833649243090597,
      0.932314795518173,
      0.9322132481575687,
      1.0141606626832993,
      1.1314720111404633,
      0.9059659445053541,
      0.8567686600007682,
      0.0,
      0.5475729166637567,
      0.5475729166637567
    ],
    [
      0.932314795518173,
      0.9322132481575687,
      1.0141606626832993,
      1.1314720111404633,
      0.9059659445053541,
      0.8567686600007682,
      0.7115789334736418,
      0.5475729166637567,
      0.0,
      0.8619235686862069
    ],
    [
      0.932314795518173,
      0.9322132481575687,
      1.0141606626832993,
      1.1314720111404633,
      0.9059659445053541,
      0.8567686600007682,
      0.7115789334736418,
      0.5475729166637567,
      0.8619235686862069,
      0.0
    ]
  ]
}