{
  "servicechain": {
    "SC1": {
      "resptime": 28.955451927537148,
      "resptime_old": 18.95545192753715,
      "waittime": 15.537905421579568,
      "servicetime": 10.0,
      "networktime": 3.4175465059575827,
      "services": {
        "MS1_1": {
          "meanserv": 0.5679688678393313,
          "stddevserv": 0.5679688678393313,
          "rate": 1.760659882299892,
          "cv": 1.0,
          "lambda": 0.15
        },
        "MS1_2": {
          "meanserv": 0.6272809077054031,
          "stddevserv": 0.6272809077054031,
          "rate": 1.5941821083922438,
          "cv": 1.0,
          "lambda": 0.15
        },
        "MS1_3": {
          "meanserv": 0.004292639429548384,
          "stddevserv": 0.004292639429548384,
          "rate": 232.95690598108473,
          "cv": 1.0,
          "lambda": 0.15
        },
        "MS1_4": {
          "meanserv": 1.3584788361453224,
          "stddevserv": 1.3584788361453224,
          "rate": 0.7361174671204268,
          "cv": 1.0,
          "lambda": 0.15
        },
        "MS1_5": {
          "meanserv": 0.8509786810187028,
          "stddevserv": 0.8509786810187028,
          "rate": 1.175117570281437,
          "cv": 1.0,
          "lambda": 0.15
        },
        "MS1_6": {
          "meanserv": 0.24211214331942177,
          "stddevserv": 0.24211214331942177,
          "rate": 4.130317407007078,
          "cv": 1.0,
          "lambda": 0.15
        },
        "MS1_7": {
          "meanserv": 1.6813078876870908,
          "stddevserv": 1.6813078876870908,
          "rate": 0.5947750601323002,
          "cv": 1.0,
          "lambda": 0.15
        },
        "MS1_8": {
          "meanserv": 4.035131389555401,
          "stddevserv": 4.035131389555401,
          "rate": 0.24782340485576654,
          "cv": 1.0,
          "lambda": 0.15
        },
        "MS1_9": {
          "meanserv": 0.6324486472997783,
          "stddevserv": 0.6324486472997783,
          "rate": 1.5811560421062987,
          "cv": 1.0,
          "lambda": 0.15
        }
      },
      "sensors": [
        "S1"
      ],
      "sources": [
        {
          "startTime": 0,
          "stopTime": -1,
          "lambda": 0.15
        }
      ]
    },
    "SC2": {
      "resptime": 27.732246635823426,
      "resptime_old": 17.732246635823426,
      "waittime": 14.0237261934688,
      "servicetime": 10.0,
      "networktime": 3.7085204423546254,
      "services": {
        "MS2_1": {
          "meanserv": 1.8086324840112544,
          "stddevserv": 1.8086324840112544,
          "rate": 0.5529039253912778,
          "cv": 1.0,
          "lambda": 0.15
        },
        "MS2_2": {
          "meanserv": 0.37910556092560554,
          "stddevserv": 0.37910556092560554,
          "rate": 2.637787737954698,
          "cv": 1.0,
          "lambda": 0.15
        },
        "MS2_3": {
          "meanserv": 3.026613711850068,
          "stddevserv": 3.026613711850068,
          "rate": 0.3304022565168164,
          "cv": 1.0,
          "lambda": 0.15
        },
        "MS2_4": {
          "meanserv": 0.3672138225602142,
          "stddevserv": 0.3672138225602142,
          "rate": 2.7232090367078277,
          "cv": 1.0,
          "lambda": 0.15
        },
        "MS2_5": {
          "meanserv": 0.6034842839187391,
          "stddevserv": 0.6034842839187391,
          "rate": 1.6570439805101087,
          "cv": 1.0,
          "lambda": 0.15
        },
        "MS2_6": {
          "meanserv": 1.6530629490707218,
          "stddevserv": 1.6530629490707218,
          "rate": 0.604937640494668,
          "cv": 1.0,
          "lambda": 0.15
        },
        "MS2_7": {
          "meanserv": 0.4940358453744169,
          "stddevserv": 0.4940358453744169,
          "rate": 2.024144623032618,
          "cv": 1.0,
          "lambda": 0.15
        },
        "MS2_8": {
          "meanserv": 0.7957851982385478,
          "stddevserv": 0.7957851982385478,
          "rate": 1.2566205079127848,
          "cv": 1.0,
          "lambda": 0.15
        },
        "MS2_9": {
          "meanserv": 0.8720661440504323,
          "stddevserv": 0.8720661440504323,
          "rate": 1.1467020097298597,
          "cv": 1.0,
          "lambda": 0.15
        }
      },
      "sensors": [
        "S2"
      ],
      "sources": [
        {
          "startTime": 0,
          "stopTime": -1,
          "lambda": 0.15
        }
      ]
    },
    "SC3": {
      "resptime": 37.10215898308245,
      "resptime_old": 27.102158983082447,
      "waittime": 22.718845977675223,
      "servicetime": 10.0,
      "networktime": 4.383313005407226,
      "services": {
        "MS3_1": {
          "meanserv": 0.2898428362395189,
          "stddevserv": 0.2898428362395189,
          "rate": 3.450145647807645,
          "cv": 1.0,
          "lambda": 0.15
        },
        "MS3_2": {
          "meanserv": 0.18814986778172949,
          "stddevserv": 0.18814986778172949,
          "rate": 5.314912052768959,
          "cv": 1.0,
          "lambda": 0.15
        },
        "MS3_3": {
          "meanserv": 2.95035125663177,
          "stddevserv": 2.95035125663177,
          "rate": 0.33894269292587115,
          "cv": 1.0,
          "lambda": 0.15
        },
        "MS3_4": {
          "meanserv": 4.124694572747993,
          "stddevserv": 4.124694572747993,
          "rate": 0.24244219356435173,
          "cv": 1.0,
          "lambda": 0.15
        },
        "MS3_5": {
          "meanserv": 0.3432419969439078,
          "stddevserv": 0.3432419969439078,
          "rate": 2.9133964051707193,
          "cv": 1.0,
          "lambda": 0.15
        },
        "MS3_6": {
          "meanserv": 0.5207682018422837,
          "stddevserv": 0.5207682018422837,
          "rate": 1.920240130757548,
          "cv": 1.0,
          "lambda": 0.15
        },
        "MS3_7": {
          "meanserv": 0.11436582911234794,
          "stddevserv": 0.11436582911234794,
          "rate": 8.743870505390593,
          "cv": 1.0,
          "lambda": 0.15
        },
        "MS3_8": {
          "meanserv": 0.006924604145092772,
          "stddevserv": 0.006924604145092772,
          "rate": 144.41258721029786,
          "cv": 1.0,
          "lambda": 0.15
        },
        "MS3_9": {
          "meanserv": 1.4616608345553566,
          "stddevserv": 1.4616608345553566,
          "rate": 0.6841532429130212,
          "cv": 1.0,
          "lambda": 0.15
        }
      },
      "sensors": [
        "S3"
      ],
      "sources": [
        {
          "startTime": 0,
          "stopTime": -1,
          "lambda": 0.15
        }
      ]
    },
    "SC4": {
      "resptime": 34.77873963427141,
      "resptime_old": 24.778739634271414,
      "waittime": 23.132003569901375,
      "servicetime": 10.0,
      "networktime": 1.646736064370038,
      "services": {
        "MS4_1": {
          "meanserv": 0.5302130629486201,
          "stddevserv": 0.5302130629486201,
          "rate": 1.8860342565662216,
          "cv": 1.0,
          "lambda": 0.15
        },
        "MS4_2": {
          "meanserv": 1.1191341476373906,
          "stddevserv": 1.1191341476373906,
          "rate": 0.8935479290942062,
          "cv": 1.0,
          "lambda": 0.15
        },
        "MS4_3": {
          "meanserv": 0.6296377153191492,
          "stddevserv": 0.6296377153191492,
          "rate": 1.5882148982977018,
          "cv": 1.0,
          "lambda": 0.15
        },
        "MS4_4": {
          "meanserv": 0.6237321858714724,
          "stddevserv": 0.6237321858714724,
          "rate": 1.6032522012677763,
          "cv": 1.0,
          "lambda": 0.15
        },
        "MS4_5": {
          "meanserv": 0.25751584794454185,
          "stddevserv": 0.25751584794454185,
          "rate": 3.8832561490171207,
          "cv": 1.0,
          "lambda": 0.15
        },
        "MS4_6": {
          "meanserv": 4.8231097306613355,
          "stddevserv": 4.8231097306613355,
          "rate": 0.20733511278891884,
          "cv": 1.0,
          "lambda": 0.15
        },
        "MS4_7": {
          "meanserv": 0.4981851903506902,
          "stddevserv": 0.4981851903506902,
          "rate": 2.0072856828523236,
          "cv": 1.0,
          "lambda": 0.15
        },
        "MS4_8": {
          "meanserv": 0.46114185156901577,
          "stddevserv": 0.46114185156901577,
          "rate": 2.1685301314498826,
          "cv": 1.0,
          "lambda": 0.15
        },
        "MS4_9": {
          "meanserv": 1.0573302676977843,
          "stddevserv": 1.0573302676977843,
          "rate": 0.945778278131946,
          "cv": 1.0,
          "lambda": 0.15
        }
      },
      "sensors": [
        "S4"
      ],
      "sources": [
        {
          "startTime": 0,
          "stopTime": -1,
          "lambda": 0.15
        }
      ]
    }
  },
  "microservice": {
    "MS1_1": "F10",
    "MS1_2": "F10",
    "MS1_3": "F10",
    "MS1_4": "F10",
    "MS1_5": "F10",
    "MS1_6": "F10",
    "MS1_7": "F4",
    "MS1_8": "F5",
    "MS1_9": "F1",
    "MS2_1": "F6",
    "MS2_2": "F6",
    "MS2_3": "F8",
    "MS2_4": "F7",
    "MS2_5": "F7",
    "MS2_6": "F6",
    "MS2_7": "F7",
    "MS2_8": "F7",
    "MS2_9": "F7",
    "MS3_1": "F1",
    "MS3_2": "F1",
    "MS3_3": "F9",
    "MS3_4": "F3",
    "MS3_5": "F7",
    "MS3_6": "F7",
    "MS3_7": "F7",
    "MS3_8": "F7",
    "MS3_9": "F9",
    "MS4_1": "F1",
    "MS4_2": "F1",
    "MS4_3": "F1",
    "MS4_4": "F1",
    "MS4_5": "F1",
    "MS4_6": "F2",
    "MS4_7": "F4",
    "MS4_8": "F4",
    "MS4_9": "F4"
  },
  "sensor": {
    "S1": "F10",
    "S2": "F6",
    "S3": "F1",
    "S4": "F1"
  },
  "fog": {
    "F1": {
      "rho": 0.6406011466563301,
      "capacity": 1.0,
      "tserv": 0.5338342888802751,
      "stddev": 0.6642423087089679,
      "mu": 1.873240480856923,
      "cv": 1.2442855817714997,
      "lambda": 1.2,
      "twait": 1.2123526036443644
    },
    "F2": {
      "rho": 0.7234664595992003,
      "capacity": 1.0,
      "tserv": 4.8231097306613355,
      "stddev": 4.8231097306613355,
      "mu": 0.20733511278891884,
      "cv": 1.0,
      "lambda": 0.15,
      "twait": 12.618209407953316
    },
    "F3": {
      "rho": 0.6187041859121989,
      "capacity": 1.0,
      "tserv": 4.124694572747993,
      "stddev": 4.124694572747993,
      "mu": 0.24244219356435173,
      "cv": 1.0,
      "lambda": 0.15,
      "twait": 6.692876510784013
    },
    "F4": {
      "rho": 0.5546947795956871,
      "capacity": 1.0,
      "tserv": 0.9244912993261453,
      "stddev": 1.161080418033665,
      "mu": 1.0816759451699465,
      "cv": 1.255912758594881,
      "lambda": 0.6,
      "twait": 1.4840103812420786
    },
    "F5": {
      "rho": 0.6052697084333102,
      "capacity": 1.0,
      "tserv": 4.035131389555401,
      "stddev": 4.035131389555401,
      "mu": 0.24782340485576654,
      "cv": 1.0,
      "lambda": 0.15,
      "twait": 6.18737110332375
    },
    "F6": {
      "rho": 0.5761201491011373,
      "capacity": 1.0,
      "tserv": 1.2802669980025274,
      "stddev": 1.5681973138765046,
      "mu": 0.7810870713376195,
      "cv": 1.2248986471753205,
      "lambda": 0.44999999999999996,
      "twait": 2.1754358891203633
    },
    "F7": {
      "rho": 0.6176828889278974,
      "capacity": 1.0,
      "tserv": 0.45754288068733134,
      "stddev": 0.5957202022740201,
      "mu": 2.185587498373436,
      "cv": 1.3019986266185928,
      "lambda": 1.3499999999999999,
      "twait": 0.9961728647219492
    },
    "F8": {
      "rho": 0.4539920567775102,
      "capacity": 1.0,
      "tserv": 3.026613711850068,
      "stddev": 3.026613711850068,
      "mu": 0.3304022565168164,
      "cv": 1.0,
      "lambda": 0.15,
      "twait": 2.5165542024979652
    },
    "F9": {
      "rho": 0.661801813678069,
      "capacity": 1.0,
      "tserv": 2.2060060455935635,
      "stddev": 2.4442917705516205,
      "mu": 0.45330791454423824,
      "cv": 1.1080168050463988,
      "lambda": 0.3,
      "twait": 4.808286400357341
    },
    "F10": {
      "rho": 0.5476668113186596,
      "capacity": 1.0,
      "tserv": 0.608518679242955,
      "stddev": 0.8628347086865696,
      "mu": 1.6433349280979812,
      "cv": 1.4179264139598866,
      "lambda": 0.9,
      "twait": 1.1090285555615624
    }
  },
  "extra": {
    "deltatime": 2.6001162,
    "conv": 8,
    "obj_func": 32.142149295178605
  },
  "network": [
    [
      0.0,
      0.8720754243160691,
      1.3661732177993278,
      1.1017830729744411,
      1.0370618201802055,
      1.132260147416584,
      0.7636114753229337,
      1.216782439278778,
      1.2888557635533324,
      1.2888557635533324
    ],
    [
      0.8720754243160691,
      0.0,
      0.8656203029609596,
      0.7746606400539687,
      0.9398788123563933,
      0.9471249690356967,
      1.1236442463908423,
      1.2888557635533324,
      1.0477037782754894,
      1.0477037782754894
    ],
    [
      1.3661732177993278,
      0.8656203029609596,
      0.0,
      1.2973505797329608,
      1.0346622939250694,
      0.7182499553105849,
      1.216782439278778,
      1.0477037782754894,
      0.9086058732557888,
      0.9086058732557888
    ],
    [
      1.1017830729744411,
      0.7746606400539687,
      1.2973505797329608,
      0.0,
      0.7408712521485615,
      0.7636114753229337,
      1.2888557635533324,
      0.9086058732557888,
      1.6396134336288157,
      1.6396134336288157
    ],
    [
      1.0370618201802055,
      0.9398788123563933,
      1.0346622939250694,
      0.7408712521485615,
      0.0,
      1.1236442463908423,
      1.0477037782754894,
      1.6396134336288157,
      0.8731177078688743,
      0.8731177078688743
    ],
    [
      1.132260147416584,
      0.9471249690356967,
      0.7182499553105849,
      0.7636114753229337,
      1.1236442463908423,
      0.0,
      0.9086058732557888,
      0.8731177078688743,
      1.0181909879741737,
      1.0181909879741737
    ],
    [
      0.7636114753229337,
      1.1236442463908423,
      1.216782439278778,
      1.2888557635533324,
      1.0477037782754894,
      0.9086058732557888,
      0.0,
      1.0181909879741737,
      0.9690689293193273,
      0.9690689293193273
    ],
    [
      1.216782439278778,
      1.2888557635533324,
      1.0477037782754894,
      0.9086058732557888,
      1.6396134336288157,
      0.8731177078688743,
      1.0181909879741737,
      0.0,
      1.3190146106902525,
      1.3190146106902525
    ],
    [
      1.2888557635533324,
      1.0477037782754894,
      0.9086058732557888,
      1.6396134336288157,
      0.8731177078688743,
      1.0181909879741737,
      0.9690689293193273,
      1.3190146106902525,
      0.0,
      1.0592999642854335
    ],
    [
      1.2888557635533324,
      1.0477037782754894,
      0.9086058732557888,
      1.6396134336288157,
      0.8731177078688743,
      1.0181909879741737,
      0.9690689293193273,
      1.3190146106902525,
      1.0592999642854335,
      0.0
    ]
  ]
}