{
  "servicechain": {
    "SC1": {
      "resptime": 52.52778036648519,
      "resptime_old": 42.52778036648519,
      "waittime": 37.03910148850866,
      "servicetime": 10.0,
      "networktime": 5.488678877976522,
      "services": {
        "MS1_1": {
          "meanserv": 1.2291149958836856,
          "stddevserv": 1.2291149958836856,
          "rate": 0.8135935232659326,
          "cv": 1.0,
          "lambda": 0.15
        },
        "MS1_2": {
          "meanserv": 0.44214747074716065,
          "stddevserv": 0.44214747074716065,
          "rate": 2.2616888394954633,
          "cv": 1.0,
          "lambda": 0.15
        },
        "MS1_3": {
          "meanserv": 1.2550656168818233,
          "stddevserv": 1.2550656168818233,
          "rate": 0.796771090331096,
          "cv": 1.0,
          "lambda": 0.15
        },
        "MS1_4": {
          "meanserv": 1.1687528249359511,
          "stddevserv": 1.1687528249359511,
          "rate": 0.855612905196444,
          "cv": 1.0,
          "lambda": 0.15
        },
        "MS1_5": {
          "meanserv": 0.001408635371946687,
          "stddevserv": 0.001408635371946687,
          "rate": 709.9069212056157,
          "cv": 1.0,
          "lambda": 0.15
        },
        "MS1_6": {
          "meanserv": 0.571335350585592,
          "stddevserv": 0.571335350585592,
          "rate": 1.7502855354128652,
          "cv": 1.0,
          "lambda": 0.15
        },
        "MS1_7": {
          "meanserv": 5.332175105593841,
          "stddevserv": 5.332175105593841,
          "rate": 0.1875407277887268,
          "cv": 1.0,
          "lambda": 0.15
        }
      },
      "sensors": [
        "S1"
      ],
      "sources": [
        {
          "startTime": 0,
          "stopTime": -1,
          "lambda": 0.15
        }
      ]
    },
    "SC2": {
      "resptime": 35.928527958384564,
      "resptime_old": 25.92852795838456,
      "waittime": 20.58831351750017,
      "servicetime": 10.0,
      "networktime": 5.340214440884393,
      "services": {
        "MS2_1": {
          "meanserv": 3.289907042367717,
          "stddevserv": 3.289907042367717,
          "rate": 0.30395995604797055,
          "cv": 1.0,
          "lambda": 0.15
        },
        "MS2_2": {
          "meanserv": 0.5857193573494515,
          "stddevserv": 0.5857193573494515,
          "rate": 1.7073022898291899,
          "cv": 1.0,
          "lambda": 0.15
        },
        "MS2_3": {
          "meanserv": 0.30083507451606817,
          "stddevserv": 0.30083507451606817,
          "rate": 3.3240804836624465,
          "cv": 1.0,
          "lambda": 0.15
        },
        "MS2_4": {
          "meanserv": 0.4008674131568464,
          "stddevserv": 0.4008674131568464,
          "rate": 2.4945903986681315,
          "cv": 1.0,
          "lambda": 0.15
        },
        "MS2_5": {
          "meanserv": 3.4898540579158936,
          "stddevserv": 3.4898540579158936,
          "rate": 0.2865449338008106,
          "cv": 1.0,
          "lambda": 0.15
        },
        "MS2_6": {
          "meanserv": 1.7241364283214757,
          "stddevserv": 1.7241364283214757,
          "rate": 0.5800005055130961,
          "cv": 1.0,
          "lambda": 0.15
        },
        "MS2_7": {
          "meanserv": 0.2086806263725478,
          "stddevserv": 0.2086806263725478,
          "rate": 4.792011684950316,
          "cv": 1.0,
          "lambda": 0.15
        }
      },
      "sensors": [
        "S2"
      ],
      "sources": [
        {
          "startTime": 0,
          "stopTime": -1,
          "lambda": 0.15
        }
      ]
    },
    "SC3": {
      "resptime": 33.542625676071125,
      "resptime_old": 23.542625676071125,
      "waittime": 19.20590680600177,
      "servicetime": 10.0,
      "networktime": 4.336718870069356,
      "services": {
        "MS3_1": {
          "meanserv": 3.4078129667432333,
          "stddevserv": 3.4078129667432333,
          "rate": 0.29344333440801373,
          "cv": 1.0,
          "lambda": 0.15
        },
        "MS3_2": {
          "meanserv": 0.9140929278149437,
          "stddevserv": 0.9140929278149437,
          "rate": 1.093980676986977,
          "cv": 1.0,
          "lambda": 0.15
        },
        "MS3_3": {
          "meanserv": 0.5805289304359285,
          "stddevserv": 0.5805289304359285,
          "rate": 1.7225670376997129,
          "cv": 1.0,
          "lambda": 0.15
        },
        "MS3_4": {
          "meanserv": 1.4876289407114527,
          "stddevserv": 1.4876289407114527,
          "rate": 0.672210638441703,
          "cv": 1.0,
          "lambda": 0.15
        },
        "MS3_5": {
          "meanserv": 0.06193194648279032,
          "stddevserv": 0.06193194648279032,
          "rate": 16.14675554042017,
          "cv": 1.0,
          "lambda": 0.15
        },
        "MS3_6": {
          "meanserv": 0.3715076076337587,
          "stddevserv": 0.3715076076337587,
          "rate": 2.691734918617937,
          "cv": 1.0,
          "lambda": 0.15
        },
        "MS3_7": {
          "meanserv": 3.176496680177893,
          "stddevserv": 3.176496680177893,
          "rate": 0.31481222890621663,
          "cv": 1.0,
          "lambda": 0.15
        }
      },
      "sensors": [
        "S3"
      ],
      "sources": [
        {
          "startTime": 0,
          "stopTime": -1,
          "lambda": 0.15
        }
      ]
    },
    "SC4": {
      "resptime": 34.041686671713876,
      "resptime_old": 24.04168667171388,
      "waittime": 19.113417999550983,
      "servicetime": 10.0,
      "networktime": 4.928268672162895,
      "services": {
        "MS4_1": {
          "meanserv": 1.729357648611134,
          "stddevserv": 1.729357648611134,
          "rate": 0.5782493868767463,
          "cv": 1.0,
          "lambda": 0.15
        },
        "MS4_2": {
          "meanserv": 2.85819227810137,
          "stddevserv": 2.85819227810137,
          "rate": 0.3498714931328121,
          "cv": 1.0,
          "lambda": 0.15
        },
        "MS4_3": {
          "meanserv": 0.8379560877664662,
          "stddevserv": 0.8379560877664662,
          "rate": 1.1933799570159511,
          "cv": 1.0,
          "lambda": 0.15
        },
        "MS4_4": {
          "meanserv": 0.07554514034112891,
          "stddevserv": 0.07554514034112891,
          "rate": 13.237118833646162,
          "cv": 1.0,
          "lambda": 0.15
        },
        "MS4_5": {
          "meanserv": 2.8477053812804067,
          "stddevserv": 2.8477053812804067,
          "rate": 0.35115992215120667,
          "cv": 1.0,
          "lambda": 0.15
        },
        "MS4_6": {
          "meanserv": 0.6863519364986246,
          "stddevserv": 0.6863519364986246,
          "rate": 1.456978478273739,
          "cv": 1.0,
          "lambda": 0.15
        },
        "MS4_7": {
          "meanserv": 0.9648915274008694,
          "stddevserv": 0.9648915274008694,
          "rate": 1.0363859269173006,
          "cv": 1.0,
          "lambda": 0.15
        }
      },
      "sensors": [
        "S4"
      ],
      "sources": [
        {
          "startTime": 0,
          "stopTime": -1,
          "lambda": 0.15
        }
      ]
    }
  },
  "microservice": {
    "MS1_1": "F9",
    "MS1_2": "F9",
    "MS1_3": "F10",
    "MS1_4": "F8",
    "MS1_5": "F8",
    "MS1_6": "F9",
    "MS1_7": "F1",
    "MS2_1": "F4",
    "MS2_2": "F9",
    "MS2_3": "F8",
    "MS2_4": "F8",
    "MS2_5": "F2",
    "MS2_6": "F9",
    "MS2_7": "F9",
    "MS3_1": "F3",
    "MS3_2": "F8",
    "MS3_3": "F10",
    "MS3_4": "F10",
    "MS3_5": "F10",
    "MS3_6": "F5",
    "MS3_7": "F5",
    "MS4_1": "F8",
    "MS4_2": "F6",
    "MS4_3": "F6",
    "MS4_4": "F7",
    "MS4_5": "F7",
    "MS4_6": "F7",
    "MS4_7": "F10"
  },
  "sensor": {
    "S1": "F9",
    "S2": "F4",
    "S3": "F3",
    "S4": "F8"
  },
  "fog": {
    "F1": {
      "rho": 0.799826265839076,
      "capacity": 1.0,
      "tserv": 5.332175105593841,
      "stddev": 5.332175105593841,
      "mu": 0.1875407277887268,
      "cv": 1.0,
      "lambda": 0.15,
      "twait": 21.305560998720374
    },
    "F2": {
      "rho": 0.523478108687384,
      "capacity": 1.0,
      "tserv": 3.489854057915893,
      "stddev": 3.489854057915894,
      "mu": 0.28654493380081064,
      "cv": 1.0000000000000002,
      "lambda": 0.15,
      "twait": 3.8337424473838397
    },
    "F3": {
      "rho": 0.511171945011485,
      "capacity": 1.0,
      "tserv": 3.4078129667432333,
      "stddev": 3.4078129667432333,
      "mu": 0.29344333440801373,
      "cv": 1.0,
      "lambda": 0.15,
      "twait": 3.5635810274564244
    },
    "F4": {
      "rho": 0.4934860563551575,
      "capacity": 1.0,
      "tserv": 3.289907042367717,
      "stddev": 3.289907042367717,
      "mu": 0.30395995604797055,
      "cv": 1.0,
      "lambda": 0.15,
      "twait": 3.205288368628776
    },
    "F5": {
      "rho": 0.5322006431717476,
      "capacity": 1.0,
      "tserv": 1.7740021439058256,
      "stddev": 2.6610271428770638,
      "mu": 0.5636971767115778,
      "cv": 1.5000134875926772,
      "lambda": 0.3,
      "twait": 3.279658975289942
    },
    "F6": {
      "rho": 0.5544222548801755,
      "capacity": 1.0,
      "tserv": 1.8480741829339185,
      "stddev": 2.335820052571754,
      "mu": 0.5411038199843502,
      "cv": 1.2639211532426218,
      "lambda": 0.3,
      "twait": 2.9864934685766724
    },
    "F7": {
      "rho": 0.541440368718024,
      "capacity": 1.0,
      "tserv": 1.203200819373387,
      "stddev": 2.0679577155455853,
      "mu": 0.8311164552903051,
      "cv": 1.7187136862344838,
      "lambda": 0.44999999999999996,
      "twait": 2.808646270344549
    },
    "F8": {
      "rho": 0.6772971786610334,
      "capacity": 1.0,
      "tserv": 0.7525524207344816,
      "stddev": 1.1172018460825341,
      "mu": 1.3288110867067742,
      "cv": 1.4845501991637464,
      "lambda": 0.9,
      "twait": 2.530234463063256
    },
    "F9": {
      "rho": 0.7141701343889868,
      "capacity": 1.0,
      "tserv": 0.7935223715433186,
      "stddev": 1.0805662207481865,
      "mu": 1.260203915933843,
      "cv": 1.361733782812698,
      "lambda": 0.9,
      "twait": 2.8296045917870143
    },
    "F10": {
      "rho": 0.6525070442869295,
      "capacity": 1.0,
      "tserv": 0.8700093923825727,
      "stddev": 1.1256649191575103,
      "mu": 1.14941287847645,
      "cv": 1.293853754928794,
      "lambda": 0.75,
      "twait": 2.184257788300735
    }
  },
  "extra": {
    "deltatime": 0.0271705,
    "obj_func": 39.01015516816369
  },
  "network": [
    [
      0.0,
      1.0765617035099033,
      1.6115570112985007,
      1.0534969014853341,
      1.004471399066971,
      1.075442658607113,
      0.7507808486347092,
      1.8885037067694235,
      1.0951820704560529,
      1.0951820704560529
    ],
    [
      1.0765617035099033,
      0.0,
      1.6553257312171619,
      1.82346338798555,
      1.5155198735149606,
      1.6409656876473055,
      0.9607690165394065,
      1.0951820704560529,
      1.5834778990951976,
      1.5834778990951976
    ],
    [
      1.6115570112985007,
      1.6553257312171619,
      0.0,
      1.2953148306692652,
      1.5951256815501016,
      1.3811610940858903,
      1.8885037067694235,
      1.5834778990951976,
      1.8941190182415175,
      1.8941190182415175
    ],
    [
      1.0534969014853341,
      1.82346338798555,
      1.2953148306692652,
      0.0,
      1.3652075763042717,
      0.7507808486347092,
      1.0951820704560529,
      1.8941190182415175,
      1.229385661960627,
      1.229385661960627
    ],
    [
      1.004471399066971,
      1.5155198735149606,
      1.5951256815501016,
      1.3652075763042717,
      0.0,
      0.9607690165394065,
      1.5834778990951976,
      1.229385661960627,
      1.3210721616016445,
      1.3210721616016445
    ],
    [
      1.075442658607113,
      1.6409656876473055,
      1.3811610940858903,
      0.7507808486347092,
      0.9607690165394065,
      0.0,
      1.8941190182415175,
      1.3210721616016445,
      1.3568864608418243,
      1.3568864608418243
    ],
    [
      0.7507808486347092,
      0.9607690165394065,
      1.8885037067694235,
      1.0951820704560529,
      1.5834778990951976,
      1.8941190182415175,
      0.0,
      1.3568864608418243,
      1.7130774923197332,
      1.7130774923197332
    ],
    [
      1.8885037067694235,
      1.0951820704560529,
      1.5834778990951976,
      1.8941190182415175,
      1.229385661960627,
      1.3210721616016445,
      1.3568864608418243,
      0.0,
      1.432168809372515,
      1.432168809372515
    ],
    [
      1.0951820704560529,
      1.5834778990951976,
      1.8941190182415175,
      1.229385661960627,
      1.3210721616016445,
      1.3568864608418243,
      1.7130774923197332,
      1.432168809372515,
      0.0,
      1.529159188775439
    ],
    [
      1.0951820704560529,
      1.5834778990951976,
      1.8941190182415175,
      1.229385661960627,
      1.3210721616016445,
      1.3568864608418243,
      1.7130774923197332,
      1.432168809372515,
      1.529159188775439,
      0.0
    ]
  ]
}