{
  "servicechain": {
    "SC1": {
      "resptime": 36.15788804919255,
      "resptime_old": 26.157888049192554,
      "waittime": 22.616731077926218,
      "servicetime": 10.0,
      "networktime": 3.541156971266334,
      "services": {
        "MS1_1": {
          "meanserv": 0.3100240471595417,
          "stddevserv": 0.3100240471595417,
          "rate": 3.2255562404337925,
          "cv": 1.0,
          "lambda": 0.15
        },
        "MS1_2": {
          "meanserv": 0.8788035649307269,
          "stddevserv": 0.8788035649307269,
          "rate": 1.1379107230622427,
          "cv": 1.0,
          "lambda": 0.15
        },
        "MS1_3": {
          "meanserv": 0.4304647125088945,
          "stddevserv": 0.4304647125088945,
          "rate": 2.3230707905687797,
          "cv": 1.0,
          "lambda": 0.15
        },
        "MS1_4": {
          "meanserv": 1.449729711056036,
          "stddevserv": 1.449729711056036,
          "rate": 0.6897837523599923,
          "cv": 1.0,
          "lambda": 0.15
        },
        "MS1_5": {
          "meanserv": 0.5005807515773153,
          "stddevserv": 0.5005807515773153,
          "rate": 1.9976796887395876,
          "cv": 1.0,
          "lambda": 0.15
        },
        "MS1_6": {
          "meanserv": 0.579880962420293,
          "stddevserv": 0.579880962420293,
          "rate": 1.7244918609264641,
          "cv": 1.0,
          "lambda": 0.15
        },
        "MS1_7": {
          "meanserv": 0.07038868564427325,
          "stddevserv": 0.07038868564427325,
          "rate": 14.20682870900231,
          "cv": 1.0,
          "lambda": 0.15
        },
        "MS1_8": {
          "meanserv": 0.8365361586610218,
          "stddevserv": 0.8365361586610218,
          "rate": 1.1954055896407658,
          "cv": 1.0,
          "lambda": 0.15
        },
        "MS1_9": {
          "meanserv": 0.7042542042868805,
          "stddevserv": 0.7042542042868805,
          "rate": 1.419941824859375,
          "cv": 1.0,
          "lambda": 0.15
        },
        "MS1_10": {
          "meanserv": 1.3716537495896057,
          "stddevserv": 1.3716537495896057,
          "rate": 0.7290469626895247,
          "cv": 1.0,
          "lambda": 0.15
        },
        "MS1_11": {
          "meanserv": 1.4557951836572327,
          "stddevserv": 1.4557951836572327,
          "rate": 0.6869098148049996,
          "cv": 1.0,
          "lambda": 0.15
        },
        "MS1_12": {
          "meanserv": 1.4118882685081786,
          "stddevserv": 1.4118882685081786,
          "rate": 0.7082713429275919,
          "cv": 1.0,
          "lambda": 0.15
        }
      },
      "sensors": [
        "S1"
      ],
      "sources": [
        {
          "startTime": 0,
          "stopTime": -1,
          "lambda": 0.15
        }
      ]
    },
    "SC2": {
      "resptime": 35.46954083478051,
      "resptime_old": 25.469540834780506,
      "waittime": 22.33785259137508,
      "servicetime": 10.0,
      "networktime": 3.1316882434054296,
      "services": {
        "MS2_1": {
          "meanserv": 1.2965898428640799,
          "stddevserv": 1.2965898428640799,
          "rate": 0.7712539208166764,
          "cv": 1.0,
          "lambda": 0.15
        },
        "MS2_2": {
          "meanserv": 1.4683846964967193,
          "stddevserv": 1.4683846964967193,
          "rate": 0.6810204453817897,
          "cv": 1.0,
          "lambda": 0.15
        },
        "MS2_3": {
          "meanserv": 1.1551439023055732,
          "stddevserv": 1.1551439023055732,
          "rate": 0.8656930084676735,
          "cv": 1.0,
          "lambda": 0.15
        },
        "MS2_4": {
          "meanserv": 0.510902173238656,
          "stddevserv": 0.510902173238656,
          "rate": 1.9573218756555832,
          "cv": 1.0,
          "lambda": 0.15
        },
        "MS2_5": {
          "meanserv": 1.129923160470188,
          "stddevserv": 1.129923160470188,
          "rate": 0.8850159329275772,
          "cv": 1.0,
          "lambda": 0.15
        },
        "MS2_6": {
          "meanserv": 0.6662701375074551,
          "stddevserv": 0.6662701375074551,
          "rate": 1.5008927215934402,
          "cv": 1.0,
          "lambda": 0.15
        },
        "MS2_7": {
          "meanserv": 0.744468166024669,
          "stddevserv": 0.744468166024669,
          "rate": 1.3432407799783121,
          "cv": 1.0,
          "lambda": 0.15
        },
        "MS2_8": {
          "meanserv": 0.16916488877094782,
          "stddevserv": 0.16916488877094782,
          "rate": 5.911392176387248,
          "cv": 1.0,
          "lambda": 0.15
        },
        "MS2_9": {
          "meanserv": 0.495623537606396,
          "stddevserv": 0.495623537606396,
          "rate": 2.0176604299898266,
          "cv": 1.0,
          "lambda": 0.15
        },
        "MS2_10": {
          "meanserv": 1.7627513281035654,
          "stddevserv": 1.7627513281035654,
          "rate": 0.5672949916740881,
          "cv": 1.0,
          "lambda": 0.15
        },
        "MS2_11": {
          "meanserv": 0.020896168276642868,
          "stddevserv": 0.020896168276642868,
          "rate": 47.85566362029019,
          "cv": 1.0,
          "lambda": 0.15
        },
        "MS2_12": {
          "meanserv": 0.5798819983351073,
          "stddevserv": 0.5798819983351073,
          "rate": 1.7244887802537219,
          "cv": 1.0,
          "lambda": 0.15
        }
      },
      "sensors": [
        "S2"
      ],
      "sources": [
        {
          "startTime": 0,
          "stopTime": -1,
          "lambda": 0.15
        }
      ]
    },
    "SC3": {
      "resptime": 37.597714123310396,
      "resptime_old": 27.597714123310404,
      "waittime": 23.912024071980586,
      "servicetime": 10.0,
      "networktime": 3.685690051329817,
      "services": {
        "MS3_1": {
          "meanserv": 0.25366564292182536,
          "stddevserv": 0.25366564292182536,
          "rate": 3.9421972502132654,
          "cv": 1.0,
          "lambda": 0.15
        },
        "MS3_2": {
          "meanserv": 0.4654724300420987,
          "stddevserv": 0.4654724300420987,
          "rate": 2.14835495178427,
          "cv": 1.0,
          "lambda": 0.15
        },
        "MS3_3": {
          "meanserv": 0.279823181452139,
          "stddevserv": 0.279823181452139,
          "rate": 3.5736853351838547,
          "cv": 1.0,
          "lambda": 0.15
        },
        "MS3_4": {
          "meanserv": 1.1236862608790907,
          "stddevserv": 1.1236862608790907,
          "rate": 0.8899281185636927,
          "cv": 1.0,
          "lambda": 0.15
        },
        "MS3_5": {
          "meanserv": 0.03384558857949127,
          "stddevserv": 0.03384558857949127,
          "rate": 29.54594799411909,
          "cv": 1.0,
          "lambda": 0.15
        },
        "MS3_6": {
          "meanserv": 2.272198074589829,
          "stddevserv": 2.272198074589829,
          "rate": 0.4401024766208013,
          "cv": 1.0,
          "lambda": 0.15
        },
        "MS3_7": {
          "meanserv": 0.5531230606025535,
          "stddevserv": 0.5531230606025535,
          "rate": 1.8079159435345797,
          "cv": 1.0,
          "lambda": 0.15
        },
        "MS3_8": {
          "meanserv": 0.42956387986991196,
          "stddevserv": 0.42956387986991196,
          "rate": 2.327942471100777,
          "cv": 1.0,
          "lambda": 0.15
        },
        "MS3_9": {
          "meanserv": 0.6380764404559178,
          "stddevserv": 0.6380764404559178,
          "rate": 1.5672103475337231,
          "cv": 1.0,
          "lambda": 0.15
        },
        "MS3_10": {
          "meanserv": 2.8537873214424527,
          "stddevserv": 2.8537873214424527,
          "rate": 0.3504115364471337,
          "cv": 1.0,
          "lambda": 0.15
        },
        "MS3_11": {
          "meanserv": 0.3608630802497448,
          "stddevserv": 0.3608630802497448,
          "rate": 2.771134135716859,
          "cv": 1.0,
          "lambda": 0.15
        },
        "MS3_12": {
          "meanserv": 0.7358950389149452,
          "stddevserv": 0.7358950389149452,
          "rate": 1.3588894436283596,
          "cv": 1.0,
          "lambda": 0.15
        }
      },
      "sensors": [
        "S3"
      ],
      "sources": [
        {
          "startTime": 0,
          "stopTime": -1,
          "lambda": 0.15
        }
      ]
    },
    "SC4": {
      "resptime": 37.86391894356428,
      "resptime_old": 27.863918943564276,
      "waittime": 23.31094690214685,
      "servicetime": 10.0,
      "networktime": 4.552972041417428,
      "services": {
        "MS4_1": {
          "meanserv": 0.10060240255375885,
          "stddevserv": 0.10060240255375885,
          "rate": 9.940120460499246,
          "cv": 1.0,
          "lambda": 0.15
        },
        "MS4_2": {
          "meanserv": 0.1653534192352779,
          "stddevserv": 0.1653534192352779,
          "rate": 6.047652383753377,
          "cv": 1.0,
          "lambda": 0.15
        },
        "MS4_3": {
          "meanserv": 1.294910444574111,
          "stddevserv": 1.294910444574111,
          "rate": 0.7722541772600301,
          "cv": 1.0,
          "lambda": 0.15
        },
        "MS4_4": {
          "meanserv": 0.5267481707013864,
          "stddevserv": 0.5267481707013864,
          "rate": 1.898440385029643,
          "cv": 1.0,
          "lambda": 0.15
        },
        "MS4_5": {
          "meanserv": 0.2859869846076002,
          "stddevserv": 0.2859869846076002,
          "rate": 3.4966626239025866,
          "cv": 1.0,
          "lambda": 0.15
        },
        "MS4_6": {
          "meanserv": 1.7172532575447867,
          "stddevserv": 1.7172532575447867,
          "rate": 0.5823252892993389,
          "cv": 1.0,
          "lambda": 0.15
        },
        "MS4_7": {
          "meanserv": 0.4471681281018931,
          "stddevserv": 0.4471681281018931,
          "rate": 2.236295337605405,
          "cv": 1.0,
          "lambda": 0.15
        },
        "MS4_8": {
          "meanserv": 1.7267726137681008,
          "stddevserv": 1.7267726137681008,
          "rate": 0.5791150450422283,
          "cv": 1.0,
          "lambda": 0.15
        },
        "MS4_9": {
          "meanserv": 0.41670787197123715,
          "stddevserv": 0.41670787197123715,
          "rate": 2.3997626809148063,
          "cv": 1.0,
          "lambda": 0.15
        },
        "MS4_10": {
          "meanserv": 1.3314702812953678,
          "stddevserv": 1.3314702812953678,
          "rate": 0.7510494331327581,
          "cv": 1.0,
          "lambda": 0.15
        },
        "MS4_11": {
          "meanserv": 0.10383752714455952,
          "stddevserv": 0.10383752714455952,
          "rate": 9.630429648115847,
          "cv": 1.0,
          "lambda": 0.15
        },
        "MS4_12": {
          "meanserv": 1.8831888985019205,
          "stddevserv": 1.8831888985019205,
          "rate": 0.53101417536791,
          "cv": 1.0,
          "lambda": 0.15
        }
      },
      "sensors": [
        "S4"
      ],
      "sources": [
        {
          "startTime": 0,
          "stopTime": -1,
          "lambda": 0.15
        }
      ]
    }
  },
  "microservice": {
    "MS1_1": "F3",
    "MS1_2": "F3",
    "MS1_3": "F3",
    "MS1_4": "F9",
    "MS1_5": "F5",
    "MS1_6": "F5",
    "MS1_7": "F5",
    "MS1_8": "F2",
    "MS1_9": "F8",
    "MS1_10": "F8",
    "MS1_11": "F8",
    "MS1_12": "F10",
    "MS2_1": "F7",
    "MS2_2": "F7",
    "MS2_3": "F4",
    "MS2_4": "F4",
    "MS2_5": "F6",
    "MS2_6": "F6",
    "MS2_7": "F10",
    "MS2_8": "F10",
    "MS2_9": "F4",
    "MS2_10": "F4",
    "MS2_11": "F4",
    "MS2_12": "F7",
    "MS3_1": "F7",
    "MS3_2": "F7",
    "MS3_3": "F7",
    "MS3_4": "F5",
    "MS3_5": "F5",
    "MS3_6": "F2",
    "MS3_7": "F2",
    "MS3_8": "F8",
    "MS3_9": "F3",
    "MS3_10": "F1",
    "MS3_11": "F9",
    "MS3_12": "F9",
    "MS4_1": "F6",
    "MS4_2": "F6",
    "MS4_3": "F9",
    "MS4_4": "F9",
    "MS4_5": "F6",
    "MS4_6": "F6",
    "MS4_7": "F10",
    "MS4_8": "F5",
    "MS4_9": "F1",
    "MS4_10": "F10",
    "MS4_11": "F10",
    "MS4_12": "F3"
  },
  "sensor": {
    "S1": "F3",
    "S2": "F7",
    "S3": "F7",
    "S4": "F6"
  },
  "fog": {
    "F1": {
      "rho": 0.49057427901205336,
      "capacity": 1.0,
      "tserv": 1.6352475967068447,
      "stddev": 2.375649979279981,
      "mu": 0.6115281881556391,
      "cv": 1.4527769275210682,
      "lambda": 0.3,
      "twait": 2.4491541702461324
    },
    "F2": {
      "rho": 0.5492785940780106,
      "capacity": 1.0,
      "tserv": 1.2206190979511349,
      "stddev": 1.6194146023924485,
      "mu": 0.819256393479789,
      "cv": 1.3267157667045437,
      "lambda": 0.44999999999999996,
      "twait": 2.0529162385139954
    },
    "F3": {
      "rho": 0.62108364953355,
      "capacity": 1.0,
      "tserv": 0.8281115327114001,
      "stddev": 1.147663832147587,
      "mu": 1.2075668077291513,
      "cv": 1.385880750132666,
      "lambda": 0.75,
      "twait": 1.982199679194085
    },
    "F4": {
      "rho": 0.591797566429625,
      "capacity": 1.0,
      "tserv": 0.7890634219061666,
      "stddev": 1.1648514655160227,
      "mu": 1.267325251985787,
      "cv": 1.4762456770611068,
      "lambda": 0.75,
      "twait": 1.8184911373426051
    },
    "F5": {
      "rho": 0.6052732294302846,
      "capacity": 1.0,
      "tserv": 0.672525810478094,
      "stddev": 1.0771079620339077,
      "mu": 1.4869317793009413,
      "cv": 1.601586058486289,
      "lambda": 0.9,
      "twait": 1.838242783454868
    },
    "F6": {
      "rho": 0.60980840428786,
      "capacity": 1.0,
      "tserv": 0.6775648936531777,
      "stddev": 1.0663910464635584,
      "mu": 1.4758733951051863,
      "cv": 1.5738581742539446,
      "lambda": 0.9,
      "twait": 1.8409617992385916
    },
    "F7": {
      "rho": 0.6515726688167954,
      "capacity": 1.0,
      "tserv": 0.7239696320186615,
      "stddev": 0.9933911179503112,
      "mu": 1.381273406747292,
      "cv": 1.3721447337237274,
      "lambda": 0.9,
      "twait": 1.951428641603898
    },
    "F8": {
      "rho": 0.5941900526105446,
      "capacity": 1.0,
      "tserv": 0.9903167543509077,
      "stddev": 1.1661514028571136,
      "mu": 1.0097779277251944,
      "cv": 1.1775539469908844,
      "lambda": 0.6,
      "twait": 1.7303442535533191
    },
    "F9": {
      "rho": 0.6552219668244336,
      "capacity": 1.0,
      "tserv": 0.8736292890992446,
      "stddev": 1.0620105958002173,
      "mu": 1.1446502681143507,
      "cv": 1.215630713223,
      "lambda": 0.75,
      "twait": 2.056861000118816
    },
    "F10": {
      "rho": 0.6311995889768424,
      "capacity": 1.0,
      "tserv": 0.7013328766409359,
      "stddev": 1.0139410498646864,
      "mu": 1.4258564417934365,
      "cv": 1.445734377548363,
      "lambda": 0.9,
      "twait": 1.8545936906865885
    }
  },
  "extra": {
    "deltatime": 0.0621044,
    "obj_func": 36.772265487711934
  },
  "network": [
    [
      0.0,
      1.0632466446652868,
      0.6415669632250628,
      0.6742124615585029,
      0.9292130664790249,
      1.1920482939200585,
      0.8853231570845161,
      1.2147394877460305,
      0.4116785784184399,
      0.4116785784184399
    ],
    [
      1.0632466446652868,
      0.0,
      0.8452529258273419,
      1.0963050329597257,
      0.9790115221747796,
      0.8946207064628658,
      1.194653207805132,
      0.4116785784184399,
      0.6208772045465472,
      0.6208772045465472
    ],
    [
      0.6415669632250628,
      0.8452529258273419,
      0.0,
      0.6611681903876778,
      0.8596623192282135,
      0.8666173621195591,
      1.2147394877460305,
      0.6208772045465472,
      0.8478090871882257,
      0.8478090871882257
    ],
    [
      0.6742124615585029,
      1.0963050329597257,
      0.6611681903876778,
      0.0,
      0.6733507883647633,
      0.8853231570845161,
      0.4116785784184399,
      0.8478090871882257,
      0.8877375547921257,
      0.8877375547921257
    ],
    [
      0.9292130664790249,
      0.9790115221747796,
      0.8596623192282135,
      0.6733507883647633,
      0.0,
      1.194653207805132,
      0.6208772045465472,
      0.8877375547921257,
      0.7584601852560138,
      0.7584601852560138
    ],
    [
      1.1920482939200585,
      0.8946207064628658,
      0.8666173621195591,
      0.8853231570845161,
      1.194653207805132,
      0.0,
      0.8478090871882257,
      0.7584601852560138,
      0.535270374691908,
      0.535270374691908
    ],
    [
      0.8853231570845161,
      1.194653207805132,
      1.2147394877460305,
      0.4116785784184399,
      0.6208772045465472,
      0.8478090871882257,
      0.0,
      0.535270374691908,
      0.8976608087455568,
      0.8976608087455568
    ],
    [
      1.2147394877460305,
      0.4116785784184399,
      0.6208772045465472,
      0.8478090871882257,
      0.8877375547921257,
      0.7584601852560138,
      0.535270374691908,
      0.0,
      0.544197598228875,
      0.544197598228875
    ],
    [
      0.4116785784184399,
      0.6208772045465472,
      0.8478090871882257,
      0.8877375547921257,
      0.7584601852560138,
      0.535270374691908,
      0.8976608087455568,
      0.544197598228875,
      0.0,
      0.7200006091710303
    ],
    [
      0.4116785784184399,
      0.6208772045465472,
      0.8478090871882257,
      0.8877375547921257,
      0.7584601852560138,
      0.535270374691908,
      0.8976608087455568,
      0.544197598228875,
      0.7200006091710303,
      0.0
    ]
  ]
}