{
  "servicechain": {
    "SC1": {
      "resptime": 37.191796535412976,
      "resptime_old": 27.191796535412976,
      "waittime": 21.69394240041313,
      "servicetime": 10.0,
      "networktime": 5.49785413499985,
      "services": {
        "MS1_1": {
          "meanserv": 4.851045105007995,
          "stddevserv": 4.851045105007995,
          "rate": 0.20614114656811708,
          "cv": 1.0,
          "lambda": 0.15
        },
        "MS1_2": {
          "meanserv": 0.5639580073749544,
          "stddevserv": 0.5639580073749544,
          "rate": 1.7731816676469987,
          "cv": 1.0,
          "lambda": 0.15
        },
        "MS1_3": {
          "meanserv": 3.968538260026021,
          "stddevserv": 3.968538260026021,
          "rate": 0.25198194762860704,
          "cv": 1.0,
          "lambda": 0.15
        },
        "MS1_4": {
          "meanserv": 0.052736643156883645,
          "stddevserv": 0.052736643156883645,
          "rate": 18.96214738251635,
          "cv": 1.0,
          "lambda": 0.15
        },
        "MS1_5": {
          "meanserv": 0.5637219844341459,
          "stddevserv": 0.5637219844341459,
          "rate": 1.7739240753645296,
          "cv": 1.0,
          "lambda": 0.15
        }
      },
      "sensors": [
        "S1"
      ],
      "sources": [
        {
          "startTime": 0,
          "stopTime": -1,
          "lambda": 0.15
        }
      ]
    },
    "SC2": {
      "resptime": 76.04793942772358,
      "resptime_old": 66.04793942772359,
      "waittime": 63.98859100708854,
      "servicetime": 10.0,
      "networktime": 2.0593484206350516,
      "services": {
        "MS2_1": {
          "meanserv": 1.3791542435834203,
          "stddevserv": 1.3791542435834203,
          "rate": 0.7250820600034744,
          "cv": 1.0,
          "lambda": 0.15
        },
        "MS2_2": {
          "meanserv": 0.9213954491938003,
          "stddevserv": 0.9213954491938003,
          "rate": 1.085310331058154,
          "cv": 1.0,
          "lambda": 0.15
        },
        "MS2_3": {
          "meanserv": 0.678413982730258,
          "stddevserv": 0.678413982730258,
          "rate": 1.4740262221240312,
          "cv": 1.0,
          "lambda": 0.15
        },
        "MS2_4": {
          "meanserv": 0.984749587934656,
          "stddevserv": 0.984749587934656,
          "rate": 1.0154865889279823,
          "cv": 1.0,
          "lambda": 0.15
        },
        "MS2_5": {
          "meanserv": 6.036286736557866,
          "stddevserv": 6.036286736557866,
          "rate": 0.16566476107631697,
          "cv": 1.0,
          "lambda": 0.15
        }
      },
      "sensors": [
        "S2"
      ],
      "sources": [
        {
          "startTime": 0,
          "stopTime": -1,
          "lambda": 0.15
        }
      ]
    },
    "SC3": {
      "resptime": 27.85900772859612,
      "resptime_old": 17.85900772859612,
      "waittime": 11.698342017843217,
      "servicetime": 10.0,
      "networktime": 6.160665710752902,
      "services": {
        "MS3_1": {
          "meanserv": 1.3368695110240802,
          "stddevserv": 1.3368695110240802,
          "rate": 0.7480161614531634,
          "cv": 1.0,
          "lambda": 0.15
        },
        "MS3_2": {
          "meanserv": 3.3238896608881543,
          "stddevserv": 3.3238896608881543,
          "rate": 0.300852345301016,
          "cv": 1.0,
          "lambda": 0.15
        },
        "MS3_3": {
          "meanserv": 3.878454889833284,
          "stddevserv": 3.878454889833284,
          "rate": 0.25783463477204066,
          "cv": 1.0,
          "lambda": 0.15
        },
        "MS3_4": {
          "meanserv": 0.47457453383378834,
          "stddevserv": 0.47457453383378834,
          "rate": 2.107150571105514,
          "cv": 1.0,
          "lambda": 0.15
        },
        "MS3_5": {
          "meanserv": 0.9862114044206933,
          "stddevserv": 0.9862114044206933,
          "rate": 1.0139813791622154,
          "cv": 1.0,
          "lambda": 0.15
        }
      },
      "sensors": [
        "S3"
      ],
      "sources": [
        {
          "startTime": 0,
          "stopTime": -1,
          "lambda": 0.15
        }
      ]
    },
    "SC4": {
      "resptime": 39.448828002317235,
      "resptime_old": 29.44882800231723,
      "waittime": 25.779499760820553,
      "servicetime": 10.0,
      "networktime": 3.6693282414966806,
      "services": {
        "MS4_1": {
          "meanserv": 1.8828035996403036,
          "stddevserv": 1.8828035996403036,
          "rate": 0.5311228426539247,
          "cv": 1.0,
          "lambda": 0.15
        },
        "MS4_2": {
          "meanserv": 0.08304045869643839,
          "stddevserv": 0.08304045869643839,
          "rate": 12.042322690624662,
          "cv": 1.0,
          "lambda": 0.15
        },
        "MS4_3": {
          "meanserv": 5.357889102717202,
          "stddevserv": 5.357889102717202,
          "rate": 0.18664066777583352,
          "cv": 1.0,
          "lambda": 0.15
        },
        "MS4_4": {
          "meanserv": 0.9459351316438642,
          "stddevserv": 0.9459351316438642,
          "rate": 1.0571549428153502,
          "cv": 1.0,
          "lambda": 0.15
        },
        "MS4_5": {
          "meanserv": 1.7303317073021915,
          "stddevserv": 1.7303317073021915,
          "rate": 0.5779238719257638,
          "cv": 1.0,
          "lambda": 0.15
        }
      },
      "sensors": [
        "S4"
      ],
      "sources": [
        {
          "startTime": 0,
          "stopTime": -1,
          "lambda": 0.15
        }
      ]
    }
  },
  "microservice": {
    "MS1_1": "F3",
    "MS1_2": "F10",
    "MS1_3": "F4",
    "MS1_4": "F7",
    "MS1_5": "F7",
    "MS2_1": "F9",
    "MS2_2": "F9",
    "MS2_3": "F9",
    "MS2_4": "F9",
    "MS2_5": "F1",
    "MS3_1": "F10",
    "MS3_2": "F6",
    "MS3_3": "F5",
    "MS3_4": "F10",
    "MS3_5": "F10",
    "MS4_1": "F7",
    "MS4_2": "F7",
    "MS4_3": "F2",
    "MS4_4": "F8",
    "MS4_5": "F8"
  },
  "sensor": {
    "S1": "F3",
    "S2": "F9",
    "S3": "F10",
    "S4": "F7"
  },
  "fog": {
    "F1": {
      "rho": 0.9054430104836799,
      "capacity": 1.0,
      "tserv": 6.036286736557866,
      "stddev": 6.036286736557866,
      "mu": 0.16566476107631697,
      "cv": 1.0,
      "lambda": 0.15,
      "twait": 57.80126527768041
    },
    "F2": {
      "rho": 0.8036833654075802,
      "capacity": 1.0,
      "tserv": 5.357889102717202,
      "stddev": 5.357889102717201,
      "mu": 0.18664066777583352,
      "cv": 0.9999999999999999,
      "lambda": 0.15,
      "twait": 21.934189909542322
    },
    "F3": {
      "rho": 0.7276567657511992,
      "capacity": 1.0,
      "tserv": 4.851045105007995,
      "stddev": 4.851045105007995,
      "mu": 0.20614114656811708,
      "cv": 1.0,
      "lambda": 0.15,
      "twait": 12.961202437650963
    },
    "F4": {
      "rho": 0.5952807390039031,
      "capacity": 1.0,
      "tserv": 3.968538260026021,
      "stddev": 3.9685382600260204,
      "mu": 0.25198194762860704,
      "cv": 0.9999999999999999,
      "lambda": 0.15,
      "twait": 5.837118753328461
    },
    "F5": {
      "rho": 0.5817682334749926,
      "capacity": 1.0,
      "tserv": 3.8784548898332845,
      "stddev": 3.8784548898332836,
      "mu": 0.25783463477204066,
      "cv": 0.9999999999999998,
      "lambda": 0.15,
      "twait": 5.3950035135263725
    },
    "F6": {
      "rho": 0.4985834491332231,
      "capacity": 1.0,
      "tserv": 3.3238896608881543,
      "stddev": 3.3238896608881543,
      "mu": 0.300852345301016,
      "cv": 1.0,
      "lambda": 0.15,
      "twait": 3.305109033196218
    },
    "F7": {
      "rho": 0.38734540288916575,
      "capacity": 1.0,
      "tserv": 0.645575671481943,
      "stddev": 1.232654218880158,
      "mu": 1.549005088287269,
      "cv": 1.9093876571441337,
      "lambda": 0.6,
      "twait": 0.9481056928634154
    },
    "F8": {
      "rho": 0.4014400258419083,
      "capacity": 1.0,
      "tserv": 1.3381334194730277,
      "stddev": 1.4485303042266096,
      "mu": 0.7473096370269352,
      "cv": 1.0825006558741037,
      "lambda": 0.3,
      "twait": 0.9745492327757012
    },
    "F9": {
      "rho": 0.5945569895163201,
      "capacity": 1.0,
      "tserv": 0.9909283158605336,
      "stddev": 1.052885423477365,
      "mu": 1.009154732985492,
      "cv": 1.062524308393617,
      "lambda": 0.6,
      "twait": 1.5468314323520331
    },
    "F10": {
      "rho": 0.5042420184980274,
      "capacity": 1.0,
      "tserv": 0.840403364163379,
      "stddev": 0.9722517721677951,
      "mu": 1.1899048036242683,
      "cv": 1.1568870540346672,
      "lambda": 0.6,
      "twait": 0.9994098237068756
    }
  },
  "extra": {
    "deltatime": 0.0140748,
    "obj_func": 45.13689292351248
  },
  "network": [
    [
      0.0,
      1.7666470413233013,
      1.434063181680949,
      1.8361991798286255,
      1.8438216480814993,
      2.198779493807365,
      1.9580923665642145,
      2.3741881679590975,
      2.0593484206350516,
      2.0593484206350516
    ],
    [
      1.7666470413233013,
      0.0,
      2.234918485405657,
      1.3181803829186665,
      2.2266159222139916,
      2.026300566614989,
      1.6099798208616292,
      2.0593484206350516,
      2.5039441235602586,
      2.5039441235602586
    ],
    [
      1.434063181680949,
      2.234918485405657,
      0.0,
      2.437428990826032,
      2.819531367444382,
      2.1783326505588514,
      2.3741881679590975,
      2.5039441235602586,
      1.4720512521858171,
      1.4720512521858171
    ],
    [
      1.8361991798286255,
      1.3181803829186665,
      2.437428990826032,
      0.0,
      1.6445212751645235,
      1.9580923665642145,
      2.0593484206350516,
      1.4720512521858171,
      1.9664544621789803,
      1.9664544621789803
    ],
    [
      1.8438216480814993,
      2.2266159222139916,
      2.819531367444382,
      1.6445212751645235,
      0.0,
      1.6099798208616292,
      2.5039441235602586,
      1.9664544621789803,
      2.108316034945213,
      2.108316034945213
    ],
    [
      2.198779493807365,
      2.026300566614989,
      2.1783326505588514,
      1.9580923665642145,
      1.6099798208616292,
      0.0,
      1.4720512521858171,
      2.108316034945213,
      2.442369854946059,
      2.442369854946059
    ],
    [
      1.9580923665642145,
      1.6099798208616292,
      2.3741881679590975,
      2.0593484206350516,
      2.5039441235602586,
      1.4720512521858171,
      0.0,
      2.442369854946059,
      2.0601245382999394,
      2.0601245382999394
    ],
    [
      2.3741881679590975,
      2.0593484206350516,
      2.5039441235602586,
      1.4720512521858171,
      1.9664544621789803,
      2.108316034945213,
      2.442369854946059,
      0.0,
      2.264600893594817,
      2.264600893594817
    ],
    [
      2.0593484206350516,
      2.5039441235602586,
      1.4720512521858171,
      1.9664544621789803,
      2.108316034945213,
      2.442369854946059,
      2.0601245382999394,
      2.264600893594817,
      0.0,
      1.8859072735295785
    ],
    [
      2.0593484206350516,
      2.5039441235602586,
      1.4720512521858171,
      1.9664544621789803,
      2.108316034945213,
      2.442369854946059,
      2.0601245382999394,
      2.264600893594817,
      1.8859072735295785,
      0.0
    ]
  ]
}