{
  "servicechain": {
    "SC1": {
      "resptime": 37.284989599994816,
      "resptime_old": 27.28498959999481,
      "waittime": 22.29405094880259,
      "servicetime": 10.0,
      "networktime": 4.990938651192223,
      "services": {
        "MS1_1": {
          "meanserv": 2.7302220939980337,
          "stddevserv": 2.7302220939980337,
          "rate": 0.36627056904943506,
          "cv": 1.0,
          "lambda": 0.15
        },
        "MS1_2": {
          "meanserv": 0.8888757854740126,
          "stddevserv": 0.8888757854740126,
          "rate": 1.125016584253927,
          "cv": 1.0,
          "lambda": 0.15
        },
        "MS1_3": {
          "meanserv": 0.4474640459892649,
          "stddevserv": 0.4474640459892649,
          "rate": 2.234816425952558,
          "cv": 1.0,
          "lambda": 0.15
        },
        "MS1_4": {
          "meanserv": 1.1880364333757782,
          "stddevserv": 1.1880364333757782,
          "rate": 0.8417250278752167,
          "cv": 1.0,
          "lambda": 0.15
        },
        "MS1_5": {
          "meanserv": 0.5487488342214668,
          "stddevserv": 0.5487488342214668,
          "rate": 1.822327333813369,
          "cv": 1.0,
          "lambda": 0.15
        },
        "MS1_6": {
          "meanserv": 0.932455192060786,
          "stddevserv": 0.932455192060786,
          "rate": 1.0724375911189208,
          "cv": 1.0,
          "lambda": 0.15
        },
        "MS1_7": {
          "meanserv": 2.6433705648166086,
          "stddevserv": 2.6433705648166086,
          "rate": 0.37830488593239586,
          "cv": 1.0,
          "lambda": 0.15
        },
        "MS1_8": {
          "meanserv": 0.6208270500640491,
          "stddevserv": 0.6208270500640491,
          "rate": 1.6107545570007502,
          "cv": 1.0,
          "lambda": 0.15
        }
      },
      "sensors": [
        "S1"
      ],
      "sources": [
        {
          "startTime": 0,
          "stopTime": -1,
          "lambda": 0.15
        }
      ]
    },
    "SC2": {
      "resptime": 38.48647592432842,
      "resptime_old": 28.486475924328417,
      "waittime": 23.762315669307316,
      "servicetime": 10.0,
      "networktime": 4.724160255021101,
      "services": {
        "MS2_1": {
          "meanserv": 2.063829512382984,
          "stddevserv": 2.063829512382984,
          "rate": 0.4845361470024518,
          "cv": 1.0,
          "lambda": 0.15
        },
        "MS2_2": {
          "meanserv": 0.9602066020354263,
          "stddevserv": 0.9602066020354263,
          "rate": 1.0414425373458385,
          "cv": 1.0,
          "lambda": 0.15
        },
        "MS2_3": {
          "meanserv": 0.4511616721088414,
          "stddevserv": 0.4511616721088414,
          "rate": 2.2165003408329267,
          "cv": 1.0,
          "lambda": 0.15
        },
        "MS2_4": {
          "meanserv": 0.14999592574657683,
          "stddevserv": 0.14999592574657683,
          "rate": 6.666847749515101,
          "cv": 1.0,
          "lambda": 0.15
        },
        "MS2_5": {
          "meanserv": 2.395888962567417,
          "stddevserv": 2.395888962567417,
          "rate": 0.4173816130979657,
          "cv": 1.0,
          "lambda": 0.15
        },
        "MS2_6": {
          "meanserv": 0.08822888394772299,
          "stddevserv": 0.08822888394772299,
          "rate": 11.334156743867641,
          "cv": 1.0,
          "lambda": 0.15
        },
        "MS2_7": {
          "meanserv": 0.12274771907587301,
          "stddevserv": 0.12274771907587301,
          "rate": 8.146790893783358,
          "cv": 1.0,
          "lambda": 0.15
        },
        "MS2_8": {
          "meanserv": 3.767940722135158,
          "stddevserv": 3.767940722135158,
          "rate": 0.2653969565193519,
          "cv": 1.0,
          "lambda": 0.15
        }
      },
      "sensors": [
        "S2"
      ],
      "sources": [
        {
          "startTime": 0,
          "stopTime": -1,
          "lambda": 0.15
        }
      ]
    },
    "SC3": {
      "resptime": 36.00260942199332,
      "resptime_old": 26.002609421993327,
      "waittime": 20.628205633796888,
      "servicetime": 10.0,
      "networktime": 5.3744037881964335,
      "services": {
        "MS3_1": {
          "meanserv": 0.6949752860421177,
          "stddevserv": 0.6949752860421177,
          "rate": 1.4389000876491556,
          "cv": 1.0,
          "lambda": 0.15
        },
        "MS3_2": {
          "meanserv": 1.216992319678506,
          "stddevserv": 1.216992319678506,
          "rate": 0.8216978725586132,
          "cv": 1.0,
          "lambda": 0.15
        },
        "MS3_3": {
          "meanserv": 0.2524568009352879,
          "stddevserv": 0.2524568009352879,
          "rate": 3.9610737215050484,
          "cv": 1.0,
          "lambda": 0.15
        },
        "MS3_4": {
          "meanserv": 1.2187667165011553,
          "stddevserv": 1.2187667165011553,
          "rate": 0.8205015664284036,
          "cv": 1.0,
          "lambda": 0.15
        },
        "MS3_5": {
          "meanserv": 1.6126919802067725,
          "stddevserv": 1.6126919802067725,
          "rate": 0.620081213445226,
          "cv": 1.0,
          "lambda": 0.15
        },
        "MS3_6": {
          "meanserv": 0.4093319328769409,
          "stddevserv": 0.4093319328769409,
          "rate": 2.443005100949781,
          "cv": 1.0,
          "lambda": 0.15
        },
        "MS3_7": {
          "meanserv": 2.9328707917909442,
          "stddevserv": 2.9328707917909442,
          "rate": 0.34096285550627836,
          "cv": 1.0,
          "lambda": 0.15
        },
        "MS3_8": {
          "meanserv": 1.6619141719682755,
          "stddevserv": 1.6619141719682755,
          "rate": 0.6017157906630386,
          "cv": 1.0,
          "lambda": 0.15
        }
      },
      "sensors": [
        "S3"
      ],
      "sources": [
        {
          "startTime": 0,
          "stopTime": -1,
          "lambda": 0.15
        }
      ]
    },
    "SC4": {
      "resptime": 40.57268016348583,
      "resptime_old": 30.572680163485817,
      "waittime": 25.82281849484688,
      "servicetime": 10.0,
      "networktime": 4.749861668638941,
      "services": {
        "MS4_1": {
          "meanserv": 0.0879943094840141,
          "stddevserv": 0.0879943094840141,
          "rate": 11.364371240184227,
          "cv": 1.0,
          "lambda": 0.15
        },
        "MS4_2": {
          "meanserv": 3.366368801369227,
          "stddevserv": 3.366368801369227,
          "rate": 0.2970559849512813,
          "cv": 1.0,
          "lambda": 0.15
        },
        "MS4_3": {
          "meanserv": 0.058991640717372285,
          "stddevserv": 0.058991640717372285,
          "rate": 16.95155428530932,
          "cv": 1.0,
          "lambda": 0.15
        },
        "MS4_4": {
          "meanserv": 4.009769018357039,
          "stddevserv": 4.009769018357039,
          "rate": 0.24939092387165473,
          "cv": 1.0,
          "lambda": 0.15
        },
        "MS4_5": {
          "meanserv": 0.6308604772336519,
          "stddevserv": 0.6308604772336519,
          "rate": 1.5851365493445388,
          "cv": 1.0,
          "lambda": 0.15
        },
        "MS4_6": {
          "meanserv": 0.4172680537528528,
          "stddevserv": 0.4172680537528528,
          "rate": 2.3965410028544825,
          "cv": 1.0,
          "lambda": 0.15
        },
        "MS4_7": {
          "meanserv": 0.18395170328483523,
          "stddevserv": 0.18395170328483523,
          "rate": 5.436209516644572,
          "cv": 1.0,
          "lambda": 0.15
        },
        "MS4_8": {
          "meanserv": 1.2447959958010077,
          "stddevserv": 1.2447959958010077,
          "rate": 0.8033444864646394,
          "cv": 1.0,
          "lambda": 0.15
        }
      },
      "sensors": [
        "S4"
      ],
      "sources": [
        {
          "startTime": 0,
          "stopTime": -1,
          "lambda": 0.15
        }
      ]
    }
  },
  "microservice": {
    "MS1_1": "F5",
    "MS1_2": "F5",
    "MS1_3": "F9",
    "MS1_4": "F7",
    "MS1_5": "F7",
    "MS1_6": "F6",
    "MS1_7": "F6",
    "MS1_8": "F4",
    "MS2_1": "F8",
    "MS2_2": "F10",
    "MS2_3": "F10",
    "MS2_4": "F10",
    "MS2_5": "F7",
    "MS2_6": "F6",
    "MS2_7": "F6",
    "MS2_8": "F2",
    "MS3_1": "F9",
    "MS3_2": "F8",
    "MS3_3": "F9",
    "MS3_4": "F9",
    "MS3_5": "F10",
    "MS3_6": "F4",
    "MS3_7": "F4",
    "MS3_8": "F9",
    "MS4_1": "F3",
    "MS4_2": "F3",
    "MS4_3": "F9",
    "MS4_4": "F1",
    "MS4_5": "F8",
    "MS4_6": "F8",
    "MS4_7": "F10",
    "MS4_8": "F10"
  },
  "sensor": {
    "S1": "F5",
    "S2": "F8",
    "S3": "F9",
    "S4": "F3"
  },
  "fog": {
    "F1": {
      "rho": 0.6014653527535558,
      "capacity": 1.0,
      "tserv": 4.009769018357039,
      "stddev": 4.009769018357039,
      "mu": 0.24939092387165473,
      "cv": 1.0,
      "lambda": 0.15,
      "twait": 6.051511841566528
    },
    "F2": {
      "rho": 0.5651911083202739,
      "capacity": 1.0,
      "tserv": 3.7679407221351586,
      "stddev": 3.7679407221351577,
      "mu": 0.26539695651935186,
      "cv": 0.9999999999999998,
      "lambda": 0.15,
      "twait": 4.897799087322483
    },
    "F3": {
      "rho": 0.5181544666279861,
      "capacity": 1.0,
      "tserv": 1.7271815554266206,
      "stddev": 2.890852085446043,
      "mu": 0.5789779290185831,
      "cv": 1.673739553530602,
      "lambda": 0.3,
      "twait": 3.5302335872993402
    },
    "F4": {
      "rho": 0.5944544662097901,
      "capacity": 1.0,
      "tserv": 1.3210099249106448,
      "stddev": 2.087599755083303,
      "mu": 0.7569965835552989,
      "cv": 1.5803058824289389,
      "lambda": 0.44999999999999996,
      "twait": 3.3860722813829107
    },
    "F5": {
      "rho": 0.542864681920807,
      "capacity": 1.0,
      "tserv": 1.8095489397360232,
      "stddev": 2.229292596151812,
      "mu": 0.552623904245375,
      "cv": 1.2319603781907225,
      "lambda": 0.3,
      "twait": 2.7051769525918066
    },
    "F6": {
      "rho": 0.5680203539851485,
      "capacity": 1.0,
      "tserv": 0.9467005899752475,
      "stddev": 1.7445985143467855,
      "mu": 1.0563001762005304,
      "cv": 1.842819718103693,
      "lambda": 0.6,
      "twait": 2.7361469594692704
    },
    "F7": {
      "rho": 0.6199011345246992,
      "capacity": 1.0,
      "tserv": 1.377558076721554,
      "stddev": 1.7523965283631546,
      "mu": 0.7259222074904433,
      "cv": 1.2721035562679706,
      "lambda": 0.44999999999999996,
      "twait": 2.9411452314072988
    },
    "F8": {
      "rho": 0.6493425544571992,
      "capacity": 1.0,
      "tserv": 1.0822375907619988,
      "stddev": 1.4089151370896955,
      "mu": 0.9240115188531793,
      "cv": 1.3018538157574848,
      "lambda": 0.6,
      "twait": 2.700310607829566
    },
    "F9": {
      "rho": 0.650185299323021,
      "capacity": 1.0,
      "tserv": 0.7224281103589123,
      "stddev": 1.0695907427617932,
      "mu": 1.3842207766571903,
      "cv": 1.4805497286510705,
      "lambda": 0.9,
      "twait": 2.1430403804829234
    },
    "F10": {
      "rho": 0.6904205818775191,
      "capacity": 1.0,
      "tserv": 0.76713397986391,
      "stddev": 1.0903652973284332,
      "mu": 1.3035532595980177,
      "cv": 1.421349237485041,
      "lambda": 0.9,
      "twait": 2.5835889412698094
    }
  },
  "extra": {
    "deltatime": 0.0322189,
    "obj_func": 38.08668877745059
  },
  "network": [
    [
      0.0,
      1.3896193250562034,
      1.260172207475487,
      1.2448151238443728,
      1.3595364235826601,
      0.9452888423685621,
      1.2294759327171523,
      1.1326744221817544,
      1.3266532672401088,
      1.3266532672401088
    ],
    [
      1.3896193250562034,
      0.0,
      1.3635936955415187,
      1.4512358044999405,
      1.246217859707279,
      1.2808119265089972,
      1.0656918903639112,
      1.3266532672401088,
      1.3676704704826392,
      1.3676704704826392
    ],
    [
      1.260172207475487,
      1.3635936955415187,
      0.0,
      1.7140230878198683,
      1.1310109371245947,
      0.9310898452981964,
      1.1326744221817544,
      1.3676704704826392,
      1.1496057412598693,
      1.1496057412598693
    ],
    [
      1.2448151238443728,
      1.4512358044999405,
      1.7140230878198683,
      0.0,
      1.630329961788399,
      1.2294759327171523,
      1.3266532672401088,
      1.1496057412598693,
      1.0017975352343724,
      1.0017975352343724
    ],
    [
      1.3595364235826601,
      1.246217859707279,
      1.1310109371245947,
      1.630329961788399,
      0.0,
      1.0656918903639112,
      1.3676704704826392,
      1.0017975352343724,
      1.4590426279201751,
      1.4590426279201751
    ],
    [
      0.9452888423685621,
      1.2808119265089972,
      0.9310898452981964,
      1.2294759327171523,
      1.0656918903639112,
      0.0,
      1.1496057412598693,
      1.4590426279201751,
      1.3020965365980843,
      1.3020965365980843
    ],
    [
      1.2294759327171523,
      1.0656918903639112,
      1.1326744221817544,
      1.3266532672401088,
      1.3676704704826392,
      1.1496057412598693,
      0.0,
      1.3020965365980843,
      1.152814349295026,
      1.152814349295026
    ],
    [
      1.1326744221817544,
      1.3266532672401088,
      1.3676704704826392,
      1.1496057412598693,
      1.0017975352343724,
      1.4590426279201751,
      1.3020965365980843,
      0.0,
      1.140928237957208,
      1.140928237957208
    ],
    [
      1.3266532672401088,
      1.3676704704826392,
      1.1496057412598693,
      1.0017975352343724,
      1.4590426279201751,
      1.3020965365980843,
      1.152814349295026,
      1.140928237957208,
      0.0,
      1.0889522418132724
    ],
    [
      1.3266532672401088,
      1.3676704704826392,
      1.1496057412598693,
      1.0017975352343724,
      1.4590426279201751,
      1.3020965365980843,
      1.152814349295026,
      1.140928237957208,
      1.0889522418132724,
      0.0
    ]
  ]
}