{
  "servicechain": {
    "SC1": {
      "resptime": 33.97906204862497,
      "resptime_old": 23.97906204862496,
      "waittime": 18.984622418399983,
      "servicetime": 10.0,
      "networktime": 4.994439630224981,
      "services": {
        "MS1_1": {
          "meanserv": 2.127998725228827,
          "stddevserv": 2.127998725228827,
          "rate": 0.46992509353710654,
          "cv": 1.0,
          "lambda": 0.15
        },
        "MS1_2": {
          "meanserv": 1.6315859512529927,
          "stddevserv": 1.6315859512529927,
          "rate": 0.6129005948059556,
          "cv": 1.0,
          "lambda": 0.15
        },
        "MS1_3": {
          "meanserv": 2.3011942397402474,
          "stddevserv": 2.3011942397402474,
          "rate": 0.4345569716500235,
          "cv": 1.0,
          "lambda": 0.15
        },
        "MS1_4": {
          "meanserv": 0.027401067291775938,
          "stddevserv": 0.027401067291775938,
          "rate": 36.49492880520521,
          "cv": 1.0,
          "lambda": 0.15
        },
        "MS1_5": {
          "meanserv": 0.015035725925990562,
          "stddevserv": 0.015035725925990562,
          "rate": 66.50826205014903,
          "cv": 1.0,
          "lambda": 0.15
        },
        "MS1_6": {
          "meanserv": 1.27313587947096,
          "stddevserv": 1.27313587947096,
          "rate": 0.7854621145509942,
          "cv": 1.0,
          "lambda": 0.15
        },
        "MS1_7": {
          "meanserv": 0.179842024925577,
          "stddevserv": 0.179842024925577,
          "rate": 5.560435612387173,
          "cv": 1.0,
          "lambda": 0.15
        },
        "MS1_8": {
          "meanserv": 1.6489868108245318,
          "stddevserv": 1.6489868108245318,
          "rate": 0.6064329886907808,
          "cv": 1.0,
          "lambda": 0.15
        },
        "MS1_9": {
          "meanserv": 0.7112665723618417,
          "stddevserv": 0.7112665723618417,
          "rate": 1.4059426364989798,
          "cv": 1.0,
          "lambda": 0.15
        },
        "MS1_10": {
          "meanserv": 0.08355300297725599,
          "stddevserv": 0.08355300297725599,
          "rate": 11.968450736261515,
          "cv": 1.0,
          "lambda": 0.15
        }
      },
      "sensors": [
        "S1"
      ],
      "sources": [
        {
          "startTime": 0,
          "stopTime": -1,
          "lambda": 0.15
        }
      ]
    },
    "SC2": {
      "resptime": 37.072148496482505,
      "resptime_old": 27.07214849648251,
      "waittime": 23.635240861792074,
      "servicetime": 10.0,
      "networktime": 3.4369076346904355,
      "services": {
        "MS2_1": {
          "meanserv": 2.0048669351410267,
          "stddevserv": 2.0048669351410267,
          "rate": 0.49878621990923194,
          "cv": 1.0,
          "lambda": 0.15
        },
        "MS2_2": {
          "meanserv": 0.5969344448264113,
          "stddevserv": 0.5969344448264113,
          "rate": 1.6752258286767154,
          "cv": 1.0,
          "lambda": 0.15
        },
        "MS2_3": {
          "meanserv": 0.3935027922467649,
          "stddevserv": 0.3935027922467649,
          "rate": 2.5412780282710212,
          "cv": 1.0,
          "lambda": 0.15
        },
        "MS2_4": {
          "meanserv": 0.6209882941357581,
          "stddevserv": 0.6209882941357581,
          "rate": 1.6103363130084765,
          "cv": 1.0,
          "lambda": 0.15
        },
        "MS2_5": {
          "meanserv": 3.2484101779139296,
          "stddevserv": 3.2484101779139296,
          "rate": 0.30784289705747137,
          "cv": 1.0,
          "lambda": 0.15
        },
        "MS2_6": {
          "meanserv": 1.1485648220884839,
          "stddevserv": 1.1485648220884839,
          "rate": 0.8706517740824221,
          "cv": 1.0,
          "lambda": 0.15
        },
        "MS2_7": {
          "meanserv": 0.15648073569740895,
          "stddevserv": 0.15648073569740895,
          "rate": 6.39056300152964,
          "cv": 1.0,
          "lambda": 0.15
        },
        "MS2_8": {
          "meanserv": 0.9694391256538903,
          "stddevserv": 0.9694391256538903,
          "rate": 1.0315242840291763,
          "cv": 1.0,
          "lambda": 0.15
        },
        "MS2_9": {
          "meanserv": 0.8255071667541216,
          "stddevserv": 0.8255071667541216,
          "rate": 1.2113765213353396,
          "cv": 1.0,
          "lambda": 0.15
        },
        "MS2_10": {
          "meanserv": 0.035305505542204685,
          "stddevserv": 0.035305505542204685,
          "rate": 28.32419433293729,
          "cv": 1.0,
          "lambda": 0.15
        }
      },
      "sensors": [
        "S2"
      ],
      "sources": [
        {
          "startTime": 0,
          "stopTime": -1,
          "lambda": 0.15
        }
      ]
    },
    "SC3": {
      "resptime": 33.390286892504236,
      "resptime_old": 23.390286892504236,
      "waittime": 20.82353684080716,
      "servicetime": 10.0,
      "networktime": 2.566750051697071,
      "services": {
        "MS3_1": {
          "meanserv": 1.8745502492808586,
          "stddevserv": 1.8745502492808586,
          "rate": 0.5334612931201146,
          "cv": 1.0,
          "lambda": 0.15
        },
        "MS3_2": {
          "meanserv": 0.7574988471331812,
          "stddevserv": 0.7574988471331812,
          "rate": 1.3201340223613345,
          "cv": 1.0,
          "lambda": 0.15
        },
        "MS3_3": {
          "meanserv": 0.11067375950535219,
          "stddevserv": 0.11067375950535219,
          "rate": 9.035565471611543,
          "cv": 1.0,
          "lambda": 0.15
        },
        "MS3_4": {
          "meanserv": 0.48156881018072895,
          "stddevserv": 0.48156881018072895,
          "rate": 2.0765464433311367,
          "cv": 1.0,
          "lambda": 0.15
        },
        "MS3_5": {
          "meanserv": 2.4212278406219836,
          "stddevserv": 2.4212278406219836,
          "rate": 0.41301358890004847,
          "cv": 1.0,
          "lambda": 0.15
        },
        "MS3_6": {
          "meanserv": 0.8540598791943559,
          "stddevserv": 0.8540598791943559,
          "rate": 1.1708780898867548,
          "cv": 1.0,
          "lambda": 0.15
        },
        "MS3_7": {
          "meanserv": 1.3820331532744294,
          "stddevserv": 1.3820331532744294,
          "rate": 0.7235716434375802,
          "cv": 1.0,
          "lambda": 0.15
        },
        "MS3_8": {
          "meanserv": 0.15292109908338603,
          "stddevserv": 0.15292109908338603,
          "rate": 6.539319989158018,
          "cv": 1.0,
          "lambda": 0.15
        },
        "MS3_9": {
          "meanserv": 1.2018382379451644,
          "stddevserv": 1.2018382379451644,
          "rate": 0.8320587317222856,
          "cv": 1.0,
          "lambda": 0.15
        },
        "MS3_10": {
          "meanserv": 0.7636281237805598,
          "stddevserv": 0.7636281237805598,
          "rate": 1.3095379398144917,
          "cv": 1.0,
          "lambda": 0.15
        }
      },
      "sensors": [
        "S3"
      ],
      "sources": [
        {
          "startTime": 0,
          "stopTime": -1,
          "lambda": 0.15
        }
      ]
    },
    "SC4": {
      "resptime": 31.42055579686613,
      "resptime_old": 21.42055579686613,
      "waittime": 16.844714370601135,
      "servicetime": 10.0,
      "networktime": 4.575841426264994,
      "services": {
        "MS4_1": {
          "meanserv": 0.5720678854213701,
          "stddevserv": 0.5720678854213701,
          "rate": 1.7480442889455792,
          "cv": 1.0,
          "lambda": 0.15
        },
        "MS4_2": {
          "meanserv": 3.6725975207903807,
          "stddevserv": 3.6725975207903807,
          "rate": 0.27228684720801904,
          "cv": 1.0,
          "lambda": 0.15
        },
        "MS4_3": {
          "meanserv": 1.554049076295457,
          "stddevserv": 1.554049076295457,
          "rate": 0.6434803219881579,
          "cv": 1.0,
          "lambda": 0.15
        },
        "MS4_4": {
          "meanserv": 0.5689391011814156,
          "stddevserv": 0.5689391011814156,
          "rate": 1.7576573624900735,
          "cv": 1.0,
          "lambda": 0.15
        },
        "MS4_5": {
          "meanserv": 0.49391842740850755,
          "stddevserv": 0.49391842740850755,
          "rate": 2.024625817762667,
          "cv": 1.0,
          "lambda": 0.15
        },
        "MS4_6": {
          "meanserv": 0.11174305650432803,
          "stddevserv": 0.11174305650432803,
          "rate": 8.94910190649088,
          "cv": 1.0,
          "lambda": 0.15
        },
        "MS4_7": {
          "meanserv": 0.16198984959582763,
          "stddevserv": 0.16198984959582763,
          "rate": 6.173226300876552,
          "cv": 1.0,
          "lambda": 0.15
        },
        "MS4_8": {
          "meanserv": 1.175024985317167,
          "stddevserv": 1.175024985317167,
          "rate": 0.8510457330659027,
          "cv": 1.0,
          "lambda": 0.15
        },
        "MS4_9": {
          "meanserv": 0.25445802001050133,
          "stddevserv": 0.25445802001050133,
          "rate": 3.929921328314708,
          "cv": 1.0,
          "lambda": 0.15
        },
        "MS4_10": {
          "meanserv": 1.435212077475045,
          "stddevserv": 1.435212077475045,
          "rate": 0.6967611377402081,
          "cv": 1.0,
          "lambda": 0.15
        }
      },
      "sensors": [
        "S4"
      ],
      "sources": [
        {
          "startTime": 0,
          "stopTime": -1,
          "lambda": 0.15
        }
      ]
    }
  },
  "microservice": {
    "MS1_1": "F8",
    "MS1_2": "F7",
    "MS1_3": "F7",
    "MS1_4": "F1",
    "MS1_5": "F1",
    "MS1_6": "F2",
    "MS1_7": "F1",
    "MS1_8": "F5",
    "MS1_9": "F5",
    "MS1_10": "F1",
    "MS2_1": "F8",
    "MS2_2": "F5",
    "MS2_3": "F1",
    "MS2_4": "F1",
    "MS2_5": "F10",
    "MS2_6": "F10",
    "MS2_7": "F3",
    "MS2_8": "F3",
    "MS2_9": "F3",
    "MS2_10": "F3",
    "MS3_1": "F9",
    "MS3_2": "F9",
    "MS3_3": "F9",
    "MS3_4": "F6",
    "MS3_5": "F6",
    "MS3_6": "F6",
    "MS3_7": "F9",
    "MS3_8": "F3",
    "MS3_9": "F3",
    "MS3_10": "F3",
    "MS4_1": "F2",
    "MS4_2": "F4",
    "MS4_3": "F2",
    "MS4_4": "F2",
    "MS4_5": "F1",
    "MS4_6": "F1",
    "MS4_7": "F1",
    "MS4_8": "F5",
    "MS4_9": "F1",
    "MS4_10": "F1"
  },
  "sensor": {
    "S1": "F8",
    "S2": "F8",
    "S3": "F9",
    "S4": "F2"
  },
  "fog": {
    "F1": {
      "rho": 0.5666466507745997,
      "capacity": 1.0,
      "tserv": 0.3434222125906666,
      "stddev": 0.6521814856792353,
      "mu": 2.9118675593413776,
      "cv": 1.8990661109524285,
      "lambda": 1.6499999999999997,
      "twait": 1.0342728250537079
    },
    "F2": {
      "rho": 0.5952287913553803,
      "capacity": 1.0,
      "tserv": 0.9920479855923006,
      "stddev": 1.165885597749447,
      "mu": 1.0080157558134164,
      "cv": 1.1752310520073854,
      "lambda": 0.6,
      "twait": 1.736868914618003
    },
    "F3": {
      "rho": 0.6157679991685103,
      "capacity": 1.0,
      "tserv": 0.5864457134938194,
      "stddev": 0.8441766761888099,
      "mu": 1.7051876703853497,
      "cv": 1.4394796598640442,
      "lambda": 1.05,
      "twait": 1.4436336313354325
    },
    "F4": {
      "rho": 0.5508896281185571,
      "capacity": 1.0,
      "tserv": 3.672597520790381,
      "stddev": 3.6725975207903803,
      "mu": 0.27228684720801904,
      "cv": 0.9999999999999998,
      "lambda": 0.15,
      "twait": 4.504896811849705
    },
    "F5": {
      "rho": 0.6198319219994928,
      "capacity": 1.0,
      "tserv": 1.033053203332488,
      "stddev": 1.189048830986646,
      "mu": 0.9680043552201737,
      "cv": 1.1510044469645295,
      "lambda": 0.6,
      "twait": 1.9578466896288806
    },
    "F6": {
      "rho": 0.5635284794995602,
      "capacity": 1.0,
      "tserv": 1.2522855099990229,
      "stddev": 1.7265268710257762,
      "mu": 0.7985399431801941,
      "cv": 1.3787006694880015,
      "lambda": 0.44999999999999996,
      "twait": 2.345057145275236
    },
    "F7": {
      "rho": 0.589917028648986,
      "capacity": 1.0,
      "tserv": 1.96639009549662,
      "stddev": 2.022591811926623,
      "mu": 0.508546092807412,
      "cv": 1.028581163299548,
      "lambda": 0.3,
      "twait": 2.91071619694072
    },
    "F8": {
      "rho": 0.619929849055478,
      "capacity": 1.0,
      "tserv": 2.066432830184927,
      "stddev": 2.0682662692533573,
      "mu": 0.48392572233306475,
      "cv": 1.000887248325544,
      "lambda": 0.3,
      "twait": 3.373536430427946
    },
    "F9": {
      "rho": 0.6187134013790732,
      "capacity": 1.0,
      "tserv": 1.0311890022984553,
      "stddev": 1.3934320832672777,
      "mu": 0.969754329973519,
      "cv": 1.3512867962724635,
      "lambda": 0.6,
      "twait": 2.364366127743788
    },
    "F10": {
      "rho": 0.659546250000362,
      "capacity": 1.0,
      "tserv": 2.1984875000012067,
      "stddev": 2.652927165764715,
      "mu": 0.45485816953676156,
      "cv": 1.206705594534087,
      "lambda": 0.3,
      "twait": 5.230388783143048
    }
  },
  "extra": {
    "conv_gen": 381,
    "max_gen": 600,
    "population": 600,
    "deltatime": 62.5072113,
    "obj_func": 33.96551330861946
  },
  "network": [
    [
      0.0,
      0.8000624669596114,
      0.6298218713242953,
      1.4627328664976507,
      0.8305290073747512,
      1.2402261236308452,
      0.8675889021502475,
      0.8872595402699989,
      0.955508218080163,
      0.955508218080163
    ],
    [
      0.8000624669596114,
      0.0,
      0.7529780582160766,
      1.0573604722779397,
      0.9615119674065742,
      1.0281789312195069,
      0.9612460063060394,
      0.955508218080163,
      0.8355533644796408,
      0.8355533644796408
    ],
    [
      0.6298218713242953,
      0.7529780582160766,
      0.0,
      1.0576231943588694,
      1.1967898768956984,
      1.0437726812438364,
      0.8872595402699989,
      0.8355533644796408,
      0.8354144928850532,
      0.8354144928850532
    ],
    [
      1.4627328664976507,
      1.0573604722779397,
      1.0576231943588694,
      0.0,
      1.0524134871605562,
      0.8675889021502475,
      0.955508218080163,
      0.8354144928850532,
      0.8154559163504681,
      0.8154559163504681
    ],
    [
      0.8305290073747512,
      0.9615119674065742,
      1.1967898768956984,
      1.0524134871605562,
      0.0,
      0.9612460063060394,
      0.8355533644796408,
      0.8154559163504681,
      1.0338221513373311,
      1.0338221513373311
    ],
    [
      1.2402261236308452,
      1.0281789312195069,
      1.0437726812438364,
      0.8675889021502475,
      0.9612460063060394,
      0.0,
      0.8354144928850532,
      1.0338221513373311,
      0.8656677794060088,
      0.8656677794060088
    ],
    [
      0.8675889021502475,
      0.9612460063060394,
      0.8872595402699989,
      0.955508218080163,
      0.8355533644796408,
      0.8354144928850532,
      0.0,
      0.8656677794060088,
      0.9852952030039449,
      0.9852952030039449
    ],
    [
      0.8872595402699989,
      0.955508218080163,
      0.8355533644796408,
      0.8354144928850532,
      0.8154559163504681,
      1.0338221513373311,
      0.8656677794060088,
      0.0,
      0.6184591557562789,
      0.6184591557562789
    ],
    [
      0.955508218080163,
      0.8355533644796408,
      0.8354144928850532,
      0.8154559163504681,
      1.0338221513373311,
      0.8656677794060088,
      0.9852952030039449,
      0.6184591557562789,
      0.0,
      1.1595670460161662
    ],
    [
      0.955508218080163,
      0.8355533644796408,
      0.8354144928850532,
      0.8154559163504681,
      1.0338221513373311,
      0.8656677794060088,
      0.9852952030039449,
      0.6184591557562789,
      1.1595670460161662,
      0.0
    ]
  ]
}