{
  "servicechain": {
    "SC1": {
      "resptime": 35.22140354342758,
      "resptime_old": 25.221403543427577,
      "waittime": 20.52284236702878,
      "servicetime": 10.0,
      "networktime": 4.698561176398798,
      "services": {
        "MS1_1": {
          "meanserv": 2.7319139158654315,
          "stddevserv": 2.7319139158654315,
          "rate": 0.36604374471412077,
          "cv": 1.0,
          "lambda": 0.15
        },
        "MS1_2": {
          "meanserv": 2.244979650617387,
          "stddevserv": 2.244979650617387,
          "rate": 0.4454383360334657,
          "cv": 1.0,
          "lambda": 0.15
        },
        "MS1_3": {
          "meanserv": 2.6798080774169355,
          "stddevserv": 2.6798080774169355,
          "rate": 0.3731610515048149,
          "cv": 1.0,
          "lambda": 0.15
        },
        "MS1_4": {
          "meanserv": 2.343298356100246,
          "stddevserv": 2.343298356100246,
          "rate": 0.42674890177630465,
          "cv": 1.0,
          "lambda": 0.15
        }
      },
      "sensors": [
        "S1"
      ],
      "sources": [
        {
          "startTime": 0,
          "stopTime": -1,
          "lambda": 0.15
        }
      ]
    },
    "SC2": {
      "resptime": 39.644833835014275,
      "resptime_old": 29.644833835014275,
      "waittime": 26.1884299180512,
      "servicetime": 10.0,
      "networktime": 3.456403916963076,
      "services": {
        "MS2_1": {
          "meanserv": 5.125990040413044,
          "stddevserv": 5.125990040413044,
          "rate": 0.19508426511094462,
          "cv": 1.0,
          "lambda": 0.15
        },
        "MS2_2": {
          "meanserv": 1.2617922342443029,
          "stddevserv": 1.2617922342443029,
          "rate": 0.7925235017783318,
          "cv": 1.0,
          "lambda": 0.15
        },
        "MS2_3": {
          "meanserv": 2.925980186778471,
          "stddevserv": 2.925980186778471,
          "rate": 0.34176581390354815,
          "cv": 1.0,
          "lambda": 0.15
        },
        "MS2_4": {
          "meanserv": 0.6862375385641819,
          "stddevserv": 0.6862375385641819,
          "rate": 1.4572213611227167,
          "cv": 1.0,
          "lambda": 0.15
        }
      },
      "sensors": [
        "S2"
      ],
      "sources": [
        {
          "startTime": 0,
          "stopTime": -1,
          "lambda": 0.15
        }
      ]
    },
    "SC3": {
      "resptime": 26.332884437336254,
      "resptime_old": 16.332884437336254,
      "waittime": 12.378844740804563,
      "servicetime": 10.0,
      "networktime": 3.954039696531691,
      "services": {
        "MS3_1": {
          "meanserv": 2.8548204824278143,
          "stddevserv": 2.8548204824278143,
          "rate": 0.35028472233377483,
          "cv": 1.0,
          "lambda": 0.15
        },
        "MS3_2": {
          "meanserv": 0.3053079774224914,
          "stddevserv": 0.3053079774224914,
          "rate": 3.2753811690160317,
          "cv": 1.0,
          "lambda": 0.15
        },
        "MS3_3": {
          "meanserv": 3.8428111387208546,
          "stddevserv": 3.8428111387208546,
          "rate": 0.26022616358212886,
          "cv": 1.0,
          "lambda": 0.15
        },
        "MS3_4": {
          "meanserv": 2.99706040142884,
          "stddevserv": 2.99706040142884,
          "rate": 0.3336602757566224,
          "cv": 1.0,
          "lambda": 0.15
        }
      },
      "sensors": [
        "S3"
      ],
      "sources": [
        {
          "startTime": 0,
          "stopTime": -1,
          "lambda": 0.15
        }
      ]
    },
    "SC4": {
      "resptime": 35.00359584646813,
      "resptime_old": 25.003595846468126,
      "waittime": 19.24972431592715,
      "servicetime": 10.0,
      "networktime": 5.7538715305409776,
      "services": {
        "MS4_1": {
          "meanserv": 4.231194286061468,
          "stddevserv": 4.231194286061468,
          "rate": 0.23633989185848334,
          "cv": 1.0,
          "lambda": 0.15
        },
        "MS4_2": {
          "meanserv": 0.849962796896131,
          "stddevserv": 0.849962796896131,
          "rate": 1.176522082674407,
          "cv": 1.0,
          "lambda": 0.15
        },
        "MS4_3": {
          "meanserv": 4.157680509797757,
          "stddevserv": 4.157680509797757,
          "rate": 0.2405187213503914,
          "cv": 1.0,
          "lambda": 0.15
        },
        "MS4_4": {
          "meanserv": 0.7611624072446439,
          "stddevserv": 0.7611624072446439,
          "rate": 1.3137800691181425,
          "cv": 1.0,
          "lambda": 0.15
        }
      },
      "sensors": [
        "S4"
      ],
      "sources": [
        {
          "startTime": 0,
          "stopTime": -1,
          "lambda": 0.15
        }
      ]
    }
  },
  "microservice": {
    "MS1_1": "F6",
    "MS1_2": "F6",
    "MS1_3": "F8",
    "MS1_4": "F9",
    "MS2_1": "F3",
    "MS2_2": "F8",
    "MS2_3": "F10",
    "MS2_4": "F10",
    "MS3_1": "F7",
    "MS3_2": "F7",
    "MS3_3": "F5",
    "MS3_4": "F1",
    "MS4_1": "F4",
    "MS4_2": "F9",
    "MS4_3": "F2",
    "MS4_4": "F9"
  },
  "sensor": {
    "S1": "F6",
    "S2": "F3",
    "S3": "F7",
    "S4": "F4"
  },
  "fog": {
    "F1": {
      "rho": 0.4495590602143259,
      "capacity": 1.0,
      "tserv": 2.99706040142884,
      "stddev": 2.99706040142884,
      "mu": 0.3336602757566224,
      "cv": 1.0,
      "lambda": 0.15,
      "twait": 2.4477751563983254
    },
    "F2": {
      "rho": 0.6236520764696636,
      "capacity": 1.0,
      "tserv": 4.157680509797757,
      "stddev": 4.157680509797757,
      "mu": 0.2405187213503914,
      "cv": 1.0,
      "lambda": 0.15,
      "twait": 6.88975791047193
    },
    "F3": {
      "rho": 0.7688985060619565,
      "capacity": 1.0,
      "tserv": 5.125990040413044,
      "stddev": 5.125990040413044,
      "mu": 0.19508426511094462,
      "cv": 1.0,
      "lambda": 0.15,
      "twait": 17.054697557336898
    },
    "F4": {
      "rho": 0.6346791429092202,
      "capacity": 1.0,
      "tserv": 4.231194286061468,
      "stddev": 4.231194286061468,
      "mu": 0.23633989185848334,
      "cv": 1.0,
      "lambda": 0.15,
      "twait": 7.350937431674113
    },
    "F5": {
      "rho": 0.5764216708081281,
      "capacity": 1.0,
      "tserv": 3.842811138720854,
      "stddev": 3.8428111387208546,
      "mu": 0.2602261635821289,
      "cv": 1.0000000000000002,
      "lambda": 0.15,
      "twait": 5.229445097929401
    },
    "F6": {
      "rho": 0.7465340349724228,
      "capacity": 1.0,
      "tserv": 2.488446783241409,
      "stddev": 2.5121544304363224,
      "mu": 0.4018570968583932,
      "cv": 1.009527086275091,
      "lambda": 0.3,
      "twait": 7.399388281198818
    },
    "F7": {
      "rho": 0.4740192689775458,
      "capacity": 1.0,
      "tserv": 1.5800642299251528,
      "stddev": 2.3972087888371814,
      "mu": 0.6328856644311034,
      "cv": 1.5171590771033001,
      "lambda": 0.3,
      "twait": 2.3508122432384186
    },
    "F8": {
      "rho": 0.5912400467491857,
      "capacity": 1.0,
      "tserv": 1.9708001558306192,
      "stddev": 2.2112072991843816,
      "mu": 0.507408119002577,
      "cv": 1.1219845364039154,
      "lambda": 0.3,
      "twait": 3.2195513177405912
    },
    "F9": {
      "rho": 0.5931635340361531,
      "capacity": 1.0,
      "tserv": 1.318141186747007,
      "stddev": 1.6706501468418133,
      "mu": 0.7586440739841108,
      "cv": 1.2674288336022264,
      "lambda": 0.44999999999999996,
      "twait": 2.504514486890554
    },
    "F10": {
      "rho": 0.5418326588013979,
      "capacity": 1.0,
      "tserv": 1.8061088626713262,
      "stddev": 2.4021350480218406,
      "mu": 0.5536764813395298,
      "cv": 1.3300056810910952,
      "lambda": 0.3,
      "twait": 2.957090521486855
    }
  },
  "extra": {
    "deltatime": 0.2914287,
    "conv": 6,
    "obj_func": 34.05067941556156
  },
  "network": [
    [
      0.0,
      2.633493272111178,
      2.438872960050504,
      2.635051696831111,
      2.2030396060434065,
      2.984481229568526,
      3.1257697493614174,
      2.0161601635124238,
      2.5045257659920352,
      2.5045257659920352
    ],
    [
      2.633493272111178,
      0.0,
      2.03987549341342,
      1.8493996336114469,
      2.7817928315393807,
      2.6490410387748957,
      2.975903415378931,
      2.5045257659920352,
      1.7510000904882845,
      1.7510000904882845
    ],
    [
      2.438872960050504,
      2.03987549341342,
      0.0,
      2.169800484477129,
      2.194361800049971,
      2.6438883252687297,
      2.0161601635124238,
      1.7510000904882845,
      2.8504852890170653,
      2.8504852890170653
    ],
    [
      2.635051696831111,
      1.8493996336114469,
      2.169800484477129,
      0.0,
      2.582363019450357,
      3.1257697493614174,
      2.5045257659920352,
      2.8504852890170653,
      2.251871349564408,
      2.251871349564408
    ],
    [
      2.2030396060434065,
      2.7817928315393807,
      2.194361800049971,
      2.582363019450357,
      0.0,
      2.975903415378931,
      1.7510000904882845,
      2.251871349564408,
      2.993157349924006,
      2.993157349924006
    ],
    [
      2.984481229568526,
      2.6490410387748957,
      2.6438883252687297,
      3.1257697493614174,
      2.975903415378931,
      0.0,
      2.8504852890170653,
      2.993157349924006,
      2.982554015815782,
      2.982554015815782
    ],
    [
      3.1257697493614174,
      2.975903415378931,
      2.0161601635124238,
      2.5045257659920352,
      1.7510000904882845,
      2.8504852890170653,
      0.0,
      2.982554015815782,
      2.4988701802516506,
      2.4988701802516506
    ],
    [
      2.0161601635124238,
      2.5045257659920352,
      1.7510000904882845,
      2.8504852890170653,
      2.251871349564408,
      2.993157349924006,
      2.982554015815782,
      0.0,
      1.7054038264747915,
      1.7054038264747915
    ],
    [
      2.5045257659920352,
      1.7510000904882845,
      2.8504852890170653,
      2.251871349564408,
      2.993157349924006,
      2.982554015815782,
      2.4988701802516506,
      1.7054038264747915,
      0.0,
      2.052785719624246
    ],
    [
      2.5045257659920352,
      1.7510000904882845,
      2.8504852890170653,
      2.251871349564408,
      2.993157349924006,
      2.982554015815782,
      2.4988701802516506,
      1.7054038264747915,
      2.052785719624246,
      0.0
    ]
  ]
}