{
  "servicechain": {
    "SC1": {
      "resptime": 24.27577327491724,
      "resptime_old": 14.275773274917237,
      "waittime": 10.112001248004926,
      "servicetime": 10.0,
      "networktime": 4.163772026912312,
      "services": {
        "MS1_1": {
          "meanserv": 0.2920092291456533,
          "stddevserv": 0.2920092291456533,
          "rate": 3.424549295670388,
          "cv": 1.0,
          "lambda": 0.1
        },
        "MS1_2": {
          "meanserv": 5.40643787307101,
          "stddevserv": 5.40643787307101,
          "rate": 0.1849646705423014,
          "cv": 1.0,
          "lambda": 0.1
        },
        "MS1_3": {
          "meanserv": 2.235116252180344,
          "stddevserv": 2.235116252180344,
          "rate": 0.447404021613867,
          "cv": 1.0,
          "lambda": 0.1
        },
        "MS1_4": {
          "meanserv": 0.509394414828054,
          "stddevserv": 0.509394414828054,
          "rate": 1.9631153599074105,
          "cv": 1.0,
          "lambda": 0.1
        },
        "MS1_5": {
          "meanserv": 1.5570422307749396,
          "stddevserv": 1.5570422307749396,
          "rate": 0.6422433381927606,
          "cv": 1.0,
          "lambda": 0.1
        }
      },
      "sensors": [
        "S1"
      ],
      "sources": [
        {
          "startTime": 0,
          "stopTime": -1,
          "lambda": 0.1
        }
      ]
    },
    "SC2": {
      "resptime": 19.236706786158116,
      "resptime_old": 9.236706786158116,
      "waittime": 5.262739839327009,
      "servicetime": 10.0,
      "networktime": 3.9739669468311067,
      "services": {
        "MS2_1": {
          "meanserv": 1.4350442579275957,
          "stddevserv": 1.4350442579275957,
          "rate": 0.6968426196444558,
          "cv": 1.0,
          "lambda": 0.1
        },
        "MS2_2": {
          "meanserv": 1.3450875406261162,
          "stddevserv": 1.3450875406261162,
          "rate": 0.7434460358873864,
          "cv": 1.0,
          "lambda": 0.1
        },
        "MS2_3": {
          "meanserv": 0.476291499600753,
          "stddevserv": 0.476291499600753,
          "rate": 2.0995545812558922,
          "cv": 1.0,
          "lambda": 0.1
        },
        "MS2_4": {
          "meanserv": 3.494371500159644,
          "stddevserv": 3.494371500159644,
          "rate": 0.28617449517153914,
          "cv": 1.0,
          "lambda": 0.1
        },
        "MS2_5": {
          "meanserv": 3.249205201685891,
          "stddevserv": 3.249205201685891,
          "rate": 0.30776757327642384,
          "cv": 1.0,
          "lambda": 0.1
        }
      },
      "sensors": [
        "S2"
      ],
      "sources": [
        {
          "startTime": 0,
          "stopTime": -1,
          "lambda": 0.1
        }
      ]
    },
    "SC3": {
      "resptime": 23.22520335023464,
      "resptime_old": 13.22520335023464,
      "waittime": 8.359977890185181,
      "servicetime": 10.0,
      "networktime": 4.865225460049459,
      "services": {
        "MS3_1": {
          "meanserv": 0.5398254861471652,
          "stddevserv": 0.5398254861471652,
          "rate": 1.8524505153270658,
          "cv": 1.0,
          "lambda": 0.1
        },
        "MS3_2": {
          "meanserv": 3.529712230872611,
          "stddevserv": 3.529712230872611,
          "rate": 0.2833092146304463,
          "cv": 1.0,
          "lambda": 0.1
        },
        "MS3_3": {
          "meanserv": 1.3860643229765905,
          "stddevserv": 1.3860643229765905,
          "rate": 0.7214672388742301,
          "cv": 1.0,
          "lambda": 0.1
        },
        "MS3_4": {
          "meanserv": 0.8094848548933404,
          "stddevserv": 0.8094848548933404,
          "rate": 1.2353535633866335,
          "cv": 1.0,
          "lambda": 0.1
        },
        "MS3_5": {
          "meanserv": 3.7349131051102926,
          "stddevserv": 3.7349131051102926,
          "rate": 0.26774384620401226,
          "cv": 1.0,
          "lambda": 0.1
        }
      },
      "sensors": [
        "S3"
      ],
      "sources": [
        {
          "startTime": 0,
          "stopTime": -1,
          "lambda": 0.1
        }
      ]
    },
    "SC4": {
      "resptime": 24.899176437398836,
      "resptime_old": 14.899176437398836,
      "waittime": 11.549274186986503,
      "servicetime": 10.0,
      "networktime": 3.3499022504123337,
      "services": {
        "MS4_1": {
          "meanserv": 3.535020321915323,
          "stddevserv": 3.535020321915323,
          "rate": 0.2828838051652801,
          "cv": 1.0,
          "lambda": 0.1
        },
        "MS4_2": {
          "meanserv": 0.4883700547568983,
          "stddevserv": 0.4883700547568983,
          "rate": 2.0476275935832753,
          "cv": 1.0,
          "lambda": 0.1
        },
        "MS4_3": {
          "meanserv": 1.083849581051095,
          "stddevserv": 1.083849581051095,
          "rate": 0.9226372528835787,
          "cv": 1.0,
          "lambda": 0.1
        },
        "MS4_4": {
          "meanserv": 3.853423531208054,
          "stddevserv": 3.853423531208054,
          "rate": 0.2595094964000748,
          "cv": 1.0,
          "lambda": 0.1
        },
        "MS4_5": {
          "meanserv": 1.0393365110686297,
          "stddevserv": 1.0393365110686297,
          "rate": 0.9621522859538684,
          "cv": 1.0,
          "lambda": 0.1
        }
      },
      "sensors": [
        "S4"
      ],
      "sources": [
        {
          "startTime": 0,
          "stopTime": -1,
          "lambda": 0.1
        }
      ]
    }
  },
  "microservice": {
    "MS1_1": "F3",
    "MS1_2": "F1",
    "MS1_3": "F3",
    "MS1_4": "F6",
    "MS1_5": "F6",
    "MS2_1": "F5",
    "MS2_2": "F5",
    "MS2_3": "F5",
    "MS2_4": "F2",
    "MS2_5": "F4",
    "MS3_1": "F8",
    "MS3_2": "F8",
    "MS3_3": "F6",
    "MS3_4": "F6",
    "MS3_5": "F7",
    "MS4_1": "F10",
    "MS4_2": "F10",
    "MS4_3": "F9",
    "MS4_4": "F9",
    "MS4_5": "F3"
  },
  "sensor": {
    "S1": "F3",
    "S2": "F5",
    "S3": "F8",
    "S4": "F10"
  },
  "fog": {
    "F1": {
      "rho": 0.5406437873071009,
      "capacity": 1.0,
      "tserv": 5.406437873071009,
      "stddev": 5.4064378730710105,
      "mu": 0.18496467054230142,
      "cv": 1.0000000000000002,
      "lambda": 0.1,
      "twait": 6.363159932903292
    },
    "F2": {
      "rho": 0.3494371500159644,
      "capacity": 1.0,
      "tserv": 3.494371500159644,
      "stddev": 3.4943715001596445,
      "mu": 0.28617449517153914,
      "cv": 1.0000000000000002,
      "lambda": 0.1,
      "twait": 1.8769335170964045
    },
    "F3": {
      "rho": 0.3566461992394626,
      "capacity": 1.0,
      "tserv": 1.188820664131542,
      "stddev": 1.6414003323804578,
      "mu": 0.841169766114825,
      "cv": 1.3806963336892655,
      "lambda": 0.30000000000000004,
      "twait": 0.957674366207798
    },
    "F4": {
      "rho": 0.32492052016858913,
      "capacity": 1.0,
      "tserv": 3.249205201685891,
      "stddev": 3.249205201685891,
      "mu": 0.30776757327642384,
      "cv": 1.0,
      "lambda": 0.1,
      "twait": 1.5638654051963126
    },
    "F5": {
      "rho": 0.3256423298154465,
      "capacity": 1.0,
      "tserv": 1.085474432718155,
      "stddev": 1.2458153931256726,
      "mu": 0.9212561529393954,
      "cv": 1.1477150963436376,
      "lambda": 0.30000000000000004,
      "twait": 0.6073136390114304
    },
    "F6": {
      "rho": 0.4261985823472925,
      "capacity": 1.0,
      "tserv": 1.0654964558682312,
      "stddev": 1.2226483184197614,
      "mu": 0.9385296351691187,
      "cv": 1.147491680226635,
      "lambda": 0.4,
      "twait": 0.9167462913430191
    },
    "F7": {
      "rho": 0.37349131051102924,
      "capacity": 1.0,
      "tserv": 3.7349131051102926,
      "stddev": 3.734913105110293,
      "mu": 0.26774384620401226,
      "cv": 1.0000000000000002,
      "lambda": 0.1,
      "twait": 2.2265574503209153
    },
    "F8": {
      "rho": 0.40695377170197766,
      "capacity": 1.0,
      "tserv": 2.034768858509888,
      "stddev": 2.9342794142180963,
      "mu": 0.4914563125033891,
      "cv": 1.4420701407662304,
      "lambda": 0.2,
      "twait": 2.1499639285891146
    },
    "F9": {
      "rho": 0.4937273112259149,
      "capacity": 1.0,
      "tserv": 2.4686365561295744,
      "stddev": 3.1511008201822572,
      "mu": 0.4050819054416983,
      "cv": 1.276453924478327,
      "lambda": 0.2,
      "twait": 3.165014266128588
    },
    "F10": {
      "rho": 0.40233903766722207,
      "capacity": 1.0,
      "tserv": 2.0116951883361103,
      "stddev": 2.9475339617997474,
      "mu": 0.4970932006986149,
      "cv": 1.4651990912389055,
      "lambda": 0.2,
      "twait": 2.130785644260765
    }
  },
  "extra": {
    "conv_gen": 19,
    "max_gen": 600,
    "population": 600,
    "deltatime": 37.9367655,
    "obj_func": 22.909214962177206
  },
  "network": [
    [
      0.0,
      2.2238793324175226,
      1.264737318439502,
      1.757486501705551,
      2.077022701769294,
      2.0403895290227565,
      1.8394521349559716,
      2.090241881160628,
      1.7636638035750622,
      1.7636638035750622
    ],
    [
      2.2238793324175226,
      0.0,
      2.2794339214065884,
      2.069205219213174,
      1.9047617276179325,
      1.2490750261386123,
      2.7617653860606617,
      1.7636638035750622,
      2.4451723896122606,
      2.4451723896122606
    ],
    [
      1.264737318439502,
      2.2794339214065884,
      0.0,
      2.3974336924159343,
      1.5950711421792734,
      1.6342973900333075,
      2.090241881160628,
      2.4451723896122606,
      2.127400549898817,
      2.127400549898817
    ],
    [
      1.757486501705551,
      2.069205219213174,
      2.3974336924159343,
      0.0,
      1.9624372963736327,
      1.8394521349559716,
      1.7636638035750622,
      2.127400549898817,
      2.1577864275684573,
      2.1577864275684573
    ],
    [
      2.077022701769294,
      1.9047617276179325,
      1.5950711421792734,
      1.9624372963736327,
      0.0,
      2.7617653860606617,
      2.4451723896122606,
      2.1577864275684573,
      2.7378249101506413,
      2.7378249101506413
    ],
    [
      2.0403895290227565,
      1.2490750261386123,
      1.6342973900333075,
      1.8394521349559716,
      2.7617653860606617,
      0.0,
      2.127400549898817,
      2.7378249101506413,
      2.12963965615917,
      2.12963965615917
    ],
    [
      1.8394521349559716,
      2.7617653860606617,
      2.090241881160628,
      1.7636638035750622,
      2.4451723896122606,
      2.127400549898817,
      0.0,
      2.12963965615917,
      1.582174017206649,
      1.582174017206649
    ],
    [
      2.090241881160628,
      1.7636638035750622,
      2.4451723896122606,
      2.127400549898817,
      2.1577864275684573,
      2.7378249101506413,
      2.12963965615917,
      0.0,
      2.309970458278288,
      2.309970458278288
    ],
    [
      1.7636638035750622,
      2.4451723896122606,
      2.127400549898817,
      2.1577864275684573,
      2.7378249101506413,
      2.12963965615917,
      1.582174017206649,
      2.309970458278288,
      0.0,
      1.222501700513517
    ],
    [
      1.7636638035750622,
      2.4451723896122606,
      2.127400549898817,
      2.1577864275684573,
      2.7378249101506413,
      2.12963965615917,
      1.582174017206649,
      2.309970458278288,
      1.222501700513517,
      0.0
    ]
  ]
}