{
  "servicechain": {
    "SC1": {
      "resptime": 34.145663275236004,
      "resptime_old": 24.145663275236,
      "waittime": 20.01218707316757,
      "servicetime": 10.0,
      "networktime": 4.133476202068433,
      "services": {
        "MS1_1": {
          "meanserv": 0.823953130107159,
          "stddevserv": 0.823953130107159,
          "rate": 1.2136612672008968,
          "cv": 1.0,
          "lambda": 0.15
        },
        "MS1_2": {
          "meanserv": 0.02508700428074606,
          "stddevserv": 0.02508700428074606,
          "rate": 39.86127593430861,
          "cv": 1.0,
          "lambda": 0.15
        },
        "MS1_3": {
          "meanserv": 0.5405163894916587,
          "stddevserv": 0.5405163894916587,
          "rate": 1.85008266065803,
          "cv": 1.0,
          "lambda": 0.15
        },
        "MS1_4": {
          "meanserv": 0.14707923938573786,
          "stddevserv": 0.14707923938573786,
          "rate": 6.799056101842807,
          "cv": 1.0,
          "lambda": 0.15
        },
        "MS1_5": {
          "meanserv": 0.9372113691053641,
          "stddevserv": 0.9372113691053641,
          "rate": 1.066995165620507,
          "cv": 1.0,
          "lambda": 0.15
        },
        "MS1_6": {
          "meanserv": 0.31647111743472234,
          "stddevserv": 0.31647111743472234,
          "rate": 3.1598460172475846,
          "cv": 1.0,
          "lambda": 0.15
        },
        "MS1_7": {
          "meanserv": 1.5726978849782123,
          "stddevserv": 1.5726978849782123,
          "rate": 0.6358500316886061,
          "cv": 1.0,
          "lambda": 0.15
        },
        "MS1_8": {
          "meanserv": 0.915651446546816,
          "stddevserv": 0.915651446546816,
          "rate": 1.0921186263302336,
          "cv": 1.0,
          "lambda": 0.15
        },
        "MS1_9": {
          "meanserv": 0.2595667948011613,
          "stddevserv": 0.2595667948011613,
          "rate": 3.85257290234693,
          "cv": 1.0,
          "lambda": 0.15
        },
        "MS1_10": {
          "meanserv": 0.5766994279204143,
          "stddevserv": 0.5766994279204143,
          "rate": 1.7340055349213943,
          "cv": 1.0,
          "lambda": 0.15
        },
        "MS1_11": {
          "meanserv": 2.27324946293286,
          "stddevserv": 2.27324946293286,
          "rate": 0.4398989271990581,
          "cv": 1.0,
          "lambda": 0.15
        },
        "MS1_12": {
          "meanserv": 0.2749656586879574,
          "stddevserv": 0.2749656586879574,
          "rate": 3.6368177930715415,
          "cv": 1.0,
          "lambda": 0.15
        },
        "MS1_13": {
          "meanserv": 0.3311512369054732,
          "stddevserv": 0.3311512369054732,
          "rate": 3.019768276708714,
          "cv": 1.0,
          "lambda": 0.15
        },
        "MS1_14": {
          "meanserv": 0.03352412495312329,
          "stddevserv": 0.03352412495312329,
          "rate": 29.82926478762079,
          "cv": 1.0,
          "lambda": 0.15
        },
        "MS1_15": {
          "meanserv": 0.9721757124685944,
          "stddevserv": 0.9721757124685944,
          "rate": 1.0286206363464407,
          "cv": 1.0,
          "lambda": 0.15
        }
      },
      "sensors": [
        "S1"
      ],
      "sources": [
        {
          "startTime": 0,
          "stopTime": -1,
          "lambda": 0.15
        }
      ]
    },
    "SC2": {
      "resptime": 38.09222262518958,
      "resptime_old": 28.092222625189574,
      "waittime": 22.58357377146703,
      "servicetime": 10.0,
      "networktime": 5.508648853722547,
      "services": {
        "MS2_1": {
          "meanserv": 0.2155419892429189,
          "stddevserv": 0.2155419892429189,
          "rate": 4.639467249571432,
          "cv": 1.0,
          "lambda": 0.15
        },
        "MS2_2": {
          "meanserv": 0.48106306807291555,
          "stddevserv": 0.48106306807291555,
          "rate": 2.07872951878407,
          "cv": 1.0,
          "lambda": 0.15
        },
        "MS2_3": {
          "meanserv": 0.3763442542971407,
          "stddevserv": 0.3763442542971407,
          "rate": 2.6571416690487193,
          "cv": 1.0,
          "lambda": 0.15
        },
        "MS2_4": {
          "meanserv": 1.0646493373089452,
          "stddevserv": 1.0646493373089452,
          "rate": 0.9392764029963558,
          "cv": 1.0,
          "lambda": 0.15
        },
        "MS2_5": {
          "meanserv": 1.713377494363678,
          "stddevserv": 1.713377494363678,
          "rate": 0.5836425442084989,
          "cv": 1.0,
          "lambda": 0.15
        },
        "MS2_6": {
          "meanserv": 2.0372789407755376,
          "stddevserv": 2.0372789407755376,
          "rate": 0.4908508010293999,
          "cv": 1.0,
          "lambda": 0.15
        },
        "MS2_7": {
          "meanserv": 0.7503872508172424,
          "stddevserv": 0.7503872508172424,
          "rate": 1.3326452427208828,
          "cv": 1.0,
          "lambda": 0.15
        },
        "MS2_8": {
          "meanserv": 0.0024486114663186953,
          "stddevserv": 0.0024486114663186953,
          "rate": 408.39472237848554,
          "cv": 1.0,
          "lambda": 0.15
        },
        "MS2_9": {
          "meanserv": 0.8816063196737041,
          "stddevserv": 0.8816063196737041,
          "rate": 1.1342931393347035,
          "cv": 1.0,
          "lambda": 0.15
        },
        "MS2_10": {
          "meanserv": 0.44200229469920593,
          "stddevserv": 0.44200229469920593,
          "rate": 2.2624316932121946,
          "cv": 1.0,
          "lambda": 0.15
        },
        "MS2_11": {
          "meanserv": 0.12220673842459817,
          "stddevserv": 0.12220673842459817,
          "rate": 8.182854831830753,
          "cv": 1.0,
          "lambda": 0.15
        },
        "MS2_12": {
          "meanserv": 0.21015388094864917,
          "stddevserv": 0.21015388094864917,
          "rate": 4.758417953006296,
          "cv": 1.0,
          "lambda": 0.15
        },
        "MS2_13": {
          "meanserv": 0.8629743014167559,
          "stddevserv": 0.8629743014167559,
          "rate": 1.1587830580334633,
          "cv": 1.0,
          "lambda": 0.15
        },
        "MS2_14": {
          "meanserv": 0.40279827390689427,
          "stddevserv": 0.40279827390689427,
          "rate": 2.482632287126303,
          "cv": 1.0,
          "lambda": 0.15
        },
        "MS2_15": {
          "meanserv": 0.4371672445854955,
          "stddevserv": 0.4371672445854955,
          "rate": 2.287454086246009,
          "cv": 1.0,
          "lambda": 0.15
        }
      },
      "sensors": [
        "S2"
      ],
      "sources": [
        {
          "startTime": 0,
          "stopTime": -1,
          "lambda": 0.15
        }
      ]
    },
    "SC3": {
      "resptime": 33.84926038846559,
      "resptime_old": 23.849260388465595,
      "waittime": 19.646020494444,
      "servicetime": 10.0,
      "networktime": 4.203239894021591,
      "services": {
        "MS3_1": {
          "meanserv": 0.248583208415889,
          "stddevserv": 0.248583208415889,
          "rate": 4.022797864636789,
          "cv": 1.0,
          "lambda": 0.15
        },
        "MS3_2": {
          "meanserv": 0.5438432882834632,
          "stddevserv": 0.5438432882834632,
          "rate": 1.8387649926807184,
          "cv": 1.0,
          "lambda": 0.15
        },
        "MS3_3": {
          "meanserv": 1.0533519546976255,
          "stddevserv": 1.0533519546976255,
          "rate": 0.949350305508342,
          "cv": 1.0,
          "lambda": 0.15
        },
        "MS3_4": {
          "meanserv": 0.26998501140994247,
          "stddevserv": 0.26998501140994247,
          "rate": 3.703909319920024,
          "cv": 1.0,
          "lambda": 0.15
        },
        "MS3_5": {
          "meanserv": 0.5832682327278125,
          "stddevserv": 0.5832682327278125,
          "rate": 1.714477051704373,
          "cv": 1.0,
          "lambda": 0.15
        },
        "MS3_6": {
          "meanserv": 0.302576941217084,
          "stddevserv": 0.302576941217084,
          "rate": 3.3049445075940187,
          "cv": 1.0,
          "lambda": 0.15
        },
        "MS3_7": {
          "meanserv": 0.21957378502335168,
          "stddevserv": 0.21957378502335168,
          "rate": 4.5542777335356766,
          "cv": 1.0,
          "lambda": 0.15
        },
        "MS3_8": {
          "meanserv": 1.370084072857515,
          "stddevserv": 1.370084072857515,
          "rate": 0.7298822165813158,
          "cv": 1.0,
          "lambda": 0.15
        },
        "MS3_9": {
          "meanserv": 1.3427104960421161,
          "stddevserv": 1.3427104960421161,
          "rate": 0.7447621828738825,
          "cv": 1.0,
          "lambda": 0.15
        },
        "MS3_10": {
          "meanserv": 0.3617956068454502,
          "stddevserv": 0.3617956068454502,
          "rate": 2.763991549591077,
          "cv": 1.0,
          "lambda": 0.15
        },
        "MS3_11": {
          "meanserv": 0.23363310183522223,
          "stddevserv": 0.23363310183522223,
          "rate": 4.280215398181395,
          "cv": 1.0,
          "lambda": 0.15
        },
        "MS3_12": {
          "meanserv": 0.7102966702075211,
          "stddevserv": 0.7102966702075211,
          "rate": 1.407862435435378,
          "cv": 1.0,
          "lambda": 0.15
        },
        "MS3_13": {
          "meanserv": 1.8986826062427458,
          "stddevserv": 1.8986826062427458,
          "rate": 0.5266809716969358,
          "cv": 1.0,
          "lambda": 0.15
        },
        "MS3_14": {
          "meanserv": 0.5054489025457869,
          "stddevserv": 0.5054489025457869,
          "rate": 1.9784393535396259,
          "cv": 1.0,
          "lambda": 0.15
        },
        "MS3_15": {
          "meanserv": 0.3561661216484744,
          "stddevserv": 0.3561661216484744,
          "rate": 2.8076786061841417,
          "cv": 1.0,
          "lambda": 0.15
        }
      },
      "sensors": [
        "S3"
      ],
      "sources": [
        {
          "startTime": 0,
          "stopTime": -1,
          "lambda": 0.15
        }
      ]
    },
    "SC4": {
      "resptime": 30.991106537802505,
      "resptime_old": 20.991106537802512,
      "waittime": 16.34841642134228,
      "servicetime": 10.0,
      "networktime": 4.642690116460226,
      "services": {
        "MS4_1": {
          "meanserv": 0.6033732183447382,
          "stddevserv": 0.6033732183447382,
          "rate": 1.657348999916414,
          "cv": 1.0,
          "lambda": 0.15
        },
        "MS4_2": {
          "meanserv": 0.34215891435220525,
          "stddevserv": 0.34215891435220525,
          "rate": 2.922618578835676,
          "cv": 1.0,
          "lambda": 0.15
        },
        "MS4_3": {
          "meanserv": 1.0599943325575036,
          "stddevserv": 1.0599943325575036,
          "rate": 0.9434012704457088,
          "cv": 1.0,
          "lambda": 0.15
        },
        "MS4_4": {
          "meanserv": 0.5233565899299784,
          "stddevserv": 0.5233565899299784,
          "rate": 1.910743113283036,
          "cv": 1.0,
          "lambda": 0.15
        },
        "MS4_5": {
          "meanserv": 1.481941634813107,
          "stddevserv": 1.481941634813107,
          "rate": 0.674790407738368,
          "cv": 1.0,
          "lambda": 0.15
        },
        "MS4_6": {
          "meanserv": 0.14449213306172926,
          "stddevserv": 0.14449213306172926,
          "rate": 6.920792009989808,
          "cv": 1.0,
          "lambda": 0.15
        },
        "MS4_7": {
          "meanserv": 0.09087364016587962,
          "stddevserv": 0.09087364016587962,
          "rate": 11.004291213322283,
          "cv": 1.0,
          "lambda": 0.15
        },
        "MS4_8": {
          "meanserv": 1.4728183147179852,
          "stddevserv": 1.4728183147179852,
          "rate": 0.6789703726569151,
          "cv": 1.0,
          "lambda": 0.15
        },
        "MS4_9": {
          "meanserv": 1.7721897792869878,
          "stddevserv": 1.7721897792869878,
          "rate": 0.5642736526797565,
          "cv": 1.0,
          "lambda": 0.15
        },
        "MS4_10": {
          "meanserv": 0.15781902230005507,
          "stddevserv": 0.15781902230005507,
          "rate": 6.33637178475697,
          "cv": 1.0,
          "lambda": 0.15
        },
        "MS4_11": {
          "meanserv": 0.3293850772707465,
          "stddevserv": 0.3293850772707465,
          "rate": 3.0359602453332286,
          "cv": 1.0,
          "lambda": 0.15
        },
        "MS4_12": {
          "meanserv": 0.26928159843364075,
          "stddevserv": 0.26928159843364075,
          "rate": 3.713584611116421,
          "cv": 1.0,
          "lambda": 0.15
        },
        "MS4_13": {
          "meanserv": 0.7549288386383051,
          "stddevserv": 0.7549288386383051,
          "rate": 1.3246281620447027,
          "cv": 1.0,
          "lambda": 0.15
        },
        "MS4_14": {
          "meanserv": 0.5978813434795285,
          "stddevserv": 0.5978813434795285,
          "rate": 1.6725726783515869,
          "cv": 1.0,
          "lambda": 0.15
        },
        "MS4_15": {
          "meanserv": 0.39950556264760984,
          "stddevserv": 0.39950556264760984,
          "rate": 2.503094057997049,
          "cv": 1.0,
          "lambda": 0.15
        }
      },
      "sensors": [
        "S4"
      ],
      "sources": [
        {
          "startTime": 0,
          "stopTime": -1,
          "lambda": 0.15
        }
      ]
    }
  },
  "microservice": {
    "MS1_1": "F7",
    "MS1_2": "F5",
    "MS1_3": "F5",
    "MS1_4": "F5",
    "MS1_5": "F4",
    "MS1_6": "F8",
    "MS1_7": "F1",
    "MS1_8": "F5",
    "MS1_9": "F5",
    "MS1_10": "F5",
    "MS1_11": "F3",
    "MS1_12": "F6",
    "MS1_13": "F6",
    "MS1_14": "F6",
    "MS1_15": "F6",
    "MS2_1": "F9",
    "MS2_2": "F9",
    "MS2_3": "F9",
    "MS2_4": "F4",
    "MS2_5": "F10",
    "MS2_6": "F3",
    "MS2_7": "F5",
    "MS2_8": "F5",
    "MS2_9": "F10",
    "MS2_10": "F8",
    "MS2_11": "F8",
    "MS2_12": "F8",
    "MS2_13": "F7",
    "MS2_14": "F5",
    "MS2_15": "F5",
    "MS3_1": "F2",
    "MS3_2": "F2",
    "MS3_3": "F2",
    "MS3_4": "F9",
    "MS3_5": "F9",
    "MS3_6": "F9",
    "MS3_7": "F6",
    "MS3_8": "F6",
    "MS3_9": "F2",
    "MS3_10": "F1",
    "MS3_11": "F1",
    "MS3_12": "F1",
    "MS3_13": "F4",
    "MS3_14": "F2",
    "MS3_15": "F2",
    "MS4_1": "F1",
    "MS4_2": "F1",
    "MS4_3": "F7",
    "MS4_4": "F6",
    "MS4_5": "F7",
    "MS4_6": "F8",
    "MS4_7": "F8",
    "MS4_8": "F9",
    "MS4_9": "F10",
    "MS4_10": "F8",
    "MS4_11": "F8",
    "MS4_12": "F8",
    "MS4_13": "F8",
    "MS4_14": "F8",
    "MS4_15": "F8"
  },
  "sensor": {
    "S1": "F7",
    "S2": "F9",
    "S3": "F2",
    "S4": "F1"
  },
  "fog": {
    "F1": {
      "rho": 0.5735933094845023,
      "capacity": 1.0,
      "tserv": 0.6373258994272247,
      "stddev": 0.8992514556698167,
      "mu": 1.5690559584958284,
      "cv": 1.410975854704773,
      "lambda": 0.9,
      "twait": 1.2820550880929091
    },
    "F2": {
      "rho": 0.6075155957450032,
      "capacity": 1.0,
      "tserv": 0.6750173286055592,
      "stddev": 0.8728055659587614,
      "mu": 1.481443449853036,
      "cv": 1.2930120886848788,
      "lambda": 0.9,
      "twait": 1.3958441953605238
    },
    "F3": {
      "rho": 0.6465792605562597,
      "capacity": 1.0,
      "tserv": 2.155264201854199,
      "stddev": 2.161713399934833,
      "mu": 0.46398023923920245,
      "cv": 1.0029923004683536,
      "lambda": 0.3,
      "twait": 3.954847960217975
    },
    "F4": {
      "rho": 0.5850814968985583,
      "capacity": 1.0,
      "tserv": 1.3001811042190186,
      "stddev": 1.4332091369625006,
      "mu": 0.7691236218977904,
      "cv": 1.1023150023576047,
      "lambda": 0.44999999999999996,
      "twait": 2.030581533148053
    },
    "F5": {
      "rho": 0.6086102524803727,
      "capacity": 1.0,
      "tserv": 0.4057401683202485,
      "stddev": 0.57378002763896,
      "mu": 2.464631500844416,
      "cv": 1.4141563306743603,
      "lambda": 1.4999999999999998,
      "twait": 0.946336626282879
    },
    "F6": {
      "rho": 0.558724677123899,
      "capacity": 1.0,
      "tserv": 0.532118740117999,
      "stddev": 0.8176159829429511,
      "mu": 1.8792798009298581,
      "cv": 1.5365292016620995,
      "lambda": 1.05,
      "twait": 1.1322053486849066
    },
    "F7": {
      "rho": 0.6343295098341789,
      "capacity": 1.0,
      "tserv": 1.0572158497236315,
      "stddev": 1.1198106299173922,
      "mu": 0.9458806356917668,
      "cv": 1.0592071904806608,
      "lambda": 0.6,
      "twait": 1.9457527448064167
    },
    "F8": {
      "rho": 0.5752501871257005,
      "capacity": 1.0,
      "tserv": 0.3195834372920559,
      "stddev": 0.42108035475975825,
      "mu": 3.1290732976444446,
      "cv": 1.3175912942414094,
      "lambda": 1.7999999999999996,
      "twait": 0.5921085944653182
    },
    "F9": {
      "rho": 0.5552396717528698,
      "capacity": 1.0,
      "tserv": 0.5287996873836855,
      "stddev": 0.7772944782538368,
      "mu": 1.8910752480729471,
      "cv": 1.4699223482896064,
      "lambda": 1.05,
      "twait": 1.0432659424947546
    },
    "F10": {
      "rho": 0.6550760389986554,
      "capacity": 1.0,
      "tserv": 1.4557245311081233,
      "stddev": 1.5652151905696299,
      "mu": 0.6869431534816428,
      "cv": 1.075213858887272,
      "lambda": 0.44999999999999996,
      "twait": 2.980460708641424
    }
  },
  "extra": {
    "conv_gen": 252,
    "max_gen": 600,
    "population": 600,
    "deltatime": 85.5122888,
    "obj_func": 34.26956320667342
  },
  "network": [
    [
      0.0,
      0.6132089521078644,
      0.6509673396706733,
      0.9970552212081748,
      0.5498537233436127,
      0.5946799664750835,
      0.5802649168244237,
      0.6310272087150715,
      0.707261410374507,
      0.707261410374507
    ],
    [
      0.6132089521078644,
      0.0,
      0.7567941019230237,
      0.5181194033275762,
      0.5945185865269079,
      0.6071620664754593,
      0.573613251986434,
      0.707261410374507,
      0.6566224043231296,
      0.6566224043231296
    ],
    [
      0.6509673396706733,
      0.7567941019230237,
      0.0,
      0.4774939336667819,
      0.3515479230527473,
      0.7735297214831836,
      0.6310272087150715,
      0.6566224043231296,
      0.618607543298819,
      0.618607543298819
    ],
    [
      0.9970552212081748,
      0.5181194033275762,
      0.4774939336667819,
      0.0,
      0.552287677851869,
      0.5802649168244237,
      0.707261410374507,
      0.618607543298819,
      0.6840192222730223,
      0.6840192222730223
    ],
    [
      0.5498537233436127,
      0.5945185865269079,
      0.3515479230527473,
      0.552287677851869,
      0.0,
      0.573613251986434,
      0.6566224043231296,
      0.6840192222730223,
      0.950550970760946,
      0.950550970760946
    ],
    [
      0.5946799664750835,
      0.6071620664754593,
      0.7735297214831836,
      0.5802649168244237,
      0.573613251986434,
      0.0,
      0.618607543298819,
      0.950550970760946,
      0.8110718465793858,
      0.8110718465793858
    ],
    [
      0.5802649168244237,
      0.573613251986434,
      0.6310272087150715,
      0.707261410374507,
      0.6566224043231296,
      0.618607543298819,
      0.0,
      0.8110718465793858,
      0.7025446529617717,
      0.7025446529617717
    ],
    [
      0.6310272087150715,
      0.707261410374507,
      0.6566224043231296,
      0.618607543298819,
      0.6840192222730223,
      0.950550970760946,
      0.8110718465793858,
      0.0,
      0.7522097211614757,
      0.7522097211614757
    ],
    [
      0.707261410374507,
      0.6566224043231296,
      0.618607543298819,
      0.6840192222730223,
      0.950550970760946,
      0.8110718465793858,
      0.7025446529617717,
      0.7522097211614757,
      0.0,
      0.5097188241358273
    ],
    [
      0.707261410374507,
      0.6566224043231296,
      0.618607543298819,
      0.6840192222730223,
      0.950550970760946,
      0.8110718465793858,
      0.7025446529617717,
      0.7522097211614757,
      0.5097188241358273,
      0.0
    ]
  ]
}