{
  "servicechain": {
    "SC1": {
      "resptime": 39.91658122148516,
      "resptime_old": 29.91658122148516,
      "waittime": 24.56223509944318,
      "servicetime": 10.0,
      "networktime": 5.354346122041983,
      "services": {
        "MS1_1": {
          "meanserv": 0.26310052857166033,
          "stddevserv": 0.26310052857166033,
          "rate": 3.8008285480415953,
          "cv": 1.0,
          "lambda": 0.225
        },
        "MS1_2": {
          "meanserv": 1.2058254519680867,
          "stddevserv": 1.2058254519680867,
          "rate": 0.82930742452637,
          "cv": 1.0,
          "lambda": 0.225
        },
        "MS1_3": {
          "meanserv": 0.9408901821722251,
          "stddevserv": 0.9408901821722251,
          "rate": 1.062823291121296,
          "cv": 1.0,
          "lambda": 0.225
        },
        "MS1_4": {
          "meanserv": 1.0528060646048285,
          "stddevserv": 1.0528060646048285,
          "rate": 0.9498425527928077,
          "cv": 1.0,
          "lambda": 0.225
        },
        "MS1_5": {
          "meanserv": 0.8180461347177159,
          "stddevserv": 0.8180461347177159,
          "rate": 1.2224249434844785,
          "cv": 1.0,
          "lambda": 0.225
        },
        "MS1_6": {
          "meanserv": 0.07247888930719704,
          "stddevserv": 0.07247888930719704,
          "rate": 13.79712092112181,
          "cv": 1.0,
          "lambda": 0.225
        },
        "MS1_7": {
          "meanserv": 1.0848201992358781,
          "stddevserv": 1.0848201992358781,
          "rate": 0.9218117441990631,
          "cv": 1.0,
          "lambda": 0.225
        },
        "MS1_8": {
          "meanserv": 0.7917735587917134,
          "stddevserv": 0.7917735587917134,
          "rate": 1.2629873641222003,
          "cv": 1.0,
          "lambda": 0.225
        },
        "MS1_9": {
          "meanserv": 0.26086801480554556,
          "stddevserv": 0.26086801480554556,
          "rate": 3.8333561159094693,
          "cv": 1.0,
          "lambda": 0.225
        },
        "MS1_10": {
          "meanserv": 3.5093909758251494,
          "stddevserv": 3.5093909758251494,
          "rate": 0.28494972685819764,
          "cv": 1.0,
          "lambda": 0.225
        }
      },
      "sensors": [
        "S1"
      ],
      "sources": [
        {
          "startTime": 0,
          "stopTime": -1,
          "lambda": 0.225
        }
      ]
    },
    "SC2": {
      "resptime": 46.12097139473675,
      "resptime_old": 36.12097139473674,
      "waittime": 30.140284232845413,
      "servicetime": 10.0,
      "networktime": 5.980687161891332,
      "services": {
        "MS2_1": {
          "meanserv": 1.2581507500552658,
          "stddevserv": 1.2581507500552658,
          "rate": 0.794817314185978,
          "cv": 1.0,
          "lambda": 0.225
        },
        "MS2_2": {
          "meanserv": 0.2173665598390362,
          "stddevserv": 0.2173665598390362,
          "rate": 4.600523653410708,
          "cv": 1.0,
          "lambda": 0.225
        },
        "MS2_3": {
          "meanserv": 0.02879423329992581,
          "stddevserv": 0.02879423329992581,
          "rate": 34.729176136896015,
          "cv": 1.0,
          "lambda": 0.225
        },
        "MS2_4": {
          "meanserv": 0.16932768068129267,
          "stddevserv": 0.16932768068129267,
          "rate": 5.9057089542388095,
          "cv": 1.0,
          "lambda": 0.225
        },
        "MS2_5": {
          "meanserv": 1.3849312356641565,
          "stddevserv": 1.3849312356641565,
          "rate": 0.7220575103286199,
          "cv": 1.0,
          "lambda": 0.225
        },
        "MS2_6": {
          "meanserv": 0.0970760897214058,
          "stddevserv": 0.0970760897214058,
          "rate": 10.301197780729055,
          "cv": 1.0,
          "lambda": 0.225
        },
        "MS2_7": {
          "meanserv": 3.7752668974745403,
          "stddevserv": 3.7752668974745403,
          "rate": 0.26488193474981825,
          "cv": 1.0,
          "lambda": 0.225
        },
        "MS2_8": {
          "meanserv": 0.9457497374137054,
          "stddevserv": 0.9457497374137054,
          "rate": 1.0573621756794245,
          "cv": 1.0,
          "lambda": 0.225
        },
        "MS2_9": {
          "meanserv": 0.5299740425287931,
          "stddevserv": 0.5299740425287931,
          "rate": 1.8868848655840926,
          "cv": 1.0,
          "lambda": 0.225
        },
        "MS2_10": {
          "meanserv": 1.5933627733218785,
          "stddevserv": 1.5933627733218785,
          "rate": 0.6276034665446448,
          "cv": 1.0,
          "lambda": 0.225
        }
      },
      "sensors": [
        "S2"
      ],
      "sources": [
        {
          "startTime": 0,
          "stopTime": -1,
          "lambda": 0.225
        }
      ]
    },
    "SC3": {
      "resptime": 32.92914018789086,
      "resptime_old": 22.929140187890862,
      "waittime": 16.05248736560036,
      "servicetime": 10.0,
      "networktime": 6.8766528222905015,
      "services": {
        "MS3_1": {
          "meanserv": 1.4152743516793942,
          "stddevserv": 1.4152743516793942,
          "rate": 0.7065767840796232,
          "cv": 1.0,
          "lambda": 0.225
        },
        "MS3_2": {
          "meanserv": 0.7864670476564117,
          "stddevserv": 0.7864670476564117,
          "rate": 1.271509089897528,
          "cv": 1.0,
          "lambda": 0.225
        },
        "MS3_3": {
          "meanserv": 0.44703648912542393,
          "stddevserv": 0.44703648912542393,
          "rate": 2.236953860201404,
          "cv": 1.0,
          "lambda": 0.225
        },
        "MS3_4": {
          "meanserv": 1.1503765323094228,
          "stddevserv": 1.1503765323094228,
          "rate": 0.8692805980598922,
          "cv": 1.0,
          "lambda": 0.225
        },
        "MS3_5": {
          "meanserv": 0.09544290459078697,
          "stddevserv": 0.09544290459078697,
          "rate": 10.477468223410808,
          "cv": 1.0,
          "lambda": 0.225
        },
        "MS3_6": {
          "meanserv": 0.04634534079194674,
          "stddevserv": 0.04634534079194674,
          "rate": 21.57714201496963,
          "cv": 1.0,
          "lambda": 0.225
        },
        "MS3_7": {
          "meanserv": 2.805252026644638,
          "stddevserv": 2.805252026644638,
          "rate": 0.3564742099825163,
          "cv": 1.0,
          "lambda": 0.225
        },
        "MS3_8": {
          "meanserv": 1.7867332328374417,
          "stddevserv": 1.7867332328374417,
          "rate": 0.559680640412077,
          "cv": 1.0,
          "lambda": 0.225
        },
        "MS3_9": {
          "meanserv": 0.1413641350868975,
          "stddevserv": 0.1413641350868975,
          "rate": 7.073930027480402,
          "cv": 1.0,
          "lambda": 0.225
        },
        "MS3_10": {
          "meanserv": 1.3257079392776365,
          "stddevserv": 1.3257079392776365,
          "rate": 0.7543139558663946,
          "cv": 1.0,
          "lambda": 0.225
        }
      },
      "sensors": [
        "S3"
      ],
      "sources": [
        {
          "startTime": 0,
          "stopTime": -1,
          "lambda": 0.225
        }
      ]
    },
    "SC4": {
      "resptime": 29.571806456195162,
      "resptime_old": 19.571806456195162,
      "waittime": 14.779582096765587,
      "servicetime": 10.0,
      "networktime": 4.792224359429575,
      "services": {
        "MS4_1": {
          "meanserv": 1.962422240628875,
          "stddevserv": 1.962422240628875,
          "rate": 0.5095743307921039,
          "cv": 1.0,
          "lambda": 0.225
        },
        "MS4_2": {
          "meanserv": 0.7743494064971534,
          "stddevserv": 0.7743494064971534,
          "rate": 1.2914066849015866,
          "cv": 1.0,
          "lambda": 0.225
        },
        "MS4_3": {
          "meanserv": 0.17682797316668442,
          "stddevserv": 0.17682797316668442,
          "rate": 5.655213833488687,
          "cv": 1.0,
          "lambda": 0.225
        },
        "MS4_4": {
          "meanserv": 2.268252576044717,
          "stddevserv": 2.268252576044717,
          "rate": 0.44086801027412814,
          "cv": 1.0,
          "lambda": 0.225
        },
        "MS4_5": {
          "meanserv": 0.6086420826047778,
          "stddevserv": 0.6086420826047778,
          "rate": 1.6430017387564553,
          "cv": 1.0,
          "lambda": 0.225
        },
        "MS4_6": {
          "meanserv": 0.3634292229183371,
          "stddevserv": 0.3634292229183371,
          "rate": 2.751567394525951,
          "cv": 1.0,
          "lambda": 0.225
        },
        "MS4_7": {
          "meanserv": 2.7584558377373494,
          "stddevserv": 2.7584558377373494,
          "rate": 0.3625216638669336,
          "cv": 1.0,
          "lambda": 0.225
        },
        "MS4_8": {
          "meanserv": 0.4979906985857738,
          "stddevserv": 0.4979906985857738,
          "rate": 2.008069634312176,
          "cv": 1.0,
          "lambda": 0.225
        },
        "MS4_9": {
          "meanserv": 0.06689730920440162,
          "stddevserv": 0.06689730920440162,
          "rate": 14.948284346453255,
          "cv": 1.0,
          "lambda": 0.225
        },
        "MS4_10": {
          "meanserv": 0.5227326526119302,
          "stddevserv": 0.5227326526119302,
          "rate": 1.9130237895094468,
          "cv": 1.0,
          "lambda": 0.225
        }
      },
      "sensors": [
        "S4"
      ],
      "sources": [
        {
          "startTime": 0,
          "stopTime": -1,
          "lambda": 0.225
        }
      ]
    }
  },
  "microservice": {
    "MS1_1": "F3",
    "MS1_2": "F3",
    "MS1_3": "F8",
    "MS1_4": "F5",
    "MS1_5": "F4",
    "MS1_6": "F4",
    "MS1_7": "F14",
    "MS1_8": "F6",
    "MS1_9": "F6",
    "MS1_10": "F12",
    "MS2_1": "F1",
    "MS2_2": "F4",
    "MS2_3": "F4",
    "MS2_4": "F4",
    "MS2_5": "F5",
    "MS2_6": "F4",
    "MS2_7": "F9",
    "MS2_8": "F3",
    "MS2_9": "F10",
    "MS2_10": "F14",
    "MS3_1": "F13",
    "MS3_2": "F1",
    "MS3_3": "F1",
    "MS3_4": "F6",
    "MS3_5": "F10",
    "MS3_6": "F10",
    "MS3_7": "F2",
    "MS3_8": "F8",
    "MS3_9": "F10",
    "MS3_10": "F13",
    "MS4_1": "F7",
    "MS4_2": "F7",
    "MS4_3": "F10",
    "MS4_4": "F15",
    "MS4_5": "F4",
    "MS4_6": "F4",
    "MS4_7": "F11",
    "MS4_8": "F10",
    "MS4_9": "F10",
    "MS4_10": "F10"
  },
  "sensor": {
    "S1": "F3",
    "S2": "F1",
    "S3": "F13",
    "S4": "F7"
  },
  "fog": {
    "F1": {
      "rho": 0.5606222145383478,
      "capacity": 1.0,
      "tserv": 0.8305514289457004,
      "stddev": 0.9544952716271878,
      "mu": 1.204019360088751,
      "cv": 1.1492307861523052,
      "lambda": 0.675,
      "twait": 1.229684275173641
    },
    "F2": {
      "rho": 0.6311817059950435,
      "capacity": 1.0,
      "tserv": 2.805252026644638,
      "stddev": 2.805252026644638,
      "mu": 0.3564742099825163,
      "cv": 1.0,
      "lambda": 0.225,
      "twait": 4.800802424133063
    },
    "F3": {
      "rho": 0.5433020365395268,
      "capacity": 1.0,
      "tserv": 0.8048919059844841,
      "stddev": 0.9818020859921537,
      "mu": 1.2424028525630086,
      "cv": 1.219793712288964,
      "lambda": 0.675,
      "twait": 1.1911108113023483
    },
    "F4": {
      "rho": 0.5344112009451799,
      "capacity": 1.0,
      "tserv": 0.296895111636211,
      "stddev": 0.477117591193326,
      "mu": 3.3681928762279907,
      "cv": 1.6070240717804194,
      "lambda": 1.8000000000000003,
      "twait": 0.6104294463324841
    },
    "F5": {
      "rho": 0.5484908925605216,
      "capacity": 1.0,
      "tserv": 1.2188686501344925,
      "stddev": 1.2412873764387817,
      "mu": 0.8204329481192727,
      "cv": 1.018393061714907,
      "lambda": 0.45,
      "twait": 1.508159845830664
    },
    "F6": {
      "rho": 0.49567907382900345,
      "capacity": 1.0,
      "tserv": 0.7343393686355606,
      "stddev": 0.8979391936155524,
      "mu": 1.3617681997058801,
      "cv": 1.2227850391352004,
      "lambda": 0.675,
      "twait": 0.9004639683832866
    },
    "F7": {
      "rho": 0.6157736206033564,
      "capacity": 1.0,
      "tserv": 1.3683858235630142,
      "stddev": 1.60568935094218,
      "mu": 0.7307880444100129,
      "cv": 1.1734185807050184,
      "lambda": 0.45,
      "twait": 2.6063061148753883
    },
    "F8": {
      "rho": 0.6137152683771752,
      "capacity": 1.0,
      "tserv": 1.3638117075048335,
      "stddev": 1.4891969670619698,
      "mu": 0.733239049420945,
      "cv": 1.0919373685290732,
      "lambda": 0.45,
      "twait": 2.375139813831558
    },
    "F9": {
      "rho": 0.8494350519317716,
      "capacity": 1.0,
      "tserv": 3.7752668974745403,
      "stddev": 3.77526689747454,
      "mu": 0.26488193474981825,
      "cv": 0.9999999999999999,
      "lambda": 0.225,
      "twait": 21.298742331843428
    },
    "F10": {
      "rho": 0.4674543877276233,
      "capacity": 1.0,
      "tserv": 0.2596968820709018,
      "stddev": 0.3870824217532078,
      "mu": 3.850643072899822,
      "cv": 1.490516245965277,
      "lambda": 1.8000000000000003,
      "twait": 0.3671943587601908
    },
    "F11": {
      "rho": 0.6206525634909036,
      "capacity": 1.0,
      "tserv": 2.7584558377373494,
      "stddev": 2.7584558377373494,
      "mu": 0.3625216638669336,
      "cv": 1.0,
      "lambda": 0.225,
      "twait": 4.513125758072918
    },
    "F12": {
      "rho": 0.7896129695606586,
      "capacity": 1.0,
      "tserv": 3.5093909758251494,
      "stddev": 3.5093909758251494,
      "mu": 0.28494972685819764,
      "cv": 1.0,
      "lambda": 0.225,
      "twait": 13.171252163139513
    },
    "F13": {
      "rho": 0.616721015465332,
      "capacity": 1.0,
      "tserv": 1.3704911454785156,
      "stddev": 1.3719537349890023,
      "mu": 0.7296654219906279,
      "cv": 1.0010672009923685,
      "lambda": 0.45,
      "twait": 2.207564766312299
    },
    "F14": {
      "rho": 0.6025911688254952,
      "capacity": 1.0,
      "tserv": 1.3390914862788783,
      "stddev": 1.3865330084255416,
      "mu": 0.7467749666446171,
      "cv": 1.0354281411186443,
      "lambda": 0.45,
      "twait": 2.1036748246052044
    },
    "F15": {
      "rho": 0.5103568296100613,
      "capacity": 1.0,
      "tserv": 2.268252576044717,
      "stddev": 2.268252576044717,
      "mu": 0.44086801027412814,
      "cv": 1.0,
      "lambda": 0.225,
      "twait": 2.364207781236161
    }
  },
  "extra": {
    "conv_gen": 47,
    "max_gen": 600,
    "population": 600,
    "deltatime": 68.8194695,
    "obj_func": 37.13462481507698
  },
  "network": [
    [
      0.0,
      1.021172248495722,
      0.9143147193732746,
      0.792618520316891,
      0.8819399509616421,
      1.0302049418060641,
      0.6136109069141052,
      1.2420412203121385,
      1.1234918359361432,
      0.8133048972416358,
      1.2069156003506194,
      1.0030245199648924,
      1.0516791476738807,
      1.0256195351125794,
      1.0256195351125794
    ],
    [
      1.021172248495722,
      0.0,
      1.0556842639646509,
      0.8905143806777028,
      1.0213571398807635,
      1.1878465150401694,
      0.7302517520633678,
      0.673787744130907,
      1.2579614289346515,
      1.1334569032801525,
      0.9963089556905018,
      1.143069633462367,
      1.0256195351125794,
      1.3330381906802466,
      1.3330381906802466
    ],
    [
      0.9143147193732746,
      1.0556842639646509,
      0.0,
      1.1525035197122782,
      1.029755287357852,
      0.7563252639459832,
      1.0116130306749775,
      0.834547458394203,
      0.5683673614419612,
      0.8409861692309003,
      1.1255881779137467,
      1.0516791476738807,
      1.3330381906802466,
      1.1712442496351574,
      1.1712442496351574
    ],
    [
      0.792618520316891,
      0.8905143806777028,
      1.1525035197122782,
      0.0,
      0.9078394809207375,
      1.1223555065335957,
      1.0167003553887641,
      1.0597429893653805,
      0.8949204224726731,
      1.1077340422500035,
      1.0030245199648924,
      1.0256195351125794,
      1.1712442496351574,
      0.7977479674817528,
      0.7977479674817528
    ],
    [
      0.8819399509616421,
      1.0213571398807635,
      1.029755287357852,
      0.9078394809207375,
      0.0,
      1.155483730851672,
      1.544977997233622,
      0.8498689758517258,
      1.4082525921937337,
      1.2069156003506194,
      1.143069633462367,
      1.3330381906802466,
      0.7977479674817528,
      1.3566239410955008,
      1.3566239410955008
    ],
    [
      1.0302049418060641,
      1.1878465150401694,
      0.7563252639459832,
      1.1223555065335957,
      1.155483730851672,
      0.0,
      0.9611844068084343,
      0.8680401766346859,
      0.8133048972416358,
      0.9963089556905018,
      1.0516791476738807,
      1.1712442496351574,
      1.3566239410955008,
      0.7930979897584067,
      0.7930979897584067
    ],
    [
      0.6136109069141052,
      0.7302517520633678,
      1.0116130306749775,
      1.0167003553887641,
      1.544977997233622,
      0.9611844068084343,
      0.0,
      1.1234918359361432,
      1.1334569032801525,
      1.1255881779137467,
      1.0256195351125794,
      0.7977479674817528,
      0.7930979897584067,
      1.3410195446188373,
      1.3410195446188373
    ],
    [
      1.2420412203121385,
      0.673787744130907,
      0.834547458394203,
      1.0597429893653805,
      0.8498689758517258,
      0.8680401766346859,
      1.1234918359361432,
      0.0,
      0.8409861692309003,
      1.0030245199648924,
      1.3330381906802466,
      1.3566239410955008,
      1.3410195446188373,
      0.9999768121531752,
      0.9999768121531752
    ],
    [
      1.1234918359361432,
      1.2579614289346515,
      0.5683673614419612,
      0.8949204224726731,
      1.4082525921937337,
      0.8133048972416358,
      1.1334569032801525,
      0.8409861692309003,
      0.0,
      1.143069633462367,
      1.1712442496351574,
      0.7930979897584067,
      0.9999768121531752,
      0.988190609744103,
      0.988190609744103
    ],
    [
      0.8133048972416358,
      1.1334569032801525,
      0.8409861692309003,
      1.1077340422500035,
      1.2069156003506194,
      0.9963089556905018,
      1.1255881779137467,
      1.0030245199648924,
      1.143069633462367,
      0.0,
      0.7977479674817528,
      1.3410195446188373,
      0.988190609744103,
      1.0681157265874306,
      1.0681157265874306
    ],
    [
      1.2069156003506194,
      0.9963089556905018,
      1.1255881779137467,
      1.0030245199648924,
      1.143069633462367,
      1.0516791476738807,
      1.0256195351125794,
      1.3330381906802466,
      1.1712442496351574,
      0.7977479674817528,
      0.0,
      0.9999768121531752,
      1.0681157265874306,
      0.8677841684535639,
      0.8677841684535639
    ],
    [
      1.0030245199648924,
      1.143069633462367,
      1.0516791476738807,
      1.0256195351125794,
      1.3330381906802466,
      1.1712442496351574,
      0.7977479674817528,
      1.3566239410955008,
      0.7930979897584067,
      1.3410195446188373,
      0.9999768121531752,
      0.0,
      0.8677841684535639,
      1.5129075266104202,
      1.5129075266104202
    ],
    [
      1.0516791476738807,
      1.0256195351125794,
      1.3330381906802466,
      1.1712442496351574,
      0.7977479674817528,
      1.3566239410955008,
      0.7930979897584067,
      1.3410195446188373,
      0.9999768121531752,
      0.988190609744103,
      1.0681157265874306,
      0.8677841684535639,
      0.0,
      0.9019684747389517,
      0.9019684747389517
    ],
    [
      1.0256195351125794,
      1.3330381906802466,
      1.1712442496351574,
      0.7977479674817528,
      1.3566239410955008,
      0.7930979897584067,
      1.3410195446188373,
      0.9999768121531752,
      0.988190609744103,
      1.0681157265874306,
      0.8677841684535639,
      1.5129075266104202,
      0.9019684747389517,
      0.0,
      0.6471613281088415
    ],
    [
      1.0256195351125794,
      1.3330381906802466,
      1.1712442496351574,
      0.7977479674817528,
      1.3566239410955008,
      0.7930979897584067,
      1.3410195446188373,
      0.9999768121531752,
      0.988190609744103,
      1.0681157265874306,
      0.8677841684535639,
      1.5129075266104202,
      0.9019684747389517,
      0.6471613281088415,
      0.0
    ]
  ]
}