{
  "servicechain": {
    "SC1": {
      "resptime": 35.23166260265074,
      "resptime_old": 25.231662602650736,
      "waittime": 21.458979405138514,
      "servicetime": 10.0,
      "networktime": 3.7726831975122224,
      "services": {
        "MS1_1": {
          "meanserv": 2.398576686765399,
          "stddevserv": 2.398576686765399,
          "rate": 0.4169139162894767,
          "cv": 1.0,
          "lambda": 0.15
        },
        "MS1_2": {
          "meanserv": 0.7786753914590316,
          "stddevserv": 0.7786753914590316,
          "rate": 1.2842321857972994,
          "cv": 1.0,
          "lambda": 0.15
        },
        "MS1_3": {
          "meanserv": 0.504804951951281,
          "stddevserv": 0.504804951951281,
          "rate": 1.9809631346415766,
          "cv": 1.0,
          "lambda": 0.15
        },
        "MS1_4": {
          "meanserv": 1.1112221805061453,
          "stddevserv": 1.1112221805061453,
          "rate": 0.8999100427823666,
          "cv": 1.0,
          "lambda": 0.15
        },
        "MS1_5": {
          "meanserv": 0.5066431462640582,
          "stddevserv": 0.5066431462640582,
          "rate": 1.9737758368467269,
          "cv": 1.0,
          "lambda": 0.15
        },
        "MS1_6": {
          "meanserv": 4.651060897349415,
          "stddevserv": 4.651060897349415,
          "rate": 0.21500471012320826,
          "cv": 1.0,
          "lambda": 0.15
        },
        "MS1_7": {
          "meanserv": 0.04901674570466952,
          "stddevserv": 0.04901674570466952,
          "rate": 20.401191177094734,
          "cv": 1.0,
          "lambda": 0.15
        }
      },
      "sensors": [
        "S1"
      ],
      "sources": [
        {
          "startTime": 0,
          "stopTime": -1,
          "lambda": 0.15
        }
      ]
    },
    "SC2": {
      "resptime": 29.243655242867302,
      "resptime_old": 19.243655242867302,
      "waittime": 15.497754939264478,
      "servicetime": 10.0,
      "networktime": 3.7459003036028227,
      "services": {
        "MS2_1": {
          "meanserv": 0.9621225185829696,
          "stddevserv": 0.9621225185829696,
          "rate": 1.0393686673842921,
          "cv": 1.0,
          "lambda": 0.15
        },
        "MS2_2": {
          "meanserv": 1.140734035841273,
          "stddevserv": 1.140734035841273,
          "rate": 0.8766285291579962,
          "cv": 1.0,
          "lambda": 0.15
        },
        "MS2_3": {
          "meanserv": 0.6884531298752385,
          "stddevserv": 0.6884531298752385,
          "rate": 1.4525317071057837,
          "cv": 1.0,
          "lambda": 0.15
        },
        "MS2_4": {
          "meanserv": 1.0028732637700735,
          "stddevserv": 1.0028732637700735,
          "rate": 0.9971349682219346,
          "cv": 1.0,
          "lambda": 0.15
        },
        "MS2_5": {
          "meanserv": 0.7133172447927159,
          "stddevserv": 0.7133172447927159,
          "rate": 1.401900777389157,
          "cv": 1.0,
          "lambda": 0.15
        },
        "MS2_6": {
          "meanserv": 4.188532479462143,
          "stddevserv": 4.188532479462143,
          "rate": 0.23874710412378414,
          "cv": 1.0,
          "lambda": 0.15
        },
        "MS2_7": {
          "meanserv": 1.3039673276755863,
          "stddevserv": 1.3039673276755863,
          "rate": 0.7668903804381131,
          "cv": 1.0,
          "lambda": 0.15
        }
      },
      "sensors": [
        "S2"
      ],
      "sources": [
        {
          "startTime": 0,
          "stopTime": -1,
          "lambda": 0.15
        }
      ]
    },
    "SC3": {
      "resptime": 31.67640558021884,
      "resptime_old": 21.676405580218844,
      "waittime": 16.760673057079227,
      "servicetime": 10.0,
      "networktime": 4.915732523139614,
      "services": {
        "MS3_1": {
          "meanserv": 2.9577717813706927,
          "stddevserv": 2.9577717813706927,
          "rate": 0.33809234583223297,
          "cv": 1.0,
          "lambda": 0.15
        },
        "MS3_2": {
          "meanserv": 1.8361001685704101,
          "stddevserv": 1.8361001685704101,
          "rate": 0.5446325952786123,
          "cv": 1.0,
          "lambda": 0.15
        },
        "MS3_3": {
          "meanserv": 0.5366276170397128,
          "stddevserv": 0.5366276170397128,
          "rate": 1.8634896308849411,
          "cv": 1.0,
          "lambda": 0.15
        },
        "MS3_4": {
          "meanserv": 3.240875506085036,
          "stddevserv": 3.240875506085036,
          "rate": 0.3085585972439885,
          "cv": 1.0,
          "lambda": 0.15
        },
        "MS3_5": {
          "meanserv": 0.12119411731493557,
          "stddevserv": 0.12119411731493557,
          "rate": 8.251225572289087,
          "cv": 1.0,
          "lambda": 0.15
        },
        "MS3_6": {
          "meanserv": 0.4475708739358364,
          "stddevserv": 0.4475708739358364,
          "rate": 2.2342830113278542,
          "cv": 1.0,
          "lambda": 0.15
        },
        "MS3_7": {
          "meanserv": 0.8598599356833763,
          "stddevserv": 0.8598599356833763,
          "rate": 1.1629801069929453,
          "cv": 1.0,
          "lambda": 0.15
        }
      },
      "sensors": [
        "S3"
      ],
      "sources": [
        {
          "startTime": 0,
          "stopTime": -1,
          "lambda": 0.15
        }
      ]
    },
    "SC4": {
      "resptime": 34.23274349177791,
      "resptime_old": 24.23274349177791,
      "waittime": 19.98079468558762,
      "servicetime": 10.0,
      "networktime": 4.251948806190287,
      "services": {
        "MS4_1": {
          "meanserv": 0.9470713305885026,
          "stddevserv": 0.9470713305885026,
          "rate": 1.0558866768552777,
          "cv": 1.0,
          "lambda": 0.15
        },
        "MS4_2": {
          "meanserv": 1.046444176320045,
          "stddevserv": 1.046444176320045,
          "rate": 0.9556171486534792,
          "cv": 1.0,
          "lambda": 0.15
        },
        "MS4_3": {
          "meanserv": 2.6977838581786795,
          "stddevserv": 2.6977838581786795,
          "rate": 0.3706746176008026,
          "cv": 1.0,
          "lambda": 0.15
        },
        "MS4_4": {
          "meanserv": 0.6271955030272789,
          "stddevserv": 0.6271955030272789,
          "rate": 1.5943991868138547,
          "cv": 1.0,
          "lambda": 0.15
        },
        "MS4_5": {
          "meanserv": 2.5778260285520176,
          "stddevserv": 2.5778260285520176,
          "rate": 0.38792377333613426,
          "cv": 1.0,
          "lambda": 0.15
        },
        "MS4_6": {
          "meanserv": 0.24082997851981247,
          "stddevserv": 0.24082997851981247,
          "rate": 4.152306976673723,
          "cv": 1.0,
          "lambda": 0.15
        },
        "MS4_7": {
          "meanserv": 1.862849124813664,
          "stddevserv": 1.862849124813664,
          "rate": 0.5368121264785882,
          "cv": 1.0,
          "lambda": 0.15
        }
      },
      "sensors": [
        "S4"
      ],
      "sources": [
        {
          "startTime": 0,
          "stopTime": -1,
          "lambda": 0.15
        }
      ]
    }
  },
  "microservice": {
    "MS1_1": "F6",
    "MS1_2": "F4",
    "MS1_3": "F4",
    "MS1_4": "F4",
    "MS1_5": "F4",
    "MS1_6": "F7",
    "MS1_7": "F3",
    "MS2_1": "F3",
    "MS2_2": "F3",
    "MS2_3": "F3",
    "MS2_4": "F3",
    "MS2_5": "F5",
    "MS2_6": "F1",
    "MS2_7": "F5",
    "MS3_1": "F2",
    "MS3_2": "F6",
    "MS3_3": "F2",
    "MS3_4": "F8",
    "MS3_5": "F4",
    "MS3_6": "F4",
    "MS3_7": "F4",
    "MS4_1": "F5",
    "MS4_2": "F5",
    "MS4_3": "F9",
    "MS4_4": "F10",
    "MS4_5": "F10",
    "MS4_6": "F10",
    "MS4_7": "F9"
  },
  "sensor": {
    "S1": "F6",
    "S2": "F3",
    "S3": "F2",
    "S4": "F5"
  },
  "fog": {
    "F1": {
      "rho": 0.6282798719193214,
      "capacity": 1.0,
      "tserv": 4.188532479462143,
      "stddev": 4.188532479462143,
      "mu": 0.23874710412378414,
      "cv": 1.0,
      "lambda": 0.15,
      "twait": 7.079440823702811
    },
    "F2": {
      "rho": 0.5241599097615608,
      "capacity": 1.0,
      "tserv": 1.7471996992052028,
      "stddev": 2.446155416391144,
      "mu": 0.5723444208781044,
      "cv": 1.4000434051722275,
      "lambda": 0.3,
      "twait": 2.848556677574528
    },
    "F3": {
      "rho": 0.5764799540661336,
      "capacity": 1.0,
      "tserv": 0.7686399387548448,
      "stddev": 0.9448937779978983,
      "mu": 1.3009992710240195,
      "cv": 1.2293061163703973,
      "lambda": 0.75,
      "twait": 1.3136612021605456
    },
    "F4": {
      "rho": 0.6494955895671997,
      "capacity": 1.0,
      "tserv": 0.6185672281592377,
      "stddev": 0.7498272700162986,
      "mu": 1.6166391533153937,
      "cv": 1.212200122931942,
      "lambda": 1.05,
      "twait": 1.4152598920485517
    },
    "F5": {
      "rho": 0.6016200119065275,
      "capacity": 1.0,
      "tserv": 1.0027000198442124,
      "stddev": 1.046500631425927,
      "mu": 0.9973072506325152,
      "cv": 1.0436826675125825,
      "lambda": 0.6,
      "twait": 1.5818346534597425
    },
    "F6": {
      "rho": 0.6352015283003714,
      "capacity": 1.0,
      "tserv": 2.117338427667905,
      "stddev": 2.154370426375087,
      "mu": 0.47229105509667046,
      "cv": 1.0174898817417535,
      "lambda": 0.3,
      "twait": 3.751838888800937
    },
    "F7": {
      "rho": 0.6976591346024124,
      "capacity": 1.0,
      "tserv": 4.651060897349415,
      "stddev": 4.651060897349415,
      "mu": 0.21500471012320826,
      "cv": 1.0,
      "lambda": 0.15,
      "twait": 10.732439745982825
    },
    "F8": {
      "rho": 0.4861313259127554,
      "capacity": 1.0,
      "tserv": 3.240875506085036,
      "stddev": 3.240875506085036,
      "mu": 0.3085585972439885,
      "cv": 1.0,
      "lambda": 0.15,
      "twait": 3.0659411369835783
    },
    "F9": {
      "rho": 0.6840949474488517,
      "capacity": 1.0,
      "tserv": 2.280316491496172,
      "stddev": 2.3555044695094645,
      "mu": 0.4385356171957846,
      "cv": 1.032972606343762,
      "lambda": 0.3,
      "twait": 5.103548291077849
    },
    "F10": {
      "rho": 0.5168777265148663,
      "capacity": 1.0,
      "tserv": 1.1486171700330363,
      "stddev": 1.8470838649268584,
      "mu": 0.8706120943423109,
      "cv": 1.6080935520698623,
      "lambda": 0.44999999999999996,
      "twait": 2.2033429321708136
    }
  },
  "extra": {
    "conv_gen": 146,
    "max_gen": 600,
    "population": 600,
    "deltatime": 48.0925643,
    "obj_func": 32.59611672937869
  },
  "network": [
    [
      0.0,
      1.14826904215746,
      1.3599891534317399,
      1.1264494737868043,
      1.0821146745932249,
      1.5733380675883615,
      1.1983414662927485,
      1.3322862603356083,
      1.242055470883866,
      1.242055470883866
    ],
    [
      1.14826904215746,
      0.0,
      1.180294982552046,
      1.5426354125907196,
      1.763388460281032,
      1.219862750702649,
      1.489165988335521,
      1.242055470883866,
      1.3297273795831202,
      1.3297273795831202
    ],
    [
      1.3599891534317399,
      1.180294982552046,
      0.0,
      1.415197240749515,
      1.5816709544163734,
      1.3292579566541083,
      1.3322862603356083,
      1.3297273795831202,
      1.2339515508504495,
      1.2339515508504495
    ],
    [
      1.1264494737868043,
      1.5426354125907196,
      1.415197240749515,
      0.0,
      1.7264756956712746,
      1.1983414662927485,
      1.242055470883866,
      1.2339515508504495,
      1.8788076056459102,
      1.8788076056459102
    ],
    [
      1.0821146745932249,
      1.763388460281032,
      1.5816709544163734,
      1.7264756956712746,
      0.0,
      1.489165988335521,
      1.3297273795831202,
      1.8788076056459102,
      1.724622564151528,
      1.724622564151528
    ],
    [
      1.5733380675883615,
      1.219862750702649,
      1.3292579566541083,
      1.1983414662927485,
      1.489165988335521,
      0.0,
      1.2339515508504495,
      1.724622564151528,
      1.5273976233406878,
      1.5273976233406878
    ],
    [
      1.1983414662927485,
      1.489165988335521,
      1.3322862603356083,
      1.242055470883866,
      1.3297273795831202,
      1.2339515508504495,
      0.0,
      1.5273976233406878,
      1.1033704966937357,
      1.1033704966937357
    ],
    [
      1.3322862603356083,
      1.242055470883866,
      1.3297273795831202,
      1.2339515508504495,
      1.8788076056459102,
      1.724622564151528,
      1.5273976233406878,
      0.0,
      1.899555881308722,
      1.899555881308722
    ],
    [
      1.242055470883866,
      1.3297273795831202,
      1.2339515508504495,
      1.8788076056459102,
      1.724622564151528,
      1.5273976233406878,
      1.1033704966937357,
      1.899555881308722,
      0.0,
      1.2636631210193792
    ],
    [
      1.242055470883866,
      1.3297273795831202,
      1.2339515508504495,
      1.8788076056459102,
      1.724622564151528,
      1.5273976233406878,
      1.1033704966937357,
      1.899555881308722,
      1.2636631210193792,
      0.0
    ]
  ]
}