{
  "servicechain": {
    "SC1": {
      "resptime": 22.913102379059467,
      "resptime_old": 12.913102379059465,
      "waittime": 7.848632971392837,
      "servicetime": 10.0,
      "networktime": 5.06446940766663,
      "services": {
        "MS1_1": {
          "meanserv": 1.0750014542073794,
          "stddevserv": 1.0750014542073794,
          "rate": 0.9302312997681669,
          "cv": 1.0,
          "lambda": 0.1
        },
        "MS1_2": {
          "meanserv": 3.0284043552304922,
          "stddevserv": 3.0284043552304922,
          "rate": 0.33020689534832276,
          "cv": 1.0,
          "lambda": 0.1
        },
        "MS1_3": {
          "meanserv": 0.6333464319152604,
          "stddevserv": 0.6333464319152604,
          "rate": 1.5789147133520074,
          "cv": 1.0,
          "lambda": 0.1
        },
        "MS1_4": {
          "meanserv": 4.205265324813043,
          "stddevserv": 4.205265324813043,
          "rate": 0.23779712402438194,
          "cv": 1.0,
          "lambda": 0.1
        },
        "MS1_5": {
          "meanserv": 1.0579824338338248,
          "stddevserv": 1.0579824338338248,
          "rate": 0.9451952773698584,
          "cv": 1.0,
          "lambda": 0.1
        }
      },
      "sensors": [
        "S1"
      ],
      "sources": [
        {
          "startTime": 0,
          "stopTime": -1,
          "lambda": 0.1
        }
      ]
    },
    "SC2": {
      "resptime": 29.482294979544218,
      "resptime_old": 19.482294979544214,
      "waittime": 15.183831391549209,
      "servicetime": 10.0,
      "networktime": 4.298463587995008,
      "services": {
        "MS2_1": {
          "meanserv": 0.9362584192357115,
          "stddevserv": 0.9362584192357115,
          "rate": 1.0680811829882633,
          "cv": 1.0,
          "lambda": 0.1
        },
        "MS2_2": {
          "meanserv": 1.379076071437808,
          "stddevserv": 1.379076071437808,
          "rate": 0.725123160869155,
          "cv": 1.0,
          "lambda": 0.1
        },
        "MS2_3": {
          "meanserv": 0.07549309634441581,
          "stddevserv": 0.07549309634441581,
          "rate": 13.246244337863478,
          "cv": 1.0,
          "lambda": 0.1
        },
        "MS2_4": {
          "meanserv": 1.0241227926612892,
          "stddevserv": 1.0241227926612892,
          "rate": 0.9764454098335185,
          "cv": 1.0,
          "lambda": 0.1
        },
        "MS2_5": {
          "meanserv": 6.585049620320776,
          "stddevserv": 6.585049620320776,
          "rate": 0.1518591442217997,
          "cv": 1.0,
          "lambda": 0.1
        }
      },
      "sensors": [
        "S2"
      ],
      "sources": [
        {
          "startTime": 0,
          "stopTime": -1,
          "lambda": 0.1
        }
      ]
    },
    "SC3": {
      "resptime": 20.493326066980107,
      "resptime_old": 10.493326066980107,
      "waittime": 5.575977940016024,
      "servicetime": 10.0,
      "networktime": 4.917348126964082,
      "services": {
        "MS3_1": {
          "meanserv": 2.2021223939880774,
          "stddevserv": 2.2021223939880774,
          "rate": 0.4541073660256389,
          "cv": 1.0,
          "lambda": 0.1
        },
        "MS3_2": {
          "meanserv": 3.2300515305616373,
          "stddevserv": 3.2300515305616373,
          "rate": 0.3095925840620014,
          "cv": 1.0,
          "lambda": 0.1
        },
        "MS3_3": {
          "meanserv": 0.5067785622903811,
          "stddevserv": 0.5067785622903811,
          "rate": 1.9732484252698241,
          "cv": 1.0,
          "lambda": 0.1
        },
        "MS3_4": {
          "meanserv": 0.6365607772275119,
          "stddevserv": 0.6365607772275119,
          "rate": 1.5709419049590483,
          "cv": 1.0,
          "lambda": 0.1
        },
        "MS3_5": {
          "meanserv": 3.4244867359323923,
          "stddevserv": 3.4244867359323923,
          "rate": 0.2920145636737962,
          "cv": 1.0,
          "lambda": 0.1
        }
      },
      "sensors": [
        "S3"
      ],
      "sources": [
        {
          "startTime": 0,
          "stopTime": -1,
          "lambda": 0.1
        }
      ]
    },
    "SC4": {
      "resptime": 22.45974380906134,
      "resptime_old": 12.459743809061338,
      "waittime": 7.045971638375711,
      "servicetime": 10.0,
      "networktime": 5.413772170685629,
      "services": {
        "MS4_1": {
          "meanserv": 0.986191566742628,
          "stddevserv": 0.986191566742628,
          "rate": 1.014001775844607,
          "cv": 1.0,
          "lambda": 0.1
        },
        "MS4_2": {
          "meanserv": 4.685592757608668,
          "stddevserv": 4.685592757608668,
          "rate": 0.21342016938543298,
          "cv": 1.0,
          "lambda": 0.1
        },
        "MS4_3": {
          "meanserv": 1.3936821533490473,
          "stddevserv": 1.3936821533490473,
          "rate": 0.7175237177264407,
          "cv": 1.0,
          "lambda": 0.1
        },
        "MS4_4": {
          "meanserv": 0.9648224264253615,
          "stddevserv": 0.9648224264253615,
          "rate": 1.0364601532998878,
          "cv": 1.0,
          "lambda": 0.1
        },
        "MS4_5": {
          "meanserv": 1.9697110958742954,
          "stddevserv": 1.9697110958742954,
          "rate": 0.5076886666753178,
          "cv": 1.0,
          "lambda": 0.1
        }
      },
      "sensors": [
        "S4"
      ],
      "sources": [
        {
          "startTime": 0,
          "stopTime": -1,
          "lambda": 0.1
        }
      ]
    }
  },
  "microservice": {
    "MS1_1": "F6",
    "MS1_2": "F6",
    "MS1_3": "F9",
    "MS1_4": "F3",
    "MS1_5": "F10",
    "MS2_1": "F10",
    "MS2_2": "F10",
    "MS2_3": "F10",
    "MS2_4": "F9",
    "MS2_5": "F1",
    "MS3_1": "F8",
    "MS3_2": "F5",
    "MS3_3": "F9",
    "MS3_4": "F9",
    "MS3_5": "F4",
    "MS4_1": "F8",
    "MS4_2": "F2",
    "MS4_3": "F9",
    "MS4_4": "F7",
    "MS4_5": "F7"
  },
  "sensor": {
    "S1": "F6",
    "S2": "F10",
    "S3": "F8",
    "S4": "F8"
  },
  "fog": {
    "F1": {
      "rho": 0.6585049620320776,
      "capacity": 1.0,
      "tserv": 6.585049620320776,
      "stddev": 6.585049620320776,
      "mu": 0.1518591442217997,
      "cv": 1.0,
      "lambda": 0.1,
      "twait": 12.697952731647012
    },
    "F2": {
      "rho": 0.46855927576086687,
      "capacity": 1.0,
      "tserv": 4.685592757608668,
      "stddev": 4.685592757608668,
      "mu": 0.21342016938543298,
      "cv": 1.0,
      "lambda": 0.1,
      "twait": 4.131181237867609
    },
    "F3": {
      "rho": 0.42052653248130434,
      "capacity": 1.0,
      "tserv": 4.205265324813043,
      "stddev": 4.205265324813043,
      "mu": 0.23779712402438194,
      "cv": 1.0,
      "lambda": 0.1,
      "twait": 3.051780183793212
    },
    "F4": {
      "rho": 0.3424486735932393,
      "capacity": 1.0,
      "tserv": 3.4244867359323927,
      "stddev": 3.424486735932392,
      "mu": 0.29201456367379613,
      "cv": 0.9999999999999998,
      "lambda": 0.1,
      "twait": 1.7834515624294416
    },
    "F5": {
      "rho": 0.32300515305616373,
      "capacity": 1.0,
      "tserv": 3.2300515305616373,
      "stddev": 3.230051530561637,
      "mu": 0.3095925840620014,
      "cv": 0.9999999999999999,
      "lambda": 0.1,
      "twait": 1.541109646134296
    },
    "F6": {
      "rho": 0.41034058094378717,
      "capacity": 1.0,
      "tserv": 2.051702904718936,
      "stddev": 2.473333025715476,
      "mu": 0.48740000206657147,
      "cv": 1.2055025218450426,
      "lambda": 0.2,
      "twait": 1.7513263981869036
    },
    "F7": {
      "rho": 0.2934533522299657,
      "capacity": 1.0,
      "tserv": 1.4672667611498285,
      "stddev": 1.6302675753901663,
      "mu": 0.6815393263705822,
      "cv": 1.1110914651352162,
      "lambda": 0.2,
      "twait": 0.6808671629717222
    },
    "F8": {
      "rho": 0.31883139607307054,
      "capacity": 1.0,
      "tserv": 1.5941569803653526,
      "stddev": 1.8112372474003735,
      "mu": 0.6272907952708758,
      "cv": 1.1361724533460125,
      "lambda": 0.2,
      "twait": 0.8546954176770297
    },
    "F9": {
      "rho": 0.41944907174434903,
      "capacity": 1.0,
      "tserv": 0.8388981434886981,
      "stddev": 0.9581156586261235,
      "mu": 1.1920398295808987,
      "cv": 1.142112026427475,
      "lambda": 0.5,
      "twait": 0.6983606568876282
    },
    "F10": {
      "rho": 0.344881002085176,
      "capacity": 1.0,
      "tserv": 0.8622025052129401,
      "stddev": 1.0992430023219988,
      "mu": 1.1598203368163815,
      "cv": 1.274924389196151,
      "lambda": 0.4,
      "twait": 0.5958393343381891
    }
  },
  "extra": {
    "deltatime": 0.0170754,
    "obj_func": 23.837116808661282
  },
  "network": [
    [
      0.0,
      2.1098128736508626,
      1.672540984690845,
      1.9066723601809858,
      2.0444496145704485,
      1.8055322969943501,
      2.223542850083323,
      2.0137783698833442,
      1.8163080146020152,
      1.8163080146020152
    ],
    [
      2.1098128736508626,
      0.0,
      2.934500401228552,
      1.8164741425374609,
      2.605875303707313,
      1.4478358622960175,
      2.3194944678061793,
      1.8163080146020152,
      2.318682263925653,
      2.318682263925653
    ],
    [
      1.672540984690845,
      2.934500401228552,
      0.0,
      1.8483316094215416,
      1.6662035789392529,
      1.9308810272196617,
      2.0137783698833442,
      2.318682263925653,
      1.5522002027025497,
      1.5522002027025497
    ],
    [
      1.9066723601809858,
      1.8164741425374609,
      1.8483316094215416,
      0.0,
      1.977787468501161,
      2.223542850083323,
      1.8163080146020152,
      1.5522002027025497,
      1.3967644960839802,
      1.3967644960839802
    ],
    [
      2.0444496145704485,
      2.605875303707313,
      1.6662035789392529,
      1.977787468501161,
      0.0,
      2.3194944678061793,
      2.318682263925653,
      1.3967644960839802,
      2.123819134796122,
      2.123819134796122
    ],
    [
      1.8055322969943501,
      1.4478358622960175,
      1.9308810272196617,
      2.223542850083323,
      2.3194944678061793,
      0.0,
      1.5522002027025497,
      2.123819134796122,
      1.9600690022615304,
      1.9600690022615304
    ],
    [
      2.223542850083323,
      2.3194944678061793,
      2.0137783698833442,
      1.8163080146020152,
      2.318682263925653,
      1.5522002027025497,
      0.0,
      1.9600690022615304,
      1.2787818921579608,
      1.2787818921579608
    ],
    [
      2.0137783698833442,
      1.8163080146020152,
      2.318682263925653,
      1.5522002027025497,
      1.3967644960839802,
      2.123819134796122,
      1.9600690022615304,
      0.0,
      2.8604341075861694,
      2.8604341075861694
    ],
    [
      1.8163080146020152,
      2.318682263925653,
      1.5522002027025497,
      1.3967644960839802,
      2.123819134796122,
      1.9600690022615304,
      1.2787818921579608,
      2.8604341075861694,
      0.0,
      2.482155573392993
    ],
    [
      1.8163080146020152,
      2.318682263925653,
      1.5522002027025497,
      1.3967644960839802,
      2.123819134796122,
      1.9600690022615304,
      1.2787818921579608,
      2.8604341075861694,
      2.482155573392993,
      0.0
    ]
  ]
}