{
  "servicechain": {
    "SC1": {
      "resptime": 28.907953461028118,
      "resptime_old": 18.907953461028118,
      "waittime": 16.39748045246091,
      "servicetime": 10.0,
      "networktime": 2.510473008567206,
      "services": {
        "MS1_1": {
          "meanserv": 0.915572081287046,
          "stddevserv": 0.915572081287046,
          "rate": 1.092213295313976,
          "cv": 1.0,
          "lambda": 0.15
        },
        "MS1_2": {
          "meanserv": 0.016494465470920927,
          "stddevserv": 0.016494465470920927,
          "rate": 60.6263962759484,
          "cv": 1.0,
          "lambda": 0.15
        },
        "MS1_3": {
          "meanserv": 0.41343677281086233,
          "stddevserv": 0.41343677281086233,
          "rate": 2.4187495301911053,
          "cv": 1.0,
          "lambda": 0.15
        },
        "MS1_4": {
          "meanserv": 0.24091306051991057,
          "stddevserv": 0.24091306051991057,
          "rate": 4.150874999644753,
          "cv": 1.0,
          "lambda": 0.15
        },
        "MS1_5": {
          "meanserv": 0.7701381128060278,
          "stddevserv": 0.7701381128060278,
          "rate": 1.2984683959562286,
          "cv": 1.0,
          "lambda": 0.15
        },
        "MS1_6": {
          "meanserv": 0.1517608650305693,
          "stddevserv": 0.1517608650305693,
          "rate": 6.589314048773835,
          "cv": 1.0,
          "lambda": 0.15
        },
        "MS1_7": {
          "meanserv": 0.4651752074939077,
          "stddevserv": 0.4651752074939077,
          "rate": 2.149727637866635,
          "cv": 1.0,
          "lambda": 0.15
        },
        "MS1_8": {
          "meanserv": 0.0639726962638818,
          "stddevserv": 0.0639726962638818,
          "rate": 15.631668796248436,
          "cv": 1.0,
          "lambda": 0.15
        },
        "MS1_9": {
          "meanserv": 0.5216792235330878,
          "stddevserv": 0.5216792235330878,
          "rate": 1.9168867665985827,
          "cv": 1.0,
          "lambda": 0.15
        },
        "MS1_10": {
          "meanserv": 0.03854400353336995,
          "stddevserv": 0.03854400353336995,
          "rate": 25.944372881095173,
          "cv": 1.0,
          "lambda": 0.15
        },
        "MS1_11": {
          "meanserv": 2.358884322004265,
          "stddevserv": 2.358884322004265,
          "rate": 0.42392922394360294,
          "cv": 1.0,
          "lambda": 0.15
        },
        "MS1_12": {
          "meanserv": 1.5212149289069634,
          "stddevserv": 1.5212149289069634,
          "rate": 0.6573693046245139,
          "cv": 1.0,
          "lambda": 0.15
        },
        "MS1_13": {
          "meanserv": 2.019565142633348,
          "stddevserv": 2.019565142633348,
          "rate": 0.4951561001375186,
          "cv": 1.0,
          "lambda": 0.15
        },
        "MS1_14": {
          "meanserv": 0.16495071050391985,
          "stddevserv": 0.16495071050391985,
          "rate": 6.062417051402978,
          "cv": 1.0,
          "lambda": 0.15
        },
        "MS1_15": {
          "meanserv": 0.3376984072019198,
          "stddevserv": 0.3376984072019198,
          "rate": 2.9612221398547214,
          "cv": 1.0,
          "lambda": 0.15
        }
      },
      "sensors": [
        "S1"
      ],
      "sources": [
        {
          "startTime": 0,
          "stopTime": -1,
          "lambda": 0.15
        }
      ]
    },
    "SC2": {
      "resptime": 37.94508086351484,
      "resptime_old": 27.94508086351484,
      "waittime": 24.26840506134375,
      "servicetime": 10.0,
      "networktime": 3.67667580217109,
      "services": {
        "MS2_1": {
          "meanserv": 1.337170334104515,
          "stddevserv": 1.337170334104515,
          "rate": 0.747847880329836,
          "cv": 1.0,
          "lambda": 0.15
        },
        "MS2_2": {
          "meanserv": 0.4031541184828047,
          "stddevserv": 0.4031541184828047,
          "rate": 2.4804409880849376,
          "cv": 1.0,
          "lambda": 0.15
        },
        "MS2_3": {
          "meanserv": 2.3578786112663392,
          "stddevserv": 2.3578786112663392,
          "rate": 0.4241100433337969,
          "cv": 1.0,
          "lambda": 0.15
        },
        "MS2_4": {
          "meanserv": 0.4231000942015859,
          "stddevserv": 0.4231000942015859,
          "rate": 2.3635069188227367,
          "cv": 1.0,
          "lambda": 0.15
        },
        "MS2_5": {
          "meanserv": 0.05260656550871623,
          "stddevserv": 0.05260656550871623,
          "rate": 19.009034144878985,
          "cv": 1.0,
          "lambda": 0.15
        },
        "MS2_6": {
          "meanserv": 0.7100706571861304,
          "stddevserv": 0.7100706571861304,
          "rate": 1.408310553153685,
          "cv": 1.0,
          "lambda": 0.15
        },
        "MS2_7": {
          "meanserv": 0.030685806253425874,
          "stddevserv": 0.030685806253425874,
          "rate": 32.58835670607014,
          "cv": 1.0,
          "lambda": 0.15
        },
        "MS2_8": {
          "meanserv": 0.051533310886104466,
          "stddevserv": 0.051533310886104466,
          "rate": 19.404924364555853,
          "cv": 1.0,
          "lambda": 0.15
        },
        "MS2_9": {
          "meanserv": 0.05759464423518601,
          "stddevserv": 0.05759464423518601,
          "rate": 17.36272553254309,
          "cv": 1.0,
          "lambda": 0.15
        },
        "MS2_10": {
          "meanserv": 0.215871244853453,
          "stddevserv": 0.215871244853453,
          "rate": 4.632390945254719,
          "cv": 1.0,
          "lambda": 0.15
        },
        "MS2_11": {
          "meanserv": 0.3505246317711297,
          "stddevserv": 0.3505246317711297,
          "rate": 2.8528665587556667,
          "cv": 1.0,
          "lambda": 0.15
        },
        "MS2_12": {
          "meanserv": 0.9084332659991077,
          "stddevserv": 0.9084332659991077,
          "rate": 1.1007963242079053,
          "cv": 1.0,
          "lambda": 0.15
        },
        "MS2_13": {
          "meanserv": 1.0626849032182113,
          "stddevserv": 1.0626849032182113,
          "rate": 0.941012709385089,
          "cv": 1.0,
          "lambda": 0.15
        },
        "MS2_14": {
          "meanserv": 1.037045672923183,
          "stddevserv": 1.037045672923183,
          "rate": 0.9642776843002873,
          "cv": 1.0,
          "lambda": 0.15
        },
        "MS2_15": {
          "meanserv": 1.0016461391101075,
          "stddevserv": 1.0016461391101075,
          "rate": 0.9983565662105283,
          "cv": 1.0,
          "lambda": 0.15
        }
      },
      "sensors": [
        "S2"
      ],
      "sources": [
        {
          "startTime": 0,
          "stopTime": -1,
          "lambda": 0.15
        }
      ]
    },
    "SC3": {
      "resptime": 34.179342664093944,
      "resptime_old": 24.179342664093944,
      "waittime": 19.811520055091062,
      "servicetime": 10.0,
      "networktime": 4.36782260900288,
      "services": {
        "MS3_1": {
          "meanserv": 0.6404836838121297,
          "stddevserv": 0.6404836838121297,
          "rate": 1.561320023092619,
          "cv": 1.0,
          "lambda": 0.15
        },
        "MS3_2": {
          "meanserv": 0.4975200082068387,
          "stddevserv": 0.4975200082068387,
          "rate": 2.0099694153089427,
          "cv": 1.0,
          "lambda": 0.15
        },
        "MS3_3": {
          "meanserv": 0.7483158185189898,
          "stddevserv": 0.7483158185189898,
          "rate": 1.3363341723540263,
          "cv": 1.0,
          "lambda": 0.15
        },
        "MS3_4": {
          "meanserv": 0.1391855203080803,
          "stddevserv": 0.1391855203080803,
          "rate": 7.184655399401815,
          "cv": 1.0,
          "lambda": 0.15
        },
        "MS3_5": {
          "meanserv": 1.9759271476370532,
          "stddevserv": 1.9759271476370532,
          "rate": 0.5060915333826287,
          "cv": 1.0,
          "lambda": 0.15
        },
        "MS3_6": {
          "meanserv": 1.0289471621108026,
          "stddevserv": 1.0289471621108026,
          "rate": 0.9718672025379614,
          "cv": 1.0,
          "lambda": 0.15
        },
        "MS3_7": {
          "meanserv": 0.02999498147393531,
          "stddevserv": 0.02999498147393531,
          "rate": 33.33891040636142,
          "cv": 1.0,
          "lambda": 0.15
        },
        "MS3_8": {
          "meanserv": 0.3673688884970261,
          "stddevserv": 0.3673688884970261,
          "rate": 2.7220595736650006,
          "cv": 1.0,
          "lambda": 0.15
        },
        "MS3_9": {
          "meanserv": 0.46514979836231873,
          "stddevserv": 0.46514979836231873,
          "rate": 2.1498450682355683,
          "cv": 1.0,
          "lambda": 0.15
        },
        "MS3_10": {
          "meanserv": 1.4079558601935176,
          "stddevserv": 1.4079558601935176,
          "rate": 0.7102495385491376,
          "cv": 1.0,
          "lambda": 0.15
        },
        "MS3_11": {
          "meanserv": 0.056432119524146174,
          "stddevserv": 0.056432119524146174,
          "rate": 17.72040477005511,
          "cv": 1.0,
          "lambda": 0.15
        },
        "MS3_12": {
          "meanserv": 0.6561996905560186,
          "stddevserv": 0.6561996905560186,
          "rate": 1.5239263510665002,
          "cv": 1.0,
          "lambda": 0.15
        },
        "MS3_13": {
          "meanserv": 1.6277203901676636,
          "stddevserv": 1.6277203901676636,
          "rate": 0.614356130230079,
          "cv": 1.0,
          "lambda": 0.15
        },
        "MS3_14": {
          "meanserv": 0.3000287635175596,
          "stddevserv": 0.3000287635175596,
          "rate": 3.333013769333065,
          "cv": 1.0,
          "lambda": 0.15
        },
        "MS3_15": {
          "meanserv": 0.058770167113920024,
          "stddevserv": 0.058770167113920024,
          "rate": 17.01543570671836,
          "cv": 1.0,
          "lambda": 0.15
        }
      },
      "sensors": [
        "S3"
      ],
      "sources": [
        {
          "startTime": 0,
          "stopTime": -1,
          "lambda": 0.15
        }
      ]
    },
    "SC4": {
      "resptime": 32.22924943760957,
      "resptime_old": 22.22924943760957,
      "waittime": 19.444013226045303,
      "servicetime": 10.0,
      "networktime": 2.785236211564266,
      "services": {
        "MS4_1": {
          "meanserv": 0.594763980807097,
          "stddevserv": 0.594763980807097,
          "rate": 1.6813392072650333,
          "cv": 1.0,
          "lambda": 0.15
        },
        "MS4_2": {
          "meanserv": 0.10138882030686469,
          "stddevserv": 0.10138882030686469,
          "rate": 9.863020370228071,
          "cv": 1.0,
          "lambda": 0.15
        },
        "MS4_3": {
          "meanserv": 0.0433443654725274,
          "stddevserv": 0.0433443654725274,
          "rate": 23.07104946855945,
          "cv": 1.0,
          "lambda": 0.15
        },
        "MS4_4": {
          "meanserv": 0.32118282018822164,
          "stddevserv": 0.32118282018822164,
          "rate": 3.1134915603953335,
          "cv": 1.0,
          "lambda": 0.15
        },
        "MS4_5": {
          "meanserv": 0.0913334410107347,
          "stddevserv": 0.0913334410107347,
          "rate": 10.948892201296422,
          "cv": 1.0,
          "lambda": 0.15
        },
        "MS4_6": {
          "meanserv": 1.37757012310764,
          "stddevserv": 1.37757012310764,
          "rate": 0.7259158595455851,
          "cv": 1.0,
          "lambda": 0.15
        },
        "MS4_7": {
          "meanserv": 0.1426882695561491,
          "stddevserv": 0.1426882695561491,
          "rate": 7.008284585065285,
          "cv": 1.0,
          "lambda": 0.15
        },
        "MS4_8": {
          "meanserv": 0.8364251721758764,
          "stddevserv": 0.8364251721758764,
          "rate": 1.1955642097649932,
          "cv": 1.0,
          "lambda": 0.15
        },
        "MS4_9": {
          "meanserv": 0.30552749867505113,
          "stddevserv": 0.30552749867505113,
          "rate": 3.2730278103823536,
          "cv": 1.0,
          "lambda": 0.15
        },
        "MS4_10": {
          "meanserv": 0.41181176194161173,
          "stddevserv": 0.41181176194161173,
          "rate": 2.428293925567342,
          "cv": 1.0,
          "lambda": 0.15
        },
        "MS4_11": {
          "meanserv": 1.9702134359344212,
          "stddevserv": 1.9702134359344212,
          "rate": 0.5075592226512889,
          "cv": 1.0,
          "lambda": 0.15
        },
        "MS4_12": {
          "meanserv": 1.0258615521794052,
          "stddevserv": 1.0258615521794052,
          "rate": 0.9747904070247458,
          "cv": 1.0,
          "lambda": 0.15
        },
        "MS4_13": {
          "meanserv": 0.7441214071768592,
          "stddevserv": 0.7441214071768592,
          "rate": 1.3438667270626241,
          "cv": 1.0,
          "lambda": 0.15
        },
        "MS4_14": {
          "meanserv": 1.717868646658541,
          "stddevserv": 1.717868646658541,
          "rate": 0.5821166839182489,
          "cv": 1.0,
          "lambda": 0.15
        },
        "MS4_15": {
          "meanserv": 0.3158987048089994,
          "stddevserv": 0.3158987048089994,
          "rate": 3.1655716999682735,
          "cv": 1.0,
          "lambda": 0.15
        }
      },
      "sensors": [
        "S4"
      ],
      "sources": [
        {
          "startTime": 0,
          "stopTime": -1,
          "lambda": 0.15
        }
      ]
    }
  },
  "microservice": {
    "MS1_1": "F9",
    "MS1_2": "F10",
    "MS1_3": "F10",
    "MS1_4": "F10",
    "MS1_5": "F10",
    "MS1_6": "F10",
    "MS1_7": "F10",
    "MS1_8": "F10",
    "MS1_9": "F10",
    "MS1_10": "F10",
    "MS1_11": "F1",
    "MS1_12": "F1",
    "MS1_13": "F5",
    "MS1_14": "F3",
    "MS1_15": "F3",
    "MS2_1": "F8",
    "MS2_2": "F10",
    "MS2_3": "F6",
    "MS2_4": "F2",
    "MS2_5": "F2",
    "MS2_6": "F2",
    "MS2_7": "F2",
    "MS2_8": "F2",
    "MS2_9": "F2",
    "MS2_10": "F2",
    "MS2_11": "F2",
    "MS2_12": "F5",
    "MS2_13": "F5",
    "MS2_14": "F6",
    "MS2_15": "F6",
    "MS3_1": "F2",
    "MS3_2": "F2",
    "MS3_3": "F2",
    "MS3_4": "F2",
    "MS3_5": "F4",
    "MS3_6": "F4",
    "MS3_7": "F9",
    "MS3_8": "F9",
    "MS3_9": "F9",
    "MS3_10": "F4",
    "MS3_11": "F10",
    "MS3_12": "F10",
    "MS3_13": "F7",
    "MS3_14": "F9",
    "MS3_15": "F9",
    "MS4_1": "F3",
    "MS4_2": "F3",
    "MS4_3": "F3",
    "MS4_4": "F3",
    "MS4_5": "F3",
    "MS4_6": "F3",
    "MS4_7": "F3",
    "MS4_8": "F9",
    "MS4_9": "F9",
    "MS4_10": "F9",
    "MS4_11": "F8",
    "MS4_12": "F8",
    "MS4_13": "F7",
    "MS4_14": "F7",
    "MS4_15": "F3"
  },
  "sensor": {
    "S1": "F9",
    "S2": "F8",
    "S3": "F2",
    "S4": "F3"
  },
  "fog": {
    "F1": {
      "rho": 0.5820148876366842,
      "capacity": 1.0,
      "tserv": 1.940049625455614,
      "stddev": 2.028456939473074,
      "mu": 0.5154507322281271,
      "cv": 1.0455696147446216,
      "lambda": 0.3,
      "twait": 2.8272885342668426
    },
    "F2": {
      "rho": 0.5876237978612655,
      "capacity": 1.0,
      "tserv": 0.32645766547848093,
      "stddev": 0.493290122775197,
      "mu": 3.0631843137587986,
      "cv": 1.5110385662171353,
      "lambda": 1.7999999999999996,
      "twait": 0.763668649369729
    },
    "F3": {
      "rho": 0.523622946444611,
      "capacity": 1.0,
      "tserv": 0.3490819642964074,
      "stddev": 0.6367436001064888,
      "mu": 2.86465673474581,
      "cv": 1.824051842351346,
      "lambda": 1.4999999999999998,
      "twait": 0.8301732201490795
    },
    "F4": {
      "rho": 0.6619245254912061,
      "capacity": 1.0,
      "tserv": 1.470943389980458,
      "stddev": 1.5705303509000692,
      "mu": 0.6798358161242938,
      "cv": 1.067702782852122,
      "lambda": 0.44999999999999996,
      "twait": 3.0815722744438165
    },
    "F5": {
      "rho": 0.5986024967776,
      "capacity": 1.0,
      "tserv": 1.330227770616889,
      "stddev": 1.5008741197628337,
      "mu": 0.7517509573088021,
      "cv": 1.128283556331716,
      "lambda": 0.44999999999999996,
      "twait": 2.2545706634472698
    },
    "F6": {
      "rho": 0.6594855634949446,
      "capacity": 1.0,
      "tserv": 1.4655234744332102,
      "stddev": 1.7159471009752372,
      "mu": 0.6823500390444097,
      "cv": 1.170876571348595,
      "lambda": 0.44999999999999996,
      "twait": 3.3647693499817715
    },
    "F7": {
      "rho": 0.6134565666004596,
      "capacity": 1.0,
      "tserv": 1.363236814667688,
      "stddev": 1.498141316222857,
      "mu": 0.7335482648653139,
      "cv": 1.098958963038314,
      "lambda": 0.44999999999999996,
      "twait": 2.3881907539731873
    },
    "F8": {
      "rho": 0.6499867983327512,
      "capacity": 1.0,
      "tserv": 1.444415107406114,
      "stddev": 1.5476121189391765,
      "mu": 0.6923217535406451,
      "cv": 1.071445535984724,
      "lambda": 0.44999999999999996,
      "twait": 2.8808159425553326
    },
    "F9": {
      "rho": 0.5535973669566517,
      "capacity": 1.0,
      "tserv": 0.4100721236715939,
      "stddev": 0.5753828194614973,
      "mu": 2.4385954135249865,
      "cv": 1.4031259045598827,
      "lambda": 1.3499999999999999,
      "twait": 0.7548713572652088
    },
    "F10": {
      "rho": 0.569685050403826,
      "capacity": 1.0,
      "tserv": 0.3164916946687923,
      "stddev": 0.47166627408864714,
      "mu": 3.159640574601799,
      "cv": 1.4902958972817426,
      "lambda": 1.7999999999999996,
      "twait": 0.6747905469907324
    }
  },
  "extra": {
    "deltatime": 11.0676249,
    "conv": 13,
    "obj_func": 33.31540660656162
  },
  "network": [
    [
      0.0,
      0.541961384058457,
      0.5835224369240035,
      0.5000125106229604,
      0.47577269846083675,
      0.549397944922195,
      0.7125088337136901,
      0.7937579758657362,
      0.7649736841062621,
      0.7649736841062621
    ],
    [
      0.541961384058457,
      0.0,
      0.7056618826776062,
      0.5685542463105294,
      0.8468195176200823,
      0.6736155334812761,
      0.8395804117490178,
      0.7649736841062621,
      0.6903151868775902,
      0.6903151868775902
    ],
    [
      0.5835224369240035,
      0.7056618826776062,
      0.0,
      0.7806956601693322,
      0.6070457819669416,
      0.6892051521889303,
      0.7937579758657362,
      0.6903151868775902,
      0.6748178963778161,
      0.6748178963778161
    ],
    [
      0.5000125106229604,
      0.5685542463105294,
      0.7806956601693322,
      0.0,
      0.6012942299254543,
      0.7125088337136901,
      0.7649736841062621,
      0.6748178963778161,
      0.6764520950654718,
      0.6764520950654718
    ],
    [
      0.47577269846083675,
      0.8468195176200823,
      0.6070457819669416,
      0.6012942299254543,
      0.0,
      0.8395804117490178,
      0.6903151868775902,
      0.6764520950654718,
      0.7817211729733458,
      0.7817211729733458
    ],
    [
      0.549397944922195,
      0.6736155334812761,
      0.6892051521889303,
      0.7125088337136901,
      0.8395804117490178,
      0.0,
      0.6748178963778161,
      0.7817211729733458,
      0.5191014443054163,
      0.5191014443054163
    ],
    [
      0.7125088337136901,
      0.8395804117490178,
      0.7937579758657362,
      0.7649736841062621,
      0.6903151868775902,
      0.6748178963778161,
      0.0,
      0.5191014443054163,
      0.8849560387479678,
      0.8849560387479678
    ],
    [
      0.7937579758657362,
      0.7649736841062621,
      0.6903151868775902,
      0.6748178963778161,
      0.6764520950654718,
      0.7817211729733458,
      0.5191014443054163,
      0.0,
      0.7975588950152974,
      0.7975588950152974
    ],
    [
      0.7649736841062621,
      0.6903151868775902,
      0.6748178963778161,
      0.6764520950654718,
      0.7817211729733458,
      0.5191014443054163,
      0.8849560387479678,
      0.7975588950152974,
      0.0,
      0.6626808440331653
    ],
    [
      0.7649736841062621,
      0.6903151868775902,
      0.6748178963778161,
      0.6764520950654718,
      0.7817211729733458,
      0.5191014443054163,
      0.8849560387479678,
      0.7975588950152974,
      0.6626808440331653,
      0.0
    ]
  ]
}