{
  "servicechain": {
    "SC1": {
      "resptime": 36.64667100438045,
      "resptime_old": 26.646671004380448,
      "waittime": 22.147214309991792,
      "servicetime": 10.0,
      "networktime": 4.499456694388659,
      "services": {
        "MS1_1": {
          "meanserv": 2.0001158806619026,
          "stddevserv": 2.0001158806619026,
          "rate": 0.49997103151296807,
          "cv": 1.0,
          "lambda": 0.15
        },
        "MS1_2": {
          "meanserv": 1.016444117950258,
          "stddevserv": 1.016444117950258,
          "rate": 0.9838219163652412,
          "cv": 1.0,
          "lambda": 0.15
        },
        "MS1_3": {
          "meanserv": 2.871858165039774,
          "stddevserv": 2.871858165039774,
          "rate": 0.34820661137565284,
          "cv": 1.0,
          "lambda": 0.15
        },
        "MS1_4": {
          "meanserv": 1.5892995185215995,
          "stddevserv": 1.5892995185215995,
          "rate": 0.6292080179639276,
          "cv": 1.0,
          "lambda": 0.15
        },
        "MS1_5": {
          "meanserv": 0.1722714366034026,
          "stddevserv": 0.1722714366034026,
          "rate": 5.8047928299464155,
          "cv": 1.0,
          "lambda": 0.15
        },
        "MS1_6": {
          "meanserv": 1.1363338640645395,
          "stddevserv": 1.1363338640645395,
          "rate": 0.8800230562724862,
          "cv": 1.0,
          "lambda": 0.15
        },
        "MS1_7": {
          "meanserv": 0.2340099971639269,
          "stddevserv": 0.2340099971639269,
          "rate": 4.273321704711135,
          "cv": 1.0,
          "lambda": 0.15
        },
        "MS1_8": {
          "meanserv": 0.32846203946868435,
          "stddevserv": 0.32846203946868435,
          "rate": 3.0444918433118975,
          "cv": 1.0,
          "lambda": 0.15
        },
        "MS1_9": {
          "meanserv": 0.2612574230101128,
          "stddevserv": 0.2612574230101128,
          "rate": 3.827642439699376,
          "cv": 1.0,
          "lambda": 0.15
        },
        "MS1_10": {
          "meanserv": 0.3899475575158,
          "stddevserv": 0.3899475575158,
          "rate": 2.5644473999801414,
          "cv": 1.0,
          "lambda": 0.15
        }
      },
      "sensors": [
        "S1"
      ],
      "sources": [
        {
          "startTime": 0,
          "stopTime": -1,
          "lambda": 0.15
        }
      ]
    },
    "SC2": {
      "resptime": 31.93976850133764,
      "resptime_old": 21.93976850133764,
      "waittime": 17.68214994379499,
      "servicetime": 10.0,
      "networktime": 4.2576185575426475,
      "services": {
        "MS2_1": {
          "meanserv": 0.3736099887430899,
          "stddevserv": 0.3736099887430899,
          "rate": 2.676587966409117,
          "cv": 1.0,
          "lambda": 0.15
        },
        "MS2_2": {
          "meanserv": 0.3418405754035614,
          "stddevserv": 0.3418405754035614,
          "rate": 2.925340266641681,
          "cv": 1.0,
          "lambda": 0.15
        },
        "MS2_3": {
          "meanserv": 0.01832880014004945,
          "stddevserv": 0.01832880014004945,
          "rate": 54.55894506781948,
          "cv": 1.0,
          "lambda": 0.15
        },
        "MS2_4": {
          "meanserv": 0.33362813121764034,
          "stddevserv": 0.33362813121764034,
          "rate": 2.9973491634242793,
          "cv": 1.0,
          "lambda": 0.15
        },
        "MS2_5": {
          "meanserv": 1.0586510012127872,
          "stddevserv": 1.0586510012127872,
          "rate": 0.9445983604175533,
          "cv": 1.0,
          "lambda": 0.15
        },
        "MS2_6": {
          "meanserv": 0.10557143292975946,
          "stddevserv": 0.10557143292975946,
          "rate": 9.472259419509221,
          "cv": 1.0,
          "lambda": 0.15
        },
        "MS2_7": {
          "meanserv": 2.3458852156603327,
          "stddevserv": 2.3458852156603327,
          "rate": 0.4262783163150267,
          "cv": 1.0,
          "lambda": 0.15
        },
        "MS2_8": {
          "meanserv": 1.7864291201174822,
          "stddevserv": 1.7864291201174822,
          "rate": 0.5597759176329572,
          "cv": 1.0,
          "lambda": 0.15
        },
        "MS2_9": {
          "meanserv": 0.3268712166768424,
          "stddevserv": 0.3268712166768424,
          "rate": 3.0593088316755614,
          "cv": 1.0,
          "lambda": 0.15
        },
        "MS2_10": {
          "meanserv": 3.309184517898455,
          "stddevserv": 3.309184517898455,
          "rate": 0.30218925375459704,
          "cv": 1.0,
          "lambda": 0.15
        }
      },
      "sensors": [
        "S2"
      ],
      "sources": [
        {
          "startTime": 0,
          "stopTime": -1,
          "lambda": 0.15
        }
      ]
    },
    "SC3": {
      "resptime": 32.07760996145747,
      "resptime_old": 22.07760996145747,
      "waittime": 17.604036296736567,
      "servicetime": 10.0,
      "networktime": 4.473573664720906,
      "services": {
        "MS3_1": {
          "meanserv": 0.5810265681643367,
          "stddevserv": 0.5810265681643367,
          "rate": 1.7210916932066374,
          "cv": 1.0,
          "lambda": 0.15
        },
        "MS3_2": {
          "meanserv": 1.5919947651547985,
          "stddevserv": 1.5919947651547985,
          "rate": 0.6281427689887941,
          "cv": 1.0,
          "lambda": 0.15
        },
        "MS3_3": {
          "meanserv": 1.6905171203855502,
          "stddevserv": 1.6905171203855502,
          "rate": 0.5915349734949348,
          "cv": 1.0,
          "lambda": 0.15
        },
        "MS3_4": {
          "meanserv": 0.9830226410997334,
          "stddevserv": 0.9830226410997334,
          "rate": 1.0172705675235247,
          "cv": 1.0,
          "lambda": 0.15
        },
        "MS3_5": {
          "meanserv": 1.9642591973073644,
          "stddevserv": 1.9642591973073644,
          "rate": 0.5090977816831989,
          "cv": 1.0,
          "lambda": 0.15
        },
        "MS3_6": {
          "meanserv": 0.28057351047242385,
          "stddevserv": 0.28057351047242385,
          "rate": 3.564128339543604,
          "cv": 1.0,
          "lambda": 0.15
        },
        "MS3_7": {
          "meanserv": 1.2981154475805496,
          "stddevserv": 1.2981154475805496,
          "rate": 0.770347507892166,
          "cv": 1.0,
          "lambda": 0.15
        },
        "MS3_8": {
          "meanserv": 1.0082980284371494,
          "stddevserv": 1.0082980284371494,
          "rate": 0.991770262161465,
          "cv": 1.0,
          "lambda": 0.15
        },
        "MS3_9": {
          "meanserv": 0.417454509943596,
          "stddevserv": 0.417454509943596,
          "rate": 2.3954705870469915,
          "cv": 1.0,
          "lambda": 0.15
        },
        "MS3_10": {
          "meanserv": 0.18473821145449776,
          "stddevserv": 0.18473821145449776,
          "rate": 5.413065289128376,
          "cv": 1.0,
          "lambda": 0.15
        }
      },
      "sensors": [
        "S3"
      ],
      "sources": [
        {
          "startTime": 0,
          "stopTime": -1,
          "lambda": 0.15
        }
      ]
    },
    "SC4": {
      "resptime": 30.793444978841038,
      "resptime_old": 20.793444978841034,
      "waittime": 16.18069953080859,
      "servicetime": 10.0,
      "networktime": 4.612745448032448,
      "services": {
        "MS4_1": {
          "meanserv": 2.1806676993115848,
          "stddevserv": 2.1806676993115848,
          "rate": 0.45857514206116323,
          "cv": 1.0,
          "lambda": 0.15
        },
        "MS4_2": {
          "meanserv": 0.20281396950711494,
          "stddevserv": 0.20281396950711494,
          "rate": 4.930626832215909,
          "cv": 1.0,
          "lambda": 0.15
        },
        "MS4_3": {
          "meanserv": 0.6730243894488899,
          "stddevserv": 0.6730243894488899,
          "rate": 1.4858302547086832,
          "cv": 1.0,
          "lambda": 0.15
        },
        "MS4_4": {
          "meanserv": 0.6615221461579281,
          "stddevserv": 0.6615221461579281,
          "rate": 1.511665188849574,
          "cv": 1.0,
          "lambda": 0.15
        },
        "MS4_5": {
          "meanserv": 0.35950970872264687,
          "stddevserv": 0.35950970872264687,
          "rate": 2.7815660488086458,
          "cv": 1.0,
          "lambda": 0.15
        },
        "MS4_6": {
          "meanserv": 2.0190657194570365,
          "stddevserv": 2.0190657194570365,
          "rate": 0.495278578781932,
          "cv": 1.0,
          "lambda": 0.15
        },
        "MS4_7": {
          "meanserv": 1.6286935712881272,
          "stddevserv": 1.6286935712881272,
          "rate": 0.6139890385943526,
          "cv": 1.0,
          "lambda": 0.15
        },
        "MS4_8": {
          "meanserv": 0.13830575172971837,
          "stddevserv": 0.13830575172971837,
          "rate": 7.230357288062992,
          "cv": 1.0,
          "lambda": 0.15
        },
        "MS4_9": {
          "meanserv": 1.5034583920548945,
          "stddevserv": 1.5034583920548945,
          "rate": 0.6651331392239074,
          "cv": 1.0,
          "lambda": 0.15
        },
        "MS4_10": {
          "meanserv": 0.6329386523220588,
          "stddevserv": 0.6329386523220588,
          "rate": 1.5799319512741166,
          "cv": 1.0,
          "lambda": 0.15
        }
      },
      "sensors": [
        "S4"
      ],
      "sources": [
        {
          "startTime": 0,
          "stopTime": -1,
          "lambda": 0.15
        }
      ]
    }
  },
  "microservice": {
    "MS1_1": "F5",
    "MS1_2": "F8",
    "MS1_3": "F9",
    "MS1_4": "F9",
    "MS1_5": "F2",
    "MS1_6": "F1",
    "MS1_7": "F2",
    "MS1_8": "F2",
    "MS1_9": "F2",
    "MS1_10": "F2",
    "MS2_1": "F2",
    "MS2_2": "F2",
    "MS2_3": "F2",
    "MS2_4": "F2",
    "MS2_5": "F8",
    "MS2_6": "F8",
    "MS2_7": "F3",
    "MS2_8": "F3",
    "MS2_9": "F2",
    "MS2_10": "F1",
    "MS3_1": "F4",
    "MS3_2": "F4",
    "MS3_3": "F10",
    "MS3_4": "F10",
    "MS3_5": "F5",
    "MS3_6": "F8",
    "MS3_7": "F8",
    "MS3_8": "F4",
    "MS3_9": "F4",
    "MS3_10": "F4",
    "MS4_1": "F6",
    "MS4_2": "F6",
    "MS4_3": "F6",
    "MS4_4": "F6",
    "MS4_5": "F2",
    "MS4_6": "F7",
    "MS4_7": "F7",
    "MS4_8": "F2",
    "MS4_9": "F10",
    "MS4_10": "F2"
  },
  "sensor": {
    "S1": "F5",
    "S2": "F2",
    "S3": "F4",
    "S4": "F6"
  },
  "fog": {
    "F1": {
      "rho": 0.6668277572944491,
      "capacity": 1.0,
      "tserv": 2.222759190981497,
      "stddev": 2.70209148679795,
      "mu": 0.4498912900944672,
      "cv": 1.2156474249488067,
      "lambda": 0.3,
      "twait": 5.511544145172593
    },
    "F2": {
      "rho": 0.5866471918076301,
      "capacity": 1.0,
      "tserv": 0.3008447137475027,
      "stddev": 0.3612490881815971,
      "mu": 3.323973978280683,
      "cv": 1.2007825687932527,
      "lambda": 1.9499999999999995,
      "twait": 0.5213058435640826
    },
    "F3": {
      "rho": 0.6198471503666723,
      "capacity": 1.0,
      "tserv": 2.0661571678889077,
      "stddev": 2.103687477701651,
      "mu": 0.4839902866739553,
      "cv": 1.018164305405232,
      "lambda": 0.3,
      "twait": 3.430662082887306
    },
    "F4": {
      "rho": 0.5675268124731567,
      "capacity": 1.0,
      "tserv": 0.7567024166308757,
      "stddev": 1.032589797673691,
      "mu": 1.3215234655287305,
      "cv": 1.3645916478913467,
      "lambda": 0.75,
      "twait": 1.4210478402430553
    },
    "F5": {
      "rho": 0.59465626169539,
      "capacity": 1.0,
      "tserv": 1.9821875389846333,
      "stddev": 1.9823496892769832,
      "mu": 0.5044931321242416,
      "cv": 1.0000818037088623,
      "lambda": 0.3,
      "twait": 2.908190131350968
    },
    "F6": {
      "rho": 0.5577042306638277,
      "capacity": 1.0,
      "tserv": 0.9295070511063795,
      "stddev": 1.4069562508453488,
      "mu": 1.0758390684715233,
      "cv": 1.513658502289647,
      "lambda": 0.6,
      "twait": 1.9286930468159418
    },
    "F7": {
      "rho": 0.5471638936117745,
      "capacity": 1.0,
      "tserv": 1.8238796453725818,
      "stddev": 1.8446496057076582,
      "mu": 0.5482817918041517,
      "cv": 1.0113877910682167,
      "lambda": 0.3,
      "twait": 2.2290412691405495
    },
    "F8": {
      "rho": 0.5639033265218667,
      "capacity": 1.0,
      "tserv": 0.7518711020291556,
      "stddev": 1.0031142984914698,
      "mu": 1.330015207794517,
      "cv": 1.3341572721497834,
      "lambda": 0.75,
      "twait": 1.351376207513686
    },
    "F9": {
      "rho": 0.669173652534206,
      "capacity": 1.0,
      "tserv": 2.230578841780687,
      "stddev": 2.4078954109925403,
      "mu": 0.44831412423947004,
      "cv": 1.0794935224393594,
      "lambda": 0.3,
      "twait": 4.884787304067067
    },
    "F10": {
      "rho": 0.6265497230310266,
      "capacity": 1.0,
      "tserv": 1.3923327178467262,
      "stddev": 1.4552624478290184,
      "mu": 0.7182191348247009,
      "cv": 1.0451973362226339,
      "lambda": 0.44999999999999996,
      "twait": 2.4439272745714744
    }
  },
  "extra": {
    "deltatime": 2.7444336,
    "conv": 31,
    "obj_func": 32.86437361150415
  },
  "network": [
    [
      0.0,
      0.7796662398572791,
      1.0202844000794955,
      1.1884754877499109,
      1.2414094011652486,
      0.7992378622330908,
      1.0987903953590434,
      0.686994808888196,
      1.1825975303935574,
      1.1825975303935574
    ],
    [
      0.7796662398572791,
      0.0,
      1.2832324493887344,
      1.2249880487400664,
      1.2260547854579942,
      0.8594440496126019,
      0.8645283613068462,
      1.1825975303935574,
      1.012122337903077,
      1.012122337903077
    ],
    [
      1.0202844000794955,
      1.2832324493887344,
      0.0,
      0.6326670588857665,
      0.6823611684513663,
      0.9559861387261549,
      0.686994808888196,
      1.012122337903077,
      1.1228415620595478,
      1.1228415620595478
    ],
    [
      1.1884754877499109,
      1.2249880487400664,
      0.6326670588857665,
      0.0,
      1.17078967096942,
      1.0987903953590434,
      1.1825975303935574,
      1.1228415620595478,
      1.0158544879425042,
      1.0158544879425042
    ],
    [
      1.2414094011652486,
      1.2260547854579942,
      0.6823611684513663,
      1.17078967096942,
      0.0,
      0.8645283613068462,
      1.012122337903077,
      1.0158544879425042,
      1.3190231267763495,
      1.3190231267763495
    ],
    [
      0.7992378622330908,
      0.8594440496126019,
      0.9559861387261549,
      1.0987903953590434,
      0.8645283613068462,
      0.0,
      1.1228415620595478,
      1.3190231267763495,
      1.2261091959165515,
      1.2261091959165515
    ],
    [
      1.0987903953590434,
      0.8645283613068462,
      0.686994808888196,
      1.1825975303935574,
      1.012122337903077,
      1.1228415620595478,
      0.0,
      1.2261091959165515,
      1.0738783312131104,
      1.0738783312131104
    ],
    [
      0.686994808888196,
      1.1825975303935574,
      1.012122337903077,
      1.1228415620595478,
      1.0158544879425042,
      1.3190231267763495,
      1.2261091959165515,
      0.0,
      0.9121473888285195,
      0.9121473888285195
    ],
    [
      1.1825975303935574,
      1.012122337903077,
      1.1228415620595478,
      1.0158544879425042,
      1.3190231267763495,
      1.2261091959165515,
      1.0738783312131104,
      0.9121473888285195,
      0.0,
      0.9554497008263375
    ],
    [
      1.1825975303935574,
      1.012122337903077,
      1.1228415620595478,
      1.0158544879425042,
      1.3190231267763495,
      1.2261091959165515,
      1.0738783312131104,
      0.9121473888285195,
      0.9554497008263375,
      0.0
    ]
  ]
}