{
  "servicechain": {
    "SC1": {
      "resptime": 36.0929660746262,
      "resptime_old": 26.092966074626194,
      "waittime": 21.36286694697664,
      "servicetime": 10.0,
      "networktime": 4.730099127649554,
      "services": {
        "MS1_1": {
          "meanserv": 0.020793344788397894,
          "stddevserv": 0.020793344788397894,
          "rate": 48.092310793498314,
          "cv": 1.0,
          "lambda": 0.15
        },
        "MS1_2": {
          "meanserv": 0.15789977811634492,
          "stddevserv": 0.15789977811634492,
          "rate": 6.333131128678169,
          "cv": 1.0,
          "lambda": 0.15
        },
        "MS1_3": {
          "meanserv": 1.9424441322517585,
          "stddevserv": 1.9424441322517585,
          "rate": 0.514815321272978,
          "cv": 1.0,
          "lambda": 0.15
        },
        "MS1_4": {
          "meanserv": 0.05225927354524185,
          "stddevserv": 0.05225927354524185,
          "rate": 19.135359758383956,
          "cv": 1.0,
          "lambda": 0.15
        },
        "MS1_5": {
          "meanserv": 0.04076248894356871,
          "stddevserv": 0.04076248894356871,
          "rate": 24.53235869341523,
          "cv": 1.0,
          "lambda": 0.15
        },
        "MS1_6": {
          "meanserv": 0.10188071813555277,
          "stddevserv": 0.10188071813555277,
          "rate": 9.815399992268363,
          "cv": 1.0,
          "lambda": 0.15
        },
        "MS1_7": {
          "meanserv": 2.5014234483213995,
          "stddevserv": 2.5014234483213995,
          "rate": 0.39977237787191056,
          "cv": 1.0,
          "lambda": 0.15
        },
        "MS1_8": {
          "meanserv": 0.034550491274519146,
          "stddevserv": 0.034550491274519146,
          "rate": 28.943148508498812,
          "cv": 1.0,
          "lambda": 0.15
        },
        "MS1_9": {
          "meanserv": 1.8456077506836746,
          "stddevserv": 1.8456077506836746,
          "rate": 0.5418269400036745,
          "cv": 1.0,
          "lambda": 0.15
        },
        "MS1_10": {
          "meanserv": 0.1083184300877118,
          "stddevserv": 0.1083184300877118,
          "rate": 9.232039267835042,
          "cv": 1.0,
          "lambda": 0.15
        },
        "MS1_11": {
          "meanserv": 1.0223671773970384,
          "stddevserv": 1.0223671773970384,
          "rate": 0.9781221679534102,
          "cv": 1.0,
          "lambda": 0.15
        },
        "MS1_12": {
          "meanserv": 0.3882478063478292,
          "stddevserv": 0.3882478063478292,
          "rate": 2.575674565702775,
          "cv": 1.0,
          "lambda": 0.15
        },
        "MS1_13": {
          "meanserv": 0.15771608565734851,
          "stddevserv": 0.15771608565734851,
          "rate": 6.340507347947908,
          "cv": 1.0,
          "lambda": 0.15
        },
        "MS1_14": {
          "meanserv": 0.12635028864668207,
          "stddevserv": 0.12635028864668207,
          "rate": 7.914505069286676,
          "cv": 1.0,
          "lambda": 0.15
        },
        "MS1_15": {
          "meanserv": 1.4993787858029322,
          "stddevserv": 1.4993787858029322,
          "rate": 0.6669428762555755,
          "cv": 1.0,
          "lambda": 0.15
        }
      },
      "sensors": [
        "S1"
      ],
      "sources": [
        {
          "startTime": 0,
          "stopTime": -1,
          "lambda": 0.15
        }
      ]
    },
    "SC2": {
      "resptime": 28.883704783853922,
      "resptime_old": 18.883704783853926,
      "waittime": 15.141819110725928,
      "servicetime": 10.0,
      "networktime": 3.741885673127995,
      "services": {
        "MS2_1": {
          "meanserv": 0.7469957814415884,
          "stddevserv": 0.7469957814415884,
          "rate": 1.3386956457373185,
          "cv": 1.0,
          "lambda": 0.15
        },
        "MS2_2": {
          "meanserv": 0.6307116842275318,
          "stddevserv": 0.6307116842275318,
          "rate": 1.5855105034636492,
          "cv": 1.0,
          "lambda": 0.15
        },
        "MS2_3": {
          "meanserv": 0.5785608276654586,
          "stddevserv": 0.5785608276654586,
          "rate": 1.7284267309196921,
          "cv": 1.0,
          "lambda": 0.15
        },
        "MS2_4": {
          "meanserv": 0.3351958512219919,
          "stddevserv": 0.3351958512219919,
          "rate": 2.983330480834993,
          "cv": 1.0,
          "lambda": 0.15
        },
        "MS2_5": {
          "meanserv": 0.18381623831005278,
          "stddevserv": 0.18381623831005278,
          "rate": 5.440215778506173,
          "cv": 1.0,
          "lambda": 0.15
        },
        "MS2_6": {
          "meanserv": 0.2923861087398607,
          "stddevserv": 0.2923861087398607,
          "rate": 3.4201351230735506,
          "cv": 1.0,
          "lambda": 0.15
        },
        "MS2_7": {
          "meanserv": 0.974696979332371,
          "stddevserv": 0.974696979332371,
          "rate": 1.0259598841528785,
          "cv": 1.0,
          "lambda": 0.15
        },
        "MS2_8": {
          "meanserv": 0.3469228966968423,
          "stddevserv": 0.3469228966968423,
          "rate": 2.8824848677366126,
          "cv": 1.0,
          "lambda": 0.15
        },
        "MS2_9": {
          "meanserv": 2.083088432081996,
          "stddevserv": 2.083088432081996,
          "rate": 0.4800564318820226,
          "cv": 1.0,
          "lambda": 0.15
        },
        "MS2_10": {
          "meanserv": 0.6320222002885547,
          "stddevserv": 0.6320222002885547,
          "rate": 1.5822229022072993,
          "cv": 1.0,
          "lambda": 0.15
        },
        "MS2_11": {
          "meanserv": 0.40437360847021786,
          "stddevserv": 0.40437360847021786,
          "rate": 2.472960596471889,
          "cv": 1.0,
          "lambda": 0.15
        },
        "MS2_12": {
          "meanserv": 0.14981453994850025,
          "stddevserv": 0.14981453994850025,
          "rate": 6.674919539476988,
          "cv": 1.0,
          "lambda": 0.15
        },
        "MS2_13": {
          "meanserv": 0.6325699323285239,
          "stddevserv": 0.6325699323285239,
          "rate": 1.580852881070313,
          "cv": 1.0,
          "lambda": 0.15
        },
        "MS2_14": {
          "meanserv": 1.1617824327982316,
          "stddevserv": 1.1617824327982316,
          "rate": 0.860746359876894,
          "cv": 1.0,
          "lambda": 0.15
        },
        "MS2_15": {
          "meanserv": 0.8470624864482783,
          "stddevserv": 0.8470624864482783,
          "rate": 1.1805504505257771,
          "cv": 1.0,
          "lambda": 0.15
        }
      },
      "sensors": [
        "S2"
      ],
      "sources": [
        {
          "startTime": 0,
          "stopTime": -1,
          "lambda": 0.15
        }
      ]
    },
    "SC3": {
      "resptime": 38.75727929173325,
      "resptime_old": 28.757279291733248,
      "waittime": 23.459672066248643,
      "servicetime": 10.0,
      "networktime": 5.2976072254846045,
      "services": {
        "MS3_1": {
          "meanserv": 0.05107711371826751,
          "stddevserv": 0.05107711371826751,
          "rate": 19.578240178484368,
          "cv": 1.0,
          "lambda": 0.15
        },
        "MS3_2": {
          "meanserv": 0.0030393124866512355,
          "stddevserv": 0.0030393124866512355,
          "rate": 329.0217785739486,
          "cv": 1.0,
          "lambda": 0.15
        },
        "MS3_3": {
          "meanserv": 0.7276265551828498,
          "stddevserv": 0.7276265551828498,
          "rate": 1.3743313694051529,
          "cv": 1.0,
          "lambda": 0.15
        },
        "MS3_4": {
          "meanserv": 0.06258019133398518,
          "stddevserv": 0.06258019133398518,
          "rate": 15.979497324689929,
          "cv": 1.0,
          "lambda": 0.15
        },
        "MS3_5": {
          "meanserv": 0.3616891697547686,
          "stddevserv": 0.3616891697547686,
          "rate": 2.764804930924575,
          "cv": 1.0,
          "lambda": 0.15
        },
        "MS3_6": {
          "meanserv": 0.42471876856600144,
          "stddevserv": 0.42471876856600144,
          "rate": 2.3544991980842958,
          "cv": 1.0,
          "lambda": 0.15
        },
        "MS3_7": {
          "meanserv": 0.38098270719720406,
          "stddevserv": 0.38098270719720406,
          "rate": 2.6247910498530334,
          "cv": 1.0,
          "lambda": 0.15
        },
        "MS3_8": {
          "meanserv": 1.1748609198201505,
          "stddevserv": 1.1748609198201505,
          "rate": 0.8511645788278339,
          "cv": 1.0,
          "lambda": 0.15
        },
        "MS3_9": {
          "meanserv": 1.5537839227955796,
          "stddevserv": 1.5537839227955796,
          "rate": 0.643590132018352,
          "cv": 1.0,
          "lambda": 0.15
        },
        "MS3_10": {
          "meanserv": 0.9608110065924098,
          "stddevserv": 0.9608110065924098,
          "rate": 1.040787410987908,
          "cv": 1.0,
          "lambda": 0.15
        },
        "MS3_11": {
          "meanserv": 2.267410031270634,
          "stddevserv": 2.267410031270634,
          "rate": 0.44103183200596935,
          "cv": 1.0,
          "lambda": 0.15
        },
        "MS3_12": {
          "meanserv": 0.05670603251499351,
          "stddevserv": 0.05670603251499351,
          "rate": 17.634808073296124,
          "cv": 1.0,
          "lambda": 0.15
        },
        "MS3_13": {
          "meanserv": 0.6385075374878522,
          "stddevserv": 0.6385075374878522,
          "rate": 1.5661522241920682,
          "cv": 1.0,
          "lambda": 0.15
        },
        "MS3_14": {
          "meanserv": 0.4313282929017479,
          "stddevserv": 0.4313282929017479,
          "rate": 2.318419673498649,
          "cv": 1.0,
          "lambda": 0.15
        },
        "MS3_15": {
          "meanserv": 0.9048784383769046,
          "stddevserv": 0.9048784383769046,
          "rate": 1.1051208179893384,
          "cv": 1.0,
          "lambda": 0.15
        }
      },
      "sensors": [
        "S3"
      ],
      "sources": [
        {
          "startTime": 0,
          "stopTime": -1,
          "lambda": 0.15
        }
      ]
    },
    "SC4": {
      "resptime": 35.03522749245337,
      "resptime_old": 25.03522749245338,
      "waittime": 20.988842393028087,
      "servicetime": 10.0,
      "networktime": 4.04638509942529,
      "services": {
        "MS4_1": {
          "meanserv": 0.33344417719277986,
          "stddevserv": 0.33344417719277986,
          "rate": 2.9990027368864585,
          "cv": 1.0,
          "lambda": 0.15
        },
        "MS4_2": {
          "meanserv": 0.15441608050577926,
          "stddevserv": 0.15441608050577926,
          "rate": 6.476009472100112,
          "cv": 1.0,
          "lambda": 0.15
        },
        "MS4_3": {
          "meanserv": 0.31197295014850024,
          "stddevserv": 0.31197295014850024,
          "rate": 3.205406108202639,
          "cv": 1.0,
          "lambda": 0.15
        },
        "MS4_4": {
          "meanserv": 0.03686739531070016,
          "stddevserv": 0.03686739531070016,
          "rate": 27.12423786851485,
          "cv": 1.0,
          "lambda": 0.15
        },
        "MS4_5": {
          "meanserv": 0.539334423549882,
          "stddevserv": 0.539334423549882,
          "rate": 1.8541371667286353,
          "cv": 1.0,
          "lambda": 0.15
        },
        "MS4_6": {
          "meanserv": 0.38732127383651616,
          "stddevserv": 0.38732127383651616,
          "rate": 2.5818359784236597,
          "cv": 1.0,
          "lambda": 0.15
        },
        "MS4_7": {
          "meanserv": 1.26490470052666,
          "stddevserv": 1.26490470052666,
          "rate": 0.7905733922750359,
          "cv": 1.0,
          "lambda": 0.15
        },
        "MS4_8": {
          "meanserv": 0.6701904688182561,
          "stddevserv": 0.6701904688182561,
          "rate": 1.4921131327983457,
          "cv": 1.0,
          "lambda": 0.15
        },
        "MS4_9": {
          "meanserv": 1.9212270547823334,
          "stddevserv": 1.9212270547823334,
          "rate": 0.5205006860125108,
          "cv": 1.0,
          "lambda": 0.15
        },
        "MS4_10": {
          "meanserv": 0.6192727491682515,
          "stddevserv": 0.6192727491682515,
          "rate": 1.6147973592300087,
          "cv": 1.0,
          "lambda": 0.15
        },
        "MS4_11": {
          "meanserv": 0.1629843758112388,
          "stddevserv": 0.1629843758112388,
          "rate": 6.135557442378127,
          "cv": 1.0,
          "lambda": 0.15
        },
        "MS4_12": {
          "meanserv": 0.1341131575576986,
          "stddevserv": 0.1341131575576986,
          "rate": 7.456389948687748,
          "cv": 1.0,
          "lambda": 0.15
        },
        "MS4_13": {
          "meanserv": 1.1304596376625247,
          "stddevserv": 1.1304596376625247,
          "rate": 0.8845959348603735,
          "cv": 1.0,
          "lambda": 0.15
        },
        "MS4_14": {
          "meanserv": 2.2103854590355416,
          "stddevserv": 2.2103854590355416,
          "rate": 0.45240978034497675,
          "cv": 1.0,
          "lambda": 0.15
        },
        "MS4_15": {
          "meanserv": 0.12310609609333767,
          "stddevserv": 0.12310609609333767,
          "rate": 8.12307458147167,
          "cv": 1.0,
          "lambda": 0.15
        }
      },
      "sensors": [
        "S4"
      ],
      "sources": [
        {
          "startTime": 0,
          "stopTime": -1,
          "lambda": 0.15
        }
      ]
    }
  },
  "microservice": {
    "MS1_1": "F5",
    "MS1_2": "F5",
    "MS1_3": "F8",
    "MS1_4": "F9",
    "MS1_5": "F9",
    "MS1_6": "F9",
    "MS1_7": "F2",
    "MS1_8": "F9",
    "MS1_9": "F2",
    "MS1_10": "F5",
    "MS1_11": "F5",
    "MS1_12": "F4",
    "MS1_13": "F4",
    "MS1_14": "F4",
    "MS1_15": "F8",
    "MS2_1": "F3",
    "MS2_2": "F3",
    "MS2_3": "F9",
    "MS2_4": "F9",
    "MS2_5": "F9",
    "MS2_6": "F9",
    "MS2_7": "F5",
    "MS2_8": "F5",
    "MS2_9": "F1",
    "MS2_10": "F3",
    "MS2_11": "F4",
    "MS2_12": "F4",
    "MS2_13": "F4",
    "MS2_14": "F4",
    "MS2_15": "F4",
    "MS3_1": "F9",
    "MS3_2": "F9",
    "MS3_3": "F1",
    "MS3_4": "F1",
    "MS3_5": "F1",
    "MS3_6": "F1",
    "MS3_7": "F8",
    "MS3_8": "F3",
    "MS3_9": "F6",
    "MS3_10": "F3",
    "MS3_11": "F10",
    "MS3_12": "F9",
    "MS3_13": "F9",
    "MS3_14": "F5",
    "MS3_15": "F7",
    "MS4_1": "F5",
    "MS4_2": "F5",
    "MS4_3": "F9",
    "MS4_4": "F9",
    "MS4_5": "F9",
    "MS4_6": "F9",
    "MS4_7": "F6",
    "MS4_8": "F6",
    "MS4_9": "F10",
    "MS4_10": "F6",
    "MS4_11": "F9",
    "MS4_12": "F9",
    "MS4_13": "F7",
    "MS4_14": "F7",
    "MS4_15": "F5"
  },
  "sensor": {
    "S1": "F5",
    "S2": "F3",
    "S3": "F9",
    "S4": "F5"
  },
  "fog": {
    "F1": {
      "rho": 0.5489554675379402,
      "capacity": 1.0,
      "tserv": 0.7319406233839203,
      "stddev": 1.2400768520570808,
      "mu": 1.3662310412240586,
      "cv": 1.6942314887837986,
      "lambda": 0.75,
      "twait": 1.7239381529432396
    },
    "F2": {
      "rho": 0.652054679850761,
      "capacity": 1.0,
      "tserv": 2.173515599502537,
      "stddev": 2.2224349655085303,
      "mu": 0.46008411452343606,
      "cv": 1.0225070231919153,
      "lambda": 0.3,
      "twait": 4.165907691925992
    },
    "F3": {
      "rho": 0.6218102388555352,
      "capacity": 1.0,
      "tserv": 0.829080318474047,
      "stddev": 0.8809704927811025,
      "mu": 1.206155758033838,
      "cv": 1.0625876325258345,
      "lambda": 0.75,
      "twait": 1.4511397458281892
    },
    "F4": {
      "rho": 0.5801875770968417,
      "capacity": 1.0,
      "tserv": 0.4834896475807014,
      "stddev": 0.6909932287980597,
      "mu": 2.068296611941594,
      "cv": 1.4291789539976096,
      "lambda": 1.2,
      "twait": 1.0165023845326437
    },
    "F5": {
      "rho": 0.5509939879668526,
      "capacity": 1.0,
      "tserv": 0.36732932531123513,
      "stddev": 0.6023780067053728,
      "mu": 2.7223527529491642,
      "cv": 1.6398854248704016,
      "lambda": 1.4999999999999998,
      "twait": 0.8314868000462259
    },
    "F6": {
      "rho": 0.616222776196312,
      "capacity": 1.0,
      "tserv": 1.0270379603271869,
      "stddev": 1.1698864129913726,
      "mu": 0.9736738452018139,
      "cv": 1.139087802186667,
      "lambda": 0.6,
      "twait": 1.8944124671357534
    },
    "F7": {
      "rho": 0.6368585302612457,
      "capacity": 1.0,
      "tserv": 1.415241178358324,
      "stddev": 1.6285344063006855,
      "mu": 0.7065933462733167,
      "cv": 1.1507115756692303,
      "lambda": 0.44999999999999996,
      "twait": 2.8842263029732815
    },
    "F8": {
      "rho": 0.5734208437877841,
      "capacity": 1.0,
      "tserv": 1.2742685417506314,
      "stddev": 1.5770718222231883,
      "mu": 0.7847639388681507,
      "cv": 1.237629095085841,
      "lambda": 0.44999999999999996,
      "twait": 2.1683105058996857
    },
    "F9": {
      "rho": 0.591200335538782,
      "capacity": 1.0,
      "tserv": 0.218963087236586,
      "stddev": 0.35722557199720706,
      "mu": 4.566979816646065,
      "cv": 1.6314419773010906,
      "lambda": 2.6999999999999993,
      "twait": 0.5797440493856132
    },
    "F10": {
      "rho": 0.6282955629079451,
      "capacity": 1.0,
      "tserv": 2.0943185430264837,
      "stddev": 2.10857570086296,
      "mu": 0.4774822833564314,
      "cv": 1.006807540277934,
      "lambda": 0.3,
      "twait": 3.5642276892219082
    }
  },
  "extra": {
    "conv_gen": 362,
    "max_gen": 600,
    "population": 600,
    "deltatime": 85.3495456,
    "obj_func": 34.69229441066668
  },
  "network": [
    [
      0.0,
      0.7501383326788057,
      0.7815942794259035,
      0.7555450642969895,
      0.8053945721889961,
      0.790062746296423,
      0.8649355692944869,
      0.46874244281603705,
      0.5658743836544068,
      0.5658743836544068
    ],
    [
      0.7501383326788057,
      0.0,
      0.44818467845005433,
      0.8279309650135879,
      0.6230473983542993,
      0.3794445536382771,
      0.621121602145989,
      0.5658743836544068,
      0.5142689825527675,
      0.5142689825527675
    ],
    [
      0.7815942794259035,
      0.44818467845005433,
      0.0,
      0.785733586455281,
      0.7203118701558516,
      0.5883071649259014,
      0.46874244281603705,
      0.5142689825527675,
      0.6027361791234856,
      0.6027361791234856
    ],
    [
      0.7555450642969895,
      0.8279309650135879,
      0.785733586455281,
      0.0,
      0.4364541342365827,
      0.8649355692944869,
      0.5658743836544068,
      0.6027361791234856,
      0.8612559224207785,
      0.8612559224207785
    ],
    [
      0.8053945721889961,
      0.6230473983542993,
      0.7203118701558516,
      0.4364541342365827,
      0.0,
      0.621121602145989,
      0.5142689825527675,
      0.8612559224207785,
      0.7664270559343288,
      0.7664270559343288
    ],
    [
      0.790062746296423,
      0.3794445536382771,
      0.5883071649259014,
      0.8649355692944869,
      0.621121602145989,
      0.0,
      0.6027361791234856,
      0.7664270559343288,
      0.5089676734237321,
      0.5089676734237321
    ],
    [
      0.8649355692944869,
      0.621121602145989,
      0.46874244281603705,
      0.5658743836544068,
      0.5142689825527675,
      0.6027361791234856,
      0.0,
      0.5089676734237321,
      0.7298183672432652,
      0.7298183672432652
    ],
    [
      0.46874244281603705,
      0.5658743836544068,
      0.5142689825527675,
      0.6027361791234856,
      0.8612559224207785,
      0.7664270559343288,
      0.5089676734237321,
      0.0,
      0.663798545856105,
      0.663798545856105
    ],
    [
      0.5658743836544068,
      0.5142689825527675,
      0.6027361791234856,
      0.8612559224207785,
      0.7664270559343288,
      0.5089676734237321,
      0.7298183672432652,
      0.663798545856105,
      0.0,
      0.6886748689990091
    ],
    [
      0.5658743836544068,
      0.5142689825527675,
      0.6027361791234856,
      0.8612559224207785,
      0.7664270559343288,
      0.5089676734237321,
      0.7298183672432652,
      0.663798545856105,
      0.6886748689990091,
      0.0
    ]
  ]
}