{
  "servicechain": {
    "SC1": {
      "resptime": 22.85726593219044,
      "resptime_old": 12.857265932190444,
      "waittime": 9.483623220876208,
      "servicetime": 10.0,
      "networktime": 3.373642711314234,
      "services": {
        "MS1_1": {
          "meanserv": 0.5359348370569716,
          "stddevserv": 0.5359348370569716,
          "rate": 1.8658984840235282,
          "cv": 1.0,
          "lambda": 0.1
        },
        "MS1_2": {
          "meanserv": 1.659370319952165,
          "stddevserv": 1.659370319952165,
          "rate": 0.6026382345014024,
          "cv": 1.0,
          "lambda": 0.1
        },
        "MS1_3": {
          "meanserv": 3.0489528763523692,
          "stddevserv": 3.0489528763523692,
          "rate": 0.3279814547991162,
          "cv": 1.0,
          "lambda": 0.1
        },
        "MS1_4": {
          "meanserv": 2.2622438839138628,
          "stddevserv": 2.2622438839138628,
          "rate": 0.4420389893020376,
          "cv": 1.0,
          "lambda": 0.1
        },
        "MS1_5": {
          "meanserv": 2.4934980827246314,
          "stddevserv": 2.4934980827246314,
          "rate": 0.4010430194144387,
          "cv": 1.0,
          "lambda": 0.1
        }
      },
      "sensors": [
        "S1"
      ],
      "sources": [
        {
          "startTime": 0,
          "stopTime": -1,
          "lambda": 0.1
        }
      ]
    },
    "SC2": {
      "resptime": 22.677259954831207,
      "resptime_old": 12.677259954831207,
      "waittime": 8.786828237975667,
      "servicetime": 10.0,
      "networktime": 3.89043171685554,
      "services": {
        "MS2_1": {
          "meanserv": 3.3576364927885627,
          "stddevserv": 3.3576364927885627,
          "rate": 0.297828547595242,
          "cv": 1.0,
          "lambda": 0.1
        },
        "MS2_2": {
          "meanserv": 2.901476771057244,
          "stddevserv": 2.901476771057244,
          "rate": 0.34465207854675284,
          "cv": 1.0,
          "lambda": 0.1
        },
        "MS2_3": {
          "meanserv": 2.5813146948450747,
          "stddevserv": 2.5813146948450747,
          "rate": 0.38739949142854047,
          "cv": 1.0,
          "lambda": 0.1
        },
        "MS2_4": {
          "meanserv": 0.9227035175434981,
          "stddevserv": 0.9227035175434981,
          "rate": 1.0837717435631842,
          "cv": 1.0,
          "lambda": 0.1
        },
        "MS2_5": {
          "meanserv": 0.2368685237656205,
          "stddevserv": 0.2368685237656205,
          "rate": 4.221751307866857,
          "cv": 1.0,
          "lambda": 0.1
        }
      },
      "sensors": [
        "S2"
      ],
      "sources": [
        {
          "startTime": 0,
          "stopTime": -1,
          "lambda": 0.1
        }
      ]
    },
    "SC3": {
      "resptime": 19.255178540506172,
      "resptime_old": 9.25517854050617,
      "waittime": 5.730394835899752,
      "servicetime": 10.0,
      "networktime": 3.524783704606419,
      "services": {
        "MS3_1": {
          "meanserv": 2.036589945714018,
          "stddevserv": 2.036589945714018,
          "rate": 0.49101685987623056,
          "cv": 1.0,
          "lambda": 0.1
        },
        "MS3_2": {
          "meanserv": 1.2142853631247341,
          "stddevserv": 1.2142853631247341,
          "rate": 0.8235296499223945,
          "cv": 1.0,
          "lambda": 0.1
        },
        "MS3_3": {
          "meanserv": 4.1011561113658335,
          "stddevserv": 4.1011561113658335,
          "rate": 0.24383368319694707,
          "cv": 1.0,
          "lambda": 0.1
        },
        "MS3_4": {
          "meanserv": 1.7368766339125745,
          "stddevserv": 1.7368766339125745,
          "rate": 0.5757461298488139,
          "cv": 1.0,
          "lambda": 0.1
        },
        "MS3_5": {
          "meanserv": 0.9110919458828395,
          "stddevserv": 0.9110919458828395,
          "rate": 1.097584063297815,
          "cv": 1.0,
          "lambda": 0.1
        }
      },
      "sensors": [
        "S3"
      ],
      "sources": [
        {
          "startTime": 0,
          "stopTime": -1,
          "lambda": 0.1
        }
      ]
    },
    "SC4": {
      "resptime": 22.047111721988173,
      "resptime_old": 12.047111721988173,
      "waittime": 8.324294639596133,
      "servicetime": 10.0,
      "networktime": 3.7228170823920417,
      "services": {
        "MS4_1": {
          "meanserv": 2.040526813170771,
          "stddevserv": 2.040526813170771,
          "rate": 0.49006952202019916,
          "cv": 1.0,
          "lambda": 0.1
        },
        "MS4_2": {
          "meanserv": 1.7527806877859278,
          "stddevserv": 1.7527806877859278,
          "rate": 0.5705220322019733,
          "cv": 1.0,
          "lambda": 0.1
        },
        "MS4_3": {
          "meanserv": 5.184116267324981,
          "stddevserv": 5.184116267324981,
          "rate": 0.19289690825472225,
          "cv": 1.0,
          "lambda": 0.1
        },
        "MS4_4": {
          "meanserv": 0.2107770307038752,
          "stddevserv": 0.2107770307038752,
          "rate": 4.7443499733370835,
          "cv": 1.0,
          "lambda": 0.1
        },
        "MS4_5": {
          "meanserv": 0.8117992010144448,
          "stddevserv": 0.8117992010144448,
          "rate": 1.231831712510156,
          "cv": 1.0,
          "lambda": 0.1
        }
      },
      "sensors": [
        "S4"
      ],
      "sources": [
        {
          "startTime": 0,
          "stopTime": -1,
          "lambda": 0.1
        }
      ]
    }
  },
  "microservice": {
    "MS1_1": "F8",
    "MS1_2": "F5",
    "MS1_3": "F5",
    "MS1_4": "F1",
    "MS1_5": "F1",
    "MS2_1": "F7",
    "MS2_2": "F6",
    "MS2_3": "F6",
    "MS2_4": "F2",
    "MS2_5": "F2",
    "MS3_1": "F9",
    "MS3_2": "F9",
    "MS3_3": "F4",
    "MS3_4": "F8",
    "MS3_5": "F8",
    "MS4_1": "F3",
    "MS4_2": "F3",
    "MS4_3": "F10",
    "MS4_4": "F2",
    "MS4_5": "F2"
  },
  "sensor": {
    "S1": "F8",
    "S2": "F7",
    "S3": "F9",
    "S4": "F3"
  },
  "fog": {
    "F1": {
      "rho": 0.4755741966638494,
      "capacity": 1.0,
      "tserv": 2.377870983319247,
      "stddev": 2.3834868712760824,
      "mu": 0.4205442629204843,
      "cv": 1.0023617294614513,
      "lambda": 0.2,
      "twait": 2.16146497879154
    },
    "F2": {
      "rho": 0.21821482730274386,
      "capacity": 1.0,
      "tserv": 0.5455370682568597,
      "stddev": 0.7126401590541691,
      "mu": 1.833056006982759,
      "cv": 1.3063093243713935,
      "lambda": 0.4,
      "twait": 0.20605831813363273
    },
    "F3": {
      "rho": 0.37933075009566986,
      "capacity": 1.0,
      "tserv": 1.8966537504783492,
      "stddev": 1.9075362029436256,
      "mu": 0.5272443637895389,
      "cv": 1.0057377117265245,
      "lambda": 0.2,
      "twait": 1.1658366861028684
    },
    "F4": {
      "rho": 0.41011561113658335,
      "capacity": 1.0,
      "tserv": 4.1011561113658335,
      "stddev": 4.1011561113658335,
      "mu": 0.24383368319694707,
      "cv": 1.0,
      "lambda": 0.1,
      "twait": 2.8513182866562947
    },
    "F5": {
      "rho": 0.47083231963045347,
      "capacity": 1.0,
      "tserv": 2.354161598152267,
      "stddev": 2.5509893513577624,
      "mu": 0.4247796756114276,
      "cv": 1.0836084291579564,
      "lambda": 0.2,
      "twait": 2.2770898427773645
    },
    "F6": {
      "rho": 0.5482791465902319,
      "capacity": 1.0,
      "tserv": 2.7413957329511596,
      "stddev": 2.750727620496996,
      "mu": 0.36477768896338175,
      "cv": 1.0034040643726363,
      "lambda": 0.2,
      "twait": 3.3387329570828617
    },
    "F7": {
      "rho": 0.3357636492788563,
      "capacity": 1.0,
      "tserv": 3.3576364927885627,
      "stddev": 3.3576364927885627,
      "mu": 0.297828547595242,
      "cv": 1.0,
      "lambda": 0.1,
      "twait": 1.6972456875426796
    },
    "F8": {
      "rho": 0.3183903416852386,
      "capacity": 1.0,
      "tserv": 1.0613011389507951,
      "stddev": 1.2765878905760082,
      "mu": 0.9422396370822728,
      "cv": 1.202851710719962,
      "lambda": 0.30000000000000004,
      "twait": 0.6065135777383992
    },
    "F9": {
      "rho": 0.3250875308838752,
      "capacity": 1.0,
      "tserv": 1.625437654419376,
      "stddev": 1.7263081942915148,
      "mu": 0.6152189210586554,
      "cv": 1.0620574647067413,
      "lambda": 0.2,
      "twait": 0.8330246968833293
    },
    "F10": {
      "rho": 0.5184116267324981,
      "capacity": 1.0,
      "tserv": 5.184116267324981,
      "stddev": 5.184116267324982,
      "mu": 0.19289690825472225,
      "cv": 1.0000000000000002,
      "lambda": 0.1,
      "twait": 5.580504631123132
    }
  },
  "extra": {
    "conv_gen": 74,
    "max_gen": 600,
    "population": 600,
    "deltatime": 38.6541966,
    "obj_func": 21.709204037379
  },
  "network": [
    [
      0.0,
      1.7790545655857795,
      2.0612484281300283,
      2.8025604176145973,
      1.7165014021840517,
      1.8374821955107075,
      1.545212502837495,
      2.146703593780843,
      1.6522227100505604,
      1.6522227100505604
    ],
    [
      1.7790545655857795,
      0.0,
      2.266365746359434,
      2.2755542998906417,
      2.1329095277917736,
      2.0227893213793027,
      2.856675102361552,
      1.6522227100505604,
      1.855174686915805,
      1.855174686915805
    ],
    [
      2.0612484281300283,
      2.266365746359434,
      0.0,
      2.63508854845775,
      1.9426510201227607,
      1.6588618941399995,
      2.146703593780843,
      1.855174686915805,
      1.867642395476237,
      1.867642395476237
    ],
    [
      2.8025604176145973,
      2.2755542998906417,
      2.63508854845775,
      0.0,
      1.9923953792449214,
      1.545212502837495,
      1.6522227100505604,
      1.867642395476237,
      1.6571413091301823,
      1.6571413091301823
    ],
    [
      1.7165014021840517,
      2.1329095277917736,
      1.9426510201227607,
      1.9923953792449214,
      0.0,
      2.856675102361552,
      1.855174686915805,
      1.6571413091301823,
      2.692022969444495,
      2.692022969444495
    ],
    [
      1.8374821955107075,
      2.0227893213793027,
      1.6588618941399995,
      1.545212502837495,
      2.856675102361552,
      0.0,
      1.867642395476237,
      2.692022969444495,
      1.744754454313287,
      1.744754454313287
    ],
    [
      1.545212502837495,
      2.856675102361552,
      2.146703593780843,
      1.6522227100505604,
      1.855174686915805,
      1.867642395476237,
      0.0,
      1.744754454313287,
      2.1784354459421342,
      2.1784354459421342
    ],
    [
      2.146703593780843,
      1.6522227100505604,
      1.855174686915805,
      1.867642395476237,
      1.6571413091301823,
      2.692022969444495,
      1.744754454313287,
      0.0,
      1.9437531454569272,
      1.9437531454569272
    ],
    [
      1.6522227100505604,
      1.855174686915805,
      1.867642395476237,
      1.6571413091301823,
      2.692022969444495,
      1.744754454313287,
      2.1784354459421342,
      1.9437531454569272,
      0.0,
      2.185713668432436
    ],
    [
      1.6522227100505604,
      1.855174686915805,
      1.867642395476237,
      1.6571413091301823,
      2.692022969444495,
      1.744754454313287,
      2.1784354459421342,
      1.9437531454569272,
      2.185713668432436,
      0.0
    ]
  ]
}