{
  "servicechain": {
    "SC1": {
      "resptime": 31.797165920907087,
      "resptime_old": 21.797165920907087,
      "waittime": 17.90460563856884,
      "servicetime": 10.0,
      "networktime": 3.8925602823382484,
      "services": {
        "MS1_1": {
          "meanserv": 0.511823650306622,
          "stddevserv": 0.511823650306622,
          "rate": 1.953797952480161,
          "cv": 1.0,
          "lambda": 0.15
        },
        "MS1_2": {
          "meanserv": 0.6336032439959705,
          "stddevserv": 0.6336032439959705,
          "rate": 1.578274747605869,
          "cv": 1.0,
          "lambda": 0.15
        },
        "MS1_3": {
          "meanserv": 1.4954062640295094,
          "stddevserv": 1.4954062640295094,
          "rate": 0.668714598871218,
          "cv": 1.0,
          "lambda": 0.15
        },
        "MS1_4": {
          "meanserv": 0.12613837168722153,
          "stddevserv": 0.12613837168722153,
          "rate": 7.927801719841807,
          "cv": 1.0,
          "lambda": 0.15
        },
        "MS1_5": {
          "meanserv": 0.6915890738637818,
          "stddevserv": 0.6915890738637818,
          "rate": 1.4459453420991497,
          "cv": 1.0,
          "lambda": 0.15
        },
        "MS1_6": {
          "meanserv": 0.8804507473892733,
          "stddevserv": 0.8804507473892733,
          "rate": 1.135781874187984,
          "cv": 1.0,
          "lambda": 0.15
        },
        "MS1_7": {
          "meanserv": 0.3556957587025451,
          "stddevserv": 0.3556957587025451,
          "rate": 2.8113914083419314,
          "cv": 1.0,
          "lambda": 0.15
        },
        "MS1_8": {
          "meanserv": 0.9467718539033356,
          "stddevserv": 0.9467718539033356,
          "rate": 1.056220668028117,
          "cv": 1.0,
          "lambda": 0.15
        },
        "MS1_9": {
          "meanserv": 0.6360813661026947,
          "stddevserv": 0.6360813661026947,
          "rate": 1.572125915473762,
          "cv": 1.0,
          "lambda": 0.15
        },
        "MS1_10": {
          "meanserv": 1.876377066756147,
          "stddevserv": 1.876377066756147,
          "rate": 0.5329419218114754,
          "cv": 1.0,
          "lambda": 0.15
        },
        "MS1_11": {
          "meanserv": 1.6600295915423064,
          "stddevserv": 1.6600295915423064,
          "rate": 0.602398900052689,
          "cv": 1.0,
          "lambda": 0.15
        },
        "MS1_12": {
          "meanserv": 0.1860330117205926,
          "stddevserv": 0.1860330117205926,
          "rate": 5.375390049062495,
          "cv": 1.0,
          "lambda": 0.15
        }
      },
      "sensors": [
        "S1"
      ],
      "sources": [
        {
          "startTime": 0,
          "stopTime": -1,
          "lambda": 0.15
        }
      ]
    },
    "SC2": {
      "resptime": 35.585556720426425,
      "resptime_old": 25.585556720426418,
      "waittime": 18.365588904079335,
      "servicetime": 10.0,
      "networktime": 7.219967816347086,
      "services": {
        "MS2_1": {
          "meanserv": 1.9684630436153128,
          "stddevserv": 1.9684630436153128,
          "rate": 0.5080105533316912,
          "cv": 1.0,
          "lambda": 0.15
        },
        "MS2_2": {
          "meanserv": 0.33497298540856346,
          "stddevserv": 0.33497298540856346,
          "rate": 2.9853153644026227,
          "cv": 1.0,
          "lambda": 0.15
        },
        "MS2_3": {
          "meanserv": 0.6195080034302825,
          "stddevserv": 0.6195080034302825,
          "rate": 1.6141841501044256,
          "cv": 1.0,
          "lambda": 0.15
        },
        "MS2_4": {
          "meanserv": 0.07683263948000452,
          "stddevserv": 0.07683263948000452,
          "rate": 13.015301918141798,
          "cv": 1.0,
          "lambda": 0.15
        },
        "MS2_5": {
          "meanserv": 2.0320211018235943,
          "stddevserv": 2.0320211018235943,
          "rate": 0.4921208736969174,
          "cv": 1.0,
          "lambda": 0.15
        },
        "MS2_6": {
          "meanserv": 1.4449111702099877,
          "stddevserv": 1.4449111702099877,
          "rate": 0.6920840676002739,
          "cv": 1.0,
          "lambda": 0.15
        },
        "MS2_7": {
          "meanserv": 1.3552835751459353,
          "stddevserv": 1.3552835751459353,
          "rate": 0.737852961799763,
          "cv": 1.0,
          "lambda": 0.15
        },
        "MS2_8": {
          "meanserv": 0.019543012771332968,
          "stddevserv": 0.019543012771332968,
          "rate": 51.16918316027857,
          "cv": 1.0,
          "lambda": 0.15
        },
        "MS2_9": {
          "meanserv": 0.9552239787888288,
          "stddevserv": 0.9552239787888288,
          "rate": 1.046874892386961,
          "cv": 1.0,
          "lambda": 0.15
        },
        "MS2_10": {
          "meanserv": 0.20963230032235813,
          "stddevserv": 0.20963230032235813,
          "rate": 4.770257247868142,
          "cv": 1.0,
          "lambda": 0.15
        },
        "MS2_11": {
          "meanserv": 0.9495156512049512,
          "stddevserv": 0.9495156512049512,
          "rate": 1.053168527270702,
          "cv": 1.0,
          "lambda": 0.15
        },
        "MS2_12": {
          "meanserv": 0.034092537798848355,
          "stddevserv": 0.034092537798848355,
          "rate": 29.33193198758527,
          "cv": 1.0,
          "lambda": 0.15
        }
      },
      "sensors": [
        "S2"
      ],
      "sources": [
        {
          "startTime": 0,
          "stopTime": -1,
          "lambda": 0.15
        }
      ]
    },
    "SC3": {
      "resptime": 39.00495259155503,
      "resptime_old": 29.004952591555035,
      "waittime": 22.516255606978177,
      "servicetime": 10.0,
      "networktime": 6.4886969845768565,
      "services": {
        "MS3_1": {
          "meanserv": 0.18335215180612763,
          "stddevserv": 0.18335215180612763,
          "rate": 5.453985623563214,
          "cv": 1.0,
          "lambda": 0.15
        },
        "MS3_2": {
          "meanserv": 0.5220352760645419,
          "stddevserv": 0.5220352760645419,
          "rate": 1.9155793599595075,
          "cv": 1.0,
          "lambda": 0.15
        },
        "MS3_3": {
          "meanserv": 0.7303743805458718,
          "stddevserv": 0.7303743805458718,
          "rate": 1.3691608394760695,
          "cv": 1.0,
          "lambda": 0.15
        },
        "MS3_4": {
          "meanserv": 0.8918047050157629,
          "stddevserv": 0.8918047050157629,
          "rate": 1.121321735998606,
          "cv": 1.0,
          "lambda": 0.15
        },
        "MS3_5": {
          "meanserv": 0.5862137641088849,
          "stddevserv": 0.5862137641088849,
          "rate": 1.7058623683463312,
          "cv": 1.0,
          "lambda": 0.15
        },
        "MS3_6": {
          "meanserv": 0.7409244377584012,
          "stddevserv": 0.7409244377584012,
          "rate": 1.3496652951890857,
          "cv": 1.0,
          "lambda": 0.15
        },
        "MS3_7": {
          "meanserv": 0.03593618221179318,
          "stddevserv": 0.03593618221179318,
          "rate": 27.82710734563868,
          "cv": 1.0,
          "lambda": 0.15
        },
        "MS3_8": {
          "meanserv": 1.9880289366959945,
          "stddevserv": 1.9880289366959945,
          "rate": 0.5030107869868083,
          "cv": 1.0,
          "lambda": 0.15
        },
        "MS3_9": {
          "meanserv": 0.2049752944184684,
          "stddevserv": 0.2049752944184684,
          "rate": 4.878636729548707,
          "cv": 1.0,
          "lambda": 0.15
        },
        "MS3_10": {
          "meanserv": 1.0612575531017798,
          "stddevserv": 1.0612575531017798,
          "rate": 0.9422783348653303,
          "cv": 1.0,
          "lambda": 0.15
        },
        "MS3_11": {
          "meanserv": 1.491238459210809,
          "stddevserv": 1.491238459210809,
          "rate": 0.670583563496088,
          "cv": 1.0,
          "lambda": 0.15
        },
        "MS3_12": {
          "meanserv": 1.5638588590615647,
          "stddevserv": 1.5638588590615647,
          "rate": 0.6394438949561451,
          "cv": 1.0,
          "lambda": 0.15
        }
      },
      "sensors": [
        "S3"
      ],
      "sources": [
        {
          "startTime": 0,
          "stopTime": -1,
          "lambda": 0.15
        }
      ]
    },
    "SC4": {
      "resptime": 31.257716468416486,
      "resptime_old": 21.257716468416486,
      "waittime": 16.461079962344712,
      "servicetime": 10.0,
      "networktime": 4.796636506071775,
      "services": {
        "MS4_1": {
          "meanserv": 2.0368040167812183,
          "stddevserv": 2.0368040167812183,
          "rate": 0.49096525328946966,
          "cv": 1.0,
          "lambda": 0.15
        },
        "MS4_2": {
          "meanserv": 0.36983780631647356,
          "stddevserv": 0.36983780631647356,
          "rate": 2.7038879825722604,
          "cv": 1.0,
          "lambda": 0.15
        },
        "MS4_3": {
          "meanserv": 0.1711333877722483,
          "stddevserv": 0.1711333877722483,
          "rate": 5.843395102601739,
          "cv": 1.0,
          "lambda": 0.15
        },
        "MS4_4": {
          "meanserv": 0.11931404122634426,
          "stddevserv": 0.11931404122634426,
          "rate": 8.3812432277183,
          "cv": 1.0,
          "lambda": 0.15
        },
        "MS4_5": {
          "meanserv": 0.2248074402584308,
          "stddevserv": 0.2248074402584308,
          "rate": 4.448251351692074,
          "cv": 1.0,
          "lambda": 0.15
        },
        "MS4_6": {
          "meanserv": 0.06243657427330884,
          "stddevserv": 0.06243657427330884,
          "rate": 16.016253480253678,
          "cv": 1.0,
          "lambda": 0.15
        },
        "MS4_7": {
          "meanserv": 0.13616826090606882,
          "stddevserv": 0.13616826090606882,
          "rate": 7.3438552666088395,
          "cv": 1.0,
          "lambda": 0.15
        },
        "MS4_8": {
          "meanserv": 3.0624124668681487,
          "stddevserv": 3.0624124668681487,
          "rate": 0.32653994549031945,
          "cv": 1.0,
          "lambda": 0.15
        },
        "MS4_9": {
          "meanserv": 0.20702603857354251,
          "stddevserv": 0.20702603857354251,
          "rate": 4.830310268651385,
          "cv": 1.0,
          "lambda": 0.15
        },
        "MS4_10": {
          "meanserv": 0.8857143192413464,
          "stddevserv": 0.8857143192413464,
          "rate": 1.1290322153271095,
          "cv": 1.0,
          "lambda": 0.15
        },
        "MS4_11": {
          "meanserv": 2.564205836234822,
          "stddevserv": 2.564205836234822,
          "rate": 0.3899842929413031,
          "cv": 1.0,
          "lambda": 0.15
        },
        "MS4_12": {
          "meanserv": 0.16013981154804746,
          "stddevserv": 0.16013981154804746,
          "rate": 6.2445433795203735,
          "cv": 1.0,
          "lambda": 0.15
        }
      },
      "sensors": [
        "S4"
      ],
      "sources": [
        {
          "startTime": 0,
          "stopTime": -1,
          "lambda": 0.15
        }
      ]
    }
  },
  "microservice": {
    "MS1_1": "F1",
    "MS1_2": "F1",
    "MS1_3": "F5",
    "MS1_4": "F5",
    "MS1_5": "F5",
    "MS1_6": "F5",
    "MS1_7": "F10",
    "MS1_8": "F7",
    "MS1_9": "F7",
    "MS1_10": "F8",
    "MS1_11": "F8",
    "MS1_12": "F10",
    "MS2_1": "F4",
    "MS2_2": "F10",
    "MS2_3": "F3",
    "MS2_4": "F3",
    "MS2_5": "F3",
    "MS2_6": "F7",
    "MS2_7": "F4",
    "MS2_8": "F10",
    "MS2_9": "F4",
    "MS2_10": "F10",
    "MS2_11": "F3",
    "MS2_12": "F10",
    "MS3_1": "F10",
    "MS3_2": "F10",
    "MS3_3": "F5",
    "MS3_4": "F7",
    "MS3_5": "F9",
    "MS3_6": "F9",
    "MS3_7": "F10",
    "MS3_8": "F6",
    "MS3_9": "F10",
    "MS3_10": "F2",
    "MS3_11": "F1",
    "MS3_12": "F1",
    "MS4_1": "F9",
    "MS4_2": "F10",
    "MS4_3": "F10",
    "MS4_4": "F10",
    "MS4_5": "F10",
    "MS4_6": "F10",
    "MS4_7": "F10",
    "MS4_8": "F2",
    "MS4_9": "F10",
    "MS4_10": "F9",
    "MS4_11": "F6",
    "MS4_12": "F10"
  },
  "sensor": {
    "S1": "F1",
    "S2": "F4",
    "S3": "F10",
    "S4": "F9"
  },
  "fog": {
    "F1": {
      "rho": 0.6300786318862449,
      "capacity": 1.0,
      "tserv": 1.0501310531437416,
      "stddev": 1.2504624615630433,
      "mu": 0.95226209815083,
      "cv": 1.1907680073068752,
      "lambda": 0.6,
      "twait": 2.1624311216337717
    },
    "F2": {
      "rho": 0.6185505029954893,
      "capacity": 1.0,
      "tserv": 2.0618350099849643,
      "stddev": 2.5006947240407698,
      "mu": 0.485004859824983,
      "cv": 1.212849094098468,
      "lambda": 0.3,
      "twait": 4.130810681520241
    },
    "F3": {
      "rho": 0.5516816093908248,
      "capacity": 1.0,
      "tserv": 0.919469348984708,
      "stddev": 1.3655649716323368,
      "mu": 1.087583834201994,
      "cv": 1.485166387699834,
      "lambda": 0.6,
      "twait": 1.8135715368193874
    },
    "F4": {
      "rho": 0.6418455896325115,
      "capacity": 1.0,
      "tserv": 1.4263235325166923,
      "stddev": 1.5432638451620266,
      "mu": 0.7011032049899218,
      "cv": 1.0819872279881675,
      "lambda": 0.44999999999999996,
      "twait": 2.774261455832433
    },
    "F5": {
      "rho": 0.5885938256273486,
      "capacity": 1.0,
      "tserv": 0.7847917675031315,
      "stddev": 0.9998682290947613,
      "mu": 1.2742233563198149,
      "cv": 1.2740554507546762,
      "lambda": 0.75,
      "twait": 1.4726637820495578
    },
    "F6": {
      "rho": 0.6828352159396225,
      "capacity": 1.0,
      "tserv": 2.2761173864654083,
      "stddev": 2.3122932916806223,
      "mu": 0.43934465153087027,
      "cv": 1.015893690470592,
      "lambda": 0.3,
      "twait": 4.978836468987015
    },
    "F7": {
      "rho": 0.5879353642847671,
      "capacity": 1.0,
      "tserv": 0.9798922738079452,
      "stddev": 1.0638803111242043,
      "mu": 1.0205203436434032,
      "cv": 1.0857115007039237,
      "lambda": 0.6,
      "twait": 1.5230840043104212
    },
    "F8": {
      "rho": 0.530460998744768,
      "capacity": 1.0,
      "tserv": 1.768203329149227,
      "stddev": 1.7748087582131518,
      "mu": 0.5655458190326738,
      "cv": 1.0037356727900195,
      "lambda": 0.3,
      "twait": 2.005101532992595
    },
    "F9": {
      "rho": 0.6374484806834776,
      "capacity": 1.0,
      "tserv": 1.0624141344724627,
      "stddev": 1.335707391521405,
      "mu": 0.9412525375488776,
      "cv": 1.2572379716923148,
      "lambda": 0.6,
      "twait": 2.4102820209246683
    },
    "F10": {
      "rho": 0.5305697808149452,
      "capacity": 1.0,
      "tserv": 0.19650732622775757,
      "stddev": 0.26719095775815266,
      "mu": 5.088868792815244,
      "cv": 1.3596997266578792,
      "lambda": 2.6999999999999993,
      "twait": 0.31635859624851487
    }
  },
  "extra": {
    "conv_gen": 536,
    "max_gen": 600,
    "population": 600,
    "deltatime": 70.7281398,
    "obj_func": 34.411347925326254
  },
  "network": [
    [
      0.0,
      0.750778272444588,
      1.0064516831806014,
      0.841437580521143,
      0.5441704451124392,
      0.7572050159174488,
      0.818886107936952,
      0.5992076369150786,
      0.9746371426251728,
      0.9746371426251728
    ],
    [
      0.750778272444588,
      0.0,
      1.0219314283618794,
      0.5528206281626775,
      0.8197217074954908,
      0.9481106814024043,
      0.8658068441007413,
      0.9746371426251728,
      0.8940988246543826,
      0.8940988246543826
    ],
    [
      1.0064516831806014,
      1.0219314283618794,
      0.0,
      0.984228850883483,
      0.8949375142178037,
      0.801995598218277,
      0.5992076369150786,
      0.8940988246543826,
      0.8703944701639448,
      0.8703944701639448
    ],
    [
      0.841437580521143,
      0.5528206281626775,
      0.984228850883483,
      0.0,
      0.8875981384651739,
      0.818886107936952,
      0.9746371426251728,
      0.8703944701639448,
      0.7587349065787501,
      0.7587349065787501
    ],
    [
      0.5441704451124392,
      0.8197217074954908,
      0.8949375142178037,
      0.8875981384651739,
      0.0,
      0.8658068441007413,
      0.8940988246543826,
      0.7587349065787501,
      0.8950883450978531,
      0.8950883450978531
    ],
    [
      0.7572050159174488,
      0.9481106814024043,
      0.801995598218277,
      0.818886107936952,
      0.8658068441007413,
      0.0,
      0.8703944701639448,
      0.8950883450978531,
      0.8350697999113442,
      0.8350697999113442
    ],
    [
      0.818886107936952,
      0.8658068441007413,
      0.5992076369150786,
      0.9746371426251728,
      0.8940988246543826,
      0.8703944701639448,
      0.0,
      0.8350697999113442,
      0.7153434894328009,
      0.7153434894328009
    ],
    [
      0.5992076369150786,
      0.9746371426251728,
      0.8940988246543826,
      0.8703944701639448,
      0.7587349065787501,
      0.8950883450978531,
      0.8350697999113442,
      0.0,
      0.9028882027838109,
      0.9028882027838109
    ],
    [
      0.9746371426251728,
      0.8940988246543826,
      0.8703944701639448,
      0.7587349065787501,
      0.8950883450978531,
      0.8350697999113442,
      0.7153434894328009,
      0.9028882027838109,
      0.0,
      0.6691496284701609
    ],
    [
      0.9746371426251728,
      0.8940988246543826,
      0.8703944701639448,
      0.7587349065787501,
      0.8950883450978531,
      0.8350697999113442,
      0.7153434894328009,
      0.9028882027838109,
      0.6691496284701609,
      0.0
    ]
  ]
}