{
  "servicechain": {
    "SC1": {
      "resptime": 6589.601487021386,
      "resptime_old": 6579.601487021386,
      "waittime": 6575.369757366114,
      "servicetime": 10.0,
      "networktime": 4.231729655272083,
      "services": {
        "MS1_1": {
          "meanserv": 0.2768734730753475,
          "stddevserv": 0.2768734730753475,
          "rate": 3.611758067295465,
          "cv": 1.0,
          "lambda": 0.2
        },
        "MS1_2": {
          "meanserv": 1.25707125821657,
          "stddevserv": 1.25707125821657,
          "rate": 0.7954998521076031,
          "cv": 1.0,
          "lambda": 0.2
        },
        "MS1_3": {
          "meanserv": 0.7453015581034796,
          "stddevserv": 0.7453015581034796,
          "rate": 1.3417387755697638,
          "cv": 1.0,
          "lambda": 0.2
        },
        "MS1_4": {
          "meanserv": 1.991027588878671,
          "stddevserv": 1.991027588878671,
          "rate": 0.502253211148717,
          "cv": 1.0,
          "lambda": 0.2
        },
        "MS1_5": {
          "meanserv": 5.729726121725932,
          "stddevserv": 5.729726121725932,
          "rate": 0.17452841178711975,
          "cv": 1.0,
          "lambda": 0.2
        }
      },
      "sensors": [
        "S1"
      ],
      "sources": [
        {
          "startTime": 0,
          "stopTime": -1,
          "lambda": 0.2
        }
      ]
    },
    "SC2": {
      "resptime": 46.14737206406598,
      "resptime_old": 36.147372064065976,
      "waittime": 31.918925703694455,
      "servicetime": 10.0,
      "networktime": 4.228446360371525,
      "services": {
        "MS2_1": {
          "meanserv": 3.052014791896566,
          "stddevserv": 3.052014791896566,
          "rate": 0.32765240937072443,
          "cv": 1.0,
          "lambda": 0.2
        },
        "MS2_2": {
          "meanserv": 0.11292349786363376,
          "stddevserv": 0.11292349786363376,
          "rate": 8.855552820437767,
          "cv": 1.0,
          "lambda": 0.2
        },
        "MS2_3": {
          "meanserv": 2.41319173961455,
          "stddevserv": 2.41319173961455,
          "rate": 0.41438895367664663,
          "cv": 1.0,
          "lambda": 0.2
        },
        "MS2_4": {
          "meanserv": 0.7531475123867253,
          "stddevserv": 0.7531475123867253,
          "rate": 1.327761140484948,
          "cv": 1.0,
          "lambda": 0.2
        },
        "MS2_5": {
          "meanserv": 3.668722458238525,
          "stddevserv": 3.668722458238525,
          "rate": 0.2725744482944979,
          "cv": 1.0,
          "lambda": 0.2
        }
      },
      "sensors": [
        "S2"
      ],
      "sources": [
        {
          "startTime": 0,
          "stopTime": -1,
          "lambda": 0.2
        }
      ]
    },
    "SC3": {
      "resptime": 48.42433514085428,
      "resptime_old": 38.42433514085428,
      "waittime": 33.21604684412219,
      "servicetime": 10.0,
      "networktime": 5.2082882967320945,
      "services": {
        "MS3_1": {
          "meanserv": 1.84159873061583,
          "stddevserv": 1.84159873061583,
          "rate": 0.5430064559534098,
          "cv": 1.0,
          "lambda": 0.2
        },
        "MS3_2": {
          "meanserv": 0.5374557467647691,
          "stddevserv": 0.5374557467647691,
          "rate": 1.8606183039618234,
          "cv": 1.0,
          "lambda": 0.2
        },
        "MS3_3": {
          "meanserv": 0.65935499666511,
          "stddevserv": 0.65935499666511,
          "rate": 1.5166336875549689,
          "cv": 1.0,
          "lambda": 0.2
        },
        "MS3_4": {
          "meanserv": 4.137666462610076,
          "stddevserv": 4.137666462610076,
          "rate": 0.24168211938697237,
          "cv": 1.0,
          "lambda": 0.2
        },
        "MS3_5": {
          "meanserv": 2.823924063344215,
          "stddevserv": 2.823924063344215,
          "rate": 0.35411717084763106,
          "cv": 1.0,
          "lambda": 0.2
        }
      },
      "sensors": [
        "S3"
      ],
      "sources": [
        {
          "startTime": 0,
          "stopTime": -1,
          "lambda": 0.2
        }
      ]
    },
    "SC4": {
      "resptime": 7392.710825141093,
      "resptime_old": 7382.710825141093,
      "waittime": 7379.2326170888655,
      "servicetime": 10.0,
      "networktime": 3.4782080522270555,
      "services": {
        "MS4_1": {
          "meanserv": 2.8326577754027324,
          "stddevserv": 2.8326577754027324,
          "rate": 0.35302534908503913,
          "cv": 1.0,
          "lambda": 0.2
        },
        "MS4_2": {
          "meanserv": 0.08936137964548063,
          "stddevserv": 0.08936137964548063,
          "rate": 11.190516574019503,
          "cv": 1.0,
          "lambda": 0.2
        },
        "MS4_3": {
          "meanserv": 0.053253073229404535,
          "stddevserv": 0.053253073229404535,
          "rate": 18.778258969058598,
          "cv": 1.0,
          "lambda": 0.2
        },
        "MS4_4": {
          "meanserv": 0.9536997012318951,
          "stddevserv": 0.9536997012318951,
          "rate": 1.0485480898319448,
          "cv": 1.0,
          "lambda": 0.2
        },
        "MS4_5": {
          "meanserv": 6.071028070490487,
          "stddevserv": 6.071028070490487,
          "rate": 0.1647167478702184,
          "cv": 1.0,
          "lambda": 0.2
        }
      },
      "sensors": [
        "S4"
      ],
      "sources": [
        {
          "startTime": 0,
          "stopTime": -1,
          "lambda": 0.2
        }
      ]
    }
  },
  "microservice": {
    "MS1_1": "F10",
    "MS1_2": "F4",
    "MS1_3": "F8",
    "MS1_4": "F8",
    "MS1_5": "F2",
    "MS2_1": "F9",
    "MS2_2": "F9",
    "MS2_3": "F4",
    "MS2_4": "F7",
    "MS2_5": "F5",
    "MS3_1": "F1",
    "MS3_2": "F1",
    "MS3_3": "F8",
    "MS3_4": "F6",
    "MS3_5": "F10",
    "MS4_1": "F7",
    "MS4_2": "F1",
    "MS4_3": "F1",
    "MS4_4": "F1",
    "MS4_5": "F3"
  },
  "sensor": {
    "S1": "F10",
    "S2": "F9",
    "S3": "F1",
    "S4": "F7"
  },
  "fog": {
    "F1": {
      "rho": 0.6950737262974758,
      "capacity": 1.0,
      "tserv": 0.6950737262974758,
      "stddev": 1.1649704404788976,
      "mu": 1.4386963025157171,
      "cv": 1.6760386652570964,
      "lambda": 1.0,
      "twait": 3.0175878087402426
    },
    "F2": {
      "rho": 1.1459452243451864,
      "capacity": 1.0,
      "tserv": 5.729726121725932,
      "stddev": 5.729726121725932,
      "mu": 0.17452841178711975,
      "cv": 1.0,
      "lambda": 0.2,
      "twait": 6559.3863337116945
    },
    "F3": {
      "rho": 1.2142056140980975,
      "capacity": 1.0,
      "tserv": 6.071028070490487,
      "stddev": 6.071028070490487,
      "mu": 0.1647167478702184,
      "cv": 1.0,
      "lambda": 0.2,
      "twait": 7364.104890170146
    },
    "F4": {
      "rho": 0.7340525995662239,
      "capacity": 1.0,
      "tserv": 1.8351314989155598,
      "stddev": 2.008983549476207,
      "mu": 0.5449200782564809,
      "cv": 1.0947354729965575,
      "lambda": 0.4,
      "twait": 5.567809655820795
    },
    "F5": {
      "rho": 0.733744491647705,
      "capacity": 1.0,
      "tserv": 3.668722458238525,
      "stddev": 3.668722458238525,
      "mu": 0.2725744482944979,
      "cv": 1.0,
      "lambda": 0.2,
      "twait": 10.110231753609249
    },
    "F6": {
      "rho": 0.8275332925220152,
      "capacity": 1.0,
      "tserv": 4.137666462610076,
      "stddev": 4.137666462610076,
      "mu": 0.24168211938697237,
      "cv": 1.0,
      "lambda": 0.2,
      "twait": 19.853436070255555
    },
    "F7": {
      "rho": 0.7171610575578915,
      "capacity": 1.0,
      "tserv": 1.7929026438947289,
      "stddev": 2.3187672064006684,
      "mu": 0.5577547690083698,
      "cv": 1.2933034675901878,
      "lambda": 0.4,
      "twait": 6.074963492498783
    },
    "F8": {
      "rho": 0.6791368287294521,
      "capacity": 1.0,
      "tserv": 1.1318947145490867,
      "stddev": 1.4218850906639158,
      "mu": 0.8834743966433047,
      "cv": 1.2561990725704135,
      "lambda": 0.6000000000000001,
      "twait": 3.088178842212611
    },
    "F9": {
      "rho": 0.63298765795204,
      "capacity": 1.0,
      "tserv": 1.5824691448801,
      "stddev": 2.6121518738058938,
      "mu": 0.6319238534510369,
      "cv": 1.650681077894767,
      "lambda": 0.4,
      "twait": 5.082960400882814
    },
    "F10": {
      "rho": 0.6201595072839124,
      "capacity": 1.0,
      "tserv": 1.5503987682097813,
      "stddev": 2.376440551573066,
      "mu": 0.6449953524890134,
      "cv": 1.532793111231055,
      "lambda": 0.4,
      "twait": 4.239256314173535
    }
  },
  "extra": {
    "conv_gen": 3,
    "max_gen": 600,
    "population": 600,
    "deltatime": 38.1537927,
    "obj_func": 3519.2210048418497
  },
  "network": [
    [
      0.0,
      1.8872694361896711,
      1.6578839211420358,
      1.5057646022161413,
      2.082748206975163,
      2.7261905693336637,
      1.8203241310850198,
      1.4606158952920516,
      1.4697112007088815,
      1.4697112007088815
    ],
    [
      1.8872694361896711,
      0.0,
      2.652400265390482,
      1.684430885965656,
      2.364042506937566,
      2.0241086158127275,
      1.6928930464589595,
      1.4697112007088815,
      1.7777934136165496,
      1.7777934136165496
    ],
    [
      1.6578839211420358,
      2.652400265390482,
      0.0,
      1.4431382447901444,
      1.82237851441931,
      2.079602111427619,
      1.4606158952920516,
      1.7777934136165496,
      1.7810767085171075,
      1.7810767085171075
    ],
    [
      1.5057646022161413,
      1.684430885965656,
      1.4431382447901444,
      0.0,
      2.1087602670471015,
      1.8203241310850198,
      1.4697112007088815,
      1.7810767085171075,
      0.9809417460460944,
      0.9809417460460944
    ],
    [
      2.082748206975163,
      2.364042506937566,
      1.82237851441931,
      2.1087602670471015,
      0.0,
      1.6928930464589595,
      1.7777934136165496,
      0.9809417460460944,
      1.5309122653232934,
      1.5309122653232934
    ],
    [
      2.7261905693336637,
      2.0241086158127275,
      2.079602111427619,
      1.8203241310850198,
      1.6928930464589595,
      0.0,
      1.7810767085171075,
      1.5309122653232934,
      2.2167601361167493,
      2.2167601361167493
    ],
    [
      1.8203241310850198,
      1.6928930464589595,
      1.4606158952920516,
      1.4697112007088815,
      1.7777934136165496,
      1.7810767085171075,
      0.0,
      2.2167601361167493,
      1.9374118535683675,
      1.9374118535683675
    ],
    [
      1.4606158952920516,
      1.4697112007088815,
      1.7777934136165496,
      1.7810767085171075,
      0.9809417460460944,
      1.5309122653232934,
      2.2167601361167493,
      0.0,
      2.9045561208951365,
      2.9045561208951365
    ],
    [
      1.4697112007088815,
      1.7777934136165496,
      1.7810767085171075,
      0.9809417460460944,
      1.5309122653232934,
      2.2167601361167493,
      1.9374118535683675,
      2.9045561208951365,
      0.0,
      2.865987968585961
    ],
    [
      1.4697112007088815,
      1.7777934136165496,
      1.7810767085171075,
      0.9809417460460944,
      1.5309122653232934,
      2.2167601361167493,
      1.9374118535683675,
      2.9045561208951365,
      2.865987968585961,
      0.0
    ]
  ]
}