{
  "servicechain": {
    "SC1": {
      "resptime": 29.755240911446908,
      "resptime_old": 19.755240911446908,
      "waittime": 14.642861843627598,
      "servicetime": 10.0,
      "networktime": 5.112379067819309,
      "services": {
        "MS1_1": {
          "meanserv": 2.2284697292942135,
          "stddevserv": 2.2284697292942135,
          "rate": 0.4487384265779161,
          "cv": 1.0,
          "lambda": 0.15
        },
        "MS1_2": {
          "meanserv": 3.1143402934981306,
          "stddevserv": 3.1143402934981306,
          "rate": 0.3210952900964996,
          "cv": 1.0,
          "lambda": 0.15
        },
        "MS1_3": {
          "meanserv": 4.657189977207656,
          "stddevserv": 4.657189977207656,
          "rate": 0.21472175386746345,
          "cv": 1.0,
          "lambda": 0.15
        }
      },
      "sensors": [
        "S1"
      ],
      "sources": [
        {
          "startTime": 0,
          "stopTime": -1,
          "lambda": 0.15
        }
      ]
    },
    "SC2": {
      "resptime": 275.70246994850163,
      "resptime_old": 265.7024699485016,
      "waittime": 260.5335959415677,
      "servicetime": 10.0,
      "networktime": 5.168874006933933,
      "services": {
        "MS2_1": {
          "meanserv": 6.502453271454209,
          "stddevserv": 6.502453271454209,
          "rate": 0.15378811015682392,
          "cv": 1.0,
          "lambda": 0.15
        },
        "MS2_2": {
          "meanserv": 3.0973904716886462,
          "stddevserv": 3.0973904716886462,
          "rate": 0.32285241694271,
          "cv": 1.0,
          "lambda": 0.15
        },
        "MS2_3": {
          "meanserv": 0.4001562568571444,
          "stddevserv": 0.4001562568571444,
          "rate": 2.4990237759970837,
          "cv": 1.0,
          "lambda": 0.15
        }
      },
      "sensors": [
        "S2"
      ],
      "sources": [
        {
          "startTime": 0,
          "stopTime": -1,
          "lambda": 0.15
        }
      ]
    },
    "SC3": {
      "resptime": 10559.791930723677,
      "resptime_old": 10549.791930723679,
      "waittime": 10545.525404667309,
      "servicetime": 10.0,
      "networktime": 4.266526056368883,
      "services": {
        "MS3_1": {
          "meanserv": 0.636973917529986,
          "stddevserv": 0.636973917529986,
          "rate": 1.5699229944574995,
          "cv": 1.0,
          "lambda": 0.15
        },
        "MS3_2": {
          "meanserv": 8.388700681082442,
          "stddevserv": 8.388700681082442,
          "rate": 0.11920797248793531,
          "cv": 1.0,
          "lambda": 0.15
        },
        "MS3_3": {
          "meanserv": 0.9743254013875724,
          "stddevserv": 0.9743254013875724,
          "rate": 1.0263511539120949,
          "cv": 1.0,
          "lambda": 0.15
        }
      },
      "sensors": [
        "S3"
      ],
      "sources": [
        {
          "startTime": 0,
          "stopTime": -1,
          "lambda": 0.15
        }
      ]
    },
    "SC4": {
      "resptime": 31.50556572965848,
      "resptime_old": 21.50556572965848,
      "waittime": 17.077258603695174,
      "servicetime": 10.0,
      "networktime": 4.428307125963306,
      "services": {
        "MS4_1": {
          "meanserv": 4.162137798408292,
          "stddevserv": 4.162137798408292,
          "rate": 0.24026114665939835,
          "cv": 1.0,
          "lambda": 0.15
        },
        "MS4_2": {
          "meanserv": 4.551729547173895,
          "stddevserv": 4.551729547173895,
          "rate": 0.21969670861066118,
          "cv": 1.0,
          "lambda": 0.15
        },
        "MS4_3": {
          "meanserv": 1.2861326544178127,
          "stddevserv": 1.2861326544178127,
          "rate": 0.7775247728646351,
          "cv": 1.0,
          "lambda": 0.15
        }
      },
      "sensors": [
        "S4"
      ],
      "sources": [
        {
          "startTime": 0,
          "stopTime": -1,
          "lambda": 0.15
        }
      ]
    }
  },
  "microservice": {
    "MS1_1": "F8",
    "MS1_2": "F7",
    "MS1_3": "F4",
    "MS2_1": "F3",
    "MS2_2": "F5",
    "MS2_3": "F1",
    "MS3_1": "F6",
    "MS3_2": "F2",
    "MS3_3": "F6",
    "MS4_1": "F9",
    "MS4_2": "F10",
    "MS4_3": "F1"
  },
  "sensor": {
    "S1": "F8",
    "S2": "F3",
    "S3": "F6",
    "S4": "F9"
  },
  "fog": {
    "F1": {
      "rho": 0.2529433366912435,
      "capacity": 1.0,
      "tserv": 0.8431444556374784,
      "stddev": 1.0504140429323618,
      "mu": 1.1860363823941977,
      "cv": 1.2458292714955619,
      "lambda": 0.3,
      "twait": 0.36428205324337626
    },
    "F2": {
      "rho": 1.2583051021623664,
      "capacity": 1.0,
      "tserv": 8.388700681082442,
      "stddev": 8.388700681082442,
      "mu": 0.11920797248793531,
      "cv": 1.0,
      "lambda": 0.15,
      "twait": 10544.989322651427
    },
    "F3": {
      "rho": 0.9753679907181313,
      "capacity": 1.0,
      "tserv": 6.502453271454209,
      "stddev": 6.502453271454209,
      "mu": 0.15378811015682392,
      "cv": 1.0,
      "lambda": 0.15,
      "twait": 257.4814222234523
    },
    "F4": {
      "rho": 0.6985784965811483,
      "capacity": 1.0,
      "tserv": 4.657189977207656,
      "stddev": 4.657189977207656,
      "mu": 0.21472175386746345,
      "cv": 1.0,
      "lambda": 0.15,
      "twait": 10.793565607194303
    },
    "F5": {
      "rho": 0.4646085707532969,
      "capacity": 1.0,
      "tserv": 3.0973904716886462,
      "stddev": 3.0973904716886462,
      "mu": 0.32285241694271,
      "cv": 1.0,
      "lambda": 0.15,
      "twait": 2.687891664872041
    },
    "F6": {
      "rho": 0.24169489783763373,
      "capacity": 1.0,
      "tserv": 0.8056496594587792,
      "stddev": 0.8402228190286817,
      "mu": 1.2412343110425714,
      "cv": 1.0429133918993128,
      "lambda": 0.3,
      "twait": 0.26804100794097235
    },
    "F7": {
      "rho": 0.4671510440247196,
      "capacity": 1.0,
      "tserv": 3.1143402934981306,
      "stddev": 3.1143402934981306,
      "mu": 0.3210952900964996,
      "cv": 1.0,
      "lambda": 0.15,
      "twait": 2.730355954049005
    },
    "F8": {
      "rho": 0.33427045939413197,
      "capacity": 1.0,
      "tserv": 2.2284697292942135,
      "stddev": 2.2284697292942135,
      "mu": 0.4487384265779161,
      "cv": 1.0,
      "lambda": 0.15,
      "twait": 1.11894028238429
    },
    "F9": {
      "rho": 0.6243206697612438,
      "capacity": 1.0,
      "tserv": 4.162137798408292,
      "stddev": 4.162137798408292,
      "mu": 0.24026114665939835,
      "cv": 1.0,
      "lambda": 0.15,
      "twait": 6.91682626321075
    },
    "F10": {
      "rho": 0.6827594320760842,
      "capacity": 1.0,
      "tserv": 4.551729547173895,
      "stddev": 4.551729547173895,
      "mu": 0.21969670861066118,
      "cv": 1.0,
      "lambda": 0.15,
      "twait": 9.796150287241051
    }
  },
  "extra": {
    "conv_gen": 0,
    "max_gen": 600,
    "population": 600,
    "deltatime": 27.4306481,
    "obj_func": 2724.1888018283207
  },
  "network": [
    [
      0.0,
      4.289305059152167,
      4.071479105028358,
      3.2493543979655484,
      2.639835353793577,
      3.9920294089599233,
      3.4843797478440055,
      3.1229052397707178,
      2.417259618221795,
      2.417259618221795
    ],
    [
      4.289305059152167,
      0.0,
      4.6734007945132845,
      3.8598617244075526,
      4.121682861562455,
      2.1332630281844414,
      3.7634565231869948,
      2.417259618221795,
      5.008028841276902,
      5.008028841276902
    ],
    [
      4.071479105028358,
      4.6734007945132845,
      0.0,
      4.234968049227007,
      2.529038653140357,
      4.054128733801986,
      3.1229052397707178,
      5.008028841276902,
      2.9573256735064364,
      2.9573256735064364
    ],
    [
      3.2493543979655484,
      3.8598617244075526,
      4.234968049227007,
      0.0,
      2.9578259565950913,
      3.4843797478440055,
      2.417259618221795,
      2.9573256735064364,
      3.5792601389213607,
      3.5792601389213607
    ],
    [
      2.639835353793577,
      4.121682861562455,
      2.529038653140357,
      2.9578259565950913,
      0.0,
      3.7634565231869948,
      5.008028841276902,
      3.5792601389213607,
      2.845142133095002,
      2.845142133095002
    ],
    [
      3.9920294089599233,
      2.1332630281844414,
      4.054128733801986,
      3.4843797478440055,
      3.7634565231869948,
      0.0,
      2.9573256735064364,
      2.845142133095002,
      2.695119449597514,
      2.695119449597514
    ],
    [
      3.4843797478440055,
      3.7634565231869948,
      3.1229052397707178,
      2.417259618221795,
      5.008028841276902,
      2.9573256735064364,
      0.0,
      2.695119449597514,
      3.0685350451973483,
      3.0685350451973483
    ],
    [
      3.1229052397707178,
      2.417259618221795,
      5.008028841276902,
      2.9573256735064364,
      3.5792601389213607,
      2.845142133095002,
      2.695119449597514,
      0.0,
      2.974066568367544,
      2.974066568367544
    ],
    [
      2.417259618221795,
      5.008028841276902,
      2.9573256735064364,
      3.5792601389213607,
      2.845142133095002,
      2.695119449597514,
      3.0685350451973483,
      2.974066568367544,
      0.0,
      2.01104750774151
    ],
    [
      2.417259618221795,
      5.008028841276902,
      2.9573256735064364,
      3.5792601389213607,
      2.845142133095002,
      2.695119449597514,
      3.0685350451973483,
      2.974066568367544,
      2.01104750774151,
      0.0
    ]
  ]
}