{
  "servicechain": {
    "SC1": {
      "resptime": 35.858781065220015,
      "resptime_old": 25.85878106522001,
      "waittime": 19.925242376475072,
      "servicetime": 10.0,
      "networktime": 5.93353868874494,
      "services": {
        "MS1_1": {
          "meanserv": 0.06973628852079417,
          "stddevserv": 0.06973628852079417,
          "rate": 14.339736473096316,
          "cv": 1.0,
          "lambda": 0.3
        },
        "MS1_2": {
          "meanserv": 1.333979922952806,
          "stddevserv": 1.333979922952806,
          "rate": 0.7496364696302692,
          "cv": 1.0,
          "lambda": 0.3
        },
        "MS1_3": {
          "meanserv": 1.3374665904919172,
          "stddevserv": 1.3374665904919172,
          "rate": 0.7476822278096699,
          "cv": 1.0,
          "lambda": 0.3
        },
        "MS1_4": {
          "meanserv": 1.4111578953037824,
          "stddevserv": 1.4111578953037824,
          "rate": 0.7086379230332183,
          "cv": 1.0,
          "lambda": 0.3
        },
        "MS1_5": {
          "meanserv": 1.9826290009195446,
          "stddevserv": 1.9826290009195446,
          "rate": 0.5043807991995474,
          "cv": 1.0,
          "lambda": 0.3
        },
        "MS1_6": {
          "meanserv": 0.7826593490140707,
          "stddevserv": 0.7826593490140707,
          "rate": 1.277695080573326,
          "cv": 1.0,
          "lambda": 0.3
        },
        "MS1_7": {
          "meanserv": 0.825013026344263,
          "stddevserv": 0.825013026344263,
          "rate": 1.2121020736255843,
          "cv": 1.0,
          "lambda": 0.3
        },
        "MS1_8": {
          "meanserv": 0.02984132862308808,
          "stddevserv": 0.02984132862308808,
          "rate": 33.51057228820252,
          "cv": 1.0,
          "lambda": 0.3
        },
        "MS1_9": {
          "meanserv": 0.0031807870114111125,
          "stddevserv": 0.0031807870114111125,
          "rate": 314.3876016886663,
          "cv": 1.0,
          "lambda": 0.3
        },
        "MS1_10": {
          "meanserv": 2.2243358108183227,
          "stddevserv": 2.2243358108183227,
          "rate": 0.44957240500125056,
          "cv": 1.0,
          "lambda": 0.3
        }
      },
      "sensors": [
        "S1"
      ],
      "sources": [
        {
          "startTime": 0,
          "stopTime": -1,
          "lambda": 0.3
        }
      ]
    },
    "SC2": {
      "resptime": 35.53953120412217,
      "resptime_old": 25.53953120412217,
      "waittime": 19.659496864345158,
      "servicetime": 10.0,
      "networktime": 5.880034339777011,
      "services": {
        "MS2_1": {
          "meanserv": 0.5799995608821096,
          "stddevserv": 0.5799995608821096,
          "rate": 1.7241392363799728,
          "cv": 1.0,
          "lambda": 0.3
        },
        "MS2_2": {
          "meanserv": 0.027822256556382374,
          "stddevserv": 0.027822256556382374,
          "rate": 35.94244765781235,
          "cv": 1.0,
          "lambda": 0.3
        },
        "MS2_3": {
          "meanserv": 1.6218723770351793,
          "stddevserv": 1.6218723770351793,
          "rate": 0.6165713246982006,
          "cv": 1.0,
          "lambda": 0.3
        },
        "MS2_4": {
          "meanserv": 1.3155642218188568,
          "stddevserv": 1.3155642218188568,
          "rate": 0.760130127754183,
          "cv": 1.0,
          "lambda": 0.3
        },
        "MS2_5": {
          "meanserv": 1.5081419928297661,
          "stddevserv": 1.5081419928297661,
          "rate": 0.6630675392332747,
          "cv": 1.0,
          "lambda": 0.3
        },
        "MS2_6": {
          "meanserv": 2.3941760482547743,
          "stddevserv": 2.3941760482547743,
          "rate": 0.4176802289576601,
          "cv": 1.0,
          "lambda": 0.3
        },
        "MS2_7": {
          "meanserv": 0.06867244071759693,
          "stddevserv": 0.06867244071759693,
          "rate": 14.561882314803988,
          "cv": 1.0,
          "lambda": 0.3
        },
        "MS2_8": {
          "meanserv": 0.10048152950342626,
          "stddevserv": 0.10048152950342626,
          "rate": 9.95207780914503,
          "cv": 1.0,
          "lambda": 0.3
        },
        "MS2_9": {
          "meanserv": 2.2423095537324516,
          "stddevserv": 2.2423095537324516,
          "rate": 0.4459687549988106,
          "cv": 1.0,
          "lambda": 0.3
        },
        "MS2_10": {
          "meanserv": 0.14096001866945684,
          "stddevserv": 0.14096001866945684,
          "rate": 7.094210184129889,
          "cv": 1.0,
          "lambda": 0.3
        }
      },
      "sensors": [
        "S2"
      ],
      "sources": [
        {
          "startTime": 0,
          "stopTime": -1,
          "lambda": 0.3
        }
      ]
    },
    "SC3": {
      "resptime": 3692.69584438894,
      "resptime_old": 3682.6958443889403,
      "waittime": 3679.0781307359507,
      "servicetime": 10.0,
      "networktime": 3.6177136529890586,
      "services": {
        "MS3_1": {
          "meanserv": 1.6135721311927065,
          "stddevserv": 1.6135721311927065,
          "rate": 0.6197429793614672,
          "cv": 1.0,
          "lambda": 0.3
        },
        "MS3_2": {
          "meanserv": 3.4997445166246943,
          "stddevserv": 3.4997445166246943,
          "rate": 0.2857351430225094,
          "cv": 1.0,
          "lambda": 0.3
        },
        "MS3_3": {
          "meanserv": 0.5705012809225893,
          "stddevserv": 0.5705012809225893,
          "rate": 1.75284444301833,
          "cv": 1.0,
          "lambda": 0.3
        },
        "MS3_4": {
          "meanserv": 1.6193131168892076,
          "stddevserv": 1.6193131168892076,
          "rate": 0.6175457912185981,
          "cv": 1.0,
          "lambda": 0.3
        },
        "MS3_5": {
          "meanserv": 1.2621144040940093,
          "stddevserv": 1.2621144040940093,
          "rate": 0.7923212006425325,
          "cv": 1.0,
          "lambda": 0.3
        },
        "MS3_6": {
          "meanserv": 0.17936771921833916,
          "stddevserv": 0.17936771921833916,
          "rate": 5.5751391853443195,
          "cv": 1.0,
          "lambda": 0.3
        },
        "MS3_7": {
          "meanserv": 0.3364747128644403,
          "stddevserv": 0.3364747128644403,
          "rate": 2.9719915398304604,
          "cv": 1.0,
          "lambda": 0.3
        },
        "MS3_8": {
          "meanserv": 0.04379182523552139,
          "stddevserv": 0.04379182523552139,
          "rate": 22.835312175772433,
          "cv": 1.0,
          "lambda": 0.3
        },
        "MS3_9": {
          "meanserv": 0.5470630104904046,
          "stddevserv": 0.5470630104904046,
          "rate": 1.8279429989309062,
          "cv": 1.0,
          "lambda": 0.3
        },
        "MS3_10": {
          "meanserv": 0.3280572824680874,
          "stddevserv": 0.3280572824680874,
          "rate": 3.0482481366566754,
          "cv": 1.0,
          "lambda": 0.3
        }
      },
      "sensors": [
        "S3"
      ],
      "sources": [
        {
          "startTime": 0,
          "stopTime": -1,
          "lambda": 0.3
        }
      ]
    },
    "SC4": {
      "resptime": 32.62234324398836,
      "resptime_old": 22.622343243988364,
      "waittime": 17.542932086881056,
      "servicetime": 10.0,
      "networktime": 5.079411157107308,
      "services": {
        "MS4_1": {
          "meanserv": 2.3556092464282963,
          "stddevserv": 2.3556092464282963,
          "rate": 0.42451862570851034,
          "cv": 1.0,
          "lambda": 0.3
        },
        "MS4_2": {
          "meanserv": 0.5273003789315642,
          "stddevserv": 0.5273003789315642,
          "rate": 1.8964522688685288,
          "cv": 1.0,
          "lambda": 0.3
        },
        "MS4_3": {
          "meanserv": 0.11578869888616916,
          "stddevserv": 0.11578869888616916,
          "rate": 8.636421426438957,
          "cv": 1.0,
          "lambda": 0.3
        },
        "MS4_4": {
          "meanserv": 1.6425074383846376,
          "stddevserv": 1.6425074383846376,
          "rate": 0.6088252489032704,
          "cv": 1.0,
          "lambda": 0.3
        },
        "MS4_5": {
          "meanserv": 1.4991918481437612,
          "stddevserv": 1.4991918481437612,
          "rate": 0.6670260388876578,
          "cv": 1.0,
          "lambda": 0.3
        },
        "MS4_6": {
          "meanserv": 0.1216267623848779,
          "stddevserv": 0.1216267623848779,
          "rate": 8.221874695929026,
          "cv": 1.0,
          "lambda": 0.3
        },
        "MS4_7": {
          "meanserv": 0.5907314350489896,
          "stddevserv": 0.5907314350489896,
          "rate": 1.6928166348842932,
          "cv": 1.0,
          "lambda": 0.3
        },
        "MS4_8": {
          "meanserv": 0.7142530176288098,
          "stddevserv": 0.7142530176288098,
          "rate": 1.400064088381199,
          "cv": 1.0,
          "lambda": 0.3
        },
        "MS4_9": {
          "meanserv": 1.5093707063307376,
          "stddevserv": 1.5093707063307376,
          "rate": 0.6625277645880568,
          "cv": 1.0,
          "lambda": 0.3
        },
        "MS4_10": {
          "meanserv": 0.9236204678321567,
          "stddevserv": 0.9236204678321567,
          "rate": 1.0826957985752685,
          "cv": 1.0,
          "lambda": 0.3
        }
      },
      "sensors": [
        "S4"
      ],
      "sources": [
        {
          "startTime": 0,
          "stopTime": -1,
          "lambda": 0.3
        }
      ]
    }
  },
  "microservice": {
    "MS1_1": "F5",
    "MS1_2": "F5",
    "MS1_3": "F20",
    "MS1_4": "F11",
    "MS1_5": "F9",
    "MS1_6": "F11",
    "MS1_7": "F20",
    "MS1_8": "F5",
    "MS1_9": "F5",
    "MS1_10": "F17",
    "MS2_1": "F19",
    "MS2_2": "F19",
    "MS2_3": "F13",
    "MS2_4": "F6",
    "MS2_5": "F3",
    "MS2_6": "F14",
    "MS2_7": "F16",
    "MS2_8": "F16",
    "MS2_9": "F2",
    "MS2_10": "F16",
    "MS3_1": "F15",
    "MS3_2": "F12",
    "MS3_3": "F3",
    "MS3_4": "F18",
    "MS3_5": "F8",
    "MS3_6": "F16",
    "MS3_7": "F16",
    "MS3_8": "F16",
    "MS3_9": "F16",
    "MS3_10": "F16",
    "MS4_1": "F7",
    "MS4_2": "F8",
    "MS4_3": "F8",
    "MS4_4": "F1",
    "MS4_5": "F4",
    "MS4_6": "F19",
    "MS4_7": "F19",
    "MS4_8": "F19",
    "MS4_9": "F10",
    "MS4_10": "F6"
  },
  "sensor": {
    "S1": "F5",
    "S2": "F19",
    "S3": "F15",
    "S4": "F7"
  },
  "fog": {
    "F1": {
      "rho": 0.49275223151539127,
      "capacity": 1.0,
      "tserv": 1.6425074383846376,
      "stddev": 1.6425074383846376,
      "mu": 0.6088252489032704,
      "cv": 1.0,
      "lambda": 0.3,
      "twait": 1.5955697704941545
    },
    "F2": {
      "rho": 0.6726928661197354,
      "capacity": 1.0,
      "tserv": 2.2423095537324516,
      "stddev": 2.2423095537324516,
      "mu": 0.4459687549988106,
      "cv": 1.0,
      "lambda": 0.3,
      "twait": 4.6084716289127545
    },
    "F3": {
      "rho": 0.6235929821257067,
      "capacity": 1.0,
      "tserv": 1.0393216368761777,
      "stddev": 1.2327913518482665,
      "mu": 0.9621660557415467,
      "cv": 1.186149992560136,
      "lambda": 0.6,
      "twait": 2.0721962067182953
    },
    "F4": {
      "rho": 0.44975755444312837,
      "capacity": 1.0,
      "tserv": 1.4991918481437612,
      "stddev": 1.4991918481437612,
      "mu": 0.6670260388876578,
      "cv": 1.0,
      "lambda": 0.3,
      "twait": 1.2254104798836731
    },
    "F5": {
      "rho": 0.4310214981324298,
      "capacity": 1.0,
      "tserv": 0.35918458177702484,
      "stddev": 0.8738532712947752,
      "mu": 2.7840838686688993,
      "cv": 2.432880796195331,
      "lambda": 1.2,
      "twait": 0.941300700053525
    },
    "F6": {
      "rho": 0.671755406895304,
      "capacity": 1.0,
      "tserv": 1.1195923448255067,
      "stddev": 1.1533850058573114,
      "mu": 0.8931822413950626,
      "cv": 1.0301830047230909,
      "lambda": 0.6,
      "twait": 2.3614561012777107
    },
    "F7": {
      "rho": 0.7066827739284889,
      "capacity": 1.0,
      "tserv": 2.3556092464282963,
      "stddev": 2.3556092464282963,
      "mu": 0.42451862570851034,
      "cv": 1.0,
      "lambda": 0.3,
      "twait": 5.6753178081388835
    },
    "F8": {
      "rho": 0.5715610445735229,
      "capacity": 1.0,
      "tserv": 0.6350678273039143,
      "stddev": 0.923550671238609,
      "mu": 1.5746349555217602,
      "cv": 1.454255170127899,
      "lambda": 0.8999999999999999,
      "twait": 1.319477692842106
    },
    "F9": {
      "rho": 0.5947887002758633,
      "capacity": 1.0,
      "tserv": 1.9826290009195446,
      "stddev": 1.9826290009195449,
      "mu": 0.5043807991995474,
      "cv": 1.0000000000000002,
      "lambda": 0.3,
      "twait": 2.9101985245450614
    },
    "F10": {
      "rho": 0.45281121189922124,
      "capacity": 1.0,
      "tserv": 1.5093707063307376,
      "stddev": 1.5093707063307376,
      "mu": 0.6625277645880568,
      "cv": 1.0,
      "lambda": 0.3,
      "twait": 1.249038711321198
    },
    "F11": {
      "rho": 0.6581451732953559,
      "capacity": 1.0,
      "tserv": 1.0969086221589266,
      "stddev": 1.1835175269976932,
      "mu": 0.9116529670737825,
      "cv": 1.0789572650712724,
      "lambda": 0.6,
      "twait": 2.285112327222223
    },
    "F12": {
      "rho": 1.049923354987408,
      "capacity": 1.0,
      "tserv": 3.4997445166246943,
      "stddev": 3.4997445166246943,
      "mu": 0.2857351430225094,
      "cv": 1.0,
      "lambda": 0.3,
      "twait": 3670.7890409888864
    },
    "F13": {
      "rho": 0.48656171311055374,
      "capacity": 1.0,
      "tserv": 1.6218723770351793,
      "stddev": 1.6218723770351793,
      "mu": 0.6165713246982006,
      "cv": 1.0,
      "lambda": 0.3,
      "twait": 1.5369734247863773
    },
    "F14": {
      "rho": 0.7182528144764323,
      "capacity": 1.0,
      "tserv": 2.3941760482547743,
      "stddev": 2.3941760482547743,
      "mu": 0.4176802289576601,
      "cv": 1.0,
      "lambda": 0.3,
      "twait": 6.103428085059648
    },
    "F15": {
      "rho": 0.4840716393578119,
      "capacity": 1.0,
      "tserv": 1.6135721311927065,
      "stddev": 1.6135721311927065,
      "mu": 0.6197429793614672,
      "cv": 1.0,
      "lambda": 0.3,
      "twait": 1.5139398535802482
    },
    "F16": {
      "rho": 0.523460561750182,
      "capacity": 1.0,
      "tserv": 0.21810856739590917,
      "stddev": 0.3156746874324088,
      "mu": 4.584872625314195,
      "cv": 1.4473282329134658,
      "lambda": 2.4,
      "twait": 0.370727399178742
    },
    "F17": {
      "rho": 0.6673007432454968,
      "capacity": 1.0,
      "tserv": 2.2243358108183227,
      "stddev": 2.2243358108183227,
      "mu": 0.44957240500125056,
      "cv": 1.0,
      "lambda": 0.3,
      "twait": 4.461389406955899
    },
    "F18": {
      "rho": 0.4857939350667623,
      "capacity": 1.0,
      "tserv": 1.6193131168892076,
      "stddev": 1.6193131168892076,
      "mu": 0.6175457912185981,
      "cv": 1.0,
      "lambda": 0.3,
      "twait": 1.529838998030814
    },
    "F19": {
      "rho": 0.6103299097503507,
      "capacity": 1.0,
      "tserv": 0.40688660650023384,
      "stddev": 0.56469314254213,
      "mu": 2.4576871885789764,
      "cv": 1.3878391019041947,
      "lambda": 1.5,
      "twait": 0.9323946100270751
    },
    "F20": {
      "rho": 0.648743885050854,
      "capacity": 1.0,
      "tserv": 1.08123980841809,
      "stddev": 1.1403437424793477,
      "mu": 0.9248642088595054,
      "cv": 1.0546631132160493,
      "lambda": 0.6,
      "twait": 2.1091134951577843
    }
  },
  "extra": {
    "deltatime": 4.8614027,
    "conv": 9,
    "obj_func": 949.1791249755676
  },
  "network": [
    [
      0.0,
      0.873947518721425,
      0.987573459957466,
      0.7293361448987064,
      0.721176316785394,
      0.9107044679729169,
      0.9900748135773472,
      0.9013065910897275,
      1.0756525079537462,
      1.2902209704035958,
      0.9149964674784979,
      0.6291112949699935,
      1.1714422052342608,
      1.090759561404246,
      1.1922854947910102,
      1.123293280593473,
      0.8793794605670815,
      1.0809737868960898,
      1.1824147634965758,
      1.1824147634965758
    ],
    [
      0.873947518721425,
      0.0,
      0.622747149321924,
      0.7953271436306382,
      0.8540765677188625,
      1.1784395515653059,
      1.0784542859089672,
      1.007784813737097,
      0.829541468368778,
      1.0475389425600499,
      0.8771224198657906,
      1.0105022623286593,
      1.1591130047117781,
      1.1432213000496676,
      0.7271614804012394,
      0.6965948276906234,
      0.8139501335171065,
      1.1824147634965758,
      0.6911863259191292,
      0.6911863259191292
    ],
    [
      0.987573459957466,
      0.622747149321924,
      0.0,
      1.2043391545689865,
      1.1047504078336934,
      0.7361778201640794,
      0.8008169116684563,
      1.1168172822080078,
      0.9013567482959087,
      0.8588340641551413,
      1.3309223755330295,
      0.6765398293614067,
      1.1950080567989507,
      0.7200397484036353,
      1.0073450971429894,
      1.1928070351217503,
      1.0809737868960898,
      0.6911863259191292,
      0.9168383176864341,
      0.9168383176864341
    ],
    [
      0.7293361448987064,
      0.7953271436306382,
      1.2043391545689865,
      0.0,
      0.9795172329836442,
      1.310510964128877,
      1.15731517230152,
      1.246418168477943,
      0.7865524274102136,
      1.0996723564791553,
      0.7320743884909049,
      1.0907872783964079,
      0.8794278515688682,
      1.0160726643475306,
      1.1758910014649067,
      0.8793794605670815,
      1.1824147634965758,
      0.9168383176864341,
      1.0474067092718358,
      1.0474067092718358
    ],
    [
      0.721176316785394,
      0.8540765677188625,
      1.1047504078336934,
      0.9795172329836442,
      0.0,
      1.2486531589464365,
      1.1818497955191394,
      0.9831843393424206,
      0.9903442730408959,
      1.2328102959008367,
      1.1810851331044383,
      0.8773273420921602,
      1.0041716290150662,
      0.9997569165840146,
      1.123293280593473,
      0.8139501335171065,
      0.6911863259191292,
      1.0474067092718358,
      1.0963815284256628,
      1.0963815284256628
    ],
    [
      0.9107044679729169,
      1.1784395515653059,
      0.7361778201640794,
      1.310510964128877,
      1.2486531589464365,
      0.0,
      0.8737286196213214,
      1.26583230570459,
      1.1914212407018085,
      0.6979462728798975,
      1.1220670029892725,
      1.0712438081156206,
      0.9342543878594848,
      1.1922854947910102,
      0.6965948276906234,
      1.0809737868960898,
      0.9168383176864341,
      1.0963815284256628,
      1.0357976141140905,
      1.0357976141140905
    ],
    [
      0.9900748135773472,
      1.0784542859089672,
      0.8008169116684563,
      1.15731517230152,
      1.1818497955191394,
      0.8737286196213214,
      0.0,
      0.7319096417850066,
      0.9816302320133626,
      0.7812629311638416,
      0.9391941979646351,
      1.1560576486335625,
      1.090759561404246,
      0.7271614804012394,
      1.1928070351217503,
      1.1824147634965758,
      1.0474067092718358,
      1.0357976141140905,
      0.8676148458702648,
      0.8676148458702648
    ],
    [
      0.9013065910897275,
      1.007784813737097,
      1.1168172822080078,
      1.246418168477943,
      0.9831843393424206,
      1.26583230570459,
      0.7319096417850066,
      0.0,
      1.2397175244777183,
      0.7800502267426822,
      1.1375227026848276,
      1.1714422052342608,
      1.1432213000496676,
      1.0073450971429894,
      0.8793794605670815,
      0.6911863259191292,
      1.0963815284256628,
      0.8676148458702648,
      0.9111426144205123,
      0.9111426144205123
    ],
    [
      1.0756525079537462,
      0.829541468368778,
      0.9013567482959087,
      0.7865524274102136,
      0.9903442730408959,
      1.1914212407018085,
      0.9816302320133626,
      1.2397175244777183,
      0.0,
      0.9225041362560401,
      0.6291112949699935,
      1.1591130047117781,
      0.7200397484036353,
      1.1758910014649067,
      0.8139501335171065,
      0.9168383176864341,
      1.0357976141140905,
      0.9111426144205123,
      1.10898361269698,
      1.10898361269698
    ],
    [
      1.2902209704035958,
      1.0475389425600499,
      0.8588340641551413,
      1.0996723564791553,
      1.2328102959008367,
      0.6979462728798975,
      0.7812629311638416,
      0.7800502267426822,
      0.9225041362560401,
      0.0,
      1.0105022623286593,
      1.1950080567989507,
      1.0160726643475306,
      1.123293280593473,
      1.0809737868960898,
      1.0474067092718358,
      0.8676148458702648,
      1.10898361269698,
      0.9715057971821345,
      0.9715057971821345
    ],
    [
      0.9149964674784979,
      0.8771224198657906,
      1.3309223755330295,
      0.7320743884909049,
      1.1810851331044383,
      1.1220670029892725,
      0.9391941979646351,
      1.1375227026848276,
      0.6291112949699935,
      1.0105022623286593,
      0.0,
      0.8794278515688682,
      0.9997569165840146,
      0.6965948276906234,
      1.1824147634965758,
      1.0963815284256628,
      0.9111426144205123,
      0.9715057971821345,
      0.8956833580172486,
      0.8956833580172486
    ],
    [
      0.6291112949699935,
      1.0105022623286593,
      0.6765398293614067,
      1.0907872783964079,
      0.8773273420921602,
      1.0712438081156206,
      1.1560576486335625,
      1.1714422052342608,
      1.1591130047117781,
      1.1950080567989507,
      0.8794278515688682,
      0.0,
      1.1922854947910102,
      1.1928070351217503,
      0.6911863259191292,
      1.0357976141140905,
      1.10898361269698,
      0.8956833580172486,
      1.019768884205268,
      1.019768884205268
    ],
    [
      1.1714422052342608,
      1.1591130047117781,
      1.1950080567989507,
      0.8794278515688682,
      1.0041716290150662,
      0.9342543878594848,
      1.090759561404246,
      1.1432213000496676,
      0.7200397484036353,
      1.0160726643475306,
      0.9997569165840146,
      1.1922854947910102,
      0.0,
      0.8793794605670815,
      0.9168383176864341,
      0.8676148458702648,
      0.9715057971821345,
      1.019768884205268,
      1.1852301135480516,
      1.1852301135480516
    ],
    [
      1.090759561404246,
      1.1432213000496676,
      0.7200397484036353,
      1.0160726643475306,
      0.9997569165840146,
      1.1922854947910102,
      0.7271614804012394,
      1.0073450971429894,
      1.1758910014649067,
      1.123293280593473,
      0.6965948276906234,
      1.1928070351217503,
      0.8793794605670815,
      0.0,
      1.0474067092718358,
      0.9111426144205123,
      0.8956833580172486,
      1.1852301135480516,
      1.1355039093775914,
      1.1355039093775914
    ],
    [
      1.1922854947910102,
      0.7271614804012394,
      1.0073450971429894,
      1.1758910014649067,
      1.123293280593473,
      0.6965948276906234,
      1.1928070351217503,
      0.8793794605670815,
      0.8139501335171065,
      1.0809737868960898,
      1.1824147634965758,
      0.6911863259191292,
      0.9168383176864341,
      1.0474067092718358,
      0.0,
      1.10898361269698,
      1.019768884205268,
      1.1355039093775914,
      1.0375740846939792,
      1.0375740846939792
    ],
    [
      1.123293280593473,
      0.6965948276906234,
      1.1928070351217503,
      0.8793794605670815,
      0.8139501335171065,
      1.0809737868960898,
      1.1824147634965758,
      0.6911863259191292,
      0.9168383176864341,
      1.0474067092718358,
      1.0963815284256628,
      1.0357976141140905,
      0.8676148458702648,
      0.9111426144205123,
      1.10898361269698,
      0.0,
      1.1852301135480516,
      1.0375740846939792,
      1.3675471666758308,
      1.3675471666758308
    ],
    [
      0.8793794605670815,
      0.8139501335171065,
      1.0809737868960898,
      1.1824147634965758,
      0.6911863259191292,
      0.9168383176864341,
      1.0474067092718358,
      1.0963815284256628,
      1.0357976141140905,
      0.8676148458702648,
      0.9111426144205123,
      1.10898361269698,
      0.9715057971821345,
      0.8956833580172486,
      1.019768884205268,
      1.1852301135480516,
      0.0,
      1.3675471666758308,
      1.0265284355556,
      1.0265284355556
    ],
    [
      1.0809737868960898,
      1.1824147634965758,
      0.6911863259191292,
      0.9168383176864341,
      1.0474067092718358,
      1.0963815284256628,
      1.0357976141140905,
      0.8676148458702648,
      0.9111426144205123,
      1.10898361269698,
      0.9715057971821345,
      0.8956833580172486,
      1.019768884205268,
      1.1852301135480516,
      1.1355039093775914,
      1.0375740846939792,
      1.3675471666758308,
      0.0,
      1.2629384940170743,
      1.2629384940170743
    ],
    [
      1.1824147634965758,
      0.6911863259191292,
      0.9168383176864341,
      1.0474067092718358,
      1.0963815284256628,
      1.0357976141140905,
      0.8676148458702648,
      0.9111426144205123,
      1.10898361269698,
      0.9715057971821345,
      0.8956833580172486,
      1.019768884205268,
      1.1852301135480516,
      1.1355039093775914,
      1.0375740846939792,
      1.3675471666758308,
      1.0265284355556,
      1.2629384940170743,
      0.0,
      1.002694449104331
    ],
    [
      1.1824147634965758,
      0.6911863259191292,
      0.9168383176864341,
      1.0474067092718358,
      1.0963815284256628,
      1.0357976141140905,
      0.8676148458702648,
      0.9111426144205123,
      1.10898361269698,
      0.9715057971821345,
      0.8956833580172486,
      1.019768884205268,
      1.1852301135480516,
      1.1355039093775914,
      1.0375740846939792,
      1.3675471666758308,
      1.0265284355556,
      1.2629384940170743,
      1.002694449104331,
      0.0
    ]
  ]
}