{
  "servicechain": {
    "SC1": {
      "resptime": 36.08752063317175,
      "resptime_old": 26.087520633171753,
      "waittime": 22.374182846208562,
      "servicetime": 10.0,
      "networktime": 3.7133377869631907,
      "services": {
        "MS1_1": {
          "meanserv": 4.248943570016745,
          "stddevserv": 4.248943570016745,
          "rate": 0.23535261966212911,
          "cv": 1.0,
          "lambda": 0.15
        },
        "MS1_2": {
          "meanserv": 0.6015082134463752,
          "stddevserv": 0.6015082134463752,
          "rate": 1.6624876895203868,
          "cv": 1.0,
          "lambda": 0.15
        },
        "MS1_3": {
          "meanserv": 1.221870513336131,
          "stddevserv": 1.221870513336131,
          "rate": 0.81841732743812,
          "cv": 1.0,
          "lambda": 0.15
        },
        "MS1_4": {
          "meanserv": 0.16539276105730938,
          "stddevserv": 0.16539276105730938,
          "rate": 6.046213834313433,
          "cv": 1.0,
          "lambda": 0.15
        },
        "MS1_5": {
          "meanserv": 1.0987350916898482,
          "stddevserv": 1.0987350916898482,
          "rate": 0.9101374913419811,
          "cv": 1.0,
          "lambda": 0.15
        },
        "MS1_6": {
          "meanserv": 2.6635498504535917,
          "stddevserv": 2.6635498504535917,
          "rate": 0.3754388151698021,
          "cv": 1.0,
          "lambda": 0.15
        }
      },
      "sensors": [
        "S1"
      ],
      "sources": [
        {
          "startTime": 0,
          "stopTime": -1,
          "lambda": 0.15
        }
      ]
    },
    "SC2": {
      "resptime": 35.898999621632086,
      "resptime_old": 25.898999621632083,
      "waittime": 19.746956892797414,
      "servicetime": 10.0,
      "networktime": 6.152042728834669,
      "services": {
        "MS2_1": {
          "meanserv": 1.6455353356680302,
          "stddevserv": 1.6455353356680302,
          "rate": 0.6077049689085131,
          "cv": 1.0,
          "lambda": 0.15
        },
        "MS2_2": {
          "meanserv": 0.7985635387247105,
          "stddevserv": 0.7985635387247105,
          "rate": 1.2522485081111758,
          "cv": 1.0,
          "lambda": 0.15
        },
        "MS2_3": {
          "meanserv": 1.0775567377586102,
          "stddevserv": 1.0775567377586102,
          "rate": 0.928025379044139,
          "cv": 1.0,
          "lambda": 0.15
        },
        "MS2_4": {
          "meanserv": 3.7071193387807764,
          "stddevserv": 3.7071193387807764,
          "rate": 0.26975122962426323,
          "cv": 1.0,
          "lambda": 0.15
        },
        "MS2_5": {
          "meanserv": 1.7534067840218412,
          "stddevserv": 1.7534067840218412,
          "rate": 0.570318313532625,
          "cv": 1.0,
          "lambda": 0.15
        },
        "MS2_6": {
          "meanserv": 1.0178182650460315,
          "stddevserv": 1.0178182650460315,
          "rate": 0.9824936674277253,
          "cv": 1.0,
          "lambda": 0.15
        }
      },
      "sensors": [
        "S2"
      ],
      "sources": [
        {
          "startTime": 0,
          "stopTime": -1,
          "lambda": 0.15
        }
      ]
    },
    "SC3": {
      "resptime": 31.957825740074004,
      "resptime_old": 21.957825740074004,
      "waittime": 18.07662092549743,
      "servicetime": 10.0,
      "networktime": 3.881204814576573,
      "services": {
        "MS3_1": {
          "meanserv": 2.4512633146645357,
          "stddevserv": 2.4512633146645357,
          "rate": 0.40795290902350634,
          "cv": 1.0,
          "lambda": 0.15
        },
        "MS3_2": {
          "meanserv": 0.091662513611106,
          "stddevserv": 0.091662513611106,
          "rate": 10.909585179418842,
          "cv": 1.0,
          "lambda": 0.15
        },
        "MS3_3": {
          "meanserv": 0.12018914527761382,
          "stddevserv": 0.12018914527761382,
          "rate": 8.32021891569486,
          "cv": 1.0,
          "lambda": 0.15
        },
        "MS3_4": {
          "meanserv": 3.2909875201829517,
          "stddevserv": 3.2909875201829517,
          "rate": 0.303860161689221,
          "cv": 1.0,
          "lambda": 0.15
        },
        "MS3_5": {
          "meanserv": 1.6023546073386363,
          "stddevserv": 1.6023546073386363,
          "rate": 0.6240815830778607,
          "cv": 1.0,
          "lambda": 0.15
        },
        "MS3_6": {
          "meanserv": 2.4435428989251564,
          "stddevserv": 2.4435428989251564,
          "rate": 0.409241843243215,
          "cv": 1.0,
          "lambda": 0.15
        }
      },
      "sensors": [
        "S3"
      ],
      "sources": [
        {
          "startTime": 0,
          "stopTime": -1,
          "lambda": 0.15
        }
      ]
    },
    "SC4": {
      "resptime": 34.19789019349402,
      "resptime_old": 24.197890193494015,
      "waittime": 18.30639968898231,
      "servicetime": 10.0,
      "networktime": 5.8914905045117045,
      "services": {
        "MS4_1": {
          "meanserv": 1.8667871465929275,
          "stddevserv": 1.8667871465929275,
          "rate": 0.5356797114363572,
          "cv": 1.0,
          "lambda": 0.15
        },
        "MS4_2": {
          "meanserv": 2.328019480165824,
          "stddevserv": 2.328019480165824,
          "rate": 0.42954967023247176,
          "cv": 1.0,
          "lambda": 0.15
        },
        "MS4_3": {
          "meanserv": 0.11015822883682347,
          "stddevserv": 0.11015822883682347,
          "rate": 9.077851110708146,
          "cv": 1.0,
          "lambda": 0.15
        },
        "MS4_4": {
          "meanserv": 2.9604369423572203,
          "stddevserv": 2.9604369423572203,
          "rate": 0.3377879750425487,
          "cv": 1.0,
          "lambda": 0.15
        },
        "MS4_5": {
          "meanserv": 1.6678244996753433,
          "stddevserv": 1.6678244996753433,
          "rate": 0.5995834694805472,
          "cv": 1.0,
          "lambda": 0.15
        },
        "MS4_6": {
          "meanserv": 1.0667737023718615,
          "stddevserv": 1.0667737023718615,
          "rate": 0.9374059350887661,
          "cv": 1.0,
          "lambda": 0.15
        }
      },
      "sensors": [
        "S4"
      ],
      "sources": [
        {
          "startTime": 0,
          "stopTime": -1,
          "lambda": 0.15
        }
      ]
    }
  },
  "microservice": {
    "MS1_1": "F1",
    "MS1_2": "F8",
    "MS1_3": "F8",
    "MS1_4": "F5",
    "MS1_5": "F5",
    "MS1_6": "F5",
    "MS2_1": "F9",
    "MS2_2": "F9",
    "MS2_3": "F6",
    "MS2_4": "F2",
    "MS2_5": "F10",
    "MS2_6": "F4",
    "MS3_1": "F6",
    "MS3_2": "F6",
    "MS3_3": "F3",
    "MS3_4": "F3",
    "MS3_5": "F7",
    "MS3_6": "F7",
    "MS4_1": "F9",
    "MS4_2": "F8",
    "MS4_3": "F6",
    "MS4_4": "F4",
    "MS4_5": "F10",
    "MS4_6": "F10"
  },
  "sensor": {
    "S1": "F1",
    "S2": "F9",
    "S3": "F6",
    "S4": "F9"
  },
  "fog": {
    "F1": {
      "rho": 0.6373415355025117,
      "capacity": 1.0,
      "tserv": 4.248943570016745,
      "stddev": 4.248943570016745,
      "mu": 0.23535261966212911,
      "cv": 1.0,
      "lambda": 0.15,
      "twait": 7.467158454250697
    },
    "F2": {
      "rho": 0.5560679008171164,
      "capacity": 1.0,
      "tserv": 3.7071193387807764,
      "stddev": 3.7071193387807764,
      "mu": 0.26975122962426323,
      "cv": 1.0,
      "lambda": 0.15,
      "twait": 4.643525603552129
    },
    "F3": {
      "rho": 0.5116764998190848,
      "capacity": 1.0,
      "tserv": 1.7055883327302828,
      "stddev": 2.8170929569144203,
      "mu": 0.5863079506408287,
      "cv": 1.6516839983332061,
      "lambda": 0.3,
      "twait": 3.3313093527010067
    },
    "F4": {
      "rho": 0.5967382811104878,
      "capacity": 1.0,
      "tserv": 1.989127603701626,
      "stddev": 2.4173357827424207,
      "mu": 0.5027329559647509,
      "cv": 1.215274363617462,
      "lambda": 0.3,
      "twait": 3.6453277553800416
    },
    "F5": {
      "rho": 0.5891516554801124,
      "capacity": 1.0,
      "tserv": 1.3092259010669165,
      "stddev": 1.9592452089066494,
      "mu": 0.7638101256514085,
      "cv": 1.496491329196908,
      "lambda": 0.44999999999999996,
      "twait": 3.0409291472400093
    },
    "F6": {
      "rho": 0.5595961192306613,
      "capacity": 1.0,
      "tserv": 0.932660198717769,
      "stddev": 1.6508554025332716,
      "mu": 1.0722018602003287,
      "cv": 1.770050233517936,
      "lambda": 0.6,
      "twait": 2.449010167711395
    },
    "F7": {
      "rho": 0.6068846259395688,
      "capacity": 1.0,
      "tserv": 2.0229487531318964,
      "stddev": 2.1085825876045305,
      "mu": 0.49432789557907303,
      "cv": 1.042331193185224,
      "lambda": 0.3,
      "twait": 3.257990942336313
    },
    "F8": {
      "rho": 0.6227097310422495,
      "capacity": 1.0,
      "tserv": 1.38379940231611,
      "stddev": 1.7131069636695522,
      "mu": 0.7226480935938168,
      "cv": 1.2379734814180938,
      "lambda": 0.44999999999999996,
      "twait": 2.8921184751189166
    },
    "F9": {
      "rho": 0.6466329031478503,
      "capacity": 1.0,
      "tserv": 1.436962006995223,
      "stddev": 1.5775708758881133,
      "mu": 0.6959126233901356,
      "cv": 1.097851486823171,
      "lambda": 0.44999999999999996,
      "twait": 2.899414480511914
    },
    "F10": {
      "rho": 0.6732007479103569,
      "capacity": 1.0,
      "tserv": 1.4960016620230154,
      "stddev": 1.557144520135036,
      "mu": 0.668448455229467,
      "cv": 1.0408708490532947,
      "lambda": 0.44999999999999996,
      "twait": 3.2102644051300215
    }
  },
  "extra": {
    "deltatime": 0.018178,
    "obj_func": 34.53555904709296
  },
  "network": [
    [
      0.0,
      1.4999940267476228,
      1.6434704766258104,
      1.8084471197211596,
      1.8067758014606885,
      2.1123738203682,
      1.5138753299026009,
      1.9251217447172593,
      1.871080582492324,
      1.871080582492324
    ],
    [
      1.4999940267476228,
      0.0,
      1.4897730604587167,
      1.5399453008101314,
      1.9880819564843213,
      1.683423753853934,
      1.5712012760983058,
      1.871080582492324,
      1.6917969869616696,
      1.6917969869616696
    ],
    [
      1.6434704766258104,
      1.4897730604587167,
      0.0,
      1.6681609528898242,
      1.7989295641349188,
      1.956083069859314,
      1.9251217447172593,
      1.6917969869616696,
      2.2291134094340967,
      2.2291134094340967
    ],
    [
      1.8084471197211596,
      1.5399453008101314,
      1.6681609528898242,
      0.0,
      1.5298005350069301,
      1.5138753299026009,
      1.871080582492324,
      2.2291134094340967,
      1.7882160422459314,
      1.7882160422459314
    ],
    [
      1.8067758014606885,
      1.9880819564843213,
      1.7989295641349188,
      1.5298005350069301,
      0.0,
      1.5712012760983058,
      1.6917969869616696,
      1.7882160422459314,
      0.9943955407485127,
      0.9943955407485127
    ],
    [
      2.1123738203682,
      1.683423753853934,
      1.956083069859314,
      1.5138753299026009,
      1.5712012760983058,
      0.0,
      2.2291134094340967,
      0.9943955407485127,
      0.9886059457731338,
      0.9886059457731338
    ],
    [
      1.5138753299026009,
      1.5712012760983058,
      1.9251217447172593,
      1.871080582492324,
      1.6917969869616696,
      2.2291134094340967,
      0.0,
      0.9886059457731338,
      1.902626916100549,
      1.902626916100549
    ],
    [
      1.9251217447172593,
      1.871080582492324,
      1.6917969869616696,
      2.2291134094340967,
      1.7882160422459314,
      0.9943955407485127,
      0.9886059457731338,
      0.0,
      1.595003591614659,
      1.595003591614659
    ],
    [
      1.871080582492324,
      1.6917969869616696,
      2.2291134094340967,
      1.7882160422459314,
      0.9943955407485127,
      0.9886059457731338,
      1.902626916100549,
      1.595003591614659,
      0.0,
      2.008684951104484
    ],
    [
      1.871080582492324,
      1.6917969869616696,
      2.2291134094340967,
      1.7882160422459314,
      0.9943955407485127,
      0.9886059457731338,
      1.902626916100549,
      1.595003591614659,
      2.008684951104484,
      0.0
    ]
  ]
}