{
  "servicechain": {
    "SC1": {
      "resptime": 25.16243202659755,
      "resptime_old": 15.162432026597552,
      "waittime": 10.178596398467008,
      "servicetime": 10.0,
      "networktime": 4.983835628130542,
      "services": {
        "MS1_1": {
          "meanserv": 3.61409141594761,
          "stddevserv": 3.61409141594761,
          "rate": 0.2766947165717449,
          "cv": 1.0,
          "lambda": 0.15
        },
        "MS1_2": {
          "meanserv": 3.0742371907535473,
          "stddevserv": 3.0742371907535473,
          "rate": 0.325283944585578,
          "cv": 1.0,
          "lambda": 0.15
        },
        "MS1_3": {
          "meanserv": 3.311671393298843,
          "stddevserv": 3.311671393298843,
          "rate": 0.30196232694569186,
          "cv": 1.0,
          "lambda": 0.15
        }
      },
      "sensors": [
        "S1"
      ],
      "sources": [
        {
          "startTime": 0,
          "stopTime": -1,
          "lambda": 0.15
        }
      ]
    },
    "SC2": {
      "resptime": 7527.317990807314,
      "resptime_old": 7517.317990807314,
      "waittime": 7514.9314078550005,
      "servicetime": 10.0,
      "networktime": 2.3865829523135385,
      "services": {
        "MS2_1": {
          "meanserv": 2.1601185092977393,
          "stddevserv": 2.1601185092977393,
          "rate": 0.4629375637011244,
          "cv": 1.0,
          "lambda": 0.15
        },
        "MS2_2": {
          "meanserv": 0.7599847182166806,
          "stddevserv": 0.7599847182166806,
          "rate": 1.315815931597309,
          "cv": 1.0,
          "lambda": 0.15
        },
        "MS2_3": {
          "meanserv": 7.07989677248558,
          "stddevserv": 7.07989677248558,
          "rate": 0.14124499722739944,
          "cv": 1.0,
          "lambda": 0.15
        }
      },
      "sensors": [
        "S2"
      ],
      "sources": [
        {
          "startTime": 0,
          "stopTime": -1,
          "lambda": 0.15
        }
      ]
    },
    "SC3": {
      "resptime": 67.76197691626565,
      "resptime_old": 57.76197691626565,
      "waittime": 52.239723583117986,
      "servicetime": 10.0,
      "networktime": 5.522253333147671,
      "services": {
        "MS3_1": {
          "meanserv": 3.4072233330710935,
          "stddevserv": 3.4072233330710935,
          "rate": 0.29349411595472147,
          "cv": 1.0,
          "lambda": 0.15
        },
        "MS3_2": {
          "meanserv": 5.918551213345871,
          "stddevserv": 5.918551213345871,
          "rate": 0.16896026813877663,
          "cv": 1.0,
          "lambda": 0.15
        },
        "MS3_3": {
          "meanserv": 0.6742254535830359,
          "stddevserv": 0.6742254535830359,
          "rate": 1.483183399092545,
          "cv": 1.0,
          "lambda": 0.15
        }
      },
      "sensors": [
        "S3"
      ],
      "sources": [
        {
          "startTime": 0,
          "stopTime": -1,
          "lambda": 0.15
        }
      ]
    },
    "SC4": {
      "resptime": 26.100821193070665,
      "resptime_old": 16.100821193070665,
      "waittime": 10.138374570346297,
      "servicetime": 10.0,
      "networktime": 5.962446622724366,
      "services": {
        "MS4_1": {
          "meanserv": 3.069442142025328,
          "stddevserv": 3.069442142025328,
          "rate": 0.32579209958333477,
          "cv": 1.0,
          "lambda": 0.15
        },
        "MS4_2": {
          "meanserv": 3.3850854338336323,
          "stddevserv": 3.3850854338336323,
          "rate": 0.29541351896324025,
          "cv": 1.0,
          "lambda": 0.15
        },
        "MS4_3": {
          "meanserv": 3.54547242414104,
          "stddevserv": 3.54547242414104,
          "rate": 0.2820498597566358,
          "cv": 1.0,
          "lambda": 0.15
        }
      },
      "sensors": [
        "S4"
      ],
      "sources": [
        {
          "startTime": 0,
          "stopTime": -1,
          "lambda": 0.15
        }
      ]
    }
  },
  "microservice": {
    "MS1_1": "F8",
    "MS1_2": "F3",
    "MS1_3": "F7",
    "MS2_1": "F4",
    "MS2_2": "F4",
    "MS2_3": "F2",
    "MS3_1": "F1",
    "MS3_2": "F5",
    "MS3_3": "F4",
    "MS4_1": "F10",
    "MS4_2": "F9",
    "MS4_3": "F6"
  },
  "sensor": {
    "S1": "F8",
    "S2": "F4",
    "S3": "F1",
    "S4": "F10"
  },
  "fog": {
    "F1": {
      "rho": 0.511083499960664,
      "capacity": 1.0,
      "tserv": 3.407223333071094,
      "stddev": 3.407223333071093,
      "mu": 0.2934941159547214,
      "cv": 0.9999999999999998,
      "lambda": 0.15,
      "twait": 3.5617035343939314
    },
    "F2": {
      "rho": 1.061984515872837,
      "capacity": 1.0,
      "tserv": 7.07989677248558,
      "stddev": 7.07989677248558,
      "mu": 0.14124499722739944,
      "cv": 1.0,
      "lambda": 0.15,
      "twait": 7511.222005611395
    },
    "F3": {
      "rho": 0.4611355786130321,
      "capacity": 1.0,
      "tserv": 3.0742371907535473,
      "stddev": 3.0742371907535473,
      "mu": 0.325283944585578,
      "cv": 1.0,
      "lambda": 0.15,
      "twait": 2.630791882869193
    },
    "F4": {
      "rho": 0.5391493021646183,
      "capacity": 1.0,
      "tserv": 1.1981095603658185,
      "stddev": 1.5373286203526044,
      "mu": 0.8346482100473935,
      "cv": 1.2831285812319302,
      "lambda": 0.44999999999999996,
      "twait": 1.8547011218028828
    },
    "F5": {
      "rho": 0.8877826820018805,
      "capacity": 1.0,
      "tserv": 5.918551213345871,
      "stddev": 5.918551213345871,
      "mu": 0.16896026813877663,
      "cv": 1.0,
      "lambda": 0.15,
      "twait": 46.82331892692117
    },
    "F6": {
      "rho": 0.531820863621156,
      "capacity": 1.0,
      "tserv": 3.5454724241410402,
      "stddev": 3.5454724241410394,
      "mu": 0.2820498597566358,
      "cv": 0.9999999999999998,
      "lambda": 0.15,
      "twait": 4.0274246758102334
    },
    "F7": {
      "rho": 0.4967507089948264,
      "capacity": 1.0,
      "tserv": 3.311671393298843,
      "stddev": 3.311671393298843,
      "mu": 0.30196232694569186,
      "cv": 1.0,
      "lambda": 0.15,
      "twait": 3.268906965160876
    },
    "F8": {
      "rho": 0.5421137123921415,
      "capacity": 1.0,
      "tserv": 3.61409141594761,
      "stddev": 3.61409141594761,
      "mu": 0.2766947165717449,
      "cv": 1.0,
      "lambda": 0.15,
      "twait": 4.278897550436939
    },
    "F9": {
      "rho": 0.5077628150750447,
      "capacity": 1.0,
      "tserv": 3.3850854338336323,
      "stddev": 3.3850854338336323,
      "mu": 0.29541351896324025,
      "cv": 1.0,
      "lambda": 0.15,
      "twait": 3.4918542560228136
    },
    "F10": {
      "rho": 0.46041632130379917,
      "capacity": 1.0,
      "tserv": 3.069442142025328,
      "stddev": 3.069442142025328,
      "mu": 0.32579209958333477,
      "cv": 1.0,
      "lambda": 0.15,
      "twait": 2.619095638513251
    }
  },
  "extra": {
    "conv_gen": 0,
    "max_gen": 600,
    "population": 600,
    "deltatime": 27.5050799,
    "obj_func": 1911.585805235812
  },
  "network": [
    [
      0.0,
      2.898177092271394,
      3.3815605786977883,
      3.5032722099833644,
      2.177288035897457,
      3.1504865085439153,
      3.03917659395548,
      2.3072929974619236,
      4.187075469958378,
      4.187075469958378
    ],
    [
      2.898177092271394,
      0.0,
      4.556150785087911,
      2.3865829523135385,
      3.863802332612136,
      3.330002941953165,
      3.4276172984369393,
      4.187075469958378,
      2.6765426306686186,
      2.6765426306686186
    ],
    [
      3.3815605786977883,
      4.556150785087911,
      0.0,
      2.4908111179790855,
      2.967901083224595,
      3.166897850910019,
      2.3072929974619236,
      2.6765426306686186,
      4.005894984364167,
      4.005894984364167
    ],
    [
      3.5032722099833644,
      2.3865829523135385,
      2.4908111179790855,
      0.0,
      3.3449652972502144,
      3.03917659395548,
      4.187075469958378,
      4.005894984364167,
      3.6694006962035073,
      3.6694006962035073
    ],
    [
      2.177288035897457,
      3.863802332612136,
      2.967901083224595,
      3.3449652972502144,
      0.0,
      3.4276172984369393,
      2.6765426306686186,
      3.6694006962035073,
      3.883049368633012,
      3.883049368633012
    ],
    [
      3.1504865085439153,
      3.330002941953165,
      3.166897850910019,
      3.03917659395548,
      3.4276172984369393,
      0.0,
      4.005894984364167,
      3.883049368633012,
      3.2886546288395277,
      3.2886546288395277
    ],
    [
      3.03917659395548,
      3.4276172984369393,
      2.3072929974619236,
      4.187075469958378,
      2.6765426306686186,
      4.005894984364167,
      0.0,
      3.2886546288395277,
      3.0892087776354344,
      3.0892087776354344
    ],
    [
      2.3072929974619236,
      4.187075469958378,
      2.6765426306686186,
      4.005894984364167,
      3.6694006962035073,
      3.883049368633012,
      3.2886546288395277,
      0.0,
      3.792231109750814,
      3.792231109750814
    ],
    [
      4.187075469958378,
      2.6765426306686186,
      4.005894984364167,
      3.6694006962035073,
      3.883049368633012,
      3.2886546288395277,
      3.0892087776354344,
      3.792231109750814,
      0.0,
      2.673791993884838
    ],
    [
      4.187075469958378,
      2.6765426306686186,
      4.005894984364167,
      3.6694006962035073,
      3.883049368633012,
      3.2886546288395277,
      3.0892087776354344,
      3.792231109750814,
      2.673791993884838,
      0.0
    ]
  ]
}