{
  "servicechain": {
    "SC1": {
      "resptime": 44.743986933743734,
      "resptime_old": 34.74398693374373,
      "waittime": 28.818843860737438,
      "servicetime": 10.0,
      "networktime": 5.925143073006298,
      "services": {
        "MS1_1": {
          "meanserv": 0.1329948696080563,
          "stddevserv": 0.1329948696080563,
          "rate": 7.519087036568094,
          "cv": 1.0,
          "lambda": 0.15
        },
        "MS1_2": {
          "meanserv": 5.30275887859959,
          "stddevserv": 5.30275887859959,
          "rate": 0.18858108069663745,
          "cv": 1.0,
          "lambda": 0.15
        },
        "MS1_3": {
          "meanserv": 0.22868353589246393,
          "stddevserv": 0.22868353589246393,
          "rate": 4.372855247743938,
          "cv": 1.0,
          "lambda": 0.15
        },
        "MS1_4": {
          "meanserv": 0.590104813499317,
          "stddevserv": 0.590104813499317,
          "rate": 1.6946142060255496,
          "cv": 1.0,
          "lambda": 0.15
        },
        "MS1_5": {
          "meanserv": 1.1982256342871667,
          "stddevserv": 1.1982256342871667,
          "rate": 0.8345673564185658,
          "cv": 1.0,
          "lambda": 0.15
        },
        "MS1_6": {
          "meanserv": 0.029750211477791666,
          "stddevserv": 0.029750211477791666,
          "rate": 33.61320643876745,
          "cv": 1.0,
          "lambda": 0.15
        },
        "MS1_7": {
          "meanserv": 1.1946926297852878,
          "stddevserv": 1.1946926297852878,
          "rate": 0.8370353805394461,
          "cv": 1.0,
          "lambda": 0.15
        },
        "MS1_8": {
          "meanserv": 0.5414010150183586,
          "stddevserv": 0.5414010150183586,
          "rate": 1.8470597066872707,
          "cv": 1.0,
          "lambda": 0.15
        },
        "MS1_9": {
          "meanserv": 0.17699319802518687,
          "stddevserv": 0.17699319802518687,
          "rate": 5.649934636797148,
          "cv": 1.0,
          "lambda": 0.15
        },
        "MS1_10": {
          "meanserv": 0.6043952138067805,
          "stddevserv": 0.6043952138067805,
          "rate": 1.654546523791121,
          "cv": 1.0,
          "lambda": 0.15
        }
      },
      "sensors": [
        "S1"
      ],
      "sources": [
        {
          "startTime": 0,
          "stopTime": -1,
          "lambda": 0.15
        }
      ]
    },
    "SC2": {
      "resptime": 32.46725392417104,
      "resptime_old": 22.467253924171047,
      "waittime": 16.292780111472748,
      "servicetime": 10.0,
      "networktime": 6.174473812698292,
      "services": {
        "MS2_1": {
          "meanserv": 1.048628355203688,
          "stddevserv": 1.048628355203688,
          "rate": 0.9536267020032638,
          "cv": 1.0,
          "lambda": 0.15
        },
        "MS2_2": {
          "meanserv": 0.829302749140336,
          "stddevserv": 0.829302749140336,
          "rate": 1.205832250087933,
          "cv": 1.0,
          "lambda": 0.15
        },
        "MS2_3": {
          "meanserv": 0.784327767807389,
          "stddevserv": 0.784327767807389,
          "rate": 1.2749771728668091,
          "cv": 1.0,
          "lambda": 0.15
        },
        "MS2_4": {
          "meanserv": 0.017284925341277457,
          "stddevserv": 0.017284925341277457,
          "rate": 57.853880202302,
          "cv": 1.0,
          "lambda": 0.15
        },
        "MS2_5": {
          "meanserv": 2.096121691077464,
          "stddevserv": 2.096121691077464,
          "rate": 0.47707153847827066,
          "cv": 1.0,
          "lambda": 0.15
        },
        "MS2_6": {
          "meanserv": 1.127526396780124,
          "stddevserv": 1.127526396780124,
          "rate": 0.886897196248087,
          "cv": 1.0,
          "lambda": 0.15
        },
        "MS2_7": {
          "meanserv": 2.3227283113455908,
          "stddevserv": 2.3227283113455908,
          "rate": 0.43052818322117287,
          "cv": 1.0,
          "lambda": 0.15
        },
        "MS2_8": {
          "meanserv": 0.13237446299818423,
          "stddevserv": 0.13237446299818423,
          "rate": 7.554327151557298,
          "cv": 1.0,
          "lambda": 0.15
        },
        "MS2_9": {
          "meanserv": 0.992446436172667,
          "stddevserv": 0.992446436172667,
          "rate": 1.007611054412632,
          "cv": 1.0,
          "lambda": 0.15
        },
        "MS2_10": {
          "meanserv": 0.6492589041332799,
          "stddevserv": 0.6492589041332799,
          "rate": 1.5402176137036387,
          "cv": 1.0,
          "lambda": 0.15
        }
      },
      "sensors": [
        "S2"
      ],
      "sources": [
        {
          "startTime": 0,
          "stopTime": -1,
          "lambda": 0.15
        }
      ]
    },
    "SC3": {
      "resptime": 29.648351149429327,
      "resptime_old": 19.648351149429324,
      "waittime": 14.6573900872616,
      "servicetime": 10.0,
      "networktime": 4.9909610621677265,
      "services": {
        "MS3_1": {
          "meanserv": 0.2706707951710863,
          "stddevserv": 0.2706707951710863,
          "rate": 3.694524927847932,
          "cv": 1.0,
          "lambda": 0.15
        },
        "MS3_2": {
          "meanserv": 0.23434583690202238,
          "stddevserv": 0.23434583690202238,
          "rate": 4.267197630731071,
          "cv": 1.0,
          "lambda": 0.15
        },
        "MS3_3": {
          "meanserv": 2.539026273688231,
          "stddevserv": 2.539026273688231,
          "rate": 0.39385177316317554,
          "cv": 1.0,
          "lambda": 0.15
        },
        "MS3_4": {
          "meanserv": 0.14725330794027602,
          "stddevserv": 0.14725330794027602,
          "rate": 6.791018918268286,
          "cv": 1.0,
          "lambda": 0.15
        },
        "MS3_5": {
          "meanserv": 0.17938691613159863,
          "stddevserv": 0.17938691613159863,
          "rate": 5.574542567343082,
          "cv": 1.0,
          "lambda": 0.15
        },
        "MS3_6": {
          "meanserv": 1.9571393800992452,
          "stddevserv": 1.9571393800992452,
          "rate": 0.5109498128586482,
          "cv": 1.0,
          "lambda": 0.15
        },
        "MS3_7": {
          "meanserv": 0.674482506816207,
          "stddevserv": 0.674482506816207,
          "rate": 1.4826181404175316,
          "cv": 1.0,
          "lambda": 0.15
        },
        "MS3_8": {
          "meanserv": 1.3765995614153734,
          "stddevserv": 1.3765995614153734,
          "rate": 0.7264276613395355,
          "cv": 1.0,
          "lambda": 0.15
        },
        "MS3_9": {
          "meanserv": 2.0370872213159252,
          "stddevserv": 2.0370872213159252,
          "rate": 0.49089699721056435,
          "cv": 1.0,
          "lambda": 0.15
        },
        "MS3_10": {
          "meanserv": 0.5840082005200351,
          "stddevserv": 0.5840082005200351,
          "rate": 1.7123047229637212,
          "cv": 1.0,
          "lambda": 0.15
        }
      },
      "sensors": [
        "S3"
      ],
      "sources": [
        {
          "startTime": 0,
          "stopTime": -1,
          "lambda": 0.15
        }
      ]
    },
    "SC4": {
      "resptime": 31.346021293463522,
      "resptime_old": 21.34602129346352,
      "waittime": 16.459446264262873,
      "servicetime": 10.0,
      "networktime": 4.886575029200648,
      "services": {
        "MS4_1": {
          "meanserv": 0.5162428671973152,
          "stddevserv": 0.5162428671973152,
          "rate": 1.937072768538197,
          "cv": 1.0,
          "lambda": 0.15
        },
        "MS4_2": {
          "meanserv": 0.005309054152320414,
          "stddevserv": 0.005309054152320414,
          "rate": 188.35746845093541,
          "cv": 1.0,
          "lambda": 0.15
        },
        "MS4_3": {
          "meanserv": 0.29636040806292674,
          "stddevserv": 0.29636040806292674,
          "rate": 3.3742698848884976,
          "cv": 1.0,
          "lambda": 0.15
        },
        "MS4_4": {
          "meanserv": 2.4774017783864766,
          "stddevserv": 2.4774017783864766,
          "rate": 0.4036486970842883,
          "cv": 1.0,
          "lambda": 0.15
        },
        "MS4_5": {
          "meanserv": 1.1873439133875805,
          "stddevserv": 1.1873439133875805,
          "rate": 0.84221596516794,
          "cv": 1.0,
          "lambda": 0.15
        },
        "MS4_6": {
          "meanserv": 0.16002364740956843,
          "stddevserv": 0.16002364740956843,
          "rate": 6.2490764095669915,
          "cv": 1.0,
          "lambda": 0.15
        },
        "MS4_7": {
          "meanserv": 0.9071605065306967,
          "stddevserv": 0.9071605065306967,
          "rate": 1.102340757562688,
          "cv": 1.0,
          "lambda": 0.15
        },
        "MS4_8": {
          "meanserv": 1.788842966179705,
          "stddevserv": 1.788842966179705,
          "rate": 0.5590205618415033,
          "cv": 1.0,
          "lambda": 0.15
        },
        "MS4_9": {
          "meanserv": 1.512352835061355,
          "stddevserv": 1.512352835061355,
          "rate": 0.6612213610585328,
          "cv": 1.0,
          "lambda": 0.15
        },
        "MS4_10": {
          "meanserv": 1.1489620236320555,
          "stddevserv": 1.1489620236320555,
          "rate": 0.8703507856933667,
          "cv": 1.0,
          "lambda": 0.15
        }
      },
      "sensors": [
        "S4"
      ],
      "sources": [
        {
          "startTime": 0,
          "stopTime": -1,
          "lambda": 0.15
        }
      ]
    }
  },
  "microservice": {
    "MS1_1": "F9",
    "MS1_2": "F8",
    "MS1_3": "F9",
    "MS1_4": "F4",
    "MS1_5": "F10",
    "MS1_6": "F9",
    "MS1_7": "F7",
    "MS1_8": "F9",
    "MS1_9": "F9",
    "MS1_10": "F9",
    "MS2_1": "F6",
    "MS2_2": "F6",
    "MS2_3": "F6",
    "MS2_4": "F9",
    "MS2_5": "F3",
    "MS2_6": "F5",
    "MS2_7": "F10",
    "MS2_8": "F9",
    "MS2_9": "F1",
    "MS2_10": "F1",
    "MS3_1": "F9",
    "MS3_2": "F9",
    "MS3_3": "F5",
    "MS3_4": "F9",
    "MS3_5": "F9",
    "MS3_6": "F7",
    "MS3_7": "F7",
    "MS3_8": "F1",
    "MS3_9": "F3",
    "MS3_10": "F4",
    "MS4_1": "F9",
    "MS4_2": "F9",
    "MS4_3": "F9",
    "MS4_4": "F2",
    "MS4_5": "F6",
    "MS4_6": "F6",
    "MS4_7": "F1",
    "MS4_8": "F2",
    "MS4_9": "F4",
    "MS4_10": "F4"
  },
  "sensor": {
    "S1": "F9",
    "S2": "F6",
    "S3": "F9",
    "S4": "F9"
  },
  "fog": {
    "F1": {
      "rho": 0.5888198112378026,
      "capacity": 1.0,
      "tserv": 0.9813663520630044,
      "stddev": 1.0484020594321881,
      "mu": 1.0189874534599892,
      "cv": 1.0683085447430136,
      "lambda": 0.6,
      "twait": 1.504615386303867
    },
    "F2": {
      "rho": 0.6399367116849274,
      "capacity": 1.0,
      "tserv": 2.133122372283091,
      "stddev": 2.1879825579899945,
      "mu": 0.46879635833067335,
      "cv": 1.0257182552767408,
      "lambda": 0.3,
      "twait": 3.8899322836680073
    },
    "F3": {
      "rho": 0.6199813368590084,
      "capacity": 1.0,
      "tserv": 2.0666044561966945,
      "stddev": 2.067026006774479,
      "mu": 0.4838855335869954,
      "cv": 1.0002039822262652,
      "lambda": 0.3,
      "twait": 3.3722490444703594
    },
    "F4": {
      "rho": 0.5753141809069143,
      "capacity": 1.0,
      "tserv": 0.9588569681781905,
      "stddev": 1.1085577855503874,
      "mu": 1.0429084140671996,
      "cv": 1.1561242420302014,
      "lambda": 0.6,
      "twait": 1.517573900100513
    },
    "F5": {
      "rho": 0.5499829005702532,
      "capacity": 1.0,
      "tserv": 1.8332763352341774,
      "stddev": 2.087359114427955,
      "mu": 0.545471504093933,
      "cv": 1.1385949157311963,
      "lambda": 0.3,
      "twait": 2.5725589773239212
    },
    "F6": {
      "rho": 0.6014439649422842,
      "capacity": 1.0,
      "tserv": 0.8019252865897123,
      "stddev": 0.9445035198730491,
      "mu": 1.246998962026282,
      "cv": 1.1777949089118622,
      "lambda": 0.75,
      "twait": 1.4444371643709966
    },
    "F7": {
      "rho": 0.5739471775051109,
      "capacity": 1.0,
      "tserv": 1.27543817223358,
      "stddev": 1.47704612611654,
      "mu": 0.7840442773080677,
      "cv": 1.1580695625017237,
      "lambda": 0.44999999999999996,
      "twait": 2.011233601744822
    },
    "F8": {
      "rho": 0.7954138317899384,
      "capacity": 1.0,
      "tserv": 5.30275887859959,
      "stddev": 5.30275887859959,
      "mu": 0.18858108069663745,
      "cv": 1.0,
      "lambda": 0.15,
      "twait": 20.616680959361066
    },
    "F9": {
      "rho": 0.5270169926588467,
      "capacity": 1.0,
      "tserv": 0.23422977451504304,
      "stddev": 0.34705565101090885,
      "mu": 4.2693120550981725,
      "cv": 1.4816888746508174,
      "lambda": 2.2499999999999996,
      "twait": 0.41698139389332384
    },
    "F10": {
      "rho": 0.5281430918449136,
      "capacity": 1.0,
      "tserv": 1.7604769728163787,
      "stddev": 1.9317174501392547,
      "mu": 0.5680278784903493,
      "cv": 1.097269365045388,
      "lambda": 0.3,
      "twait": 2.1714670361710984
    }
  },
  "extra": {
    "conv_gen": 116,
    "max_gen": 600,
    "population": 600,
    "deltatime": 61.4516242,
    "obj_func": 34.5514033252019
  },
  "network": [
    [
      0.0,
      1.090945517541445,
      1.1986216607077547,
      0.9352949383007464,
      0.8119482755619798,
      0.8612340865607713,
      0.7168836427814413,
      1.0801276016899768,
      1.396831155793175,
      1.396831155793175
    ],
    [
      1.090945517541445,
      0.0,
      0.9982474208813511,
      0.9928648902892441,
      0.7270864541848876,
      0.9482151046438505,
      1.18874016072692,
      1.396831155793175,
      0.9933154301653367,
      0.9933154301653367
    ],
    [
      1.1986216607077547,
      0.9982474208813511,
      0.0,
      0.6325102958723746,
      1.1068483897441168,
      1.2956992956445346,
      1.0801276016899768,
      0.9933154301653367,
      0.9404827911599255,
      0.9404827911599255
    ],
    [
      0.9352949383007464,
      0.9928648902892441,
      0.6325102958723746,
      0.0,
      0.9816739414409335,
      0.7168836427814413,
      1.396831155793175,
      0.9404827911599255,
      0.49933311238864897,
      0.49933311238864897
    ],
    [
      0.8119482755619798,
      0.7270864541848876,
      1.1068483897441168,
      0.9816739414409335,
      0.0,
      1.18874016072692,
      0.9933154301653367,
      0.49933311238864897,
      0.7673171267168949,
      0.7673171267168949
    ],
    [
      0.8612340865607713,
      0.9482151046438505,
      1.2956992956445346,
      0.7168836427814413,
      1.18874016072692,
      0.0,
      0.9404827911599255,
      0.7673171267168949,
      1.1275742651918992,
      1.1275742651918992
    ],
    [
      0.7168836427814413,
      1.18874016072692,
      1.0801276016899768,
      1.396831155793175,
      0.9933154301653367,
      0.9404827911599255,
      0.0,
      1.1275742651918992,
      0.9083112093723664,
      0.9083112093723664
    ],
    [
      1.0801276016899768,
      1.396831155793175,
      0.9933154301653367,
      0.9404827911599255,
      0.49933311238864897,
      0.7673171267168949,
      1.1275742651918992,
      0.0,
      1.1372171726959939,
      1.1372171726959939
    ],
    [
      1.396831155793175,
      0.9933154301653367,
      0.9404827911599255,
      0.49933311238864897,
      0.7673171267168949,
      1.1275742651918992,
      0.9083112093723664,
      1.1372171726959939,
      0.0,
      0.8354200840922802
    ],
    [
      1.396831155793175,
      0.9933154301653367,
      0.9404827911599255,
      0.49933311238864897,
      0.7673171267168949,
      1.1275742651918992,
      0.9083112093723664,
      1.1372171726959939,
      0.8354200840922802,
      0.0
    ]
  ]
}