{
  "servicechain": {
    "SC1": {
      "resptime": 93.80863777868018,
      "resptime_old": 83.80863777868016,
      "waittime": 79.2538612187972,
      "servicetime": 10.0,
      "networktime": 4.554776559882979,
      "services": {
        "MS1_1": {
          "meanserv": 0.1342814236162071,
          "stddevserv": 0.1342814236162071,
          "rate": 7.447046457134112,
          "cv": 1.0,
          "lambda": 0.3
        },
        "MS1_2": {
          "meanserv": 1.005113675490662,
          "stddevserv": 1.005113675490662,
          "rate": 0.9949123411457259,
          "cv": 1.0,
          "lambda": 0.3
        },
        "MS1_3": {
          "meanserv": 1.3231321930655218,
          "stddevserv": 1.3231321930655218,
          "rate": 0.7557823815647118,
          "cv": 1.0,
          "lambda": 0.3
        },
        "MS1_4": {
          "meanserv": 1.6414132569175361,
          "stddevserv": 1.6414132569175361,
          "rate": 0.6092310975225903,
          "cv": 1.0,
          "lambda": 0.3
        },
        "MS1_5": {
          "meanserv": 0.41234537167017127,
          "stddevserv": 0.41234537167017127,
          "rate": 2.4251515081873762,
          "cv": 1.0,
          "lambda": 0.3
        },
        "MS1_6": {
          "meanserv": 0.5603667941576953,
          "stddevserv": 0.5603667941576953,
          "rate": 1.784545427077154,
          "cv": 1.0,
          "lambda": 0.3
        },
        "MS1_7": {
          "meanserv": 0.8036411138322741,
          "stddevserv": 0.8036411138322741,
          "rate": 1.2443365362821737,
          "cv": 1.0,
          "lambda": 0.3
        },
        "MS1_8": {
          "meanserv": 0.4085073420393277,
          "stddevserv": 0.4085073420393277,
          "rate": 2.4479364189829624,
          "cv": 1.0,
          "lambda": 0.3
        },
        "MS1_9": {
          "meanserv": 3.1842770347999148,
          "stddevserv": 3.1842770347999148,
          "rate": 0.314043027372094,
          "cv": 1.0,
          "lambda": 0.3
        },
        "MS1_10": {
          "meanserv": 0.5269217944106899,
          "stddevserv": 0.5269217944106899,
          "rate": 1.8978148381932114,
          "cv": 1.0,
          "lambda": 0.3
        }
      },
      "sensors": [
        "S1"
      ],
      "sources": [
        {
          "startTime": 0,
          "stopTime": -1,
          "lambda": 0.3
        }
      ]
    },
    "SC2": {
      "resptime": 32.09208163655246,
      "resptime_old": 22.092081636552454,
      "waittime": 17.031003216732312,
      "servicetime": 10.0,
      "networktime": 5.061078419820145,
      "services": {
        "MS2_1": {
          "meanserv": 1.7821579027440082,
          "stddevserv": 1.7821579027440082,
          "rate": 0.5611175072984773,
          "cv": 1.0,
          "lambda": 0.3
        },
        "MS2_2": {
          "meanserv": 1.103123816928603,
          "stddevserv": 1.103123816928603,
          "rate": 0.9065165529507577,
          "cv": 1.0,
          "lambda": 0.3
        },
        "MS2_3": {
          "meanserv": 2.377844886218516,
          "stddevserv": 2.377844886218516,
          "rate": 0.42054887843853384,
          "cv": 1.0,
          "lambda": 0.3
        },
        "MS2_4": {
          "meanserv": 1.8262502499437963,
          "stddevserv": 1.8262502499437963,
          "rate": 0.5475700824850129,
          "cv": 1.0,
          "lambda": 0.3
        },
        "MS2_5": {
          "meanserv": 0.7082907963866605,
          "stddevserv": 0.7082907963866605,
          "rate": 1.4118494904938643,
          "cv": 1.0,
          "lambda": 0.3
        },
        "MS2_6": {
          "meanserv": 0.32523227122731235,
          "stddevserv": 0.32523227122731235,
          "rate": 3.074725629859396,
          "cv": 1.0,
          "lambda": 0.3
        },
        "MS2_7": {
          "meanserv": 0.14826729607344014,
          "stddevserv": 0.14826729607344014,
          "rate": 6.7445756851509415,
          "cv": 1.0,
          "lambda": 0.3
        },
        "MS2_8": {
          "meanserv": 1.3432385361547965,
          "stddevserv": 1.3432385361547965,
          "rate": 0.7444694096274489,
          "cv": 1.0,
          "lambda": 0.3
        },
        "MS2_9": {
          "meanserv": 0.09177737032410249,
          "stddevserv": 0.09177737032410249,
          "rate": 10.895932150470221,
          "cv": 1.0,
          "lambda": 0.3
        },
        "MS2_10": {
          "meanserv": 0.29381687399876455,
          "stddevserv": 0.29381687399876455,
          "rate": 3.4034804958281764,
          "cv": 1.0,
          "lambda": 0.3
        }
      },
      "sensors": [
        "S2"
      ],
      "sources": [
        {
          "startTime": 0,
          "stopTime": -1,
          "lambda": 0.3
        }
      ]
    },
    "SC3": {
      "resptime": 35.30670562592802,
      "resptime_old": 25.30670562592802,
      "waittime": 21.03384296376611,
      "servicetime": 10.0,
      "networktime": 4.272862662161912,
      "services": {
        "MS3_1": {
          "meanserv": 0.08965009360033527,
          "stddevserv": 0.08965009360033527,
          "rate": 11.154478036108378,
          "cv": 1.0,
          "lambda": 0.3
        },
        "MS3_2": {
          "meanserv": 1.5991553434697858,
          "stddevserv": 1.5991553434697858,
          "rate": 0.6253301182299391,
          "cv": 1.0,
          "lambda": 0.3
        },
        "MS3_3": {
          "meanserv": 1.1280222171227916,
          "stddevserv": 1.1280222171227916,
          "rate": 0.8865073620186901,
          "cv": 1.0,
          "lambda": 0.3
        },
        "MS3_4": {
          "meanserv": 0.6802754224703156,
          "stddevserv": 0.6802754224703156,
          "rate": 1.4699928396187736,
          "cv": 1.0,
          "lambda": 0.3
        },
        "MS3_5": {
          "meanserv": 2.5766103010918253,
          "stddevserv": 2.5766103010918253,
          "rate": 0.3881068082263954,
          "cv": 1.0,
          "lambda": 0.3
        },
        "MS3_6": {
          "meanserv": 2.128389475823864,
          "stddevserv": 2.128389475823864,
          "rate": 0.4698388200838649,
          "cv": 1.0,
          "lambda": 0.3
        },
        "MS3_7": {
          "meanserv": 0.3750474647578095,
          "stddevserv": 0.3750474647578095,
          "rate": 2.6663291822163355,
          "cv": 1.0,
          "lambda": 0.3
        },
        "MS3_8": {
          "meanserv": 0.006027611510010189,
          "stddevserv": 0.006027611510010189,
          "rate": 165.9031937176571,
          "cv": 1.0,
          "lambda": 0.3
        },
        "MS3_9": {
          "meanserv": 1.3152154145625286,
          "stddevserv": 1.3152154145625286,
          "rate": 0.760331721273677,
          "cv": 1.0,
          "lambda": 0.3
        },
        "MS3_10": {
          "meanserv": 0.10160665559073401,
          "stddevserv": 0.10160665559073401,
          "rate": 9.841874965631629,
          "cv": 1.0,
          "lambda": 0.3
        }
      },
      "sensors": [
        "S3"
      ],
      "sources": [
        {
          "startTime": 0,
          "stopTime": -1,
          "lambda": 0.3
        }
      ]
    },
    "SC4": {
      "resptime": 33.867032341157255,
      "resptime_old": 23.86703234115726,
      "waittime": 18.904771537521242,
      "servicetime": 10.0,
      "networktime": 4.962260803636013,
      "services": {
        "MS4_1": {
          "meanserv": 1.1722760205487626,
          "stddevserv": 1.1722760205487626,
          "rate": 0.8530414189756119,
          "cv": 1.0,
          "lambda": 0.3
        },
        "MS4_2": {
          "meanserv": 1.2671407807567638,
          "stddevserv": 1.2671407807567638,
          "rate": 0.7891782943034777,
          "cv": 1.0,
          "lambda": 0.3
        },
        "MS4_3": {
          "meanserv": 0.5982366133194481,
          "stddevserv": 0.5982366133194481,
          "rate": 1.6715794014199146,
          "cv": 1.0,
          "lambda": 0.3
        },
        "MS4_4": {
          "meanserv": 1.2140292735872529,
          "stddevserv": 1.2140292735872529,
          "rate": 0.8237033667608095,
          "cv": 1.0,
          "lambda": 0.3
        },
        "MS4_5": {
          "meanserv": 0.7290394185226345,
          "stddevserv": 0.7290394185226345,
          "rate": 1.37166794358864,
          "cv": 1.0,
          "lambda": 0.3
        },
        "MS4_6": {
          "meanserv": 0.4166657911782865,
          "stddevserv": 0.4166657911782865,
          "rate": 2.4000050428236657,
          "cv": 1.0,
          "lambda": 0.3
        },
        "MS4_7": {
          "meanserv": 1.973188951526648,
          "stddevserv": 1.973188951526648,
          "rate": 0.5067938370657834,
          "cv": 1.0,
          "lambda": 0.3
        },
        "MS4_8": {
          "meanserv": 0.37197920908681326,
          "stddevserv": 0.37197920908681326,
          "rate": 2.6883222921381553,
          "cv": 1.0,
          "lambda": 0.3
        },
        "MS4_9": {
          "meanserv": 2.2279979693529715,
          "stddevserv": 2.2279979693529715,
          "rate": 0.4488334431877458,
          "cv": 1.0,
          "lambda": 0.3
        },
        "MS4_10": {
          "meanserv": 0.029445972120418773,
          "stddevserv": 0.029445972120418773,
          "rate": 33.96050216683348,
          "cv": 1.0,
          "lambda": 0.3
        }
      },
      "sensors": [
        "S4"
      ],
      "sources": [
        {
          "startTime": 0,
          "stopTime": -1,
          "lambda": 0.3
        }
      ]
    }
  },
  "microservice": {
    "MS1_1": "F11",
    "MS1_2": "F11",
    "MS1_3": "F15",
    "MS1_4": "F16",
    "MS1_5": "F18",
    "MS1_6": "F18",
    "MS1_7": "F18",
    "MS1_8": "F18",
    "MS1_9": "F10",
    "MS1_10": "F4",
    "MS2_1": "F13",
    "MS2_2": "F15",
    "MS2_3": "F20",
    "MS2_4": "F3",
    "MS2_5": "F4",
    "MS2_6": "F4",
    "MS2_7": "F4",
    "MS2_8": "F7",
    "MS2_9": "F5",
    "MS2_10": "F5",
    "MS3_1": "F2",
    "MS3_2": "F2",
    "MS3_3": "F14",
    "MS3_4": "F14",
    "MS3_5": "F1",
    "MS3_6": "F12",
    "MS3_7": "F11",
    "MS3_8": "F11",
    "MS3_9": "F19",
    "MS3_10": "F19",
    "MS4_1": "F17",
    "MS4_2": "F17",
    "MS4_3": "F5",
    "MS4_4": "F8",
    "MS4_5": "F8",
    "MS4_6": "F5",
    "MS4_7": "F9",
    "MS4_8": "F5",
    "MS4_9": "F6",
    "MS4_10": "F5"
  },
  "sensor": {
    "S1": "F11",
    "S2": "F13",
    "S3": "F2",
    "S4": "F17"
  },
  "fog": {
    "F1": {
      "rho": 0.7729830903275475,
      "capacity": 1.0,
      "tserv": 2.5766103010918253,
      "stddev": 2.5766103010918253,
      "mu": 0.3881068082263954,
      "cv": 1.0,
      "lambda": 0.3,
      "twait": 8.773250397873042
    },
    "F2": {
      "rho": 0.5066416311210363,
      "capacity": 1.0,
      "tserv": 0.8444027185350605,
      "stddev": 1.3609992655255612,
      "mu": 1.1842690437270056,
      "cv": 1.6117892986971132,
      "lambda": 0.6,
      "twait": 1.5599218217335287
    },
    "F3": {
      "rho": 0.5478750749831387,
      "capacity": 1.0,
      "tserv": 1.826250249943796,
      "stddev": 1.8262502499437965,
      "mu": 0.547570082485013,
      "cv": 1.0000000000000002,
      "lambda": 0.3,
      "twait": 2.2130100272366513
    },
    "F4": {
      "rho": 0.5126136474294308,
      "capacity": 1.0,
      "tserv": 0.4271780395245257,
      "stddev": 0.5206339866449374,
      "mu": 2.340944307701442,
      "cv": 1.2187751674323748,
      "lambda": 1.2,
      "twait": 0.558334253443606
    },
    "F5": {
      "rho": 0.5405765490083501,
      "capacity": 1.0,
      "tserv": 0.3003203050046389,
      "stddev": 0.4061640098436809,
      "mu": 3.3297781846104395,
      "cv": 1.3524360593513884,
      "lambda": 1.8,
      "twait": 0.4998555018157164
    },
    "F6": {
      "rho": 0.6683993908058914,
      "capacity": 1.0,
      "tserv": 2.2279979693529715,
      "stddev": 2.2279979693529715,
      "mu": 0.4488334431877458,
      "cv": 1.0,
      "lambda": 0.3,
      "twait": 4.490922043392756
    },
    "F7": {
      "rho": 0.4029715608464389,
      "capacity": 1.0,
      "tserv": 1.3432385361547965,
      "stddev": 1.3432385361547967,
      "mu": 0.7444694096274489,
      "cv": 1.0000000000000002,
      "lambda": 0.3,
      "twait": 0.9066350847051698
    },
    "F8": {
      "rho": 0.5829206076329663,
      "capacity": 1.0,
      "tserv": 0.9715343460549438,
      "stddev": 1.0302847011007232,
      "mu": 1.0292996887455859,
      "cv": 1.0604717221623134,
      "lambda": 0.6,
      "twait": 1.4424344052380371
    },
    "F9": {
      "rho": 0.5919566854579944,
      "capacity": 1.0,
      "tserv": 1.973188951526648,
      "stddev": 1.973188951526648,
      "mu": 0.5067938370657834,
      "cv": 1.0,
      "lambda": 0.3,
      "twait": 2.862545102200925
    },
    "F10": {
      "rho": 0.9552831104399745,
      "capacity": 1.0,
      "tserv": 3.1842770347999148,
      "stddev": 3.1842770347999148,
      "mu": 0.314043027372094,
      "cv": 1.0,
      "lambda": 0.3,
      "twait": 68.02543960985881
    },
    "F11": {
      "rho": 0.45614105261240656,
      "capacity": 1.0,
      "tserv": 0.3801175438436722,
      "stddev": 0.663326179203349,
      "mu": 2.6307651835487547,
      "cv": 1.7450554175845925,
      "lambda": 1.2,
      "twait": 0.6448263506137101
    },
    "F12": {
      "rho": 0.6385168427471591,
      "capacity": 1.0,
      "tserv": 2.128389475823864,
      "stddev": 2.128389475823864,
      "mu": 0.4698388200838649,
      "cv": 1.0,
      "lambda": 0.3,
      "twait": 3.7595459178994832
    },
    "F13": {
      "rho": 0.5346473708232025,
      "capacity": 1.0,
      "tserv": 1.7821579027440082,
      "stddev": 1.7821579027440082,
      "mu": 0.5611175072984773,
      "cv": 1.0,
      "lambda": 0.3,
      "twait": 2.047535518987854
    },
    "F14": {
      "rho": 0.5424892918779322,
      "capacity": 1.0,
      "tserv": 0.9041488197965536,
      "stddev": 0.9579789582241793,
      "mu": 1.1060126144112141,
      "cv": 1.059536812136456,
      "lambda": 0.6,
      "twait": 1.1378151867934962
    },
    "F15": {
      "rho": 0.7278768029982375,
      "capacity": 1.0,
      "tserv": 1.2131280049970625,
      "stddev": 1.2230623039295072,
      "mu": 0.8243153202966585,
      "cv": 1.0081889948064209,
      "lambda": 0.6,
      "twait": 3.2715633821349166
    },
    "F16": {
      "rho": 0.4924239770752608,
      "capacity": 1.0,
      "tserv": 1.6414132569175361,
      "stddev": 1.6414132569175361,
      "mu": 0.6092310975225903,
      "cv": 1.0,
      "lambda": 0.3,
      "twait": 1.5924141556923708
    },
    "F17": {
      "rho": 0.731825040391658,
      "capacity": 1.0,
      "tserv": 1.2197084006527634,
      "stddev": 1.2215515723814454,
      "mu": 0.8198680926234665,
      "cv": 1.0015111576895719,
      "lambda": 0.6,
      "twait": 3.3335067870943105
    },
    "F18": {
      "rho": 0.6554581865098404,
      "capacity": 1.0,
      "tserv": 0.5462151554248671,
      "stddev": 0.5916311967105755,
      "mu": 1.830780398654742,
      "cv": 1.0831467981703695,
      "lambda": 1.2,
      "twait": 1.1291142791100175
    },
    "F19": {
      "rho": 0.42504662104597873,
      "capacity": 1.0,
      "tserv": 0.7084110350766313,
      "stddev": 1.1127754960210412,
      "mu": 1.411609857110465,
      "cv": 1.5708048589342887,
      "lambda": 0.6,
      "twait": 0.9079599648560589
    },
    "F20": {
      "rho": 0.7133534658655548,
      "capacity": 1.0,
      "tserv": 2.377844886218516,
      "stddev": 2.377844886218516,
      "mu": 0.42054887843853384,
      "cv": 1.0,
      "lambda": 0.3,
      "twait": 5.91754543970547
    }
  },
  "extra": {
    "deltatime": 5.7317875,
    "conv": 16,
    "obj_func": 48.76861434557948
  },
  "network": [
    [
      0.0,
      1.1694579110536711,
      0.9062889235844407,
      1.1235510875557824,
      1.1940024237908426,
      0.8576044048641952,
      0.8365834017733607,
      0.7350396298198925,
      1.0512179078096433,
      1.1809870290207551,
      1.299169283289422,
      0.7371966573513028,
      1.1748456357746488,
      1.0378623015132626,
      1.4408755885197608,
      0.9423406496346229,
      0.9986329989157212,
      1.001862459588398,
      0.9795799975464795,
      0.9795799975464795
    ],
    [
      1.1694579110536711,
      0.0,
      1.0227120883096,
      1.2563557761788438,
      1.2505165195847,
      0.7890609358399244,
      0.968570565325144,
      0.7868184091465147,
      1.3219005448276115,
      0.8426282455760123,
      1.0473208061923145,
      0.9371279096457334,
      0.9287265741692059,
      0.6888450758662734,
      0.788880309724022,
      1.2325236882268658,
      1.0172043822122006,
      0.9795799975464795,
      0.893261153653481,
      0.893261153653481
    ],
    [
      0.9062889235844407,
      1.0227120883096,
      0.0,
      0.7233836964901106,
      1.0831836979568688,
      1.1031732639422234,
      0.9060090487082486,
      1.559370741317134,
      0.7088575489510384,
      0.9148223243101129,
      0.7085083890646682,
      1.0778542043695145,
      1.2302979392252968,
      0.8126877992253919,
      1.0636170310233888,
      0.8012461746791063,
      1.001862459588398,
      0.893261153653481,
      0.8211668047059302,
      0.8211668047059302
    ],
    [
      1.1235510875557824,
      1.2563557761788438,
      0.7233836964901106,
      0.0,
      0.9793074188477259,
      1.077881060362228,
      0.5590426419907867,
      0.9800842443159787,
      0.9951304284956592,
      0.8413014267487023,
      1.2624970620408984,
      1.3535535720516312,
      1.0161650638861206,
      0.9747579377965556,
      1.298851228156988,
      0.9986329989157212,
      0.9795799975464795,
      0.8211668047059302,
      1.2650432980827526,
      1.2650432980827526
    ],
    [
      1.1940024237908426,
      1.2505165195847,
      1.0831836979568688,
      0.9793074188477259,
      0.0,
      0.8383517460114229,
      1.2543005046465294,
      0.4087445411304239,
      0.7874035378494194,
      0.9911244775074345,
      0.9867292753197326,
      0.8014894833993007,
      1.15777094408765,
      1.3425907256187297,
      0.9423406496346229,
      1.0172043822122006,
      0.893261153653481,
      1.2650432980827526,
      1.1819058448671957,
      1.1819058448671957
    ],
    [
      0.8576044048641952,
      0.7890609358399244,
      1.1031732639422234,
      1.077881060362228,
      0.8383517460114229,
      0.0,
      0.7715780881540926,
      0.7964958047986448,
      0.6847049766233599,
      0.9306622823284816,
      1.0305282213483873,
      0.9233874717902488,
      1.1906168833667312,
      1.4408755885197608,
      1.2325236882268658,
      1.001862459588398,
      0.8211668047059302,
      1.1819058448671957,
      1.3386646969951395,
      1.3386646969951395
    ],
    [
      0.8365834017733607,
      0.968570565325144,
      0.9060090487082486,
      0.5590426419907867,
      1.2543005046465294,
      0.7715780881540926,
      0.0,
      1.0408513974260405,
      1.2632105695979128,
      1.1118892066929749,
      1.0707790335485838,
      0.8740810914727083,
      1.0378623015132626,
      0.788880309724022,
      0.8012461746791063,
      0.9795799975464795,
      1.2650432980827526,
      1.3386646969951395,
      1.1578395875475795,
      1.1578395875475795
    ],
    [
      0.7350396298198925,
      0.7868184091465147,
      1.559370741317134,
      0.9800842443159787,
      0.4087445411304239,
      0.7964958047986448,
      1.0408513974260405,
      0.0,
      1.0268371043634619,
      0.8464849151574116,
      0.8032647244460466,
      1.1748456357746488,
      0.6888450758662734,
      1.0636170310233888,
      0.9986329989157212,
      0.893261153653481,
      1.1819058448671957,
      1.1578395875475795,
      1.187487902001529,
      1.187487902001529
    ],
    [
      1.0512179078096433,
      1.3219005448276115,
      0.7088575489510384,
      0.9951304284956592,
      0.7874035378494194,
      0.6847049766233599,
      1.2632105695979128,
      1.0268371043634619,
      0.0,
      0.5190440842415587,
      0.7371966573513028,
      0.9287265741692059,
      0.8126877992253919,
      1.298851228156988,
      1.0172043822122006,
      0.8211668047059302,
      1.3386646969951395,
      1.187487902001529,
      0.925938584153469,
      0.925938584153469
    ],
    [
      1.1809870290207551,
      0.8426282455760123,
      0.9148223243101129,
      0.8413014267487023,
      0.9911244775074345,
      0.9306622823284816,
      1.1118892066929749,
      0.8464849151574116,
      0.5190440842415587,
      0.0,
      0.9371279096457334,
      1.2302979392252968,
      0.9747579377965556,
      0.9423406496346229,
      1.001862459588398,
      1.2650432980827526,
      1.1578395875475795,
      0.925938584153469,
      1.0916001484576277,
      1.0916001484576277
    ],
    [
      1.299169283289422,
      1.0473208061923145,
      0.7085083890646682,
      1.2624970620408984,
      0.9867292753197326,
      1.0305282213483873,
      1.0707790335485838,
      0.8032647244460466,
      0.7371966573513028,
      0.9371279096457334,
      0.0,
      1.0161650638861206,
      1.3425907256187297,
      1.2325236882268658,
      0.9795799975464795,
      1.1819058448671957,
      1.187487902001529,
      1.0916001484576277,
      0.7927935635449529,
      0.7927935635449529
    ],
    [
      0.7371966573513028,
      0.9371279096457334,
      1.0778542043695145,
      1.3535535720516312,
      0.8014894833993007,
      0.9233874717902488,
      0.8740810914727083,
      1.1748456357746488,
      0.9287265741692059,
      1.2302979392252968,
      1.0161650638861206,
      0.0,
      1.4408755885197608,
      0.8012461746791063,
      0.893261153653481,
      1.3386646969951395,
      0.925938584153469,
      0.7927935635449529,
      1.085070577819509,
      1.085070577819509
    ],
    [
      1.1748456357746488,
      0.9287265741692059,
      1.2302979392252968,
      1.0161650638861206,
      1.15777094408765,
      1.1906168833667312,
      1.0378623015132626,
      0.6888450758662734,
      0.8126877992253919,
      0.9747579377965556,
      1.3425907256187297,
      1.4408755885197608,
      0.0,
      0.9986329989157212,
      0.8211668047059302,
      1.1578395875475795,
      1.0916001484576277,
      1.085070577819509,
      0.7503911843076001,
      0.7503911843076001
    ],
    [
      1.0378623015132626,
      0.6888450758662734,
      0.8126877992253919,
      0.9747579377965556,
      1.3425907256187297,
      1.4408755885197608,
      0.788880309724022,
      1.0636170310233888,
      1.298851228156988,
      0.9423406496346229,
      1.2325236882268658,
      0.8012461746791063,
      0.9986329989157212,
      0.0,
      1.2650432980827526,
      1.187487902001529,
      0.7927935635449529,
      0.7503911843076001,
      1.16473197860586,
      1.16473197860586
    ],
    [
      1.4408755885197608,
      0.788880309724022,
      1.0636170310233888,
      1.298851228156988,
      0.9423406496346229,
      1.2325236882268658,
      0.8012461746791063,
      0.9986329989157212,
      1.0172043822122006,
      1.001862459588398,
      0.9795799975464795,
      0.893261153653481,
      0.8211668047059302,
      1.2650432980827526,
      0.0,
      0.925938584153469,
      1.085070577819509,
      1.16473197860586,
      0.8820179672808584,
      0.8820179672808584
    ],
    [
      0.9423406496346229,
      1.2325236882268658,
      0.8012461746791063,
      0.9986329989157212,
      1.0172043822122006,
      1.001862459588398,
      0.9795799975464795,
      0.893261153653481,
      0.8211668047059302,
      1.2650432980827526,
      1.1819058448671957,
      1.3386646969951395,
      1.1578395875475795,
      1.187487902001529,
      0.925938584153469,
      0.0,
      0.7503911843076001,
      0.8820179672808584,
      1.3723811926265836,
      1.3723811926265836
    ],
    [
      0.9986329989157212,
      1.0172043822122006,
      1.001862459588398,
      0.9795799975464795,
      0.893261153653481,
      0.8211668047059302,
      1.2650432980827526,
      1.1819058448671957,
      1.3386646969951395,
      1.1578395875475795,
      1.187487902001529,
      0.925938584153469,
      1.0916001484576277,
      0.7927935635449529,
      1.085070577819509,
      0.7503911843076001,
      0.0,
      1.3723811926265836,
      1.0790323080335953,
      1.0790323080335953
    ],
    [
      1.001862459588398,
      0.9795799975464795,
      0.893261153653481,
      0.8211668047059302,
      1.2650432980827526,
      1.1819058448671957,
      1.3386646969951395,
      1.1578395875475795,
      1.187487902001529,
      0.925938584153469,
      1.0916001484576277,
      0.7927935635449529,
      1.085070577819509,
      0.7503911843076001,
      1.16473197860586,
      0.8820179672808584,
      1.3723811926265836,
      0.0,
      0.9025472406985444,
      0.9025472406985444
    ],
    [
      0.9795799975464795,
      0.893261153653481,
      0.8211668047059302,
      1.2650432980827526,
      1.1819058448671957,
      1.3386646969951395,
      1.1578395875475795,
      1.187487902001529,
      0.925938584153469,
      1.0916001484576277,
      0.7927935635449529,
      1.085070577819509,
      0.7503911843076001,
      1.16473197860586,
      0.8820179672808584,
      1.3723811926265836,
      1.0790323080335953,
      0.9025472406985444,
      0.0,
      1.1055997746922017
    ],
    [
      0.9795799975464795,
      0.893261153653481,
      0.8211668047059302,
      1.2650432980827526,
      1.1819058448671957,
      1.3386646969951395,
      1.1578395875475795,
      1.187487902001529,
      0.925938584153469,
      1.0916001484576277,
      0.7927935635449529,
      1.085070577819509,
      0.7503911843076001,
      1.16473197860586,
      0.8820179672808584,
      1.3723811926265836,
      1.0790323080335953,
      0.9025472406985444,
      1.1055997746922017,
      0.0
    ]
  ]
}