{
  "servicechain": {
    "SC1": {
      "resptime": 42.34328607630944,
      "resptime_old": 32.34328607630945,
      "waittime": 26.925462657513084,
      "servicetime": 10.0,
      "networktime": 5.417823418796363,
      "services": {
        "MS1_1": {
          "meanserv": 1.1507260074842829,
          "stddevserv": 1.1507260074842829,
          "rate": 0.8690165977791706,
          "cv": 1.0,
          "lambda": 0.15
        },
        "MS1_2": {
          "meanserv": 0.2102105954477007,
          "stddevserv": 0.2102105954477007,
          "rate": 4.757134139077184,
          "cv": 1.0,
          "lambda": 0.15
        },
        "MS1_3": {
          "meanserv": 0.26128184938375987,
          "stddevserv": 0.26128184938375987,
          "rate": 3.827284606100754,
          "cv": 1.0,
          "lambda": 0.15
        },
        "MS1_4": {
          "meanserv": 1.3786443376787105,
          "stddevserv": 1.3786443376787105,
          "rate": 0.7253502391224033,
          "cv": 1.0,
          "lambda": 0.15
        },
        "MS1_5": {
          "meanserv": 2.7454548026502006,
          "stddevserv": 2.7454548026502006,
          "rate": 0.36423837647397994,
          "cv": 1.0,
          "lambda": 0.15
        },
        "MS1_6": {
          "meanserv": 0.09071796242291086,
          "stddevserv": 0.09071796242291086,
          "rate": 11.023175270826515,
          "cv": 1.0,
          "lambda": 0.15
        },
        "MS1_7": {
          "meanserv": 0.585139710718094,
          "stddevserv": 0.585139710718094,
          "rate": 1.7089935645843999,
          "cv": 1.0,
          "lambda": 0.15
        },
        "MS1_8": {
          "meanserv": 1.132258259691902,
          "stddevserv": 1.132258259691902,
          "rate": 0.8831907309487054,
          "cv": 1.0,
          "lambda": 0.15
        },
        "MS1_9": {
          "meanserv": 0.28308449977186534,
          "stddevserv": 0.28308449977186534,
          "rate": 3.5325141461503153,
          "cv": 1.0,
          "lambda": 0.15
        },
        "MS1_10": {
          "meanserv": 0.245307388976709,
          "stddevserv": 0.245307388976709,
          "rate": 4.07651805423173,
          "cv": 1.0,
          "lambda": 0.15
        },
        "MS1_11": {
          "meanserv": 0.5737139258685033,
          "stddevserv": 0.5737139258685033,
          "rate": 1.7430289817110043,
          "cv": 1.0,
          "lambda": 0.15
        },
        "MS1_12": {
          "meanserv": 0.37479803705126713,
          "stddevserv": 0.37479803705126713,
          "rate": 2.6681036215331457,
          "cv": 1.0,
          "lambda": 0.15
        },
        "MS1_13": {
          "meanserv": 0.2652945257769357,
          "stddevserv": 0.2652945257769357,
          "rate": 3.7693955315188736,
          "cv": 1.0,
          "lambda": 0.15
        },
        "MS1_14": {
          "meanserv": 0.28124048471928553,
          "stddevserv": 0.28124048471928553,
          "rate": 3.5556758515692706,
          "cv": 1.0,
          "lambda": 0.15
        },
        "MS1_15": {
          "meanserv": 0.42212761235787255,
          "stddevserv": 0.42212761235787255,
          "rate": 2.368951877879567,
          "cv": 1.0,
          "lambda": 0.15
        }
      },
      "sensors": [
        "S1"
      ],
      "sources": [
        {
          "startTime": 0,
          "stopTime": -1,
          "lambda": 0.15
        }
      ]
    },
    "SC2": {
      "resptime": 40.04073278350279,
      "resptime_old": 30.040732783502786,
      "waittime": 26.543621724126506,
      "servicetime": 10.0,
      "networktime": 3.497111059376278,
      "services": {
        "MS2_1": {
          "meanserv": 0.09587530039152692,
          "stddevserv": 0.09587530039152692,
          "rate": 10.430215038871221,
          "cv": 1.0,
          "lambda": 0.15
        },
        "MS2_2": {
          "meanserv": 0.2657855658707342,
          "stddevserv": 0.2657855658707342,
          "rate": 3.7624315553928676,
          "cv": 1.0,
          "lambda": 0.15
        },
        "MS2_3": {
          "meanserv": 0.15979051199504934,
          "stddevserv": 0.15979051199504934,
          "rate": 6.258193853405903,
          "cv": 1.0,
          "lambda": 0.15
        },
        "MS2_4": {
          "meanserv": 1.1794260802655465,
          "stddevserv": 1.1794260802655465,
          "rate": 0.8478700079066007,
          "cv": 1.0,
          "lambda": 0.15
        },
        "MS2_5": {
          "meanserv": 1.1779118881488284,
          "stddevserv": 1.1779118881488284,
          "rate": 0.8489599350012254,
          "cv": 1.0,
          "lambda": 0.15
        },
        "MS2_6": {
          "meanserv": 0.2313980475560915,
          "stddevserv": 0.2313980475560915,
          "rate": 4.32155763871602,
          "cv": 1.0,
          "lambda": 0.15
        },
        "MS2_7": {
          "meanserv": 0.7891035118783454,
          "stddevserv": 0.7891035118783454,
          "rate": 1.2672608662197515,
          "cv": 1.0,
          "lambda": 0.15
        },
        "MS2_8": {
          "meanserv": 0.339709333813234,
          "stddevserv": 0.339709333813234,
          "rate": 2.943693035381188,
          "cv": 1.0,
          "lambda": 0.15
        },
        "MS2_9": {
          "meanserv": 2.2916663825391934,
          "stddevserv": 2.2916663825391934,
          "rate": 0.436363690465271,
          "cv": 1.0,
          "lambda": 0.15
        },
        "MS2_10": {
          "meanserv": 1.0853541666556223,
          "stddevserv": 1.0853541666556223,
          "rate": 0.9213582356083544,
          "cv": 1.0,
          "lambda": 0.15
        },
        "MS2_11": {
          "meanserv": 0.0023773716281461077,
          "stddevserv": 0.0023773716281461077,
          "rate": 420.6325961666362,
          "cv": 1.0,
          "lambda": 0.15
        },
        "MS2_12": {
          "meanserv": 0.04053309446885578,
          "stddevserv": 0.04053309446885578,
          "rate": 24.67119801988879,
          "cv": 1.0,
          "lambda": 0.15
        },
        "MS2_13": {
          "meanserv": 1.8039858103732893,
          "stddevserv": 1.8039858103732893,
          "rate": 0.5543280852043261,
          "cv": 1.0,
          "lambda": 0.15
        },
        "MS2_14": {
          "meanserv": 0.3026267716267377,
          "stddevserv": 0.3026267716267377,
          "rate": 3.3044003166825178,
          "cv": 1.0,
          "lambda": 0.15
        },
        "MS2_15": {
          "meanserv": 0.2344561627887991,
          "stddevserv": 0.2344561627887991,
          "rate": 4.265189654668245,
          "cv": 1.0,
          "lambda": 0.15
        }
      },
      "sensors": [
        "S2"
      ],
      "sources": [
        {
          "startTime": 0,
          "stopTime": -1,
          "lambda": 0.15
        }
      ]
    },
    "SC3": {
      "resptime": 39.53924201786081,
      "resptime_old": 29.539242017860808,
      "waittime": 26.210658218859102,
      "servicetime": 10.0,
      "networktime": 3.3285837990017026,
      "services": {
        "MS3_1": {
          "meanserv": 0.07567222220643877,
          "stddevserv": 0.07567222220643877,
          "rate": 13.214888777442463,
          "cv": 1.0,
          "lambda": 0.15
        },
        "MS3_2": {
          "meanserv": 0.3284775093271264,
          "stddevserv": 0.3284775093271264,
          "rate": 3.044348461020853,
          "cv": 1.0,
          "lambda": 0.15
        },
        "MS3_3": {
          "meanserv": 0.015110450985436064,
          "stddevserv": 0.015110450985436064,
          "rate": 66.17936161957257,
          "cv": 1.0,
          "lambda": 0.15
        },
        "MS3_4": {
          "meanserv": 0.8198114159683279,
          "stddevserv": 0.8198114159683279,
          "rate": 1.2197927236946813,
          "cv": 1.0,
          "lambda": 0.15
        },
        "MS3_5": {
          "meanserv": 1.5144932425244493,
          "stddevserv": 1.5144932425244493,
          "rate": 0.6602868681890843,
          "cv": 1.0,
          "lambda": 0.15
        },
        "MS3_6": {
          "meanserv": 0.6818855160894088,
          "stddevserv": 0.6818855160894088,
          "rate": 1.4665218374705586,
          "cv": 1.0,
          "lambda": 0.15
        },
        "MS3_7": {
          "meanserv": 0.32831853956801815,
          "stddevserv": 0.32831853956801815,
          "rate": 3.0458225152796428,
          "cv": 1.0,
          "lambda": 0.15
        },
        "MS3_8": {
          "meanserv": 0.18670321684732105,
          "stddevserv": 0.18670321684732105,
          "rate": 5.356094109603708,
          "cv": 1.0,
          "lambda": 0.15
        },
        "MS3_9": {
          "meanserv": 0.4388705526119425,
          "stddevserv": 0.4388705526119425,
          "rate": 2.278576208972076,
          "cv": 1.0,
          "lambda": 0.15
        },
        "MS3_10": {
          "meanserv": 1.058908812592339,
          "stddevserv": 1.058908812592339,
          "rate": 0.9443683800797512,
          "cv": 1.0,
          "lambda": 0.15
        },
        "MS3_11": {
          "meanserv": 0.514435559868585,
          "stddevserv": 0.514435559868585,
          "rate": 1.943878063669344,
          "cv": 1.0,
          "lambda": 0.15
        },
        "MS3_12": {
          "meanserv": 1.2141466367734886,
          "stddevserv": 1.2141466367734886,
          "rate": 0.8236237450341513,
          "cv": 1.0,
          "lambda": 0.15
        },
        "MS3_13": {
          "meanserv": 1.0486192703752168,
          "stddevserv": 1.0486192703752168,
          "rate": 0.9536349638531629,
          "cv": 1.0,
          "lambda": 0.15
        },
        "MS3_14": {
          "meanserv": 0.6444663703745164,
          "stddevserv": 0.6444663703745164,
          "rate": 1.5516713454247018,
          "cv": 1.0,
          "lambda": 0.15
        },
        "MS3_15": {
          "meanserv": 1.1300806838873854,
          "stddevserv": 1.1300806838873854,
          "rate": 0.8848925694049398,
          "cv": 1.0,
          "lambda": 0.15
        }
      },
      "sensors": [
        "S3"
      ],
      "sources": [
        {
          "startTime": 0,
          "stopTime": -1,
          "lambda": 0.15
        }
      ]
    },
    "SC4": {
      "resptime": 40.34216483122555,
      "resptime_old": 30.342164831225553,
      "waittime": 27.06458160910664,
      "servicetime": 10.0,
      "networktime": 3.277583222118913,
      "services": {
        "MS4_1": {
          "meanserv": 0.2696337579249808,
          "stddevserv": 0.2696337579249808,
          "rate": 3.7087344244121923,
          "cv": 1.0,
          "lambda": 0.15
        },
        "MS4_2": {
          "meanserv": 0.06278999604368951,
          "stddevserv": 0.06278999604368951,
          "rate": 15.926103886106256,
          "cv": 1.0,
          "lambda": 0.15
        },
        "MS4_3": {
          "meanserv": 0.7365566435639925,
          "stddevserv": 0.7365566435639925,
          "rate": 1.3576688347569283,
          "cv": 1.0,
          "lambda": 0.15
        },
        "MS4_4": {
          "meanserv": 1.3129044014364932,
          "stddevserv": 1.3129044014364932,
          "rate": 0.7616700796385982,
          "cv": 1.0,
          "lambda": 0.15
        },
        "MS4_5": {
          "meanserv": 0.05340019833114518,
          "stddevserv": 0.05340019833114518,
          "rate": 18.726522208752904,
          "cv": 1.0,
          "lambda": 0.15
        },
        "MS4_6": {
          "meanserv": 0.3834050428885125,
          "stddevserv": 0.3834050428885125,
          "rate": 2.608207738912768,
          "cv": 1.0,
          "lambda": 0.15
        },
        "MS4_7": {
          "meanserv": 2.4029940088845696,
          "stddevserv": 2.4029940088845696,
          "rate": 0.4161475210935643,
          "cv": 1.0,
          "lambda": 0.15
        },
        "MS4_8": {
          "meanserv": 0.6705227665644946,
          "stddevserv": 0.6705227665644946,
          "rate": 1.491373671208246,
          "cv": 1.0,
          "lambda": 0.15
        },
        "MS4_9": {
          "meanserv": 0.4096845013819541,
          "stddevserv": 0.4096845013819541,
          "rate": 2.4409026864008387,
          "cv": 1.0,
          "lambda": 0.15
        },
        "MS4_10": {
          "meanserv": 1.042579129708078,
          "stddevserv": 1.042579129708078,
          "rate": 0.9591598100376322,
          "cv": 1.0,
          "lambda": 0.15
        },
        "MS4_11": {
          "meanserv": 0.17185538786540722,
          "stddevserv": 0.17185538786540722,
          "rate": 5.818845789014044,
          "cv": 1.0,
          "lambda": 0.15
        },
        "MS4_12": {
          "meanserv": 0.020265462313267868,
          "stddevserv": 0.020265462313267868,
          "rate": 49.345037608409086,
          "cv": 1.0,
          "lambda": 0.15
        },
        "MS4_13": {
          "meanserv": 1.4769657404856664,
          "stddevserv": 1.4769657404856664,
          "rate": 0.6770637751361605,
          "cv": 1.0,
          "lambda": 0.15
        },
        "MS4_14": {
          "meanserv": 0.5057865851074155,
          "stddevserv": 0.5057865851074155,
          "rate": 1.9771184713956518,
          "cv": 1.0,
          "lambda": 0.15
        },
        "MS4_15": {
          "meanserv": 0.48065637750033297,
          "stddevserv": 0.48065637750033297,
          "rate": 2.0804883630183544,
          "cv": 1.0,
          "lambda": 0.15
        }
      },
      "sensors": [
        "S4"
      ],
      "sources": [
        {
          "startTime": 0,
          "stopTime": -1,
          "lambda": 0.15
        }
      ]
    }
  },
  "microservice": {
    "MS1_1": "F8",
    "MS1_2": "F5",
    "MS1_3": "F9",
    "MS1_4": "F9",
    "MS1_5": "F1",
    "MS1_6": "F6",
    "MS1_7": "F6",
    "MS1_8": "F7",
    "MS1_9": "F7",
    "MS1_10": "F3",
    "MS1_11": "F3",
    "MS1_12": "F3",
    "MS1_13": "F3",
    "MS1_14": "F6",
    "MS1_15": "F7",
    "MS2_1": "F6",
    "MS2_2": "F10",
    "MS2_3": "F10",
    "MS2_4": "F10",
    "MS2_5": "F10",
    "MS2_6": "F8",
    "MS2_7": "F8",
    "MS2_8": "F8",
    "MS2_9": "F3",
    "MS2_10": "F6",
    "MS2_11": "F6",
    "MS2_12": "F4",
    "MS2_13": "F4",
    "MS2_14": "F4",
    "MS2_15": "F4",
    "MS3_1": "F7",
    "MS3_2": "F7",
    "MS3_3": "F7",
    "MS3_4": "F5",
    "MS3_5": "F5",
    "MS3_6": "F9",
    "MS3_7": "F9",
    "MS3_8": "F5",
    "MS3_9": "F5",
    "MS3_10": "F5",
    "MS3_11": "F8",
    "MS3_12": "F8",
    "MS3_13": "F4",
    "MS3_14": "F4",
    "MS3_15": "F9",
    "MS4_1": "F1",
    "MS4_2": "F7",
    "MS4_3": "F7",
    "MS4_4": "F7",
    "MS4_5": "F7",
    "MS4_6": "F2",
    "MS4_7": "F2",
    "MS4_8": "F2",
    "MS4_9": "F10",
    "MS4_10": "F10",
    "MS4_11": "F10",
    "MS4_12": "F6",
    "MS4_13": "F6",
    "MS4_14": "F6",
    "MS4_15": "F9"
  },
  "sensor": {
    "S1": "F8",
    "S2": "F6",
    "S3": "F7",
    "S4": "F1"
  },
  "fog": {
    "F1": {
      "rho": 0.4522632840862772,
      "capacity": 1.0,
      "tserv": 1.5075442802875907,
      "stddev": 2.310310515878757,
      "mu": 0.6633304328608062,
      "cv": 1.5324992745407282,
      "lambda": 0.3,
      "twait": 2.0840919229175414
    },
    "F2": {
      "rho": 0.5185382727506365,
      "capacity": 1.0,
      "tserv": 1.1523072727791923,
      "stddev": 1.7086568482834796,
      "mu": 0.8678240809746431,
      "cv": 1.482813559062641,
      "lambda": 0.44999999999999996,
      "twait": 1.984886872688758
    },
    "F3": {
      "rho": 0.5626170390318912,
      "capacity": 1.0,
      "tserv": 0.7501560520425216,
      "stddev": 1.3334283168775036,
      "mu": 1.3330559651917817,
      "cv": 1.7775345719691935,
      "lambda": 0.75,
      "twait": 2.0069070364724397
    },
    "F4": {
      "rho": 0.6112031220011122,
      "capacity": 1.0,
      "tserv": 0.6791145800012357,
      "stddev": 1.0853432374730516,
      "mu": 1.472505567467246,
      "cv": 1.5981739597919937,
      "lambda": 0.9,
      "twait": 1.8971987479707666
    },
    "F5": {
      "rho": 0.634349675398812,
      "capacity": 1.0,
      "tserv": 0.7048329726653467,
      "stddev": 0.9778128318328019,
      "mu": 1.4187758501400274,
      "cv": 1.3872972317614112,
      "lambda": 0.9,
      "twait": 1.7880699402277915
    },
    "F6": {
      "rho": 0.6215584176662903,
      "capacity": 1.0,
      "tserv": 0.4604136427157707,
      "stddev": 0.8300804698099311,
      "mu": 2.171959966480261,
      "cv": 1.802901549384297,
      "lambda": 1.3499999999999999,
      "twait": 1.6070767241317907
    },
    "F7": {
      "rho": 0.6633572690573942,
      "capacity": 1.0,
      "tserv": 0.4422381793715962,
      "stddev": 0.7680291910660687,
      "mu": 2.2612249386087884,
      "cv": 1.7366867604181286,
      "lambda": 1.4999999999999998,
      "twait": 1.7498746596077863
    },
    "F8": {
      "rho": 0.6359278646061041,
      "capacity": 1.0,
      "tserv": 0.7065865162290045,
      "stddev": 0.8863416705288867,
      "mu": 1.4152548584381708,
      "cv": 1.2543993554522113,
      "lambda": 0.9,
      "twait": 1.588118594132745
    },
    "F9": {
      "rho": 0.6391300956161424,
      "capacity": 1.0,
      "tserv": 0.7101445506846027,
      "stddev": 0.9195807725685982,
      "mu": 1.4081640125745767,
      "cv": 1.2949205505866264,
      "lambda": 0.9,
      "twait": 1.6833499515632555
    },
    "F10": {
      "rho": 0.6610549597853397,
      "capacity": 1.0,
      "tserv": 0.629576152176514,
      "stddev": 0.8899057280172532,
      "mu": 1.5883702019888937,
      "cv": 1.413499740961838,
      "lambda": 1.05,
      "twait": 1.84058343524435
    }
  },
  "extra": {
    "deltatime": 0.0924312,
    "obj_func": 40.56635642722465
  },
  "network": [
    [
      0.0,
      0.7815877228111633,
      0.8860097093434464,
      0.5600175666916068,
      0.5942944370022017,
      0.9611954532245639,
      0.6352302888018141,
      0.8126718080719345,
      0.6179855120769817,
      0.6179855120769817
    ],
    [
      0.7815877228111633,
      0.0,
      0.5863998555810203,
      0.756721720387082,
      0.5198752365764746,
      0.5574227235168931,
      0.822981389341647,
      0.6179855120769817,
      0.6719511901558627,
      0.6719511901558627
    ],
    [
      0.8860097093434464,
      0.5863998555810203,
      0.0,
      0.4885844528767015,
      0.7457037518716394,
      0.7350277674490681,
      0.8126718080719345,
      0.6719511901558627,
      0.6417510490339301,
      0.6417510490339301
    ],
    [
      0.5600175666916068,
      0.756721720387082,
      0.4885844528767015,
      0.0,
      0.4302993155083964,
      0.6352302888018141,
      0.6179855120769817,
      0.6417510490339301,
      0.5602810260756673,
      0.5602810260756673
    ],
    [
      0.5942944370022017,
      0.5198752365764746,
      0.7457037518716394,
      0.4302993155083964,
      0.0,
      0.822981389341647,
      0.6719511901558627,
      0.5602810260756673,
      0.4471597538302877,
      0.4471597538302877
    ],
    [
      0.9611954532245639,
      0.5574227235168931,
      0.7350277674490681,
      0.6352302888018141,
      0.822981389341647,
      0.0,
      0.6417510490339301,
      0.4471597538302877,
      0.5737101769097946,
      0.5737101769097946
    ],
    [
      0.6352302888018141,
      0.822981389341647,
      0.8126718080719345,
      0.6179855120769817,
      0.6719511901558627,
      0.6417510490339301,
      0.0,
      0.5737101769097946,
      0.7747716449958736,
      0.7747716449958736
    ],
    [
      0.8126718080719345,
      0.6179855120769817,
      0.6719511901558627,
      0.6417510490339301,
      0.5602810260756673,
      0.4471597538302877,
      0.5737101769097946,
      0.0,
      0.8811916360597387,
      0.8811916360597387
    ],
    [
      0.6179855120769817,
      0.6719511901558627,
      0.6417510490339301,
      0.5602810260756673,
      0.4471597538302877,
      0.5737101769097946,
      0.7747716449958736,
      0.8811916360597387,
      0.0,
      0.8354359162533341
    ],
    [
      0.6179855120769817,
      0.6719511901558627,
      0.6417510490339301,
      0.5602810260756673,
      0.4471597538302877,
      0.5737101769097946,
      0.7747716449958736,
      0.8811916360597387,
      0.8354359162533341,
      0.0
    ]
  ]
}