{
  "servicechain": {
    "SC1": {
      "resptime": 30.189474786005285,
      "resptime_old": 20.18947478600529,
      "waittime": 16.220143291071203,
      "servicetime": 10.0,
      "networktime": 3.9693314949340825,
      "services": {
        "MS1_1": {
          "meanserv": 0.33988325858075985,
          "stddevserv": 0.33988325858075985,
          "rate": 2.942186691323572,
          "cv": 1.0,
          "lambda": 0.15
        },
        "MS1_2": {
          "meanserv": 0.7129969040326389,
          "stddevserv": 0.7129969040326389,
          "rate": 1.4025306342062642,
          "cv": 1.0,
          "lambda": 0.15
        },
        "MS1_3": {
          "meanserv": 0.5387516969417716,
          "stddevserv": 0.5387516969417716,
          "rate": 1.85614264544596,
          "cv": 1.0,
          "lambda": 0.15
        },
        "MS1_4": {
          "meanserv": 1.121614430668113,
          "stddevserv": 1.121614430668113,
          "rate": 0.8915719811168346,
          "cv": 1.0,
          "lambda": 0.15
        },
        "MS1_5": {
          "meanserv": 0.09032475629636716,
          "stddevserv": 0.09032475629636716,
          "rate": 11.071161894075543,
          "cv": 1.0,
          "lambda": 0.15
        },
        "MS1_6": {
          "meanserv": 1.8995043810602534,
          "stddevserv": 1.8995043810602534,
          "rate": 0.5264531158605837,
          "cv": 1.0,
          "lambda": 0.15
        },
        "MS1_7": {
          "meanserv": 0.06913194480297413,
          "stddevserv": 0.06913194480297413,
          "rate": 14.465092843113231,
          "cv": 1.0,
          "lambda": 0.15
        },
        "MS1_8": {
          "meanserv": 0.04629078708621215,
          "stddevserv": 0.04629078708621215,
          "rate": 21.602570682965403,
          "cv": 1.0,
          "lambda": 0.15
        },
        "MS1_9": {
          "meanserv": 1.2639500407843105,
          "stddevserv": 1.2639500407843105,
          "rate": 0.7911705112802375,
          "cv": 1.0,
          "lambda": 0.15
        },
        "MS1_10": {
          "meanserv": 0.27911165880418753,
          "stddevserv": 0.27911165880418753,
          "rate": 3.5827955173365083,
          "cv": 1.0,
          "lambda": 0.15
        },
        "MS1_11": {
          "meanserv": 0.6183614452345081,
          "stddevserv": 0.6183614452345081,
          "rate": 1.6171771505268393,
          "cv": 1.0,
          "lambda": 0.15
        },
        "MS1_12": {
          "meanserv": 0.5249396618653366,
          "stddevserv": 0.5249396618653366,
          "rate": 1.904980843791779,
          "cv": 1.0,
          "lambda": 0.15
        },
        "MS1_13": {
          "meanserv": 0.48501918073638794,
          "stddevserv": 0.48501918073638794,
          "rate": 2.0617741312451487,
          "cv": 1.0,
          "lambda": 0.15
        },
        "MS1_14": {
          "meanserv": 1.8321699035580004,
          "stddevserv": 1.8321699035580004,
          "rate": 0.5458009096525601,
          "cv": 1.0,
          "lambda": 0.15
        },
        "MS1_15": {
          "meanserv": 0.17794994954817867,
          "stddevserv": 0.17794994954817867,
          "rate": 5.619557648310865,
          "cv": 1.0,
          "lambda": 0.15
        }
      },
      "sensors": [
        "S1"
      ],
      "sources": [
        {
          "startTime": 0,
          "stopTime": -1,
          "lambda": 0.15
        }
      ]
    },
    "SC2": {
      "resptime": 39.251370990176085,
      "resptime_old": 29.251370990176078,
      "waittime": 24.685745299842367,
      "servicetime": 10.0,
      "networktime": 4.5656256903337145,
      "services": {
        "MS2_1": {
          "meanserv": 0.12657178067042918,
          "stddevserv": 0.12657178067042918,
          "rate": 7.900655222697905,
          "cv": 1.0,
          "lambda": 0.15
        },
        "MS2_2": {
          "meanserv": 0.2282875912971627,
          "stddevserv": 0.2282875912971627,
          "rate": 4.380439577630379,
          "cv": 1.0,
          "lambda": 0.15
        },
        "MS2_3": {
          "meanserv": 0.18728409993671757,
          "stddevserv": 0.18728409993671757,
          "rate": 5.339481570180786,
          "cv": 1.0,
          "lambda": 0.15
        },
        "MS2_4": {
          "meanserv": 1.1837449780267384,
          "stddevserv": 1.1837449780267384,
          "rate": 0.8447765511681115,
          "cv": 1.0,
          "lambda": 0.15
        },
        "MS2_5": {
          "meanserv": 0.697566609883927,
          "stddevserv": 0.697566609883927,
          "rate": 1.4335548545914445,
          "cv": 1.0,
          "lambda": 0.15
        },
        "MS2_6": {
          "meanserv": 0.3081484089521549,
          "stddevserv": 0.3081484089521549,
          "rate": 3.245189561096408,
          "cv": 1.0,
          "lambda": 0.15
        },
        "MS2_7": {
          "meanserv": 0.9843183309477443,
          "stddevserv": 0.9843183309477443,
          "rate": 1.0159315015876589,
          "cv": 1.0,
          "lambda": 0.15
        },
        "MS2_8": {
          "meanserv": 0.35573375168624155,
          "stddevserv": 0.35573375168624155,
          "rate": 2.811091146847386,
          "cv": 1.0,
          "lambda": 0.15
        },
        "MS2_9": {
          "meanserv": 0.19354183576961592,
          "stddevserv": 0.19354183576961592,
          "rate": 5.166841556625298,
          "cv": 1.0,
          "lambda": 0.15
        },
        "MS2_10": {
          "meanserv": 1.986713168817424,
          "stddevserv": 1.986713168817424,
          "rate": 0.503343922864941,
          "cv": 1.0,
          "lambda": 0.15
        },
        "MS2_11": {
          "meanserv": 0.7724952371330591,
          "stddevserv": 0.7724952371330591,
          "rate": 1.294506363186488,
          "cv": 1.0,
          "lambda": 0.15
        },
        "MS2_12": {
          "meanserv": 0.3140841962442984,
          "stddevserv": 0.3140841962442984,
          "rate": 3.1838596527861855,
          "cv": 1.0,
          "lambda": 0.15
        },
        "MS2_13": {
          "meanserv": 0.6051396413094263,
          "stddevserv": 0.6051396413094263,
          "rate": 1.6525111424466565,
          "cv": 1.0,
          "lambda": 0.15
        },
        "MS2_14": {
          "meanserv": 1.1401833592230606,
          "stddevserv": 1.1401833592230606,
          "rate": 0.8770519161772509,
          "cv": 1.0,
          "lambda": 0.15
        },
        "MS2_15": {
          "meanserv": 0.916187010102,
          "stddevserv": 0.916187010102,
          "rate": 1.0914802207124383,
          "cv": 1.0,
          "lambda": 0.15
        }
      },
      "sensors": [
        "S2"
      ],
      "sources": [
        {
          "startTime": 0,
          "stopTime": -1,
          "lambda": 0.15
        }
      ]
    },
    "SC3": {
      "resptime": 28.222544597202692,
      "resptime_old": 18.22254459720269,
      "waittime": 14.117130075686394,
      "servicetime": 10.0,
      "networktime": 4.105414521516297,
      "services": {
        "MS3_1": {
          "meanserv": 0.8697070742763102,
          "stddevserv": 0.8697070742763102,
          "rate": 1.149812424869727,
          "cv": 1.0,
          "lambda": 0.15
        },
        "MS3_2": {
          "meanserv": 1.2678893558141688,
          "stddevserv": 1.2678893558141688,
          "rate": 0.7887123552337538,
          "cv": 1.0,
          "lambda": 0.15
        },
        "MS3_3": {
          "meanserv": 0.37626414412666165,
          "stddevserv": 0.37626414412666165,
          "rate": 2.6577073994682054,
          "cv": 1.0,
          "lambda": 0.15
        },
        "MS3_4": {
          "meanserv": 0.07596756767559398,
          "stddevserv": 0.07596756767559398,
          "rate": 13.163512148635883,
          "cv": 1.0,
          "lambda": 0.15
        },
        "MS3_5": {
          "meanserv": 2.744830609461564,
          "stddevserv": 2.744830609461564,
          "rate": 0.36432120676334323,
          "cv": 1.0,
          "lambda": 0.15
        },
        "MS3_6": {
          "meanserv": 1.579281001560437,
          "stddevserv": 1.579281001560437,
          "rate": 0.6331995376452525,
          "cv": 1.0,
          "lambda": 0.15
        },
        "MS3_7": {
          "meanserv": 0.21025262473833273,
          "stddevserv": 0.21025262473833273,
          "rate": 4.756183192692778,
          "cv": 1.0,
          "lambda": 0.15
        },
        "MS3_8": {
          "meanserv": 0.4842239338207115,
          "stddevserv": 0.4842239338207115,
          "rate": 2.065160208231796,
          "cv": 1.0,
          "lambda": 0.15
        },
        "MS3_9": {
          "meanserv": 0.2491032512375293,
          "stddevserv": 0.2491032512375293,
          "rate": 4.014399631606825,
          "cv": 1.0,
          "lambda": 0.15
        },
        "MS3_10": {
          "meanserv": 0.8689586222564083,
          "stddevserv": 0.8689586222564083,
          "rate": 1.1508027820741558,
          "cv": 1.0,
          "lambda": 0.15
        },
        "MS3_11": {
          "meanserv": 0.163469774622083,
          "stddevserv": 0.163469774622083,
          "rate": 6.117338831058196,
          "cv": 1.0,
          "lambda": 0.15
        },
        "MS3_12": {
          "meanserv": 0.3288835961081773,
          "stddevserv": 0.3288835961081773,
          "rate": 3.0405894724864213,
          "cv": 1.0,
          "lambda": 0.15
        },
        "MS3_13": {
          "meanserv": 0.28123535878547656,
          "stddevserv": 0.28123535878547656,
          "rate": 3.5557406590641034,
          "cv": 1.0,
          "lambda": 0.15
        },
        "MS3_14": {
          "meanserv": 0.264404577734199,
          "stddevserv": 0.264404577734199,
          "rate": 3.782082778480792,
          "cv": 1.0,
          "lambda": 0.15
        },
        "MS3_15": {
          "meanserv": 0.23552850778234635,
          "stddevserv": 0.23552850778234635,
          "rate": 4.245770541390716,
          "cv": 1.0,
          "lambda": 0.15
        }
      },
      "sensors": [
        "S3"
      ],
      "sources": [
        {
          "startTime": 0,
          "stopTime": -1,
          "lambda": 0.15
        }
      ]
    },
    "SC4": {
      "resptime": 32.57376824748719,
      "resptime_old": 22.573768247487184,
      "waittime": 18.816298065021552,
      "servicetime": 10.0,
      "networktime": 3.757470182465635,
      "services": {
        "MS4_1": {
          "meanserv": 0.47546073502083397,
          "stddevserv": 0.47546073502083397,
          "rate": 2.103223097815178,
          "cv": 1.0,
          "lambda": 0.15
        },
        "MS4_2": {
          "meanserv": 0.9275827623338162,
          "stddevserv": 0.9275827623338162,
          "rate": 1.078070917881204,
          "cv": 1.0,
          "lambda": 0.15
        },
        "MS4_3": {
          "meanserv": 0.164604499412484,
          "stddevserv": 0.164604499412484,
          "rate": 6.075168076020148,
          "cv": 1.0,
          "lambda": 0.15
        },
        "MS4_4": {
          "meanserv": 0.6537099788277545,
          "stddevserv": 0.6537099788277545,
          "rate": 1.5297303580912434,
          "cv": 1.0,
          "lambda": 0.15
        },
        "MS4_5": {
          "meanserv": 2.2467182858538983,
          "stddevserv": 2.2467182858538983,
          "rate": 0.44509363114029016,
          "cv": 1.0,
          "lambda": 0.15
        },
        "MS4_6": {
          "meanserv": 0.18015562383258032,
          "stddevserv": 0.18015562383258032,
          "rate": 5.550756499998611,
          "cv": 1.0,
          "lambda": 0.15
        },
        "MS4_7": {
          "meanserv": 0.05702396859470227,
          "stddevserv": 0.05702396859470227,
          "rate": 17.53648552782248,
          "cv": 1.0,
          "lambda": 0.15
        },
        "MS4_8": {
          "meanserv": 0.2009347772790857,
          "stddevserv": 0.2009347772790857,
          "rate": 4.976739285957767,
          "cv": 1.0,
          "lambda": 0.15
        },
        "MS4_9": {
          "meanserv": 1.5340578832301643,
          "stddevserv": 1.5340578832301643,
          "rate": 0.6518658852000851,
          "cv": 1.0,
          "lambda": 0.15
        },
        "MS4_10": {
          "meanserv": 0.33395433819395404,
          "stddevserv": 0.33395433819395404,
          "rate": 2.9944213493618994,
          "cv": 1.0,
          "lambda": 0.15
        },
        "MS4_11": {
          "meanserv": 1.4052759463586089,
          "stddevserv": 1.4052759463586089,
          "rate": 0.7116040110066841,
          "cv": 1.0,
          "lambda": 0.15
        },
        "MS4_12": {
          "meanserv": 0.2607807996587894,
          "stddevserv": 0.2607807996587894,
          "rate": 3.834638137885991,
          "cv": 1.0,
          "lambda": 0.15
        },
        "MS4_13": {
          "meanserv": 0.5700446725954897,
          "stddevserv": 0.5700446725954897,
          "rate": 1.7542484792408743,
          "cv": 1.0,
          "lambda": 0.15
        },
        "MS4_14": {
          "meanserv": 0.4245401180144466,
          "stddevserv": 0.4245401180144466,
          "rate": 2.3554899939184812,
          "cv": 1.0,
          "lambda": 0.15
        },
        "MS4_15": {
          "meanserv": 0.5651556107933917,
          "stddevserv": 0.5651556107933917,
          "rate": 1.7694241743369645,
          "cv": 1.0,
          "lambda": 0.15
        }
      },
      "sensors": [
        "S4"
      ],
      "sources": [
        {
          "startTime": 0,
          "stopTime": -1,
          "lambda": 0.15
        }
      ]
    }
  },
  "microservice": {
    "MS1_1": "F7",
    "MS1_2": "F7",
    "MS1_3": "F1",
    "MS1_4": "F1",
    "MS1_5": "F9",
    "MS1_6": "F5",
    "MS1_7": "F9",
    "MS1_8": "F9",
    "MS1_9": "F8",
    "MS1_10": "F8",
    "MS1_11": "F8",
    "MS1_12": "F8",
    "MS1_13": "F6",
    "MS1_14": "F6",
    "MS1_15": "F9",
    "MS2_1": "F9",
    "MS2_2": "F9",
    "MS2_3": "F9",
    "MS2_4": "F2",
    "MS2_5": "F6",
    "MS2_6": "F1",
    "MS2_7": "F3",
    "MS2_8": "F3",
    "MS2_9": "F8",
    "MS2_10": "F10",
    "MS2_11": "F3",
    "MS2_12": "F3",
    "MS2_13": "F4",
    "MS2_14": "F4",
    "MS2_15": "F4",
    "MS3_1": "F6",
    "MS3_2": "F5",
    "MS3_3": "F9",
    "MS3_4": "F9",
    "MS3_5": "F2",
    "MS3_6": "F4",
    "MS3_7": "F9",
    "MS3_8": "F9",
    "MS3_9": "F9",
    "MS3_10": "F8",
    "MS3_11": "F9",
    "MS3_12": "F9",
    "MS3_13": "F9",
    "MS3_14": "F9",
    "MS3_15": "F9",
    "MS4_1": "F7",
    "MS4_2": "F7",
    "MS4_3": "F7",
    "MS4_4": "F5",
    "MS4_5": "F10",
    "MS4_6": "F9",
    "MS4_7": "F9",
    "MS4_8": "F9",
    "MS4_9": "F3",
    "MS4_10": "F1",
    "MS4_11": "F1",
    "MS4_12": "F1",
    "MS4_13": "F7",
    "MS4_14": "F7",
    "MS4_15": "F7"
  },
  "sensor": {
    "S1": "F7",
    "S2": "F9",
    "S3": "F6",
    "S4": "F7"
  },
  "fog": {
    "F1": {
      "rho": 0.5952788431160088,
      "capacity": 1.0,
      "tserv": 0.6614209367955652,
      "stddev": 0.9101515273054065,
      "mu": 1.511896500955615,
      "cv": 1.3760549094724528,
      "lambda": 0.9,
      "twait": 1.407472889767481
    },
    "F2": {
      "rho": 0.5892863381232454,
      "capacity": 1.0,
      "tserv": 1.9642877937441514,
      "stddev": 2.2532023235804637,
      "mu": 0.5090903701508467,
      "cv": 1.147083604936326,
      "lambda": 0.3,
      "twait": 3.2633491689114855
    },
    "F3": {
      "rho": 0.5941034098862262,
      "capacity": 1.0,
      "tserv": 0.7921378798483015,
      "stddev": 1.0149786972791925,
      "mu": 1.2624064893746845,
      "cv": 1.281315694022316,
      "lambda": 0.75,
      "twait": 1.531483834487697
    },
    "F4": {
      "rho": 0.6361186518292385,
      "capacity": 1.0,
      "tserv": 1.060197753048731,
      "stddev": 1.1729664629399061,
      "mu": 0.9432202597339743,
      "cv": 1.1063657318334195,
      "lambda": 0.6,
      "twait": 2.061003905244023
    },
    "F5": {
      "rho": 0.5731655573553265,
      "capacity": 1.0,
      "tserv": 1.2737012385673923,
      "stddev": 1.4627655954801928,
      "mu": 0.7851134706634655,
      "cv": 1.148436973434565,
      "lambda": 0.44999999999999996,
      "twait": 1.9830863508959735
    },
    "F6": {
      "rho": 0.5826694152681938,
      "capacity": 1.0,
      "tserv": 0.9711156921136564,
      "stddev": 1.214279283467846,
      "mu": 1.0297434261652967,
      "cv": 1.2503961096797211,
      "lambda": 0.6,
      "twait": 1.7378595920178113
    },
    "F7": {
      "rho": 0.6270402841175791,
      "capacity": 1.0,
      "tserv": 0.5225335700979826,
      "stddev": 0.6061916621061197,
      "mu": 1.9137526414092123,
      "cv": 1.1601008945558273,
      "lambda": 1.2,
      "twait": 1.0304217358770995
    },
    "F8": {
      "rho": 0.562329489707155,
      "capacity": 1.0,
      "tserv": 0.6248105441190611,
      "stddev": 0.8072150540573941,
      "mu": 1.6004851541196854,
      "cv": 1.2919357102007787,
      "lambda": 0.9,
      "twait": 1.0713378003898906
    },
    "F9": {
      "rho": 0.6049932923963282,
      "capacity": 1.0,
      "tserv": 0.2016644307987761,
      "stddev": 0.25432178186726356,
      "mu": 4.9587326631626745,
      "cv": 1.2611137266989327,
      "lambda": 2.999999999999999,
      "twait": 0.4000493258227208
    },
    "F10": {
      "rho": 0.6350147182006983,
      "capacity": 1.0,
      "tserv": 2.116715727335661,
      "stddev": 2.1246851062669765,
      "mu": 0.47242999477247405,
      "cv": 1.0037649736468612,
      "lambda": 0.3,
      "twait": 3.696630817604681
    }
  },
  "extra": {
    "conv_gen": 310,
    "max_gen": 600,
    "population": 600,
    "deltatime": 85.3069494,
    "obj_func": 32.55928965521781
  },
  "network": [
    [
      0.0,
      0.7386462223013315,
      0.4102605022312387,
      1.0877910912506636,
      0.6661228411691389,
      0.6111047292905261,
      0.7129662548522313,
      0.8432651860623739,
      0.6528224297843879,
      0.6528224297843879
    ],
    [
      0.7386462223013315,
      0.0,
      0.4735320615678663,
      0.7032830805644379,
      0.6075911108456898,
      0.4590604029560489,
      0.7187466941654452,
      0.6528224297843879,
      0.5973531448270205,
      0.5973531448270205
    ],
    [
      0.4102605022312387,
      0.4735320615678663,
      0.0,
      0.677681283786002,
      0.7633238544181802,
      0.6975782776131667,
      0.8432651860623739,
      0.5973531448270205,
      0.7538471772176123,
      0.7538471772176123
    ],
    [
      1.0877910912506636,
      0.7032830805644379,
      0.677681283786002,
      0.0,
      0.6722086331677004,
      0.7129662548522313,
      0.6528224297843879,
      0.7538471772176123,
      0.6492250479878018,
      0.6492250479878018
    ],
    [
      0.6661228411691389,
      0.6075911108456898,
      0.7633238544181802,
      0.6722086331677004,
      0.0,
      0.7187466941654452,
      0.5973531448270205,
      0.6492250479878018,
      0.5188759435751032,
      0.5188759435751032
    ],
    [
      0.6111047292905261,
      0.4590604029560489,
      0.6975782776131667,
      0.7129662548522313,
      0.7187466941654452,
      0.0,
      0.7538471772176123,
      0.5188759435751032,
      0.5879496743739089,
      0.5879496743739089
    ],
    [
      0.7129662548522313,
      0.7187466941654452,
      0.8432651860623739,
      0.6528224297843879,
      0.5973531448270205,
      0.7538471772176123,
      0.0,
      0.5879496743739089,
      0.8643249011648035,
      0.8643249011648035
    ],
    [
      0.8432651860623739,
      0.6528224297843879,
      0.5973531448270205,
      0.7538471772176123,
      0.6492250479878018,
      0.5188759435751032,
      0.5879496743739089,
      0.0,
      0.45896530519824463,
      0.45896530519824463
    ],
    [
      0.6528224297843879,
      0.5973531448270205,
      0.7538471772176123,
      0.6492250479878018,
      0.5188759435751032,
      0.5879496743739089,
      0.8643249011648035,
      0.45896530519824463,
      0.0,
      0.7641671597624288
    ],
    [
      0.6528224297843879,
      0.5973531448270205,
      0.7538471772176123,
      0.6492250479878018,
      0.5188759435751032,
      0.5879496743739089,
      0.8643249011648035,
      0.45896530519824463,
      0.7641671597624288,
      0.0
    ]
  ]
}