{
  "servicechain": {
    "SC1": {
      "resptime": 27.411031723537334,
      "resptime_old": 17.411031723537334,
      "waittime": 13.248098162647478,
      "servicetime": 10.0,
      "networktime": 4.1629335608898534,
      "services": {
        "MS1_1": {
          "meanserv": 0.6859977421950403,
          "stddevserv": 0.6859977421950403,
          "rate": 1.4577307452940331,
          "cv": 1.0,
          "lambda": 0.15
        },
        "MS1_2": {
          "meanserv": 0.6303702613409257,
          "stddevserv": 0.6303702613409257,
          "rate": 1.5863692520532247,
          "cv": 1.0,
          "lambda": 0.15
        },
        "MS1_3": {
          "meanserv": 2.916602900256705,
          "stddevserv": 2.916602900256705,
          "rate": 0.3428646388275843,
          "cv": 1.0,
          "lambda": 0.15
        },
        "MS1_4": {
          "meanserv": 0.12448595615550673,
          "stddevserv": 0.12448595615550673,
          "rate": 8.033034656140723,
          "cv": 1.0,
          "lambda": 0.15
        },
        "MS1_5": {
          "meanserv": 0.02590043509646378,
          "stddevserv": 0.02590043509646378,
          "rate": 38.60939000737216,
          "cv": 1.0,
          "lambda": 0.15
        },
        "MS1_6": {
          "meanserv": 2.347198875321908,
          "stddevserv": 2.347198875321908,
          "rate": 0.4260397406090502,
          "cv": 1.0,
          "lambda": 0.15
        },
        "MS1_7": {
          "meanserv": 0.6709429346124658,
          "stddevserv": 0.6709429346124658,
          "rate": 1.490439720596501,
          "cv": 1.0,
          "lambda": 0.15
        },
        "MS1_8": {
          "meanserv": 1.1649940554858045,
          "stddevserv": 1.1649940554858045,
          "rate": 0.8583734786380505,
          "cv": 1.0,
          "lambda": 0.15
        },
        "MS1_9": {
          "meanserv": 0.5936703444846252,
          "stddevserv": 0.5936703444846252,
          "rate": 1.6844365046869845,
          "cv": 1.0,
          "lambda": 0.15
        },
        "MS1_10": {
          "meanserv": 0.8398364950505552,
          "stddevserv": 0.8398364950505552,
          "rate": 1.1907079602914892,
          "cv": 1.0,
          "lambda": 0.15
        }
      },
      "sensors": [
        "S1"
      ],
      "sources": [
        {
          "startTime": 0,
          "stopTime": -1,
          "lambda": 0.15
        }
      ]
    },
    "SC2": {
      "resptime": 37.82733910859159,
      "resptime_old": 27.82733910859159,
      "waittime": 24.351964402467818,
      "servicetime": 10.0,
      "networktime": 3.475374706123773,
      "services": {
        "MS2_1": {
          "meanserv": 0.21088354445175095,
          "stddevserv": 0.21088354445175095,
          "rate": 4.741953681591286,
          "cv": 1.0,
          "lambda": 0.15
        },
        "MS2_2": {
          "meanserv": 0.6723421929272155,
          "stddevserv": 0.6723421929272155,
          "rate": 1.4873378623558362,
          "cv": 1.0,
          "lambda": 0.15
        },
        "MS2_3": {
          "meanserv": 1.1350062777667238,
          "stddevserv": 1.1350062777667238,
          "rate": 0.8810523955582285,
          "cv": 1.0,
          "lambda": 0.15
        },
        "MS2_4": {
          "meanserv": 0.01378456094990721,
          "stddevserv": 0.01378456094990721,
          "rate": 72.544929333185,
          "cv": 1.0,
          "lambda": 0.15
        },
        "MS2_5": {
          "meanserv": 1.3972708579729356,
          "stddevserv": 1.3972708579729356,
          "rate": 0.7156808533534659,
          "cv": 1.0,
          "lambda": 0.15
        },
        "MS2_6": {
          "meanserv": 0.4855881989433999,
          "stddevserv": 0.4855881989433999,
          "rate": 2.059358119031554,
          "cv": 1.0,
          "lambda": 0.15
        },
        "MS2_7": {
          "meanserv": 0.2526998536707623,
          "stddevserv": 0.2526998536707623,
          "rate": 3.9572638664954685,
          "cv": 1.0,
          "lambda": 0.15
        },
        "MS2_8": {
          "meanserv": 2.913153530319452,
          "stddevserv": 2.913153530319452,
          "rate": 0.3432706136467657,
          "cv": 1.0,
          "lambda": 0.15
        },
        "MS2_9": {
          "meanserv": 1.7037821957347532,
          "stddevserv": 1.7037821957347532,
          "rate": 0.5869294810706434,
          "cv": 1.0,
          "lambda": 0.15
        },
        "MS2_10": {
          "meanserv": 1.2154887872630997,
          "stddevserv": 1.2154887872630997,
          "rate": 0.8227142944293933,
          "cv": 1.0,
          "lambda": 0.15
        }
      },
      "sensors": [
        "S2"
      ],
      "sources": [
        {
          "startTime": 0,
          "stopTime": -1,
          "lambda": 0.15
        }
      ]
    },
    "SC3": {
      "resptime": 31.11922322714851,
      "resptime_old": 21.11922322714851,
      "waittime": 16.674688706409363,
      "servicetime": 10.0,
      "networktime": 4.444534520739146,
      "services": {
        "MS3_1": {
          "meanserv": 0.016922889923958184,
          "stddevserv": 0.016922889923958184,
          "rate": 59.091562049592575,
          "cv": 1.0,
          "lambda": 0.15
        },
        "MS3_2": {
          "meanserv": 0.20985224401162572,
          "stddevserv": 0.20985224401162572,
          "rate": 4.765257596886124,
          "cv": 1.0,
          "lambda": 0.15
        },
        "MS3_3": {
          "meanserv": 0.9463995068860764,
          "stddevserv": 0.9463995068860764,
          "rate": 1.0566362225718866,
          "cv": 1.0,
          "lambda": 0.15
        },
        "MS3_4": {
          "meanserv": 0.29612591709109015,
          "stddevserv": 0.29612591709109015,
          "rate": 3.376941842251497,
          "cv": 1.0,
          "lambda": 0.15
        },
        "MS3_5": {
          "meanserv": 2.30368823381954,
          "stddevserv": 2.30368823381954,
          "rate": 0.4340865162739444,
          "cv": 1.0,
          "lambda": 0.15
        },
        "MS3_6": {
          "meanserv": 0.27538171296158875,
          "stddevserv": 0.27538171296158875,
          "rate": 3.631323188622491,
          "cv": 1.0,
          "lambda": 0.15
        },
        "MS3_7": {
          "meanserv": 2.6853446613540255,
          "stddevserv": 2.6853446613540255,
          "rate": 0.37239167634286924,
          "cv": 1.0,
          "lambda": 0.15
        },
        "MS3_8": {
          "meanserv": 0.5901698533523803,
          "stddevserv": 0.5901698533523803,
          "rate": 1.6944274505375612,
          "cv": 1.0,
          "lambda": 0.15
        },
        "MS3_9": {
          "meanserv": 0.6622278543562556,
          "stddevserv": 0.6622278543562556,
          "rate": 1.5100542712328053,
          "cv": 1.0,
          "lambda": 0.15
        },
        "MS3_10": {
          "meanserv": 2.0138871262434597,
          "stddevserv": 2.0138871262434597,
          "rate": 0.49655215874253994,
          "cv": 1.0,
          "lambda": 0.15
        }
      },
      "sensors": [
        "S3"
      ],
      "sources": [
        {
          "startTime": 0,
          "stopTime": -1,
          "lambda": 0.15
        }
      ]
    },
    "SC4": {
      "resptime": 33.36590157203645,
      "resptime_old": 23.365901572036453,
      "waittime": 18.650301058758007,
      "servicetime": 10.0,
      "networktime": 4.715600513278446,
      "services": {
        "MS4_1": {
          "meanserv": 1.526853853289043,
          "stddevserv": 1.526853853289043,
          "rate": 0.654941530812441,
          "cv": 1.0,
          "lambda": 0.15
        },
        "MS4_2": {
          "meanserv": 0.6190675023964411,
          "stddevserv": 0.6190675023964411,
          "rate": 1.6153327320994078,
          "cv": 1.0,
          "lambda": 0.15
        },
        "MS4_3": {
          "meanserv": 0.2796260856619588,
          "stddevserv": 0.2796260856619588,
          "rate": 3.5762042644651704,
          "cv": 1.0,
          "lambda": 0.15
        },
        "MS4_4": {
          "meanserv": 0.3015237688484973,
          "stddevserv": 0.3015237688484973,
          "rate": 3.3164881290086847,
          "cv": 1.0,
          "lambda": 0.15
        },
        "MS4_5": {
          "meanserv": 0.9763783445085785,
          "stddevserv": 0.9763783445085785,
          "rate": 1.0241931374495103,
          "cv": 1.0,
          "lambda": 0.15
        },
        "MS4_6": {
          "meanserv": 1.8540687395734992,
          "stddevserv": 1.8540687395734992,
          "rate": 0.5393543284862432,
          "cv": 1.0,
          "lambda": 0.15
        },
        "MS4_7": {
          "meanserv": 1.1638308474373593,
          "stddevserv": 1.1638308474373593,
          "rate": 0.8592313927766233,
          "cv": 1.0,
          "lambda": 0.15
        },
        "MS4_8": {
          "meanserv": 2.3007965055368977,
          "stddevserv": 2.3007965055368977,
          "rate": 0.434632092665947,
          "cv": 1.0,
          "lambda": 0.15
        },
        "MS4_9": {
          "meanserv": 0.04605054011570253,
          "stddevserv": 0.04605054011570253,
          "rate": 21.715271905334617,
          "cv": 1.0,
          "lambda": 0.15
        },
        "MS4_10": {
          "meanserv": 0.9318038126320225,
          "stddevserv": 0.9318038126320225,
          "rate": 1.0731872808883953,
          "cv": 1.0,
          "lambda": 0.15
        }
      },
      "sensors": [
        "S4"
      ],
      "sources": [
        {
          "startTime": 0,
          "stopTime": -1,
          "lambda": 0.15
        }
      ]
    }
  },
  "microservice": {
    "MS1_1": "F5",
    "MS1_2": "F5",
    "MS1_3": "F7",
    "MS1_4": "F5",
    "MS1_5": "F5",
    "MS1_6": "F2",
    "MS1_7": "F8",
    "MS1_8": "F8",
    "MS1_9": "F8",
    "MS1_10": "F8",
    "MS2_1": "F5",
    "MS2_2": "F9",
    "MS2_3": "F9",
    "MS2_4": "F9",
    "MS2_5": "F9",
    "MS2_6": "F5",
    "MS2_7": "F5",
    "MS2_8": "F3",
    "MS2_9": "F3",
    "MS2_10": "F7",
    "MS3_1": "F4",
    "MS3_2": "F4",
    "MS3_3": "F4",
    "MS3_4": "F4",
    "MS3_5": "F10",
    "MS3_6": "F8",
    "MS3_7": "F6",
    "MS3_8": "F5",
    "MS3_9": "F5",
    "MS3_10": "F10",
    "MS4_1": "F2",
    "MS4_2": "F4",
    "MS4_3": "F4",
    "MS4_4": "F4",
    "MS4_5": "F4",
    "MS4_6": "F1",
    "MS4_7": "F6",
    "MS4_8": "F1",
    "MS4_9": "F5",
    "MS4_10": "F9"
  },
  "sensor": {
    "S1": "F5",
    "S2": "F5",
    "S3": "F4",
    "S4": "F2"
  },
  "fog": {
    "F1": {
      "rho": 0.6232297867665595,
      "capacity": 1.0,
      "tserv": 2.0774326225551984,
      "stddev": 2.101311292906859,
      "mu": 0.48136338533570394,
      "cv": 1.0114943175977906,
      "lambda": 0.3,
      "twait": 3.4760850822135207
    },
    "F2": {
      "rho": 0.5811079092916427,
      "capacity": 1.0,
      "tserv": 1.9370263643054757,
      "stddev": 2.0220173376115094,
      "mu": 0.5162552345324178,
      "cv": 1.0438770348572448,
      "lambda": 0.3,
      "twait": 2.8076294910548416
    },
    "F3": {
      "rho": 0.6925403589081307,
      "capacity": 1.0,
      "tserv": 2.3084678630271025,
      "stddev": 2.4617703765961814,
      "mu": 0.43318775020272376,
      "cv": 1.0664087709534118,
      "lambda": 0.3,
      "twait": 5.5565035566630385
    },
    "F4": {
      "rho": 0.5468844388992339,
      "capacity": 1.0,
      "tserv": 0.45573703241602825,
      "stddev": 0.6524125493462286,
      "mu": 2.1942478422230365,
      "cv": 1.4315548286421924,
      "lambda": 1.2,
      "twait": 0.8386448380469126
    },
    "F5": {
      "rho": 0.5571561359517283,
      "capacity": 1.0,
      "tserv": 0.37143742396781887,
      "stddev": 0.5152456071299729,
      "mu": 2.6922435260229443,
      "cv": 1.3871666501074311,
      "lambda": 1.4999999999999998,
      "twait": 0.6832720768147642
    },
    "F6": {
      "rho": 0.5773763263187077,
      "capacity": 1.0,
      "tserv": 1.9245877543956924,
      "stddev": 2.2048900578803186,
      "mu": 0.5195917919128573,
      "cv": 1.1456427761448784,
      "lambda": 0.3,
      "twait": 3.0401437703778904
    },
    "F7": {
      "rho": 0.6198137531279707,
      "capacity": 1.0,
      "tserv": 2.0660458437599023,
      "stddev": 2.3906986512797,
      "mu": 0.48401636537752024,
      "cv": 1.15713727190534,
      "lambda": 0.3,
      "twait": 3.939116243114163
    },
    "F8": {
      "rho": 0.5317238313892559,
      "capacity": 1.0,
      "tserv": 0.708965108519008,
      "stddev": 0.8208292544136523,
      "mu": 1.410506649740421,
      "cv": 1.1577851216519284,
      "lambda": 0.75,
      "twait": 0.9420660303048544
    },
    "F9": {
      "rho": 0.6225311553373206,
      "capacity": 1.0,
      "tserv": 0.8300415404497609,
      "stddev": 1.0655843631878423,
      "mu": 1.2047589804459022,
      "cv": 1.283772330973281,
      "lambda": 0.75,
      "twait": 1.8125062038958208
    },
    "F10": {
      "rho": 0.6476363040094499,
      "capacity": 1.0,
      "tserv": 2.1587876800315,
      "stddev": 2.168491777349397,
      "mu": 0.46322295112662887,
      "cv": 1.0044951605976162,
      "lambda": 0.3,
      "twait": 3.985677699954719
    }
  },
  "extra": {
    "deltatime": 4.2310136,
    "conv": 5,
    "obj_func": 32.43087390782847
  },
  "network": [
    [
      0.0,
      0.9909469648561197,
      0.9440559333861369,
      0.7238430263811603,
      0.7090284768821227,
      0.7475077331514973,
      1.232534674384987,
      1.0285427379600198,
      1.0636452727793901,
      1.0636452727793901
    ],
    [
      0.9909469648561197,
      0.0,
      0.9432821165117601,
      1.11684795856232,
      0.9300371827519771,
      1.4324983564408549,
      1.3069658617567674,
      1.0636452727793901,
      1.0846255526792432,
      1.0846255526792432
    ],
    [
      0.9440559333861369,
      0.9432821165117601,
      0.0,
      0.9610596662397798,
      1.1051007978640577,
      0.962218501481296,
      1.0285427379600198,
      1.0846255526792432,
      1.263972154175727,
      1.263972154175727
    ],
    [
      0.7238430263811603,
      1.11684795856232,
      0.9610596662397798,
      0.0,
      1.098933572755957,
      1.232534674384987,
      1.0636452727793901,
      1.263972154175727,
      0.8674366546849692,
      0.8674366546849692
    ],
    [
      0.7090284768821227,
      0.9300371827519771,
      1.1051007978640577,
      1.098933572755957,
      0.0,
      1.3069658617567674,
      1.0846255526792432,
      0.8674366546849692,
      0.6708655851498477,
      0.6708655851498477
    ],
    [
      0.7475077331514973,
      1.4324983564408549,
      0.962218501481296,
      1.232534674384987,
      1.3069658617567674,
      0.0,
      1.263972154175727,
      0.6708655851498477,
      1.1105120380332774,
      1.1105120380332774
    ],
    [
      1.232534674384987,
      1.3069658617567674,
      1.0285427379600198,
      1.0636452727793901,
      1.0846255526792432,
      1.263972154175727,
      0.0,
      1.1105120380332774,
      1.0030994289300392,
      1.0030994289300392
    ],
    [
      1.0285427379600198,
      1.0636452727793901,
      1.0846255526792432,
      1.263972154175727,
      0.8674366546849692,
      0.6708655851498477,
      1.1105120380332774,
      0.0,
      0.9284008339977137,
      0.9284008339977137
    ],
    [
      1.0636452727793901,
      1.0846255526792432,
      1.263972154175727,
      0.8674366546849692,
      0.6708655851498477,
      1.1105120380332774,
      1.0030994289300392,
      0.9284008339977137,
      0.0,
      0.7774668986544631
    ],
    [
      1.0636452727793901,
      1.0846255526792432,
      1.263972154175727,
      0.8674366546849692,
      0.6708655851498477,
      1.1105120380332774,
      1.0030994289300392,
      0.9284008339977137,
      0.7774668986544631,
      0.0
    ]
  ]
}