{
  "servicechain": {
    "SC1": {
      "resptime": 36.10050875314072,
      "resptime_old": 26.10050875314072,
      "waittime": 21.16995987066627,
      "servicetime": 10.0,
      "networktime": 4.930548882474452,
      "services": {
        "MS1_1": {
          "meanserv": 0.0292946866765198,
          "stddevserv": 0.0292946866765198,
          "rate": 34.13588310543418,
          "cv": 1.0,
          "lambda": 0.375
        },
        "MS1_2": {
          "meanserv": 0.6148051330367232,
          "stddevserv": 0.6148051330367232,
          "rate": 1.6265316378551908,
          "cv": 1.0,
          "lambda": 0.375
        },
        "MS1_3": {
          "meanserv": 1.3888693098030547,
          "stddevserv": 1.3888693098030547,
          "rate": 0.7200101499411796,
          "cv": 1.0,
          "lambda": 0.375
        },
        "MS1_4": {
          "meanserv": 0.1368439059471971,
          "stddevserv": 0.1368439059471971,
          "rate": 7.307596148167989,
          "cv": 1.0,
          "lambda": 0.375
        },
        "MS1_5": {
          "meanserv": 1.0963447748559596,
          "stddevserv": 1.0963447748559596,
          "rate": 0.9121218278541825,
          "cv": 1.0,
          "lambda": 0.375
        },
        "MS1_6": {
          "meanserv": 0.9792628001555106,
          "stddevserv": 0.9792628001555106,
          "rate": 1.0211763377932832,
          "cv": 1.0,
          "lambda": 0.375
        },
        "MS1_7": {
          "meanserv": 1.0980521315387,
          "stddevserv": 1.0980521315387,
          "rate": 0.9107035734256992,
          "cv": 1.0,
          "lambda": 0.375
        },
        "MS1_8": {
          "meanserv": 2.232685984781712,
          "stddevserv": 2.232685984781712,
          "rate": 0.4478910186278475,
          "cv": 1.0,
          "lambda": 0.375
        },
        "MS1_9": {
          "meanserv": 1.7465488452168856,
          "stddevserv": 1.7465488452168856,
          "rate": 0.5725577058658331,
          "cv": 1.0,
          "lambda": 0.375
        },
        "MS1_10": {
          "meanserv": 0.6772924279877373,
          "stddevserv": 0.6772924279877373,
          "rate": 1.4764671191896235,
          "cv": 1.0,
          "lambda": 0.375
        }
      },
      "sensors": [
        "S1"
      ],
      "sources": [
        {
          "startTime": 0,
          "stopTime": -1,
          "lambda": 0.375
        }
      ]
    },
    "SC2": {
      "resptime": 2814.0032603816894,
      "resptime_old": 2804.003260381689,
      "waittime": 2798.4437050477663,
      "servicetime": 10.0,
      "networktime": 5.559555333922995,
      "services": {
        "MS2_1": {
          "meanserv": 0.9383901868249578,
          "stddevserv": 0.9383901868249578,
          "rate": 1.0656547926865039,
          "cv": 1.0,
          "lambda": 0.375
        },
        "MS2_2": {
          "meanserv": 0.3026470064246456,
          "stddevserv": 0.3026470064246456,
          "rate": 3.304179386452925,
          "cv": 1.0,
          "lambda": 0.375
        },
        "MS2_3": {
          "meanserv": 0.4814819488503086,
          "stddevserv": 0.4814819488503086,
          "rate": 2.0769210608784365,
          "cv": 1.0,
          "lambda": 0.375
        },
        "MS2_4": {
          "meanserv": 0.4109108690401251,
          "stddevserv": 0.4109108690401251,
          "rate": 2.433617787565388,
          "cv": 1.0,
          "lambda": 0.375
        },
        "MS2_5": {
          "meanserv": 0.6336024034376866,
          "stddevserv": 0.6336024034376866,
          "rate": 1.5782768413982946,
          "cv": 1.0,
          "lambda": 0.375
        },
        "MS2_6": {
          "meanserv": 0.835241702645011,
          "stddevserv": 0.835241702645011,
          "rate": 1.1972582269697967,
          "cv": 1.0,
          "lambda": 0.375
        },
        "MS2_7": {
          "meanserv": 0.5143158268509826,
          "stddevserv": 0.5143158268509826,
          "rate": 1.9443305995903932,
          "cv": 1.0,
          "lambda": 0.375
        },
        "MS2_8": {
          "meanserv": 1.5411672733205632,
          "stddevserv": 1.5411672733205632,
          "rate": 0.6488588340222299,
          "cv": 1.0,
          "lambda": 0.375
        },
        "MS2_9": {
          "meanserv": 1.6135547334350413,
          "stddevserv": 1.6135547334350413,
          "rate": 0.619749661587949,
          "cv": 1.0,
          "lambda": 0.375
        },
        "MS2_10": {
          "meanserv": 2.728688049170678,
          "stddevserv": 2.728688049170678,
          "rate": 0.36647648319635767,
          "cv": 1.0,
          "lambda": 0.375
        }
      },
      "sensors": [
        "S2"
      ],
      "sources": [
        {
          "startTime": 0,
          "stopTime": -1,
          "lambda": 0.375
        }
      ]
    },
    "SC3": {
      "resptime": 39.604933404330666,
      "resptime_old": 29.604933404330673,
      "waittime": 25.24144254277798,
      "servicetime": 10.0,
      "networktime": 4.36349086155269,
      "services": {
        "MS3_1": {
          "meanserv": 1.4734558778279272,
          "stddevserv": 1.4734558778279272,
          "rate": 0.678676582751928,
          "cv": 1.0,
          "lambda": 0.375
        },
        "MS3_2": {
          "meanserv": 0.44072919939011745,
          "stddevserv": 0.44072919939011745,
          "rate": 2.2689669787792672,
          "cv": 1.0,
          "lambda": 0.375
        },
        "MS3_3": {
          "meanserv": 0.2949235979245657,
          "stddevserv": 0.2949235979245657,
          "rate": 3.3907086684049466,
          "cv": 1.0,
          "lambda": 0.375
        },
        "MS3_4": {
          "meanserv": 0.549447400022407,
          "stddevserv": 0.549447400022407,
          "rate": 1.8200104322255761,
          "cv": 1.0,
          "lambda": 0.375
        },
        "MS3_5": {
          "meanserv": 1.0117916973636008,
          "stddevserv": 1.0117916973636008,
          "rate": 0.9883457263048055,
          "cv": 1.0,
          "lambda": 0.375
        },
        "MS3_6": {
          "meanserv": 0.3114096798397492,
          "stddevserv": 0.3114096798397492,
          "rate": 3.2112039693647225,
          "cv": 1.0,
          "lambda": 0.375
        },
        "MS3_7": {
          "meanserv": 1.6705166298017584,
          "stddevserv": 1.6705166298017584,
          "rate": 0.5986172074914757,
          "cv": 1.0,
          "lambda": 0.375
        },
        "MS3_8": {
          "meanserv": 2.2919945512841062,
          "stddevserv": 2.2919945512841062,
          "rate": 0.4363012117283363,
          "cv": 1.0,
          "lambda": 0.375
        },
        "MS3_9": {
          "meanserv": 1.7569084524625875,
          "stddevserv": 1.7569084524625875,
          "rate": 0.5691816204756375,
          "cv": 1.0,
          "lambda": 0.375
        },
        "MS3_10": {
          "meanserv": 0.19882291408318054,
          "stddevserv": 0.19882291408318054,
          "rate": 5.029601364667832,
          "cv": 1.0,
          "lambda": 0.375
        }
      },
      "sensors": [
        "S3"
      ],
      "sources": [
        {
          "startTime": 0,
          "stopTime": -1,
          "lambda": 0.375
        }
      ]
    },
    "SC4": {
      "resptime": 4913.212310495293,
      "resptime_old": 4903.212310495294,
      "waittime": 4897.765207988259,
      "servicetime": 10.0,
      "networktime": 5.44710250703417,
      "services": {
        "MS4_1": {
          "meanserv": 0.17447803814463647,
          "stddevserv": 0.17447803814463647,
          "rate": 5.731380353847362,
          "cv": 1.0,
          "lambda": 0.375
        },
        "MS4_2": {
          "meanserv": 3.612907884530887,
          "stddevserv": 3.612907884530887,
          "rate": 0.2767853573797505,
          "cv": 1.0,
          "lambda": 0.375
        },
        "MS4_3": {
          "meanserv": 1.6021749589913301,
          "stddevserv": 1.6021749589913301,
          "rate": 0.624151559970431,
          "cv": 1.0,
          "lambda": 0.375
        },
        "MS4_4": {
          "meanserv": 0.1568822741975433,
          "stddevserv": 0.1568822741975433,
          "rate": 6.3742064239891,
          "cv": 1.0,
          "lambda": 0.375
        },
        "MS4_5": {
          "meanserv": 1.1852800488017756,
          "stddevserv": 1.1852800488017756,
          "rate": 0.8436824706624573,
          "cv": 1.0,
          "lambda": 0.375
        },
        "MS4_6": {
          "meanserv": 0.29210543404910183,
          "stddevserv": 0.29210543404910183,
          "rate": 3.4234214206090523,
          "cv": 1.0,
          "lambda": 0.375
        },
        "MS4_7": {
          "meanserv": 1.0837944260477705,
          "stddevserv": 1.0837944260477705,
          "rate": 0.9226842064935319,
          "cv": 1.0,
          "lambda": 0.375
        },
        "MS4_8": {
          "meanserv": 0.6432532422547688,
          "stddevserv": 0.6432532422547688,
          "rate": 1.5545976830132122,
          "cv": 1.0,
          "lambda": 0.375
        },
        "MS4_9": {
          "meanserv": 0.7947785318492802,
          "stddevserv": 0.7947785318492802,
          "rate": 1.2582121432913056,
          "cv": 1.0,
          "lambda": 0.375
        },
        "MS4_10": {
          "meanserv": 0.45434516113290613,
          "stddevserv": 0.45434516113290613,
          "rate": 2.2009698474756676,
          "cv": 1.0,
          "lambda": 0.375
        }
      },
      "sensors": [
        "S4"
      ],
      "sources": [
        {
          "startTime": 0,
          "stopTime": -1,
          "lambda": 0.375
        }
      ]
    }
  },
  "microservice": {
    "MS1_1": "F18",
    "MS1_2": "F18",
    "MS1_3": "F14",
    "MS1_4": "F20",
    "MS1_5": "F20",
    "MS1_6": "F25",
    "MS1_7": "F4",
    "MS1_8": "F1",
    "MS1_9": "F23",
    "MS1_10": "F16",
    "MS2_1": "F16",
    "MS2_2": "F6",
    "MS2_3": "F6",
    "MS2_4": "F6",
    "MS2_5": "F8",
    "MS2_6": "F13",
    "MS2_7": "F13",
    "MS2_8": "F19",
    "MS2_9": "F12",
    "MS2_10": "F17",
    "MS3_1": "F24",
    "MS3_2": "F15",
    "MS3_3": "F15",
    "MS3_4": "F15",
    "MS3_5": "F2",
    "MS3_6": "F2",
    "MS3_7": "F7",
    "MS3_8": "F22",
    "MS3_9": "F3",
    "MS3_10": "F18",
    "MS4_1": "F18",
    "MS4_2": "F5",
    "MS4_3": "F9",
    "MS4_4": "F6",
    "MS4_5": "F21",
    "MS4_6": "F11",
    "MS4_7": "F11",
    "MS4_8": "F8",
    "MS4_9": "F10",
    "MS4_10": "F10"
  },
  "sensor": {
    "S1": "F18",
    "S2": "F16",
    "S3": "F24",
    "S4": "F18"
  },
  "fog": {
    "F1": {
      "rho": 0.8372572442931421,
      "capacity": 1.0,
      "tserv": 2.232685984781712,
      "stddev": 2.232685984781712,
      "mu": 0.4478910186278475,
      "cv": 1.0,
      "lambda": 0.375,
      "twait": 11.486425351905748
    },
    "F2": {
      "rho": 0.49620051645125623,
      "capacity": 1.0,
      "tserv": 0.661600688601675,
      "stddev": 0.8264278289080064,
      "mu": 1.5114857303331233,
      "cv": 1.2491338705446355,
      "lambda": 0.75,
      "twait": 0.834184877228577
    },
    "F3": {
      "rho": 0.6588406696734703,
      "capacity": 1.0,
      "tserv": 1.7569084524625875,
      "stddev": 1.7569084524625873,
      "mu": 0.5691816204756375,
      "cv": 0.9999999999999999,
      "lambda": 0.375,
      "twait": 3.3929095249059897
    },
    "F4": {
      "rho": 0.4117695493270125,
      "capacity": 1.0,
      "tserv": 1.0980521315387,
      "stddev": 1.0980521315387,
      "mu": 0.9107035734256992,
      "cv": 1.0,
      "lambda": 0.375,
      "twait": 0.7686518622488224
    },
    "F5": {
      "rho": 1.3548404566990826,
      "capacity": 1.0,
      "tserv": 3.612907884530887,
      "stddev": 3.612907884530887,
      "mu": 0.2767853573797505,
      "cv": 1.0,
      "lambda": 0.375,
      "twait": 4890.0188545212495
    },
    "F6": {
      "rho": 0.5069707869422335,
      "capacity": 1.0,
      "tserv": 0.3379805246281557,
      "stddev": 0.3797487312443242,
      "mu": 2.958750363205674,
      "cv": 1.1235816964960381,
      "lambda": 1.5,
      "twait": 0.39314090382203704
    },
    "F7": {
      "rho": 0.6264437361756594,
      "capacity": 1.0,
      "tserv": 1.6705166298017584,
      "stddev": 1.6705166298017582,
      "mu": 0.5986172074914757,
      "cv": 0.9999999999999999,
      "lambda": 0.375,
      "twait": 2.80141114005969
    },
    "F8": {
      "rho": 0.47882086713467076,
      "capacity": 1.0,
      "tserv": 0.6384278228462277,
      "stddev": 0.6384642936994291,
      "mu": 1.566347775292464,
      "cv": 1.000057126039775,
      "lambda": 0.75,
      "twait": 0.5865738053666016
    },
    "F9": {
      "rho": 0.6008156096217487,
      "capacity": 1.0,
      "tserv": 1.60217495899133,
      "stddev": 1.6021749589913306,
      "mu": 0.624151559970431,
      "cv": 1.0000000000000004,
      "lambda": 0.375,
      "twait": 2.411446308797155
    },
    "F10": {
      "rho": 0.46842138486831986,
      "capacity": 1.0,
      "tserv": 0.6245618464910931,
      "stddev": 0.6693466516245673,
      "mu": 1.6011224598783764,
      "cv": 1.071705957360482,
      "lambda": 0.75,
      "twait": 0.5912360017947014
    },
    "F11": {
      "rho": 0.5159624475363271,
      "capacity": 1.0,
      "tserv": 0.6879499300484362,
      "stddev": 0.8869390262467778,
      "mu": 1.4535941589958348,
      "cv": 1.2892493879377696,
      "lambda": 0.75,
      "twait": 0.9761143036219715
    },
    "F12": {
      "rho": 0.6050830250381405,
      "capacity": 1.0,
      "tserv": 1.6135547334350413,
      "stddev": 1.6135547334350413,
      "mu": 0.619749661587949,
      "cv": 1.0,
      "lambda": 0.375,
      "twait": 2.4722527545587987
    },
    "F13": {
      "rho": 0.5060840735609976,
      "capacity": 1.0,
      "tserv": 0.6747787647479968,
      "stddev": 0.7119150863915685,
      "mu": 1.4819672050193524,
      "cv": 1.0550348107908236,
      "lambda": 0.75,
      "twait": 0.730500946682044
    },
    "F14": {
      "rho": 0.5208259911761455,
      "capacity": 1.0,
      "tserv": 1.3888693098030547,
      "stddev": 1.3888693098030547,
      "mu": 0.7200101499411796,
      "cv": 1.0,
      "lambda": 0.375,
      "twait": 1.509596141635081
    },
    "F15": {
      "rho": 0.48191257400140886,
      "capacity": 1.0,
      "tserv": 0.42836673244569673,
      "stddev": 0.45303974439328765,
      "mu": 2.3344483225638166,
      "cv": 1.0575978713536507,
      "lambda": 1.125,
      "twait": 0.422067713819207
    },
    "F16": {
      "rho": 0.6058809805547607,
      "capacity": 1.0,
      "tserv": 0.8078413074063476,
      "stddev": 0.828669776079052,
      "mu": 1.2378668815668716,
      "cv": 1.0257828715636939,
      "lambda": 0.75,
      "twait": 1.2743306364890417
    },
    "F17": {
      "rho": 1.0232580184390043,
      "capacity": 1.0,
      "tserv": 2.728688049170678,
      "stddev": 2.7286880491706786,
      "mu": 0.36647648319635767,
      "cv": 1.0000000000000002,
      "lambda": 0.375,
      "twait": 2789.3597742064453
    },
    "F18": {
      "rho": 0.38152528947789754,
      "capacity": 1.0,
      "tserv": 0.254350192985265,
      "stddev": 0.3996427316315313,
      "mu": 3.931587345239136,
      "cv": 1.5712303062993287,
      "lambda": 1.5,
      "twait": 0.2721311758585649
    },
    "F19": {
      "rho": 0.5779377274952112,
      "capacity": 1.0,
      "tserv": 1.5411672733205632,
      "stddev": 1.5411672733205632,
      "mu": 0.6488588340222299,
      "cv": 1.0,
      "lambda": 0.375,
      "twait": 2.11034904007624
    },
    "F20": {
      "rho": 0.46244575530118376,
      "capacity": 1.0,
      "tserv": 0.6165943404015783,
      "stddev": 0.9167930733451213,
      "mu": 1.6218118371776094,
      "cv": 1.486865858593558,
      "lambda": 0.75,
      "twait": 0.8515639109822231
    },
    "F21": {
      "rho": 0.44448001830066586,
      "capacity": 1.0,
      "tserv": 1.1852800488017756,
      "stddev": 1.1852800488017756,
      "mu": 0.8436824706624573,
      "cv": 1.0,
      "lambda": 0.375,
      "twait": 0.9483606623316153
    },
    "F22": {
      "rho": 0.8594979567315398,
      "capacity": 1.0,
      "tserv": 2.2919945512841062,
      "stddev": 2.2919945512841062,
      "mu": 0.4363012117283363,
      "cv": 1.0,
      "lambda": 0.375,
      "twait": 14.020896691904044
    },
    "F23": {
      "rho": 0.6549558169563321,
      "capacity": 1.0,
      "tserv": 1.7465488452168856,
      "stddev": 1.7465488452168858,
      "mu": 0.5725577058658331,
      "cv": 1.0000000000000002,
      "lambda": 0.375,
      "twait": 3.3152633256489166
    },
    "F24": {
      "rho": 0.5525459541854727,
      "capacity": 1.0,
      "tserv": 1.4734558778279272,
      "stddev": 1.4734558778279272,
      "mu": 0.678676582751928,
      "cv": 1.0,
      "lambda": 0.375,
      "twait": 1.819521114134918
    },
    "F25": {
      "rho": 0.3672235500583165,
      "capacity": 1.0,
      "tserv": 0.9792628001555106,
      "stddev": 0.9792628001555106,
      "mu": 1.0211763377932832,
      "cv": 1.0,
      "lambda": 0.375,
      "twait": 0.5683023790570836
    }
  },
  "extra": {
    "deltatime": 7.9680042,
    "conv": 37,
    "obj_func": 1950.7302532586136
  },
  "network": [
    [
      0.0,
      0.919104079779214,
      1.0663566667588622,
      0.7762277119232451,
      0.9144288550324565,
      1.2423358002956624,
      1.0410196421483253,
      0.7994411252672725,
      1.1429018534855717,
      1.1986470586412121,
      1.1101552150517524,
      1.110386811469154,
      1.064533204520271,
      1.1232417090487106,
      0.8992410206384439,
      0.9068179210740768,
      1.0156419285405218,
      1.0559161674332067,
      1.2119027576991521,
      1.2212364142712735,
      0.8620973717342076,
      1.0056546749795219,
      0.7627848690886304,
      1.0547179713225874,
      1.0547179713225874
    ],
    [
      0.919104079779214,
      0.0,
      0.8233146983383794,
      1.0823118775245757,
      0.9204035348864715,
      1.0121936496150015,
      0.7318608306627888,
      1.0576704436753415,
      0.9578997307820027,
      1.316465772891505,
      0.9951129046779011,
      1.0183807490200978,
      1.0360735463758235,
      1.001608485777714,
      0.7892088297254931,
      1.02131502863616,
      0.645262050090693,
      1.2965248247232573,
      0.713495232197438,
      1.0564156274706558,
      0.6822319268915826,
      0.9591123882326409,
      1.0547179713225874,
      0.9726764354775691,
      0.9726764354775691
    ],
    [
      1.0663566667588622,
      0.8233146983383794,
      0.0,
      1.353152150007654,
      0.8676515613605235,
      1.3152333595408394,
      0.9617263641377949,
      1.3494064654217361,
      0.9088703065891506,
      1.1830412662786274,
      0.8626447892085082,
      1.0483267604980004,
      0.9231953496419665,
      1.134756719467994,
      1.0819591278400669,
      0.8974937887664518,
      1.28570990709553,
      0.84241030017685,
      1.1023722502313158,
      0.8525563879773385,
      0.6823963214877024,
      0.7627848690886304,
      0.9726764354775691,
      0.8402051847582065,
      0.8402051847582065
    ],
    [
      0.7762277119232451,
      1.0823118775245757,
      1.353152150007654,
      0.0,
      1.272167031753642,
      0.9806044547909488,
      1.051695697329519,
      0.835381220757815,
      1.3556338189608024,
      1.0353647734745184,
      1.1324693004482822,
      1.0644620518317516,
      0.6778369507900118,
      1.219679722300497,
      0.6952680778656155,
      0.8481106683904409,
      1.3310060794782046,
      1.4460754897797086,
      1.2053023355119739,
      1.1895666665258373,
      1.0056546749795219,
      1.0547179713225874,
      0.8402051847582065,
      0.596212886295604,
      0.596212886295604
    ],
    [
      0.9144288550324565,
      0.9204035348864715,
      0.8676515613605235,
      1.272167031753642,
      0.0,
      0.753871309888475,
      1.1644872760491107,
      0.963281205290482,
      0.6811256572862426,
      0.9510917284611653,
      0.7959305497906182,
      0.9550980684159756,
      0.9736652823329234,
      0.6130177934784479,
      1.2098499683732893,
      0.9969014250940258,
      1.4759358104678342,
      0.9238312306458142,
      1.216738915729637,
      0.8620973717342076,
      0.9591123882326409,
      0.9726764354775691,
      0.596212886295604,
      0.7085262790702098,
      0.7085262790702098
    ],
    [
      1.2423358002956624,
      1.0121936496150015,
      1.3152333595408394,
      0.9806044547909488,
      0.753871309888475,
      0.0,
      1.1365703574322852,
      1.1297366525341401,
      0.681644419895033,
      1.0449865653431518,
      0.9439332194978188,
      0.6442004405067455,
      1.3000654313818136,
      1.2520472568395673,
      0.9833772121722723,
      0.7877527795693257,
      0.6691274340483729,
      1.2632900127152906,
      1.2212364142712735,
      0.6822319268915826,
      0.7627848690886304,
      0.8402051847582065,
      0.7085262790702098,
      1.1637387138503383,
      1.1637387138503383
    ],
    [
      1.0410196421483253,
      0.7318608306627888,
      0.9617263641377949,
      1.051695697329519,
      1.1644872760491107,
      1.1365703574322852,
      0.0,
      0.9538490377440373,
      0.915353200298857,
      0.9540399197475927,
      1.2108884256747126,
      0.7275240829597147,
      0.7239723140349567,
      0.7516873381664976,
      1.289942044078117,
      0.8025440826645018,
      0.8433640419860287,
      1.2119027576991521,
      1.0564156274706558,
      0.6823963214877024,
      1.0547179713225874,
      0.596212886295604,
      1.1637387138503383,
      0.9651464207102065,
      0.9651464207102065
    ],
    [
      0.7994411252672725,
      1.0576704436753415,
      1.3494064654217361,
      0.835381220757815,
      0.963281205290482,
      1.1297366525341401,
      0.9538490377440373,
      0.0,
      0.7123166464394465,
      1.0387307164432538,
      0.6504593346049868,
      0.9394444615013663,
      1.0301836747064907,
      0.6498254190421048,
      0.9438080348797206,
      0.9456410891563599,
      1.0559161674332067,
      0.713495232197438,
      0.8525563879773385,
      1.0056546749795219,
      0.9726764354775691,
      0.7085262790702098,
      0.9651464207102065,
      1.2422736960359582,
      1.2422736960359582
    ],
    [
      1.1429018534855717,
      0.9578997307820027,
      0.9088703065891506,
      1.3556338189608024,
      0.6811256572862426,
      0.681644419895033,
      0.915353200298857,
      0.7123166464394465,
      0.0,
      1.055760825515257,
      0.9591272039926335,
      1.3297673031385064,
      1.0654138193817182,
      0.8466781205081751,
      0.7869784757532633,
      1.0156419285405218,
      1.2965248247232573,
      1.1023722502313158,
      1.1895666665258373,
      0.9591123882326409,
      0.8402051847582065,
      1.1637387138503383,
      1.2422736960359582,
      1.0957524534408194,
      1.0957524534408194
    ],
    [
      1.1986470586412121,
      1.316465772891505,
      1.1830412662786274,
      1.0353647734745184,
      0.9510917284611653,
      1.0449865653431518,
      0.9540399197475927,
      1.0387307164432538,
      1.055760825515257,
      0.0,
      0.9464488885167792,
      1.0123432153698773,
      1.1584620384616051,
      0.6906138992531965,
      0.9068179210740768,
      0.645262050090693,
      0.84241030017685,
      1.2053023355119739,
      0.8620973717342076,
      0.7627848690886304,
      0.596212886295604,
      0.9651464207102065,
      1.0957524534408194,
      1.2441258827787391,
      1.2441258827787391
    ],
    [
      1.1101552150517524,
      0.9951129046779011,
      0.8626447892085082,
      1.1324693004482822,
      0.7959305497906182,
      0.9439332194978188,
      1.2108884256747126,
      0.6504593346049868,
      0.9591272039926335,
      0.9464488885167792,
      0.0,
      1.2877377541102986,
      1.2151828241339746,
      0.8992410206384439,
      1.02131502863616,
      1.28570990709553,
      1.4460754897797086,
      1.216738915729637,
      0.6822319268915826,
      1.0547179713225874,
      0.7085262790702098,
      1.2422736960359582,
      1.2441258827787391,
      0.79475052784386,
      0.79475052784386
    ],
    [
      1.110386811469154,
      1.0183807490200978,
      1.0483267604980004,
      1.0644620518317516,
      0.9550980684159756,
      0.6442004405067455,
      0.7275240829597147,
      0.9394444615013663,
      1.3297673031385064,
      1.0123432153698773,
      1.2877377541102986,
      0.0,
      1.1232417090487106,
      0.7892088297254931,
      0.8974937887664518,
      1.3310060794782046,
      0.9238312306458142,
      1.2212364142712735,
      0.6823963214877024,
      0.9726764354775691,
      1.1637387138503383,
      1.0957524534408194,
      0.79475052784386,
      1.1681856037840317,
      1.1681856037840317
    ],
    [
      1.064533204520271,
      1.0360735463758235,
      0.9231953496419665,
      0.6778369507900118,
      0.9736652823329234,
      1.3000654313818136,
      0.7239723140349567,
      1.0301836747064907,
      1.0654138193817182,
      1.1584620384616051,
      1.2151828241339746,
      1.1232417090487106,
      0.0,
      1.0819591278400669,
      0.8481106683904409,
      1.4759358104678342,
      1.2632900127152906,
      1.0564156274706558,
      1.0056546749795219,
      0.8402051847582065,
      0.9651464207102065,
      1.2441258827787391,
      1.1681856037840317,
      0.8414577357700901,
      0.8414577357700901
    ],
    [
      1.1232417090487106,
      1.001608485777714,
      1.134756719467994,
      1.219679722300497,
      0.6130177934784479,
      1.2520472568395673,
      0.7516873381664976,
      0.6498254190421048,
      0.8466781205081751,
      0.6906138992531965,
      0.8992410206384439,
      0.7892088297254931,
      1.0819591278400669,
      0.0,
      0.9969014250940258,
      0.6691274340483729,
      1.2119027576991521,
      0.8525563879773385,
      0.9591123882326409,
      0.596212886295604,
      1.2422736960359582,
      0.79475052784386,
      0.8414577357700901,
      0.9440384998846473,
      0.9440384998846473
    ],
    [
      0.8992410206384439,
      0.7892088297254931,
      1.0819591278400669,
      0.6952680778656155,
      1.2098499683732893,
      0.9833772121722723,
      1.289942044078117,
      0.9438080348797206,
      0.7869784757532633,
      0.9068179210740768,
      1.02131502863616,
      0.8974937887664518,
      0.8481106683904409,
      0.9969014250940258,
      0.0,
      0.8433640419860287,
      0.713495232197438,
      1.1895666665258373,
      0.7627848690886304,
      0.7085262790702098,
      1.0957524534408194,
      1.1681856037840317,
      0.9440384998846473,
      0.6410131456033238,
      0.6410131456033238
    ],
    [
      0.9068179210740768,
      1.02131502863616,
      0.8974937887664518,
      0.8481106683904409,
      0.9969014250940258,
      0.7877527795693257,
      0.8025440826645018,
      0.9456410891563599,
      1.0156419285405218,
      0.645262050090693,
      1.28570990709553,
      1.3310060794782046,
      1.4759358104678342,
      0.6691274340483729,
      0.8433640419860287,
      0.0,
      1.1023722502313158,
      0.8620973717342076,
      1.0547179713225874,
      1.1637387138503383,
      1.2441258827787391,
      0.8414577357700901,
      0.6410131456033238,
      1.2894257776131517,
      1.2894257776131517
    ],
    [
      1.0156419285405218,
      0.645262050090693,
      1.28570990709553,
      1.3310060794782046,
      1.4759358104678342,
      0.6691274340483729,
      0.8433640419860287,
      1.0559161674332067,
      1.2965248247232573,
      0.84241030017685,
      1.4460754897797086,
      0.9238312306458142,
      1.2632900127152906,
      1.2119027576991521,
      0.713495232197438,
      1.1023722502313158,
      0.0,
      0.6822319268915826,
      0.9726764354775691,
      0.9651464207102065,
      0.79475052784386,
      0.9440384998846473,
      1.2894257776131517,
      1.1314238465222897,
      1.1314238465222897
    ],
    [
      1.0559161674332067,
      1.2965248247232573,
      0.84241030017685,
      1.4460754897797086,
      0.9238312306458142,
      1.2632900127152906,
      1.2119027576991521,
      0.713495232197438,
      1.1023722502313158,
      1.2053023355119739,
      1.216738915729637,
      1.2212364142712735,
      1.0564156274706558,
      0.8525563879773385,
      1.1895666665258373,
      0.8620973717342076,
      0.6822319268915826,
      0.0,
      0.8402051847582065,
      1.2422736960359582,
      1.1681856037840317,
      0.6410131456033238,
      1.1314238465222897,
      1.2266124116486175,
      1.2266124116486175
    ],
    [
      1.2119027576991521,
      0.713495232197438,
      1.1023722502313158,
      1.2053023355119739,
      1.216738915729637,
      1.2212364142712735,
      1.0564156274706558,
      0.8525563879773385,
      1.1895666665258373,
      0.8620973717342076,
      0.6822319268915826,
      0.6823963214877024,
      1.0056546749795219,
      0.9591123882326409,
      0.7627848690886304,
      1.0547179713225874,
      0.9726764354775691,
      0.8402051847582065,
      0.0,
      1.0957524534408194,
      0.8414577357700901,
      1.2894257776131517,
      1.2266124116486175,
      0.8509945795037859,
      0.8509945795037859
    ],
    [
      1.2212364142712735,
      1.0564156274706558,
      0.8525563879773385,
      1.1895666665258373,
      0.8620973717342076,
      0.6822319268915826,
      0.6823963214877024,
      1.0056546749795219,
      0.9591123882326409,
      0.7627848690886304,
      1.0547179713225874,
      0.9726764354775691,
      0.8402051847582065,
      0.596212886295604,
      0.7085262790702098,
      1.1637387138503383,
      0.9651464207102065,
      1.2422736960359582,
      1.0957524534408194,
      0.0,
      0.9440384998846473,
      1.1314238465222897,
      0.8509945795037859,
      0.7055409952907056,
      0.7055409952907056
    ],
    [
      0.8620973717342076,
      0.6822319268915826,
      0.6823963214877024,
      1.0056546749795219,
      0.9591123882326409,
      0.7627848690886304,
      1.0547179713225874,
      0.9726764354775691,
      0.8402051847582065,
      0.596212886295604,
      0.7085262790702098,
      1.1637387138503383,
      0.9651464207102065,
      1.2422736960359582,
      1.0957524534408194,
      1.2441258827787391,
      0.79475052784386,
      1.1681856037840317,
      0.8414577357700901,
      0.9440384998846473,
      0.0,
      1.2266124116486175,
      0.7055409952907056,
      1.2067153262451136,
      1.2067153262451136
    ],
    [
      1.0056546749795219,
      0.9591123882326409,
      0.7627848690886304,
      1.0547179713225874,
      0.9726764354775691,
      0.8402051847582065,
      0.596212886295604,
      0.7085262790702098,
      1.1637387138503383,
      0.9651464207102065,
      1.2422736960359582,
      1.0957524534408194,
      1.2441258827787391,
      0.79475052784386,
      1.1681856037840317,
      0.8414577357700901,
      0.9440384998846473,
      0.6410131456033238,
      1.2894257776131517,
      1.1314238465222897,
      1.2266124116486175,
      0.0,
      1.2067153262451136,
      1.1256455004928518,
      1.1256455004928518
    ],
    [
      0.7627848690886304,
      1.0547179713225874,
      0.9726764354775691,
      0.8402051847582065,
      0.596212886295604,
      0.7085262790702098,
      1.1637387138503383,
      0.9651464207102065,
      1.2422736960359582,
      1.0957524534408194,
      1.2441258827787391,
      0.79475052784386,
      1.1681856037840317,
      0.8414577357700901,
      0.9440384998846473,
      0.6410131456033238,
      1.2894257776131517,
      1.1314238465222897,
      1.2266124116486175,
      0.8509945795037859,
      0.7055409952907056,
      1.2067153262451136,
      0.0,
      0.810033188735435,
      0.810033188735435
    ],
    [
      1.0547179713225874,
      0.9726764354775691,
      0.8402051847582065,
      0.596212886295604,
      0.7085262790702098,
      1.1637387138503383,
      0.9651464207102065,
      1.2422736960359582,
      1.0957524534408194,
      1.2441258827787391,
      0.79475052784386,
      1.1681856037840317,
      0.8414577357700901,
      0.9440384998846473,
      0.6410131456033238,
      1.2894257776131517,
      1.1314238465222897,
      1.2266124116486175,
      0.8509945795037859,
      0.7055409952907056,
      1.2067153262451136,
      1.1256455004928518,
      0.810033188735435,
      0.0,
      0.8148996405445661
    ],
    [
      1.0547179713225874,
      0.9726764354775691,
      0.8402051847582065,
      0.596212886295604,
      0.7085262790702098,
      1.1637387138503383,
      0.9651464207102065,
      1.2422736960359582,
      1.0957524534408194,
      1.2441258827787391,
      0.79475052784386,
      1.1681856037840317,
      0.8414577357700901,
      0.9440384998846473,
      0.6410131456033238,
      1.2894257776131517,
      1.1314238465222897,
      1.2266124116486175,
      0.8509945795037859,
      0.7055409952907056,
      1.2067153262451136,
      1.1256455004928518,
      0.810033188735435,
      0.8148996405445661,
      0.0
    ]
  ]
}