{
  "servicechain": {
    "SC1": {
      "resptime": 30.550419929517204,
      "resptime_old": 20.550419929517204,
      "waittime": 16.63079380771054,
      "servicetime": 10.0,
      "networktime": 3.9196261218066644,
      "services": {
        "MS1_1": {
          "meanserv": 2.277761949922492,
          "stddevserv": 2.277761949922492,
          "rate": 0.43902744096415697,
          "cv": 1.0,
          "lambda": 0.15
        },
        "MS1_2": {
          "meanserv": 1.0559322482586722,
          "stddevserv": 1.0559322482586722,
          "rate": 0.9470304573509243,
          "cv": 1.0,
          "lambda": 0.15
        },
        "MS1_3": {
          "meanserv": 0.0135224102749687,
          "stddevserv": 0.0135224102749687,
          "rate": 73.95131338760646,
          "cv": 1.0,
          "lambda": 0.15
        },
        "MS1_4": {
          "meanserv": 2.223426734965958,
          "stddevserv": 2.223426734965958,
          "rate": 0.44975621830656387,
          "cv": 1.0,
          "lambda": 0.15
        },
        "MS1_5": {
          "meanserv": 4.429356656577909,
          "stddevserv": 4.429356656577909,
          "rate": 0.2257664210704119,
          "cv": 1.0,
          "lambda": 0.15
        }
      },
      "sensors": [
        "S1"
      ],
      "sources": [
        {
          "startTime": 0,
          "stopTime": -1,
          "lambda": 0.15
        }
      ]
    },
    "SC2": {
      "resptime": 28.89005323630313,
      "resptime_old": 18.89005323630313,
      "waittime": 12.79885246098165,
      "servicetime": 10.0,
      "networktime": 6.091200775321481,
      "services": {
        "MS2_1": {
          "meanserv": 1.5384271173733466,
          "stddevserv": 1.5384271173733466,
          "rate": 0.6500145432351472,
          "cv": 1.0,
          "lambda": 0.15
        },
        "MS2_2": {
          "meanserv": 1.541653123265796,
          "stddevserv": 1.541653123265796,
          "rate": 0.6486543470178475,
          "cv": 1.0,
          "lambda": 0.15
        },
        "MS2_3": {
          "meanserv": 1.4463863782682904,
          "stddevserv": 1.4463863782682904,
          "rate": 0.691378192594199,
          "cv": 1.0,
          "lambda": 0.15
        },
        "MS2_4": {
          "meanserv": 3.888056012126361,
          "stddevserv": 3.888056012126361,
          "rate": 0.25719794079126557,
          "cv": 1.0,
          "lambda": 0.15
        },
        "MS2_5": {
          "meanserv": 1.585477368966206,
          "stddevserv": 1.585477368966206,
          "rate": 0.6307248653142489,
          "cv": 1.0,
          "lambda": 0.15
        }
      },
      "sensors": [
        "S2"
      ],
      "sources": [
        {
          "startTime": 0,
          "stopTime": -1,
          "lambda": 0.15
        }
      ]
    },
    "SC3": {
      "resptime": 31.276194277537616,
      "resptime_old": 21.276194277537616,
      "waittime": 17.73429101389997,
      "servicetime": 10.0,
      "networktime": 3.5419032636376464,
      "services": {
        "MS3_1": {
          "meanserv": 1.657651135352538,
          "stddevserv": 1.657651135352538,
          "rate": 0.6032632431958168,
          "cv": 1.0,
          "lambda": 0.15
        },
        "MS3_2": {
          "meanserv": 2.6122823212493187,
          "stddevserv": 2.6122823212493187,
          "rate": 0.38280701586716404,
          "cv": 1.0,
          "lambda": 0.15
        },
        "MS3_3": {
          "meanserv": 1.546429542920448,
          "stddevserv": 1.546429542920448,
          "rate": 0.6466508639711381,
          "cv": 1.0,
          "lambda": 0.15
        },
        "MS3_4": {
          "meanserv": 0.3905585056561982,
          "stddevserv": 0.3905585056561982,
          "rate": 2.5604358515245917,
          "cv": 1.0,
          "lambda": 0.15
        },
        "MS3_5": {
          "meanserv": 3.793078494821497,
          "stddevserv": 3.793078494821497,
          "rate": 0.2636380980159653,
          "cv": 1.0,
          "lambda": 0.15
        }
      },
      "sensors": [
        "S3"
      ],
      "sources": [
        {
          "startTime": 0,
          "stopTime": -1,
          "lambda": 0.15
        }
      ]
    },
    "SC4": {
      "resptime": 50.68965375810482,
      "resptime_old": 40.68965375810482,
      "waittime": 37.05692150609642,
      "servicetime": 10.0,
      "networktime": 3.632732252008395,
      "services": {
        "MS4_1": {
          "meanserv": 1.5619776520386786,
          "stddevserv": 1.5619776520386786,
          "rate": 0.6402140252741833,
          "cv": 1.0,
          "lambda": 0.15
        },
        "MS4_2": {
          "meanserv": 0.7534720565623931,
          "stddevserv": 0.7534720565623931,
          "rate": 1.3271892318905028,
          "cv": 1.0,
          "lambda": 0.15
        },
        "MS4_3": {
          "meanserv": 0.06983132644090562,
          "stddevserv": 0.06983132644090562,
          "rate": 14.320220608242987,
          "cv": 1.0,
          "lambda": 0.15
        },
        "MS4_4": {
          "meanserv": 5.5535479829440035,
          "stddevserv": 5.5535479829440035,
          "rate": 0.1800650688660995,
          "cv": 1.0,
          "lambda": 0.15
        },
        "MS4_5": {
          "meanserv": 2.061170982014019,
          "stddevserv": 2.061170982014019,
          "rate": 0.4851611092559028,
          "cv": 1.0,
          "lambda": 0.15
        }
      },
      "sensors": [
        "S4"
      ],
      "sources": [
        {
          "startTime": 0,
          "stopTime": -1,
          "lambda": 0.15
        }
      ]
    }
  },
  "microservice": {
    "MS1_1": "F6",
    "MS1_2": "F10",
    "MS1_3": "F10",
    "MS1_4": "F10",
    "MS1_5": "F1",
    "MS2_1": "F9",
    "MS2_2": "F9",
    "MS2_3": "F6",
    "MS2_4": "F3",
    "MS2_5": "F5",
    "MS3_1": "F2",
    "MS3_2": "F2",
    "MS3_3": "F7",
    "MS3_4": "F7",
    "MS3_5": "F8",
    "MS4_1": "F7",
    "MS4_2": "F7",
    "MS4_3": "F7",
    "MS4_4": "F4",
    "MS4_5": "F5"
  },
  "sensor": {
    "S1": "F6",
    "S2": "F9",
    "S3": "F2",
    "S4": "F7"
  },
  "fog": {
    "F1": {
      "rho": 0.6644034984866863,
      "capacity": 1.0,
      "tserv": 4.429356656577909,
      "stddev": 4.429356656577909,
      "mu": 0.2257664210704119,
      "cv": 1.0,
      "lambda": 0.15,
      "twait": 8.769102316040996
    },
    "F2": {
      "rho": 0.6404900184902784,
      "capacity": 1.0,
      "tserv": 2.1349667283009284,
      "stddev": 2.2391389598449036,
      "mu": 0.4683913743217116,
      "cv": 1.048793374699042,
      "lambda": 0.3,
      "twait": 3.9936969923275067
    },
    "F3": {
      "rho": 0.5832084018189542,
      "capacity": 1.0,
      "tserv": 3.8880560121263614,
      "stddev": 3.8880560121263605,
      "mu": 0.25719794079126557,
      "cv": 0.9999999999999998,
      "lambda": 0.15,
      "twait": 5.440481389046174
    },
    "F4": {
      "rho": 0.8330321974416005,
      "capacity": 1.0,
      "tserv": 5.5535479829440035,
      "stddev": 5.5535479829440035,
      "mu": 0.1800650688660995,
      "cv": 1.0,
      "lambda": 0.15,
      "twait": 27.707643084127547
    },
    "F5": {
      "rho": 0.5469972526470337,
      "capacity": 1.0,
      "tserv": 1.8233241754901124,
      "stddev": 1.8540909512949846,
      "mu": 0.5484488240996412,
      "cv": 1.0168740020115195,
      "lambda": 0.3,
      "twait": 2.2391136734094994
    },
    "F6": {
      "rho": 0.5586222492286174,
      "capacity": 1.0,
      "tserv": 1.8620741640953913,
      "stddev": 1.9526681395370862,
      "mu": 0.5370355377256454,
      "cv": 1.0486521843160346,
      "lambda": 0.3,
      "twait": 2.4741504447260874
    },
    "F7": {
      "rho": 0.6483403625427936,
      "capacity": 1.0,
      "tserv": 0.8644538167237248,
      "stddev": 1.21460281805669,
      "mu": 1.1567997973448652,
      "cv": 1.405052293782481,
      "lambda": 0.75,
      "twait": 2.37005491618646
    },
    "F8": {
      "rho": 0.5689617742232246,
      "capacity": 1.0,
      "tserv": 3.7930784948214975,
      "stddev": 3.7930784948214966,
      "mu": 0.26363809801596527,
      "cv": 0.9999999999999998,
      "lambda": 0.15,
      "twait": 5.006787196872035
    },
    "F9": {
      "rho": 0.4620120360958714,
      "capacity": 1.0,
      "tserv": 1.5400401203195713,
      "stddev": 1.5400418097411928,
      "mu": 0.6493337328072282,
      "cv": 1.0000010969984479,
      "lambda": 0.3,
      "twait": 1.3225534768999445
    },
    "F10": {
      "rho": 0.49393220902493984,
      "capacity": 1.0,
      "tserv": 1.097627131166533,
      "stddev": 1.6835724389215392,
      "mu": 0.9110561971415765,
      "cv": 1.5338291038162266,
      "lambda": 0.44999999999999996,
      "twait": 1.7958470156478188
    }
  },
  "extra": {
    "deltatime": 0.45799,
    "conv": 12,
    "obj_func": 35.35158030036569
  },
  "network": [
    [
      0.0,
      2.611465185501697,
      1.6025492657549962,
      1.7589882552097709,
      2.1018934830210183,
      2.0152776807221553,
      2.156024240688983,
      1.9555575042062088,
      1.8671987956566187,
      1.8671987956566187
    ],
    [
      2.611465185501697,
      0.0,
      1.927758238638003,
      1.1321885220655605,
      2.3295318132863017,
      1.944925861784095,
      1.4894759374876012,
      1.8671987956566187,
      2.7041104542869534,
      2.7041104542869534
    ],
    [
      1.6025492657549962,
      1.927758238638003,
      0.0,
      1.644706400661134,
      1.8605914245742798,
      2.1781820245971555,
      1.9555575042062088,
      2.7041104542869534,
      2.2135955409070873,
      2.2135955409070873
    ],
    [
      1.7589882552097709,
      1.1321885220655605,
      1.644706400661134,
      0.0,
      1.7655334563517762,
      2.156024240688983,
      1.8671987956566187,
      2.2135955409070873,
      2.1312689789397665,
      2.1312689789397665
    ],
    [
      2.1018934830210183,
      2.3295318132863017,
      1.8605914245742798,
      1.7655334563517762,
      0.0,
      1.4894759374876012,
      2.7041104542869534,
      2.1312689789397665,
      2.1881300679370494,
      2.1881300679370494
    ],
    [
      2.0152776807221553,
      1.944925861784095,
      2.1781820245971555,
      2.156024240688983,
      1.4894759374876012,
      0.0,
      2.2135955409070873,
      2.1881300679370494,
      2.0524273261500454,
      2.0524273261500454
    ],
    [
      2.156024240688983,
      1.4894759374876012,
      1.9555575042062088,
      1.8671987956566187,
      2.7041104542869534,
      2.2135955409070873,
      0.0,
      2.0524273261500454,
      2.1879880669584173,
      2.1879880669584173
    ],
    [
      1.9555575042062088,
      1.8671987956566187,
      2.7041104542869534,
      2.2135955409070873,
      2.1312689789397665,
      2.1881300679370494,
      2.0524273261500454,
      0.0,
      2.115640012746787,
      2.115640012746787
    ],
    [
      1.8671987956566187,
      2.7041104542869534,
      2.2135955409070873,
      2.1312689789397665,
      2.1881300679370494,
      2.0524273261500454,
      2.1879880669584173,
      2.115640012746787,
      0.0,
      2.206941798893512
    ],
    [
      1.8671987956566187,
      2.7041104542869534,
      2.2135955409070873,
      2.1312689789397665,
      2.1881300679370494,
      2.0524273261500454,
      2.1879880669584173,
      2.115640012746787,
      2.206941798893512,
      0.0
    ]
  ]
}