{
  "servicechain": {
    "SC1": {
      "resptime": 37.36215318050756,
      "resptime_old": 27.362153180507566,
      "waittime": 22.258053794772415,
      "servicetime": 10.0,
      "networktime": 5.104099385735148,
      "services": {
        "MS1_1": {
          "meanserv": 0.8208611247173991,
          "stddevserv": 0.8208611247173991,
          "rate": 1.2182328653269743,
          "cv": 1.0,
          "lambda": 0.15
        },
        "MS1_2": {
          "meanserv": 3.238629665666651,
          "stddevserv": 3.238629665666651,
          "rate": 0.3087725684110154,
          "cv": 1.0,
          "lambda": 0.15
        },
        "MS1_3": {
          "meanserv": 2.9116879565652347,
          "stddevserv": 2.9116879565652347,
          "rate": 0.34344339603603935,
          "cv": 1.0,
          "lambda": 0.15
        },
        "MS1_4": {
          "meanserv": 0.8437397194163765,
          "stddevserv": 0.8437397194163765,
          "rate": 1.1851996261260644,
          "cv": 1.0,
          "lambda": 0.15
        },
        "MS1_5": {
          "meanserv": 0.15195840761567325,
          "stddevserv": 0.15195840761567325,
          "rate": 6.58074808554955,
          "cv": 1.0,
          "lambda": 0.15
        },
        "MS1_6": {
          "meanserv": 0.04217957028197361,
          "stddevserv": 0.04217957028197361,
          "rate": 23.708159976854304,
          "cv": 1.0,
          "lambda": 0.15
        },
        "MS1_7": {
          "meanserv": 1.8742648246283515,
          "stddevserv": 1.8742648246283515,
          "rate": 0.5335425319088994,
          "cv": 1.0,
          "lambda": 0.15
        },
        "MS1_8": {
          "meanserv": 0.11667873110834037,
          "stddevserv": 0.11667873110834037,
          "rate": 8.570542295934503,
          "cv": 1.0,
          "lambda": 0.15
        }
      },
      "sensors": [
        "S1"
      ],
      "sources": [
        {
          "startTime": 0,
          "stopTime": -1,
          "lambda": 0.15
        }
      ]
    },
    "SC2": {
      "resptime": 45.85724275007934,
      "resptime_old": 35.857242750079344,
      "waittime": 32.653332890766976,
      "servicetime": 10.0,
      "networktime": 3.2039098593123647,
      "services": {
        "MS2_1": {
          "meanserv": 0.31222102672073593,
          "stddevserv": 0.31222102672073593,
          "rate": 3.2028592388636383,
          "cv": 1.0,
          "lambda": 0.15
        },
        "MS2_2": {
          "meanserv": 5.505730037112238,
          "stddevserv": 5.505730037112238,
          "rate": 0.1816289562436485,
          "cv": 1.0,
          "lambda": 0.15
        },
        "MS2_3": {
          "meanserv": 1.2749899027125666,
          "stddevserv": 1.2749899027125666,
          "rate": 0.7843199368657586,
          "cv": 1.0,
          "lambda": 0.15
        },
        "MS2_4": {
          "meanserv": 0.5311401621278034,
          "stddevserv": 0.5311401621278034,
          "rate": 1.8827422049838876,
          "cv": 1.0,
          "lambda": 0.15
        },
        "MS2_5": {
          "meanserv": 0.6790667290859247,
          "stddevserv": 0.6790667290859247,
          "rate": 1.4726093286090982,
          "cv": 1.0,
          "lambda": 0.15
        },
        "MS2_6": {
          "meanserv": 0.8568734100946287,
          "stddevserv": 0.8568734100946287,
          "rate": 1.1670335293629488,
          "cv": 1.0,
          "lambda": 0.15
        },
        "MS2_7": {
          "meanserv": 0.14229233456457102,
          "stddevserv": 0.14229233456457102,
          "rate": 7.027785460545724,
          "cv": 1.0,
          "lambda": 0.15
        },
        "MS2_8": {
          "meanserv": 0.6976863975815313,
          "stddevserv": 0.6976863975815313,
          "rate": 1.4333087236133775,
          "cv": 1.0,
          "lambda": 0.15
        }
      },
      "sensors": [
        "S2"
      ],
      "sources": [
        {
          "startTime": 0,
          "stopTime": -1,
          "lambda": 0.15
        }
      ]
    },
    "SC3": {
      "resptime": 31.164033215706095,
      "resptime_old": 21.164033215706098,
      "waittime": 16.41309039089387,
      "servicetime": 10.0,
      "networktime": 4.750942824812225,
      "services": {
        "MS3_1": {
          "meanserv": 1.6671596071988182,
          "stddevserv": 1.6671596071988182,
          "rate": 0.5998225938788261,
          "cv": 1.0,
          "lambda": 0.15
        },
        "MS3_2": {
          "meanserv": 0.02584042470697656,
          "stddevserv": 0.02584042470697656,
          "rate": 38.69905434371648,
          "cv": 1.0,
          "lambda": 0.15
        },
        "MS3_3": {
          "meanserv": 0.808966566573629,
          "stddevserv": 0.808966566573629,
          "rate": 1.2361450291270892,
          "cv": 1.0,
          "lambda": 0.15
        },
        "MS3_4": {
          "meanserv": 2.8431643257142722,
          "stddevserv": 2.8431643257142722,
          "rate": 0.3517207890362706,
          "cv": 1.0,
          "lambda": 0.15
        },
        "MS3_5": {
          "meanserv": 0.034744131820580115,
          "stddevserv": 0.034744131820580115,
          "rate": 28.78183876241416,
          "cv": 1.0,
          "lambda": 0.15
        },
        "MS3_6": {
          "meanserv": 0.029215353030975777,
          "stddevserv": 0.029215353030975777,
          "rate": 34.22857834165971,
          "cv": 1.0,
          "lambda": 0.15
        },
        "MS3_7": {
          "meanserv": 3.2579740448179315,
          "stddevserv": 3.2579740448179315,
          "rate": 0.3069392162870604,
          "cv": 1.0,
          "lambda": 0.15
        },
        "MS3_8": {
          "meanserv": 1.3329355461368166,
          "stddevserv": 1.3329355461368166,
          "rate": 0.7502238220732069,
          "cv": 1.0,
          "lambda": 0.15
        }
      },
      "sensors": [
        "S3"
      ],
      "sources": [
        {
          "startTime": 0,
          "stopTime": -1,
          "lambda": 0.15
        }
      ]
    },
    "SC4": {
      "resptime": 32.132402914872074,
      "resptime_old": 22.132402914872078,
      "waittime": 18.65019961862094,
      "servicetime": 10.0,
      "networktime": 3.4822032962511384,
      "services": {
        "MS4_1": {
          "meanserv": 0.7843347148519453,
          "stddevserv": 0.7843347148519453,
          "rate": 1.2749658800819044,
          "cv": 1.0,
          "lambda": 0.15
        },
        "MS4_2": {
          "meanserv": 0.9309350220953871,
          "stddevserv": 0.9309350220953871,
          "rate": 1.0741888276468088,
          "cv": 1.0,
          "lambda": 0.15
        },
        "MS4_3": {
          "meanserv": 1.273398740906906,
          "stddevserv": 1.273398740906906,
          "rate": 0.7852999754717888,
          "cv": 1.0,
          "lambda": 0.15
        },
        "MS4_4": {
          "meanserv": 2.8842815196309335,
          "stddevserv": 2.8842815196309335,
          "rate": 0.3467067944629614,
          "cv": 1.0,
          "lambda": 0.15
        },
        "MS4_5": {
          "meanserv": 0.6489492896355076,
          "stddevserv": 0.6489492896355076,
          "rate": 1.540952453406129,
          "cv": 1.0,
          "lambda": 0.15
        },
        "MS4_6": {
          "meanserv": 2.978836773944919,
          "stddevserv": 2.978836773944919,
          "rate": 0.3357015089738149,
          "cv": 1.0,
          "lambda": 0.15
        },
        "MS4_7": {
          "meanserv": 0.0012292176342363348,
          "stddevserv": 0.0012292176342363348,
          "rate": 813.5255890802943,
          "cv": 1.0,
          "lambda": 0.15
        },
        "MS4_8": {
          "meanserv": 0.498034721300165,
          "stddevserv": 0.498034721300165,
          "rate": 2.0078921352901036,
          "cv": 1.0,
          "lambda": 0.15
        }
      },
      "sensors": [
        "S4"
      ],
      "sources": [
        {
          "startTime": 0,
          "stopTime": -1,
          "lambda": 0.15
        }
      ]
    }
  },
  "microservice": {
    "MS1_1": "F8",
    "MS1_2": "F10",
    "MS1_3": "F4",
    "MS1_4": "F9",
    "MS1_5": "F9",
    "MS1_6": "F9",
    "MS1_7": "F4",
    "MS1_8": "F2",
    "MS2_1": "F2",
    "MS2_2": "F7",
    "MS2_3": "F9",
    "MS2_4": "F2",
    "MS2_5": "F2",
    "MS2_6": "F2",
    "MS2_7": "F2",
    "MS2_8": "F2",
    "MS3_1": "F8",
    "MS3_2": "F8",
    "MS3_3": "F8",
    "MS3_4": "F3",
    "MS3_5": "F2",
    "MS3_6": "F2",
    "MS3_7": "F5",
    "MS3_8": "F3",
    "MS4_1": "F9",
    "MS4_2": "F9",
    "MS4_3": "F6",
    "MS4_4": "F6",
    "MS4_5": "F1",
    "MS4_6": "F1",
    "MS4_7": "F2",
    "MS4_8": "F2"
  },
  "sensor": {
    "S1": "F8",
    "S2": "F2",
    "S3": "F8",
    "S4": "F9"
  },
  "fog": {
    "F1": {
      "rho": 0.544167909537064,
      "capacity": 1.0,
      "tserv": 1.8138930317902133,
      "stddev": 2.4503868624255865,
      "mu": 0.551300425369105,
      "cv": 1.3508993195740922,
      "lambda": 0.3,
      "twait": 3.0585616614504514
    },
    "F2": {
      "rho": 0.5848773322604239,
      "capacity": 1.0,
      "tserv": 0.35447111046086305,
      "stddev": 0.5484871607484266,
      "mu": 2.82110437349847,
      "cv": 1.5473395279951447,
      "lambda": 1.6499999999999997,
      "twait": 0.8475869245664629
    },
    "F3": {
      "rho": 0.6264149807776633,
      "capacity": 1.0,
      "tserv": 2.0880499359255444,
      "stddev": 2.345282076478366,
      "mu": 0.4789157494726017,
      "cv": 1.123192523381296,
      "lambda": 0.3,
      "twait": 3.9590588671200373
    },
    "F4": {
      "rho": 0.7178929171790379,
      "capacity": 1.0,
      "tserv": 2.392976390596793,
      "stddev": 2.502890206000359,
      "mu": 0.4178896222835723,
      "cv": 1.0459318428027424,
      "lambda": 0.3,
      "twait": 6.375661647348327
    },
    "F5": {
      "rho": 0.4886961067226897,
      "capacity": 1.0,
      "tserv": 3.2579740448179315,
      "stddev": 3.2579740448179315,
      "mu": 0.3069392162870604,
      "cv": 1.0,
      "lambda": 0.15,
      "twait": 3.1139196326099063
    },
    "F6": {
      "rho": 0.6236520390806759,
      "capacity": 1.0,
      "tserv": 2.0788401302689197,
      "stddev": 2.370453110823186,
      "mu": 0.48103747153978577,
      "cv": 1.1402767708340051,
      "lambda": 0.3,
      "twait": 3.962008009906055
    },
    "F7": {
      "rho": 0.8258595055668357,
      "capacity": 1.0,
      "tserv": 5.505730037112238,
      "stddev": 5.505730037112238,
      "mu": 0.1816289562436485,
      "cv": 1.0,
      "lambda": 0.15,
      "twait": 26.110868129980695
    },
    "F8": {
      "rho": 0.4984241584795234,
      "capacity": 1.0,
      "tserv": 0.8307069307992058,
      "stddev": 1.167942799450153,
      "mu": 1.2037939770623087,
      "cv": 1.4059625075313862,
      "lambda": 0.6,
      "twait": 1.2286263916369884
    },
    "F9": {
      "rho": 0.6042206005460884,
      "capacity": 1.0,
      "tserv": 0.6713562228289871,
      "stddev": 0.9114146269081005,
      "mu": 1.4895222029612847,
      "cv": 1.3575723228832912,
      "lambda": 0.9,
      "twait": 1.4569432133874989
    },
    "F10": {
      "rho": 0.48579444984999764,
      "capacity": 1.0,
      "tserv": 3.238629665666651,
      "stddev": 3.238629665666651,
      "mu": 0.3087725684110154,
      "cv": 1.0,
      "lambda": 0.15,
      "twait": 3.0596875437098108
    }
  },
  "extra": {
    "deltatime": 2.1241565,
    "conv": 11,
    "obj_func": 36.62895801529127
  },
  "network": [
    [
      0.0,
      1.1199528322441898,
      1.4296034308205496,
      1.6960632075383042,
      1.3681108566433295,
      0.9811340006485703,
      1.3305148030951062,
      1.3919825324202975,
      1.595120162426481,
      1.595120162426481
    ],
    [
      1.1199528322441898,
      0.0,
      1.4253832889553582,
      1.1806468365470515,
      1.0352806396317888,
      1.3789197464978526,
      1.0255671438820737,
      1.595120162426481,
      1.0562176989297536,
      1.0562176989297536
    ],
    [
      1.4296034308205496,
      1.4253832889553582,
      0.0,
      1.5098980562458997,
      1.2340611972953244,
      1.283867724961241,
      1.3919825324202975,
      1.0562176989297536,
      1.317949761303446,
      1.317949761303446
    ],
    [
      1.6960632075383042,
      1.1806468365470515,
      1.5098980562458997,
      0.0,
      1.2959797899917505,
      1.3305148030951062,
      1.595120162426481,
      1.317949761303446,
      0.9810607648050241,
      0.9810607648050241
    ],
    [
      1.3681108566433295,
      1.0352806396317888,
      1.2340611972953244,
      1.2959797899917505,
      0.0,
      1.0255671438820737,
      1.0562176989297536,
      0.9810607648050241,
      1.2394621929408005,
      1.2394621929408005
    ],
    [
      0.9811340006485703,
      1.3789197464978526,
      1.283867724961241,
      1.3305148030951062,
      1.0255671438820737,
      0.0,
      1.317949761303446,
      1.2394621929408005,
      1.3811164633583783,
      1.3811164633583783
    ],
    [
      1.3305148030951062,
      1.0255671438820737,
      1.3919825324202975,
      1.595120162426481,
      1.0562176989297536,
      1.317949761303446,
      0.0,
      1.3811164633583783,
      1.1221250165005374,
      1.1221250165005374
    ],
    [
      1.3919825324202975,
      1.595120162426481,
      1.0562176989297536,
      1.317949761303446,
      0.9810607648050241,
      1.2394621929408005,
      1.3811164633583783,
      0.0,
      0.9802702547730247,
      0.9802702547730247
    ],
    [
      1.595120162426481,
      1.0562176989297536,
      1.317949761303446,
      0.9810607648050241,
      1.2394621929408005,
      1.3811164633583783,
      1.1221250165005374,
      0.9802702547730247,
      0.0,
      1.244913147319732
    ],
    [
      1.595120162426481,
      1.0562176989297536,
      1.317949761303446,
      0.9810607648050241,
      1.2394621929408005,
      1.3811164633583783,
      1.1221250165005374,
      0.9802702547730247,
      1.244913147319732,
      0.0
    ]
  ]
}