{
  "servicechain": {
    "SC1": {
      "resptime": 33.07714838386327,
      "resptime_old": 23.07714838386326,
      "waittime": 19.126454963239386,
      "servicetime": 10.0,
      "networktime": 3.950693420623879,
      "services": {
        "MS1_1": {
          "meanserv": 1.129216752034099,
          "stddevserv": 1.129216752034099,
          "rate": 0.8855695757246461,
          "cv": 1.0,
          "lambda": 0.15
        },
        "MS1_2": {
          "meanserv": 0.07378190047674926,
          "stddevserv": 0.07378190047674926,
          "rate": 13.55345950075016,
          "cv": 1.0,
          "lambda": 0.15
        },
        "MS1_3": {
          "meanserv": 0.4067250207445472,
          "stddevserv": 0.4067250207445472,
          "rate": 2.45866359086886,
          "cv": 1.0,
          "lambda": 0.15
        },
        "MS1_4": {
          "meanserv": 2.3980042673917037,
          "stddevserv": 2.3980042673917037,
          "rate": 0.4170134363804509,
          "cv": 1.0,
          "lambda": 0.15
        },
        "MS1_5": {
          "meanserv": 1.2691487408783262,
          "stddevserv": 1.2691487408783262,
          "rate": 0.7879297105144198,
          "cv": 1.0,
          "lambda": 0.15
        },
        "MS1_6": {
          "meanserv": 0.07658641671768418,
          "stddevserv": 0.07658641671768418,
          "rate": 13.057145677493162,
          "cv": 1.0,
          "lambda": 0.15
        },
        "MS1_7": {
          "meanserv": 0.7689642056908248,
          "stddevserv": 0.7689642056908248,
          "rate": 1.3004506485469196,
          "cv": 1.0,
          "lambda": 0.15
        },
        "MS1_8": {
          "meanserv": 2.66436601729567,
          "stddevserv": 2.66436601729567,
          "rate": 0.37532380818120453,
          "cv": 1.0,
          "lambda": 0.15
        },
        "MS1_9": {
          "meanserv": 0.5913944466710497,
          "stddevserv": 0.5913944466710497,
          "rate": 1.6909188201360104,
          "cv": 1.0,
          "lambda": 0.15
        },
        "MS1_10": {
          "meanserv": 0.6218122320993462,
          "stddevserv": 0.6218122320993462,
          "rate": 1.6082025222048562,
          "cv": 1.0,
          "lambda": 0.15
        }
      },
      "sensors": [
        "S1"
      ],
      "sources": [
        {
          "startTime": 0,
          "stopTime": -1,
          "lambda": 0.15
        }
      ]
    },
    "SC2": {
      "resptime": 28.57670918701902,
      "resptime_old": 18.576709187019024,
      "waittime": 13.60681197915487,
      "servicetime": 10.0,
      "networktime": 4.969897207864152,
      "services": {
        "MS2_1": {
          "meanserv": 2.538692757686296,
          "stddevserv": 2.538692757686296,
          "rate": 0.39390351470154905,
          "cv": 1.0,
          "lambda": 0.15
        },
        "MS2_2": {
          "meanserv": 2.677247903683405,
          "stddevserv": 2.677247903683405,
          "rate": 0.3735178944856703,
          "cv": 1.0,
          "lambda": 0.15
        },
        "MS2_3": {
          "meanserv": 0.062189833507138026,
          "stddevserv": 0.062189833507138026,
          "rate": 16.079798635981586,
          "cv": 1.0,
          "lambda": 0.15
        },
        "MS2_4": {
          "meanserv": 0.9234943762029291,
          "stddevserv": 0.9234943762029291,
          "rate": 1.0828436271714335,
          "cv": 1.0,
          "lambda": 0.15
        },
        "MS2_5": {
          "meanserv": 0.16539535465369948,
          "stddevserv": 0.16539535465369948,
          "rate": 6.046119022470577,
          "cv": 1.0,
          "lambda": 0.15
        },
        "MS2_6": {
          "meanserv": 0.27387256459317477,
          "stddevserv": 0.27387256459317477,
          "rate": 3.6513332450274985,
          "cv": 1.0,
          "lambda": 0.15
        },
        "MS2_7": {
          "meanserv": 0.1704966385750426,
          "stddevserv": 0.1704966385750426,
          "rate": 5.86521827267497,
          "cv": 1.0,
          "lambda": 0.15
        },
        "MS2_8": {
          "meanserv": 0.6268387761368261,
          "stddevserv": 0.6268387761368261,
          "rate": 1.5953065414410807,
          "cv": 1.0,
          "lambda": 0.15
        },
        "MS2_9": {
          "meanserv": 1.6012328439269918,
          "stddevserv": 1.6012328439269918,
          "rate": 0.6245187911256678,
          "cv": 1.0,
          "lambda": 0.15
        },
        "MS2_10": {
          "meanserv": 0.960538951034497,
          "stddevserv": 0.960538951034497,
          "rate": 1.0410821954934817,
          "cv": 1.0,
          "lambda": 0.15
        }
      },
      "sensors": [
        "S2"
      ],
      "sources": [
        {
          "startTime": 0,
          "stopTime": -1,
          "lambda": 0.15
        }
      ]
    },
    "SC3": {
      "resptime": 44.59703770154718,
      "resptime_old": 34.59703770154719,
      "waittime": 28.010841497132116,
      "servicetime": 10.0,
      "networktime": 6.586196204415061,
      "services": {
        "MS3_1": {
          "meanserv": 0.8328915358507349,
          "stddevserv": 0.8328915358507349,
          "rate": 1.2006365258335547,
          "cv": 1.0,
          "lambda": 0.15
        },
        "MS3_2": {
          "meanserv": 0.20741939836007695,
          "stddevserv": 0.20741939836007695,
          "rate": 4.821149843776979,
          "cv": 1.0,
          "lambda": 0.15
        },
        "MS3_3": {
          "meanserv": 5.203386967118722,
          "stddevserv": 5.203386967118722,
          "rate": 0.19218251618017393,
          "cv": 1.0,
          "lambda": 0.15
        },
        "MS3_4": {
          "meanserv": 0.022681780765233306,
          "stddevserv": 0.022681780765233306,
          "rate": 44.088249081959326,
          "cv": 1.0,
          "lambda": 0.15
        },
        "MS3_5": {
          "meanserv": 2.5602560951229254,
          "stddevserv": 2.5602560951229254,
          "rate": 0.3905859268941559,
          "cv": 1.0,
          "lambda": 0.15
        },
        "MS3_6": {
          "meanserv": 0.10397544403325298,
          "stddevserv": 0.10397544403325298,
          "rate": 9.617655488734284,
          "cv": 1.0,
          "lambda": 0.15
        },
        "MS3_7": {
          "meanserv": 0.018068752901100993,
          "stddevserv": 0.018068752901100993,
          "rate": 55.34416268092672,
          "cv": 1.0,
          "lambda": 0.15
        },
        "MS3_8": {
          "meanserv": 0.8284620687917919,
          "stddevserv": 0.8284620687917919,
          "rate": 1.207055866128397,
          "cv": 1.0,
          "lambda": 0.15
        },
        "MS3_9": {
          "meanserv": 0.178778793520177,
          "stddevserv": 0.178778793520177,
          "rate": 5.593504577975239,
          "cv": 1.0,
          "lambda": 0.15
        },
        "MS3_10": {
          "meanserv": 0.04407916353598473,
          "stddevserv": 0.04407916353598473,
          "rate": 22.686455907531773,
          "cv": 1.0,
          "lambda": 0.15
        }
      },
      "sensors": [
        "S3"
      ],
      "sources": [
        {
          "startTime": 0,
          "stopTime": -1,
          "lambda": 0.15
        }
      ]
    },
    "SC4": {
      "resptime": 44.703410168184426,
      "resptime_old": 34.70341016818442,
      "waittime": 31.29387221691387,
      "servicetime": 10.0,
      "networktime": 3.409537951270555,
      "services": {
        "MS4_1": {
          "meanserv": 0.2720723358435828,
          "stddevserv": 0.2720723358435828,
          "rate": 3.675493125383061,
          "cv": 1.0,
          "lambda": 0.15
        },
        "MS4_2": {
          "meanserv": 0.3945648252316736,
          "stddevserv": 0.3945648252316736,
          "rate": 2.5344377806938003,
          "cv": 1.0,
          "lambda": 0.15
        },
        "MS4_3": {
          "meanserv": 0.3685366065683726,
          "stddevserv": 0.3685366065683726,
          "rate": 2.713434655274809,
          "cv": 1.0,
          "lambda": 0.15
        },
        "MS4_4": {
          "meanserv": 0.3534891553516728,
          "stddevserv": 0.3534891553516728,
          "rate": 2.8289411000604483,
          "cv": 1.0,
          "lambda": 0.15
        },
        "MS4_5": {
          "meanserv": 1.8451226240971874,
          "stddevserv": 1.8451226240971874,
          "rate": 0.5419693991825052,
          "cv": 1.0,
          "lambda": 0.15
        },
        "MS4_6": {
          "meanserv": 0.12231489077956814,
          "stddevserv": 0.12231489077956814,
          "rate": 8.175619449329085,
          "cv": 1.0,
          "lambda": 0.15
        },
        "MS4_7": {
          "meanserv": 0.3759049910817356,
          "stddevserv": 0.3759049910817356,
          "rate": 2.6602466679740444,
          "cv": 1.0,
          "lambda": 0.15
        },
        "MS4_8": {
          "meanserv": 0.6227896409411282,
          "stddevserv": 0.6227896409411282,
          "rate": 1.6056786019896712,
          "cv": 1.0,
          "lambda": 0.15
        },
        "MS4_9": {
          "meanserv": 0.2185414712517364,
          "stddevserv": 0.2185414712517364,
          "rate": 4.575790554865017,
          "cv": 1.0,
          "lambda": 0.15
        },
        "MS4_10": {
          "meanserv": 5.4266634588533424,
          "stddevserv": 5.4266634588533424,
          "rate": 0.1842752932040677,
          "cv": 1.0,
          "lambda": 0.15
        }
      },
      "sensors": [
        "S4"
      ],
      "sources": [
        {
          "startTime": 0,
          "stopTime": -1,
          "lambda": 0.15
        }
      ]
    }
  },
  "microservice": {
    "MS1_1": "F3",
    "MS1_2": "F5",
    "MS1_3": "F5",
    "MS1_4": "F9",
    "MS1_5": "F9",
    "MS1_6": "F5",
    "MS1_7": "F5",
    "MS1_8": "F4",
    "MS1_9": "F4",
    "MS1_10": "F4",
    "MS2_1": "F10",
    "MS2_2": "F3",
    "MS2_3": "F7",
    "MS2_4": "F7",
    "MS2_5": "F7",
    "MS2_6": "F5",
    "MS2_7": "F5",
    "MS2_8": "F5",
    "MS2_9": "F6",
    "MS2_10": "F1",
    "MS3_1": "F5",
    "MS3_2": "F5",
    "MS3_3": "F2",
    "MS3_4": "F7",
    "MS3_5": "F1",
    "MS3_6": "F5",
    "MS3_7": "F5",
    "MS3_8": "F10",
    "MS3_9": "F5",
    "MS3_10": "F5",
    "MS4_1": "F7",
    "MS4_2": "F7",
    "MS4_3": "F7",
    "MS4_4": "F7",
    "MS4_5": "F6",
    "MS4_6": "F7",
    "MS4_7": "F7",
    "MS4_8": "F7",
    "MS4_9": "F7",
    "MS4_10": "F8"
  },
  "sensor": {
    "S1": "F3",
    "S2": "F10",
    "S3": "F5",
    "S4": "F7"
  },
  "fog": {
    "F1": {
      "rho": 0.5281192569236134,
      "capacity": 1.0,
      "tserv": 1.7603975230787114,
      "stddev": 2.092497768172497,
      "mu": 0.5680535145556938,
      "cv": 1.1886507114103322,
      "lambda": 0.3,
      "twait": 2.376939446708287
    },
    "F2": {
      "rho": 0.7805080450678084,
      "capacity": 1.0,
      "tserv": 5.203386967118722,
      "stddev": 5.203386967118721,
      "mu": 0.19218251618017393,
      "cv": 0.9999999999999998,
      "lambda": 0.15,
      "twait": 18.50311730419373
    },
    "F3": {
      "rho": 0.5709696983576256,
      "capacity": 1.0,
      "tserv": 1.903232327858752,
      "stddev": 2.1955622325602575,
      "mu": 0.5254219284542412,
      "cv": 1.1535965422731096,
      "lambda": 0.3,
      "twait": 2.9518148643108852
    },
    "F4": {
      "rho": 0.5816359044099099,
      "capacity": 1.0,
      "tserv": 1.292524232022022,
      "stddev": 1.8849077399376946,
      "mu": 0.7736798856262851,
      "cv": 1.458315204651095,
      "lambda": 0.44999999999999996,
      "twait": 2.809243503536198
    },
    "F5": {
      "rho": 0.5673717916704264,
      "capacity": 1.0,
      "tserv": 0.2909598931643213,
      "stddev": 0.47983027613832957,
      "mu": 3.436899804727534,
      "cv": 1.6491285823621835,
      "lambda": 1.9499999999999995,
      "twait": 0.7096679749140663
    },
    "F6": {
      "rho": 0.516953320203627,
      "capacity": 1.0,
      "tserv": 1.72317773401209,
      "stddev": 1.7317859612061683,
      "mu": 0.5803231902676058,
      "cv": 1.004995553867816,
      "lambda": 0.3,
      "twait": 1.8533687430400476
    },
    "F7": {
      "rho": 0.5852962893267706,
      "capacity": 1.0,
      "tserv": 0.3251646051815393,
      "stddev": 0.4712675777328763,
      "mu": 3.0753654735628446,
      "cv": 1.4493200373692818,
      "lambda": 1.7999999999999996,
      "twait": 0.7114540518038751
    },
    "F8": {
      "rho": 0.8139995188280014,
      "capacity": 1.0,
      "tserv": 5.4266634588533424,
      "stddev": 5.426663458853342,
      "mu": 0.1842752932040677,
      "cv": 0.9999999999999999,
      "lambda": 0.15,
      "twait": 23.74887105944282
    },
    "F9": {
      "rho": 0.5500729512405045,
      "capacity": 1.0,
      "tserv": 1.833576504135015,
      "stddev": 1.9997900380754678,
      "mu": 0.545382206711766,
      "cv": 1.0906499039258053,
      "lambda": 0.3,
      "twait": 2.4541188443318207
    },
    "F10": {
      "rho": 0.5050732239717132,
      "capacity": 1.0,
      "tserv": 1.683577413239044,
      "stddev": 2.0728910755239784,
      "mu": 0.5939732810243008,
      "cv": 1.231241913334969,
      "lambda": 0.3,
      "twait": 2.161322844941828
    }
  },
  "extra": {
    "conv_gen": 319,
    "max_gen": 600,
    "population": 600,
    "deltatime": 61.8824881,
    "obj_func": 37.73857636015347
  },
  "network": [
    [
      0.0,
      0.8852515860894286,
      1.2064806693551737,
      0.9884713892541638,
      0.9994033547272105,
      0.9267977324190629,
      1.047322127877566,
      0.9933640847954474,
      0.8664995719283519,
      0.8664995719283519
    ],
    [
      0.8852515860894286,
      0.0,
      1.0505960786146498,
      0.655963013328209,
      1.3911083644722084,
      1.1413102672778557,
      0.9458959408566943,
      0.8664995719283519,
      1.0162140682457699,
      1.0162140682457699
    ],
    [
      1.2064806693551737,
      1.0505960786146498,
      0.0,
      0.8545165524204994,
      0.6777302241074685,
      1.361691810045497,
      0.9933640847954474,
      1.0162140682457699,
      1.0876253815471784,
      1.0876253815471784
    ],
    [
      0.9884713892541638,
      0.655963013328209,
      0.8545165524204994,
      0.0,
      1.0704967800350287,
      1.047322127877566,
      0.8664995719283519,
      1.0876253815471784,
      0.9400091253456424,
      0.9400091253456424
    ],
    [
      0.9994033547272105,
      1.3911083644722084,
      0.6777302241074685,
      1.0704967800350287,
      0.0,
      0.9458959408566943,
      1.0162140682457699,
      0.9400091253456424,
      1.101233208240691,
      1.101233208240691
    ],
    [
      0.9267977324190629,
      1.1413102672778557,
      1.361691810045497,
      1.047322127877566,
      0.9458959408566943,
      0.0,
      1.0876253815471784,
      1.101233208240691,
      1.2342871881761983,
      1.2342871881761983
    ],
    [
      1.047322127877566,
      0.9458959408566943,
      0.9933640847954474,
      0.8664995719283519,
      1.0162140682457699,
      1.0876253815471784,
      0.0,
      1.2342871881761983,
      1.2943222143695272,
      1.2943222143695272
    ],
    [
      0.9933640847954474,
      0.8664995719283519,
      1.0162140682457699,
      1.0876253815471784,
      0.9400091253456424,
      1.101233208240691,
      1.2342871881761983,
      0.0,
      0.8250644627306584,
      0.8250644627306584
    ],
    [
      0.8664995719283519,
      1.0162140682457699,
      1.0876253815471784,
      0.9400091253456424,
      1.101233208240691,
      1.2342871881761983,
      1.2943222143695272,
      0.8250644627306584,
      0.0,
      1.017197752184166
    ],
    [
      0.8664995719283519,
      1.0162140682457699,
      1.0876253815471784,
      0.9400091253456424,
      1.101233208240691,
      1.2342871881761983,
      1.2943222143695272,
      0.8250644627306584,
      1.017197752184166,
      0.0
    ]
  ]
}