{
  "servicechain": {
    "SC1": {
      "resptime": 28531.363929870957,
      "resptime_old": 28521.363929870957,
      "waittime": 28515.042975367895,
      "servicetime": 10.0,
      "networktime": 6.320954503062756,
      "services": {
        "MS1_1": {
          "meanserv": 2.0257053124403814,
          "stddevserv": 2.0257053124403814,
          "rate": 0.49365521917662003,
          "cv": 1.0,
          "lambda": 0.15
        },
        "MS1_2": {
          "meanserv": 6.3367929474446285,
          "stddevserv": 6.3367929474446285,
          "rate": 0.15780853316396576,
          "cv": 1.0,
          "lambda": 0.15
        },
        "MS1_3": {
          "meanserv": 1.63750174011499,
          "stddevserv": 1.63750174011499,
          "rate": 0.6106863739453352,
          "cv": 1.0,
          "lambda": 0.15
        }
      },
      "sensors": [
        "S1"
      ],
      "sources": [
        {
          "startTime": 0,
          "stopTime": -1,
          "lambda": 0.15
        }
      ]
    },
    "SC2": {
      "resptime": 27.352172787795457,
      "resptime_old": 17.352172787795457,
      "waittime": 12.173050782608865,
      "servicetime": 10.0,
      "networktime": 5.179122005186592,
      "services": {
        "MS2_1": {
          "meanserv": 3.976789279625951,
          "stddevserv": 3.976789279625951,
          "rate": 0.25145913692818495,
          "cv": 1.0,
          "lambda": 0.15
        },
        "MS2_2": {
          "meanserv": 2.1790636764319524,
          "stddevserv": 2.1790636764319524,
          "rate": 0.458912702192082,
          "cv": 1.0,
          "lambda": 0.15
        },
        "MS2_3": {
          "meanserv": 3.8441470439420966,
          "stddevserv": 3.8441470439420966,
          "rate": 0.26013573064950185,
          "cv": 1.0,
          "lambda": 0.15
        }
      },
      "sensors": [
        "S2"
      ],
      "sources": [
        {
          "startTime": 0,
          "stopTime": -1,
          "lambda": 0.15
        }
      ]
    },
    "SC3": {
      "resptime": 28527.218144388855,
      "resptime_old": 28517.218144388855,
      "waittime": 28513.83855542617,
      "servicetime": 10.0,
      "networktime": 3.379588962685927,
      "services": {
        "MS3_1": {
          "meanserv": 0.26987791256245064,
          "stddevserv": 0.26987791256245064,
          "rate": 3.705379186111041,
          "cv": 1.0,
          "lambda": 0.15
        },
        "MS3_2": {
          "meanserv": 0.728472800250699,
          "stddevserv": 0.728472800250699,
          "rate": 1.3727348497512284,
          "cv": 1.0,
          "lambda": 0.15
        },
        "MS3_3": {
          "meanserv": 9.00164928718685,
          "stddevserv": 9.00164928718685,
          "rate": 0.11109075327156129,
          "cv": 1.0,
          "lambda": 0.15
        }
      },
      "sensors": [
        "S3"
      ],
      "sources": [
        {
          "startTime": 0,
          "stopTime": -1,
          "lambda": 0.15
        }
      ]
    },
    "SC4": {
      "resptime": 28530.488301161888,
      "resptime_old": 28520.488301161884,
      "waittime": 28514.07244938212,
      "servicetime": 10.0,
      "networktime": 6.415851779765189,
      "services": {
        "MS4_1": {
          "meanserv": 0.9687584936811622,
          "stddevserv": 0.9687584936811622,
          "rate": 1.0322490140965102,
          "cv": 1.0,
          "lambda": 0.15
        },
        "MS4_2": {
          "meanserv": 8.553886150361803,
          "stddevserv": 8.553886150361803,
          "rate": 0.11690592818536673,
          "cv": 1.0,
          "lambda": 0.15
        },
        "MS4_3": {
          "meanserv": 0.4773553559570338,
          "stddevserv": 0.4773553559570338,
          "rate": 2.0948754162297676,
          "cv": 1.0,
          "lambda": 0.15
        }
      },
      "sensors": [
        "S4"
      ],
      "sources": [
        {
          "startTime": 0,
          "stopTime": -1,
          "lambda": 0.15
        }
      ]
    }
  },
  "microservice": {
    "MS1_1": "F9",
    "MS1_2": "F1",
    "MS1_3": "F10",
    "MS2_1": "F2",
    "MS2_2": "F4",
    "MS2_3": "F3",
    "MS3_1": "F8",
    "MS3_2": "F8",
    "MS3_3": "F1",
    "MS4_1": "F7",
    "MS4_2": "F1",
    "MS4_3": "F7"
  },
  "sensor": {
    "S1": "F9",
    "S2": "F2",
    "S3": "F8",
    "S4": "F7"
  },
  "fog": {
    "F1": {
      "rho": 3.5838492577489927,
      "capacity": 1.0,
      "tserv": 7.964109461664429,
      "stddev": 8.13277499773141,
      "mu": 0.12556331687975178,
      "cv": 1.0211782041518715,
      "lambda": 0.44999999999999996,
      "twait": 28513.625615034947
    },
    "F2": {
      "rho": 0.5965183919438927,
      "capacity": 1.0,
      "tserv": 3.9767892796259514,
      "stddev": 3.9767892796259505,
      "mu": 0.25145913692818495,
      "cv": 0.9999999999999998,
      "lambda": 0.15,
      "twait": 5.879395488709131
    },
    "F3": {
      "rho": 0.5766220565913145,
      "capacity": 1.0,
      "tserv": 3.8441470439420966,
      "stddev": 3.844147043942097,
      "mu": 0.26013573064950185,
      "cv": 1.0000000000000002,
      "lambda": 0.15,
      "twait": 5.235558462188517
    },
    "F4": {
      "rho": 0.32685955146479284,
      "capacity": 1.0,
      "tserv": 2.1790636764319524,
      "stddev": 2.1790636764319524,
      "mu": 0.458912702192082,
      "cv": 1.0,
      "lambda": 0.15,
      "twait": 1.0580968317112174
    },
    "F5": {
      "rho": 0,
      "capacity": 1.0,
      "tserv": 0,
      "stddev": 0,
      "mu": 0,
      "cv": 0,
      "lambda": 0.0,
      "twait": 0
    },
    "F6": {
      "rho": 0,
      "capacity": 1.0,
      "tserv": 0,
      "stddev": 0,
      "mu": 0,
      "cv": 0,
      "lambda": 0.0,
      "twait": 0
    },
    "F7": {
      "rho": 0.21691707744572944,
      "capacity": 1.0,
      "tserv": 0.7230569248190981,
      "stddev": 0.8022155810076302,
      "mu": 1.3830169737330023,
      "cv": 1.109477765126635,
      "lambda": 0.3,
      "twait": 0.22341717358663785
    },
    "F8": {
      "rho": 0.14975260692197243,
      "capacity": 1.0,
      "tserv": 0.49917535640657484,
      "stddev": 0.5952568117632336,
      "mu": 2.0033040236575843,
      "cv": 1.192480366114871,
      "lambda": 0.3,
      "twait": 0.10647019561142775
    },
    "F9": {
      "rho": 0.3038557968660572,
      "capacity": 1.0,
      "tserv": 2.0257053124403814,
      "stddev": 2.0257053124403814,
      "mu": 0.49365521917662003,
      "cv": 1.0,
      "lambda": 0.15,
      "twait": 0.8841879299667842
    },
    "F10": {
      "rho": 0.24562526101724852,
      "capacity": 1.0,
      "tserv": 1.63750174011499,
      "stddev": 1.63750174011499,
      "mu": 0.6106863739453352,
      "cv": 1.0,
      "lambda": 0.15,
      "twait": 0.5331724029814572
    }
  },
  "extra": {
    "deltatime": 0.0061324,
    "obj_func": 21404.105637052373
  },
  "network": [
    [
      0.0,
      2.648932306613333,
      3.165910295744574,
      3.1071260373576304,
      3.680491232495494,
      3.9843159377271298,
      3.2079258898825946,
      3.379588962685927,
      3.160477251531378,
      3.160477251531378
    ],
    [
      2.648932306613333,
      0.0,
      3.3003631819097676,
      2.041948262617273,
      4.114853837746315,
      3.1572965079875943,
      3.686858336383296,
      3.160477251531378,
      3.3979449070859387,
      3.3979449070859387
    ],
    [
      3.165910295744574,
      3.3003631819097676,
      0.0,
      3.137173742569319,
      3.949680478036691,
      2.6444242310233483,
      3.379588962685927,
      3.3979449070859387,
      3.984560644166843,
      3.984560644166843
    ],
    [
      3.1071260373576304,
      2.041948262617273,
      3.137173742569319,
      0.0,
      4.00754186556533,
      3.2079258898825946,
      3.160477251531378,
      3.984560644166843,
      2.791150915452401,
      2.791150915452401
    ],
    [
      3.680491232495494,
      4.114853837746315,
      3.949680478036691,
      4.00754186556533,
      0.0,
      3.686858336383296,
      3.3979449070859387,
      2.791150915452401,
      3.6839074533158054,
      3.6839074533158054
    ],
    [
      3.9843159377271298,
      3.1572965079875943,
      2.6444242310233483,
      3.2079258898825946,
      3.686858336383296,
      0.0,
      3.984560644166843,
      3.6839074533158054,
      4.072801169443107,
      4.072801169443107
    ],
    [
      3.2079258898825946,
      3.686858336383296,
      3.379588962685927,
      3.160477251531378,
      3.3979449070859387,
      3.984560644166843,
      0.0,
      4.072801169443107,
      3.9331354907460256,
      3.9331354907460256
    ],
    [
      3.379588962685927,
      3.160477251531378,
      3.3979449070859387,
      3.984560644166843,
      2.791150915452401,
      3.6839074533158054,
      4.072801169443107,
      0.0,
      3.682443033639238,
      3.682443033639238
    ],
    [
      3.160477251531378,
      3.3979449070859387,
      3.984560644166843,
      2.791150915452401,
      3.6839074533158054,
      4.072801169443107,
      3.9331354907460256,
      3.682443033639238,
      0.0,
      4.1866935009101285
    ],
    [
      3.160477251531378,
      3.3979449070859387,
      3.984560644166843,
      2.791150915452401,
      3.6839074533158054,
      4.072801169443107,
      3.9331354907460256,
      3.682443033639238,
      4.1866935009101285,
      0.0
    ]
  ]
}