{
  "servicechain": {
    "SC1": {
      "resptime": 32.949787710312876,
      "resptime_old": 22.94978771031288,
      "waittime": 17.842633553753636,
      "servicetime": 10.0,
      "networktime": 5.107154156559243,
      "services": {
        "MS1_1": {
          "meanserv": 1.4314973842216439,
          "stddevserv": 1.4314973842216439,
          "rate": 0.6985692122264936,
          "cv": 1.0,
          "lambda": 0.125
        },
        "MS1_2": {
          "meanserv": 5.514403173929144,
          "stddevserv": 5.514403173929144,
          "rate": 0.18134328747084993,
          "cv": 1.0,
          "lambda": 0.125
        },
        "MS1_3": {
          "meanserv": 2.395863008060882,
          "stddevserv": 2.395863008060882,
          "rate": 0.41738613461433294,
          "cv": 1.0,
          "lambda": 0.125
        },
        "MS1_4": {
          "meanserv": 0.3618546807721188,
          "stddevserv": 0.3618546807721188,
          "rate": 2.763540319186195,
          "cv": 1.0,
          "lambda": 0.125
        },
        "MS1_5": {
          "meanserv": 0.2963817530162114,
          "stddevserv": 0.2963817530162114,
          "rate": 3.374026875214893,
          "cv": 1.0,
          "lambda": 0.125
        }
      },
      "sensors": [
        "S1"
      ],
      "sources": [
        {
          "startTime": 0,
          "stopTime": -1,
          "lambda": 0.125
        }
      ]
    },
    "SC2": {
      "resptime": 25.036191142968747,
      "resptime_old": 15.036191142968747,
      "waittime": 9.67718599726441,
      "servicetime": 10.0,
      "networktime": 5.3590051457043355,
      "services": {
        "MS2_1": {
          "meanserv": 4.074558590052804,
          "stddevserv": 4.074558590052804,
          "rate": 0.24542535783907837,
          "cv": 1.0,
          "lambda": 0.125
        },
        "MS2_2": {
          "meanserv": 0.140145961802971,
          "stddevserv": 0.140145961802971,
          "rate": 7.135417868164366,
          "cv": 1.0,
          "lambda": 0.125
        },
        "MS2_3": {
          "meanserv": 4.001762677331186,
          "stddevserv": 4.001762677331186,
          "rate": 0.2498898811927822,
          "cv": 1.0,
          "lambda": 0.125
        },
        "MS2_4": {
          "meanserv": 1.3420157293061692,
          "stddevserv": 1.3420157293061692,
          "rate": 0.7451477491377888,
          "cv": 1.0,
          "lambda": 0.125
        },
        "MS2_5": {
          "meanserv": 0.4415170415068701,
          "stddevserv": 0.4415170415068701,
          "rate": 2.26491823868692,
          "cv": 1.0,
          "lambda": 0.125
        }
      },
      "sensors": [
        "S2"
      ],
      "sources": [
        {
          "startTime": 0,
          "stopTime": -1,
          "lambda": 0.125
        }
      ]
    },
    "SC3": {
      "resptime": 26.237184040618097,
      "resptime_old": 16.2371840406181,
      "waittime": 11.05839484229013,
      "servicetime": 10.0,
      "networktime": 5.1787891983279675,
      "services": {
        "MS3_1": {
          "meanserv": 3.4789879435825357,
          "stddevserv": 3.4789879435825357,
          "rate": 0.28743991534797797,
          "cv": 1.0,
          "lambda": 0.125
        },
        "MS3_2": {
          "meanserv": 0.36418359725633653,
          "stddevserv": 0.36418359725633653,
          "rate": 2.745867764319253,
          "cv": 1.0,
          "lambda": 0.125
        },
        "MS3_3": {
          "meanserv": 0.10740396216065484,
          "stddevserv": 0.10740396216065484,
          "rate": 9.310643479839227,
          "cv": 1.0,
          "lambda": 0.125
        },
        "MS3_4": {
          "meanserv": 4.360727347198164,
          "stddevserv": 4.360727347198164,
          "rate": 0.22931954244800828,
          "cv": 1.0,
          "lambda": 0.125
        },
        "MS3_5": {
          "meanserv": 1.6886971498023087,
          "stddevserv": 1.6886971498023087,
          "rate": 0.5921724923365136,
          "cv": 1.0,
          "lambda": 0.125
        }
      },
      "sensors": [
        "S3"
      ],
      "sources": [
        {
          "startTime": 0,
          "stopTime": -1,
          "lambda": 0.125
        }
      ]
    },
    "SC4": {
      "resptime": 23.84220463315509,
      "resptime_old": 13.842204633155093,
      "waittime": 9.92029717917749,
      "servicetime": 10.0,
      "networktime": 3.921907453977603,
      "services": {
        "MS4_1": {
          "meanserv": 2.718909833172499,
          "stddevserv": 2.718909833172499,
          "rate": 0.3677944696066557,
          "cv": 1.0,
          "lambda": 0.125
        },
        "MS4_2": {
          "meanserv": 4.188007848069567,
          "stddevserv": 4.188007848069567,
          "rate": 0.2387770119535337,
          "cv": 1.0,
          "lambda": 0.125
        },
        "MS4_3": {
          "meanserv": 1.5590433937498203,
          "stddevserv": 1.5590433937498203,
          "rate": 0.6414189649941648,
          "cv": 1.0,
          "lambda": 0.125
        },
        "MS4_4": {
          "meanserv": 0.03170288823694101,
          "stddevserv": 0.03170288823694101,
          "rate": 31.54286740457845,
          "cv": 1.0,
          "lambda": 0.125
        },
        "MS4_5": {
          "meanserv": 1.5023360367711724,
          "stddevserv": 1.5023360367711724,
          "rate": 0.6656300424964874,
          "cv": 1.0,
          "lambda": 0.125
        }
      },
      "sensors": [
        "S4"
      ],
      "sources": [
        {
          "startTime": 0,
          "stopTime": -1,
          "lambda": 0.125
        }
      ]
    }
  },
  "microservice": {
    "MS1_1": "F9",
    "MS1_2": "F2",
    "MS1_3": "F10",
    "MS1_4": "F5",
    "MS1_5": "F5",
    "MS2_1": "F1",
    "MS2_2": "F5",
    "MS2_3": "F7",
    "MS2_4": "F5",
    "MS2_5": "F5",
    "MS3_1": "F4",
    "MS3_2": "F5",
    "MS3_3": "F5",
    "MS3_4": "F6",
    "MS3_5": "F10",
    "MS4_1": "F9",
    "MS4_2": "F8",
    "MS4_3": "F3",
    "MS4_4": "F3",
    "MS4_5": "F3"
  },
  "sensor": {
    "S1": "F9",
    "S2": "F1",
    "S3": "F4",
    "S4": "F9"
  },
  "fog": {
    "F1": {
      "rho": 0.5093198237566005,
      "capacity": 1.0,
      "tserv": 4.074558590052804,
      "stddev": 4.074558590052804,
      "mu": 0.24542535783907837,
      "cv": 1.0,
      "lambda": 0.125,
      "twait": 4.229340339077031
    },
    "F2": {
      "rho": 0.689300396741143,
      "capacity": 1.0,
      "tserv": 5.514403173929144,
      "stddev": 5.514403173929144,
      "mu": 0.18134328747084993,
      "cv": 1.0,
      "lambda": 0.125,
      "twait": 12.23393997195785
    },
    "F3": {
      "rho": 0.38663528984474177,
      "capacity": 1.0,
      "tserv": 1.031027439585978,
      "stddev": 1.4362238851307292,
      "mu": 0.9699062911473652,
      "cv": 1.393002581684405,
      "lambda": 0.375,
      "twait": 0.9555153048567188
    },
    "F4": {
      "rho": 0.43487349294781696,
      "capacity": 1.0,
      "tserv": 3.4789879435825357,
      "stddev": 3.4789879435825357,
      "mu": 0.28743991534797797,
      "cv": 1.0,
      "lambda": 0.125,
      "twait": 2.6771344470121963
    },
    "F5": {
      "rho": 0.3816878407276665,
      "capacity": 1.0,
      "tserv": 0.43621467511733314,
      "stddev": 0.6994976388431168,
      "mu": 2.292449238969367,
      "cv": 1.6035628298267721,
      "lambda": 0.875,
      "twait": 0.4808515059308901
    },
    "F6": {
      "rho": 0.5450909183997705,
      "capacity": 1.0,
      "tserv": 4.360727347198164,
      "stddev": 4.360727347198164,
      "mu": 0.22931954244800828,
      "cv": 1.0,
      "lambda": 0.125,
      "twait": 5.225204267660949
    },
    "F7": {
      "rho": 0.5002203346663983,
      "capacity": 1.0,
      "tserv": 4.001762677331186,
      "stddev": 4.001762677331186,
      "mu": 0.2498898811927822,
      "cv": 1.0,
      "lambda": 0.125,
      "twait": 4.005291140394709
    },
    "F8": {
      "rho": 0.5235009810086959,
      "capacity": 1.0,
      "tserv": 4.188007848069567,
      "stddev": 4.188007848069567,
      "mu": 0.2387770119535337,
      "cv": 1.0,
      "lambda": 0.125,
      "twait": 4.601113810428531
    },
    "F9": {
      "rho": 0.5188009021742679,
      "capacity": 1.0,
      "tserv": 2.0752036086970715,
      "stddev": 2.26609475185972,
      "mu": 0.4818804264839611,
      "cv": 1.091986705479228,
      "lambda": 0.25,
      "twait": 2.4526374541788005
    },
    "F10": {
      "rho": 0.5105700197328988,
      "capacity": 1.0,
      "tserv": 2.0422800789315954,
      "stddev": 2.102605454274324,
      "mu": 0.48964880493920454,
      "cv": 1.029538247944076,
      "lambda": 0.25,
      "twait": 2.194353115755206
    }
  },
  "extra": {
    "deltatime": 0.6186112,
    "conv": 11,
    "obj_func": 27.0163418817637
  },
  "network": [
    [
      0.0,
      2.5990226417223825,
      2.4680054518778993,
      2.0143876071452844,
      2.0953753141348765,
      1.7453755090367205,
      2.3188113555691956,
      2.4054171857263404,
      2.6283808136102698,
      2.6283808136102698
    ],
    [
      2.5990226417223825,
      0.0,
      2.4221625043393353,
      2.155743765079344,
      1.9254779532096888,
      1.3169229854015732,
      1.3960607625773866,
      2.6283808136102698,
      1.6318149157847295,
      1.6318149157847295
    ],
    [
      2.4680054518778993,
      2.4221625043393353,
      0.0,
      1.8497170112077956,
      2.255510429157389,
      1.912453088281816,
      2.4054171857263404,
      1.6318149157847295,
      2.5015859200144317,
      2.5015859200144317
    ],
    [
      2.0143876071452844,
      2.155743765079344,
      1.8497170112077956,
      0.0,
      1.640892542764014,
      2.3188113555691956,
      2.6283808136102698,
      2.5015859200144317,
      2.40343651206449,
      2.40343651206449
    ],
    [
      2.0953753141348765,
      1.9254779532096888,
      2.255510429157389,
      1.640892542764014,
      0.0,
      1.3960607625773866,
      1.6318149157847295,
      2.40343651206449,
      1.8435243249897846,
      1.8435243249897846
    ],
    [
      1.7453755090367205,
      1.3169229854015732,
      1.912453088281816,
      2.3188113555691956,
      1.3960607625773866,
      0.0,
      2.5015859200144317,
      1.8435243249897846,
      2.1418358929865673,
      2.1418358929865673
    ],
    [
      2.3188113555691956,
      1.3960607625773866,
      2.4054171857263404,
      2.6283808136102698,
      1.6318149157847295,
      2.5015859200144317,
      0.0,
      2.1418358929865673,
      2.61688262649261,
      2.61688262649261
    ],
    [
      2.4054171857263404,
      2.6283808136102698,
      1.6318149157847295,
      2.5015859200144317,
      2.40343651206449,
      1.8435243249897846,
      2.1418358929865673,
      0.0,
      2.290092538192874,
      2.290092538192874
    ],
    [
      2.6283808136102698,
      1.6318149157847295,
      2.5015859200144317,
      2.40343651206449,
      1.8435243249897846,
      2.1418358929865673,
      2.61688262649261,
      2.290092538192874,
      0.0,
      2.3727259252800326
    ],
    [
      2.6283808136102698,
      1.6318149157847295,
      2.5015859200144317,
      2.40343651206449,
      1.8435243249897846,
      2.1418358929865673,
      2.61688262649261,
      2.290092538192874,
      2.3727259252800326,
      0.0
    ]
  ]
}