{
  "servicechain": {
    "SC1": {
      "resptime": 56.969025009527535,
      "resptime_old": 46.96902500952753,
      "waittime": 42.95118558819894,
      "servicetime": 10.0,
      "networktime": 4.017839421328593,
      "services": {
        "MS1_1": {
          "meanserv": 0.38344177003187707,
          "stddevserv": 0.38344177003187707,
          "rate": 2.6079579173569587,
          "cv": 1.0,
          "lambda": 0.2
        },
        "MS1_2": {
          "meanserv": 0.8745570642774447,
          "stddevserv": 0.8745570642774447,
          "rate": 1.143435964154261,
          "cv": 1.0,
          "lambda": 0.2
        },
        "MS1_3": {
          "meanserv": 0.5057197883198838,
          "stddevserv": 0.5057197883198838,
          "rate": 1.9773796143556641,
          "cv": 1.0,
          "lambda": 0.2
        },
        "MS1_4": {
          "meanserv": 4.253984322449727,
          "stddevserv": 4.253984322449727,
          "rate": 0.23507373892345082,
          "cv": 1.0,
          "lambda": 0.2
        },
        "MS1_5": {
          "meanserv": 3.982297054921067,
          "stddevserv": 3.982297054921067,
          "rate": 0.25111135262103673,
          "cv": 1.0,
          "lambda": 0.2
        }
      },
      "sensors": [
        "S1"
      ],
      "sources": [
        {
          "startTime": 0,
          "stopTime": -1,
          "lambda": 0.2
        }
      ]
    },
    "SC2": {
      "resptime": 10862.614560687587,
      "resptime_old": 10852.614560687587,
      "waittime": 10846.950477522567,
      "servicetime": 10.0,
      "networktime": 5.6640831650198935,
      "services": {
        "MS2_1": {
          "meanserv": 0.6093842754314938,
          "stddevserv": 0.6093842754314938,
          "rate": 1.6410006629920315,
          "cv": 1.0,
          "lambda": 0.2
        },
        "MS2_2": {
          "meanserv": 0.014418272265379617,
          "stddevserv": 0.014418272265379617,
          "rate": 69.35643755328067,
          "cv": 1.0,
          "lambda": 0.2
        },
        "MS2_3": {
          "meanserv": 7.366062234933345,
          "stddevserv": 7.366062234933345,
          "rate": 0.13575774519763462,
          "cv": 1.0,
          "lambda": 0.2
        },
        "MS2_4": {
          "meanserv": 1.5708460587902637,
          "stddevserv": 1.5708460587902637,
          "rate": 0.6365996173871535,
          "cv": 1.0,
          "lambda": 0.2
        },
        "MS2_5": {
          "meanserv": 0.439289158579518,
          "stddevserv": 0.439289158579518,
          "rate": 2.2764049156905948,
          "cv": 1.0,
          "lambda": 0.2
        }
      },
      "sensors": [
        "S2"
      ],
      "sources": [
        {
          "startTime": 0,
          "stopTime": -1,
          "lambda": 0.2
        }
      ]
    },
    "SC3": {
      "resptime": 37.60881124668269,
      "resptime_old": 27.6088112466827,
      "waittime": 22.453420328863135,
      "servicetime": 10.0,
      "networktime": 5.155390917819562,
      "services": {
        "MS3_1": {
          "meanserv": 0.3704695633273658,
          "stddevserv": 0.3704695633273658,
          "rate": 2.699277076957464,
          "cv": 1.0,
          "lambda": 0.2
        },
        "MS3_2": {
          "meanserv": 3.623723517428627,
          "stddevserv": 3.623723517428627,
          "rate": 0.27595924335573874,
          "cv": 1.0,
          "lambda": 0.2
        },
        "MS3_3": {
          "meanserv": 3.0793165215915623,
          "stddevserv": 3.0793165215915623,
          "rate": 0.3247473889053615,
          "cv": 1.0,
          "lambda": 0.2
        },
        "MS3_4": {
          "meanserv": 2.6697183769929103,
          "stddevserv": 2.6697183769929103,
          "rate": 0.37457134378584517,
          "cv": 1.0,
          "lambda": 0.2
        },
        "MS3_5": {
          "meanserv": 0.2567720206595343,
          "stddevserv": 0.2567720206595343,
          "rate": 3.8945053181084144,
          "cv": 1.0,
          "lambda": 0.2
        }
      },
      "sensors": [
        "S3"
      ],
      "sources": [
        {
          "startTime": 0,
          "stopTime": -1,
          "lambda": 0.2
        }
      ]
    },
    "SC4": {
      "resptime": 63.43340641306967,
      "resptime_old": 53.43340641306966,
      "waittime": 48.691444007793514,
      "servicetime": 10.0,
      "networktime": 4.741962405276154,
      "services": {
        "MS4_1": {
          "meanserv": 4.38165751929621,
          "stddevserv": 4.38165751929621,
          "rate": 0.22822413563728774,
          "cv": 1.0,
          "lambda": 0.2
        },
        "MS4_2": {
          "meanserv": 0.36458148330986084,
          "stddevserv": 0.36458148330986084,
          "rate": 2.742871061145175,
          "cv": 1.0,
          "lambda": 0.2
        },
        "MS4_3": {
          "meanserv": 0.866500229677662,
          "stddevserv": 0.866500229677662,
          "rate": 1.1540677841158793,
          "cv": 1.0,
          "lambda": 0.2
        },
        "MS4_4": {
          "meanserv": 3.568199329718677,
          "stddevserv": 3.568199329718677,
          "rate": 0.28025340167272594,
          "cv": 1.0,
          "lambda": 0.2
        },
        "MS4_5": {
          "meanserv": 0.8190614379975898,
          "stddevserv": 0.8190614379975898,
          "rate": 1.2209096334027907,
          "cv": 1.0,
          "lambda": 0.2
        }
      },
      "sensors": [
        "S4"
      ],
      "sources": [
        {
          "startTime": 0,
          "stopTime": -1,
          "lambda": 0.2
        }
      ]
    }
  },
  "microservice": {
    "MS1_1": "F8",
    "MS1_2": "F8",
    "MS1_3": "F8",
    "MS1_4": "F4",
    "MS1_5": "F9",
    "MS2_1": "F8",
    "MS2_2": "F8",
    "MS2_3": "F1",
    "MS2_4": "F2",
    "MS2_5": "F8",
    "MS3_1": "F8",
    "MS3_2": "F3",
    "MS3_3": "F7",
    "MS3_4": "F5",
    "MS3_5": "F5",
    "MS4_1": "F6",
    "MS4_2": "F2",
    "MS4_3": "F2",
    "MS4_4": "F10",
    "MS4_5": "F2"
  },
  "sensor": {
    "S1": "F8",
    "S2": "F8",
    "S3": "F8",
    "S4": "F6"
  },
  "fog": {
    "F1": {
      "rho": 1.4732124469866694,
      "capacity": 1.0,
      "tserv": 7.366062234933346,
      "stddev": 7.366062234933344,
      "mu": 0.1357577451976346,
      "cv": 0.9999999999999998,
      "lambda": 0.2,
      "twait": 10840.922795212458
    },
    "F2": {
      "rho": 0.7241978419550753,
      "capacity": 1.0,
      "tserv": 0.9052473024438441,
      "stddev": 1.091607971863464,
      "mu": 1.1046705108099826,
      "cv": 1.2058671358826618,
      "lambda": 0.8,
      "twait": 2.9167003725766962
    },
    "F3": {
      "rho": 0.7247447034857255,
      "capacity": 1.0,
      "tserv": 3.6237235174286275,
      "stddev": 3.6237235174286266,
      "mu": 0.2759592433557387,
      "cv": 0.9999999999999998,
      "lambda": 0.2,
      "twait": 9.541231211210732
    },
    "F4": {
      "rho": 0.8507968644899455,
      "capacity": 1.0,
      "tserv": 4.253984322449727,
      "stddev": 4.253984322449727,
      "mu": 0.23507373892345082,
      "cv": 1.0,
      "lambda": 0.2,
      "twait": 24.25737576329767
    },
    "F5": {
      "rho": 0.585298079530489,
      "capacity": 1.0,
      "tserv": 1.4632451988262223,
      "stddev": 2.2477191931287255,
      "mu": 0.6834124593760323,
      "cv": 1.5361193017628132,
      "lambda": 0.4,
      "twait": 3.469155905959251
    },
    "F6": {
      "rho": 0.8763315038592421,
      "capacity": 1.0,
      "tserv": 4.38165751929621,
      "stddev": 4.38165751929621,
      "mu": 0.22822413563728774,
      "cv": 1.0,
      "lambda": 0.2,
      "twait": 31.049011212286512
    },
    "F7": {
      "rho": 0.6158633043183125,
      "capacity": 1.0,
      "tserv": 3.0793165215915623,
      "stddev": 3.0793165215915623,
      "mu": 0.3247473889053615,
      "cv": 1.0,
      "lambda": 0.2,
      "twait": 4.936883326556293
    },
    "F8": {
      "rho": 0.6394559784465925,
      "capacity": 1.0,
      "tserv": 0.4567542703189947,
      "stddev": 0.5705196317657877,
      "mu": 2.189361030607564,
      "cv": 1.2490734489845927,
      "lambda": 1.4,
      "twait": 1.036993979177607
    },
    "F9": {
      "rho": 0.7964594109842134,
      "capacity": 1.0,
      "tserv": 3.982297054921067,
      "stddev": 3.982297054921067,
      "mu": 0.25111135262103673,
      "cv": 1.0,
      "lambda": 0.2,
      "twait": 15.582827887368447
    },
    "F10": {
      "rho": 0.7136398659437355,
      "capacity": 1.0,
      "tserv": 3.5681993297186776,
      "stddev": 3.5681993297186767,
      "mu": 0.28025340167272594,
      "cv": 0.9999999999999998,
      "lambda": 0.2,
      "twait": 8.89233167777691
    }
  },
  "extra": {
    "conv_gen": 8,
    "max_gen": 600,
    "population": 600,
    "deltatime": 37.7497101,
    "obj_func": 2755.1564508392166
  },
  "network": [
    [
      0.0,
      2.2595750418689673,
      1.42609883233919,
      2.8451068209733883,
      2.011966772759637,
      1.5503015098673236,
      2.5122869615393886,
      1.5772730957177827,
      1.8272350274331435,
      1.8272350274331435
    ],
    [
      2.2595750418689673,
      0.0,
      2.185728005248469,
      2.5180541660774693,
      2.710008214560544,
      1.1638445831743742,
      2.2677008905671197,
      1.8272350274331435,
      1.7890589110508899,
      1.7890589110508899
    ],
    [
      1.42609883233919,
      2.185728005248469,
      0.0,
      2.188957975263147,
      2.5668931085151128,
      2.3236158573105588,
      1.5772730957177827,
      1.7890589110508899,
      1.909825741016303,
      1.909825741016303
    ],
    [
      2.8451068209733883,
      2.5180541660774693,
      2.188957975263147,
      0.0,
      2.1033124834495402,
      2.5122869615393886,
      1.8272350274331435,
      1.909825741016303,
      2.1080136803122898,
      2.1080136803122898
    ],
    [
      2.011966772759637,
      2.710008214560544,
      2.5668931085151128,
      2.1033124834495402,
      0.0,
      2.2677008905671197,
      1.7890589110508899,
      2.1080136803122898,
      2.1286507999552415,
      2.1286507999552415
    ],
    [
      1.5503015098673236,
      1.1638445831743742,
      2.3236158573105588,
      2.5122869615393886,
      2.2677008905671197,
      0.0,
      1.909825741016303,
      2.1286507999552415,
      2.18554256216686,
      2.18554256216686
    ],
    [
      2.5122869615393886,
      2.2677008905671197,
      1.5772730957177827,
      1.8272350274331435,
      1.7890589110508899,
      1.909825741016303,
      0.0,
      2.18554256216686,
      1.3223722047752464,
      1.3223722047752464
    ],
    [
      1.5772730957177827,
      1.8272350274331435,
      1.7890589110508899,
      1.909825741016303,
      2.1080136803122898,
      2.1286507999552415,
      2.18554256216686,
      0.0,
      2.1847557772551163,
      2.1847557772551163
    ],
    [
      1.8272350274331435,
      1.7890589110508899,
      1.909825741016303,
      2.1080136803122898,
      2.1286507999552415,
      2.18554256216686,
      1.3223722047752464,
      2.1847557772551163,
      0.0,
      2.022098225983695
    ],
    [
      1.8272350274331435,
      1.7890589110508899,
      1.909825741016303,
      2.1080136803122898,
      2.1286507999552415,
      2.18554256216686,
      1.3223722047752464,
      2.1847557772551163,
      2.022098225983695,
      0.0
    ]
  ]
}