{
  "servicechain": {
    "SC1": {
      "resptime": 53.50282237619882,
      "resptime_old": 43.50282237619882,
      "waittime": 40.21471040211308,
      "servicetime": 10.0,
      "networktime": 3.288111974085745,
      "services": {
        "MS1_1": {
          "meanserv": 1.881486895506812,
          "stddevserv": 1.881486895506812,
          "rate": 0.5314945335989875,
          "cv": 1.0,
          "lambda": 0.15
        },
        "MS1_2": {
          "meanserv": 0.6078180087298501,
          "stddevserv": 0.6078180087298501,
          "rate": 1.6452293048863225,
          "cv": 1.0,
          "lambda": 0.15
        },
        "MS1_3": {
          "meanserv": 1.3468521025174143,
          "stddevserv": 1.3468521025174143,
          "rate": 0.7424720191109999,
          "cv": 1.0,
          "lambda": 0.15
        },
        "MS1_4": {
          "meanserv": 0.27278120908071735,
          "stddevserv": 0.27278120908071735,
          "rate": 3.665941665740234,
          "cv": 1.0,
          "lambda": 0.15
        },
        "MS1_5": {
          "meanserv": 0.18815175842107656,
          "stddevserv": 0.18815175842107656,
          "rate": 5.314858645976816,
          "cv": 1.0,
          "lambda": 0.15
        },
        "MS1_6": {
          "meanserv": 5.70291002574413,
          "stddevserv": 5.70291002574413,
          "rate": 0.17534907538182976,
          "cv": 1.0,
          "lambda": 0.15
        }
      },
      "sensors": [
        "S1"
      ],
      "sources": [
        {
          "startTime": 0,
          "stopTime": -1,
          "lambda": 0.15
        }
      ]
    },
    "SC2": {
      "resptime": 31.090704189530882,
      "resptime_old": 21.090704189530882,
      "waittime": 16.445509094685715,
      "servicetime": 10.0,
      "networktime": 4.645195094845168,
      "services": {
        "MS2_1": {
          "meanserv": 1.678313405374885,
          "stddevserv": 1.678313405374885,
          "rate": 0.5958362703875502,
          "cv": 1.0,
          "lambda": 0.15
        },
        "MS2_2": {
          "meanserv": 0.9267625408594924,
          "stddevserv": 0.9267625408594924,
          "rate": 1.0790250532489003,
          "cv": 1.0,
          "lambda": 0.15
        },
        "MS2_3": {
          "meanserv": 0.21113307247544721,
          "stddevserv": 0.21113307247544721,
          "rate": 4.736349394604157,
          "cv": 1.0,
          "lambda": 0.15
        },
        "MS2_4": {
          "meanserv": 0.20886522349973324,
          "stddevserv": 0.20886522349973324,
          "rate": 4.787776458158326,
          "cv": 1.0,
          "lambda": 0.15
        },
        "MS2_5": {
          "meanserv": 2.5064413254066547,
          "stddevserv": 2.5064413254066547,
          "rate": 0.3989720365138634,
          "cv": 1.0,
          "lambda": 0.15
        },
        "MS2_6": {
          "meanserv": 4.468484432383788,
          "stddevserv": 4.468484432383788,
          "rate": 0.22378952307696265,
          "cv": 1.0,
          "lambda": 0.15
        }
      },
      "sensors": [
        "S2"
      ],
      "sources": [
        {
          "startTime": 0,
          "stopTime": -1,
          "lambda": 0.15
        }
      ]
    },
    "SC3": {
      "resptime": 31.442766210707234,
      "resptime_old": 21.442766210707234,
      "waittime": 16.903338404682952,
      "servicetime": 10.0,
      "networktime": 4.539427806024284,
      "services": {
        "MS3_1": {
          "meanserv": 1.7444335243421072,
          "stddevserv": 1.7444335243421072,
          "rate": 0.573251996161412,
          "cv": 1.0,
          "lambda": 0.15
        },
        "MS3_2": {
          "meanserv": 3.9587746432287148,
          "stddevserv": 3.9587746432287148,
          "rate": 0.2526034164916282,
          "cv": 1.0,
          "lambda": 0.15
        },
        "MS3_3": {
          "meanserv": 1.8506843811522025,
          "stddevserv": 1.8506843811522025,
          "rate": 0.5403406492129242,
          "cv": 1.0,
          "lambda": 0.15
        },
        "MS3_4": {
          "meanserv": 0.38113331629536873,
          "stddevserv": 0.38113331629536873,
          "rate": 2.6237538342752096,
          "cv": 1.0,
          "lambda": 0.15
        },
        "MS3_5": {
          "meanserv": 0.3633835519961748,
          "stddevserv": 0.3633835519961748,
          "rate": 2.751913218159436,
          "cv": 1.0,
          "lambda": 0.15
        },
        "MS3_6": {
          "meanserv": 1.7015905829854319,
          "stddevserv": 1.7015905829854319,
          "rate": 0.5876854338518407,
          "cv": 1.0,
          "lambda": 0.15
        }
      },
      "sensors": [
        "S3"
      ],
      "sources": [
        {
          "startTime": 0,
          "stopTime": -1,
          "lambda": 0.15
        }
      ]
    },
    "SC4": {
      "resptime": 27.161374519553025,
      "resptime_old": 17.161374519553025,
      "waittime": 12.787482062914119,
      "servicetime": 10.0,
      "networktime": 4.373892456638907,
      "services": {
        "MS4_1": {
          "meanserv": 0.336034558684587,
          "stddevserv": 0.336034558684587,
          "rate": 2.975884396874289,
          "cv": 1.0,
          "lambda": 0.15
        },
        "MS4_2": {
          "meanserv": 0.8303619823966901,
          "stddevserv": 0.8303619823966901,
          "rate": 1.2042940563267124,
          "cv": 1.0,
          "lambda": 0.15
        },
        "MS4_3": {
          "meanserv": 1.9514326684614114,
          "stddevserv": 1.9514326684614114,
          "rate": 0.51244401928991,
          "cv": 1.0,
          "lambda": 0.15
        },
        "MS4_4": {
          "meanserv": 2.047378049217092,
          "stddevserv": 2.047378049217092,
          "rate": 0.4884295796677099,
          "cv": 1.0,
          "lambda": 0.15
        },
        "MS4_5": {
          "meanserv": 3.593144874405267,
          "stddevserv": 3.593144874405267,
          "rate": 0.2783077317931743,
          "cv": 1.0,
          "lambda": 0.15
        },
        "MS4_6": {
          "meanserv": 1.2416478668349527,
          "stddevserv": 1.2416478668349527,
          "rate": 0.805381321637567,
          "cv": 1.0,
          "lambda": 0.15
        }
      },
      "sensors": [
        "S4"
      ],
      "sources": [
        {
          "startTime": 0,
          "stopTime": -1,
          "lambda": 0.15
        }
      ]
    }
  },
  "microservice": {
    "MS1_1": "F10",
    "MS1_2": "F8",
    "MS1_3": "F8",
    "MS1_4": "F9",
    "MS1_5": "F9",
    "MS1_6": "F3",
    "MS2_1": "F8",
    "MS2_2": "F9",
    "MS2_3": "F9",
    "MS2_4": "F9",
    "MS2_5": "F7",
    "MS2_6": "F2",
    "MS3_1": "F10",
    "MS3_2": "F5",
    "MS3_3": "F7",
    "MS3_4": "F4",
    "MS3_5": "F4",
    "MS3_6": "F4",
    "MS4_1": "F9",
    "MS4_2": "F9",
    "MS4_3": "F6",
    "MS4_4": "F6",
    "MS4_5": "F1",
    "MS4_6": "F4"
  },
  "sensor": {
    "S1": "F10",
    "S2": "F8",
    "S3": "F10",
    "S4": "F9"
  },
  "fog": {
    "F1": {
      "rho": 0.53897173116079,
      "capacity": 1.0,
      "tserv": 3.593144874405267,
      "stddev": 3.593144874405267,
      "mu": 0.2783077317931743,
      "cv": 1.0,
      "lambda": 0.15,
      "twait": 4.200617715147406
    },
    "F2": {
      "rho": 0.6702726648575681,
      "capacity": 1.0,
      "tserv": 4.468484432383788,
      "stddev": 4.468484432383788,
      "mu": 0.22378952307696265,
      "cv": 1.0,
      "lambda": 0.15,
      "twait": 9.083574969829687
    },
    "F3": {
      "rho": 0.8554365038616194,
      "capacity": 1.0,
      "tserv": 5.70291002574413,
      "stddev": 5.70291002574413,
      "mu": 0.17534907538182976,
      "cv": 1.0,
      "lambda": 0.15,
      "twait": 33.74626060226233
    },
    "F4": {
      "rho": 0.5531632977167892,
      "capacity": 1.0,
      "tserv": 0.921938829527982,
      "stddev": 1.2276945339108791,
      "mu": 1.084670661406011,
      "cv": 1.3316442421016579,
      "lambda": 0.6,
      "twait": 1.5825949806325774
    },
    "F5": {
      "rho": 0.5938161964843073,
      "capacity": 1.0,
      "tserv": 3.9587746432287148,
      "stddev": 3.9587746432287148,
      "mu": 0.2526034164916282,
      "cv": 1.0,
      "lambda": 0.15,
      "twait": 5.787489508526834
    },
    "F6": {
      "rho": 0.5998216076517755,
      "capacity": 1.0,
      "tserv": 1.9994053588392517,
      "stddev": 2.0005560594492953,
      "mu": 0.5001487045030962,
      "cv": 1.000575521419384,
      "lambda": 0.3,
      "twait": 2.9986050554897865
    },
    "F7": {
      "rho": 0.6535688559838284,
      "capacity": 1.0,
      "tserv": 2.1785628532794283,
      "stddev": 2.227362720945553,
      "mu": 0.45901820022988216,
      "cv": 1.0224000274275609,
      "lambda": 0.3,
      "twait": 4.203121297270189
    },
    "F8": {
      "rho": 0.5449475274933223,
      "capacity": 1.0,
      "tserv": 1.2109945055407165,
      "stddev": 1.3663644379101392,
      "mu": 0.8257675781555209,
      "cv": 1.1282994527708852,
      "lambda": 0.44999999999999996,
      "twait": 1.648223943353994
    },
    "F9": {
      "rho": 0.4461135518126615,
      "capacity": 1.0,
      "tserv": 0.4248700493453919,
      "stddev": 0.5922163276993107,
      "mu": 2.3536608465123052,
      "cv": 1.3938763831711682,
      "lambda": 1.05,
      "twait": 0.5035296280772813
    },
    "F10": {
      "rho": 0.543888062977338,
      "capacity": 1.0,
      "tserv": 1.81296020992446,
      "stddev": 1.8155485496243675,
      "mu": 0.5515840858093993,
      "cv": 1.0014276869871377,
      "lambda": 0.3,
      "twait": 2.1649426569881935
    }
  },
  "extra": {
    "conv_gen": 181,
    "max_gen": 600,
    "population": 600,
    "deltatime": 42.9749593,
    "obj_func": 35.79941682399749
  },
  "network": [
    [
      0.0,
      1.724753814994162,
      1.8433273045670342,
      1.4607257383163466,
      2.064145515899417,
      1.5514393038116678,
      2.159892479218874,
      1.5813222937479878,
      1.4273931621596043,
      1.4273931621596043
    ],
    [
      1.724753814994162,
      0.0,
      1.342974873229645,
      1.547225103738739,
      1.425638314041689,
      1.3903609783337498,
      1.633445505017443,
      1.4273931621596043,
      1.5757189382906058,
      1.5757189382906058
    ],
    [
      1.8433273045670342,
      1.342974873229645,
      0.0,
      2.2175308850452424,
      1.66804670217697,
      1.5308299740879034,
      1.5813222937479878,
      1.5757189382906058,
      1.1939469058298973,
      1.1939469058298973
    ],
    [
      1.4607257383163466,
      1.547225103738739,
      2.2175308850452424,
      0.0,
      1.8391060336377036,
      2.159892479218874,
      1.4273931621596043,
      1.1939469058298973,
      1.9900945344683025,
      1.9900945344683025
    ],
    [
      2.064145515899417,
      1.425638314041689,
      1.66804670217697,
      1.8391060336377036,
      0.0,
      1.633445505017443,
      1.5757189382906058,
      1.9900945344683025,
      1.536315705574073,
      1.536315705574073
    ],
    [
      1.5514393038116678,
      1.3903609783337498,
      1.5308299740879034,
      2.159892479218874,
      1.633445505017443,
      0.0,
      1.1939469058298973,
      1.536315705574073,
      1.3617274145108924,
      1.3617274145108924
    ],
    [
      2.159892479218874,
      1.633445505017443,
      1.5813222937479878,
      1.4273931621596043,
      1.5757189382906058,
      1.1939469058298973,
      0.0,
      1.3617274145108924,
      1.9646670556998012,
      1.9646670556998012
    ],
    [
      1.5813222937479878,
      1.4273931621596043,
      1.5757189382906058,
      1.1939469058298973,
      1.9900945344683025,
      1.536315705574073,
      1.3617274145108924,
      0.0,
      1.047082534127924,
      1.047082534127924
    ],
    [
      1.4273931621596043,
      1.5757189382906058,
      1.1939469058298973,
      1.9900945344683025,
      1.536315705574073,
      1.3617274145108924,
      1.9646670556998012,
      1.047082534127924,
      0.0,
      2.0789446006356167
    ],
    [
      1.4273931621596043,
      1.5757189382906058,
      1.1939469058298973,
      1.9900945344683025,
      1.536315705574073,
      1.3617274145108924,
      1.9646670556998012,
      1.047082534127924,
      2.0789446006356167,
      0.0
    ]
  ]
}