{
  "servicechain": {
    "SC1": {
      "resptime": 29.138986211106626,
      "resptime_old": 19.138986211106626,
      "waittime": 13.653774433469524,
      "servicetime": 10.0,
      "networktime": 5.485211777637104,
      "services": {
        "MS1_1": {
          "meanserv": 2.3462719594180492,
          "stddevserv": 2.3462719594180492,
          "rate": 0.42620805145198604,
          "cv": 1.0,
          "lambda": 0.15
        },
        "MS1_2": {
          "meanserv": 1.604211389187912,
          "stddevserv": 1.604211389187912,
          "rate": 0.6233592447602698,
          "cv": 1.0,
          "lambda": 0.15
        },
        "MS1_3": {
          "meanserv": 1.7756184128701786,
          "stddevserv": 1.7756184128701786,
          "rate": 0.5631840674503713,
          "cv": 1.0,
          "lambda": 0.15
        },
        "MS1_4": {
          "meanserv": 4.27389823852386,
          "stddevserv": 4.27389823852386,
          "rate": 0.233978430039875,
          "cv": 1.0,
          "lambda": 0.15
        }
      },
      "sensors": [
        "S1"
      ],
      "sources": [
        {
          "startTime": 0,
          "stopTime": -1,
          "lambda": 0.15
        }
      ]
    },
    "SC2": {
      "resptime": 39.85293467567653,
      "resptime_old": 29.852934675676533,
      "waittime": 26.03098721206087,
      "servicetime": 10.0,
      "networktime": 3.8219474636156607,
      "services": {
        "MS2_1": {
          "meanserv": 3.206248700717297,
          "stddevserv": 3.206248700717297,
          "rate": 0.31189096459556664,
          "cv": 1.0,
          "lambda": 0.15
        },
        "MS2_2": {
          "meanserv": 0.28376157929384727,
          "stddevserv": 0.28376157929384727,
          "rate": 3.52408526372225,
          "cv": 1.0,
          "lambda": 0.15
        },
        "MS2_3": {
          "meanserv": 5.121343128559957,
          "stddevserv": 5.121343128559957,
          "rate": 0.19526127714882963,
          "cv": 1.0,
          "lambda": 0.15
        },
        "MS2_4": {
          "meanserv": 1.3886465914288983,
          "stddevserv": 1.3886465914288983,
          "rate": 0.7201256289197482,
          "cv": 1.0,
          "lambda": 0.15
        }
      },
      "sensors": [
        "S2"
      ],
      "sources": [
        {
          "startTime": 0,
          "stopTime": -1,
          "lambda": 0.15
        }
      ]
    },
    "SC3": {
      "resptime": 62.263062774307,
      "resptime_old": 52.263062774307,
      "waittime": 46.77034666186691,
      "servicetime": 10.0,
      "networktime": 5.492716112440092,
      "services": {
        "MS3_1": {
          "meanserv": 5.826046214396103,
          "stddevserv": 5.826046214396103,
          "rate": 0.1716429913530397,
          "cv": 1.0,
          "lambda": 0.15
        },
        "MS3_2": {
          "meanserv": 0.8839901055338428,
          "stddevserv": 0.8839901055338428,
          "rate": 1.1312343811768104,
          "cv": 1.0,
          "lambda": 0.15
        },
        "MS3_3": {
          "meanserv": 0.2450109798827027,
          "stddevserv": 0.2450109798827027,
          "rate": 4.081449739431037,
          "cv": 1.0,
          "lambda": 0.15
        },
        "MS3_4": {
          "meanserv": 3.044952700187351,
          "stddevserv": 3.044952700187351,
          "rate": 0.3284123263847322,
          "cv": 1.0,
          "lambda": 0.15
        }
      },
      "sensors": [
        "S3"
      ],
      "sources": [
        {
          "startTime": 0,
          "stopTime": -1,
          "lambda": 0.15
        }
      ]
    },
    "SC4": {
      "resptime": 31.008674822158333,
      "resptime_old": 21.008674822158337,
      "waittime": 15.305847901579384,
      "servicetime": 10.0,
      "networktime": 5.702826920578952,
      "services": {
        "MS4_1": {
          "meanserv": 3.0753819153079154,
          "stddevserv": 3.0753819153079154,
          "rate": 0.32516286677190703,
          "cv": 1.0,
          "lambda": 0.15
        },
        "MS4_2": {
          "meanserv": 0.26480990593251574,
          "stddevserv": 0.26480990593251574,
          "rate": 3.776293777525227,
          "cv": 1.0,
          "lambda": 0.15
        },
        "MS4_3": {
          "meanserv": 2.2214636915352175,
          "stddevserv": 2.2214636915352175,
          "rate": 0.4501536549125033,
          "cv": 1.0,
          "lambda": 0.15
        },
        "MS4_4": {
          "meanserv": 4.438344487224351,
          "stddevserv": 4.438344487224351,
          "rate": 0.2253092347559933,
          "cv": 1.0,
          "lambda": 0.15
        }
      },
      "sensors": [
        "S4"
      ],
      "sources": [
        {
          "startTime": 0,
          "stopTime": -1,
          "lambda": 0.15
        }
      ]
    }
  },
  "microservice": {
    "MS1_1": "F8",
    "MS1_2": "F10",
    "MS1_3": "F10",
    "MS1_4": "F4",
    "MS2_1": "F5",
    "MS2_2": "F5",
    "MS2_3": "F2",
    "MS2_4": "F8",
    "MS3_1": "F1",
    "MS3_2": "F9",
    "MS3_3": "F9",
    "MS3_4": "F7",
    "MS4_1": "F6",
    "MS4_2": "F9",
    "MS4_3": "F9",
    "MS4_4": "F3"
  },
  "sensor": {
    "S1": "F8",
    "S2": "F5",
    "S3": "F1",
    "S4": "F6"
  },
  "fog": {
    "F1": {
      "rho": 0.8739069321594154,
      "capacity": 1.0,
      "tserv": 5.826046214396103,
      "stddev": 5.826046214396103,
      "mu": 0.1716429913530397,
      "cv": 1.0,
      "lambda": 0.15,
      "twait": 40.37828772854345
    },
    "F2": {
      "rho": 0.7682014692839936,
      "capacity": 1.0,
      "tserv": 5.121343128559957,
      "stddev": 5.121343128559957,
      "mu": 0.19526127714882963,
      "cv": 1.0,
      "lambda": 0.15,
      "twait": 16.97259816063007
    },
    "F3": {
      "rho": 0.6657516730836527,
      "capacity": 1.0,
      "tserv": 4.438344487224351,
      "stddev": 4.438344487224351,
      "mu": 0.2253092347559933,
      "cv": 1.0,
      "lambda": 0.15,
      "twait": 8.840239516982617
    },
    "F4": {
      "rho": 0.6410847357785789,
      "capacity": 1.0,
      "tserv": 4.27389823852386,
      "stddev": 4.27389823852386,
      "mu": 0.233978430039875,
      "cv": 1.0,
      "lambda": 0.15,
      "twait": 7.633921418561602
    },
    "F5": {
      "rho": 0.5235015420016716,
      "capacity": 1.0,
      "tserv": 1.7450051400055722,
      "stddev": 2.7047196575779955,
      "mu": 0.5730642145826612,
      "cv": 1.5499780462362185,
      "lambda": 0.3,
      "twait": 3.2614642893884382
    },
    "F6": {
      "rho": 0.4613072872961873,
      "capacity": 1.0,
      "tserv": 3.0753819153079154,
      "stddev": 3.0753819153079154,
      "mu": 0.32516286677190703,
      "cv": 1.0,
      "lambda": 0.15,
      "twait": 2.6335906450817044
    },
    "F7": {
      "rho": 0.4567429050281026,
      "capacity": 1.0,
      "tserv": 3.044952700187351,
      "stddev": 3.044952700187351,
      "mu": 0.3284123263847322,
      "cv": 1.0,
      "lambda": 0.15,
      "twait": 2.560041193808394
    },
    "F8": {
      "rho": 0.5602377826270422,
      "capacity": 1.0,
      "tserv": 1.867459275423474,
      "stddev": 1.9864358328607907,
      "mu": 0.5354869116346515,
      "cv": 1.0637103892990314,
      "lambda": 0.3,
      "twait": 2.535460472653922
    },
    "F9": {
      "rho": 0.542291202432642,
      "capacity": 1.0,
      "tserv": 0.9038186707210698,
      "stddev": 1.451330032581507,
      "mu": 1.1064166213806983,
      "cv": 1.60577567115717,
      "lambda": 0.6,
      "twait": 1.9160088697575313
    },
    "F10": {
      "rho": 0.5069744703087136,
      "capacity": 1.0,
      "tserv": 1.6899149010290453,
      "stddev": 1.6942557530089177,
      "mu": 0.5917457733469697,
      "cv": 1.0025686808118144,
      "lambda": 0.3,
      "twait": 1.7421962711270003
    }
  },
  "extra": {
    "deltatime": 0.0102308,
    "obj_func": 40.56591462081212
  },
  "network": [
    [
      0.0,
      2.788485395015416,
      1.807076961872514,
      2.3541615770095845,
      1.6620522208717827,
      1.9533819884081816,
      2.1701052217595764,
      2.3894998409050934,
      2.2981212576840853,
      2.2981212576840853
    ],
    [
      2.788485395015416,
      0.0,
      2.3552368462217026,
      2.3670795701291136,
      1.5238262059315755,
      2.310347130721051,
      2.270958722059975,
      2.2981212576840853,
      3.1472092943692456,
      3.1472092943692456
    ],
    [
      1.807076961872514,
      2.3552368462217026,
      0.0,
      1.6681088975167564,
      2.520248640956906,
      3.2852458004122007,
      2.3894998409050934,
      3.1472092943692456,
      2.913020376215704,
      2.913020376215704
    ],
    [
      2.3541615770095845,
      2.3670795701291136,
      1.6681088975167564,
      0.0,
      3.2669688132124586,
      2.1701052217595764,
      2.2981212576840853,
      2.913020376215704,
      1.6042261416500223,
      1.6042261416500223
    ],
    [
      1.6620522208717827,
      1.5238262059315755,
      2.520248640956906,
      3.2669688132124586,
      0.0,
      2.270958722059975,
      3.1472092943692456,
      1.6042261416500223,
      2.952166055130793,
      2.952166055130793
    ],
    [
      1.9533819884081816,
      2.310347130721051,
      3.2852458004122007,
      2.1701052217595764,
      2.270958722059975,
      0.0,
      2.913020376215704,
      2.952166055130793,
      2.7898065443632483,
      2.7898065443632483
    ],
    [
      2.1701052217595764,
      2.270958722059975,
      2.3894998409050934,
      2.2981212576840853,
      3.1472092943692456,
      2.913020376215704,
      0.0,
      2.7898065443632483,
      3.1945948547560064,
      3.1945948547560064
    ],
    [
      2.3894998409050934,
      2.2981212576840853,
      3.1472092943692456,
      2.913020376215704,
      1.6042261416500223,
      2.952166055130793,
      2.7898065443632483,
      0.0,
      3.880985635987081,
      3.880985635987081
    ],
    [
      2.2981212576840853,
      3.1472092943692456,
      2.913020376215704,
      1.6042261416500223,
      2.952166055130793,
      2.7898065443632483,
      3.1945948547560064,
      3.880985635987081,
      0.0,
      2.8425534488017794
    ],
    [
      2.2981212576840853,
      3.1472092943692456,
      2.913020376215704,
      1.6042261416500223,
      2.952166055130793,
      2.7898065443632483,
      3.1945948547560064,
      3.880985635987081,
      2.8425534488017794,
      0.0
    ]
  ]
}