{
  "servicechain": {
    "SC1": {
      "resptime": 13229.003160326725,
      "resptime_old": 13219.003160326725,
      "waittime": 13211.572424800357,
      "servicetime": 10.0,
      "networktime": 7.4307355263687995,
      "services": {
        "MS1_1": {
          "meanserv": 0.5193530209411712,
          "stddevserv": 0.5193530209411712,
          "rate": 1.9254725777618482,
          "cv": 1.0,
          "lambda": 0.225
        },
        "MS1_2": {
          "meanserv": 4.837937373947653,
          "stddevserv": 4.837937373947653,
          "rate": 0.20669965787176392,
          "cv": 1.0,
          "lambda": 0.225
        },
        "MS1_3": {
          "meanserv": 1.8691143629989089,
          "stddevserv": 1.8691143629989089,
          "rate": 0.5350127417540923,
          "cv": 1.0,
          "lambda": 0.225
        },
        "MS1_4": {
          "meanserv": 1.6581136352654777,
          "stddevserv": 1.6581136352654777,
          "rate": 0.6030949741510881,
          "cv": 1.0,
          "lambda": 0.225
        },
        "MS1_5": {
          "meanserv": 1.1154816068467888,
          "stddevserv": 1.1154816068467888,
          "rate": 0.8964737686950941,
          "cv": 1.0,
          "lambda": 0.225
        }
      },
      "sensors": [
        "S1"
      ],
      "sources": [
        {
          "startTime": 0,
          "stopTime": -1,
          "lambda": 0.225
        }
      ]
    },
    "SC2": {
      "resptime": 13232.10840062439,
      "resptime_old": 13222.108400624387,
      "waittime": 13216.551570684707,
      "servicetime": 10.0,
      "networktime": 5.55682993968111,
      "services": {
        "MS2_1": {
          "meanserv": 2.507315246482973,
          "stddevserv": 2.507315246482973,
          "rate": 0.39883297539178864,
          "cv": 1.0,
          "lambda": 0.225
        },
        "MS2_2": {
          "meanserv": 0.32646570996270663,
          "stddevserv": 0.32646570996270663,
          "rate": 3.063108833433789,
          "cv": 1.0,
          "lambda": 0.225
        },
        "MS2_3": {
          "meanserv": 1.0297777483805737,
          "stddevserv": 1.0297777483805737,
          "rate": 0.971083325088931,
          "cv": 1.0,
          "lambda": 0.225
        },
        "MS2_4": {
          "meanserv": 1.9337486973228537,
          "stddevserv": 1.9337486973228537,
          "rate": 0.5171302772611733,
          "cv": 1.0,
          "lambda": 0.225
        },
        "MS2_5": {
          "meanserv": 4.202692597850893,
          "stddevserv": 4.202692597850893,
          "rate": 0.23794269428874343,
          "cv": 1.0,
          "lambda": 0.225
        }
      },
      "sensors": [
        "S2"
      ],
      "sources": [
        {
          "startTime": 0,
          "stopTime": -1,
          "lambda": 0.225
        }
      ]
    },
    "SC3": {
      "resptime": 61.93277837523297,
      "resptime_old": 51.93277837523297,
      "waittime": 46.130217693410685,
      "servicetime": 10.0,
      "networktime": 5.802560681822286,
      "services": {
        "MS3_1": {
          "meanserv": 1.9425713862464422,
          "stddevserv": 1.9425713862464422,
          "rate": 0.5147815967434085,
          "cv": 1.0,
          "lambda": 0.225
        },
        "MS3_2": {
          "meanserv": 0.7861260563800221,
          "stddevserv": 0.7861260563800221,
          "rate": 1.2720606216830306,
          "cv": 1.0,
          "lambda": 0.225
        },
        "MS3_3": {
          "meanserv": 3.977092647343302,
          "stddevserv": 3.977092647343302,
          "rate": 0.25143995593565066,
          "cv": 1.0,
          "lambda": 0.225
        },
        "MS3_4": {
          "meanserv": 0.38642100207536334,
          "stddevserv": 0.38642100207536334,
          "rate": 2.587851060447721,
          "cv": 1.0,
          "lambda": 0.225
        },
        "MS3_5": {
          "meanserv": 2.9077889079548704,
          "stddevserv": 2.9077889079548704,
          "rate": 0.34390391863188174,
          "cv": 1.0,
          "lambda": 0.225
        }
      },
      "sensors": [
        "S3"
      ],
      "sources": [
        {
          "startTime": 0,
          "stopTime": -1,
          "lambda": 0.225
        }
      ]
    },
    "SC4": {
      "resptime": 13302.614773768846,
      "resptime_old": 13292.614773768846,
      "waittime": 13286.22052876663,
      "servicetime": 10.0,
      "networktime": 6.394245002216943,
      "services": {
        "MS4_1": {
          "meanserv": 0.24893003156299165,
          "stddevserv": 0.24893003156299165,
          "rate": 4.017193079200451,
          "cv": 1.0,
          "lambda": 0.225
        },
        "MS4_2": {
          "meanserv": 4.235128238564021,
          "stddevserv": 4.235128238564021,
          "rate": 0.23612035897620512,
          "cv": 1.0,
          "lambda": 0.225
        },
        "MS4_3": {
          "meanserv": 1.132517816429103,
          "stddevserv": 1.132517816429103,
          "rate": 0.8829883163808057,
          "cv": 1.0,
          "lambda": 0.225
        },
        "MS4_4": {
          "meanserv": 0.17070315101468747,
          "stddevserv": 0.17070315101468747,
          "rate": 5.858122677032242,
          "cv": 1.0,
          "lambda": 0.225
        },
        "MS4_5": {
          "meanserv": 4.212720762429196,
          "stddevserv": 4.212720762429196,
          "rate": 0.2373762839726805,
          "cv": 1.0,
          "lambda": 0.225
        }
      },
      "sensors": [
        "S4"
      ],
      "sources": [
        {
          "startTime": 0,
          "stopTime": -1,
          "lambda": 0.225
        }
      ]
    }
  },
  "microservice": {
    "MS1_1": "F8",
    "MS1_2": "F1",
    "MS1_3": "F10",
    "MS1_4": "F8",
    "MS1_5": "F7",
    "MS2_1": "F5",
    "MS2_2": "F8",
    "MS2_3": "F9",
    "MS2_4": "F9",
    "MS2_5": "F1",
    "MS3_1": "F6",
    "MS3_2": "F6",
    "MS3_3": "F3",
    "MS3_4": "F10",
    "MS3_5": "F4",
    "MS4_1": "F7",
    "MS4_2": "F1",
    "MS4_3": "F7",
    "MS4_4": "F7",
    "MS4_5": "F2"
  },
  "sensor": {
    "S1": "F8",
    "S2": "F5",
    "S3": "F6",
    "S4": "F7"
  },
  "fog": {
    "F1": {
      "rho": 2.9870455973315777,
      "capacity": 1.0,
      "tserv": 4.425252736787522,
      "stddev": 4.444493343954547,
      "mu": 0.22597579380877175,
      "cv": 1.0043479114779312,
      "lambda": 0.675,
      "twait": 13205.213272796169
    },
    "F2": {
      "rho": 0.9478621715465692,
      "capacity": 1.0,
      "tserv": 4.212720762429196,
      "stddev": 4.212720762429196,
      "mu": 0.2373762839726805,
      "cv": 1.0,
      "lambda": 0.225,
      "twait": 76.58697664330319
    },
    "F3": {
      "rho": 0.8948458456522429,
      "capacity": 1.0,
      "tserv": 3.9770926473433015,
      "stddev": 3.9770926473433024,
      "mu": 0.25143995593565066,
      "cv": 1.0000000000000002,
      "lambda": 0.225,
      "twait": 33.84445298736925
    },
    "F4": {
      "rho": 0.6542525042898458,
      "capacity": 1.0,
      "tserv": 2.9077889079548704,
      "stddev": 2.9077889079548704,
      "mu": 0.34390391863188174,
      "cv": 1.0,
      "lambda": 0.225,
      "twait": 5.502362847395855
    },
    "F5": {
      "rho": 0.5641459304586689,
      "capacity": 1.0,
      "tserv": 2.507315246482973,
      "stddev": 2.507315246482973,
      "mu": 0.39883297539178864,
      "cv": 1.0,
      "lambda": 0.225,
      "twait": 3.2453332239592876
    },
    "F6": {
      "rho": 0.6139569245909545,
      "capacity": 1.0,
      "tserv": 1.3643487213132321,
      "stddev": 1.59063834162074,
      "mu": 0.7329504432250032,
      "cv": 1.1658590775016056,
      "lambda": 0.45,
      "twait": 2.5595718730848893
    },
    "F7": {
      "rho": 0.6002173363170535,
      "capacity": 1.0,
      "tserv": 0.6669081514633928,
      "stddev": 0.9296420228094504,
      "mu": 1.4994568559489123,
      "cv": 1.3939581046798457,
      "lambda": 0.9,
      "twait": 1.473426442385356
    },
    "F8": {
      "rho": 0.563384782388105,
      "capacity": 1.0,
      "tserv": 0.8346441220564519,
      "stddev": 1.1777668223861613,
      "mu": 1.1981154285686855,
      "cv": 1.4111006011571743,
      "lambda": 0.675,
      "twait": 1.6107337246639775
    },
    "F9": {
      "rho": 0.6667934502832712,
      "capacity": 1.0,
      "tserv": 1.4817632228517137,
      "stddev": 1.6137546241178367,
      "mu": 0.6748716559960635,
      "cv": 1.0890772555497092,
      "lambda": 0.45,
      "twait": 3.2411154699572204
    },
    "F10": {
      "rho": 0.5074954571417112,
      "capacity": 1.0,
      "tserv": 1.1277676825371359,
      "stddev": 1.5398213360771966,
      "mu": 0.8867074447019999,
      "cv": 1.3653710422106304,
      "lambda": 0.45,
      "twait": 1.6642581124758002
    }
  },
  "extra": {
    "deltatime": 0.0129709,
    "obj_func": 9956.414778273798
  },
  "network": [
    [
      0.0,
      1.443171626178955,
      2.7516568656969307,
      2.585038086591074,
      2.395356589000787,
      1.2405068464384315,
      2.175893043588202,
      2.1906135571877066,
      2.1286377527909406,
      2.1286377527909406
    ],
    [
      1.443171626178955,
      0.0,
      2.028369484266828,
      0.9021212145122406,
      1.9496989179955377,
      2.3152893536344075,
      2.042458915040539,
      2.1286377527909406,
      2.0025720050138824,
      2.0025720050138824
    ],
    [
      2.7516568656969307,
      2.028369484266828,
      0.0,
      1.7973061769173457,
      1.820028650895875,
      1.7958259298031434,
      2.1906135571877066,
      2.0025720050138824,
      2.3444305295092085,
      2.3444305295092085
    ],
    [
      2.585038086591074,
      0.9021212145122406,
      1.7973061769173457,
      0.0,
      2.336785746063275,
      2.175893043588202,
      2.1286377527909406,
      2.3444305295092085,
      1.6623042225099345,
      1.6623042225099345
    ],
    [
      2.395356589000787,
      1.9496989179955377,
      1.820028650895875,
      2.336785746063275,
      0.0,
      2.042458915040539,
      2.0025720050138824,
      1.6623042225099345,
      2.119992583571788,
      2.119992583571788
    ],
    [
      1.2405068464384315,
      2.3152893536344075,
      1.7958259298031434,
      2.175893043588202,
      2.042458915040539,
      0.0,
      2.3444305295092085,
      2.119992583571788,
      1.3455962520099176,
      1.3455962520099176
    ],
    [
      2.175893043588202,
      2.042458915040539,
      2.1906135571877066,
      2.1286377527909406,
      2.0025720050138824,
      2.3444305295092085,
      0.0,
      1.3455962520099176,
      2.4910218499470442,
      2.4910218499470442
    ],
    [
      2.1906135571877066,
      2.1286377527909406,
      2.0025720050138824,
      2.3444305295092085,
      1.6623042225099345,
      2.119992583571788,
      1.3455962520099176,
      0.0,
      1.765887964380235,
      1.765887964380235
    ],
    [
      2.1286377527909406,
      2.0025720050138824,
      2.3444305295092085,
      1.6623042225099345,
      2.119992583571788,
      1.3455962520099176,
      2.4910218499470442,
      1.765887964380235,
      0.0,
      2.4444058995617652
    ],
    [
      2.1286377527909406,
      2.0025720050138824,
      2.3444305295092085,
      1.6623042225099345,
      2.119992583571788,
      1.3455962520099176,
      2.4910218499470442,
      1.765887964380235,
      2.4444058995617652,
      0.0
    ]
  ]
}