{
  "servicechain": {
    "SC1": {
      "resptime": 17.261418376570376,
      "resptime_old": 7.261418376570374,
      "waittime": 7.261418376570374,
      "servicetime": 10.0,
      "networktime": 0.0,
      "services": {
        "MS1_1": {
          "meanserv": 3.0719958332067843,
          "stddevserv": 3.0719958332067843,
          "rate": 0.32552127486322907,
          "cv": 1.0,
          "lambda": 0.025
        },
        "MS1_2": {
          "meanserv": 5.763986894826232,
          "stddevserv": 5.763986894826232,
          "rate": 0.17349102595941054,
          "cv": 1.0,
          "lambda": 0.025
        },
        "MS1_3": {
          "meanserv": 0.9341670518604186,
          "stddevserv": 0.9341670518604186,
          "rate": 1.070472350751906,
          "cv": 1.0,
          "lambda": 0.025
        },
        "MS1_4": {
          "meanserv": 0.18096787585979968,
          "stddevserv": 0.18096787585979968,
          "rate": 5.525842612943774,
          "cv": 1.0,
          "lambda": 0.025
        },
        "MS1_5": {
          "meanserv": 0.048882344246765186,
          "stddevserv": 0.048882344246765186,
          "rate": 20.45728402369278,
          "cv": 1.0,
          "lambda": 0.025
        }
      },
      "sensors": [
        "S1"
      ],
      "sources": [
        {
          "startTime": 0,
          "stopTime": -1,
          "lambda": 0.025
        }
      ]
    },
    "SC2": {
      "resptime": 14.488787098818664,
      "resptime_old": 4.488787098818663,
      "waittime": 2.538775220138091,
      "servicetime": 10.0,
      "networktime": 1.9500118786805714,
      "services": {
        "MS2_1": {
          "meanserv": 0.14532825887500378,
          "stddevserv": 0.14532825887500378,
          "rate": 6.8809742010333705,
          "cv": 1.0,
          "lambda": 0.025
        },
        "MS2_2": {
          "meanserv": 1.9724288447253024,
          "stddevserv": 1.9724288447253024,
          "rate": 0.5069891381249135,
          "cv": 1.0,
          "lambda": 0.025
        },
        "MS2_3": {
          "meanserv": 4.456312501343107,
          "stddevserv": 4.456312501343107,
          "rate": 0.22440077972507666,
          "cv": 1.0,
          "lambda": 0.025
        },
        "MS2_4": {
          "meanserv": 0.8341670429441193,
          "stddevserv": 0.8341670429441193,
          "rate": 1.1988006580439667,
          "cv": 1.0,
          "lambda": 0.025
        },
        "MS2_5": {
          "meanserv": 2.5917633521124674,
          "stddevserv": 2.5917633521124674,
          "rate": 0.3858376958625217,
          "cv": 1.0,
          "lambda": 0.025
        }
      },
      "sensors": [
        "S2"
      ],
      "sources": [
        {
          "startTime": 0,
          "stopTime": -1,
          "lambda": 0.025
        }
      ]
    },
    "SC3": {
      "resptime": 14.340575779348285,
      "resptime_old": 4.340575779348285,
      "waittime": 2.131175034968925,
      "servicetime": 10.0,
      "networktime": 2.2094007443793604,
      "services": {
        "MS3_1": {
          "meanserv": 2.9768490174743265,
          "stddevserv": 2.9768490174743265,
          "rate": 0.3359256697702588,
          "cv": 1.0,
          "lambda": 0.025
        },
        "MS3_2": {
          "meanserv": 0.16035115379176457,
          "stddevserv": 0.16035115379176457,
          "rate": 6.236313093815473,
          "cv": 1.0,
          "lambda": 0.025
        },
        "MS3_3": {
          "meanserv": 0.09742326275984414,
          "stddevserv": 0.09742326275984414,
          "rate": 10.264488908209502,
          "cv": 1.0,
          "lambda": 0.025
        },
        "MS3_4": {
          "meanserv": 2.9001964937946845,
          "stddevserv": 2.9001964937946845,
          "rate": 0.34480422348610484,
          "cv": 1.0,
          "lambda": 0.025
        },
        "MS3_5": {
          "meanserv": 3.8651800721793803,
          "stddevserv": 3.8651800721793803,
          "rate": 0.25872015826578304,
          "cv": 1.0,
          "lambda": 0.025
        }
      },
      "sensors": [
        "S3"
      ],
      "sources": [
        {
          "startTime": 0,
          "stopTime": -1,
          "lambda": 0.025
        }
      ]
    },
    "SC4": {
      "resptime": 14.05347948296281,
      "resptime_old": 4.0534794829628105,
      "waittime": 2.357934579235185,
      "servicetime": 10.0,
      "networktime": 1.6955449037276253,
      "services": {
        "MS4_1": {
          "meanserv": 0.25929370250746375,
          "stddevserv": 0.25929370250746375,
          "rate": 3.8566304940291216,
          "cv": 1.0,
          "lambda": 0.025
        },
        "MS4_2": {
          "meanserv": 1.711466719732313,
          "stddevserv": 1.711466719732313,
          "rate": 0.5842941545228574,
          "cv": 1.0,
          "lambda": 0.025
        },
        "MS4_3": {
          "meanserv": 3.9313179232273816,
          "stddevserv": 3.9313179232273816,
          "rate": 0.25436762417297926,
          "cv": 1.0,
          "lambda": 0.025
        },
        "MS4_4": {
          "meanserv": 0.5015378635179921,
          "stddevserv": 0.5015378635179921,
          "rate": 1.9938674081067183,
          "cv": 1.0,
          "lambda": 0.025
        },
        "MS4_5": {
          "meanserv": 3.5963837910148495,
          "stddevserv": 3.5963837910148495,
          "rate": 0.2780570868154797,
          "cv": 1.0,
          "lambda": 0.025
        }
      },
      "sensors": [
        "S4"
      ],
      "sources": [
        {
          "startTime": 0,
          "stopTime": -1,
          "lambda": 0.025
        }
      ]
    }
  },
  "microservice": {
    "MS1_1": "F1",
    "MS1_2": "F1",
    "MS1_3": "F1",
    "MS1_4": "F1",
    "MS1_5": "F1",
    "MS2_1": "F2",
    "MS2_2": "F2",
    "MS2_3": "F2",
    "MS2_4": "F7",
    "MS2_5": "F7",
    "MS3_1": "F6",
    "MS3_2": "F6",
    "MS3_3": "F6",
    "MS3_4": "F4",
    "MS3_5": "F4",
    "MS4_1": "F3",
    "MS4_2": "F3",
    "MS4_3": "F3",
    "MS4_4": "F5",
    "MS4_5": "F5"
  },
  "sensor": {
    "S1": "F1",
    "S2": "F2",
    "S3": "F6",
    "S4": "F3"
  },
  "fog": {
    "F1": {
      "rho": 0.25,
      "capacity": 1.0,
      "tserv": 2.0,
      "stddev": 3.664342247084584,
      "mu": 0.5,
      "cv": 1.832171123542292,
      "lambda": 0.125,
      "twait": 1.4522836753140749
    },
    "F2": {
      "rho": 0.16435174012358533,
      "capacity": 1.0,
      "tserv": 2.1913565349811375,
      "stddev": 3.323376973787564,
      "mu": 0.45633833839303,
      "cv": 1.5165843260718734,
      "lambda": 0.07500000000000001,
      "twait": 0.7111340411177999
    },
    "F3": {
      "rho": 0.14755195863667897,
      "capacity": 1.0,
      "tserv": 1.9673594484890526,
      "stddev": 2.9035446579495945,
      "mu": 0.5082955231023023,
      "cv": 1.4758587507633847,
      "lambda": 0.07500000000000001,
      "twait": 0.5411359776512152
    },
    "F4": {
      "rho": 0.16913441414935163,
      "capacity": 1.0,
      "tserv": 3.3826882829870324,
      "stddev": 3.450822608181102,
      "mu": 0.2956228645215175,
      "cv": 1.0201420643861114,
      "lambda": 0.05,
      "twait": 0.7026033178725548
    },
    "F5": {
      "rho": 0.10244804136332104,
      "capacity": 1.0,
      "tserv": 2.048960827266421,
      "stddev": 2.997878604804444,
      "mu": 0.48805227835132875,
      "cv": 1.4631214832955115,
      "lambda": 0.05,
      "twait": 0.3672633231407697
    },
    "F6": {
      "rho": 0.08086558585064839,
      "capacity": 1.0,
      "tserv": 1.0782078113419784,
      "stddev": 2.1837331538489613,
      "mu": 0.927464992815589,
      "cv": 2.0253360538456904,
      "lambda": 0.07500000000000001,
      "twait": 0.2419894664079384
    },
    "F7": {
      "rho": 0.08564825987641468,
      "capacity": 1.0,
      "tserv": 1.7129651975282936,
      "stddev": 2.1163227922375745,
      "mu": 0.5837830222370777,
      "cv": 1.2354733156816624,
      "lambda": 0.05,
      "twait": 0.2026865483923459
    },
    "F8": {
      "rho": 0,
      "capacity": 1.0,
      "tserv": 0,
      "stddev": 0,
      "mu": 0,
      "cv": 0,
      "lambda": 0.0,
      "twait": 0
    },
    "F9": {
      "rho": 0,
      "capacity": 1.0,
      "tserv": 0,
      "stddev": 0,
      "mu": 0,
      "cv": 0,
      "lambda": 0.0,
      "twait": 0
    },
    "F10": {
      "rho": 0,
      "capacity": 1.0,
      "tserv": 0,
      "stddev": 0,
      "mu": 0,
      "cv": 0,
      "lambda": 0.0,
      "twait": 0
    }
  },
  "extra": {
    "deltatime": 0.0133395,
    "obj_func": 15.036065184425034
  },
  "network": [
    [
      0.0,
      2.418031489942849,
      1.7347829235766572,
      2.104451941228527,
      2.221698034996852,
      1.8779817321672279,
      2.2094007443793604,
      1.8357440710902846,
      2.329904871457108,
      2.329904871457108
    ],
    [
      2.418031489942849,
      0.0,
      1.59766867915766,
      2.332709960897632,
      2.3146024898007838,
      1.8584665831677611,
      1.9500118786805714,
      2.329904871457108,
      2.0403080769434485,
      2.0403080769434485
    ],
    [
      1.7347829235766572,
      1.59766867915766,
      0.0,
      1.9442811742500745,
      1.6955449037276253,
      2.587800229109153,
      1.8357440710902846,
      2.0403080769434485,
      2.2502997486539456,
      2.2502997486539456
    ],
    [
      2.104451941228527,
      2.332709960897632,
      1.9442811742500745,
      0.0,
      1.5437876366110912,
      2.2094007443793604,
      2.329904871457108,
      2.2502997486539456,
      2.2497890869903334,
      2.2497890869903334
    ],
    [
      2.221698034996852,
      2.3146024898007838,
      1.6955449037276253,
      1.5437876366110912,
      0.0,
      1.9500118786805714,
      2.0403080769434485,
      2.2497890869903334,
      1.5750329049488667,
      1.5750329049488667
    ],
    [
      1.8779817321672279,
      1.8584665831677611,
      2.587800229109153,
      2.2094007443793604,
      1.9500118786805714,
      0.0,
      2.2502997486539456,
      1.5750329049488667,
      1.8706168390486897,
      1.8706168390486897
    ],
    [
      2.2094007443793604,
      1.9500118786805714,
      1.8357440710902846,
      2.329904871457108,
      2.0403080769434485,
      2.2502997486539456,
      0.0,
      1.8706168390486897,
      1.79441715445962,
      1.79441715445962
    ],
    [
      1.8357440710902846,
      2.329904871457108,
      2.0403080769434485,
      2.2502997486539456,
      2.2497890869903334,
      1.5750329049488667,
      1.8706168390486897,
      0.0,
      2.66152129505005,
      2.66152129505005
    ],
    [
      2.329904871457108,
      2.0403080769434485,
      2.2502997486539456,
      2.2497890869903334,
      1.5750329049488667,
      1.8706168390486897,
      1.79441715445962,
      2.66152129505005,
      0.0,
      1.7284886850809258
    ],
    [
      2.329904871457108,
      2.0403080769434485,
      2.2502997486539456,
      2.2497890869903334,
      1.5750329049488667,
      1.8706168390486897,
      1.79441715445962,
      2.66152129505005,
      1.7284886850809258,
      0.0
    ]
  ]
}