{
  "servicechain": {
    "SC1": {
      "resptime": 38.262724081433596,
      "resptime_old": 28.262724081433596,
      "waittime": 22.850331032277346,
      "servicetime": 10.0,
      "networktime": 5.412393049156252,
      "services": {
        "MS1_1": {
          "meanserv": 2.2956264733260925,
          "stddevserv": 2.2956264733260925,
          "rate": 0.43561093741488255,
          "cv": 1.0,
          "lambda": 0.15
        },
        "MS1_2": {
          "meanserv": 0.9868189851510465,
          "stddevserv": 0.9868189851510465,
          "rate": 1.0133570746482303,
          "cv": 1.0,
          "lambda": 0.15
        },
        "MS1_3": {
          "meanserv": 0.1946336450961752,
          "stddevserv": 0.1946336450961752,
          "rate": 5.137857843158954,
          "cv": 1.0,
          "lambda": 0.15
        },
        "MS1_4": {
          "meanserv": 1.3779412040299075,
          "stddevserv": 1.3779412040299075,
          "rate": 0.7257203696902408,
          "cv": 1.0,
          "lambda": 0.15
        },
        "MS1_5": {
          "meanserv": 0.18805544886267977,
          "stddevserv": 0.18805544886267977,
          "rate": 5.317580564922697,
          "cv": 1.0,
          "lambda": 0.15
        },
        "MS1_6": {
          "meanserv": 0.6226002804285802,
          "stddevserv": 0.6226002804285802,
          "rate": 1.6061669604639892,
          "cv": 1.0,
          "lambda": 0.15
        },
        "MS1_7": {
          "meanserv": 1.1947001754415236,
          "stddevserv": 1.1947001754415236,
          "rate": 0.8370300938730769,
          "cv": 1.0,
          "lambda": 0.15
        },
        "MS1_8": {
          "meanserv": 0.9946372656207565,
          "stddevserv": 0.9946372656207565,
          "rate": 1.0053916483572498,
          "cv": 1.0,
          "lambda": 0.15
        },
        "MS1_9": {
          "meanserv": 0.21278243812789555,
          "stddevserv": 0.21278243812789555,
          "rate": 4.699635969952264,
          "cv": 1.0,
          "lambda": 0.15
        },
        "MS1_10": {
          "meanserv": 1.9322040839153427,
          "stddevserv": 1.9322040839153427,
          "rate": 0.5175436737374238,
          "cv": 1.0,
          "lambda": 0.15
        }
      },
      "sensors": [
        "S1"
      ],
      "sources": [
        {
          "startTime": 0,
          "stopTime": -1,
          "lambda": 0.15
        }
      ]
    },
    "SC2": {
      "resptime": 39.538843943562185,
      "resptime_old": 29.53884394356219,
      "waittime": 25.280121661629515,
      "servicetime": 10.0,
      "networktime": 4.25872228193267,
      "services": {
        "MS2_1": {
          "meanserv": 0.8915978246787282,
          "stddevserv": 0.8915978246787282,
          "rate": 1.1215819199203774,
          "cv": 1.0,
          "lambda": 0.15
        },
        "MS2_2": {
          "meanserv": 0.23711564169171195,
          "stddevserv": 0.23711564169171195,
          "rate": 4.217351469795312,
          "cv": 1.0,
          "lambda": 0.15
        },
        "MS2_3": {
          "meanserv": 1.204792782963796,
          "stddevserv": 1.204792782963796,
          "rate": 0.8300182522176097,
          "cv": 1.0,
          "lambda": 0.15
        },
        "MS2_4": {
          "meanserv": 0.10572101639675813,
          "stddevserv": 0.10572101639675813,
          "rate": 9.45885722709212,
          "cv": 1.0,
          "lambda": 0.15
        },
        "MS2_5": {
          "meanserv": 0.07907487915766342,
          "stddevserv": 0.07907487915766342,
          "rate": 12.64624126716843,
          "cv": 1.0,
          "lambda": 0.15
        },
        "MS2_6": {
          "meanserv": 2.9723623636095153,
          "stddevserv": 2.9723623636095153,
          "rate": 0.33643273520178774,
          "cv": 1.0,
          "lambda": 0.15
        },
        "MS2_7": {
          "meanserv": 0.4108606400743513,
          "stddevserv": 0.4108606400743513,
          "rate": 2.4339153047588966,
          "cv": 1.0,
          "lambda": 0.15
        },
        "MS2_8": {
          "meanserv": 1.6309595297855468,
          "stddevserv": 1.6309595297855468,
          "rate": 0.6131359986176291,
          "cv": 1.0,
          "lambda": 0.15
        },
        "MS2_9": {
          "meanserv": 1.3708633934315193,
          "stddevserv": 1.3708633934315193,
          "rate": 0.7294672866687459,
          "cv": 1.0,
          "lambda": 0.15
        },
        "MS2_10": {
          "meanserv": 1.0966519282104095,
          "stddevserv": 1.0966519282104095,
          "rate": 0.9118663582089054,
          "cv": 1.0,
          "lambda": 0.15
        }
      },
      "sensors": [
        "S2"
      ],
      "sources": [
        {
          "startTime": 0,
          "stopTime": -1,
          "lambda": 0.15
        }
      ]
    },
    "SC3": {
      "resptime": 40.826755545193976,
      "resptime_old": 30.826755545193983,
      "waittime": 25.97695442578517,
      "servicetime": 10.0,
      "networktime": 4.849801119408809,
      "services": {
        "MS3_1": {
          "meanserv": 0.49147431007681486,
          "stddevserv": 0.49147431007681486,
          "rate": 2.0346943461677687,
          "cv": 1.0,
          "lambda": 0.15
        },
        "MS3_2": {
          "meanserv": 0.5814099553821506,
          "stddevserv": 0.5814099553821506,
          "rate": 1.7199567890830447,
          "cv": 1.0,
          "lambda": 0.15
        },
        "MS3_3": {
          "meanserv": 1.6673646517634964,
          "stddevserv": 1.6673646517634964,
          "rate": 0.5997488305526599,
          "cv": 1.0,
          "lambda": 0.15
        },
        "MS3_4": {
          "meanserv": 1.782409386865683,
          "stddevserv": 1.782409386865683,
          "rate": 0.5610383379760314,
          "cv": 1.0,
          "lambda": 0.15
        },
        "MS3_5": {
          "meanserv": 0.8544707641701139,
          "stddevserv": 0.8544707641701139,
          "rate": 1.1703150557424022,
          "cv": 1.0,
          "lambda": 0.15
        },
        "MS3_6": {
          "meanserv": 2.4362049710649734,
          "stddevserv": 2.4362049710649734,
          "rate": 0.41047449285962817,
          "cv": 1.0,
          "lambda": 0.15
        },
        "MS3_7": {
          "meanserv": 0.6172287546958461,
          "stddevserv": 0.6172287546958461,
          "rate": 1.6201448691300413,
          "cv": 1.0,
          "lambda": 0.15
        },
        "MS3_8": {
          "meanserv": 0.190546920460422,
          "stddevserv": 0.190546920460422,
          "rate": 5.2480512284516685,
          "cv": 1.0,
          "lambda": 0.15
        },
        "MS3_9": {
          "meanserv": 0.389313273945195,
          "stddevserv": 0.389313273945195,
          "rate": 2.568625492437675,
          "cv": 1.0,
          "lambda": 0.15
        },
        "MS3_10": {
          "meanserv": 0.9895770115753049,
          "stddevserv": 0.9895770115753049,
          "rate": 1.010532771378857,
          "cv": 1.0,
          "lambda": 0.15
        }
      },
      "sensors": [
        "S3"
      ],
      "sources": [
        {
          "startTime": 0,
          "stopTime": -1,
          "lambda": 0.15
        }
      ]
    },
    "SC4": {
      "resptime": 39.86325276896425,
      "resptime_old": 29.86325276896425,
      "waittime": 26.2733340997636,
      "servicetime": 10.0,
      "networktime": 3.5899186692006495,
      "services": {
        "MS4_1": {
          "meanserv": 0.020411386813872223,
          "stddevserv": 0.020411386813872223,
          "rate": 48.9922614822217,
          "cv": 1.0,
          "lambda": 0.15
        },
        "MS4_2": {
          "meanserv": 0.33879219436465546,
          "stddevserv": 0.33879219436465546,
          "rate": 2.951661864215385,
          "cv": 1.0,
          "lambda": 0.15
        },
        "MS4_3": {
          "meanserv": 2.9197114247622116,
          "stddevserv": 2.9197114247622116,
          "rate": 0.34249960167945104,
          "cv": 1.0,
          "lambda": 0.15
        },
        "MS4_4": {
          "meanserv": 3.636851522692891,
          "stddevserv": 3.636851522692891,
          "rate": 0.27496310854603007,
          "cv": 1.0,
          "lambda": 0.15
        },
        "MS4_5": {
          "meanserv": 0.7907279948502968,
          "stddevserv": 0.7907279948502968,
          "rate": 1.2646573872590958,
          "cv": 1.0,
          "lambda": 0.15
        },
        "MS4_6": {
          "meanserv": 0.0689004693301003,
          "stddevserv": 0.0689004693301003,
          "rate": 14.51368923496046,
          "cv": 1.0,
          "lambda": 0.15
        },
        "MS4_7": {
          "meanserv": 0.2595169691382697,
          "stddevserv": 0.2595169691382697,
          "rate": 3.8533125726634223,
          "cv": 1.0,
          "lambda": 0.15
        },
        "MS4_8": {
          "meanserv": 1.7118281621457268,
          "stddevserv": 1.7118281621457268,
          "rate": 0.5841707842605703,
          "cv": 1.0,
          "lambda": 0.15
        },
        "MS4_9": {
          "meanserv": 0.10158987407348263,
          "stddevserv": 0.10158987407348263,
          "rate": 9.843500733908515,
          "cv": 1.0,
          "lambda": 0.15
        },
        "MS4_10": {
          "meanserv": 0.151670001828494,
          "stddevserv": 0.151670001828494,
          "rate": 6.593261607069696,
          "cv": 1.0,
          "lambda": 0.15
        }
      },
      "sensors": [
        "S4"
      ],
      "sources": [
        {
          "startTime": 0,
          "stopTime": -1,
          "lambda": 0.15
        }
      ]
    }
  },
  "microservice": {
    "MS1_1": "F4",
    "MS1_2": "F6",
    "MS1_3": "F6",
    "MS1_4": "F10",
    "MS1_5": "F10",
    "MS1_6": "F9",
    "MS1_7": "F6",
    "MS1_8": "F4",
    "MS1_9": "F5",
    "MS1_10": "F5",
    "MS2_1": "F7",
    "MS2_2": "F7",
    "MS2_3": "F7",
    "MS2_4": "F7",
    "MS2_5": "F2",
    "MS2_6": "F2",
    "MS2_7": "F2",
    "MS2_8": "F10",
    "MS2_9": "F9",
    "MS2_10": "F5",
    "MS3_1": "F4",
    "MS3_2": "F9",
    "MS3_3": "F9",
    "MS3_4": "F6",
    "MS3_5": "F5",
    "MS3_6": "F3",
    "MS3_7": "F3",
    "MS3_8": "F3",
    "MS3_9": "F7",
    "MS3_10": "F3",
    "MS4_1": "F8",
    "MS4_2": "F8",
    "MS4_3": "F8",
    "MS4_4": "F1",
    "MS4_5": "F10",
    "MS4_6": "F10",
    "MS4_7": "F10",
    "MS4_8": "F7",
    "MS4_9": "F4",
    "MS4_10": "F4"
  },
  "sensor": {
    "S1": "F4",
    "S2": "F7",
    "S3": "F4",
    "S4": "F8"
  },
  "fog": {
    "F1": {
      "rho": 0.5455277284039336,
      "capacity": 1.0,
      "tserv": 3.636851522692891,
      "stddev": 3.636851522692891,
      "mu": 0.27496310854603007,
      "cv": 1.0,
      "lambda": 0.15,
      "twait": 4.365510227388341
    },
    "F2": {
      "rho": 0.5193446824262296,
      "capacity": 1.0,
      "tserv": 1.1540992942805102,
      "stddev": 2.162110011245233,
      "mu": 0.866476571778359,
      "cv": 1.8734176703514387,
      "lambda": 0.44999999999999996,
      "twait": 2.8117853875492402
    },
    "F3": {
      "rho": 0.635033648669482,
      "capacity": 1.0,
      "tserv": 1.0583894144491366,
      "stddev": 1.5955031310161008,
      "mu": 0.944831823096486,
      "cv": 1.507482132034094,
      "lambda": 0.6,
      "twait": 3.0132792080717246
    },
    "F4": {
      "rho": 0.6052496887388461,
      "capacity": 1.0,
      "tserv": 0.8069995849851281,
      "stddev": 1.4008504073192267,
      "mu": 1.2391580102465958,
      "cv": 1.7358750033868262,
      "lambda": 0.75,
      "twait": 2.4828639642194483
    },
    "F5": {
      "rho": 0.6144163821635642,
      "capacity": 1.0,
      "tserv": 1.0240273036059404,
      "stddev": 1.3442825017984394,
      "mu": 0.9765364619465396,
      "cv": 1.3127408781628909,
      "lambda": 0.6,
      "twait": 2.2218739835440733
    },
    "F6": {
      "rho": 0.6237843288831642,
      "capacity": 1.0,
      "tserv": 1.039640548138607,
      "stddev": 1.3142071294466837,
      "mu": 0.9618709098932509,
      "cv": 1.2640976073890788,
      "lambda": 0.6,
      "twait": 2.2391354725495187
    },
    "F7": {
      "rho": 0.6810553052732874,
      "capacity": 1.0,
      "tserv": 0.7567281169703193,
      "stddev": 1.107230967269421,
      "mu": 1.3214785833565406,
      "cv": 1.4631820100756865,
      "lambda": 0.9,
      "twait": 2.5376469633574787
    },
    "F8": {
      "rho": 0.49183725089111086,
      "capacity": 1.0,
      "tserv": 1.092971668646913,
      "stddev": 2.1366688991455587,
      "mu": 0.914936799082806,
      "cv": 1.9549170032840204,
      "lambda": 0.44999999999999996,
      "twait": 2.5503379364323613
    },
    "F9": {
      "rho": 0.6363357421508621,
      "capacity": 1.0,
      "tserv": 1.0605595702514368,
      "stddev": 1.2520916034189318,
      "mu": 0.9428984736453047,
      "cv": 1.1805952617278128,
      "lambda": 0.6,
      "twait": 2.2211586049138754
    },
    "F10": {
      "rho": 0.6474152423995202,
      "capacity": 1.0,
      "tserv": 0.7193502693328002,
      "stddev": 1.1164032224403666,
      "mu": 1.3901433594061254,
      "cv": 1.551960526095075,
      "lambda": 0.9,
      "twait": 2.251145057093934
    }
  },
  "extra": {
    "deltatime": 0.0428632,
    "obj_func": 39.622894084788506
  },
  "network": [
    [
      0.0,
      1.1675674628510615,
      1.1068532059713556,
      1.0500320662765619,
      1.1003427029114305,
      1.4318395903439605,
      0.8395192533577247,
      0.5376415325521088,
      1.083631162391151,
      1.083631162391151
    ],
    [
      1.1675674628510615,
      0.0,
      0.7255135365830787,
      1.0610467018734588,
      1.1792472642063372,
      1.3009865887068137,
      0.8775760785662722,
      1.083631162391151,
      0.9461713980968927,
      0.9461713980968927
    ],
    [
      1.1068532059713556,
      0.7255135365830787,
      0.0,
      1.4245798415028887,
      0.957116327413348,
      1.2735514211265866,
      0.5376415325521088,
      0.9461713980968927,
      1.1779426457388549,
      1.1779426457388549
    ],
    [
      1.0500320662765619,
      1.0610467018734588,
      1.4245798415028887,
      0.0,
      1.0067616590900816,
      0.8395192533577247,
      1.083631162391151,
      1.1779426457388549,
      0.9925553827068782,
      0.9925553827068782
    ],
    [
      1.1003427029114305,
      1.1792472642063372,
      0.957116327413348,
      1.0067616590900816,
      0.0,
      0.8775760785662722,
      0.9461713980968927,
      0.9925553827068782,
      1.602922453154971,
      1.602922453154971
    ],
    [
      1.4318395903439605,
      1.3009865887068137,
      1.2735514211265866,
      0.8395192533577247,
      0.8775760785662722,
      0.0,
      1.1779426457388549,
      1.602922453154971,
      0.9472702656180935,
      0.9472702656180935
    ],
    [
      0.8395192533577247,
      0.8775760785662722,
      0.5376415325521088,
      1.083631162391151,
      0.9461713980968927,
      1.1779426457388549,
      0.0,
      0.9472702656180935,
      0.8850148118662388,
      0.8850148118662388
    ],
    [
      0.5376415325521088,
      1.083631162391151,
      0.9461713980968927,
      1.1779426457388549,
      0.9925553827068782,
      1.602922453154971,
      0.9472702656180935,
      0.0,
      1.1421646569505965,
      1.1421646569505965
    ],
    [
      1.083631162391151,
      0.9461713980968927,
      1.1779426457388549,
      0.9925553827068782,
      1.602922453154971,
      0.9472702656180935,
      0.8850148118662388,
      1.1421646569505965,
      0.0,
      0.8320523521145339
    ],
    [
      1.083631162391151,
      0.9461713980968927,
      1.1779426457388549,
      0.9925553827068782,
      1.602922453154971,
      0.9472702656180935,
      0.8850148118662388,
      1.1421646569505965,
      0.8320523521145339,
      0.0
    ]
  ]
}