{
  "servicechain": {
    "SC1": {
      "resptime": 8624.948095766704,
      "resptime_old": 8614.948095766706,
      "waittime": 8609.826654347062,
      "servicetime": 10.0,
      "networktime": 5.121441419642803,
      "services": {
        "MS1_1": {
          "meanserv": 0.8370234006322563,
          "stddevserv": 0.8370234006322563,
          "rate": 1.194709728837494,
          "cv": 1.0,
          "lambda": 0.375
        },
        "MS1_2": {
          "meanserv": 0.22526045370101722,
          "stddevserv": 0.22526045370101722,
          "rate": 4.439305628529347,
          "cv": 1.0,
          "lambda": 0.375
        },
        "MS1_3": {
          "meanserv": 0.6030475323548257,
          "stddevserv": 0.6030475323548257,
          "rate": 1.6582440791940964,
          "cv": 1.0,
          "lambda": 0.375
        },
        "MS1_4": {
          "meanserv": 1.0200352482619703,
          "stddevserv": 1.0200352482619703,
          "rate": 0.9803582785044848,
          "cv": 1.0,
          "lambda": 0.375
        },
        "MS1_5": {
          "meanserv": 1.4093912058789222,
          "stddevserv": 1.4093912058789222,
          "rate": 0.7095262094929716,
          "cv": 1.0,
          "lambda": 0.375
        },
        "MS1_6": {
          "meanserv": 0.10447900807098609,
          "stddevserv": 0.10447900807098609,
          "rate": 9.571300670471247,
          "cv": 1.0,
          "lambda": 0.375
        },
        "MS1_7": {
          "meanserv": 0.3655024554781887,
          "stddevserv": 0.3655024554781887,
          "rate": 2.735959731629422,
          "cv": 1.0,
          "lambda": 0.375
        },
        "MS1_8": {
          "meanserv": 0.6395471062486529,
          "stddevserv": 0.6395471062486529,
          "rate": 1.5636064806322567,
          "cv": 1.0,
          "lambda": 0.375
        },
        "MS1_9": {
          "meanserv": 4.792184262829576,
          "stddevserv": 4.792184262829576,
          "rate": 0.20867311129007873,
          "cv": 1.0,
          "lambda": 0.375
        },
        "MS1_10": {
          "meanserv": 0.003529326543604938,
          "stddevserv": 0.003529326543604938,
          "rate": 283.3401748591322,
          "cv": 1.0,
          "lambda": 0.375
        }
      },
      "sensors": [
        "S1"
      ],
      "sources": [
        {
          "startTime": 0,
          "stopTime": -1,
          "lambda": 0.375
        }
      ]
    },
    "SC2": {
      "resptime": 44.14584051091835,
      "resptime_old": 34.145840510918354,
      "waittime": 27.016056020961447,
      "servicetime": 10.0,
      "networktime": 7.129784489956903,
      "services": {
        "MS2_1": {
          "meanserv": 0.9724728864846988,
          "stddevserv": 0.9724728864846988,
          "rate": 1.0283063043688616,
          "cv": 1.0,
          "lambda": 0.375
        },
        "MS2_2": {
          "meanserv": 0.465655515086536,
          "stddevserv": 0.465655515086536,
          "rate": 2.1475102680017932,
          "cv": 1.0,
          "lambda": 0.375
        },
        "MS2_3": {
          "meanserv": 1.1929897494950827,
          "stddevserv": 1.1929897494950827,
          "rate": 0.8382301695578163,
          "cv": 1.0,
          "lambda": 0.375
        },
        "MS2_4": {
          "meanserv": 1.6967939248535444,
          "stddevserv": 1.6967939248535444,
          "rate": 0.5893467588212359,
          "cv": 1.0,
          "lambda": 0.375
        },
        "MS2_5": {
          "meanserv": 0.7517722595655041,
          "stddevserv": 0.7517722595655041,
          "rate": 1.3301900772156214,
          "cv": 1.0,
          "lambda": 0.375
        },
        "MS2_6": {
          "meanserv": 2.330128694497966,
          "stddevserv": 2.330128694497966,
          "rate": 0.4291608452190892,
          "cv": 1.0,
          "lambda": 0.375
        },
        "MS2_7": {
          "meanserv": 0.04251537540986394,
          "stddevserv": 0.04251537540986394,
          "rate": 23.52090250549666,
          "cv": 1.0,
          "lambda": 0.375
        },
        "MS2_8": {
          "meanserv": 0.07536781801847336,
          "stddevserv": 0.07536781801847336,
          "rate": 13.268262585960636,
          "cv": 1.0,
          "lambda": 0.375
        },
        "MS2_9": {
          "meanserv": 0.5881396350758665,
          "stddevserv": 0.5881396350758665,
          "rate": 1.7002764995952124,
          "cv": 1.0,
          "lambda": 0.375
        },
        "MS2_10": {
          "meanserv": 1.8841641415124641,
          "stddevserv": 1.8841641415124641,
          "rate": 0.5307393225291274,
          "cv": 1.0,
          "lambda": 0.375
        }
      },
      "sensors": [
        "S2"
      ],
      "sources": [
        {
          "startTime": 0,
          "stopTime": -1,
          "lambda": 0.375
        }
      ]
    },
    "SC3": {
      "resptime": 3343.938080739278,
      "resptime_old": 3333.9380807392786,
      "waittime": 3329.156674930713,
      "servicetime": 10.0,
      "networktime": 4.78140580856526,
      "services": {
        "MS3_1": {
          "meanserv": 1.0592748801032303,
          "stddevserv": 1.0592748801032303,
          "rate": 0.9440420223148747,
          "cv": 1.0,
          "lambda": 0.375
        },
        "MS3_2": {
          "meanserv": 1.2216038544219912,
          "stddevserv": 1.2216038544219912,
          "rate": 0.8185959764126283,
          "cv": 1.0,
          "lambda": 0.375
        },
        "MS3_3": {
          "meanserv": 0.025790167638448658,
          "stddevserv": 0.025790167638448658,
          "rate": 38.77446684406866,
          "cv": 1.0,
          "lambda": 0.375
        },
        "MS3_4": {
          "meanserv": 2.9780097053799093,
          "stddevserv": 2.9780097053799093,
          "rate": 0.3357947417677836,
          "cv": 1.0,
          "lambda": 0.375
        },
        "MS3_5": {
          "meanserv": 1.3854336021499343,
          "stddevserv": 1.3854336021499343,
          "rate": 0.7217956879695907,
          "cv": 1.0,
          "lambda": 0.375
        },
        "MS3_6": {
          "meanserv": 1.060971420436343,
          "stddevserv": 1.060971420436343,
          "rate": 0.9425324572727252,
          "cv": 1.0,
          "lambda": 0.375
        },
        "MS3_7": {
          "meanserv": 0.42000154988341,
          "stddevserv": 0.42000154988341,
          "rate": 2.3809435947976723,
          "cv": 1.0,
          "lambda": 0.375
        },
        "MS3_8": {
          "meanserv": 0.3487400127123941,
          "stddevserv": 0.3487400127123941,
          "rate": 2.867465629258608,
          "cv": 1.0,
          "lambda": 0.375
        },
        "MS3_9": {
          "meanserv": 0.3172317538328322,
          "stddevserv": 0.3172317538328322,
          "rate": 3.1522695566187173,
          "cv": 1.0,
          "lambda": 0.375
        },
        "MS3_10": {
          "meanserv": 1.182943053441507,
          "stddevserv": 1.182943053441507,
          "rate": 0.8453492305404936,
          "cv": 1.0,
          "lambda": 0.375
        }
      },
      "sensors": [
        "S3"
      ],
      "sources": [
        {
          "startTime": 0,
          "stopTime": -1,
          "lambda": 0.375
        }
      ]
    },
    "SC4": {
      "resptime": 4264.191471692076,
      "resptime_old": 4254.191471692076,
      "waittime": 4248.409872225133,
      "servicetime": 10.0,
      "networktime": 5.781599466943615,
      "services": {
        "MS4_1": {
          "meanserv": 0.6059053595070174,
          "stddevserv": 0.6059053595070174,
          "rate": 1.6504227670368021,
          "cv": 1.0,
          "lambda": 0.375
        },
        "MS4_2": {
          "meanserv": 0.6903055244630474,
          "stddevserv": 0.6903055244630474,
          "rate": 1.4486339230413197,
          "cv": 1.0,
          "lambda": 0.375
        },
        "MS4_3": {
          "meanserv": 0.7003711355048459,
          "stddevserv": 0.7003711355048459,
          "rate": 1.427814410539883,
          "cv": 1.0,
          "lambda": 0.375
        },
        "MS4_4": {
          "meanserv": 3.3637665837040363,
          "stddevserv": 3.3637665837040363,
          "rate": 0.2972857881532442,
          "cv": 1.0,
          "lambda": 0.375
        },
        "MS4_5": {
          "meanserv": 0.8243219980248666,
          "stddevserv": 0.8243219980248666,
          "rate": 1.213118177600586,
          "cv": 1.0,
          "lambda": 0.375
        },
        "MS4_6": {
          "meanserv": 0.07477922804396275,
          "stddevserv": 0.07477922804396275,
          "rate": 13.37269755462171,
          "cv": 1.0,
          "lambda": 0.375
        },
        "MS4_7": {
          "meanserv": 1.9035097167688857,
          "stddevserv": 1.9035097167688857,
          "rate": 0.5253453613556809,
          "cv": 1.0,
          "lambda": 0.375
        },
        "MS4_8": {
          "meanserv": 0.6439420574609649,
          "stddevserv": 0.6439420574609649,
          "rate": 1.5529347530784925,
          "cv": 1.0,
          "lambda": 0.375
        },
        "MS4_9": {
          "meanserv": 1.1508715763157795,
          "stddevserv": 1.1508715763157795,
          "rate": 0.8689066795803957,
          "cv": 1.0,
          "lambda": 0.375
        },
        "MS4_10": {
          "meanserv": 0.04222682020659363,
          "stddevserv": 0.04222682020659363,
          "rate": 23.681631605399737,
          "cv": 1.0,
          "lambda": 0.375
        }
      },
      "sensors": [
        "S4"
      ],
      "sources": [
        {
          "startTime": 0,
          "stopTime": -1,
          "lambda": 0.375
        }
      ]
    }
  },
  "microservice": {
    "MS1_1": "F16",
    "MS1_2": "F16",
    "MS1_3": "F22",
    "MS1_4": "F22",
    "MS1_5": "F19",
    "MS1_6": "F3",
    "MS1_7": "F3",
    "MS1_8": "F3",
    "MS1_9": "F1",
    "MS1_10": "F7",
    "MS2_1": "F21",
    "MS2_2": "F18",
    "MS2_3": "F8",
    "MS2_4": "F25",
    "MS2_5": "F2",
    "MS2_6": "F5",
    "MS2_7": "F7",
    "MS2_8": "F7",
    "MS2_9": "F12",
    "MS2_10": "F24",
    "MS3_1": "F14",
    "MS3_2": "F13",
    "MS3_3": "F13",
    "MS3_4": "F6",
    "MS3_5": "F4",
    "MS3_6": "F11",
    "MS3_7": "F7",
    "MS3_8": "F7",
    "MS3_9": "F7",
    "MS3_10": "F17",
    "MS4_1": "F20",
    "MS4_2": "F20",
    "MS4_3": "F18",
    "MS4_4": "F23",
    "MS4_5": "F15",
    "MS4_6": "F15",
    "MS4_7": "F9",
    "MS4_8": "F12",
    "MS4_9": "F10",
    "MS4_10": "F10"
  },
  "sensor": {
    "S1": "F16",
    "S2": "F21",
    "S3": "F14",
    "S4": "F20"
  },
  "fog": {
    "F1": {
      "rho": 1.7970690985610909,
      "capacity": 1.0,
      "tserv": 4.792184262829576,
      "stddev": 4.792184262829576,
      "mu": 0.20867311129007873,
      "cv": 1.0,
      "lambda": 0.375,
      "twait": 8603.274367088443
    },
    "F2": {
      "rho": 0.28191459733706403,
      "capacity": 1.0,
      "tserv": 0.7517722595655041,
      "stddev": 0.7517722595655041,
      "mu": 1.3301900772156214,
      "cv": 1.0,
      "lambda": 0.375,
      "twait": 0.2951397884689558
    },
    "F3": {
      "rho": 0.41607321367418537,
      "capacity": 1.0,
      "tserv": 0.3698428565992759,
      "stddev": 0.4819078759353903,
      "mu": 2.7038510604072536,
      "cv": 1.3030071213665122,
      "lambda": 1.125,
      "twait": 0.3554780467526722
    },
    "F4": {
      "rho": 0.5195376008062254,
      "capacity": 1.0,
      "tserv": 1.3854336021499343,
      "stddev": 1.3854336021499343,
      "mu": 0.7217956879695907,
      "cv": 1.0,
      "lambda": 0.375,
      "twait": 1.4981085948559483
    },
    "F5": {
      "rho": 0.8737982604367373,
      "capacity": 1.0,
      "tserv": 2.330128694497966,
      "stddev": 2.330128694497966,
      "mu": 0.4291608452190892,
      "cv": 1.0,
      "lambda": 0.375,
      "twait": 16.133394094979217
    },
    "F6": {
      "rho": 1.116753639517466,
      "capacity": 1.0,
      "tserv": 2.9780097053799093,
      "stddev": 2.9780097053799093,
      "mu": 0.3357947417677836,
      "cv": 1.0,
      "lambda": 0.375,
      "twait": 3322.377473824346
    },
    "F7": {
      "rho": 0.45276968865021694,
      "capacity": 1.0,
      "tserv": 0.20123097273342974,
      "stddev": 0.30804517641313245,
      "mu": 4.9694139347261315,
      "cv": 1.5308039921925898,
      "lambda": 2.25,
      "twait": 0.27832696549701214
    },
    "F8": {
      "rho": 0.44737115606065603,
      "capacity": 1.0,
      "tserv": 1.1929897494950827,
      "stddev": 1.1929897494950827,
      "mu": 0.8382301695578163,
      "cv": 1.0,
      "lambda": 0.375,
      "twait": 0.9657642905420026
    },
    "F9": {
      "rho": 0.7138161437883321,
      "capacity": 1.0,
      "tserv": 1.9035097167688857,
      "stddev": 1.9035097167688857,
      "mu": 0.5253453613556809,
      "cv": 1.0,
      "lambda": 0.375,
      "twait": 4.747842815712919
    },
    "F10": {
      "rho": 0.44741189869588993,
      "capacity": 1.0,
      "tserv": 0.5965491982611866,
      "stddev": 0.9850977330043261,
      "mu": 1.6763076757370328,
      "cv": 1.651326891186302,
      "lambda": 0.75,
      "twait": 0.900052285590036
    },
    "F11": {
      "rho": 0.3978642826636286,
      "capacity": 1.0,
      "tserv": 1.060971420436343,
      "stddev": 1.060971420436343,
      "mu": 0.9425324572727252,
      "cv": 1.0,
      "lambda": 0.375,
      "twait": 0.7010423413941181
    },
    "F12": {
      "rho": 0.4620306347013118,
      "capacity": 1.0,
      "tserv": 0.6160408462684157,
      "stddev": 0.6173032313564609,
      "mu": 1.6232689862325933,
      "cv": 1.0020491905621063,
      "lambda": 0.75,
      "twait": 0.5301669942385718
    },
    "F13": {
      "rho": 0.4677727582726649,
      "capacity": 1.0,
      "tserv": 0.6236970110302199,
      "stddev": 1.0507060237371129,
      "mu": 1.6033426203986525,
      "cv": 1.6846417493673111,
      "lambda": 0.75,
      "twait": 1.0519339716434173
    },
    "F14": {
      "rho": 0.3972280800387114,
      "capacity": 1.0,
      "tserv": 1.0592748801032303,
      "stddev": 1.0592748801032303,
      "mu": 0.9440420223148747,
      "cv": 1.0,
      "lambda": 0.375,
      "twait": 0.6980645795239856
    },
    "F15": {
      "rho": 0.33716295977581096,
      "capacity": 1.0,
      "tserv": 0.4495506130344147,
      "stddev": 0.6949841262179598,
      "mu": 2.224443635501052,
      "cv": 1.5459530163398005,
      "lambda": 0.75,
      "twait": 0.3875945261426024
    },
    "F16": {
      "rho": 0.3983564453749776,
      "capacity": 1.0,
      "tserv": 0.5311419271666368,
      "stddev": 0.6850099987688397,
      "mu": 1.8827359484393837,
      "cv": 1.2896929497225127,
      "lambda": 0.75,
      "twait": 0.468311203181503
    },
    "F17": {
      "rho": 0.44360364504056515,
      "capacity": 1.0,
      "tserv": 1.182943053441507,
      "stddev": 1.182943053441507,
      "mu": 0.8453492305404936,
      "cv": 1.0,
      "lambda": 0.375,
      "twait": 0.9431367508155711
    },
    "F18": {
      "rho": 0.43725999397176823,
      "capacity": 1.0,
      "tserv": 0.5830133252956909,
      "stddev": 0.6061767470849696,
      "mu": 1.7152266622599457,
      "cv": 1.0397305186421437,
      "lambda": 0.75,
      "twait": 0.4713687350740136
    },
    "F19": {
      "rho": 0.5285217022045958,
      "capacity": 1.0,
      "tserv": 1.4093912058789222,
      "stddev": 1.4093912058789224,
      "mu": 0.7095262094929716,
      "cv": 1.0000000000000002,
      "lambda": 0.375,
      "twait": 1.5799111914299802
    },
    "F20": {
      "rho": 0.4860790814887743,
      "capacity": 1.0,
      "tserv": 0.6481054419850324,
      "stddev": 0.6508474151849394,
      "mu": 1.5429588076550889,
      "cv": 1.0042307516991507,
      "lambda": 0.75,
      "twait": 0.6155930256454695
    },
    "F21": {
      "rho": 0.36467733243176204,
      "capacity": 1.0,
      "tserv": 0.9724728864846988,
      "stddev": 0.9724728864846989,
      "mu": 1.0283063043688616,
      "cv": 1.0000000000000002,
      "lambda": 0.375,
      "twait": 0.558202683784087
    },
    "F22": {
      "rho": 0.6086560427312986,
      "capacity": 1.0,
      "tserv": 0.8115413903083981,
      "stddev": 0.863445890483252,
      "mu": 1.23222304116859,
      "cv": 1.0639579210557941,
      "lambda": 0.75,
      "twait": 1.3454962775354733
    },
    "F23": {
      "rho": 1.2614124688890136,
      "capacity": 1.0,
      "tserv": 3.3637665837040363,
      "stddev": 3.3637665837040363,
      "mu": 0.2972857881532442,
      "cv": 1.0,
      "lambda": 0.375,
      "twait": 4238.854014005351
    },
    "F24": {
      "rho": 0.7065615530671739,
      "capacity": 1.0,
      "tserv": 1.8841641415124641,
      "stddev": 1.884164141512464,
      "mu": 0.5307393225291274,
      "cv": 0.9999999999999999,
      "lambda": 0.375,
      "twait": 4.536821796788207
    },
    "F25": {
      "rho": 0.6362977218200792,
      "capacity": 1.0,
      "tserv": 1.6967939248535444,
      "stddev": 1.6967939248535442,
      "mu": 0.5893467588212359,
      "cv": 0.9999999999999999,
      "lambda": 0.375,
      "twait": 2.9685437060923707
    }
  },
  "extra": {
    "conv_gen": 4,
    "max_gen": 600,
    "population": 600,
    "deltatime": 82.3598488,
    "obj_func": 4069.305872177244
  },
  "network": [
    [
      0.0,
      1.015098789770268,
      1.0774593855837282,
      0.9004312040409854,
      1.3943255046580143,
      0.8221645491455845,
      0.8148986178454456,
      1.1442146626919303,
      0.6999144451880256,
      1.2873727163744317,
      1.1620233721249005,
      0.9294167087872797,
      0.9498956503890257,
      1.2775223728558531,
      1.235387973891324,
      0.8726632622747656,
      1.1501069027999633,
      0.8541733810930197,
      0.8718949998899792,
      0.7703663440048302,
      1.0677158488964151,
      0.9141949193167789,
      1.0612695391861913,
      1.3931897920835254,
      1.3931897920835254
    ],
    [
      1.015098789770268,
      0.0,
      1.2280529354451566,
      0.9293162401278126,
      0.9350340009261832,
      1.3834425576951161,
      1.2966805938278658,
      0.7347616943883468,
      1.136649278669336,
      0.8704252851312847,
      0.9670314767145157,
      0.5940975572595607,
      0.9428874397074325,
      0.9575941059006476,
      0.7666681578771415,
      1.0478075007296566,
      1.1397887675735232,
      1.0890557070489848,
      0.7855546268587164,
      1.0028808294450984,
      0.8853671034314995,
      0.8910250159063748,
      1.3931897920835254,
      1.1249232936135594,
      1.1249232936135594
    ],
    [
      1.0774593855837282,
      1.2280529354451566,
      0.0,
      1.043413009372312,
      1.0145754921587353,
      1.0301093289503593,
      0.708752644471796,
      1.1642654468314955,
      1.22479231699381,
      1.182434807786007,
      1.2026938025830267,
      1.186086184793055,
      1.0611536793383283,
      0.8135316904424357,
      0.5902034717104085,
      0.8651742630342958,
      0.9049908690498268,
      0.9119844165482035,
      0.9570801186485459,
      1.0290273801598817,
      0.8822107586943774,
      1.0612695391861913,
      1.1249232936135594,
      0.8818492539798818,
      0.8818492539798818
    ],
    [
      0.9004312040409854,
      0.9293162401278126,
      1.043413009372312,
      0.0,
      1.1465030522735171,
      0.8749047340410172,
      1.2610470114587728,
      1.0454543670155565,
      1.065604738520138,
      0.8139775076797666,
      0.9644889396880446,
      0.8960566103024179,
      1.066633998018439,
      1.111756821710809,
      1.1046796681113127,
      1.1249788503515628,
      0.8662616820631147,
      0.8584469849856553,
      1.146945810755276,
      0.7349942915184569,
      0.9141949193167789,
      1.3931897920835254,
      0.8818492539798818,
      1.2465829376653472,
      1.2465829376653472
    ],
    [
      1.3943255046580143,
      0.9350340009261832,
      1.0145754921587353,
      1.1465030522735171,
      0.0,
      0.9868187859625974,
      0.9904288764450568,
      0.6389796320099362,
      1.0322499239032783,
      0.6778892172211755,
      0.9306367602768567,
      1.2781681949431147,
      0.8017461161582828,
      1.2786785432875514,
      0.9418978924724898,
      1.1362644639969104,
      0.8928988503119835,
      1.2210208957414777,
      1.2796856090448043,
      1.0677158488964151,
      0.8910250159063748,
      1.1249232936135594,
      1.2465829376653472,
      1.0139575804411076,
      1.0139575804411076
    ],
    [
      0.8221645491455845,
      1.3834425576951161,
      1.0301093289503593,
      0.8749047340410172,
      0.9868187859625974,
      0.0,
      1.052577303891878,
      0.9636103370189232,
      0.9627347239789871,
      0.7921262170131624,
      0.5563818319335767,
      0.8977535792354526,
      0.8006609961780866,
      1.1987843582090372,
      1.1842712025862543,
      1.2595647264097003,
      1.1695568769599967,
      0.9251268009594412,
      0.7703663440048302,
      0.8853671034314995,
      1.0612695391861913,
      0.8818492539798818,
      1.0139575804411076,
      1.0877518025028516,
      1.0877518025028516
    ],
    [
      0.8148986178454456,
      1.2966805938278658,
      0.708752644471796,
      1.2610470114587728,
      0.9904288764450568,
      1.052577303891878,
      0.0,
      0.7558824007835839,
      1.2008017187746791,
      0.8416448223447643,
      0.7964728074642762,
      0.8849259490211926,
      0.9637514645009637,
      1.0679583923527836,
      0.7928072972222455,
      1.1573026458584457,
      0.7546748594834274,
      0.8718949998899792,
      1.0028808294450984,
      0.8822107586943774,
      1.3931897920835254,
      1.2465829376653472,
      1.0877518025028516,
      1.11747277411848,
      1.11747277411848
    ],
    [
      1.1442146626919303,
      0.7347616943883468,
      1.1642654468314955,
      1.0454543670155565,
      0.6389796320099362,
      0.9636103370189232,
      0.7558824007835839,
      0.0,
      0.8537372941978735,
      0.7262115724348458,
      1.1079839713369009,
      1.0001693463392014,
      0.8699833829247605,
      1.2623834657591861,
      1.2781442833300707,
      1.2240696596167202,
      0.8541733810930197,
      0.7855546268587164,
      1.0290273801598817,
      0.9141949193167789,
      1.1249232936135594,
      1.0139575804411076,
      1.11747277411848,
      0.9110550483827072,
      0.9110550483827072
    ],
    [
      0.6999144451880256,
      1.136649278669336,
      1.22479231699381,
      1.065604738520138,
      1.0322499239032783,
      0.9627347239789871,
      1.2008017187746791,
      0.8537372941978735,
      0.0,
      0.9957258871791959,
      0.8433214731264588,
      1.039528001673131,
      1.1447632037655586,
      1.0505083638657546,
      0.4915140690405323,
      1.1501069027999633,
      1.0890557070489848,
      0.9570801186485459,
      0.7349942915184569,
      0.8910250159063748,
      0.8818492539798818,
      1.0877518025028516,
      0.9110550483827072,
      0.9712340515334509,
      0.9712340515334509
    ],
    [
      1.2873727163744317,
      0.8704252851312847,
      1.182434807786007,
      0.8139775076797666,
      0.6778892172211755,
      0.7921262170131624,
      0.8416448223447643,
      0.7262115724348458,
      0.9957258871791959,
      0.0,
      0.9522819692535481,
      1.0687579757143937,
      1.1526236393911218,
      0.8214540551909633,
      0.8726632622747656,
      1.1397887675735232,
      0.9119844165482035,
      1.146945810755276,
      1.0677158488964151,
      1.0612695391861913,
      1.2465829376653472,
      1.11747277411848,
      0.9712340515334509,
      1.0923856849677078,
      1.0923856849677078
    ],
    [
      1.1620233721249005,
      0.9670314767145157,
      1.2026938025830267,
      0.9644889396880446,
      0.9306367602768567,
      0.5563818319335767,
      0.7964728074642762,
      1.1079839713369009,
      0.8433214731264588,
      0.9522819692535481,
      0.0,
      0.9911330848382439,
      1.4053159505471056,
      1.235387973891324,
      1.0478075007296566,
      0.9049908690498268,
      0.8584469849856553,
      1.2796856090448043,
      0.8853671034314995,
      1.3931897920835254,
      1.0139575804411076,
      0.9110550483827072,
      1.0923856849677078,
      0.8974342602845564,
      0.8974342602845564
    ],
    [
      0.9294167087872797,
      0.5940975572595607,
      1.186086184793055,
      0.8960566103024179,
      1.2781681949431147,
      0.8977535792354526,
      0.8849259490211926,
      1.0001693463392014,
      1.039528001673131,
      1.0687579757143937,
      0.9911330848382439,
      0.0,
      1.2775223728558531,
      0.7666681578771415,
      0.8651742630342958,
      0.8662616820631147,
      1.2210208957414777,
      0.7703663440048302,
      0.8822107586943774,
      1.1249232936135594,
      1.0877518025028516,
      0.9712340515334509,
      0.8974342602845564,
      0.7489313473547442,
      0.7489313473547442
    ],
    [
      0.9498956503890257,
      0.9428874397074325,
      1.0611536793383283,
      1.066633998018439,
      0.8017461161582828,
      0.8006609961780866,
      0.9637514645009637,
      0.8699833829247605,
      1.1447632037655586,
      1.1526236393911218,
      1.4053159505471056,
      1.2775223728558531,
      0.0,
      0.5902034717104085,
      1.1249788503515628,
      0.8928988503119835,
      0.9251268009594412,
      1.0028808294450984,
      0.9141949193167789,
      0.8818492539798818,
      1.11747277411848,
      1.0923856849677078,
      0.7489313473547442,
      0.9886192937803231,
      0.9886192937803231
    ],
    [
      1.2775223728558531,
      0.9575941059006476,
      0.8135316904424357,
      1.111756821710809,
      1.2786785432875514,
      1.1987843582090372,
      1.0679583923527836,
      1.2623834657591861,
      1.0505083638657546,
      0.8214540551909633,
      1.235387973891324,
      0.7666681578771415,
      0.5902034717104085,
      0.0,
      1.1362644639969104,
      1.1695568769599967,
      0.8718949998899792,
      1.0290273801598817,
      0.8910250159063748,
      1.2465829376653472,
      0.9110550483827072,
      0.8974342602845564,
      0.9886192937803231,
      1.0818246774542597,
      1.0818246774542597
    ],
    [
      1.235387973891324,
      0.7666681578771415,
      0.5902034717104085,
      1.1046796681113127,
      0.9418978924724898,
      1.1842712025862543,
      0.7928072972222455,
      1.2781442833300707,
      0.4915140690405323,
      0.8726632622747656,
      1.0478075007296566,
      0.8651742630342958,
      1.1249788503515628,
      1.1362644639969104,
      0.0,
      0.7546748594834274,
      0.7855546268587164,
      0.7349942915184569,
      1.0612695391861913,
      1.0139575804411076,
      0.9712340515334509,
      0.7489313473547442,
      1.0818246774542597,
      0.9104368537066533,
      0.9104368537066533
    ],
    [
      0.8726632622747656,
      1.0478075007296566,
      0.8651742630342958,
      1.1249788503515628,
      1.1362644639969104,
      1.2595647264097003,
      1.1573026458584457,
      1.2240696596167202,
      1.1501069027999633,
      1.1397887675735232,
      0.9049908690498268,
      0.8662616820631147,
      0.8928988503119835,
      1.1695568769599967,
      0.7546748594834274,
      0.0,
      0.9570801186485459,
      1.0677158488964151,
      1.3931897920835254,
      1.0877518025028516,
      1.0923856849677078,
      0.9886192937803231,
      0.9104368537066533,
      1.2833840037847601,
      1.2833840037847601
    ],
    [
      1.1501069027999633,
      1.1397887675735232,
      0.9049908690498268,
      0.8662616820631147,
      0.8928988503119835,
      1.1695568769599967,
      0.7546748594834274,
      0.8541733810930197,
      1.0890557070489848,
      0.9119844165482035,
      0.8584469849856553,
      1.2210208957414777,
      0.9251268009594412,
      0.8718949998899792,
      0.7855546268587164,
      0.9570801186485459,
      0.0,
      0.8853671034314995,
      1.1249232936135594,
      1.11747277411848,
      0.8974342602845564,
      1.0818246774542597,
      1.2833840037847601,
      1.188919694678591,
      1.188919694678591
    ],
    [
      0.8541733810930197,
      1.0890557070489848,
      0.9119844165482035,
      0.8584469849856553,
      1.2210208957414777,
      0.9251268009594412,
      0.8718949998899792,
      0.7855546268587164,
      0.9570801186485459,
      1.146945810755276,
      1.2796856090448043,
      0.7703663440048302,
      1.0028808294450984,
      1.0290273801598817,
      0.7349942915184569,
      1.0677158488964151,
      0.8853671034314995,
      0.0,
      0.8818492539798818,
      0.9110550483827072,
      0.7489313473547442,
      0.9104368537066533,
      1.188919694678591,
      0.8518132345295437,
      0.8518132345295437
    ],
    [
      0.8718949998899792,
      0.7855546268587164,
      0.9570801186485459,
      1.146945810755276,
      1.2796856090448043,
      0.7703663440048302,
      1.0028808294450984,
      1.0290273801598817,
      0.7349942915184569,
      1.0677158488964151,
      0.8853671034314995,
      0.8822107586943774,
      0.9141949193167789,
      0.8910250159063748,
      1.0612695391861913,
      1.3931897920835254,
      1.1249232936135594,
      0.8818492539798818,
      0.0,
      0.9712340515334509,
      0.9886192937803231,
      1.2833840037847601,
      0.8518132345295437,
      1.2050771661146265,
      1.2050771661146265
    ],
    [
      0.7703663440048302,
      1.0028808294450984,
      1.0290273801598817,
      0.7349942915184569,
      1.0677158488964151,
      0.8853671034314995,
      0.8822107586943774,
      0.9141949193167789,
      0.8910250159063748,
      1.0612695391861913,
      1.3931897920835254,
      1.1249232936135594,
      0.8818492539798818,
      1.2465829376653472,
      1.0139575804411076,
      1.0877518025028516,
      1.11747277411848,
      0.9110550483827072,
      0.9712340515334509,
      0.0,
      1.0818246774542597,
      1.188919694678591,
      1.2050771661146265,
      1.108974522777705,
      1.108974522777705
    ],
    [
      1.0677158488964151,
      0.8853671034314995,
      0.8822107586943774,
      0.9141949193167789,
      0.8910250159063748,
      1.0612695391861913,
      1.3931897920835254,
      1.1249232936135594,
      0.8818492539798818,
      1.2465829376653472,
      1.0139575804411076,
      1.0877518025028516,
      1.11747277411848,
      0.9110550483827072,
      0.9712340515334509,
      1.0923856849677078,
      0.8974342602845564,
      0.7489313473547442,
      0.9886192937803231,
      1.0818246774542597,
      0.0,
      0.8518132345295437,
      1.108974522777705,
      0.9490998270084486,
      0.9490998270084486
    ],
    [
      0.9141949193167789,
      0.8910250159063748,
      1.0612695391861913,
      1.3931897920835254,
      1.1249232936135594,
      0.8818492539798818,
      1.2465829376653472,
      1.0139575804411076,
      1.0877518025028516,
      1.11747277411848,
      0.9110550483827072,
      0.9712340515334509,
      1.0923856849677078,
      0.8974342602845564,
      0.7489313473547442,
      0.9886192937803231,
      1.0818246774542597,
      0.9104368537066533,
      1.2833840037847601,
      1.188919694678591,
      0.8518132345295437,
      0.0,
      0.9490998270084486,
      0.7725789281543033,
      0.7725789281543033
    ],
    [
      1.0612695391861913,
      1.3931897920835254,
      1.1249232936135594,
      0.8818492539798818,
      1.2465829376653472,
      1.0139575804411076,
      1.0877518025028516,
      1.11747277411848,
      0.9110550483827072,
      0.9712340515334509,
      1.0923856849677078,
      0.8974342602845564,
      0.7489313473547442,
      0.9886192937803231,
      1.0818246774542597,
      0.9104368537066533,
      1.2833840037847601,
      1.188919694678591,
      0.8518132345295437,
      1.2050771661146265,
      1.108974522777705,
      0.9490998270084486,
      0.0,
      1.1772738597319539,
      1.1772738597319539
    ],
    [
      1.3931897920835254,
      1.1249232936135594,
      0.8818492539798818,
      1.2465829376653472,
      1.0139575804411076,
      1.0877518025028516,
      1.11747277411848,
      0.9110550483827072,
      0.9712340515334509,
      1.0923856849677078,
      0.8974342602845564,
      0.7489313473547442,
      0.9886192937803231,
      1.0818246774542597,
      0.9104368537066533,
      1.2833840037847601,
      1.188919694678591,
      0.8518132345295437,
      1.2050771661146265,
      1.108974522777705,
      0.9490998270084486,
      0.7725789281543033,
      1.1772738597319539,
      0.0,
      0.9246745832726729
    ],
    [
      1.3931897920835254,
      1.1249232936135594,
      0.8818492539798818,
      1.2465829376653472,
      1.0139575804411076,
      1.0877518025028516,
      1.11747277411848,
      0.9110550483827072,
      0.9712340515334509,
      1.0923856849677078,
      0.8974342602845564,
      0.7489313473547442,
      0.9886192937803231,
      1.0818246774542597,
      0.9104368537066533,
      1.2833840037847601,
      1.188919694678591,
      0.8518132345295437,
      1.2050771661146265,
      1.108974522777705,
      0.9490998270084486,
      0.7725789281543033,
      1.1772738597319539,
      0.9246745832726729,
      0.0
    ]
  ]
}