{
  "servicechain": {
    "SC1": {
      "resptime": 30.856317116425398,
      "resptime_old": 20.856317116425398,
      "waittime": 15.172786634034635,
      "servicetime": 10.0,
      "networktime": 5.683530482390761,
      "services": {
        "MS1_1": {
          "meanserv": 2.035923887334905,
          "stddevserv": 2.035923887334905,
          "rate": 0.4911774974599049,
          "cv": 1.0,
          "lambda": 0.15
        },
        "MS1_2": {
          "meanserv": 3.020653224842429,
          "stddevserv": 3.020653224842429,
          "rate": 0.3310542209134796,
          "cv": 1.0,
          "lambda": 0.15
        },
        "MS1_3": {
          "meanserv": 0.22892455142789192,
          "stddevserv": 0.22892455142789192,
          "rate": 4.368251433769812,
          "cv": 1.0,
          "lambda": 0.15
        },
        "MS1_4": {
          "meanserv": 4.182327499386652,
          "stddevserv": 4.182327499386652,
          "rate": 0.23910131383700878,
          "cv": 1.0,
          "lambda": 0.15
        },
        "MS1_5": {
          "meanserv": 0.5321708370081222,
          "stddevserv": 0.5321708370081222,
          "rate": 1.87909582874181,
          "cv": 1.0,
          "lambda": 0.15
        }
      },
      "sensors": [
        "S1"
      ],
      "sources": [
        {
          "startTime": 0,
          "stopTime": -1,
          "lambda": 0.15
        }
      ]
    },
    "SC2": {
      "resptime": 34.211713158681206,
      "resptime_old": 24.211713158681206,
      "waittime": 19.155596586287118,
      "servicetime": 10.0,
      "networktime": 5.056116572394091,
      "services": {
        "MS2_1": {
          "meanserv": 0.521802305412381,
          "stddevserv": 0.521802305412381,
          "rate": 1.9164346144651445,
          "cv": 1.0,
          "lambda": 0.15
        },
        "MS2_2": {
          "meanserv": 0.016297931065246685,
          "stddevserv": 0.016297931065246685,
          "rate": 61.357481265359866,
          "cv": 1.0,
          "lambda": 0.15
        },
        "MS2_3": {
          "meanserv": 4.688374291390878,
          "stddevserv": 4.688374291390878,
          "rate": 0.21329355078076215,
          "cv": 1.0,
          "lambda": 0.15
        },
        "MS2_4": {
          "meanserv": 3.238070339155481,
          "stddevserv": 3.238070339155481,
          "rate": 0.3088259040910178,
          "cv": 1.0,
          "lambda": 0.15
        },
        "MS2_5": {
          "meanserv": 1.535455132976013,
          "stddevserv": 1.535455132976013,
          "rate": 0.6512726933686457,
          "cv": 1.0,
          "lambda": 0.15
        }
      },
      "sensors": [
        "S2"
      ],
      "sources": [
        {
          "startTime": 0,
          "stopTime": -1,
          "lambda": 0.15
        }
      ]
    },
    "SC3": {
      "resptime": 45.84370557026984,
      "resptime_old": 35.84370557026985,
      "waittime": 29.820706146419273,
      "servicetime": 10.0,
      "networktime": 6.022999423850573,
      "services": {
        "MS3_1": {
          "meanserv": 1.9822998484321208,
          "stddevserv": 1.9822998484321208,
          "rate": 0.5044645494933269,
          "cv": 1.0,
          "lambda": 0.15
        },
        "MS3_2": {
          "meanserv": 0.2869877371578009,
          "stddevserv": 0.2869877371578009,
          "rate": 3.4844694407627164,
          "cv": 1.0,
          "lambda": 0.15
        },
        "MS3_3": {
          "meanserv": 2.234096850642832,
          "stddevserv": 2.234096850642832,
          "rate": 0.4476081686934312,
          "cv": 1.0,
          "lambda": 0.15
        },
        "MS3_4": {
          "meanserv": 5.355800085331987,
          "stddevserv": 5.355800085331987,
          "rate": 0.1867134665348536,
          "cv": 1.0,
          "lambda": 0.15
        },
        "MS3_5": {
          "meanserv": 0.14081547843525932,
          "stddevserv": 0.14081547843525932,
          "rate": 7.10149204556199,
          "cv": 1.0,
          "lambda": 0.15
        }
      },
      "sensors": [
        "S3"
      ],
      "sources": [
        {
          "startTime": 0,
          "stopTime": -1,
          "lambda": 0.15
        }
      ]
    },
    "SC4": {
      "resptime": 34.280469347383246,
      "resptime_old": 24.28046934738325,
      "waittime": 21.314253895978123,
      "servicetime": 10.0,
      "networktime": 2.966215451405125,
      "services": {
        "MS4_1": {
          "meanserv": 3.4282856486193083,
          "stddevserv": 3.4282856486193083,
          "rate": 0.2916909798349899,
          "cv": 1.0,
          "lambda": 0.15
        },
        "MS4_2": {
          "meanserv": 1.0316708098024954,
          "stddevserv": 1.0316708098024954,
          "rate": 0.969301438499982,
          "cv": 1.0,
          "lambda": 0.15
        },
        "MS4_3": {
          "meanserv": 2.330594580628744,
          "stddevserv": 2.330594580628744,
          "rate": 0.42907505591565465,
          "cv": 1.0,
          "lambda": 0.15
        },
        "MS4_4": {
          "meanserv": 1.9267426984970788,
          "stddevserv": 1.9267426984970788,
          "rate": 0.5190106602090835,
          "cv": 1.0,
          "lambda": 0.15
        },
        "MS4_5": {
          "meanserv": 1.2827062624523737,
          "stddevserv": 1.2827062624523737,
          "rate": 0.7796017134025098,
          "cv": 1.0,
          "lambda": 0.15
        }
      },
      "sensors": [
        "S4"
      ],
      "sources": [
        {
          "startTime": 0,
          "stopTime": -1,
          "lambda": 0.15
        }
      ]
    }
  },
  "microservice": {
    "MS1_1": "F6",
    "MS1_2": "F2",
    "MS1_3": "F2",
    "MS1_4": "F4",
    "MS1_5": "F6",
    "MS2_1": "F6",
    "MS2_2": "F6",
    "MS2_3": "F1",
    "MS2_4": "F3",
    "MS2_5": "F5",
    "MS3_1": "F5",
    "MS3_2": "F5",
    "MS3_3": "F7",
    "MS3_4": "F10",
    "MS3_5": "F6",
    "MS4_1": "F9",
    "MS4_2": "F9",
    "MS4_3": "F8",
    "MS4_4": "F8",
    "MS4_5": "F7"
  },
  "sensor": {
    "S1": "F6",
    "S2": "F6",
    "S3": "F5",
    "S4": "F9"
  },
  "fog": {
    "F1": {
      "rho": 0.7032561437086317,
      "capacity": 1.0,
      "tserv": 4.688374291390878,
      "stddev": 4.688374291390878,
      "mu": 0.21329355078076215,
      "cv": 1.0,
      "lambda": 0.15,
      "twait": 11.111023714637033
    },
    "F2": {
      "rho": 0.4874366664405481,
      "capacity": 1.0,
      "tserv": 1.6247888881351604,
      "stddev": 2.556719269687217,
      "mu": 0.6154645734608283,
      "cv": 1.5735701347771236,
      "lambda": 0.3,
      "twait": 2.685546864405105
    },
    "F3": {
      "rho": 0.4857105508733221,
      "capacity": 1.0,
      "tserv": 3.238070339155481,
      "stddev": 3.238070339155481,
      "mu": 0.3088259040910178,
      "cv": 1.0,
      "lambda": 0.15,
      "twait": 3.058131818314585
    },
    "F4": {
      "rho": 0.6273491249079978,
      "capacity": 1.0,
      "tserv": 4.182327499386652,
      "stddev": 4.182327499386652,
      "mu": 0.23910131383700878,
      "cv": 1.0,
      "lambda": 0.15,
      "twait": 7.040851564272046
    },
    "F5": {
      "rho": 0.5707114077848902,
      "capacity": 1.0,
      "tserv": 1.2682475728553115,
      "stddev": 1.624155012444988,
      "mu": 0.7884895831092478,
      "cv": 1.2806293086675438,
      "lambda": 0.44999999999999996,
      "twait": 2.225599712383119
    },
    "F6": {
      "rho": 0.4870515658883871,
      "capacity": 1.0,
      "tserv": 0.6494020878511828,
      "stddev": 1.210992396834388,
      "mu": 1.5398780181149654,
      "cv": 1.864780571989629,
      "lambda": 0.75,
      "twait": 1.3804206704761899
    },
    "F7": {
      "rho": 0.5275204669642808,
      "capacity": 1.0,
      "tserv": 1.7584015565476028,
      "stddev": 1.8826970175038054,
      "mu": 0.5686983136908571,
      "cv": 1.0706866190452202,
      "lambda": 0.3,
      "twait": 2.106924309867949
    },
    "F8": {
      "rho": 0.6386005918688734,
      "capacity": 1.0,
      "tserv": 2.1286686395629113,
      "stddev": 2.1477379608344354,
      "mu": 0.46977720318430316,
      "cv": 1.0089583324135596,
      "lambda": 0.3,
      "twait": 3.795250484534615
    },
    "F9": {
      "rho": 0.6689934687632707,
      "capacity": 1.0,
      "tserv": 2.2299782292109023,
      "stddev": 2.8008363475171225,
      "mu": 0.4484348712022444,
      "cv": 1.2559926867574054,
      "lambda": 0.3,
      "twait": 5.808414308520472
    },
    "F10": {
      "rho": 0.803370012799798,
      "capacity": 1.0,
      "tserv": 5.355800085331987,
      "stddev": 5.355800085331986,
      "mu": 0.1867134665348536,
      "cv": 0.9999999999999999,
      "lambda": 0.15,
      "twait": 21.882161741308895
    }
  },
  "extra": {
    "conv_gen": 131,
    "max_gen": 600,
    "population": 600,
    "deltatime": 38.6100428,
    "obj_func": 36.298051298189925
  },
  "network": [
    [
      0.0,
      2.0999025435704084,
      1.6719859622730664,
      1.9470374528100778,
      1.98283485605726,
      1.7851053431609272,
      2.2930380586184884,
      1.885894291643665,
      2.0287477943553247,
      2.0287477943553247
    ],
    [
      2.0999025435704084,
      0.0,
      1.9077149690772035,
      1.5123064005879454,
      1.9772830325282835,
      1.878186023184328,
      2.2376912744969997,
      2.0287477943553247,
      1.9159309315411843,
      1.9159309315411843
    ],
    [
      1.6719859622730664,
      1.9077149690772035,
      0.0,
      1.8128659627462624,
      1.5990252669600968,
      2.1744997910264567,
      1.885894291643665,
      1.9159309315411843,
      2.809087485592821,
      2.809087485592821
    ],
    [
      1.9470374528100778,
      1.5123064005879454,
      1.8128659627462624,
      0.0,
      1.4719718812682265,
      2.2930380586184884,
      2.0287477943553247,
      2.809087485592821,
      2.0332289928938496,
      2.0332289928938496
    ],
    [
      1.98283485605726,
      1.9772830325282835,
      1.5990252669600968,
      1.4719718812682265,
      0.0,
      2.2376912744969997,
      1.9159309315411843,
      2.0332289928938496,
      2.6486524834912397,
      2.6486524834912397
    ],
    [
      1.7851053431609272,
      1.878186023184328,
      2.1744997910264567,
      2.2930380586184884,
      2.2376912744969997,
      0.0,
      2.809087485592821,
      2.6486524834912397,
      1.705106793127128,
      1.705106793127128
    ],
    [
      2.2930380586184884,
      2.2376912744969997,
      1.885894291643665,
      2.0287477943553247,
      1.9159309315411843,
      2.809087485592821,
      0.0,
      1.705106793127128,
      2.4019616991822605,
      2.4019616991822605
    ],
    [
      1.885894291643665,
      2.0287477943553247,
      1.9159309315411843,
      2.809087485592821,
      2.0332289928938496,
      2.6486524834912397,
      1.705106793127128,
      0.0,
      1.2611086582779971,
      1.2611086582779971
    ],
    [
      2.0287477943553247,
      1.9159309315411843,
      2.809087485592821,
      2.0332289928938496,
      2.6486524834912397,
      1.705106793127128,
      2.4019616991822605,
      1.2611086582779971,
      0.0,
      1.9331729078201205
    ],
    [
      2.0287477943553247,
      1.9159309315411843,
      2.809087485592821,
      2.0332289928938496,
      2.6486524834912397,
      1.705106793127128,
      2.4019616991822605,
      1.2611086582779971,
      1.9331729078201205,
      0.0
    ]
  ]
}