{
  "servicechain": {
    "SC1": {
      "resptime": 90.74253709816733,
      "resptime_old": 80.74253709816733,
      "waittime": 74.8285557985343,
      "servicetime": 10.0,
      "networktime": 5.913981299633041,
      "services": {
        "MS1_1": {
          "meanserv": 0.8613271696659519,
          "stddevserv": 0.8613271696659519,
          "rate": 1.1609990201375273,
          "cv": 1.0,
          "lambda": 0.15
        },
        "MS1_2": {
          "meanserv": 6.1285550183564155,
          "stddevserv": 6.1285550183564155,
          "rate": 0.16317060008513795,
          "cv": 1.0,
          "lambda": 0.15
        },
        "MS1_3": {
          "meanserv": 0.2740884683805902,
          "stddevserv": 0.2740884683805902,
          "rate": 3.648457032535324,
          "cv": 1.0,
          "lambda": 0.15
        },
        "MS1_4": {
          "meanserv": 0.35798780740656255,
          "stddevserv": 0.35798780740656255,
          "rate": 2.7933912253729685,
          "cv": 1.0,
          "lambda": 0.15
        },
        "MS1_5": {
          "meanserv": 2.331107199490397,
          "stddevserv": 2.331107199490397,
          "rate": 0.428980700766833,
          "cv": 1.0,
          "lambda": 0.15
        },
        "MS1_6": {
          "meanserv": 0.04693433670008318,
          "stddevserv": 0.04693433670008318,
          "rate": 21.30636268261628,
          "cv": 1.0,
          "lambda": 0.15
        }
      },
      "sensors": [
        "S1"
      ],
      "sources": [
        {
          "startTime": 0,
          "stopTime": -1,
          "lambda": 0.15
        }
      ]
    },
    "SC2": {
      "resptime": 25.666179631480063,
      "resptime_old": 15.666179631480063,
      "waittime": 12.319181239408978,
      "servicetime": 10.0,
      "networktime": 3.346998392071084,
      "services": {
        "MS2_1": {
          "meanserv": 3.1909961693340394,
          "stddevserv": 3.1909961693340394,
          "rate": 0.31338176134780504,
          "cv": 1.0,
          "lambda": 0.15
        },
        "MS2_2": {
          "meanserv": 3.9614468399223,
          "stddevserv": 3.9614468399223,
          "rate": 0.2524330226830998,
          "cv": 1.0,
          "lambda": 0.15
        },
        "MS2_3": {
          "meanserv": 1.0164658624330585,
          "stddevserv": 1.0164658624330585,
          "rate": 0.9838008702096054,
          "cv": 1.0,
          "lambda": 0.15
        },
        "MS2_4": {
          "meanserv": 0.9591944878687695,
          "stddevserv": 0.9591944878687695,
          "rate": 1.042541437265654,
          "cv": 1.0,
          "lambda": 0.15
        },
        "MS2_5": {
          "meanserv": 0.5967139223710358,
          "stddevserv": 0.5967139223710358,
          "rate": 1.6758449275433556,
          "cv": 1.0,
          "lambda": 0.15
        },
        "MS2_6": {
          "meanserv": 0.27518271807079664,
          "stddevserv": 0.27518271807079664,
          "rate": 3.633949133908651,
          "cv": 1.0,
          "lambda": 0.15
        }
      },
      "sensors": [
        "S2"
      ],
      "sources": [
        {
          "startTime": 0,
          "stopTime": -1,
          "lambda": 0.15
        }
      ]
    },
    "SC3": {
      "resptime": 32.33017274930382,
      "resptime_old": 22.330172749303824,
      "waittime": 17.320452800870534,
      "servicetime": 10.0,
      "networktime": 5.009719948433287,
      "services": {
        "MS3_1": {
          "meanserv": 0.3200293640721219,
          "stddevserv": 0.3200293640721219,
          "rate": 3.124713267794513,
          "cv": 1.0,
          "lambda": 0.15
        },
        "MS3_2": {
          "meanserv": 4.423422204680784,
          "stddevserv": 4.423422204680784,
          "rate": 0.22606930872251318,
          "cv": 1.0,
          "lambda": 0.15
        },
        "MS3_3": {
          "meanserv": 0.1818707335150096,
          "stddevserv": 0.1818707335150096,
          "rate": 5.4984107705128435,
          "cv": 1.0,
          "lambda": 0.15
        },
        "MS3_4": {
          "meanserv": 1.120637208013859,
          "stddevserv": 1.120637208013859,
          "rate": 0.892349453372454,
          "cv": 1.0,
          "lambda": 0.15
        },
        "MS3_5": {
          "meanserv": 2.7281551748175463,
          "stddevserv": 2.7281551748175463,
          "rate": 0.366548064872035,
          "cv": 1.0,
          "lambda": 0.15
        },
        "MS3_6": {
          "meanserv": 1.2258853149006796,
          "stddevserv": 1.2258853149006796,
          "rate": 0.8157369925595522,
          "cv": 1.0,
          "lambda": 0.15
        }
      },
      "sensors": [
        "S3"
      ],
      "sources": [
        {
          "startTime": 0,
          "stopTime": -1,
          "lambda": 0.15
        }
      ]
    },
    "SC4": {
      "resptime": 31.718047590624636,
      "resptime_old": 21.718047590624636,
      "waittime": 17.152377556766517,
      "servicetime": 10.0,
      "networktime": 4.565670033858119,
      "services": {
        "MS4_1": {
          "meanserv": 1.3083451385130718,
          "stddevserv": 1.3083451385130718,
          "rate": 0.7643243136413496,
          "cv": 1.0,
          "lambda": 0.15
        },
        "MS4_2": {
          "meanserv": 3.588575722826118,
          "stddevserv": 3.588575722826118,
          "rate": 0.27866208692190225,
          "cv": 1.0,
          "lambda": 0.15
        },
        "MS4_3": {
          "meanserv": 2.841332807374946,
          "stddevserv": 2.841332807374946,
          "rate": 0.3519475076641519,
          "cv": 1.0,
          "lambda": 0.15
        },
        "MS4_4": {
          "meanserv": 1.4897823773911893,
          "stddevserv": 1.4897823773911893,
          "rate": 0.6712389777029953,
          "cv": 1.0,
          "lambda": 0.15
        },
        "MS4_5": {
          "meanserv": 0.22681757325053198,
          "stddevserv": 0.22681757325053198,
          "rate": 4.40882946444122,
          "cv": 1.0,
          "lambda": 0.15
        },
        "MS4_6": {
          "meanserv": 0.5451463806441428,
          "stddevserv": 0.5451463806441428,
          "rate": 1.8343696950136659,
          "cv": 1.0,
          "lambda": 0.15
        }
      },
      "sensors": [
        "S4"
      ],
      "sources": [
        {
          "startTime": 0,
          "stopTime": -1,
          "lambda": 0.15
        }
      ]
    }
  },
  "microservice": {
    "MS1_1": "F7",
    "MS1_2": "F4",
    "MS1_3": "F7",
    "MS1_4": "F7",
    "MS1_5": "F10",
    "MS1_6": "F7",
    "MS2_1": "F3",
    "MS2_2": "F5",
    "MS2_3": "F8",
    "MS2_4": "F8",
    "MS2_5": "F8",
    "MS2_6": "F8",
    "MS3_1": "F7",
    "MS3_2": "F1",
    "MS3_3": "F7",
    "MS3_4": "F7",
    "MS3_5": "F6",
    "MS3_6": "F6",
    "MS4_1": "F10",
    "MS4_2": "F2",
    "MS4_3": "F9",
    "MS4_4": "F9",
    "MS4_5": "F8",
    "MS4_6": "F8"
  },
  "sensor": {
    "S1": "F7",
    "S2": "F3",
    "S3": "F7",
    "S4": "F10"
  },
  "fog": {
    "F1": {
      "rho": 0.6635133307021175,
      "capacity": 1.0,
      "tserv": 4.423422204680784,
      "stddev": 4.423422204680784,
      "mu": 0.22606930872251318,
      "cv": 1.0,
      "lambda": 0.15,
      "twait": 8.722484032587856
    },
    "F2": {
      "rho": 0.5382863584239177,
      "capacity": 1.0,
      "tserv": 3.588575722826118,
      "stddev": 3.588575722826118,
      "mu": 0.27866208692190225,
      "cv": 1.0,
      "lambda": 0.15,
      "twait": 4.183721648714255
    },
    "F3": {
      "rho": 0.47864942540010585,
      "capacity": 1.0,
      "tserv": 3.1909961693340394,
      "stddev": 3.1909961693340394,
      "mu": 0.31338176134780504,
      "cv": 1.0,
      "lambda": 0.15,
      "twait": 2.9296380541593194
    },
    "F4": {
      "rho": 0.9192832527534623,
      "capacity": 1.0,
      "tserv": 6.1285550183564155,
      "stddev": 6.1285550183564155,
      "mu": 0.16317060008513795,
      "cv": 1.0,
      "lambda": 0.15,
      "twait": 69.79812968361291
    },
    "F5": {
      "rho": 0.594217025988345,
      "capacity": 1.0,
      "tserv": 3.9614468399223,
      "stddev": 3.9614468399222997,
      "mu": 0.2524330226830998,
      "cv": 0.9999999999999999,
      "lambda": 0.15,
      "twait": 5.8010298868822066
    },
    "F6": {
      "rho": 0.593106073457734,
      "capacity": 1.0,
      "tserv": 1.9770202448591132,
      "stddev": 2.2443298364077657,
      "mu": 0.5058117146753154,
      "cv": 1.1352083228503822,
      "lambda": 0.3,
      "twait": 3.297773036031176
    },
    "F7": {
      "rho": 0.4744312631631267,
      "capacity": 1.0,
      "tserv": 0.4518392982505968,
      "stddev": 0.6812037587823971,
      "mu": 2.213176241800431,
      "cv": 1.5076239747623532,
      "lambda": 1.05,
      "twait": 0.6674742320734413
    },
    "F8": {
      "rho": 0.5429281416957503,
      "capacity": 1.0,
      "tserv": 0.6032534907730559,
      "stddev": 0.7398054730807974,
      "mu": 1.6576779335640848,
      "cv": 1.2263592078559764,
      "lambda": 0.9,
      "twait": 0.8971283245918631
    },
    "F9": {
      "rho": 0.6496672777149203,
      "capacity": 1.0,
      "tserv": 2.1655575923830677,
      "stddev": 2.3670623076553325,
      "mu": 0.46177483504355077,
      "cv": 1.0930498066553478,
      "lambda": 0.3,
      "twait": 4.40693503612047
    },
    "F10": {
      "rho": 0.5459178507005201,
      "capacity": 1.0,
      "tserv": 1.8197261690017341,
      "stddev": 1.9581686461684096,
      "mu": 0.5495332303478278,
      "cv": 1.0760787416947586,
      "lambda": 0.3,
      "twait": 2.3605291866275966
    }
  },
  "extra": {
    "conv_gen": 91,
    "max_gen": 600,
    "population": 600,
    "deltatime": 43.2160025,
    "obj_func": 45.11423426739397
  },
  "network": [
    [
      0.0,
      1.3074401608951114,
      2.6242196879766237,
      1.7079292175916418,
      2.0301669641861237,
      1.1723812172565775,
      1.4661926239955476,
      2.326770089598428,
      1.8120799362013247,
      1.8120799362013247
    ],
    [
      1.3074401608951114,
      0.0,
      1.9010089411998152,
      1.754992263645079,
      1.802223592998731,
      1.4670510430212171,
      1.4211204393792827,
      1.8120799362013247,
      1.4332086924002738,
      1.4332086924002738
    ],
    [
      2.6242196879766237,
      1.9010089411998152,
      0.0,
      2.09742793280832,
      1.4112832999280016,
      1.552616662771994,
      2.326770089598428,
      1.4332086924002738,
      2.077334700442192,
      2.077334700442192
    ],
    [
      1.7079292175916418,
      1.754992263645079,
      2.09742793280832,
      0.0,
      1.3704923022834838,
      1.4661926239955476,
      1.8120799362013247,
      2.077334700442192,
      1.9357150921430828,
      1.9357150921430828
    ],
    [
      2.0301669641861237,
      1.802223592998731,
      1.4112832999280016,
      1.3704923022834838,
      0.0,
      1.4211204393792827,
      1.4332086924002738,
      1.9357150921430828,
      1.4846207929097228,
      1.4846207929097228
    ],
    [
      1.1723812172565775,
      1.4670510430212171,
      1.552616662771994,
      1.4661926239955476,
      1.4211204393792827,
      0.0,
      2.077334700442192,
      1.4846207929097228,
      1.914369270413231,
      1.914369270413231
    ],
    [
      1.4661926239955476,
      1.4211204393792827,
      2.326770089598428,
      1.8120799362013247,
      1.4332086924002738,
      2.077334700442192,
      0.0,
      1.914369270413231,
      1.144910713615196,
      1.144910713615196
    ],
    [
      2.326770089598428,
      1.8120799362013247,
      1.4332086924002738,
      2.077334700442192,
      1.9357150921430828,
      1.4846207929097228,
      1.914369270413231,
      0.0,
      1.6992526490575708,
      1.6992526490575708
    ],
    [
      1.8120799362013247,
      1.4332086924002738,
      2.077334700442192,
      1.9357150921430828,
      1.4846207929097228,
      1.914369270413231,
      1.144910713615196,
      1.6992526490575708,
      0.0,
      1.1799161520812607
    ],
    [
      1.8120799362013247,
      1.4332086924002738,
      2.077334700442192,
      1.9357150921430828,
      1.4846207929097228,
      1.914369270413231,
      1.144910713615196,
      1.6992526490575708,
      1.1799161520812607,
      0.0
    ]
  ]
}