{
  "servicechain": {
    "SC1": {
      "resptime": 31.560699980153778,
      "resptime_old": 21.560699980153778,
      "waittime": 17.67038478722705,
      "servicetime": 10.0,
      "networktime": 3.8903151929267263,
      "services": {
        "MS1_1": {
          "meanserv": 4.057220480421947,
          "stddevserv": 4.057220480421947,
          "rate": 0.2464741575730193,
          "cv": 1.0,
          "lambda": 0.15
        },
        "MS1_2": {
          "meanserv": 0.5424295570192319,
          "stddevserv": 0.5424295570192319,
          "rate": 1.843557356083649,
          "cv": 1.0,
          "lambda": 0.15
        },
        "MS1_3": {
          "meanserv": 0.8932412089829356,
          "stddevserv": 0.8932412089829356,
          "rate": 1.1195184345991185,
          "cv": 1.0,
          "lambda": 0.15
        },
        "MS1_4": {
          "meanserv": 2.9182346654510054,
          "stddevserv": 2.9182346654510054,
          "rate": 0.34267292203708116,
          "cv": 1.0,
          "lambda": 0.15
        },
        "MS1_5": {
          "meanserv": 1.5888740881248804,
          "stddevserv": 1.5888740881248804,
          "rate": 0.6293764921172301,
          "cv": 1.0,
          "lambda": 0.15
        }
      },
      "sensors": [
        "S1"
      ],
      "sources": [
        {
          "startTime": 0,
          "stopTime": -1,
          "lambda": 0.15
        }
      ]
    },
    "SC2": {
      "resptime": 62.02746709214744,
      "resptime_old": 52.02746709214744,
      "waittime": 48.41628666104485,
      "servicetime": 10.0,
      "networktime": 3.6111804311025915,
      "services": {
        "MS2_1": {
          "meanserv": 1.3110305415185908,
          "stddevserv": 1.3110305415185908,
          "rate": 0.7627587369869214,
          "cv": 1.0,
          "lambda": 0.15
        },
        "MS2_2": {
          "meanserv": 5.874543891100088,
          "stddevserv": 5.874543891100088,
          "rate": 0.17022598154641355,
          "cv": 1.0,
          "lambda": 0.15
        },
        "MS2_3": {
          "meanserv": 0.5140692408270144,
          "stddevserv": 0.5140692408270144,
          "rate": 1.9452632458445465,
          "cv": 1.0,
          "lambda": 0.15
        },
        "MS2_4": {
          "meanserv": 1.4715432328059732,
          "stddevserv": 1.4715432328059732,
          "rate": 0.6795586957327625,
          "cv": 1.0,
          "lambda": 0.15
        },
        "MS2_5": {
          "meanserv": 0.8288130937483338,
          "stddevserv": 0.8288130937483338,
          "rate": 1.2065446450386876,
          "cv": 1.0,
          "lambda": 0.15
        }
      },
      "sensors": [
        "S2"
      ],
      "sources": [
        {
          "startTime": 0,
          "stopTime": -1,
          "lambda": 0.15
        }
      ]
    },
    "SC3": {
      "resptime": 27.177766929443713,
      "resptime_old": 17.177766929443713,
      "waittime": 13.904250392658565,
      "servicetime": 10.0,
      "networktime": 3.2735165367851478,
      "services": {
        "MS3_1": {
          "meanserv": 1.8580038097564155,
          "stddevserv": 1.8580038097564155,
          "rate": 0.5382120288176913,
          "cv": 1.0,
          "lambda": 0.15
        },
        "MS3_2": {
          "meanserv": 0.7265300954044893,
          "stddevserv": 0.7265300954044893,
          "rate": 1.3764054735313596,
          "cv": 1.0,
          "lambda": 0.15
        },
        "MS3_3": {
          "meanserv": 3.933536938241607,
          "stddevserv": 3.933536938241607,
          "rate": 0.2542241284880436,
          "cv": 1.0,
          "lambda": 0.15
        },
        "MS3_4": {
          "meanserv": 1.2337005043091196,
          "stddevserv": 1.2337005043091196,
          "rate": 0.810569499248123,
          "cv": 1.0,
          "lambda": 0.15
        },
        "MS3_5": {
          "meanserv": 2.2482286522883683,
          "stddevserv": 2.2482286522883683,
          "rate": 0.4447946159667283,
          "cv": 1.0,
          "lambda": 0.15
        }
      },
      "sensors": [
        "S3"
      ],
      "sources": [
        {
          "startTime": 0,
          "stopTime": -1,
          "lambda": 0.15
        }
      ]
    },
    "SC4": {
      "resptime": 56.79767893153393,
      "resptime_old": 46.79767893153393,
      "waittime": 41.94387986434805,
      "servicetime": 10.0,
      "networktime": 4.853799067185884,
      "services": {
        "MS4_1": {
          "meanserv": 1.1168304437609589,
          "stddevserv": 1.1168304437609589,
          "rate": 0.8953910645849437,
          "cv": 1.0,
          "lambda": 0.15
        },
        "MS4_2": {
          "meanserv": 5.779327837846386,
          "stddevserv": 5.779327837846386,
          "rate": 0.173030502518203,
          "cv": 1.0,
          "lambda": 0.15
        },
        "MS4_3": {
          "meanserv": 2.7185652101786406,
          "stddevserv": 2.7185652101786406,
          "rate": 0.3678410936239005,
          "cv": 1.0,
          "lambda": 0.15
        },
        "MS4_4": {
          "meanserv": 0.05693106761039246,
          "stddevserv": 0.05693106761039246,
          "rate": 17.565101832333376,
          "cv": 1.0,
          "lambda": 0.15
        },
        "MS4_5": {
          "meanserv": 0.3283454406036217,
          "stddevserv": 0.3283454406036217,
          "rate": 3.0455729738827073,
          "cv": 1.0,
          "lambda": 0.15
        }
      },
      "sensors": [
        "S4"
      ],
      "sources": [
        {
          "startTime": 0,
          "stopTime": -1,
          "lambda": 0.15
        }
      ]
    }
  },
  "microservice": {
    "MS1_1": "F3",
    "MS1_2": "F4",
    "MS1_3": "F4",
    "MS1_4": "F7",
    "MS1_5": "F7",
    "MS2_1": "F2",
    "MS2_2": "F8",
    "MS2_3": "F5",
    "MS2_4": "F5",
    "MS2_5": "F5",
    "MS3_1": "F2",
    "MS3_2": "F2",
    "MS3_3": "F6",
    "MS3_4": "F1",
    "MS3_5": "F1",
    "MS4_1": "F4",
    "MS4_2": "F10",
    "MS4_3": "F9",
    "MS4_4": "F5",
    "MS4_5": "F5"
  },
  "sensor": {
    "S1": "F3",
    "S2": "F2",
    "S3": "F2",
    "S4": "F4"
  },
  "fog": {
    "F1": {
      "rho": 0.5222893734896232,
      "capacity": 1.0,
      "tserv": 1.7409645782987442,
      "stddev": 1.8829740689696244,
      "mu": 0.5743942251698145,
      "cv": 1.0815694313606603,
      "lambda": 0.3,
      "twait": 2.065020739232004
    },
    "F2": {
      "rho": 0.5843346670019244,
      "capacity": 1.0,
      "tserv": 1.2985214822264988,
      "stddev": 1.45363639600527,
      "mu": 0.7701066279514749,
      "cv": 1.1194550231951532,
      "lambda": 0.44999999999999996,
      "twait": 2.0565193071148142
    },
    "F3": {
      "rho": 0.608583072063292,
      "capacity": 1.0,
      "tserv": 4.057220480421947,
      "stddev": 4.057220480421947,
      "mu": 0.2464741575730193,
      "cv": 1.0,
      "lambda": 0.15,
      "twait": 6.308249663674626
    },
    "F4": {
      "rho": 0.38287518146446897,
      "capacity": 1.0,
      "tserv": 0.8508337365877089,
      "stddev": 0.9141636800526015,
      "mu": 1.1753177583325813,
      "cv": 1.0744328071884868,
      "lambda": 0.44999999999999996,
      "twait": 0.5686256292729179
    },
    "F5": {
      "rho": 0.4799553113393003,
      "capacity": 1.0,
      "tserv": 0.6399404151190671,
      "stddev": 0.9389100813853769,
      "mu": 1.5626454844455173,
      "cv": 1.4671835989772324,
      "lambda": 0.75,
      "twait": 0.9309843249876557
    },
    "F6": {
      "rho": 0.5900305407362411,
      "capacity": 1.0,
      "tserv": 3.933536938241607,
      "stddev": 3.933536938241607,
      "mu": 0.2542241284880436,
      "cv": 1.0,
      "lambda": 0.15,
      "twait": 5.661170299964929
    },
    "F7": {
      "rho": 0.6760663130363829,
      "capacity": 1.0,
      "tserv": 2.253554376787943,
      "stddev": 2.4417426361954115,
      "mu": 0.4437434526986339,
      "cv": 1.0835073079868163,
      "lambda": 0.3,
      "twait": 5.112441932503295
    },
    "F8": {
      "rho": 0.8811815836650131,
      "capacity": 1.0,
      "tserv": 5.874543891100088,
      "stddev": 5.874543891100088,
      "mu": 0.17022598154641355,
      "cv": 1.0,
      "lambda": 0.15,
      "twait": 43.566814378967074
    },
    "F9": {
      "rho": 0.40778478152679604,
      "capacity": 1.0,
      "tserv": 2.7185652101786406,
      "stddev": 2.7185652101786406,
      "mu": 0.3678410936239005,
      "cv": 1.0,
      "lambda": 0.15,
      "twait": 1.8719369001646247
    },
    "F10": {
      "rho": 0.866899175676958,
      "capacity": 1.0,
      "tserv": 5.779327837846386,
      "stddev": 5.779327837846386,
      "mu": 0.173030502518203,
      "cv": 1.0,
      "lambda": 0.15,
      "twait": 37.641348684935195
    }
  },
  "extra": {
    "deltatime": 0.7073445,
    "conv": 17,
    "obj_func": 44.39090323331972
  },
  "network": [
    [
      0.0,
      1.122576733418218,
      2.05814817116506,
      2.12183757241418,
      2.2399682667176073,
      1.6741047127815358,
      1.0942218545493978,
      2.1648568401716455,
      2.1526110659616444,
      2.1526110659616444
    ],
    [
      1.122576733418218,
      0.0,
      2.3433722103850037,
      2.856453570644366,
      2.2798738245752643,
      1.599411824003612,
      1.362102752487403,
      2.1526110659616444,
      3.0720157678194018,
      3.0720157678194018
    ],
    [
      2.05814817116506,
      2.3433722103850037,
      0.0,
      1.7377041269650817,
      1.717578978071402,
      1.8549434318033982,
      2.1648568401716455,
      3.0720157678194018,
      2.338956729835265,
      2.338956729835265
    ],
    [
      2.12183757241418,
      2.856453570644366,
      1.7377041269650817,
      0.0,
      1.3952548863820868,
      1.0942218545493978,
      2.1526110659616444,
      2.338956729835265,
      1.458569365140947,
      1.458569365140947
    ],
    [
      2.2399682667176073,
      2.2798738245752643,
      1.717578978071402,
      1.3952548863820868,
      0.0,
      1.362102752487403,
      3.0720157678194018,
      1.458569365140947,
      1.6375322675212634,
      1.6375322675212634
    ],
    [
      1.6741047127815358,
      1.599411824003612,
      1.8549434318033982,
      1.0942218545493978,
      1.362102752487403,
      0.0,
      2.338956729835265,
      1.6375322675212634,
      2.1525947701449994,
      2.1525947701449994
    ],
    [
      1.0942218545493978,
      1.362102752487403,
      2.1648568401716455,
      2.1526110659616444,
      3.0720157678194018,
      2.338956729835265,
      0.0,
      2.1525947701449994,
      2.146349104478902,
      2.146349104478902
    ],
    [
      2.1648568401716455,
      2.1526110659616444,
      3.0720157678194018,
      2.338956729835265,
      1.458569365140947,
      1.6375322675212634,
      2.1525947701449994,
      0.0,
      2.1799511819397663,
      2.1799511819397663
    ],
    [
      2.1526110659616444,
      3.0720157678194018,
      2.338956729835265,
      1.458569365140947,
      1.6375322675212634,
      2.1525947701449994,
      2.146349104478902,
      2.1799511819397663,
      0.0,
      1.7576974345236738
    ],
    [
      2.1526110659616444,
      3.0720157678194018,
      2.338956729835265,
      1.458569365140947,
      1.6375322675212634,
      2.1525947701449994,
      2.146349104478902,
      2.1799511819397663,
      1.7576974345236738,
      0.0
    ]
  ]
}