{
  "servicechain": {
    "SC1": {
      "resptime": 34.459381731153705,
      "resptime_old": 24.45938173115371,
      "waittime": 20.652506644663646,
      "servicetime": 10.0,
      "networktime": 3.806875086490061,
      "services": {
        "MS1_1": {
          "meanserv": 0.1399189057883321,
          "stddevserv": 0.1399189057883321,
          "rate": 7.146997000625418,
          "cv": 1.0,
          "lambda": 0.15
        },
        "MS1_2": {
          "meanserv": 2.6515829611662323,
          "stddevserv": 2.6515829611662323,
          "rate": 0.3771332123661615,
          "cv": 1.0,
          "lambda": 0.15
        },
        "MS1_3": {
          "meanserv": 0.10957567321041495,
          "stddevserv": 0.10957567321041495,
          "rate": 9.126113221131932,
          "cv": 1.0,
          "lambda": 0.15
        },
        "MS1_4": {
          "meanserv": 2.581660708846229,
          "stddevserv": 2.581660708846229,
          "rate": 0.38734756917260066,
          "cv": 1.0,
          "lambda": 0.15
        },
        "MS1_5": {
          "meanserv": 0.96098946364003,
          "stddevserv": 0.96098946364003,
          "rate": 1.0405941353531662,
          "cv": 1.0,
          "lambda": 0.15
        },
        "MS1_6": {
          "meanserv": 1.1420251907266374,
          "stddevserv": 1.1420251907266374,
          "rate": 0.8756374273703447,
          "cv": 1.0,
          "lambda": 0.15
        },
        "MS1_7": {
          "meanserv": 2.3542219952414394,
          "stddevserv": 2.3542219952414394,
          "rate": 0.4247687779747568,
          "cv": 1.0,
          "lambda": 0.15
        },
        "MS1_8": {
          "meanserv": 0.06002510138068473,
          "stddevserv": 0.06002510138068473,
          "rate": 16.65969697673491,
          "cv": 1.0,
          "lambda": 0.15
        }
      },
      "sensors": [
        "S1"
      ],
      "sources": [
        {
          "startTime": 0,
          "stopTime": -1,
          "lambda": 0.15
        }
      ]
    },
    "SC2": {
      "resptime": 34.611896158981935,
      "resptime_old": 24.611896158981942,
      "waittime": 20.80118393482733,
      "servicetime": 10.0,
      "networktime": 3.81071222415461,
      "services": {
        "MS2_1": {
          "meanserv": 0.3125871027803795,
          "stddevserv": 0.3125871027803795,
          "rate": 3.1991083160669933,
          "cv": 1.0,
          "lambda": 0.15
        },
        "MS2_2": {
          "meanserv": 3.6069290829520417,
          "stddevserv": 3.6069290829520417,
          "rate": 0.2772441534064107,
          "cv": 1.0,
          "lambda": 0.15
        },
        "MS2_3": {
          "meanserv": 0.45273571482343655,
          "stddevserv": 0.45273571482343655,
          "rate": 2.2087941535383226,
          "cv": 1.0,
          "lambda": 0.15
        },
        "MS2_4": {
          "meanserv": 1.4088901451632658,
          "stddevserv": 1.4088901451632658,
          "rate": 0.7097785469172385,
          "cv": 1.0,
          "lambda": 0.15
        },
        "MS2_5": {
          "meanserv": 0.3908147242920901,
          "stddevserv": 0.3908147242920901,
          "rate": 2.5587572264872303,
          "cv": 1.0,
          "lambda": 0.15
        },
        "MS2_6": {
          "meanserv": 0.8671609634457385,
          "stddevserv": 0.8671609634457385,
          "rate": 1.1531884415396356,
          "cv": 1.0,
          "lambda": 0.15
        },
        "MS2_7": {
          "meanserv": 2.2012371579701755,
          "stddevserv": 2.2012371579701755,
          "rate": 0.45428998705533796,
          "cv": 1.0,
          "lambda": 0.15
        },
        "MS2_8": {
          "meanserv": 0.7596451085728724,
          "stddevserv": 0.7596451085728724,
          "rate": 1.316404184947201,
          "cv": 1.0,
          "lambda": 0.15
        }
      },
      "sensors": [
        "S2"
      ],
      "sources": [
        {
          "startTime": 0,
          "stopTime": -1,
          "lambda": 0.15
        }
      ]
    },
    "SC3": {
      "resptime": 36.84724673289936,
      "resptime_old": 26.84724673289936,
      "waittime": 21.801732208081,
      "servicetime": 10.0,
      "networktime": 5.045514524818359,
      "services": {
        "MS3_1": {
          "meanserv": 1.565455852948342,
          "stddevserv": 1.565455852948342,
          "rate": 0.6387915686773434,
          "cv": 1.0,
          "lambda": 0.15
        },
        "MS3_2": {
          "meanserv": 1.099304719236739,
          "stddevserv": 1.099304719236739,
          "rate": 0.9096658847187635,
          "cv": 1.0,
          "lambda": 0.15
        },
        "MS3_3": {
          "meanserv": 0.5476389113468114,
          "stddevserv": 0.5476389113468114,
          "rate": 1.8260207214653437,
          "cv": 1.0,
          "lambda": 0.15
        },
        "MS3_4": {
          "meanserv": 1.0493847561636782,
          "stddevserv": 1.0493847561636782,
          "rate": 0.9529393238527515,
          "cv": 1.0,
          "lambda": 0.15
        },
        "MS3_5": {
          "meanserv": 0.07341410090813572,
          "stddevserv": 0.07341410090813572,
          "rate": 13.621361395562367,
          "cv": 1.0,
          "lambda": 0.15
        },
        "MS3_6": {
          "meanserv": 1.0832374944793468,
          "stddevserv": 1.0832374944793468,
          "rate": 0.9231585918106033,
          "cv": 1.0,
          "lambda": 0.15
        },
        "MS3_7": {
          "meanserv": 1.0091920083772168,
          "stddevserv": 1.0091920083772168,
          "rate": 0.9908917150543061,
          "cv": 1.0,
          "lambda": 0.15
        },
        "MS3_8": {
          "meanserv": 3.57237215653973,
          "stddevserv": 3.57237215653973,
          "rate": 0.2799260424671487,
          "cv": 1.0,
          "lambda": 0.15
        }
      },
      "sensors": [
        "S3"
      ],
      "sources": [
        {
          "startTime": 0,
          "stopTime": -1,
          "lambda": 0.15
        }
      ]
    },
    "SC4": {
      "resptime": 46.65553376959208,
      "resptime_old": 36.65553376959208,
      "waittime": 33.21701340442907,
      "servicetime": 10.0,
      "networktime": 3.4385203651630123,
      "services": {
        "MS4_1": {
          "meanserv": 0.04458474899167619,
          "stddevserv": 0.04458474899167619,
          "rate": 22.42919434595665,
          "cv": 1.0,
          "lambda": 0.15
        },
        "MS4_2": {
          "meanserv": 1.3224214306504023,
          "stddevserv": 1.3224214306504023,
          "rate": 0.7561885922464016,
          "cv": 1.0,
          "lambda": 0.15
        },
        "MS4_3": {
          "meanserv": 0.3327724552269695,
          "stddevserv": 0.3327724552269695,
          "rate": 3.0050564110480353,
          "cv": 1.0,
          "lambda": 0.15
        },
        "MS4_4": {
          "meanserv": 0.22419463904831405,
          "stddevserv": 0.22419463904831405,
          "rate": 4.460409955585511,
          "cv": 1.0,
          "lambda": 0.15
        },
        "MS4_5": {
          "meanserv": 5.116236883546143,
          "stddevserv": 5.116236883546143,
          "rate": 0.19545615708608172,
          "cv": 1.0,
          "lambda": 0.15
        },
        "MS4_6": {
          "meanserv": 0.02807903038363957,
          "stddevserv": 0.02807903038363957,
          "rate": 35.61376537355993,
          "cv": 1.0,
          "lambda": 0.15
        },
        "MS4_7": {
          "meanserv": 2.883628714374348,
          "stddevserv": 2.883628714374348,
          "rate": 0.3467852830758647,
          "cv": 1.0,
          "lambda": 0.15
        },
        "MS4_8": {
          "meanserv": 0.048082097778507915,
          "stddevserv": 0.048082097778507915,
          "rate": 20.797761458049095,
          "cv": 1.0,
          "lambda": 0.15
        }
      },
      "sensors": [
        "S4"
      ],
      "sources": [
        {
          "startTime": 0,
          "stopTime": -1,
          "lambda": 0.15
        }
      ]
    }
  },
  "microservice": {
    "MS1_1": "F5",
    "MS1_2": "F5",
    "MS1_3": "F6",
    "MS1_4": "F6",
    "MS1_5": "F6",
    "MS1_6": "F9",
    "MS1_7": "F7",
    "MS1_8": "F7",
    "MS2_1": "F4",
    "MS2_2": "F2",
    "MS2_3": "F10",
    "MS2_4": "F10",
    "MS2_5": "F10",
    "MS2_6": "F10",
    "MS2_7": "F8",
    "MS2_8": "F8",
    "MS3_1": "F9",
    "MS3_2": "F9",
    "MS3_3": "F7",
    "MS3_4": "F7",
    "MS3_5": "F8",
    "MS3_6": "F8",
    "MS3_7": "F5",
    "MS3_8": "F3",
    "MS4_1": "F10",
    "MS4_2": "F10",
    "MS4_3": "F9",
    "MS4_4": "F9",
    "MS4_5": "F1",
    "MS4_6": "F4",
    "MS4_7": "F4",
    "MS4_8": "F4"
  },
  "sensor": {
    "S1": "F5",
    "S2": "F4",
    "S3": "F9",
    "S4": "F10"
  },
  "fog": {
    "F1": {
      "rho": 0.7674355325319213,
      "capacity": 1.0,
      "tserv": 5.116236883546143,
      "stddev": 5.116236883546143,
      "mu": 0.19545615708608172,
      "cv": 1.0,
      "lambda": 0.15,
      "twait": 16.88298311444597
    },
    "F2": {
      "rho": 0.5410393624428063,
      "capacity": 1.0,
      "tserv": 3.6069290829520417,
      "stddev": 3.6069290829520417,
      "mu": 0.2772441534064107,
      "cv": 1.0,
      "lambda": 0.15,
      "twait": 4.25197816920324
    },
    "F3": {
      "rho": 0.5358558234809595,
      "capacity": 1.0,
      "tserv": 3.57237215653973,
      "stddev": 3.57237215653973,
      "mu": 0.2799260424671487,
      "cv": 1.0,
      "lambda": 0.15,
      "twait": 4.124314212190744
    },
    "F4": {
      "rho": 0.4908565417975312,
      "capacity": 1.0,
      "tserv": 0.8180942363292186,
      "stddev": 1.881165758277667,
      "mu": 1.2223530683787613,
      "cv": 2.299448736759766,
      "lambda": 0.6,
      "twait": 2.479495349594423
    },
    "F5": {
      "rho": 0.5701040812997672,
      "capacity": 1.0,
      "tserv": 1.2668979584439273,
      "stddev": 1.9427458839234815,
      "mu": 0.7893295536037126,
      "cv": 1.5334667413227718,
      "lambda": 0.44999999999999996,
      "twait": 2.815427290277329
    },
    "F6": {
      "rho": 0.547833876854501,
      "capacity": 1.0,
      "tserv": 1.2174086152322248,
      "stddev": 1.8933839174565412,
      "mu": 0.8214168911637336,
      "cv": 1.5552575312565633,
      "lambda": 0.44999999999999996,
      "twait": 2.521356378972264
    },
    "F7": {
      "rho": 0.601690614619892,
      "capacity": 1.0,
      "tserv": 1.0028176910331534,
      "stddev": 1.5709542190124508,
      "mu": 0.9971902260417339,
      "cv": 1.5665401927582414,
      "lambda": 0.6,
      "twait": 2.616212879117026
    },
    "F8": {
      "rho": 0.6176300792895796,
      "capacity": 1.0,
      "tserv": 1.0293834654826326,
      "stddev": 1.4970033697769825,
      "mu": 0.9714552773889213,
      "cv": 1.4542718238388486,
      "lambda": 0.6,
      "twait": 2.5896253047312925
    },
    "F9": {
      "rho": 0.6545629285780503,
      "capacity": 1.0,
      "tserv": 0.8727505714374005,
      "stddev": 1.1349204858131012,
      "mu": 1.1458027444806167,
      "cv": 1.3003950074119262,
      "lambda": 0.75,
      "twait": 2.225157168958145
    },
    "F10": {
      "rho": 0.6729911591049914,
      "capacity": 1.0,
      "tserv": 0.7477679545611016,
      "stddev": 1.0276122570216073,
      "mu": 1.3373132586123522,
      "cv": 1.3742394960275597,
      "lambda": 0.9,
      "twait": 2.222614951641771
    }
  },
  "extra": {
    "deltatime": 0.0303318,
    "obj_func": 38.14351459815677
  },
  "network": [
    [
      0.0,
      1.1909799511878387,
      1.151901579817397,
      1.5233826279114897,
      1.321667931370098,
      1.2987123634346152,
      1.6257605996971716,
      0.9627439948690182,
      1.1746927841869301,
      1.1746927841869301
    ],
    [
      1.1909799511878387,
      0.0,
      1.2625664207523757,
      1.3491790028604504,
      1.3293483005426612,
      1.13616638481974,
      1.1638157037621473,
      1.1746927841869301,
      0.9622237079793149,
      0.9622237079793149
    ],
    [
      1.151901579817397,
      1.2625664207523757,
      0.0,
      1.501994133024401,
      1.3584402976280272,
      1.4449599855346436,
      0.9627439948690182,
      0.9622237079793149,
      2.0579181891293366,
      2.0579181891293366
    ],
    [
      1.5233826279114897,
      1.3491790028604504,
      1.501994133024401,
      0.0,
      1.092209114619176,
      1.6257605996971716,
      1.1746927841869301,
      2.0579181891293366,
      1.0440148444624175,
      1.0440148444624175
    ],
    [
      1.321667931370098,
      1.3293483005426612,
      1.3584402976280272,
      1.092209114619176,
      0.0,
      1.1638157037621473,
      0.9622237079793149,
      1.0440148444624175,
      1.540612442148825,
      1.540612442148825
    ],
    [
      1.2987123634346152,
      1.13616638481974,
      1.4449599855346436,
      1.6257605996971716,
      1.1638157037621473,
      0.0,
      2.0579181891293366,
      1.540612442148825,
      1.0760732930135357,
      1.0760732930135357
    ],
    [
      1.6257605996971716,
      1.1638157037621473,
      0.9627439948690182,
      1.1746927841869301,
      0.9622237079793149,
      2.0579181891293366,
      0.0,
      1.0760732930135357,
      1.5669860897143784,
      1.5669860897143784
    ],
    [
      0.9627439948690182,
      1.1746927841869301,
      0.9622237079793149,
      2.0579181891293366,
      1.0440148444624175,
      1.540612442148825,
      1.0760732930135357,
      0.0,
      1.4993095133148449,
      1.4993095133148449
    ],
    [
      1.1746927841869301,
      0.9622237079793149,
      2.0579181891293366,
      1.0440148444624175,
      1.540612442148825,
      1.0760732930135357,
      1.5669860897143784,
      1.4993095133148449,
      0.0,
      0.7404449530645923
    ],
    [
      1.1746927841869301,
      0.9622237079793149,
      2.0579181891293366,
      1.0440148444624175,
      1.540612442148825,
      1.0760732930135357,
      1.5669860897143784,
      1.4993095133148449,
      0.7404449530645923,
      0.0
    ]
  ]
}