{
  "servicechain": {
    "SC1": {
      "resptime": 31.052433526751066,
      "resptime_old": 21.052433526751066,
      "waittime": 17.534085305625407,
      "servicetime": 10.0,
      "networktime": 3.5183482211256583,
      "services": {
        "MS1_1": {
          "meanserv": 3.8741197439676,
          "stddevserv": 3.8741197439676,
          "rate": 0.2581231521191626,
          "cv": 1.0,
          "lambda": 0.15
        },
        "MS1_2": {
          "meanserv": 0.3285035190674339,
          "stddevserv": 0.3285035190674339,
          "rate": 3.044107420337022,
          "cv": 1.0,
          "lambda": 0.15
        },
        "MS1_3": {
          "meanserv": 0.8132433444519505,
          "stddevserv": 0.8132433444519505,
          "rate": 1.2296442471028226,
          "cv": 1.0,
          "lambda": 0.15
        },
        "MS1_4": {
          "meanserv": 2.9985399074300485,
          "stddevserv": 2.9985399074300485,
          "rate": 0.33349564483771293,
          "cv": 1.0,
          "lambda": 0.15
        },
        "MS1_5": {
          "meanserv": 0.9854667639353689,
          "stddevserv": 0.9854667639353689,
          "rate": 1.0147475659215477,
          "cv": 1.0,
          "lambda": 0.15
        },
        "MS1_6": {
          "meanserv": 0.14083778984694462,
          "stddevserv": 0.14083778984694462,
          "rate": 7.1003670327882125,
          "cv": 1.0,
          "lambda": 0.15
        },
        "MS1_7": {
          "meanserv": 0.8592889313006538,
          "stddevserv": 0.8592889313006538,
          "rate": 1.1637529165962377,
          "cv": 1.0,
          "lambda": 0.15
        }
      },
      "sensors": [
        "S1"
      ],
      "sources": [
        {
          "startTime": 0,
          "stopTime": -1,
          "lambda": 0.15
        }
      ]
    },
    "SC2": {
      "resptime": 36.8036174064312,
      "resptime_old": 26.803617406431204,
      "waittime": 21.95610013316284,
      "servicetime": 10.0,
      "networktime": 4.847517273268365,
      "services": {
        "MS2_1": {
          "meanserv": 4.708144268969092,
          "stddevserv": 4.708144268969092,
          "rate": 0.2123979094249299,
          "cv": 1.0,
          "lambda": 0.15
        },
        "MS2_2": {
          "meanserv": 0.7194515609677934,
          "stddevserv": 0.7194515609677934,
          "rate": 1.3899476410264755,
          "cv": 1.0,
          "lambda": 0.15
        },
        "MS2_3": {
          "meanserv": 0.9152990486826766,
          "stddevserv": 0.9152990486826766,
          "rate": 1.092539101225143,
          "cv": 1.0,
          "lambda": 0.15
        },
        "MS2_4": {
          "meanserv": 0.17607832502495135,
          "stddevserv": 0.17607832502495135,
          "rate": 5.6792907352923425,
          "cv": 1.0,
          "lambda": 0.15
        },
        "MS2_5": {
          "meanserv": 1.157653840030556,
          "stddevserv": 1.157653840030556,
          "rate": 0.8638160781927741,
          "cv": 1.0,
          "lambda": 0.15
        },
        "MS2_6": {
          "meanserv": 1.4449360674150542,
          "stddevserv": 1.4449360674150542,
          "rate": 0.6920721425335925,
          "cv": 1.0,
          "lambda": 0.15
        },
        "MS2_7": {
          "meanserv": 0.8784368889098761,
          "stddevserv": 0.8784368889098761,
          "rate": 1.138385708324455,
          "cv": 1.0,
          "lambda": 0.15
        }
      },
      "sensors": [
        "S2"
      ],
      "sources": [
        {
          "startTime": 0,
          "stopTime": -1,
          "lambda": 0.15
        }
      ]
    },
    "SC3": {
      "resptime": 43.28066129271302,
      "resptime_old": 33.28066129271302,
      "waittime": 27.8419872214806,
      "servicetime": 10.0,
      "networktime": 5.438674071232421,
      "services": {
        "MS3_1": {
          "meanserv": 0.7942000828421703,
          "stddevserv": 0.7942000828421703,
          "rate": 1.259128551613017,
          "cv": 1.0,
          "lambda": 0.15
        },
        "MS3_2": {
          "meanserv": 1.9894589440197354,
          "stddevserv": 1.9894589440197354,
          "rate": 0.5026492268191688,
          "cv": 1.0,
          "lambda": 0.15
        },
        "MS3_3": {
          "meanserv": 0.7723551635450208,
          "stddevserv": 0.7723551635450208,
          "rate": 1.2947411336128263,
          "cv": 1.0,
          "lambda": 0.15
        },
        "MS3_4": {
          "meanserv": 0.19048178301226537,
          "stddevserv": 0.19048178301226537,
          "rate": 5.249845860250105,
          "cv": 1.0,
          "lambda": 0.15
        },
        "MS3_5": {
          "meanserv": 0.5506061152585708,
          "stddevserv": 0.5506061152585708,
          "rate": 1.8161803370643437,
          "cv": 1.0,
          "lambda": 0.15
        },
        "MS3_6": {
          "meanserv": 5.079350119842887,
          "stddevserv": 5.079350119842887,
          "rate": 0.19687557982928172,
          "cv": 1.0,
          "lambda": 0.15
        },
        "MS3_7": {
          "meanserv": 0.6235477914793499,
          "stddevserv": 0.6235477914793499,
          "rate": 1.6037263120241796,
          "cv": 1.0,
          "lambda": 0.15
        }
      },
      "sensors": [
        "S3"
      ],
      "sources": [
        {
          "startTime": 0,
          "stopTime": -1,
          "lambda": 0.15
        }
      ]
    },
    "SC4": {
      "resptime": 28.20742937193085,
      "resptime_old": 18.207429371930846,
      "waittime": 13.687605076662576,
      "servicetime": 10.0,
      "networktime": 4.519824295268271,
      "services": {
        "MS4_1": {
          "meanserv": 0.6435285808875912,
          "stddevserv": 0.6435285808875912,
          "rate": 1.5539325364861698,
          "cv": 1.0,
          "lambda": 0.15
        },
        "MS4_2": {
          "meanserv": 1.3762376659249167,
          "stddevserv": 1.3762376659249167,
          "rate": 0.7266186827752155,
          "cv": 1.0,
          "lambda": 0.15
        },
        "MS4_3": {
          "meanserv": 0.34617752774774146,
          "stddevserv": 0.34617752774774146,
          "rate": 2.888691263427986,
          "cv": 1.0,
          "lambda": 0.15
        },
        "MS4_4": {
          "meanserv": 2.4561355666901044,
          "stddevserv": 2.4561355666901044,
          "rate": 0.4071436501966392,
          "cv": 1.0,
          "lambda": 0.15
        },
        "MS4_5": {
          "meanserv": 1.717980501937376,
          "stddevserv": 1.717980501937376,
          "rate": 0.5820787831248926,
          "cv": 1.0,
          "lambda": 0.15
        },
        "MS4_6": {
          "meanserv": 1.169957156619267,
          "stddevserv": 1.169957156619267,
          "rate": 0.8547321535171606,
          "cv": 1.0,
          "lambda": 0.15
        },
        "MS4_7": {
          "meanserv": 2.2899830001930033,
          "stddevserv": 2.2899830001930033,
          "rate": 0.4366844644330191,
          "cv": 1.0,
          "lambda": 0.15
        }
      },
      "sensors": [
        "S4"
      ],
      "sources": [
        {
          "startTime": 0,
          "stopTime": -1,
          "lambda": 0.15
        }
      ]
    }
  },
  "microservice": {
    "MS1_1": "F3",
    "MS1_2": "F6",
    "MS1_3": "F6",
    "MS1_4": "F4",
    "MS1_5": "F10",
    "MS1_6": "F10",
    "MS1_7": "F10",
    "MS2_1": "F2",
    "MS2_2": "F10",
    "MS2_3": "F7",
    "MS2_4": "F7",
    "MS2_5": "F8",
    "MS2_6": "F8",
    "MS2_7": "F8",
    "MS3_1": "F7",
    "MS3_2": "F7",
    "MS3_3": "F9",
    "MS3_4": "F9",
    "MS3_5": "F8",
    "MS3_6": "F1",
    "MS3_7": "F6",
    "MS4_1": "F5",
    "MS4_2": "F10",
    "MS4_3": "F5",
    "MS4_4": "F5",
    "MS4_5": "F9",
    "MS4_6": "F9",
    "MS4_7": "F6"
  },
  "sensor": {
    "S1": "F3",
    "S2": "F2",
    "S3": "F7",
    "S4": "F5"
  },
  "fog": {
    "F1": {
      "rho": 0.761902517976433,
      "capacity": 1.0,
      "tserv": 5.079350119842887,
      "stddev": 5.079350119842887,
      "mu": 0.19687557982928172,
      "cv": 1.0,
      "lambda": 0.15,
      "twait": 16.253719330005943
    },
    "F2": {
      "rho": 0.7062216403453638,
      "capacity": 1.0,
      "tserv": 4.708144268969092,
      "stddev": 4.708144268969092,
      "mu": 0.2123979094249299,
      "cv": 1.0,
      "lambda": 0.15,
      "twait": 11.318033678596395
    },
    "F3": {
      "rho": 0.58111796159514,
      "capacity": 1.0,
      "tserv": 3.8741197439676,
      "stddev": 3.8741197439676,
      "mu": 0.2581231521191626,
      "cv": 1.0,
      "lambda": 0.15,
      "twait": 5.374593231935095
    },
    "F4": {
      "rho": 0.44978098611450723,
      "capacity": 1.0,
      "tserv": 2.9985399074300485,
      "stddev": 2.9985399074300485,
      "mu": 0.33349564483771293,
      "cv": 1.0,
      "lambda": 0.15,
      "twait": 2.4511807160998402
    },
    "F5": {
      "rho": 0.5168762512988155,
      "capacity": 1.0,
      "tserv": 1.1486138917751458,
      "stddev": 1.7488279939297604,
      "mu": 0.8706145791555178,
      "cv": 1.5225551479505468,
      "lambda": 0.44999999999999996,
      "twait": 2.038785048784155
    },
    "F6": {
      "rho": 0.6082916482787606,
      "capacity": 1.0,
      "tserv": 1.0138194137979344,
      "stddev": 1.4741868404614846,
      "mu": 0.9863689591954403,
      "cv": 1.4540921394856092,
      "lambda": 0.6,
      "twait": 2.4516122495096386
    },
    "F7": {
      "rho": 0.5812554600854299,
      "capacity": 1.0,
      "tserv": 0.9687591001423834,
      "stddev": 1.3380000370650733,
      "mu": 1.0322483678894216,
      "cv": 1.3811483544964076,
      "lambda": 0.6,
      "twait": 1.9549424767555321
    },
    "F8": {
      "rho": 0.6047449367421086,
      "capacity": 1.0,
      "tserv": 1.0079082279035143,
      "stddev": 1.11154467351991,
      "mu": 0.9921538214645159,
      "cv": 1.1028232955613064,
      "lambda": 0.6,
      "twait": 1.7088286271772146
    },
    "F9": {
      "rho": 0.5776161907670893,
      "capacity": 1.0,
      "tserv": 0.9626936512784823,
      "stddev": 1.2448924510278054,
      "mu": 1.0387520460657178,
      "cv": 1.2931345806368992,
      "lambda": 0.6,
      "twait": 1.7589710306383701
    },
    "F10": {
      "rho": 0.6121924067963517,
      "capacity": 1.0,
      "tserv": 0.8162565423951356,
      "stddev": 0.9950500082927176,
      "mu": 1.225105035073541,
      "cv": 1.2190407753093773,
      "lambda": 0.75,
      "twait": 1.6016956195237315
    }
  },
  "extra": {
    "deltatime": 0.0276664,
    "obj_func": 34.836035399456534
  },
  "network": [
    [
      0.0,
      1.4935086892081897,
      1.5226507494288948,
      1.6023036114808213,
      1.5582149835426382,
      1.429632101411573,
      1.1477453376241622,
      1.6218357460657686,
      1.6893076051409912,
      1.6893076051409912
    ],
    [
      1.4935086892081897,
      0.0,
      1.5015012074069358,
      1.266074463427091,
      1.6422652226745287,
      2.258617745111114,
      1.4309908096010406,
      1.6893076051409912,
      1.9660939746115502,
      1.9660939746115502
    ],
    [
      1.5226507494288948,
      1.5015012074069358,
      0.0,
      1.249614811299768,
      1.446102706737032,
      1.440089806287908,
      1.6218357460657686,
      1.9660939746115502,
      1.7823487715079782,
      1.7823487715079782
    ],
    [
      1.6023036114808213,
      1.266074463427091,
      1.249614811299768,
      0.0,
      0.8997622819945286,
      1.1477453376241622,
      1.6893076051409912,
      1.7823487715079782,
      0.9305130772135884,
      0.9305130772135884
    ],
    [
      1.5582149835426382,
      1.6422652226745287,
      1.446102706737032,
      0.8997622819945286,
      0.0,
      1.4309908096010406,
      1.9660939746115502,
      0.9305130772135884,
      0.8963827768876259,
      0.8963827768876259
    ],
    [
      1.429632101411573,
      2.258617745111114,
      1.440089806287908,
      1.1477453376241622,
      1.4309908096010406,
      0.0,
      1.7823487715079782,
      0.8963827768876259,
      1.8306759646053932,
      1.8306759646053932
    ],
    [
      1.1477453376241622,
      1.4309908096010406,
      1.6218357460657686,
      1.6893076051409912,
      1.9660939746115502,
      1.7823487715079782,
      0.0,
      1.8306759646053932,
      1.0507473340514215,
      1.0507473340514215
    ],
    [
      1.6218357460657686,
      1.6893076051409912,
      1.9660939746115502,
      1.7823487715079782,
      0.9305130772135884,
      0.8963827768876259,
      1.8306759646053932,
      0.0,
      1.3364588897036567,
      1.3364588897036567
    ],
    [
      1.6893076051409912,
      1.9660939746115502,
      1.7823487715079782,
      0.9305130772135884,
      0.8963827768876259,
      1.8306759646053932,
      1.0507473340514215,
      1.3364588897036567,
      0.0,
      0.9967290023565637
    ],
    [
      1.6893076051409912,
      1.9660939746115502,
      1.7823487715079782,
      0.9305130772135884,
      0.8963827768876259,
      1.8306759646053932,
      1.0507473340514215,
      1.3364588897036567,
      0.9967290023565637,
      0.0
    ]
  ]
}