{
  "servicechain": {
    "SC1": {
      "resptime": 35.97661655041799,
      "resptime_old": 25.97661655041799,
      "waittime": 20.581490270613667,
      "servicetime": 10.0,
      "networktime": 5.395126279804322,
      "services": {
        "MS1_1": {
          "meanserv": 0.25489272318936385,
          "stddevserv": 0.25489272318936385,
          "rate": 3.923219099735084,
          "cv": 1.0,
          "lambda": 0.15
        },
        "MS1_2": {
          "meanserv": 4.484626834459922,
          "stddevserv": 4.484626834459922,
          "rate": 0.22298399329816898,
          "cv": 1.0,
          "lambda": 0.15
        },
        "MS1_3": {
          "meanserv": 0.08872601028628857,
          "stddevserv": 0.08872601028628857,
          "rate": 11.27065216584563,
          "cv": 1.0,
          "lambda": 0.15
        },
        "MS1_4": {
          "meanserv": 2.971247704583269,
          "stddevserv": 2.971247704583269,
          "rate": 0.3365589474271902,
          "cv": 1.0,
          "lambda": 0.15
        },
        "MS1_5": {
          "meanserv": 2.200506727481156,
          "stddevserv": 2.200506727481156,
          "rate": 0.45444078289397705,
          "cv": 1.0,
          "lambda": 0.15
        }
      },
      "sensors": [
        "S1"
      ],
      "sources": [
        {
          "startTime": 0,
          "stopTime": -1,
          "lambda": 0.15
        }
      ]
    },
    "SC2": {
      "resptime": 38.752223399398545,
      "resptime_old": 28.752223399398556,
      "waittime": 22.783129287335086,
      "servicetime": 10.0,
      "networktime": 5.969094112063463,
      "services": {
        "MS2_1": {
          "meanserv": 2.594477671185913,
          "stddevserv": 2.594477671185913,
          "rate": 0.38543403595487824,
          "cv": 1.0,
          "lambda": 0.15
        },
        "MS2_2": {
          "meanserv": 0.5484789019322265,
          "stddevserv": 0.5484789019322265,
          "rate": 1.823224186886894,
          "cv": 1.0,
          "lambda": 0.15
        },
        "MS2_3": {
          "meanserv": 4.5654583831050335,
          "stddevserv": 4.5654583831050335,
          "rate": 0.21903605642329516,
          "cv": 1.0,
          "lambda": 0.15
        },
        "MS2_4": {
          "meanserv": 0.027445450622564316,
          "stddevserv": 0.027445450622564316,
          "rate": 36.435911137048286,
          "cv": 1.0,
          "lambda": 0.15
        },
        "MS2_5": {
          "meanserv": 2.2641395931542627,
          "stddevserv": 2.2641395931542627,
          "rate": 0.44166888076316013,
          "cv": 1.0,
          "lambda": 0.15
        }
      },
      "sensors": [
        "S2"
      ],
      "sources": [
        {
          "startTime": 0,
          "stopTime": -1,
          "lambda": 0.15
        }
      ]
    },
    "SC3": {
      "resptime": 34.50265547962522,
      "resptime_old": 24.50265547962522,
      "waittime": 19.081412957062724,
      "servicetime": 10.0,
      "networktime": 5.421242522562495,
      "services": {
        "MS3_1": {
          "meanserv": 1.7265203521050942,
          "stddevserv": 1.7265203521050942,
          "rate": 0.5791996594657747,
          "cv": 1.0,
          "lambda": 0.15
        },
        "MS3_2": {
          "meanserv": 3.4874395677859233,
          "stddevserv": 3.4874395677859233,
          "rate": 0.28674332000966307,
          "cv": 1.0,
          "lambda": 0.15
        },
        "MS3_3": {
          "meanserv": 0.4672885667575368,
          "stddevserv": 0.4672885667575368,
          "rate": 2.14000527969021,
          "cv": 1.0,
          "lambda": 0.15
        },
        "MS3_4": {
          "meanserv": 3.0104195677952426,
          "stddevserv": 3.0104195677952426,
          "rate": 0.3321796106754566,
          "cv": 1.0,
          "lambda": 0.15
        },
        "MS3_5": {
          "meanserv": 1.308331945556203,
          "stddevserv": 1.308331945556203,
          "rate": 0.7643320209343939,
          "cv": 1.0,
          "lambda": 0.15
        }
      },
      "sensors": [
        "S3"
      ],
      "sources": [
        {
          "startTime": 0,
          "stopTime": -1,
          "lambda": 0.15
        }
      ]
    },
    "SC4": {
      "resptime": 25.775221668276743,
      "resptime_old": 15.77522166827674,
      "waittime": 12.015776039044852,
      "servicetime": 10.0,
      "networktime": 3.75944562923189,
      "services": {
        "MS4_1": {
          "meanserv": 1.7213370940846606,
          "stddevserv": 1.7213370940846606,
          "rate": 0.5809437346330822,
          "cv": 1.0,
          "lambda": 0.15
        },
        "MS4_2": {
          "meanserv": 1.5972652913291738,
          "stddevserv": 1.5972652913291738,
          "rate": 0.6260700745383655,
          "cv": 1.0,
          "lambda": 0.15
        },
        "MS4_3": {
          "meanserv": 3.522015653389529,
          "stddevserv": 3.522015653389529,
          "rate": 0.2839283235546147,
          "cv": 1.0,
          "lambda": 0.15
        },
        "MS4_4": {
          "meanserv": 1.3324799815431945,
          "stddevserv": 1.3324799815431945,
          "rate": 0.7504803177919889,
          "cv": 1.0,
          "lambda": 0.15
        },
        "MS4_5": {
          "meanserv": 1.8269019796534423,
          "stddevserv": 1.8269019796534423,
          "rate": 0.547374742124751,
          "cv": 1.0,
          "lambda": 0.15
        }
      },
      "sensors": [
        "S4"
      ],
      "sources": [
        {
          "startTime": 0,
          "stopTime": -1,
          "lambda": 0.15
        }
      ]
    }
  },
  "microservice": {
    "MS1_1": "F10",
    "MS1_2": "F1",
    "MS1_3": "F7",
    "MS1_4": "F7",
    "MS1_5": "F3",
    "MS2_1": "F6",
    "MS2_2": "F4",
    "MS2_3": "F2",
    "MS2_4": "F4",
    "MS2_5": "F3",
    "MS3_1": "F6",
    "MS3_2": "F8",
    "MS3_3": "F10",
    "MS3_4": "F5",
    "MS3_5": "F5",
    "MS4_1": "F4",
    "MS4_2": "F4",
    "MS4_3": "F9",
    "MS4_4": "F10",
    "MS4_5": "F10"
  },
  "sensor": {
    "S1": "F10",
    "S2": "F6",
    "S3": "F6",
    "S4": "F4"
  },
  "fog": {
    "F1": {
      "rho": 0.6726940251689882,
      "capacity": 1.0,
      "tserv": 4.484626834459922,
      "stddev": 4.484626834459922,
      "mu": 0.22298399329816898,
      "cv": 1.0,
      "lambda": 0.15,
      "twait": 9.21700765838836
    },
    "F2": {
      "rho": 0.684818757465755,
      "capacity": 1.0,
      "tserv": 4.5654583831050335,
      "stddev": 4.5654583831050335,
      "mu": 0.21903605642329516,
      "cv": 1.0,
      "lambda": 0.15,
      "twait": 9.919725907673277
    },
    "F3": {
      "rho": 0.6696969480953128,
      "capacity": 1.0,
      "tserv": 2.2323231603177094,
      "stddev": 2.232776581498411,
      "mu": 0.44796381535443897,
      "cv": 1.0002031162820697,
      "lambda": 0.3,
      "twait": 4.527005380738256
    },
    "F4": {
      "rho": 0.5841790106952938,
      "capacity": 1.0,
      "tserv": 0.9736316844921563,
      "stddev": 1.3999862225906516,
      "mu": 1.0270824336634006,
      "cv": 1.4379012565936375,
      "lambda": 0.6,
      "twait": 2.097960532501982
    },
    "F5": {
      "rho": 0.6478127270027167,
      "capacity": 1.0,
      "tserv": 2.159375756675723,
      "stddev": 2.472135674959715,
      "mu": 0.4630967986504869,
      "cv": 1.1448381169035047,
      "lambda": 0.3,
      "twait": 4.588904517573448
    },
    "F6": {
      "rho": 0.6481497034936511,
      "capacity": 1.0,
      "tserv": 2.160499011645504,
      "stddev": 2.245981062519045,
      "mu": 0.4628560321526686,
      "cv": 1.0395658828875998,
      "lambda": 0.3,
      "twait": 4.14047693391959
    },
    "F7": {
      "rho": 0.45899605723043363,
      "capacity": 1.0,
      "tserv": 1.5299868574347788,
      "stddev": 2.548592835854625,
      "mu": 0.6536003856115663,
      "cv": 1.6657612602814582,
      "lambda": 0.3,
      "twait": 2.449941080371108
    },
    "F8": {
      "rho": 0.5231159351678885,
      "capacity": 1.0,
      "tserv": 3.4874395677859233,
      "stddev": 3.4874395677859233,
      "mu": 0.28674332000966307,
      "cv": 1.0,
      "lambda": 0.15,
      "twait": 3.825531917251402
    },
    "F9": {
      "rho": 0.5283023480084293,
      "capacity": 1.0,
      "tserv": 3.5220156533895293,
      "stddev": 3.522015653389529,
      "mu": 0.2839283235546147,
      "cv": 0.9999999999999999,
      "lambda": 0.15,
      "twait": 3.9446648325512155
    },
    "F10": {
      "rho": 0.5822344876715306,
      "capacity": 1.0,
      "tserv": 0.9703908127858845,
      "stddev": 1.3253463680022897,
      "mu": 1.030512641735664,
      "cv": 1.3657861869048071,
      "lambda": 0.6,
      "twait": 1.9375950707448353
    }
  },
  "extra": {
    "deltatime": 0.5818503,
    "conv": 9,
    "obj_func": 33.75167927442962
  },
  "network": [
    [
      0.0,
      1.6049525003730645,
      1.8536911637682194,
      2.518268081359292,
      2.0007869300985153,
      2.042641466044134,
      1.66300220577742,
      2.456200873356305,
      1.2759232006705972,
      1.2759232006705972
    ],
    [
      1.6049525003730645,
      0.0,
      2.1686571217944812,
      1.1076671786203525,
      2.643745987145487,
      1.3875871010273975,
      2.1930896621388682,
      1.2759232006705972,
      2.06907028941422,
      2.06907028941422
    ],
    [
      1.8536911637682194,
      2.1686571217944812,
      0.0,
      2.0907575490453376,
      2.421821817627078,
      1.5025916520377747,
      2.456200873356305,
      2.06907028941422,
      2.2927756652183358,
      2.2927756652183358
    ],
    [
      2.518268081359292,
      1.1076671786203525,
      2.0907575490453376,
      0.0,
      0.995878510623628,
      1.66300220577742,
      1.2759232006705972,
      2.2927756652183358,
      2.019209275605887,
      2.019209275605887
    ],
    [
      2.0007869300985153,
      2.643745987145487,
      2.421821817627078,
      0.995878510623628,
      0.0,
      2.1930896621388682,
      2.06907028941422,
      2.019209275605887,
      1.788328583464369,
      1.788328583464369
    ],
    [
      2.042641466044134,
      1.3875871010273975,
      1.5025916520377747,
      1.66300220577742,
      2.1930896621388682,
      0.0,
      2.2927756652183358,
      1.788328583464369,
      1.636237473988013,
      1.636237473988013
    ],
    [
      1.66300220577742,
      2.1930896621388682,
      2.456200873356305,
      1.2759232006705972,
      2.06907028941422,
      2.2927756652183358,
      0.0,
      1.636237473988013,
      2.1333701096586033,
      2.1333701096586033
    ],
    [
      2.456200873356305,
      1.2759232006705972,
      2.06907028941422,
      2.2927756652183358,
      2.019209275605887,
      1.788328583464369,
      1.636237473988013,
      0.0,
      1.8445853556337566,
      1.8445853556337566
    ],
    [
      1.2759232006705972,
      2.06907028941422,
      2.2927756652183358,
      2.019209275605887,
      1.788328583464369,
      1.636237473988013,
      2.1333701096586033,
      1.8445853556337566,
      0.0,
      1.7402363536260033
    ],
    [
      1.2759232006705972,
      2.06907028941422,
      2.2927756652183358,
      2.019209275605887,
      1.788328583464369,
      1.636237473988013,
      2.1333701096586033,
      1.8445853556337566,
      1.7402363536260033,
      0.0
    ]
  ]
}