{
  "servicechain": {
    "SC1": {
      "resptime": 34.32655440773351,
      "resptime_old": 24.32655440773351,
      "waittime": 19.956067345614102,
      "servicetime": 10.0,
      "networktime": 4.370487062119409,
      "services": {
        "MS1_1": {
          "meanserv": 0.4055672255285325,
          "stddevserv": 0.4055672255285325,
          "rate": 2.4656824739642276,
          "cv": 1.0,
          "lambda": 0.15
        },
        "MS1_2": {
          "meanserv": 0.897050164810187,
          "stddevserv": 0.897050164810187,
          "rate": 1.1147648584531467,
          "cv": 1.0,
          "lambda": 0.15
        },
        "MS1_3": {
          "meanserv": 0.6811263015623492,
          "stddevserv": 0.6811263015623492,
          "rate": 1.4681564897820374,
          "cv": 1.0,
          "lambda": 0.15
        },
        "MS1_4": {
          "meanserv": 0.19804844441156066,
          "stddevserv": 0.19804844441156066,
          "rate": 5.049269652034829,
          "cv": 1.0,
          "lambda": 0.15
        },
        "MS1_5": {
          "meanserv": 0.6216931780299779,
          "stddevserv": 0.6216931780299779,
          "rate": 1.6085104925371727,
          "cv": 1.0,
          "lambda": 0.15
        },
        "MS1_6": {
          "meanserv": 1.4693035814940085,
          "stddevserv": 1.4693035814940085,
          "rate": 0.6805945432891315,
          "cv": 1.0,
          "lambda": 0.15
        },
        "MS1_7": {
          "meanserv": 1.8780960640348248,
          "stddevserv": 1.8780960640348248,
          "rate": 0.5324541268946813,
          "cv": 1.0,
          "lambda": 0.15
        },
        "MS1_8": {
          "meanserv": 0.04941305588038247,
          "stddevserv": 0.04941305588038247,
          "rate": 20.237566412018065,
          "cv": 1.0,
          "lambda": 0.15
        },
        "MS1_9": {
          "meanserv": 0.7447953952036377,
          "stddevserv": 0.7447953952036377,
          "rate": 1.3426506211502365,
          "cv": 1.0,
          "lambda": 0.15
        },
        "MS1_10": {
          "meanserv": 0.16261913655322147,
          "stddevserv": 0.16261913655322147,
          "rate": 6.149337779030226,
          "cv": 1.0,
          "lambda": 0.15
        },
        "MS1_11": {
          "meanserv": 1.593736413735642,
          "stddevserv": 1.593736413735642,
          "rate": 0.6274563292784707,
          "cv": 1.0,
          "lambda": 0.15
        },
        "MS1_12": {
          "meanserv": 0.7230393340311743,
          "stddevserv": 0.7230393340311743,
          "rate": 1.3830506210840314,
          "cv": 1.0,
          "lambda": 0.15
        },
        "MS1_13": {
          "meanserv": 0.11092421144197573,
          "stddevserv": 0.11092421144197573,
          "rate": 9.015164381160359,
          "cv": 1.0,
          "lambda": 0.15
        },
        "MS1_14": {
          "meanserv": 0.3316332956022272,
          "stddevserv": 0.3316332956022272,
          "rate": 3.0153787730633526,
          "cv": 1.0,
          "lambda": 0.15
        },
        "MS1_15": {
          "meanserv": 0.1329541976802986,
          "stddevserv": 0.1329541976802986,
          "rate": 7.521387195345258,
          "cv": 1.0,
          "lambda": 0.15
        }
      },
      "sensors": [
        "S1"
      ],
      "sources": [
        {
          "startTime": 0,
          "stopTime": -1,
          "lambda": 0.15
        }
      ]
    },
    "SC2": {
      "resptime": 29.729767788215774,
      "resptime_old": 19.72976778821579,
      "waittime": 16.190649422402807,
      "servicetime": 10.0,
      "networktime": 3.539118365812969,
      "services": {
        "MS2_1": {
          "meanserv": 0.2813491652522737,
          "stddevserv": 0.2813491652522737,
          "rate": 3.5543023527485604,
          "cv": 1.0,
          "lambda": 0.15
        },
        "MS2_2": {
          "meanserv": 0.17475252479763892,
          "stddevserv": 0.17475252479763892,
          "rate": 5.722377980850272,
          "cv": 1.0,
          "lambda": 0.15
        },
        "MS2_3": {
          "meanserv": 2.5899574415124915,
          "stddevserv": 2.5899574415124915,
          "rate": 0.3861067305476714,
          "cv": 1.0,
          "lambda": 0.15
        },
        "MS2_4": {
          "meanserv": 0.2587453914224138,
          "stddevserv": 0.2587453914224138,
          "rate": 3.8648031352467793,
          "cv": 1.0,
          "lambda": 0.15
        },
        "MS2_5": {
          "meanserv": 0.07544767038986189,
          "stddevserv": 0.07544767038986189,
          "rate": 13.254219710597887,
          "cv": 1.0,
          "lambda": 0.15
        },
        "MS2_6": {
          "meanserv": 2.4802859826623593,
          "stddevserv": 2.4802859826623593,
          "rate": 0.40317931359132697,
          "cv": 1.0,
          "lambda": 0.15
        },
        "MS2_7": {
          "meanserv": 1.3995933710641637,
          "stddevserv": 1.3995933710641637,
          "rate": 0.7144932383036812,
          "cv": 1.0,
          "lambda": 0.15
        },
        "MS2_8": {
          "meanserv": 1.0243197188920217,
          "stddevserv": 1.0243197188920217,
          "rate": 0.9762576874744463,
          "cv": 1.0,
          "lambda": 0.15
        },
        "MS2_9": {
          "meanserv": 0.019506874717468037,
          "stddevserv": 0.019506874717468037,
          "rate": 51.263978186342634,
          "cv": 1.0,
          "lambda": 0.15
        },
        "MS2_10": {
          "meanserv": 0.1379575849560002,
          "stddevserv": 0.1379575849560002,
          "rate": 7.2486047093310395,
          "cv": 1.0,
          "lambda": 0.15
        },
        "MS2_11": {
          "meanserv": 0.32633593534985295,
          "stddevserv": 0.32633593534985295,
          "rate": 3.064326945568946,
          "cv": 1.0,
          "lambda": 0.15
        },
        "MS2_12": {
          "meanserv": 0.4900017246848076,
          "stddevserv": 0.4900017246848076,
          "rate": 2.0408091433621944,
          "cv": 1.0,
          "lambda": 0.15
        },
        "MS2_13": {
          "meanserv": 0.06810780962021923,
          "stddevserv": 0.06810780962021923,
          "rate": 14.682604029936812,
          "cv": 1.0,
          "lambda": 0.15
        },
        "MS2_14": {
          "meanserv": 0.43995458479304617,
          "stddevserv": 0.43995458479304617,
          "rate": 2.272961879623094,
          "cv": 1.0,
          "lambda": 0.15
        },
        "MS2_15": {
          "meanserv": 0.23368421988538124,
          "stddevserv": 0.23368421988538124,
          "rate": 4.279279107893916,
          "cv": 1.0,
          "lambda": 0.15
        }
      },
      "sensors": [
        "S2"
      ],
      "sources": [
        {
          "startTime": 0,
          "stopTime": -1,
          "lambda": 0.15
        }
      ]
    },
    "SC3": {
      "resptime": 33.45600043518268,
      "resptime_old": 23.45600043518267,
      "waittime": 19.68772441027787,
      "servicetime": 10.0,
      "networktime": 3.7682760249048086,
      "services": {
        "MS3_1": {
          "meanserv": 1.9001163477700733,
          "stddevserv": 1.9001163477700733,
          "rate": 0.5262835621479568,
          "cv": 1.0,
          "lambda": 0.15
        },
        "MS3_2": {
          "meanserv": 1.7241796727590466,
          "stddevserv": 1.7241796727590466,
          "rate": 0.5799859584238061,
          "cv": 1.0,
          "lambda": 0.15
        },
        "MS3_3": {
          "meanserv": 1.1252306662829792,
          "stddevserv": 1.1252306662829792,
          "rate": 0.8887066714092864,
          "cv": 1.0,
          "lambda": 0.15
        },
        "MS3_4": {
          "meanserv": 0.15231225704918927,
          "stddevserv": 0.15231225704918927,
          "rate": 6.565459795379763,
          "cv": 1.0,
          "lambda": 0.15
        },
        "MS3_5": {
          "meanserv": 0.6693565319794841,
          "stddevserv": 0.6693565319794841,
          "rate": 1.4939721243067665,
          "cv": 1.0,
          "lambda": 0.15
        },
        "MS3_6": {
          "meanserv": 0.27534055336691843,
          "stddevserv": 0.27534055336691843,
          "rate": 3.631866021084811,
          "cv": 1.0,
          "lambda": 0.15
        },
        "MS3_7": {
          "meanserv": 0.31285829905658513,
          "stddevserv": 0.31285829905658513,
          "rate": 3.1963352195401886,
          "cv": 1.0,
          "lambda": 0.15
        },
        "MS3_8": {
          "meanserv": 0.2595911292133719,
          "stddevserv": 0.2595911292133719,
          "rate": 3.852211757120738,
          "cv": 1.0,
          "lambda": 0.15
        },
        "MS3_9": {
          "meanserv": 0.44316667442432145,
          "stddevserv": 0.44316667442432145,
          "rate": 2.2564873617787513,
          "cv": 1.0,
          "lambda": 0.15
        },
        "MS3_10": {
          "meanserv": 0.32264527614550254,
          "stddevserv": 0.32264527614550254,
          "rate": 3.0993790206586893,
          "cv": 1.0,
          "lambda": 0.15
        },
        "MS3_11": {
          "meanserv": 0.5009903078345461,
          "stddevserv": 0.5009903078345461,
          "rate": 1.9960465988301188,
          "cv": 1.0,
          "lambda": 0.15
        },
        "MS3_12": {
          "meanserv": 1.2934334976855464,
          "stddevserv": 1.2934334976855464,
          "rate": 0.7731359994846179,
          "cv": 1.0,
          "lambda": 0.15
        },
        "MS3_13": {
          "meanserv": 0.6043089896918463,
          "stddevserv": 0.6043089896918463,
          "rate": 1.6547825980711082,
          "cv": 1.0,
          "lambda": 0.15
        },
        "MS3_14": {
          "meanserv": 0.3354987833124188,
          "stddevserv": 0.3354987833124188,
          "rate": 2.9806367406965917,
          "cv": 1.0,
          "lambda": 0.15
        },
        "MS3_15": {
          "meanserv": 0.08097101342817048,
          "stddevserv": 0.08097101342817048,
          "rate": 12.350098605189148,
          "cv": 1.0,
          "lambda": 0.15
        }
      },
      "sensors": [
        "S3"
      ],
      "sources": [
        {
          "startTime": 0,
          "stopTime": -1,
          "lambda": 0.15
        }
      ]
    },
    "SC4": {
      "resptime": 34.216019726922056,
      "resptime_old": 24.21601972692206,
      "waittime": 19.56552449748896,
      "servicetime": 10.0,
      "networktime": 4.650495229433096,
      "services": {
        "MS4_1": {
          "meanserv": 0.6484910164642299,
          "stddevserv": 0.6484910164642299,
          "rate": 1.5420414078398554,
          "cv": 1.0,
          "lambda": 0.15
        },
        "MS4_2": {
          "meanserv": 0.013799723845032696,
          "stddevserv": 0.013799723845032696,
          "rate": 72.46521823405595,
          "cv": 1.0,
          "lambda": 0.15
        },
        "MS4_3": {
          "meanserv": 1.716267738737314,
          "stddevserv": 1.716267738737314,
          "rate": 0.5826596733302907,
          "cv": 1.0,
          "lambda": 0.15
        },
        "MS4_4": {
          "meanserv": 2.3251742050016455,
          "stddevserv": 2.3251742050016455,
          "rate": 0.43007530268008126,
          "cv": 1.0,
          "lambda": 0.15
        },
        "MS4_5": {
          "meanserv": 0.005206784034321288,
          "stddevserv": 0.005206784034321288,
          "rate": 192.05713035308398,
          "cv": 1.0,
          "lambda": 0.15
        },
        "MS4_6": {
          "meanserv": 0.44765056068005915,
          "stddevserv": 0.44765056068005915,
          "rate": 2.233885284273577,
          "cv": 1.0,
          "lambda": 0.15
        },
        "MS4_7": {
          "meanserv": 0.09857037764844989,
          "stddevserv": 0.09857037764844989,
          "rate": 10.14503569791006,
          "cv": 1.0,
          "lambda": 0.15
        },
        "MS4_8": {
          "meanserv": 0.906800455201676,
          "stddevserv": 0.906800455201676,
          "rate": 1.1027784495075006,
          "cv": 1.0,
          "lambda": 0.15
        },
        "MS4_9": {
          "meanserv": 0.5191488939527478,
          "stddevserv": 0.5191488939527478,
          "rate": 1.9262296648387325,
          "cv": 1.0,
          "lambda": 0.15
        },
        "MS4_10": {
          "meanserv": 0.384527814807222,
          "stddevserv": 0.384527814807222,
          "rate": 2.600592106714925,
          "cv": 1.0,
          "lambda": 0.15
        },
        "MS4_11": {
          "meanserv": 0.35225784600688126,
          "stddevserv": 0.35225784600688126,
          "rate": 2.838829599782613,
          "cv": 1.0,
          "lambda": 0.15
        },
        "MS4_12": {
          "meanserv": 0.2517798201861261,
          "stddevserv": 0.2517798201861261,
          "rate": 3.9717241805191477,
          "cv": 1.0,
          "lambda": 0.15
        },
        "MS4_13": {
          "meanserv": 1.1172241508868144,
          "stddevserv": 1.1172241508868144,
          "rate": 0.895075530909562,
          "cv": 1.0,
          "lambda": 0.15
        },
        "MS4_14": {
          "meanserv": 0.7035053671444356,
          "stddevserv": 0.7035053671444356,
          "rate": 1.4214532634755175,
          "cv": 1.0,
          "lambda": 0.15
        },
        "MS4_15": {
          "meanserv": 0.5095952454030446,
          "stddevserv": 0.5095952454030446,
          "rate": 1.9623416996543774,
          "cv": 1.0,
          "lambda": 0.15
        }
      },
      "sensors": [
        "S4"
      ],
      "sources": [
        {
          "startTime": 0,
          "stopTime": -1,
          "lambda": 0.15
        }
      ]
    }
  },
  "microservice": {
    "MS1_1": "F1",
    "MS1_2": "F1",
    "MS1_3": "F7",
    "MS1_4": "F7",
    "MS1_5": "F2",
    "MS1_6": "F2",
    "MS1_7": "F4",
    "MS1_8": "F1",
    "MS1_9": "F1",
    "MS1_10": "F1",
    "MS1_11": "F8",
    "MS1_12": "F2",
    "MS1_13": "F9",
    "MS1_14": "F9",
    "MS1_15": "F9",
    "MS2_1": "F9",
    "MS2_2": "F9",
    "MS2_3": "F8",
    "MS2_4": "F9",
    "MS2_5": "F9",
    "MS2_6": "F4",
    "MS2_7": "F7",
    "MS2_8": "F2",
    "MS2_9": "F9",
    "MS2_10": "F9",
    "MS2_11": "F9",
    "MS2_12": "F9",
    "MS2_13": "F9",
    "MS2_14": "F9",
    "MS2_15": "F9",
    "MS3_1": "F5",
    "MS3_2": "F10",
    "MS3_3": "F10",
    "MS3_4": "F10",
    "MS3_5": "F10",
    "MS3_6": "F1",
    "MS3_7": "F1",
    "MS3_8": "F1",
    "MS3_9": "F6",
    "MS3_10": "F6",
    "MS3_11": "F6",
    "MS3_12": "F3",
    "MS3_13": "F6",
    "MS3_14": "F9",
    "MS3_15": "F9",
    "MS4_1": "F3",
    "MS4_2": "F9",
    "MS4_3": "F6",
    "MS4_4": "F5",
    "MS4_5": "F1",
    "MS4_6": "F1",
    "MS4_7": "F1",
    "MS4_8": "F7",
    "MS4_9": "F7",
    "MS4_10": "F7",
    "MS4_11": "F9",
    "MS4_12": "F9",
    "MS4_13": "F3",
    "MS4_14": "F3",
    "MS4_15": "F3"
  },
  "sensor": {
    "S1": "F1",
    "S2": "F9",
    "S3": "F5",
    "S4": "F3"
  },
  "fog": {
    "F1": {
      "rho": 0.54879940229635,
      "capacity": 1.0,
      "tserv": 0.3326056983614243,
      "stddev": 0.5037241494737257,
      "mu": 3.006563041242171,
      "cv": 1.5144784107888507,
      "lambda": 1.6499999999999997,
      "twait": 0.6662242276272179
    },
    "F2": {
      "rho": 0.5757533718670774,
      "capacity": 1.0,
      "tserv": 0.9595889531117956,
      "stddev": 1.0667123017475295,
      "mu": 1.0421128721388024,
      "cv": 1.111634620519911,
      "lambda": 0.6,
      "twait": 1.4557707407319842
    },
    "F3": {
      "rho": 0.6408373916376106,
      "capacity": 1.0,
      "tserv": 0.8544498555168141,
      "stddev": 0.9531204208181241,
      "mu": 1.1703436937152385,
      "cv": 1.1154784738557058,
      "lambda": 0.75,
      "twait": 1.7107742990467198
    },
    "F4": {
      "rho": 0.6537573070045776,
      "capacity": 1.0,
      "tserv": 2.179191023348592,
      "stddev": 2.220403086219122,
      "mu": 0.4588858843881334,
      "cv": 1.0189116339178026,
      "lambda": 0.3,
      "twait": 4.193184539635519
    },
    "F5": {
      "rho": 0.6337935829157578,
      "capacity": 1.0,
      "tserv": 2.1126452763858596,
      "stddev": 2.1339182633907585,
      "mu": 0.4733402295110886,
      "cv": 1.0100693605512852,
      "lambda": 0.3,
      "twait": 3.6933584986553654
    },
    "F6": {
      "rho": 0.5381068480250295,
      "capacity": 1.0,
      "tserv": 0.717475797366706,
      "stddev": 1.0149528995217207,
      "mu": 1.3937752376738282,
      "cv": 1.4146162187586273,
      "lambda": 0.75,
      "twait": 1.254268087853889
    },
    "F7": {
      "rho": 0.6133867921499581,
      "capacity": 1.0,
      "tserv": 0.68154088016662,
      "stddev": 0.8771522473954119,
      "mu": 1.4672634160338622,
      "cv": 1.2870134028951716,
      "lambda": 0.9,
      "twait": 1.4361959320786322
    },
    "F8": {
      "rho": 0.62755407828722,
      "capacity": 1.0,
      "tserv": 2.0918469276240668,
      "stddev": 2.2072724654429563,
      "mu": 0.4780464511023311,
      "cv": 1.055178768720898,
      "lambda": 0.3,
      "twait": 3.7245173458139966
    },
    "F9": {
      "rho": 0.6173493566058141,
      "capacity": 1.0,
      "tserv": 0.21661380933537341,
      "stddev": 0.29057942584639124,
      "mu": 4.616510845122274,
      "cv": 1.341463070789269,
      "lambda": 2.849999999999999,
      "twait": 0.48918007855842544
    },
    "F10": {
      "rho": 0.5506618692106049,
      "capacity": 1.0,
      "tserv": 0.9177697820176749,
      "stddev": 1.2299540725735678,
      "mu": 1.089597870395717,
      "cv": 1.3401553381606988,
      "lambda": 0.6,
      "twait": 1.5723716052904306
    }
  },
  "extra": {
    "conv_gen": 445,
    "max_gen": 600,
    "population": 600,
    "deltatime": 84.7943009,
    "obj_func": 32.932085589513505
  },
  "network": [
    [
      0.0,
      1.0224549587711678,
      0.8340145125565543,
      0.5969916718975086,
      0.6105983214847776,
      0.7152341081684168,
      0.7368854412794951,
      0.5719100899121461,
      0.5670333795641884,
      0.5670333795641884
    ],
    [
      1.0224549587711678,
      0.0,
      0.8294163963886944,
      0.758079916148959,
      0.8206036368537892,
      0.8047889154959926,
      0.5807546749927146,
      0.5670333795641884,
      0.558831888324398,
      0.558831888324398
    ],
    [
      0.8340145125565543,
      0.8294163963886944,
      0.0,
      0.6587680619510785,
      0.7545307614195589,
      0.6725012654221965,
      0.5719100899121461,
      0.558831888324398,
      0.7147752596071071,
      0.7147752596071071
    ],
    [
      0.5969916718975086,
      0.758079916148959,
      0.6587680619510785,
      0.0,
      0.6370071063182305,
      0.7368854412794951,
      0.5670333795641884,
      0.7147752596071071,
      0.758506224545941,
      0.758506224545941
    ],
    [
      0.6105983214847776,
      0.8206036368537892,
      0.7545307614195589,
      0.6370071063182305,
      0.0,
      0.5807546749927146,
      0.558831888324398,
      0.758506224545941,
      0.5666021060485338,
      0.5666021060485338
    ],
    [
      0.7152341081684168,
      0.8047889154959926,
      0.6725012654221965,
      0.7368854412794951,
      0.5807546749927146,
      0.0,
      0.7147752596071071,
      0.5666021060485338,
      0.5744039002792767,
      0.5744039002792767
    ],
    [
      0.7368854412794951,
      0.5807546749927146,
      0.5719100899121461,
      0.5670333795641884,
      0.558831888324398,
      0.7147752596071071,
      0.0,
      0.5744039002792767,
      0.7183023721826182,
      0.7183023721826182
    ],
    [
      0.5719100899121461,
      0.5670333795641884,
      0.558831888324398,
      0.7147752596071071,
      0.758506224545941,
      0.5666021060485338,
      0.5744039002792767,
      0.0,
      0.5369960991928633,
      0.5369960991928633
    ],
    [
      0.5670333795641884,
      0.558831888324398,
      0.7147752596071071,
      0.758506224545941,
      0.5666021060485338,
      0.5744039002792767,
      0.7183023721826182,
      0.5369960991928633,
      0.0,
      0.7956735921352
    ],
    [
      0.5670333795641884,
      0.558831888324398,
      0.7147752596071071,
      0.758506224545941,
      0.5666021060485338,
      0.5744039002792767,
      0.7183023721826182,
      0.5369960991928633,
      0.7956735921352,
      0.0
    ]
  ]
}