{
  "servicechain": {
    "SC1": {
      "resptime": 41.79984642225465,
      "resptime_old": 31.799846422254657,
      "waittime": 26.34693939285666,
      "servicetime": 10.0,
      "networktime": 5.452907029397993,
      "services": {
        "MS1_1": {
          "meanserv": 0.3489992735705061,
          "stddevserv": 0.3489992735705061,
          "rate": 2.8653354769747863,
          "cv": 1.0,
          "lambda": 0.15
        },
        "MS1_2": {
          "meanserv": 0.21887148437116366,
          "stddevserv": 0.21887148437116366,
          "rate": 4.568891205142985,
          "cv": 1.0,
          "lambda": 0.15
        },
        "MS1_3": {
          "meanserv": 0.24416762690250615,
          "stddevserv": 0.24416762690250615,
          "rate": 4.095547033347262,
          "cv": 1.0,
          "lambda": 0.15
        },
        "MS1_4": {
          "meanserv": 0.33587804502932084,
          "stddevserv": 0.33587804502932084,
          "rate": 2.9772711101516145,
          "cv": 1.0,
          "lambda": 0.15
        },
        "MS1_5": {
          "meanserv": 3.3903261501735895,
          "stddevserv": 3.3903261501735895,
          "rate": 0.2949568730869148,
          "cv": 1.0,
          "lambda": 0.15
        },
        "MS1_6": {
          "meanserv": 1.0871320767721162,
          "stddevserv": 1.0871320767721162,
          "rate": 0.9198514342150345,
          "cv": 1.0,
          "lambda": 0.15
        },
        "MS1_7": {
          "meanserv": 3.9900930691243577,
          "stddevserv": 3.9900930691243577,
          "rate": 0.2506207205385949,
          "cv": 1.0,
          "lambda": 0.15
        },
        "MS1_8": {
          "meanserv": 0.18600895897637848,
          "stddevserv": 0.18600895897637848,
          "rate": 5.376085138603411,
          "cv": 1.0,
          "lambda": 0.15
        },
        "MS1_9": {
          "meanserv": 0.19852331508006138,
          "stddevserv": 0.19852331508006138,
          "rate": 5.0371917252979355,
          "cv": 1.0,
          "lambda": 0.15
        }
      },
      "sensors": [
        "S1"
      ],
      "sources": [
        {
          "startTime": 0,
          "stopTime": -1,
          "lambda": 0.15
        }
      ]
    },
    "SC2": {
      "resptime": 39.790181496183074,
      "resptime_old": 29.790181496183074,
      "waittime": 24.789273983803234,
      "servicetime": 10.0,
      "networktime": 5.000907512379841,
      "services": {
        "MS2_1": {
          "meanserv": 0.8418859689053615,
          "stddevserv": 0.8418859689053615,
          "rate": 1.1878093197113402,
          "cv": 1.0,
          "lambda": 0.15
        },
        "MS2_2": {
          "meanserv": 0.05672783596557651,
          "stddevserv": 0.05672783596557651,
          "rate": 17.62803010160335,
          "cv": 1.0,
          "lambda": 0.15
        },
        "MS2_3": {
          "meanserv": 0.817778560656981,
          "stddevserv": 0.817778560656981,
          "rate": 1.2228249163155211,
          "cv": 1.0,
          "lambda": 0.15
        },
        "MS2_4": {
          "meanserv": 0.02205478524990756,
          "stddevserv": 0.02205478524990756,
          "rate": 45.341633965997985,
          "cv": 1.0,
          "lambda": 0.15
        },
        "MS2_5": {
          "meanserv": 3.2376111093197935,
          "stddevserv": 3.2376111093197935,
          "rate": 0.30886970863220664,
          "cv": 1.0,
          "lambda": 0.15
        },
        "MS2_6": {
          "meanserv": 4.027913596042064,
          "stddevserv": 4.027913596042064,
          "rate": 0.2482674903907142,
          "cv": 1.0,
          "lambda": 0.15
        },
        "MS2_7": {
          "meanserv": 0.5202773057890511,
          "stddevserv": 0.5202773057890511,
          "rate": 1.9220519305246322,
          "cv": 1.0,
          "lambda": 0.15
        },
        "MS2_8": {
          "meanserv": 0.22517665035082146,
          "stddevserv": 0.22517665035082146,
          "rate": 4.440957792213432,
          "cv": 1.0,
          "lambda": 0.15
        },
        "MS2_9": {
          "meanserv": 0.25057418772044393,
          "stddevserv": 0.25057418772044393,
          "rate": 3.990834048380362,
          "cv": 1.0,
          "lambda": 0.15
        }
      },
      "sensors": [
        "S2"
      ],
      "sources": [
        {
          "startTime": 0,
          "stopTime": -1,
          "lambda": 0.15
        }
      ]
    },
    "SC3": {
      "resptime": 34.314169322344135,
      "resptime_old": 24.31416932234413,
      "waittime": 20.83703331365339,
      "servicetime": 10.0,
      "networktime": 3.4771360086907466,
      "services": {
        "MS3_1": {
          "meanserv": 1.7273631351145435,
          "stddevserv": 1.7273631351145435,
          "rate": 0.5789170671016368,
          "cv": 1.0,
          "lambda": 0.15
        },
        "MS3_2": {
          "meanserv": 1.0218910727850705,
          "stddevserv": 1.0218910727850705,
          "rate": 0.9785778803944256,
          "cv": 1.0,
          "lambda": 0.15
        },
        "MS3_3": {
          "meanserv": 0.26285013678142155,
          "stddevserv": 0.26285013678142155,
          "rate": 3.804449228160648,
          "cv": 1.0,
          "lambda": 0.15
        },
        "MS3_4": {
          "meanserv": 0.4908137396974599,
          "stddevserv": 0.4908137396974599,
          "rate": 2.0374327756521344,
          "cv": 1.0,
          "lambda": 0.15
        },
        "MS3_5": {
          "meanserv": 1.5437801841726433,
          "stddevserv": 1.5437801841726433,
          "rate": 0.6477606140124988,
          "cv": 1.0,
          "lambda": 0.15
        },
        "MS3_6": {
          "meanserv": 1.8897725537867087,
          "stddevserv": 1.8897725537867087,
          "rate": 0.5291642097331816,
          "cv": 1.0,
          "lambda": 0.15
        },
        "MS3_7": {
          "meanserv": 2.079832472276882,
          "stddevserv": 2.079832472276882,
          "rate": 0.48080795608756743,
          "cv": 1.0,
          "lambda": 0.15
        },
        "MS3_8": {
          "meanserv": 0.622412155245808,
          "stddevserv": 0.622412155245808,
          "rate": 1.6066524272892326,
          "cv": 1.0,
          "lambda": 0.15
        },
        "MS3_9": {
          "meanserv": 0.36128455013946237,
          "stddevserv": 0.36128455013946237,
          "rate": 2.76790136642705,
          "cv": 1.0,
          "lambda": 0.15
        }
      },
      "sensors": [
        "S3"
      ],
      "sources": [
        {
          "startTime": 0,
          "stopTime": -1,
          "lambda": 0.15
        }
      ]
    },
    "SC4": {
      "resptime": 35.53187927172012,
      "resptime_old": 25.531879271720122,
      "waittime": 22.41900718074978,
      "servicetime": 10.0,
      "networktime": 3.1128720909703422,
      "services": {
        "MS4_1": {
          "meanserv": 1.3840684670105785,
          "stddevserv": 1.3840684670105785,
          "rate": 0.7225076098727108,
          "cv": 1.0,
          "lambda": 0.15
        },
        "MS4_2": {
          "meanserv": 0.13690438539196936,
          "stddevserv": 0.13690438539196936,
          "rate": 7.304367914416412,
          "cv": 1.0,
          "lambda": 0.15
        },
        "MS4_3": {
          "meanserv": 0.641993601659735,
          "stddevserv": 0.641993601659735,
          "rate": 1.5576479226813433,
          "cv": 1.0,
          "lambda": 0.15
        },
        "MS4_4": {
          "meanserv": 0.4780478507742245,
          "stddevserv": 0.4780478507742245,
          "rate": 2.09184080292474,
          "cv": 1.0,
          "lambda": 0.15
        },
        "MS4_5": {
          "meanserv": 1.0880880052923128,
          "stddevserv": 1.0880880052923128,
          "rate": 0.9190433082031374,
          "cv": 1.0,
          "lambda": 0.15
        },
        "MS4_6": {
          "meanserv": 0.005283339927680597,
          "stddevserv": 0.005283339927680597,
          "rate": 189.27421170854004,
          "cv": 1.0,
          "lambda": 0.15
        },
        "MS4_7": {
          "meanserv": 0.5708560659443709,
          "stddevserv": 0.5708560659443709,
          "rate": 1.7517550564093483,
          "cv": 1.0,
          "lambda": 0.15
        },
        "MS4_8": {
          "meanserv": 2.056227202227749,
          "stddevserv": 2.056227202227749,
          "rate": 0.4863275803941239,
          "cv": 1.0,
          "lambda": 0.15
        },
        "MS4_9": {
          "meanserv": 3.6385310817713794,
          "stddevserv": 3.6385310817713794,
          "rate": 0.27483618458280723,
          "cv": 1.0,
          "lambda": 0.15
        }
      },
      "sensors": [
        "S4"
      ],
      "sources": [
        {
          "startTime": 0,
          "stopTime": -1,
          "lambda": 0.15
        }
      ]
    }
  },
  "microservice": {
    "MS1_1": "F9",
    "MS1_2": "F7",
    "MS1_3": "F6",
    "MS1_4": "F6",
    "MS1_5": "F4",
    "MS1_6": "F6",
    "MS1_7": "F2",
    "MS1_8": "F10",
    "MS1_9": "F10",
    "MS2_1": "F9",
    "MS2_2": "F8",
    "MS2_3": "F8",
    "MS2_4": "F8",
    "MS2_5": "F5",
    "MS2_6": "F1",
    "MS2_7": "F6",
    "MS2_8": "F9",
    "MS2_9": "F9",
    "MS3_1": "F8",
    "MS3_2": "F7",
    "MS3_3": "F7",
    "MS3_4": "F10",
    "MS3_5": "F10",
    "MS3_6": "F7",
    "MS3_7": "F6",
    "MS3_8": "F7",
    "MS3_9": "F7",
    "MS4_1": "F10",
    "MS4_2": "F10",
    "MS4_3": "F10",
    "MS4_4": "F8",
    "MS4_5": "F8",
    "MS4_6": "F8",
    "MS4_7": "F9",
    "MS4_8": "F9",
    "MS4_9": "F3"
  },
  "sensor": {
    "S1": "F9",
    "S2": "F9",
    "S3": "F8",
    "S4": "F10"
  },
  "fog": {
    "F1": {
      "rho": 0.6041870394063095,
      "capacity": 1.0,
      "tserv": 4.027913596042064,
      "stddev": 4.027913596042064,
      "mu": 0.2482674903907142,
      "cv": 1.0,
      "lambda": 0.15,
      "twait": 6.148391874098397
    },
    "F2": {
      "rho": 0.5985139603686537,
      "capacity": 1.0,
      "tserv": 3.990093069124358,
      "stddev": 3.990093069124357,
      "mu": 0.25062072053859485,
      "cv": 0.9999999999999997,
      "lambda": 0.15,
      "twait": 5.948217794157843
    },
    "F3": {
      "rho": 0.5457796622657068,
      "capacity": 1.0,
      "tserv": 3.638531081771379,
      "stddev": 3.63853108177138,
      "mu": 0.27483618458280723,
      "cv": 1.0000000000000002,
      "lambda": 0.15,
      "twait": 4.371966862730225
    },
    "F4": {
      "rho": 0.5085489225260384,
      "capacity": 1.0,
      "tserv": 3.39032615017359,
      "stddev": 3.390326150173589,
      "mu": 0.2949568730869148,
      "cv": 0.9999999999999998,
      "lambda": 0.15,
      "twait": 3.5082774048327945
    },
    "F5": {
      "rho": 0.485641666397969,
      "capacity": 1.0,
      "tserv": 3.2376111093197935,
      "stddev": 3.2376111093197935,
      "mu": 0.30886970863220664,
      "cv": 1.0,
      "lambda": 0.15,
      "twait": 3.0568550202497065
    },
    "F6": {
      "rho": 0.6400931290154814,
      "capacity": 1.0,
      "tserv": 0.8534575053539752,
      "stddev": 1.285255670682013,
      "mu": 1.171704500489741,
      "cv": 1.5059398536180753,
      "lambda": 0.75,
      "twait": 2.480091425409001
    },
    "F7": {
      "rho": 0.6565622929664453,
      "capacity": 1.0,
      "tserv": 0.7295136588516058,
      "stddev": 1.1036076405097124,
      "mu": 1.370776253283854,
      "cv": 1.5127991465533381,
      "lambda": 0.9,
      "twait": 2.2931756911368084
    },
    "F8": {
      "rho": 0.629301526947184,
      "capacity": 1.0,
      "tserv": 0.5993347875687466,
      "stddev": 1.0435564394012147,
      "mu": 1.6685165298957307,
      "cv": 1.7411911690200592,
      "lambda": 1.05,
      "twait": 2.051023880370088
    },
    "F9": {
      "rho": 0.6440579023078878,
      "capacity": 1.0,
      "tserv": 0.7156198914532087,
      "stddev": 1.1491556165410861,
      "mu": 1.3973898880441975,
      "cv": 1.6058184383437089,
      "lambda": 0.9,
      "twait": 2.3169546743119542
    },
    "F10": {
      "rho": 0.6873138977983241,
      "capacity": 1.0,
      "tserv": 0.6545846645698323,
      "stddev": 1.0064118085611142,
      "mu": 1.5276862629483707,
      "cv": 1.53748149480784,
      "lambda": 1.05,
      "twait": 2.420019776095127
    }
  },
  "extra": {
    "deltatime": 0.039362,
    "obj_func": 37.859019128125496
  },
  "network": [
    [
      0.0,
      1.308379104215498,
      0.9831956083103711,
      1.1816799624273584,
      0.7774702083852923,
      0.8856262605277663,
      0.8307073116131148,
      1.1578651649163916,
      1.3648026653944443,
      1.3648026653944443
    ],
    [
      1.308379104215498,
      0.0,
      1.1899001755842544,
      1.0524852417444928,
      1.217673790039259,
      0.9985769411964102,
      1.0468165772355917,
      1.3648026653944443,
      1.4973456708764226,
      1.4973456708764226
    ],
    [
      0.9831956083103711,
      1.1899001755842544,
      0.0,
      0.9565150078253557,
      1.4245295241400913,
      1.1298426966300208,
      1.1578651649163916,
      1.4973456708764226,
      0.5865159633055704,
      0.5865159633055704
    ],
    [
      1.1816799624273584,
      1.0524852417444928,
      0.9565150078253557,
      0.0,
      1.1656987582970655,
      0.8307073116131148,
      1.3648026653944443,
      0.5865159633055704,
      1.1886365591415113,
      1.1886365591415113
    ],
    [
      0.7774702083852923,
      1.217673790039259,
      1.4245295241400913,
      1.1656987582970655,
      0.0,
      1.0468165772355917,
      1.4973456708764226,
      1.1886365591415113,
      1.3717593987725782,
      1.3717593987725782
    ],
    [
      0.8856262605277663,
      0.9985769411964102,
      1.1298426966300208,
      0.8307073116131148,
      1.0468165772355917,
      0.0,
      0.5865159633055704,
      1.3717593987725782,
      0.8859964204928855,
      0.8859964204928855
    ],
    [
      0.8307073116131148,
      1.0468165772355917,
      1.1578651649163916,
      1.3648026653944443,
      1.4973456708764226,
      0.5865159633055704,
      0.0,
      0.8859964204928855,
      0.7090538307933602,
      0.7090538307933602
    ],
    [
      1.1578651649163916,
      1.3648026653944443,
      1.4973456708764226,
      0.5865159633055704,
      1.1886365591415113,
      1.3717593987725782,
      0.8859964204928855,
      0.0,
      1.263178063832386,
      1.263178063832386
    ],
    [
      1.3648026653944443,
      1.4973456708764226,
      0.5865159633055704,
      1.1886365591415113,
      1.3717593987725782,
      0.8859964204928855,
      0.7090538307933602,
      1.263178063832386,
      0.0,
      1.2087634640494878
    ],
    [
      1.3648026653944443,
      1.4973456708764226,
      0.5865159633055704,
      1.1886365591415113,
      1.3717593987725782,
      0.8859964204928855,
      0.7090538307933602,
      1.263178063832386,
      1.2087634640494878,
      0.0
    ]
  ]
}