{
  "servicechain": {
    "SC1": {
      "resptime": 9130.4819555623,
      "resptime_old": 9120.4819555623,
      "waittime": 9113.873156361842,
      "servicetime": 10.0,
      "networktime": 6.608799200458032,
      "services": {
        "MS1_1": {
          "meanserv": 6.3627379693130015,
          "stddevserv": 6.3627379693130015,
          "rate": 0.15716504511468546,
          "cv": 1.0,
          "lambda": 0.225
        },
        "MS1_2": {
          "meanserv": 0.10810609585252617,
          "stddevserv": 0.10810609585252617,
          "rate": 9.25017217682302,
          "cv": 1.0,
          "lambda": 0.225
        },
        "MS1_3": {
          "meanserv": 1.0981175584714196,
          "stddevserv": 1.0981175584714196,
          "rate": 0.9106493128039959,
          "cv": 1.0,
          "lambda": 0.225
        },
        "MS1_4": {
          "meanserv": 1.5656044367513333,
          "stddevserv": 1.5656044367513333,
          "rate": 0.6387309441170363,
          "cv": 1.0,
          "lambda": 0.225
        },
        "MS1_5": {
          "meanserv": 0.8654339396117194,
          "stddevserv": 0.8654339396117194,
          "rate": 1.1554896962426204,
          "cv": 1.0,
          "lambda": 0.225
        }
      },
      "sensors": [
        "S1"
      ],
      "sources": [
        {
          "startTime": 0,
          "stopTime": -1,
          "lambda": 0.225
        }
      ]
    },
    "SC2": {
      "resptime": 5042.169800163428,
      "resptime_old": 5032.169800163428,
      "waittime": 5026.433187797536,
      "servicetime": 10.0,
      "networktime": 5.73661236589078,
      "services": {
        "MS2_1": {
          "meanserv": 0.8914277822923644,
          "stddevserv": 0.8914277822923644,
          "rate": 1.1217958648634834,
          "cv": 1.0,
          "lambda": 0.225
        },
        "MS2_2": {
          "meanserv": 4.723386400665207,
          "stddevserv": 4.723386400665207,
          "rate": 0.21171251199333752,
          "cv": 1.0,
          "lambda": 0.225
        },
        "MS2_3": {
          "meanserv": 2.938581016377791,
          "stddevserv": 2.938581016377791,
          "rate": 0.34030029950735846,
          "cv": 1.0,
          "lambda": 0.225
        },
        "MS2_4": {
          "meanserv": 0.8191688520925684,
          "stddevserv": 0.8191688520925684,
          "rate": 1.2207495407637852,
          "cv": 1.0,
          "lambda": 0.225
        },
        "MS2_5": {
          "meanserv": 0.6274359485720691,
          "stddevserv": 0.6274359485720691,
          "rate": 1.593788182324936,
          "cv": 1.0,
          "lambda": 0.225
        }
      },
      "sensors": [
        "S2"
      ],
      "sources": [
        {
          "startTime": 0,
          "stopTime": -1,
          "lambda": 0.225
        }
      ]
    },
    "SC3": {
      "resptime": 47.036713576258094,
      "resptime_old": 37.036713576258094,
      "waittime": 32.195897336377485,
      "servicetime": 10.0,
      "networktime": 4.840816239880607,
      "services": {
        "MS3_1": {
          "meanserv": 1.7711737966288088,
          "stddevserv": 1.7711737966288088,
          "rate": 0.5645973319520453,
          "cv": 1.0,
          "lambda": 0.225
        },
        "MS3_2": {
          "meanserv": 3.618505193965007,
          "stddevserv": 3.618505193965007,
          "rate": 0.2763572100622693,
          "cv": 1.0,
          "lambda": 0.225
        },
        "MS3_3": {
          "meanserv": 2.147478506272912,
          "stddevserv": 2.147478506272912,
          "rate": 0.4656624022447446,
          "cv": 1.0,
          "lambda": 0.225
        },
        "MS3_4": {
          "meanserv": 0.481325869975441,
          "stddevserv": 0.481325869975441,
          "rate": 2.0775945412014183,
          "cv": 1.0,
          "lambda": 0.225
        },
        "MS3_5": {
          "meanserv": 1.981516633157831,
          "stddevserv": 1.981516633157831,
          "rate": 0.5046639444082569,
          "cv": 1.0,
          "lambda": 0.225
        }
      },
      "sensors": [
        "S3"
      ],
      "sources": [
        {
          "startTime": 0,
          "stopTime": -1,
          "lambda": 0.225
        }
      ]
    },
    "SC4": {
      "resptime": 10146.699705311732,
      "resptime_old": 10136.699705311734,
      "waittime": 10132.342124441233,
      "servicetime": 10.0,
      "networktime": 4.357580870498906,
      "services": {
        "MS4_1": {
          "meanserv": 0.5851101561715966,
          "stddevserv": 0.5851101561715966,
          "rate": 1.709079887696784,
          "cv": 1.0,
          "lambda": 0.225
        },
        "MS4_2": {
          "meanserv": 1.6071498046171484,
          "stddevserv": 1.6071498046171484,
          "rate": 0.6222195324462724,
          "cv": 1.0,
          "lambda": 0.225
        },
        "MS4_3": {
          "meanserv": 0.3146931157859947,
          "stddevserv": 0.3146931157859947,
          "rate": 3.177699002097156,
          "cv": 1.0,
          "lambda": 0.225
        },
        "MS4_4": {
          "meanserv": 6.710812242119782,
          "stddevserv": 6.710812242119782,
          "rate": 0.14901325859239423,
          "cv": 1.0,
          "lambda": 0.225
        },
        "MS4_5": {
          "meanserv": 0.7822346813054786,
          "stddevserv": 0.7822346813054786,
          "rate": 1.2783887289823188,
          "cv": 1.0,
          "lambda": 0.225
        }
      },
      "sensors": [
        "S4"
      ],
      "sources": [
        {
          "startTime": 0,
          "stopTime": -1,
          "lambda": 0.225
        }
      ]
    }
  },
  "microservice": {
    "MS1_1": "F3",
    "MS1_2": "F8",
    "MS1_3": "F10",
    "MS1_4": "F4",
    "MS1_5": "F6",
    "MS2_1": "F8",
    "MS2_2": "F7",
    "MS2_3": "F5",
    "MS2_4": "F6",
    "MS2_5": "F6",
    "MS3_1": "F4",
    "MS3_2": "F2",
    "MS3_3": "F10",
    "MS3_4": "F9",
    "MS3_5": "F9",
    "MS4_1": "F9",
    "MS4_2": "F8",
    "MS4_3": "F8",
    "MS4_4": "F1",
    "MS4_5": "F6"
  },
  "sensor": {
    "S1": "F3",
    "S2": "F8",
    "S3": "F4",
    "S4": "F9"
  },
  "fog": {
    "F1": {
      "rho": 1.509932754476951,
      "capacity": 1.0,
      "tserv": 6.710812242119782,
      "stddev": 6.710812242119782,
      "mu": 0.14901325859239423,
      "cv": 1.0,
      "lambda": 0.225,
      "twait": 10122.742338308035
    },
    "F2": {
      "rho": 0.8141636686421265,
      "capacity": 1.0,
      "tserv": 3.618505193965007,
      "stddev": 3.618505193965007,
      "mu": 0.2763572100622693,
      "cv": 1.0,
      "lambda": 0.225,
      "twait": 15.852957504018883
    },
    "F3": {
      "rho": 1.4316160430954255,
      "capacity": 1.0,
      "tserv": 6.3627379693130015,
      "stddev": 6.3627379693130015,
      "mu": 0.15716504511468546,
      "cv": 1.0,
      "lambda": 0.225,
      "twait": 9099.888757126013
    },
    "F4": {
      "rho": 0.750775102510532,
      "capacity": 1.0,
      "tserv": 1.668389116690071,
      "stddev": 1.6747094152568958,
      "mu": 0.5993805581661351,
      "cv": 1.00378826408276,
      "lambda": 0.45,
      "twait": 5.04499804581975
    },
    "F5": {
      "rho": 0.661180728685003,
      "capacity": 1.0,
      "tserv": 2.9385810163777912,
      "stddev": 2.93858101637779,
      "mu": 0.3403002995073584,
      "cv": 0.9999999999999996,
      "lambda": 0.225,
      "twait": 5.734423340702653
    },
    "F6": {
      "rho": 0.696211519855913,
      "capacity": 1.0,
      "tserv": 0.773568355395459,
      "stddev": 0.7838253878669864,
      "mu": 1.2927105833960673,
      "cv": 1.0132593744301805,
      "lambda": 0.9,
      "twait": 1.7964986932732856
    },
    "F7": {
      "rho": 1.0627619401496717,
      "capacity": 1.0,
      "tserv": 4.723386400665207,
      "stddev": 4.723386400665207,
      "mu": 0.21171251199333752,
      "cv": 1.0,
      "lambda": 0.225,
      "twait": 5014.815459952278
    },
    "F8": {
      "rho": 0.6573097796733077,
      "capacity": 1.0,
      "tserv": 0.7303441996370085,
      "stddev": 1.1003379868750214,
      "mu": 1.3692174189882171,
      "cv": 1.5066019384037077,
      "lambda": 0.9,
      "twait": 2.2903071180099426
    },
    "F9": {
      "rho": 0.6857893483435955,
      "capacity": 1.0,
      "tserv": 1.0159842197682896,
      "stddev": 1.4028781731893525,
      "mu": 0.9842672558714199,
      "cv": 1.3808070498469946,
      "lambda": 0.675,
      "twait": 3.2226732039058197
    },
    "F10": {
      "rho": 0.7302591145674747,
      "capacity": 1.0,
      "tserv": 1.6227980323721658,
      "stddev": 1.78439139575834,
      "mu": 0.6162196281062929,
      "cv": 1.0995770022902733,
      "lambda": 0.45,
      "twait": 4.852595378727211
    }
  },
  "extra": {
    "deltatime": 0.5428353,
    "conv": 28,
    "obj_func": 6091.59704365343
  },
  "network": [
    [
      0.0,
      3.1719797058438672,
      2.101133266949735,
      1.9721832272804878,
      2.4846850369976243,
      1.7541452891992517,
      1.7518164100753975,
      1.585457588054285,
      2.1563990934221327,
      2.1563990934221327
    ],
    [
      3.1719797058438672,
      0.0,
      3.1293162983455254,
      1.548946233188779,
      2.1091718074998957,
      1.8346862154196026,
      2.2537856014885755,
      2.1563990934221327,
      1.587617226172356,
      1.587617226172356
    ],
    [
      2.101133266949735,
      3.1293162983455254,
      0.0,
      1.1917308614867463,
      1.627727290781588,
      2.1718749251568457,
      1.585457588054285,
      1.587617226172356,
      2.9015763395685363,
      2.9015763395685363
    ],
    [
      1.9721832272804878,
      1.548946233188779,
      1.1917308614867463,
      0.0,
      2.05173532233698,
      1.7518164100753975,
      2.1563990934221327,
      2.9015763395685363,
      2.251387570964909,
      2.251387570964909
    ],
    [
      2.4846850369976243,
      2.1091718074998957,
      1.627727290781588,
      2.05173532233698,
      0.0,
      2.2537856014885755,
      1.587617226172356,
      2.251387570964909,
      1.9802221145206724,
      1.9802221145206724
    ],
    [
      1.7541452891992517,
      1.8346862154196026,
      2.1718749251568457,
      1.7518164100753975,
      2.2537856014885755,
      0.0,
      2.9015763395685363,
      1.9802221145206724,
      1.8952095382298477,
      1.8952095382298477
    ],
    [
      1.7518164100753975,
      2.2537856014885755,
      1.585457588054285,
      2.1563990934221327,
      1.587617226172356,
      2.9015763395685363,
      0.0,
      1.8952095382298477,
      2.0351082206221998,
      2.0351082206221998
    ],
    [
      1.585457588054285,
      2.1563990934221327,
      1.587617226172356,
      2.9015763395685363,
      2.251387570964909,
      1.9802221145206724,
      1.8952095382298477,
      0.0,
      1.0179779932453694,
      1.0179779932453694
    ],
    [
      2.1563990934221327,
      1.587617226172356,
      2.9015763395685363,
      2.251387570964909,
      1.9802221145206724,
      1.8952095382298477,
      2.0351082206221998,
      1.0179779932453694,
      0.0,
      1.7042527805194723
    ],
    [
      2.1563990934221327,
      1.587617226172356,
      2.9015763395685363,
      2.251387570964909,
      1.9802221145206724,
      1.8952095382298477,
      2.0351082206221998,
      1.0179779932453694,
      1.7042527805194723,
      0.0
    ]
  ]
}