{
  "servicechain": {
    "SC1": {
      "resptime": 33.776007263797524,
      "resptime_old": 23.776007263797524,
      "waittime": 19.17796086716834,
      "servicetime": 10.0,
      "networktime": 4.598046396629184,
      "services": {
        "MS1_1": {
          "meanserv": 1.657297787266514,
          "stddevserv": 1.657297787266514,
          "rate": 0.6033918633593081,
          "cv": 1.0,
          "lambda": 0.15
        },
        "MS1_2": {
          "meanserv": 1.0006187367626582,
          "stddevserv": 1.0006187367626582,
          "rate": 0.9993816458357955,
          "cv": 1.0,
          "lambda": 0.15
        },
        "MS1_3": {
          "meanserv": 0.11293954214941859,
          "stddevserv": 0.11293954214941859,
          "rate": 8.854294793200097,
          "cv": 1.0,
          "lambda": 0.15
        },
        "MS1_4": {
          "meanserv": 1.762058938065814,
          "stddevserv": 1.762058938065814,
          "rate": 0.5675179066925452,
          "cv": 1.0,
          "lambda": 0.15
        },
        "MS1_5": {
          "meanserv": 0.629150257018404,
          "stddevserv": 0.629150257018404,
          "rate": 1.5894454287264923,
          "cv": 1.0,
          "lambda": 0.15
        },
        "MS1_6": {
          "meanserv": 1.9035953559587835,
          "stddevserv": 1.9035953559587835,
          "rate": 0.5253217270517716,
          "cv": 1.0,
          "lambda": 0.15
        },
        "MS1_7": {
          "meanserv": 0.4190932744182936,
          "stddevserv": 0.4190932744182936,
          "rate": 2.386103669613911,
          "cv": 1.0,
          "lambda": 0.15
        },
        "MS1_8": {
          "meanserv": 2.515246108360114,
          "stddevserv": 2.515246108360114,
          "rate": 0.39757540889387494,
          "cv": 1.0,
          "lambda": 0.15
        }
      },
      "sensors": [
        "S1"
      ],
      "sources": [
        {
          "startTime": 0,
          "stopTime": -1,
          "lambda": 0.15
        }
      ]
    },
    "SC2": {
      "resptime": 29.098458315664246,
      "resptime_old": 19.098458315664246,
      "waittime": 16.910308680898748,
      "servicetime": 10.0,
      "networktime": 2.1881496347655,
      "services": {
        "MS2_1": {
          "meanserv": 2.592365711658614,
          "stddevserv": 2.592365711658614,
          "rate": 0.3857480429951347,
          "cv": 1.0,
          "lambda": 0.15
        },
        "MS2_2": {
          "meanserv": 1.2957499490420759,
          "stddevserv": 1.2957499490420759,
          "rate": 0.7717538408851813,
          "cv": 1.0,
          "lambda": 0.15
        },
        "MS2_3": {
          "meanserv": 3.169518842640456,
          "stddevserv": 3.169518842640456,
          "rate": 0.31550530211296113,
          "cv": 1.0,
          "lambda": 0.15
        },
        "MS2_4": {
          "meanserv": 0.6779537019181907,
          "stddevserv": 0.6779537019181907,
          "rate": 1.4750269777576506,
          "cv": 1.0,
          "lambda": 0.15
        },
        "MS2_5": {
          "meanserv": 1.13634005187836,
          "stddevserv": 1.13634005187836,
          "rate": 0.8800182642044597,
          "cv": 1.0,
          "lambda": 0.15
        },
        "MS2_6": {
          "meanserv": 0.4603464837997997,
          "stddevserv": 0.4603464837997997,
          "rate": 2.1722768288480956,
          "cv": 1.0,
          "lambda": 0.15
        },
        "MS2_7": {
          "meanserv": 0.009955797396919763,
          "stddevserv": 0.009955797396919763,
          "rate": 100.44398857588155,
          "cv": 1.0,
          "lambda": 0.15
        },
        "MS2_8": {
          "meanserv": 0.657769461665584,
          "stddevserv": 0.657769461665584,
          "rate": 1.5202894908921891,
          "cv": 1.0,
          "lambda": 0.15
        }
      },
      "sensors": [
        "S2"
      ],
      "sources": [
        {
          "startTime": 0,
          "stopTime": -1,
          "lambda": 0.15
        }
      ]
    },
    "SC3": {
      "resptime": 33.08426500306888,
      "resptime_old": 23.084265003068875,
      "waittime": 19.67733771372031,
      "servicetime": 10.0,
      "networktime": 3.406927289348566,
      "services": {
        "MS3_1": {
          "meanserv": 0.06632883037274717,
          "stddevserv": 0.06632883037274717,
          "rate": 15.076400328187825,
          "cv": 1.0,
          "lambda": 0.15
        },
        "MS3_2": {
          "meanserv": 2.879413673184197,
          "stddevserv": 2.879413673184197,
          "rate": 0.3472929260956627,
          "cv": 1.0,
          "lambda": 0.15
        },
        "MS3_3": {
          "meanserv": 0.7648368228785487,
          "stddevserv": 0.7648368228785487,
          "rate": 1.3074684299801211,
          "cv": 1.0,
          "lambda": 0.15
        },
        "MS3_4": {
          "meanserv": 4.301564344198985,
          "stddevserv": 4.301564344198985,
          "rate": 0.23247356542476988,
          "cv": 1.0,
          "lambda": 0.15
        },
        "MS3_5": {
          "meanserv": 1.025866241982337,
          "stddevserv": 1.025866241982337,
          "rate": 0.9747859507177522,
          "cv": 1.0,
          "lambda": 0.15
        },
        "MS3_6": {
          "meanserv": 0.36557040786225414,
          "stddevserv": 0.36557040786225414,
          "rate": 2.73545117026211,
          "cv": 1.0,
          "lambda": 0.15
        },
        "MS3_7": {
          "meanserv": 0.5932971073680289,
          "stddevserv": 0.5932971073680289,
          "rate": 1.6854961663915358,
          "cv": 1.0,
          "lambda": 0.15
        },
        "MS3_8": {
          "meanserv": 0.0031225721529022366,
          "stddevserv": 0.0031225721529022366,
          "rate": 320.2488048420474,
          "cv": 1.0,
          "lambda": 0.15
        }
      },
      "sensors": [
        "S3"
      ],
      "sources": [
        {
          "startTime": 0,
          "stopTime": -1,
          "lambda": 0.15
        }
      ]
    },
    "SC4": {
      "resptime": 34.61621929241551,
      "resptime_old": 24.61621929241551,
      "waittime": 19.83689342371001,
      "servicetime": 10.0,
      "networktime": 4.779325868705498,
      "services": {
        "MS4_1": {
          "meanserv": 1.2464690798377576,
          "stddevserv": 1.2464690798377576,
          "rate": 0.802266190293434,
          "cv": 1.0,
          "lambda": 0.15
        },
        "MS4_2": {
          "meanserv": 0.6701138610770685,
          "stddevserv": 0.6701138610770685,
          "rate": 1.4922837118944356,
          "cv": 1.0,
          "lambda": 0.15
        },
        "MS4_3": {
          "meanserv": 2.549944482486741,
          "stddevserv": 2.549944482486741,
          "rate": 0.392165400803074,
          "cv": 1.0,
          "lambda": 0.15
        },
        "MS4_4": {
          "meanserv": 0.2584439633066893,
          "stddevserv": 0.2584439633066893,
          "rate": 3.8693107287374473,
          "cv": 1.0,
          "lambda": 0.15
        },
        "MS4_5": {
          "meanserv": 1.3854291709183624,
          "stddevserv": 1.3854291709183624,
          "rate": 0.7217979965999474,
          "cv": 1.0,
          "lambda": 0.15
        },
        "MS4_6": {
          "meanserv": 0.44830973633696125,
          "stddevserv": 0.44830973633696125,
          "rate": 2.230600673924186,
          "cv": 1.0,
          "lambda": 0.15
        },
        "MS4_7": {
          "meanserv": 3.135608202139178,
          "stddevserv": 3.135608202139178,
          "rate": 0.3189173951381359,
          "cv": 1.0,
          "lambda": 0.15
        },
        "MS4_8": {
          "meanserv": 0.305681503897242,
          "stddevserv": 0.305681503897242,
          "rate": 3.2713788281287712,
          "cv": 1.0,
          "lambda": 0.15
        }
      },
      "sensors": [
        "S4"
      ],
      "sources": [
        {
          "startTime": 0,
          "stopTime": -1,
          "lambda": 0.15
        }
      ]
    }
  },
  "microservice": {
    "MS1_1": "F9",
    "MS1_2": "F10",
    "MS1_3": "F10",
    "MS1_4": "F10",
    "MS1_5": "F10",
    "MS1_6": "F7",
    "MS1_7": "F3",
    "MS1_8": "F7",
    "MS2_1": "F1",
    "MS2_2": "F1",
    "MS2_3": "F6",
    "MS2_4": "F6",
    "MS2_5": "F3",
    "MS2_6": "F3",
    "MS2_7": "F3",
    "MS2_8": "F3",
    "MS3_1": "F3",
    "MS3_2": "F8",
    "MS3_3": "F8",
    "MS3_4": "F2",
    "MS3_5": "F5",
    "MS3_6": "F5",
    "MS3_7": "F5",
    "MS3_8": "F5",
    "MS4_1": "F5",
    "MS4_2": "F5",
    "MS4_3": "F9",
    "MS4_4": "F3",
    "MS4_5": "F4",
    "MS4_6": "F3",
    "MS4_7": "F4",
    "MS4_8": "F3"
  },
  "sensor": {
    "S1": "F9",
    "S2": "F1",
    "S3": "F3",
    "S4": "F5"
  },
  "fog": {
    "F1": {
      "rho": 0.5832173491051034,
      "capacity": 1.0,
      "tserv": 1.9440578303503446,
      "stddev": 2.149410864790472,
      "mu": 0.5143879901040737,
      "cv": 1.10563113464743,
      "lambda": 0.3,
      "twait": 3.0229165832806966
    },
    "F2": {
      "rho": 0.6452346516298477,
      "capacity": 1.0,
      "tserv": 4.301564344198985,
      "stddev": 4.301564344198985,
      "mu": 0.23247356542476988,
      "cv": 1.0,
      "lambda": 0.15,
      "twait": 7.823532889679822
    },
    "F3": {
      "rho": 0.5643403654608896,
      "capacity": 1.0,
      "tserv": 0.41802990034139975,
      "stddev": 0.6129766466884253,
      "mu": 2.39217338085939,
      "cv": 1.4663464172965022,
      "lambda": 1.3499999999999999,
      "twait": 0.8529142781253023
    },
    "F4": {
      "rho": 0.678155605958631,
      "capacity": 1.0,
      "tserv": 2.26051868652877,
      "stddev": 2.5771123477272524,
      "mu": 0.44237634749907334,
      "cv": 1.1400535474823437,
      "lambda": 0.3,
      "twait": 5.476925962912777
    },
    "F5": {
      "rho": 0.5856658905420522,
      "capacity": 1.0,
      "tserv": 0.650739878380058,
      "stddev": 0.8699434969139439,
      "mu": 1.5367123380994951,
      "cv": 1.3368529051570777,
      "lambda": 0.9,
      "twait": 1.2818612385218897
    },
    "F6": {
      "rho": 0.577120881683797,
      "capacity": 1.0,
      "tserv": 1.9237362722793236,
      "stddev": 2.608583843872826,
      "mu": 0.5198217730828343,
      "cv": 1.3559986789572078,
      "lambda": 0.3,
      "twait": 3.7264092009180736
    },
    "F7": {
      "rho": 0.6628262196478346,
      "capacity": 1.0,
      "tserv": 2.209420732159449,
      "stddev": 2.251354768390036,
      "mu": 0.45260732165874884,
      "cv": 1.018979651824667,
      "lambda": 0.3,
      "twait": 4.426562285384113
    },
    "F8": {
      "rho": 0.5466375744094119,
      "capacity": 1.0,
      "tserv": 1.822125248031373,
      "stddev": 2.357086771300045,
      "mu": 0.5488096941087895,
      "cv": 1.293592069945052,
      "lambda": 0.3,
      "twait": 2.936722795913811
    },
    "F9": {
      "rho": 0.6310863404629883,
      "capacity": 1.0,
      "tserv": 2.1036211348766276,
      "stddev": 2.196276608340449,
      "mu": 0.47537077063006766,
      "cv": 1.0440457038235904,
      "lambda": 0.3,
      "twait": 3.7605761864647707
    },
    "F10": {
      "rho": 0.5257151210994442,
      "capacity": 1.0,
      "tserv": 0.8761918684990737,
      "stddev": 1.220502061206283,
      "mu": 1.141302534241742,
      "cv": 1.3929620955020003,
      "lambda": 0.6,
      "twait": 1.4278364579525102
    }
  },
  "extra": {
    "deltatime": 2.620545,
    "conv": 8,
    "obj_func": 32.64373746873654
  },
  "network": [
    [
      0.0,
      1.4223852221649567,
      1.5947905441077108,
      1.1857651309845554,
      1.4795473339933904,
      1.172476022919011,
      1.5589387529261636,
      0.9682766141831248,
      1.1322625090795826,
      1.1322625090795826
    ],
    [
      1.4223852221649567,
      0.0,
      1.7688054040652446,
      1.7741053596904701,
      1.0783517289033033,
      0.9687132195545042,
      1.4421319580500356,
      1.1322625090795826,
      1.19631305136568,
      1.19631305136568
    ],
    [
      1.5947905441077108,
      1.7688054040652446,
      0.0,
      0.6373318447739805,
      0.9475194946236039,
      1.015673611846489,
      0.9682766141831248,
      1.19631305136568,
      1.1721058624071043,
      1.1721058624071043
    ],
    [
      1.1857651309845554,
      1.7741053596904701,
      0.6373318447739805,
      0.0,
      1.070541793901122,
      1.5589387529261636,
      1.1322625090795826,
      1.1721058624071043,
      1.2497636422841552,
      1.2497636422841552
    ],
    [
      1.4795473339933904,
      1.0783517289033033,
      0.9475194946236039,
      1.070541793901122,
      0.0,
      1.4421319580500356,
      1.19631305136568,
      1.2497636422841552,
      1.057892627202472,
      1.057892627202472
    ],
    [
      1.172476022919011,
      0.9687132195545042,
      1.015673611846489,
      1.5589387529261636,
      1.4421319580500356,
      0.0,
      1.1721058624071043,
      1.057892627202472,
      1.1148547404093465,
      1.1148547404093465
    ],
    [
      1.5589387529261636,
      1.4421319580500356,
      0.9682766141831248,
      1.1322625090795826,
      1.19631305136568,
      1.1721058624071043,
      0.0,
      1.1148547404093465,
      1.3553087248214555,
      1.3553087248214555
    ],
    [
      0.9682766141831248,
      1.1322625090795826,
      1.19631305136568,
      1.1721058624071043,
      1.2497636422841552,
      1.057892627202472,
      1.1148547404093465,
      0.0,
      1.3034314052567406,
      1.3034314052567406
    ],
    [
      1.1322625090795826,
      1.19631305136568,
      1.1721058624071043,
      1.2497636422841552,
      1.057892627202472,
      1.1148547404093465,
      1.3553087248214555,
      1.3034314052567406,
      0.0,
      1.3061844434414784
    ],
    [
      1.1322625090795826,
      1.19631305136568,
      1.1721058624071043,
      1.2497636422841552,
      1.057892627202472,
      1.1148547404093465,
      1.3553087248214555,
      1.3034314052567406,
      1.3061844434414784,
      0.0
    ]
  ]
}