{
  "servicechain": {
    "SC1": {
      "resptime": 39.297262972214476,
      "resptime_old": 29.297262972214476,
      "waittime": 23.86956937834824,
      "servicetime": 10.0,
      "networktime": 5.427693593866235,
      "services": {
        "MS1_1": {
          "meanserv": 2.919101001482823,
          "stddevserv": 2.919101001482823,
          "rate": 0.34257122295255543,
          "cv": 1.0,
          "lambda": 0.175
        },
        "MS1_2": {
          "meanserv": 0.014019646428335975,
          "stddevserv": 0.014019646428335975,
          "rate": 71.32847501623422,
          "cv": 1.0,
          "lambda": 0.175
        },
        "MS1_3": {
          "meanserv": 3.5479028649770035,
          "stddevserv": 3.5479028649770035,
          "rate": 0.28185664547681516,
          "cv": 1.0,
          "lambda": 0.175
        },
        "MS1_4": {
          "meanserv": 3.2567935811187905,
          "stddevserv": 3.2567935811187905,
          "rate": 0.30705047006893044,
          "cv": 1.0,
          "lambda": 0.175
        },
        "MS1_5": {
          "meanserv": 0.26218290599304694,
          "stddevserv": 0.26218290599304694,
          "rate": 3.81413119292575,
          "cv": 1.0,
          "lambda": 0.175
        }
      },
      "sensors": [
        "S1"
      ],
      "sources": [
        {
          "startTime": 0,
          "stopTime": -1,
          "lambda": 0.175
        }
      ]
    },
    "SC2": {
      "resptime": 49.965076394419114,
      "resptime_old": 39.965076394419114,
      "waittime": 34.45202086482831,
      "servicetime": 10.0,
      "networktime": 5.513055529590803,
      "services": {
        "MS2_1": {
          "meanserv": 0.8980572421706035,
          "stddevserv": 0.8980572421706035,
          "rate": 1.1135147661445288,
          "cv": 1.0,
          "lambda": 0.175
        },
        "MS2_2": {
          "meanserv": 0.04264771966883574,
          "stddevserv": 0.04264771966883574,
          "rate": 23.447912520648483,
          "cv": 1.0,
          "lambda": 0.175
        },
        "MS2_3": {
          "meanserv": 0.9397266594671927,
          "stddevserv": 0.9397266594671927,
          "rate": 1.0641392259393612,
          "cv": 1.0,
          "lambda": 0.175
        },
        "MS2_4": {
          "meanserv": 4.274612227209239,
          "stddevserv": 4.274612227209239,
          "rate": 0.23393934861148066,
          "cv": 1.0,
          "lambda": 0.175
        },
        "MS2_5": {
          "meanserv": 3.844956151484129,
          "stddevserv": 3.844956151484129,
          "rate": 0.2600809893798155,
          "cv": 1.0,
          "lambda": 0.175
        }
      },
      "sensors": [
        "S2"
      ],
      "sources": [
        {
          "startTime": 0,
          "stopTime": -1,
          "lambda": 0.175
        }
      ]
    },
    "SC3": {
      "resptime": 45.4371674485865,
      "resptime_old": 35.4371674485865,
      "waittime": 31.287536178956536,
      "servicetime": 10.0,
      "networktime": 4.149631269629966,
      "services": {
        "MS3_1": {
          "meanserv": 2.577177128556337,
          "stddevserv": 2.577177128556337,
          "rate": 0.38802144754410894,
          "cv": 1.0,
          "lambda": 0.175
        },
        "MS3_2": {
          "meanserv": 0.6910610229167626,
          "stddevserv": 0.6910610229167626,
          "rate": 1.4470502124100386,
          "cv": 1.0,
          "lambda": 0.175
        },
        "MS3_3": {
          "meanserv": 0.41884426565073385,
          "stddevserv": 0.41884426565073385,
          "rate": 2.3875222415815065,
          "cv": 1.0,
          "lambda": 0.175
        },
        "MS3_4": {
          "meanserv": 1.9451805643897346,
          "stddevserv": 1.9451805643897346,
          "rate": 0.5140910917510283,
          "cv": 1.0,
          "lambda": 0.175
        },
        "MS3_5": {
          "meanserv": 4.367737018486432,
          "stddevserv": 4.367737018486432,
          "rate": 0.22895151328193603,
          "cv": 1.0,
          "lambda": 0.175
        }
      },
      "sensors": [
        "S3"
      ],
      "sources": [
        {
          "startTime": 0,
          "stopTime": -1,
          "lambda": 0.175
        }
      ]
    },
    "SC4": {
      "resptime": 48.91756186851896,
      "resptime_old": 38.91756186851895,
      "waittime": 32.34778975661786,
      "servicetime": 10.0,
      "networktime": 6.5697721119011,
      "services": {
        "MS4_1": {
          "meanserv": 0.8914721537762571,
          "stddevserv": 0.8914721537762571,
          "rate": 1.1217400294154127,
          "cv": 1.0,
          "lambda": 0.175
        },
        "MS4_2": {
          "meanserv": 1.5165997262694322,
          "stddevserv": 1.5165997262694322,
          "rate": 0.6593697616310559,
          "cv": 1.0,
          "lambda": 0.175
        },
        "MS4_3": {
          "meanserv": 4.430116472621499,
          "stddevserv": 4.430116472621499,
          "rate": 0.22572769952665714,
          "cv": 1.0,
          "lambda": 0.175
        },
        "MS4_4": {
          "meanserv": 0.8840849178361481,
          "stddevserv": 0.8840849178361481,
          "rate": 1.1311130637174098,
          "cv": 1.0,
          "lambda": 0.175
        },
        "MS4_5": {
          "meanserv": 2.2777267294966634,
          "stddevserv": 2.2777267294966634,
          "rate": 0.4390342296334126,
          "cv": 1.0,
          "lambda": 0.175
        }
      },
      "sensors": [
        "S4"
      ],
      "sources": [
        {
          "startTime": 0,
          "stopTime": -1,
          "lambda": 0.175
        }
      ]
    }
  },
  "microservice": {
    "MS1_1": "F7",
    "MS1_2": "F10",
    "MS1_3": "F4",
    "MS1_4": "F6",
    "MS1_5": "F6",
    "MS2_1": "F8",
    "MS2_2": "F9",
    "MS2_3": "F9",
    "MS2_4": "F3",
    "MS2_5": "F5",
    "MS3_1": "F8",
    "MS3_2": "F8",
    "MS3_3": "F10",
    "MS3_4": "F10",
    "MS3_5": "F2",
    "MS4_1": "F7",
    "MS4_2": "F10",
    "MS4_3": "F1",
    "MS4_4": "F9",
    "MS4_5": "F9"
  },
  "sensor": {
    "S1": "F7",
    "S2": "F8",
    "S3": "F8",
    "S4": "F7"
  },
  "fog": {
    "F1": {
      "rho": 0.7752703827087624,
      "capacity": 1.0,
      "tserv": 4.430116472621499,
      "stddev": 4.430116472621499,
      "mu": 0.22572769952665714,
      "cv": 1.0,
      "lambda": 0.175,
      "twait": 15.282979317864823
    },
    "F2": {
      "rho": 0.7643539782351255,
      "capacity": 1.0,
      "tserv": 4.367737018486432,
      "stddev": 4.367737018486432,
      "mu": 0.22895151328193603,
      "cv": 1.0,
      "lambda": 0.175,
      "twait": 14.16742426187043
    },
    "F3": {
      "rho": 0.7480571397616168,
      "capacity": 1.0,
      "tserv": 4.274612227209239,
      "stddev": 4.274612227209239,
      "mu": 0.23393934861148066,
      "cv": 1.0,
      "lambda": 0.175,
      "twait": 12.69198179797841
    },
    "F4": {
      "rho": 0.6208830013709755,
      "capacity": 1.0,
      "tserv": 3.547902864977003,
      "stddev": 3.5479028649770044,
      "mu": 0.28185664547681516,
      "cv": 1.0000000000000004,
      "lambda": 0.175,
      "twait": 5.810429464639049
    },
    "F5": {
      "rho": 0.6728673265097227,
      "capacity": 1.0,
      "tserv": 3.8449561514841295,
      "stddev": 3.844956151484128,
      "mu": 0.26008098937981544,
      "cv": 0.9999999999999997,
      "lambda": 0.175,
      "twait": 7.908550798650598
    },
    "F6": {
      "rho": 0.6158208852445715,
      "capacity": 1.0,
      "tserv": 1.7594882435559185,
      "stddev": 2.7531155854776648,
      "mu": 0.568347076863102,
      "cv": 1.5647251952724786,
      "lambda": 0.35,
      "twait": 4.862843090198508
    },
    "F7": {
      "rho": 0.666850302170339,
      "capacity": 1.0,
      "tserv": 1.9052865776295402,
      "stddev": 2.3844823997927125,
      "mu": 0.524855426863999,
      "cv": 1.2515085277928968,
      "lambda": 0.35,
      "twait": 4.893529337527559
    },
    "F8": {
      "rho": 0.7291016938876481,
      "capacity": 1.0,
      "tserv": 1.388765131214568,
      "stddev": 1.8317407413073123,
      "mu": 0.7200641616955296,
      "cv": 1.3189708613329978,
      "lambda": 0.5249999999999999,
      "twait": 5.12013156275844
    },
    "F9": {
      "rho": 0.7252325546320469,
      "capacity": 1.0,
      "tserv": 1.03604650661721,
      "stddev": 1.5342368609454973,
      "mu": 0.965207636542393,
      "cv": 1.4808571344494235,
      "lambda": 0.7,
      "twait": 4.365678352720431
    },
    "F10": {
      "rho": 0.6815627354791913,
      "capacity": 1.0,
      "tserv": 0.9736610506845591,
      "stddev": 1.477057470769882,
      "mu": 1.0270514562505326,
      "cv": 1.5170140263199356,
      "lambda": 0.7,
      "twait": 3.439924395784613
    }
  },
  "extra": {
    "deltatime": 0.0139224,
    "obj_func": 45.904267170934766
  },
  "network": [
    [
      0.0,
      1.8708415752390914,
      2.767300561474633,
      1.7122739393142963,
      1.756215686433608,
      1.9922498890780838,
      1.8829148409149494,
      2.3347934429653026,
      2.462063246240451,
      2.462063246240451
    ],
    [
      1.8708415752390914,
      0.0,
      2.283152827065768,
      1.7983867415734331,
      1.4187695433816518,
      2.4753681130458,
      2.1622003753004857,
      2.462063246240451,
      2.58322075814322,
      2.58322075814322
    ],
    [
      2.767300561474633,
      2.283152827065768,
      0.0,
      1.9782441830463038,
      1.5796190130098826,
      1.7366929599851717,
      2.3347934429653026,
      2.58322075814322,
      2.3670260050941736,
      2.3670260050941736
    ],
    [
      1.7122739393142963,
      1.7983867415734331,
      1.9782441830463038,
      0.0,
      1.6162360718732898,
      1.8829148409149494,
      2.462063246240451,
      2.3670260050941736,
      1.8991331335310866,
      1.8991331335310866
    ],
    [
      1.756215686433608,
      1.4187695433816518,
      1.5796190130098826,
      1.6162360718732898,
      0.0,
      2.1622003753004857,
      2.58322075814322,
      1.8991331335310866,
      2.147842535793139,
      2.147842535793139
    ],
    [
      1.9922498890780838,
      2.4753681130458,
      1.7366929599851717,
      1.8829148409149494,
      2.1622003753004857,
      0.0,
      2.3670260050941736,
      2.147842535793139,
      1.8355921916054296,
      1.8355921916054296
    ],
    [
      1.8829148409149494,
      2.1622003753004857,
      2.3347934429653026,
      2.462063246240451,
      2.58322075814322,
      2.3670260050941736,
      0.0,
      1.8355921916054296,
      1.645645619420199,
      1.645645619420199
    ],
    [
      2.3347934429653026,
      2.462063246240451,
      2.58322075814322,
      2.3670260050941736,
      1.8991331335310866,
      2.147842535793139,
      1.8355921916054296,
      0.0,
      1.5664105114867461,
      1.5664105114867461
    ],
    [
      2.462063246240451,
      2.58322075814322,
      2.3670260050941736,
      1.8991331335310866,
      2.147842535793139,
      1.8355921916054296,
      1.645645619420199,
      1.5664105114867461,
      0.0,
      1.5909292785455451
    ],
    [
      2.462063246240451,
      2.58322075814322,
      2.3670260050941736,
      1.8991331335310866,
      2.147842535793139,
      1.8355921916054296,
      1.645645619420199,
      1.5664105114867461,
      1.5909292785455451,
      0.0
    ]
  ]
}