{
  "servicechain": {
    "SC1": {
      "resptime": 25.22668648021546,
      "resptime_old": 15.226686480215463,
      "waittime": 10.374981652304088,
      "servicetime": 10.0,
      "networktime": 4.851704827911374,
      "services": {
        "MS1_1": {
          "meanserv": 3.7283645087012482,
          "stddevserv": 3.7283645087012482,
          "rate": 0.26821411846030674,
          "cv": 1.0,
          "lambda": 0.15
        },
        "MS1_2": {
          "meanserv": 2.9444693595042564,
          "stddevserv": 2.9444693595042564,
          "rate": 0.3396197677425872,
          "cv": 1.0,
          "lambda": 0.15
        },
        "MS1_3": {
          "meanserv": 3.3271661317944954,
          "stddevserv": 3.3271661317944954,
          "rate": 0.30055607697011916,
          "cv": 1.0,
          "lambda": 0.15
        }
      },
      "sensors": [
        "S1"
      ],
      "sources": [
        {
          "startTime": 0,
          "stopTime": -1,
          "lambda": 0.15
        }
      ]
    },
    "SC2": {
      "resptime": 7128.352610966521,
      "resptime_old": 7118.352610966521,
      "waittime": 7115.926758552565,
      "servicetime": 10.0,
      "networktime": 2.425852413955687,
      "services": {
        "MS2_1": {
          "meanserv": 2.5232555909856047,
          "stddevserv": 2.5232555909856047,
          "rate": 0.3963133990755933,
          "cv": 1.0,
          "lambda": 0.15
        },
        "MS2_2": {
          "meanserv": 0.5874914569040715,
          "stddevserv": 0.5874914569040715,
          "rate": 1.7021524113214213,
          "cv": 1.0,
          "lambda": 0.15
        },
        "MS2_3": {
          "meanserv": 6.889252952110324,
          "stddevserv": 6.889252952110324,
          "rate": 0.14515361926051487,
          "cv": 1.0,
          "lambda": 0.15
        }
      },
      "sensors": [
        "S2"
      ],
      "sources": [
        {
          "startTime": 0,
          "stopTime": -1,
          "lambda": 0.15
        }
      ]
    },
    "SC3": {
      "resptime": 8654.29755099837,
      "resptime_old": 8644.29755099837,
      "waittime": 8638.077341739063,
      "servicetime": 10.0,
      "networktime": 6.2202092593075236,
      "services": {
        "MS3_1": {
          "meanserv": 2.1354828118238833,
          "stddevserv": 2.1354828118238833,
          "rate": 0.46827817787300063,
          "cv": 1.0,
          "lambda": 0.15
        },
        "MS3_2": {
          "meanserv": 7.591956760032146,
          "stddevserv": 7.591956760032146,
          "rate": 0.13171834766821905,
          "cv": 1.0,
          "lambda": 0.15
        },
        "MS3_3": {
          "meanserv": 0.2725604281439704,
          "stddevserv": 0.2725604281439704,
          "rate": 3.6689111725044157,
          "cv": 1.0,
          "lambda": 0.15
        }
      },
      "sensors": [
        "S3"
      ],
      "sources": [
        {
          "startTime": 0,
          "stopTime": -1,
          "lambda": 0.15
        }
      ]
    },
    "SC4": {
      "resptime": 75.24629044344434,
      "resptime_old": 65.24629044344434,
      "waittime": 58.95565058520401,
      "servicetime": 10.0,
      "networktime": 6.290639858240327,
      "services": {
        "MS4_1": {
          "meanserv": 0.443082755396067,
          "stddevserv": 0.443082755396067,
          "rate": 2.256914736178596,
          "cv": 1.0,
          "lambda": 0.15
        },
        "MS4_2": {
          "meanserv": 3.5482156082273386,
          "stddevserv": 3.5482156082273386,
          "rate": 0.28183180235194116,
          "cv": 1.0,
          "lambda": 0.15
        },
        "MS4_3": {
          "meanserv": 6.008701636376594,
          "stddevserv": 6.008701636376594,
          "rate": 0.1664253045859382,
          "cv": 1.0,
          "lambda": 0.15
        }
      },
      "sensors": [
        "S4"
      ],
      "sources": [
        {
          "startTime": 0,
          "stopTime": -1,
          "lambda": 0.15
        }
      ]
    }
  },
  "microservice": {
    "MS1_1": "F9",
    "MS1_2": "F4",
    "MS1_3": "F10",
    "MS2_1": "F8",
    "MS2_2": "F8",
    "MS2_3": "F5",
    "MS3_1": "F1",
    "MS3_2": "F6",
    "MS3_3": "F7",
    "MS4_1": "F7",
    "MS4_2": "F3",
    "MS4_3": "F2"
  },
  "sensor": {
    "S1": "F9",
    "S2": "F8",
    "S3": "F1",
    "S4": "F7"
  },
  "fog": {
    "F1": {
      "rho": 0.3203224217735825,
      "capacity": 1.0,
      "tserv": 2.1354828118238833,
      "stddev": 2.1354828118238833,
      "mu": 0.46827817787300063,
      "cv": 1.0,
      "lambda": 0.15,
      "twait": 1.0064228214269768
    },
    "F2": {
      "rho": 0.901305245456489,
      "capacity": 1.0,
      "tserv": 6.008701636376594,
      "stddev": 6.008701636376594,
      "mu": 0.1664253045859382,
      "cv": 1.0,
      "lambda": 0.15,
      "twait": 54.87296997999664
    },
    "F3": {
      "rho": 0.5322323412341008,
      "capacity": 1.0,
      "tserv": 3.5482156082273386,
      "stddev": 3.5482156082273386,
      "mu": 0.28183180235194116,
      "cv": 1.0,
      "lambda": 0.15,
      "twait": 4.037207500305892
    },
    "F4": {
      "rho": 0.44167040392563844,
      "capacity": 1.0,
      "tserv": 2.9444693595042564,
      "stddev": 2.9444693595042564,
      "mu": 0.3396197677425872,
      "cv": 1.0,
      "lambda": 0.15,
      "twait": 2.329242405386844
    },
    "F5": {
      "rho": 1.0333879428165484,
      "capacity": 1.0,
      "tserv": 6.889252952110323,
      "stddev": 6.889252952110325,
      "mu": 0.14515361926051487,
      "cv": 1.0000000000000002,
      "lambda": 0.15,
      "twait": 7112.15166478839
    },
    "F6": {
      "rho": 1.138793514004822,
      "capacity": 1.0,
      "tserv": 7.591956760032147,
      "stddev": 7.5919567600321445,
      "mu": 0.13171834766821902,
      "cv": 0.9999999999999997,
      "lambda": 0.15,
      "twait": 8637.025445812735
    },
    "F7": {
      "rho": 0.10734647753100561,
      "capacity": 1.0,
      "tserv": 0.3578215917700187,
      "stddev": 0.37759134468703803,
      "mu": 2.794688814203046,
      "cv": 1.0552503073367518,
      "lambda": 0.3,
      "twait": 0.04547310490148123
    },
    "F8": {
      "rho": 0.4666120571834515,
      "capacity": 1.0,
      "tserv": 1.5553735239448383,
      "stddev": 2.0719020706555598,
      "mu": 0.6429323790106287,
      "cv": 1.3320929273636268,
      "lambda": 0.3,
      "twait": 1.8875468820872479
    },
    "F9": {
      "rho": 0.5592546763051872,
      "capacity": 1.0,
      "tserv": 3.7283645087012482,
      "stddev": 3.728364508701248,
      "mu": 0.26821411846030674,
      "cv": 0.9999999999999999,
      "lambda": 0.15,
      "twait": 4.730861961238331
    },
    "F10": {
      "rho": 0.4990749197691743,
      "capacity": 1.0,
      "tserv": 3.3271661317944954,
      "stddev": 3.3271661317944954,
      "mu": 0.30055607697011916,
      "cv": 1.0,
      "lambda": 0.15,
      "twait": 3.314877285678914
    }
  },
  "extra": {
    "deltatime": 0.1588757,
    "conv": 10,
    "obj_func": 3970.780784722138
  },
  "network": [
    [
      0.0,
      3.6513831072491234,
      3.480462863126274,
      4.091867661593196,
      4.063050213613524,
      3.135176555221097,
      4.214695887485329,
      2.7533651516255944,
      3.382808269466957,
      3.382808269466957
    ],
    [
      3.6513831072491234,
      0.0,
      3.5372747066147334,
      3.5019076609156063,
      3.9836502506867304,
      3.419735114776833,
      3.294304937140397,
      3.382808269466957,
      3.674380944501646,
      3.674380944501646
    ],
    [
      3.480462863126274,
      3.5372747066147334,
      0.0,
      3.319648266820841,
      3.7603749735657854,
      3.559205381851471,
      2.7533651516255944,
      3.674380944501646,
      3.085032704086426,
      3.085032704086426
    ],
    [
      4.091867661593196,
      3.5019076609156063,
      3.319648266820841,
      0.0,
      3.3456559296994883,
      4.214695887485329,
      3.382808269466957,
      3.085032704086426,
      2.425852413955687,
      2.425852413955687
    ],
    [
      4.063050213613524,
      3.9836502506867304,
      3.7603749735657854,
      3.3456559296994883,
      0.0,
      3.294304937140397,
      3.674380944501646,
      2.425852413955687,
      3.30284721509229,
      3.30284721509229
    ],
    [
      3.135176555221097,
      3.419735114776833,
      3.559205381851471,
      4.214695887485329,
      3.294304937140397,
      0.0,
      3.085032704086426,
      3.30284721509229,
      2.607239075951682,
      2.607239075951682
    ],
    [
      4.214695887485329,
      3.294304937140397,
      2.7533651516255944,
      3.382808269466957,
      3.674380944501646,
      3.085032704086426,
      0.0,
      2.607239075951682,
      3.5814135527141375,
      3.5814135527141375
    ],
    [
      2.7533651516255944,
      3.382808269466957,
      3.674380944501646,
      3.085032704086426,
      2.425852413955687,
      3.30284721509229,
      2.607239075951682,
      0.0,
      3.7923654047108903,
      3.7923654047108903
    ],
    [
      3.382808269466957,
      3.674380944501646,
      3.085032704086426,
      2.425852413955687,
      3.30284721509229,
      2.607239075951682,
      3.5814135527141375,
      3.7923654047108903,
      0.0,
      2.811205955425519
    ],
    [
      3.382808269466957,
      3.674380944501646,
      3.085032704086426,
      2.425852413955687,
      3.30284721509229,
      2.607239075951682,
      3.5814135527141375,
      3.7923654047108903,
      2.811205955425519,
      0.0
    ]
  ]
}