{
  "servicechain": {
    "SC1": {
      "resptime": 94.88204168686717,
      "resptime_old": 84.88204168686718,
      "waittime": 79.06636147640545,
      "servicetime": 10.0,
      "networktime": 5.815680210461727,
      "services": {
        "MS1_1": {
          "meanserv": 0.525512330257244,
          "stddevserv": 0.525512330257244,
          "rate": 1.9029049223459498,
          "cv": 1.0,
          "lambda": 0.375
        },
        "MS1_2": {
          "meanserv": 1.5490084710881302,
          "stddevserv": 1.5490084710881302,
          "rate": 0.6455742616420497,
          "cv": 1.0,
          "lambda": 0.375
        },
        "MS1_3": {
          "meanserv": 1.846673931062924,
          "stddevserv": 1.846673931062924,
          "rate": 0.5415141152853182,
          "cv": 1.0,
          "lambda": 0.375
        },
        "MS1_4": {
          "meanserv": 0.6130051707890898,
          "stddevserv": 0.6130051707890898,
          "rate": 1.6313076098734238,
          "cv": 1.0,
          "lambda": 0.375
        },
        "MS1_5": {
          "meanserv": 0.9700833788496217,
          "stddevserv": 0.9700833788496217,
          "rate": 1.030839226609423,
          "cv": 1.0,
          "lambda": 0.375
        },
        "MS1_6": {
          "meanserv": 0.7645135859889756,
          "stddevserv": 0.7645135859889756,
          "rate": 1.308021228565087,
          "cv": 1.0,
          "lambda": 0.375
        },
        "MS1_7": {
          "meanserv": 0.49485982328384637,
          "stddevserv": 0.49485982328384637,
          "rate": 2.020774273740971,
          "cv": 1.0,
          "lambda": 0.375
        },
        "MS1_8": {
          "meanserv": 0.65475681604718,
          "stddevserv": 0.65475681604718,
          "rate": 1.5272845971074898,
          "cv": 1.0,
          "lambda": 0.375
        },
        "MS1_9": {
          "meanserv": 2.5696745739823807,
          "stddevserv": 2.5696745739823807,
          "rate": 0.38915433499824037,
          "cv": 1.0,
          "lambda": 0.375
        },
        "MS1_10": {
          "meanserv": 0.01191191865060759,
          "stddevserv": 0.01191191865060759,
          "rate": 83.94953234078653,
          "cv": 1.0,
          "lambda": 0.375
        }
      },
      "sensors": [
        "S1"
      ],
      "sources": [
        {
          "startTime": 0,
          "stopTime": -1,
          "lambda": 0.375
        }
      ]
    },
    "SC2": {
      "resptime": 32.81839979979951,
      "resptime_old": 22.818399799799508,
      "waittime": 18.176757822855247,
      "servicetime": 10.0,
      "networktime": 4.64164197694426,
      "services": {
        "MS2_1": {
          "meanserv": 0.6897273076301835,
          "stddevserv": 0.6897273076301835,
          "rate": 1.449848351569368,
          "cv": 1.0,
          "lambda": 0.375
        },
        "MS2_2": {
          "meanserv": 1.3837334474760623,
          "stddevserv": 1.3837334474760623,
          "rate": 0.7226825381897111,
          "cv": 1.0,
          "lambda": 0.375
        },
        "MS2_3": {
          "meanserv": 0.3560711517550095,
          "stddevserv": 0.3560711517550095,
          "rate": 2.8084274591501814,
          "cv": 1.0,
          "lambda": 0.375
        },
        "MS2_4": {
          "meanserv": 0.5455402423060676,
          "stddevserv": 0.5455402423060676,
          "rate": 1.8330453419400805,
          "cv": 1.0,
          "lambda": 0.375
        },
        "MS2_5": {
          "meanserv": 0.10963350987732134,
          "stddevserv": 0.10963350987732134,
          "rate": 9.121298780993044,
          "cv": 1.0,
          "lambda": 0.375
        },
        "MS2_6": {
          "meanserv": 1.8738558223384247,
          "stddevserv": 1.8738558223384247,
          "rate": 0.5336589870356614,
          "cv": 1.0,
          "lambda": 0.375
        },
        "MS2_7": {
          "meanserv": 2.0228924171245426,
          "stddevserv": 2.0228924171245426,
          "rate": 0.49434166223306053,
          "cv": 1.0,
          "lambda": 0.375
        },
        "MS2_8": {
          "meanserv": 1.5099579684300632,
          "stddevserv": 1.5099579684300632,
          "rate": 0.6622700902328574,
          "cv": 1.0,
          "lambda": 0.375
        },
        "MS2_9": {
          "meanserv": 0.37852386758404144,
          "stddevserv": 0.37852386758404144,
          "rate": 2.6418413358781816,
          "cv": 1.0,
          "lambda": 0.375
        },
        "MS2_10": {
          "meanserv": 1.1300642654782838,
          "stddevserv": 1.1300642654782838,
          "rate": 0.8849054257783863,
          "cv": 1.0,
          "lambda": 0.375
        }
      },
      "sensors": [
        "S2"
      ],
      "sources": [
        {
          "startTime": 0,
          "stopTime": -1,
          "lambda": 0.375
        }
      ]
    },
    "SC3": {
      "resptime": 31.06866667578758,
      "resptime_old": 21.068666675787576,
      "waittime": 16.419638248335396,
      "servicetime": 10.0,
      "networktime": 4.649028427452183,
      "services": {
        "MS3_1": {
          "meanserv": 0.07867242268416508,
          "stddevserv": 0.07867242268416508,
          "rate": 12.710934351348973,
          "cv": 1.0,
          "lambda": 0.375
        },
        "MS3_2": {
          "meanserv": 0.9537595081229855,
          "stddevserv": 0.9537595081229855,
          "rate": 1.0484823390835878,
          "cv": 1.0,
          "lambda": 0.375
        },
        "MS3_3": {
          "meanserv": 0.30814734208144956,
          "stddevserv": 0.30814734208144956,
          "rate": 3.245200796623064,
          "cv": 1.0,
          "lambda": 0.375
        },
        "MS3_4": {
          "meanserv": 1.1574115899204664,
          "stddevserv": 1.1574115899204664,
          "rate": 0.8639968777820142,
          "cv": 1.0,
          "lambda": 0.375
        },
        "MS3_5": {
          "meanserv": 1.6372433803376225,
          "stddevserv": 1.6372433803376225,
          "rate": 0.6107827412890722,
          "cv": 1.0,
          "lambda": 0.375
        },
        "MS3_6": {
          "meanserv": 0.6546005803540567,
          "stddevserv": 0.6546005803540567,
          "rate": 1.5276491191913177,
          "cv": 1.0,
          "lambda": 0.375
        },
        "MS3_7": {
          "meanserv": 1.5288722826680932,
          "stddevserv": 1.5288722826680932,
          "rate": 0.654076871780854,
          "cv": 1.0,
          "lambda": 0.375
        },
        "MS3_8": {
          "meanserv": 0.873247299253892,
          "stddevserv": 0.873247299253892,
          "rate": 1.1451509794011459,
          "cv": 1.0,
          "lambda": 0.375
        },
        "MS3_9": {
          "meanserv": 0.9456363965188697,
          "stddevserv": 0.9456363965188697,
          "rate": 1.0574889076618208,
          "cv": 1.0,
          "lambda": 0.375
        },
        "MS3_10": {
          "meanserv": 1.8624091980583994,
          "stddevserv": 1.8624091980583994,
          "rate": 0.5369389289112838,
          "cv": 1.0,
          "lambda": 0.375
        }
      },
      "sensors": [
        "S3"
      ],
      "sources": [
        {
          "startTime": 0,
          "stopTime": -1,
          "lambda": 0.375
        }
      ]
    },
    "SC4": {
      "resptime": 5692.379495982092,
      "resptime_old": 5682.379495982092,
      "waittime": 5677.1013876640545,
      "servicetime": 10.0,
      "networktime": 5.278108318037516,
      "services": {
        "MS4_1": {
          "meanserv": 0.29345911867726615,
          "stddevserv": 0.29345911867726615,
          "rate": 3.407629670897218,
          "cv": 1.0,
          "lambda": 0.375
        },
        "MS4_2": {
          "meanserv": 1.3316472151252334,
          "stddevserv": 1.3316472151252334,
          "rate": 0.7509496423990614,
          "cv": 1.0,
          "lambda": 0.375
        },
        "MS4_3": {
          "meanserv": 0.5065788749823565,
          "stddevserv": 0.5065788749823565,
          "rate": 1.9740262560984776,
          "cv": 1.0,
          "lambda": 0.375
        },
        "MS4_4": {
          "meanserv": 3.888943423634763,
          "stddevserv": 3.888943423634763,
          "rate": 0.25713925122247205,
          "cv": 1.0,
          "lambda": 0.375
        },
        "MS4_5": {
          "meanserv": 0.20883598135116443,
          "stddevserv": 0.20883598135116443,
          "rate": 4.78844686404144,
          "cv": 1.0,
          "lambda": 0.375
        },
        "MS4_6": {
          "meanserv": 0.18478474103555875,
          "stddevserv": 0.18478474103555875,
          "rate": 5.411702256343594,
          "cv": 1.0,
          "lambda": 0.375
        },
        "MS4_7": {
          "meanserv": 2.102121384244155,
          "stddevserv": 2.102121384244155,
          "rate": 0.4757099221268628,
          "cv": 1.0,
          "lambda": 0.375
        },
        "MS4_8": {
          "meanserv": 0.07936254638257978,
          "stddevserv": 0.07936254638257978,
          "rate": 12.600402149136457,
          "cv": 1.0,
          "lambda": 0.375
        },
        "MS4_9": {
          "meanserv": 0.36982680747737184,
          "stddevserv": 0.36982680747737184,
          "rate": 2.703968397588879,
          "cv": 1.0,
          "lambda": 0.375
        },
        "MS4_10": {
          "meanserv": 1.034439907089551,
          "stddevserv": 1.034439907089551,
          "rate": 0.9667067107006251,
          "cv": 1.0,
          "lambda": 0.375
        }
      },
      "sensors": [
        "S4"
      ],
      "sources": [
        {
          "startTime": 0,
          "stopTime": -1,
          "lambda": 0.375
        }
      ]
    }
  },
  "microservice": {
    "MS1_1": "F2",
    "MS1_2": "F14",
    "MS1_3": "F4",
    "MS1_4": "F12",
    "MS1_5": "F12",
    "MS1_6": "F22",
    "MS1_7": "F22",
    "MS1_8": "F6",
    "MS1_9": "F8",
    "MS1_10": "F21",
    "MS2_1": "F6",
    "MS2_2": "F15",
    "MS2_3": "F7",
    "MS2_4": "F7",
    "MS2_5": "F7",
    "MS2_6": "F13",
    "MS2_7": "F24",
    "MS2_8": "F20",
    "MS2_9": "F9",
    "MS2_10": "F9",
    "MS3_1": "F25",
    "MS3_2": "F25",
    "MS3_3": "F25",
    "MS3_4": "F17",
    "MS3_5": "F10",
    "MS3_6": "F18",
    "MS3_7": "F3",
    "MS3_8": "F11",
    "MS3_9": "F11",
    "MS3_10": "F5",
    "MS4_1": "F21",
    "MS4_2": "F19",
    "MS4_3": "F21",
    "MS4_4": "F16",
    "MS4_5": "F2",
    "MS4_6": "F2",
    "MS4_7": "F23",
    "MS4_8": "F18",
    "MS4_9": "F18",
    "MS4_10": "F1"
  },
  "sensor": {
    "S1": "F2",
    "S2": "F6",
    "S3": "F25",
    "S4": "F21"
  },
  "fog": {
    "F1": {
      "rho": 0.3879149651585816,
      "capacity": 1.0,
      "tserv": 1.034439907089551,
      "stddev": 1.034439907089551,
      "mu": 0.9667067107006251,
      "cv": 1.0,
      "lambda": 0.375,
      "twait": 0.655586556892791
    },
    "F2": {
      "rho": 0.3446748947414877,
      "capacity": 1.0,
      "tserv": 0.3063776842146557,
      "stddev": 0.37693513924969285,
      "mu": 3.263945292110033,
      "cv": 1.2302956731848749,
      "lambda": 1.125,
      "twait": 0.20252604816234668
    },
    "F3": {
      "rho": 0.5733271060005349,
      "capacity": 1.0,
      "tserv": 1.5288722826680932,
      "stddev": 1.5288722826680932,
      "mu": 0.654076871780854,
      "cv": 1.0,
      "lambda": 0.375,
      "twait": 2.054369831301326
    },
    "F4": {
      "rho": 0.6925027241485966,
      "capacity": 1.0,
      "tserv": 1.8466739310629243,
      "stddev": 1.846673931062924,
      "mu": 0.5415141152853181,
      "cv": 0.9999999999999999,
      "lambda": 0.375,
      "twait": 4.1588229500064235
    },
    "F5": {
      "rho": 0.6984034492718998,
      "capacity": 1.0,
      "tserv": 1.8624091980583994,
      "stddev": 1.8624091980583997,
      "mu": 0.5369389289112838,
      "cv": 1.0000000000000002,
      "lambda": 0.375,
      "twait": 4.312758235263564
    },
    "F6": {
      "rho": 0.5041815463790114,
      "capacity": 1.0,
      "tserv": 0.6722420618386818,
      "stddev": 0.6726967053181547,
      "mu": 1.4875594027318844,
      "cv": 1.0006763091827806,
      "lambda": 0.75,
      "twait": 0.6840434037241254
    },
    "F7": {
      "rho": 0.3792168389768994,
      "capacity": 1.0,
      "tserv": 0.3370816346461328,
      "stddev": 0.42109720568372266,
      "mu": 2.966640413530084,
      "cv": 1.2492439884059219,
      "lambda": 1.125,
      "twait": 0.26363089902615916
    },
    "F8": {
      "rho": 0.9636279652433928,
      "capacity": 1.0,
      "tserv": 2.5696745739823807,
      "stddev": 2.569674573982381,
      "mu": 0.38915433499824037,
      "cv": 1.0000000000000002,
      "lambda": 0.375,
      "twait": 68.08005924426607
    },
    "F9": {
      "rho": 0.565720549898372,
      "capacity": 1.0,
      "tserv": 0.7542940665311626,
      "stddev": 0.9226949786563466,
      "mu": 1.3257428957366542,
      "cv": 1.2232563128855354,
      "lambda": 0.75,
      "twait": 1.2264501251233877
    },
    "F10": {
      "rho": 0.6139662676266084,
      "capacity": 1.0,
      "tserv": 1.6372433803376225,
      "stddev": 1.6372433803376225,
      "mu": 0.6107827412890722,
      "cv": 1.0,
      "lambda": 0.375,
      "twait": 2.6039491451746217
    },
    "F11": {
      "rho": 0.6820813859147856,
      "capacity": 1.0,
      "tserv": 0.9094418478863808,
      "stddev": 0.910881202675966,
      "mu": 1.0995755279175727,
      "cv": 1.0015826793026188,
      "lambda": 0.75,
      "twait": 1.9542608155109382
    },
    "F12": {
      "rho": 0.5936582061145168,
      "capacity": 1.0,
      "tserv": 0.7915442748193557,
      "stddev": 0.830839793422992,
      "mu": 1.263353209431295,
      "cv": 1.049644119544171,
      "lambda": 0.75,
      "twait": 1.2152673449573612
    },
    "F13": {
      "rho": 0.7026959333769093,
      "capacity": 1.0,
      "tserv": 1.8738558223384247,
      "stddev": 1.8738558223384247,
      "mu": 0.5336589870356614,
      "cv": 1.0,
      "lambda": 0.375,
      "twait": 4.428970249374944
    },
    "F14": {
      "rho": 0.5808781766580489,
      "capacity": 1.0,
      "tserv": 1.5490084710881302,
      "stddev": 1.5490084710881302,
      "mu": 0.6455742616420497,
      "cv": 1.0,
      "lambda": 0.375,
      "twait": 2.1468345626551466
    },
    "F15": {
      "rho": 0.5189000428035233,
      "capacity": 1.0,
      "tserv": 1.383733447476062,
      "stddev": 1.3837334474760625,
      "mu": 0.7226825381897112,
      "cv": 1.0000000000000002,
      "lambda": 0.375,
      "twait": 1.4924535626819089
    },
    "F16": {
      "rho": 1.458353783863036,
      "capacity": 1.0,
      "tserv": 3.8889434236347626,
      "stddev": 3.8889434236347635,
      "mu": 0.2571392512224721,
      "cv": 1.0000000000000002,
      "lambda": 0.375,
      "twait": 5665.783901729934
    },
    "F17": {
      "rho": 0.4340293462201749,
      "capacity": 1.0,
      "tserv": 1.1574115899204664,
      "stddev": 1.1574115899204664,
      "mu": 0.8639968777820142,
      "cv": 1.0,
      "lambda": 0.375,
      "twait": 0.887591242277128
    },
    "F18": {
      "rho": 0.4139212253302531,
      "capacity": 1.0,
      "tserv": 0.3679299780713361,
      "stddev": 0.495656801931699,
      "mu": 2.7179084597616425,
      "cv": 1.3471498151085655,
      "lambda": 1.125,
      "twait": 0.3657180308776615
    },
    "F19": {
      "rho": 0.49936770567196254,
      "capacity": 1.0,
      "tserv": 1.3316472151252334,
      "stddev": 1.3316472151252334,
      "mu": 0.7509496423990614,
      "cv": 1.0,
      "lambda": 0.375,
      "twait": 1.3282834969208348
    },
    "F20": {
      "rho": 0.5662342381612737,
      "capacity": 1.0,
      "tserv": 1.5099579684300632,
      "stddev": 1.5099579684300632,
      "mu": 0.6622700902328574,
      "cv": 1.0,
      "lambda": 0.375,
      "twait": 1.9710866442875816
    },
    "F21": {
      "rho": 0.30448121711633636,
      "capacity": 1.0,
      "tserv": 0.27064997077007674,
      "stddev": 0.3941278935425246,
      "mu": 3.6948091926805438,
      "cv": 1.4562273641527386,
      "lambda": 1.125,
      "twait": 0.1848704412217069
    },
    "F22": {
      "rho": 0.4722650284773083,
      "capacity": 1.0,
      "tserv": 0.629686704636411,
      "stddev": 0.6579224284567139,
      "mu": 1.5880913359563666,
      "cv": 1.04484090836348,
      "lambda": 0.75,
      "twait": 0.5893350682274578
    },
    "F23": {
      "rho": 0.7882955190915582,
      "capacity": 1.0,
      "tserv": 2.102121384244155,
      "stddev": 2.102121384244155,
      "mu": 0.4757099221268628,
      "cv": 1.0,
      "lambda": 0.375,
      "twait": 7.827386839784803
    },
    "F24": {
      "rho": 0.7585846564217035,
      "capacity": 1.0,
      "tserv": 2.0228924171245426,
      "stddev": 2.0228924171245426,
      "mu": 0.49434166223306053,
      "cv": 1.0,
      "lambda": 0.375,
      "twait": 6.356411015461433
    },
    "F25": {
      "rho": 0.5027172273332252,
      "capacity": 1.0,
      "tserv": 0.44685975762953345,
      "stddev": 0.6886101312909306,
      "mu": 2.2378385677527137,
      "cv": 1.5409983099481044,
      "lambda": 1.125,
      "twait": 0.7622433774730726
    }
  },
  "extra": {
    "deltatime": 6.8854699,
    "conv": 8,
    "obj_func": 1462.7871510361365
  },
  "network": [
    [
      0.0,
      1.2172641771803125,
      1.4871267491199822,
      1.0544507349211443,
      1.0251552590604547,
      1.0147761312940118,
      0.9179675901457409,
      1.037832056841456,
      1.005229636754064,
      1.3159135612196502,
      1.10660807734993,
      0.8451584382010919,
      0.984883340011215,
      1.2268323044115772,
      1.1246214033867012,
      0.7253672986735035,
      0.9720986942300458,
      0.9518179871711686,
      1.1229063828343377,
      0.8822373151177758,
      1.1623639149522043,
      1.0777585759898936,
      1.3225220806207743,
      1.0335374479177326,
      1.0335374479177326
    ],
    [
      1.2172641771803125,
      0.0,
      1.2421444862308197,
      1.283918111953766,
      1.145568216097025,
      1.1614526895863262,
      0.9173110754515765,
      0.8648866235239141,
      0.7814568201941148,
      1.2192985959344775,
      1.3520745731051196,
      1.0416642733944457,
      1.3570167365893218,
      1.0520009806762292,
      0.9819476270843641,
      0.8104577082453521,
      1.493189499128549,
      1.0633312678655291,
      0.9491139091175682,
      1.028950593778007,
      1.0261506150172164,
      1.0263867477768107,
      1.0335374479177326,
      0.8088860986316545,
      0.8088860986316545
    ],
    [
      1.4871267491199822,
      1.2421444862308197,
      0.0,
      1.486648142479679,
      1.1103570764350672,
      1.0906170980315208,
      1.0280852842387738,
      0.7752730713887056,
      0.9430353818334025,
      1.0844239317366733,
      0.8395699110145385,
      0.7419680564273455,
      1.146441287442129,
      0.7642516921705842,
      0.7985362297044217,
      0.9642638275652425,
      1.117922252118406,
      0.7627026921791559,
      1.003699947984889,
      0.975266100320009,
      1.2474172430226347,
      1.3225220806207743,
      0.8088860986316545,
      0.8849326613752834,
      0.8849326613752834
    ],
    [
      1.0544507349211443,
      1.283918111953766,
      1.486648142479679,
      0.0,
      0.8486120377804577,
      0.930357010844108,
      0.7287483561359437,
      0.7949967875919688,
      0.9826700954479739,
      0.9716466965815168,
      0.6991287054884706,
      0.6935830592163909,
      0.7670288705082545,
      0.5670349821470287,
      1.0692474889981276,
      1.0836038386618685,
      0.7625860024819104,
      0.6691309810430994,
      0.8881692812184195,
      0.9945338059225545,
      1.0777585759898936,
      1.0335374479177326,
      0.8849326613752834,
      0.8807402512543558,
      0.8807402512543558
    ],
    [
      1.0251552590604547,
      1.145568216097025,
      1.1103570764350672,
      0.8486120377804577,
      0.0,
      0.9910489453333646,
      1.433480217879525,
      0.7250917069715971,
      0.9909660084126715,
      1.130385141852663,
      0.6566612736474944,
      1.1270558485811153,
      1.0932089246420458,
      0.6461729436662675,
      0.6022958581311186,
      0.8911751768593059,
      0.9138052847143798,
      1.1179766377664304,
      0.7956526143090898,
      1.1623639149522043,
      1.0263867477768107,
      0.8088860986316545,
      0.8807402512543558,
      0.8970230258194803,
      0.8970230258194803
    ],
    [
      1.0147761312940118,
      1.1614526895863262,
      1.0906170980315208,
      0.930357010844108,
      0.9910489453333646,
      0.0,
      0.8121003945298945,
      0.8447069791606927,
      1.1153409697520325,
      0.7657994305588536,
      1.0954010812089545,
      1.1987453080474397,
      1.379425009351,
      1.2054395423735997,
      0.9857433507848935,
      0.862582162457603,
      1.0411441660282799,
      0.7383335271663074,
      0.8822373151177758,
      1.0261506150172164,
      1.3225220806207743,
      0.8849326613752834,
      0.8970230258194803,
      1.1374930596903448,
      1.1374930596903448
    ],
    [
      0.9179675901457409,
      0.9173110754515765,
      1.0280852842387738,
      0.7287483561359437,
      1.433480217879525,
      0.8121003945298945,
      0.0,
      1.237810427330273,
      0.8451140680500072,
      1.0268417002252772,
      0.8724134954064974,
      0.9027840293711366,
      0.6656413223356056,
      1.1094722174863083,
      0.7929594825611366,
      1.2056830881604363,
      0.8910924858653654,
      1.1229063828343377,
      1.028950593778007,
      1.2474172430226347,
      1.0335374479177326,
      0.8807402512543558,
      1.1374930596903448,
      1.1366608472788442,
      1.1366608472788442
    ],
    [
      1.037832056841456,
      0.8648866235239141,
      0.7752730713887056,
      0.7949967875919688,
      0.7250917069715971,
      0.8447069791606927,
      1.237810427330273,
      0.0,
      1.1989964451207875,
      1.0758182599512267,
      1.1155778780351475,
      1.2303444242685926,
      1.3840570235215313,
      1.0199928380640597,
      1.3474977040378526,
      0.6831499441308404,
      0.9518179871711686,
      0.9491139091175682,
      0.975266100320009,
      1.0777585759898936,
      0.8088860986316545,
      0.8970230258194803,
      1.1366608472788442,
      1.4293147697452502,
      1.4293147697452502
    ],
    [
      1.005229636754064,
      0.7814568201941148,
      0.9430353818334025,
      0.9826700954479739,
      0.9909660084126715,
      1.1153409697520325,
      0.8451140680500072,
      1.1989964451207875,
      0.0,
      0.970410952811043,
      0.9790168951061643,
      1.0849686729177586,
      0.89631765199138,
      0.8698982879006147,
      1.5235413254844055,
      0.9720986942300458,
      1.0633312678655291,
      1.003699947984889,
      0.9945338059225545,
      1.0263867477768107,
      0.8849326613752834,
      1.1374930596903448,
      1.4293147697452502,
      0.9645354492544478,
      0.9645354492544478
    ],
    [
      1.3159135612196502,
      1.2192985959344775,
      1.0844239317366733,
      0.9716466965815168,
      1.130385141852663,
      0.7657994305588536,
      1.0268417002252772,
      1.0758182599512267,
      0.970410952811043,
      0.0,
      0.879837142883798,
      0.94979810070609,
      0.8573197058192085,
      1.2902636872117903,
      0.7253672986735035,
      1.493189499128549,
      0.7627026921791559,
      0.8881692812184195,
      1.1623639149522043,
      1.3225220806207743,
      0.8807402512543558,
      1.1366608472788442,
      0.9645354492544478,
      0.8787613734554616,
      0.8787613734554616
    ],
    [
      1.10660807734993,
      1.3520745731051196,
      0.8395699110145385,
      0.6991287054884706,
      0.6566612736474944,
      1.0954010812089545,
      0.8724134954064974,
      1.1155778780351475,
      0.9790168951061643,
      0.879837142883798,
      0.0,
      1.1859111591054556,
      1.315245512725405,
      1.1246214033867012,
      0.8104577082453521,
      1.117922252118406,
      0.6691309810430994,
      0.7956526143090898,
      1.0261506150172164,
      1.0335374479177326,
      0.8970230258194803,
      1.4293147697452502,
      0.8787613734554616,
      1.0500316739703666,
      1.0500316739703666
    ],
    [
      0.8451584382010919,
      1.0416642733944457,
      0.7419680564273455,
      0.6935830592163909,
      1.1270558485811153,
      1.1987453080474397,
      0.9027840293711366,
      1.2303444242685926,
      1.0849686729177586,
      0.94979810070609,
      1.1859111591054556,
      0.0,
      1.2268323044115772,
      0.9819476270843641,
      0.9642638275652425,
      0.7625860024819104,
      1.1179766377664304,
      0.8822373151177758,
      1.2474172430226347,
      0.8088860986316545,
      1.1374930596903448,
      0.9645354492544478,
      1.0500316739703666,
      1.2252091024406946,
      1.2252091024406946
    ],
    [
      0.984883340011215,
      1.3570167365893218,
      1.146441287442129,
      0.7670288705082545,
      1.0932089246420458,
      1.379425009351,
      0.6656413223356056,
      1.3840570235215313,
      0.89631765199138,
      0.8573197058192085,
      1.315245512725405,
      1.2268323044115772,
      0.0,
      0.7985362297044217,
      1.0836038386618685,
      0.9138052847143798,
      0.7383335271663074,
      1.028950593778007,
      1.0777585759898936,
      0.8849326613752834,
      1.1366608472788442,
      0.8787613734554616,
      1.2252091024406946,
      0.43215561201719066,
      0.43215561201719066
    ],
    [
      1.2268323044115772,
      1.0520009806762292,
      0.7642516921705842,
      0.5670349821470287,
      0.6461729436662675,
      1.2054395423735997,
      1.1094722174863083,
      1.0199928380640597,
      0.8698982879006147,
      1.2902636872117903,
      1.1246214033867012,
      0.9819476270843641,
      0.7985362297044217,
      0.0,
      0.8911751768593059,
      1.0411441660282799,
      1.1229063828343377,
      0.975266100320009,
      1.0263867477768107,
      0.8807402512543558,
      1.4293147697452502,
      1.0500316739703666,
      0.43215561201719066,
      1.1864916479182726,
      1.1864916479182726
    ],
    [
      1.1246214033867012,
      0.9819476270843641,
      0.7985362297044217,
      1.0692474889981276,
      0.6022958581311186,
      0.9857433507848935,
      0.7929594825611366,
      1.3474977040378526,
      1.5235413254844055,
      0.7253672986735035,
      0.8104577082453521,
      0.9642638275652425,
      1.0836038386618685,
      0.8911751768593059,
      0.0,
      0.8910924858653654,
      0.9491139091175682,
      0.9945338059225545,
      1.3225220806207743,
      0.8970230258194803,
      0.9645354492544478,
      1.2252091024406946,
      1.1864916479182726,
      1.2016549864649422,
      1.2016549864649422
    ],
    [
      0.7253672986735035,
      0.8104577082453521,
      0.9642638275652425,
      1.0836038386618685,
      0.8911751768593059,
      0.862582162457603,
      1.2056830881604363,
      0.6831499441308404,
      0.9720986942300458,
      1.493189499128549,
      1.117922252118406,
      0.7625860024819104,
      0.9138052847143798,
      1.0411441660282799,
      0.8910924858653654,
      0.0,
      1.003699947984889,
      1.1623639149522043,
      1.0335374479177326,
      1.1374930596903448,
      0.8787613734554616,
      0.43215561201719066,
      1.2016549864649422,
      1.076976619677774,
      1.076976619677774
    ],
    [
      0.9720986942300458,
      1.493189499128549,
      1.117922252118406,
      0.7625860024819104,
      0.9138052847143798,
      1.0411441660282799,
      0.8910924858653654,
      0.9518179871711686,
      1.0633312678655291,
      0.7627026921791559,
      0.6691309810430994,
      1.1179766377664304,
      0.7383335271663074,
      1.1229063828343377,
      0.9491139091175682,
      1.003699947984889,
      0.0,
      1.0261506150172164,
      0.8088860986316545,
      1.1366608472788442,
      1.0500316739703666,
      1.1864916479182726,
      1.076976619677774,
      0.7392225772134194,
      0.7392225772134194
    ],
    [
      0.9518179871711686,
      1.0633312678655291,
      0.7627026921791559,
      0.6691309810430994,
      1.1179766377664304,
      0.7383335271663074,
      1.1229063828343377,
      0.9491139091175682,
      1.003699947984889,
      0.8881692812184195,
      0.7956526143090898,
      0.8822373151177758,
      1.028950593778007,
      0.975266100320009,
      0.9945338059225545,
      1.1623639149522043,
      1.0261506150172164,
      0.0,
      0.8849326613752834,
      1.4293147697452502,
      1.2252091024406946,
      1.2016549864649422,
      0.7392225772134194,
      1.1334510106153908,
      1.1334510106153908
    ],
    [
      1.1229063828343377,
      0.9491139091175682,
      1.003699947984889,
      0.8881692812184195,
      0.7956526143090898,
      0.8822373151177758,
      1.028950593778007,
      0.975266100320009,
      0.9945338059225545,
      1.1623639149522043,
      1.0261506150172164,
      1.2474172430226347,
      1.0777585759898936,
      1.0263867477768107,
      1.3225220806207743,
      1.0335374479177326,
      0.8088860986316545,
      0.8849326613752834,
      0.0,
      0.9645354492544478,
      0.43215561201719066,
      1.076976619677774,
      1.1334510106153908,
      1.1612017368230971,
      1.1612017368230971
    ],
    [
      0.8822373151177758,
      1.028950593778007,
      0.975266100320009,
      0.9945338059225545,
      1.1623639149522043,
      1.0261506150172164,
      1.2474172430226347,
      1.0777585759898936,
      1.0263867477768107,
      1.3225220806207743,
      1.0335374479177326,
      0.8088860986316545,
      0.8849326613752834,
      0.8807402512543558,
      0.8970230258194803,
      1.1374930596903448,
      1.1366608472788442,
      1.4293147697452502,
      0.9645354492544478,
      0.0,
      1.1864916479182726,
      0.7392225772134194,
      1.1612017368230971,
      0.7387554614686226,
      0.7387554614686226
    ],
    [
      1.1623639149522043,
      1.0261506150172164,
      1.2474172430226347,
      1.0777585759898936,
      1.0263867477768107,
      1.3225220806207743,
      1.0335374479177326,
      0.8088860986316545,
      0.8849326613752834,
      0.8807402512543558,
      0.8970230258194803,
      1.1374930596903448,
      1.1366608472788442,
      1.4293147697452502,
      0.9645354492544478,
      0.8787613734554616,
      1.0500316739703666,
      1.2252091024406946,
      0.43215561201719066,
      1.1864916479182726,
      0.0,
      1.1334510106153908,
      0.7387554614686226,
      1.041291280033047,
      1.041291280033047
    ],
    [
      1.0777585759898936,
      1.0263867477768107,
      1.3225220806207743,
      1.0335374479177326,
      0.8088860986316545,
      0.8849326613752834,
      0.8807402512543558,
      0.8970230258194803,
      1.1374930596903448,
      1.1366608472788442,
      1.4293147697452502,
      0.9645354492544478,
      0.8787613734554616,
      1.0500316739703666,
      1.2252091024406946,
      0.43215561201719066,
      1.1864916479182726,
      1.2016549864649422,
      1.076976619677774,
      0.7392225772134194,
      1.1334510106153908,
      0.0,
      1.041291280033047,
      0.8838243136637043,
      0.8838243136637043
    ],
    [
      1.3225220806207743,
      1.0335374479177326,
      0.8088860986316545,
      0.8849326613752834,
      0.8807402512543558,
      0.8970230258194803,
      1.1374930596903448,
      1.1366608472788442,
      1.4293147697452502,
      0.9645354492544478,
      0.8787613734554616,
      1.0500316739703666,
      1.2252091024406946,
      0.43215561201719066,
      1.1864916479182726,
      1.2016549864649422,
      1.076976619677774,
      0.7392225772134194,
      1.1334510106153908,
      1.1612017368230971,
      0.7387554614686226,
      1.041291280033047,
      0.0,
      0.4655338016756514,
      0.4655338016756514
    ],
    [
      1.0335374479177326,
      0.8088860986316545,
      0.8849326613752834,
      0.8807402512543558,
      0.8970230258194803,
      1.1374930596903448,
      1.1366608472788442,
      1.4293147697452502,
      0.9645354492544478,
      0.8787613734554616,
      1.0500316739703666,
      1.2252091024406946,
      0.43215561201719066,
      1.1864916479182726,
      1.2016549864649422,
      1.076976619677774,
      0.7392225772134194,
      1.1334510106153908,
      1.1612017368230971,
      0.7387554614686226,
      1.041291280033047,
      0.8838243136637043,
      0.4655338016756514,
      0.0,
      1.0243287417006735
    ],
    [
      1.0335374479177326,
      0.8088860986316545,
      0.8849326613752834,
      0.8807402512543558,
      0.8970230258194803,
      1.1374930596903448,
      1.1366608472788442,
      1.4293147697452502,
      0.9645354492544478,
      0.8787613734554616,
      1.0500316739703666,
      1.2252091024406946,
      0.43215561201719066,
      1.1864916479182726,
      1.2016549864649422,
      1.076976619677774,
      0.7392225772134194,
      1.1334510106153908,
      1.1612017368230971,
      0.7387554614686226,
      1.041291280033047,
      0.8838243136637043,
      0.4655338016756514,
      1.0243287417006735,
      0.0
    ]
  ]
}