{
  "servicechain": {
    "SC1": {
      "resptime": 31.230639156653268,
      "resptime_old": 21.230639156653268,
      "waittime": 15.930365667297542,
      "servicetime": 10.0,
      "networktime": 5.300273489355726,
      "services": {
        "MS1_1": {
          "meanserv": 4.106963368050081,
          "stddevserv": 4.106963368050081,
          "rate": 0.2434889017465923,
          "cv": 1.0,
          "lambda": 0.15
        },
        "MS1_2": {
          "meanserv": 1.970000462461317,
          "stddevserv": 1.970000462461317,
          "rate": 0.5076140940345775,
          "cv": 1.0,
          "lambda": 0.15
        },
        "MS1_3": {
          "meanserv": 3.2268134821342924,
          "stddevserv": 3.2268134821342924,
          "rate": 0.3099032545688311,
          "cv": 1.0,
          "lambda": 0.15
        },
        "MS1_4": {
          "meanserv": 0.6962226873543091,
          "stddevserv": 0.6962226873543091,
          "rate": 1.4363220535085752,
          "cv": 1.0,
          "lambda": 0.15
        }
      },
      "sensors": [
        "S1"
      ],
      "sources": [
        {
          "startTime": 0,
          "stopTime": -1,
          "lambda": 0.15
        }
      ]
    },
    "SC2": {
      "resptime": 54.05017626920345,
      "resptime_old": 44.05017626920345,
      "waittime": 39.310136264446,
      "servicetime": 10.0,
      "networktime": 4.740040004757447,
      "services": {
        "MS2_1": {
          "meanserv": 2.6279708696799697,
          "stddevserv": 2.6279708696799697,
          "rate": 0.38052172173498194,
          "cv": 1.0,
          "lambda": 0.15
        },
        "MS2_2": {
          "meanserv": 0.8047134613718563,
          "stddevserv": 0.8047134613718563,
          "rate": 1.2426783544731859,
          "cv": 1.0,
          "lambda": 0.15
        },
        "MS2_3": {
          "meanserv": 0.8670508665864958,
          "stddevserv": 0.8670508665864958,
          "rate": 1.1533348717323972,
          "cv": 1.0,
          "lambda": 0.15
        },
        "MS2_4": {
          "meanserv": 5.700264802361678,
          "stddevserv": 5.700264802361678,
          "rate": 0.17543044659709311,
          "cv": 1.0,
          "lambda": 0.15
        }
      },
      "sensors": [
        "S2"
      ],
      "sources": [
        {
          "startTime": 0,
          "stopTime": -1,
          "lambda": 0.15
        }
      ]
    },
    "SC3": {
      "resptime": 37.187251737257036,
      "resptime_old": 27.187251737257032,
      "waittime": 22.748950006655235,
      "servicetime": 10.0,
      "networktime": 4.4383017306017996,
      "services": {
        "MS3_1": {
          "meanserv": 1.3176704851748489,
          "stddevserv": 1.3176704851748489,
          "rate": 0.758915078732529,
          "cv": 1.0,
          "lambda": 0.15
        },
        "MS3_2": {
          "meanserv": 3.009584493009825,
          "stddevserv": 3.009584493009825,
          "rate": 0.33227178114541656,
          "cv": 1.0,
          "lambda": 0.15
        },
        "MS3_3": {
          "meanserv": 0.6435023440655199,
          "stddevserv": 0.6435023440655199,
          "rate": 1.5539958932895237,
          "cv": 1.0,
          "lambda": 0.15
        },
        "MS3_4": {
          "meanserv": 5.0292426777498065,
          "stddevserv": 5.0292426777498065,
          "rate": 0.19883709418600215,
          "cv": 1.0,
          "lambda": 0.15
        }
      },
      "sensors": [
        "S3"
      ],
      "sources": [
        {
          "startTime": 0,
          "stopTime": -1,
          "lambda": 0.15
        }
      ]
    },
    "SC4": {
      "resptime": 34.29392284664385,
      "resptime_old": 24.29392284664386,
      "waittime": 17.073783896843477,
      "servicetime": 10.0,
      "networktime": 7.220138949800379,
      "services": {
        "MS4_1": {
          "meanserv": 3.144609735927213,
          "stddevserv": 3.144609735927213,
          "rate": 0.31800448512735463,
          "cv": 1.0,
          "lambda": 0.15
        },
        "MS4_2": {
          "meanserv": 1.0163027711891552,
          "stddevserv": 1.0163027711891552,
          "rate": 0.9839587457091358,
          "cv": 1.0,
          "lambda": 0.15
        },
        "MS4_3": {
          "meanserv": 4.757280906891252,
          "stddevserv": 4.757280906891252,
          "rate": 0.21020411019904892,
          "cv": 1.0,
          "lambda": 0.15
        },
        "MS4_4": {
          "meanserv": 1.0818065859923802,
          "stddevserv": 1.0818065859923802,
          "rate": 0.9243796561680792,
          "cv": 1.0,
          "lambda": 0.15
        }
      },
      "sensors": [
        "S4"
      ],
      "sources": [
        {
          "startTime": 0,
          "stopTime": -1,
          "lambda": 0.15
        }
      ]
    }
  },
  "microservice": {
    "MS1_1": "F5",
    "MS1_2": "F10",
    "MS1_3": "F8",
    "MS1_4": "F8",
    "MS2_1": "F6",
    "MS2_2": "F6",
    "MS2_3": "F2",
    "MS2_4": "F7",
    "MS3_1": "F2",
    "MS3_2": "F1",
    "MS3_3": "F1",
    "MS3_4": "F3",
    "MS4_1": "F4",
    "MS4_2": "F2",
    "MS4_3": "F9",
    "MS4_4": "F10"
  },
  "sensor": {
    "S1": "F5",
    "S2": "F6",
    "S3": "F2",
    "S4": "F4"
  },
  "fog": {
    "F1": {
      "rho": 0.5479630255613017,
      "capacity": 1.0,
      "tserv": 1.8265434185376725,
      "stddev": 2.476980667582962,
      "mu": 0.5474821949760156,
      "cv": 1.3561028128014763,
      "lambda": 0.3,
      "twait": 3.143004208608437
    },
    "F2": {
      "rho": 0.48015361844257487,
      "capacity": 1.0,
      "tserv": 1.0670080409834999,
      "stddev": 1.0994376732951268,
      "mu": 0.9372000599716792,
      "cv": 1.0303930533473162,
      "lambda": 0.44999999999999996,
      "twait": 1.0159455255592078
    },
    "F3": {
      "rho": 0.754386401662471,
      "capacity": 1.0,
      "tserv": 5.0292426777498065,
      "stddev": 5.0292426777498065,
      "mu": 0.19883709418600215,
      "cv": 1.0,
      "lambda": 0.15,
      "twait": 15.446996063879153
    },
    "F4": {
      "rho": 0.47169146038908194,
      "capacity": 1.0,
      "tserv": 3.144609735927213,
      "stddev": 3.144609735927213,
      "mu": 0.31800448512735463,
      "cv": 1.0,
      "lambda": 0.15,
      "twait": 2.807612308870918
    },
    "F5": {
      "rho": 0.6160445052075122,
      "capacity": 1.0,
      "tserv": 4.106963368050081,
      "stddev": 4.106963368050081,
      "mu": 0.2434889017465923,
      "cv": 1.0,
      "lambda": 0.15,
      "twait": 6.589493444658711
    },
    "F6": {
      "rho": 0.5149026496577739,
      "capacity": 1.0,
      "tserv": 1.716342165525913,
      "stddev": 2.146616923821619,
      "mu": 0.5826344071047075,
      "cv": 1.25069287869174,
      "lambda": 0.3,
      "twait": 2.3357563099872194
    },
    "F7": {
      "rho": 0.8550397203542518,
      "capacity": 1.0,
      "tserv": 5.700264802361678,
      "stddev": 5.700264802361678,
      "mu": 0.17543044659709311,
      "cv": 1.0,
      "lambda": 0.15,
      "twait": 33.622678118912354
    },
    "F8": {
      "rho": 0.5884554254232902,
      "capacity": 1.0,
      "tserv": 1.9615180847443008,
      "stddev": 2.6550890911778358,
      "mu": 0.5098092175532288,
      "cv": 1.353588892107486,
      "lambda": 0.3,
      "twait": 3.9717634317298014
    },
    "F9": {
      "rho": 0.7135921360336877,
      "capacity": 1.0,
      "tserv": 4.757280906891252,
      "stddev": 4.757280906891252,
      "mu": 0.21020411019904892,
      "cv": 1.0,
      "lambda": 0.15,
      "twait": 11.85288070323412
    },
    "F10": {
      "rho": 0.45777105726805456,
      "capacity": 1.0,
      "tserv": 1.5259035242268486,
      "stddev": 1.6500987080615435,
      "mu": 0.6553494268300378,
      "cv": 1.0813912425411185,
      "lambda": 0.3,
      "twait": 1.3973453591792286
    }
  },
  "extra": {
    "conv_gen": 30,
    "max_gen": 600,
    "population": 600,
    "deltatime": 31.5746284,
    "obj_func": 39.1904975024394
  },
  "network": [
    [
      0.0,
      2.779844742520413,
      1.6584569880813866,
      2.3039937243097035,
      2.5671893221226973,
      2.7797990471716525,
      2.0322994631056894,
      1.9931236025950136,
      3.6356931988135677,
      3.6356931988135677
    ],
    [
      2.779844742520413,
      0.0,
      2.9032179818919204,
      2.333004898589368,
      2.331636884479055,
      2.5027363357363765,
      2.237303669021071,
      3.6356931988135677,
      1.910459396479519,
      1.910459396479519
    ],
    [
      1.6584569880813866,
      2.9032179818919204,
      0.0,
      1.990512351333177,
      1.6633153409415853,
      2.38321211808967,
      1.9931236025950136,
      1.910459396479519,
      2.385114918350474,
      2.385114918350474
    ],
    [
      2.3039937243097035,
      2.333004898589368,
      1.990512351333177,
      0.0,
      1.7633691546320907,
      2.0322994631056894,
      3.6356931988135677,
      2.385114918350474,
      2.5608379956645195,
      2.5608379956645195
    ],
    [
      2.5671893221226973,
      2.331636884479055,
      1.6633153409415853,
      1.7633691546320907,
      0.0,
      2.237303669021071,
      1.910459396479519,
      2.5608379956645195,
      2.278115786706725,
      2.278115786706725
    ],
    [
      2.7797990471716525,
      2.5027363357363765,
      2.38321211808967,
      2.0322994631056894,
      2.237303669021071,
      0.0,
      2.385114918350474,
      2.278115786706725,
      2.803066148277477,
      2.803066148277477
    ],
    [
      2.0322994631056894,
      2.237303669021071,
      1.9931236025950136,
      3.6356931988135677,
      1.910459396479519,
      2.385114918350474,
      0.0,
      2.803066148277477,
      4.007028031367728,
      4.007028031367728
    ],
    [
      1.9931236025950136,
      3.6356931988135677,
      1.910459396479519,
      2.385114918350474,
      2.5608379956645195,
      2.278115786706725,
      2.803066148277477,
      0.0,
      3.0221577026490016,
      3.0221577026490016
    ],
    [
      3.6356931988135677,
      1.910459396479519,
      2.385114918350474,
      2.5608379956645195,
      2.278115786706725,
      2.803066148277477,
      4.007028031367728,
      3.0221577026490016,
      0.0,
      2.9766746547314917
    ],
    [
      3.6356931988135677,
      1.910459396479519,
      2.385114918350474,
      2.5608379956645195,
      2.278115786706725,
      2.803066148277477,
      4.007028031367728,
      3.0221577026490016,
      2.9766746547314917,
      0.0
    ]
  ]
}