{
  "servicechain": {
    "SC1": {
      "resptime": 25.581061139279733,
      "resptime_old": 15.581061139279731,
      "waittime": 10.853772641502694,
      "servicetime": 10.0,
      "networktime": 4.727288497777037,
      "services": {
        "MS1_1": {
          "meanserv": 2.8481170006866496,
          "stddevserv": 2.8481170006866496,
          "rate": 0.35110917134335107,
          "cv": 1.0,
          "lambda": 0.15
        },
        "MS1_2": {
          "meanserv": 3.1903117519236504,
          "stddevserv": 3.1903117519236504,
          "rate": 0.3134489911203925,
          "cv": 1.0,
          "lambda": 0.15
        },
        "MS1_3": {
          "meanserv": 3.9615712473897,
          "stddevserv": 3.9615712473897,
          "rate": 0.2524250953858031,
          "cv": 1.0,
          "lambda": 0.15
        }
      },
      "sensors": [
        "S1"
      ],
      "sources": [
        {
          "startTime": 0,
          "stopTime": -1,
          "lambda": 0.15
        }
      ]
    },
    "SC2": {
      "resptime": 34.263934801729945,
      "resptime_old": 24.263934801729945,
      "waittime": 18.668175683918488,
      "servicetime": 10.0,
      "networktime": 5.595759117811456,
      "services": {
        "MS2_1": {
          "meanserv": 3.702774123220812,
          "stddevserv": 3.702774123220812,
          "rate": 0.27006778342994425,
          "cv": 1.0,
          "lambda": 0.15
        },
        "MS2_2": {
          "meanserv": 4.80435423579499,
          "stddevserv": 4.80435423579499,
          "rate": 0.2081445186846276,
          "cv": 1.0,
          "lambda": 0.15
        },
        "MS2_3": {
          "meanserv": 1.4928716409841982,
          "stddevserv": 1.4928716409841982,
          "rate": 0.6698499539724225,
          "cv": 1.0,
          "lambda": 0.15
        }
      },
      "sensors": [
        "S2"
      ],
      "sources": [
        {
          "startTime": 0,
          "stopTime": -1,
          "lambda": 0.15
        }
      ]
    },
    "SC3": {
      "resptime": 8108.010717706674,
      "resptime_old": 8098.010717706675,
      "waittime": 8091.7568839252635,
      "servicetime": 10.0,
      "networktime": 6.253833781410447,
      "services": {
        "MS3_1": {
          "meanserv": 1.8103375389783138,
          "stddevserv": 1.8103375389783138,
          "rate": 0.5523831763243237,
          "cv": 1.0,
          "lambda": 0.15
        },
        "MS3_2": {
          "meanserv": 7.347502301379294,
          "stddevserv": 7.347502301379294,
          "rate": 0.13610067189938507,
          "cv": 1.0,
          "lambda": 0.15
        },
        "MS3_3": {
          "meanserv": 0.8421601596423915,
          "stddevserv": 0.8421601596423915,
          "rate": 1.1874225924254507,
          "cv": 1.0,
          "lambda": 0.15
        }
      },
      "sensors": [
        "S3"
      ],
      "sources": [
        {
          "startTime": 0,
          "stopTime": -1,
          "lambda": 0.15
        }
      ]
    },
    "SC4": {
      "resptime": 31.455716682824306,
      "resptime_old": 21.45571668282431,
      "waittime": 15.29821818947005,
      "servicetime": 10.0,
      "networktime": 6.157498493354258,
      "services": {
        "MS4_1": {
          "meanserv": 3.740814912069145,
          "stddevserv": 3.740814912069145,
          "rate": 0.26732143222955485,
          "cv": 1.0,
          "lambda": 0.15
        },
        "MS4_2": {
          "meanserv": 1.8174439790439774,
          "stddevserv": 1.8174439790439774,
          "rate": 0.5502232869516154,
          "cv": 1.0,
          "lambda": 0.15
        },
        "MS4_3": {
          "meanserv": 4.441741108886878,
          "stddevserv": 4.441741108886878,
          "rate": 0.22513693965621626,
          "cv": 1.0,
          "lambda": 0.15
        }
      },
      "sensors": [
        "S4"
      ],
      "sources": [
        {
          "startTime": 0,
          "stopTime": -1,
          "lambda": 0.15
        }
      ]
    }
  },
  "microservice": {
    "MS1_1": "F7",
    "MS1_2": "F9",
    "MS1_3": "F4",
    "MS2_1": "F6",
    "MS2_2": "F2",
    "MS2_3": "F8",
    "MS3_1": "F10",
    "MS3_2": "F1",
    "MS3_3": "F10",
    "MS4_1": "F5",
    "MS4_2": "F8",
    "MS4_3": "F3"
  },
  "sensor": {
    "S1": "F7",
    "S2": "F6",
    "S3": "F10",
    "S4": "F5"
  },
  "fog": {
    "F1": {
      "rho": 1.1021253452068942,
      "capacity": 1.0,
      "tserv": 7.347502301379295,
      "stddev": 7.3475023013792935,
      "mu": 0.13610067189938505,
      "cv": 0.9999999999999998,
      "lambda": 0.15,
      "twait": 8089.770641805782
    },
    "F2": {
      "rho": 0.7206531353692485,
      "capacity": 1.0,
      "tserv": 4.80435423579499,
      "stddev": 4.80435423579499,
      "mu": 0.2081445186846276,
      "cv": 1.0,
      "lambda": 0.15,
      "twait": 12.3941714829222
    },
    "F3": {
      "rho": 0.6662611663330316,
      "capacity": 1.0,
      "tserv": 4.441741108886878,
      "stddev": 4.441741108886878,
      "mu": 0.22513693965621626,
      "cv": 1.0,
      "lambda": 0.15,
      "twait": 8.867291765960422
    },
    "F4": {
      "rho": 0.594235687108455,
      "capacity": 1.0,
      "tserv": 3.9615712473897,
      "stddev": 3.9615712473897,
      "mu": 0.2524250953858031,
      "cv": 1.0,
      "lambda": 0.15,
      "twait": 5.8016610565033515
    },
    "F5": {
      "rho": 0.5611222368103718,
      "capacity": 1.0,
      "tserv": 3.7408149120691454,
      "stddev": 3.740814912069145,
      "mu": 0.2673214322295548,
      "cv": 0.9999999999999999,
      "lambda": 0.15,
      "twait": 4.782776907397979
    },
    "F6": {
      "rho": 0.5554161184831218,
      "capacity": 1.0,
      "tserv": 3.702774123220812,
      "stddev": 3.702774123220812,
      "mu": 0.27006778342994425,
      "cv": 1.0,
      "lambda": 0.15,
      "twait": 4.625854684884637
    },
    "F7": {
      "rho": 0.42721755010299745,
      "capacity": 1.0,
      "tserv": 2.8481170006866496,
      "stddev": 2.8481170006866496,
      "mu": 0.35110917134335107,
      "cv": 1.0,
      "lambda": 0.15,
      "twait": 2.1243066502104693
    },
    "F8": {
      "rho": 0.4965473430042263,
      "capacity": 1.0,
      "tserv": 1.6551578100140878,
      "stddev": 1.6709940087766406,
      "mu": 0.6041719973465784,
      "cv": 1.009567787836749,
      "lambda": 0.3,
      "twait": 1.64814951611165
    },
    "F9": {
      "rho": 0.4785467627885475,
      "capacity": 1.0,
      "tserv": 3.1903117519236504,
      "stddev": 3.1903117519236504,
      "mu": 0.3134489911203925,
      "cv": 1.0,
      "lambda": 0.15,
      "twait": 2.9278049347888717
    },
    "F10": {
      "rho": 0.39787465479310585,
      "capacity": 1.0,
      "tserv": 1.3262488493103528,
      "stddev": 1.4925212659208313,
      "mu": 0.7540063092382687,
      "cv": 1.1253704511765947,
      "lambda": 0.3,
      "twait": 0.9931210597404304
    }
  },
  "extra": {
    "deltatime": 0.0066218,
    "obj_func": 2049.827857582627
  },
  "network": [
    [
      0.0,
      2.463346525975282,
      3.127645535914787,
      4.034967063764649,
      4.351628945674536,
      3.051972687567025,
      2.633262074707957,
      3.8675470946977923,
      3.1269168907052234,
      3.1269168907052234
    ],
    [
      2.463346525975282,
      0.0,
      3.1868735557734436,
      3.632362667842923,
      4.597027185277251,
      2.468842227106233,
      2.6993495623555903,
      3.1269168907052234,
      3.4838637536695485,
      3.4838637536695485
    ],
    [
      3.127645535914787,
      3.1868735557734436,
      0.0,
      4.177919651604291,
      4.319576048947396,
      3.3377265904761946,
      3.8675470946977923,
      3.4838637536695485,
      3.750954134015683,
      3.750954134015683
    ],
    [
      4.034967063764649,
      3.632362667842923,
      4.177919651604291,
      0.0,
      2.6576835110474426,
      2.633262074707957,
      3.1269168907052234,
      3.750954134015683,
      2.6736347396847098,
      2.6736347396847098
    ],
    [
      4.351628945674536,
      4.597027185277251,
      4.319576048947396,
      2.6576835110474426,
      0.0,
      2.6993495623555903,
      3.4838637536695485,
      2.6736347396847098,
      2.987270697530861,
      2.987270697530861
    ],
    [
      3.051972687567025,
      2.468842227106233,
      3.3377265904761946,
      2.633262074707957,
      2.6993495623555903,
      0.0,
      3.750954134015683,
      2.987270697530861,
      2.0417395794363666,
      2.0417395794363666
    ],
    [
      2.633262074707957,
      2.6993495623555903,
      3.8675470946977923,
      3.1269168907052234,
      3.4838637536695485,
      3.750954134015683,
      0.0,
      2.0417395794363666,
      2.053653758092327,
      2.053653758092327
    ],
    [
      3.8675470946977923,
      3.1269168907052234,
      3.4838637536695485,
      3.750954134015683,
      2.6736347396847098,
      2.987270697530861,
      2.0417395794363666,
      0.0,
      3.3768812198395994,
      3.3768812198395994
    ],
    [
      3.1269168907052234,
      3.4838637536695485,
      3.750954134015683,
      2.6736347396847098,
      2.987270697530861,
      2.0417395794363666,
      2.053653758092327,
      3.3768812198395994,
      0.0,
      3.7033561264221273
    ],
    [
      3.1269168907052234,
      3.4838637536695485,
      3.750954134015683,
      2.6736347396847098,
      2.987270697530861,
      2.0417395794363666,
      2.053653758092327,
      3.3768812198395994,
      3.7033561264221273,
      0.0
    ]
  ]
}