{
  "servicechain": {
    "SC1": {
      "resptime": 32.68421551617686,
      "resptime_old": 22.684215516176863,
      "waittime": 18.927806675457163,
      "servicetime": 10.000000000000002,
      "networktime": 3.7564088407197005,
      "services": {
        "MS1_1": {
          "meanserv": 0.14632699328926968,
          "stddevserv": 0.14632699328926968,
          "rate": 6.834009074615019,
          "cv": 1.0,
          "lambda": 0.15
        },
        "MS1_2": {
          "meanserv": 0.29606188351204543,
          "stddevserv": 0.29606188351204543,
          "rate": 3.3776722222309123,
          "cv": 1.0,
          "lambda": 0.15
        },
        "MS1_3": {
          "meanserv": 2.6387439423092465,
          "stddevserv": 2.6387439423092465,
          "rate": 0.37896818405383775,
          "cv": 1.0,
          "lambda": 0.15
        },
        "MS1_4": {
          "meanserv": 1.221702981283912,
          "stddevserv": 1.221702981283912,
          "rate": 0.8185295569542443,
          "cv": 1.0,
          "lambda": 0.15
        },
        "MS1_5": {
          "meanserv": 3.9252529563480865,
          "stddevserv": 3.9252529563480865,
          "rate": 0.2547606513824179,
          "cv": 1.0,
          "lambda": 0.15
        },
        "MS1_6": {
          "meanserv": 1.5765461326407664,
          "stddevserv": 1.5765461326407664,
          "rate": 0.6342979626767834,
          "cv": 1.0,
          "lambda": 0.15
        },
        "MS1_7": {
          "meanserv": 0.19536511061667383,
          "stddevserv": 0.19536511061667383,
          "rate": 5.118621215648384,
          "cv": 1.0,
          "lambda": 0.15
        }
      },
      "sensors": [
        "S1"
      ],
      "sources": [
        {
          "startTime": 0,
          "stopTime": -1,
          "lambda": 0.15
        }
      ]
    },
    "SC2": {
      "resptime": 33.41925235878507,
      "resptime_old": 23.419252358785073,
      "waittime": 19.134201644805213,
      "servicetime": 10.0,
      "networktime": 4.285050713979858,
      "services": {
        "MS2_1": {
          "meanserv": 1.8842228189583643,
          "stddevserv": 1.8842228189583643,
          "rate": 0.5307227945327718,
          "cv": 1.0,
          "lambda": 0.15
        },
        "MS2_2": {
          "meanserv": 1.3775101936111345,
          "stddevserv": 1.3775101936111345,
          "rate": 0.725947440997519,
          "cv": 1.0,
          "lambda": 0.15
        },
        "MS2_3": {
          "meanserv": 0.5246286507685816,
          "stddevserv": 0.5246286507685816,
          "rate": 1.9061101572226353,
          "cv": 1.0,
          "lambda": 0.15
        },
        "MS2_4": {
          "meanserv": 0.14886515939383616,
          "stddevserv": 0.14886515939383616,
          "rate": 6.717488524997378,
          "cv": 1.0,
          "lambda": 0.15
        },
        "MS2_5": {
          "meanserv": 3.0553840288476692,
          "stddevserv": 3.0553840288476692,
          "rate": 0.32729110009033713,
          "cv": 1.0,
          "lambda": 0.15
        },
        "MS2_6": {
          "meanserv": 1.5219944485199548,
          "stddevserv": 1.5219944485199548,
          "rate": 0.6570326199103013,
          "cv": 1.0,
          "lambda": 0.15
        },
        "MS2_7": {
          "meanserv": 1.4873946999004595,
          "stddevserv": 1.4873946999004595,
          "rate": 0.6723165008366123,
          "cv": 1.0,
          "lambda": 0.15
        }
      },
      "sensors": [
        "S2"
      ],
      "sources": [
        {
          "startTime": 0,
          "stopTime": -1,
          "lambda": 0.15
        }
      ]
    },
    "SC3": {
      "resptime": 32.403488589954975,
      "resptime_old": 22.40348858995497,
      "waittime": 16.194678331948047,
      "servicetime": 10.0,
      "networktime": 6.208810258006926,
      "services": {
        "MS3_1": {
          "meanserv": 1.3628984627968355,
          "stddevserv": 1.3628984627968355,
          "rate": 0.7337303748570358,
          "cv": 1.0,
          "lambda": 0.15
        },
        "MS3_2": {
          "meanserv": 1.0446474910035577,
          "stddevserv": 1.0446474910035577,
          "rate": 0.9572607110168174,
          "cv": 1.0,
          "lambda": 0.15
        },
        "MS3_3": {
          "meanserv": 1.8789434522945587,
          "stddevserv": 1.8789434522945587,
          "rate": 0.5322139944013768,
          "cv": 1.0,
          "lambda": 0.15
        },
        "MS3_4": {
          "meanserv": 0.9250611512907563,
          "stddevserv": 0.9250611512907563,
          "rate": 1.081009616072062,
          "cv": 1.0,
          "lambda": 0.15
        },
        "MS3_5": {
          "meanserv": 2.14896512827778,
          "stddevserv": 2.14896512827778,
          "rate": 0.46534026394435646,
          "cv": 1.0,
          "lambda": 0.15
        },
        "MS3_6": {
          "meanserv": 1.4958901317190065,
          "stddevserv": 1.4958901317190065,
          "rate": 0.6684982932876541,
          "cv": 1.0,
          "lambda": 0.15
        },
        "MS3_7": {
          "meanserv": 1.1435941826175053,
          "stddevserv": 1.1435941826175053,
          "rate": 0.8744360676189861,
          "cv": 1.0,
          "lambda": 0.15
        }
      },
      "sensors": [
        "S3"
      ],
      "sources": [
        {
          "startTime": 0,
          "stopTime": -1,
          "lambda": 0.15
        }
      ]
    },
    "SC4": {
      "resptime": 35.12688990145655,
      "resptime_old": 25.126889901456547,
      "waittime": 21.07330462978265,
      "servicetime": 10.0,
      "networktime": 4.053585271673896,
      "services": {
        "MS4_1": {
          "meanserv": 1.2813166190052638,
          "stddevserv": 1.2813166190052638,
          "rate": 0.7804472252739054,
          "cv": 1.0,
          "lambda": 0.15
        },
        "MS4_2": {
          "meanserv": 0.8029687514094506,
          "stddevserv": 0.8029687514094506,
          "rate": 1.2453784761171598,
          "cv": 1.0,
          "lambda": 0.15
        },
        "MS4_3": {
          "meanserv": 0.05597989719090091,
          "stddevserv": 0.05597989719090091,
          "rate": 17.86355549367715,
          "cv": 1.0,
          "lambda": 0.15
        },
        "MS4_4": {
          "meanserv": 1.544692482341138,
          "stddevserv": 1.544692482341138,
          "rate": 0.6473780454245486,
          "cv": 1.0,
          "lambda": 0.15
        },
        "MS4_5": {
          "meanserv": 3.8504858729717863,
          "stddevserv": 3.8504858729717863,
          "rate": 0.2597074844552552,
          "cv": 1.0,
          "lambda": 0.15
        },
        "MS4_6": {
          "meanserv": 1.7314120144974146,
          "stddevserv": 1.7314120144974146,
          "rate": 0.577563278772947,
          "cv": 1.0,
          "lambda": 0.15
        },
        "MS4_7": {
          "meanserv": 0.7331443625840457,
          "stddevserv": 0.7331443625840457,
          "rate": 1.3639878460981314,
          "cv": 1.0,
          "lambda": 0.15
        }
      },
      "sensors": [
        "S4"
      ],
      "sources": [
        {
          "startTime": 0,
          "stopTime": -1,
          "lambda": 0.15
        }
      ]
    }
  },
  "microservice": {
    "MS1_1": "F5",
    "MS1_2": "F5",
    "MS1_3": "F8",
    "MS1_4": "F8",
    "MS1_5": "F9",
    "MS1_6": "F1",
    "MS1_7": "F1",
    "MS2_1": "F10",
    "MS2_2": "F7",
    "MS2_3": "F7",
    "MS2_4": "F2",
    "MS2_5": "F2",
    "MS2_6": "F6",
    "MS2_7": "F6",
    "MS3_1": "F5",
    "MS3_2": "F5",
    "MS3_3": "F1",
    "MS3_4": "F4",
    "MS3_5": "F4",
    "MS3_6": "F6",
    "MS3_7": "F5",
    "MS4_1": "F4",
    "MS4_2": "F7",
    "MS4_3": "F7",
    "MS4_4": "F7",
    "MS4_5": "F3",
    "MS4_6": "F10",
    "MS4_7": "F10"
  },
  "sensor": {
    "S1": "F5",
    "S2": "F10",
    "S3": "F5",
    "S4": "F4"
  },
  "fog": {
    "F1": {
      "rho": 0.5476282043327998,
      "capacity": 1.0,
      "tserv": 1.2169515651839997,
      "stddev": 1.598465318924319,
      "mu": 0.8217253904010574,
      "cv": 1.3134995382356367,
      "lambda": 0.44999999999999996,
      "twait": 2.0074506599540336
    },
    "F2": {
      "rho": 0.4806373782362258,
      "capacity": 1.0,
      "tserv": 1.6021245941207527,
      "stddev": 2.60590275803457,
      "mu": 0.6241711809865829,
      "cv": 1.6265294020186312,
      "lambda": 0.3,
      "twait": 2.7026008439845697
    },
    "F3": {
      "rho": 0.5775728809457681,
      "capacity": 1.0,
      "tserv": 3.850485872971787,
      "stddev": 3.8504858729717855,
      "mu": 0.25970748445525516,
      "cv": 0.9999999999999997,
      "lambda": 0.15,
      "twait": 5.264662514263869
    },
    "F4": {
      "rho": 0.65330143478607,
      "capacity": 1.0,
      "tserv": 1.4517809661912666,
      "stddev": 1.6235885303092292,
      "mu": 0.6888091408330627,
      "cv": 1.1183426206287153,
      "lambda": 0.44999999999999996,
      "twait": 3.078565466486606
    },
    "F5": {
      "rho": 0.599029351982882,
      "capacity": 1.0,
      "tserv": 0.7987058026438426,
      "stddev": 1.0527725461393873,
      "mu": 1.2520254600502985,
      "cv": 1.3180980314084905,
      "lambda": 0.75,
      "twait": 1.6331566304017873
    },
    "F6": {
      "rho": 0.6757918920209132,
      "capacity": 1.0,
      "tserv": 1.5017597600464738,
      "stddev": 1.501904083810411,
      "mu": 0.6658854675724256,
      "cv": 1.000096103097031,
      "lambda": 0.44999999999999996,
      "twait": 3.130626847815442
    },
    "F7": {
      "rho": 0.6458669962981808,
      "capacity": 1.0,
      "tserv": 0.861155995064241,
      "stddev": 1.1580609422224586,
      "mu": 1.161229795451173,
      "cv": 1.3447748710569785,
      "lambda": 0.75,
      "twait": 2.2054158733782048
    },
    "F8": {
      "rho": 0.5790670385389739,
      "capacity": 1.0,
      "tserv": 1.9302234617965794,
      "stddev": 2.174802325518752,
      "mu": 0.5180747306165461,
      "cv": 1.1267101289373656,
      "lambda": 0.3,
      "twait": 3.013138150860147
    },
    "F9": {
      "rho": 0.588787943452213,
      "capacity": 1.0,
      "tserv": 3.9252529563480865,
      "stddev": 3.9252529563480865,
      "mu": 0.2547606513824179,
      "cv": 1.0,
      "lambda": 0.15,
      "twait": 5.620315793025224
    },
    "F10": {
      "rho": 0.6523168794059736,
      "capacity": 1.0,
      "tserv": 1.4495930653466083,
      "stddev": 1.619383374243975,
      "mu": 0.6898487747393388,
      "cv": 1.1171296365554622,
      "lambda": 0.44999999999999996,
      "twait": 3.05691451444878
    }
  },
  "extra": {
    "conv_gen": 548,
    "max_gen": 600,
    "population": 600,
    "deltatime": 47.2683951,
    "obj_func": 33.408461591593365
  },
  "network": [
    [
      0.0,
      1.129132719155712,
      1.2660570949721865,
      1.9586128775163176,
      1.432435229247529,
      1.293817343361398,
      1.2300145376945948,
      1.503039824635895,
      1.296696163361762,
      1.296696163361762
    ],
    [
      1.129132719155712,
      0.0,
      1.8224182117717431,
      1.4822226685552466,
      0.9235461600789538,
      1.4001759912275946,
      1.587747613548484,
      1.296696163361762,
      1.6347587723500194,
      1.6347587723500194
    ],
    [
      1.2660570949721865,
      1.8224182117717431,
      0.0,
      1.79818511320055,
      1.8184396412064214,
      1.4629534569579858,
      1.503039824635895,
      1.6347587723500194,
      1.253849283676239,
      1.253849283676239
    ],
    [
      1.9586128775163176,
      1.4822226685552466,
      1.79818511320055,
      0.0,
      1.2454488896291152,
      1.2300145376945948,
      1.296696163361762,
      1.253849283676239,
      1.5174345682400883,
      1.5174345682400883
    ],
    [
      1.432435229247529,
      0.9235461600789538,
      1.8184396412064214,
      1.2454488896291152,
      0.0,
      1.587747613548484,
      1.6347587723500194,
      1.5174345682400883,
      1.5472878744647705,
      1.5472878744647705
    ],
    [
      1.293817343361398,
      1.4001759912275946,
      1.4629534569579858,
      1.2300145376945948,
      1.587747613548484,
      0.0,
      1.253849283676239,
      1.5472878744647705,
      1.2603153949351367,
      1.2603153949351367
    ],
    [
      1.2300145376945948,
      1.587747613548484,
      1.503039824635895,
      1.296696163361762,
      1.6347587723500194,
      1.253849283676239,
      0.0,
      1.2603153949351367,
      1.2971271092037795,
      1.2971271092037795
    ],
    [
      1.503039824635895,
      1.296696163361762,
      1.6347587723500194,
      1.253849283676239,
      1.5174345682400883,
      1.5472878744647705,
      1.2603153949351367,
      0.0,
      0.94227810911785,
      0.94227810911785
    ],
    [
      1.296696163361762,
      1.6347587723500194,
      1.253849283676239,
      1.5174345682400883,
      1.5472878744647705,
      1.2603153949351367,
      1.2971271092037795,
      0.94227810911785,
      0.0,
      1.2715228807197185
    ],
    [
      1.296696163361762,
      1.6347587723500194,
      1.253849283676239,
      1.5174345682400883,
      1.5472878744647705,
      1.2603153949351367,
      1.2971271092037795,
      0.94227810911785,
      1.2715228807197185,
      0.0
    ]
  ]
}