{
  "servicechain": {
    "SC1": {
      "resptime": 22.76677085610049,
      "resptime_old": 12.766770856100486,
      "waittime": 9.931870975352558,
      "servicetime": 10.0,
      "networktime": 2.834899880747929,
      "services": {
        "MS1_1": {
          "meanserv": 2.1634530573769517,
          "stddevserv": 2.1634530573769517,
          "rate": 0.4622240342078122,
          "cv": 1.0,
          "lambda": 0.125
        },
        "MS1_2": {
          "meanserv": 4.0533746215074125,
          "stddevserv": 4.0533746215074125,
          "rate": 0.24670801329192446,
          "cv": 1.0,
          "lambda": 0.125
        },
        "MS1_3": {
          "meanserv": 0.5688653403033834,
          "stddevserv": 0.5688653403033834,
          "rate": 1.7578852658991084,
          "cv": 1.0,
          "lambda": 0.125
        },
        "MS1_4": {
          "meanserv": 1.9734249034256548,
          "stddevserv": 1.9734249034256548,
          "rate": 0.5067332424274705,
          "cv": 1.0,
          "lambda": 0.125
        },
        "MS1_5": {
          "meanserv": 1.2408820773865976,
          "stddevserv": 1.2408820773865976,
          "rate": 0.8058783491386099,
          "cv": 1.0,
          "lambda": 0.125
        }
      },
      "sensors": [
        "S1"
      ],
      "sources": [
        {
          "startTime": 0,
          "stopTime": -1,
          "lambda": 0.125
        }
      ]
    },
    "SC2": {
      "resptime": 26.05486152901163,
      "resptime_old": 16.054861529011628,
      "waittime": 13.0512829782934,
      "servicetime": 10.0,
      "networktime": 3.0035785507182293,
      "services": {
        "MS2_1": {
          "meanserv": 2.0085356625566964,
          "stddevserv": 2.0085356625566964,
          "rate": 0.4978751528499546,
          "cv": 1.0,
          "lambda": 0.125
        },
        "MS2_2": {
          "meanserv": 1.4581424153219769,
          "stddevserv": 1.4581424153219769,
          "rate": 0.6858040678963357,
          "cv": 1.0,
          "lambda": 0.125
        },
        "MS2_3": {
          "meanserv": 0.36483113370496945,
          "stddevserv": 0.36483113370496945,
          "rate": 2.7409941411652574,
          "cv": 1.0,
          "lambda": 0.125
        },
        "MS2_4": {
          "meanserv": 4.925541150610706,
          "stddevserv": 4.925541150610706,
          "rate": 0.20302337741630935,
          "cv": 1.0,
          "lambda": 0.125
        },
        "MS2_5": {
          "meanserv": 1.2429496378056513,
          "stddevserv": 1.2429496378056513,
          "rate": 0.8045378264604803,
          "cv": 1.0,
          "lambda": 0.125
        }
      },
      "sensors": [
        "S2"
      ],
      "sources": [
        {
          "startTime": 0,
          "stopTime": -1,
          "lambda": 0.125
        }
      ]
    },
    "SC3": {
      "resptime": 29.08766587702128,
      "resptime_old": 19.087665877021276,
      "waittime": 14.561817073539407,
      "servicetime": 10.0,
      "networktime": 4.525848803481871,
      "services": {
        "MS3_1": {
          "meanserv": 5.300694759080704,
          "stddevserv": 5.300694759080704,
          "rate": 0.188654515200462,
          "cv": 1.0,
          "lambda": 0.125
        },
        "MS3_2": {
          "meanserv": 0.19955868103906393,
          "stddevserv": 0.19955868103906393,
          "rate": 5.011057373165582,
          "cv": 1.0,
          "lambda": 0.125
        },
        "MS3_3": {
          "meanserv": 1.0606596113699869,
          "stddevserv": 1.0606596113699869,
          "rate": 0.9428095397244016,
          "cv": 1.0,
          "lambda": 0.125
        },
        "MS3_4": {
          "meanserv": 2.07609556756979,
          "stddevserv": 2.07609556756979,
          "rate": 0.4816733948189907,
          "cv": 1.0,
          "lambda": 0.125
        },
        "MS3_5": {
          "meanserv": 1.3629913809404552,
          "stddevserv": 1.3629913809404552,
          "rate": 0.7336803548310089,
          "cv": 1.0,
          "lambda": 0.125
        }
      },
      "sensors": [
        "S3"
      ],
      "sources": [
        {
          "startTime": 0,
          "stopTime": -1,
          "lambda": 0.125
        }
      ]
    },
    "SC4": {
      "resptime": 28.97437570361006,
      "resptime_old": 18.97437570361006,
      "waittime": 16.661679875621036,
      "servicetime": 10.0,
      "networktime": 2.3126958279890237,
      "services": {
        "MS4_1": {
          "meanserv": 1.5680482006017515,
          "stddevserv": 1.5680482006017515,
          "rate": 0.637735497937016,
          "cv": 1.0,
          "lambda": 0.125
        },
        "MS4_2": {
          "meanserv": 5.516747290125764,
          "stddevserv": 5.516747290125764,
          "rate": 0.18126623305545744,
          "cv": 1.0,
          "lambda": 0.125
        },
        "MS4_3": {
          "meanserv": 0.4348710632854953,
          "stddevserv": 0.4348710632854953,
          "rate": 2.2995321703975837,
          "cv": 1.0,
          "lambda": 0.125
        },
        "MS4_4": {
          "meanserv": 2.067054044493089,
          "stddevserv": 2.067054044493089,
          "rate": 0.48378028753729735,
          "cv": 1.0,
          "lambda": 0.125
        },
        "MS4_5": {
          "meanserv": 0.4132794014939005,
          "stddevserv": 0.4132794014939005,
          "rate": 2.4196705579451887,
          "cv": 1.0,
          "lambda": 0.125
        }
      },
      "sensors": [
        "S4"
      ],
      "sources": [
        {
          "startTime": 0,
          "stopTime": -1,
          "lambda": 0.125
        }
      ]
    }
  },
  "microservice": {
    "MS1_1": "F10",
    "MS1_2": "F8",
    "MS1_3": "F1",
    "MS1_4": "F1",
    "MS1_5": "F1",
    "MS2_1": "F2",
    "MS2_2": "F2",
    "MS2_3": "F2",
    "MS2_4": "F3",
    "MS2_5": "F7",
    "MS3_1": "F6",
    "MS3_2": "F9",
    "MS3_3": "F9",
    "MS3_4": "F9",
    "MS3_5": "F7",
    "MS4_1": "F10",
    "MS4_2": "F4",
    "MS4_3": "F5",
    "MS4_4": "F5",
    "MS4_5": "F5"
  },
  "sensor": {
    "S1": "F10",
    "S2": "F2",
    "S3": "F6",
    "S4": "F10"
  },
  "fog": {
    "F1": {
      "rho": 0.4728965401394545,
      "capacity": 1.0,
      "tserv": 1.2610574403718786,
      "stddev": 1.4994228118318076,
      "mu": 0.7929852899524591,
      "cv": 1.1890202332017774,
      "lambda": 0.375,
      "twait": 1.3654344908781393
    },
    "F2": {
      "rho": 0.47893865144795533,
      "capacity": 1.0,
      "tserv": 1.2771697371945476,
      "stddev": 1.601406207230621,
      "mu": 0.7829812834405369,
      "cv": 1.253871087447074,
      "lambda": 0.375,
      "twait": 1.5097782115129679
    },
    "F3": {
      "rho": 0.6156926438263383,
      "capacity": 1.0,
      "tserv": 4.925541150610706,
      "stddev": 4.925541150610706,
      "mu": 0.20302337741630935,
      "cv": 1.0,
      "lambda": 0.125,
      "twait": 7.8911303793116625
    },
    "F4": {
      "rho": 0.6895934112657205,
      "capacity": 1.0,
      "tserv": 5.516747290125764,
      "stddev": 5.516747290125764,
      "mu": 0.18126623305545744,
      "cv": 1.0,
      "lambda": 0.125,
      "twait": 12.25590152065164
    },
    "F5": {
      "rho": 0.3644005636590606,
      "capacity": 1.0,
      "tserv": 0.9717348364241616,
      "stddev": 1.4642910092730914,
      "mu": 1.0290873214753213,
      "cv": 1.5068833125932406,
      "lambda": 0.375,
      "twait": 0.9110740317256361
    },
    "F6": {
      "rho": 0.662586844885088,
      "capacity": 1.0,
      "tserv": 5.300694759080704,
      "stddev": 5.300694759080704,
      "mu": 0.188654515200462,
      "cv": 1.0,
      "lambda": 0.125,
      "twait": 10.409109908361676
    },
    "F7": {
      "rho": 0.3257426273432633,
      "capacity": 1.0,
      "tserv": 1.3029705093730533,
      "stddev": 1.305732422184306,
      "mu": 0.7674770785726894,
      "cv": 1.0021197047756527,
      "lambda": 0.25,
      "twait": 0.630817964442834
    },
    "F8": {
      "rho": 0.5066718276884266,
      "capacity": 1.0,
      "tserv": 4.0533746215074125,
      "stddev": 4.0533746215074125,
      "mu": 0.24670801329192446,
      "cv": 1.0,
      "lambda": 0.125,
      "twait": 4.163011242925654
    },
    "F9": {
      "rho": 0.4170392324973551,
      "capacity": 1.0,
      "tserv": 1.112104619992947,
      "stddev": 1.553454270400436,
      "mu": 0.8991959767295473,
      "cv": 1.3968598299774062,
      "lambda": 0.375,
      "twait": 1.1739630669116319
    },
    "F10": {
      "rho": 0.46643765724733793,
      "capacity": 1.0,
      "tserv": 1.8657506289893515,
      "stddev": 1.9126627725006597,
      "mu": 0.5359773082545788,
      "cv": 1.0251438444036436,
      "lambda": 0.25,
      "twait": 1.6725562597924863
    }
  },
  "extra": {
    "deltatime": 0.4692139,
    "conv": 9,
    "obj_func": 26.720918491435867
  },
  "network": [
    [
      0.0,
      2.5069371862876806,
      1.793614595341219,
      1.9210270724313416,
      1.680156251414337,
      2.5119665029056266,
      2.5270655778492133,
      1.2370808688147816,
      2.601974421776296,
      2.601974421776296
    ],
    [
      2.5069371862876806,
      0.0,
      1.7664976819034475,
      1.6628960838124989,
      1.7482570162256832,
      2.235453626488453,
      2.0391253664470943,
      2.601974421776296,
      1.913550474802889,
      1.913550474802889
    ],
    [
      1.793614595341219,
      1.7664976819034475,
      0.0,
      1.451457348369391,
      1.9374341109244329,
      2.491294683882661,
      1.2370808688147816,
      1.913550474802889,
      2.445748952957589,
      2.445748952957589
    ],
    [
      1.9210270724313416,
      1.6628960838124989,
      1.451457348369391,
      0.0,
      0.5729228360386003,
      2.5270655778492133,
      2.601974421776296,
      2.445748952957589,
      1.7397729919504235,
      1.7397729919504235
    ],
    [
      1.680156251414337,
      1.7482570162256832,
      1.9374341109244329,
      0.5729228360386003,
      0.0,
      2.0391253664470943,
      1.913550474802889,
      1.7397729919504235,
      1.8545934140426399,
      1.8545934140426399
    ],
    [
      2.5119665029056266,
      2.235453626488453,
      2.491294683882661,
      2.5270655778492133,
      2.0391253664470943,
      0.0,
      2.445748952957589,
      1.8545934140426399,
      2.484226196888113,
      2.484226196888113
    ],
    [
      2.5270655778492133,
      2.0391253664470943,
      1.2370808688147816,
      2.601974421776296,
      1.913550474802889,
      2.445748952957589,
      0.0,
      2.484226196888113,
      2.041622606593758,
      2.041622606593758
    ],
    [
      1.2370808688147816,
      2.601974421776296,
      1.913550474802889,
      2.445748952957589,
      1.7397729919504235,
      1.8545934140426399,
      2.484226196888113,
      0.0,
      1.5978190119331475,
      1.5978190119331475
    ],
    [
      2.601974421776296,
      1.913550474802889,
      2.445748952957589,
      1.7397729919504235,
      1.8545934140426399,
      2.484226196888113,
      2.041622606593758,
      1.5978190119331475,
      0.0,
      2.5286702068129068
    ],
    [
      2.601974421776296,
      1.913550474802889,
      2.445748952957589,
      1.7397729919504235,
      1.8545934140426399,
      2.484226196888113,
      2.041622606593758,
      1.5978190119331475,
      2.5286702068129068,
      0.0
    ]
  ]
}