{
  "servicechain": {
    "SC1": {
      "resptime": 36.119377571032935,
      "resptime_old": 26.11937757103293,
      "waittime": 21.98320837575182,
      "servicetime": 10.0,
      "networktime": 4.136169195281117,
      "services": {
        "MS1_1": {
          "meanserv": 0.8913914987236993,
          "stddevserv": 0.8913914987236993,
          "rate": 1.1218415269068722,
          "cv": 1.0,
          "lambda": 0.15
        },
        "MS1_2": {
          "meanserv": 0.3851005788244921,
          "stddevserv": 0.3851005788244921,
          "rate": 2.596724219559653,
          "cv": 1.0,
          "lambda": 0.15
        },
        "MS1_3": {
          "meanserv": 1.1926668417524289,
          "stddevserv": 1.1926668417524289,
          "rate": 0.838457115593709,
          "cv": 1.0,
          "lambda": 0.15
        },
        "MS1_4": {
          "meanserv": 4.2869515448924,
          "stddevserv": 4.2869515448924,
          "rate": 0.23326599088609468,
          "cv": 1.0,
          "lambda": 0.15
        },
        "MS1_5": {
          "meanserv": 0.011031601520088863,
          "stddevserv": 0.011031601520088863,
          "rate": 90.64866947731672,
          "cv": 1.0,
          "lambda": 0.15
        },
        "MS1_6": {
          "meanserv": 0.02880886070611499,
          "stddevserv": 0.02880886070611499,
          "rate": 34.71154275072527,
          "cv": 1.0,
          "lambda": 0.15
        },
        "MS1_7": {
          "meanserv": 2.075079100855734,
          "stddevserv": 2.075079100855734,
          "rate": 0.4819093400283458,
          "cv": 1.0,
          "lambda": 0.15
        },
        "MS1_8": {
          "meanserv": 0.07650128472771556,
          "stddevserv": 0.07650128472771556,
          "rate": 13.071675901381447,
          "cv": 1.0,
          "lambda": 0.15
        },
        "MS1_9": {
          "meanserv": 0.894414119034705,
          "stddevserv": 0.894414119034705,
          "rate": 1.1180503289452188,
          "cv": 1.0,
          "lambda": 0.15
        },
        "MS1_10": {
          "meanserv": 0.15805456896262093,
          "stddevserv": 0.15805456896262093,
          "rate": 6.326928772533584,
          "cv": 1.0,
          "lambda": 0.15
        }
      },
      "sensors": [
        "S1"
      ],
      "sources": [
        {
          "startTime": 0,
          "stopTime": -1,
          "lambda": 0.15
        }
      ]
    },
    "SC2": {
      "resptime": 29.169169599493532,
      "resptime_old": 19.16916959949353,
      "waittime": 14.960310887107191,
      "servicetime": 10.0,
      "networktime": 4.20885871238634,
      "services": {
        "MS2_1": {
          "meanserv": 0.257408519276775,
          "stddevserv": 0.257408519276775,
          "rate": 3.8848753056411613,
          "cv": 1.0,
          "lambda": 0.15
        },
        "MS2_2": {
          "meanserv": 0.18332122715310262,
          "stddevserv": 0.18332122715310262,
          "rate": 5.4549056622059355,
          "cv": 1.0,
          "lambda": 0.15
        },
        "MS2_3": {
          "meanserv": 0.09351020631858109,
          "stddevserv": 0.09351020631858109,
          "rate": 10.694019822746274,
          "cv": 1.0,
          "lambda": 0.15
        },
        "MS2_4": {
          "meanserv": 3.1720490558591465,
          "stddevserv": 3.1720490558591465,
          "rate": 0.31525363649495985,
          "cv": 1.0,
          "lambda": 0.15
        },
        "MS2_5": {
          "meanserv": 1.7361015984349564,
          "stddevserv": 1.7361015984349564,
          "rate": 0.5760031560949371,
          "cv": 1.0,
          "lambda": 0.15
        },
        "MS2_6": {
          "meanserv": 0.558888212496127,
          "stddevserv": 0.558888212496127,
          "rate": 1.7892665789707094,
          "cv": 1.0,
          "lambda": 0.15
        },
        "MS2_7": {
          "meanserv": 0.5689442813062637,
          "stddevserv": 0.5689442813062637,
          "rate": 1.757641359368367,
          "cv": 1.0,
          "lambda": 0.15
        },
        "MS2_8": {
          "meanserv": 1.6570725316666355,
          "stddevserv": 1.6570725316666355,
          "rate": 0.6034738859585277,
          "cv": 1.0,
          "lambda": 0.15
        },
        "MS2_9": {
          "meanserv": 0.9281486169283593,
          "stddevserv": 0.9281486169283593,
          "rate": 1.0774136617360135,
          "cv": 1.0,
          "lambda": 0.15
        },
        "MS2_10": {
          "meanserv": 0.8445557505600529,
          "stddevserv": 0.8445557505600529,
          "rate": 1.184054456247402,
          "cv": 1.0,
          "lambda": 0.15
        }
      },
      "sensors": [
        "S2"
      ],
      "sources": [
        {
          "startTime": 0,
          "stopTime": -1,
          "lambda": 0.15
        }
      ]
    },
    "SC3": {
      "resptime": 35.40041965301103,
      "resptime_old": 25.400419653011028,
      "waittime": 21.320483333468097,
      "servicetime": 10.0,
      "networktime": 4.079936319542931,
      "services": {
        "MS3_1": {
          "meanserv": 0.47228009862012366,
          "stddevserv": 0.47228009862012366,
          "rate": 2.1173875480286655,
          "cv": 1.0,
          "lambda": 0.15
        },
        "MS3_2": {
          "meanserv": 1.2025611440223871,
          "stddevserv": 1.2025611440223871,
          "rate": 0.8315585489941489,
          "cv": 1.0,
          "lambda": 0.15
        },
        "MS3_3": {
          "meanserv": 0.2364713697246401,
          "stddevserv": 0.2364713697246401,
          "rate": 4.228841745892763,
          "cv": 1.0,
          "lambda": 0.15
        },
        "MS3_4": {
          "meanserv": 3.0234116532028303,
          "stddevserv": 3.0234116532028303,
          "rate": 0.33075218154321023,
          "cv": 1.0,
          "lambda": 0.15
        },
        "MS3_5": {
          "meanserv": 0.7264086075481977,
          "stddevserv": 0.7264086075481977,
          "rate": 1.3766356697991762,
          "cv": 1.0,
          "lambda": 0.15
        },
        "MS3_6": {
          "meanserv": 0.021499340844369996,
          "stddevserv": 0.021499340844369996,
          "rate": 46.51305392285404,
          "cv": 1.0,
          "lambda": 0.15
        },
        "MS3_7": {
          "meanserv": 0.8837374794582615,
          "stddevserv": 0.8837374794582615,
          "rate": 1.1315577569630841,
          "cv": 1.0,
          "lambda": 0.15
        },
        "MS3_8": {
          "meanserv": 1.5447821813525238,
          "stddevserv": 1.5447821813525238,
          "rate": 0.6473404549011931,
          "cv": 1.0,
          "lambda": 0.15
        },
        "MS3_9": {
          "meanserv": 1.3531750928369668,
          "stddevserv": 1.3531750928369668,
          "rate": 0.7390026651343944,
          "cv": 1.0,
          "lambda": 0.15
        },
        "MS3_10": {
          "meanserv": 0.535673032389699,
          "stddevserv": 0.535673032389699,
          "rate": 1.8668104226544409,
          "cv": 1.0,
          "lambda": 0.15
        }
      },
      "sensors": [
        "S3"
      ],
      "sources": [
        {
          "startTime": 0,
          "stopTime": -1,
          "lambda": 0.15
        }
      ]
    },
    "SC4": {
      "resptime": 33.62123725830468,
      "resptime_old": 23.62123725830469,
      "waittime": 18.17776176539286,
      "servicetime": 10.0,
      "networktime": 5.443475492911823,
      "services": {
        "MS4_1": {
          "meanserv": 0.060921849143096285,
          "stddevserv": 0.060921849143096285,
          "rate": 16.41447221424862,
          "cv": 1.0,
          "lambda": 0.15
        },
        "MS4_2": {
          "meanserv": 1.2435841560428007,
          "stddevserv": 1.2435841560428007,
          "rate": 0.8041273243477884,
          "cv": 1.0,
          "lambda": 0.15
        },
        "MS4_3": {
          "meanserv": 1.0386336576798838,
          "stddevserv": 1.0386336576798838,
          "rate": 0.9628033836625474,
          "cv": 1.0,
          "lambda": 0.15
        },
        "MS4_4": {
          "meanserv": 0.42697605724714727,
          "stddevserv": 0.42697605724714727,
          "rate": 2.342051698278642,
          "cv": 1.0,
          "lambda": 0.15
        },
        "MS4_5": {
          "meanserv": 2.086794505546192,
          "stddevserv": 2.086794505546192,
          "rate": 0.47920386858516417,
          "cv": 1.0,
          "lambda": 0.15
        },
        "MS4_6": {
          "meanserv": 0.3272746914328284,
          "stddevserv": 0.3272746914328284,
          "rate": 3.0555372174424473,
          "cv": 1.0,
          "lambda": 0.15
        },
        "MS4_7": {
          "meanserv": 1.8954870371701302,
          "stddevserv": 1.8954870371701302,
          "rate": 0.5275688941101656,
          "cv": 1.0,
          "lambda": 0.15
        },
        "MS4_8": {
          "meanserv": 1.9928782646069791,
          "stddevserv": 1.9928782646069791,
          "rate": 0.5017867963938142,
          "cv": 1.0,
          "lambda": 0.15
        },
        "MS4_9": {
          "meanserv": 0.7368473837833953,
          "stddevserv": 0.7368473837833953,
          "rate": 1.3571331350400253,
          "cv": 1.0,
          "lambda": 0.15
        },
        "MS4_10": {
          "meanserv": 0.19060239734754703,
          "stddevserv": 0.19060239734754703,
          "rate": 5.246523726438689,
          "cv": 1.0,
          "lambda": 0.15
        }
      },
      "sensors": [
        "S4"
      ],
      "sources": [
        {
          "startTime": 0,
          "stopTime": -1,
          "lambda": 0.15
        }
      ]
    }
  },
  "microservice": {
    "MS1_1": "F10",
    "MS1_2": "F10",
    "MS1_3": "F4",
    "MS1_4": "F1",
    "MS1_5": "F2",
    "MS1_6": "F2",
    "MS1_7": "F3",
    "MS1_8": "F2",
    "MS1_9": "F2",
    "MS1_10": "F2",
    "MS2_1": "F10",
    "MS2_2": "F10",
    "MS2_3": "F10",
    "MS2_4": "F4",
    "MS2_5": "F5",
    "MS2_6": "F5",
    "MS2_7": "F6",
    "MS2_8": "F6",
    "MS2_9": "F2",
    "MS2_10": "F2",
    "MS3_1": "F6",
    "MS3_2": "F6",
    "MS3_3": "F2",
    "MS3_4": "F9",
    "MS3_5": "F10",
    "MS3_6": "F10",
    "MS3_7": "F10",
    "MS3_8": "F9",
    "MS3_9": "F8",
    "MS3_10": "F8",
    "MS4_1": "F10",
    "MS4_2": "F8",
    "MS4_3": "F8",
    "MS4_4": "F2",
    "MS4_5": "F3",
    "MS4_6": "F5",
    "MS4_7": "F7",
    "MS4_8": "F7",
    "MS4_9": "F5",
    "MS4_10": "F5"
  },
  "sensor": {
    "S1": "F10",
    "S2": "F10",
    "S3": "F6",
    "S4": "F10"
  },
  "fog": {
    "F1": {
      "rho": 0.64304273173386,
      "capacity": 1.0,
      "tserv": 4.2869515448924,
      "stddev": 4.2869515448924,
      "mu": 0.23326599088609468,
      "cv": 1.0,
      "lambda": 0.15,
      "twait": 7.722753610336815
    },
    "F2": {
      "rho": 0.5407443344117168,
      "capacity": 1.0,
      "tserv": 0.40055135882349396,
      "stddev": 0.6536627111343255,
      "mu": 2.4965587507609923,
      "cv": 1.6319073615285549,
      "lambda": 1.3499999999999999,
      "twait": 0.8638075763425642
    },
    "F3": {
      "rho": 0.6242810409602889,
      "capacity": 1.0,
      "tserv": 2.080936803200963,
      "stddev": 2.0809532921884077,
      "mu": 0.4805527964432982,
      "cv": 1.0000079238290271,
      "lambda": 0.3,
      "twait": 3.4576367687119993
    },
    "F4": {
      "rho": 0.6547073846417363,
      "capacity": 1.0,
      "tserv": 2.182357948805788,
      "stddev": 2.5926170545371354,
      "mu": 0.45821997282673627,
      "cv": 1.1879889162801391,
      "lambda": 0.3,
      "twait": 4.988963952911439
    },
    "F5": {
      "rho": 0.532457142524228,
      "capacity": 1.0,
      "tserv": 0.7099428566989708,
      "stddev": 1.0493311601637125,
      "mu": 1.4085640704235143,
      "cv": 1.4780501701824273,
      "lambda": 0.75,
      "twait": 1.2874071738585977
    },
    "F6": {
      "rho": 0.5851287083423115,
      "capacity": 1.0,
      "tserv": 0.9752145139038525,
      "stddev": 1.1909454376340645,
      "mu": 1.0254154196259133,
      "cv": 1.2212138156831012,
      "lambda": 0.6,
      "twait": 1.7133465953376552
    },
    "F7": {
      "rho": 0.5832547952665663,
      "capacity": 1.0,
      "tserv": 1.9441826508885545,
      "stddev": 1.9454019393448945,
      "mu": 0.5143549653336159,
      "cv": 1.0006271470716925,
      "lambda": 0.3,
      "twait": 2.722683356534875
    },
    "F8": {
      "rho": 0.6256598908424025,
      "capacity": 1.0,
      "tserv": 1.0427664847373375,
      "stddev": 1.1332620999016865,
      "mu": 0.9589874767138207,
      "cv": 1.086784161640124,
      "lambda": 0.6,
      "twait": 1.900660552326691
    },
    "F9": {
      "rho": 0.6852290751833031,
      "capacity": 1.0,
      "tserv": 2.2840969172776773,
      "stddev": 2.512025335268246,
      "mu": 0.43780979363689154,
      "cv": 1.099789293644434,
      "lambda": 0.3,
      "twait": 5.493218609339358
    },
    "F10": {
      "rho": 0.5254948960935864,
      "capacity": 1.0,
      "tserv": 0.38925547858784176,
      "stddev": 0.6114622007843079,
      "mu": 2.5690068733980165,
      "cv": 1.5708505966379651,
      "lambda": 1.3499999999999999,
      "twait": 0.747408081039374
    }
  },
  "extra": {
    "deltatime": 3.4071765,
    "conv": 54,
    "obj_func": 33.57755102046055
  },
  "network": [
    [
      0.0,
      0.6549669308919486,
      0.9808871674938014,
      0.6801897827612702,
      0.9426730570183193,
      0.9698324446289944,
      1.0690878403322648,
      1.233605620809207,
      1.2867043499925603,
      1.2867043499925603
    ],
    [
      0.6549669308919486,
      0.0,
      0.7877613010704472,
      0.9286029294528065,
      1.5187635887916515,
      0.9177837400089942,
      1.379895214904907,
      1.2867043499925603,
      0.8867088397334498,
      0.8867088397334498
    ],
    [
      0.9808871674938014,
      0.7877613010704472,
      0.0,
      0.6162605792768235,
      0.5401860769106251,
      1.0243434642543896,
      1.233605620809207,
      0.8867088397334498,
      1.3336986708959284,
      1.3336986708959284
    ],
    [
      0.6801897827612702,
      0.9286029294528065,
      0.6162605792768235,
      0.0,
      0.6856898779854353,
      1.0690878403322648,
      1.2867043499925603,
      1.3336986708959284,
      1.225489879487004,
      1.225489879487004
    ],
    [
      0.9426730570183193,
      1.5187635887916515,
      0.5401860769106251,
      0.6856898779854353,
      0.0,
      1.379895214904907,
      0.8867088397334498,
      1.225489879487004,
      1.2541988615802455,
      1.2541988615802455
    ],
    [
      0.9698324446289944,
      0.9177837400089942,
      1.0243434642543896,
      1.0690878403322648,
      1.379895214904907,
      0.0,
      1.3336986708959284,
      1.2541988615802455,
      1.2703098089852365,
      1.2703098089852365
    ],
    [
      1.0690878403322648,
      1.379895214904907,
      1.233605620809207,
      1.2867043499925603,
      0.8867088397334498,
      1.3336986708959284,
      0.0,
      1.2703098089852365,
      1.11574207807517,
      1.11574207807517
    ],
    [
      1.233605620809207,
      1.2867043499925603,
      0.8867088397334498,
      1.3336986708959284,
      1.225489879487004,
      1.2541988615802455,
      1.2703098089852365,
      0.0,
      1.0554060854712903,
      1.0554060854712903
    ],
    [
      1.2867043499925603,
      0.8867088397334498,
      1.3336986708959284,
      1.225489879487004,
      1.2541988615802455,
      1.2703098089852365,
      1.11574207807517,
      1.0554060854712903,
      0.0,
      0.6100188271645984
    ],
    [
      1.2867043499925603,
      0.8867088397334498,
      1.3336986708959284,
      1.225489879487004,
      1.2541988615802455,
      1.2703098089852365,
      1.11574207807517,
      1.0554060854712903,
      0.6100188271645984,
      0.0
    ]
  ]
}