{
  "servicechain": {
    "SC1": {
      "resptime": 42.88237178029361,
      "resptime_old": 32.88237178029361,
      "waittime": 24.08847868074791,
      "servicetime": 10.0,
      "networktime": 8.7938930995457,
      "services": {
        "MS1_1": {
          "meanserv": 3.4230317576924563,
          "stddevserv": 3.4230317576924563,
          "rate": 0.29213868605008875,
          "cv": 1.0,
          "lambda": 0.2
        },
        "MS1_2": {
          "meanserv": 0.27936261294850606,
          "stddevserv": 0.27936261294850606,
          "rate": 3.5795770573792796,
          "cv": 1.0,
          "lambda": 0.2
        },
        "MS1_3": {
          "meanserv": 1.7735840556944673,
          "stddevserv": 1.7735840556944673,
          "rate": 0.5638300574417593,
          "cv": 1.0,
          "lambda": 0.2
        },
        "MS1_4": {
          "meanserv": 1.96632224675204,
          "stddevserv": 1.96632224675204,
          "rate": 0.5085636403960716,
          "cv": 1.0,
          "lambda": 0.2
        },
        "MS1_5": {
          "meanserv": 2.5576993269125303,
          "stddevserv": 2.5576993269125303,
          "rate": 0.3909763706303695,
          "cv": 1.0,
          "lambda": 0.2
        }
      },
      "sensors": [
        "S1"
      ],
      "sources": [
        {
          "startTime": 0,
          "stopTime": -1,
          "lambda": 0.2
        }
      ]
    },
    "SC2": {
      "resptime": 10191.91241732524,
      "resptime_old": 10181.91241732524,
      "waittime": 10180.012724123138,
      "servicetime": 10.0,
      "networktime": 1.8996932021026596,
      "services": {
        "MS2_1": {
          "meanserv": 7.135805262464192,
          "stddevserv": 7.135805262464192,
          "rate": 0.14013835344697623,
          "cv": 1.0,
          "lambda": 0.2
        },
        "MS2_2": {
          "meanserv": 1.1941303191292203,
          "stddevserv": 1.1941303191292203,
          "rate": 0.8374295367772059,
          "cv": 1.0,
          "lambda": 0.2
        },
        "MS2_3": {
          "meanserv": 0.5286219509070502,
          "stddevserv": 0.5286219509070502,
          "rate": 1.8917110768558192,
          "cv": 1.0,
          "lambda": 0.2
        },
        "MS2_4": {
          "meanserv": 0.0873194446018033,
          "stddevserv": 0.0873194446018033,
          "rate": 11.452202937847686,
          "cv": 1.0,
          "lambda": 0.2
        },
        "MS2_5": {
          "meanserv": 1.054123022897734,
          "stddevserv": 1.054123022897734,
          "rate": 0.9486558762857181,
          "cv": 1.0,
          "lambda": 0.2
        }
      },
      "sensors": [
        "S2"
      ],
      "sources": [
        {
          "startTime": 0,
          "stopTime": -1,
          "lambda": 0.2
        }
      ]
    },
    "SC3": {
      "resptime": 43.11592024448691,
      "resptime_old": 33.11592024448691,
      "waittime": 25.318775189274874,
      "servicetime": 10.0,
      "networktime": 7.797145055212034,
      "services": {
        "MS3_1": {
          "meanserv": 2.1078523476998825,
          "stddevserv": 2.1078523476998825,
          "rate": 0.4744165316376234,
          "cv": 1.0,
          "lambda": 0.2
        },
        "MS3_2": {
          "meanserv": 2.879813946342634,
          "stddevserv": 2.879813946342634,
          "rate": 0.347244654909044,
          "cv": 1.0,
          "lambda": 0.2
        },
        "MS3_3": {
          "meanserv": 1.2703520027996884,
          "stddevserv": 1.2703520027996884,
          "rate": 0.7871833931037474,
          "cv": 1.0,
          "lambda": 0.2
        },
        "MS3_4": {
          "meanserv": 1.6734471301995688,
          "stddevserv": 1.6734471301995688,
          "rate": 0.5975689234237976,
          "cv": 1.0,
          "lambda": 0.2
        },
        "MS3_5": {
          "meanserv": 2.0685345729582263,
          "stddevserv": 2.0685345729582263,
          "rate": 0.48343402767974664,
          "cv": 1.0,
          "lambda": 0.2
        }
      },
      "sensors": [
        "S3"
      ],
      "sources": [
        {
          "startTime": 0,
          "stopTime": -1,
          "lambda": 0.2
        }
      ]
    },
    "SC4": {
      "resptime": 6454.430828252457,
      "resptime_old": 6444.430828252457,
      "waittime": 6440.686416277245,
      "servicetime": 10.0,
      "networktime": 3.7444119752119147,
      "services": {
        "MS4_1": {
          "meanserv": 1.0653119753576967,
          "stddevserv": 1.0653119753576967,
          "rate": 0.9386921607299429,
          "cv": 1.0,
          "lambda": 0.2
        },
        "MS4_2": {
          "meanserv": 5.670746693918648,
          "stddevserv": 5.670746693918648,
          "rate": 0.1763436199808409,
          "cv": 1.0,
          "lambda": 0.2
        },
        "MS4_3": {
          "meanserv": 0.4621511749149123,
          "stddevserv": 0.4621511749149123,
          "rate": 2.163794131182534,
          "cv": 1.0,
          "lambda": 0.2
        },
        "MS4_4": {
          "meanserv": 2.319685703452868,
          "stddevserv": 2.319685703452868,
          "rate": 0.43109288405385826,
          "cv": 1.0,
          "lambda": 0.2
        },
        "MS4_5": {
          "meanserv": 0.48210445235587507,
          "stddevserv": 0.48210445235587507,
          "rate": 2.0742392963046727,
          "cv": 1.0,
          "lambda": 0.2
        }
      },
      "sensors": [
        "S4"
      ],
      "sources": [
        {
          "startTime": 0,
          "stopTime": -1,
          "lambda": 0.2
        }
      ]
    }
  },
  "microservice": {
    "MS1_1": "F2",
    "MS1_2": "F7",
    "MS1_3": "F6",
    "MS1_4": "F4",
    "MS1_5": "F10",
    "MS2_1": "F5",
    "MS2_2": "F7",
    "MS2_3": "F7",
    "MS2_4": "F7",
    "MS2_5": "F7",
    "MS3_1": "F9",
    "MS3_2": "F1",
    "MS3_3": "F4",
    "MS3_4": "F9",
    "MS3_5": "F6",
    "MS4_1": "F10",
    "MS4_2": "F8",
    "MS4_3": "F3",
    "MS4_4": "F3",
    "MS4_5": "F3"
  },
  "sensor": {
    "S1": "F2",
    "S2": "F5",
    "S3": "F9",
    "S4": "F10"
  },
  "fog": {
    "F1": {
      "rho": 0.5759627892685268,
      "capacity": 1.0,
      "tserv": 2.879813946342634,
      "stddev": 2.879813946342634,
      "mu": 0.347244654909044,
      "cv": 1.0,
      "lambda": 0.2,
      "twait": 3.9116040553343745
    },
    "F2": {
      "rho": 0.6846063515384914,
      "capacity": 1.0,
      "tserv": 3.4230317576924563,
      "stddev": 3.4230317576924563,
      "mu": 0.29213868605008875,
      "cv": 1.0,
      "lambda": 0.2,
      "twait": 7.430172719918356
    },
    "F3": {
      "rho": 0.6527882661447311,
      "capacity": 1.0,
      "tserv": 1.0879804435745517,
      "stddev": 1.643451247803273,
      "mu": 0.9191341681790781,
      "cv": 1.5105521955925294,
      "lambda": 0.6000000000000001,
      "twait": 3.3564246862055156
    },
    "F4": {
      "rho": 0.6473348499103457,
      "capacity": 1.0,
      "tserv": 1.6183371247758642,
      "stddev": 1.6915088943488765,
      "mu": 0.6179182227797546,
      "cv": 1.0452141698122055,
      "lambda": 0.4,
      "twait": 3.107887120514172
    },
    "F5": {
      "rho": 1.4271610524928386,
      "capacity": 1.0,
      "tserv": 7.135805262464192,
      "stddev": 7.135805262464192,
      "mu": 0.14013835344697623,
      "cv": 1.0,
      "lambda": 0.2,
      "twait": 10173.759405413562
    },
    "F6": {
      "rho": 0.7684237257305387,
      "capacity": 1.0,
      "tserv": 1.9210593143263468,
      "stddev": 1.9323474824619646,
      "mu": 0.5205461343866249,
      "cv": 1.005876012287302,
      "lambda": 0.4,
      "twait": 6.412086648823153
    },
    "F7": {
      "rho": 0.6287114700968628,
      "capacity": 1.0,
      "tserv": 0.6287114700968628,
      "stddev": 0.8749940815315438,
      "mu": 1.590554725915744,
      "cv": 1.3917259715283026,
      "lambda": 1.0,
      "twait": 1.563329677393273
    },
    "F8": {
      "rho": 1.1341493387837296,
      "capacity": 1.0,
      "tserv": 5.670746693918647,
      "stddev": 5.670746693918649,
      "mu": 0.17634361998084092,
      "cv": 1.0000000000000002,
      "lambda": 0.2,
      "twait": 6425.042139704531
    },
    "F9": {
      "rho": 0.7562598955798903,
      "capacity": 1.0,
      "tserv": 1.8906497389497257,
      "stddev": 1.915439996942325,
      "mu": 0.5289186988995168,
      "cv": 1.013112031002829,
      "lambda": 0.4,
      "twait": 5.943598682301588
    },
    "F10": {
      "rho": 0.7246022604540455,
      "capacity": 1.0,
      "tserv": 1.8115056511351135,
      "stddev": 2.096464339700267,
      "mu": 0.5520269833954902,
      "cv": 1.1573048852409566,
      "lambda": 0.4,
      "twait": 5.575002514098957
    }
  },
  "extra": {
    "conv_gen": 6,
    "max_gen": 600,
    "population": 600,
    "deltatime": 39.1646512,
    "obj_func": 4183.08538440062
  },
  "network": [
    [
      0.0,
      1.8657269320980623,
      2.5633640274048743,
      2.14649070086534,
      1.5293754311131733,
      1.8675054460335871,
      2.210093115074804,
      1.8934333852548264,
      1.6657403496665741,
      1.6657403496665741
    ],
    [
      1.8657269320980623,
      0.0,
      2.0558175765117324,
      1.5833279681451526,
      1.7480800918421437,
      1.9396746930767435,
      1.8459320899941034,
      1.6657403496665741,
      1.8996932021026596,
      1.8996932021026596
    ],
    [
      2.5633640274048743,
      2.0558175765117324,
      0.0,
      2.179199607785973,
      2.613130816570706,
      1.8202482478548088,
      1.8934333852548264,
      1.8996932021026596,
      2.303243508744374,
      2.303243508744374
    ],
    [
      2.14649070086534,
      1.5833279681451526,
      2.179199607785973,
      0.0,
      2.611880920623453,
      2.210093115074804,
      1.6657403496665741,
      2.303243508744374,
      2.4346243857324192,
      2.4346243857324192
    ],
    [
      1.5293754311131733,
      1.7480800918421437,
      2.613130816570706,
      2.611880920623453,
      0.0,
      1.8459320899941034,
      1.8996932021026596,
      2.4346243857324192,
      2.603032206053287,
      2.603032206053287
    ],
    [
      1.8675054460335871,
      1.9396746930767435,
      1.8202482478548088,
      2.210093115074804,
      1.8459320899941034,
      0.0,
      2.303243508744374,
      2.603032206053287,
      1.5502896189477002,
      1.5502896189477002
    ],
    [
      2.210093115074804,
      1.8459320899941034,
      1.8934333852548264,
      1.6657403496665741,
      1.8996932021026596,
      2.303243508744374,
      0.0,
      1.5502896189477002,
      1.9876075008411525,
      1.9876075008411525
    ],
    [
      1.8934333852548264,
      1.6657403496665741,
      1.8996932021026596,
      2.303243508744374,
      2.4346243857324192,
      2.603032206053287,
      1.5502896189477002,
      0.0,
      1.8447187731092551,
      1.8447187731092551
    ],
    [
      1.6657403496665741,
      1.8996932021026596,
      2.303243508744374,
      2.4346243857324192,
      2.603032206053287,
      1.5502896189477002,
      1.9876075008411525,
      1.8447187731092551,
      0.0,
      1.8081373582381315
    ],
    [
      1.6657403496665741,
      1.8996932021026596,
      2.303243508744374,
      2.4346243857324192,
      2.603032206053287,
      1.5502896189477002,
      1.9876075008411525,
      1.8447187731092551,
      1.8081373582381315,
      0.0
    ]
  ]
}