{
  "servicechain": {
    "SC1": {
      "resptime": 27.00359548958778,
      "resptime_old": 17.00359548958778,
      "waittime": 9.653520053462202,
      "servicetime": 10.0,
      "networktime": 7.350075436125577,
      "services": {
        "MS1_1": {
          "meanserv": 2.630397291251457,
          "stddevserv": 2.630397291251457,
          "rate": 0.38017070779609596,
          "cv": 1.0,
          "lambda": 0.15
        },
        "MS1_2": {
          "meanserv": 1.1999460780586713,
          "stddevserv": 1.1999460780586713,
          "rate": 0.8333707808086233,
          "cv": 1.0,
          "lambda": 0.15
        },
        "MS1_3": {
          "meanserv": 3.7611602071474204,
          "stddevserv": 3.7611602071474204,
          "rate": 0.2658754067693465,
          "cv": 1.0,
          "lambda": 0.15
        },
        "MS1_4": {
          "meanserv": 2.4084964235424513,
          "stddevserv": 2.4084964235424513,
          "rate": 0.4151967967339497,
          "cv": 1.0,
          "lambda": 0.15
        }
      },
      "sensors": [
        "S1"
      ],
      "sources": [
        {
          "startTime": 0,
          "stopTime": -1,
          "lambda": 0.15
        }
      ]
    },
    "SC2": {
      "resptime": 35.576832654655185,
      "resptime_old": 25.57683265465519,
      "waittime": 20.519812341335797,
      "servicetime": 10.0,
      "networktime": 5.05702031331939,
      "services": {
        "MS2_1": {
          "meanserv": 3.5981542486405482,
          "stddevserv": 3.5981542486405482,
          "rate": 0.27792026992111835,
          "cv": 1.0,
          "lambda": 0.15
        },
        "MS2_2": {
          "meanserv": 0.7118668294651043,
          "stddevserv": 0.7118668294651043,
          "rate": 1.4047571239572978,
          "cv": 1.0,
          "lambda": 0.15
        },
        "MS2_3": {
          "meanserv": 4.816944435749832,
          "stddevserv": 4.816944435749832,
          "rate": 0.20760048477585033,
          "cv": 1.0,
          "lambda": 0.15
        },
        "MS2_4": {
          "meanserv": 0.8730344861445154,
          "stddevserv": 0.8730344861445154,
          "rate": 1.1454301243198173,
          "cv": 1.0,
          "lambda": 0.15
        }
      },
      "sensors": [
        "S2"
      ],
      "sources": [
        {
          "startTime": 0,
          "stopTime": -1,
          "lambda": 0.15
        }
      ]
    },
    "SC3": {
      "resptime": 6952.27464105745,
      "resptime_old": 6942.274641057449,
      "waittime": 6937.074303513139,
      "servicetime": 10.0,
      "networktime": 5.200337544310644,
      "services": {
        "MS3_1": {
          "meanserv": 6.80192765572324,
          "stddevserv": 6.80192765572324,
          "rate": 0.14701714728744367,
          "cv": 1.0,
          "lambda": 0.15
        },
        "MS3_2": {
          "meanserv": 0.4176658290289712,
          "stddevserv": 0.4176658290289712,
          "rate": 2.394258592628691,
          "cv": 1.0,
          "lambda": 0.15
        },
        "MS3_3": {
          "meanserv": 0.3510499327562142,
          "stddevserv": 0.3510499327562142,
          "rate": 2.848597611595179,
          "cv": 1.0,
          "lambda": 0.15
        },
        "MS3_4": {
          "meanserv": 2.4293565824915744,
          "stddevserv": 2.4293565824915744,
          "rate": 0.4116316259239264,
          "cv": 1.0,
          "lambda": 0.15
        }
      },
      "sensors": [
        "S3"
      ],
      "sources": [
        {
          "startTime": 0,
          "stopTime": -1,
          "lambda": 0.15
        }
      ]
    },
    "SC4": {
      "resptime": 47.973224717718004,
      "resptime_old": 37.973224717718004,
      "waittime": 35.2340251136041,
      "servicetime": 10.0,
      "networktime": 2.7391996041139066,
      "services": {
        "MS4_1": {
          "meanserv": 2.5942713845627963,
          "stddevserv": 2.5942713845627963,
          "rate": 0.3854646842078654,
          "cv": 1.0,
          "lambda": 0.15
        },
        "MS4_2": {
          "meanserv": 5.648061109347589,
          "stddevserv": 5.648061109347589,
          "rate": 0.17705190872403834,
          "cv": 1.0,
          "lambda": 0.15
        },
        "MS4_3": {
          "meanserv": 1.0295499074004493,
          "stddevserv": 1.0295499074004493,
          "rate": 0.9712982273243451,
          "cv": 1.0,
          "lambda": 0.15
        },
        "MS4_4": {
          "meanserv": 0.728117598689165,
          "stddevserv": 0.728117598689165,
          "rate": 1.3734045184463426,
          "cv": 1.0,
          "lambda": 0.15
        }
      },
      "sensors": [
        "S4"
      ],
      "sources": [
        {
          "startTime": 0,
          "stopTime": -1,
          "lambda": 0.15
        }
      ]
    }
  },
  "microservice": {
    "MS1_1": "F6",
    "MS1_2": "F10",
    "MS1_3": "F4",
    "MS1_4": "F8",
    "MS2_1": "F5",
    "MS2_2": "F7",
    "MS2_3": "F3",
    "MS2_4": "F8",
    "MS3_1": "F1",
    "MS3_2": "F10",
    "MS3_3": "F10",
    "MS3_4": "F7",
    "MS4_1": "F9",
    "MS4_2": "F2",
    "MS4_3": "F10",
    "MS4_4": "F10"
  },
  "sensor": {
    "S1": "F6",
    "S2": "F5",
    "S3": "F1",
    "S4": "F9"
  },
  "fog": {
    "F1": {
      "rho": 1.020289148358486,
      "capacity": 1.0,
      "tserv": 6.80192765572324,
      "stddev": 6.80192765572324,
      "mu": 0.14701714728744367,
      "cv": 1.0,
      "lambda": 0.15,
      "twait": 6932.993042078837
    },
    "F2": {
      "rho": 0.8472091664021383,
      "capacity": 1.0,
      "tserv": 5.648061109347589,
      "stddev": 5.648061109347588,
      "mu": 0.17705190872403834,
      "cv": 0.9999999999999999,
      "lambda": 0.15,
      "twait": 31.31790717781432
    },
    "F3": {
      "rho": 0.7225416653624748,
      "capacity": 1.0,
      "tserv": 4.816944435749832,
      "stddev": 4.816944435749832,
      "mu": 0.20760048477585033,
      "cv": 1.0,
      "lambda": 0.15,
      "twait": 12.544020561184732
    },
    "F4": {
      "rho": 0.5641740310721131,
      "capacity": 1.0,
      "tserv": 3.7611602071474204,
      "stddev": 3.761160207147421,
      "mu": 0.2658754067693465,
      "cv": 1.0000000000000002,
      "lambda": 0.15,
      "twait": 4.868798710628206
    },
    "F5": {
      "rho": 0.5397231372960822,
      "capacity": 1.0,
      "tserv": 3.5981542486405482,
      "stddev": 3.5981542486405482,
      "mu": 0.27792026992111835,
      "cv": 1.0,
      "lambda": 0.15,
      "twait": 4.219215122270309
    },
    "F6": {
      "rho": 0.39455959368771854,
      "capacity": 1.0,
      "tserv": 2.630397291251457,
      "stddev": 2.630397291251457,
      "mu": 0.38017070779609596,
      "cv": 1.0,
      "lambda": 0.15,
      "twait": 1.714204198551849
    },
    "F7": {
      "rho": 0.47118351179350176,
      "capacity": 1.0,
      "tserv": 1.5706117059783393,
      "stddev": 1.9853731782291342,
      "mu": 0.6366946051615582,
      "cv": 1.2640763918109463,
      "lambda": 0.3,
      "twait": 1.8177934871667711
    },
    "F8": {
      "rho": 0.49222963645304496,
      "capacity": 1.0,
      "tserv": 1.6407654548434834,
      "stddev": 1.9674686677064654,
      "mu": 0.6094716323091971,
      "cv": 1.1991163404242609,
      "lambda": 0.3,
      "twait": 1.9387831707139873
    },
    "F9": {
      "rho": 0.38914070768441944,
      "capacity": 1.0,
      "tserv": 2.5942713845627963,
      "stddev": 2.5942713845627963,
      "mu": 0.3854646842078654,
      "cv": 1.0,
      "lambda": 0.15,
      "twait": 1.6526499886534607
    },
    "F10": {
      "rho": 0.5589494018900206,
      "capacity": 1.0,
      "tserv": 0.7452658691866941,
      "stddev": 0.880710304285726,
      "mu": 1.3418030280808328,
      "cv": 1.1817397531525788,
      "lambda": 0.75,
      "twait": 1.13173397356816
    }
  },
  "extra": {
    "deltatime": 0.0104597,
    "obj_func": 1765.7070734798529
  },
  "network": [
    [
      0.0,
      2.3768848127554003,
      2.5541379315367716,
      3.2778670772544807,
      2.2951678009069623,
      2.706581564390365,
      2.6052472878865323,
      2.317820709205483,
      2.243927665750811,
      2.243927665750811
    ],
    [
      2.3768848127554003,
      0.0,
      3.121614487501888,
      2.945892052529784,
      2.4198431335459727,
      2.3598517492048563,
      1.903420245506167,
      2.243927665750811,
      1.3695998020569533,
      1.3695998020569533
    ],
    [
      2.5541379315367716,
      3.121614487501888,
      0.0,
      2.5450684677202298,
      2.1796917023929754,
      4.146442078139142,
      2.317820709205483,
      1.3695998020569533,
      2.429795577803455,
      2.429795577803455
    ],
    [
      3.2778670772544807,
      2.945892052529784,
      2.5450684677202298,
      0.0,
      1.8763881312653221,
      2.6052472878865323,
      2.243927665750811,
      2.429795577803455,
      2.49027508299989,
      2.49027508299989
    ],
    [
      2.2951678009069623,
      2.4198431335459727,
      2.1796917023929754,
      1.8763881312653221,
      0.0,
      1.903420245506167,
      1.3695998020569533,
      2.49027508299989,
      2.3768662926403246,
      2.3768662926403246
    ],
    [
      2.706581564390365,
      2.3598517492048563,
      4.146442078139142,
      2.6052472878865323,
      1.903420245506167,
      0.0,
      2.429795577803455,
      2.3768662926403246,
      2.4300047753222325,
      2.4300047753222325
    ],
    [
      2.6052472878865323,
      1.903420245506167,
      2.317820709205483,
      2.243927665750811,
      1.3695998020569533,
      2.429795577803455,
      0.0,
      2.4300047753222325,
      2.9564098785598323,
      2.9564098785598323
    ],
    [
      2.317820709205483,
      2.243927665750811,
      1.3695998020569533,
      2.429795577803455,
      2.49027508299989,
      2.3768662926403246,
      2.4300047753222325,
      0.0,
      3.4307805354684717,
      3.4307805354684717
    ],
    [
      2.243927665750811,
      1.3695998020569533,
      2.429795577803455,
      2.49027508299989,
      2.3768662926403246,
      2.4300047753222325,
      2.9564098785598323,
      3.4307805354684717,
      0.0,
      2.298599282154262
    ],
    [
      2.243927665750811,
      1.3695998020569533,
      2.429795577803455,
      2.49027508299989,
      2.3768662926403246,
      2.4300047753222325,
      2.9564098785598323,
      3.4307805354684717,
      2.298599282154262,
      0.0
    ]
  ]
}