{
  "servicechain": {
    "SC1": {
      "resptime": 35.730705384232905,
      "resptime_old": 25.730705384232905,
      "waittime": 19.714034538924572,
      "servicetime": 10.0,
      "networktime": 6.0166708453083295,
      "services": {
        "MS1_1": {
          "meanserv": 1.6225853091982645,
          "stddevserv": 1.6225853091982645,
          "rate": 0.6163004153501858,
          "cv": 1.0,
          "lambda": 0.225
        },
        "MS1_2": {
          "meanserv": 0.27808421716885134,
          "stddevserv": 0.27808421716885134,
          "rate": 3.596032921900077,
          "cv": 1.0,
          "lambda": 0.225
        },
        "MS1_3": {
          "meanserv": 0.26444325351513953,
          "stddevserv": 0.26444325351513953,
          "rate": 3.7815296352143446,
          "cv": 1.0,
          "lambda": 0.225
        },
        "MS1_4": {
          "meanserv": 0.47185761341914123,
          "stddevserv": 0.47185761341914123,
          "rate": 2.119283384565676,
          "cv": 1.0,
          "lambda": 0.225
        },
        "MS1_5": {
          "meanserv": 0.5722425496815164,
          "stddevserv": 0.5722425496815164,
          "rate": 1.7475107374601093,
          "cv": 1.0,
          "lambda": 0.225
        },
        "MS1_6": {
          "meanserv": 1.7622102224232945,
          "stddevserv": 1.7622102224232945,
          "rate": 0.5674691857279406,
          "cv": 1.0,
          "lambda": 0.225
        },
        "MS1_7": {
          "meanserv": 0.25974348451170215,
          "stddevserv": 0.25974348451170215,
          "rate": 3.849952201418732,
          "cv": 1.0,
          "lambda": 0.225
        },
        "MS1_8": {
          "meanserv": 3.424662502851051,
          "stddevserv": 3.424662502851051,
          "rate": 0.2919995763575226,
          "cv": 1.0,
          "lambda": 0.225
        },
        "MS1_9": {
          "meanserv": 0.1889956703921971,
          "stddevserv": 0.1889956703921971,
          "rate": 5.291126500013654,
          "cv": 1.0,
          "lambda": 0.225
        },
        "MS1_10": {
          "meanserv": 1.155175176838842,
          "stddevserv": 1.155175176838842,
          "rate": 0.865669571204359,
          "cv": 1.0,
          "lambda": 0.225
        }
      },
      "sensors": [
        "S1"
      ],
      "sources": [
        {
          "startTime": 0,
          "stopTime": -1,
          "lambda": 0.225
        }
      ]
    },
    "SC2": {
      "resptime": 31.774918254251254,
      "resptime_old": 21.774918254251254,
      "waittime": 17.289221426493736,
      "servicetime": 10.0,
      "networktime": 4.485696827757517,
      "services": {
        "MS2_1": {
          "meanserv": 0.21640779621097006,
          "stddevserv": 0.21640779621097006,
          "rate": 4.620905612037781,
          "cv": 1.0,
          "lambda": 0.225
        },
        "MS2_2": {
          "meanserv": 2.507331746422814,
          "stddevserv": 2.507331746422814,
          "rate": 0.3988303508008824,
          "cv": 1.0,
          "lambda": 0.225
        },
        "MS2_3": {
          "meanserv": 0.1486917424397438,
          "stddevserv": 0.1486917424397438,
          "rate": 6.725323031339433,
          "cv": 1.0,
          "lambda": 0.225
        },
        "MS2_4": {
          "meanserv": 0.6575377008185899,
          "stddevserv": 0.6575377008185899,
          "rate": 1.520825343938557,
          "cv": 1.0,
          "lambda": 0.225
        },
        "MS2_5": {
          "meanserv": 0.11000810009881201,
          "stddevserv": 0.11000810009881201,
          "rate": 9.090239710546543,
          "cv": 1.0,
          "lambda": 0.225
        },
        "MS2_6": {
          "meanserv": 3.1314053257496974,
          "stddevserv": 3.1314053257496974,
          "rate": 0.3193454363052115,
          "cv": 1.0,
          "lambda": 0.225
        },
        "MS2_7": {
          "meanserv": 0.23768757515128058,
          "stddevserv": 0.23768757515128058,
          "rate": 4.20720350806529,
          "cv": 1.0,
          "lambda": 0.225
        },
        "MS2_8": {
          "meanserv": 0.18425762474519125,
          "stddevserv": 0.18425762474519125,
          "rate": 5.427183821472212,
          "cv": 1.0,
          "lambda": 0.225
        },
        "MS2_9": {
          "meanserv": 0.11545770175011683,
          "stddevserv": 0.11545770175011683,
          "rate": 8.66118054354038,
          "cv": 1.0,
          "lambda": 0.225
        },
        "MS2_10": {
          "meanserv": 2.691214686612784,
          "stddevserv": 2.691214686612784,
          "rate": 0.371579422843675,
          "cv": 1.0,
          "lambda": 0.225
        }
      },
      "sensors": [
        "S2"
      ],
      "sources": [
        {
          "startTime": 0,
          "stopTime": -1,
          "lambda": 0.225
        }
      ]
    },
    "SC3": {
      "resptime": 30.113553203450216,
      "resptime_old": 20.113553203450216,
      "waittime": 15.843692168570856,
      "servicetime": 10.0,
      "networktime": 4.269861034879363,
      "services": {
        "MS3_1": {
          "meanserv": 1.376329968486809,
          "stddevserv": 1.376329968486809,
          "rate": 0.7265699526251245,
          "cv": 1.0,
          "lambda": 0.225
        },
        "MS3_2": {
          "meanserv": 0.6795182248343745,
          "stddevserv": 0.6795182248343745,
          "rate": 1.4716308753068978,
          "cv": 1.0,
          "lambda": 0.225
        },
        "MS3_3": {
          "meanserv": 0.27233397394607417,
          "stddevserv": 0.27233397394607417,
          "rate": 3.6719619866378244,
          "cv": 1.0,
          "lambda": 0.225
        },
        "MS3_4": {
          "meanserv": 0.07986975590216883,
          "stddevserv": 0.07986975590216883,
          "rate": 12.520383826199291,
          "cv": 1.0,
          "lambda": 0.225
        },
        "MS3_5": {
          "meanserv": 0.8779920386809925,
          "stddevserv": 0.8779920386809925,
          "rate": 1.1389624916215642,
          "cv": 1.0,
          "lambda": 0.225
        },
        "MS3_6": {
          "meanserv": 1.3619527009081445,
          "stddevserv": 1.3619527009081445,
          "rate": 0.734239889045489,
          "cv": 1.0,
          "lambda": 0.225
        },
        "MS3_7": {
          "meanserv": 2.8433972111672716,
          "stddevserv": 2.8433972111672716,
          "rate": 0.35169198171559013,
          "cv": 1.0,
          "lambda": 0.225
        },
        "MS3_8": {
          "meanserv": 0.8195104380189164,
          "stddevserv": 0.8195104380189164,
          "rate": 1.2202407115367546,
          "cv": 1.0,
          "lambda": 0.225
        },
        "MS3_9": {
          "meanserv": 1.2420139642393746,
          "stddevserv": 1.2420139642393746,
          "rate": 0.8051439265519151,
          "cv": 1.0,
          "lambda": 0.225
        },
        "MS3_10": {
          "meanserv": 0.44708172381587374,
          "stddevserv": 0.44708172381587374,
          "rate": 2.236727530405247,
          "cv": 1.0,
          "lambda": 0.225
        }
      },
      "sensors": [
        "S3"
      ],
      "sources": [
        {
          "startTime": 0,
          "stopTime": -1,
          "lambda": 0.225
        }
      ]
    },
    "SC4": {
      "resptime": 43.37130837241733,
      "resptime_old": 33.37130837241734,
      "waittime": 28.69143827985882,
      "servicetime": 10.0,
      "networktime": 4.679870092558514,
      "services": {
        "MS4_1": {
          "meanserv": 0.6201025693153028,
          "stddevserv": 0.6201025693153028,
          "rate": 1.6126364402975586,
          "cv": 1.0,
          "lambda": 0.225
        },
        "MS4_2": {
          "meanserv": 0.23734298127932152,
          "stddevserv": 0.23734298127932152,
          "rate": 4.213311868797718,
          "cv": 1.0,
          "lambda": 0.225
        },
        "MS4_3": {
          "meanserv": 3.6484076651834707,
          "stddevserv": 3.6484076651834707,
          "rate": 0.27409217712782985,
          "cv": 1.0,
          "lambda": 0.225
        },
        "MS4_4": {
          "meanserv": 0.9720079292889983,
          "stddevserv": 0.9720079292889983,
          "rate": 1.0287981917302642,
          "cv": 1.0,
          "lambda": 0.225
        },
        "MS4_5": {
          "meanserv": 0.5242915136202146,
          "stddevserv": 0.5242915136202146,
          "rate": 1.9073358504222866,
          "cv": 1.0,
          "lambda": 0.225
        },
        "MS4_6": {
          "meanserv": 0.21014365294259996,
          "stddevserv": 0.21014365294259996,
          "rate": 4.7586495523286,
          "cv": 1.0,
          "lambda": 0.225
        },
        "MS4_7": {
          "meanserv": 0.8640965788010337,
          "stddevserv": 0.8640965788010337,
          "rate": 1.1572780456873668,
          "cv": 1.0,
          "lambda": 0.225
        },
        "MS4_8": {
          "meanserv": 0.16512011229434442,
          "stddevserv": 0.16512011229434442,
          "rate": 6.056197431705909,
          "cv": 1.0,
          "lambda": 0.225
        },
        "MS4_9": {
          "meanserv": 1.1794106591165825,
          "stddevserv": 1.1794106591165825,
          "rate": 0.8478810940618707,
          "cv": 1.0,
          "lambda": 0.225
        },
        "MS4_10": {
          "meanserv": 1.5790763381581314,
          "stddevserv": 1.5790763381581314,
          "rate": 0.633281606363896,
          "cv": 1.0,
          "lambda": 0.225
        }
      },
      "sensors": [
        "S4"
      ],
      "sources": [
        {
          "startTime": 0,
          "stopTime": -1,
          "lambda": 0.225
        }
      ]
    }
  },
  "microservice": {
    "MS1_1": "F4",
    "MS1_2": "F13",
    "MS1_3": "F13",
    "MS1_4": "F13",
    "MS1_5": "F14",
    "MS1_6": "F12",
    "MS1_7": "F10",
    "MS1_8": "F6",
    "MS1_9": "F14",
    "MS1_10": "F14",
    "MS2_1": "F13",
    "MS2_2": "F11",
    "MS2_3": "F13",
    "MS2_4": "F13",
    "MS2_5": "F13",
    "MS2_6": "F7",
    "MS2_7": "F10",
    "MS2_8": "F10",
    "MS2_9": "F10",
    "MS2_10": "F15",
    "MS3_1": "F3",
    "MS3_2": "F10",
    "MS3_3": "F10",
    "MS3_4": "F10",
    "MS3_5": "F4",
    "MS3_6": "F3",
    "MS3_7": "F1",
    "MS3_8": "F5",
    "MS3_9": "F5",
    "MS3_10": "F5",
    "MS4_1": "F9",
    "MS4_2": "F9",
    "MS4_3": "F8",
    "MS4_4": "F2",
    "MS4_5": "F2",
    "MS4_6": "F2",
    "MS4_7": "F2",
    "MS4_8": "F10",
    "MS4_9": "F12",
    "MS4_10": "F9"
  },
  "sensor": {
    "S1": "F4",
    "S2": "F13",
    "S3": "F3",
    "S4": "F9"
  },
  "fog": {
    "F1": {
      "rho": 0.6397643725126362,
      "capacity": 1.0,
      "tserv": 2.843397211167272,
      "stddev": 2.8433972111672707,
      "mu": 0.3516919817155901,
      "cv": 0.9999999999999996,
      "lambda": 0.225,
      "twait": 5.049762138450391
    },
    "F2": {
      "rho": 0.5783714267968905,
      "capacity": 1.0,
      "tserv": 0.6426349186632117,
      "stddev": 0.7695924183787245,
      "mu": 1.5560934691817987,
      "cv": 1.1975577361709595,
      "lambda": 0.9,
      "twait": 1.0728956405005396
    },
    "F3": {
      "rho": 0.6161136006138646,
      "capacity": 1.0,
      "tserv": 1.3691413346974768,
      "stddev": 1.369179077874294,
      "mu": 0.7303847854545699,
      "cv": 1.000027567042102,
      "lambda": 0.45,
      "twait": 2.1974465707140443
    },
    "F4": {
      "rho": 0.5626299032728328,
      "capacity": 1.0,
      "tserv": 1.2502886739396284,
      "stddev": 1.3566249803949204,
      "mu": 0.7998152913351002,
      "cv": 1.085049403927038,
      "lambda": 0.45,
      "twait": 1.7509700697272395
    },
    "F5": {
      "rho": 0.5644363783666871,
      "capacity": 1.0,
      "tserv": 0.8362020420247216,
      "stddev": 0.9540186338250998,
      "mu": 1.19588323125673,
      "cv": 1.1408948864978914,
      "lambda": 0.675,
      "twait": 1.2470453189448545
    },
    "F6": {
      "rho": 0.7705490631414865,
      "capacity": 1.0,
      "tserv": 3.424662502851051,
      "stddev": 3.424662502851051,
      "mu": 0.2919995763575226,
      "cv": 1.0,
      "lambda": 0.225,
      "twait": 11.50080500553748
    },
    "F7": {
      "rho": 0.7045661982936818,
      "capacity": 1.0,
      "tserv": 3.1314053257496974,
      "stddev": 3.1314053257496974,
      "mu": 0.3193454363052115,
      "cv": 1.0,
      "lambda": 0.225,
      "twait": 7.467941491249031
    },
    "F8": {
      "rho": 0.8208917246662809,
      "capacity": 1.0,
      "tserv": 3.6484076651834707,
      "stddev": 3.6484076651834707,
      "mu": 0.27409217712782985,
      "cv": 1.0,
      "lambda": 0.225,
      "twait": 16.721436544335408
    },
    "F9": {
      "rho": 0.5482174249693701,
      "capacity": 1.0,
      "tserv": 0.8121739629175853,
      "stddev": 1.1386837869233075,
      "mu": 1.2312633076880282,
      "cv": 1.4020195658979215,
      "lambda": 0.675,
      "twait": 1.4613815461393973
    },
    "F10": {
      "rho": 0.44864740195543185,
      "capacity": 1.0,
      "tserv": 0.24924855664190657,
      "stddev": 0.3508199976429258,
      "mu": 4.0120593413774195,
      "cv": 1.4075106486853046,
      "lambda": 1.8000000000000003,
      "twait": 0.3023102873768578
    },
    "F11": {
      "rho": 0.5641496429451331,
      "capacity": 1.0,
      "tserv": 2.507331746422814,
      "stddev": 2.5073317464228135,
      "mu": 0.3988303508008824,
      "cv": 0.9999999999999998,
      "lambda": 0.225,
      "twait": 3.245403580824329
    },
    "F12": {
      "rho": 0.6618646983464723,
      "capacity": 1.0,
      "tserv": 1.4708104407699385,
      "stddev": 1.5274524602006792,
      "mu": 0.679897267710801,
      "cv": 1.0385107542485827,
      "lambda": 0.45,
      "twait": 2.991964247726198
    },
    "F13": {
      "rho": 0.4830818453260308,
      "capacity": 1.0,
      "tserv": 0.3067186319530354,
      "stddev": 0.39786671672469154,
      "mu": 3.2603170978968095,
      "cv": 1.2971716592215783,
      "lambda": 1.5750000000000002,
      "twait": 0.38448004762686083
    },
    "F14": {
      "rho": 0.4311930143053251,
      "capacity": 1.0,
      "tserv": 0.6388044656375186,
      "stddev": 0.8506875142299102,
      "mu": 1.5654242476248392,
      "cv": 1.331686861927202,
      "lambda": 0.675,
      "twait": 0.6715149285587386
    },
    "F15": {
      "rho": 0.6055233044878764,
      "capacity": 1.0,
      "tserv": 2.691214686612784,
      "stddev": 2.691214686612784,
      "mu": 0.371579422843675,
      "cv": 1.0,
      "lambda": 0.225,
      "twait": 4.1310253017823575
    }
  },
  "extra": {
    "conv_gen": 67,
    "max_gen": 600,
    "population": 600,
    "deltatime": 67.6669441,
    "obj_func": 35.24762130358793
  },
  "network": [
    [
      0.0,
      0.6259062678349447,
      0.9619837340525623,
      0.822308911399212,
      0.8455822365806512,
      1.353150335048738,
      0.9467738951783568,
      1.2611868377758686,
      1.3599728231354404,
      1.1764071551093795,
      0.8693948416000769,
      1.1912515182938308,
      1.0710078098126377,
      0.9680631016853586,
      0.9680631016853586
    ],
    [
      0.6259062678349447,
      0.0,
      1.0636880223872982,
      1.1960834791559003,
      0.9202523733567527,
      1.1695484472098905,
      0.8384113011050118,
      0.8924964145030566,
      0.8135075699637847,
      0.7776931604551108,
      1.1604983215620137,
      1.0650653127715564,
      0.9680631016853586,
      1.458964085431046,
      1.458964085431046
    ],
    [
      0.9619837340525623,
      1.0636880223872982,
      0.0,
      0.5617041658590388,
      1.3284287635688898,
      1.1090014263764163,
      1.0174852091681263,
      1.1170667441725464,
      0.8378535441695996,
      1.0554570495345041,
      1.0125874586373032,
      1.0710078098126377,
      1.458964085431046,
      0.8946816364408022,
      0.8946816364408022
    ],
    [
      0.822308911399212,
      1.1960834791559003,
      0.5617041658590388,
      0.0,
      0.9335853771230815,
      0.9393705372817508,
      1.0166548696375686,
      1.0432048295775136,
      0.9975142872344911,
      0.8451338488526067,
      1.1912515182938308,
      0.9680631016853586,
      0.8946816364408022,
      1.0797392778088897,
      1.0797392778088897
    ],
    [
      0.8455822365806512,
      0.9202523733567527,
      1.3284287635688898,
      0.9335853771230815,
      0.0,
      1.2458435766363558,
      0.9308030479633423,
      1.0065929748183926,
      0.8782338918608265,
      0.8693948416000769,
      1.0650653127715564,
      1.458964085431046,
      1.0797392778088897,
      1.051188898893294,
      1.051188898893294
    ],
    [
      1.353150335048738,
      1.1695484472098905,
      1.1090014263764163,
      0.9393705372817508,
      1.2458435766363558,
      0.0,
      0.9603734676670218,
      1.401017245500535,
      1.1764071551093795,
      1.1604983215620137,
      1.0710078098126377,
      0.8946816364408022,
      1.051188898893294,
      0.8992805100238559,
      0.8992805100238559
    ],
    [
      0.9467738951783568,
      0.8384113011050118,
      1.0174852091681263,
      1.0166548696375686,
      0.9308030479633423,
      0.9603734676670218,
      0.0,
      1.3599728231354404,
      0.7776931604551108,
      1.0125874586373032,
      0.9680631016853586,
      1.0797392778088897,
      0.8992805100238559,
      1.0549429580419867,
      1.0549429580419867
    ],
    [
      1.2611868377758686,
      0.8924964145030566,
      1.1170667441725464,
      1.0432048295775136,
      1.0065929748183926,
      1.401017245500535,
      1.3599728231354404,
      0.0,
      1.0554570495345041,
      1.1912515182938308,
      1.458964085431046,
      1.051188898893294,
      1.0549429580419867,
      1.089273095793509,
      1.089273095793509
    ],
    [
      1.3599728231354404,
      0.8135075699637847,
      0.8378535441695996,
      0.9975142872344911,
      0.8782338918608265,
      1.1764071551093795,
      0.7776931604551108,
      1.0554570495345041,
      0.0,
      1.0650653127715564,
      0.8946816364408022,
      0.8992805100238559,
      1.089273095793509,
      0.908314996619346,
      0.908314996619346
    ],
    [
      1.1764071551093795,
      0.7776931604551108,
      1.0554570495345041,
      0.8451338488526067,
      0.8693948416000769,
      1.1604983215620137,
      1.0125874586373032,
      1.1912515182938308,
      1.0650653127715564,
      0.0,
      1.0797392778088897,
      1.0549429580419867,
      0.908314996619346,
      0.8579429530321192,
      0.8579429530321192
    ],
    [
      0.8693948416000769,
      1.1604983215620137,
      1.0125874586373032,
      1.1912515182938308,
      1.0650653127715564,
      1.0710078098126377,
      0.9680631016853586,
      1.458964085431046,
      0.8946816364408022,
      1.0797392778088897,
      0.0,
      1.089273095793509,
      0.8579429530321192,
      1.199373338060609,
      1.199373338060609
    ],
    [
      1.1912515182938308,
      1.0650653127715564,
      1.0710078098126377,
      0.9680631016853586,
      1.458964085431046,
      0.8946816364408022,
      1.0797392778088897,
      1.051188898893294,
      0.8992805100238559,
      1.0549429580419867,
      1.089273095793509,
      0.0,
      1.199373338060609,
      0.9498566411347241,
      0.9498566411347241
    ],
    [
      1.0710078098126377,
      0.9680631016853586,
      1.458964085431046,
      0.8946816364408022,
      1.0797392778088897,
      1.051188898893294,
      0.8992805100238559,
      1.0549429580419867,
      1.089273095793509,
      0.908314996619346,
      0.8579429530321192,
      1.199373338060609,
      0.0,
      1.0574107781049469,
      1.0574107781049469
    ],
    [
      0.9680631016853586,
      1.458964085431046,
      0.8946816364408022,
      1.0797392778088897,
      1.051188898893294,
      0.8992805100238559,
      1.0549429580419867,
      1.089273095793509,
      0.908314996619346,
      0.8579429530321192,
      1.199373338060609,
      0.9498566411347241,
      1.0574107781049469,
      0.0,
      1.0410964651785664
    ],
    [
      0.9680631016853586,
      1.458964085431046,
      0.8946816364408022,
      1.0797392778088897,
      1.051188898893294,
      0.8992805100238559,
      1.0549429580419867,
      1.089273095793509,
      0.908314996619346,
      0.8579429530321192,
      1.199373338060609,
      0.9498566411347241,
      1.0574107781049469,
      1.0410964651785664,
      0.0
    ]
  ]
}