{
  "servicechain": {
    "SC1": {
      "resptime": 20.777022149895924,
      "resptime_old": 10.777022149895924,
      "waittime": 5.8985616359739215,
      "servicetime": 10.0,
      "networktime": 4.878460513922002,
      "services": {
        "MS1_1": {
          "meanserv": 2.655959607133692,
          "stddevserv": 2.655959607133692,
          "rate": 0.37651175014638066,
          "cv": 1.0,
          "lambda": 0.1
        },
        "MS1_2": {
          "meanserv": 2.047631135744494,
          "stddevserv": 2.047631135744494,
          "rate": 0.4883692099340989,
          "cv": 1.0,
          "lambda": 0.1
        },
        "MS1_3": {
          "meanserv": 1.820101978451028,
          "stddevserv": 1.820101978451028,
          "rate": 0.5494197642986114,
          "cv": 1.0,
          "lambda": 0.1
        },
        "MS1_4": {
          "meanserv": 2.757986422973042,
          "stddevserv": 2.757986422973042,
          "rate": 0.3625833657737968,
          "cv": 1.0,
          "lambda": 0.1
        },
        "MS1_5": {
          "meanserv": 0.7183208556977441,
          "stddevserv": 0.7183208556977441,
          "rate": 1.3921355506637012,
          "cv": 1.0,
          "lambda": 0.1
        }
      },
      "sensors": [
        "S1"
      ],
      "sources": [
        {
          "startTime": 0,
          "stopTime": -1,
          "lambda": 0.1
        }
      ]
    },
    "SC2": {
      "resptime": 22.480106627934006,
      "resptime_old": 12.480106627934012,
      "waittime": 9.332371085407852,
      "servicetime": 10.0,
      "networktime": 3.147735542526158,
      "services": {
        "MS2_1": {
          "meanserv": 2.2442012356865018,
          "stddevserv": 2.2442012356865018,
          "rate": 0.44559283904596003,
          "cv": 1.0,
          "lambda": 0.1
        },
        "MS2_2": {
          "meanserv": 3.0994540174991734,
          "stddevserv": 3.0994540174991734,
          "rate": 0.32263746916525005,
          "cv": 1.0,
          "lambda": 0.1
        },
        "MS2_3": {
          "meanserv": 3.106893277348947,
          "stddevserv": 3.106893277348947,
          "rate": 0.321864934109768,
          "cv": 1.0,
          "lambda": 0.1
        },
        "MS2_4": {
          "meanserv": 0.3435361683574847,
          "stddevserv": 0.3435361683574847,
          "rate": 2.9109016520187687,
          "cv": 1.0,
          "lambda": 0.1
        },
        "MS2_5": {
          "meanserv": 1.2059153011078934,
          "stddevserv": 1.2059153011078934,
          "rate": 0.829245635312268,
          "cv": 1.0,
          "lambda": 0.1
        }
      },
      "sensors": [
        "S2"
      ],
      "sources": [
        {
          "startTime": 0,
          "stopTime": -1,
          "lambda": 0.1
        }
      ]
    },
    "SC3": {
      "resptime": 24.583741763369765,
      "resptime_old": 14.583741763369767,
      "waittime": 12.917664400411882,
      "servicetime": 10.0,
      "networktime": 1.6660773629578864,
      "services": {
        "MS3_1": {
          "meanserv": 6.262588958697303,
          "stddevserv": 6.262588958697303,
          "rate": 0.15967837049423927,
          "cv": 1.0,
          "lambda": 0.1
        },
        "MS3_2": {
          "meanserv": 0.9019098749781005,
          "stddevserv": 0.9019098749781005,
          "rate": 1.1087582337695119,
          "cv": 1.0,
          "lambda": 0.1
        },
        "MS3_3": {
          "meanserv": 1.342709465863952,
          "stddevserv": 1.342709465863952,
          "rate": 0.7447627542839736,
          "cv": 1.0,
          "lambda": 0.1
        },
        "MS3_4": {
          "meanserv": 0.9256097347731114,
          "stddevserv": 0.9256097347731114,
          "rate": 1.0803689313456966,
          "cv": 1.0,
          "lambda": 0.1
        },
        "MS3_5": {
          "meanserv": 0.5671819656875332,
          "stddevserv": 0.5671819656875332,
          "rate": 1.763102602861867,
          "cv": 1.0,
          "lambda": 0.1
        }
      },
      "sensors": [
        "S3"
      ],
      "sources": [
        {
          "startTime": 0,
          "stopTime": -1,
          "lambda": 0.1
        }
      ]
    },
    "SC4": {
      "resptime": 19.801596787983847,
      "resptime_old": 9.801596787983847,
      "waittime": 6.557934498056501,
      "servicetime": 10.0,
      "networktime": 3.243662289927345,
      "services": {
        "MS4_1": {
          "meanserv": 1.5833652284054267,
          "stddevserv": 1.5833652284054267,
          "rate": 0.6315662249366677,
          "cv": 1.0,
          "lambda": 0.1
        },
        "MS4_2": {
          "meanserv": 0.9042997979245291,
          "stddevserv": 0.9042997979245291,
          "rate": 1.1058279591515046,
          "cv": 1.0,
          "lambda": 0.1
        },
        "MS4_3": {
          "meanserv": 2.478149759618632,
          "stddevserv": 2.478149759618632,
          "rate": 0.40352686358789397,
          "cv": 1.0,
          "lambda": 0.1
        },
        "MS4_4": {
          "meanserv": 1.9180721551928208,
          "stddevserv": 1.9180721551928208,
          "rate": 0.5213568203326905,
          "cv": 1.0,
          "lambda": 0.1
        },
        "MS4_5": {
          "meanserv": 3.1161130588585912,
          "stddevserv": 3.1161130588585912,
          "rate": 0.3209126180955361,
          "cv": 1.0,
          "lambda": 0.1
        }
      },
      "sensors": [
        "S4"
      ],
      "sources": [
        {
          "startTime": 0,
          "stopTime": -1,
          "lambda": 0.1
        }
      ]
    }
  },
  "microservice": {
    "MS1_1": "F3",
    "MS1_2": "F10",
    "MS1_3": "F10",
    "MS1_4": "F8",
    "MS1_5": "F8",
    "MS2_1": "F2",
    "MS2_2": "F2",
    "MS2_3": "F9",
    "MS2_4": "F6",
    "MS2_5": "F6",
    "MS3_1": "F7",
    "MS3_2": "F5",
    "MS3_3": "F5",
    "MS3_4": "F5",
    "MS3_5": "F5",
    "MS4_1": "F6",
    "MS4_2": "F6",
    "MS4_3": "F1",
    "MS4_4": "F1",
    "MS4_5": "F4"
  },
  "sensor": {
    "S1": "F3",
    "S2": "F2",
    "S3": "F7",
    "S4": "F6"
  },
  "fog": {
    "F1": {
      "rho": 0.43962219148114534,
      "capacity": 1.0,
      "tserv": 2.1981109574057265,
      "stddev": 2.2335029085624214,
      "mu": 0.4549360880217933,
      "cv": 1.016101075806685,
      "lambda": 0.2,
      "twait": 1.7524296776811963
    },
    "F2": {
      "rho": 0.5343655253185675,
      "capacity": 1.0,
      "tserv": 2.6718276265928376,
      "stddev": 2.7394144495902535,
      "mu": 0.3742756419040468,
      "cv": 1.025296101561613,
      "lambda": 0.2,
      "twait": 3.1447530604057503
    },
    "F3": {
      "rho": 0.2655959607133692,
      "capacity": 1.0,
      "tserv": 2.655959607133692,
      "stddev": 2.655959607133692,
      "mu": 0.37651175014638066,
      "cv": 1.0,
      "lambda": 0.1,
      "twait": 0.960523234809252
    },
    "F4": {
      "rho": 0.3116113058858592,
      "capacity": 1.0,
      "tserv": 3.1161130588585917,
      "stddev": 3.1161130588585912,
      "mu": 0.32091261809553606,
      "cv": 0.9999999999999999,
      "lambda": 0.1,
      "twait": 1.4105636363021123
    },
    "F5": {
      "rho": 0.37374110413026973,
      "capacity": 1.0,
      "tserv": 0.9343527603256743,
      "stddev": 1.0121088711584298,
      "mu": 1.0702595876652026,
      "cv": 1.0832192231183149,
      "lambda": 0.4,
      "twait": 0.6059409168697788
    },
    "F6": {
      "rho": 0.4037116495795334,
      "capacity": 1.0,
      "tserv": 1.0092791239488335,
      "stddev": 1.1957766688198401,
      "mu": 0.990806186585403,
      "cv": 1.1847829212411822,
      "lambda": 0.4,
      "twait": 0.8212557531959984
    },
    "F7": {
      "rho": 0.6262588958697304,
      "capacity": 1.0,
      "tserv": 6.262588958697304,
      "stddev": 6.262588958697303,
      "mu": 0.15967837049423925,
      "cv": 0.9999999999999999,
      "lambda": 0.1,
      "twait": 10.493900732932767
    },
    "F8": {
      "rho": 0.3476307278670786,
      "capacity": 1.0,
      "tserv": 1.738153639335393,
      "stddev": 2.2586048541298904,
      "mu": 0.575323134485605,
      "cv": 1.2994276242424112,
      "lambda": 0.2,
      "twait": 1.2450730449761291
    },
    "F9": {
      "rho": 0.3106893277348947,
      "capacity": 1.0,
      "tserv": 3.106893277348947,
      "stddev": 3.106893277348947,
      "mu": 0.321864934109768,
      "cv": 1.0,
      "lambda": 0.1,
      "twait": 1.4003534582043538
    },
    "F10": {
      "rho": 0.3867733114195522,
      "capacity": 1.0,
      "tserv": 1.933866557097761,
      "stddev": 1.9405475050537888,
      "mu": 0.5170987606821974,
      "cv": 1.0034547099082443,
      "lambda": 0.2,
      "twait": 1.2239461556062057
    }
  },
  "extra": {
    "deltatime": 0.665979,
    "conv": 8,
    "obj_func": 21.910616832295887
  },
  "network": [
    [
      0.0,
      1.8409922988305054,
      1.7999674932873952,
      1.4645510645747253,
      1.6997598776080045,
      1.7791112253526193,
      1.8183943534829763,
      2.271611667401299,
      2.6643859156743406,
      2.6643859156743406
    ],
    [
      1.8409922988305054,
      0.0,
      2.4860522674209706,
      2.2376291818144662,
      2.229681449023099,
      2.2990216305186655,
      2.051978927704365,
      2.6643859156743406,
      1.6660773629578864,
      1.6660773629578864
    ],
    [
      1.7999674932873952,
      2.4860522674209706,
      0.0,
      1.5045786006875892,
      2.0491038687828085,
      2.0207029056262713,
      2.271611667401299,
      1.6660773629578864,
      2.885257116709458,
      2.885257116709458
    ],
    [
      1.4645510645747253,
      2.2376291818144662,
      1.5045786006875892,
      0.0,
      1.795902806259485,
      1.8183943534829763,
      2.6643859156743406,
      2.885257116709458,
      2.61858452726001,
      2.61858452726001
    ],
    [
      1.6997598776080045,
      2.229681449023099,
      2.0491038687828085,
      1.795902806259485,
      0.0,
      2.051978927704365,
      1.6660773629578864,
      2.61858452726001,
      1.7041275858857792,
      1.7041275858857792
    ],
    [
      1.7791112253526193,
      2.2990216305186655,
      2.0207029056262713,
      1.8183943534829763,
      2.051978927704365,
      0.0,
      2.885257116709458,
      1.7041275858857792,
      1.481658179568272,
      1.481658179568272
    ],
    [
      1.8183943534829763,
      2.051978927704365,
      2.271611667401299,
      2.6643859156743406,
      1.6660773629578864,
      2.885257116709458,
      0.0,
      1.481658179568272,
      2.5790519418078373,
      2.5790519418078373
    ],
    [
      2.271611667401299,
      2.6643859156743406,
      1.6660773629578864,
      2.885257116709458,
      2.61858452726001,
      1.7041275858857792,
      1.481658179568272,
      0.0,
      1.993203397212544,
      1.993203397212544
    ],
    [
      2.6643859156743406,
      1.6660773629578864,
      2.885257116709458,
      2.61858452726001,
      1.7041275858857792,
      1.481658179568272,
      2.5790519418078373,
      1.993203397212544,
      0.0,
      2.001731292543974
    ],
    [
      2.6643859156743406,
      1.6660773629578864,
      2.885257116709458,
      2.61858452726001,
      1.7041275858857792,
      1.481658179568272,
      2.5790519418078373,
      1.993203397212544,
      2.001731292543974,
      0.0
    ]
  ]
}