{
  "servicechain": {
    "SC1": {
      "resptime": 6353.735348319773,
      "resptime_old": 6343.735348319772,
      "waittime": 6337.573181171271,
      "servicetime": 10.0,
      "networktime": 6.162167148501515,
      "services": {
        "MS1_1": {
          "meanserv": 1.2390660643834295,
          "stddevserv": 1.2390660643834295,
          "rate": 0.8070594690183925,
          "cv": 1.0,
          "lambda": 0.3
        },
        "MS1_2": {
          "meanserv": 0.71594704628833,
          "stddevserv": 0.71594704628833,
          "rate": 1.3967513452067162,
          "cv": 1.0,
          "lambda": 0.3
        },
        "MS1_3": {
          "meanserv": 3.121903842711759,
          "stddevserv": 3.121903842711759,
          "rate": 0.32031736093811797,
          "cv": 1.0,
          "lambda": 0.3
        },
        "MS1_4": {
          "meanserv": 0.20246765736969952,
          "stddevserv": 0.20246765736969952,
          "rate": 4.939060455339945,
          "cv": 1.0,
          "lambda": 0.3
        },
        "MS1_5": {
          "meanserv": 1.4463632777752249,
          "stddevserv": 1.4463632777752249,
          "rate": 0.6913892348941447,
          "cv": 1.0,
          "lambda": 0.3
        },
        "MS1_6": {
          "meanserv": 1.1405353346071054,
          "stddevserv": 1.1405353346071054,
          "rate": 0.8767812532037709,
          "cv": 1.0,
          "lambda": 0.3
        },
        "MS1_7": {
          "meanserv": 0.8155500118554588,
          "stddevserv": 0.8155500118554588,
          "rate": 1.226166372954736,
          "cv": 1.0,
          "lambda": 0.3
        },
        "MS1_8": {
          "meanserv": 0.8812485895195898,
          "stddevserv": 0.8812485895195898,
          "rate": 1.1347535892739948,
          "cv": 1.0,
          "lambda": 0.3
        },
        "MS1_9": {
          "meanserv": 0.1878746180030504,
          "stddevserv": 0.1878746180030504,
          "rate": 5.32269877979879,
          "cv": 1.0,
          "lambda": 0.3
        },
        "MS1_10": {
          "meanserv": 0.24904355748635254,
          "stddevserv": 0.24904355748635254,
          "rate": 4.0153618511283895,
          "cv": 1.0,
          "lambda": 0.3
        }
      },
      "sensors": [
        "S1"
      ],
      "sources": [
        {
          "startTime": 0,
          "stopTime": -1,
          "lambda": 0.3
        }
      ]
    },
    "SC2": {
      "resptime": 28.877818108502318,
      "resptime_old": 18.87781810850232,
      "waittime": 12.71262521803087,
      "servicetime": 10.0,
      "networktime": 6.165192890471445,
      "services": {
        "MS2_1": {
          "meanserv": 0.6126960657376712,
          "stddevserv": 0.6126960657376712,
          "rate": 1.6321306042597552,
          "cv": 1.0,
          "lambda": 0.3
        },
        "MS2_2": {
          "meanserv": 0.9221615249239146,
          "stddevserv": 0.9221615249239146,
          "rate": 1.084408721218886,
          "cv": 1.0,
          "lambda": 0.3
        },
        "MS2_3": {
          "meanserv": 0.4524378679681973,
          "stddevserv": 0.4524378679681973,
          "rate": 2.2102482369364624,
          "cv": 1.0,
          "lambda": 0.3
        },
        "MS2_4": {
          "meanserv": 0.11052072079947317,
          "stddevserv": 0.11052072079947317,
          "rate": 9.048077073387732,
          "cv": 1.0,
          "lambda": 0.3
        },
        "MS2_5": {
          "meanserv": 1.8637474140187336,
          "stddevserv": 1.8637474140187336,
          "rate": 0.536553393704641,
          "cv": 1.0,
          "lambda": 0.3
        },
        "MS2_6": {
          "meanserv": 1.3459649285561626,
          "stddevserv": 1.3459649285561626,
          "rate": 0.7429614091599812,
          "cv": 1.0,
          "lambda": 0.3
        },
        "MS2_7": {
          "meanserv": 0.33076137652197435,
          "stddevserv": 0.33076137652197435,
          "rate": 3.023327604072794,
          "cv": 1.0,
          "lambda": 0.3
        },
        "MS2_8": {
          "meanserv": 1.4482513287403451,
          "stddevserv": 1.4482513287403451,
          "rate": 0.6904878871195488,
          "cv": 1.0,
          "lambda": 0.3
        },
        "MS2_9": {
          "meanserv": 1.7484626322167864,
          "stddevserv": 1.7484626322167864,
          "rate": 0.5719310104626892,
          "cv": 1.0,
          "lambda": 0.3
        },
        "MS2_10": {
          "meanserv": 1.1649961405167417,
          "stddevserv": 1.1649961405167417,
          "rate": 0.8583719423795202,
          "cv": 1.0,
          "lambda": 0.3
        }
      },
      "sensors": [
        "S2"
      ],
      "sources": [
        {
          "startTime": 0,
          "stopTime": -1,
          "lambda": 0.3
        }
      ]
    },
    "SC3": {
      "resptime": 27.65977662924676,
      "resptime_old": 17.65977662924676,
      "waittime": 12.068396428296378,
      "servicetime": 10.0,
      "networktime": 5.5913802009503835,
      "services": {
        "MS3_1": {
          "meanserv": 0.8511482009150517,
          "stddevserv": 0.8511482009150517,
          "rate": 1.1748835266583666,
          "cv": 1.0,
          "lambda": 0.3
        },
        "MS3_2": {
          "meanserv": 0.8630554815996039,
          "stddevserv": 0.8630554815996039,
          "rate": 1.1586740613089908,
          "cv": 1.0,
          "lambda": 0.3
        },
        "MS3_3": {
          "meanserv": 1.3908458883152541,
          "stddevserv": 1.3908458883152541,
          "rate": 0.7189869189686503,
          "cv": 1.0,
          "lambda": 0.3
        },
        "MS3_4": {
          "meanserv": 0.4463161713045114,
          "stddevserv": 0.4463161713045114,
          "rate": 2.2405641208947427,
          "cv": 1.0,
          "lambda": 0.3
        },
        "MS3_5": {
          "meanserv": 0.795715138376349,
          "stddevserv": 0.795715138376349,
          "rate": 1.256731148838632,
          "cv": 1.0,
          "lambda": 0.3
        },
        "MS3_6": {
          "meanserv": 1.4665373407178377,
          "stddevserv": 1.4665373407178377,
          "rate": 0.6818783076539476,
          "cv": 1.0,
          "lambda": 0.3
        },
        "MS3_7": {
          "meanserv": 1.7646832434554875,
          "stddevserv": 1.7646832434554875,
          "rate": 0.5666739363614431,
          "cv": 1.0,
          "lambda": 0.3
        },
        "MS3_8": {
          "meanserv": 1.1238041189271044,
          "stddevserv": 1.1238041189271044,
          "rate": 0.8898347880720529,
          "cv": 1.0,
          "lambda": 0.3
        },
        "MS3_9": {
          "meanserv": 1.1010227561683514,
          "stddevserv": 1.1010227561683514,
          "rate": 0.9082464412271379,
          "cv": 1.0,
          "lambda": 0.3
        },
        "MS3_10": {
          "meanserv": 0.19687166022044877,
          "stddevserv": 0.19687166022044877,
          "rate": 5.079451246970952,
          "cv": 1.0,
          "lambda": 0.3
        }
      },
      "sensors": [
        "S3"
      ],
      "sources": [
        {
          "startTime": 0,
          "stopTime": -1,
          "lambda": 0.3
        }
      ]
    },
    "SC4": {
      "resptime": 6353.2525508506815,
      "resptime_old": 6343.2525508506815,
      "waittime": 6338.478323474618,
      "servicetime": 10.0,
      "networktime": 4.774227376063486,
      "services": {
        "MS4_1": {
          "meanserv": 1.720358811022471,
          "stddevserv": 1.720358811022471,
          "rate": 0.5812740886336752,
          "cv": 1.0,
          "lambda": 0.3
        },
        "MS4_2": {
          "meanserv": 0.974097224362449,
          "stddevserv": 0.974097224362449,
          "rate": 1.0265915711386042,
          "cv": 1.0,
          "lambda": 0.3
        },
        "MS4_3": {
          "meanserv": 0.2684353201724998,
          "stddevserv": 0.2684353201724998,
          "rate": 3.7252921834480937,
          "cv": 1.0,
          "lambda": 0.3
        },
        "MS4_4": {
          "meanserv": 0.3191348279790196,
          "stddevserv": 0.3191348279790196,
          "rate": 3.1334718505425596,
          "cv": 1.0,
          "lambda": 0.3
        },
        "MS4_5": {
          "meanserv": 0.7313097502578838,
          "stddevserv": 0.7313097502578838,
          "rate": 1.3674096368158188,
          "cv": 1.0,
          "lambda": 0.3
        },
        "MS4_6": {
          "meanserv": 1.1978233644110503,
          "stddevserv": 1.1978233644110503,
          "rate": 0.8348476325569782,
          "cv": 1.0,
          "lambda": 0.3
        },
        "MS4_7": {
          "meanserv": 0.2640001452875129,
          "stddevserv": 0.2640001452875129,
          "rate": 3.787876703290964,
          "cv": 1.0,
          "lambda": 0.3
        },
        "MS4_8": {
          "meanserv": 0.3009829809753555,
          "stddevserv": 0.3009829809753555,
          "rate": 3.3224469927151135,
          "cv": 1.0,
          "lambda": 0.3
        },
        "MS4_9": {
          "meanserv": 0.8477721655523611,
          "stddevserv": 0.8477721655523611,
          "rate": 1.1795621991770109,
          "cv": 1.0,
          "lambda": 0.3
        },
        "MS4_10": {
          "meanserv": 3.376085409979397,
          "stddevserv": 3.376085409979397,
          "rate": 0.2962010371669189,
          "cv": 1.0,
          "lambda": 0.3
        }
      },
      "sensors": [
        "S4"
      ],
      "sources": [
        {
          "startTime": 0,
          "stopTime": -1,
          "lambda": 0.3
        }
      ]
    }
  },
  "microservice": {
    "MS1_1": "F9",
    "MS1_2": "F15",
    "MS1_3": "F1",
    "MS1_4": "F14",
    "MS1_5": "F6",
    "MS1_6": "F13",
    "MS1_7": "F13",
    "MS1_8": "F16",
    "MS1_9": "F9",
    "MS1_10": "F9",
    "MS2_1": "F19",
    "MS2_2": "F14",
    "MS2_3": "F17",
    "MS2_4": "F17",
    "MS2_5": "F2",
    "MS2_6": "F10",
    "MS2_7": "F10",
    "MS2_8": "F12",
    "MS2_9": "F4",
    "MS2_10": "F18",
    "MS3_1": "F20",
    "MS3_2": "F20",
    "MS3_3": "F8",
    "MS3_4": "F8",
    "MS3_5": "F14",
    "MS3_6": "F7",
    "MS3_7": "F3",
    "MS3_8": "F17",
    "MS3_9": "F19",
    "MS3_10": "F19",
    "MS4_1": "F5",
    "MS4_2": "F15",
    "MS4_3": "F18",
    "MS4_4": "F18",
    "MS4_5": "F11",
    "MS4_6": "F11",
    "MS4_7": "F6",
    "MS4_8": "F16",
    "MS4_9": "F16",
    "MS4_10": "F1"
  },
  "sensor": {
    "S1": "F9",
    "S2": "F19",
    "S3": "F20",
    "S4": "F5"
  },
  "fog": {
    "F1": {
      "rho": 1.9493967758073467,
      "capacity": 1.0,
      "tserv": 3.248994626345578,
      "stddev": 3.2539622334304616,
      "mu": 0.3077875204505295,
      "cv": 1.001528967467229,
      "lambda": 0.6,
      "twait": 6327.246069564246
    },
    "F2": {
      "rho": 0.55912422420562,
      "capacity": 1.0,
      "tserv": 1.8637474140187336,
      "stddev": 1.8637474140187336,
      "mu": 0.536553393704641,
      "cv": 1.0,
      "lambda": 0.3,
      "twait": 2.3636279972535035
    },
    "F3": {
      "rho": 0.5294049730366462,
      "capacity": 1.0,
      "tserv": 1.7646832434554875,
      "stddev": 1.7646832434554875,
      "mu": 0.5666739363614431,
      "cv": 1.0,
      "lambda": 0.3,
      "twait": 1.985214529248573
    },
    "F4": {
      "rho": 0.5245387896650359,
      "capacity": 1.0,
      "tserv": 1.7484626322167862,
      "stddev": 1.7484626322167867,
      "mu": 0.5719310104626892,
      "cv": 1.0000000000000002,
      "lambda": 0.3,
      "twait": 1.9289406852588673
    },
    "F5": {
      "rho": 0.5161076433067413,
      "capacity": 1.0,
      "tserv": 1.720358811022471,
      "stddev": 1.720358811022471,
      "mu": 0.5812740886336752,
      "cv": 1.0,
      "lambda": 0.3,
      "twait": 1.8348922427010605
    },
    "F6": {
      "rho": 0.5131090269188213,
      "capacity": 1.0,
      "tserv": 0.8551817115313689,
      "stddev": 1.1959628122440926,
      "mu": 1.169342125206707,
      "cv": 1.3984896965376972,
      "lambda": 0.6,
      "twait": 1.3319179821689417
    },
    "F7": {
      "rho": 0.4399612022153513,
      "capacity": 1.0,
      "tserv": 1.4665373407178377,
      "stddev": 1.4665373407178377,
      "mu": 0.6818783076539476,
      "cv": 1.0,
      "lambda": 0.3,
      "twait": 1.1520979154805449
    },
    "F8": {
      "rho": 0.5511486178859297,
      "capacity": 1.0,
      "tserv": 0.9185810298098828,
      "stddev": 1.1357197284034393,
      "mu": 1.0886355885304624,
      "cv": 1.236384914936135,
      "lambda": 0.6,
      "twait": 1.426073636954375
    },
    "F9": {
      "rho": 0.5027952719618497,
      "capacity": 1.0,
      "tserv": 0.5586614132909442,
      "stddev": 0.8810790412789455,
      "mu": 1.789992965702129,
      "cv": 1.5771252861168883,
      "lambda": 0.8999999999999999,
      "twait": 0.9850696416124721
    },
    "F10": {
      "rho": 0.5030178915234411,
      "capacity": 1.0,
      "tserv": 0.8383631525390686,
      "stddev": 1.1037082502032236,
      "mu": 1.192800514874011,
      "cv": 1.316503769113099,
      "lambda": 0.6,
      "twait": 1.159613984690869
    },
    "F11": {
      "rho": 0.5787399344006803,
      "capacity": 1.0,
      "tserv": 0.9645665573344672,
      "stddev": 1.0194145965323382,
      "mu": 1.03673509349469,
      "cv": 1.0568628870458052,
      "lambda": 0.6,
      "twait": 1.4026452474310467
    },
    "F12": {
      "rho": 0.43447539862210355,
      "capacity": 1.0,
      "tserv": 1.4482513287403451,
      "stddev": 1.4482513287403451,
      "mu": 0.6904878871195488,
      "cv": 1.0,
      "lambda": 0.3,
      "twait": 1.112647569754418
    },
    "F13": {
      "rho": 0.5868256039387693,
      "capacity": 1.0,
      "tserv": 0.9780426732312821,
      "stddev": 1.0046766647351715,
      "mu": 1.022450274788292,
      "cv": 1.0272319319318608,
      "lambda": 0.6,
      "twait": 1.4274427627166684
    },
    "F14": {
      "rho": 0.5761032962009889,
      "capacity": 1.0,
      "tserv": 0.6401147735566544,
      "stddev": 0.7788526718979379,
      "mu": 1.5622198413633293,
      "cv": 1.2167390975378019,
      "lambda": 0.8999999999999999,
      "twait": 1.0789451284539255
    },
    "F15": {
      "rho": 0.5070132811952337,
      "capacity": 1.0,
      "tserv": 0.8450221353253895,
      "stddev": 0.8645132540393644,
      "mu": 1.1834009527039593,
      "cv": 1.0230658084553839,
      "lambda": 0.6,
      "twait": 0.8893417529438817
    },
    "F16": {
      "rho": 0.6090011208141919,
      "capacity": 1.0,
      "tserv": 0.6766679120157688,
      "stddev": 0.7742042285791467,
      "mu": 1.477829792491618,
      "cv": 1.1441420744672535,
      "lambda": 0.8999999999999999,
      "twait": 1.216812293187244
    },
    "F17": {
      "rho": 0.5060288123084324,
      "capacity": 1.0,
      "tserv": 0.5622542358982583,
      "stddev": 0.8188023013877718,
      "mu": 1.7785548532193773,
      "cv": 1.4562848069604168,
      "lambda": 0.8999999999999999,
      "twait": 0.8987470860785371
    },
    "F18": {
      "rho": 0.5257698866004783,
      "capacity": 1.0,
      "tserv": 0.5841887628894203,
      "stddev": 0.8243000266629491,
      "mu": 1.7117754799903393,
      "cv": 1.411016573797019,
      "lambda": 0.8999999999999999,
      "twait": 0.9685934256610363
    },
    "F19": {
      "rho": 0.5731771446379414,
      "capacity": 1.0,
      "tserv": 0.6368634940421573,
      "stddev": 0.8238176837559601,
      "mu": 1.570195197801375,
      "cv": 1.2935545708974605,
      "lambda": 0.8999999999999999,
      "twait": 1.143148270110307
    },
    "F20": {
      "rho": 0.5142611047543967,
      "capacity": 1.0,
      "tserv": 0.8571018412573278,
      "stddev": 0.8571431957108171,
      "mu": 1.1667224965157552,
      "cv": 1.000048249171217,
      "lambda": 0.6,
      "twait": 0.9074739774527165
    }
  },
  "extra": {
    "deltatime": 0.1210817,
    "obj_func": 3190.881373477051
  },
  "network": [
    [
      0.0,
      1.2717818198348156,
      1.2054744204864296,
      0.927714196586892,
      1.020921472164602,
      1.168262211524663,
      0.8346621327468278,
      0.7355470939535699,
      1.0214320046339298,
      1.121361910484369,
      0.6990473434220398,
      1.2832331720760268,
      1.2326161983366217,
      0.8954305302271413,
      0.75037454417685,
      0.773605154781644,
      1.2297957112261502,
      0.7255587081513534,
      1.2487305891936897,
      1.2487305891936897
    ],
    [
      1.2717818198348156,
      0.0,
      0.9999861141617455,
      1.1888629650593028,
      1.1261781901249974,
      1.158126816346783,
      1.2116031824516675,
      1.0402334907186612,
      0.839050182085842,
      0.4854384677148325,
      0.8808428241826487,
      1.0090762054612736,
      0.8722138601080409,
      0.8771150654345037,
      0.6436065273299213,
      1.061170960920081,
      0.9196048892732567,
      1.2487305891936897,
      0.8621391244139626,
      0.8621391244139626
    ],
    [
      1.2054744204864296,
      0.9999861141617455,
      0.0,
      1.0545184371536294,
      0.9479160303981398,
      1.204666075545982,
      0.6742252522128572,
      1.1998756401610677,
      1.1560890084485604,
      1.1317861865116725,
      0.7389384687155652,
      1.1602672923838475,
      1.26322174496332,
      0.8285780085589658,
      1.0721071317729638,
      0.9915551843309041,
      0.7255587081513534,
      0.8621391244139626,
      0.9168527947403468,
      0.9168527947403468
    ],
    [
      0.927714196586892,
      1.1888629650593028,
      1.0545184371536294,
      0.0,
      0.9543852482379217,
      0.8326456012312617,
      0.7755014750832181,
      0.875282715809752,
      1.4416933797494282,
      0.8342366285891124,
      1.0233722761929138,
      0.7605460945523569,
      1.291343740702051,
      1.2622111147478645,
      1.0842957315464377,
      1.2297957112261502,
      1.2487305891936897,
      0.9168527947403468,
      1.1620329757016252,
      1.1620329757016252
    ],
    [
      1.020921472164602,
      1.1261781901249974,
      0.9479160303981398,
      0.9543852482379217,
      0.0,
      1.1102678505930017,
      0.8135090692259435,
      0.978149917649742,
      1.3930529114829766,
      0.8160619574789834,
      1.1156082161106924,
      1.2694882254777726,
      0.7372852628313529,
      1.2554207897191483,
      0.773605154781644,
      0.9196048892732567,
      0.8621391244139626,
      1.1620329757016252,
      0.8611070466015086,
      0.8611070466015086
    ],
    [
      1.168262211524663,
      1.158126816346783,
      1.204666075545982,
      0.8326456012312617,
      1.1102678505930017,
      0.0,
      1.0512784346200785,
      0.669999795290667,
      1.0949765964850566,
      0.7567229533118418,
      0.9280839065670143,
      1.094339350910073,
      0.6916509089699718,
      0.75037454417685,
      1.061170960920081,
      0.7255587081513534,
      0.9168527947403468,
      0.8611070466015086,
      0.7915259711253992,
      0.7915259711253992
    ],
    [
      0.8346621327468278,
      1.2116031824516675,
      0.6742252522128572,
      0.7755014750832181,
      0.8135090692259435,
      1.0512784346200785,
      0.0,
      1.2333540929512985,
      1.1760291170902601,
      0.9429414977184551,
      1.040911688603834,
      0.7385877791682676,
      0.8954305302271413,
      0.6436065273299213,
      0.9915551843309041,
      1.2487305891936897,
      1.1620329757016252,
      0.7915259711253992,
      1.2378789369370988,
      1.2378789369370988
    ],
    [
      0.7355470939535699,
      1.0402334907186612,
      1.1998756401610677,
      0.875282715809752,
      0.978149917649742,
      0.669999795290667,
      1.2333540929512985,
      0.0,
      1.3304449870944353,
      1.2232244135067565,
      1.0565826314070428,
      1.2326161983366217,
      0.8771150654345037,
      1.0721071317729638,
      1.2297957112261502,
      0.8621391244139626,
      0.8611070466015086,
      1.2378789369370988,
      1.5617669462046653,
      1.5617669462046653
    ],
    [
      1.0214320046339298,
      0.839050182085842,
      1.1560890084485604,
      1.4416933797494282,
      1.3930529114829766,
      1.0949765964850566,
      1.1760291170902601,
      1.3304449870944353,
      0.0,
      1.0994021918148678,
      1.2832331720760268,
      0.8722138601080409,
      0.8285780085589658,
      1.0842957315464377,
      0.9196048892732567,
      0.9168527947403468,
      0.7915259711253992,
      1.5617669462046653,
      0.9569320841866589,
      0.9569320841866589
    ],
    [
      1.121361910484369,
      0.4854384677148325,
      1.1317861865116725,
      0.8342366285891124,
      0.8160619574789834,
      0.7567229533118418,
      0.9429414977184551,
      1.2232244135067565,
      1.0994021918148678,
      0.0,
      1.0090762054612736,
      1.26322174496332,
      1.2622111147478645,
      0.773605154781644,
      0.7255587081513534,
      1.1620329757016252,
      1.2378789369370988,
      0.9569320841866589,
      0.9650534597026252,
      0.9650534597026252
    ],
    [
      0.6990473434220398,
      0.8808428241826487,
      0.7389384687155652,
      1.0233722761929138,
      1.1156082161106924,
      0.9280839065670143,
      1.040911688603834,
      1.0565826314070428,
      1.2832331720760268,
      1.0090762054612736,
      0.0,
      1.291343740702051,
      1.2554207897191483,
      1.061170960920081,
      1.2487305891936897,
      0.8611070466015086,
      1.5617669462046653,
      0.9650534597026252,
      1.211207907148127,
      1.211207907148127
    ],
    [
      1.2832331720760268,
      1.0090762054612736,
      1.1602672923838475,
      0.7605460945523569,
      1.2694882254777726,
      1.094339350910073,
      0.7385877791682676,
      1.2326161983366217,
      0.8722138601080409,
      1.26322174496332,
      1.291343740702051,
      0.0,
      0.75037454417685,
      0.9915551843309041,
      0.8621391244139626,
      0.7915259711253992,
      0.9569320841866589,
      1.211207907148127,
      0.9180145278235105,
      0.9180145278235105
    ],
    [
      1.2326161983366217,
      0.8722138601080409,
      1.26322174496332,
      1.291343740702051,
      0.7372852628313529,
      0.6916509089699718,
      0.8954305302271413,
      0.8771150654345037,
      0.8285780085589658,
      1.2622111147478645,
      1.2554207897191483,
      0.75037454417685,
      0.0,
      1.2297957112261502,
      0.9168527947403468,
      1.2378789369370988,
      0.9650534597026252,
      0.9180145278235105,
      1.2575641328073297,
      1.2575641328073297
    ],
    [
      0.8954305302271413,
      0.8771150654345037,
      0.8285780085589658,
      1.2622111147478645,
      1.2554207897191483,
      0.75037454417685,
      0.6436065273299213,
      1.0721071317729638,
      1.0842957315464377,
      0.773605154781644,
      1.061170960920081,
      0.9915551843309041,
      1.2297957112261502,
      0.0,
      1.1620329757016252,
      1.5617669462046653,
      1.211207907148127,
      1.2575641328073297,
      0.608320992079205,
      0.608320992079205
    ],
    [
      0.75037454417685,
      0.6436065273299213,
      1.0721071317729638,
      1.0842957315464377,
      0.773605154781644,
      1.061170960920081,
      0.9915551843309041,
      1.2297957112261502,
      0.9196048892732567,
      0.7255587081513534,
      1.2487305891936897,
      0.8621391244139626,
      0.9168527947403468,
      1.1620329757016252,
      0.0,
      0.9569320841866589,
      0.9180145278235105,
      0.608320992079205,
      0.8806913576609481,
      0.8806913576609481
    ],
    [
      0.773605154781644,
      1.061170960920081,
      0.9915551843309041,
      1.2297957112261502,
      0.9196048892732567,
      0.7255587081513534,
      1.2487305891936897,
      0.8621391244139626,
      0.9168527947403468,
      1.1620329757016252,
      0.8611070466015086,
      0.7915259711253992,
      1.2378789369370988,
      1.5617669462046653,
      0.9569320841866589,
      0.0,
      1.2575641328073297,
      0.8806913576609481,
      1.3047420929038613,
      1.3047420929038613
    ],
    [
      1.2297957112261502,
      0.9196048892732567,
      0.7255587081513534,
      1.2487305891936897,
      0.8621391244139626,
      0.9168527947403468,
      1.1620329757016252,
      0.8611070466015086,
      0.7915259711253992,
      1.2378789369370988,
      1.5617669462046653,
      0.9569320841866589,
      0.9650534597026252,
      1.211207907148127,
      0.9180145278235105,
      1.2575641328073297,
      0.0,
      1.3047420929038613,
      0.9141156352786227,
      0.9141156352786227
    ],
    [
      0.7255587081513534,
      1.2487305891936897,
      0.8621391244139626,
      0.9168527947403468,
      1.1620329757016252,
      0.8611070466015086,
      0.7915259711253992,
      1.2378789369370988,
      1.5617669462046653,
      0.9569320841866589,
      0.9650534597026252,
      1.211207907148127,
      0.9180145278235105,
      1.2575641328073297,
      0.608320992079205,
      0.8806913576609481,
      1.3047420929038613,
      0.0,
      1.026823654043745,
      1.026823654043745
    ],
    [
      1.2487305891936897,
      0.8621391244139626,
      0.9168527947403468,
      1.1620329757016252,
      0.8611070466015086,
      0.7915259711253992,
      1.2378789369370988,
      1.5617669462046653,
      0.9569320841866589,
      0.9650534597026252,
      1.211207907148127,
      0.9180145278235105,
      1.2575641328073297,
      0.608320992079205,
      0.8806913576609481,
      1.3047420929038613,
      0.9141156352786227,
      1.026823654043745,
      0.0,
      0.36596009335277646
    ],
    [
      1.2487305891936897,
      0.8621391244139626,
      0.9168527947403468,
      1.1620329757016252,
      0.8611070466015086,
      0.7915259711253992,
      1.2378789369370988,
      1.5617669462046653,
      0.9569320841866589,
      0.9650534597026252,
      1.211207907148127,
      0.9180145278235105,
      1.2575641328073297,
      0.608320992079205,
      0.8806913576609481,
      1.3047420929038613,
      0.9141156352786227,
      1.026823654043745,
      0.36596009335277646,
      0.0
    ]
  ]
}