{
  "servicechain": {
    "SC1": {
      "resptime": 34.51192284355135,
      "resptime_old": 24.511922843551353,
      "waittime": 17.66287816454395,
      "servicetime": 10.0,
      "networktime": 6.849044679007405,
      "services": {
        "MS1_1": {
          "meanserv": 0.6013112108029295,
          "stddevserv": 0.6013112108029295,
          "rate": 1.6630323566804988,
          "cv": 1.0,
          "lambda": 0.15
        },
        "MS1_2": {
          "meanserv": 0.298507441135486,
          "stddevserv": 0.298507441135486,
          "rate": 3.350000241857026,
          "cv": 1.0,
          "lambda": 0.15
        },
        "MS1_3": {
          "meanserv": 4.0880311559418505,
          "stddevserv": 4.0880311559418505,
          "rate": 0.24461653100332298,
          "cv": 1.0,
          "lambda": 0.15
        },
        "MS1_4": {
          "meanserv": 1.5774180957287491,
          "stddevserv": 1.5774180957287491,
          "rate": 0.6339473362881712,
          "cv": 1.0,
          "lambda": 0.15
        },
        "MS1_5": {
          "meanserv": 0.16460802765478721,
          "stddevserv": 0.16460802765478721,
          "rate": 6.075037859618734,
          "cv": 1.0,
          "lambda": 0.15
        },
        "MS1_6": {
          "meanserv": 2.244452460257346,
          "stddevserv": 2.244452460257346,
          "rate": 0.4455429632425101,
          "cv": 1.0,
          "lambda": 0.15
        },
        "MS1_7": {
          "meanserv": 0.20328583832241875,
          "stddevserv": 0.20328583832241875,
          "rate": 4.9191818193157335,
          "cv": 1.0,
          "lambda": 0.15
        },
        "MS1_8": {
          "meanserv": 0.13547314497758833,
          "stddevserv": 0.13547314497758833,
          "rate": 7.381536762621349,
          "cv": 1.0,
          "lambda": 0.15
        },
        "MS1_9": {
          "meanserv": 0.6869126251788451,
          "stddevserv": 0.6869126251788451,
          "rate": 1.4557892275449722,
          "cv": 1.0,
          "lambda": 0.15
        }
      },
      "sensors": [
        "S1"
      ],
      "sources": [
        {
          "startTime": 0,
          "stopTime": -1,
          "lambda": 0.15
        }
      ]
    },
    "SC2": {
      "resptime": 27.38429742389618,
      "resptime_old": 17.38429742389618,
      "waittime": 13.715652859630918,
      "servicetime": 10.0,
      "networktime": 3.6686445642652608,
      "services": {
        "MS2_1": {
          "meanserv": 0.11326449400973271,
          "stddevserv": 0.11326449400973271,
          "rate": 8.828892132022158,
          "cv": 1.0,
          "lambda": 0.15
        },
        "MS2_2": {
          "meanserv": 0.9723242767768503,
          "stddevserv": 0.9723242767768503,
          "rate": 1.0284634703505415,
          "cv": 1.0,
          "lambda": 0.15
        },
        "MS2_3": {
          "meanserv": 0.19339987595248354,
          "stddevserv": 0.19339987595248354,
          "rate": 5.170634133424627,
          "cv": 1.0,
          "lambda": 0.15
        },
        "MS2_4": {
          "meanserv": 1.6011232836531317,
          "stddevserv": 1.6011232836531317,
          "rate": 0.6245615251552613,
          "cv": 1.0,
          "lambda": 0.15
        },
        "MS2_5": {
          "meanserv": 2.4179658168947267,
          "stddevserv": 2.4179658168947267,
          "rate": 0.4135707763165363,
          "cv": 1.0,
          "lambda": 0.15
        },
        "MS2_6": {
          "meanserv": 3.2695550304203422,
          "stddevserv": 3.2695550304203422,
          "rate": 0.30585201677166374,
          "cv": 1.0,
          "lambda": 0.15
        },
        "MS2_7": {
          "meanserv": 0.1368416395137757,
          "stddevserv": 0.1368416395137757,
          "rate": 7.307717179896336,
          "cv": 1.0,
          "lambda": 0.15
        },
        "MS2_8": {
          "meanserv": 0.640723968656081,
          "stddevserv": 0.640723968656081,
          "rate": 1.5607344955386961,
          "cv": 1.0,
          "lambda": 0.15
        },
        "MS2_9": {
          "meanserv": 0.6548016141228761,
          "stddevserv": 0.6548016141228761,
          "rate": 1.527180108344,
          "cv": 1.0,
          "lambda": 0.15
        }
      },
      "sensors": [
        "S2"
      ],
      "sources": [
        {
          "startTime": 0,
          "stopTime": -1,
          "lambda": 0.15
        }
      ]
    },
    "SC3": {
      "resptime": 32.5036794607785,
      "resptime_old": 22.5036794607785,
      "waittime": 18.82760796147936,
      "servicetime": 10.0,
      "networktime": 3.67607149929914,
      "services": {
        "MS3_1": {
          "meanserv": 2.7434165757418736,
          "stddevserv": 2.7434165757418736,
          "rate": 0.36450898811442095,
          "cv": 1.0,
          "lambda": 0.15
        },
        "MS3_2": {
          "meanserv": 1.4793718636619904,
          "stddevserv": 1.4793718636619904,
          "rate": 0.6759625653043256,
          "cv": 1.0,
          "lambda": 0.15
        },
        "MS3_3": {
          "meanserv": 0.2078573780168993,
          "stddevserv": 0.2078573780168993,
          "rate": 4.810991120645704,
          "cv": 1.0,
          "lambda": 0.15
        },
        "MS3_4": {
          "meanserv": 0.12817483250343376,
          "stddevserv": 0.12817483250343376,
          "rate": 7.801843626151884,
          "cv": 1.0,
          "lambda": 0.15
        },
        "MS3_5": {
          "meanserv": 0.20786168259004967,
          "stddevserv": 0.20786168259004967,
          "rate": 4.810891490627576,
          "cv": 1.0,
          "lambda": 0.15
        },
        "MS3_6": {
          "meanserv": 1.4655393832621249,
          "stddevserv": 1.4655393832621249,
          "rate": 0.6823426319490051,
          "cv": 1.0,
          "lambda": 0.15
        },
        "MS3_7": {
          "meanserv": 2.540679220859425,
          "stddevserv": 2.540679220859425,
          "rate": 0.3935955361030324,
          "cv": 1.0,
          "lambda": 0.15
        },
        "MS3_8": {
          "meanserv": 1.1043361438229606,
          "stddevserv": 1.1043361438229606,
          "rate": 0.9055213900164739,
          "cv": 1.0,
          "lambda": 0.15
        },
        "MS3_9": {
          "meanserv": 0.12276291954124297,
          "stddevserv": 0.12276291954124297,
          "rate": 8.14578216074475,
          "cv": 1.0,
          "lambda": 0.15
        }
      },
      "sensors": [
        "S3"
      ],
      "sources": [
        {
          "startTime": 0,
          "stopTime": -1,
          "lambda": 0.15
        }
      ]
    },
    "SC4": {
      "resptime": 35.92354093433411,
      "resptime_old": 25.923540934334113,
      "waittime": 22.81519574305596,
      "servicetime": 10.0,
      "networktime": 3.1083451912781523,
      "services": {
        "MS4_1": {
          "meanserv": 0.12885749089842968,
          "stddevserv": 0.12885749089842968,
          "rate": 7.760511189747111,
          "cv": 1.0,
          "lambda": 0.15
        },
        "MS4_2": {
          "meanserv": 0.9510966252384045,
          "stddevserv": 0.9510966252384045,
          "rate": 1.0514178827512264,
          "cv": 1.0,
          "lambda": 0.15
        },
        "MS4_3": {
          "meanserv": 0.814099550662889,
          "stddevserv": 0.814099550662889,
          "rate": 1.2283510034930492,
          "cv": 1.0,
          "lambda": 0.15
        },
        "MS4_4": {
          "meanserv": 1.8299760405500785,
          "stddevserv": 1.8299760405500785,
          "rate": 0.5464552419491824,
          "cv": 1.0,
          "lambda": 0.15
        },
        "MS4_5": {
          "meanserv": 0.3778640053104656,
          "stddevserv": 0.3778640053104656,
          "rate": 2.6464547719446494,
          "cv": 1.0,
          "lambda": 0.15
        },
        "MS4_6": {
          "meanserv": 0.851050384417591,
          "stddevserv": 0.851050384417591,
          "rate": 1.1750185633067323,
          "cv": 1.0,
          "lambda": 0.15
        },
        "MS4_7": {
          "meanserv": 0.41474789933436096,
          "stddevserv": 0.41474789933436096,
          "rate": 2.411103230673198,
          "cv": 1.0,
          "lambda": 0.15
        },
        "MS4_8": {
          "meanserv": 1.642951505599357,
          "stddevserv": 1.642951505599357,
          "rate": 0.6086606918048959,
          "cv": 1.0,
          "lambda": 0.15
        },
        "MS4_9": {
          "meanserv": 2.9893564979884237,
          "stddevserv": 2.9893564979884237,
          "rate": 0.3345201553153372,
          "cv": 1.0,
          "lambda": 0.15
        }
      },
      "sensors": [
        "S4"
      ],
      "sources": [
        {
          "startTime": 0,
          "stopTime": -1,
          "lambda": 0.15
        }
      ]
    }
  },
  "microservice": {
    "MS1_1": "F8",
    "MS1_2": "F8",
    "MS1_3": "F10",
    "MS1_4": "F8",
    "MS1_5": "F6",
    "MS1_6": "F3",
    "MS1_7": "F6",
    "MS1_8": "F6",
    "MS1_9": "F2",
    "MS2_1": "F6",
    "MS2_2": "F6",
    "MS2_3": "F6",
    "MS2_4": "F5",
    "MS2_5": "F5",
    "MS2_6": "F7",
    "MS2_7": "F6",
    "MS2_8": "F6",
    "MS2_9": "F6",
    "MS3_1": "F4",
    "MS3_2": "F4",
    "MS3_3": "F6",
    "MS3_4": "F6",
    "MS3_5": "F6",
    "MS3_6": "F9",
    "MS3_7": "F9",
    "MS3_8": "F2",
    "MS3_9": "F2",
    "MS4_1": "F2",
    "MS4_2": "F2",
    "MS4_3": "F2",
    "MS4_4": "F3",
    "MS4_5": "F8",
    "MS4_6": "F8",
    "MS4_7": "F8",
    "MS4_8": "F1",
    "MS4_9": "F1"
  },
  "sensor": {
    "S1": "F8",
    "S2": "F6",
    "S3": "F4",
    "S4": "F2"
  },
  "fog": {
    "F1": {
      "rho": 0.6948462005381671,
      "capacity": 1.0,
      "tserv": 2.3161540017938904,
      "stddev": 2.504190999462891,
      "mu": 0.43175022007409153,
      "cv": 1.0811850151256626,
      "lambda": 0.3,
      "twait": 5.719513541534056
    },
    "F2": {
      "rho": 0.5712098033014158,
      "capacity": 1.0,
      "tserv": 0.6346775592237953,
      "stddev": 0.8330622859749375,
      "mu": 1.5756032105861606,
      "cv": 1.3125756124003578,
      "lambda": 0.9,
      "twait": 1.1510612258007762
    },
    "F3": {
      "rho": 0.6111642751211136,
      "capacity": 1.0,
      "tserv": 2.037214250403712,
      "stddev": 2.058187856658045,
      "mu": 0.4908663876672919,
      "cv": 1.0102952383384205,
      "lambda": 0.3,
      "twait": 3.2351885200188697
    },
    "F4": {
      "rho": 0.6334182659105796,
      "capacity": 1.0,
      "tserv": 2.111394219701932,
      "stddev": 2.2927908906089294,
      "mu": 0.4736206960636518,
      "cv": 1.0859132175386013,
      "lambda": 0.3,
      "twait": 3.975188088618839
    },
    "F5": {
      "rho": 0.6028633650821787,
      "capacity": 1.0,
      "tserv": 2.009544550273929,
      "stddev": 2.090905344962302,
      "mu": 0.49762519565126634,
      "cv": 1.0404871813751442,
      "lambda": 0.3,
      "twait": 3.1765469570194167
    },
    "F6": {
      "rho": 0.5637925159645465,
      "capacity": 1.0,
      "tserv": 0.31321806442474814,
      "stddev": 0.49238287573900014,
      "mu": 3.192663877278553,
      "cv": 1.5720130211624401,
      "lambda": 1.7999999999999996,
      "twait": 0.7026284926321514
    },
    "F7": {
      "rho": 0.4904332545630513,
      "capacity": 1.0,
      "tserv": 3.2695550304203422,
      "stddev": 3.2695550304203422,
      "mu": 0.30585201677166374,
      "cv": 1.0,
      "lambda": 0.15,
      "twait": 3.1467879897991766
    },
    "F8": {
      "rho": 0.6181348555094374,
      "capacity": 1.0,
      "tserv": 0.686816506121597,
      "stddev": 0.9242767906979458,
      "mu": 1.4559929633126139,
      "cv": 1.3457405034093748,
      "lambda": 0.9,
      "twait": 1.5625988208555501
    },
    "F9": {
      "rho": 0.6009327906182325,
      "capacity": 1.0,
      "tserv": 2.003109302060775,
      "stddev": 2.1425241448340273,
      "mu": 0.4992238810788867,
      "cv": 1.0695992188892658,
      "lambda": 0.3,
      "twait": 3.233611927371837
    },
    "F10": {
      "rho": 0.6132046733912776,
      "capacity": 1.0,
      "tserv": 4.0880311559418505,
      "stddev": 4.0880311559418505,
      "mu": 0.24461653100332298,
      "cv": 1.0,
      "lambda": 0.15,
      "twait": 6.480946478261199
    }
  },
  "extra": {
    "deltatime": 2.1825671,
    "conv": 6,
    "obj_func": 32.58086016564003
  },
  "network": [
    [
      0.0,
      1.0723652670059654,
      0.9914950591979308,
      1.0496561020428234,
      1.1849676297533887,
      1.021466299337178,
      1.163475210271293,
      0.9829337584951945,
      1.4070935628132373,
      1.4070935628132373
    ],
    [
      1.0723652670059654,
      0.0,
      0.7208456152422157,
      1.1349366571119361,
      0.9206030988659167,
      1.1732659339476061,
      1.2735849746467438,
      1.4070935628132373,
      1.4045658175407425,
      1.4045658175407425
    ],
    [
      0.9914950591979308,
      0.7208456152422157,
      0.0,
      1.1844489306363555,
      1.044961792240185,
      1.3192714322038561,
      0.9829337584951945,
      1.4045658175407425,
      0.9904937720777743,
      0.9904937720777743
    ],
    [
      1.0496561020428234,
      1.1349366571119361,
      1.1844489306363555,
      0.0,
      1.0331716459957574,
      1.163475210271293,
      1.4070935628132373,
      0.9904937720777743,
      0.9779665384415377,
      0.9779665384415377
    ],
    [
      1.1849676297533887,
      0.9206030988659167,
      1.044961792240185,
      1.0331716459957574,
      0.0,
      1.2735849746467438,
      1.4045658175407425,
      0.9779665384415377,
      1.227133484584551,
      1.227133484584551
    ],
    [
      1.021466299337178,
      1.1732659339476061,
      1.3192714322038561,
      1.163475210271293,
      1.2735849746467438,
      0.0,
      0.9904937720777743,
      1.227133484584551,
      1.1080304714871048,
      1.1080304714871048
    ],
    [
      1.163475210271293,
      1.2735849746467438,
      0.9829337584951945,
      1.4070935628132373,
      1.4045658175407425,
      0.9904937720777743,
      0.0,
      1.1080304714871048,
      1.4033682644025227,
      1.4033682644025227
    ],
    [
      0.9829337584951945,
      1.4070935628132373,
      1.4045658175407425,
      0.9904937720777743,
      0.9779665384415377,
      1.227133484584551,
      1.1080304714871048,
      0.0,
      0.9050511980337679,
      0.9050511980337679
    ],
    [
      1.4070935628132373,
      1.4045658175407425,
      0.9904937720777743,
      0.9779665384415377,
      1.227133484584551,
      1.1080304714871048,
      1.4033682644025227,
      0.9050511980337679,
      0.0,
      0.9594253965668389
    ],
    [
      1.4070935628132373,
      1.4045658175407425,
      0.9904937720777743,
      0.9779665384415377,
      1.227133484584551,
      1.1080304714871048,
      1.4033682644025227,
      0.9050511980337679,
      0.9594253965668389,
      0.0
    ]
  ]
}