{
  "servicechain": {
    "SC1": {
      "resptime": 8459.607092640968,
      "resptime_old": 8449.607092640968,
      "waittime": 8444.425584961762,
      "servicetime": 10.0,
      "networktime": 5.181507679205991,
      "services": {
        "MS1_1": {
          "meanserv": 6.120144572874361,
          "stddevserv": 6.120144572874361,
          "rate": 0.16339483293126592,
          "cv": 1.0,
          "lambda": 0.225
        },
        "MS1_2": {
          "meanserv": 1.2218681652797567,
          "stddevserv": 1.2218681652797567,
          "rate": 0.8184189001855546,
          "cv": 1.0,
          "lambda": 0.225
        },
        "MS1_3": {
          "meanserv": 0.4421018786076214,
          "stddevserv": 0.4421018786076214,
          "rate": 2.2619220781179483,
          "cv": 1.0,
          "lambda": 0.225
        },
        "MS1_4": {
          "meanserv": 1.2967677581631847,
          "stddevserv": 1.2967677581631847,
          "rate": 0.7711481055146349,
          "cv": 1.0,
          "lambda": 0.225
        },
        "MS1_5": {
          "meanserv": 0.9191176250750761,
          "stddevserv": 0.9191176250750761,
          "rate": 1.0880000260231297,
          "cv": 1.0,
          "lambda": 0.225
        }
      },
      "sensors": [
        "S1"
      ],
      "sources": [
        {
          "startTime": 0,
          "stopTime": -1,
          "lambda": 0.225
        }
      ]
    },
    "SC2": {
      "resptime": 117.23615876973464,
      "resptime_old": 107.23615876973464,
      "waittime": 101.01370836909935,
      "servicetime": 10.0,
      "networktime": 6.2224504006352985,
      "services": {
        "MS2_1": {
          "meanserv": 1.0457694719030797,
          "stddevserv": 1.0457694719030797,
          "rate": 0.9562336890368497,
          "cv": 1.0,
          "lambda": 0.225
        },
        "MS2_2": {
          "meanserv": 4.142810761687025,
          "stddevserv": 4.142810761687025,
          "rate": 0.2413820127262541,
          "cv": 1.0,
          "lambda": 0.225
        },
        "MS2_3": {
          "meanserv": 0.7038910279871242,
          "stddevserv": 0.7038910279871242,
          "rate": 1.4206744513559737,
          "cv": 1.0,
          "lambda": 0.225
        },
        "MS2_4": {
          "meanserv": 3.6919747720468745,
          "stddevserv": 3.6919747720468745,
          "rate": 0.27085775546770274,
          "cv": 1.0,
          "lambda": 0.225
        },
        "MS2_5": {
          "meanserv": 0.4155539663758958,
          "stddevserv": 0.4155539663758958,
          "rate": 2.406426315025073,
          "cv": 1.0,
          "lambda": 0.225
        }
      },
      "sensors": [
        "S2"
      ],
      "sources": [
        {
          "startTime": 0,
          "stopTime": -1,
          "lambda": 0.225
        }
      ]
    },
    "SC3": {
      "resptime": 89.83330992957417,
      "resptime_old": 79.83330992957418,
      "waittime": 74.64540767111377,
      "servicetime": 10.0,
      "networktime": 5.1879022584604035,
      "services": {
        "MS3_1": {
          "meanserv": 1.2318960768530285,
          "stddevserv": 1.2318960768530285,
          "rate": 0.8117567859738425,
          "cv": 1.0,
          "lambda": 0.225
        },
        "MS3_2": {
          "meanserv": 4.037816288037479,
          "stddevserv": 4.037816288037479,
          "rate": 0.24765861759551108,
          "cv": 1.0,
          "lambda": 0.225
        },
        "MS3_3": {
          "meanserv": 0.12792403366567306,
          "stddevserv": 0.12792403366567306,
          "rate": 7.8171393704913985,
          "cv": 1.0,
          "lambda": 0.225
        },
        "MS3_4": {
          "meanserv": 0.8978802483980459,
          "stddevserv": 0.8978802483980459,
          "rate": 1.1137342666621202,
          "cv": 1.0,
          "lambda": 0.225
        },
        "MS3_5": {
          "meanserv": 3.7044833530457737,
          "stddevserv": 3.7044833530457737,
          "rate": 0.26994317552481756,
          "cv": 1.0,
          "lambda": 0.225
        }
      },
      "sensors": [
        "S3"
      ],
      "sources": [
        {
          "startTime": 0,
          "stopTime": -1,
          "lambda": 0.225
        }
      ]
    },
    "SC4": {
      "resptime": 62.18911848075115,
      "resptime_old": 52.18911848075114,
      "waittime": 44.863650594768295,
      "servicetime": 10.0,
      "networktime": 7.325467885982853,
      "services": {
        "MS4_1": {
          "meanserv": 0.1551928127597213,
          "stddevserv": 0.1551928127597213,
          "rate": 6.443597369088601,
          "cv": 1.0,
          "lambda": 0.225
        },
        "MS4_2": {
          "meanserv": 3.435554737845823,
          "stddevserv": 3.435554737845823,
          "rate": 0.2910738079600573,
          "cv": 1.0,
          "lambda": 0.225
        },
        "MS4_3": {
          "meanserv": 1.9324057199531146,
          "stddevserv": 1.9324057199531146,
          "rate": 0.5174896708669765,
          "cv": 1.0,
          "lambda": 0.225
        },
        "MS4_4": {
          "meanserv": 1.3938898847122676,
          "stddevserv": 1.3938898847122676,
          "rate": 0.7174167851906208,
          "cv": 1.0,
          "lambda": 0.225
        },
        "MS4_5": {
          "meanserv": 3.0829568447290736,
          "stddevserv": 3.0829568447290736,
          "rate": 0.32436393059140556,
          "cv": 1.0,
          "lambda": 0.225
        }
      },
      "sensors": [
        "S4"
      ],
      "sources": [
        {
          "startTime": 0,
          "stopTime": -1,
          "lambda": 0.225
        }
      ]
    }
  },
  "microservice": {
    "MS1_1": "F3",
    "MS1_2": "F1",
    "MS1_3": "F2",
    "MS1_4": "F2",
    "MS1_5": "F4",
    "MS2_1": "F4",
    "MS2_2": "F10",
    "MS2_3": "F6",
    "MS2_4": "F9",
    "MS2_5": "F4",
    "MS3_1": "F4",
    "MS3_2": "F7",
    "MS3_3": "F1",
    "MS3_4": "F1",
    "MS3_5": "F8",
    "MS4_1": "F4",
    "MS4_2": "F5",
    "MS4_3": "F2",
    "MS4_4": "F1",
    "MS4_5": "F6"
  },
  "sensor": {
    "S1": "F3",
    "S2": "F4",
    "S3": "F4",
    "S4": "F4"
  },
  "fog": {
    "F1": {
      "rho": 0.8193515247125422,
      "capacity": 1.0,
      "tserv": 0.9103905830139358,
      "stddev": 1.1403557110829547,
      "mu": 1.098429639605238,
      "cv": 1.2526005127466249,
      "lambda": 0.9,
      "twait": 5.303947188722871
    },
    "F2": {
      "rho": 0.8260369552628821,
      "capacity": 1.0,
      "tserv": 1.2237584522413067,
      "stddev": 1.4977484061170883,
      "mu": 0.8171547237679998,
      "cv": 1.2238921850745712,
      "lambda": 0.675,
      "twait": 7.2574714190019005
    },
    "F3": {
      "rho": 1.3770325288967313,
      "capacity": 1.0,
      "tserv": 6.120144572874361,
      "stddev": 6.120144572874361,
      "mu": 0.16339483293126592,
      "cv": 1.0,
      "lambda": 0.225,
      "twait": 8419.210520240382
    },
    "F4": {
      "rho": 0.8476942394175303,
      "capacity": 1.0,
      "tserv": 0.7535059905933603,
      "stddev": 0.9451604424026193,
      "mu": 1.3271294621195169,
      "cv": 1.2543502695424327,
      "lambda": 1.125,
      "twait": 5.396174694655111
    },
    "F5": {
      "rho": 0.7729998160153102,
      "capacity": 1.0,
      "tserv": 3.435554737845823,
      "stddev": 3.435554737845823,
      "mu": 0.2910738079600573,
      "cv": 1.0,
      "lambda": 0.225,
      "twait": 11.699035364854431
    },
    "F6": {
      "rho": 0.8520407713611445,
      "capacity": 1.0,
      "tserv": 1.893423936358099,
      "stddev": 2.532791203982045,
      "mu": 0.5281437404469742,
      "cv": 1.3376778202422726,
      "lambda": 0.45,
      "twait": 15.207021927533981
    },
    "F7": {
      "rho": 0.9085086648084327,
      "capacity": 1.0,
      "tserv": 4.037816288037479,
      "stddev": 4.037816288037479,
      "mu": 0.24765861759551108,
      "cv": 1.0,
      "lambda": 0.225,
      "twait": 40.09550278073531
    },
    "F8": {
      "rho": 0.8335087544352991,
      "capacity": 1.0,
      "tserv": 3.7044833530457737,
      "stddev": 3.7044833530457733,
      "mu": 0.26994317552481756,
      "cv": 0.9999999999999999,
      "lambda": 0.225,
      "twait": 18.545835818277613
    },
    "F9": {
      "rho": 0.8306943237105469,
      "capacity": 1.0,
      "tserv": 3.6919747720468745,
      "stddev": 3.6919747720468745,
      "mu": 0.27085775546770274,
      "cv": 1.0,
      "lambda": 0.225,
      "twait": 18.114587494270157
    },
    "F10": {
      "rho": 0.9321324213795807,
      "capacity": 1.0,
      "tserv": 4.142810761687025,
      "stddev": 4.142810761687025,
      "mu": 0.2413820127262541,
      "cv": 1.0,
      "lambda": 0.225,
      "twait": 56.89974955798499
    }
  },
  "extra": {
    "conv_gen": 13,
    "max_gen": 600,
    "population": 600,
    "deltatime": 39.7193463,
    "obj_func": 2182.216419955257
  },
  "network": [
    [
      0.0,
      1.3710955892632575,
      1.6807237946179894,
      2.1903748859488665,
      2.6200436999120824,
      2.2736749598617303,
      1.522840803848184,
      1.9748294980854995,
      1.6902319565267203,
      1.6902319565267203
    ],
    [
      1.3710955892632575,
      0.0,
      1.1185412470293057,
      2.1296882953247445,
      1.8163412555232596,
      1.5093102066469495,
      2.5789901087257197,
      1.6902319565267203,
      1.9662949136730938,
      1.9662949136730938
    ],
    [
      1.6807237946179894,
      1.1185412470293057,
      0.0,
      2.3270723717254205,
      1.8011107125370391,
      1.9739034210335147,
      1.9748294980854995,
      1.9662949136730938,
      1.6072740072582776,
      1.6072740072582776
    ],
    [
      2.1903748859488665,
      2.1296882953247445,
      2.3270723717254205,
      0.0,
      1.864356081334606,
      1.522840803848184,
      1.6902319565267203,
      1.6072740072582776,
      1.7730202088970624,
      1.7730202088970624
    ],
    [
      2.6200436999120824,
      1.8163412555232596,
      1.8011107125370391,
      1.864356081334606,
      0.0,
      2.5789901087257197,
      1.9662949136730938,
      1.7730202088970624,
      1.8470745134159474,
      1.8470745134159474
    ],
    [
      2.2736749598617303,
      1.5093102066469495,
      1.9739034210335147,
      1.522840803848184,
      2.5789901087257197,
      0.0,
      1.6072740072582776,
      1.8470745134159474,
      1.338204991420587,
      1.338204991420587
    ],
    [
      1.522840803848184,
      2.5789901087257197,
      1.9748294980854995,
      1.6902319565267203,
      1.9662949136730938,
      1.6072740072582776,
      0.0,
      1.338204991420587,
      1.9534223012990801,
      1.9534223012990801
    ],
    [
      1.9748294980854995,
      1.6902319565267203,
      1.9662949136730938,
      1.6072740072582776,
      1.7730202088970624,
      1.8470745134159474,
      1.338204991420587,
      0.0,
      2.3333962015365244,
      2.3333962015365244
    ],
    [
      1.6902319565267203,
      1.9662949136730938,
      1.6072740072582776,
      1.7730202088970624,
      1.8470745134159474,
      1.338204991420587,
      1.9534223012990801,
      2.3333962015365244,
      0.0,
      2.268377489195659
    ],
    [
      1.6902319565267203,
      1.9662949136730938,
      1.6072740072582776,
      1.7730202088970624,
      1.8470745134159474,
      1.338204991420587,
      1.9534223012990801,
      2.3333962015365244,
      2.268377489195659,
      0.0
    ]
  ]
}