{
  "servicechain": {
    "SC1": {
      "resptime": 16.90697263676806,
      "resptime_old": 6.906972636768062,
      "waittime": 2.92008126970959,
      "servicetime": 10.0,
      "networktime": 3.9868913670584716,
      "services": {
        "MS1_1": {
          "meanserv": 2.7956565297584914,
          "stddevserv": 2.7956565297584914,
          "rate": 0.35769773194791815,
          "cv": 1.0,
          "lambda": 0.05
        },
        "MS1_2": {
          "meanserv": 2.5820450275078217,
          "stddevserv": 2.5820450275078217,
          "rate": 0.38728991529833834,
          "cv": 1.0,
          "lambda": 0.05
        },
        "MS1_3": {
          "meanserv": 1.8014115811383942,
          "stddevserv": 1.8014115811383942,
          "rate": 0.5551202237570019,
          "cv": 1.0,
          "lambda": 0.05
        },
        "MS1_4": {
          "meanserv": 2.8060203541079662,
          "stddevserv": 2.8060203541079662,
          "rate": 0.35637660237781843,
          "cv": 1.0,
          "lambda": 0.05
        },
        "MS1_5": {
          "meanserv": 0.01486650748732643,
          "stddevserv": 0.01486650748732643,
          "rate": 67.26529420931523,
          "cv": 1.0,
          "lambda": 0.05
        }
      },
      "sensors": [
        "S1"
      ],
      "sources": [
        {
          "startTime": 0,
          "stopTime": -1,
          "lambda": 0.05
        }
      ]
    },
    "SC2": {
      "resptime": 17.922948757257544,
      "resptime_old": 7.922948757257544,
      "waittime": 4.3276445448780425,
      "servicetime": 10.0,
      "networktime": 3.595304212379501,
      "services": {
        "MS2_1": {
          "meanserv": 2.5770262537313937,
          "stddevserv": 2.5770262537313937,
          "rate": 0.38804416468480074,
          "cv": 1.0,
          "lambda": 0.05
        },
        "MS2_2": {
          "meanserv": 0.3723522880407426,
          "stddevserv": 0.3723522880407426,
          "rate": 2.6856287234377905,
          "cv": 1.0,
          "lambda": 0.05
        },
        "MS2_3": {
          "meanserv": 6.8204638388275765,
          "stddevserv": 6.8204638388275765,
          "rate": 0.14661759429134338,
          "cv": 1.0,
          "lambda": 0.05
        },
        "MS2_4": {
          "meanserv": 0.13755242342956464,
          "stddevserv": 0.13755242342956464,
          "rate": 7.269955519991706,
          "cv": 1.0,
          "lambda": 0.05
        },
        "MS2_5": {
          "meanserv": 0.09260519597072303,
          "stddevserv": 0.09260519597072303,
          "rate": 10.798530142046761,
          "cv": 1.0,
          "lambda": 0.05
        }
      },
      "sensors": [
        "S2"
      ],
      "sources": [
        {
          "startTime": 0,
          "stopTime": -1,
          "lambda": 0.05
        }
      ]
    },
    "SC3": {
      "resptime": 17.168902337269035,
      "resptime_old": 7.168902337269035,
      "waittime": 4.012539475757777,
      "servicetime": 10.0,
      "networktime": 3.1563628615112584,
      "services": {
        "MS3_1": {
          "meanserv": 1.6708416988493358,
          "stddevserv": 1.6708416988493358,
          "rate": 0.5985007440792706,
          "cv": 1.0,
          "lambda": 0.05
        },
        "MS3_2": {
          "meanserv": 2.466002603398138,
          "stddevserv": 2.466002603398138,
          "rate": 0.4055145759465158,
          "cv": 1.0,
          "lambda": 0.05
        },
        "MS3_3": {
          "meanserv": 4.376816012748486,
          "stddevserv": 4.376816012748486,
          "rate": 0.22847659053688102,
          "cv": 1.0,
          "lambda": 0.05
        },
        "MS3_4": {
          "meanserv": 0.60654309919817,
          "stddevserv": 0.60654309919817,
          "rate": 1.6486874573661248,
          "cv": 1.0,
          "lambda": 0.05
        },
        "MS3_5": {
          "meanserv": 0.8797965858058703,
          "stddevserv": 0.8797965858058703,
          "rate": 1.136626370383134,
          "cv": 1.0,
          "lambda": 0.05
        }
      },
      "sensors": [
        "S3"
      ],
      "sources": [
        {
          "startTime": 0,
          "stopTime": -1,
          "lambda": 0.05
        }
      ]
    },
    "SC4": {
      "resptime": 16.5869923079767,
      "resptime_old": 6.5869923079767,
      "waittime": 3.6544080274128055,
      "servicetime": 10.0,
      "networktime": 2.932584280563894,
      "services": {
        "MS4_1": {
          "meanserv": 3.369279256388591,
          "stddevserv": 3.369279256388591,
          "rate": 0.2967993816789956,
          "cv": 1.0,
          "lambda": 0.05
        },
        "MS4_2": {
          "meanserv": 0.6474138864963939,
          "stddevserv": 0.6474138864963939,
          "rate": 1.5446069675948635,
          "cv": 1.0,
          "lambda": 0.05
        },
        "MS4_3": {
          "meanserv": 1.279434739255663,
          "stddevserv": 1.279434739255663,
          "rate": 0.781595160204709,
          "cv": 1.0,
          "lambda": 0.05
        },
        "MS4_4": {
          "meanserv": 1.6287859627559635,
          "stddevserv": 1.6287859627559635,
          "rate": 0.6139542105998781,
          "cv": 1.0,
          "lambda": 0.05
        },
        "MS4_5": {
          "meanserv": 3.0750861551033886,
          "stddevserv": 3.0750861551033886,
          "rate": 0.3251941407691645,
          "cv": 1.0,
          "lambda": 0.05
        }
      },
      "sensors": [
        "S4"
      ],
      "sources": [
        {
          "startTime": 0,
          "stopTime": -1,
          "lambda": 0.05
        }
      ]
    }
  },
  "microservice": {
    "MS1_1": "F10",
    "MS1_2": "F9",
    "MS1_3": "F9",
    "MS1_4": "F1",
    "MS1_5": "F1",
    "MS2_1": "F2",
    "MS2_2": "F2",
    "MS2_3": "F7",
    "MS2_4": "F4",
    "MS2_5": "F4",
    "MS3_1": "F5",
    "MS3_2": "F5",
    "MS3_3": "F6",
    "MS3_4": "F5",
    "MS3_5": "F5",
    "MS4_1": "F8",
    "MS4_2": "F8",
    "MS4_3": "F1",
    "MS4_4": "F3",
    "MS4_5": "F3"
  },
  "sensor": {
    "S1": "F10",
    "S2": "F2",
    "S3": "F5",
    "S4": "F8"
  },
  "fog": {
    "F1": {
      "rho": 0.20501608004254784,
      "capacity": 1.0,
      "tserv": 1.3667738669503187,
      "stddev": 2.11483936153707,
      "mu": 0.7316499270148463,
      "cv": 1.5473220645167216,
      "lambda": 0.15000000000000002,
      "twait": 0.5981834508826483
    },
    "F2": {
      "rho": 0.14746892708860682,
      "capacity": 1.0,
      "tserv": 1.4746892708860682,
      "stddev": 2.1459268610937223,
      "mu": 0.6781089547082344,
      "cv": 1.4551722206565865,
      "lambda": 0.1,
      "twait": 0.3976224887426877
    },
    "F3": {
      "rho": 0.23519360589296762,
      "capacity": 1.0,
      "tserv": 2.351936058929676,
      "stddev": 2.5646628137994587,
      "mu": 0.42518162694230816,
      "cv": 1.0904475077296918,
      "lambda": 0.1,
      "twait": 0.7916447003504511
    },
    "F4": {
      "rho": 0.011507880970014383,
      "capacity": 1.0,
      "tserv": 0.11507880970014382,
      "stddev": 0.1193870138252915,
      "mu": 8.689697109360614,
      "cv": 1.0374369889328312,
      "lambda": 0.1,
      "twait": 0.0013908250244374567
    },
    "F5": {
      "rho": 0.2811591993625757,
      "capacity": 1.0,
      "tserv": 1.4057959968128786,
      "stddev": 1.7410187559085177,
      "mu": 0.7113407651374235,
      "cv": 1.2384576139465702,
      "lambda": 0.2,
      "twait": 0.6965949468422067
    },
    "F6": {
      "rho": 0.2188408006374243,
      "capacity": 1.0,
      "tserv": 4.376816012748486,
      "stddev": 4.376816012748486,
      "mu": 0.22847659053688102,
      "cv": 1.0,
      "lambda": 0.05,
      "twait": 1.22615968838895
    },
    "F7": {
      "rho": 0.34102319194137887,
      "capacity": 1.0,
      "tserv": 6.820463838827577,
      "stddev": 6.820463838827576,
      "mu": 0.14661759429134336,
      "cv": 0.9999999999999998,
      "lambda": 0.05,
      "twait": 3.5296179173437916
    },
    "F8": {
      "rho": 0.20083465714424925,
      "capacity": 1.0,
      "tserv": 2.0083465714424924,
      "stddev": 2.78167782047706,
      "mu": 0.4979220291056395,
      "cv": 1.3850586646900904,
      "lambda": 0.1,
      "twait": 0.7364675879146274
    },
    "F9": {
      "rho": 0.21917283043231076,
      "capacity": 1.0,
      "tserv": 2.1917283043231075,
      "stddev": 2.260169738928109,
      "mu": 0.45626093253782185,
      "cv": 1.0312271527771042,
      "lambda": 0.1,
      "twait": 0.6347140951963336
    },
    "F10": {
      "rho": 0.1397828264879246,
      "capacity": 1.0,
      "tserv": 2.7956565297584914,
      "stddev": 2.7956565297584914,
      "mu": 0.35769773194791815,
      "cv": 1.0,
      "lambda": 0.05,
      "twait": 0.45428617755162604
    }
  },
  "extra": {
    "deltatime": 0.3754952,
    "conv": 10,
    "obj_func": 17.146454009817834
  },
  "network": [
    [
      0.0,
      1.4858478232159995,
      1.6814782143690314,
      2.1654494014594103,
      2.4572461920340816,
      1.724919281711993,
      2.2435411722176117,
      1.251106066194863,
      2.017122781623872,
      2.017122781623872
    ],
    [
      1.4858478232159995,
      0.0,
      1.756821735575494,
      2.0355103999352386,
      1.9134856935152647,
      2.1644054189112003,
      1.5781814307556292,
      2.017122781623872,
      2.5928871384935115,
      2.5928871384935115
    ],
    [
      1.6814782143690314,
      1.756821735575494,
      0.0,
      2.5493252271891005,
      1.2144126646639313,
      1.2200471074881483,
      1.251106066194863,
      2.5928871384935115,
      2.3381728558864205,
      2.3381728558864205
    ],
    [
      2.1654494014594103,
      2.0355103999352386,
      2.5493252271891005,
      0.0,
      1.9072547421295916,
      2.2435411722176117,
      2.017122781623872,
      2.3381728558864205,
      2.313699817248052,
      2.313699817248052
    ],
    [
      2.4572461920340816,
      1.9134856935152647,
      1.2144126646639313,
      1.9072547421295916,
      0.0,
      1.5781814307556292,
      2.5928871384935115,
      2.313699817248052,
      2.299784322494664,
      2.299784322494664
    ],
    [
      1.724919281711993,
      2.1644054189112003,
      1.2200471074881483,
      2.2435411722176117,
      1.5781814307556292,
      0.0,
      2.3381728558864205,
      2.299784322494664,
      2.2552557031899725,
      2.2552557031899725
    ],
    [
      2.2435411722176117,
      1.5781814307556292,
      1.251106066194863,
      2.017122781623872,
      2.5928871384935115,
      2.3381728558864205,
      0.0,
      2.2552557031899725,
      1.9277936026436644,
      1.9277936026436644
    ],
    [
      1.251106066194863,
      2.017122781623872,
      2.5928871384935115,
      2.3381728558864205,
      2.313699817248052,
      2.299784322494664,
      2.2552557031899725,
      0.0,
      1.788391133476694,
      1.788391133476694
    ],
    [
      2.017122781623872,
      2.5928871384935115,
      2.3381728558864205,
      2.313699817248052,
      2.299784322494664,
      2.2552557031899725,
      1.9277936026436644,
      1.788391133476694,
      0.0,
      1.9697685854345999
    ],
    [
      2.017122781623872,
      2.5928871384935115,
      2.3381728558864205,
      2.313699817248052,
      2.299784322494664,
      2.2552557031899725,
      1.9277936026436644,
      1.788391133476694,
      1.9697685854345999,
      0.0
    ]
  ]
}