{
  "servicechain": {
    "SC1": {
      "resptime": 35.66696945977307,
      "resptime_old": 25.66696945977307,
      "waittime": 21.169010630079974,
      "servicetime": 10.0,
      "networktime": 4.497958829693097,
      "services": {
        "MS1_1": {
          "meanserv": 1.2166888566706713,
          "stddevserv": 1.2166888566706713,
          "rate": 0.8219028180601445,
          "cv": 1.0,
          "lambda": 0.15
        },
        "MS1_2": {
          "meanserv": 0.23088363153419666,
          "stddevserv": 0.23088363153419666,
          "rate": 4.331186205601101,
          "cv": 1.0,
          "lambda": 0.15
        },
        "MS1_3": {
          "meanserv": 0.8208411737436194,
          "stddevserv": 0.8208411737436194,
          "rate": 1.2182624751135338,
          "cv": 1.0,
          "lambda": 0.15
        },
        "MS1_4": {
          "meanserv": 1.75384494685748,
          "stddevserv": 1.75384494685748,
          "rate": 0.5701758309888163,
          "cv": 1.0,
          "lambda": 0.15
        },
        "MS1_5": {
          "meanserv": 1.5275891089716342,
          "stddevserv": 1.5275891089716342,
          "rate": 0.6546262958585737,
          "cv": 1.0,
          "lambda": 0.15
        },
        "MS1_6": {
          "meanserv": 0.9785801679481967,
          "stddevserv": 0.9785801679481967,
          "rate": 1.021888683986632,
          "cv": 1.0,
          "lambda": 0.15
        },
        "MS1_7": {
          "meanserv": 1.9940252402910348,
          "stddevserv": 1.9940252402910348,
          "rate": 0.5014981655167247,
          "cv": 1.0,
          "lambda": 0.15
        },
        "MS1_8": {
          "meanserv": 0.44110351208472487,
          "stddevserv": 0.44110351208472487,
          "rate": 2.267041573243981,
          "cv": 1.0,
          "lambda": 0.15
        },
        "MS1_9": {
          "meanserv": 1.036443361898442,
          "stddevserv": 1.036443361898442,
          "rate": 0.9648380574972383,
          "cv": 1.0,
          "lambda": 0.15
        }
      },
      "sensors": [
        "S1"
      ],
      "sources": [
        {
          "startTime": 0,
          "stopTime": -1,
          "lambda": 0.15
        }
      ]
    },
    "SC2": {
      "resptime": 35.50656446934478,
      "resptime_old": 25.506564469344784,
      "waittime": 20.54519558265178,
      "servicetime": 10.0,
      "networktime": 4.961368886693002,
      "services": {
        "MS2_1": {
          "meanserv": 0.4013397580651612,
          "stddevserv": 0.4013397580651612,
          "rate": 2.491654464588681,
          "cv": 1.0,
          "lambda": 0.15
        },
        "MS2_2": {
          "meanserv": 0.7887330123177472,
          "stddevserv": 0.7887330123177472,
          "rate": 1.2678561495244507,
          "cv": 1.0,
          "lambda": 0.15
        },
        "MS2_3": {
          "meanserv": 0.4301858980611173,
          "stddevserv": 0.4301858980611173,
          "rate": 2.3245764319729703,
          "cv": 1.0,
          "lambda": 0.15
        },
        "MS2_4": {
          "meanserv": 1.3306505944829081,
          "stddevserv": 1.3306505944829081,
          "rate": 0.7515120829962134,
          "cv": 1.0,
          "lambda": 0.15
        },
        "MS2_5": {
          "meanserv": 0.012160805907289962,
          "stddevserv": 0.012160805907289962,
          "rate": 82.23139219749706,
          "cv": 1.0,
          "lambda": 0.15
        },
        "MS2_6": {
          "meanserv": 2.815284848752344,
          "stddevserv": 2.815284848752344,
          "rate": 0.35520384391766685,
          "cv": 1.0,
          "lambda": 0.15
        },
        "MS2_7": {
          "meanserv": 1.1108334904401005,
          "stddevserv": 1.1108334904401005,
          "rate": 0.9002249289439506,
          "cv": 1.0,
          "lambda": 0.15
        },
        "MS2_8": {
          "meanserv": 1.995828307156919,
          "stddevserv": 1.995828307156919,
          "rate": 0.5010451031354054,
          "cv": 1.0,
          "lambda": 0.15
        },
        "MS2_9": {
          "meanserv": 1.1149832848164127,
          "stddevserv": 1.1149832848164127,
          "rate": 0.8968744317675172,
          "cv": 1.0,
          "lambda": 0.15
        }
      },
      "sensors": [
        "S2"
      ],
      "sources": [
        {
          "startTime": 0,
          "stopTime": -1,
          "lambda": 0.15
        }
      ]
    },
    "SC3": {
      "resptime": 36.972476177129245,
      "resptime_old": 26.97247617712925,
      "waittime": 22.420094559912926,
      "servicetime": 10.0,
      "networktime": 4.552381617216319,
      "services": {
        "MS3_1": {
          "meanserv": 0.9436963015203625,
          "stddevserv": 0.9436963015203625,
          "rate": 1.0596629428227367,
          "cv": 1.0,
          "lambda": 0.15
        },
        "MS3_2": {
          "meanserv": 2.0031742324153337,
          "stddevserv": 2.0031742324153337,
          "rate": 0.49920769936933884,
          "cv": 1.0,
          "lambda": 0.15
        },
        "MS3_3": {
          "meanserv": 0.45003422768497003,
          "stddevserv": 0.45003422768497003,
          "rate": 2.222053209472799,
          "cv": 1.0,
          "lambda": 0.15
        },
        "MS3_4": {
          "meanserv": 1.2813273722208596,
          "stddevserv": 1.2813273722208596,
          "rate": 0.7804406755681421,
          "cv": 1.0,
          "lambda": 0.15
        },
        "MS3_5": {
          "meanserv": 0.18006785650062263,
          "stddevserv": 0.18006785650062263,
          "rate": 5.5534620083431845,
          "cv": 1.0,
          "lambda": 0.15
        },
        "MS3_6": {
          "meanserv": 2.3700389956043493,
          "stddevserv": 2.3700389956043493,
          "rate": 0.4219339858351168,
          "cv": 1.0,
          "lambda": 0.15
        },
        "MS3_7": {
          "meanserv": 1.784760182474014,
          "stddevserv": 1.784760182474014,
          "rate": 0.5602993667271373,
          "cv": 1.0,
          "lambda": 0.15
        },
        "MS3_8": {
          "meanserv": 0.5825478285356365,
          "stddevserv": 0.5825478285356365,
          "rate": 1.716597249214236,
          "cv": 1.0,
          "lambda": 0.15
        },
        "MS3_9": {
          "meanserv": 0.4043530030438518,
          "stddevserv": 0.4043530030438518,
          "rate": 2.4730866160812233,
          "cv": 1.0,
          "lambda": 0.15
        }
      },
      "sensors": [
        "S3"
      ],
      "sources": [
        {
          "startTime": 0,
          "stopTime": -1,
          "lambda": 0.15
        }
      ]
    },
    "SC4": {
      "resptime": 32.318141114780396,
      "resptime_old": 22.318141114780392,
      "waittime": 18.434537538507055,
      "servicetime": 10.0,
      "networktime": 3.883603576273338,
      "services": {
        "MS4_1": {
          "meanserv": 1.188013427382868,
          "stddevserv": 1.188013427382868,
          "rate": 0.841741327960365,
          "cv": 1.0,
          "lambda": 0.15
        },
        "MS4_2": {
          "meanserv": 2.2311420255176584,
          "stddevserv": 2.2311420255176584,
          "rate": 0.44820096101591067,
          "cv": 1.0,
          "lambda": 0.15
        },
        "MS4_3": {
          "meanserv": 0.666083572479613,
          "stddevserv": 0.666083572479613,
          "rate": 1.5013131104214512,
          "cv": 1.0,
          "lambda": 0.15
        },
        "MS4_4": {
          "meanserv": 1.486222978094549,
          "stddevserv": 1.486222978094549,
          "rate": 0.6728465477515871,
          "cv": 1.0,
          "lambda": 0.15
        },
        "MS4_5": {
          "meanserv": 1.0871717067374957,
          "stddevserv": 1.0871717067374957,
          "rate": 0.9198179034670704,
          "cv": 1.0,
          "lambda": 0.15
        },
        "MS4_6": {
          "meanserv": 0.17572556574605525,
          "stddevserv": 0.17572556574605525,
          "rate": 5.690691594899294,
          "cv": 1.0,
          "lambda": 0.15
        },
        "MS4_7": {
          "meanserv": 1.141664100364669,
          "stddevserv": 1.141664100364669,
          "rate": 0.875914377688307,
          "cv": 1.0,
          "lambda": 0.15
        },
        "MS4_8": {
          "meanserv": 0.7430655034075162,
          "stddevserv": 0.7430655034075162,
          "rate": 1.3457763755876773,
          "cv": 1.0,
          "lambda": 0.15
        },
        "MS4_9": {
          "meanserv": 1.2809111202695753,
          "stddevserv": 1.2809111202695753,
          "rate": 0.7806942918799425,
          "cv": 1.0,
          "lambda": 0.15
        }
      },
      "sensors": [
        "S4"
      ],
      "sources": [
        {
          "startTime": 0,
          "stopTime": -1,
          "lambda": 0.15
        }
      ]
    }
  },
  "microservice": {
    "MS1_1": "F7",
    "MS1_2": "F7",
    "MS1_3": "F8",
    "MS1_4": "F8",
    "MS1_5": "F9",
    "MS1_6": "F9",
    "MS1_7": "F6",
    "MS1_8": "F2",
    "MS1_9": "F2",
    "MS2_1": "F8",
    "MS2_2": "F7",
    "MS2_3": "F7",
    "MS2_4": "F10",
    "MS2_5": "F10",
    "MS2_6": "F1",
    "MS2_7": "F4",
    "MS2_8": "F5",
    "MS2_9": "F5",
    "MS3_1": "F4",
    "MS3_2": "F4",
    "MS3_3": "F9",
    "MS3_4": "F9",
    "MS3_5": "F9",
    "MS3_6": "F2",
    "MS3_7": "F7",
    "MS3_8": "F1",
    "MS3_9": "F1",
    "MS4_1": "F3",
    "MS4_2": "F3",
    "MS4_3": "F5",
    "MS4_4": "F10",
    "MS4_5": "F10",
    "MS4_6": "F10",
    "MS4_7": "F6",
    "MS4_8": "F6",
    "MS4_9": "F8"
  },
  "sensor": {
    "S1": "F7",
    "S2": "F8",
    "S3": "F4",
    "S4": "F3"
  },
  "fog": {
    "F1": {
      "rho": 0.5703278520497749,
      "capacity": 1.0,
      "tserv": 1.2673952267772777,
      "stddev": 2.0032067811270236,
      "mu": 0.7890198565310932,
      "cv": 1.5805699270469573,
      "lambda": 0.44999999999999996,
      "twait": 2.9424849190573164
    },
    "F2": {
      "rho": 0.5771378804381274,
      "capacity": 1.0,
      "tserv": 1.2825286231958388,
      "stddev": 1.7163046519595866,
      "mu": 0.7797096937362485,
      "cv": 1.338219374537508,
      "lambda": 0.44999999999999996,
      "twait": 2.4425947630222407
    },
    "F3": {
      "rho": 0.512873317935079,
      "capacity": 1.0,
      "tserv": 1.7095777264502632,
      "stddev": 1.861911555068655,
      "mu": 0.584939768767567,
      "cv": 1.0891061144875203,
      "lambda": 0.3,
      "twait": 1.9674668449453245
    },
    "F4": {
      "rho": 0.6086556036563695,
      "capacity": 1.0,
      "tserv": 1.3525680081252658,
      "stddev": 1.5040080747773898,
      "mu": 0.7393343580453714,
      "cv": 1.1119648444605963,
      "lambda": 0.44999999999999996,
      "twait": 2.352360535530841
    },
    "F5": {
      "rho": 0.5665342746679417,
      "capacity": 1.0,
      "tserv": 1.2589650548176483,
      "stddev": 1.4815973741693003,
      "mu": 0.7943032224550843,
      "cv": 1.1768375686836665,
      "lambda": 0.44999999999999996,
      "twait": 1.9621571042043926
    },
    "F6": {
      "rho": 0.581813226609483,
      "capacity": 1.0,
      "tserv": 1.2929182813544067,
      "stddev": 1.4886735473664254,
      "mu": 0.7734440872414938,
      "cv": 1.1514057530433817,
      "lambda": 0.44999999999999996,
      "twait": 2.091773445649236
    },
    "F7": {
      "rho": 0.667687737158662,
      "capacity": 1.0,
      "tserv": 0.8902503162115494,
      "stddev": 1.1907650552523361,
      "mu": 1.1232795785521192,
      "cv": 1.337562069418435,
      "lambda": 0.75,
      "twait": 2.494416347396703
    },
    "F8": {
      "rho": 0.6385405498403753,
      "capacity": 1.0,
      "tserv": 1.064234249733959,
      "stddev": 1.2818678077225385,
      "mu": 0.9396427527585994,
      "cv": 1.2044977955210372,
      "lambda": 0.6,
      "twait": 2.303809968357203
    },
    "F9": {
      "rho": 0.6626398099989425,
      "capacity": 1.0,
      "tserv": 0.8835197466652566,
      "stddev": 1.1342636109682482,
      "mu": 1.1318366157342659,
      "cv": 1.28380108678883,
      "lambda": 0.75,
      "twait": 2.297797513439222
    },
    "F10": {
      "rho": 0.6137897476452446,
      "capacity": 1.0,
      "tserv": 0.8183863301936595,
      "stddev": 1.186266236758332,
      "mu": 1.2219167929691155,
      "cv": 1.4495186356272827,
      "lambda": 0.75,
      "twait": 2.0166966282521126
    }
  },
  "extra": {
    "deltatime": 0.0391445,
    "obj_func": 35.11603780525687
  },
  "network": [
    [
      0.0,
      1.0146525140775553,
      0.9838842538895856,
      1.2731776647555277,
      1.0763474966918904,
      1.5564555455142906,
      1.1423511470772334,
      1.6327184818298375,
      0.9104008337336482,
      0.9104008337336482
    ],
    [
      1.0146525140775553,
      0.0,
      0.5798120554873393,
      0.9899001177996871,
      1.5701242997189773,
      1.3927481164659805,
      0.6626679709889228,
      0.9104008337336482,
      1.1387661372369315,
      1.1387661372369315
    ],
    [
      0.9838842538895856,
      0.5798120554873393,
      0.0,
      0.8534395274938107,
      0.8624590803815234,
      1.3784829520181576,
      1.6327184818298375,
      1.1387661372369315,
      1.3303050183061118,
      1.3303050183061118
    ],
    [
      1.2731776647555277,
      0.9899001177996871,
      0.8534395274938107,
      0.0,
      0.7908425515306319,
      1.1423511470772334,
      0.9104008337336482,
      1.3303050183061118,
      1.6085963619132317,
      1.6085963619132317
    ],
    [
      1.0763474966918904,
      1.5701242997189773,
      0.8624590803815234,
      0.7908425515306319,
      0.0,
      0.6626679709889228,
      1.1387661372369315,
      1.6085963619132317,
      1.071152125490682,
      1.071152125490682
    ],
    [
      1.5564555455142906,
      1.3927481164659805,
      1.3784829520181576,
      1.1423511470772334,
      0.6626679709889228,
      0.0,
      1.3303050183061118,
      1.071152125490682,
      0.8788402449104507,
      0.8788402449104507
    ],
    [
      1.1423511470772334,
      0.6626679709889228,
      1.6327184818298375,
      0.9104008337336482,
      1.1387661372369315,
      1.3303050183061118,
      0.0,
      0.8788402449104507,
      1.108107591762744,
      1.108107591762744
    ],
    [
      1.6327184818298375,
      0.9104008337336482,
      1.1387661372369315,
      1.3303050183061118,
      1.6085963619132317,
      1.071152125490682,
      0.8788402449104507,
      0.0,
      1.3475302234062148,
      1.3475302234062148
    ],
    [
      0.9104008337336482,
      1.1387661372369315,
      1.3303050183061118,
      1.6085963619132317,
      1.071152125490682,
      0.8788402449104507,
      1.108107591762744,
      1.3475302234062148,
      0.0,
      0.9005322853196063
    ],
    [
      0.9104008337336482,
      1.1387661372369315,
      1.3303050183061118,
      1.6085963619132317,
      1.071152125490682,
      0.8788402449104507,
      1.108107591762744,
      1.3475302234062148,
      0.9005322853196063,
      0.0
    ]
  ]
}