{
  "servicechain": {
    "SC1": {
      "resptime": 17.567292774076062,
      "resptime_old": 7.567292774076061,
      "waittime": 4.066025685370054,
      "servicetime": 10.0,
      "networktime": 3.501267088706007,
      "services": {
        "MS1_1": {
          "meanserv": 1.5497735891203612,
          "stddevserv": 1.5497735891203612,
          "rate": 0.6452555437904912,
          "cv": 1.0,
          "lambda": 0.075
        },
        "MS1_2": {
          "meanserv": 2.0914294245063942,
          "stddevserv": 2.0914294245063942,
          "rate": 0.4781418814722919,
          "cv": 1.0,
          "lambda": 0.075
        },
        "MS1_3": {
          "meanserv": 0.11968621685873426,
          "stddevserv": 0.11968621685873426,
          "rate": 8.355180957722983,
          "cv": 1.0,
          "lambda": 0.075
        },
        "MS1_4": {
          "meanserv": 2.8081383457614377,
          "stddevserv": 2.8081383457614377,
          "rate": 0.35610781125131713,
          "cv": 1.0,
          "lambda": 0.075
        },
        "MS1_5": {
          "meanserv": 3.4309724237530723,
          "stddevserv": 3.4309724237530723,
          "rate": 0.291462558275569,
          "cv": 1.0,
          "lambda": 0.075
        }
      },
      "sensors": [
        "S1"
      ],
      "sources": [
        {
          "startTime": 0,
          "stopTime": -1,
          "lambda": 0.075
        }
      ]
    },
    "SC2": {
      "resptime": 20.61478199373797,
      "resptime_old": 10.614781993737969,
      "waittime": 8.552166862099964,
      "servicetime": 10.0,
      "networktime": 2.062615131638005,
      "services": {
        "MS2_1": {
          "meanserv": 0.06628024574616087,
          "stddevserv": 0.06628024574616087,
          "rate": 15.087451604053877,
          "cv": 1.0,
          "lambda": 0.075
        },
        "MS2_2": {
          "meanserv": 4.059636049628774,
          "stddevserv": 4.059636049628774,
          "rate": 0.24632750024264938,
          "cv": 1.0,
          "lambda": 0.075
        },
        "MS2_3": {
          "meanserv": 2.2383487421660684,
          "stddevserv": 2.2383487421660684,
          "rate": 0.4467579073635737,
          "cv": 1.0,
          "lambda": 0.075
        },
        "MS2_4": {
          "meanserv": 2.4267011942547922,
          "stddevserv": 2.4267011942547922,
          "rate": 0.4120820488189881,
          "cv": 1.0,
          "lambda": 0.075
        },
        "MS2_5": {
          "meanserv": 1.209033768204204,
          "stddevserv": 1.209033768204204,
          "rate": 0.827106757725481,
          "cv": 1.0,
          "lambda": 0.075
        }
      },
      "sensors": [
        "S2"
      ],
      "sources": [
        {
          "startTime": 0,
          "stopTime": -1,
          "lambda": 0.075
        }
      ]
    },
    "SC3": {
      "resptime": 20.454683192855022,
      "resptime_old": 10.454683192855024,
      "waittime": 6.543912260652468,
      "servicetime": 10.0,
      "networktime": 3.910770932202554,
      "services": {
        "MS3_1": {
          "meanserv": 6.128244385834667,
          "stddevserv": 6.128244385834667,
          "rate": 0.16317887098489137,
          "cv": 1.0,
          "lambda": 0.075
        },
        "MS3_2": {
          "meanserv": 1.1672134624286112,
          "stddevserv": 1.1672134624286112,
          "rate": 0.8567413178385627,
          "cv": 1.0,
          "lambda": 0.075
        },
        "MS3_3": {
          "meanserv": 0.6165298711273808,
          "stddevserv": 0.6165298711273808,
          "rate": 1.6219814267415937,
          "cv": 1.0,
          "lambda": 0.075
        },
        "MS3_4": {
          "meanserv": 1.802221377567161,
          "stddevserv": 1.802221377567161,
          "rate": 0.5548707902632424,
          "cv": 1.0,
          "lambda": 0.075
        },
        "MS3_5": {
          "meanserv": 0.28579090304218013,
          "stddevserv": 0.28579090304218013,
          "rate": 3.4990616893512847,
          "cv": 1.0,
          "lambda": 0.075
        }
      },
      "sensors": [
        "S3"
      ],
      "sources": [
        {
          "startTime": 0,
          "stopTime": -1,
          "lambda": 0.075
        }
      ]
    },
    "SC4": {
      "resptime": 18.75891049299143,
      "resptime_old": 8.75891049299143,
      "waittime": 5.563136946491962,
      "servicetime": 10.0,
      "networktime": 3.195773546499468,
      "services": {
        "MS4_1": {
          "meanserv": 0.9202310392437774,
          "stddevserv": 0.9202310392437774,
          "rate": 1.086683623301573,
          "cv": 1.0,
          "lambda": 0.075
        },
        "MS4_2": {
          "meanserv": 0.8628496961343146,
          "stddevserv": 0.8628496961343146,
          "rate": 1.1589503994497972,
          "cv": 1.0,
          "lambda": 0.075
        },
        "MS4_3": {
          "meanserv": 4.711678839904029,
          "stddevserv": 4.711678839904029,
          "rate": 0.21223857439747926,
          "cv": 1.0,
          "lambda": 0.075
        },
        "MS4_4": {
          "meanserv": 3.4474823901694904,
          "stddevserv": 3.4474823901694904,
          "rate": 0.29006674634553725,
          "cv": 1.0,
          "lambda": 0.075
        },
        "MS4_5": {
          "meanserv": 0.05775803454838879,
          "stddevserv": 0.05775803454838879,
          "rate": 17.31360853635377,
          "cv": 1.0,
          "lambda": 0.075
        }
      },
      "sensors": [
        "S4"
      ],
      "sources": [
        {
          "startTime": 0,
          "stopTime": -1,
          "lambda": 0.075
        }
      ]
    }
  },
  "microservice": {
    "MS1_1": "F8",
    "MS1_2": "F8",
    "MS1_3": "F8",
    "MS1_4": "F6",
    "MS1_5": "F4",
    "MS2_1": "F3",
    "MS2_2": "F3",
    "MS2_3": "F7",
    "MS2_4": "F7",
    "MS2_5": "F7",
    "MS3_1": "F1",
    "MS3_2": "F10",
    "MS3_3": "F9",
    "MS3_4": "F9",
    "MS3_5": "F9",
    "MS4_1": "F10",
    "MS4_2": "F10",
    "MS4_3": "F2",
    "MS4_4": "F5",
    "MS4_5": "F5"
  },
  "sensor": {
    "S1": "F8",
    "S2": "F3",
    "S3": "F1",
    "S4": "F10"
  },
  "fog": {
    "F1": {
      "rho": 0.4596183289376,
      "capacity": 1.0,
      "tserv": 6.128244385834667,
      "stddev": 6.128244385834667,
      "mu": 0.16317887098489137,
      "cv": 1.0,
      "lambda": 0.075,
      "twait": 5.212340822739172
    },
    "F2": {
      "rho": 0.35337591299280213,
      "capacity": 1.0,
      "tserv": 4.711678839904029,
      "stddev": 4.711678839904029,
      "mu": 0.21223857439747926,
      "cv": 1.0,
      "lambda": 0.075,
      "twait": 2.574902242640119
    },
    "F3": {
      "rho": 0.30944372215312016,
      "capacity": 1.0,
      "tserv": 2.0629581476874677,
      "stddev": 3.497033257964754,
      "mu": 0.48474080830043925,
      "cv": 1.6951547281193533,
      "lambda": 0.15,
      "twait": 1.790408521571321
    },
    "F4": {
      "rho": 0.2573229317814804,
      "capacity": 1.0,
      "tserv": 3.4309724237530723,
      "stddev": 3.4309724237530723,
      "mu": 0.291462558275569,
      "cv": 1.0,
      "lambda": 0.075,
      "twait": 1.188764162409528
    },
    "F5": {
      "rho": 0.26289303185384094,
      "capacity": 1.0,
      "tserv": 1.7526202123589396,
      "stddev": 2.9693085411109674,
      "mu": 0.5705742709962529,
      "cv": 1.6942110562073376,
      "lambda": 0.15,
      "twait": 1.2096416803978343
    },
    "F6": {
      "rho": 0.21061037593210782,
      "capacity": 1.0,
      "tserv": 2.8081383457614377,
      "stddev": 2.808138345761438,
      "mu": 0.35610781125131713,
      "cv": 1.0000000000000002,
      "lambda": 0.075,
      "twait": 0.7492156656714783
    },
    "F7": {
      "rho": 0.4405562778468798,
      "capacity": 1.0,
      "tserv": 1.9580279015416884,
      "stddev": 2.0992120006625488,
      "mu": 0.5107179520846624,
      "cv": 1.0721052539699238,
      "lambda": 0.22499999999999998,
      "twait": 1.6571166063191074
    },
    "F8": {
      "rho": 0.2820666922864117,
      "capacity": 1.0,
      "tserv": 1.2536297434951633,
      "stddev": 1.7190731427271089,
      "mu": 0.79768369025129,
      "cv": 1.3712766083024428,
      "lambda": 0.22499999999999998,
      "twait": 0.7093486190963493
    },
    "F9": {
      "rho": 0.20284066138025414,
      "capacity": 1.0,
      "tserv": 0.9015140505789073,
      "stddev": 1.288589937600348,
      "mu": 1.1092450520963593,
      "cv": 1.4293620124643425,
      "lambda": 0.22499999999999998,
      "twait": 0.3490319221284031
    },
    "F10": {
      "rho": 0.22127206483550277,
      "capacity": 1.0,
      "tserv": 0.9834313992689012,
      "stddev": 1.0010048468012414,
      "mu": 1.0168477442792818,
      "cv": 1.0178695204824704,
      "lambda": 0.22499999999999998,
      "twait": 0.2844756715280872
    }
  },
  "extra": {
    "deltatime": 0.0145862,
    "obj_func": 19.34891711341512
  },
  "network": [
    [
      0.0,
      2.1136938493786985,
      2.79974412761249,
      1.4083906725494546,
      2.3645768469509525,
      1.5084750042213875,
      1.760816401763637,
      2.062615131638005,
      1.8917842623277736,
      1.8917842623277736
    ],
    [
      2.1136938493786985,
      0.0,
      2.3419191128388523,
      2.266468543283055,
      1.2365540207713794,
      2.063896103943132,
      2.2810135294666347,
      1.8917842623277736,
      1.9592195257280884,
      1.9592195257280884
    ],
    [
      2.79974412761249,
      2.3419191128388523,
      0.0,
      1.6847234935940458,
      1.7046404315551755,
      2.4529795583628156,
      2.062615131638005,
      1.9592195257280884,
      1.8520961628809112,
      1.8520961628809112
    ],
    [
      1.4083906725494546,
      2.266468543283055,
      1.6847234935940458,
      0.0,
      1.9470160749590932,
      1.760816401763637,
      1.8917842623277736,
      1.8520961628809112,
      2.072891803391073,
      2.072891803391073
    ],
    [
      2.3645768469509525,
      1.2365540207713794,
      1.7046404315551755,
      1.9470160749590932,
      0.0,
      2.2810135294666347,
      1.9592195257280884,
      2.072891803391073,
      1.74045068694237,
      1.74045068694237
    ],
    [
      1.5084750042213875,
      2.063896103943132,
      2.4529795583628156,
      1.760816401763637,
      2.2810135294666347,
      0.0,
      1.8520961628809112,
      1.74045068694237,
      1.7643510706719847,
      1.7643510706719847
    ],
    [
      1.760816401763637,
      2.2810135294666347,
      2.062615131638005,
      1.8917842623277736,
      1.9592195257280884,
      1.8520961628809112,
      0.0,
      1.7643510706719847,
      2.409315167688357,
      2.409315167688357
    ],
    [
      2.062615131638005,
      1.8917842623277736,
      1.9592195257280884,
      1.8520961628809112,
      2.072891803391073,
      1.74045068694237,
      1.7643510706719847,
      0.0,
      2.2141092101244575,
      2.2141092101244575
    ],
    [
      1.8917842623277736,
      1.9592195257280884,
      1.8520961628809112,
      2.072891803391073,
      1.74045068694237,
      1.7643510706719847,
      2.409315167688357,
      2.2141092101244575,
      0.0,
      2.0189866698747805
    ],
    [
      1.8917842623277736,
      1.9592195257280884,
      1.8520961628809112,
      2.072891803391073,
      1.74045068694237,
      1.7643510706719847,
      2.409315167688357,
      2.2141092101244575,
      2.0189866698747805,
      0.0
    ]
  ]
}