{
  "servicechain": {
    "SC1": {
      "resptime": 25.850902313381333,
      "resptime_old": 15.850902313381333,
      "waittime": 10.955042674448691,
      "servicetime": 10.0,
      "networktime": 4.895859638932642,
      "services": {
        "MS1_1": {
          "meanserv": 1.1525782695490683,
          "stddevserv": 1.1525782695490683,
          "rate": 0.8676200362438183,
          "cv": 1.0,
          "lambda": 0.15
        },
        "MS1_2": {
          "meanserv": 2.152159235861686,
          "stddevserv": 2.152159235861686,
          "rate": 0.46464963341786275,
          "cv": 1.0,
          "lambda": 0.15
        },
        "MS1_3": {
          "meanserv": 1.9646975256670949,
          "stddevserv": 1.9646975256670949,
          "rate": 0.5089842008430582,
          "cv": 1.0,
          "lambda": 0.15
        },
        "MS1_4": {
          "meanserv": 0.8493391122979697,
          "stddevserv": 0.8493391122979697,
          "rate": 1.1773860234628812,
          "cv": 1.0,
          "lambda": 0.15
        },
        "MS1_5": {
          "meanserv": 0.5596358160102559,
          "stddevserv": 0.5596358160102559,
          "rate": 1.7868763424206466,
          "cv": 1.0,
          "lambda": 0.15
        },
        "MS1_6": {
          "meanserv": 3.321590040613925,
          "stddevserv": 3.321590040613925,
          "rate": 0.30106063294167734,
          "cv": 1.0,
          "lambda": 0.15
        }
      },
      "sensors": [
        "S1"
      ],
      "sources": [
        {
          "startTime": 0,
          "stopTime": -1,
          "lambda": 0.15
        }
      ]
    },
    "SC2": {
      "resptime": 35.15221443856238,
      "resptime_old": 25.15221443856238,
      "waittime": 19.952197861861336,
      "servicetime": 10.0,
      "networktime": 5.200016576701046,
      "services": {
        "MS2_1": {
          "meanserv": 0.8647964667686059,
          "stddevserv": 0.8647964667686059,
          "rate": 1.1563414496090565,
          "cv": 1.0,
          "lambda": 0.15
        },
        "MS2_2": {
          "meanserv": 1.2414479236802303,
          "stddevserv": 1.2414479236802303,
          "rate": 0.8055110334677059,
          "cv": 1.0,
          "lambda": 0.15
        },
        "MS2_3": {
          "meanserv": 3.935412307178318,
          "stddevserv": 3.935412307178318,
          "rate": 0.25410298132573506,
          "cv": 1.0,
          "lambda": 0.15
        },
        "MS2_4": {
          "meanserv": 0.3173827208294453,
          "stddevserv": 0.3173827208294453,
          "rate": 3.1507701408148767,
          "cv": 1.0,
          "lambda": 0.15
        },
        "MS2_5": {
          "meanserv": 2.8888015549078405,
          "stddevserv": 2.8888015549078405,
          "rate": 0.34616431104486245,
          "cv": 1.0,
          "lambda": 0.15
        },
        "MS2_6": {
          "meanserv": 0.7521590266355602,
          "stddevserv": 0.7521590266355602,
          "rate": 1.3295060812778425,
          "cv": 1.0,
          "lambda": 0.15
        }
      },
      "sensors": [
        "S2"
      ],
      "sources": [
        {
          "startTime": 0,
          "stopTime": -1,
          "lambda": 0.15
        }
      ]
    },
    "SC3": {
      "resptime": 28.629415307911366,
      "resptime_old": 18.629415307911366,
      "waittime": 15.82591557963407,
      "servicetime": 10.0,
      "networktime": 2.803499728277296,
      "services": {
        "MS3_1": {
          "meanserv": 2.8192802752680945,
          "stddevserv": 2.8192802752680945,
          "rate": 0.35470045627333263,
          "cv": 1.0,
          "lambda": 0.15
        },
        "MS3_2": {
          "meanserv": 3.098757789285428,
          "stddevserv": 3.098757789285428,
          "rate": 0.32270995928036034,
          "cv": 1.0,
          "lambda": 0.15
        },
        "MS3_3": {
          "meanserv": 0.8440504744509347,
          "stddevserv": 0.8440504744509347,
          "rate": 1.1847632698157209,
          "cv": 1.0,
          "lambda": 0.15
        },
        "MS3_4": {
          "meanserv": 0.7763741621677385,
          "stddevserv": 0.7763741621677385,
          "rate": 1.2880387430821614,
          "cv": 1.0,
          "lambda": 0.15
        },
        "MS3_5": {
          "meanserv": 0.504711510885044,
          "stddevserv": 0.504711510885044,
          "rate": 1.9813298853565593,
          "cv": 1.0,
          "lambda": 0.15
        },
        "MS3_6": {
          "meanserv": 1.9568257879427602,
          "stddevserv": 1.9568257879427602,
          "rate": 0.5110316953924215,
          "cv": 1.0,
          "lambda": 0.15
        }
      },
      "sensors": [
        "S3"
      ],
      "sources": [
        {
          "startTime": 0,
          "stopTime": -1,
          "lambda": 0.15
        }
      ]
    },
    "SC4": {
      "resptime": 101.75832880893743,
      "resptime_old": 91.75832880893743,
      "waittime": 86.55508534457171,
      "servicetime": 10.0,
      "networktime": 5.203243464365732,
      "services": {
        "MS4_1": {
          "meanserv": 0.10174403240755803,
          "stddevserv": 0.10174403240755803,
          "rate": 9.828586270242178,
          "cv": 1.0,
          "lambda": 0.15
        },
        "MS4_2": {
          "meanserv": 1.7107305045026355,
          "stddevserv": 1.7107305045026355,
          "rate": 0.5845456063173038,
          "cv": 1.0,
          "lambda": 0.15
        },
        "MS4_3": {
          "meanserv": 0.4497639098042483,
          "stddevserv": 0.4497639098042483,
          "rate": 2.223388711724852,
          "cv": 1.0,
          "lambda": 0.15
        },
        "MS4_4": {
          "meanserv": 6.191119518939782,
          "stddevserv": 6.191119518939782,
          "rate": 0.16152167583598,
          "cv": 1.0,
          "lambda": 0.15
        },
        "MS4_5": {
          "meanserv": 0.5810346049029675,
          "stddevserv": 0.5810346049029675,
          "rate": 1.721067887457408,
          "cv": 1.0,
          "lambda": 0.15
        },
        "MS4_6": {
          "meanserv": 0.9656074294428088,
          "stddevserv": 0.9656074294428088,
          "rate": 1.0356175496464821,
          "cv": 1.0,
          "lambda": 0.15
        }
      },
      "sensors": [
        "S4"
      ],
      "sources": [
        {
          "startTime": 0,
          "stopTime": -1,
          "lambda": 0.15
        }
      ]
    }
  },
  "microservice": {
    "MS1_1": "F6",
    "MS1_2": "F6",
    "MS1_3": "F5",
    "MS1_4": "F8",
    "MS1_5": "F8",
    "MS1_6": "F2",
    "MS2_1": "F10",
    "MS2_2": "F7",
    "MS2_3": "F9",
    "MS2_4": "F8",
    "MS2_5": "F4",
    "MS2_6": "F4",
    "MS3_1": "F7",
    "MS3_2": "F10",
    "MS3_3": "F1",
    "MS3_4": "F1",
    "MS3_5": "F1",
    "MS3_6": "F1",
    "MS4_1": "F8",
    "MS4_2": "F5",
    "MS4_3": "F8",
    "MS4_4": "F3",
    "MS4_5": "F8",
    "MS4_6": "F8"
  },
  "sensor": {
    "S1": "F6",
    "S2": "F10",
    "S3": "F7",
    "S4": "F8"
  },
  "fog": {
    "F1": {
      "rho": 0.6122942903169716,
      "capacity": 1.0,
      "tserv": 1.0204904838616193,
      "stddev": 1.2876873186794864,
      "mu": 0.9799209456769439,
      "cv": 1.2618317750566104,
      "lambda": 0.6,
      "twait": 2.0888571338403406
    },
    "F2": {
      "rho": 0.49823850609208875,
      "capacity": 1.0,
      "tserv": 3.321590040613925,
      "stddev": 3.321590040613925,
      "mu": 0.30106063294167734,
      "cv": 1.0,
      "lambda": 0.15,
      "twait": 3.2982683601256495
    },
    "F3": {
      "rho": 0.9286679278409673,
      "capacity": 1.0,
      "tserv": 6.191119518939782,
      "stddev": 6.191119518939782,
      "mu": 0.16152167583598,
      "cv": 1.0,
      "lambda": 0.15,
      "twait": 80.60181010655698
    },
    "F4": {
      "rho": 0.5461440872315101,
      "capacity": 1.0,
      "tserv": 1.8204802907717004,
      "stddev": 2.3657491701148485,
      "mu": 0.5493055898869966,
      "cv": 1.2995192434146097,
      "lambda": 0.3,
      "twait": 2.9450704643125585
    },
    "F5": {
      "rho": 0.5513142045254595,
      "capacity": 1.0,
      "tserv": 1.8377140150848652,
      "stddev": 1.8464675532375083,
      "mu": 0.5441543089901397,
      "cv": 1.0047632755046703,
      "lambda": 0.3,
      "twait": 2.2688377796383805
    },
    "F6": {
      "rho": 0.4957106258116131,
      "capacity": 1.0,
      "tserv": 1.6523687527053772,
      "stddev": 1.7971932419816063,
      "mu": 0.6051917880695383,
      "cv": 1.0876465916213387,
      "lambda": 0.3,
      "twait": 1.7728589027482433
    },
    "F7": {
      "rho": 0.6091092298422487,
      "capacity": 1.0,
      "tserv": 2.0303640994741623,
      "stddev": 2.31671229143633,
      "mu": 0.4925224989246938,
      "cv": 1.1410329270677748,
      "lambda": 0.3,
      "twait": 3.6415035639864373
    },
    "F8": {
      "rho": 0.573676143854288,
      "capacity": 1.0,
      "tserv": 0.546358232242179,
      "stddev": 0.6704292218995069,
      "mu": 1.830300965533433,
      "cv": 1.2270872521644958,
      "lambda": 1.05,
      "twait": 0.9211093645940875
    },
    "F9": {
      "rho": 0.5903118460767478,
      "capacity": 1.0,
      "tserv": 3.9354123071783182,
      "stddev": 3.9354123071783174,
      "mu": 0.254102981325735,
      "cv": 0.9999999999999998,
      "lambda": 0.15,
      "twait": 5.670460524369425
    },
    "F10": {
      "rho": 0.594533138408105,
      "capacity": 1.0,
      "tserv": 1.9817771280270169,
      "stddev": 2.534310987314218,
      "mu": 0.5045976088116239,
      "cv": 1.27880726418378,
      "lambda": 0.3,
      "twait": 3.8289834802862712
    }
  },
  "extra": {
    "conv_gen": 49,
    "max_gen": 600,
    "population": 600,
    "deltatime": 42.9121917,
    "obj_func": 47.84771521719813
  },
  "network": [
    [
      0.0,
      0.9106164823519739,
      1.426188190861587,
      2.036922740687353,
      1.707003152013963,
      2.318789415842447,
      1.9685536288023902,
      1.7773259171202003,
      1.8718220796683118,
      1.8718220796683118
    ],
    [
      0.9106164823519739,
      0.0,
      1.7565259868774783,
      1.6612174062794562,
      1.9967484709131882,
      1.6250065381013463,
      1.6679863123406773,
      1.8718220796683118,
      1.2455704852592135,
      1.2455704852592135
    ],
    [
      1.426188190861587,
      1.7565259868774783,
      0.0,
      1.3736445008677796,
      1.3825474139088885,
      1.1624501003815202,
      1.7773259171202003,
      1.2455704852592135,
      1.7931076402915216,
      1.7931076402915216
    ],
    [
      2.036922740687353,
      1.6612174062794562,
      1.3736445008677796,
      0.0,
      1.3626478388332857,
      1.9685536288023902,
      1.8718220796683118,
      1.7931076402915216,
      1.3560512469236528,
      1.3560512469236528
    ],
    [
      1.707003152013963,
      1.9967484709131882,
      1.3825474139088885,
      1.3626478388332857,
      0.0,
      1.6679863123406773,
      1.2455704852592135,
      1.3560512469236528,
      1.9709492610175738,
      1.9709492610175738
    ],
    [
      2.318789415842447,
      1.6250065381013463,
      1.1624501003815202,
      1.9685536288023902,
      1.6679863123406773,
      0.0,
      1.7931076402915216,
      1.9709492610175738,
      1.8730628211348865,
      1.8730628211348865
    ],
    [
      1.9685536288023902,
      1.6679863123406773,
      1.7773259171202003,
      1.8718220796683118,
      1.2455704852592135,
      1.7931076402915216,
      0.0,
      1.8730628211348865,
      0.9316776486089845,
      0.9316776486089845
    ],
    [
      1.7773259171202003,
      1.8718220796683118,
      1.2455704852592135,
      1.7931076402915216,
      1.3560512469236528,
      1.9709492610175738,
      1.8730628211348865,
      0.0,
      1.5435536391915554,
      1.5435536391915554
    ],
    [
      1.8718220796683118,
      1.2455704852592135,
      1.7931076402915216,
      1.3560512469236528,
      1.9709492610175738,
      1.8730628211348865,
      0.9316776486089845,
      1.5435536391915554,
      0.0,
      2.210356782176769
    ],
    [
      1.8718220796683118,
      1.2455704852592135,
      1.7931076402915216,
      1.3560512469236528,
      1.9709492610175738,
      1.8730628211348865,
      0.9316776486089845,
      1.5435536391915554,
      2.210356782176769,
      0.0
    ]
  ]
}