{
  "servicechain": {
    "SC1": {
      "resptime": 51.50059291932903,
      "resptime_old": 41.50059291932903,
      "waittime": 33.207910973703775,
      "servicetime": 10.0,
      "networktime": 8.292681945625255,
      "services": {
        "MS1_1": {
          "meanserv": 2.50021524776158,
          "stddevserv": 2.50021524776158,
          "rate": 0.3999655633231142,
          "cv": 1.0,
          "lambda": 0.2
        },
        "MS1_2": {
          "meanserv": 3.658853481984596,
          "stddevserv": 3.658853481984596,
          "rate": 0.2733096596854135,
          "cv": 1.0,
          "lambda": 0.2
        },
        "MS1_3": {
          "meanserv": 0.827038546482143,
          "stddevserv": 0.827038546482143,
          "rate": 1.209133485075827,
          "cv": 1.0,
          "lambda": 0.2
        },
        "MS1_4": {
          "meanserv": 1.2738404371695662,
          "stddevserv": 1.2738404371695662,
          "rate": 0.7850276775810077,
          "cv": 1.0,
          "lambda": 0.2
        },
        "MS1_5": {
          "meanserv": 1.7400522866021149,
          "stddevserv": 1.7400522866021149,
          "rate": 0.5746953742135812,
          "cv": 1.0,
          "lambda": 0.2
        }
      },
      "sensors": [
        "S1"
      ],
      "sources": [
        {
          "startTime": 0,
          "stopTime": -1,
          "lambda": 0.2
        }
      ]
    },
    "SC2": {
      "resptime": 101.00702855681641,
      "resptime_old": 91.00702855681641,
      "waittime": 86.5332999895989,
      "servicetime": 10.0,
      "networktime": 4.4737285672175044,
      "services": {
        "MS2_1": {
          "meanserv": 4.68585428554738,
          "stddevserv": 4.68585428554738,
          "rate": 0.21340825793160242,
          "cv": 1.0,
          "lambda": 0.2
        },
        "MS2_2": {
          "meanserv": 2.752501899184761,
          "stddevserv": 2.752501899184761,
          "rate": 0.3633058347012153,
          "cv": 1.0,
          "lambda": 0.2
        },
        "MS2_3": {
          "meanserv": 0.5310567326741662,
          "stddevserv": 0.5310567326741662,
          "rate": 1.883037985347523,
          "cv": 1.0,
          "lambda": 0.2
        },
        "MS2_4": {
          "meanserv": 0.672605204847935,
          "stddevserv": 0.672605204847935,
          "rate": 1.4867562617599483,
          "cv": 1.0,
          "lambda": 0.2
        },
        "MS2_5": {
          "meanserv": 1.3579818777457575,
          "stddevserv": 1.3579818777457575,
          "rate": 0.7363868519806719,
          "cv": 1.0,
          "lambda": 0.2
        }
      },
      "sensors": [
        "S2"
      ],
      "sources": [
        {
          "startTime": 0,
          "stopTime": -1,
          "lambda": 0.2
        }
      ]
    },
    "SC3": {
      "resptime": 117.5452658225151,
      "resptime_old": 107.54526582251512,
      "waittime": 101.55875478448331,
      "servicetime": 10.0,
      "networktime": 5.986511038031797,
      "services": {
        "MS3_1": {
          "meanserv": 2.4215872325652397,
          "stddevserv": 2.4215872325652397,
          "rate": 0.4129522928400471,
          "cv": 1.0,
          "lambda": 0.2
        },
        "MS3_2": {
          "meanserv": 4.724515075672739,
          "stddevserv": 4.724515075672739,
          "rate": 0.21166193439600925,
          "cv": 1.0,
          "lambda": 0.2
        },
        "MS3_3": {
          "meanserv": 1.5847124601612856,
          "stddevserv": 1.5847124601612856,
          "rate": 0.6310293035105081,
          "cv": 1.0,
          "lambda": 0.2
        },
        "MS3_4": {
          "meanserv": 0.00960165220097231,
          "stddevserv": 0.00960165220097231,
          "rate": 104.14874222362846,
          "cv": 1.0,
          "lambda": 0.2
        },
        "MS3_5": {
          "meanserv": 1.259583579399763,
          "stddevserv": 1.259583579399763,
          "rate": 0.7939131760327776,
          "cv": 1.0,
          "lambda": 0.2
        }
      },
      "sensors": [
        "S3"
      ],
      "sources": [
        {
          "startTime": 0,
          "stopTime": -1,
          "lambda": 0.2
        }
      ]
    },
    "SC4": {
      "resptime": 68.29284603625588,
      "resptime_old": 58.292846036255874,
      "waittime": 52.17190955298622,
      "servicetime": 10.0,
      "networktime": 6.120936483269656,
      "services": {
        "MS4_1": {
          "meanserv": 1.332293364992344,
          "stddevserv": 1.332293364992344,
          "rate": 0.7505854388201854,
          "cv": 1.0,
          "lambda": 0.2
        },
        "MS4_2": {
          "meanserv": 4.372591851427665,
          "stddevserv": 4.372591851427665,
          "rate": 0.22869731133801038,
          "cv": 1.0,
          "lambda": 0.2
        },
        "MS4_3": {
          "meanserv": 0.48605104325596127,
          "stddevserv": 0.48605104325596127,
          "rate": 2.057397085913436,
          "cv": 1.0,
          "lambda": 0.2
        },
        "MS4_4": {
          "meanserv": 1.603654841640079,
          "stddevserv": 1.603654841640079,
          "rate": 0.6235755812499445,
          "cv": 1.0,
          "lambda": 0.2
        },
        "MS4_5": {
          "meanserv": 2.2054088986839506,
          "stddevserv": 2.2054088986839506,
          "rate": 0.45343065433205476,
          "cv": 1.0,
          "lambda": 0.2
        }
      },
      "sensors": [
        "S4"
      ],
      "sources": [
        {
          "startTime": 0,
          "stopTime": -1,
          "lambda": 0.2
        }
      ]
    }
  },
  "microservice": {
    "MS1_1": "F7",
    "MS1_2": "F10",
    "MS1_3": "F4",
    "MS1_4": "F3",
    "MS1_5": "F9",
    "MS2_1": "F5",
    "MS2_2": "F4",
    "MS2_3": "F3",
    "MS2_4": "F3",
    "MS2_5": "F3",
    "MS3_1": "F8",
    "MS3_2": "F2",
    "MS3_3": "F6",
    "MS3_4": "F6",
    "MS3_5": "F7",
    "MS4_1": "F8",
    "MS4_2": "F1",
    "MS4_3": "F6",
    "MS4_4": "F6",
    "MS4_5": "F9"
  },
  "sensor": {
    "S1": "F7",
    "S2": "F5",
    "S3": "F8",
    "S4": "F8"
  },
  "fog": {
    "F1": {
      "rho": 0.8745183702855331,
      "capacity": 1.0,
      "tserv": 4.372591851427665,
      "stddev": 4.372591851427665,
      "mu": 0.22869731133801038,
      "cv": 1.0,
      "lambda": 0.2,
      "twait": 30.473878196638232
    },
    "F2": {
      "rho": 0.9449030151345479,
      "capacity": 1.0,
      "tserv": 4.724515075672739,
      "stddev": 4.724515075672739,
      "mu": 0.21166193439600925,
      "cv": 1.0,
      "lambda": 0.2,
      "twait": 81.02455244971172
    },
    "F3": {
      "rho": 0.7670968504874852,
      "capacity": 1.0,
      "tserv": 0.9588710631093563,
      "stddev": 1.0868154910619383,
      "mu": 1.0428930838284698,
      "cv": 1.1334323590261377,
      "lambda": 0.8,
      "twait": 3.6076826469326844
    },
    "F4": {
      "rho": 0.715908089133381,
      "capacity": 1.0,
      "tserv": 1.7897702228334522,
      "stddev": 2.2487734460904916,
      "mu": 0.5587309405655786,
      "cv": 1.256459302653038,
      "lambda": 0.4,
      "twait": 5.815202155658137
    },
    "F5": {
      "rho": 0.9371708571094762,
      "capacity": 1.0,
      "tserv": 4.68585428554738,
      "stddev": 4.68585428554738,
      "mu": 0.21340825793160242,
      "cv": 1.0,
      "lambda": 0.2,
      "twait": 69.8950498931427
    },
    "F6": {
      "rho": 0.7368039994516598,
      "capacity": 1.0,
      "tserv": 0.9210049993145747,
      "stddev": 1.3458937222820417,
      "mu": 1.0857704363648564,
      "cv": 1.4613316141428934,
      "lambda": 0.8,
      "twait": 4.042128474444133
    },
    "F7": {
      "rho": 0.7519597654322687,
      "capacity": 1.0,
      "tserv": 1.8798994135806717,
      "stddev": 2.0745132618163864,
      "mu": 0.5319433544028217,
      "cv": 1.1035235432437478,
      "lambda": 0.4,
      "twait": 6.319641724490332
    },
    "F8": {
      "rho": 0.7507761195115168,
      "capacity": 1.0,
      "tserv": 1.876940298778792,
      "stddev": 2.028838448508352,
      "mu": 0.5327819966626737,
      "cv": 1.0809285995022808,
      "lambda": 0.4,
      "twait": 6.130303661392998
    },
    "F9": {
      "rho": 0.7890922370572131,
      "capacity": 1.0,
      "tserv": 1.9727305926430327,
      "stddev": 1.9999860947901293,
      "mu": 0.5069115893114509,
      "cv": 1.0138161299108663,
      "lambda": 0.4,
      "twait": 7.483470746066721
    },
    "F10": {
      "rho": 0.7317706963969193,
      "capacity": 1.0,
      "tserv": 3.6588534819845964,
      "stddev": 3.6588534819845955,
      "mu": 0.27330965968541343,
      "cv": 0.9999999999999998,
      "lambda": 0.2,
      "twait": 9.981913700555902
    }
  },
  "extra": {
    "conv_gen": 232,
    "max_gen": 600,
    "population": 600,
    "deltatime": 37.4006332,
    "obj_func": 84.5864333337291
  },
  "network": [
    [
      0.0,
      1.5364578316054622,
      2.070359556445346,
      1.568035391574344,
      1.6964143831556502,
      2.720491777414709,
      1.5659807370792116,
      0.9405749244962965,
      2.4122842414247256,
      2.4122842414247256
    ],
    [
      1.5364578316054622,
      0.0,
      1.7238099966784013,
      2.1635599588859766,
      2.517048371073034,
      1.630145946243187,
      1.9851707514477186,
      2.4122842414247256,
      1.66407276428606,
      1.66407276428606
    ],
    [
      2.070359556445346,
      1.7238099966784013,
      0.0,
      2.531507878552163,
      2.2580341074681445,
      1.881383756905386,
      0.9405749244962965,
      1.66407276428606,
      1.9440808503638847,
      1.9440808503638847
    ],
    [
      1.568035391574344,
      2.1635599588859766,
      2.531507878552163,
      0.0,
      1.9422206886653417,
      1.5659807370792116,
      2.4122842414247256,
      1.9440808503638847,
      2.2795480997372297,
      2.2795480997372297
    ],
    [
      1.6964143831556502,
      2.517048371073034,
      2.2580341074681445,
      1.9422206886653417,
      0.0,
      1.9851707514477186,
      1.66407276428606,
      2.2795480997372297,
      1.783833650161673,
      1.783833650161673
    ],
    [
      2.720491777414709,
      1.630145946243187,
      1.881383756905386,
      1.5659807370792116,
      1.9851707514477186,
      0.0,
      1.9440808503638847,
      1.783833650161673,
      2.45986978135865,
      2.45986978135865
    ],
    [
      1.5659807370792116,
      1.9851707514477186,
      0.9405749244962965,
      2.4122842414247256,
      1.66407276428606,
      1.9440808503638847,
      0.0,
      2.45986978135865,
      1.5375451169719763,
      1.5375451169719763
    ],
    [
      0.9405749244962965,
      2.4122842414247256,
      1.66407276428606,
      1.9440808503638847,
      2.2795480997372297,
      1.783833650161673,
      2.45986978135865,
      0.0,
      2.5605396691446285,
      2.5605396691446285
    ],
    [
      2.4122842414247256,
      1.66407276428606,
      1.9440808503638847,
      2.2795480997372297,
      1.783833650161673,
      2.45986978135865,
      1.5375451169719763,
      2.5605396691446285,
      0.0,
      2.0830944026072595
    ],
    [
      2.4122842414247256,
      1.66407276428606,
      1.9440808503638847,
      2.2795480997372297,
      1.783833650161673,
      2.45986978135865,
      1.5375451169719763,
      2.5605396691446285,
      2.0830944026072595,
      0.0
    ]
  ]
}