{
  "servicechain": {
    "SC1": {
      "resptime": 40.84321549050871,
      "resptime_old": 30.84321549050871,
      "waittime": 23.753248212145614,
      "servicetime": 10.000000000000002,
      "networktime": 7.089967278363098,
      "services": {
        "MS1_1": {
          "meanserv": 0.8229367739951043,
          "stddevserv": 0.8229367739951043,
          "rate": 1.2151601819241937,
          "cv": 1.0,
          "lambda": 0.175
        },
        "MS1_2": {
          "meanserv": 4.420204768615871,
          "stddevserv": 4.420204768615871,
          "rate": 0.22623386298755946,
          "cv": 1.0,
          "lambda": 0.175
        },
        "MS1_3": {
          "meanserv": 0.5711568233227622,
          "stddevserv": 0.5711568233227622,
          "rate": 1.7508326245362869,
          "cv": 1.0,
          "lambda": 0.175
        },
        "MS1_4": {
          "meanserv": 3.4880133514503324,
          "stddevserv": 3.4880133514503324,
          "rate": 0.28669615028399914,
          "cv": 1.0,
          "lambda": 0.175
        },
        "MS1_5": {
          "meanserv": 0.6976882826159301,
          "stddevserv": 0.6976882826159301,
          "rate": 1.4333048510583764,
          "cv": 1.0,
          "lambda": 0.175
        }
      },
      "sensors": [
        "S1"
      ],
      "sources": [
        {
          "startTime": 0,
          "stopTime": -1,
          "lambda": 0.175
        }
      ]
    },
    "SC2": {
      "resptime": 7906.144518871653,
      "resptime_old": 7896.144518871653,
      "waittime": 7891.941447492461,
      "servicetime": 10.0,
      "networktime": 4.2030713791928775,
      "services": {
        "MS2_1": {
          "meanserv": 2.29184197576884,
          "stddevserv": 2.29184197576884,
          "rate": 0.43633025774586043,
          "cv": 1.0,
          "lambda": 0.175
        },
        "MS2_2": {
          "meanserv": 6.715616239386147,
          "stddevserv": 6.715616239386147,
          "rate": 0.14890666237524716,
          "cv": 1.0,
          "lambda": 0.175
        },
        "MS2_3": {
          "meanserv": 0.30004013312351496,
          "stddevserv": 0.30004013312351496,
          "rate": 3.332887469385099,
          "cv": 1.0,
          "lambda": 0.175
        },
        "MS2_4": {
          "meanserv": 0.09821545168742674,
          "stddevserv": 0.09821545168742674,
          "rate": 10.181697307492168,
          "cv": 1.0,
          "lambda": 0.175
        },
        "MS2_5": {
          "meanserv": 0.5942862000340714,
          "stddevserv": 0.5942862000340714,
          "rate": 1.6826909323195933,
          "cv": 1.0,
          "lambda": 0.175
        }
      },
      "sensors": [
        "S2"
      ],
      "sources": [
        {
          "startTime": 0,
          "stopTime": -1,
          "lambda": 0.175
        }
      ]
    },
    "SC3": {
      "resptime": 35.680245907330956,
      "resptime_old": 25.680245907330956,
      "waittime": 17.638692117521206,
      "servicetime": 10.0,
      "networktime": 8.041553789809749,
      "services": {
        "MS3_1": {
          "meanserv": 1.2116642630844265,
          "stddevserv": 1.2116642630844265,
          "rate": 0.8253111282282012,
          "cv": 1.0,
          "lambda": 0.175
        },
        "MS3_2": {
          "meanserv": 3.031993619213098,
          "stddevserv": 3.031993619213098,
          "rate": 0.32981599752163493,
          "cv": 1.0,
          "lambda": 0.175
        },
        "MS3_3": {
          "meanserv": 1.586237462064216,
          "stddevserv": 1.586237462064216,
          "rate": 0.6304226346405106,
          "cv": 1.0,
          "lambda": 0.175
        },
        "MS3_4": {
          "meanserv": 3.6461035875266097,
          "stddevserv": 3.6461035875266097,
          "rate": 0.27426538385278443,
          "cv": 1.0,
          "lambda": 0.175
        },
        "MS3_5": {
          "meanserv": 0.5240010681116498,
          "stddevserv": 0.5240010681116498,
          "rate": 1.9083930565327174,
          "cv": 1.0,
          "lambda": 0.175
        }
      },
      "sensors": [
        "S3"
      ],
      "sources": [
        {
          "startTime": 0,
          "stopTime": -1,
          "lambda": 0.175
        }
      ]
    },
    "SC4": {
      "resptime": 44.152816120320935,
      "resptime_old": 34.152816120320935,
      "waittime": 28.571639727068117,
      "servicetime": 10.0,
      "networktime": 5.581176393252816,
      "services": {
        "MS4_1": {
          "meanserv": 3.0185950765656546,
          "stddevserv": 3.0185950765656546,
          "rate": 0.3312799413751545,
          "cv": 1.0,
          "lambda": 0.175
        },
        "MS4_2": {
          "meanserv": 0.02019832160451518,
          "stddevserv": 0.02019832160451518,
          "rate": 49.509064148006125,
          "cv": 1.0,
          "lambda": 0.175
        },
        "MS4_3": {
          "meanserv": 4.606279825714562,
          "stddevserv": 4.606279825714562,
          "rate": 0.2170949307980594,
          "cv": 1.0,
          "lambda": 0.175
        },
        "MS4_4": {
          "meanserv": 0.43410368765597784,
          "stddevserv": 0.43410368765597784,
          "rate": 2.30359710925213,
          "cv": 1.0,
          "lambda": 0.175
        },
        "MS4_5": {
          "meanserv": 1.92082308845929,
          "stddevserv": 1.92082308845929,
          "rate": 0.5206101519750626,
          "cv": 1.0,
          "lambda": 0.175
        }
      },
      "sensors": [
        "S4"
      ],
      "sources": [
        {
          "startTime": 0,
          "stopTime": -1,
          "lambda": 0.175
        }
      ]
    }
  },
  "microservice": {
    "MS1_1": "F10",
    "MS1_2": "F8",
    "MS1_3": "F10",
    "MS1_4": "F4",
    "MS1_5": "F10",
    "MS2_1": "F2",
    "MS2_2": "F9",
    "MS2_3": "F10",
    "MS2_4": "F10",
    "MS2_5": "F10",
    "MS3_1": "F1",
    "MS3_2": "F5",
    "MS3_3": "F2",
    "MS3_4": "F7",
    "MS3_5": "F10",
    "MS4_1": "F6",
    "MS4_2": "F10",
    "MS4_3": "F3",
    "MS4_4": "F1",
    "MS4_5": "F1"
  },
  "sensor": {
    "S1": "F10",
    "S2": "F2",
    "S3": "F1",
    "S4": "F6"
  },
  "fog": {
    "F1": {
      "rho": 0.6241534318599464,
      "capacity": 1.0,
      "tserv": 1.1888636797332315,
      "stddev": 1.466524772321166,
      "mu": 0.841139330814101,
      "cv": 1.2335516656125274,
      "lambda": 0.5249999999999999,
      "twait": 2.4892447223749827
    },
    "F2": {
      "rho": 0.6786639016207846,
      "capacity": 1.0,
      "tserv": 1.9390397189165278,
      "stddev": 2.0022022616149595,
      "mu": 0.5157191934978864,
      "cv": 1.032574135579711,
      "lambda": 0.35,
      "twait": 4.23083671348742
    },
    "F3": {
      "rho": 0.8060989695000483,
      "capacity": 1.0,
      "tserv": 4.606279825714562,
      "stddev": 4.606279825714562,
      "mu": 0.2170949307980594,
      "cv": 1.0,
      "lambda": 0.175,
      "twait": 19.149549701533413
    },
    "F4": {
      "rho": 0.6104023365038082,
      "capacity": 1.0,
      "tserv": 3.4880133514503324,
      "stddev": 3.4880133514503324,
      "mu": 0.28669615028399914,
      "cv": 1.0,
      "lambda": 0.175,
      "twait": 5.464846684078156
    },
    "F5": {
      "rho": 0.5305988833622921,
      "capacity": 1.0,
      "tserv": 3.031993619213098,
      "stddev": 3.031993619213098,
      "mu": 0.32981599752163493,
      "cv": 1.0,
      "lambda": 0.175,
      "twait": 3.4272871786918726
    },
    "F6": {
      "rho": 0.5282541383989895,
      "capacity": 1.0,
      "tserv": 3.0185950765656546,
      "stddev": 3.0185950765656546,
      "mu": 0.3312799413751545,
      "cv": 1.0,
      "lambda": 0.175,
      "twait": 3.380178759671404
    },
    "F7": {
      "rho": 0.6380681278171565,
      "capacity": 1.0,
      "tserv": 3.6461035875266092,
      "stddev": 3.6461035875266097,
      "mu": 0.2742653838527845,
      "cv": 1.0000000000000002,
      "lambda": 0.175,
      "twait": 6.4279016818536
    },
    "F8": {
      "rho": 0.7735358345077774,
      "capacity": 1.0,
      "tserv": 4.420204768615871,
      "stddev": 4.420204768615871,
      "mu": 0.22623386298755946,
      "cv": 1.0,
      "lambda": 0.175,
      "twait": 15.098136064727466
    },
    "F9": {
      "rho": 1.1752328418925757,
      "capacity": 1.0,
      "tserv": 6.715616239386147,
      "stddev": 6.715616239386147,
      "mu": 0.14890666237524716,
      "cv": 1.0,
      "lambda": 0.175,
      "twait": 7884.520345315633
    },
    "F10": {
      "rho": 0.6349915345366205,
      "capacity": 1.0,
      "tserv": 0.4535653818118717,
      "stddev": 0.5905843089204655,
      "mu": 2.2047538019883017,
      "cv": 1.3020930004870301,
      "lambda": 1.4000000000000001,
      "twait": 1.0634218211133302
    }
  },
  "extra": {
    "conv_gen": 7,
    "max_gen": 600,
    "population": 600,
    "deltatime": 38.1993802,
    "obj_func": 2006.7051990974533
  },
  "network": [
    [
      0.0,
      1.6941510436168796,
      1.5814834592980915,
      2.2627154400970415,
      2.3892157747030107,
      2.3786646961843525,
      2.0255713422202923,
      2.1250524243642674,
      2.6287994651651045,
      2.6287994651651045
    ],
    [
      1.6941510436168796,
      0.0,
      2.2202381509379707,
      2.1269976545210656,
      1.9025404869828744,
      2.4791116672205527,
      1.8963216732962518,
      2.6287994651651045,
      1.9219965032773905,
      1.9219965032773905
    ],
    [
      1.5814834592980915,
      2.2202381509379707,
      0.0,
      1.9017968189474048,
      1.8337354271108266,
      2.107002022194865,
      2.1250524243642674,
      1.9219965032773905,
      1.8845509581644166,
      1.8845509581644166
    ],
    [
      2.2627154400970415,
      2.1269976545210656,
      1.9017968189474048,
      0.0,
      1.6776083694972175,
      2.0255713422202923,
      2.6287994651651045,
      1.8845509581644166,
      1.4866643784673215,
      1.4866643784673215
    ],
    [
      2.3892157747030107,
      1.9025404869828744,
      1.8337354271108266,
      1.6776083694972175,
      0.0,
      1.8963216732962518,
      1.9219965032773905,
      1.4866643784673215,
      2.4360743523350648,
      2.4360743523350648
    ],
    [
      2.3786646961843525,
      2.4791116672205527,
      2.107002022194865,
      2.0255713422202923,
      1.8963216732962518,
      0.0,
      1.8845509581644166,
      2.4360743523350648,
      2.1151419757903085,
      2.1151419757903085
    ],
    [
      2.0255713422202923,
      1.8963216732962518,
      2.1250524243642674,
      2.6287994651651045,
      1.9219965032773905,
      1.8845509581644166,
      0.0,
      2.1151419757903085,
      1.8534758548276125,
      1.8534758548276125
    ],
    [
      2.1250524243642674,
      2.6287994651651045,
      1.9219965032773905,
      1.8845509581644166,
      1.4866643784673215,
      2.4360743523350648,
      2.1151419757903085,
      0.0,
      2.058319260714227,
      2.058319260714227
    ],
    [
      2.6287994651651045,
      1.9219965032773905,
      1.8845509581644166,
      1.4866643784673215,
      2.4360743523350648,
      2.1151419757903085,
      1.8534758548276125,
      2.058319260714227,
      0.0,
      2.2810748759154875
    ],
    [
      2.6287994651651045,
      1.9219965032773905,
      1.8845509581644166,
      1.4866643784673215,
      2.4360743523350648,
      2.1151419757903085,
      1.8534758548276125,
      2.058319260714227,
      2.2810748759154875,
      0.0
    ]
  ]
}