{
  "servicechain": {
    "SC1": {
      "resptime": 7537.303597755655,
      "resptime_old": 7527.303597755655,
      "waittime": 7523.518427921474,
      "servicetime": 10.0,
      "networktime": 3.7851698341810587,
      "services": {
        "MS1_1": {
          "meanserv": 0.004051480728261003,
          "stddevserv": 0.004051480728261003,
          "rate": 246.82333869306717,
          "cv": 1.0,
          "lambda": 0.15
        },
        "MS1_2": {
          "meanserv": 7.0841102471051505,
          "stddevserv": 7.0841102471051505,
          "rate": 0.14116098777664277,
          "cv": 1.0,
          "lambda": 0.15
        },
        "MS1_3": {
          "meanserv": 0.09398105646741506,
          "stddevserv": 0.09398105646741506,
          "rate": 10.640442208124337,
          "cv": 1.0,
          "lambda": 0.15
        },
        "MS1_4": {
          "meanserv": 1.675037236585669,
          "stddevserv": 1.675037236585669,
          "rate": 0.5970016535503182,
          "cv": 1.0,
          "lambda": 0.15
        },
        "MS1_5": {
          "meanserv": 1.1428199791135043,
          "stddevserv": 1.1428199791135043,
          "rate": 0.8750284544165118,
          "cv": 1.0,
          "lambda": 0.15
        }
      },
      "sensors": [
        "S1"
      ],
      "sources": [
        {
          "startTime": 0,
          "stopTime": -1,
          "lambda": 0.15
        }
      ]
    },
    "SC2": {
      "resptime": 25.10398835454717,
      "resptime_old": 15.10398835454717,
      "waittime": 9.571229675808368,
      "servicetime": 10.0,
      "networktime": 5.532758678738802,
      "services": {
        "MS2_1": {
          "meanserv": 2.799813933881492,
          "stddevserv": 2.799813933881492,
          "rate": 0.35716659164334563,
          "cv": 1.0,
          "lambda": 0.15
        },
        "MS2_2": {
          "meanserv": 0.09103176649178168,
          "stddevserv": 0.09103176649178168,
          "rate": 10.98517625811732,
          "cv": 1.0,
          "lambda": 0.15
        },
        "MS2_3": {
          "meanserv": 0.2208980804030345,
          "stddevserv": 0.2208980804030345,
          "rate": 4.526974603742473,
          "cv": 1.0,
          "lambda": 0.15
        },
        "MS2_4": {
          "meanserv": 3.294280568819583,
          "stddevserv": 3.294280568819583,
          "rate": 0.303556415159357,
          "cv": 1.0,
          "lambda": 0.15
        },
        "MS2_5": {
          "meanserv": 3.5939756504041087,
          "stddevserv": 3.5939756504041087,
          "rate": 0.27824339875189735,
          "cv": 1.0,
          "lambda": 0.15
        }
      },
      "sensors": [
        "S2"
      ],
      "sources": [
        {
          "startTime": 0,
          "stopTime": -1,
          "lambda": 0.15
        }
      ]
    },
    "SC3": {
      "resptime": 54.05965762949041,
      "resptime_old": 44.05965762949042,
      "waittime": 38.443465970820725,
      "servicetime": 10.0,
      "networktime": 5.6161916586696865,
      "services": {
        "MS3_1": {
          "meanserv": 0.2716319534091449,
          "stddevserv": 0.2716319534091449,
          "rate": 3.6814520068401255,
          "cv": 1.0,
          "lambda": 0.15
        },
        "MS3_2": {
          "meanserv": 0.3484987666307038,
          "stddevserv": 0.3484987666307038,
          "rate": 2.8694506143250638,
          "cv": 1.0,
          "lambda": 0.15
        },
        "MS3_3": {
          "meanserv": 3.668438321008785,
          "stddevserv": 3.668438321008785,
          "rate": 0.2725955604250175,
          "cv": 1.0,
          "lambda": 0.15
        },
        "MS3_4": {
          "meanserv": 5.703448601121771,
          "stddevserv": 5.703448601121771,
          "rate": 0.1753325172078025,
          "cv": 1.0,
          "lambda": 0.15
        },
        "MS3_5": {
          "meanserv": 0.007982357829595443,
          "stddevserv": 0.007982357829595443,
          "rate": 125.2762681588131,
          "cv": 1.0,
          "lambda": 0.15
        }
      },
      "sensors": [
        "S3"
      ],
      "sources": [
        {
          "startTime": 0,
          "stopTime": -1,
          "lambda": 0.15
        }
      ]
    },
    "SC4": {
      "resptime": 248.29841645686085,
      "resptime_old": 238.29841645686085,
      "waittime": 233.47071615245326,
      "servicetime": 10.0,
      "networktime": 4.827700304407594,
      "services": {
        "MS4_1": {
          "meanserv": 6.482925490141744,
          "stddevserv": 6.482925490141744,
          "rate": 0.15425134864200574,
          "cv": 1.0,
          "lambda": 0.15
        },
        "MS4_2": {
          "meanserv": 0.060493092613181254,
          "stddevserv": 0.060493092613181254,
          "rate": 16.530812970572168,
          "cv": 1.0,
          "lambda": 0.15
        },
        "MS4_3": {
          "meanserv": 0.2714080823870715,
          "stddevserv": 0.2714080823870715,
          "rate": 3.6844886534139376,
          "cv": 1.0,
          "lambda": 0.15
        },
        "MS4_4": {
          "meanserv": 2.8081879934808356,
          "stddevserv": 2.8081879934808356,
          "rate": 0.35610151539764584,
          "cv": 1.0,
          "lambda": 0.15
        },
        "MS4_5": {
          "meanserv": 0.37698534137716777,
          "stddevserv": 0.37698534137716777,
          "rate": 2.652623033953769,
          "cv": 1.0,
          "lambda": 0.15
        }
      },
      "sensors": [
        "S4"
      ],
      "sources": [
        {
          "startTime": 0,
          "stopTime": -1,
          "lambda": 0.15
        }
      ]
    }
  },
  "microservice": {
    "MS1_1": "F10",
    "MS1_2": "F2",
    "MS1_3": "F6",
    "MS1_4": "F6",
    "MS1_5": "F6",
    "MS2_1": "F5",
    "MS2_2": "F10",
    "MS2_3": "F10",
    "MS2_4": "F7",
    "MS2_5": "F1",
    "MS3_1": "F10",
    "MS3_2": "F10",
    "MS3_3": "F4",
    "MS3_4": "F9",
    "MS3_5": "F10",
    "MS4_1": "F3",
    "MS4_2": "F10",
    "MS4_3": "F10",
    "MS4_4": "F8",
    "MS4_5": "F8"
  },
  "sensor": {
    "S1": "F10",
    "S2": "F5",
    "S3": "F10",
    "S4": "F3"
  },
  "fog": {
    "F1": {
      "rho": 0.5390963475606163,
      "capacity": 1.0,
      "tserv": 3.5939756504041087,
      "stddev": 3.5939756504041087,
      "mu": 0.27824339875189735,
      "cv": 1.0,
      "lambda": 0.15,
      "twait": 4.20369666436839
    },
    "F2": {
      "rho": 1.0626165370657725,
      "capacity": 1.0,
      "tserv": 7.0841102471051505,
      "stddev": 7.0841102471051505,
      "mu": 0.14116098777664277,
      "cv": 1.0,
      "lambda": 0.15,
      "twait": 7520.165006272052
    },
    "F3": {
      "rho": 0.9724388235212615,
      "capacity": 1.0,
      "tserv": 6.482925490141744,
      "stddev": 6.482925490141744,
      "mu": 0.15425134864200574,
      "cv": 1.0,
      "lambda": 0.15,
      "twait": 228.73655054140116
    },
    "F4": {
      "rho": 0.5502657481513177,
      "capacity": 1.0,
      "tserv": 3.6684383210087845,
      "stddev": 3.668438321008785,
      "mu": 0.27259556042501754,
      "cv": 1.0000000000000002,
      "lambda": 0.15,
      "twait": 4.488463907205464
    },
    "F5": {
      "rho": 0.4199720900822238,
      "capacity": 1.0,
      "tserv": 2.799813933881492,
      "stddev": 2.7998139338814925,
      "mu": 0.35716659164334563,
      "cv": 1.0000000000000002,
      "lambda": 0.15,
      "twait": 2.0272191898838616
    },
    "F6": {
      "rho": 0.43677574082498827,
      "capacity": 1.0,
      "tserv": 0.9706127573888629,
      "stddev": 1.3434994108360598,
      "mu": 1.0302770001603878,
      "cv": 1.3841765427134243,
      "lambda": 0.44999999999999996,
      "twait": 1.0974189109734005
    },
    "F7": {
      "rho": 0.4941420853229374,
      "capacity": 1.0,
      "tserv": 3.294280568819583,
      "stddev": 3.294280568819583,
      "mu": 0.303556415159357,
      "cv": 1.0,
      "lambda": 0.15,
      "twait": 3.2179839885564476
    },
    "F8": {
      "rho": 0.4777760002287005,
      "capacity": 1.0,
      "tserv": 1.5925866674290017,
      "stddev": 2.3434388110361595,
      "mu": 0.6279093128503668,
      "cv": 1.4714670535445953,
      "lambda": 0.3,
      "twait": 2.3059178890262446
    },
    "F9": {
      "rho": 0.8555172901682656,
      "capacity": 1.0,
      "tserv": 5.703448601121771,
      "stddev": 5.703448601121771,
      "mu": 0.1753325172078025,
      "cv": 1.0,
      "lambda": 0.15,
      "twait": 33.77150731411576
    },
    "F10": {
      "rho": 0.1913993370739161,
      "capacity": 1.0,
      "tserv": 0.15949944756159676,
      "stddev": 0.2387256017764311,
      "mu": 6.269614191696884,
      "cv": 1.4967174208188914,
      "lambda": 1.2,
      "twait": 0.06116491649983386
    }
  },
  "extra": {
    "conv_gen": 2,
    "max_gen": 600,
    "population": 600,
    "deltatime": 38.6476763,
    "obj_func": 1966.1914150491382
  },
  "network": [
    [
      0.0,
      2.756228082717695,
      1.660160274585008,
      1.9838536503612847,
      1.4888530217898421,
      1.9883000230051786,
      1.5940127780856557,
      2.1983142586467794,
      2.843679798729995,
      2.843679798729995
    ],
    [
      2.756228082717695,
      0.0,
      1.8352685911972308,
      1.9026879065617661,
      1.9640506165903084,
      1.5315844161417878,
      2.1311417120022424,
      2.843679798729995,
      2.253585418039271,
      2.253585418039271
    ],
    [
      1.660160274585008,
      1.8352685911972308,
      0.0,
      2.375129673833659,
      2.083244231478546,
      2.009936150002218,
      2.1983142586467794,
      2.253585418039271,
      2.2931916163357613,
      2.2931916163357613
    ],
    [
      1.9838536503612847,
      1.9026879065617661,
      2.375129673833659,
      0.0,
      2.7274229590238006,
      1.5940127780856557,
      2.843679798729995,
      2.2931916163357613,
      1.4795855439562864,
      1.4795855439562864
    ],
    [
      1.4888530217898421,
      1.9640506165903084,
      2.083244231478546,
      2.7274229590238006,
      0.0,
      2.1311417120022424,
      2.253585418039271,
      1.4795855439562864,
      1.8020440193362803,
      1.8020440193362803
    ],
    [
      1.9883000230051786,
      1.5315844161417878,
      2.009936150002218,
      1.5940127780856557,
      2.1311417120022424,
      0.0,
      2.2931916163357613,
      1.8020440193362803,
      2.4295546266824077,
      2.4295546266824077
    ],
    [
      1.5940127780856557,
      2.1311417120022424,
      2.1983142586467794,
      2.843679798729995,
      2.253585418039271,
      2.2931916163357613,
      0.0,
      2.4295546266824077,
      2.136701881316866,
      2.136701881316866
    ],
    [
      2.1983142586467794,
      2.843679798729995,
      2.253585418039271,
      2.2931916163357613,
      1.4795855439562864,
      1.8020440193362803,
      2.4295546266824077,
      0.0,
      2.5345086880718326,
      2.5345086880718326
    ],
    [
      2.843679798729995,
      2.253585418039271,
      2.2931916163357613,
      1.4795855439562864,
      1.8020440193362803,
      2.4295546266824077,
      2.136701881316866,
      2.5345086880718326,
      0.0,
      2.657020570757114
    ],
    [
      2.843679798729995,
      2.253585418039271,
      2.2931916163357613,
      1.4795855439562864,
      1.8020440193362803,
      2.4295546266824077,
      2.136701881316866,
      2.5345086880718326,
      2.657020570757114,
      0.0
    ]
  ]
}