{
  "servicechain": {
    "SC1": {
      "resptime": 47.13055366558494,
      "resptime_old": 37.13055366558495,
      "waittime": 31.709826581437735,
      "servicetime": 10.000000000000002,
      "networktime": 5.4207270841472015,
      "services": {
        "MS1_1": {
          "meanserv": 0.6124723078274985,
          "stddevserv": 0.6124723078274985,
          "rate": 1.6327268795990166,
          "cv": 1.0,
          "lambda": 0.15
        },
        "MS1_2": {
          "meanserv": 5.274026612464448,
          "stddevserv": 5.274026612464448,
          "rate": 0.18960844786725864,
          "cv": 1.0,
          "lambda": 0.15
        },
        "MS1_3": {
          "meanserv": 0.8361162761973846,
          "stddevserv": 0.8361162761973846,
          "rate": 1.196005900695954,
          "cv": 1.0,
          "lambda": 0.15
        },
        "MS1_4": {
          "meanserv": 1.478032414319273,
          "stddevserv": 1.478032414319273,
          "rate": 0.6765751483607096,
          "cv": 1.0,
          "lambda": 0.15
        },
        "MS1_5": {
          "meanserv": 0.7966303305106432,
          "stddevserv": 0.7966303305106432,
          "rate": 1.2552873794787551,
          "cv": 1.0,
          "lambda": 0.15
        },
        "MS1_6": {
          "meanserv": 1.002722058680753,
          "stddevserv": 1.002722058680753,
          "rate": 0.9972853308080862,
          "cv": 1.0,
          "lambda": 0.15
        }
      },
      "sensors": [
        "S1"
      ],
      "sources": [
        {
          "startTime": 0,
          "stopTime": -1,
          "lambda": 0.15
        }
      ]
    },
    "SC2": {
      "resptime": 36.41948006124517,
      "resptime_old": 26.419480061245167,
      "waittime": 21.646879176695123,
      "servicetime": 10.0,
      "networktime": 4.772600884550047,
      "services": {
        "MS2_1": {
          "meanserv": 0.07491268974022414,
          "stddevserv": 0.07491268974022414,
          "rate": 13.348873247879833,
          "cv": 1.0,
          "lambda": 0.15
        },
        "MS2_2": {
          "meanserv": 1.8664674957123706,
          "stddevserv": 1.8664674957123706,
          "rate": 0.5357714518453653,
          "cv": 1.0,
          "lambda": 0.15
        },
        "MS2_3": {
          "meanserv": 2.835351810594544,
          "stddevserv": 2.835351810594544,
          "rate": 0.35268991885360085,
          "cv": 1.0,
          "lambda": 0.15
        },
        "MS2_4": {
          "meanserv": 0.4239683054684953,
          "stddevserv": 0.4239683054684953,
          "rate": 2.358666879343671,
          "cv": 1.0,
          "lambda": 0.15
        },
        "MS2_5": {
          "meanserv": 4.546347042239819,
          "stddevserv": 4.546347042239819,
          "rate": 0.21995681163559758,
          "cv": 1.0,
          "lambda": 0.15
        },
        "MS2_6": {
          "meanserv": 0.2529526562445472,
          "stddevserv": 0.2529526562445472,
          "rate": 3.9533089505619947,
          "cv": 1.0,
          "lambda": 0.15
        }
      },
      "sensors": [
        "S2"
      ],
      "sources": [
        {
          "startTime": 0,
          "stopTime": -1,
          "lambda": 0.15
        }
      ]
    },
    "SC3": {
      "resptime": 33.4211716467611,
      "resptime_old": 23.421171646761103,
      "waittime": 18.11766757870549,
      "servicetime": 10.000000000000002,
      "networktime": 5.303504068055609,
      "services": {
        "MS3_1": {
          "meanserv": 2.1783600932191116,
          "stddevserv": 2.1783600932191116,
          "rate": 0.4590609252863385,
          "cv": 1.0,
          "lambda": 0.15
        },
        "MS3_2": {
          "meanserv": 4.2597195373043935,
          "stddevserv": 4.2597195373043935,
          "rate": 0.23475723958878597,
          "cv": 1.0,
          "lambda": 0.15
        },
        "MS3_3": {
          "meanserv": 1.1799303610155194,
          "stddevserv": 1.1799303610155194,
          "rate": 0.8475076437047857,
          "cv": 1.0,
          "lambda": 0.15
        },
        "MS3_4": {
          "meanserv": 0.36947573730959427,
          "stddevserv": 0.36947573730959427,
          "rate": 2.7065376668077974,
          "cv": 1.0,
          "lambda": 0.15
        },
        "MS3_5": {
          "meanserv": 1.5185386645033407,
          "stddevserv": 1.5185386645033407,
          "rate": 0.6585278487637745,
          "cv": 1.0,
          "lambda": 0.15
        },
        "MS3_6": {
          "meanserv": 0.49397560664804097,
          "stddevserv": 0.49397560664804097,
          "rate": 2.024391460917832,
          "cv": 1.0,
          "lambda": 0.15
        }
      },
      "sensors": [
        "S3"
      ],
      "sources": [
        {
          "startTime": 0,
          "stopTime": -1,
          "lambda": 0.15
        }
      ]
    },
    "SC4": {
      "resptime": 27.10999340473614,
      "resptime_old": 17.109993404736144,
      "waittime": 12.684077329323019,
      "servicetime": 10.0,
      "networktime": 4.425916075413124,
      "services": {
        "MS4_1": {
          "meanserv": 0.8285162351654907,
          "stddevserv": 0.8285162351654907,
          "rate": 1.2069769517555158,
          "cv": 1.0,
          "lambda": 0.15
        },
        "MS4_2": {
          "meanserv": 1.95300200917776,
          "stddevserv": 1.95300200917776,
          "rate": 0.5120322433365101,
          "cv": 1.0,
          "lambda": 0.15
        },
        "MS4_3": {
          "meanserv": 2.456760670263704,
          "stddevserv": 2.456760670263704,
          "rate": 0.4070400556732544,
          "cv": 1.0,
          "lambda": 0.15
        },
        "MS4_4": {
          "meanserv": 0.39964113778278687,
          "stddevserv": 0.39964113778278687,
          "rate": 2.5022449028846485,
          "cv": 1.0,
          "lambda": 0.15
        },
        "MS4_5": {
          "meanserv": 2.7341742555882487,
          "stddevserv": 2.7341742555882487,
          "rate": 0.3657411366360968,
          "cv": 1.0,
          "lambda": 0.15
        },
        "MS4_6": {
          "meanserv": 1.6279056920220096,
          "stddevserv": 1.6279056920220096,
          "rate": 0.6142861990720773,
          "cv": 1.0,
          "lambda": 0.15
        }
      },
      "sensors": [
        "S4"
      ],
      "sources": [
        {
          "startTime": 0,
          "stopTime": -1,
          "lambda": 0.15
        }
      ]
    }
  },
  "microservice": {
    "MS1_1": "F4",
    "MS1_2": "F1",
    "MS1_3": "F6",
    "MS1_4": "F10",
    "MS1_5": "F9",
    "MS1_6": "F9",
    "MS2_1": "F10",
    "MS2_2": "F10",
    "MS2_3": "F4",
    "MS2_4": "F4",
    "MS2_5": "F2",
    "MS2_6": "F10",
    "MS3_1": "F9",
    "MS3_2": "F3",
    "MS3_3": "F7",
    "MS3_4": "F8",
    "MS3_5": "F8",
    "MS3_6": "F8",
    "MS4_1": "F7",
    "MS4_2": "F7",
    "MS4_3": "F6",
    "MS4_4": "F5",
    "MS4_5": "F5",
    "MS4_6": "F8"
  },
  "sensor": {
    "S1": "F4",
    "S2": "F10",
    "S3": "F9",
    "S4": "F7"
  },
  "fog": {
    "F1": {
      "rho": 0.7911039918696672,
      "capacity": 1.0,
      "tserv": 5.274026612464448,
      "stddev": 5.274026612464448,
      "mu": 0.18960844786725864,
      "cv": 1.0,
      "lambda": 0.15,
      "twait": 19.973112668310687
    },
    "F2": {
      "rho": 0.6819520563359728,
      "capacity": 1.0,
      "tserv": 4.546347042239819,
      "stddev": 4.546347042239819,
      "mu": 0.21995681163559758,
      "cv": 1.0,
      "lambda": 0.15,
      "twait": 9.748186636752909
    },
    "F3": {
      "rho": 0.638957930595659,
      "capacity": 1.0,
      "tserv": 4.2597195373043935,
      "stddev": 4.2597195373043935,
      "mu": 0.23475723958878597,
      "cv": 1.0,
      "lambda": 0.15,
      "twait": 7.538682638741788
    },
    "F4": {
      "rho": 0.5807688635835807,
      "capacity": 1.0,
      "tserv": 1.2905974746301794,
      "stddev": 2.0158750919400465,
      "mu": 0.7748349269678758,
      "cv": 1.5619704296397259,
      "lambda": 0.44999999999999996,
      "twait": 3.0749474198891615
    },
    "F5": {
      "rho": 0.47007230900565533,
      "capacity": 1.0,
      "tserv": 1.5669076966855178,
      "stddev": 2.2760101425515566,
      "mu": 0.6381996859899925,
      "cv": 1.4525489582864417,
      "lambda": 0.3,
      "twait": 2.161263327625775
    },
    "F6": {
      "rho": 0.49393154196916333,
      "capacity": 1.0,
      "tserv": 1.6464384732305446,
      "stddev": 2.005991967118268,
      "mu": 0.6073716183501585,
      "cv": 1.2183825874660403,
      "lambda": 0.3,
      "twait": 1.996201297888349
    },
    "F7": {
      "rho": 0.5942172908038154,
      "capacity": 1.0,
      "tserv": 1.3204828684529233,
      "stddev": 1.4781472970839522,
      "mu": 0.7572987305557393,
      "cv": 1.1193990716560742,
      "lambda": 0.44999999999999996,
      "twait": 2.1783425672466237
    },
    "F8": {
      "rho": 0.6014843550724478,
      "capacity": 1.0,
      "tserv": 1.0024739251207464,
      "stddev": 1.289700138993368,
      "mu": 0.9975321800809448,
      "cv": 1.286517391300752,
      "lambda": 0.6,
      "twait": 2.0086642416898735
    },
    "F9": {
      "rho": 0.5966568723615762,
      "capacity": 1.0,
      "tserv": 1.3259041608035027,
      "stddev": 1.580778572039736,
      "mu": 0.7542023243927347,
      "cv": 1.192226873382597,
      "lambda": 0.44999999999999996,
      "twait": 2.3746496476474563
    },
    "F10": {
      "rho": 0.5508547884024622,
      "capacity": 1.0,
      "tserv": 0.9180913140041036,
      "stddev": 1.4233928421231772,
      "mu": 1.0892162737480493,
      "cv": 1.5503826475770526,
      "lambda": 0.6,
      "twait": 1.9162659000546305
    }
  },
  "extra": {
    "deltatime": 0.0228852,
    "obj_func": 36.02029969458184
  },
  "network": [
    [
      0.0,
      1.6839911561332719,
      2.2900302908138315,
      1.200567421402925,
      1.843437026000532,
      1.7284807497227956,
      1.672731131977498,
      1.9250196142917635,
      1.9598717773513765,
      1.9598717773513765
    ],
    [
      1.6839911561332719,
      0.0,
      2.1083532132711698,
      1.5440406523282908,
      1.7602967952425475,
      1.6435478816383426,
      1.5413151899465247,
      1.9598717773513765,
      1.8566309693842673,
      1.8566309693842673
    ],
    [
      2.2900302908138315,
      2.1083532132711698,
      0.0,
      1.7206501845641813,
      1.5446169191554464,
      1.9904192046995728,
      1.9250196142917635,
      1.8566309693842673,
      1.5126716226291101,
      1.5126716226291101
    ],
    [
      1.200567421402925,
      1.5440406523282908,
      1.7206501845641813,
      0.0,
      1.4531247432786818,
      1.672731131977498,
      1.9598717773513765,
      1.5126716226291101,
      1.3719292628374888,
      1.3719292628374888
    ],
    [
      1.843437026000532,
      1.7602967952425475,
      1.5446169191554464,
      1.4531247432786818,
      0.0,
      1.5413151899465247,
      1.8566309693842673,
      1.3719292628374888,
      2.1976757596780874,
      2.1976757596780874
    ],
    [
      1.7284807497227956,
      1.6435478816383426,
      1.9904192046995728,
      1.672731131977498,
      1.5413151899465247,
      0.0,
      1.5126716226291101,
      2.1976757596780874,
      1.8658128311347357,
      1.8658128311347357
    ],
    [
      1.672731131977498,
      1.5413151899465247,
      1.9250196142917635,
      1.9598717773513765,
      1.8566309693842673,
      1.5126716226291101,
      0.0,
      1.8658128311347357,
      1.062377002680414,
      1.062377002680414
    ],
    [
      1.9250196142917635,
      1.9598717773513765,
      1.8566309693842673,
      1.5126716226291101,
      1.3719292628374888,
      2.1976757596780874,
      1.8658128311347357,
      0.0,
      1.6822785459601233,
      1.6822785459601233
    ],
    [
      1.9598717773513765,
      1.8566309693842673,
      1.5126716226291101,
      1.3719292628374888,
      2.1976757596780874,
      1.8658128311347357,
      1.062377002680414,
      1.6822785459601233,
      0.0,
      0.6258660818867454
    ],
    [
      1.9598717773513765,
      1.8566309693842673,
      1.5126716226291101,
      1.3719292628374888,
      2.1976757596780874,
      1.8658128311347357,
      1.062377002680414,
      1.6822785459601233,
      0.6258660818867454,
      0.0
    ]
  ]
}