{
  "servicechain": {
    "SC1": {
      "resptime": 31.606188873563383,
      "resptime_old": 21.606188873563386,
      "waittime": 17.747624801102955,
      "servicetime": 10.0,
      "networktime": 3.8585640724604278,
      "services": {
        "MS1_1": {
          "meanserv": 1.1899918505867557,
          "stddevserv": 1.1899918505867557,
          "rate": 0.8403418893221198,
          "cv": 1.0,
          "lambda": 0.15
        },
        "MS1_2": {
          "meanserv": 0.7232151048688484,
          "stddevserv": 0.7232151048688484,
          "rate": 1.3827144832398726,
          "cv": 1.0,
          "lambda": 0.15
        },
        "MS1_3": {
          "meanserv": 2.6066787235515045,
          "stddevserv": 2.6066787235515045,
          "rate": 0.3836299391117661,
          "cv": 1.0,
          "lambda": 0.15
        },
        "MS1_4": {
          "meanserv": 0.27538498410993384,
          "stddevserv": 0.27538498410993384,
          "rate": 3.631280054110719,
          "cv": 1.0,
          "lambda": 0.15
        },
        "MS1_5": {
          "meanserv": 0.2983008972113286,
          "stddevserv": 0.2983008972113286,
          "rate": 3.352319786324877,
          "cv": 1.0,
          "lambda": 0.15
        },
        "MS1_6": {
          "meanserv": 0.6452039123009117,
          "stddevserv": 0.6452039123009117,
          "rate": 1.5498976074615272,
          "cv": 1.0,
          "lambda": 0.15
        },
        "MS1_7": {
          "meanserv": 0.3800650825812122,
          "stddevserv": 0.3800650825812122,
          "rate": 2.6311283141521433,
          "cv": 1.0,
          "lambda": 0.15
        },
        "MS1_8": {
          "meanserv": 0.019859622091033202,
          "stddevserv": 0.019859622091033202,
          "rate": 50.35342542854876,
          "cv": 1.0,
          "lambda": 0.15
        },
        "MS1_9": {
          "meanserv": 0.8805279484873632,
          "stddevserv": 0.8805279484873632,
          "rate": 1.1356822934670896,
          "cv": 1.0,
          "lambda": 0.15
        },
        "MS1_10": {
          "meanserv": 1.3077045547314006,
          "stddevserv": 1.3077045547314006,
          "rate": 0.7646987206566682,
          "cv": 1.0,
          "lambda": 0.15
        },
        "MS1_11": {
          "meanserv": 1.566215617221765,
          "stddevserv": 1.566215617221765,
          "rate": 0.6384816937107627,
          "cv": 1.0,
          "lambda": 0.15
        },
        "MS1_12": {
          "meanserv": 0.10685170225794316,
          "stddevserv": 0.10685170225794316,
          "rate": 9.358765268764465,
          "cv": 1.0,
          "lambda": 0.15
        }
      },
      "sensors": [
        "S1"
      ],
      "sources": [
        {
          "startTime": 0,
          "stopTime": -1,
          "lambda": 0.15
        }
      ]
    },
    "SC2": {
      "resptime": 39.38369100397422,
      "resptime_old": 29.383691003974217,
      "waittime": 22.294560450047967,
      "servicetime": 10.0,
      "networktime": 7.089130553926255,
      "services": {
        "MS2_1": {
          "meanserv": 0.18444280328170914,
          "stddevserv": 0.18444280328170914,
          "rate": 5.421734988882422,
          "cv": 1.0,
          "lambda": 0.15
        },
        "MS2_2": {
          "meanserv": 1.3926161927738,
          "stddevserv": 1.3926161927738,
          "rate": 0.7180729372449772,
          "cv": 1.0,
          "lambda": 0.15
        },
        "MS2_3": {
          "meanserv": 0.6275830543988716,
          "stddevserv": 0.6275830543988716,
          "rate": 1.5934145974636722,
          "cv": 1.0,
          "lambda": 0.15
        },
        "MS2_4": {
          "meanserv": 0.7965514276283945,
          "stddevserv": 0.7965514276283945,
          "rate": 1.2554117227274846,
          "cv": 1.0,
          "lambda": 0.15
        },
        "MS2_5": {
          "meanserv": 0.8025115346226053,
          "stddevserv": 0.8025115346226053,
          "rate": 1.2460880085297055,
          "cv": 1.0,
          "lambda": 0.15
        },
        "MS2_6": {
          "meanserv": 0.05630377171309853,
          "stddevserv": 0.05630377171309853,
          "rate": 17.760799491295174,
          "cv": 1.0,
          "lambda": 0.15
        },
        "MS2_7": {
          "meanserv": 2.3295444166281545,
          "stddevserv": 2.3295444166281545,
          "rate": 0.4292684839413481,
          "cv": 1.0,
          "lambda": 0.15
        },
        "MS2_8": {
          "meanserv": 0.2601561225884037,
          "stddevserv": 0.2601561225884037,
          "rate": 3.843845726368365,
          "cv": 1.0,
          "lambda": 0.15
        },
        "MS2_9": {
          "meanserv": 1.3282676572354495,
          "stddevserv": 1.3282676572354495,
          "rate": 0.752860309857518,
          "cv": 1.0,
          "lambda": 0.15
        },
        "MS2_10": {
          "meanserv": 0.4937093267821284,
          "stddevserv": 0.4937093267821284,
          "rate": 2.025483307187541,
          "cv": 1.0,
          "lambda": 0.15
        },
        "MS2_11": {
          "meanserv": 1.4417909383675376,
          "stddevserv": 1.4417909383675376,
          "rate": 0.6935818317267595,
          "cv": 1.0,
          "lambda": 0.15
        },
        "MS2_12": {
          "meanserv": 0.28652275397984717,
          "stddevserv": 0.28652275397984717,
          "rate": 3.4901242086704776,
          "cv": 1.0,
          "lambda": 0.15
        }
      },
      "sensors": [
        "S2"
      ],
      "sources": [
        {
          "startTime": 0,
          "stopTime": -1,
          "lambda": 0.15
        }
      ]
    },
    "SC3": {
      "resptime": 35.199348028949956,
      "resptime_old": 25.199348028949956,
      "waittime": 19.638330116166227,
      "servicetime": 10.0,
      "networktime": 5.561017912783733,
      "services": {
        "MS3_1": {
          "meanserv": 0.7342659494083792,
          "stddevserv": 0.7342659494083792,
          "rate": 1.3619043628616183,
          "cv": 1.0,
          "lambda": 0.15
        },
        "MS3_2": {
          "meanserv": 2.341631339794197,
          "stddevserv": 2.341631339794197,
          "rate": 0.42705270595152217,
          "cv": 1.0,
          "lambda": 0.15
        },
        "MS3_3": {
          "meanserv": 0.6986945769466049,
          "stddevserv": 0.6986945769466049,
          "rate": 1.4312405348416226,
          "cv": 1.0,
          "lambda": 0.15
        },
        "MS3_4": {
          "meanserv": 1.4736368520043852,
          "stddevserv": 1.4736368520043852,
          "rate": 0.6785932359385813,
          "cv": 1.0,
          "lambda": 0.15
        },
        "MS3_5": {
          "meanserv": 0.14486156237488146,
          "stddevserv": 0.14486156237488146,
          "rate": 6.903142445834872,
          "cv": 1.0,
          "lambda": 0.15
        },
        "MS3_6": {
          "meanserv": 0.1841854691303899,
          "stddevserv": 0.1841854691303899,
          "rate": 5.429309948941047,
          "cv": 1.0,
          "lambda": 0.15
        },
        "MS3_7": {
          "meanserv": 1.7891557552005821,
          "stddevserv": 1.7891557552005821,
          "rate": 0.5589228311136557,
          "cv": 1.0,
          "lambda": 0.15
        },
        "MS3_8": {
          "meanserv": 0.16246777607903073,
          "stddevserv": 0.16246777607903073,
          "rate": 6.155066710050617,
          "cv": 1.0,
          "lambda": 0.15
        },
        "MS3_9": {
          "meanserv": 0.37635433403117613,
          "stddevserv": 0.37635433403117613,
          "rate": 2.657070503981928,
          "cv": 1.0,
          "lambda": 0.15
        },
        "MS3_10": {
          "meanserv": 1.9635307805367654,
          "stddevserv": 1.9635307805367654,
          "rate": 0.5092866431799111,
          "cv": 1.0,
          "lambda": 0.15
        },
        "MS3_11": {
          "meanserv": 0.026002006424254986,
          "stddevserv": 0.026002006424254986,
          "rate": 38.45857060735082,
          "cv": 1.0,
          "lambda": 0.15
        },
        "MS3_12": {
          "meanserv": 0.10521359806935315,
          "stddevserv": 0.10521359806935315,
          "rate": 9.504474881096973,
          "cv": 1.0,
          "lambda": 0.15
        }
      },
      "sensors": [
        "S3"
      ],
      "sources": [
        {
          "startTime": 0,
          "stopTime": -1,
          "lambda": 0.15
        }
      ]
    },
    "SC4": {
      "resptime": 35.5568070220743,
      "resptime_old": 25.55680702207431,
      "waittime": 21.543453383288153,
      "servicetime": 10.0,
      "networktime": 4.013353638786151,
      "services": {
        "MS4_1": {
          "meanserv": 2.115727512629518,
          "stddevserv": 2.115727512629518,
          "rate": 0.4726506575306366,
          "cv": 1.0,
          "lambda": 0.15
        },
        "MS4_2": {
          "meanserv": 0.9584256476551261,
          "stddevserv": 0.9584256476551261,
          "rate": 1.043377754389805,
          "cv": 1.0,
          "lambda": 0.15
        },
        "MS4_3": {
          "meanserv": 0.7899644572244067,
          "stddevserv": 0.7899644572244067,
          "rate": 1.265879737822088,
          "cv": 1.0,
          "lambda": 0.15
        },
        "MS4_4": {
          "meanserv": 0.14650630450424496,
          "stddevserv": 0.14650630450424496,
          "rate": 6.825644830670242,
          "cv": 1.0,
          "lambda": 0.15
        },
        "MS4_5": {
          "meanserv": 0.44943303307170535,
          "stddevserv": 0.44943303307170535,
          "rate": 2.2250255909437207,
          "cv": 1.0,
          "lambda": 0.15
        },
        "MS4_6": {
          "meanserv": 0.2916628645075985,
          "stddevserv": 0.2916628645075985,
          "rate": 3.428616123921898,
          "cv": 1.0,
          "lambda": 0.15
        },
        "MS4_7": {
          "meanserv": 0.3875060107806352,
          "stddevserv": 0.3875060107806352,
          "rate": 2.580605131738444,
          "cv": 1.0,
          "lambda": 0.15
        },
        "MS4_8": {
          "meanserv": 0.12428942800081799,
          "stddevserv": 0.12428942800081799,
          "rate": 8.045736601132468,
          "cv": 1.0,
          "lambda": 0.15
        },
        "MS4_9": {
          "meanserv": 2.26869579121381,
          "stddevserv": 2.26869579121381,
          "rate": 0.44078188176343136,
          "cv": 1.0,
          "lambda": 0.15
        },
        "MS4_10": {
          "meanserv": 0.14316540990624738,
          "stddevserv": 0.14316540990624738,
          "rate": 6.984927439210737,
          "cv": 1.0,
          "lambda": 0.15
        },
        "MS4_11": {
          "meanserv": 0.72267099331523,
          "stddevserv": 0.72267099331523,
          "rate": 1.383755553011104,
          "cv": 1.0,
          "lambda": 0.15
        },
        "MS4_12": {
          "meanserv": 1.6019525471906597,
          "stddevserv": 1.6019525471906597,
          "rate": 0.6242382158907875,
          "cv": 1.0,
          "lambda": 0.15
        }
      },
      "sensors": [
        "S4"
      ],
      "sources": [
        {
          "startTime": 0,
          "stopTime": -1,
          "lambda": 0.15
        }
      ]
    }
  },
  "microservice": {
    "MS1_1": "F10",
    "MS1_2": "F10",
    "MS1_3": "F7",
    "MS1_4": "F8",
    "MS1_5": "F8",
    "MS1_6": "F8",
    "MS1_7": "F8",
    "MS1_8": "F8",
    "MS1_9": "F1",
    "MS1_10": "F8",
    "MS1_11": "F5",
    "MS1_12": "F5",
    "MS2_1": "F8",
    "MS2_2": "F5",
    "MS2_3": "F1",
    "MS2_4": "F1",
    "MS2_5": "F5",
    "MS2_6": "F8",
    "MS2_7": "F2",
    "MS2_8": "F6",
    "MS2_9": "F6",
    "MS2_10": "F3",
    "MS2_11": "F7",
    "MS2_12": "F1",
    "MS3_1": "F3",
    "MS3_2": "F2",
    "MS3_3": "F4",
    "MS3_4": "F1",
    "MS3_5": "F8",
    "MS3_6": "F8",
    "MS3_7": "F3",
    "MS3_8": "F3",
    "MS3_9": "F3",
    "MS3_10": "F4",
    "MS3_11": "F6",
    "MS3_12": "F6",
    "MS4_1": "F9",
    "MS4_2": "F4",
    "MS4_3": "F6",
    "MS4_4": "F6",
    "MS4_5": "F6",
    "MS4_6": "F6",
    "MS4_7": "F6",
    "MS4_8": "F6",
    "MS4_9": "F9",
    "MS4_10": "F8",
    "MS4_11": "F10",
    "MS4_12": "F10"
  },
  "sensor": {
    "S1": "F10",
    "S2": "F8",
    "S3": "F3",
    "S4": "F9"
  },
  "fog": {
    "F1": {
      "rho": 0.6097233054748291,
      "capacity": 1.0,
      "tserv": 0.8129644072997723,
      "stddev": 0.9808378411104927,
      "mu": 1.2300661517537512,
      "cv": 1.2064954287092409,
      "lambda": 0.75,
      "twait": 1.5594263193820004
    },
    "F2": {
      "rho": 0.7006763634633526,
      "capacity": 1.0,
      "tserv": 2.3355878782111756,
      "stddev": 2.3356035159467448,
      "mu": 0.42815772822296844,
      "cv": 1.000006695417336,
      "lambda": 0.3,
      "twait": 5.4673336092590965
    },
    "F3": {
      "rho": 0.5333929712251945,
      "capacity": 1.0,
      "tserv": 0.7111906283002593,
      "stddev": 1.0747151787766727,
      "mu": 1.4060927692340282,
      "cv": 1.5111492418639354,
      "lambda": 0.75,
      "twait": 1.3347458805185235
    },
    "F4": {
      "rho": 0.5430976507707743,
      "capacity": 1.0,
      "tserv": 1.2068836683794986,
      "stddev": 1.4323301939034703,
      "mu": 0.8285802734763289,
      "cv": 1.1868005437729408,
      "lambda": 0.44999999999999996,
      "twait": 1.7275705527439862
    },
    "F5": {
      "rho": 0.580229257031417,
      "capacity": 1.0,
      "tserv": 0.9670487617190284,
      "stddev": 1.2604536196144396,
      "mu": 1.0340740194138685,
      "cv": 1.3034023407194626,
      "lambda": 0.6,
      "twait": 1.8037893376459164
    },
    "F6": {
      "rho": 0.5863502223610305,
      "capacity": 1.0,
      "tserv": 0.3909001482406871,
      "stddev": 0.6599820516425969,
      "mu": 2.5581980577410137,
      "cv": 1.6883648026560207,
      "lambda": 1.4999999999999998,
      "twait": 1.0668068729723137
    },
    "F7": {
      "rho": 0.6072704492878562,
      "capacity": 1.0,
      "tserv": 2.024234830959521,
      "stddev": 2.1854080687379933,
      "mu": 0.49401382917908954,
      "cv": 1.079621808356135,
      "lambda": 0.3,
      "twait": 3.3891777668694525
    },
    "F8": {
      "rho": 0.545921710414822,
      "capacity": 1.0,
      "tserv": 0.3308616426756497,
      "stddev": 0.5949112060958799,
      "mu": 3.0224113980487,
      "cv": 1.7980664101310868,
      "lambda": 1.6499999999999997,
      "twait": 0.841915907009217
    },
    "F9": {
      "rho": 0.6576634955764993,
      "capacity": 1.0,
      "tserv": 2.1922116519216646,
      "stddev": 2.1948784872852594,
      "mu": 0.4561603343013951,
      "cv": 1.0012165045109842,
      "lambda": 0.3,
      "twait": 4.2165895440983485
    },
    "F10": {
      "rho": 0.635674574394224,
      "capacity": 1.0,
      "tserv": 1.0594576239903735,
      "stddev": 1.179560321971827,
      "mu": 0.9438791862515176,
      "cv": 1.113362436837346,
      "lambda": 0.6,
      "twait": 2.0699732987521857
    }
  },
  "extra": {
    "conv_gen": 272,
    "max_gen": 600,
    "population": 600,
    "deltatime": 70.8110511,
    "obj_func": 35.43650873214047
  },
  "network": [
    [
      0.0,
      0.7912297551718463,
      0.9818865338348322,
      0.8297139382579146,
      0.8360531247428754,
      0.9099799265517435,
      0.6518216501469755,
      0.7527376564762697,
      0.8501877786979729,
      0.8501877786979729
    ],
    [
      0.7912297551718463,
      0.0,
      0.6773916129308339,
      0.9110724147197674,
      0.8430191161102826,
      0.9378555705583214,
      0.9914857742779627,
      0.8501877786979729,
      0.6968116194346916,
      0.6968116194346916
    ],
    [
      0.9818865338348322,
      0.6773916129308339,
      0.0,
      1.0414690208172808,
      0.8130116848359402,
      0.8260149398812275,
      0.7527376564762697,
      0.6968116194346916,
      0.9110584429840984,
      0.9110584429840984
    ],
    [
      0.8297139382579146,
      0.9110724147197674,
      1.0414690208172808,
      0.0,
      1.0391456644004233,
      0.6518216501469755,
      0.8501877786979729,
      0.9110584429840984,
      0.6992033543398687,
      0.6992033543398687
    ],
    [
      0.8360531247428754,
      0.8430191161102826,
      0.8130116848359402,
      1.0391456644004233,
      0.0,
      0.9914857742779627,
      0.6968116194346916,
      0.6992033543398687,
      0.8680983975608765,
      0.8680983975608765
    ],
    [
      0.9099799265517435,
      0.9378555705583214,
      0.8260149398812275,
      0.6518216501469755,
      0.9914857742779627,
      0.0,
      0.9110584429840984,
      0.8680983975608765,
      0.8505669695053674,
      0.8505669695053674
    ],
    [
      0.6518216501469755,
      0.9914857742779627,
      0.7527376564762697,
      0.8501877786979729,
      0.6968116194346916,
      0.9110584429840984,
      0.0,
      0.8505669695053674,
      0.8033184356626525,
      0.8033184356626525
    ],
    [
      0.7527376564762697,
      0.8501877786979729,
      0.6968116194346916,
      0.9110584429840984,
      0.6992033543398687,
      0.8680983975608765,
      0.8505669695053674,
      0.0,
      0.9058808323969695,
      0.9058808323969695
    ],
    [
      0.8501877786979729,
      0.6968116194346916,
      0.9110584429840984,
      0.6992033543398687,
      0.8680983975608765,
      0.8505669695053674,
      0.8033184356626525,
      0.9058808323969695,
      0.0,
      0.80878468441004
    ],
    [
      0.8501877786979729,
      0.6968116194346916,
      0.9110584429840984,
      0.6992033543398687,
      0.8680983975608765,
      0.8505669695053674,
      0.8033184356626525,
      0.9058808323969695,
      0.80878468441004,
      0.0
    ]
  ]
}