{
  "servicechain": {
    "SC1": {
      "resptime": 35.32256094731345,
      "resptime_old": 25.322560947313452,
      "waittime": 20.382881663324035,
      "servicetime": 10.0,
      "networktime": 4.939679283989415,
      "services": {
        "MS1_1": {
          "meanserv": 0.13906614851248777,
          "stddevserv": 0.13906614851248777,
          "rate": 7.190822573979624,
          "cv": 1.0,
          "lambda": 0.15
        },
        "MS1_2": {
          "meanserv": 0.6703604314801959,
          "stddevserv": 0.6703604314801959,
          "rate": 1.4917348235962262,
          "cv": 1.0,
          "lambda": 0.15
        },
        "MS1_3": {
          "meanserv": 1.5959050241036896,
          "stddevserv": 1.5959050241036896,
          "rate": 0.6266037044163273,
          "cv": 1.0,
          "lambda": 0.15
        },
        "MS1_4": {
          "meanserv": 0.64798210346274,
          "stddevserv": 0.64798210346274,
          "rate": 1.5432524982651803,
          "cv": 1.0,
          "lambda": 0.15
        },
        "MS1_5": {
          "meanserv": 2.1330127763818596,
          "stddevserv": 2.1330127763818596,
          "rate": 0.4688204454622434,
          "cv": 1.0,
          "lambda": 0.15
        },
        "MS1_6": {
          "meanserv": 1.4597276675731772,
          "stddevserv": 1.4597276675731772,
          "rate": 0.685059290314417,
          "cv": 1.0,
          "lambda": 0.15
        },
        "MS1_7": {
          "meanserv": 2.063269387150873,
          "stddevserv": 2.063269387150873,
          "rate": 0.4846676862592721,
          "cv": 1.0,
          "lambda": 0.15
        },
        "MS1_8": {
          "meanserv": 0.06363247747598244,
          "stddevserv": 0.06363247747598244,
          "rate": 15.715245416579007,
          "cv": 1.0,
          "lambda": 0.15
        },
        "MS1_9": {
          "meanserv": 0.2307100707425942,
          "stddevserv": 0.2307100707425942,
          "rate": 4.334444512028741,
          "cv": 1.0,
          "lambda": 0.15
        },
        "MS1_10": {
          "meanserv": 0.9963339131164002,
          "stddevserv": 0.9963339131164002,
          "rate": 1.0036795765308568,
          "cv": 1.0,
          "lambda": 0.15
        }
      },
      "sensors": [
        "S1"
      ],
      "sources": [
        {
          "startTime": 0,
          "stopTime": -1,
          "lambda": 0.15
        }
      ]
    },
    "SC2": {
      "resptime": 35.886491355102606,
      "resptime_old": 25.8864913551026,
      "waittime": 20.84406384222965,
      "servicetime": 10.0,
      "networktime": 5.042427512872951,
      "services": {
        "MS2_1": {
          "meanserv": 0.8209880286570181,
          "stddevserv": 0.8209880286570181,
          "rate": 1.2180445574045844,
          "cv": 1.0,
          "lambda": 0.15
        },
        "MS2_2": {
          "meanserv": 0.35835246321732517,
          "stddevserv": 0.35835246321732517,
          "rate": 2.7905486989593915,
          "cv": 1.0,
          "lambda": 0.15
        },
        "MS2_3": {
          "meanserv": 1.7589195283408796,
          "stddevserv": 1.7589195283408796,
          "rate": 0.5685308417396793,
          "cv": 1.0,
          "lambda": 0.15
        },
        "MS2_4": {
          "meanserv": 0.8918518318851065,
          "stddevserv": 0.8918518318851065,
          "rate": 1.1212624835745426,
          "cv": 1.0,
          "lambda": 0.15
        },
        "MS2_5": {
          "meanserv": 1.429076843771246,
          "stddevserv": 1.429076843771246,
          "rate": 0.699752434138574,
          "cv": 1.0,
          "lambda": 0.15
        },
        "MS2_6": {
          "meanserv": 0.8512977116117906,
          "stddevserv": 0.8512977116117906,
          "rate": 1.1746771856189608,
          "cv": 1.0,
          "lambda": 0.15
        },
        "MS2_7": {
          "meanserv": 0.10272027795585892,
          "stddevserv": 0.10272027795585892,
          "rate": 9.735176149247973,
          "cv": 1.0,
          "lambda": 0.15
        },
        "MS2_8": {
          "meanserv": 0.25516027404645847,
          "stddevserv": 0.25516027404645847,
          "rate": 3.919105369113706,
          "cv": 1.0,
          "lambda": 0.15
        },
        "MS2_9": {
          "meanserv": 3.222487759439101,
          "stddevserv": 3.222487759439101,
          "rate": 0.3103192547654728,
          "cv": 1.0,
          "lambda": 0.15
        },
        "MS2_10": {
          "meanserv": 0.30914528107521555,
          "stddevserv": 0.30914528107521555,
          "rate": 3.2347250992218717,
          "cv": 1.0,
          "lambda": 0.15
        }
      },
      "sensors": [
        "S2"
      ],
      "sources": [
        {
          "startTime": 0,
          "stopTime": -1,
          "lambda": 0.15
        }
      ]
    },
    "SC3": {
      "resptime": 31.12574673397426,
      "resptime_old": 21.12574673397426,
      "waittime": 17.35416957297415,
      "servicetime": 10.0,
      "networktime": 3.77157716100011,
      "services": {
        "MS3_1": {
          "meanserv": 2.742431425152753,
          "stddevserv": 2.742431425152753,
          "rate": 0.3646399289434558,
          "cv": 1.0,
          "lambda": 0.15
        },
        "MS3_2": {
          "meanserv": 0.6239656118962409,
          "stddevserv": 0.6239656118962409,
          "rate": 1.602652423361898,
          "cv": 1.0,
          "lambda": 0.15
        },
        "MS3_3": {
          "meanserv": 1.3735159283211629,
          "stddevserv": 1.3735159283211629,
          "rate": 0.7280585389514134,
          "cv": 1.0,
          "lambda": 0.15
        },
        "MS3_4": {
          "meanserv": 0.2025495711873857,
          "stddevserv": 0.2025495711873857,
          "rate": 4.937063031720097,
          "cv": 1.0,
          "lambda": 0.15
        },
        "MS3_5": {
          "meanserv": 1.5772331459287,
          "stddevserv": 1.5772331459287,
          "rate": 0.6340216743360311,
          "cv": 1.0,
          "lambda": 0.15
        },
        "MS3_6": {
          "meanserv": 1.647577771231802,
          "stddevserv": 1.647577771231802,
          "rate": 0.6069516216235157,
          "cv": 1.0,
          "lambda": 0.15
        },
        "MS3_7": {
          "meanserv": 0.05718947390411877,
          "stddevserv": 0.05718947390411877,
          "rate": 17.485735253948196,
          "cv": 1.0,
          "lambda": 0.15
        },
        "MS3_8": {
          "meanserv": 0.18726637034455784,
          "stddevserv": 0.18726637034455784,
          "rate": 5.339987089833938,
          "cv": 1.0,
          "lambda": 0.15
        },
        "MS3_9": {
          "meanserv": 1.1233621627699772,
          "stddevserv": 1.1233621627699772,
          "rate": 0.8901848692626501,
          "cv": 1.0,
          "lambda": 0.15
        },
        "MS3_10": {
          "meanserv": 0.4649085392633019,
          "stddevserv": 0.4649085392633019,
          "rate": 2.1509607063458303,
          "cv": 1.0,
          "lambda": 0.15
        }
      },
      "sensors": [
        "S3"
      ],
      "sources": [
        {
          "startTime": 0,
          "stopTime": -1,
          "lambda": 0.15
        }
      ]
    },
    "SC4": {
      "resptime": 33.65610047580258,
      "resptime_old": 23.65610047580258,
      "waittime": 17.569676558551954,
      "servicetime": 10.0,
      "networktime": 6.08642391725063,
      "services": {
        "MS4_1": {
          "meanserv": 0.5971856015233101,
          "stddevserv": 0.5971856015233101,
          "rate": 1.6745212835828338,
          "cv": 1.0,
          "lambda": 0.15
        },
        "MS4_2": {
          "meanserv": 0.6360695177304765,
          "stddevserv": 0.6360695177304765,
          "rate": 1.5721552002178052,
          "cv": 1.0,
          "lambda": 0.15
        },
        "MS4_3": {
          "meanserv": 0.4122800305158192,
          "stddevserv": 0.4122800305158192,
          "rate": 2.425535863934186,
          "cv": 1.0,
          "lambda": 0.15
        },
        "MS4_4": {
          "meanserv": 0.1173003694888719,
          "stddevserv": 0.1173003694888719,
          "rate": 8.525122336420845,
          "cv": 1.0,
          "lambda": 0.15
        },
        "MS4_5": {
          "meanserv": 2.2075296376425566,
          "stddevserv": 2.2075296376425566,
          "rate": 0.45299505064308454,
          "cv": 1.0,
          "lambda": 0.15
        },
        "MS4_6": {
          "meanserv": 0.04673661387461259,
          "stddevserv": 0.04673661387461259,
          "rate": 21.396500882217353,
          "cv": 1.0,
          "lambda": 0.15
        },
        "MS4_7": {
          "meanserv": 3.48242382863015,
          "stddevserv": 3.48242382863015,
          "rate": 0.28715631675233544,
          "cv": 1.0,
          "lambda": 0.15
        },
        "MS4_8": {
          "meanserv": 1.8307443587291088,
          "stddevserv": 1.8307443587291088,
          "rate": 0.5462259081842501,
          "cv": 1.0,
          "lambda": 0.15
        },
        "MS4_9": {
          "meanserv": 0.10659839067072241,
          "stddevserv": 0.10659839067072241,
          "rate": 9.381004663465836,
          "cv": 1.0,
          "lambda": 0.15
        },
        "MS4_10": {
          "meanserv": 0.5631316511943716,
          "stddevserv": 0.5631316511943716,
          "rate": 1.7757836873119357,
          "cv": 1.0,
          "lambda": 0.15
        }
      },
      "sensors": [
        "S4"
      ],
      "sources": [
        {
          "startTime": 0,
          "stopTime": -1,
          "lambda": 0.15
        }
      ]
    }
  },
  "microservice": {
    "MS1_1": "F10",
    "MS1_2": "F10",
    "MS1_3": "F10",
    "MS1_4": "F10",
    "MS1_5": "F5",
    "MS1_6": "F6",
    "MS1_7": "F5",
    "MS1_8": "F10",
    "MS1_9": "F10",
    "MS1_10": "F3",
    "MS2_1": "F4",
    "MS2_2": "F4",
    "MS2_3": "F4",
    "MS2_4": "F1",
    "MS2_5": "F9",
    "MS2_6": "F9",
    "MS2_7": "F8",
    "MS2_8": "F8",
    "MS2_9": "F1",
    "MS2_10": "F8",
    "MS3_1": "F6",
    "MS3_2": "F9",
    "MS3_3": "F9",
    "MS3_4": "F10",
    "MS3_5": "F3",
    "MS3_6": "F3",
    "MS3_7": "F8",
    "MS3_8": "F8",
    "MS3_9": "F8",
    "MS3_10": "F8",
    "MS4_1": "F4",
    "MS4_2": "F4",
    "MS4_3": "F8",
    "MS4_4": "F8",
    "MS4_5": "F2",
    "MS4_6": "F8",
    "MS4_7": "F7",
    "MS4_8": "F2",
    "MS4_9": "F8",
    "MS4_10": "F8"
  },
  "sensor": {
    "S1": "F10",
    "S2": "F4",
    "S3": "F6",
    "S4": "F4"
  },
  "fog": {
    "F1": {
      "rho": 0.6171509386986311,
      "capacity": 1.0,
      "tserv": 2.057169795662104,
      "stddev": 2.6358830553700967,
      "mu": 0.4861047455142847,
      "cv": 1.2813152618360961,
      "lambda": 0.3,
      "twait": 4.380248580903999
    },
    "F2": {
      "rho": 0.6057410994557498,
      "capacity": 1.0,
      "tserv": 2.0191369981858327,
      "stddev": 2.0366388463951672,
      "mu": 0.4952610946649417,
      "cv": 1.0086679845028146,
      "lambda": 0.3,
      "twait": 3.1292173734321103
    },
    "F3": {
      "rho": 0.6331717245415353,
      "capacity": 1.0,
      "tserv": 1.4070482767589674,
      "stddev": 1.4663289525440881,
      "mu": 0.7107076683277895,
      "cv": 1.0421312308641388,
      "lambda": 0.44999999999999996,
      "twait": 2.533143676379671
    },
    "F4": {
      "rho": 0.6257272709203514,
      "capacity": 1.0,
      "tserv": 0.8343030278938018,
      "stddev": 1.0802401504187276,
      "mu": 1.1986052627958215,
      "cv": 1.2947815293752367,
      "lambda": 0.75,
      "twait": 1.8666003894178151
    },
    "F5": {
      "rho": 0.6294423245299099,
      "capacity": 1.0,
      "tserv": 2.0981410817663666,
      "stddev": 2.0987205791068164,
      "mu": 0.4766123730622194,
      "cv": 1.000276195602615,
      "lambda": 0.3,
      "twait": 3.5649608621612696
    },
    "F6": {
      "rho": 0.6303238639088895,
      "capacity": 1.0,
      "tserv": 2.101079546362965,
      "stddev": 2.2884928938056994,
      "mu": 0.4759458068739147,
      "cv": 1.0891985968675735,
      "lambda": 0.3,
      "twait": 3.916293497005126
    },
    "F7": {
      "rho": 0.5223635742945224,
      "capacity": 1.0,
      "tserv": 3.48242382863015,
      "stddev": 3.48242382863015,
      "mu": 0.28715631675233544,
      "cv": 1.0,
      "lambda": 0.15,
      "twait": 3.808527282325316
    },
    "F8": {
      "rho": 0.5618699152655829,
      "capacity": 1.0,
      "tserv": 0.31214995292532394,
      "stddev": 0.519201996641659,
      "mu": 3.2035885017071632,
      "cv": 1.66330954650462,
      "lambda": 1.7999999999999996,
      "twait": 0.7539027501053578
    },
    "F9": {
      "rho": 0.6416784143400661,
      "capacity": 1.0,
      "tserv": 1.06946402390011,
      "stddev": 1.1737420739980362,
      "mu": 0.935047816151132,
      "cv": 1.097504963016564,
      "lambda": 0.6,
      "twait": 2.111028630926068
    },
    "F10": {
      "rho": 0.5325308740447613,
      "capacity": 1.0,
      "tserv": 0.5071722609950108,
      "stddev": 0.867432295211236,
      "mu": 1.9717166669133692,
      "cv": 1.710330713886912,
      "lambda": 1.05,
      "twait": 1.1339204609361164
    }
  },
  "extra": {
    "deltatime": 3.3851178,
    "conv": 20,
    "obj_func": 33.997724878048224
  },
  "network": [
    [
      0.0,
      1.1712736318161174,
      1.203042218927434,
      0.844305038063331,
      0.9264799546531951,
      0.8016269418609304,
      1.317277171483675,
      0.9588248129416685,
      1.1002909686903204,
      1.1002909686903204
    ],
    [
      1.1712736318161174,
      0.0,
      1.1953686597667244,
      0.763935776782143,
      1.3327979410228927,
      1.331117986762199,
      0.998790286194583,
      1.1002909686903204,
      1.0988008636416247,
      1.0988008636416247
    ],
    [
      1.203042218927434,
      1.1953686597667244,
      0.0,
      0.931878193567626,
      1.040949135221636,
      1.0577948190625777,
      0.9588248129416685,
      1.0988008636416247,
      1.0865834458932302,
      1.0865834458932302
    ],
    [
      0.844305038063331,
      0.763935776782143,
      0.931878193567626,
      0.0,
      0.8432475008776498,
      1.317277171483675,
      1.1002909686903204,
      1.0865834458932302,
      1.0448565243523467,
      1.0448565243523467
    ],
    [
      0.9264799546531951,
      1.3327979410228927,
      1.040949135221636,
      0.8432475008776498,
      0.0,
      0.998790286194583,
      1.0988008636416247,
      1.0448565243523467,
      0.9277576328535097,
      0.9277576328535097
    ],
    [
      0.8016269418609304,
      1.331117986762199,
      1.0577948190625777,
      1.317277171483675,
      0.998790286194583,
      0.0,
      1.0865834458932302,
      0.9277576328535097,
      0.7001772790918555,
      0.7001772790918555
    ],
    [
      1.317277171483675,
      0.998790286194583,
      0.9588248129416685,
      1.1002909686903204,
      1.0988008636416247,
      1.0865834458932302,
      0.0,
      0.7001772790918555,
      1.3277947391429887,
      1.3277947391429887
    ],
    [
      0.9588248129416685,
      1.1002909686903204,
      1.0988008636416247,
      1.0865834458932302,
      1.0448565243523467,
      0.9277576328535097,
      0.7001772790918555,
      0.0,
      1.1801818802359627,
      1.1801818802359627
    ],
    [
      1.1002909686903204,
      1.0988008636416247,
      1.0865834458932302,
      1.0448565243523467,
      0.9277576328535097,
      0.7001772790918555,
      1.3277947391429887,
      1.1801818802359627,
      0.0,
      0.8860155723733997
    ],
    [
      1.1002909686903204,
      1.0988008636416247,
      1.0865834458932302,
      1.0448565243523467,
      0.9277576328535097,
      0.7001772790918555,
      1.3277947391429887,
      1.1801818802359627,
      0.8860155723733997,
      0.0
    ]
  ]
}