{
  "servicechain": {
    "SC1": {
      "resptime": 88.1176692643241,
      "resptime_old": 78.1176692643241,
      "waittime": 70.10218437037511,
      "servicetime": 10.0,
      "networktime": 8.015484893948994,
      "services": {
        "MS1_1": {
          "meanserv": 0.7615701789353246,
          "stddevserv": 0.7615701789353246,
          "rate": 1.3130766246624839,
          "cv": 1.0,
          "lambda": 0.2
        },
        "MS1_2": {
          "meanserv": 2.4803057237700723,
          "stddevserv": 2.4803057237700723,
          "rate": 0.4031761046295523,
          "cv": 1.0,
          "lambda": 0.2
        },
        "MS1_3": {
          "meanserv": 1.270926634375999,
          "stddevserv": 1.270926634375999,
          "rate": 0.7868274792202943,
          "cv": 1.0,
          "lambda": 0.2
        },
        "MS1_4": {
          "meanserv": 0.9588609911911208,
          "stddevserv": 0.9588609911911208,
          "rate": 1.0429040384235209,
          "cv": 1.0,
          "lambda": 0.2
        },
        "MS1_5": {
          "meanserv": 4.528336471727483,
          "stddevserv": 4.528336471727483,
          "rate": 0.22083164673019914,
          "cv": 1.0,
          "lambda": 0.2
        }
      },
      "sensors": [
        "S1"
      ],
      "sources": [
        {
          "startTime": 0,
          "stopTime": -1,
          "lambda": 0.2
        }
      ]
    },
    "SC2": {
      "resptime": 64.61639271523988,
      "resptime_old": 54.61639271523988,
      "waittime": 46.86270157336034,
      "servicetime": 10.0,
      "networktime": 7.753691141879543,
      "services": {
        "MS2_1": {
          "meanserv": 3.3529700050645173,
          "stddevserv": 3.3529700050645173,
          "rate": 0.2982430497408396,
          "cv": 1.0,
          "lambda": 0.2
        },
        "MS2_2": {
          "meanserv": 0.42760288073510955,
          "stddevserv": 0.42760288073510955,
          "rate": 2.3386184823658325,
          "cv": 1.0,
          "lambda": 0.2
        },
        "MS2_3": {
          "meanserv": 1.6546932815826674,
          "stddevserv": 1.6546932815826674,
          "rate": 0.6043416088832658,
          "cv": 1.0,
          "lambda": 0.2
        },
        "MS2_4": {
          "meanserv": 2.736092180392494,
          "stddevserv": 2.736092180392494,
          "rate": 0.3654847622336136,
          "cv": 1.0,
          "lambda": 0.2
        },
        "MS2_5": {
          "meanserv": 1.8286416522252118,
          "stddevserv": 1.8286416522252118,
          "rate": 0.5468539988592812,
          "cv": 1.0,
          "lambda": 0.2
        }
      },
      "sensors": [
        "S2"
      ],
      "sources": [
        {
          "startTime": 0,
          "stopTime": -1,
          "lambda": 0.2
        }
      ]
    },
    "SC3": {
      "resptime": 85.42635262294112,
      "resptime_old": 75.42635262294111,
      "waittime": 67.60702337394355,
      "servicetime": 10.0,
      "networktime": 7.819329248997569,
      "services": {
        "MS3_1": {
          "meanserv": 3.524731272053514,
          "stddevserv": 3.524731272053514,
          "rate": 0.28370957182713064,
          "cv": 1.0,
          "lambda": 0.2
        },
        "MS3_2": {
          "meanserv": 1.1378417774164493,
          "stddevserv": 1.1378417774164493,
          "rate": 0.8788568145832816,
          "cv": 1.0,
          "lambda": 0.2
        },
        "MS3_3": {
          "meanserv": 4.386370466371296,
          "stddevserv": 4.386370466371296,
          "rate": 0.2279789196253795,
          "cv": 1.0,
          "lambda": 0.2
        },
        "MS3_4": {
          "meanserv": 0.9300210351143434,
          "stddevserv": 0.9300210351143434,
          "rate": 1.0752444968914632,
          "cv": 1.0,
          "lambda": 0.2
        },
        "MS3_5": {
          "meanserv": 0.02103544904439758,
          "stddevserv": 0.02103544904439758,
          "rate": 47.5387997607939,
          "cv": 1.0,
          "lambda": 0.2
        }
      },
      "sensors": [
        "S3"
      ],
      "sources": [
        {
          "startTime": 0,
          "stopTime": -1,
          "lambda": 0.2
        }
      ]
    },
    "SC4": {
      "resptime": 57.78940967557395,
      "resptime_old": 47.78940967557395,
      "waittime": 44.39601453682036,
      "servicetime": 10.0,
      "networktime": 3.3933951387535886,
      "services": {
        "MS4_1": {
          "meanserv": 1.065127566964974,
          "stddevserv": 1.065127566964974,
          "rate": 0.938854679021639,
          "cv": 1.0,
          "lambda": 0.2
        },
        "MS4_2": {
          "meanserv": 0.24131772201973378,
          "stddevserv": 0.24131772201973378,
          "rate": 4.143914469399081,
          "cv": 1.0,
          "lambda": 0.2
        },
        "MS4_3": {
          "meanserv": 2.726729965100849,
          "stddevserv": 2.726729965100849,
          "rate": 0.3667396525504551,
          "cv": 1.0,
          "lambda": 0.2
        },
        "MS4_4": {
          "meanserv": 3.7813931536942844,
          "stddevserv": 3.7813931536942844,
          "rate": 0.2644527980442965,
          "cv": 1.0,
          "lambda": 0.2
        },
        "MS4_5": {
          "meanserv": 2.1854315922201586,
          "stddevserv": 2.1854315922201586,
          "rate": 0.4575755212653944,
          "cv": 1.0,
          "lambda": 0.2
        }
      },
      "sensors": [
        "S4"
      ],
      "sources": [
        {
          "startTime": 0,
          "stopTime": -1,
          "lambda": 0.2
        }
      ]
    }
  },
  "microservice": {
    "MS1_1": "F10",
    "MS1_2": "F8",
    "MS1_3": "F9",
    "MS1_4": "F6",
    "MS1_5": "F1",
    "MS2_1": "F5",
    "MS2_2": "F9",
    "MS2_3": "F10",
    "MS2_4": "F6",
    "MS2_5": "F10",
    "MS3_1": "F4",
    "MS3_2": "F8",
    "MS3_3": "F2",
    "MS3_4": "F5",
    "MS3_5": "F8",
    "MS4_1": "F7",
    "MS4_2": "F7",
    "MS4_3": "F7",
    "MS4_4": "F3",
    "MS4_5": "F9"
  },
  "sensor": {
    "S1": "F10",
    "S2": "F5",
    "S3": "F4",
    "S4": "F7"
  },
  "fog": {
    "F1": {
      "rho": 0.9056672943454966,
      "capacity": 1.0,
      "tserv": 4.528336471727483,
      "stddev": 4.528336471727483,
      "mu": 0.22083164673019914,
      "cv": 1.0,
      "lambda": 0.2,
      "twait": 43.475549776512494
    },
    "F2": {
      "rho": 0.8772740932742592,
      "capacity": 1.0,
      "tserv": 4.386370466371296,
      "stddev": 4.386370466371296,
      "mu": 0.2279789196253795,
      "cv": 1.0,
      "lambda": 0.2,
      "twait": 31.35482373945883
    },
    "F3": {
      "rho": 0.7562786307388569,
      "capacity": 1.0,
      "tserv": 3.7813931536942844,
      "stddev": 3.7813931536942844,
      "mu": 0.2644527980442965,
      "cv": 1.0,
      "lambda": 0.2,
      "twait": 11.733837066609416
    },
    "F4": {
      "rho": 0.7049462544107029,
      "capacity": 1.0,
      "tserv": 3.524731272053514,
      "stddev": 3.524731272053514,
      "mu": 0.28370957182713064,
      "cv": 1.0,
      "lambda": 0.2,
      "twait": 8.421333893171663
    },
    "F5": {
      "rho": 0.856598208035772,
      "capacity": 1.0,
      "tserv": 2.14149552008943,
      "stddev": 2.7425068674580206,
      "mu": 0.4669633863900119,
      "cv": 1.2806502940260607,
      "lambda": 0.4,
      "twait": 16.885907511724422
    },
    "F6": {
      "rho": 0.7389906343167231,
      "capacity": 1.0,
      "tserv": 1.8474765857918074,
      "stddev": 2.2343780085258667,
      "mu": 0.5412788490477195,
      "cv": 1.2094215567924167,
      "lambda": 0.4,
      "twait": 6.440853030716766
    },
    "F7": {
      "rho": 0.8066350508171115,
      "capacity": 1.0,
      "tserv": 1.3443917513618522,
      "stddev": 1.9860687312298997,
      "mu": 0.743830806003542,
      "cv": 1.4772991051291684,
      "lambda": 0.6000000000000001,
      "twait": 8.923837868142341
    },
    "F8": {
      "rho": 0.727836590046184,
      "capacity": 1.0,
      "tserv": 1.2130609834103063,
      "stddev": 1.8690046298691962,
      "mu": 0.8243608636959676,
      "cv": 1.540734270930733,
      "lambda": 0.6000000000000001,
      "twait": 5.472479114794315
    },
    "F9": {
      "rho": 0.7767922214662535,
      "capacity": 1.0,
      "tserv": 1.2946537024437557,
      "stddev": 1.6451986027987051,
      "mu": 0.772407322600959,
      "cv": 1.2707634479345864,
      "lambda": 0.6000000000000001,
      "twait": 5.890663865783923
    },
    "F10": {
      "rho": 0.8489810225486408,
      "capacity": 1.0,
      "tserv": 1.4149683709144012,
      "stddev": 1.5617780571684143,
      "mu": 0.7067295782405126,
      "cv": 1.1037547476479206,
      "lambda": 0.6000000000000001,
      "twait": 8.822638582567617
    }
  },
  "extra": {
    "deltatime": 0.0166311,
    "obj_func": 73.98745606951977
  },
  "network": [
    [
      0.0,
      1.9788005329651823,
      1.9656313644914092,
      1.659969364956676,
      2.0897086421170465,
      1.5630521792536054,
      2.309265488529328,
      1.5893604547454363,
      1.8547140894589544,
      1.8547140894589544
    ],
    [
      1.9788005329651823,
      0.0,
      2.02223192488677,
      2.4887610818779202,
      1.6240176245423863,
      2.568641567948375,
      1.5367268926630049,
      1.8547140894589544,
      1.9221381113634284,
      1.9221381113634284
    ],
    [
      1.9656313644914092,
      2.02223192488677,
      0.0,
      2.174099641931437,
      2.1185723485158587,
      1.6453607712806462,
      1.5893604547454363,
      1.9221381113634284,
      1.8040346840081523,
      1.8040346840081523
    ],
    [
      1.659969364956676,
      2.4887610818779202,
      2.174099641931437,
      0.0,
      2.273676684277657,
      2.309265488529328,
      1.8547140894589544,
      1.8040346840081523,
      2.5365628509880764,
      2.5365628509880764
    ],
    [
      2.0897086421170465,
      1.6240176245423863,
      2.1185723485158587,
      2.273676684277657,
      0.0,
      1.5367268926630049,
      1.9221381113634284,
      2.5365628509880764,
      1.9579992174093945,
      1.9579992174093945
    ],
    [
      1.5630521792536054,
      2.568641567948375,
      1.6453607712806462,
      2.309265488529328,
      1.5367268926630049,
      0.0,
      1.8040346840081523,
      1.9579992174093945,
      2.0075876279887432,
      2.0075876279887432
    ],
    [
      2.309265488529328,
      1.5367268926630049,
      1.5893604547454363,
      1.8547140894589544,
      1.9221381113634284,
      1.8040346840081523,
      0.0,
      2.0075876279887432,
      2.505566235048557,
      2.505566235048557
    ],
    [
      1.5893604547454363,
      1.8547140894589544,
      1.9221381113634284,
      1.8040346840081523,
      2.5365628509880764,
      1.9579992174093945,
      2.0075876279887432,
      0.0,
      2.2224225433533227,
      2.2224225433533227
    ],
    [
      1.8547140894589544,
      1.9221381113634284,
      1.8040346840081523,
      2.5365628509880764,
      1.9579992174093945,
      2.0075876279887432,
      2.505566235048557,
      2.2224225433533227,
      0.0,
      1.7805166684926617
    ],
    [
      1.8547140894589544,
      1.9221381113634284,
      1.8040346840081523,
      2.5365628509880764,
      1.9579992174093945,
      2.0075876279887432,
      2.505566235048557,
      2.2224225433533227,
      1.7805166684926617,
      0.0
    ]
  ]
}