{
  "servicechain": {
    "SC1": {
      "resptime": 27.817022221634993,
      "resptime_old": 17.817022221634996,
      "waittime": 14.437308623786617,
      "servicetime": 10.0,
      "networktime": 3.3797135978483768,
      "services": {
        "MS1_1": {
          "meanserv": 2.8447833341473783,
          "stddevserv": 2.8447833341473783,
          "rate": 0.35152061951308994,
          "cv": 1.0,
          "lambda": 0.15
        },
        "MS1_2": {
          "meanserv": 3.41110953369583,
          "stddevserv": 3.41110953369583,
          "rate": 0.2931597446876857,
          "cv": 1.0,
          "lambda": 0.15
        },
        "MS1_3": {
          "meanserv": 0.5558713491413485,
          "stddevserv": 0.5558713491413485,
          "rate": 1.798977410051255,
          "cv": 1.0,
          "lambda": 0.15
        },
        "MS1_4": {
          "meanserv": 1.065169738068927,
          "stddevserv": 1.065169738068927,
          "rate": 0.9388175088534952,
          "cv": 1.0,
          "lambda": 0.15
        },
        "MS1_5": {
          "meanserv": 0.042512773899009204,
          "stddevserv": 0.042512773899009204,
          "rate": 23.522341834845687,
          "cv": 1.0,
          "lambda": 0.15
        },
        "MS1_6": {
          "meanserv": 0.05905803474750648,
          "stddevserv": 0.05905803474750648,
          "rate": 16.932497064545846,
          "cv": 1.0,
          "lambda": 0.15
        },
        "MS1_7": {
          "meanserv": 1.3805147990869981,
          "stddevserv": 1.3805147990869981,
          "rate": 0.7243674610814378,
          "cv": 1.0,
          "lambda": 0.15
        },
        "MS1_8": {
          "meanserv": 0.6409804372130026,
          "stddevserv": 0.6409804372130026,
          "rate": 1.5601100157565222,
          "cv": 1.0,
          "lambda": 0.15
        }
      },
      "sensors": [
        "S1"
      ],
      "sources": [
        {
          "startTime": 0,
          "stopTime": -1,
          "lambda": 0.15
        }
      ]
    },
    "SC2": {
      "resptime": 39.063481246927225,
      "resptime_old": 29.063481246927218,
      "waittime": 23.11250960929916,
      "servicetime": 10.0,
      "networktime": 5.9509716376280615,
      "services": {
        "MS2_1": {
          "meanserv": 0.7691958963718659,
          "stddevserv": 0.7691958963718659,
          "rate": 1.3000589378034753,
          "cv": 1.0,
          "lambda": 0.15
        },
        "MS2_2": {
          "meanserv": 1.6700600574335223,
          "stddevserv": 1.6700600574335223,
          "rate": 0.5987808615318647,
          "cv": 1.0,
          "lambda": 0.15
        },
        "MS2_3": {
          "meanserv": 0.7283962174710945,
          "stddevserv": 0.7283962174710945,
          "rate": 1.3728791775881013,
          "cv": 1.0,
          "lambda": 0.15
        },
        "MS2_4": {
          "meanserv": 2.0870707420360355,
          "stddevserv": 2.0870707420360355,
          "rate": 0.4791404430424112,
          "cv": 1.0,
          "lambda": 0.15
        },
        "MS2_5": {
          "meanserv": 2.99277665801584,
          "stddevserv": 2.99277665801584,
          "rate": 0.33413786402055906,
          "cv": 1.0,
          "lambda": 0.15
        },
        "MS2_6": {
          "meanserv": 0.04649194986817129,
          "stddevserv": 0.04649194986817129,
          "rate": 21.50910002345604,
          "cv": 1.0,
          "lambda": 0.15
        },
        "MS2_7": {
          "meanserv": 0.12276055281256326,
          "stddevserv": 0.12276055281256326,
          "rate": 8.145939205135775,
          "cv": 1.0,
          "lambda": 0.15
        },
        "MS2_8": {
          "meanserv": 1.5832479259909071,
          "stddevserv": 1.5832479259909071,
          "rate": 0.6316130175090109,
          "cv": 1.0,
          "lambda": 0.15
        }
      },
      "sensors": [
        "S2"
      ],
      "sources": [
        {
          "startTime": 0,
          "stopTime": -1,
          "lambda": 0.15
        }
      ]
    },
    "SC3": {
      "resptime": 34.34956635349371,
      "resptime_old": 24.349566353493707,
      "waittime": 19.42389124570037,
      "servicetime": 10.0,
      "networktime": 4.925675107793335,
      "services": {
        "MS3_1": {
          "meanserv": 2.228890268569168,
          "stddevserv": 2.228890268569168,
          "rate": 0.44865376017005454,
          "cv": 1.0,
          "lambda": 0.15
        },
        "MS3_2": {
          "meanserv": 0.076995188615824,
          "stddevserv": 0.076995188615824,
          "rate": 12.98782453783717,
          "cv": 1.0,
          "lambda": 0.15
        },
        "MS3_3": {
          "meanserv": 1.796670116816534,
          "stddevserv": 1.796670116816534,
          "rate": 0.5565852020580551,
          "cv": 1.0,
          "lambda": 0.15
        },
        "MS3_4": {
          "meanserv": 2.7859971164505133,
          "stddevserv": 2.7859971164505133,
          "rate": 0.35893791637302386,
          "cv": 1.0,
          "lambda": 0.15
        },
        "MS3_5": {
          "meanserv": 0.18058044867638579,
          "stddevserv": 0.18058044867638579,
          "rate": 5.537698058288014,
          "cv": 1.0,
          "lambda": 0.15
        },
        "MS3_6": {
          "meanserv": 2.2991348942110967,
          "stddevserv": 2.2991348942110967,
          "rate": 0.43494620629605574,
          "cv": 1.0,
          "lambda": 0.15
        },
        "MS3_7": {
          "meanserv": 0.6078706083242373,
          "stddevserv": 0.6078706083242373,
          "rate": 1.6450869417042144,
          "cv": 1.0,
          "lambda": 0.15
        },
        "MS3_8": {
          "meanserv": 0.023861358336240812,
          "stddevserv": 0.023861358336240812,
          "rate": 41.90876252343072,
          "cv": 1.0,
          "lambda": 0.15
        }
      },
      "sensors": [
        "S3"
      ],
      "sources": [
        {
          "startTime": 0,
          "stopTime": -1,
          "lambda": 0.15
        }
      ]
    },
    "SC4": {
      "resptime": 34.000690432601864,
      "resptime_old": 24.000690432601864,
      "waittime": 20.040153727303597,
      "servicetime": 10.0,
      "networktime": 3.9605367052982663,
      "services": {
        "MS4_1": {
          "meanserv": 2.64527222767744,
          "stddevserv": 2.64527222767744,
          "rate": 0.37803292588831366,
          "cv": 1.0,
          "lambda": 0.15
        },
        "MS4_2": {
          "meanserv": 2.2087666394788075,
          "stddevserv": 2.2087666394788075,
          "rate": 0.4527413544402162,
          "cv": 1.0,
          "lambda": 0.15
        },
        "MS4_3": {
          "meanserv": 0.1393924244460134,
          "stddevserv": 0.1393924244460134,
          "rate": 7.17399101116359,
          "cv": 1.0,
          "lambda": 0.15
        },
        "MS4_4": {
          "meanserv": 0.03342645362768071,
          "stddevserv": 0.03342645362768071,
          "rate": 29.91642521035771,
          "cv": 1.0,
          "lambda": 0.15
        },
        "MS4_5": {
          "meanserv": 0.10285559179444448,
          "stddevserv": 0.10285559179444448,
          "rate": 9.722368833368696,
          "cv": 1.0,
          "lambda": 0.15
        },
        "MS4_6": {
          "meanserv": 1.5191800760834973,
          "stddevserv": 1.5191800760834973,
          "rate": 0.6582498123448519,
          "cv": 1.0,
          "lambda": 0.15
        },
        "MS4_7": {
          "meanserv": 0.7369068487419561,
          "stddevserv": 0.7369068487419561,
          "rate": 1.3570236207021216,
          "cv": 1.0,
          "lambda": 0.15
        },
        "MS4_8": {
          "meanserv": 2.6141997381501607,
          "stddevserv": 2.6141997381501607,
          "rate": 0.3825262413604295,
          "cv": 1.0,
          "lambda": 0.15
        }
      },
      "sensors": [
        "S4"
      ],
      "sources": [
        {
          "startTime": 0,
          "stopTime": -1,
          "lambda": 0.15
        }
      ]
    }
  },
  "microservice": {
    "MS1_1": "F2",
    "MS1_2": "F1",
    "MS1_3": "F10",
    "MS1_4": "F10",
    "MS1_5": "F10",
    "MS1_6": "F10",
    "MS1_7": "F4",
    "MS1_8": "F4",
    "MS2_1": "F2",
    "MS2_2": "F9",
    "MS2_3": "F5",
    "MS2_4": "F6",
    "MS2_5": "F8",
    "MS2_6": "F10",
    "MS2_7": "F10",
    "MS2_8": "F3",
    "MS3_1": "F6",
    "MS3_2": "F10",
    "MS3_3": "F7",
    "MS3_4": "F7",
    "MS3_5": "F10",
    "MS3_6": "F3",
    "MS3_7": "F10",
    "MS3_8": "F10",
    "MS4_1": "F9",
    "MS4_2": "F4",
    "MS4_3": "F10",
    "MS4_4": "F10",
    "MS4_5": "F10",
    "MS4_6": "F8",
    "MS4_7": "F5",
    "MS4_8": "F5"
  },
  "sensor": {
    "S1": "F2",
    "S2": "F2",
    "S3": "F6",
    "S4": "F9"
  },
  "fog": {
    "F1": {
      "rho": 0.5116664300543745,
      "capacity": 1.0,
      "tserv": 3.4111095336958304,
      "stddev": 3.4111095336958295,
      "mu": 0.29315974468768563,
      "cv": 0.9999999999999998,
      "lambda": 0.15,
      "twait": 3.5740943179985085
    },
    "F2": {
      "rho": 0.5420968845778866,
      "capacity": 1.0,
      "tserv": 1.806989615259622,
      "stddev": 2.3279267762500337,
      "mu": 0.5534066115019279,
      "cv": 1.2882900690691381,
      "lambda": 0.3,
      "twait": 2.844855468137288
    },
    "F3": {
      "rho": 0.5823574230303006,
      "capacity": 1.0,
      "tserv": 1.941191410101002,
      "stddev": 2.006108463240127,
      "mu": 0.5151475505179415,
      "cv": 1.0334418609114633,
      "lambda": 0.3,
      "twait": 2.798814950863697
    },
    "F4": {
      "rho": 0.6345392813668214,
      "capacity": 1.0,
      "tserv": 1.4100872919262697,
      "stddev": 1.6758694942794226,
      "mu": 0.7091759536630784,
      "cv": 1.1884863468204705,
      "lambda": 0.44999999999999996,
      "twait": 2.9532560131111962
    },
    "F5": {
      "rho": 0.6119254206544817,
      "capacity": 1.0,
      "tserv": 1.3598342681210707,
      "stddev": 1.8500286789054226,
      "mu": 0.7353837327410009,
      "cv": 1.3604809955713721,
      "lambda": 0.44999999999999996,
      "twait": 3.0564871207086526
    },
    "F6": {
      "rho": 0.6473941515907805,
      "capacity": 1.0,
      "tserv": 2.1579805053026018,
      "stddev": 2.1603092950591853,
      "mu": 0.4633962158336437,
      "cv": 1.001079152360673,
      "lambda": 0.3,
      "twait": 3.96639029967153
    },
    "F7": {
      "rho": 0.687400084990057,
      "capacity": 1.0,
      "tserv": 2.2913336166335236,
      "stddev": 2.3957449152230814,
      "mu": 0.43642706271172393,
      "cv": 1.0455679163573575,
      "lambda": 0.3,
      "twait": 5.273419591868356
    },
    "F8": {
      "rho": 0.6767935101149005,
      "capacity": 1.0,
      "tserv": 2.2559783670496687,
      "stddev": 2.484991315022536,
      "mu": 0.4432666618642197,
      "cv": 1.101513804971617,
      "lambda": 0.3,
      "twait": 5.227905648957474
    },
    "F9": {
      "rho": 0.6472998427666443,
      "capacity": 1.0,
      "tserv": 2.157666142555481,
      "stddev": 2.2651804721094906,
      "mu": 0.4634637306843158,
      "cv": 1.0498289922771242,
      "lambda": 0.3,
      "twait": 4.1621327152463
    },
    "F10": {
      "rho": 0.4585269708537529,
      "capacity": 1.0,
      "tserv": 0.23514203633525796,
      "stddev": 0.48776574842023634,
      "mu": 4.252748745333787,
      "cv": 2.0743451746109556,
      "lambda": 1.9499999999999995,
      "twait": 0.5279617028571075
    }
  },
  "extra": {
    "conv_gen": 80,
    "max_gen": 600,
    "population": 600,
    "deltatime": 52.7667709,
    "obj_func": 33.807690063664445
  },
  "network": [
    [
      0.0,
      1.1701022936821242,
      1.564156217519824,
      1.1539413836279442,
      1.2086445430583788,
      1.1904871941866135,
      1.5202310409719948,
      1.600928192082641,
      1.2464734497452683,
      1.2464734497452683
    ],
    [
      1.1701022936821242,
      0.0,
      1.1397359788846508,
      1.492296609052605,
      1.5365335463764787,
      1.5805146470178095,
      1.144876471296051,
      1.2464734497452683,
      1.3862984872122546,
      1.3862984872122546
    ],
    [
      1.564156217519824,
      1.1397359788846508,
      0.0,
      1.5579032035551421,
      1.4030793671363297,
      1.3001856526590727,
      1.600928192082641,
      1.3862984872122546,
      0.7228600964520502,
      0.7228600964520502
    ],
    [
      1.1539413836279442,
      1.492296609052605,
      1.5579032035551421,
      0.0,
      1.0945622410964657,
      1.5202310409719948,
      1.2464734497452683,
      0.7228600964520502,
      0.9631378544209845,
      0.9631378544209845
    ],
    [
      1.2086445430583788,
      1.5365335463764787,
      1.4030793671363297,
      1.0945622410964657,
      0.0,
      1.144876471296051,
      1.3862984872122546,
      0.9631378544209845,
      0.8129067203161963,
      0.8129067203161963
    ],
    [
      1.1904871941866135,
      1.5805146470178095,
      1.3001856526590727,
      1.5202310409719948,
      1.144876471296051,
      0.0,
      0.7228600964520502,
      0.8129067203161963,
      1.1168422998953953,
      1.1168422998953953
    ],
    [
      1.5202310409719948,
      1.144876471296051,
      1.600928192082641,
      1.2464734497452683,
      1.3862984872122546,
      0.7228600964520502,
      0.0,
      1.1168422998953953,
      1.1815563074969193,
      1.1815563074969193
    ],
    [
      1.600928192082641,
      1.2464734497452683,
      1.3862984872122546,
      0.7228600964520502,
      0.9631378544209845,
      0.8129067203161963,
      1.1168422998953953,
      0.0,
      1.071123142035313,
      1.071123142035313
    ],
    [
      1.2464734497452683,
      1.3862984872122546,
      0.7228600964520502,
      0.9631378544209845,
      0.8129067203161963,
      1.1168422998953953,
      1.1815563074969193,
      1.071123142035313,
      0.0,
      1.6533553597315884
    ],
    [
      1.2464734497452683,
      1.3862984872122546,
      0.7228600964520502,
      0.9631378544209845,
      0.8129067203161963,
      1.1168422998953953,
      1.1815563074969193,
      1.071123142035313,
      1.6533553597315884,
      0.0
    ]
  ]
}