{
  "servicechain": {
    "SC1": {
      "resptime": 30.975970945847788,
      "resptime_old": 20.975970945847788,
      "waittime": 16.40554882181973,
      "servicetime": 10.0,
      "networktime": 4.5704221240280605,
      "services": {
        "MS1_1": {
          "meanserv": 1.1918535828675891,
          "stddevserv": 1.1918535828675891,
          "rate": 0.8390292351129313,
          "cv": 1.0,
          "lambda": 0.225
        },
        "MS1_2": {
          "meanserv": 0.20460573665726733,
          "stddevserv": 0.20460573665726733,
          "rate": 4.887448496495913,
          "cv": 1.0,
          "lambda": 0.225
        },
        "MS1_3": {
          "meanserv": 1.7613939375691166,
          "stddevserv": 1.7613939375691166,
          "rate": 0.5677321686368983,
          "cv": 1.0,
          "lambda": 0.225
        },
        "MS1_4": {
          "meanserv": 1.387682687242628,
          "stddevserv": 1.387682687242628,
          "rate": 0.7206258384523291,
          "cv": 1.0,
          "lambda": 0.225
        },
        "MS1_5": {
          "meanserv": 0.7366294054915041,
          "stddevserv": 0.7366294054915041,
          "rate": 1.3575347285148982,
          "cv": 1.0,
          "lambda": 0.225
        },
        "MS1_6": {
          "meanserv": 1.8239933218983335,
          "stddevserv": 1.8239933218983335,
          "rate": 0.5482476213011807,
          "cv": 1.0,
          "lambda": 0.225
        },
        "MS1_7": {
          "meanserv": 0.15603419186641965,
          "stddevserv": 0.15603419186641965,
          "rate": 6.408851726909296,
          "cv": 1.0,
          "lambda": 0.225
        },
        "MS1_8": {
          "meanserv": 1.989360919786634,
          "stddevserv": 1.989360919786634,
          "rate": 0.502673994474192,
          "cv": 1.0,
          "lambda": 0.225
        },
        "MS1_9": {
          "meanserv": 0.6317402326070738,
          "stddevserv": 0.6317402326070738,
          "rate": 1.5829291034278234,
          "cv": 1.0,
          "lambda": 0.225
        },
        "MS1_10": {
          "meanserv": 0.1167059840134339,
          "stddevserv": 0.1167059840134339,
          "rate": 8.568540923187719,
          "cv": 1.0,
          "lambda": 0.225
        }
      },
      "sensors": [
        "S1"
      ],
      "sources": [
        {
          "startTime": 0,
          "stopTime": -1,
          "lambda": 0.225
        }
      ]
    },
    "SC2": {
      "resptime": 36.93140016843747,
      "resptime_old": 26.931400168437474,
      "waittime": 23.470616022109706,
      "servicetime": 10.0,
      "networktime": 3.4607841463277618,
      "services": {
        "MS2_1": {
          "meanserv": 0.8165345976763305,
          "stddevserv": 0.8165345976763305,
          "rate": 1.224687848923695,
          "cv": 1.0,
          "lambda": 0.225
        },
        "MS2_2": {
          "meanserv": 0.7561849058218806,
          "stddevserv": 0.7561849058218806,
          "rate": 1.322427877495283,
          "cv": 1.0,
          "lambda": 0.225
        },
        "MS2_3": {
          "meanserv": 1.876762114054299,
          "stddevserv": 1.876762114054299,
          "rate": 0.5328325803848083,
          "cv": 1.0,
          "lambda": 0.225
        },
        "MS2_4": {
          "meanserv": 0.4549616812222057,
          "stddevserv": 0.4549616812222057,
          "rate": 2.1979873059058677,
          "cv": 1.0,
          "lambda": 0.225
        },
        "MS2_5": {
          "meanserv": 0.05065976493479596,
          "stddevserv": 0.05065976493479596,
          "rate": 19.739530992437434,
          "cv": 1.0,
          "lambda": 0.225
        },
        "MS2_6": {
          "meanserv": 0.38693939975888814,
          "stddevserv": 0.38693939975888814,
          "rate": 2.5843840162648872,
          "cv": 1.0,
          "lambda": 0.225
        },
        "MS2_7": {
          "meanserv": 0.8785268353896711,
          "stddevserv": 0.8785268353896711,
          "rate": 1.1382691566347536,
          "cv": 1.0,
          "lambda": 0.225
        },
        "MS2_8": {
          "meanserv": 1.0888420280914088,
          "stddevserv": 1.0888420280914088,
          "rate": 0.9184068709699452,
          "cv": 1.0,
          "lambda": 0.225
        },
        "MS2_9": {
          "meanserv": 3.3168331037502714,
          "stddevserv": 3.3168331037502714,
          "rate": 0.3014924081857847,
          "cv": 1.0,
          "lambda": 0.225
        },
        "MS2_10": {
          "meanserv": 0.3737555693002488,
          "stddevserv": 0.3737555693002488,
          "rate": 2.6755454156100367,
          "cv": 1.0,
          "lambda": 0.225
        }
      },
      "sensors": [
        "S2"
      ],
      "sources": [
        {
          "startTime": 0,
          "stopTime": -1,
          "lambda": 0.225
        }
      ]
    },
    "SC3": {
      "resptime": 38.30007838292487,
      "resptime_old": 28.300078382924877,
      "waittime": 21.625844664529524,
      "servicetime": 10.0,
      "networktime": 6.6742337183953495,
      "services": {
        "MS3_1": {
          "meanserv": 2.1176062868782197,
          "stddevserv": 2.1176062868782197,
          "rate": 0.47223131428940096,
          "cv": 1.0,
          "lambda": 0.225
        },
        "MS3_2": {
          "meanserv": 0.627230446104099,
          "stddevserv": 0.627230446104099,
          "rate": 1.5943103626606066,
          "cv": 1.0,
          "lambda": 0.225
        },
        "MS3_3": {
          "meanserv": 2.6612915020730705,
          "stddevserv": 2.6612915020730705,
          "rate": 0.3757574092206842,
          "cv": 1.0,
          "lambda": 0.225
        },
        "MS3_4": {
          "meanserv": 0.4210964553139913,
          "stddevserv": 0.4210964553139913,
          "rate": 2.374752832470053,
          "cv": 1.0,
          "lambda": 0.225
        },
        "MS3_5": {
          "meanserv": 0.1921425895596265,
          "stddevserv": 0.1921425895596265,
          "rate": 5.204468214422997,
          "cv": 1.0,
          "lambda": 0.225
        },
        "MS3_6": {
          "meanserv": 0.3809705239878687,
          "stddevserv": 0.3809705239878687,
          "rate": 2.624874989099795,
          "cv": 1.0,
          "lambda": 0.225
        },
        "MS3_7": {
          "meanserv": 0.4225790970234389,
          "stddevserv": 0.4225790970234389,
          "rate": 2.366420883199847,
          "cv": 1.0,
          "lambda": 0.225
        },
        "MS3_8": {
          "meanserv": 0.2727546209668539,
          "stddevserv": 0.2727546209668539,
          "rate": 3.66629902164526,
          "cv": 1.0,
          "lambda": 0.225
        },
        "MS3_9": {
          "meanserv": 2.7446561094925253,
          "stddevserv": 2.7446561094925253,
          "rate": 0.36434436960661554,
          "cv": 1.0,
          "lambda": 0.225
        },
        "MS3_10": {
          "meanserv": 0.1596723686003063,
          "stddevserv": 0.1596723686003063,
          "rate": 6.262824361948381,
          "cv": 1.0,
          "lambda": 0.225
        }
      },
      "sensors": [
        "S3"
      ],
      "sources": [
        {
          "startTime": 0,
          "stopTime": -1,
          "lambda": 0.225
        }
      ]
    },
    "SC4": {
      "resptime": 37.66602783648292,
      "resptime_old": 27.666027836482918,
      "waittime": 22.497866552752917,
      "servicetime": 10.0,
      "networktime": 5.1681612837300035,
      "services": {
        "MS4_1": {
          "meanserv": 2.1418641148057205,
          "stddevserv": 2.1418641148057205,
          "rate": 0.4668830263728966,
          "cv": 1.0,
          "lambda": 0.225
        },
        "MS4_2": {
          "meanserv": 0.8363866557799806,
          "stddevserv": 0.8363866557799806,
          "rate": 1.1956192666266778,
          "cv": 1.0,
          "lambda": 0.225
        },
        "MS4_3": {
          "meanserv": 0.5514255513447592,
          "stddevserv": 0.5514255513447592,
          "rate": 1.8134814347309516,
          "cv": 1.0,
          "lambda": 0.225
        },
        "MS4_4": {
          "meanserv": 0.27560238879597243,
          "stddevserv": 0.27560238879597243,
          "rate": 3.628415574947345,
          "cv": 1.0,
          "lambda": 0.225
        },
        "MS4_5": {
          "meanserv": 0.8395171473905663,
          "stddevserv": 0.8395171473905663,
          "rate": 1.1911608989861082,
          "cv": 1.0,
          "lambda": 0.225
        },
        "MS4_6": {
          "meanserv": 0.5195230660731429,
          "stddevserv": 0.5195230660731429,
          "rate": 1.9248423511944923,
          "cv": 1.0,
          "lambda": 0.225
        },
        "MS4_7": {
          "meanserv": 0.5414436618108489,
          "stddevserv": 0.5414436618108489,
          "rate": 1.846914223089282,
          "cv": 1.0,
          "lambda": 0.225
        },
        "MS4_8": {
          "meanserv": 0.010886754985180325,
          "stddevserv": 0.010886754985180325,
          "rate": 91.85473553517622,
          "cv": 1.0,
          "lambda": 0.225
        },
        "MS4_9": {
          "meanserv": 0.9787489261685796,
          "stddevserv": 0.9787489261685796,
          "rate": 1.0217124875064845,
          "cv": 1.0,
          "lambda": 0.225
        },
        "MS4_10": {
          "meanserv": 3.3046017328452493,
          "stddevserv": 3.3046017328452493,
          "rate": 0.3026083264620829,
          "cv": 1.0,
          "lambda": 0.225
        }
      },
      "sensors": [
        "S4"
      ],
      "sources": [
        {
          "startTime": 0,
          "stopTime": -1,
          "lambda": 0.225
        }
      ]
    }
  },
  "microservice": {
    "MS1_1": "F11",
    "MS1_2": "F10",
    "MS1_3": "F10",
    "MS1_4": "F12",
    "MS1_5": "F12",
    "MS1_6": "F9",
    "MS1_7": "F7",
    "MS1_8": "F7",
    "MS1_9": "F11",
    "MS1_10": "F11",
    "MS2_1": "F15",
    "MS2_2": "F15",
    "MS2_3": "F8",
    "MS2_4": "F8",
    "MS2_5": "F14",
    "MS2_6": "F14",
    "MS2_7": "F14",
    "MS2_8": "F14",
    "MS2_9": "F1",
    "MS2_10": "F15",
    "MS3_1": "F6",
    "MS3_2": "F11",
    "MS3_3": "F4",
    "MS3_4": "F12",
    "MS3_5": "F12",
    "MS3_6": "F9",
    "MS3_7": "F9",
    "MS3_8": "F11",
    "MS3_9": "F3",
    "MS3_10": "F13",
    "MS4_1": "F5",
    "MS4_2": "F13",
    "MS4_3": "F13",
    "MS4_4": "F13",
    "MS4_5": "F15",
    "MS4_6": "F10",
    "MS4_7": "F14",
    "MS4_8": "F13",
    "MS4_9": "F13",
    "MS4_10": "F2"
  },
  "sensor": {
    "S1": "F11",
    "S2": "F15",
    "S3": "F6",
    "S4": "F5"
  },
  "fog": {
    "F1": {
      "rho": 0.7462874483438111,
      "capacity": 1.0,
      "tserv": 3.3168331037502714,
      "stddev": 3.3168331037502714,
      "mu": 0.3014924081857847,
      "cv": 1.0,
      "lambda": 0.225,
      "twait": 9.756359696915657
    },
    "F2": {
      "rho": 0.7435353898901811,
      "capacity": 1.0,
      "tserv": 3.3046017328452493,
      "stddev": 3.3046017328452493,
      "mu": 0.3026083264620829,
      "cv": 1.0,
      "lambda": 0.225,
      "twait": 9.580613624666293
    },
    "F3": {
      "rho": 0.6175476246358182,
      "capacity": 1.0,
      "tserv": 2.7446561094925257,
      "stddev": 2.744656109492525,
      "mu": 0.3643443696066155,
      "cv": 0.9999999999999997,
      "lambda": 0.225,
      "twait": 4.431808952017388
    },
    "F4": {
      "rho": 0.5987905879664409,
      "capacity": 1.0,
      "tserv": 2.6612915020730705,
      "stddev": 2.6612915020730705,
      "mu": 0.3757574092206842,
      "cv": 1.0,
      "lambda": 0.225,
      "twait": 3.9718816545189473
    },
    "F5": {
      "rho": 0.4819194258312871,
      "capacity": 1.0,
      "tserv": 2.1418641148057205,
      "stddev": 2.1418641148057205,
      "mu": 0.4668830263728966,
      "cv": 1.0,
      "lambda": 0.225,
      "twait": 1.9923656201007702
    },
    "F6": {
      "rho": 0.4764614145475995,
      "capacity": 1.0,
      "tserv": 2.1176062868782197,
      "stddev": 2.11760628687822,
      "mu": 0.47223131428940096,
      "cv": 1.0000000000000002,
      "lambda": 0.225,
      "twait": 1.9271887783190333
    },
    "F7": {
      "rho": 0.4827139001219371,
      "capacity": 1.0,
      "tserv": 1.0726975558265268,
      "stddev": 1.6826239900612152,
      "mu": 0.9322292146265659,
      "cv": 1.5685912407665854,
      "lambda": 0.45,
      "twait": 1.7319782926846123
    },
    "F8": {
      "rho": 0.5246378539372136,
      "capacity": 1.0,
      "tserv": 1.1658618976382524,
      "stddev": 1.5394778984335662,
      "mu": 0.8577345241539778,
      "cv": 1.3204633426584806,
      "lambda": 0.45,
      "twait": 1.7651297939454473
    },
    "F9": {
      "rho": 0.5911971621546692,
      "capacity": 1.0,
      "tserv": 0.875847647636547,
      "stddev": 1.2909943503394954,
      "mu": 1.1417510827350796,
      "cv": 1.4739941973049895,
      "lambda": 0.675,
      "twait": 2.0092796822692938
    },
    "F10": {
      "rho": 0.5592426165673935,
      "capacity": 1.0,
      "tserv": 0.8285075800998423,
      "stddev": 1.2608566166264359,
      "mu": 1.2069895605294179,
      "cv": 1.5218407735925503,
      "lambda": 0.675,
      "twait": 1.742936596054865
    },
    "F11": {
      "rho": 0.6390640949757862,
      "capacity": 1.0,
      "tserv": 0.5680569733118099,
      "stddev": 0.773129296987658,
      "mu": 1.76038680446071,
      "cv": 1.3610066125590585,
      "lambda": 1.125,
      "twait": 1.4344234318665796
    },
    "F12": {
      "rho": 0.6159490059617437,
      "capacity": 1.0,
      "tserv": 0.6843877844019375,
      "stddev": 0.9342788240218199,
      "mu": 1.4611599195533056,
      "cv": 1.3651307713480794,
      "lambda": 0.9,
      "twait": 1.5715845332358689
    },
    "F13": {
      "rho": 0.6328625952768251,
      "capacity": 1.0,
      "tserv": 0.46878710761246306,
      "stddev": 0.6840683795660703,
      "mu": 2.133164465833988,
      "cv": 1.459230359490978,
      "lambda": 1.35,
      "twait": 1.26438998493067
    },
    "F14": {
      "rho": 0.6629426302467629,
      "capacity": 1.0,
      "tserv": 0.5892823379971226,
      "stddev": 0.7835054378199996,
      "mu": 1.696979419744433,
      "cv": 1.329592603238391,
      "lambda": 1.125,
      "twait": 1.6039943754702426
    },
    "F15": {
      "rho": 0.6268482495425309,
      "capacity": 1.0,
      "tserv": 0.6964980550472566,
      "stddev": 0.7459247770290975,
      "mu": 1.4357541887638885,
      "cv": 1.0709646231222962,
      "lambda": 0.9,
      "twait": 1.2560064118073946
    }
  },
  "extra": {
    "deltatime": 0.0801028,
    "obj_func": 35.96836933342326
  },
  "network": [
    [
      0.0,
      1.0278313617012163,
      1.128803979460998,
      0.6508549760478528,
      1.0778132124075155,
      1.00830700847671,
      0.9548764461914133,
      0.9723841914768216,
      0.678825837938369,
      1.01697106078963,
      1.058880263760762,
      0.8820466371763422,
      1.018289165394471,
      0.8025301106544085,
      0.8025301106544085
    ],
    [
      1.0278313617012163,
      0.0,
      0.8471796797364053,
      1.115400022154724,
      1.119949206269858,
      1.052288671759585,
      1.004078618731152,
      0.7499934631161371,
      1.0160410941942897,
      0.9847523104609281,
      0.8436834354371874,
      1.1054010883630958,
      0.8025301106544085,
      1.0970316954063615,
      1.0970316954063615
    ],
    [
      1.128803979460998,
      0.8471796797364053,
      0.0,
      1.0752494036900893,
      0.8014907907686962,
      0.7130150467659447,
      1.0418465026839345,
      1.4648093368127701,
      0.928673006162571,
      1.394341245893945,
      0.7990164178243762,
      1.018289165394471,
      1.0970316954063615,
      1.1711196262199592,
      1.1711196262199592
    ],
    [
      0.6508549760478528,
      1.115400022154724,
      1.0752494036900893,
      0.0,
      1.1611304279170773,
      0.854197586147514,
      1.0321402760900593,
      1.205678885969357,
      0.7838835319940703,
      1.048197479226847,
      0.8820466371763422,
      0.8025301106544085,
      1.1711196262199592,
      0.9493692771124816,
      0.9493692771124816
    ],
    [
      1.0778132124075155,
      1.119949206269858,
      0.8014907907686962,
      1.1611304279170773,
      0.0,
      1.367771950854184,
      0.9443523278042486,
      1.2335442988885421,
      1.3166528561730095,
      1.058880263760762,
      1.1054010883630958,
      1.0970316954063615,
      0.9493692771124816,
      1.1174600591637718,
      1.1174600591637718
    ],
    [
      1.00830700847671,
      1.052288671759585,
      0.7130150467659447,
      0.854197586147514,
      1.367771950854184,
      0.0,
      0.7868991238543499,
      0.6597548336176654,
      1.01697106078963,
      0.8436834354371874,
      1.018289165394471,
      1.1711196262199592,
      1.1174600591637718,
      0.9042000657194316,
      0.9042000657194316
    ],
    [
      0.9548764461914133,
      1.004078618731152,
      1.0418465026839345,
      1.0321402760900593,
      0.9443523278042486,
      0.7868991238543499,
      0.0,
      0.678825837938369,
      0.9847523104609281,
      0.7990164178243762,
      0.8025301106544085,
      0.9493692771124816,
      0.9042000657194316,
      0.9295703600808106,
      0.9295703600808106
    ],
    [
      0.9723841914768216,
      0.7499934631161371,
      1.4648093368127701,
      1.205678885969357,
      1.2335442988885421,
      0.6597548336176654,
      0.678825837938369,
      0.0,
      1.394341245893945,
      0.8820466371763422,
      1.0970316954063615,
      1.1174600591637718,
      0.9295703600808106,
      0.9278619625094724,
      0.9278619625094724
    ],
    [
      0.678825837938369,
      1.0160410941942897,
      0.928673006162571,
      0.7838835319940703,
      1.3166528561730095,
      1.01697106078963,
      0.9847523104609281,
      1.394341245893945,
      0.0,
      1.1054010883630958,
      1.1711196262199592,
      0.9042000657194316,
      0.9278619625094724,
      1.2503142515696601,
      1.2503142515696601
    ],
    [
      1.01697106078963,
      0.9847523104609281,
      1.394341245893945,
      1.048197479226847,
      1.058880263760762,
      0.8436834354371874,
      0.7990164178243762,
      0.8820466371763422,
      1.1054010883630958,
      0.0,
      0.9493692771124816,
      0.9295703600808106,
      1.2503142515696601,
      1.0330306374159188,
      1.0330306374159188
    ],
    [
      1.058880263760762,
      0.8436834354371874,
      0.7990164178243762,
      0.8820466371763422,
      1.1054010883630958,
      1.018289165394471,
      0.8025301106544085,
      1.0970316954063615,
      1.1711196262199592,
      0.9493692771124816,
      0.0,
      0.9278619625094724,
      1.0330306374159188,
      1.3547972578185565,
      1.3547972578185565
    ],
    [
      0.8820466371763422,
      1.1054010883630958,
      1.018289165394471,
      0.8025301106544085,
      1.0970316954063615,
      1.1711196262199592,
      0.9493692771124816,
      1.1174600591637718,
      0.9042000657194316,
      0.9295703600808106,
      0.9278619625094724,
      0.0,
      1.3547972578185565,
      1.0607917214013778,
      1.0607917214013778
    ],
    [
      1.018289165394471,
      0.8025301106544085,
      1.0970316954063615,
      1.1711196262199592,
      0.9493692771124816,
      1.1174600591637718,
      0.9042000657194316,
      0.9295703600808106,
      0.9278619625094724,
      1.2503142515696601,
      1.0330306374159188,
      1.3547972578185565,
      0.0,
      0.6751003105656379,
      0.6751003105656379
    ],
    [
      0.8025301106544085,
      1.0970316954063615,
      1.1711196262199592,
      0.9493692771124816,
      1.1174600591637718,
      0.9042000657194316,
      0.9295703600808106,
      0.9278619625094724,
      1.2503142515696601,
      1.0330306374159188,
      1.3547972578185565,
      1.0607917214013778,
      0.6751003105656379,
      0.0,
      1.0775428735378598
    ],
    [
      0.8025301106544085,
      1.0970316954063615,
      1.1711196262199592,
      0.9493692771124816,
      1.1174600591637718,
      0.9042000657194316,
      0.9295703600808106,
      0.9278619625094724,
      1.2503142515696601,
      1.0330306374159188,
      1.3547972578185565,
      1.0607917214013778,
      0.6751003105656379,
      1.0775428735378598,
      0.0
    ]
  ]
}