{
  "servicechain": {
    "SC1": {
      "resptime": 30.03358447420807,
      "resptime_old": 20.03358447420807,
      "waittime": 18.236653085128456,
      "servicetime": 10.0,
      "networktime": 1.7969313890796135,
      "services": {
        "MS1_1": {
          "meanserv": 7.020725926428998,
          "stddevserv": 7.020725926428998,
          "rate": 0.1424354134428713,
          "cv": 1.0,
          "lambda": 0.1
        },
        "MS1_2": {
          "meanserv": 1.2063526572606325,
          "stddevserv": 1.2063526572606325,
          "rate": 0.8289449971211446,
          "cv": 1.0,
          "lambda": 0.1
        },
        "MS1_3": {
          "meanserv": 0.8313471636831782,
          "stddevserv": 0.8313471636831782,
          "rate": 1.2028669173172213,
          "cv": 1.0,
          "lambda": 0.1
        },
        "MS1_4": {
          "meanserv": 0.03470558133820312,
          "stddevserv": 0.03470558133820312,
          "rate": 28.813809233018745,
          "cv": 1.0,
          "lambda": 0.1
        },
        "MS1_5": {
          "meanserv": 0.9068686712889882,
          "stddevserv": 0.9068686712889882,
          "rate": 1.1026954967786444,
          "cv": 1.0,
          "lambda": 0.1
        }
      },
      "sensors": [
        "S1"
      ],
      "sources": [
        {
          "startTime": 0,
          "stopTime": -1,
          "lambda": 0.1
        }
      ]
    },
    "SC2": {
      "resptime": 43.73542228644873,
      "resptime_old": 33.73542228644873,
      "waittime": 32.355585260742586,
      "servicetime": 10.0,
      "networktime": 1.379837025706142,
      "services": {
        "MS2_1": {
          "meanserv": 0.8429259871207462,
          "stddevserv": 0.8429259871207462,
          "rate": 1.1863437778396,
          "cv": 1.0,
          "lambda": 0.1
        },
        "MS2_2": {
          "meanserv": 0.4306694663699928,
          "stddevserv": 0.4306694663699928,
          "rate": 2.3219663293726263,
          "cv": 1.0,
          "lambda": 0.1
        },
        "MS2_3": {
          "meanserv": 0.369910752658551,
          "stddevserv": 0.369910752658551,
          "rate": 2.7033547762885872,
          "cv": 1.0,
          "lambda": 0.1
        },
        "MS2_4": {
          "meanserv": 0.3660634245366934,
          "stddevserv": 0.3660634245366934,
          "rate": 2.731767046286161,
          "cv": 1.0,
          "lambda": 0.1
        },
        "MS2_5": {
          "meanserv": 7.990430369314017,
          "stddevserv": 7.990430369314017,
          "rate": 0.12514970455663335,
          "cv": 1.0,
          "lambda": 0.1
        }
      },
      "sensors": [
        "S2"
      ],
      "sources": [
        {
          "startTime": 0,
          "stopTime": -1,
          "lambda": 0.1
        }
      ]
    },
    "SC3": {
      "resptime": 19.710185393196184,
      "resptime_old": 9.710185393196184,
      "waittime": 5.551082736755878,
      "servicetime": 10.0,
      "networktime": 4.159102656440306,
      "services": {
        "MS3_1": {
          "meanserv": 1.0593176871276566,
          "stddevserv": 1.0593176871276566,
          "rate": 0.9440038735797033,
          "cv": 1.0,
          "lambda": 0.1
        },
        "MS3_2": {
          "meanserv": 2.5763466721893558,
          "stddevserv": 2.5763466721893558,
          "rate": 0.3881465218926493,
          "cv": 1.0,
          "lambda": 0.1
        },
        "MS3_3": {
          "meanserv": 1.1288777308244362,
          "stddevserv": 1.1288777308244362,
          "rate": 0.885835527351297,
          "cv": 1.0,
          "lambda": 0.1
        },
        "MS3_4": {
          "meanserv": 2.1038541228904,
          "stddevserv": 2.1038541228904,
          "rate": 0.4753181264422176,
          "cv": 1.0,
          "lambda": 0.1
        },
        "MS3_5": {
          "meanserv": 3.1316037869681512,
          "stddevserv": 3.1316037869681512,
          "rate": 0.31932519821357913,
          "cv": 1.0,
          "lambda": 0.1
        }
      },
      "sensors": [
        "S3"
      ],
      "sources": [
        {
          "startTime": 0,
          "stopTime": -1,
          "lambda": 0.1
        }
      ]
    },
    "SC4": {
      "resptime": 18.710717057836824,
      "resptime_old": 8.710717057836822,
      "waittime": 5.434778004833379,
      "servicetime": 10.0,
      "networktime": 3.2759390530034436,
      "services": {
        "MS4_1": {
          "meanserv": 3.2709716468771433,
          "stddevserv": 3.2709716468771433,
          "rate": 0.305719556130888,
          "cv": 1.0,
          "lambda": 0.1
        },
        "MS4_2": {
          "meanserv": 3.4445130446310017,
          "stddevserv": 3.4445130446310017,
          "rate": 0.2903167986426152,
          "cv": 1.0,
          "lambda": 0.1
        },
        "MS4_3": {
          "meanserv": 1.7333811840100815,
          "stddevserv": 1.7333811840100815,
          "rate": 0.5769071507321635,
          "cv": 1.0,
          "lambda": 0.1
        },
        "MS4_4": {
          "meanserv": 0.35876503682387906,
          "stddevserv": 0.35876503682387906,
          "rate": 2.787339616069971,
          "cv": 1.0,
          "lambda": 0.1
        },
        "MS4_5": {
          "meanserv": 1.1923690876578945,
          "stddevserv": 1.1923690876578945,
          "rate": 0.838666492071046,
          "cv": 1.0,
          "lambda": 0.1
        }
      },
      "sensors": [
        "S4"
      ],
      "sources": [
        {
          "startTime": 0,
          "stopTime": -1,
          "lambda": 0.1
        }
      ]
    }
  },
  "microservice": {
    "MS1_1": "F10",
    "MS1_2": "F8",
    "MS1_3": "F8",
    "MS1_4": "F8",
    "MS1_5": "F8",
    "MS2_1": "F6",
    "MS2_2": "F6",
    "MS2_3": "F6",
    "MS2_4": "F6",
    "MS2_5": "F1",
    "MS3_1": "F5",
    "MS3_2": "F5",
    "MS3_3": "F2",
    "MS3_4": "F2",
    "MS3_5": "F9",
    "MS4_1": "F3",
    "MS4_2": "F4",
    "MS4_3": "F7",
    "MS4_4": "F7",
    "MS4_5": "F7"
  },
  "sensor": {
    "S1": "F10",
    "S2": "F6",
    "S3": "F5",
    "S4": "F3"
  },
  "fog": {
    "F1": {
      "rho": 0.7990430369314018,
      "capacity": 1.0,
      "tserv": 7.990430369314017,
      "stddev": 7.990430369314017,
      "mu": 0.12514970455663335,
      "cv": 1.0,
      "lambda": 0.1,
      "twait": 31.771468135225096
    },
    "F2": {
      "rho": 0.32327318537148364,
      "capacity": 1.0,
      "tserv": 1.6163659268574182,
      "stddev": 1.7572502075824668,
      "mu": 0.6186717892180682,
      "cv": 1.0871611300288664,
      "lambda": 0.2,
      "twait": 0.8423734627219613
    },
    "F3": {
      "rho": 0.3270971646877143,
      "capacity": 1.0,
      "tserv": 3.2709716468771433,
      "stddev": 3.2709716468771433,
      "mu": 0.305719556130888,
      "cv": 1.0,
      "lambda": 0.1,
      "twait": 1.5900149253656781
    },
    "F4": {
      "rho": 0.3444513044631002,
      "capacity": 1.0,
      "tserv": 3.4445130446310017,
      "stddev": 3.4445130446310017,
      "mu": 0.2903167986426152,
      "cv": 1.0,
      "lambda": 0.1,
      "twait": 1.809883872153215
    },
    "F5": {
      "rho": 0.36356643593170124,
      "capacity": 1.0,
      "tserv": 1.8178321796585062,
      "stddev": 2.1107350151453543,
      "mu": 0.5501057859960746,
      "cv": 1.1611275445359714,
      "lambda": 0.2,
      "twait": 1.2192499854910104
    },
    "F6": {
      "rho": 0.20095696306859834,
      "capacity": 1.0,
      "tserv": 0.5023924076714958,
      "stddev": 0.5753436113188887,
      "mu": 1.9904759401815635,
      "cv": 1.145207615667421,
      "lambda": 0.4,
      "twait": 0.14602928137937324
    },
    "F7": {
      "rho": 0.32845153084918555,
      "capacity": 1.0,
      "tserv": 1.0948384361639516,
      "stddev": 1.3557433188664831,
      "mu": 0.9133767750278822,
      "cv": 1.2383044603518663,
      "lambda": 0.30000000000000004,
      "twait": 0.6782930691048286
    },
    "F8": {
      "rho": 0.2979274073571002,
      "capacity": 1.0,
      "tserv": 0.7448185183927505,
      "stddev": 0.9645026837453038,
      "mu": 1.3426089380241344,
      "cv": 1.29494992394471,
      "lambda": 0.4,
      "twait": 0.4230388902385204
    },
    "F9": {
      "rho": 0.3131603786968152,
      "capacity": 1.0,
      "tserv": 3.1316037869681512,
      "stddev": 3.1316037869681512,
      "mu": 0.31932519821357913,
      "cv": 1.0,
      "lambda": 0.1,
      "twait": 1.4278358403299343
    },
    "F10": {
      "rho": 0.7020725926429,
      "capacity": 1.0,
      "tserv": 7.020725926428999,
      "stddev": 7.020725926428997,
      "mu": 0.14243541344287128,
      "cv": 0.9999999999999998,
      "lambda": 0.1,
      "twait": 16.54449752417438
    }
  },
  "extra": {
    "deltatime": 0.5594684,
    "conv": 22,
    "obj_func": 28.047477302922452
  },
  "network": [
    [
      0.0,
      2.341214619601931,
      1.1545047536704158,
      1.9799623031187639,
      1.91406775271066,
      1.379837025706142,
      2.0950019468118106,
      2.3072338297726613,
      1.8003722417653196,
      1.8003722417653196
    ],
    [
      2.341214619601931,
      0.0,
      1.9539521593866407,
      1.9874706238872493,
      2.1287037884468596,
      1.8527867317596989,
      2.202462439553844,
      1.8003722417653196,
      2.030398867993447,
      2.030398867993447
    ],
    [
      1.1545047536704158,
      1.9539521593866407,
      0.0,
      1.4755668112381237,
      1.865402306214093,
      2.200067034121995,
      2.3072338297726613,
      2.030398867993447,
      2.0130379980373445,
      2.0130379980373445
    ],
    [
      1.9799623031187639,
      1.9874706238872493,
      1.4755668112381237,
      0.0,
      2.0818470205420176,
      2.0950019468118106,
      1.8003722417653196,
      2.0130379980373445,
      2.7247789439671313,
      2.7247789439671313
    ],
    [
      1.91406775271066,
      2.1287037884468596,
      1.865402306214093,
      2.0818470205420176,
      0.0,
      2.202462439553844,
      2.030398867993447,
      2.7247789439671313,
      1.9049095049280769,
      1.9049095049280769
    ],
    [
      1.379837025706142,
      1.8527867317596989,
      2.200067034121995,
      2.0950019468118106,
      2.202462439553844,
      0.0,
      2.0130379980373445,
      1.9049095049280769,
      2.1284921952206446,
      2.1284921952206446
    ],
    [
      2.0950019468118106,
      2.202462439553844,
      2.3072338297726613,
      1.8003722417653196,
      2.030398867993447,
      2.0130379980373445,
      0.0,
      2.1284921952206446,
      1.9255890630342811,
      1.9255890630342811
    ],
    [
      2.3072338297726613,
      1.8003722417653196,
      2.030398867993447,
      2.0130379980373445,
      2.7247789439671313,
      1.9049095049280769,
      2.1284921952206446,
      0.0,
      1.7969313890796135,
      1.7969313890796135
    ],
    [
      1.8003722417653196,
      2.030398867993447,
      2.0130379980373445,
      2.7247789439671313,
      1.9049095049280769,
      2.1284921952206446,
      1.9255890630342811,
      1.7969313890796135,
      0.0,
      1.8173090241833447
    ],
    [
      1.8003722417653196,
      2.030398867993447,
      2.0130379980373445,
      2.7247789439671313,
      1.9049095049280769,
      2.1284921952206446,
      1.9255890630342811,
      1.7969313890796135,
      1.8173090241833447,
      0.0
    ]
  ]
}