{
  "servicechain": {
    "SC1": {
      "resptime": 8038.978139731338,
      "resptime_old": 8028.978139731338,
      "waittime": 8026.648056236612,
      "servicetime": 10.0,
      "networktime": 2.3300834947257174,
      "services": {
        "MS1_1": {
          "meanserv": 7.317806961928212,
          "stddevserv": 7.317806961928212,
          "rate": 0.13665296245208744,
          "cv": 1.0,
          "lambda": 0.15
        },
        "MS1_2": {
          "meanserv": 1.367463809895967,
          "stddevserv": 1.367463809895967,
          "rate": 0.731280778886629,
          "cv": 1.0,
          "lambda": 0.15
        },
        "MS1_3": {
          "meanserv": 0.8836986745026998,
          "stddevserv": 0.8836986745026998,
          "rate": 1.1316074459008876,
          "cv": 1.0,
          "lambda": 0.15
        },
        "MS1_4": {
          "meanserv": 0.4310305536731214,
          "stddevserv": 0.4310305536731214,
          "rate": 2.3200211481025668,
          "cv": 1.0,
          "lambda": 0.15
        }
      },
      "sensors": [
        "S1"
      ],
      "sources": [
        {
          "startTime": 0,
          "stopTime": -1,
          "lambda": 0.15
        }
      ]
    },
    "SC2": {
      "resptime": 9297.600088202682,
      "resptime_old": 9287.60008820268,
      "waittime": 9283.127663322235,
      "servicetime": 10.0,
      "networktime": 4.472424880446462,
      "services": {
        "MS2_1": {
          "meanserv": 0.9585878724129226,
          "stddevserv": 0.9585878724129226,
          "rate": 1.0432011803809245,
          "cv": 1.0,
          "lambda": 0.15
        },
        "MS2_2": {
          "meanserv": 7.8703439672981235,
          "stddevserv": 7.8703439672981235,
          "rate": 0.1270592497805783,
          "cv": 1.0,
          "lambda": 0.15
        },
        "MS2_3": {
          "meanserv": 0.6762577315413338,
          "stddevserv": 0.6762577315413338,
          "rate": 1.478726162170138,
          "cv": 1.0,
          "lambda": 0.15
        },
        "MS2_4": {
          "meanserv": 0.4948104287476198,
          "stddevserv": 0.4948104287476198,
          "rate": 2.0209759978807043,
          "cv": 1.0,
          "lambda": 0.15
        }
      },
      "sensors": [
        "S2"
      ],
      "sources": [
        {
          "startTime": 0,
          "stopTime": -1,
          "lambda": 0.15
        }
      ]
    },
    "SC3": {
      "resptime": 31.212371552748838,
      "resptime_old": 21.212371552748838,
      "waittime": 16.77954674868805,
      "servicetime": 10.0,
      "networktime": 4.4328248040607905,
      "services": {
        "MS3_1": {
          "meanserv": 1.2255372630906225,
          "stddevserv": 1.2255372630906225,
          "rate": 0.815968661351144,
          "cv": 1.0,
          "lambda": 0.15
        },
        "MS3_2": {
          "meanserv": 1.2696731836842925,
          "stddevserv": 1.2696731836842925,
          "rate": 0.7876042534805969,
          "cv": 1.0,
          "lambda": 0.15
        },
        "MS3_3": {
          "meanserv": 2.6025778856501995,
          "stddevserv": 2.6025778856501995,
          "rate": 0.38423441831027894,
          "cv": 1.0,
          "lambda": 0.15
        },
        "MS3_4": {
          "meanserv": 4.9022116675748855,
          "stddevserv": 4.9022116675748855,
          "rate": 0.20398955977653613,
          "cv": 1.0,
          "lambda": 0.15
        }
      },
      "sensors": [
        "S3"
      ],
      "sources": [
        {
          "startTime": 0,
          "stopTime": -1,
          "lambda": 0.15
        }
      ]
    },
    "SC4": {
      "resptime": 6889.749463351351,
      "resptime_old": 6879.749463351351,
      "waittime": 6875.978127968483,
      "servicetime": 10.0,
      "networktime": 3.771335382867284,
      "services": {
        "MS4_1": {
          "meanserv": 6.773366589507129,
          "stddevserv": 6.773366589507129,
          "rate": 0.14763707039703666,
          "cv": 1.0,
          "lambda": 0.15
        },
        "MS4_2": {
          "meanserv": 1.8827453368051525,
          "stddevserv": 1.8827453368051525,
          "rate": 0.5311392786115774,
          "cv": 1.0,
          "lambda": 0.15
        },
        "MS4_3": {
          "meanserv": 0.756620996583047,
          "stddevserv": 0.756620996583047,
          "rate": 1.3216656747778206,
          "cv": 1.0,
          "lambda": 0.15
        },
        "MS4_4": {
          "meanserv": 0.5872670771046717,
          "stddevserv": 0.5872670771046717,
          "rate": 1.7028027604240525,
          "cv": 1.0,
          "lambda": 0.15
        }
      },
      "sensors": [
        "S4"
      ],
      "sources": [
        {
          "startTime": 0,
          "stopTime": -1,
          "lambda": 0.15
        }
      ]
    }
  },
  "microservice": {
    "MS1_1": "F6",
    "MS1_2": "F10",
    "MS1_3": "F10",
    "MS1_4": "F10",
    "MS2_1": "F8",
    "MS2_2": "F4",
    "MS2_3": "F8",
    "MS2_4": "F8",
    "MS3_1": "F3",
    "MS3_2": "F3",
    "MS3_3": "F2",
    "MS3_4": "F9",
    "MS4_1": "F1",
    "MS4_2": "F5",
    "MS4_3": "F7",
    "MS4_4": "F7"
  },
  "sensor": {
    "S1": "F6",
    "S2": "F8",
    "S3": "F3",
    "S4": "F1"
  },
  "fog": {
    "F1": {
      "rho": 1.0160049884260693,
      "capacity": 1.0,
      "tserv": 6.7733665895071296,
      "stddev": 6.773366589507128,
      "mu": 0.14763707039703663,
      "cv": 0.9999999999999998,
      "lambda": 0.15,
      "twait": 6874.892469134332
    },
    "F2": {
      "rho": 0.39038668284752986,
      "capacity": 1.0,
      "tserv": 2.6025778856501995,
      "stddev": 2.6025778856502,
      "mu": 0.38423441831027894,
      "cv": 1.0000000000000002,
      "lambda": 0.15,
      "twait": 1.6666495285522203
    },
    "F3": {
      "rho": 0.3742815670162373,
      "capacity": 1.0,
      "tserv": 1.2476052233874577,
      "stddev": 1.2479955060684282,
      "mu": 0.8015355989652175,
      "cv": 1.0003128254624574,
      "lambda": 0.3,
      "twait": 0.7465046766501768
    },
    "F4": {
      "rho": 1.1805515950947185,
      "capacity": 1.0,
      "tserv": 7.8703439672981235,
      "stddev": 7.870343967298124,
      "mu": 0.1270592497805783,
      "cv": 1.0000000000000002,
      "lambda": 0.15,
      "twait": 9282.05577741335
    },
    "F5": {
      "rho": 0.28241180052077286,
      "capacity": 1.0,
      "tserv": 1.8827453368051525,
      "stddev": 1.8827453368051523,
      "mu": 0.5311392786115774,
      "cv": 0.9999999999999999,
      "lambda": 0.15,
      "twait": 0.7409674530254368
    },
    "F6": {
      "rho": 1.0976710442892317,
      "capacity": 1.0,
      "tserv": 7.317806961928212,
      "stddev": 7.317806961928212,
      "mu": 0.13665296245208744,
      "cv": 1.0,
      "lambda": 0.15,
      "twait": 8024.512264996935
    },
    "F7": {
      "rho": 0.20158321105315782,
      "capacity": 1.0,
      "tserv": 0.6719440368438594,
      "stddev": 0.6825314378630233,
      "mu": 1.4882191747649536,
      "cv": 1.0157563732076458,
      "lambda": 0.3,
      "twait": 0.17234569056308977
    },
    "F8": {
      "rho": 0.3194484049052814,
      "capacity": 1.0,
      "tserv": 0.7098853442339589,
      "stddev": 0.7594501458584881,
      "mu": 1.4086781874319514,
      "cv": 1.069820854912866,
      "lambda": 0.44999999999999996,
      "twait": 0.35729530296193435
    },
    "F9": {
      "rho": 0.7353317501362329,
      "capacity": 1.0,
      "tserv": 4.9022116675748855,
      "stddev": 4.9022116675748855,
      "mu": 0.20398955977653613,
      "cv": 1.0,
      "lambda": 0.15,
      "twait": 13.619887866835473
    },
    "F10": {
      "rho": 0.40232895571076827,
      "capacity": 1.0,
      "tserv": 0.8940643460239296,
      "stddev": 1.0448736365851403,
      "mu": 1.1184877290400697,
      "cv": 1.1686783409179526,
      "lambda": 0.44999999999999996,
      "twait": 0.7119304132257811
    }
  },
  "extra": {
    "deltatime": 0.4070088,
    "conv": 20,
    "obj_func": 6064.385015709529
  },
  "network": [
    [
      0.0,
      2.3289906162571334,
      2.5534237382697804,
      2.8941731545329943,
      1.5725856200406445,
      3.573875307141808,
      3.039014320617594,
      2.648060259259068,
      2.6122298813405425,
      2.6122298813405425
    ],
    [
      2.3289906162571334,
      0.0,
      2.234075041234151,
      2.747678918333913,
      2.25406365860105,
      2.985628162662666,
      2.0896331339701257,
      2.6122298813405425,
      2.1987497628266395,
      2.1987497628266395
    ],
    [
      2.5534237382697804,
      2.234075041234151,
      0.0,
      2.5853511245944825,
      2.942192895689424,
      2.5436074893119827,
      2.648060259259068,
      2.1987497628266395,
      2.236212440223231,
      2.236212440223231
    ],
    [
      2.8941731545329943,
      2.747678918333913,
      2.5853511245944825,
      0.0,
      3.51838839485077,
      3.039014320617594,
      2.6122298813405425,
      2.236212440223231,
      2.4814674088996846,
      2.4814674088996846
    ],
    [
      1.5725856200406445,
      2.25406365860105,
      2.942192895689424,
      3.51838839485077,
      0.0,
      2.0896331339701257,
      2.1987497628266395,
      2.4814674088996846,
      2.4176026617594464,
      2.4176026617594464
    ],
    [
      3.573875307141808,
      2.985628162662666,
      2.5436074893119827,
      3.039014320617594,
      2.0896331339701257,
      0.0,
      2.236212440223231,
      2.4176026617594464,
      2.3300834947257174,
      2.3300834947257174
    ],
    [
      3.039014320617594,
      2.0896331339701257,
      2.648060259259068,
      2.6122298813405425,
      2.1987497628266395,
      2.236212440223231,
      0.0,
      2.3300834947257174,
      2.3512664815103346,
      2.3512664815103346
    ],
    [
      2.648060259259068,
      2.6122298813405425,
      2.1987497628266395,
      2.236212440223231,
      2.4814674088996846,
      2.4176026617594464,
      2.3300834947257174,
      0.0,
      2.2687666665412882,
      2.2687666665412882
    ],
    [
      2.6122298813405425,
      2.1987497628266395,
      2.236212440223231,
      2.4814674088996846,
      2.4176026617594464,
      2.3300834947257174,
      2.3512664815103346,
      2.2687666665412882,
      0.0,
      2.811962186985191
    ],
    [
      2.6122298813405425,
      2.1987497628266395,
      2.236212440223231,
      2.4814674088996846,
      2.4176026617594464,
      2.3300834947257174,
      2.3512664815103346,
      2.2687666665412882,
      2.811962186985191,
      0.0
    ]
  ]
}