{
  "servicechain": {
    "SC1": {
      "resptime": 53.3425487598236,
      "resptime_old": 43.34254875982361,
      "waittime": 37.9735128102832,
      "servicetime": 10.0,
      "networktime": 5.369035949540405,
      "services": {
        "MS1_1": {
          "meanserv": 0.18942085230008177,
          "stddevserv": 0.18942085230008177,
          "rate": 5.279249817838394,
          "cv": 1.0,
          "lambda": 0.225
        },
        "MS1_2": {
          "meanserv": 0.05763946821613741,
          "stddevserv": 0.05763946821613741,
          "rate": 17.349223213687257,
          "cv": 1.0,
          "lambda": 0.225
        },
        "MS1_3": {
          "meanserv": 3.7202507015908193,
          "stddevserv": 3.7202507015908193,
          "rate": 0.2687990891507363,
          "cv": 1.0,
          "lambda": 0.225
        },
        "MS1_4": {
          "meanserv": 0.39277495790804107,
          "stddevserv": 0.39277495790804107,
          "rate": 2.5459871610097053,
          "cv": 1.0,
          "lambda": 0.225
        },
        "MS1_5": {
          "meanserv": 1.0136556277610795,
          "stddevserv": 1.0136556277610795,
          "rate": 0.9865283362642188,
          "cv": 1.0,
          "lambda": 0.225
        },
        "MS1_6": {
          "meanserv": 0.36624659266006354,
          "stddevserv": 0.36624659266006354,
          "rate": 2.7304008284062395,
          "cv": 1.0,
          "lambda": 0.225
        },
        "MS1_7": {
          "meanserv": 3.3572996378223987,
          "stddevserv": 3.3572996378223987,
          "rate": 0.29785843024979947,
          "cv": 1.0,
          "lambda": 0.225
        },
        "MS1_8": {
          "meanserv": 0.047738610719090246,
          "stddevserv": 0.047738610719090246,
          "rate": 20.94740473040429,
          "cv": 1.0,
          "lambda": 0.225
        },
        "MS1_9": {
          "meanserv": 0.38807698530879087,
          "stddevserv": 0.38807698530879087,
          "rate": 2.576808308290442,
          "cv": 1.0,
          "lambda": 0.225
        },
        "MS1_10": {
          "meanserv": 0.4668965657134976,
          "stddevserv": 0.4668965657134976,
          "rate": 2.1418020037732113,
          "cv": 1.0,
          "lambda": 0.225
        }
      },
      "sensors": [
        "S1"
      ],
      "sources": [
        {
          "startTime": 0,
          "stopTime": -1,
          "lambda": 0.225
        }
      ]
    },
    "SC2": {
      "resptime": 31.528548103329715,
      "resptime_old": 21.528548103329715,
      "waittime": 16.454015229232287,
      "servicetime": 10.0,
      "networktime": 5.07453287409743,
      "services": {
        "MS2_1": {
          "meanserv": 0.8809047522164326,
          "stddevserv": 0.8809047522164326,
          "rate": 1.1351965095930219,
          "cv": 1.0,
          "lambda": 0.225
        },
        "MS2_2": {
          "meanserv": 2.6756623781236204,
          "stddevserv": 2.6756623781236204,
          "rate": 0.3737392311436829,
          "cv": 1.0,
          "lambda": 0.225
        },
        "MS2_3": {
          "meanserv": 0.2686794438483062,
          "stddevserv": 0.2686794438483062,
          "rate": 3.721907361713128,
          "cv": 1.0,
          "lambda": 0.225
        },
        "MS2_4": {
          "meanserv": 0.44048258954259456,
          "stddevserv": 0.44048258954259456,
          "rate": 2.270237289147839,
          "cv": 1.0,
          "lambda": 0.225
        },
        "MS2_5": {
          "meanserv": 0.7885405169695732,
          "stddevserv": 0.7885405169695732,
          "rate": 1.2681656534823134,
          "cv": 1.0,
          "lambda": 0.225
        },
        "MS2_6": {
          "meanserv": 0.6169729231581513,
          "stddevserv": 0.6169729231581513,
          "rate": 1.620816671955741,
          "cv": 1.0,
          "lambda": 0.225
        },
        "MS2_7": {
          "meanserv": 2.216748582775356,
          "stddevserv": 2.216748582775356,
          "rate": 0.45111114890079507,
          "cv": 1.0,
          "lambda": 0.225
        },
        "MS2_8": {
          "meanserv": 0.8789281230234067,
          "stddevserv": 0.8789281230234067,
          "rate": 1.1377494630165212,
          "cv": 1.0,
          "lambda": 0.225
        },
        "MS2_9": {
          "meanserv": 0.6374765944694953,
          "stddevserv": 0.6374765944694953,
          "rate": 1.5686850445579021,
          "cv": 1.0,
          "lambda": 0.225
        },
        "MS2_10": {
          "meanserv": 0.595604095873064,
          "stddevserv": 0.595604095873064,
          "rate": 1.678967634589809,
          "cv": 1.0,
          "lambda": 0.225
        }
      },
      "sensors": [
        "S2"
      ],
      "sources": [
        {
          "startTime": 0,
          "stopTime": -1,
          "lambda": 0.225
        }
      ]
    },
    "SC3": {
      "resptime": 30.255966896884324,
      "resptime_old": 20.255966896884317,
      "waittime": 15.563233538653035,
      "servicetime": 10.0,
      "networktime": 4.692733358231286,
      "services": {
        "MS3_1": {
          "meanserv": 0.5359636353038155,
          "stddevserv": 0.5359636353038155,
          "rate": 1.8657982260925996,
          "cv": 1.0,
          "lambda": 0.225
        },
        "MS3_2": {
          "meanserv": 2.9064175188396546,
          "stddevserv": 2.9064175188396546,
          "rate": 0.3440661892236445,
          "cv": 1.0,
          "lambda": 0.225
        },
        "MS3_3": {
          "meanserv": 0.5763457264185621,
          "stddevserv": 0.5763457264185621,
          "rate": 1.7350696884906989,
          "cv": 1.0,
          "lambda": 0.225
        },
        "MS3_4": {
          "meanserv": 2.211222234287801,
          "stddevserv": 2.211222234287801,
          "rate": 0.45223857850818144,
          "cv": 1.0,
          "lambda": 0.225
        },
        "MS3_5": {
          "meanserv": 0.03545362432676047,
          "stddevserv": 0.03545362432676047,
          "rate": 28.20586100826927,
          "cv": 1.0,
          "lambda": 0.225
        },
        "MS3_6": {
          "meanserv": 0.816653886245267,
          "stddevserv": 0.816653886245267,
          "rate": 1.2245089588659208,
          "cv": 1.0,
          "lambda": 0.225
        },
        "MS3_7": {
          "meanserv": 0.7272901877000981,
          "stddevserv": 0.7272901877000981,
          "rate": 1.374966989672017,
          "cv": 1.0,
          "lambda": 0.225
        },
        "MS3_8": {
          "meanserv": 0.38599816691955446,
          "stddevserv": 0.38599816691955446,
          "rate": 2.5906858780715636,
          "cv": 1.0,
          "lambda": 0.225
        },
        "MS3_9": {
          "meanserv": 1.1219477779934905,
          "stddevserv": 1.1219477779934905,
          "rate": 0.8913070818576031,
          "cv": 1.0,
          "lambda": 0.225
        },
        "MS3_10": {
          "meanserv": 0.6827072419649962,
          "stddevserv": 0.6827072419649962,
          "rate": 1.4647566900297684,
          "cv": 1.0,
          "lambda": 0.225
        }
      },
      "sensors": [
        "S3"
      ],
      "sources": [
        {
          "startTime": 0,
          "stopTime": -1,
          "lambda": 0.225
        }
      ]
    },
    "SC4": {
      "resptime": 29.2581594920344,
      "resptime_old": 19.2581594920344,
      "waittime": 14.074576338743874,
      "servicetime": 10.0,
      "networktime": 5.183583153290527,
      "services": {
        "MS4_1": {
          "meanserv": 0.15206890453914435,
          "stddevserv": 0.15206890453914435,
          "rate": 6.575966355715991,
          "cv": 1.0,
          "lambda": 0.225
        },
        "MS4_2": {
          "meanserv": 0.572771267227713,
          "stddevserv": 0.572771267227713,
          "rate": 1.7458976335180523,
          "cv": 1.0,
          "lambda": 0.225
        },
        "MS4_3": {
          "meanserv": 0.398884059973722,
          "stddevserv": 0.398884059973722,
          "rate": 2.5069941377599263,
          "cv": 1.0,
          "lambda": 0.225
        },
        "MS4_4": {
          "meanserv": 0.5941162316539794,
          "stddevserv": 0.5941162316539794,
          "rate": 1.6831723267618317,
          "cv": 1.0,
          "lambda": 0.225
        },
        "MS4_5": {
          "meanserv": 0.5613865373989901,
          "stddevserv": 0.5613865373989901,
          "rate": 1.7813038492750268,
          "cv": 1.0,
          "lambda": 0.225
        },
        "MS4_6": {
          "meanserv": 1.2986059044193343,
          "stddevserv": 1.2986059044193343,
          "rate": 0.7700565634245636,
          "cv": 1.0,
          "lambda": 0.225
        },
        "MS4_7": {
          "meanserv": 1.137926553005558,
          "stddevserv": 1.137926553005558,
          "rate": 0.8787913397035526,
          "cv": 1.0,
          "lambda": 0.225
        },
        "MS4_8": {
          "meanserv": 1.1716886625510474,
          "stddevserv": 1.1716886625510474,
          "rate": 0.8534690417015387,
          "cv": 1.0,
          "lambda": 0.225
        },
        "MS4_9": {
          "meanserv": 1.2023879955427885,
          "stddevserv": 1.2023879955427885,
          "rate": 0.8316782966122134,
          "cv": 1.0,
          "lambda": 0.225
        },
        "MS4_10": {
          "meanserv": 2.910163883687723,
          "stddevserv": 2.910163883687723,
          "rate": 0.3436232597089387,
          "cv": 1.0,
          "lambda": 0.225
        }
      },
      "sensors": [
        "S4"
      ],
      "sources": [
        {
          "startTime": 0,
          "stopTime": -1,
          "lambda": 0.225
        }
      ]
    }
  },
  "microservice": {
    "MS1_1": "F12",
    "MS1_2": "F12",
    "MS1_3": "F1",
    "MS1_4": "F13",
    "MS1_5": "F13",
    "MS1_6": "F8",
    "MS1_7": "F2",
    "MS1_8": "F10",
    "MS1_9": "F10",
    "MS1_10": "F10",
    "MS2_1": "F14",
    "MS2_2": "F5",
    "MS2_3": "F14",
    "MS2_4": "F14",
    "MS2_5": "F14",
    "MS2_6": "F14",
    "MS2_7": "F6",
    "MS2_8": "F15",
    "MS2_9": "F13",
    "MS2_10": "F13",
    "MS3_1": "F9",
    "MS3_2": "F4",
    "MS3_3": "F10",
    "MS3_4": "F7",
    "MS3_5": "F15",
    "MS3_6": "F15",
    "MS3_7": "F15",
    "MS3_8": "F12",
    "MS3_9": "F12",
    "MS3_10": "F12",
    "MS4_1": "F11",
    "MS4_2": "F11",
    "MS4_3": "F11",
    "MS4_4": "F9",
    "MS4_5": "F8",
    "MS4_6": "F8",
    "MS4_7": "F9",
    "MS4_8": "F10",
    "MS4_9": "F11",
    "MS4_10": "F3"
  },
  "sensor": {
    "S1": "F12",
    "S2": "F14",
    "S3": "F9",
    "S4": "F11"
  },
  "fog": {
    "F1": {
      "rho": 0.8370564078579344,
      "capacity": 1.0,
      "tserv": 3.7202507015908193,
      "stddev": 3.7202507015908193,
      "mu": 0.2687990891507363,
      "cv": 1.0,
      "lambda": 0.225,
      "twait": 19.111274323015525
    },
    "F2": {
      "rho": 0.7553924185100398,
      "capacity": 1.0,
      "tserv": 3.3572996378223987,
      "stddev": 3.3572996378223987,
      "mu": 0.29785843024979947,
      "cv": 1.0,
      "lambda": 0.225,
      "twait": 10.367948031821879
    },
    "F3": {
      "rho": 0.6547868738297377,
      "capacity": 1.0,
      "tserv": 2.910163883687723,
      "stddev": 2.910163883687723,
      "mu": 0.3436232597089387,
      "cv": 1.0,
      "lambda": 0.225,
      "twait": 5.519886027718029
    },
    "F4": {
      "rho": 0.6539439417389223,
      "capacity": 1.0,
      "tserv": 2.9064175188396546,
      "stddev": 2.9064175188396546,
      "mu": 0.3440661892236445,
      "cv": 1.0,
      "lambda": 0.225,
      "twait": 5.492272373902938
    },
    "F5": {
      "rho": 0.6020240350778147,
      "capacity": 1.0,
      "tserv": 2.675662378123621,
      "stddev": 2.67566237812362,
      "mu": 0.37373923114368285,
      "cv": 0.9999999999999997,
      "lambda": 0.225,
      "twait": 4.047513426341812
    },
    "F6": {
      "rho": 0.49876843112445507,
      "capacity": 1.0,
      "tserv": 2.216748582775356,
      "stddev": 2.216748582775356,
      "mu": 0.45111114890079507,
      "cv": 1.0,
      "lambda": 0.225,
      "twait": 2.205855100684517
    },
    "F7": {
      "rho": 0.4975250027147552,
      "capacity": 1.0,
      "tserv": 2.211222234287801,
      "stddev": 2.211222234287801,
      "mu": 0.45223857850818144,
      "cv": 1.0,
      "lambda": 0.225,
      "twait": 2.189438985145044
    },
    "F8": {
      "rho": 0.5009037827576373,
      "capacity": 1.0,
      "tserv": 0.7420796781594625,
      "stddev": 0.9343965371278636,
      "mu": 1.3475641894415467,
      "cv": 1.2591593121716977,
      "lambda": 0.675,
      "twait": 0.9627912259186913
    },
    "F9": {
      "rho": 0.5103014444917543,
      "capacity": 1.0,
      "tserv": 0.7560021399877842,
      "stddev": 0.8476631019529529,
      "mu": 1.322747578487223,
      "cv": 1.1212443154812364,
      "lambda": 0.675,
      "twait": 0.8891169577775075
    },
    "F10": {
      "rho": 0.5964179739099724,
      "capacity": 1.0,
      "tserv": 0.5301493101421977,
      "stddev": 0.741149948460037,
      "mu": 1.8862610605525036,
      "cv": 1.3980022878106628,
      "lambda": 1.125,
      "twait": 1.1573319287037582
    },
    "F11": {
      "rho": 0.5233752511387577,
      "capacity": 1.0,
      "tserv": 0.5815280568208419,
      "stddev": 0.7999023376876241,
      "mu": 1.7196074862955093,
      "cv": 1.375518048192917,
      "lambda": 0.9,
      "twait": 0.9233855037324226
    },
    "F12": {
      "rho": 0.5484855391637086,
      "capacity": 1.0,
      "tserv": 0.48754270147885204,
      "stddev": 0.7263080428606928,
      "mu": 2.0511023895275695,
      "cv": 1.4897321622446595,
      "lambda": 1.125,
      "twait": 0.9533182111776685
    },
    "F13": {
      "rho": 0.593890037102628,
      "capacity": 1.0,
      "tserv": 0.65987781900292,
      "stddev": 0.7321246733803152,
      "mu": 1.515432056060025,
      "cv": 1.1094851990730052,
      "lambda": 0.9,
      "twait": 1.0764335105302498
    },
    "F14": {
      "rho": 0.674005550790388,
      "capacity": 1.0,
      "tserv": 0.5991160451470116,
      "stddev": 0.6774388189779932,
      "mu": 1.6691257196335298,
      "cv": 1.1307305562343315,
      "lambda": 1.125,
      "twait": 1.411214692256372
    },
    "F15": {
      "rho": 0.5531233097914948,
      "capacity": 1.0,
      "tserv": 0.6145814553238831,
      "stddev": 0.7791743904632803,
      "mu": 1.6271236161413334,
      "cv": 1.2678130518153319,
      "lambda": 0.9,
      "twait": 0.9917062198635938
    }
  },
  "extra": {
    "deltatime": 0.0839538,
    "obj_func": 36.096305813018006
  },
  "network": [
    [
      0.0,
      0.6581158474946244,
      0.9344328140080459,
      1.0392161791875942,
      0.7994190596540541,
      1.1413936602510482,
      0.915509489961927,
      0.8499035570552422,
      0.8431658877190299,
      1.3124190066814743,
      0.9461233323439149,
      1.533715800035576,
      1.0563593650103817,
      1.0319609301986634,
      1.0319609301986634
    ],
    [
      0.6581158474946244,
      0.0,
      0.97307183157154,
      0.8812822918356206,
      0.9400066560570065,
      0.7963436624321515,
      0.9572329038685996,
      0.9843795309527621,
      0.9207719748416198,
      0.7463411000371724,
      1.1235119585858344,
      0.8876970933860493,
      1.0319609301986634,
      1.2246344565717466,
      1.2246344565717466
    ],
    [
      0.9344328140080459,
      0.97307183157154,
      0.0,
      1.0430500960855447,
      0.8809273430696547,
      0.7923812419568541,
      1.1209741258327772,
      1.204354392025242,
      1.1666414980714235,
      0.8091420535909242,
      0.7877853188293917,
      1.0563593650103817,
      1.2246344565717466,
      1.0794175490305413,
      1.0794175490305413
    ],
    [
      1.0392161791875942,
      0.8812822918356206,
      1.0430500960855447,
      0.0,
      0.7857112545000565,
      1.1406332282081266,
      1.333543020692337,
      0.8524327330499025,
      0.9190721752130632,
      0.9284616669030071,
      1.533715800035576,
      1.0319609301986634,
      1.0794175490305413,
      0.8103990848626965,
      0.8103990848626965
    ],
    [
      0.7994190596540541,
      0.9400066560570065,
      0.8809273430696547,
      0.7857112545000565,
      0.0,
      0.9881914277955446,
      0.9730462430862223,
      0.9796932607872334,
      0.8565607625358311,
      0.9461233323439149,
      0.8876970933860493,
      1.2246344565717466,
      0.8103990848626965,
      1.0324279459140777,
      1.0324279459140777
    ],
    [
      1.1413936602510482,
      0.7963436624321515,
      0.7923812419568541,
      1.1406332282081266,
      0.9881914277955446,
      0.0,
      0.7808744917523135,
      0.8990413789465084,
      1.3124190066814743,
      1.1235119585858344,
      1.0563593650103817,
      1.0794175490305413,
      1.0324279459140777,
      0.9648999923893286,
      0.9648999923893286
    ],
    [
      0.915509489961927,
      0.9572329038685996,
      1.1209741258327772,
      1.333543020692337,
      0.9730462430862223,
      0.7808744917523135,
      0.0,
      0.8431658877190299,
      0.7463411000371724,
      0.7877853188293917,
      1.0319609301986634,
      0.8103990848626965,
      0.9648999923893286,
      1.0482401535045118,
      1.0482401535045118
    ],
    [
      0.8499035570552422,
      0.9843795309527621,
      1.204354392025242,
      0.8524327330499025,
      0.9796932607872334,
      0.8990413789465084,
      0.8431658877190299,
      0.0,
      0.8091420535909242,
      1.533715800035576,
      1.2246344565717466,
      1.0324279459140777,
      1.0482401535045118,
      1.481527044643565,
      1.481527044643565
    ],
    [
      0.8431658877190299,
      0.9207719748416198,
      1.1666414980714235,
      0.9190721752130632,
      0.8565607625358311,
      1.3124190066814743,
      0.7463411000371724,
      0.8091420535909242,
      0.0,
      0.8876970933860493,
      1.0794175490305413,
      0.9648999923893286,
      1.481527044643565,
      1.1894416031238315,
      1.1894416031238315
    ],
    [
      1.3124190066814743,
      0.7463411000371724,
      0.8091420535909242,
      0.9284616669030071,
      0.9461233323439149,
      1.1235119585858344,
      0.7877853188293917,
      1.533715800035576,
      0.8876970933860493,
      0.0,
      0.8103990848626965,
      1.0482401535045118,
      1.1894416031238315,
      1.0765052967182624,
      1.0765052967182624
    ],
    [
      0.9461233323439149,
      1.1235119585858344,
      0.7877853188293917,
      1.533715800035576,
      0.8876970933860493,
      1.0563593650103817,
      1.0319609301986634,
      1.2246344565717466,
      1.0794175490305413,
      0.8103990848626965,
      0.0,
      1.481527044643565,
      1.0765052967182624,
      1.3160745827432687,
      1.3160745827432687
    ],
    [
      1.533715800035576,
      0.8876970933860493,
      1.0563593650103817,
      1.0319609301986634,
      1.2246344565717466,
      1.0794175490305413,
      0.8103990848626965,
      1.0324279459140777,
      0.9648999923893286,
      1.0482401535045118,
      1.481527044643565,
      0.0,
      1.3160745827432687,
      1.0091740437813115,
      1.0091740437813115
    ],
    [
      1.0563593650103817,
      1.0319609301986634,
      1.2246344565717466,
      1.0794175490305413,
      0.8103990848626965,
      1.0324279459140777,
      0.9648999923893286,
      1.0482401535045118,
      1.481527044643565,
      1.1894416031238315,
      1.0765052967182624,
      1.3160745827432687,
      0.0,
      1.0798769974906175,
      1.0798769974906175
    ],
    [
      1.0319609301986634,
      1.2246344565717466,
      1.0794175490305413,
      0.8103990848626965,
      1.0324279459140777,
      0.9648999923893286,
      1.0482401535045118,
      1.481527044643565,
      1.1894416031238315,
      1.0765052967182624,
      1.3160745827432687,
      1.0091740437813115,
      1.0798769974906175,
      0.0,
      0.9862600689336147
    ],
    [
      1.0319609301986634,
      1.2246344565717466,
      1.0794175490305413,
      0.8103990848626965,
      1.0324279459140777,
      0.9648999923893286,
      1.0482401535045118,
      1.481527044643565,
      1.1894416031238315,
      1.0765052967182624,
      1.3160745827432687,
      1.0091740437813115,
      1.0798769974906175,
      0.9862600689336147,
      0.0
    ]
  ]
}