{
  "servicechain": {
    "SC1": {
      "resptime": 18.160789712827373,
      "resptime_old": 8.160789712827375,
      "waittime": 4.73770431041128,
      "servicetime": 10.0,
      "networktime": 3.4230854024160955,
      "services": {
        "MS1_1": {
          "meanserv": 0.5967310753071642,
          "stddevserv": 0.5967310753071642,
          "rate": 1.6757967556579072,
          "cv": 1.0,
          "lambda": 0.05
        },
        "MS1_2": {
          "meanserv": 7.3953606353140495,
          "stddevserv": 7.3953606353140495,
          "rate": 0.13521991006426887,
          "cv": 1.0,
          "lambda": 0.05
        },
        "MS1_3": {
          "meanserv": 0.19297736574576518,
          "stddevserv": 0.19297736574576518,
          "rate": 5.181954868828676,
          "cv": 1.0,
          "lambda": 0.05
        },
        "MS1_4": {
          "meanserv": 1.4532311617705833,
          "stddevserv": 1.4532311617705833,
          "rate": 0.6881217705114602,
          "cv": 1.0,
          "lambda": 0.05
        },
        "MS1_5": {
          "meanserv": 0.3616997618624378,
          "stddevserv": 0.3616997618624378,
          "rate": 2.7647239656749387,
          "cv": 1.0,
          "lambda": 0.05
        }
      },
      "sensors": [
        "S1"
      ],
      "sources": [
        {
          "startTime": 0,
          "stopTime": -1,
          "lambda": 0.05
        }
      ]
    },
    "SC2": {
      "resptime": 15.794853108043643,
      "resptime_old": 5.794853108043643,
      "waittime": 4.496286144308931,
      "servicetime": 10.0,
      "networktime": 1.2985669637347124,
      "services": {
        "MS2_1": {
          "meanserv": 3.190989057625302,
          "stddevserv": 3.190989057625302,
          "rate": 0.31338245977696605,
          "cv": 1.0,
          "lambda": 0.05
        },
        "MS2_2": {
          "meanserv": 1.6472564642120613,
          "stddevserv": 1.6472564642120613,
          "rate": 0.607070011091645,
          "cv": 1.0,
          "lambda": 0.05
        },
        "MS2_3": {
          "meanserv": 0.1781697272534366,
          "stddevserv": 0.1781697272534366,
          "rate": 5.612625755314511,
          "cv": 1.0,
          "lambda": 0.05
        },
        "MS2_4": {
          "meanserv": 3.4682883375960625,
          "stddevserv": 3.4682883375960625,
          "rate": 0.28832666222126135,
          "cv": 1.0,
          "lambda": 0.05
        },
        "MS2_5": {
          "meanserv": 1.5152964133131377,
          "stddevserv": 1.5152964133131377,
          "rate": 0.6599368883963358,
          "cv": 1.0,
          "lambda": 0.05
        }
      },
      "sensors": [
        "S2"
      ],
      "sources": [
        {
          "startTime": 0,
          "stopTime": -1,
          "lambda": 0.05
        }
      ]
    },
    "SC3": {
      "resptime": 15.997824093272877,
      "resptime_old": 5.997824093272877,
      "waittime": 4.024192890178922,
      "servicetime": 10.0,
      "networktime": 1.9736312030939551,
      "services": {
        "MS3_1": {
          "meanserv": 0.8219230952424572,
          "stddevserv": 0.8219230952424572,
          "rate": 1.2166588404539385,
          "cv": 1.0,
          "lambda": 0.05
        },
        "MS3_2": {
          "meanserv": 3.6776364611338597,
          "stddevserv": 3.6776364611338597,
          "rate": 0.27191377140406314,
          "cv": 1.0,
          "lambda": 0.05
        },
        "MS3_3": {
          "meanserv": 2.3380293467420756,
          "stddevserv": 2.3380293467420756,
          "rate": 0.42771062792408865,
          "cv": 1.0,
          "lambda": 0.05
        },
        "MS3_4": {
          "meanserv": 1.3290901288121049,
          "stddevserv": 1.3290901288121049,
          "rate": 0.7523944225616706,
          "cv": 1.0,
          "lambda": 0.05
        },
        "MS3_5": {
          "meanserv": 1.8333209680695024,
          "stddevserv": 1.8333209680695024,
          "rate": 0.5454582244008291,
          "cv": 1.0,
          "lambda": 0.05
        }
      },
      "sensors": [
        "S3"
      ],
      "sources": [
        {
          "startTime": 0,
          "stopTime": -1,
          "lambda": 0.05
        }
      ]
    },
    "SC4": {
      "resptime": 17.54365182550334,
      "resptime_old": 7.543651825503337,
      "waittime": 3.8755313065888917,
      "servicetime": 10.000000000000002,
      "networktime": 3.668120518914445,
      "services": {
        "MS4_1": {
          "meanserv": 0.054865524186522574,
          "stddevserv": 0.054865524186522574,
          "rate": 18.22638195527611,
          "cv": 1.0,
          "lambda": 0.05
        },
        "MS4_2": {
          "meanserv": 5.830997944076117,
          "stddevserv": 5.830997944076117,
          "rate": 0.17149723076406323,
          "cv": 1.0,
          "lambda": 0.05
        },
        "MS4_3": {
          "meanserv": 2.5414498519921667,
          "stddevserv": 2.5414498519921667,
          "rate": 0.3934761880963852,
          "cv": 1.0,
          "lambda": 0.05
        },
        "MS4_4": {
          "meanserv": 0.8896380705802311,
          "stddevserv": 0.8896380705802311,
          "rate": 1.1240526154054868,
          "cv": 1.0,
          "lambda": 0.05
        },
        "MS4_5": {
          "meanserv": 0.6830486091649632,
          "stddevserv": 0.6830486091649632,
          "rate": 1.464024648586159,
          "cv": 1.0,
          "lambda": 0.05
        }
      },
      "sensors": [
        "S4"
      ],
      "sources": [
        {
          "startTime": 0,
          "stopTime": -1,
          "lambda": 0.05
        }
      ]
    }
  },
  "microservice": {
    "MS1_1": "F2",
    "MS1_2": "F1",
    "MS1_3": "F6",
    "MS1_4": "F6",
    "MS1_5": "F6",
    "MS2_1": "F3",
    "MS2_2": "F3",
    "MS2_3": "F3",
    "MS2_4": "F5",
    "MS2_5": "F5",
    "MS3_1": "F8",
    "MS3_2": "F8",
    "MS3_3": "F7",
    "MS3_4": "F7",
    "MS3_5": "F7",
    "MS4_1": "F2",
    "MS4_2": "F10",
    "MS4_3": "F9",
    "MS4_4": "F9",
    "MS4_5": "F9"
  },
  "sensor": {
    "S1": "F2",
    "S2": "F3",
    "S3": "F8",
    "S4": "F2"
  },
  "fog": {
    "F1": {
      "rho": 0.3697680317657025,
      "capacity": 1.0,
      "tserv": 7.3953606353140495,
      "stddev": 7.3953606353140495,
      "mu": 0.13521991006426887,
      "cv": 1.0,
      "lambda": 0.05,
      "twait": 4.338986411589039
    },
    "F2": {
      "rho": 0.03257982997468434,
      "capacity": 1.0,
      "tserv": 0.3257982997468434,
      "stddev": 0.5029449968570842,
      "mu": 3.0693837284511147,
      "cv": 1.5437311896590311,
      "lambda": 0.1,
      "twait": 0.018559577994539302
    },
    "F3": {
      "rho": 0.25082076245454,
      "capacity": 1.0,
      "tserv": 1.6721384163635997,
      "stddev": 2.412956575277716,
      "mu": 0.5980366159965994,
      "cv": 1.4430363848258292,
      "lambda": 0.15000000000000002,
      "twait": 0.8627848202812718
    },
    "F4": {
      "rho": 0,
      "capacity": 1.0,
      "tserv": 0,
      "stddev": 0,
      "mu": 0,
      "cv": 0,
      "lambda": 0.0,
      "twait": 0
    },
    "F5": {
      "rho": 0.24917923754546004,
      "capacity": 1.0,
      "tserv": 2.4917923754546,
      "stddev": 2.8488801256863794,
      "mu": 0.40131754549476095,
      "cv": 1.143305579449264,
      "lambda": 0.1,
      "twait": 0.9539658417325576
    },
    "F6": {
      "rho": 0.1003954144689393,
      "capacity": 1.0,
      "tserv": 0.669302763126262,
      "stddev": 1.0353738480600212,
      "mu": 1.4940921434853736,
      "cv": 1.5469439319566964,
      "lambda": 0.15000000000000002,
      "twait": 0.12671944027590096
    },
    "F7": {
      "rho": 0.27502202218118416,
      "capacity": 1.0,
      "tserv": 1.8334801478745608,
      "stddev": 1.923790250126222,
      "mu": 0.5454108685928438,
      "cv": 1.049256111311787,
      "lambda": 0.15000000000000002,
      "twait": 0.7306378878272527
    },
    "F8": {
      "rho": 0.22497797781881584,
      "capacity": 1.0,
      "tserv": 2.249779778188158,
      "stddev": 3.0230875714093632,
      "mu": 0.44448794930735036,
      "cv": 1.343725995192286,
      "lambda": 0.1,
      "twait": 0.916139613348582
    },
    "F9": {
      "rho": 0.20570682658686806,
      "capacity": 1.0,
      "tserv": 1.3713788439124535,
      "stddev": 1.806646755548877,
      "mu": 0.729193106951443,
      "cv": 1.31739436084243,
      "lambda": 0.15000000000000002,
      "twait": 0.4857764681609014
    },
    "F10": {
      "rho": 0.29154989720380586,
      "capacity": 1.0,
      "tserv": 5.830997944076117,
      "stddev": 5.830997944076117,
      "mu": 0.17149723076406323,
      "cv": 1.0,
      "lambda": 0.05,
      "twait": 2.399642324111648
    }
  },
  "extra": {
    "conv_gen": 384,
    "max_gen": 600,
    "population": 600,
    "deltatime": 37.6713744,
    "obj_func": 16.87427968491181
  },
  "network": [
    [
      0.0,
      1.7688481855731557,
      1.4531847034646521,
      2.5566492265589686,
      2.3217616846642914,
      1.6542372168429396,
      2.488887393370718,
      2.6131534218060652,
      2.0717351228547707,
      2.0717351228547707
    ],
    [
      1.7688481855731557,
      0.0,
      2.6155403020092436,
      2.3176699206461318,
      2.8129768014675864,
      2.0340575382554187,
      2.438126782527868,
      2.0717351228547707,
      1.8810905153667359,
      1.8810905153667359
    ],
    [
      1.4531847034646521,
      2.6155403020092436,
      0.0,
      2.0673025677453607,
      1.2985669637347124,
      2.0408168372055058,
      2.6131534218060652,
      1.8810905153667359,
      2.298067483937559,
      2.298067483937559
    ],
    [
      2.5566492265589686,
      2.3176699206461318,
      2.0673025677453607,
      0.0,
      1.874590252833006,
      2.488887393370718,
      2.0717351228547707,
      2.298067483937559,
      2.228079330830338,
      2.228079330830338
    ],
    [
      2.3217616846642914,
      2.8129768014675864,
      1.2985669637347124,
      1.874590252833006,
      0.0,
      2.438126782527868,
      1.8810905153667359,
      2.228079330830338,
      1.9254375274376412,
      1.9254375274376412
    ],
    [
      1.6542372168429396,
      2.0340575382554187,
      2.0408168372055058,
      2.488887393370718,
      2.438126782527868,
      0.0,
      2.298067483937559,
      1.9254375274376412,
      1.9736312030939551,
      1.9736312030939551
    ],
    [
      2.488887393370718,
      2.438126782527868,
      2.6131534218060652,
      2.0717351228547707,
      1.8810905153667359,
      2.298067483937559,
      0.0,
      1.9736312030939551,
      1.8088672616069796,
      1.8088672616069796
    ],
    [
      2.6131534218060652,
      2.0717351228547707,
      1.8810905153667359,
      2.298067483937559,
      2.228079330830338,
      1.9254375274376412,
      1.9736312030939551,
      0.0,
      1.9727089779191578,
      1.9727089779191578
    ],
    [
      2.0717351228547707,
      1.8810905153667359,
      2.298067483937559,
      2.228079330830338,
      1.9254375274376412,
      1.9736312030939551,
      1.8088672616069796,
      1.9727089779191578,
      0.0,
      1.7870300035477091
    ],
    [
      2.0717351228547707,
      1.8810905153667359,
      2.298067483937559,
      2.228079330830338,
      1.9254375274376412,
      1.9736312030939551,
      1.8088672616069796,
      1.9727089779191578,
      1.7870300035477091,
      0.0
    ]
  ]
}