{
  "servicechain": {
    "SC1": {
      "resptime": 34.45686226264378,
      "resptime_old": 24.456862262643785,
      "waittime": 19.45953195287385,
      "servicetime": 10.0,
      "networktime": 4.997330309769931,
      "services": {
        "MS1_1": {
          "meanserv": 0.2880464382703274,
          "stddevserv": 0.2880464382703274,
          "rate": 3.4716624375043117,
          "cv": 1.0,
          "lambda": 0.225
        },
        "MS1_2": {
          "meanserv": 1.7371330864986703,
          "stddevserv": 1.7371330864986703,
          "rate": 0.5756611325707804,
          "cv": 1.0,
          "lambda": 0.225
        },
        "MS1_3": {
          "meanserv": 0.24567531579453572,
          "stddevserv": 0.24567531579453572,
          "rate": 4.070413003300358,
          "cv": 1.0,
          "lambda": 0.225
        },
        "MS1_4": {
          "meanserv": 0.9692888860835023,
          "stddevserv": 0.9692888860835023,
          "rate": 1.031684170072958,
          "cv": 1.0,
          "lambda": 0.225
        },
        "MS1_5": {
          "meanserv": 0.03241617350203008,
          "stddevserv": 0.03241617350203008,
          "rate": 30.848798361021068,
          "cv": 1.0,
          "lambda": 0.225
        },
        "MS1_6": {
          "meanserv": 1.8639209113090196,
          "stddevserv": 1.8639209113090196,
          "rate": 0.5365034502980636,
          "cv": 1.0,
          "lambda": 0.225
        },
        "MS1_7": {
          "meanserv": 2.230577168126791,
          "stddevserv": 2.230577168126791,
          "rate": 0.4483144606199779,
          "cv": 1.0,
          "lambda": 0.225
        },
        "MS1_8": {
          "meanserv": 0.6842581225044739,
          "stddevserv": 0.6842581225044739,
          "rate": 1.4614367986453265,
          "cv": 1.0,
          "lambda": 0.225
        },
        "MS1_9": {
          "meanserv": 0.13035120721116655,
          "stddevserv": 0.13035120721116655,
          "rate": 7.671582192407459,
          "cv": 1.0,
          "lambda": 0.225
        },
        "MS1_10": {
          "meanserv": 1.8183326906994832,
          "stddevserv": 1.8183326906994832,
          "rate": 0.5499543648502058,
          "cv": 1.0,
          "lambda": 0.225
        }
      },
      "sensors": [
        "S1"
      ],
      "sources": [
        {
          "startTime": 0,
          "stopTime": -1,
          "lambda": 0.225
        }
      ]
    },
    "SC2": {
      "resptime": 39.54421375293631,
      "resptime_old": 29.544213752936308,
      "waittime": 23.808408433985587,
      "servicetime": 10.0,
      "networktime": 5.735805318950718,
      "services": {
        "MS2_1": {
          "meanserv": 1.286759018364687,
          "stddevserv": 1.286759018364687,
          "rate": 0.7771462921401378,
          "cv": 1.0,
          "lambda": 0.225
        },
        "MS2_2": {
          "meanserv": 0.1489662989793028,
          "stddevserv": 0.1489662989793028,
          "rate": 6.712927735010311,
          "cv": 1.0,
          "lambda": 0.225
        },
        "MS2_3": {
          "meanserv": 3.2931127604432833,
          "stddevserv": 3.2931127604432833,
          "rate": 0.30366406277123376,
          "cv": 1.0,
          "lambda": 0.225
        },
        "MS2_4": {
          "meanserv": 0.5663547945138685,
          "stddevserv": 0.5663547945138685,
          "rate": 1.765677645332466,
          "cv": 1.0,
          "lambda": 0.225
        },
        "MS2_5": {
          "meanserv": 0.5757291955460877,
          "stddevserv": 0.5757291955460877,
          "rate": 1.7369277218110941,
          "cv": 1.0,
          "lambda": 0.225
        },
        "MS2_6": {
          "meanserv": 1.0610864480771314,
          "stddevserv": 1.0610864480771314,
          "rate": 0.942430281540368,
          "cv": 1.0,
          "lambda": 0.225
        },
        "MS2_7": {
          "meanserv": 0.8462125624341299,
          "stddevserv": 0.8462125624341299,
          "rate": 1.18173617881954,
          "cv": 1.0,
          "lambda": 0.225
        },
        "MS2_8": {
          "meanserv": 0.7591778493573242,
          "stddevserv": 0.7591778493573242,
          "rate": 1.317214406145466,
          "cv": 1.0,
          "lambda": 0.225
        },
        "MS2_9": {
          "meanserv": 0.8099809567792384,
          "stddevserv": 0.8099809567792384,
          "rate": 1.2345969267923809,
          "cv": 1.0,
          "lambda": 0.225
        },
        "MS2_10": {
          "meanserv": 0.6526201155049467,
          "stddevserv": 0.6526201155049467,
          "rate": 1.532284979028386,
          "cv": 1.0,
          "lambda": 0.225
        }
      },
      "sensors": [
        "S2"
      ],
      "sources": [
        {
          "startTime": 0,
          "stopTime": -1,
          "lambda": 0.225
        }
      ]
    },
    "SC3": {
      "resptime": 33.228247898392986,
      "resptime_old": 23.22824789839299,
      "waittime": 17.16436835774906,
      "servicetime": 10.0,
      "networktime": 6.063879540643928,
      "services": {
        "MS3_1": {
          "meanserv": 2.0411601976073657,
          "stddevserv": 2.0411601976073657,
          "rate": 0.48991745046380647,
          "cv": 1.0,
          "lambda": 0.225
        },
        "MS3_2": {
          "meanserv": 0.008103241399488592,
          "stddevserv": 0.008103241399488592,
          "rate": 123.40740583923755,
          "cv": 1.0,
          "lambda": 0.225
        },
        "MS3_3": {
          "meanserv": 0.3248952212475529,
          "stddevserv": 0.3248952212475529,
          "rate": 3.0779153850282492,
          "cv": 1.0,
          "lambda": 0.225
        },
        "MS3_4": {
          "meanserv": 0.5978583102308201,
          "stddevserv": 0.5978583102308201,
          "rate": 1.672637116332667,
          "cv": 1.0,
          "lambda": 0.225
        },
        "MS3_5": {
          "meanserv": 2.1193833704307368,
          "stddevserv": 2.1193833704307368,
          "rate": 0.47183535265578835,
          "cv": 1.0,
          "lambda": 0.225
        },
        "MS3_6": {
          "meanserv": 2.2326921418042893,
          "stddevserv": 2.2326921418042893,
          "rate": 0.4478897834933379,
          "cv": 1.0,
          "lambda": 0.225
        },
        "MS3_7": {
          "meanserv": 0.1827878776442864,
          "stddevserv": 0.1827878776442864,
          "rate": 5.470822315394711,
          "cv": 1.0,
          "lambda": 0.225
        },
        "MS3_8": {
          "meanserv": 1.0636603727398368,
          "stddevserv": 1.0636603727398368,
          "rate": 0.9401497184896934,
          "cv": 1.0,
          "lambda": 0.225
        },
        "MS3_9": {
          "meanserv": 0.34859283989627343,
          "stddevserv": 0.34859283989627343,
          "rate": 2.868676247904455,
          "cv": 1.0,
          "lambda": 0.225
        },
        "MS3_10": {
          "meanserv": 1.08086642699935,
          "stddevserv": 1.08086642699935,
          "rate": 0.9251836998732142,
          "cv": 1.0,
          "lambda": 0.225
        }
      },
      "sensors": [
        "S3"
      ],
      "sources": [
        {
          "startTime": 0,
          "stopTime": -1,
          "lambda": 0.225
        }
      ]
    },
    "SC4": {
      "resptime": 41.83589829490258,
      "resptime_old": 31.835898294902577,
      "waittime": 27.093143771914768,
      "servicetime": 10.0,
      "networktime": 4.742754522987809,
      "services": {
        "MS4_1": {
          "meanserv": 0.9587492941953757,
          "stddevserv": 0.9587492941953757,
          "rate": 1.0430255396842234,
          "cv": 1.0,
          "lambda": 0.225
        },
        "MS4_2": {
          "meanserv": 0.282261093280618,
          "stddevserv": 0.282261093280618,
          "rate": 3.542819126707701,
          "cv": 1.0,
          "lambda": 0.225
        },
        "MS4_3": {
          "meanserv": 0.3581717170059828,
          "stddevserv": 0.3581717170059828,
          "rate": 2.7919569092701315,
          "cv": 1.0,
          "lambda": 0.225
        },
        "MS4_4": {
          "meanserv": 0.402374200687998,
          "stddevserv": 0.402374200687998,
          "rate": 2.485248801464293,
          "cv": 1.0,
          "lambda": 0.225
        },
        "MS4_5": {
          "meanserv": 1.2984607171166176,
          "stddevserv": 1.2984607171166176,
          "rate": 0.7701426672503545,
          "cv": 1.0,
          "lambda": 0.225
        },
        "MS4_6": {
          "meanserv": 1.225899047179246,
          "stddevserv": 1.225899047179246,
          "rate": 0.8157278548351659,
          "cv": 1.0,
          "lambda": 0.225
        },
        "MS4_7": {
          "meanserv": 3.4210937495636085,
          "stddevserv": 3.4210937495636085,
          "rate": 0.2923041790735957,
          "cv": 1.0,
          "lambda": 0.225
        },
        "MS4_8": {
          "meanserv": 0.5189662287992292,
          "stddevserv": 0.5189662287992292,
          "rate": 1.926907657004531,
          "cv": 1.0,
          "lambda": 0.225
        },
        "MS4_9": {
          "meanserv": 1.378384438864277,
          "stddevserv": 1.378384438864277,
          "rate": 0.7254870062404015,
          "cv": 1.0,
          "lambda": 0.225
        },
        "MS4_10": {
          "meanserv": 0.1556395133070474,
          "stddevserv": 0.1556395133070474,
          "rate": 6.425103617660309,
          "cv": 1.0,
          "lambda": 0.225
        }
      },
      "sensors": [
        "S4"
      ],
      "sources": [
        {
          "startTime": 0,
          "stopTime": -1,
          "lambda": 0.225
        }
      ]
    }
  },
  "microservice": {
    "MS1_1": "F7",
    "MS1_2": "F7",
    "MS1_3": "F12",
    "MS1_4": "F12",
    "MS1_5": "F12",
    "MS1_6": "F11",
    "MS1_7": "F4",
    "MS1_8": "F7",
    "MS1_9": "F6",
    "MS1_10": "F6",
    "MS2_1": "F10",
    "MS2_2": "F10",
    "MS2_3": "F2",
    "MS2_4": "F11",
    "MS2_5": "F15",
    "MS2_6": "F15",
    "MS2_7": "F10",
    "MS2_8": "F8",
    "MS2_9": "F9",
    "MS2_10": "F9",
    "MS3_1": "F5",
    "MS3_2": "F13",
    "MS3_3": "F13",
    "MS3_4": "F12",
    "MS3_5": "F14",
    "MS3_6": "F3",
    "MS3_7": "F15",
    "MS3_8": "F15",
    "MS3_9": "F10",
    "MS3_10": "F12",
    "MS4_1": "F13",
    "MS4_2": "F13",
    "MS4_3": "F6",
    "MS4_4": "F6",
    "MS4_5": "F9",
    "MS4_6": "F13",
    "MS4_7": "F1",
    "MS4_8": "F8",
    "MS4_9": "F8",
    "MS4_10": "F8"
  },
  "sensor": {
    "S1": "F7",
    "S2": "F10",
    "S3": "F5",
    "S4": "F13"
  },
  "fog": {
    "F1": {
      "rho": 0.769746093651812,
      "capacity": 1.0,
      "tserv": 3.4210937495636085,
      "stddev": 3.4210937495636085,
      "mu": 0.2923041790735957,
      "cv": 1.0,
      "lambda": 0.225,
      "twait": 11.436824640712299
    },
    "F2": {
      "rho": 0.7409503710997387,
      "capacity": 1.0,
      "tserv": 3.2931127604432833,
      "stddev": 3.2931127604432837,
      "mu": 0.30366406277123376,
      "cv": 1.0000000000000002,
      "lambda": 0.225,
      "twait": 9.41917242762464
    },
    "F3": {
      "rho": 0.5023557319059652,
      "capacity": 1.0,
      "tserv": 2.2326921418042898,
      "stddev": 2.232692141804289,
      "mu": 0.4478897834933378,
      "cv": 0.9999999999999996,
      "lambda": 0.225,
      "twait": 2.2538302295985693
    },
    "F4": {
      "rho": 0.5018798628285281,
      "capacity": 1.0,
      "tserv": 2.2305771681267914,
      "stddev": 2.2305771681267905,
      "mu": 0.44831446061997776,
      "cv": 0.9999999999999996,
      "lambda": 0.225,
      "twait": 2.247413183343263
    },
    "F5": {
      "rho": 0.4592610444616573,
      "capacity": 1.0,
      "tserv": 2.0411601976073657,
      "stddev": 2.0411601976073657,
      "mu": 0.48991745046380647,
      "cv": 1.0,
      "lambda": 0.225,
      "twait": 1.7336005750380057
    },
    "F6": {
      "rho": 0.6095767085110421,
      "capacity": 1.0,
      "tserv": 0.6773074539011578,
      "stddev": 1.1610397093359925,
      "mu": 1.4764343640988986,
      "cv": 1.7141989249470564,
      "lambda": 0.9,
      "twait": 2.082461228410802
    },
    "F7": {
      "rho": 0.6096234706365311,
      "capacity": 1.0,
      "tserv": 0.9031458824244905,
      "stddev": 1.2504139478885912,
      "mu": 1.1072408339121307,
      "cv": 1.3845093823955232,
      "lambda": 0.675,
      "twait": 2.056943693155044
    },
    "F8": {
      "rho": 0.6327378068237723,
      "capacity": 1.0,
      "tserv": 0.7030420075819693,
      "stddev": 0.9437447070433764,
      "mu": 1.422390112134811,
      "cv": 1.3423731396780625,
      "lambda": 0.9,
      "twait": 1.6969210907171404
    },
    "F9": {
      "rho": 0.6212389026151808,
      "capacity": 1.0,
      "tserv": 0.9203539298002676,
      "stddev": 0.9991347474201557,
      "mu": 1.0865385235188998,
      "cv": 1.0855983932583249,
      "lambda": 0.675,
      "twait": 1.6442978018743717
    },
    "F10": {
      "rho": 0.5918694119267385,
      "capacity": 1.0,
      "tserv": 0.6576326799185983,
      "stddev": 0.9084522318286455,
      "mu": 1.5206056975814826,
      "cv": 1.3813976396992522,
      "lambda": 0.9,
      "twait": 1.3867982606182783
    },
    "F11": {
      "rho": 0.5468120338101498,
      "capacity": 1.0,
      "tserv": 1.215137852911444,
      "stddev": 1.5226289486626932,
      "mu": 0.8229518960371629,
      "cv": 1.2530503802630353,
      "lambda": 0.45,
      "twait": 1.884131574537822
    },
    "F12": {
      "rho": 0.6583736503373036,
      "capacity": 1.0,
      "tserv": 0.5852210225220477,
      "stddev": 0.8174168564208278,
      "mu": 1.7087561135285874,
      "cv": 1.396766050710409,
      "lambda": 1.125,
      "twait": 1.664077886235342
    },
    "F13": {
      "rho": 0.6299792768930133,
      "capacity": 1.0,
      "tserv": 0.5599815794604562,
      "stddev": 0.8540197074419748,
      "mu": 1.78577302661188,
      "cv": 1.5250853577448478,
      "lambda": 1.125,
      "twait": 1.5854452001183568
    },
    "F14": {
      "rho": 0.4768612583469158,
      "capacity": 1.0,
      "tserv": 2.1193833704307368,
      "stddev": 2.1193833704307368,
      "mu": 0.47183535265578835,
      "cv": 1.0,
      "lambda": 0.225,
      "twait": 1.931900164284402
    },
    "F15": {
      "rho": 0.6487343761516522,
      "capacity": 1.0,
      "tserv": 0.7208159735018357,
      "stddev": 0.8896634246548075,
      "mu": 1.3873166477455334,
      "cv": 1.2342448799139185,
      "lambda": 0.9,
      "twait": 1.6795964777512025
    }
  },
  "extra": {
    "deltatime": 0.0839105,
    "obj_func": 37.26630555221891
  },
  "network": [
    [
      0.0,
      1.1311401088973378,
      0.747603988634424,
      0.9675468933788121,
      0.9508557007529969,
      0.9507600646007548,
      1.1623062794958274,
      0.9937119017309609,
      0.8550939593526233,
      0.8752938125416987,
      1.2602084572457446,
      0.7455658930588206,
      0.8009647883705637,
      1.0609632404333544,
      1.0609632404333544
    ],
    [
      1.1311401088973378,
      0.0,
      0.9979000393016169,
      0.8932758049858613,
      1.2461708254898627,
      1.1769507639120589,
      1.0114253669606634,
      0.6599468452054409,
      1.0278960965956527,
      1.1835159992228101,
      0.8932662399992705,
      0.8531771921035907,
      1.0609632404333544,
      1.1028223770650691,
      1.1028223770650691
    ],
    [
      0.747603988634424,
      0.9979000393016169,
      0.0,
      1.0219342874458177,
      1.2454360116577539,
      1.157431120629207,
      0.83788524335964,
      0.914180437031465,
      1.0884715510106155,
      1.126546530185599,
      1.2209338174139062,
      0.8009647883705637,
      1.1028223770650691,
      0.7538956195735145,
      0.7538956195735145
    ],
    [
      0.9675468933788121,
      0.8932758049858613,
      1.0219342874458177,
      0.0,
      1.1332482661515886,
      1.2447777141774503,
      1.0107280229341478,
      1.2210203688432744,
      1.0946455709580254,
      1.1143536968011443,
      0.7455658930588206,
      1.0609632404333544,
      0.7538956195735145,
      1.1386966899645883,
      1.1386966899645883
    ],
    [
      0.9508557007529969,
      1.2461708254898627,
      1.2454360116577539,
      1.1332482661515886,
      0.0,
      1.1813784992288328,
      0.6966201443551568,
      1.0812070007766388,
      0.9695496491945553,
      1.2602084572457446,
      0.8531771921035907,
      1.1028223770650691,
      1.1386966899645883,
      1.0121233759083101,
      1.0121233759083101
    ],
    [
      0.9507600646007548,
      1.1769507639120589,
      1.157431120629207,
      1.2447777141774503,
      1.1813784992288328,
      0.0,
      1.0416790593760994,
      1.0321050558935028,
      0.8752938125416987,
      0.8932662399992705,
      0.8009647883705637,
      0.7538956195735145,
      1.0121233759083101,
      1.1843154937268119,
      1.1843154937268119
    ],
    [
      1.1623062794958274,
      1.0114253669606634,
      0.83788524335964,
      1.0107280229341478,
      0.6966201443551568,
      1.0416790593760994,
      0.0,
      0.8550939593526233,
      1.1835159992228101,
      1.2209338174139062,
      1.0609632404333544,
      1.1386966899645883,
      1.1843154937268119,
      0.6323174037972737,
      0.6323174037972737
    ],
    [
      0.9937119017309609,
      0.6599468452054409,
      0.914180437031465,
      1.2210203688432744,
      1.0812070007766388,
      1.0321050558935028,
      0.8550939593526233,
      0.0,
      1.126546530185599,
      0.7455658930588206,
      1.1028223770650691,
      1.0121233759083101,
      0.6323174037972737,
      1.0606606444362752,
      1.0606606444362752
    ],
    [
      0.8550939593526233,
      1.0278960965956527,
      1.0884715510106155,
      1.0946455709580254,
      0.9695496491945553,
      0.8752938125416987,
      1.1835159992228101,
      1.126546530185599,
      0.0,
      0.8531771921035907,
      0.7538956195735145,
      1.1843154937268119,
      1.0606606444362752,
      0.8889974785231195,
      0.8889974785231195
    ],
    [
      0.8752938125416987,
      1.1835159992228101,
      1.126546530185599,
      1.1143536968011443,
      1.2602084572457446,
      0.8932662399992705,
      1.2209338174139062,
      0.7455658930588206,
      0.8531771921035907,
      0.0,
      1.1386966899645883,
      0.6323174037972737,
      0.8889974785231195,
      0.9092404492479857,
      0.9092404492479857
    ],
    [
      1.2602084572457446,
      0.8932662399992705,
      1.2209338174139062,
      0.7455658930588206,
      0.8531771921035907,
      0.8009647883705637,
      1.0609632404333544,
      1.1028223770650691,
      0.7538956195735145,
      1.1386966899645883,
      0.0,
      1.0606606444362752,
      0.9092404492479857,
      0.8776702072362329,
      0.8776702072362329
    ],
    [
      0.7455658930588206,
      0.8531771921035907,
      0.8009647883705637,
      1.0609632404333544,
      1.1028223770650691,
      0.7538956195735145,
      1.1386966899645883,
      1.0121233759083101,
      1.1843154937268119,
      0.6323174037972737,
      1.0606606444362752,
      0.0,
      0.8776702072362329,
      0.9981635512508185,
      0.9981635512508185
    ],
    [
      0.8009647883705637,
      1.0609632404333544,
      1.1028223770650691,
      0.7538956195735145,
      1.1386966899645883,
      1.0121233759083101,
      1.1843154937268119,
      0.6323174037972737,
      1.0606606444362752,
      0.8889974785231195,
      0.9092404492479857,
      0.8776702072362329,
      0.0,
      1.319761499737192,
      1.319761499737192
    ],
    [
      1.0609632404333544,
      1.1028223770650691,
      0.7538956195735145,
      1.1386966899645883,
      1.0121233759083101,
      1.1843154937268119,
      0.6323174037972737,
      1.0606606444362752,
      0.8889974785231195,
      0.9092404492479857,
      0.8776702072362329,
      0.9981635512508185,
      1.319761499737192,
      0.0,
      1.1785289385671271
    ],
    [
      1.0609632404333544,
      1.1028223770650691,
      0.7538956195735145,
      1.1386966899645883,
      1.0121233759083101,
      1.1843154937268119,
      0.6323174037972737,
      1.0606606444362752,
      0.8889974785231195,
      0.9092404492479857,
      0.8776702072362329,
      0.9981635512508185,
      1.319761499737192,
      1.1785289385671271,
      0.0
    ]
  ]
}