{
  "servicechain": {
    "SC1": {
      "resptime": 6842.38426703283,
      "resptime_old": 6832.384267032831,
      "waittime": 6827.711337134978,
      "servicetime": 10.0,
      "networktime": 4.672929897852901,
      "services": {
        "MS1_1": {
          "meanserv": 1.770800092568947,
          "stddevserv": 1.770800092568947,
          "rate": 0.5647164827901455,
          "cv": 1.0,
          "lambda": 0.15
        },
        "MS1_2": {
          "meanserv": 6.749313279543031,
          "stddevserv": 6.749313279543031,
          "rate": 0.14816322173560537,
          "cv": 1.0,
          "lambda": 0.15
        },
        "MS1_3": {
          "meanserv": 1.4798866278880212,
          "stddevserv": 1.4798866278880212,
          "rate": 0.6757274382748644,
          "cv": 1.0,
          "lambda": 0.15
        }
      },
      "sensors": [
        "S1"
      ],
      "sources": [
        {
          "startTime": 0,
          "stopTime": -1,
          "lambda": 0.15
        }
      ]
    },
    "SC2": {
      "resptime": 7440.167094037376,
      "resptime_old": 7430.167094037376,
      "waittime": 7427.271987041896,
      "servicetime": 10.0,
      "networktime": 2.895106995479852,
      "services": {
        "MS2_1": {
          "meanserv": 0.5167024965830436,
          "stddevserv": 0.5167024965830436,
          "rate": 1.9353496579037366,
          "cv": 1.0,
          "lambda": 0.15
        },
        "MS2_2": {
          "meanserv": 2.4446739061946863,
          "stddevserv": 2.4446739061946863,
          "rate": 0.409052511038813,
          "cv": 1.0,
          "lambda": 0.15
        },
        "MS2_3": {
          "meanserv": 7.03862359722227,
          "stddevserv": 7.03862359722227,
          "rate": 0.1420732315327447,
          "cv": 1.0,
          "lambda": 0.15
        }
      },
      "sensors": [
        "S2"
      ],
      "sources": [
        {
          "startTime": 0,
          "stopTime": -1,
          "lambda": 0.15
        }
      ]
    },
    "SC3": {
      "resptime": 445.02087457750815,
      "resptime_old": 435.02087457750815,
      "waittime": 429.95681207869774,
      "servicetime": 10.0,
      "networktime": 5.0640624988104035,
      "services": {
        "MS3_1": {
          "meanserv": 2.2234845096388334,
          "stddevserv": 2.2234845096388334,
          "rate": 0.4497445319115053,
          "cv": 1.0,
          "lambda": 0.15
        },
        "MS3_2": {
          "meanserv": 6.565921556556841,
          "stddevserv": 6.565921556556841,
          "rate": 0.15230154539409368,
          "cv": 1.0,
          "lambda": 0.15
        },
        "MS3_3": {
          "meanserv": 1.2105939338043257,
          "stddevserv": 1.2105939338043257,
          "rate": 0.8260408152364284,
          "cv": 1.0,
          "lambda": 0.15
        }
      },
      "sensors": [
        "S3"
      ],
      "sources": [
        {
          "startTime": 0,
          "stopTime": -1,
          "lambda": 0.15
        }
      ]
    },
    "SC4": {
      "resptime": 49.92076080857136,
      "resptime_old": 39.92076080857136,
      "waittime": 35.10475502440458,
      "servicetime": 10.0,
      "networktime": 4.816005784166778,
      "services": {
        "MS4_1": {
          "meanserv": 1.3875231475330962,
          "stddevserv": 1.3875231475330962,
          "rate": 0.7207086972047414,
          "cv": 1.0,
          "lambda": 0.15
        },
        "MS4_2": {
          "meanserv": 5.673807068664345,
          "stddevserv": 5.673807068664345,
          "rate": 0.17624850261879052,
          "cv": 1.0,
          "lambda": 0.15
        },
        "MS4_3": {
          "meanserv": 2.938669783802559,
          "stddevserv": 2.938669783802559,
          "rate": 0.34029002016893073,
          "cv": 1.0,
          "lambda": 0.15
        }
      },
      "sensors": [
        "S4"
      ],
      "sources": [
        {
          "startTime": 0,
          "stopTime": -1,
          "lambda": 0.15
        }
      ]
    }
  },
  "microservice": {
    "MS1_1": "F8",
    "MS1_2": "F9",
    "MS1_3": "F3",
    "MS2_1": "F5",
    "MS2_2": "F5",
    "MS2_3": "F2",
    "MS3_1": "F4",
    "MS3_2": "F10",
    "MS3_3": "F3",
    "MS4_1": "F7",
    "MS4_2": "F6",
    "MS4_3": "F1"
  },
  "sensor": {
    "S1": "F8",
    "S2": "F5",
    "S3": "F4",
    "S4": "F7"
  },
  "fog": {
    "F1": {
      "rho": 0.44080046757038377,
      "capacity": 1.0,
      "tserv": 2.938669783802559,
      "stddev": 2.938669783802559,
      "mu": 0.34029002016893073,
      "cv": 1.0,
      "lambda": 0.15,
      "twait": 2.316466555519104
    },
    "F2": {
      "rho": 1.0557935395833404,
      "capacity": 1.0,
      "tserv": 7.03862359722227,
      "stddev": 7.03862359722227,
      "mu": 0.1420732315327447,
      "cv": 1.0,
      "lambda": 0.15,
      "twait": 7423.9019881846125
    },
    "F3": {
      "rho": 0.40357208425385205,
      "capacity": 1.0,
      "tserv": 1.3452402808461736,
      "stddev": 1.3586503195283612,
      "mu": 0.7433616241189173,
      "cv": 1.0099685081342884,
      "lambda": 0.3,
      "twait": 0.9193739949426285
    },
    "F4": {
      "rho": 0.33352267644582495,
      "capacity": 1.0,
      "tserv": 2.2234845096388334,
      "stddev": 2.2234845096388334,
      "mu": 0.4497445319115053,
      "cv": 1.0,
      "lambda": 0.15,
      "twait": 1.1126897772543591
    },
    "F5": {
      "rho": 0.4442064604166595,
      "capacity": 1.0,
      "tserv": 1.480688201388865,
      "stddev": 2.0127032637406197,
      "mu": 0.6753616318830756,
      "cv": 1.3593025606962574,
      "lambda": 0.3,
      "twait": 1.6849994286416528
    },
    "F6": {
      "rho": 0.8510710602996517,
      "capacity": 1.0,
      "tserv": 5.673807068664345,
      "stddev": 5.673807068664345,
      "mu": 0.17624850261879052,
      "cv": 1.0,
      "lambda": 0.15,
      "twait": 32.423604220775445
    },
    "F7": {
      "rho": 0.20812847212996444,
      "capacity": 1.0,
      "tserv": 1.3875231475330962,
      "stddev": 1.3875231475330962,
      "mu": 0.7207086972047414,
      "cv": 1.0,
      "lambda": 0.15,
      "twait": 0.3646842481100274
    },
    "F8": {
      "rho": 0.26562001388534207,
      "capacity": 1.0,
      "tserv": 1.770800092568947,
      "stddev": 1.770800092568947,
      "mu": 0.5647164827901455,
      "cv": 1.0,
      "lambda": 0.15,
      "twait": 0.6404857894682495
    },
    "F9": {
      "rho": 1.0123969919314546,
      "capacity": 1.0,
      "tserv": 6.749313279543031,
      "stddev": 6.749313279543031,
      "mu": 0.14816322173560537,
      "cv": 1.0,
      "lambda": 0.15,
      "twait": 6826.151477350567
    },
    "F10": {
      "rho": 0.9848882334835262,
      "capacity": 1.0,
      "tserv": 6.565921556556841,
      "stddev": 6.565921556556841,
      "mu": 0.15230154539409368,
      "cv": 1.0,
      "lambda": 0.15,
      "twait": 427.92474830650076
    }
  },
  "extra": {
    "conv_gen": 0,
    "max_gen": 600,
    "population": 600,
    "deltatime": 27.3701581,
    "obj_func": 3694.3732491140718
  },
  "network": [
    [
      0.0,
      3.1896989595796934,
      3.6372689576617314,
      3.815803602738256,
      3.8842152330573847,
      2.8067776886927995,
      2.874071165889828,
      3.562971035324094,
      3.7943323614035958,
      3.7943323614035958
    ],
    [
      3.1896989595796934,
      0.0,
      3.777253615350841,
      3.9046708222339737,
      2.895106995479852,
      4.381791846866997,
      2.136559217748969,
      3.7943323614035958,
      3.2731118919320723,
      3.2731118919320723
    ],
    [
      3.6372689576617314,
      3.777253615350841,
      0.0,
      2.3431148539161692,
      3.922846907261872,
      3.3161714986655593,
      3.562971035324094,
      3.2731118919320723,
      2.009228095473979,
      2.009228095473979
    ],
    [
      3.815803602738256,
      3.9046708222339737,
      2.3431148539161692,
      0.0,
      4.056978871925175,
      2.874071165889828,
      3.7943323614035958,
      2.009228095473979,
      3.0548344033364243,
      3.0548344033364243
    ],
    [
      3.8842152330573847,
      2.895106995479852,
      3.922846907261872,
      4.056978871925175,
      0.0,
      2.136559217748969,
      3.2731118919320723,
      3.0548344033364243,
      3.6246797223191023,
      3.6246797223191023
    ],
    [
      2.8067776886927995,
      4.381791846866997,
      3.3161714986655593,
      2.874071165889828,
      2.136559217748969,
      0.0,
      2.009228095473979,
      3.6246797223191023,
      3.9894444801662323,
      3.9894444801662323
    ],
    [
      2.874071165889828,
      2.136559217748969,
      3.562971035324094,
      3.7943323614035958,
      3.2731118919320723,
      2.009228095473979,
      0.0,
      3.9894444801662323,
      3.443801302439291,
      3.443801302439291
    ],
    [
      3.562971035324094,
      3.7943323614035958,
      3.2731118919320723,
      2.009228095473979,
      3.0548344033364243,
      3.6246797223191023,
      3.9894444801662323,
      0.0,
      2.6637018023789225,
      2.6637018023789225
    ],
    [
      3.7943323614035958,
      3.2731118919320723,
      2.009228095473979,
      3.0548344033364243,
      3.6246797223191023,
      3.9894444801662323,
      3.443801302439291,
      2.6637018023789225,
      0.0,
      3.4145448299502457
    ],
    [
      3.7943323614035958,
      3.2731118919320723,
      2.009228095473979,
      3.0548344033364243,
      3.6246797223191023,
      3.9894444801662323,
      3.443801302439291,
      2.6637018023789225,
      3.4145448299502457,
      0.0
    ]
  ]
}