{
  "servicechain": {
    "SC1": {
      "resptime": 3827.7576189068745,
      "resptime_old": 3817.7576189068745,
      "waittime": 3811.8779873669337,
      "servicetime": 10.0,
      "networktime": 5.879631539941008,
      "services": {
        "MS1_1": {
          "meanserv": 0.6753982878121856,
          "stddevserv": 0.6753982878121856,
          "rate": 1.4806078399151634,
          "cv": 1.0,
          "lambda": 0.3
        },
        "MS1_2": {
          "meanserv": 0.19559549586654512,
          "stddevserv": 0.19559549586654512,
          "rate": 5.112592166653471,
          "cv": 1.0,
          "lambda": 0.3
        },
        "MS1_3": {
          "meanserv": 0.015239879074460116,
          "stddevserv": 0.015239879074460116,
          "rate": 65.6173185570651,
          "cv": 1.0,
          "lambda": 0.3
        },
        "MS1_4": {
          "meanserv": 0.3517633406272036,
          "stddevserv": 0.3517633406272036,
          "rate": 2.8428203979896622,
          "cv": 1.0,
          "lambda": 0.3
        },
        "MS1_5": {
          "meanserv": 1.7998443640841286,
          "stddevserv": 1.7998443640841286,
          "rate": 0.5556035954858027,
          "cv": 1.0,
          "lambda": 0.3
        },
        "MS1_6": {
          "meanserv": 0.5355383331257206,
          "stddevserv": 0.5355383331257206,
          "rate": 1.8672799651210856,
          "cv": 1.0,
          "lambda": 0.3
        },
        "MS1_7": {
          "meanserv": 1.6331145486251275,
          "stddevserv": 1.6331145486251275,
          "rate": 0.6123269190405972,
          "cv": 1.0,
          "lambda": 0.3
        },
        "MS1_8": {
          "meanserv": 0.8847902693919751,
          "stddevserv": 0.8847902693919751,
          "rate": 1.1302113445338822,
          "cv": 1.0,
          "lambda": 0.3
        },
        "MS1_9": {
          "meanserv": 3.5615512235647744,
          "stddevserv": 3.5615512235647744,
          "rate": 0.28077653169314665,
          "cv": 1.0,
          "lambda": 0.3
        },
        "MS1_10": {
          "meanserv": 0.3471642578278793,
          "stddevserv": 0.3471642578278793,
          "rate": 2.8804808601460072,
          "cv": 1.0,
          "lambda": 0.3
        }
      },
      "sensors": [
        "S1"
      ],
      "sources": [
        {
          "startTime": 0,
          "stopTime": -1,
          "lambda": 0.3
        }
      ]
    },
    "SC2": {
      "resptime": 29.73416902546307,
      "resptime_old": 19.73416902546307,
      "waittime": 14.457743609088855,
      "servicetime": 10.0,
      "networktime": 5.276425416374217,
      "services": {
        "MS2_1": {
          "meanserv": 1.4652077257771878,
          "stddevserv": 1.4652077257771878,
          "rate": 0.6824970837971602,
          "cv": 1.0,
          "lambda": 0.3
        },
        "MS2_2": {
          "meanserv": 0.9810157815374188,
          "stddevserv": 0.9810157815374188,
          "rate": 1.019351593338111,
          "cv": 1.0,
          "lambda": 0.3
        },
        "MS2_3": {
          "meanserv": 0.48456874669045247,
          "stddevserv": 0.48456874669045247,
          "rate": 2.063690666865914,
          "cv": 1.0,
          "lambda": 0.3
        },
        "MS2_4": {
          "meanserv": 1.1534938925600873,
          "stddevserv": 1.1534938925600873,
          "rate": 0.8669313348340147,
          "cv": 1.0,
          "lambda": 0.3
        },
        "MS2_5": {
          "meanserv": 0.7750709521214674,
          "stddevserv": 0.7750709521214674,
          "rate": 1.2902044609759575,
          "cv": 1.0,
          "lambda": 0.3
        },
        "MS2_6": {
          "meanserv": 2.280005873941384,
          "stddevserv": 2.280005873941384,
          "rate": 0.4385953612791914,
          "cv": 1.0,
          "lambda": 0.3
        },
        "MS2_7": {
          "meanserv": 0.5671100195519099,
          "stddevserv": 0.5671100195519099,
          "rate": 1.7633262780123848,
          "cv": 1.0,
          "lambda": 0.3
        },
        "MS2_8": {
          "meanserv": 1.2036992243304034,
          "stddevserv": 1.2036992243304034,
          "rate": 0.8307723223434678,
          "cv": 1.0,
          "lambda": 0.3
        },
        "MS2_9": {
          "meanserv": 0.4961023484812106,
          "stddevserv": 0.4961023484812106,
          "rate": 2.0157130944077237,
          "cv": 1.0,
          "lambda": 0.3
        },
        "MS2_10": {
          "meanserv": 0.5937254350084782,
          "stddevserv": 0.5937254350084782,
          "rate": 1.6842802093963187,
          "cv": 1.0,
          "lambda": 0.3
        }
      },
      "sensors": [
        "S2"
      ],
      "sources": [
        {
          "startTime": 0,
          "stopTime": -1,
          "lambda": 0.3
        }
      ]
    },
    "SC3": {
      "resptime": 33.86409116928123,
      "resptime_old": 23.86409116928123,
      "waittime": 19.44351460079711,
      "servicetime": 10.0,
      "networktime": 4.420576568484121,
      "services": {
        "MS3_1": {
          "meanserv": 0.5532812628618144,
          "stddevserv": 0.5532812628618144,
          "rate": 1.807398997803684,
          "cv": 1.0,
          "lambda": 0.3
        },
        "MS3_2": {
          "meanserv": 1.1682945394627997,
          "stddevserv": 1.1682945394627997,
          "rate": 0.8559485354265336,
          "cv": 1.0,
          "lambda": 0.3
        },
        "MS3_3": {
          "meanserv": 0.08181772316317337,
          "stddevserv": 0.08181772316317337,
          "rate": 12.222290737737197,
          "cv": 1.0,
          "lambda": 0.3
        },
        "MS3_4": {
          "meanserv": 0.4411155211990223,
          "stddevserv": 0.4411155211990223,
          "rate": 2.2669798543516233,
          "cv": 1.0,
          "lambda": 0.3
        },
        "MS3_5": {
          "meanserv": 1.489181188283717,
          "stddevserv": 1.489181188283717,
          "rate": 0.6715099598810412,
          "cv": 1.0,
          "lambda": 0.3
        },
        "MS3_6": {
          "meanserv": 0.6474278671718974,
          "stddevserv": 0.6474278671718974,
          "rate": 1.544573613070152,
          "cv": 1.0,
          "lambda": 0.3
        },
        "MS3_7": {
          "meanserv": 0.8457779128319709,
          "stddevserv": 0.8457779128319709,
          "rate": 1.1823434790956384,
          "cv": 1.0,
          "lambda": 0.3
        },
        "MS3_8": {
          "meanserv": 1.7159972819716565,
          "stddevserv": 1.7159972819716565,
          "rate": 0.5827515057896911,
          "cv": 1.0,
          "lambda": 0.3
        },
        "MS3_9": {
          "meanserv": 2.5591318897146262,
          "stddevserv": 2.5591318897146262,
          "rate": 0.39075750805149473,
          "cv": 1.0,
          "lambda": 0.3
        },
        "MS3_10": {
          "meanserv": 0.49797481333932225,
          "stddevserv": 0.49797481333932225,
          "rate": 2.0081336911282612,
          "cv": 1.0,
          "lambda": 0.3
        }
      },
      "sensors": [
        "S3"
      ],
      "sources": [
        {
          "startTime": 0,
          "stopTime": -1,
          "lambda": 0.3
        }
      ]
    },
    "SC4": {
      "resptime": 44.88635550550242,
      "resptime_old": 34.88635550550242,
      "waittime": 28.52151135594383,
      "servicetime": 10.0,
      "networktime": 6.364844149558593,
      "services": {
        "MS4_1": {
          "meanserv": 0.2443075755930335,
          "stddevserv": 0.2443075755930335,
          "rate": 4.093200947914099,
          "cv": 1.0,
          "lambda": 0.3
        },
        "MS4_2": {
          "meanserv": 1.0609756954947136,
          "stddevserv": 1.0609756954947136,
          "rate": 0.9425286594653973,
          "cv": 1.0,
          "lambda": 0.3
        },
        "MS4_3": {
          "meanserv": 0.7335705934167738,
          "stddevserv": 0.7335705934167738,
          "rate": 1.3631953202244245,
          "cv": 1.0,
          "lambda": 0.3
        },
        "MS4_4": {
          "meanserv": 0.6814917304533585,
          "stddevserv": 0.6814917304533585,
          "rate": 1.4673692362117963,
          "cv": 1.0,
          "lambda": 0.3
        },
        "MS4_5": {
          "meanserv": 1.4176237588686353,
          "stddevserv": 1.4176237588686353,
          "rate": 0.7054057846759504,
          "cv": 1.0,
          "lambda": 0.3
        },
        "MS4_6": {
          "meanserv": 2.8806660505343036,
          "stddevserv": 2.8806660505343036,
          "rate": 0.34714193955752726,
          "cv": 1.0,
          "lambda": 0.3
        },
        "MS4_7": {
          "meanserv": 0.21536230277829294,
          "stddevserv": 0.21536230277829294,
          "rate": 4.64333816596241,
          "cv": 1.0,
          "lambda": 0.3
        },
        "MS4_8": {
          "meanserv": 1.9052567514880367,
          "stddevserv": 1.9052567514880367,
          "rate": 0.5248636432958359,
          "cv": 1.0,
          "lambda": 0.3
        },
        "MS4_9": {
          "meanserv": 0.33725319968954537,
          "stddevserv": 0.33725319968954537,
          "rate": 2.9651312453685796,
          "cv": 1.0,
          "lambda": 0.3
        },
        "MS4_10": {
          "meanserv": 0.5234923416833066,
          "stddevserv": 0.5234923416833066,
          "rate": 1.9102476204035146,
          "cv": 1.0,
          "lambda": 0.3
        }
      },
      "sensors": [
        "S4"
      ],
      "sources": [
        {
          "startTime": 0,
          "stopTime": -1,
          "lambda": 0.3
        }
      ]
    }
  },
  "microservice": {
    "MS1_1": "F14",
    "MS1_2": "F14",
    "MS1_3": "F18",
    "MS1_4": "F18",
    "MS1_5": "F6",
    "MS1_6": "F19",
    "MS1_7": "F7",
    "MS1_8": "F20",
    "MS1_9": "F1",
    "MS1_10": "F14",
    "MS2_1": "F9",
    "MS2_2": "F19",
    "MS2_3": "F19",
    "MS2_4": "F12",
    "MS2_5": "F14",
    "MS2_6": "F4",
    "MS2_7": "F10",
    "MS2_8": "F10",
    "MS2_9": "F20",
    "MS2_10": "F20",
    "MS3_1": "F11",
    "MS3_2": "F11",
    "MS3_3": "F11",
    "MS3_4": "F8",
    "MS3_5": "F8",
    "MS3_6": "F15",
    "MS3_7": "F15",
    "MS3_8": "F16",
    "MS3_9": "F3",
    "MS3_10": "F12",
    "MS4_1": "F15",
    "MS4_2": "F13",
    "MS4_3": "F18",
    "MS4_4": "F18",
    "MS4_5": "F17",
    "MS4_6": "F2",
    "MS4_7": "F18",
    "MS4_8": "F5",
    "MS4_9": "F13",
    "MS4_10": "F13"
  },
  "sensor": {
    "S1": "F14",
    "S2": "F9",
    "S3": "F11",
    "S4": "F15"
  },
  "fog": {
    "F1": {
      "rho": 1.0684653670694322,
      "capacity": 1.0,
      "tserv": 3.561551223564774,
      "stddev": 3.561551223564775,
      "mu": 0.28077653169314665,
      "cv": 1.0000000000000002,
      "lambda": 0.3,
      "twait": 3801.5887412872953
    },
    "F2": {
      "rho": 0.8641998151602911,
      "capacity": 1.0,
      "tserv": 2.8806660505343036,
      "stddev": 2.8806660505343036,
      "mu": 0.34714193955752726,
      "cv": 1.0,
      "lambda": 0.3,
      "twait": 18.33186804089189
    },
    "F3": {
      "rho": 0.7677395669143878,
      "capacity": 1.0,
      "tserv": 2.5591318897146262,
      "stddev": 2.5591318897146262,
      "mu": 0.39075750805149473,
      "cv": 1.0,
      "lambda": 0.3,
      "twait": 8.459240270003683
    },
    "F4": {
      "rho": 0.6840017621824153,
      "capacity": 1.0,
      "tserv": 2.280005873941384,
      "stddev": 2.280005873941384,
      "mu": 0.4385953612791914,
      "cv": 1.0,
      "lambda": 0.3,
      "twait": 4.935242823924948
    },
    "F5": {
      "rho": 0.571577025446411,
      "capacity": 1.0,
      "tserv": 1.9052567514880367,
      "stddev": 1.9052567514880365,
      "mu": 0.5248636432958359,
      "cv": 0.9999999999999999,
      "lambda": 0.3,
      "twait": 2.541882792028014
    },
    "F6": {
      "rho": 0.5399533092252385,
      "capacity": 1.0,
      "tserv": 1.7998443640841286,
      "stddev": 1.7998443640841286,
      "mu": 0.5556035954858027,
      "cv": 1.0,
      "lambda": 0.3,
      "twait": 2.1124636693744385
    },
    "F7": {
      "rho": 0.48993436458753825,
      "capacity": 1.0,
      "tserv": 1.6331145486251275,
      "stddev": 1.6331145486251275,
      "mu": 0.6123269190405972,
      "cv": 1.0,
      "lambda": 0.3,
      "twait": 1.568658782574726
    },
    "F8": {
      "rho": 0.5790890128448218,
      "capacity": 1.0,
      "tserv": 0.9651483547413696,
      "stddev": 1.2168533880138626,
      "mu": 1.036110143158219,
      "cv": 1.2607941380576069,
      "lambda": 0.6,
      "twait": 1.7193018867607717
    },
    "F9": {
      "rho": 0.43956231773315635,
      "capacity": 1.0,
      "tserv": 1.4652077257771878,
      "stddev": 1.4652077257771878,
      "mu": 0.6824970837971602,
      "cv": 1.0,
      "lambda": 0.3,
      "twait": 1.1491912915243505
    },
    "F10": {
      "rho": 0.531242773164694,
      "capacity": 1.0,
      "tserv": 0.8854046219411568,
      "stddev": 0.9932594083999506,
      "mu": 1.1294271288166589,
      "cv": 1.1218141217992894,
      "lambda": 0.6,
      "twait": 1.1331061126563722
    },
    "F11": {
      "rho": 0.5410180576463363,
      "capacity": 1.0,
      "tserv": 0.601131175162596,
      "stddev": 0.8701296424355855,
      "mu": 1.6635304261661636,
      "cv": 1.4474871349006813,
      "lambda": 0.8999999999999999,
      "twait": 1.0965963614991703
    },
    "F12": {
      "rho": 0.4954406117698228,
      "capacity": 1.0,
      "tserv": 0.8257343529497047,
      "stddev": 0.9469370904407999,
      "mu": 1.2110432325211857,
      "cv": 1.1467817550016326,
      "lambda": 0.6,
      "twait": 0.9385577466494228
    },
    "F13": {
      "rho": 0.5765163710602697,
      "capacity": 1.0,
      "tserv": 0.6405737456225219,
      "stddev": 0.7737145440712607,
      "mu": 1.5611005084639877,
      "cv": 1.2078461681556274,
      "lambda": 0.8999999999999999,
      "twait": 1.0721453738754505
    },
    "F14": {
      "rho": 0.5979686980884232,
      "capacity": 1.0,
      "tserv": 0.4983072484070193,
      "stddev": 0.5996074633827627,
      "mu": 2.0067940075059796,
      "cv": 1.2032886643723895,
      "lambda": 1.2,
      "twait": 0.9071520865203303
    },
    "F15": {
      "rho": 0.5212540066790705,
      "capacity": 1.0,
      "tserv": 0.5791711185323006,
      "stddev": 0.67873929000973,
      "mu": 1.726605433182058,
      "cv": 1.1719149458449323,
      "lambda": 0.8999999999999999,
      "twait": 0.7483233254237008
    },
    "F16": {
      "rho": 0.5147991845914969,
      "capacity": 1.0,
      "tserv": 1.7159972819716562,
      "stddev": 1.7159972819716567,
      "mu": 0.5827515057896911,
      "cv": 1.0000000000000002,
      "lambda": 0.3,
      "twait": 1.820677075277546
    },
    "F17": {
      "rho": 0.42528712766059057,
      "capacity": 1.0,
      "tserv": 1.4176237588686353,
      "stddev": 1.4176237588686353,
      "mu": 0.7054057846759504,
      "cv": 1.0,
      "lambda": 0.3,
      "twait": 1.0490406001496295
    },
    "F18": {
      "rho": 0.5992283539050266,
      "capacity": 1.0,
      "tserv": 0.3994855692700177,
      "stddev": 0.5563939673454624,
      "mu": 2.5032193323711436,
      "cv": 1.3927761354738404,
      "lambda": 1.5,
      "twait": 0.8779868252747471
    },
    "F19": {
      "rho": 0.6003368584060775,
      "capacity": 1.0,
      "tserv": 0.6670409537845307,
      "stddev": 0.7378277527549092,
      "mu": 1.4991583265261141,
      "cv": 1.1061206190845732,
      "lambda": 0.8999999999999999,
      "twait": 1.1139382037257173
    },
    "F20": {
      "rho": 0.5923854158644992,
      "capacity": 1.0,
      "tserv": 0.6582060176272214,
      "stddev": 0.6983926835691002,
      "mu": 1.5192811569923317,
      "cv": 1.061054844327842,
      "lambda": 0.8999999999999999,
      "twait": 1.016755513852811
    }
  },
  "extra": {
    "deltatime": 0.1237553,
    "obj_func": 984.0605586517803
  },
  "network": [
    [
      0.0,
      0.8167693881473218,
      0.804503795830944,
      0.824953944632316,
      1.121007975585781,
      0.8199153871657825,
      0.5943871991567057,
      0.8471189919071304,
      0.9513710023724092,
      1.360971044341628,
      1.0900920371942204,
      1.0101535388293192,
      1.019940612278282,
      0.7441135778180918,
      0.9728754078311376,
      1.5116140922030075,
      0.8904806291349414,
      0.8868415889215904,
      0.7238901882877813,
      0.7238901882877813
    ],
    [
      0.8167693881473218,
      0.0,
      1.0770207738526478,
      1.099397582650096,
      0.6262147842648064,
      1.1877711036109755,
      0.7959958322139166,
      0.6814846479483927,
      1.2166923335203186,
      0.7098055155469828,
      0.8784148869394112,
      1.1429193796284676,
      1.2455640065366358,
      1.333975380218048,
      0.9359380564229318,
      0.9932888761343184,
      0.705438895808682,
      0.7238901882877813,
      1.2284193368284315,
      1.2284193368284315
    ],
    [
      0.804503795830944,
      1.0770207738526478,
      0.0,
      0.9946547025500965,
      1.0323588648255875,
      0.9832695909416957,
      1.0352086075383078,
      1.2630545449268056,
      1.105125403454789,
      1.4275193048162715,
      1.0930113317920316,
      1.1119752256929443,
      1.4130016163504295,
      1.2661865623962976,
      0.9412951074003622,
      0.8798778972881497,
      0.8868415889215904,
      1.2284193368284315,
      1.0922672961165354,
      1.0922672961165354
    ],
    [
      0.824953944632316,
      1.099397582650096,
      0.9946547025500965,
      0.0,
      1.0805328165780137,
      1.0512773176772627,
      1.071823363020026,
      0.8716576876112733,
      0.9752118184960119,
      0.8308200874530958,
      0.9196650065878876,
      0.9092443852043266,
      0.6098274801457094,
      0.857069927503678,
      1.2095126040505653,
      0.8904806291349414,
      0.7238901882877813,
      1.0922672961165354,
      0.9111492071546675,
      0.9111492071546675
    ],
    [
      1.121007975585781,
      0.6262147842648064,
      1.0323588648255875,
      1.0805328165780137,
      0.0,
      1.1834144479998947,
      0.8336800981492082,
      0.5361480171423977,
      0.8682876343380658,
      0.6876137383981694,
      0.9891405715924487,
      1.0223155110207944,
      1.2248252633560708,
      0.7970641857343022,
      1.5116140922030075,
      0.705438895808682,
      1.2284193368284315,
      0.9111492071546675,
      0.7828592113542641,
      0.7828592113542641
    ],
    [
      0.8199153871657825,
      1.1877711036109755,
      0.9832695909416957,
      1.0512773176772627,
      1.1834144479998947,
      0.0,
      1.3345160368925706,
      1.2782582935409765,
      1.199051926312694,
      1.2034501061698648,
      0.9455271105022498,
      1.3557655868890415,
      1.2129123429020519,
      0.9728754078311376,
      0.9932888761343184,
      0.8868415889215904,
      1.0922672961165354,
      0.7828592113542641,
      0.8536850130027606,
      0.8536850130027606
    ],
    [
      0.5943871991567057,
      0.7959958322139166,
      1.0352086075383078,
      1.071823363020026,
      0.8336800981492082,
      1.3345160368925706,
      0.0,
      0.6180121677419579,
      1.159532988598177,
      1.010559847500878,
      0.9562426225690636,
      1.207152747189422,
      0.7441135778180918,
      0.9359380564229318,
      0.8798778972881497,
      0.7238901882877813,
      0.9111492071546675,
      0.8536850130027606,
      0.9223963305113507,
      0.9223963305113507
    ],
    [
      0.8471189919071304,
      0.6814846479483927,
      1.2630545449268056,
      0.8716576876112733,
      0.5361480171423977,
      1.2782582935409765,
      0.6180121677419579,
      0.0,
      0.987381767648799,
      0.8631955999977765,
      0.8376625587550259,
      1.019940612278282,
      1.333975380218048,
      0.9412951074003622,
      0.8904806291349414,
      1.2284193368284315,
      0.7828592113542641,
      0.9223963305113507,
      1.0623822045491638,
      1.0623822045491638
    ],
    [
      0.9513710023724092,
      1.2166923335203186,
      1.105125403454789,
      0.9752118184960119,
      0.8682876343380658,
      1.199051926312694,
      1.159532988598177,
      0.987381767648799,
      0.0,
      0.7712322341799315,
      1.0101535388293192,
      1.2455640065366358,
      1.2661865623962976,
      1.2095126040505653,
      0.705438895808682,
      1.0922672961165354,
      0.8536850130027606,
      1.0623822045491638,
      0.70058025761306,
      0.70058025761306
    ],
    [
      1.360971044341628,
      0.7098055155469828,
      1.4275193048162715,
      0.8308200874530958,
      0.6876137383981694,
      1.2034501061698648,
      1.010559847500878,
      0.8631955999977765,
      0.7712322341799315,
      0.0,
      1.1429193796284676,
      1.4130016163504295,
      0.857069927503678,
      1.5116140922030075,
      0.8868415889215904,
      0.9111492071546675,
      0.9223963305113507,
      0.70058025761306,
      1.116807539090687,
      1.116807539090687
    ],
    [
      1.0900920371942204,
      0.8784148869394112,
      1.0930113317920316,
      0.9196650065878876,
      0.9891405715924487,
      0.9455271105022498,
      0.9562426225690636,
      0.8376625587550259,
      1.0101535388293192,
      1.1429193796284676,
      0.0,
      0.6098274801457094,
      0.7970641857343022,
      0.9932888761343184,
      0.7238901882877813,
      0.7828592113542641,
      1.0623822045491638,
      1.116807539090687,
      0.9214777877744137,
      0.9214777877744137
    ],
    [
      1.0101535388293192,
      1.1429193796284676,
      1.1119752256929443,
      0.9092443852043266,
      1.0223155110207944,
      1.3557655868890415,
      1.207152747189422,
      1.019940612278282,
      1.2455640065366358,
      1.4130016163504295,
      0.6098274801457094,
      0.0,
      0.9728754078311376,
      0.8798778972881497,
      1.2284193368284315,
      0.8536850130027606,
      0.70058025761306,
      0.9214777877744137,
      0.8912697074255456,
      0.8912697074255456
    ],
    [
      1.019940612278282,
      1.2455640065366358,
      1.4130016163504295,
      0.6098274801457094,
      1.2248252633560708,
      1.2129123429020519,
      0.7441135778180918,
      1.333975380218048,
      1.2661865623962976,
      0.857069927503678,
      0.7970641857343022,
      0.9728754078311376,
      0.0,
      0.8904806291349414,
      1.0922672961165354,
      0.9223963305113507,
      1.116807539090687,
      0.8912697074255456,
      0.9302908884554092,
      0.9302908884554092
    ],
    [
      0.7441135778180918,
      1.333975380218048,
      1.2661865623962976,
      0.857069927503678,
      0.7970641857343022,
      0.9728754078311376,
      0.9359380564229318,
      0.9412951074003622,
      1.2095126040505653,
      1.5116140922030075,
      0.9932888761343184,
      0.8798778972881497,
      0.8904806291349414,
      0.0,
      0.9111492071546675,
      1.0623822045491638,
      0.9214777877744137,
      0.9302908884554092,
      1.2311752768779847,
      1.2311752768779847
    ],
    [
      0.9728754078311376,
      0.9359380564229318,
      0.9412951074003622,
      1.2095126040505653,
      1.5116140922030075,
      0.9932888761343184,
      0.8798778972881497,
      0.8904806291349414,
      0.705438895808682,
      0.8868415889215904,
      0.7238901882877813,
      1.2284193368284315,
      1.0922672961165354,
      0.9111492071546675,
      0.0,
      0.70058025761306,
      0.8912697074255456,
      1.2311752768779847,
      1.296936341755754,
      1.296936341755754
    ],
    [
      1.5116140922030075,
      0.9932888761343184,
      0.8798778972881497,
      0.8904806291349414,
      0.705438895808682,
      0.8868415889215904,
      0.7238901882877813,
      1.2284193368284315,
      1.0922672961165354,
      0.9111492071546675,
      0.7828592113542641,
      0.8536850130027606,
      0.9223963305113507,
      1.0623822045491638,
      0.70058025761306,
      0.0,
      0.9302908884554092,
      1.296936341755754,
      0.8160035914093092,
      0.8160035914093092
    ],
    [
      0.8904806291349414,
      0.705438895808682,
      0.8868415889215904,
      0.7238901882877813,
      1.2284193368284315,
      1.0922672961165354,
      0.9111492071546675,
      0.7828592113542641,
      0.8536850130027606,
      0.9223963305113507,
      1.0623822045491638,
      0.70058025761306,
      1.116807539090687,
      0.9214777877744137,
      0.8912697074255456,
      0.9302908884554092,
      0.0,
      0.8160035914093092,
      1.0890686497457682,
      1.0890686497457682
    ],
    [
      0.8868415889215904,
      0.7238901882877813,
      1.2284193368284315,
      1.0922672961165354,
      0.9111492071546675,
      0.7828592113542641,
      0.8536850130027606,
      0.9223963305113507,
      1.0623822045491638,
      0.70058025761306,
      1.116807539090687,
      0.9214777877744137,
      0.8912697074255456,
      0.9302908884554092,
      1.2311752768779847,
      1.296936341755754,
      0.8160035914093092,
      0.0,
      1.0632989662204562,
      1.0632989662204562
    ],
    [
      0.7238901882877813,
      1.2284193368284315,
      1.0922672961165354,
      0.9111492071546675,
      0.7828592113542641,
      0.8536850130027606,
      0.9223963305113507,
      1.0623822045491638,
      0.70058025761306,
      1.116807539090687,
      0.9214777877744137,
      0.8912697074255456,
      0.9302908884554092,
      1.2311752768779847,
      1.296936341755754,
      0.8160035914093092,
      1.0890686497457682,
      1.0632989662204562,
      0.0,
      1.406738298382432
    ],
    [
      0.7238901882877813,
      1.2284193368284315,
      1.0922672961165354,
      0.9111492071546675,
      0.7828592113542641,
      0.8536850130027606,
      0.9223963305113507,
      1.0623822045491638,
      0.70058025761306,
      1.116807539090687,
      0.9214777877744137,
      0.8912697074255456,
      0.9302908884554092,
      1.2311752768779847,
      1.296936341755754,
      0.8160035914093092,
      1.0890686497457682,
      1.0632989662204562,
      1.406738298382432,
      0.0
    ]
  ]
}