{
  "servicechain": {
    "SC1": {
      "resptime": 42.98738766570579,
      "resptime_old": 32.98738766570579,
      "waittime": 27.194621867390687,
      "servicetime": 10.0,
      "networktime": 5.792765798315101,
      "services": {
        "MS1_1": {
          "meanserv": 0.04006520746912878,
          "stddevserv": 0.04006520746912878,
          "rate": 24.959311661384117,
          "cv": 1.0,
          "lambda": 0.2
        },
        "MS1_2": {
          "meanserv": 1.9396879296950031,
          "stddevserv": 1.9396879296950031,
          "rate": 0.5155468488981318,
          "cv": 1.0,
          "lambda": 0.2
        },
        "MS1_3": {
          "meanserv": 3.809466593784612,
          "stddevserv": 3.809466593784612,
          "rate": 0.2625039425812432,
          "cv": 1.0,
          "lambda": 0.2
        },
        "MS1_4": {
          "meanserv": 0.4736199187586614,
          "stddevserv": 0.4736199187586614,
          "rate": 2.1113976849220353,
          "cv": 1.0,
          "lambda": 0.2
        },
        "MS1_5": {
          "meanserv": 3.7371603502925943,
          "stddevserv": 3.7371603502925943,
          "rate": 0.26758284533381255,
          "cv": 1.0,
          "lambda": 0.2
        }
      },
      "sensors": [
        "S1"
      ],
      "sources": [
        {
          "startTime": 0,
          "stopTime": -1,
          "lambda": 0.2
        }
      ]
    },
    "SC2": {
      "resptime": 17272.080600427493,
      "resptime_old": 17262.080600427493,
      "waittime": 17258.732546693802,
      "servicetime": 10.0,
      "networktime": 3.3480537336894334,
      "services": {
        "MS2_1": {
          "meanserv": 1.682173510533903,
          "stddevserv": 1.682173510533903,
          "rate": 0.5944689972454811,
          "cv": 1.0,
          "lambda": 0.2
        },
        "MS2_2": {
          "meanserv": 0.31734368151593695,
          "stddevserv": 0.31734368151593695,
          "rate": 3.151157745517552,
          "cv": 1.0,
          "lambda": 0.2
        },
        "MS2_3": {
          "meanserv": 0.2956631168598358,
          "stddevserv": 0.2956631168598358,
          "rate": 3.3822277550908293,
          "cv": 1.0,
          "lambda": 0.2
        },
        "MS2_4": {
          "meanserv": 0.518191218338595,
          "stddevserv": 0.518191218338595,
          "rate": 1.929789553760023,
          "cv": 1.0,
          "lambda": 0.2
        },
        "MS2_5": {
          "meanserv": 7.186628472751729,
          "stddevserv": 7.186628472751729,
          "rate": 0.13914730722362,
          "cv": 1.0,
          "lambda": 0.2
        }
      },
      "sensors": [
        "S2"
      ],
      "sources": [
        {
          "startTime": 0,
          "stopTime": -1,
          "lambda": 0.2
        }
      ]
    },
    "SC3": {
      "resptime": 17271.155900104768,
      "resptime_old": 17261.155900104764,
      "waittime": 17256.991588578792,
      "servicetime": 10.0,
      "networktime": 4.164311525974595,
      "services": {
        "MS3_1": {
          "meanserv": 2.1483504902319375,
          "stddevserv": 2.1483504902319375,
          "rate": 0.46547339670448246,
          "cv": 1.0,
          "lambda": 0.2
        },
        "MS3_2": {
          "meanserv": 0.5210719114324887,
          "stddevserv": 0.5210719114324887,
          "rate": 1.9191209083807281,
          "cv": 1.0,
          "lambda": 0.2
        },
        "MS3_3": {
          "meanserv": 0.7029991530055018,
          "stddevserv": 0.7029991530055018,
          "rate": 1.422476820526374,
          "cv": 1.0,
          "lambda": 0.2
        },
        "MS3_4": {
          "meanserv": 0.6725309545955591,
          "stddevserv": 0.6725309545955591,
          "rate": 1.4869204059185221,
          "cv": 1.0,
          "lambda": 0.2
        },
        "MS3_5": {
          "meanserv": 5.955047490734513,
          "stddevserv": 5.955047490734513,
          "rate": 0.16792477332143946,
          "cv": 1.0,
          "lambda": 0.2
        }
      },
      "sensors": [
        "S3"
      ],
      "sources": [
        {
          "startTime": 0,
          "stopTime": -1,
          "lambda": 0.2
        }
      ]
    },
    "SC4": {
      "resptime": 54.15716629029954,
      "resptime_old": 44.15716629029955,
      "waittime": 37.77880105548044,
      "servicetime": 10.0,
      "networktime": 6.3783652348191,
      "services": {
        "MS4_1": {
          "meanserv": 0.7531239373885634,
          "stddevserv": 0.7531239373885634,
          "rate": 1.3278027033206148,
          "cv": 1.0,
          "lambda": 0.2
        },
        "MS4_2": {
          "meanserv": 2.8905019598434345,
          "stddevserv": 2.8905019598434345,
          "rate": 0.34596067184613344,
          "cv": 1.0,
          "lambda": 0.2
        },
        "MS4_3": {
          "meanserv": 4.373021315363926,
          "stddevserv": 4.373021315363926,
          "rate": 0.22867485152351227,
          "cv": 1.0,
          "lambda": 0.2
        },
        "MS4_4": {
          "meanserv": 0.29887915197756953,
          "stddevserv": 0.29887915197756953,
          "rate": 3.3458339043836975,
          "cv": 1.0,
          "lambda": 0.2
        },
        "MS4_5": {
          "meanserv": 1.6844736354265066,
          "stddevserv": 1.6844736354265066,
          "rate": 0.5936572582489849,
          "cv": 1.0,
          "lambda": 0.2
        }
      },
      "sensors": [
        "S4"
      ],
      "sources": [
        {
          "startTime": 0,
          "stopTime": -1,
          "lambda": 0.2
        }
      ]
    }
  },
  "microservice": {
    "MS1_1": "F8",
    "MS1_2": "F8",
    "MS1_3": "F3",
    "MS1_4": "F9",
    "MS1_5": "F4",
    "MS2_1": "F9",
    "MS2_2": "F9",
    "MS2_3": "F9",
    "MS2_4": "F7",
    "MS2_5": "F1",
    "MS3_1": "F5",
    "MS3_2": "F10",
    "MS3_3": "F10",
    "MS3_4": "F10",
    "MS3_5": "F1",
    "MS4_1": "F10",
    "MS4_2": "F6",
    "MS4_3": "F2",
    "MS4_4": "F7",
    "MS4_5": "F7"
  },
  "sensor": {
    "S1": "F8",
    "S2": "F9",
    "S3": "F5",
    "S4": "F10"
  },
  "fog": {
    "F1": {
      "rho": 2.6283351926972482,
      "capacity": 1.0,
      "tserv": 6.570837981743121,
      "stddev": 6.628295983128037,
      "mu": 0.15218759049887862,
      "cv": 1.0087443947856516,
      "lambda": 0.4,
      "twait": 17253.094348214257
    },
    "F2": {
      "rho": 0.8746042630727852,
      "capacity": 1.0,
      "tserv": 4.373021315363926,
      "stddev": 4.373021315363926,
      "mu": 0.22867485152351227,
      "cv": 1.0,
      "lambda": 0.2,
      "twait": 30.500742518427476
    },
    "F3": {
      "rho": 0.7618933187569225,
      "capacity": 1.0,
      "tserv": 3.809466593784612,
      "stddev": 3.8094665937846126,
      "mu": 0.2625039425812432,
      "cv": 1.0000000000000002,
      "lambda": 0.2,
      "twait": 12.18952416908112
    },
    "F4": {
      "rho": 0.747432070058519,
      "capacity": 1.0,
      "tserv": 3.7371603502925943,
      "stddev": 3.7371603502925943,
      "mu": 0.26758284533381255,
      "cv": 1.0,
      "lambda": 0.2,
      "twait": 11.059493964285188
    },
    "F5": {
      "rho": 0.4296700980463875,
      "capacity": 1.0,
      "tserv": 2.1483504902319375,
      "stddev": 2.1483504902319375,
      "mu": 0.46547339670448246,
      "cv": 1.0,
      "lambda": 0.2,
      "twait": 1.6185052942411557
    },
    "F6": {
      "rho": 0.5781003919686869,
      "capacity": 1.0,
      "tserv": 2.8905019598434345,
      "stddev": 2.8905019598434345,
      "mu": 0.34596067184613344,
      "cv": 1.0,
      "lambda": 0.2,
      "twait": 3.9606586120547584
    },
    "F7": {
      "rho": 0.5003088011485343,
      "capacity": 1.0,
      "tserv": 0.8338480019142237,
      "stddev": 1.1978727197974874,
      "mu": 1.1992593346801208,
      "cv": 1.4365600409758015,
      "lambda": 0.6000000000000001,
      "twait": 1.2789107841168403
    },
    "F8": {
      "rho": 0.39595062743282644,
      "capacity": 1.0,
      "tserv": 0.989876568582066,
      "stddev": 1.668573901397905,
      "mu": 1.0102269633803285,
      "cv": 1.6856383455848734,
      "lambda": 0.4,
      "twait": 1.2462539177740657
    },
    "F9": {
      "rho": 0.5537600455336674,
      "capacity": 1.0,
      "tserv": 0.6922000569170842,
      "stddev": 1.068612511686123,
      "mu": 1.444669051970023,
      "cv": 1.5437914241808963,
      "lambda": 0.8,
      "twait": 1.453095898476248
    },
    "F10": {
      "rho": 0.5299451912844226,
      "capacity": 1.0,
      "tserv": 0.6624314891055283,
      "stddev": 0.6736417224497351,
      "mu": 1.5095900730055656,
      "cv": 1.0169228569724906,
      "lambda": 0.8,
      "twait": 0.7595783567645338
    }
  },
  "extra": {
    "deltatime": 0.0143457,
    "obj_func": 8660.095263622068
  },
  "network": [
    [
      0.0,
      2.148053318207277,
      2.3733762515334034,
      1.9214371803410737,
      1.5034926112890186,
      2.0570310594391596,
      1.6803027026605253,
      2.1760973146473592,
      2.228182786840755,
      2.228182786840755
    ],
    [
      2.148053318207277,
      0.0,
      1.8203761425006177,
      2.5000401681778666,
      1.9237944453698181,
      1.6996097676314434,
      2.1247037969536446,
      2.228182786840755,
      1.7422921771486322,
      1.7422921771486322
    ],
    [
      2.3733762515334034,
      1.8203761425006177,
      0.0,
      1.8629749381886074,
      2.3629376505858097,
      1.7892505077960312,
      2.1760973146473592,
      1.7422921771486322,
      2.0432949825589057,
      2.0432949825589057
    ],
    [
      1.9214371803410737,
      2.5000401681778666,
      1.8629749381886074,
      0.0,
      2.5017269656470513,
      1.6803027026605253,
      2.228182786840755,
      2.0432949825589057,
      2.0071786386075634,
      2.0071786386075634
    ],
    [
      1.5034926112890186,
      1.9237944453698181,
      2.3629376505858097,
      2.5017269656470513,
      0.0,
      2.1247037969536446,
      1.7422921771486322,
      2.0071786386075634,
      1.9361287391338395,
      1.9361287391338395
    ],
    [
      2.0570310594391596,
      1.6996097676314434,
      1.7892505077960312,
      1.6803027026605253,
      2.1247037969536446,
      0.0,
      2.0432949825589057,
      1.9361287391338395,
      2.5540516702340117,
      2.5540516702340117
    ],
    [
      1.6803027026605253,
      2.1247037969536446,
      2.1760973146473592,
      2.228182786840755,
      1.7422921771486322,
      2.0432949825589057,
      0.0,
      2.5540516702340117,
      1.667751031028908,
      1.667751031028908
    ],
    [
      2.1760973146473592,
      2.228182786840755,
      1.7422921771486322,
      2.0432949825589057,
      2.0071786386075634,
      1.9361287391338395,
      2.5540516702340117,
      0.0,
      1.8180246141456102,
      1.8180246141456102
    ],
    [
      2.228182786840755,
      1.7422921771486322,
      2.0432949825589057,
      2.0071786386075634,
      1.9361287391338395,
      2.5540516702340117,
      1.667751031028908,
      1.8180246141456102,
      0.0,
      1.9190571138741437
    ],
    [
      2.228182786840755,
      1.7422921771486322,
      2.0432949825589057,
      2.0071786386075634,
      1.9361287391338395,
      2.5540516702340117,
      1.667751031028908,
      1.8180246141456102,
      1.9190571138741437,
      0.0
    ]
  ]
}