{
  "servicechain": {
    "SC1": {
      "resptime": 29.216343238377522,
      "resptime_old": 19.216343238377522,
      "waittime": 12.253900377324298,
      "servicetime": 10.0,
      "networktime": 6.962442861053224,
      "services": {
        "MS1_1": {
          "meanserv": 0.8535759111292618,
          "stddevserv": 0.8535759111292618,
          "rate": 1.1715419647644723,
          "cv": 1.0,
          "lambda": 0.125
        },
        "MS1_2": {
          "meanserv": 3.138209732587943,
          "stddevserv": 3.138209732587943,
          "rate": 0.31865301723328227,
          "cv": 1.0,
          "lambda": 0.125
        },
        "MS1_3": {
          "meanserv": 0.6173100953389854,
          "stddevserv": 0.6173100953389854,
          "rate": 1.6199313886983606,
          "cv": 1.0,
          "lambda": 0.125
        },
        "MS1_4": {
          "meanserv": 0.37475681086402,
          "stddevserv": 0.37475681086402,
          "rate": 2.668397133849153,
          "cv": 1.0,
          "lambda": 0.125
        },
        "MS1_5": {
          "meanserv": 5.01614745007979,
          "stddevserv": 5.01614745007979,
          "rate": 0.19935618120318482,
          "cv": 1.0,
          "lambda": 0.125
        }
      },
      "sensors": [
        "S1"
      ],
      "sources": [
        {
          "startTime": 0,
          "stopTime": -1,
          "lambda": 0.125
        }
      ]
    },
    "SC2": {
      "resptime": 25.0394026477909,
      "resptime_old": 15.0394026477909,
      "waittime": 9.820365896412813,
      "servicetime": 10.0,
      "networktime": 5.219036751378086,
      "services": {
        "MS2_1": {
          "meanserv": 1.3456944692476214,
          "stddevserv": 1.3456944692476214,
          "rate": 0.7431107304461916,
          "cv": 1.0,
          "lambda": 0.125
        },
        "MS2_2": {
          "meanserv": 0.6844683272976251,
          "stddevserv": 0.6844683272976251,
          "rate": 1.460987981647211,
          "cv": 1.0,
          "lambda": 0.125
        },
        "MS2_3": {
          "meanserv": 2.50884668241771,
          "stddevserv": 2.50884668241771,
          "rate": 0.3985895220334174,
          "cv": 1.0,
          "lambda": 0.125
        },
        "MS2_4": {
          "meanserv": 1.0998156881906862,
          "stddevserv": 1.0998156881906862,
          "rate": 0.9092432584273338,
          "cv": 1.0,
          "lambda": 0.125
        },
        "MS2_5": {
          "meanserv": 4.361174832846357,
          "stddevserv": 4.361174832846357,
          "rate": 0.2292960127322714,
          "cv": 1.0,
          "lambda": 0.125
        }
      },
      "sensors": [
        "S2"
      ],
      "sources": [
        {
          "startTime": 0,
          "stopTime": -1,
          "lambda": 0.125
        }
      ]
    },
    "SC3": {
      "resptime": 32.612483345169835,
      "resptime_old": 22.612483345169846,
      "waittime": 15.678855955072402,
      "servicetime": 10.0,
      "networktime": 6.933627390097438,
      "services": {
        "MS3_1": {
          "meanserv": 1.349608285087568,
          "stddevserv": 1.349608285087568,
          "rate": 0.7409557358601396,
          "cv": 1.0,
          "lambda": 0.125
        },
        "MS3_2": {
          "meanserv": 2.5830329243558463,
          "stddevserv": 2.5830329243558463,
          "rate": 0.387141793885333,
          "cv": 1.0,
          "lambda": 0.125
        },
        "MS3_3": {
          "meanserv": 0.01167255629006636,
          "stddevserv": 0.01167255629006636,
          "rate": 85.67103684486193,
          "cv": 1.0,
          "lambda": 0.125
        },
        "MS3_4": {
          "meanserv": 5.489389428063995,
          "stddevserv": 5.489389428063995,
          "rate": 0.18216962252442734,
          "cv": 1.0,
          "lambda": 0.125
        },
        "MS3_5": {
          "meanserv": 0.5662968062025246,
          "stddevserv": 0.5662968062025246,
          "rate": 1.7658584492217146,
          "cv": 1.0,
          "lambda": 0.125
        }
      },
      "sensors": [
        "S3"
      ],
      "sources": [
        {
          "startTime": 0,
          "stopTime": -1,
          "lambda": 0.125
        }
      ]
    },
    "SC4": {
      "resptime": 30.286935194738668,
      "resptime_old": 20.286935194738664,
      "waittime": 16.11875503247368,
      "servicetime": 10.0,
      "networktime": 4.168180162264987,
      "services": {
        "MS4_1": {
          "meanserv": 0.11110755310940523,
          "stddevserv": 0.11110755310940523,
          "rate": 9.000288207367158,
          "cv": 1.0,
          "lambda": 0.125
        },
        "MS4_2": {
          "meanserv": 0.2252882376586507,
          "stddevserv": 0.2252882376586507,
          "rate": 4.438758145532511,
          "cv": 1.0,
          "lambda": 0.125
        },
        "MS4_3": {
          "meanserv": 0.1839171296824793,
          "stddevserv": 0.1839171296824793,
          "rate": 5.437231440738737,
          "cv": 1.0,
          "lambda": 0.125
        },
        "MS4_4": {
          "meanserv": 5.114343526168168,
          "stddevserv": 5.114343526168168,
          "rate": 0.19552851600276303,
          "cv": 1.0,
          "lambda": 0.125
        },
        "MS4_5": {
          "meanserv": 4.365343553381297,
          "stddevserv": 4.365343553381297,
          "rate": 0.2290770446292646,
          "cv": 1.0,
          "lambda": 0.125
        }
      },
      "sensors": [
        "S4"
      ],
      "sources": [
        {
          "startTime": 0,
          "stopTime": -1,
          "lambda": 0.125
        }
      ]
    }
  },
  "microservice": {
    "MS1_1": "F10",
    "MS1_2": "F5",
    "MS1_3": "F9",
    "MS1_4": "F9",
    "MS1_5": "F3",
    "MS2_1": "F10",
    "MS2_2": "F10",
    "MS2_3": "F8",
    "MS2_4": "F8",
    "MS2_5": "F4",
    "MS3_1": "F9",
    "MS3_2": "F7",
    "MS3_3": "F7",
    "MS3_4": "F1",
    "MS3_5": "F9",
    "MS4_1": "F9",
    "MS4_2": "F9",
    "MS4_3": "F9",
    "MS4_4": "F2",
    "MS4_5": "F6"
  },
  "sensor": {
    "S1": "F10",
    "S2": "F10",
    "S3": "F9",
    "S4": "F9"
  },
  "fog": {
    "F1": {
      "rho": 0.6861736785079994,
      "capacity": 1.0,
      "tserv": 5.489389428063995,
      "stddev": 5.489389428063995,
      "mu": 0.18216962252442734,
      "cv": 1.0,
      "lambda": 0.125,
      "twait": 12.00241751141198
    },
    "F2": {
      "rho": 0.639292940771021,
      "capacity": 1.0,
      "tserv": 5.114343526168168,
      "stddev": 5.114343526168168,
      "mu": 0.19552851600276303,
      "cv": 1.0,
      "lambda": 0.125,
      "twait": 9.06431861895373
    },
    "F3": {
      "rho": 0.6270184312599737,
      "capacity": 1.0,
      "tserv": 5.01614745007979,
      "stddev": 5.01614745007979,
      "mu": 0.19935618120318482,
      "cv": 1.0,
      "lambda": 0.125,
      "twait": 8.432633590294136
    },
    "F4": {
      "rho": 0.5451468541057947,
      "capacity": 1.0,
      "tserv": 4.361174832846357,
      "stddev": 4.361174832846357,
      "mu": 0.2292960127322714,
      "cv": 1.0,
      "lambda": 0.125,
      "twait": 5.226919417381664
    },
    "F5": {
      "rho": 0.3922762165734929,
      "capacity": 1.0,
      "tserv": 3.138209732587943,
      "stddev": 3.138209732587943,
      "mu": 0.31865301723328227,
      "cv": 1.0,
      "lambda": 0.125,
      "twait": 2.0256653997853338
    },
    "F6": {
      "rho": 0.5456679441726622,
      "capacity": 1.0,
      "tserv": 4.365343553381297,
      "stddev": 4.365343553381297,
      "mu": 0.2290770446292646,
      "cv": 1.0,
      "lambda": 0.125,
      "twait": 5.2429231260015055
    },
    "F7": {
      "rho": 0.3243381850807391,
      "capacity": 1.0,
      "tserv": 1.2973527403229563,
      "stddev": 2.233622887609539,
      "mu": 0.7708003913808862,
      "cv": 1.721677395966738,
      "lambda": 0.25,
      "twait": 1.2343814593240634
    },
    "F8": {
      "rho": 0.45108279632604953,
      "capacity": 1.0,
      "tserv": 1.8043311853041981,
      "stddev": 2.0611392960223363,
      "mu": 0.554221978838883,
      "cv": 1.1423286993040815,
      "lambda": 0.25,
      "twait": 1.7087973772830425
    },
    "F9": {
      "rho": 0.4285356147429541,
      "capacity": 1.0,
      "tserv": 0.48975498827766184,
      "stddev": 0.7408613492925538,
      "mu": 2.0418372940247824,
      "cv": 1.512718332687057,
      "lambda": 0.875,
      "twait": 0.6038377625061476
    },
    "F10": {
      "rho": 0.36046733845931356,
      "capacity": 1.0,
      "tserv": 0.9612462358915028,
      "stddev": 1.0398688515622283,
      "mu": 1.0403161673476466,
      "cv": 1.081792378201416,
      "lambda": 0.375,
      "twait": 0.5879258622325323
    }
  },
  "extra": {
    "deltatime": 0.0159652,
    "obj_func": 29.288791106519234
  },
  "network": [
    [
      0.0,
      1.4595213547977415,
      1.9928398195918715,
      1.784185264189224,
      2.227897201645986,
      2.0389884908383324,
      2.5251770069037955,
      1.8526957600199758,
      2.489201520008509,
      2.489201520008509
    ],
    [
      1.4595213547977415,
      0.0,
      1.3290836419364236,
      1.7498132652920528,
      1.765006668424432,
      1.6001189043697763,
      1.660426992308141,
      2.489201520008509,
      2.5680612578952107,
      2.5680612578952107
    ],
    [
      1.9928398195918715,
      1.3290836419364236,
      0.0,
      2.1002249994610054,
      2.076352528251584,
      2.1918434019184465,
      1.8526957600199758,
      2.5680612578952107,
      2.460415700047708,
      2.460415700047708
    ],
    [
      1.784185264189224,
      1.7498132652920528,
      2.1002249994610054,
      0.0,
      2.11286840721538,
      2.5251770069037955,
      2.489201520008509,
      2.460415700047708,
      1.5949731099745335,
      1.5949731099745335
    ],
    [
      2.227897201645986,
      1.765006668424432,
      2.076352528251584,
      2.11286840721538,
      0.0,
      1.660426992308141,
      2.5680612578952107,
      1.5949731099745335,
      2.251013580502758,
      2.251013580502758
    ],
    [
      2.0389884908383324,
      1.6001189043697763,
      2.1918434019184465,
      2.5251770069037955,
      1.660426992308141,
      0.0,
      2.460415700047708,
      2.251013580502758,
      2.0165247526308865,
      2.0165247526308865
    ],
    [
      2.5251770069037955,
      1.660426992308141,
      1.8526957600199758,
      2.489201520008509,
      2.5680612578952107,
      2.460415700047708,
      0.0,
      2.0165247526308865,
      1.919248863185134,
      1.919248863185134
    ],
    [
      1.8526957600199758,
      2.489201520008509,
      2.5680612578952107,
      2.460415700047708,
      1.5949731099745335,
      2.251013580502758,
      2.0165247526308865,
      0.0,
      2.758621051330378,
      2.758621051330378
    ],
    [
      2.489201520008509,
      2.5680612578952107,
      2.460415700047708,
      1.5949731099745335,
      2.251013580502758,
      2.0165247526308865,
      1.919248863185134,
      2.758621051330378,
      0.0,
      2.0307169636348434
    ],
    [
      2.489201520008509,
      2.5680612578952107,
      2.460415700047708,
      1.5949731099745335,
      2.251013580502758,
      2.0165247526308865,
      1.919248863185134,
      2.758621051330378,
      2.0307169636348434,
      0.0
    ]
  ]
}