{
  "servicechain": {
    "SC1": {
      "resptime": 40.397925621258565,
      "resptime_old": 30.39792562125856,
      "waittime": 24.346647546585086,
      "servicetime": 10.0,
      "networktime": 6.0512780746734744,
      "services": {
        "MS1_1": {
          "meanserv": 0.24412586763731925,
          "stddevserv": 0.24412586763731925,
          "rate": 4.0962476024279,
          "cv": 1.0,
          "lambda": 0.15
        },
        "MS1_2": {
          "meanserv": 2.569962075903781,
          "stddevserv": 2.569962075903781,
          "rate": 0.38911080026281286,
          "cv": 1.0,
          "lambda": 0.15
        },
        "MS1_3": {
          "meanserv": 0.10382022756812459,
          "stddevserv": 0.10382022756812459,
          "rate": 9.632034367713379,
          "cv": 1.0,
          "lambda": 0.15
        },
        "MS1_4": {
          "meanserv": 0.15052465886288946,
          "stddevserv": 0.15052465886288946,
          "rate": 6.64342977127013,
          "cv": 1.0,
          "lambda": 0.15
        },
        "MS1_5": {
          "meanserv": 3.818679762551158,
          "stddevserv": 3.818679762551158,
          "rate": 0.26187061031059766,
          "cv": 1.0,
          "lambda": 0.15
        },
        "MS1_6": {
          "meanserv": 1.1317266475066505,
          "stddevserv": 1.1317266475066505,
          "rate": 0.8836055969903488,
          "cv": 1.0,
          "lambda": 0.15
        },
        "MS1_7": {
          "meanserv": 1.3786553316261934,
          "stddevserv": 1.3786553316261934,
          "rate": 0.725344454890295,
          "cv": 1.0,
          "lambda": 0.15
        },
        "MS1_8": {
          "meanserv": 0.34581760346453017,
          "stddevserv": 0.34581760346453017,
          "rate": 2.891697790921069,
          "cv": 1.0,
          "lambda": 0.15
        },
        "MS1_9": {
          "meanserv": 0.2566878248793536,
          "stddevserv": 0.2566878248793536,
          "rate": 3.8957827488312393,
          "cv": 1.0,
          "lambda": 0.15
        }
      },
      "sensors": [
        "S1"
      ],
      "sources": [
        {
          "startTime": 0,
          "stopTime": -1,
          "lambda": 0.15
        }
      ]
    },
    "SC2": {
      "resptime": 37.603458582777186,
      "resptime_old": 27.603458582777183,
      "waittime": 20.805683173568426,
      "servicetime": 10.0,
      "networktime": 6.797775409208759,
      "services": {
        "MS2_1": {
          "meanserv": 0.06479877008129464,
          "stddevserv": 0.06479877008129464,
          "rate": 15.432391675728246,
          "cv": 1.0,
          "lambda": 0.15
        },
        "MS2_2": {
          "meanserv": 0.7872025507580749,
          "stddevserv": 0.7872025507580749,
          "rate": 1.2703210870404338,
          "cv": 1.0,
          "lambda": 0.15
        },
        "MS2_3": {
          "meanserv": 1.7612939826310303,
          "stddevserv": 1.7612939826310303,
          "rate": 0.5677643879224493,
          "cv": 1.0,
          "lambda": 0.15
        },
        "MS2_4": {
          "meanserv": 1.4803804375100116,
          "stddevserv": 1.4803804375100116,
          "rate": 0.6755020362752107,
          "cv": 1.0,
          "lambda": 0.15
        },
        "MS2_5": {
          "meanserv": 2.042090914872036,
          "stddevserv": 2.042090914872036,
          "rate": 0.48969416234960494,
          "cv": 1.0,
          "lambda": 0.15
        },
        "MS2_6": {
          "meanserv": 1.1566711395615838,
          "stddevserv": 1.1566711395615838,
          "rate": 0.8645499708577778,
          "cv": 1.0,
          "lambda": 0.15
        },
        "MS2_7": {
          "meanserv": 1.0527730706969116,
          "stddevserv": 1.0527730706969116,
          "rate": 0.9498723208583052,
          "cv": 1.0,
          "lambda": 0.15
        },
        "MS2_8": {
          "meanserv": 0.6201225119488516,
          "stddevserv": 0.6201225119488516,
          "rate": 1.6125845792266305,
          "cv": 1.0,
          "lambda": 0.15
        },
        "MS2_9": {
          "meanserv": 1.0346666219402056,
          "stddevserv": 1.0346666219402056,
          "rate": 0.9664948871403634,
          "cv": 1.0,
          "lambda": 0.15
        }
      },
      "sensors": [
        "S2"
      ],
      "sources": [
        {
          "startTime": 0,
          "stopTime": -1,
          "lambda": 0.15
        }
      ]
    },
    "SC3": {
      "resptime": 36.18452386728461,
      "resptime_old": 26.18452386728461,
      "waittime": 22.470535123509443,
      "servicetime": 10.0,
      "networktime": 3.7139887437751673,
      "services": {
        "MS3_1": {
          "meanserv": 1.5332141577106195,
          "stddevserv": 1.5332141577106195,
          "rate": 0.6522246060479837,
          "cv": 1.0,
          "lambda": 0.15
        },
        "MS3_2": {
          "meanserv": 0.3259469503640722,
          "stddevserv": 0.3259469503640722,
          "rate": 3.0679839123606847,
          "cv": 1.0,
          "lambda": 0.15
        },
        "MS3_3": {
          "meanserv": 1.2620934731079156,
          "stddevserv": 1.2620934731079156,
          "rate": 0.7923343407659749,
          "cv": 1.0,
          "lambda": 0.15
        },
        "MS3_4": {
          "meanserv": 0.4707366204815213,
          "stddevserv": 0.4707366204815213,
          "rate": 2.1243301593512944,
          "cv": 1.0,
          "lambda": 0.15
        },
        "MS3_5": {
          "meanserv": 0.8194593037098685,
          "stddevserv": 0.8194593037098685,
          "rate": 1.2203168546293695,
          "cv": 1.0,
          "lambda": 0.15
        },
        "MS3_6": {
          "meanserv": 1.5920865686357244,
          "stddevserv": 1.5920865686357244,
          "rate": 0.6281065487895614,
          "cv": 1.0,
          "lambda": 0.15
        },
        "MS3_7": {
          "meanserv": 0.5545281787375282,
          "stddevserv": 0.5545281787375282,
          "rate": 1.8033348679893226,
          "cv": 1.0,
          "lambda": 0.15
        },
        "MS3_8": {
          "meanserv": 0.04623378430763747,
          "stddevserv": 0.04623378430763747,
          "rate": 21.62920502777895,
          "cv": 1.0,
          "lambda": 0.15
        },
        "MS3_9": {
          "meanserv": 3.3957009629451127,
          "stddevserv": 3.3957009629451127,
          "rate": 0.29449000689763144,
          "cv": 1.0,
          "lambda": 0.15
        }
      },
      "sensors": [
        "S3"
      ],
      "sources": [
        {
          "startTime": 0,
          "stopTime": -1,
          "lambda": 0.15
        }
      ]
    },
    "SC4": {
      "resptime": 39.16181810903614,
      "resptime_old": 29.161818109036144,
      "waittime": 25.063166513479377,
      "servicetime": 10.0,
      "networktime": 4.098651595556769,
      "services": {
        "MS4_1": {
          "meanserv": 1.430246376660157,
          "stddevserv": 1.430246376660157,
          "rate": 0.6991802365793454,
          "cv": 1.0,
          "lambda": 0.15
        },
        "MS4_2": {
          "meanserv": 0.14539427834530771,
          "stddevserv": 0.14539427834530771,
          "rate": 6.877849743337392,
          "cv": 1.0,
          "lambda": 0.15
        },
        "MS4_3": {
          "meanserv": 3.374022397869246,
          "stddevserv": 3.374022397869246,
          "rate": 0.2963821463163722,
          "cv": 1.0,
          "lambda": 0.15
        },
        "MS4_4": {
          "meanserv": 1.0552116641855616,
          "stddevserv": 1.0552116641855616,
          "rate": 0.9476771665254712,
          "cv": 1.0,
          "lambda": 0.15
        },
        "MS4_5": {
          "meanserv": 0.01769685507870644,
          "stddevserv": 0.01769685507870644,
          "rate": 56.5072152963065,
          "cv": 1.0,
          "lambda": 0.15
        },
        "MS4_6": {
          "meanserv": 2.708794338989925,
          "stddevserv": 2.708794338989925,
          "rate": 0.3691679303984692,
          "cv": 1.0,
          "lambda": 0.15
        },
        "MS4_7": {
          "meanserv": 0.8327945561612786,
          "stddevserv": 0.8327945561612786,
          "rate": 1.2007763410575663,
          "cv": 1.0,
          "lambda": 0.15
        },
        "MS4_8": {
          "meanserv": 0.4336530189279326,
          "stddevserv": 0.4336530189279326,
          "rate": 2.305991095074532,
          "cv": 1.0,
          "lambda": 0.15
        },
        "MS4_9": {
          "meanserv": 0.0021865137818846136,
          "stddevserv": 0.0021865137818846136,
          "rate": 457.3490495623923,
          "cv": 1.0,
          "lambda": 0.15
        }
      },
      "sensors": [
        "S4"
      ],
      "sources": [
        {
          "startTime": 0,
          "stopTime": -1,
          "lambda": 0.15
        }
      ]
    }
  },
  "microservice": {
    "MS1_1": "F5",
    "MS1_2": "F5",
    "MS1_3": "F6",
    "MS1_4": "F6",
    "MS1_5": "F1",
    "MS1_6": "F7",
    "MS1_7": "F9",
    "MS1_8": "F9",
    "MS1_9": "F10",
    "MS2_1": "F9",
    "MS2_2": "F9",
    "MS2_3": "F7",
    "MS2_4": "F10",
    "MS2_5": "F6",
    "MS2_6": "F6",
    "MS2_7": "F10",
    "MS2_8": "F6",
    "MS2_9": "F8",
    "MS3_1": "F9",
    "MS3_2": "F9",
    "MS3_3": "F8",
    "MS3_4": "F7",
    "MS3_5": "F7",
    "MS3_6": "F8",
    "MS3_7": "F8",
    "MS3_8": "F8",
    "MS3_9": "F2",
    "MS4_1": "F10",
    "MS4_2": "F10",
    "MS4_3": "F3",
    "MS4_4": "F5",
    "MS4_5": "F5",
    "MS4_6": "F4",
    "MS4_7": "F4",
    "MS4_8": "F4",
    "MS4_9": "F7"
  },
  "sensor": {
    "S1": "F5",
    "S2": "F9",
    "S3": "F9",
    "S4": "F10"
  },
  "fog": {
    "F1": {
      "rho": 0.5728019643826737,
      "capacity": 1.0,
      "tserv": 3.818679762551158,
      "stddev": 3.818679762551158,
      "mu": 0.26187061031059766,
      "cv": 1.0,
      "lambda": 0.15,
      "twait": 5.12021846302926
    },
    "F2": {
      "rho": 0.5093551444417669,
      "capacity": 1.0,
      "tserv": 3.3957009629451127,
      "stddev": 3.3957009629451127,
      "mu": 0.29449000689763144,
      "cv": 1.0,
      "lambda": 0.15,
      "twait": 3.5251928861947923
    },
    "F3": {
      "rho": 0.5061033596803869,
      "capacity": 1.0,
      "tserv": 3.374022397869246,
      "stddev": 3.374022397869246,
      "mu": 0.2963821463163722,
      "cv": 1.0,
      "lambda": 0.15,
      "twait": 3.4574117979289483
    },
    "F4": {
      "rho": 0.5962862871118703,
      "capacity": 1.0,
      "tserv": 1.3250806380263787,
      "stddev": 1.929664986231625,
      "mu": 0.754671052691129,
      "cv": 1.4562623065006335,
      "lambda": 0.44999999999999996,
      "twait": 3.0538355109646442
    },
    "F5": {
      "rho": 0.5830494694208053,
      "capacity": 1.0,
      "tserv": 0.9717491157013421,
      "stddev": 1.7160266108096347,
      "mu": 1.0290721996471983,
      "cv": 1.7659152790389976,
      "lambda": 0.6,
      "twait": 2.79820510179286
    },
    "F6": {
      "rho": 0.6109844179220227,
      "capacity": 1.0,
      "tserv": 0.814645890562697,
      "stddev": 1.306429003746429,
      "mu": 1.2275272134611446,
      "cv": 1.6036771545536732,
      "lambda": 0.75,
      "twait": 2.2850029452985714
    },
    "F7": {
      "rho": 0.6278104602166433,
      "capacity": 1.0,
      "tserv": 0.8370806136221911,
      "stddev": 1.1873185100578871,
      "mu": 1.1946280725255705,
      "cv": 1.418404023144386,
      "lambda": 0.75,
      "twait": 2.1263653721198943
    },
    "F8": {
      "rho": 0.6734412940093517,
      "capacity": 1.0,
      "tserv": 0.8979217253458023,
      "stddev": 1.1818857977240342,
      "mu": 1.1136828208660237,
      "cv": 1.316245909150793,
      "lambda": 0.75,
      "twait": 2.5299250448243105
    },
    "F9": {
      "rho": 0.6653453046007178,
      "capacity": 1.0,
      "tserv": 0.7392725606674643,
      "stddev": 1.07417912624785,
      "mu": 1.3526810721841667,
      "cv": 1.453021772210793,
      "lambda": 0.9,
      "twait": 2.2864556568888115
    },
    "F10": {
      "rho": 0.6548222982137611,
      "capacity": 1.0,
      "tserv": 0.8730963976183482,
      "stddev": 1.187728405466157,
      "mu": 1.1453489015964586,
      "cv": 1.360363424595576,
      "lambda": 0.75,
      "twait": 2.3607363034754405
    }
  },
  "extra": {
    "deltatime": 0.035599,
    "obj_func": 38.33693154508913
  },
  "network": [
    [
      0.0,
      1.2748598029334814,
      1.4533208840643579,
      0.7597610522153933,
      1.1106276234598709,
      1.089414391613829,
      1.0450366534382605,
      1.0041703993215014,
      0.7234585297535918,
      0.7234585297535918
    ],
    [
      1.2748598029334814,
      0.0,
      1.2040079841263884,
      1.4436331351391558,
      0.8382899811226188,
      1.7083843881954341,
      1.5994095174005862,
      0.7234585297535918,
      1.0521326543684935,
      1.0521326543684935
    ],
    [
      1.4533208840643579,
      1.2040079841263884,
      0.0,
      0.8397838338045664,
      0.8637686922338775,
      0.9904434703429678,
      1.0041703993215014,
      1.0521326543684935,
      1.4813747328088707,
      1.4813747328088707
    ],
    [
      0.7597610522153933,
      1.4436331351391558,
      0.8397838338045664,
      0.0,
      1.0300496407604287,
      1.0450366534382605,
      0.7234585297535918,
      1.4813747328088707,
      1.0883573098711423,
      1.0883573098711423
    ],
    [
      1.1106276234598709,
      0.8382899811226188,
      0.8637686922338775,
      1.0300496407604287,
      0.0,
      1.5994095174005862,
      1.0521326543684935,
      1.0883573098711423,
      1.23680779294936,
      1.23680779294936
    ],
    [
      1.089414391613829,
      1.7083843881954341,
      0.9904434703429678,
      1.0450366534382605,
      1.5994095174005862,
      0.0,
      1.4813747328088707,
      1.23680779294936,
      0.9126441029208047,
      0.9126441029208047
    ],
    [
      1.0450366534382605,
      1.5994095174005862,
      1.0041703993215014,
      0.7234585297535918,
      1.0521326543684935,
      1.4813747328088707,
      0.0,
      0.9126441029208047,
      1.4115176537484924,
      1.4115176537484924
    ],
    [
      1.0041703993215014,
      0.7234585297535918,
      1.0521326543684935,
      1.4813747328088707,
      1.0883573098711423,
      1.23680779294936,
      0.9126441029208047,
      0.0,
      1.1652420081799666,
      1.1652420081799666
    ],
    [
      0.7234585297535918,
      1.0521326543684935,
      1.4813747328088707,
      1.0883573098711423,
      1.23680779294936,
      0.9126441029208047,
      1.4115176537484924,
      1.1652420081799666,
      0.0,
      0.9058998584723067
    ],
    [
      0.7234585297535918,
      1.0521326543684935,
      1.4813747328088707,
      1.0883573098711423,
      1.23680779294936,
      0.9126441029208047,
      1.4115176537484924,
      1.1652420081799666,
      0.9058998584723067,
      0.0
    ]
  ]
}