{
  "servicechain": {
    "SC1": {
      "resptime": 31.871027492264858,
      "resptime_old": 21.871027492264858,
      "waittime": 20.055852747001403,
      "servicetime": 10.0,
      "networktime": 1.8151747452634552,
      "services": {
        "MS1_1": {
          "meanserv": 5.3220424037941125,
          "stddevserv": 5.3220424037941125,
          "rate": 0.18789778888027925,
          "cv": 1.0,
          "lambda": 0.125
        },
        "MS1_2": {
          "meanserv": 0.13982739561343482,
          "stddevserv": 0.13982739561343482,
          "rate": 7.151674359755568,
          "cv": 1.0,
          "lambda": 0.125
        },
        "MS1_3": {
          "meanserv": 2.209454327698592,
          "stddevserv": 2.209454327698592,
          "rate": 0.4526004396033922,
          "cv": 1.0,
          "lambda": 0.125
        },
        "MS1_4": {
          "meanserv": 1.5248062772788948,
          "stddevserv": 1.5248062772788948,
          "rate": 0.6558210147091983,
          "cv": 1.0,
          "lambda": 0.125
        },
        "MS1_5": {
          "meanserv": 0.803869595614966,
          "stddevserv": 0.803869595614966,
          "rate": 1.2439828617165112,
          "cv": 1.0,
          "lambda": 0.125
        }
      },
      "sensors": [
        "S1"
      ],
      "sources": [
        {
          "startTime": 0,
          "stopTime": -1,
          "lambda": 0.125
        }
      ]
    },
    "SC2": {
      "resptime": 23.803652714833166,
      "resptime_old": 13.803652714833166,
      "waittime": 9.500628571690473,
      "servicetime": 10.0,
      "networktime": 4.303024143142693,
      "services": {
        "MS2_1": {
          "meanserv": 1.4152339473425168,
          "stddevserv": 1.4152339473425168,
          "rate": 0.7065969565510843,
          "cv": 1.0,
          "lambda": 0.125
        },
        "MS2_2": {
          "meanserv": 1.9788713969545968,
          "stddevserv": 1.9788713969545968,
          "rate": 0.5053385488005737,
          "cv": 1.0,
          "lambda": 0.125
        },
        "MS2_3": {
          "meanserv": 0.5065216911696235,
          "stddevserv": 0.5065216911696235,
          "rate": 1.9742491139735237,
          "cv": 1.0,
          "lambda": 0.125
        },
        "MS2_4": {
          "meanserv": 2.28160492096632,
          "stddevserv": 2.28160492096632,
          "rate": 0.43828797475439946,
          "cv": 1.0,
          "lambda": 0.125
        },
        "MS2_5": {
          "meanserv": 3.817768043566943,
          "stddevserv": 3.817768043566943,
          "rate": 0.2619331474799866,
          "cv": 1.0,
          "lambda": 0.125
        }
      },
      "sensors": [
        "S2"
      ],
      "sources": [
        {
          "startTime": 0,
          "stopTime": -1,
          "lambda": 0.125
        }
      ]
    },
    "SC3": {
      "resptime": 27.734692436240405,
      "resptime_old": 17.734692436240408,
      "waittime": 14.146145972916855,
      "servicetime": 10.0,
      "networktime": 3.58854646332355,
      "services": {
        "MS3_1": {
          "meanserv": 4.320511415843614,
          "stddevserv": 4.320511415843614,
          "rate": 0.231454081184216,
          "cv": 1.0,
          "lambda": 0.125
        },
        "MS3_2": {
          "meanserv": 0.9212102608662827,
          "stddevserv": 0.9212102608662827,
          "rate": 1.0855285079647565,
          "cv": 1.0,
          "lambda": 0.125
        },
        "MS3_3": {
          "meanserv": 0.0669918992811187,
          "stddevserv": 0.0669918992811187,
          "rate": 14.927177923463418,
          "cv": 1.0,
          "lambda": 0.125
        },
        "MS3_4": {
          "meanserv": 0.5083025109045911,
          "stddevserv": 0.5083025109045911,
          "rate": 1.9673324025497505,
          "cv": 1.0,
          "lambda": 0.125
        },
        "MS3_5": {
          "meanserv": 4.182983913104393,
          "stddevserv": 4.182983913104393,
          "rate": 0.23906379292237154,
          "cv": 1.0,
          "lambda": 0.125
        }
      },
      "sensors": [
        "S3"
      ],
      "sources": [
        {
          "startTime": 0,
          "stopTime": -1,
          "lambda": 0.125
        }
      ]
    },
    "SC4": {
      "resptime": 24.416941649386857,
      "resptime_old": 14.416941649386859,
      "waittime": 11.136700765410817,
      "servicetime": 10.0,
      "networktime": 3.2802408839760417,
      "services": {
        "MS4_1": {
          "meanserv": 2.7347294520868126,
          "stddevserv": 2.7347294520868126,
          "rate": 0.3656668849772038,
          "cv": 1.0,
          "lambda": 0.125
        },
        "MS4_2": {
          "meanserv": 2.7152224838932804,
          "stddevserv": 2.7152224838932804,
          "rate": 0.36829394494631923,
          "cv": 1.0,
          "lambda": 0.125
        },
        "MS4_3": {
          "meanserv": 2.5685634397447243,
          "stddevserv": 2.5685634397447243,
          "rate": 0.38932267917797064,
          "cv": 1.0,
          "lambda": 0.125
        },
        "MS4_4": {
          "meanserv": 1.7009102308802149,
          "stddevserv": 1.7009102308802149,
          "rate": 0.5879205038836786,
          "cv": 1.0,
          "lambda": 0.125
        },
        "MS4_5": {
          "meanserv": 0.2805743933949678,
          "stddevserv": 0.2805743933949678,
          "rate": 3.5641171238042686,
          "cv": 1.0,
          "lambda": 0.125
        }
      },
      "sensors": [
        "S4"
      ],
      "sources": [
        {
          "startTime": 0,
          "stopTime": -1,
          "lambda": 0.125
        }
      ]
    }
  },
  "microservice": {
    "MS1_1": "F1",
    "MS1_2": "F7",
    "MS1_3": "F7",
    "MS1_4": "F7",
    "MS1_5": "F7",
    "MS2_1": "F10",
    "MS2_2": "F10",
    "MS2_3": "F10",
    "MS2_4": "F6",
    "MS2_5": "F4",
    "MS3_1": "F2",
    "MS3_2": "F6",
    "MS3_3": "F6",
    "MS3_4": "F6",
    "MS3_5": "F3",
    "MS4_1": "F5",
    "MS4_2": "F9",
    "MS4_3": "F8",
    "MS4_4": "F8",
    "MS4_5": "F8"
  },
  "sensor": {
    "S1": "F1",
    "S2": "F10",
    "S3": "F2",
    "S4": "F5"
  },
  "fog": {
    "F1": {
      "rho": 0.6652553004742641,
      "capacity": 1.0,
      "tserv": 5.3220424037941125,
      "stddev": 5.3220424037941125,
      "mu": 0.18789778888027925,
      "cv": 1.0,
      "lambda": 0.125,
      "twait": 10.576767678439742
    },
    "F2": {
      "rho": 0.5400639269804518,
      "capacity": 1.0,
      "tserv": 4.320511415843614,
      "stddev": 4.320511415843614,
      "mu": 0.231454081184216,
      "cv": 1.0,
      "lambda": 0.125,
      "twait": 5.073210166981624
    },
    "F3": {
      "rho": 0.5228729891380491,
      "capacity": 1.0,
      "tserv": 4.182983913104393,
      "stddev": 4.182983913104393,
      "mu": 0.23906379292237154,
      "cv": 1.0,
      "lambda": 0.125,
      "twait": 4.5840399985111935
    },
    "F4": {
      "rho": 0.47722100544586793,
      "capacity": 1.0,
      "tserv": 3.817768043566943,
      "stddev": 3.817768043566943,
      "mu": 0.2619331474799866,
      "cv": 1.0,
      "lambda": 0.125,
      "twait": 3.4850656267549533
    },
    "F5": {
      "rho": 0.3418411815108516,
      "capacity": 1.0,
      "tserv": 2.7347294520868126,
      "stddev": 2.7347294520868126,
      "mu": 0.3656668849772038,
      "cv": 1.0,
      "lambda": 0.125,
      "twait": 1.420391432511503
    },
    "F6": {
      "rho": 0.47226369900228904,
      "capacity": 1.0,
      "tserv": 0.9445273980045781,
      "stddev": 1.5054807713985683,
      "mu": 1.0587305377404765,
      "cv": 1.5938984666607536,
      "lambda": 0.5,
      "twait": 1.4962986024746798
    },
    "F7": {
      "rho": 0.5847446995257359,
      "capacity": 1.0,
      "tserv": 1.1694893990514719,
      "stddev": 1.6026649256388277,
      "mu": 0.8550740184657183,
      "cv": 1.370397138220054,
      "lambda": 0.5,
      "twait": 2.369771267140415
    },
    "F8": {
      "rho": 0.5687560080024884,
      "capacity": 1.0,
      "tserv": 1.5166826880066357,
      "stddev": 2.0197105706159384,
      "mu": 0.6593336944554251,
      "cv": 1.3316632322548814,
      "lambda": 0.375,
      "twait": 2.7737591494928022
    },
    "F9": {
      "rho": 0.33940281048666004,
      "capacity": 1.0,
      "tserv": 2.7152224838932804,
      "stddev": 2.7152224838932804,
      "mu": 0.36829394494631923,
      "cv": 1.0,
      "lambda": 0.125,
      "twait": 1.3950318844209064
    },
    "F10": {
      "rho": 0.48757837943334215,
      "capacity": 1.0,
      "tserv": 1.3002090118222458,
      "stddev": 1.5576837812139286,
      "mu": 0.7691071134774692,
      "cv": 1.198025676680114,
      "lambda": 0.375,
      "twait": 1.5064214474869464
    }
  },
  "extra": {
    "deltatime": 0.01693,
    "obj_func": 26.95657857318132
  },
  "network": [
    [
      0.0,
      2.5406756762469485,
      2.4473400809566526,
      2.2306830722013946,
      3.139231462304201,
      1.579524876326899,
      1.8151747452634552,
      2.223488235757687,
      2.054448761419794,
      2.054448761419794
    ],
    [
      2.5406756762469485,
      0.0,
      0.9870554244961589,
      1.8724312521809787,
      2.766791784979333,
      1.968723603765775,
      1.9630821730088424,
      2.054448761419794,
      1.7768742819878258,
      1.7768742819878258
    ],
    [
      2.4473400809566526,
      0.9870554244961589,
      0.0,
      2.3150845690545583,
      1.9297126517009227,
      1.6198228595577753,
      2.223488235757687,
      1.7768742819878258,
      2.4925763120388833,
      2.4925763120388833
    ],
    [
      2.2306830722013946,
      1.8724312521809787,
      2.3150845690545583,
      0.0,
      1.9969065528093557,
      1.8151747452634552,
      2.054448761419794,
      2.4925763120388833,
      2.687249364700697,
      2.687249364700697
    ],
    [
      3.139231462304201,
      2.766791784979333,
      1.9297126517009227,
      1.9969065528093557,
      0.0,
      1.9630821730088424,
      1.7768742819878258,
      2.687249364700697,
      1.5176193601150787,
      1.5176193601150787
    ],
    [
      1.579524876326899,
      1.968723603765775,
      1.6198228595577753,
      1.8151747452634552,
      1.9630821730088424,
      0.0,
      2.4925763120388833,
      1.5176193601150787,
      2.4878493978792378,
      2.4878493978792378
    ],
    [
      1.8151747452634552,
      1.9630821730088424,
      2.223488235757687,
      2.054448761419794,
      1.7768742819878258,
      2.4925763120388833,
      0.0,
      2.4878493978792378,
      3.1230948907835767,
      3.1230948907835767
    ],
    [
      2.223488235757687,
      2.054448761419794,
      1.7768742819878258,
      2.4925763120388833,
      2.687249364700697,
      1.5176193601150787,
      2.4878493978792378,
      0.0,
      1.7626215238609633,
      1.7626215238609633
    ],
    [
      2.054448761419794,
      1.7768742819878258,
      2.4925763120388833,
      2.687249364700697,
      1.5176193601150787,
      2.4878493978792378,
      3.1230948907835767,
      1.7626215238609633,
      0.0,
      2.6354106416747674
    ],
    [
      2.054448761419794,
      1.7768742819878258,
      2.4925763120388833,
      2.687249364700697,
      1.5176193601150787,
      2.4878493978792378,
      3.1230948907835767,
      1.7626215238609633,
      2.6354106416747674,
      0.0
    ]
  ]
}