{
  "servicechain": {
    "SC1": {
      "resptime": 9773.763404989846,
      "resptime_old": 9763.763404989846,
      "waittime": 9757.267277489565,
      "servicetime": 10.0,
      "networktime": 6.496127500279981,
      "services": {
        "MS1_1": {
          "meanserv": 0.39722665034098603,
          "stddevserv": 0.39722665034098603,
          "rate": 2.5174544536263697,
          "cv": 1.0,
          "lambda": 0.375
        },
        "MS1_2": {
          "meanserv": 2.562626400343457,
          "stddevserv": 2.562626400343457,
          "rate": 0.39022465384184546,
          "cv": 1.0,
          "lambda": 0.375
        },
        "MS1_3": {
          "meanserv": 0.7710710123033193,
          "stddevserv": 0.7710710123033193,
          "rate": 1.296897411579293,
          "cv": 1.0,
          "lambda": 0.375
        },
        "MS1_4": {
          "meanserv": 2.357921387961337,
          "stddevserv": 2.357921387961337,
          "rate": 0.4241023492579631,
          "cv": 1.0,
          "lambda": 0.375
        },
        "MS1_5": {
          "meanserv": 0.6915260364245261,
          "stddevserv": 0.6915260364245261,
          "rate": 1.446077150139438,
          "cv": 1.0,
          "lambda": 0.375
        },
        "MS1_6": {
          "meanserv": 0.3011874574088216,
          "stddevserv": 0.3011874574088216,
          "rate": 3.3201913804884446,
          "cv": 1.0,
          "lambda": 0.375
        },
        "MS1_7": {
          "meanserv": 0.44621497850077674,
          "stddevserv": 0.44621497850077674,
          "rate": 2.241072236884265,
          "cv": 1.0,
          "lambda": 0.375
        },
        "MS1_8": {
          "meanserv": 1.1436717645865642,
          "stddevserv": 1.1436717645865642,
          "rate": 0.8743767494876458,
          "cv": 1.0,
          "lambda": 0.375
        },
        "MS1_9": {
          "meanserv": 1.217030320304243,
          "stddevserv": 1.217030320304243,
          "rate": 0.8216722158162929,
          "cv": 1.0,
          "lambda": 0.375
        },
        "MS1_10": {
          "meanserv": 0.11152399182596895,
          "stddevserv": 0.11152399182596895,
          "rate": 8.96668047500022,
          "cv": 1.0,
          "lambda": 0.375
        }
      },
      "sensors": [
        "S1"
      ],
      "sources": [
        {
          "startTime": 0,
          "stopTime": -1,
          "lambda": 0.375
        }
      ]
    },
    "SC2": {
      "resptime": 44.56444909542691,
      "resptime_old": 34.56444909542693,
      "waittime": 28.71702851805415,
      "servicetime": 10.0,
      "networktime": 5.847420577372762,
      "services": {
        "MS2_1": {
          "meanserv": 2.135113096648528,
          "stddevserv": 2.135113096648528,
          "rate": 0.4683592647011032,
          "cv": 1.0,
          "lambda": 0.375
        },
        "MS2_2": {
          "meanserv": 0.3883919882810991,
          "stddevserv": 0.3883919882810991,
          "rate": 2.5747184035017967,
          "cv": 1.0,
          "lambda": 0.375
        },
        "MS2_3": {
          "meanserv": 1.1454470357385538,
          "stddevserv": 1.1454470357385538,
          "rate": 0.8730215966338649,
          "cv": 1.0,
          "lambda": 0.375
        },
        "MS2_4": {
          "meanserv": 0.6411908898839802,
          "stddevserv": 0.6411908898839802,
          "rate": 1.5595979540210627,
          "cv": 1.0,
          "lambda": 0.375
        },
        "MS2_5": {
          "meanserv": 0.20088038787649598,
          "stddevserv": 0.20088038787649598,
          "rate": 4.978086763824917,
          "cv": 1.0,
          "lambda": 0.375
        },
        "MS2_6": {
          "meanserv": 2.2982757411970427,
          "stddevserv": 2.2982757411970427,
          "rate": 0.4351088000777297,
          "cv": 1.0,
          "lambda": 0.375
        },
        "MS2_7": {
          "meanserv": 1.555432494266074,
          "stddevserv": 1.555432494266074,
          "rate": 0.642908003842267,
          "cv": 1.0,
          "lambda": 0.375
        },
        "MS2_8": {
          "meanserv": 1.408978134238568,
          "stddevserv": 1.408978134238568,
          "rate": 0.709734222057615,
          "cv": 1.0,
          "lambda": 0.375
        },
        "MS2_9": {
          "meanserv": 0.1234244086498002,
          "stddevserv": 0.1234244086498002,
          "rate": 8.102125105880496,
          "cv": 1.0,
          "lambda": 0.375
        },
        "MS2_10": {
          "meanserv": 0.10286582321985804,
          "stddevserv": 0.10286582321985804,
          "rate": 9.721401809643536,
          "cv": 1.0,
          "lambda": 0.375
        }
      },
      "sensors": [
        "S2"
      ],
      "sources": [
        {
          "startTime": 0,
          "stopTime": -1,
          "lambda": 0.375
        }
      ]
    },
    "SC3": {
      "resptime": 9791.698505440942,
      "resptime_old": 9781.698505440942,
      "waittime": 9777.370245716691,
      "servicetime": 10.0,
      "networktime": 4.328259724250052,
      "services": {
        "MS3_1": {
          "meanserv": 0.2986735214583591,
          "stddevserv": 0.2986735214583591,
          "rate": 3.348137441569019,
          "cv": 1.0,
          "lambda": 0.375
        },
        "MS3_2": {
          "meanserv": 0.1872182306509107,
          "stddevserv": 0.1872182306509107,
          "rate": 5.341360168415498,
          "cv": 1.0,
          "lambda": 0.375
        },
        "MS3_3": {
          "meanserv": 0.33779564939893425,
          "stddevserv": 0.33779564939893425,
          "rate": 2.9603696843916634,
          "cv": 1.0,
          "lambda": 0.375
        },
        "MS3_4": {
          "meanserv": 0.2623564068760742,
          "stddevserv": 0.2623564068760742,
          "rate": 3.8116088412216924,
          "cv": 1.0,
          "lambda": 0.375
        },
        "MS3_5": {
          "meanserv": 0.6580022296512278,
          "stddevserv": 0.6580022296512278,
          "rate": 1.5197516891850764,
          "cv": 1.0,
          "lambda": 0.375
        },
        "MS3_6": {
          "meanserv": 0.7711218850896684,
          "stddevserv": 0.7711218850896684,
          "rate": 1.2968118521026244,
          "cv": 1.0,
          "lambda": 0.375
        },
        "MS3_7": {
          "meanserv": 0.29198434563948084,
          "stddevserv": 0.29198434563948084,
          "rate": 3.424841142801268,
          "cv": 1.0,
          "lambda": 0.375
        },
        "MS3_8": {
          "meanserv": 2.5166814296251285,
          "stddevserv": 2.5166814296251285,
          "rate": 0.39734866249994727,
          "cv": 1.0,
          "lambda": 0.375
        },
        "MS3_9": {
          "meanserv": 2.461497236411275,
          "stddevserv": 2.461497236411275,
          "rate": 0.40625680387029156,
          "cv": 1.0,
          "lambda": 0.375
        },
        "MS3_10": {
          "meanserv": 2.214669065198941,
          "stddevserv": 2.214669065198941,
          "rate": 0.4515347307251845,
          "cv": 1.0,
          "lambda": 0.375
        }
      },
      "sensors": [
        "S3"
      ],
      "sources": [
        {
          "startTime": 0,
          "stopTime": -1,
          "lambda": 0.375
        }
      ]
    },
    "SC4": {
      "resptime": 9755.520056294277,
      "resptime_old": 9745.520056294277,
      "waittime": 9740.52407468759,
      "servicetime": 10.0,
      "networktime": 4.995981606687134,
      "services": {
        "MS4_1": {
          "meanserv": 0.5011309634223993,
          "stddevserv": 0.5011309634223993,
          "rate": 1.995486355843289,
          "cv": 1.0,
          "lambda": 0.375
        },
        "MS4_2": {
          "meanserv": 0.6939080846435997,
          "stddevserv": 0.6939080846435997,
          "rate": 1.4411130553603697,
          "cv": 1.0,
          "lambda": 0.375
        },
        "MS4_3": {
          "meanserv": 1.129104789482551,
          "stddevserv": 1.129104789482551,
          "rate": 0.8856573892121054,
          "cv": 1.0,
          "lambda": 0.375
        },
        "MS4_4": {
          "meanserv": 0.9137466027027541,
          "stddevserv": 0.9137466027027541,
          "rate": 1.094395313801571,
          "cv": 1.0,
          "lambda": 0.375
        },
        "MS4_5": {
          "meanserv": 0.023735700337715215,
          "stddevserv": 0.023735700337715215,
          "rate": 42.13062963265652,
          "cv": 1.0,
          "lambda": 0.375
        },
        "MS4_6": {
          "meanserv": 1.2006381095610834,
          "stddevserv": 1.2006381095610834,
          "rate": 0.8328904372072359,
          "cv": 1.0,
          "lambda": 0.375
        },
        "MS4_7": {
          "meanserv": 0.6640164831241053,
          "stddevserv": 0.6640164831241053,
          "rate": 1.5059867117983863,
          "cv": 1.0,
          "lambda": 0.375
        },
        "MS4_8": {
          "meanserv": 3.7501389884461185,
          "stddevserv": 3.7501389884461185,
          "rate": 0.2666567834101405,
          "cv": 1.0,
          "lambda": 0.375
        },
        "MS4_9": {
          "meanserv": 0.11294678998021901,
          "stddevserv": 0.11294678998021901,
          "rate": 8.853726610336915,
          "cv": 1.0,
          "lambda": 0.375
        },
        "MS4_10": {
          "meanserv": 1.0106334882994545,
          "stddevserv": 1.0106334882994545,
          "rate": 0.9894783930845721,
          "cv": 1.0,
          "lambda": 0.375
        }
      },
      "sensors": [
        "S4"
      ],
      "sources": [
        {
          "startTime": 0,
          "stopTime": -1,
          "lambda": 0.375
        }
      ]
    }
  },
  "microservice": {
    "MS1_1": "F19",
    "MS1_2": "F1",
    "MS1_3": "F17",
    "MS1_4": "F2",
    "MS1_5": "F15",
    "MS1_6": "F25",
    "MS1_7": "F25",
    "MS1_8": "F12",
    "MS1_9": "F5",
    "MS1_10": "F5",
    "MS2_1": "F4",
    "MS2_2": "F19",
    "MS2_3": "F8",
    "MS2_4": "F24",
    "MS2_5": "F24",
    "MS2_6": "F3",
    "MS2_7": "F7",
    "MS2_8": "F13",
    "MS2_9": "F23",
    "MS2_10": "F23",
    "MS3_1": "F18",
    "MS3_2": "F18",
    "MS3_3": "F18",
    "MS3_4": "F18",
    "MS3_5": "F22",
    "MS3_6": "F14",
    "MS3_7": "F14",
    "MS3_8": "F1",
    "MS3_9": "F16",
    "MS3_10": "F10",
    "MS4_1": "F20",
    "MS4_2": "F20",
    "MS4_3": "F9",
    "MS4_4": "F21",
    "MS4_5": "F21",
    "MS4_6": "F6",
    "MS4_7": "F23",
    "MS4_8": "F1",
    "MS4_9": "F11",
    "MS4_10": "F11"
  },
  "sensor": {
    "S1": "F19",
    "S2": "F4",
    "S3": "F18",
    "S4": "F20"
  },
  "fog": {
    "F1": {
      "rho": 3.3110425569055137,
      "capacity": 1.0,
      "tserv": 2.943148939471568,
      "stddev": 3.05189486480689,
      "mu": 0.3397721354120619,
      "cv": 1.036948835268543,
      "lambda": 1.125,
      "twait": 9735.146498511782
    },
    "F2": {
      "rho": 0.8842205204855014,
      "capacity": 1.0,
      "tserv": 2.357921387961337,
      "stddev": 2.357921387961337,
      "mu": 0.4241023492579631,
      "cv": 1.0,
      "lambda": 0.375,
      "twait": 18.007702968348397
    },
    "F3": {
      "rho": 0.861853402948891,
      "capacity": 1.0,
      "tserv": 2.2982757411970427,
      "stddev": 2.2982757411970427,
      "mu": 0.4351088000777297,
      "cv": 1.0,
      "lambda": 0.375,
      "twait": 14.338223385500722
    },
    "F4": {
      "rho": 0.800667411243198,
      "capacity": 1.0,
      "tserv": 2.135113096648528,
      "stddev": 2.135113096648528,
      "mu": 0.4683592647011032,
      "cv": 1.0,
      "lambda": 0.375,
      "twait": 8.576196629296467
    },
    "F5": {
      "rho": 0.49820786704882947,
      "capacity": 1.0,
      "tserv": 0.664277156065106,
      "stddev": 1.0258344219330437,
      "mu": 1.5053957386154488,
      "cv": 1.5442867673030465,
      "lambda": 0.75,
      "twait": 1.116199545000133
    },
    "F6": {
      "rho": 0.45023929108540633,
      "capacity": 1.0,
      "tserv": 1.2006381095610834,
      "stddev": 1.2006381095610836,
      "mu": 0.8328904372072359,
      "cv": 1.0000000000000002,
      "lambda": 0.375,
      "twait": 0.9832904435207354
    },
    "F7": {
      "rho": 0.5832871853497777,
      "capacity": 1.0,
      "tserv": 1.555432494266074,
      "stddev": 1.555432494266074,
      "mu": 0.642908003842267,
      "cv": 1.0,
      "lambda": 0.375,
      "twait": 2.1771920845380675
    },
    "F8": {
      "rho": 0.42954263840195767,
      "capacity": 1.0,
      "tserv": 1.1454470357385538,
      "stddev": 1.1454470357385538,
      "mu": 0.8730215966338649,
      "cv": 1.0,
      "lambda": 0.375,
      "twait": 0.8624980147552684
    },
    "F9": {
      "rho": 0.42341429605595665,
      "capacity": 1.0,
      "tserv": 1.129104789482551,
      "stddev": 1.129104789482551,
      "mu": 0.8856573892121054,
      "cv": 1.0,
      "lambda": 0.375,
      "twait": 0.8291553299742586
    },
    "F10": {
      "rho": 0.8305008994496029,
      "capacity": 1.0,
      "tserv": 2.214669065198941,
      "stddev": 2.214669065198941,
      "mu": 0.4515347307251845,
      "cv": 1.0,
      "lambda": 0.375,
      "twait": 10.851294459135248
    },
    "F11": {
      "rho": 0.4213426043548776,
      "capacity": 1.0,
      "tserv": 0.5617901391398368,
      "stddev": 0.8476608193165487,
      "mu": 1.7800241234762706,
      "cv": 1.5088567069091168,
      "lambda": 0.75,
      "twait": 0.6701744198004077
    },
    "F12": {
      "rho": 0.42887691171996156,
      "capacity": 1.0,
      "tserv": 1.1436717645865642,
      "stddev": 1.1436717645865642,
      "mu": 0.8743767494876458,
      "cv": 1.0,
      "lambda": 0.375,
      "twait": 0.8588243488708353
    },
    "F13": {
      "rho": 0.528366800339463,
      "capacity": 1.0,
      "tserv": 1.408978134238568,
      "stddev": 1.408978134238568,
      "mu": 0.709734222057615,
      "cv": 1.0,
      "lambda": 0.375,
      "twait": 1.5784666326961923
    },
    "F14": {
      "rho": 0.398664836523431,
      "capacity": 1.0,
      "tserv": 0.5315531153645746,
      "stddev": 0.6303452270851068,
      "mu": 1.8812795393253094,
      "cv": 1.1858555784265772,
      "lambda": 0.75,
      "twait": 0.42398390763817223
    },
    "F15": {
      "rho": 0.2593222636591973,
      "capacity": 1.0,
      "tserv": 0.6915260364245261,
      "stddev": 0.6915260364245261,
      "mu": 1.446077150139438,
      "cv": 1.0,
      "lambda": 0.375,
      "twait": 0.24211352433896802
    },
    "F16": {
      "rho": 0.923061463654228,
      "capacity": 1.0,
      "tserv": 2.461497236411275,
      "stddev": 2.4614972364112755,
      "mu": 0.40625680387029156,
      "cv": 1.0000000000000002,
      "lambda": 0.375,
      "twait": 29.53153711699754
    },
    "F17": {
      "rho": 0.28915162961374474,
      "capacity": 1.0,
      "tserv": 0.7710710123033193,
      "stddev": 0.7710710123033193,
      "mu": 1.296897411579293,
      "cv": 1.0,
      "lambda": 0.375,
      "twait": 0.31364837994110656
    },
    "F18": {
      "rho": 0.40726642814410435,
      "capacity": 1.0,
      "tserv": 0.27151095209606957,
      "stddev": 0.2826277844391259,
      "mu": 3.683092679245465,
      "cv": 1.04094432381911,
      "lambda": 1.5,
      "twait": 0.194349538652113
    },
    "F19": {
      "rho": 0.29460698948328184,
      "capacity": 1.0,
      "tserv": 0.3928093193110425,
      "stddev": 0.39285899119717355,
      "mu": 2.5457644481396815,
      "cv": 1.0001264529217844,
      "lambda": 0.75,
      "twait": 0.16407733545373915
    },
    "F20": {
      "rho": 0.44813964302474957,
      "capacity": 1.0,
      "tserv": 0.5975195240329995,
      "stddev": 0.6128711861670354,
      "mu": 1.6735854809403226,
      "cv": 1.0256923188558238,
      "lambda": 0.75,
      "twait": 0.4978437908980397
    },
    "F21": {
      "rho": 0.351555863640176,
      "capacity": 1.0,
      "tserv": 0.46874115152023466,
      "stddev": 0.7847152160451784,
      "mu": 2.133373604508099,
      "cv": 1.6740907289666538,
      "lambda": 0.75,
      "twait": 0.48317360195720466
    },
    "F22": {
      "rho": 0.24675083611921042,
      "capacity": 1.0,
      "tserv": 0.6580022296512278,
      "stddev": 0.6580022296512277,
      "mu": 1.5197516891850764,
      "cv": 0.9999999999999998,
      "lambda": 0.375,
      "twait": 0.21554965889141156
    },
    "F23": {
      "rho": 0.33386501812266134,
      "capacity": 1.0,
      "tserv": 0.2967689049979212,
      "stddev": 0.4723171093218759,
      "mu": 3.3696252645033846,
      "cv": 1.5915316644282003,
      "lambda": 1.125,
      "twait": 0.2627467770021539
    },
    "F24": {
      "rho": 0.31577672916017857,
      "capacity": 1.0,
      "tserv": 0.4210356388802381,
      "stddev": 0.5236484300523889,
      "mu": 2.3750958533095723,
      "cv": 1.2437152148094965,
      "lambda": 0.75,
      "twait": 0.24744044090469533
    },
    "F25": {
      "rho": 0.28027591346609937,
      "capacity": 1.0,
      "tserv": 0.37370121795479916,
      "stddev": 0.38751656898504233,
      "mu": 2.6759345486558046,
      "cv": 1.0369689751236353,
      "lambda": 0.75,
      "twait": 0.1510066654160053
    }
  },
  "extra": {
    "deltatime": 0.1902083,
    "obj_func": 7341.386603955123
  },
  "network": [
    [
      0.0,
      1.2068903491603815,
      1.0436513535474492,
      0.9140616664854255,
      1.096993206416175,
      0.7457994814199476,
      1.2669463147818043,
      1.0888721712080522,
      1.0606050562559064,
      0.782256465177009,
      0.7617254754221678,
      0.8607245253135611,
      0.8125118642327881,
      0.9303769913549562,
      1.1283133629859348,
      0.5849841203704758,
      1.0698755937373892,
      1.1148692368120834,
      0.959809636225733,
      1.0331605497819993,
      0.8695834662602159,
      1.1022909065450612,
      0.7629329034206052,
      1.3249990654447108,
      1.3249990654447108
    ],
    [
      1.2068903491603815,
      0.0,
      0.6430428985260912,
      1.2275563538256973,
      1.0658929386571108,
      1.3154283598088081,
      1.1998121170558924,
      1.0536214211208106,
      0.9066592494098153,
      1.180265607673968,
      0.8555255733893815,
      0.604162937205381,
      1.1126326185354358,
      0.9818840410575785,
      0.8121923196370393,
      1.0314947178014,
      0.7340534681327082,
      1.334110971770748,
      1.0177774416040373,
      0.9625119137219224,
      1.0354766713022827,
      0.8566498490881352,
      1.3249990654447108,
      1.0661271179181857,
      1.0661271179181857
    ],
    [
      1.0436513535474492,
      0.6430428985260912,
      0.0,
      1.1238997406832238,
      0.9730827449481643,
      1.2034477966227584,
      0.6568628198201703,
      0.9818204275385324,
      1.0779490085667356,
      0.8835217062150259,
      0.9825270059489313,
      1.4629243285195301,
      1.3537856557603631,
      0.774580057677397,
      1.1447950181447728,
      0.8256632291409696,
      0.7926422611039565,
      0.9441277463879164,
      0.8708052689731669,
      1.2305558147991418,
      1.2071806042774995,
      0.7629329034206052,
      1.0661271179181857,
      0.820607969957699,
      0.820607969957699
    ],
    [
      0.9140616664854255,
      1.2275563538256973,
      1.1238997406832238,
      0.0,
      1.0884199955045346,
      0.7961792892726668,
      1.002266999157537,
      0.9124319441889692,
      1.1673954846419667,
      1.192048714900835,
      1.0800723947468454,
      1.0663660846639826,
      0.9198826910686232,
      1.2135702194330924,
      0.9386242669382269,
      1.1045869720443222,
      0.8113520085154255,
      1.269661498806918,
      0.7528550350454887,
      0.924723559172222,
      1.1022909065450612,
      1.3249990654447108,
      0.820607969957699,
      1.2265604939281007,
      1.2265604939281007
    ],
    [
      1.096993206416175,
      1.0658929386571108,
      0.9730827449481643,
      1.0884199955045346,
      0.0,
      1.0574299319768214,
      0.8032730021211514,
      0.9738301947410771,
      1.0765926431517303,
      0.9071176038255243,
      0.9980147490083231,
      0.7904003664248114,
      1.010079722847712,
      1.1066868716926985,
      0.9906307550423399,
      0.7706547927031703,
      1.3930773886685515,
      1.133494786841163,
      1.252575415760763,
      0.8695834662602159,
      0.8566498490881352,
      1.0661271179181857,
      1.2265604939281007,
      1.0311325053779217,
      1.0311325053779217
    ],
    [
      0.7457994814199476,
      1.3154283598088081,
      1.2034477966227584,
      0.7961792892726668,
      1.0574299319768214,
      0.0,
      0.6770478034699572,
      1.0556920022447829,
      0.9016065006789944,
      1.0322848326851528,
      0.9911837053634872,
      1.3035620699631056,
      0.7262540479331059,
      0.9710673452154533,
      1.036261435850436,
      0.997947750088932,
      0.9579104462250706,
      1.0416813533460954,
      1.0331605497819993,
      1.0354766713022827,
      0.7629329034206052,
      0.820607969957699,
      1.0311325053779217,
      1.079205828777808,
      1.079205828777808
    ],
    [
      1.2669463147818043,
      1.1998121170558924,
      0.6568628198201703,
      1.002266999157537,
      0.8032730021211514,
      0.6770478034699572,
      0.0,
      1.3432641485631887,
      1.119570903250513,
      0.5152039927286796,
      0.8750412542650481,
      1.002336079326074,
      0.662040465317258,
      0.911152191598847,
      0.9837200799136958,
      1.1171238948656257,
      0.9013382159082716,
      0.959809636225733,
      0.9625119137219224,
      1.2071806042774995,
      1.3249990654447108,
      1.2265604939281007,
      1.079205828777808,
      1.0229291124041602,
      1.0229291124041602
    ],
    [
      1.0888721712080522,
      1.0536214211208106,
      0.9818204275385324,
      0.9124319441889692,
      0.9738301947410771,
      1.0556920022447829,
      1.3432641485631887,
      0.0,
      0.9791181903267369,
      1.105026725843197,
      0.8031384454568363,
      0.4784438854868628,
      1.1801594241530395,
      0.8180564764430408,
      0.9792561230465313,
      1.512793364058703,
      1.1148692368120834,
      1.0177774416040373,
      1.2305558147991418,
      1.1022909065450612,
      1.0661271179181857,
      1.0311325053779217,
      1.0229291124041602,
      0.9799585733616009,
      0.9799585733616009
    ],
    [
      1.0606050562559064,
      0.9066592494098153,
      1.0779490085667356,
      1.1673954846419667,
      1.0765926431517303,
      0.9016065006789944,
      1.119570903250513,
      0.9791181903267369,
      0.0,
      1.1055420994391252,
      0.9492047841873916,
      0.9864778915931456,
      0.994474402703046,
      1.3261248514348858,
      1.2427717620814982,
      1.0698755937373892,
      1.334110971770748,
      0.8708052689731669,
      0.924723559172222,
      0.8566498490881352,
      0.820607969957699,
      1.079205828777808,
      0.9799585733616009,
      1.467355137056139,
      1.467355137056139
    ],
    [
      0.782256465177009,
      1.180265607673968,
      0.8835217062150259,
      1.192048714900835,
      0.9071176038255243,
      1.0322848326851528,
      0.5152039927286796,
      1.105026725843197,
      1.1055420994391252,
      0.0,
      0.8958733323517059,
      0.888991521151386,
      1.0428402679377355,
      0.9320185127259819,
      0.5849841203704758,
      0.7340534681327082,
      0.9441277463879164,
      0.7528550350454887,
      0.8695834662602159,
      0.7629329034206052,
      1.2265604939281007,
      1.0229291124041602,
      1.467355137056139,
      0.9466179767627088,
      0.9466179767627088
    ],
    [
      0.7617254754221678,
      0.8555255733893815,
      0.9825270059489313,
      1.0800723947468454,
      0.9980147490083231,
      0.9911837053634872,
      0.8750412542650481,
      0.8031384454568363,
      0.9492047841873916,
      0.8958733323517059,
      0.0,
      0.9821088840122773,
      0.9532045686026249,
      1.1283133629859348,
      1.0314947178014,
      0.7926422611039565,
      1.269661498806918,
      1.252575415760763,
      1.0354766713022827,
      1.3249990654447108,
      1.0311325053779217,
      0.9799585733616009,
      0.9466179767627088,
      0.6935889273410143,
      0.6935889273410143
    ],
    [
      0.8607245253135611,
      0.604162937205381,
      1.4629243285195301,
      1.0663660846639826,
      0.7904003664248114,
      1.3035620699631056,
      1.002336079326074,
      0.4784438854868628,
      0.9864778915931456,
      0.888991521151386,
      0.9821088840122773,
      0.0,
      0.9303769913549562,
      0.8121923196370393,
      0.8256632291409696,
      0.8113520085154255,
      1.133494786841163,
      1.0331605497819993,
      1.2071806042774995,
      1.0661271179181857,
      1.079205828777808,
      1.467355137056139,
      0.6935889273410143,
      0.7445398990714037,
      0.7445398990714037
    ],
    [
      0.8125118642327881,
      1.1126326185354358,
      1.3537856557603631,
      0.9198826910686232,
      1.010079722847712,
      0.7262540479331059,
      0.662040465317258,
      1.1801594241530395,
      0.994474402703046,
      1.0428402679377355,
      0.9532045686026249,
      0.9303769913549562,
      0.0,
      1.1447950181447728,
      1.1045869720443222,
      1.3930773886685515,
      1.0416813533460954,
      0.9625119137219224,
      1.1022909065450612,
      0.820607969957699,
      1.0229291124041602,
      0.9466179767627088,
      0.7445398990714037,
      0.9361656500967112,
      0.9361656500967112
    ],
    [
      0.9303769913549562,
      0.9818840410575785,
      0.774580057677397,
      1.2135702194330924,
      1.1066868716926985,
      0.9710673452154533,
      0.911152191598847,
      0.8180564764430408,
      1.3261248514348858,
      0.9320185127259819,
      1.1283133629859348,
      0.8121923196370393,
      1.1447950181447728,
      0.0,
      0.7706547927031703,
      0.9579104462250706,
      0.959809636225733,
      1.2305558147991418,
      0.8566498490881352,
      1.2265604939281007,
      0.9799585733616009,
      0.6935889273410143,
      0.9361656500967112,
      1.074474535180606,
      1.074474535180606
    ],
    [
      1.1283133629859348,
      0.8121923196370393,
      1.1447950181447728,
      0.9386242669382269,
      0.9906307550423399,
      1.036261435850436,
      0.9837200799136958,
      0.9792561230465313,
      1.2427717620814982,
      0.5849841203704758,
      1.0314947178014,
      0.8256632291409696,
      1.1045869720443222,
      0.7706547927031703,
      0.0,
      0.9013382159082716,
      1.0177774416040373,
      0.924723559172222,
      0.7629329034206052,
      1.0311325053779217,
      1.467355137056139,
      0.7445398990714037,
      1.074474535180606,
      1.3852562170508973,
      1.3852562170508973
    ],
    [
      0.5849841203704758,
      1.0314947178014,
      0.8256632291409696,
      1.1045869720443222,
      0.7706547927031703,
      0.997947750088932,
      1.1171238948656257,
      1.512793364058703,
      1.0698755937373892,
      0.7340534681327082,
      0.7926422611039565,
      0.8113520085154255,
      1.3930773886685515,
      0.9579104462250706,
      0.9013382159082716,
      0.0,
      0.8708052689731669,
      0.8695834662602159,
      1.3249990654447108,
      1.079205828777808,
      0.9466179767627088,
      0.9361656500967112,
      1.3852562170508973,
      0.777158085235949,
      0.777158085235949
    ],
    [
      1.0698755937373892,
      0.7340534681327082,
      0.7926422611039565,
      0.8113520085154255,
      1.3930773886685515,
      0.9579104462250706,
      0.9013382159082716,
      1.1148692368120834,
      1.334110971770748,
      0.9441277463879164,
      1.269661498806918,
      1.133494786841163,
      1.0416813533460954,
      0.959809636225733,
      1.0177774416040373,
      0.8708052689731669,
      0.0,
      1.0354766713022827,
      1.0661271179181857,
      1.0229291124041602,
      0.6935889273410143,
      1.074474535180606,
      0.777158085235949,
      1.5075873435136224,
      1.5075873435136224
    ],
    [
      1.1148692368120834,
      1.334110971770748,
      0.9441277463879164,
      1.269661498806918,
      1.133494786841163,
      1.0416813533460954,
      0.959809636225733,
      1.0177774416040373,
      0.8708052689731669,
      0.7528550350454887,
      1.252575415760763,
      1.0331605497819993,
      0.9625119137219224,
      1.2305558147991418,
      0.924723559172222,
      0.8695834662602159,
      1.0354766713022827,
      0.0,
      0.820607969957699,
      0.9799585733616009,
      0.7445398990714037,
      1.3852562170508973,
      1.5075873435136224,
      1.0452435060645497,
      1.0452435060645497
    ],
    [
      0.959809636225733,
      1.0177774416040373,
      0.8708052689731669,
      0.7528550350454887,
      1.252575415760763,
      1.0331605497819993,
      0.9625119137219224,
      1.2305558147991418,
      0.924723559172222,
      0.8695834662602159,
      1.0354766713022827,
      1.2071806042774995,
      1.1022909065450612,
      0.8566498490881352,
      0.7629329034206052,
      1.3249990654447108,
      1.0661271179181857,
      0.820607969957699,
      0.0,
      1.467355137056139,
      0.9361656500967112,
      0.777158085235949,
      1.0452435060645497,
      0.5212342640462466,
      0.5212342640462466
    ],
    [
      1.0331605497819993,
      0.9625119137219224,
      1.2305558147991418,
      0.924723559172222,
      0.8695834662602159,
      1.0354766713022827,
      1.2071806042774995,
      1.1022909065450612,
      0.8566498490881352,
      0.7629329034206052,
      1.3249990654447108,
      1.0661271179181857,
      0.820607969957699,
      1.2265604939281007,
      1.0311325053779217,
      1.079205828777808,
      1.0229291124041602,
      0.9799585733616009,
      1.467355137056139,
      0.0,
      1.074474535180606,
      1.5075873435136224,
      0.5212342640462466,
      0.9022231371168922,
      0.9022231371168922
    ],
    [
      0.8695834662602159,
      1.0354766713022827,
      1.2071806042774995,
      1.1022909065450612,
      0.8566498490881352,
      0.7629329034206052,
      1.3249990654447108,
      1.0661271179181857,
      0.820607969957699,
      1.2265604939281007,
      1.0311325053779217,
      1.079205828777808,
      1.0229291124041602,
      0.9799585733616009,
      1.467355137056139,
      0.9466179767627088,
      0.6935889273410143,
      0.7445398990714037,
      0.9361656500967112,
      1.074474535180606,
      0.0,
      1.0452435060645497,
      0.9022231371168922,
      1.1198932854038337,
      1.1198932854038337
    ],
    [
      1.1022909065450612,
      0.8566498490881352,
      0.7629329034206052,
      1.3249990654447108,
      1.0661271179181857,
      0.820607969957699,
      1.2265604939281007,
      1.0311325053779217,
      1.079205828777808,
      1.0229291124041602,
      0.9799585733616009,
      1.467355137056139,
      0.9466179767627088,
      0.6935889273410143,
      0.7445398990714037,
      0.9361656500967112,
      1.074474535180606,
      1.3852562170508973,
      0.777158085235949,
      1.5075873435136224,
      1.0452435060645497,
      0.0,
      1.1198932854038337,
      1.0901464653143993,
      1.0901464653143993
    ],
    [
      0.7629329034206052,
      1.3249990654447108,
      1.0661271179181857,
      0.820607969957699,
      1.2265604939281007,
      1.0311325053779217,
      1.079205828777808,
      1.0229291124041602,
      0.9799585733616009,
      1.467355137056139,
      0.9466179767627088,
      0.6935889273410143,
      0.7445398990714037,
      0.9361656500967112,
      1.074474535180606,
      1.3852562170508973,
      0.777158085235949,
      1.5075873435136224,
      1.0452435060645497,
      0.5212342640462466,
      0.9022231371168922,
      1.1198932854038337,
      0.0,
      1.6228129901198651,
      1.6228129901198651
    ],
    [
      1.3249990654447108,
      1.0661271179181857,
      0.820607969957699,
      1.2265604939281007,
      1.0311325053779217,
      1.079205828777808,
      1.0229291124041602,
      0.9799585733616009,
      1.467355137056139,
      0.9466179767627088,
      0.6935889273410143,
      0.7445398990714037,
      0.9361656500967112,
      1.074474535180606,
      1.3852562170508973,
      0.777158085235949,
      1.5075873435136224,
      1.0452435060645497,
      0.5212342640462466,
      0.9022231371168922,
      1.1198932854038337,
      1.0901464653143993,
      1.6228129901198651,
      0.0,
      0.9693455640514783
    ],
    [
      1.3249990654447108,
      1.0661271179181857,
      0.820607969957699,
      1.2265604939281007,
      1.0311325053779217,
      1.079205828777808,
      1.0229291124041602,
      0.9799585733616009,
      1.467355137056139,
      0.9466179767627088,
      0.6935889273410143,
      0.7445398990714037,
      0.9361656500967112,
      1.074474535180606,
      1.3852562170508973,
      0.777158085235949,
      1.5075873435136224,
      1.0452435060645497,
      0.5212342640462466,
      0.9022231371168922,
      1.1198932854038337,
      1.0901464653143993,
      1.6228129901198651,
      0.9693455640514783,
      0.0
    ]
  ]
}