{
  "servicechain": {
    "SC1": {
      "resptime": 33.11161149385218,
      "resptime_old": 23.111611493852184,
      "waittime": 17.42793715564605,
      "servicetime": 10.0,
      "networktime": 5.683674338206133,
      "services": {
        "MS1_1": {
          "meanserv": 2.8834547664693266,
          "stddevserv": 2.8834547664693266,
          "rate": 0.34680620331854883,
          "cv": 1.0,
          "lambda": 0.15
        },
        "MS1_2": {
          "meanserv": 2.998256910376747,
          "stddevserv": 2.998256910376747,
          "rate": 0.3335271225554666,
          "cv": 1.0,
          "lambda": 0.15
        },
        "MS1_3": {
          "meanserv": 0.1749780403835981,
          "stddevserv": 0.1749780403835981,
          "rate": 5.71500285297364,
          "cv": 1.0,
          "lambda": 0.15
        },
        "MS1_4": {
          "meanserv": 0.3350237729822849,
          "stddevserv": 0.3350237729822849,
          "rate": 2.984862808684556,
          "cv": 1.0,
          "lambda": 0.15
        },
        "MS1_5": {
          "meanserv": 3.6082865097880434,
          "stddevserv": 3.6082865097880434,
          "rate": 0.27713985496643434,
          "cv": 1.0,
          "lambda": 0.15
        }
      },
      "sensors": [
        "S1"
      ],
      "sources": [
        {
          "startTime": 0,
          "stopTime": -1,
          "lambda": 0.15
        }
      ]
    },
    "SC2": {
      "resptime": 30.24388951941306,
      "resptime_old": 20.243889519413056,
      "waittime": 16.868927616613465,
      "servicetime": 10.0,
      "networktime": 3.3749619027995923,
      "services": {
        "MS2_1": {
          "meanserv": 0.29275146509531447,
          "stddevserv": 0.29275146509531447,
          "rate": 3.415866764917533,
          "cv": 1.0,
          "lambda": 0.15
        },
        "MS2_2": {
          "meanserv": 2.6932792972133432,
          "stddevserv": 2.6932792972133432,
          "rate": 0.3712945779647401,
          "cv": 1.0,
          "lambda": 0.15
        },
        "MS2_3": {
          "meanserv": 0.4446960076369244,
          "stddevserv": 0.4446960076369244,
          "rate": 2.2487271817750565,
          "cv": 1.0,
          "lambda": 0.15
        },
        "MS2_4": {
          "meanserv": 2.2844893468125087,
          "stddevserv": 2.2844893468125087,
          "rate": 0.437734586679196,
          "cv": 1.0,
          "lambda": 0.15
        },
        "MS2_5": {
          "meanserv": 4.284783883241909,
          "stddevserv": 4.284783883241909,
          "rate": 0.23338399957838488,
          "cv": 1.0,
          "lambda": 0.15
        }
      },
      "sensors": [
        "S2"
      ],
      "sources": [
        {
          "startTime": 0,
          "stopTime": -1,
          "lambda": 0.15
        }
      ]
    },
    "SC3": {
      "resptime": 35.57433912881246,
      "resptime_old": 25.574339128812458,
      "waittime": 20.528175027929784,
      "servicetime": 10.0,
      "networktime": 5.046164100882676,
      "services": {
        "MS3_1": {
          "meanserv": 1.1093774889964159,
          "stddevserv": 1.1093774889964159,
          "rate": 0.9014064283065967,
          "cv": 1.0,
          "lambda": 0.15
        },
        "MS3_2": {
          "meanserv": 0.240416500149514,
          "stddevserv": 0.240416500149514,
          "rate": 4.159448288191968,
          "cv": 1.0,
          "lambda": 0.15
        },
        "MS3_3": {
          "meanserv": 3.159555820532332,
          "stddevserv": 3.159555820532332,
          "rate": 0.3165001844567876,
          "cv": 1.0,
          "lambda": 0.15
        },
        "MS3_4": {
          "meanserv": 3.8291528534636745,
          "stddevserv": 3.8291528534636745,
          "rate": 0.26115436971795114,
          "cv": 1.0,
          "lambda": 0.15
        },
        "MS3_5": {
          "meanserv": 1.661497336858064,
          "stddevserv": 1.661497336858064,
          "rate": 0.6018667486347146,
          "cv": 1.0,
          "lambda": 0.15
        }
      },
      "sensors": [
        "S3"
      ],
      "sources": [
        {
          "startTime": 0,
          "stopTime": -1,
          "lambda": 0.15
        }
      ]
    },
    "SC4": {
      "resptime": 41.65403275596932,
      "resptime_old": 31.654032755969315,
      "waittime": 24.86026030253826,
      "servicetime": 10.0,
      "networktime": 6.793772453431055,
      "services": {
        "MS4_1": {
          "meanserv": 3.1243548949572144,
          "stddevserv": 3.1243548949572144,
          "rate": 0.3200660723959447,
          "cv": 1.0,
          "lambda": 0.15
        },
        "MS4_2": {
          "meanserv": 0.9089572564868194,
          "stddevserv": 0.9089572564868194,
          "rate": 1.1001617434301223,
          "cv": 1.0,
          "lambda": 0.15
        },
        "MS4_3": {
          "meanserv": 0.6813547456790916,
          "stddevserv": 0.6813547456790916,
          "rate": 1.467664247356671,
          "cv": 1.0,
          "lambda": 0.15
        },
        "MS4_4": {
          "meanserv": 4.791072787475839,
          "stddevserv": 4.791072787475839,
          "rate": 0.20872152112029313,
          "cv": 1.0,
          "lambda": 0.15
        },
        "MS4_5": {
          "meanserv": 0.49426031540103565,
          "stddevserv": 0.49426031540103565,
          "rate": 2.023225350772122,
          "cv": 1.0,
          "lambda": 0.15
        }
      },
      "sensors": [
        "S4"
      ],
      "sources": [
        {
          "startTime": 0,
          "stopTime": -1,
          "lambda": 0.15
        }
      ]
    }
  },
  "microservice": {
    "MS1_1": "F2",
    "MS1_2": "F10",
    "MS1_3": "F9",
    "MS1_4": "F9",
    "MS1_5": "F5",
    "MS2_1": "F1",
    "MS2_2": "F1",
    "MS2_3": "F9",
    "MS2_4": "F9",
    "MS2_5": "F3",
    "MS3_1": "F10",
    "MS3_2": "F7",
    "MS3_3": "F7",
    "MS3_4": "F6",
    "MS3_5": "F2",
    "MS4_1": "F4",
    "MS4_2": "F4",
    "MS4_3": "F1",
    "MS4_4": "F8",
    "MS4_5": "F9"
  },
  "sensor": {
    "S1": "F2",
    "S2": "F1",
    "S3": "F10",
    "S4": "F4"
  },
  "fog": {
    "F1": {
      "rho": 0.5501078261981623,
      "capacity": 1.0,
      "tserv": 1.2224618359959165,
      "stddev": 1.9256309220396852,
      "mu": 0.8180214470133695,
      "cv": 1.5752073932605921,
      "lambda": 0.44999999999999996,
      "twait": 2.6018571349976867
    },
    "F2": {
      "rho": 0.6817428154991085,
      "capacity": 1.0,
      "tserv": 2.2724760516636953,
      "stddev": 2.431200811384387,
      "mu": 0.4400486417746375,
      "cv": 1.069846614931096,
      "lambda": 0.3,
      "twait": 5.219780729237597
    },
    "F3": {
      "rho": 0.6427175824862863,
      "capacity": 1.0,
      "tserv": 4.284783883241909,
      "stddev": 4.284783883241909,
      "mu": 0.23338399957838488,
      "cv": 1.0,
      "lambda": 0.15,
      "twait": 7.707924610669478
    },
    "F4": {
      "rho": 0.604996822716605,
      "capacity": 1.0,
      "tserv": 2.016656075722017,
      "stddev": 2.5536043303567264,
      "mu": 0.49587037276148993,
      "cv": 1.266256731179345,
      "lambda": 0.3,
      "twait": 4.020649989417783
    },
    "F5": {
      "rho": 0.5412429764682065,
      "capacity": 1.0,
      "tserv": 3.6082865097880434,
      "stddev": 3.6082865097880434,
      "mu": 0.27713985496643434,
      "cv": 1.0,
      "lambda": 0.15,
      "twait": 4.257067751187051
    },
    "F6": {
      "rho": 0.5743729280195513,
      "capacity": 1.0,
      "tserv": 3.829152853463675,
      "stddev": 3.829152853463674,
      "mu": 0.2611543697179511,
      "cv": 0.9999999999999998,
      "lambda": 0.15,
      "twait": 5.16734456303423
    },
    "F7": {
      "rho": 0.5099958481022768,
      "capacity": 1.0,
      "tserv": 1.6999861603409228,
      "stddev": 2.6740680865028863,
      "mu": 0.5882400829660023,
      "cv": 1.5729940330611967,
      "lambda": 0.3,
      "twait": 3.0736248981925827
    },
    "F8": {
      "rho": 0.7186609181213758,
      "capacity": 1.0,
      "tserv": 4.791072787475839,
      "stddev": 4.791072787475839,
      "mu": 0.20872152112029313,
      "cv": 1.0,
      "lambda": 0.15,
      "twait": 12.2384588207307
    },
    "F9": {
      "rho": 0.5600171224824527,
      "capacity": 1.0,
      "tserv": 0.7466894966432703,
      "stddev": 1.328146769958006,
      "mu": 1.3392447657232125,
      "cv": 1.778713609778451,
      "lambda": 0.75,
      "twait": 1.9786443679743069
    },
    "F10": {
      "rho": 0.6161451599059744,
      "capacity": 1.0,
      "tserv": 2.0538171996865815,
      "stddev": 2.449917921887482,
      "mu": 0.4868982498309017,
      "cv": 1.1928607483963747,
      "lambda": 0.3,
      "twait": 3.9937999392727908
    }
  },
  "extra": {
    "deltatime": 0.5809021,
    "conv": 8,
    "obj_func": 35.145968224511755
  },
  "network": [
    [
      0.0,
      1.7715939063630957,
      2.1536314070599425,
      2.488611942790931,
      2.6532007185800945,
      2.340156007516646,
      1.9243301516244171,
      2.076131422172538,
      1.7499804241490715,
      1.7499804241490715
    ],
    [
      1.7715939063630957,
      0.0,
      2.6256874164108277,
      1.7006712781886983,
      2.0266121081965824,
      1.4843088022850457,
      2.2471692883874397,
      1.7499804241490715,
      2.2932053789383695,
      2.2932053789383695
    ],
    [
      2.1536314070599425,
      2.6256874164108277,
      0.0,
      1.750962302617511,
      1.7750592289488845,
      2.208519377910311,
      2.076131422172538,
      2.2932053789383695,
      1.6249814786505208,
      1.6249814786505208
    ],
    [
      2.488611942790931,
      1.7006712781886983,
      1.750962302617511,
      0.0,
      0.9077475384831043,
      1.9243301516244171,
      1.7499804241490715,
      1.6249814786505208,
      2.1160778984196567,
      2.1160778984196567
    ],
    [
      2.6532007185800945,
      2.0266121081965824,
      1.7750592289488845,
      0.9077475384831043,
      0.0,
      2.2471692883874397,
      2.2932053789383695,
      2.1160778984196567,
      1.4361614937565825,
      1.4361614937565825
    ],
    [
      2.340156007516646,
      1.4843088022850457,
      2.208519377910311,
      1.9243301516244171,
      2.2471692883874397,
      0.0,
      1.6249814786505208,
      1.4361614937565825,
      2.0602969021279374,
      2.0602969021279374
    ],
    [
      1.9243301516244171,
      2.2471692883874397,
      2.076131422172538,
      1.7499804241490715,
      2.2932053789383695,
      1.6249814786505208,
      0.0,
      2.0602969021279374,
      1.9368738199471094,
      1.9368738199471094
    ],
    [
      2.076131422172538,
      1.7499804241490715,
      2.2932053789383695,
      1.6249814786505208,
      2.1160778984196567,
      1.4361614937565825,
      2.0602969021279374,
      0.0,
      2.2290290884675854,
      2.2290290884675854
    ],
    [
      1.7499804241490715,
      2.2932053789383695,
      1.6249814786505208,
      2.1160778984196567,
      1.4361614937565825,
      2.0602969021279374,
      1.9368738199471094,
      2.2290290884675854,
      0.0,
      1.9543074655111812
    ],
    [
      1.7499804241490715,
      2.2932053789383695,
      1.6249814786505208,
      2.1160778984196567,
      1.4361614937565825,
      2.0602969021279374,
      1.9368738199471094,
      2.2290290884675854,
      1.9543074655111812,
      0.0
    ]
  ]
}