{
  "servicechain": {
    "SC1": {
      "resptime": 31.821316076735286,
      "resptime_old": 21.821316076735286,
      "waittime": 18.256126534482746,
      "servicetime": 10.0,
      "networktime": 3.5651895422525395,
      "services": {
        "MS1_1": {
          "meanserv": 1.520680388563792,
          "stddevserv": 1.520680388563792,
          "rate": 0.6576003790937627,
          "cv": 1.0,
          "lambda": 0.225
        },
        "MS1_2": {
          "meanserv": 0.5229025512014374,
          "stddevserv": 0.5229025512014374,
          "rate": 1.9124022204565048,
          "cv": 1.0,
          "lambda": 0.225
        },
        "MS1_3": {
          "meanserv": 0.6350146625081976,
          "stddevserv": 0.6350146625081976,
          "rate": 1.574766787352868,
          "cv": 1.0,
          "lambda": 0.225
        },
        "MS1_4": {
          "meanserv": 0.5403637996753896,
          "stddevserv": 0.5403637996753896,
          "rate": 1.8506050934587506,
          "cv": 1.0,
          "lambda": 0.225
        },
        "MS1_5": {
          "meanserv": 0.05609052393735103,
          "stddevserv": 0.05609052393735103,
          "rate": 17.828323392324272,
          "cv": 1.0,
          "lambda": 0.225
        },
        "MS1_6": {
          "meanserv": 2.6793828350452666,
          "stddevserv": 2.6793828350452666,
          "rate": 0.3732202755501737,
          "cv": 1.0,
          "lambda": 0.225
        },
        "MS1_7": {
          "meanserv": 0.39430325570586433,
          "stddevserv": 0.39430325570586433,
          "rate": 2.5361190543807304,
          "cv": 1.0,
          "lambda": 0.225
        },
        "MS1_8": {
          "meanserv": 0.559829932083864,
          "stddevserv": 0.559829932083864,
          "rate": 1.7862567588654716,
          "cv": 1.0,
          "lambda": 0.225
        },
        "MS1_9": {
          "meanserv": 1.732642608859421,
          "stddevserv": 1.732642608859421,
          "rate": 0.577153069471314,
          "cv": 1.0,
          "lambda": 0.225
        },
        "MS1_10": {
          "meanserv": 1.3587894424194165,
          "stddevserv": 1.3587894424194165,
          "rate": 0.7359491977060348,
          "cv": 1.0,
          "lambda": 0.225
        }
      },
      "sensors": [
        "S1"
      ],
      "sources": [
        {
          "startTime": 0,
          "stopTime": -1,
          "lambda": 0.225
        }
      ]
    },
    "SC2": {
      "resptime": 33.23080733025592,
      "resptime_old": 23.230807330255917,
      "waittime": 18.96201405607236,
      "servicetime": 10.0,
      "networktime": 4.26879327418356,
      "services": {
        "MS2_1": {
          "meanserv": 3.3580785676030347,
          "stddevserv": 3.3580785676030347,
          "rate": 0.2977893399062997,
          "cv": 1.0,
          "lambda": 0.225
        },
        "MS2_2": {
          "meanserv": 0.2070890967195682,
          "stddevserv": 0.2070890967195682,
          "rate": 4.8288394504620396,
          "cv": 1.0,
          "lambda": 0.225
        },
        "MS2_3": {
          "meanserv": 0.3391225956134587,
          "stddevserv": 0.3391225956134587,
          "rate": 2.948786111379696,
          "cv": 1.0,
          "lambda": 0.225
        },
        "MS2_4": {
          "meanserv": 2.076714597797592,
          "stddevserv": 2.076714597797592,
          "rate": 0.4815298168850574,
          "cv": 1.0,
          "lambda": 0.225
        },
        "MS2_5": {
          "meanserv": 0.41964627128782794,
          "stddevserv": 0.41964627128782794,
          "rate": 2.382959336040705,
          "cv": 1.0,
          "lambda": 0.225
        },
        "MS2_6": {
          "meanserv": 0.2652354906958969,
          "stddevserv": 0.2652354906958969,
          "rate": 3.770234508874757,
          "cv": 1.0,
          "lambda": 0.225
        },
        "MS2_7": {
          "meanserv": 1.525712118701236,
          "stddevserv": 1.525712118701236,
          "rate": 0.6554316425376834,
          "cv": 1.0,
          "lambda": 0.225
        },
        "MS2_8": {
          "meanserv": 0.9114022261425259,
          "stddevserv": 0.9114022261425259,
          "rate": 1.097210398785683,
          "cv": 1.0,
          "lambda": 0.225
        },
        "MS2_9": {
          "meanserv": 0.5149230868887607,
          "stddevserv": 0.5149230868887607,
          "rate": 1.9420376080671462,
          "cv": 1.0,
          "lambda": 0.225
        },
        "MS2_10": {
          "meanserv": 0.3820759485500993,
          "stddevserv": 0.3820759485500993,
          "rate": 2.6172806841016745,
          "cv": 1.0,
          "lambda": 0.225
        }
      },
      "sensors": [
        "S2"
      ],
      "sources": [
        {
          "startTime": 0,
          "stopTime": -1,
          "lambda": 0.225
        }
      ]
    },
    "SC3": {
      "resptime": 31.262269026974035,
      "resptime_old": 21.262269026974035,
      "waittime": 17.439647040089056,
      "servicetime": 10.0,
      "networktime": 3.822621986884979,
      "services": {
        "MS3_1": {
          "meanserv": 1.7971772846078538,
          "stddevserv": 1.7971772846078538,
          "rate": 0.5564281323632472,
          "cv": 1.0,
          "lambda": 0.225
        },
        "MS3_2": {
          "meanserv": 0.5671989611241233,
          "stddevserv": 0.5671989611241233,
          "rate": 1.7630497736069803,
          "cv": 1.0,
          "lambda": 0.225
        },
        "MS3_3": {
          "meanserv": 0.3571475097131218,
          "stddevserv": 0.3571475097131218,
          "rate": 2.799963524324301,
          "cv": 1.0,
          "lambda": 0.225
        },
        "MS3_4": {
          "meanserv": 0.589302803444729,
          "stddevserv": 0.589302803444729,
          "rate": 1.6969204866404315,
          "cv": 1.0,
          "lambda": 0.225
        },
        "MS3_5": {
          "meanserv": 0.10651836160205486,
          "stddevserv": 0.10651836160205486,
          "rate": 9.388052772872436,
          "cv": 1.0,
          "lambda": 0.225
        },
        "MS3_6": {
          "meanserv": 0.5079982511805117,
          "stddevserv": 0.5079982511805117,
          "rate": 1.968510713720274,
          "cv": 1.0,
          "lambda": 0.225
        },
        "MS3_7": {
          "meanserv": 0.45667325830824623,
          "stddevserv": 0.45667325830824623,
          "rate": 2.1897494145037455,
          "cv": 1.0,
          "lambda": 0.225
        },
        "MS3_8": {
          "meanserv": 1.0945099250151529,
          "stddevserv": 1.0945099250151529,
          "rate": 0.9136509200555267,
          "cv": 1.0,
          "lambda": 0.225
        },
        "MS3_9": {
          "meanserv": 1.8288737609217671,
          "stddevserv": 1.8288737609217671,
          "rate": 0.5467845957262747,
          "cv": 1.0,
          "lambda": 0.225
        },
        "MS3_10": {
          "meanserv": 2.6945998840824394,
          "stddevserv": 2.6945998840824394,
          "rate": 0.3711126115261889,
          "cv": 1.0,
          "lambda": 0.225
        }
      },
      "sensors": [
        "S3"
      ],
      "sources": [
        {
          "startTime": 0,
          "stopTime": -1,
          "lambda": 0.225
        }
      ]
    },
    "SC4": {
      "resptime": 32.609075415088626,
      "resptime_old": 22.609075415088626,
      "waittime": 17.981847148136566,
      "servicetime": 10.0,
      "networktime": 4.627228266952062,
      "services": {
        "MS4_1": {
          "meanserv": 0.009390278260734686,
          "stddevserv": 0.009390278260734686,
          "rate": 106.49311684207333,
          "cv": 1.0,
          "lambda": 0.225
        },
        "MS4_2": {
          "meanserv": 1.0760474469375358,
          "stddevserv": 1.0760474469375358,
          "rate": 0.9293270504437614,
          "cv": 1.0,
          "lambda": 0.225
        },
        "MS4_3": {
          "meanserv": 0.5016420244563391,
          "stddevserv": 0.5016420244563391,
          "rate": 1.9934534015242495,
          "cv": 1.0,
          "lambda": 0.225
        },
        "MS4_4": {
          "meanserv": 1.2954764600794375,
          "stddevserv": 1.2954764600794375,
          "rate": 0.7719167663908619,
          "cv": 1.0,
          "lambda": 0.225
        },
        "MS4_5": {
          "meanserv": 1.0587511822824416,
          "stddevserv": 1.0587511822824416,
          "rate": 0.9445089807070755,
          "cv": 1.0,
          "lambda": 0.225
        },
        "MS4_6": {
          "meanserv": 1.7615829957144191,
          "stddevserv": 1.7615829957144191,
          "rate": 0.5676712379903762,
          "cv": 1.0,
          "lambda": 0.225
        },
        "MS4_7": {
          "meanserv": 0.19605465461036609,
          "stddevserv": 0.19605465461036609,
          "rate": 5.100618508585649,
          "cv": 1.0,
          "lambda": 0.225
        },
        "MS4_8": {
          "meanserv": 1.3664360524291768,
          "stddevserv": 1.3664360524291768,
          "rate": 0.731830807758807,
          "cv": 1.0,
          "lambda": 0.225
        },
        "MS4_9": {
          "meanserv": 0.021431752188314945,
          "stddevserv": 0.021431752188314945,
          "rate": 46.65974070683878,
          "cv": 1.0,
          "lambda": 0.225
        },
        "MS4_10": {
          "meanserv": 2.7131871530412344,
          "stddevserv": 2.7131871530412344,
          "rate": 0.3685702251977316,
          "cv": 1.0,
          "lambda": 0.225
        }
      },
      "sensors": [
        "S4"
      ],
      "sources": [
        {
          "startTime": 0,
          "stopTime": -1,
          "lambda": 0.225
        }
      ]
    }
  },
  "microservice": {
    "MS1_1": "F5",
    "MS1_2": "F15",
    "MS1_3": "F15",
    "MS1_4": "F15",
    "MS1_5": "F15",
    "MS1_6": "F12",
    "MS1_7": "F3",
    "MS1_8": "F3",
    "MS1_9": "F11",
    "MS1_10": "F11",
    "MS2_1": "F6",
    "MS2_2": "F15",
    "MS2_3": "F15",
    "MS2_4": "F13",
    "MS2_5": "F7",
    "MS2_6": "F7",
    "MS2_7": "F4",
    "MS2_8": "F4",
    "MS2_9": "F7",
    "MS2_10": "F7",
    "MS3_1": "F10",
    "MS3_2": "F10",
    "MS3_3": "F7",
    "MS3_4": "F7",
    "MS3_5": "F7",
    "MS3_6": "F2",
    "MS3_7": "F2",
    "MS3_8": "F1",
    "MS3_9": "F1",
    "MS3_10": "F9",
    "MS4_1": "F2",
    "MS4_2": "F2",
    "MS4_3": "F2",
    "MS4_4": "F5",
    "MS4_5": "F14",
    "MS4_6": "F14",
    "MS4_7": "F3",
    "MS4_8": "F3",
    "MS4_9": "F7",
    "MS4_10": "F8"
  },
  "sensor": {
    "S1": "F5",
    "S2": "F6",
    "S3": "F10",
    "S4": "F2"
  },
  "fog": {
    "F1": {
      "rho": 0.657761329335807,
      "capacity": 1.0,
      "tserv": 1.46169184296846,
      "stddev": 1.5511892745710538,
      "mu": 0.6841387292475831,
      "cv": 1.061228659127521,
      "lambda": 0.45,
      "twait": 2.986554734212041
    },
    "F2": {
      "rho": 0.5741440333072577,
      "capacity": 1.0,
      "tserv": 0.5103502518286736,
      "stddev": 0.7000229268501452,
      "mu": 1.9594386334028961,
      "cv": 1.3716519671379441,
      "lambda": 1.125,
      "twait": 0.9912983830208744
    },
    "F3": {
      "rho": 0.566240376336586,
      "capacity": 1.0,
      "tserv": 0.6291559737073177,
      "stddev": 0.8896052621209825,
      "mu": 1.5894309865763085,
      "cv": 1.4139661694364287,
      "lambda": 0.9,
      "twait": 1.231685969819066
    },
    "F4": {
      "rho": 0.5483507275898465,
      "capacity": 1.0,
      "tserv": 1.218557172421881,
      "stddev": 1.293665298486651,
      "mu": 0.8206426605429609,
      "cv": 1.0616369324021888,
      "lambda": 0.45,
      "twait": 1.5734589381176896
    },
    "F5": {
      "rho": 0.6336352909447267,
      "capacity": 1.0,
      "tserv": 1.408078424321615,
      "stddev": 1.4170544286450097,
      "mu": 0.7101877159163068,
      "cv": 1.0063746480084867,
      "lambda": 0.45,
      "twait": 2.4508742270549577
    },
    "F6": {
      "rho": 0.7555676777106828,
      "capacity": 1.0,
      "tserv": 3.3580785676030347,
      "stddev": 3.3580785676030347,
      "mu": 0.2977893399062997,
      "cv": 1.0,
      "lambda": 0.225,
      "twait": 10.380196862388235
    },
    "F7": {
      "rho": 0.597663275483431,
      "capacity": 1.0,
      "tserv": 0.3320351530463505,
      "stddev": 0.4192937282413946,
      "mu": 3.011729302831995,
      "cv": 1.2627992078382835,
      "lambda": 1.8000000000000003,
      "twait": 0.6398847044607072
    },
    "F8": {
      "rho": 0.6104671094342777,
      "capacity": 1.0,
      "tserv": 2.7131871530412344,
      "stddev": 2.713187153041234,
      "mu": 0.3685702251977316,
      "cv": 0.9999999999999999,
      "lambda": 0.225,
      "twait": 4.2520453568524665
    },
    "F9": {
      "rho": 0.6062849739185489,
      "capacity": 1.0,
      "tserv": 2.6945998840824394,
      "stddev": 2.6945998840824394,
      "mu": 0.3711126115261889,
      "cv": 1.0,
      "lambda": 0.225,
      "twait": 4.1494362983846855
    },
    "F10": {
      "rho": 0.5319846552896949,
      "capacity": 1.0,
      "tserv": 1.1821881228659885,
      "stddev": 1.4676484919643848,
      "mu": 0.8458890600048423,
      "cv": 1.2414678032852777,
      "lambda": 0.45,
      "twait": 1.7074251969282102
    },
    "F11": {
      "rho": 0.6955722115377385,
      "capacity": 1.0,
      "tserv": 1.5457160256394187,
      "stddev": 1.5681585146110482,
      "mu": 0.6469493641863022,
      "cv": 1.0145191539709537,
      "lambda": 0.45,
      "twait": 3.5833811895263383
    },
    "F12": {
      "rho": 0.602861137885185,
      "capacity": 1.0,
      "tserv": 2.6793828350452666,
      "stddev": 2.6793828350452666,
      "mu": 0.3732202755501737,
      "cv": 1.0,
      "lambda": 0.225,
      "twait": 4.067332459391577
    },
    "F13": {
      "rho": 0.4672607845044581,
      "capacity": 1.0,
      "tserv": 2.076714597797592,
      "stddev": 2.076714597797592,
      "mu": 0.4815298168850574,
      "cv": 1.0,
      "lambda": 0.225,
      "twait": 1.8214677349332156
    },
    "F14": {
      "rho": 0.6345751900492936,
      "capacity": 1.0,
      "tserv": 1.4101670889984304,
      "stddev": 1.495178082330111,
      "mu": 0.7091358235499943,
      "cv": 1.0602843407670646,
      "lambda": 0.45,
      "twait": 2.600887885533838
    },
    "F15": {
      "rho": 0.5176312266724656,
      "capacity": 1.0,
      "tserv": 0.38343053827590046,
      "stddev": 0.47911132259516287,
      "mu": 2.608034311759597,
      "cv": 1.249538768480706,
      "lambda": 1.35,
      "twait": 0.5269463823363504
    }
  },
  "extra": {
    "deltatime": 5.1509052,
    "conv": 8,
    "obj_func": 32.23086696226346
  },
  "network": [
    [
      0.0,
      1.2438161869157982,
      0.7404436231704581,
      1.003811353657944,
      1.2446637069558573,
      1.2623269266875234,
      1.223704514446841,
      0.758424310806315,
      0.6553299684768603,
      0.8948524957415337,
      1.1401644039891834,
      0.551482331878176,
      0.8783649286721934,
      1.372921277409209,
      1.372921277409209
    ],
    [
      1.2438161869157982,
      0.0,
      0.8679374002724816,
      1.0479498032095933,
      1.15900713003958,
      0.8831643290246756,
      1.051615901201346,
      1.0754215217334606,
      1.1017445778005925,
      1.1092111240962108,
      1.2871561682506383,
      1.1776132179031296,
      1.372921277409209,
      1.3820765917094036,
      1.3820765917094036
    ],
    [
      0.7404436231704581,
      0.8679374002724816,
      0.0,
      0.863331132333142,
      0.8164175289199163,
      0.9166769593015874,
      0.9427315332564451,
      1.0570168966420799,
      0.8925617807320069,
      0.9353084607069826,
      0.8718599302909747,
      0.8783649286721934,
      1.3820765917094036,
      0.9645501571501274,
      0.9645501571501274
    ],
    [
      1.003811353657944,
      1.0479498032095933,
      0.863331132333142,
      0.0,
      0.7578451133007069,
      1.2777743994330513,
      0.8319132462616154,
      1.213586551316485,
      0.7745504689807551,
      0.7385617088386237,
      0.551482331878176,
      1.372921277409209,
      0.9645501571501274,
      0.8985976457592444,
      0.8985976457592444
    ],
    [
      1.2446637069558573,
      1.15900713003958,
      0.8164175289199163,
      0.7578451133007069,
      0.0,
      0.9437795429042642,
      0.8804123444634854,
      1.0311895471005863,
      1.1854869649569706,
      1.1401644039891834,
      1.1776132179031296,
      1.3820765917094036,
      0.8985976457592444,
      0.9056094780290499,
      0.9056094780290499
    ],
    [
      1.2623269266875234,
      0.8831643290246756,
      0.9166769593015874,
      1.2777743994330513,
      0.9437795429042642,
      0.0,
      0.8915120965759418,
      0.7046017388981562,
      0.8948524957415337,
      1.2871561682506383,
      0.8783649286721934,
      0.9645501571501274,
      0.9056094780290499,
      0.7818857183611085,
      0.7818857183611085
    ],
    [
      1.223704514446841,
      1.051615901201346,
      0.9427315332564451,
      0.8319132462616154,
      0.8804123444634854,
      0.8915120965759418,
      0.0,
      0.6553299684768603,
      1.1092111240962108,
      0.8718599302909747,
      1.372921277409209,
      0.8985976457592444,
      0.7818857183611085,
      0.9841931568240736,
      0.9841931568240736
    ],
    [
      0.758424310806315,
      1.0754215217334606,
      1.0570168966420799,
      1.213586551316485,
      1.0311895471005863,
      0.7046017388981562,
      0.6553299684768603,
      0.0,
      0.9353084607069826,
      0.551482331878176,
      1.3820765917094036,
      0.9056094780290499,
      0.9841931568240736,
      1.0593591460793812,
      1.0593591460793812
    ],
    [
      0.6553299684768603,
      1.1017445778005925,
      0.8925617807320069,
      0.7745504689807551,
      1.1854869649569706,
      0.8948524957415337,
      1.1092111240962108,
      0.9353084607069826,
      0.0,
      1.1776132179031296,
      0.9645501571501274,
      0.7818857183611085,
      1.0593591460793812,
      1.274636066074985,
      1.274636066074985
    ],
    [
      0.8948524957415337,
      1.1092111240962108,
      0.9353084607069826,
      0.7385617088386237,
      1.1401644039891834,
      1.2871561682506383,
      0.8718599302909747,
      0.551482331878176,
      1.1776132179031296,
      0.0,
      0.8985976457592444,
      0.9841931568240736,
      1.274636066074985,
      0.9614755632580431,
      0.9614755632580431
    ],
    [
      1.1401644039891834,
      1.2871561682506383,
      0.8718599302909747,
      0.551482331878176,
      1.1776132179031296,
      0.8783649286721934,
      1.372921277409209,
      1.3820765917094036,
      0.9645501571501274,
      0.8985976457592444,
      0.0,
      1.0593591460793812,
      0.9614755632580431,
      1.0256160735567992,
      1.0256160735567992
    ],
    [
      0.551482331878176,
      1.1776132179031296,
      0.8783649286721934,
      1.372921277409209,
      1.3820765917094036,
      0.9645501571501274,
      0.8985976457592444,
      0.9056094780290499,
      0.7818857183611085,
      0.9841931568240736,
      1.0593591460793812,
      0.0,
      1.0256160735567992,
      0.9093552052603217,
      0.9093552052603217
    ],
    [
      0.8783649286721934,
      1.372921277409209,
      1.3820765917094036,
      0.9645501571501274,
      0.8985976457592444,
      0.9056094780290499,
      0.7818857183611085,
      0.9841931568240736,
      1.0593591460793812,
      1.274636066074985,
      0.9614755632580431,
      1.0256160735567992,
      0.0,
      1.0411953449381115,
      1.0411953449381115
    ],
    [
      1.372921277409209,
      1.3820765917094036,
      0.9645501571501274,
      0.8985976457592444,
      0.9056094780290499,
      0.7818857183611085,
      0.9841931568240736,
      1.0593591460793812,
      1.274636066074985,
      0.9614755632580431,
      1.0256160735567992,
      0.9093552052603217,
      1.0411953449381115,
      0.0,
      1.1262511803363207
    ],
    [
      1.372921277409209,
      1.3820765917094036,
      0.9645501571501274,
      0.8985976457592444,
      0.9056094780290499,
      0.7818857183611085,
      0.9841931568240736,
      1.0593591460793812,
      1.274636066074985,
      0.9614755632580431,
      1.0256160735567992,
      0.9093552052603217,
      1.0411953449381115,
      1.1262511803363207,
      0.0
    ]
  ]
}