{
  "servicechain": {
    "SC1": {
      "resptime": 6916.913453502381,
      "resptime_old": 6906.913453502381,
      "waittime": 6903.205626751236,
      "servicetime": 10.0,
      "networktime": 3.707826751145224,
      "services": {
        "MS1_1": {
          "meanserv": 0.5592512348348866,
          "stddevserv": 0.5592512348348866,
          "rate": 1.7881051264826267,
          "cv": 1.0,
          "lambda": 0.15
        },
        "MS1_2": {
          "meanserv": 0.16431136274881575,
          "stddevserv": 0.16431136274881575,
          "rate": 6.086006367853628,
          "cv": 1.0,
          "lambda": 0.15
        },
        "MS1_3": {
          "meanserv": 1.725652104903912,
          "stddevserv": 1.725652104903912,
          "rate": 0.5794910788554812,
          "cv": 1.0,
          "lambda": 0.15
        },
        "MS1_4": {
          "meanserv": 6.785529226675509,
          "stddevserv": 6.785529226675509,
          "rate": 0.1473724401729441,
          "cv": 1.0,
          "lambda": 0.15
        },
        "MS1_5": {
          "meanserv": 0.7652560708368767,
          "stddevserv": 0.7652560708368767,
          "rate": 1.3067521292662332,
          "cv": 1.0,
          "lambda": 0.15
        }
      },
      "sensors": [
        "S1"
      ],
      "sources": [
        {
          "startTime": 0,
          "stopTime": -1,
          "lambda": 0.15
        }
      ]
    },
    "SC2": {
      "resptime": 29.2232787319573,
      "resptime_old": 19.2232787319573,
      "waittime": 14.361995293019637,
      "servicetime": 10.0,
      "networktime": 4.8612834389376625,
      "services": {
        "MS2_1": {
          "meanserv": 4.1803072305906745,
          "stddevserv": 4.1803072305906745,
          "rate": 0.23921686728721628,
          "cv": 1.0,
          "lambda": 0.15
        },
        "MS2_2": {
          "meanserv": 0.5813169201271746,
          "stddevserv": 0.5813169201271746,
          "rate": 1.7202320547993513,
          "cv": 1.0,
          "lambda": 0.15
        },
        "MS2_3": {
          "meanserv": 3.7897048719982047,
          "stddevserv": 3.7897048719982047,
          "rate": 0.2638727905671262,
          "cv": 1.0,
          "lambda": 0.15
        },
        "MS2_4": {
          "meanserv": 0.36729691407888865,
          "stddevserv": 0.36729691407888865,
          "rate": 2.7225929804169775,
          "cv": 1.0,
          "lambda": 0.15
        },
        "MS2_5": {
          "meanserv": 1.0813740632050575,
          "stddevserv": 1.0813740632050575,
          "rate": 0.924749385088935,
          "cv": 1.0,
          "lambda": 0.15
        }
      },
      "sensors": [
        "S2"
      ],
      "sources": [
        {
          "startTime": 0,
          "stopTime": -1,
          "lambda": 0.15
        }
      ]
    },
    "SC3": {
      "resptime": 46.248714611307086,
      "resptime_old": 36.24871461130708,
      "waittime": 32.59608905310452,
      "servicetime": 10.0,
      "networktime": 3.652625558202563,
      "services": {
        "MS3_1": {
          "meanserv": 2.1576951930957486,
          "stddevserv": 2.1576951930957486,
          "rate": 0.4634574907520891,
          "cv": 1.0,
          "lambda": 0.15
        },
        "MS3_2": {
          "meanserv": 0.7588197696228987,
          "stddevserv": 0.7588197696228987,
          "rate": 1.3178359869260625,
          "cv": 1.0,
          "lambda": 0.15
        },
        "MS3_3": {
          "meanserv": 5.57497240721756,
          "stddevserv": 5.57497240721756,
          "rate": 0.1793730850946211,
          "cv": 1.0,
          "lambda": 0.15
        },
        "MS3_4": {
          "meanserv": 0.8891527958217633,
          "stddevserv": 0.8891527958217633,
          "rate": 1.1246660919238192,
          "cv": 1.0,
          "lambda": 0.15
        },
        "MS3_5": {
          "meanserv": 0.6193598342420295,
          "stddevserv": 0.6193598342420295,
          "rate": 1.6145703106882878,
          "cv": 1.0,
          "lambda": 0.15
        }
      },
      "sensors": [
        "S3"
      ],
      "sources": [
        {
          "startTime": 0,
          "stopTime": -1,
          "lambda": 0.15
        }
      ]
    },
    "SC4": {
      "resptime": 33.573326877488455,
      "resptime_old": 23.573326877488455,
      "waittime": 17.315313431867615,
      "servicetime": 10.0,
      "networktime": 6.25801344562084,
      "services": {
        "MS4_1": {
          "meanserv": 0.9438131203977651,
          "stddevserv": 0.9438131203977651,
          "rate": 1.0595317848289239,
          "cv": 1.0,
          "lambda": 0.15
        },
        "MS4_2": {
          "meanserv": 3.0011716579923986,
          "stddevserv": 3.0011716579923986,
          "rate": 0.33320319993590075,
          "cv": 1.0,
          "lambda": 0.15
        },
        "MS4_3": {
          "meanserv": 4.8623162099248445,
          "stddevserv": 4.8623162099248445,
          "rate": 0.20566330053952964,
          "cv": 1.0,
          "lambda": 0.15
        },
        "MS4_4": {
          "meanserv": 0.6831830620752815,
          "stddevserv": 0.6831830620752815,
          "rate": 1.4637365232128776,
          "cv": 1.0,
          "lambda": 0.15
        },
        "MS4_5": {
          "meanserv": 0.5095159496097104,
          "stddevserv": 0.5095159496097104,
          "rate": 1.962647098223325,
          "cv": 1.0,
          "lambda": 0.15
        }
      },
      "sensors": [
        "S4"
      ],
      "sources": [
        {
          "startTime": 0,
          "stopTime": -1,
          "lambda": 0.15
        }
      ]
    }
  },
  "microservice": {
    "MS1_1": "F2",
    "MS1_2": "F2",
    "MS1_3": "F2",
    "MS1_4": "F1",
    "MS1_5": "F7",
    "MS2_1": "F10",
    "MS2_2": "F2",
    "MS2_3": "F9",
    "MS2_4": "F5",
    "MS2_5": "F5",
    "MS3_1": "F3",
    "MS3_2": "F3",
    "MS3_3": "F8",
    "MS3_4": "F5",
    "MS3_5": "F5",
    "MS4_1": "F7",
    "MS4_2": "F6",
    "MS4_3": "F4",
    "MS4_4": "F7",
    "MS4_5": "F7"
  },
  "sensor": {
    "S1": "F2",
    "S2": "F10",
    "S3": "F3",
    "S4": "F7"
  },
  "fog": {
    "F1": {
      "rho": 1.0178293840013264,
      "capacity": 1.0,
      "tserv": 6.78552922667551,
      "stddev": 6.785529226675508,
      "mu": 0.14737244017294407,
      "cv": 0.9999999999999998,
      "lambda": 0.15,
      "twait": 6899.604521877214
    },
    "F2": {
      "rho": 0.45457974339221835,
      "capacity": 1.0,
      "tserv": 0.7576329056536972,
      "stddev": 1.1197208305911872,
      "mu": 1.3199004326999033,
      "cv": 1.4779200088004032,
      "lambda": 0.6,
      "twait": 1.0053434957972944
    },
    "F3": {
      "rho": 0.43747724440779706,
      "capacity": 1.0,
      "tserv": 1.4582574813593236,
      "stddev": 1.762084307613745,
      "mu": 0.6857499534772445,
      "cv": 1.2083492319691083,
      "lambda": 0.3,
      "twait": 1.3949984966132347
    },
    "F4": {
      "rho": 0.7293474314887267,
      "capacity": 1.0,
      "tserv": 4.8623162099248445,
      "stddev": 4.8623162099248445,
      "mu": 0.20566330053952964,
      "cv": 1.0,
      "lambda": 0.15,
      "twait": 13.102841987797259
    },
    "F5": {
      "rho": 0.4435775411021609,
      "capacity": 1.0,
      "tserv": 0.7392959018369348,
      "stddev": 0.832273790680894,
      "mu": 1.3526383651191511,
      "cv": 1.125765459558123,
      "lambda": 0.6,
      "twait": 0.6681459779221957
    },
    "F6": {
      "rho": 0.4501757486988598,
      "capacity": 1.0,
      "tserv": 3.0011716579923986,
      "stddev": 3.0011716579923986,
      "mu": 0.33320319993590075,
      "cv": 1.0,
      "lambda": 0.15,
      "twait": 2.4572482841804484
    },
    "F7": {
      "rho": 0.4352652304379451,
      "capacity": 1.0,
      "tserv": 0.7254420507299085,
      "stddev": 0.7583578711487319,
      "mu": 1.3784698570945026,
      "cv": 1.0453734662688838,
      "lambda": 0.6,
      "twait": 0.585074386629968
    },
    "F8": {
      "rho": 0.8362458610826339,
      "capacity": 1.0,
      "tserv": 5.57497240721756,
      "stddev": 5.574972407217559,
      "mu": 0.1793730850946211,
      "cv": 0.9999999999999999,
      "lambda": 0.15,
      "twait": 28.46980010403366
    },
    "F9": {
      "rho": 0.5684557307997307,
      "capacity": 1.0,
      "tserv": 3.7897048719982047,
      "stddev": 3.7897048719982047,
      "mu": 0.2638727905671262,
      "cv": 1.0,
      "lambda": 0.15,
      "twait": 4.992024240107078
    },
    "F10": {
      "rho": 0.6270460845886011,
      "capacity": 1.0,
      "tserv": 4.1803072305906745,
      "stddev": 4.1803072305906745,
      "mu": 0.23921686728721628,
      "cv": 1.0,
      "lambda": 0.15,
      "twait": 7.028335601270874
    }
  },
  "extra": {
    "conv_gen": 4,
    "max_gen": 600,
    "population": 600,
    "deltatime": 38.3906061,
    "obj_func": 1756.4896934307835
  },
  "network": [
    [
      0.0,
      1.6716463286602676,
      2.153702499361123,
      1.6421218110246758,
      1.7857954790468253,
      2.1505014355301277,
      2.0361804224849567,
      1.2618649039519463,
      2.114429540555131,
      2.114429540555131
    ],
    [
      1.6716463286602676,
      0.0,
      2.00471035468268,
      1.7910946728831203,
      1.7399288227589154,
      1.8839172938181925,
      2.2937708044526333,
      2.114429540555131,
      1.6112305865150114,
      1.6112305865150114
    ],
    [
      2.153702499361123,
      2.00471035468268,
      0.0,
      1.9262457328095917,
      1.703377164399692,
      2.1845249044155155,
      1.2618649039519463,
      1.6112305865150114,
      2.107403482580752,
      2.107403482580752
    ],
    [
      1.6421218110246758,
      1.7910946728831203,
      1.9262457328095917,
      0.0,
      1.6057003292763723,
      2.0361804224849567,
      2.114429540555131,
      2.107403482580752,
      2.0413949716875517,
      2.0413949716875517
    ],
    [
      1.7857954790468253,
      1.7399288227589154,
      1.703377164399692,
      1.6057003292763723,
      0.0,
      2.2937708044526333,
      1.6112305865150114,
      2.0413949716875517,
      1.63882226590764,
      1.63882226590764
    ],
    [
      2.1505014355301277,
      1.8839172938181925,
      2.1845249044155155,
      2.0361804224849567,
      2.2937708044526333,
      0.0,
      2.107403482580752,
      1.63882226590764,
      2.496303150233828,
      2.496303150233828
    ],
    [
      2.0361804224849567,
      2.2937708044526333,
      1.2618649039519463,
      2.114429540555131,
      1.6112305865150114,
      2.107403482580752,
      0.0,
      2.496303150233828,
      2.1670291333555496,
      2.1670291333555496
    ],
    [
      1.2618649039519463,
      2.114429540555131,
      1.6112305865150114,
      2.107403482580752,
      2.0413949716875517,
      1.63882226590764,
      2.496303150233828,
      0.0,
      1.6198570678853315,
      1.6198570678853315
    ],
    [
      2.114429540555131,
      1.6112305865150114,
      2.107403482580752,
      2.0413949716875517,
      1.63882226590764,
      2.496303150233828,
      2.1670291333555496,
      1.6198570678853315,
      0.0,
      2.4278682713251785
    ],
    [
      2.114429540555131,
      1.6112305865150114,
      2.107403482580752,
      2.0413949716875517,
      1.63882226590764,
      2.496303150233828,
      2.1670291333555496,
      1.6198570678853315,
      2.4278682713251785,
      0.0
    ]
  ]
}