{
  "servicechain": {
    "SC1": {
      "resptime": 32.75604842301518,
      "resptime_old": 22.75604842301518,
      "waittime": 19.5587652187987,
      "servicetime": 10.0,
      "networktime": 3.1972832042164807,
      "services": {
        "MS1_1": {
          "meanserv": 0.49951086622308183,
          "stddevserv": 0.49951086622308183,
          "rate": 2.0019584509967387,
          "cv": 1.0,
          "lambda": 0.15
        },
        "MS1_2": {
          "meanserv": 0.3916843294098249,
          "stddevserv": 0.3916843294098249,
          "rate": 2.5530763548972257,
          "cv": 1.0,
          "lambda": 0.15
        },
        "MS1_3": {
          "meanserv": 1.3911745586119306,
          "stddevserv": 1.3911745586119306,
          "rate": 0.7188170555661741,
          "cv": 1.0,
          "lambda": 0.15
        },
        "MS1_4": {
          "meanserv": 0.48286334831344924,
          "stddevserv": 0.48286334831344924,
          "rate": 2.0709793018931997,
          "cv": 1.0,
          "lambda": 0.15
        },
        "MS1_5": {
          "meanserv": 0.0879571869485285,
          "stddevserv": 0.0879571869485285,
          "rate": 11.36916759951848,
          "cv": 1.0,
          "lambda": 0.15
        },
        "MS1_6": {
          "meanserv": 2.852801571529976,
          "stddevserv": 2.852801571529976,
          "rate": 0.3505326167721134,
          "cv": 1.0,
          "lambda": 0.15
        },
        "MS1_7": {
          "meanserv": 0.993511258914598,
          "stddevserv": 0.993511258914598,
          "rate": 1.006531119830983,
          "cv": 1.0,
          "lambda": 0.15
        },
        "MS1_8": {
          "meanserv": 3.2875948580377337,
          "stddevserv": 3.2875948580377337,
          "rate": 0.30417373282937604,
          "cv": 1.0,
          "lambda": 0.15
        },
        "MS1_9": {
          "meanserv": 0.01290202201087709,
          "stddevserv": 0.01290202201087709,
          "rate": 77.50723097177689,
          "cv": 1.0,
          "lambda": 0.15
        }
      },
      "sensors": [
        "S1"
      ],
      "sources": [
        {
          "startTime": 0,
          "stopTime": -1,
          "lambda": 0.15
        }
      ]
    },
    "SC2": {
      "resptime": 34.43007960279604,
      "resptime_old": 24.430079602796045,
      "waittime": 20.65449570486034,
      "servicetime": 10.0,
      "networktime": 3.7755838979357024,
      "services": {
        "MS2_1": {
          "meanserv": 1.9597230373534036,
          "stddevserv": 1.9597230373534036,
          "rate": 0.5102761874711108,
          "cv": 1.0,
          "lambda": 0.15
        },
        "MS2_2": {
          "meanserv": 2.00906960119549,
          "stddevserv": 2.00906960119549,
          "rate": 0.4977428354920872,
          "cv": 1.0,
          "lambda": 0.15
        },
        "MS2_3": {
          "meanserv": 0.6120912142665693,
          "stddevserv": 0.6120912142665693,
          "rate": 1.6337434302144618,
          "cv": 1.0,
          "lambda": 0.15
        },
        "MS2_4": {
          "meanserv": 1.3057144299540635,
          "stddevserv": 1.3057144299540635,
          "rate": 0.7658642480003696,
          "cv": 1.0,
          "lambda": 0.15
        },
        "MS2_5": {
          "meanserv": 0.2458230302009854,
          "stddevserv": 0.2458230302009854,
          "rate": 4.067967102929282,
          "cv": 1.0,
          "lambda": 0.15
        },
        "MS2_6": {
          "meanserv": 0.6310413705402445,
          "stddevserv": 0.6310413705402445,
          "rate": 1.584682156645109,
          "cv": 1.0,
          "lambda": 0.15
        },
        "MS2_7": {
          "meanserv": 0.48176820843713664,
          "stddevserv": 0.48176820843713664,
          "rate": 2.0756869849175295,
          "cv": 1.0,
          "lambda": 0.15
        },
        "MS2_8": {
          "meanserv": 0.28064474791232463,
          "stddevserv": 0.28064474791232463,
          "rate": 3.563223639276538,
          "cv": 1.0,
          "lambda": 0.15
        },
        "MS2_9": {
          "meanserv": 2.4741243601397827,
          "stddevserv": 2.4741243601397827,
          "rate": 0.404183401655486,
          "cv": 1.0,
          "lambda": 0.15
        }
      },
      "sensors": [
        "S2"
      ],
      "sources": [
        {
          "startTime": 0,
          "stopTime": -1,
          "lambda": 0.15
        }
      ]
    },
    "SC3": {
      "resptime": 36.39524454369732,
      "resptime_old": 26.395244543697324,
      "waittime": 20.889797054547632,
      "servicetime": 10.0,
      "networktime": 5.505447489149691,
      "services": {
        "MS3_1": {
          "meanserv": 0.7698810658531352,
          "stddevserv": 0.7698810658531352,
          "rate": 1.2989019270033106,
          "cv": 1.0,
          "lambda": 0.15
        },
        "MS3_2": {
          "meanserv": 0.6461227682200099,
          "stddevserv": 0.6461227682200099,
          "rate": 1.5476934867268013,
          "cv": 1.0,
          "lambda": 0.15
        },
        "MS3_3": {
          "meanserv": 0.5260496882061616,
          "stddevserv": 0.5260496882061616,
          "rate": 1.9009611115064378,
          "cv": 1.0,
          "lambda": 0.15
        },
        "MS3_4": {
          "meanserv": 1.6578639985521904,
          "stddevserv": 1.6578639985521904,
          "rate": 0.60318578657435,
          "cv": 1.0,
          "lambda": 0.15
        },
        "MS3_5": {
          "meanserv": 1.0694098734551392,
          "stddevserv": 1.0694098734551392,
          "rate": 0.935095163063266,
          "cv": 1.0,
          "lambda": 0.15
        },
        "MS3_6": {
          "meanserv": 0.7317089603878673,
          "stddevserv": 0.7317089603878673,
          "rate": 1.366663597326888,
          "cv": 1.0,
          "lambda": 0.15
        },
        "MS3_7": {
          "meanserv": 1.4012216129218844,
          "stddevserv": 1.4012216129218844,
          "rate": 0.713662985767654,
          "cv": 1.0,
          "lambda": 0.15
        },
        "MS3_8": {
          "meanserv": 2.497028164722577,
          "stddevserv": 2.497028164722577,
          "rate": 0.4004760595526167,
          "cv": 1.0,
          "lambda": 0.15
        },
        "MS3_9": {
          "meanserv": 0.7007138676810349,
          "stddevserv": 0.7007138676810349,
          "rate": 1.427116039974251,
          "cv": 1.0,
          "lambda": 0.15
        }
      },
      "sensors": [
        "S3"
      ],
      "sources": [
        {
          "startTime": 0,
          "stopTime": -1,
          "lambda": 0.15
        }
      ]
    },
    "SC4": {
      "resptime": 30.15741644775612,
      "resptime_old": 20.15741644775612,
      "waittime": 15.230452345698739,
      "servicetime": 10.0,
      "networktime": 4.926964102057385,
      "services": {
        "MS4_1": {
          "meanserv": 0.07823054967541654,
          "stddevserv": 0.07823054967541654,
          "rate": 12.782730073469542,
          "cv": 1.0,
          "lambda": 0.15
        },
        "MS4_2": {
          "meanserv": 1.1382484927210457,
          "stddevserv": 1.1382484927210457,
          "rate": 0.8785427842820551,
          "cv": 1.0,
          "lambda": 0.15
        },
        "MS4_3": {
          "meanserv": 0.24218929983875426,
          "stddevserv": 0.24218929983875426,
          "rate": 4.12900157300832,
          "cv": 1.0,
          "lambda": 0.15
        },
        "MS4_4": {
          "meanserv": 0.34656980042411134,
          "stddevserv": 0.34656980042411134,
          "rate": 2.885421634476691,
          "cv": 1.0,
          "lambda": 0.15
        },
        "MS4_5": {
          "meanserv": 0.8222513266568654,
          "stddevserv": 0.8222513266568654,
          "rate": 1.2161731669875566,
          "cv": 1.0,
          "lambda": 0.15
        },
        "MS4_6": {
          "meanserv": 0.6282077509471153,
          "stddevserv": 0.6282077509471153,
          "rate": 1.5918300888398038,
          "cv": 1.0,
          "lambda": 0.15
        },
        "MS4_7": {
          "meanserv": 2.762183833481152,
          "stddevserv": 2.762183833481152,
          "rate": 0.3620323846221742,
          "cv": 1.0,
          "lambda": 0.15
        },
        "MS4_8": {
          "meanserv": 2.2049128414882713,
          "stddevserv": 2.2049128414882713,
          "rate": 0.4535326663184656,
          "cv": 1.0,
          "lambda": 0.15
        },
        "MS4_9": {
          "meanserv": 1.7772061047672683,
          "stddevserv": 1.7772061047672683,
          "rate": 0.5626809390973557,
          "cv": 1.0,
          "lambda": 0.15
        }
      },
      "sensors": [
        "S4"
      ],
      "sources": [
        {
          "startTime": 0,
          "stopTime": -1,
          "lambda": 0.15
        }
      ]
    }
  },
  "microservice": {
    "MS1_1": "F4",
    "MS1_2": "F4",
    "MS1_3": "F4",
    "MS1_4": "F10",
    "MS1_5": "F10",
    "MS1_6": "F6",
    "MS1_7": "F1",
    "MS1_8": "F1",
    "MS1_9": "F4",
    "MS2_1": "F7",
    "MS2_2": "F8",
    "MS2_3": "F9",
    "MS2_4": "F9",
    "MS2_5": "F4",
    "MS2_6": "F4",
    "MS2_7": "F4",
    "MS2_8": "F4",
    "MS2_9": "F5",
    "MS3_1": "F10",
    "MS3_2": "F10",
    "MS3_3": "F10",
    "MS3_4": "F5",
    "MS3_5": "F6",
    "MS3_6": "F8",
    "MS3_7": "F8",
    "MS3_8": "F7",
    "MS3_9": "F2",
    "MS4_1": "F2",
    "MS4_2": "F2",
    "MS4_3": "F10",
    "MS4_4": "F10",
    "MS4_5": "F10",
    "MS4_6": "F3",
    "MS4_7": "F3",
    "MS4_8": "F9",
    "MS4_9": "F2"
  },
  "sensor": {
    "S1": "F4",
    "S2": "F7",
    "S3": "F10",
    "S4": "F2"
  },
  "fog": {
    "F1": {
      "rho": 0.6421659175428497,
      "capacity": 1.0,
      "tserv": 2.140553058476166,
      "stddev": 2.685773105836483,
      "mu": 0.4671689851555878,
      "cv": 1.2547098962118008,
      "lambda": 0.3,
      "twait": 4.944475030658382
    },
    "F2": {
      "rho": 0.5541598522267148,
      "capacity": 1.0,
      "tserv": 0.9235997537111914,
      "stddev": 1.2737970998467663,
      "mu": 1.0827200808378505,
      "cv": 1.3791656989171104,
      "lambda": 0.6,
      "twait": 1.6657958479048471
    },
    "F3": {
      "rho": 0.5085587376642401,
      "capacity": 1.0,
      "tserv": 1.6951957922141336,
      "stddev": 2.269496802014526,
      "mu": 0.5899023608912322,
      "cv": 1.3387815215434702,
      "lambda": 0.3,
      "twait": 2.449215742535374
    },
    "F4": {
      "rho": 0.5901823700019608,
      "capacity": 1.0,
      "tserv": 0.4918186416683007,
      "stddev": 0.7315091905802384,
      "mu": 2.0332698179310458,
      "cv": 1.4873555587459681,
      "lambda": 1.2,
      "twait": 1.1375663934216675
    },
    "F5": {
      "rho": 0.6197982538037959,
      "capacity": 1.0,
      "tserv": 2.0659941793459864,
      "stddev": 2.145104295376113,
      "mu": 0.484028469197605,
      "cv": 1.038291548360107,
      "lambda": 0.3,
      "twait": 3.499380714004635
    },
    "F6": {
      "rho": 0.5883317167477673,
      "capacity": 1.0,
      "tserv": 1.9611057224925577,
      "stddev": 2.331561414411849,
      "mu": 0.5099164152807651,
      "cv": 1.1889014384438406,
      "lambda": 0.3,
      "twait": 3.3821336236923574
    },
    "F7": {
      "rho": 0.6685126803113971,
      "capacity": 1.0,
      "tserv": 2.2283756010379903,
      "stddev": 2.2605322867081608,
      "mu": 0.4487573816255187,
      "cv": 1.0144305500631006,
      "lambda": 0.3,
      "twait": 4.559298398510296
    },
    "F8": {
      "rho": 0.6213000261757863,
      "capacity": 1.0,
      "tserv": 1.3806667248350808,
      "stddev": 1.5654221509609612,
      "mu": 0.7242877531646523,
      "cv": 1.1338160924736918,
      "lambda": 0.44999999999999996,
      "twait": 2.5885322651405684
    },
    "F9": {
      "rho": 0.6184077728563356,
      "capacity": 1.0,
      "tserv": 1.3742394952363015,
      "stddev": 1.6549693210311553,
      "mu": 0.7276752003318383,
      "cv": 1.2042801322243923,
      "lambda": 0.44999999999999996,
      "twait": 2.7285093767590847
    },
    "F10": {
      "rho": 0.5885826726691523,
      "capacity": 1.0,
      "tserv": 0.49048556055762693,
      "stddev": 0.5958968930869822,
      "mu": 2.0387960021965017,
      "cv": 1.2149122033470556,
      "lambda": 1.2,
      "twait": 0.8687079800514543
    }
  },
  "extra": {
    "conv_gen": 525,
    "max_gen": 600,
    "population": 600,
    "deltatime": 57.1360675,
    "obj_func": 33.43469725431616
  },
  "network": [
    [
      0.0,
      1.5020441716481108,
      1.098653713923475,
      1.0977547841849045,
      1.1533602128539744,
      0.40508808979389443,
      0.960542714210389,
      1.2930874203309464,
      1.4616657270051348,
      1.4616657270051348
    ],
    [
      1.5020441716481108,
      0.0,
      1.1423844327736956,
      1.28417801661317,
      0.8537617022243535,
      1.2310651104012853,
      1.3672337810340922,
      1.4616657270051348,
      1.5290532142077051,
      1.5290532142077051
    ],
    [
      1.098653713923475,
      1.1423844327736956,
      0.0,
      0.8901914800011693,
      1.2032234957926906,
      1.0228433448142131,
      1.2930874203309464,
      1.5290532142077051,
      0.934428836820987,
      0.934428836820987
    ],
    [
      1.0977547841849045,
      1.28417801661317,
      0.8901914800011693,
      0.0,
      1.0044707469084853,
      0.960542714210389,
      1.4616657270051348,
      0.934428836820987,
      0.8757280743927238,
      0.8757280743927238
    ],
    [
      1.1533602128539744,
      0.8537617022243535,
      1.2032234957926906,
      1.0044707469084853,
      0.0,
      1.3672337810340922,
      1.5290532142077051,
      0.8757280743927238,
      0.9761338356182745,
      0.9761338356182745
    ],
    [
      0.40508808979389443,
      1.2310651104012853,
      1.0228433448142131,
      0.960542714210389,
      1.3672337810340922,
      0.0,
      0.934428836820987,
      0.9761338356182745,
      0.8187122558449577,
      0.8187122558449577
    ],
    [
      0.960542714210389,
      1.3672337810340922,
      1.2930874203309464,
      1.4616657270051348,
      1.5290532142077051,
      0.934428836820987,
      0.0,
      0.8187122558449577,
      1.1466327076277527,
      1.1466327076277527
    ],
    [
      1.2930874203309464,
      1.4616657270051348,
      1.5290532142077051,
      0.934428836820987,
      0.8757280743927238,
      0.9761338356182745,
      0.8187122558449577,
      0.0,
      1.0766728207895357,
      1.0766728207895357
    ],
    [
      1.4616657270051348,
      1.5290532142077051,
      0.934428836820987,
      0.8757280743927238,
      0.9761338356182745,
      0.8187122558449577,
      1.1466327076277527,
      1.0766728207895357,
      0.0,
      1.1961537901889268
    ],
    [
      1.4616657270051348,
      1.5290532142077051,
      0.934428836820987,
      0.8757280743927238,
      0.9761338356182745,
      0.8187122558449577,
      1.1466327076277527,
      1.0766728207895357,
      1.1961537901889268,
      0.0
    ]
  ]
}