{
  "servicechain": {
    "SC1": {
      "resptime": 33.198107431418364,
      "resptime_old": 23.198107431418364,
      "waittime": 18.159667623777022,
      "servicetime": 10.0,
      "networktime": 5.038439807641346,
      "services": {
        "MS1_1": {
          "meanserv": 1.7865600679609706,
          "stddevserv": 1.7865600679609706,
          "rate": 0.559734888254452,
          "cv": 1.0,
          "lambda": 0.15
        },
        "MS1_2": {
          "meanserv": 0.29563549234976816,
          "stddevserv": 0.29563549234976816,
          "rate": 3.3825437942237797,
          "cv": 1.0,
          "lambda": 0.15
        },
        "MS1_3": {
          "meanserv": 0.33458204372756306,
          "stddevserv": 0.33458204372756306,
          "rate": 2.988803549823076,
          "cv": 1.0,
          "lambda": 0.15
        },
        "MS1_4": {
          "meanserv": 3.023630723272932,
          "stddevserv": 3.023630723272932,
          "rate": 0.3307282176698975,
          "cv": 1.0,
          "lambda": 0.15
        },
        "MS1_5": {
          "meanserv": 1.0357602151413676,
          "stddevserv": 1.0357602151413676,
          "rate": 0.9654744267846909,
          "cv": 1.0,
          "lambda": 0.15
        },
        "MS1_6": {
          "meanserv": 3.5238314575473986,
          "stddevserv": 3.5238314575473986,
          "rate": 0.28378201739989123,
          "cv": 1.0,
          "lambda": 0.15
        }
      },
      "sensors": [
        "S1"
      ],
      "sources": [
        {
          "startTime": 0,
          "stopTime": -1,
          "lambda": 0.15
        }
      ]
    },
    "SC2": {
      "resptime": 55.81280339369033,
      "resptime_old": 45.812803393690324,
      "waittime": 41.599887653278984,
      "servicetime": 10.0,
      "networktime": 4.212915740411344,
      "services": {
        "MS2_1": {
          "meanserv": 1.5533211221579302,
          "stddevserv": 1.5533211221579302,
          "rate": 0.6437818849786602,
          "cv": 1.0,
          "lambda": 0.15
        },
        "MS2_2": {
          "meanserv": 1.4766022275783819,
          "stddevserv": 1.4766022275783819,
          "rate": 0.6772304560585646,
          "cv": 1.0,
          "lambda": 0.15
        },
        "MS2_3": {
          "meanserv": 0.14423580271438752,
          "stddevserv": 0.14423580271438752,
          "rate": 6.933091376627046,
          "cv": 1.0,
          "lambda": 0.15
        },
        "MS2_4": {
          "meanserv": 0.2056088995377281,
          "stddevserv": 0.2056088995377281,
          "rate": 4.86360270517622,
          "cv": 1.0,
          "lambda": 0.15
        },
        "MS2_5": {
          "meanserv": 5.722648868683391,
          "stddevserv": 5.722648868683391,
          "rate": 0.17474425269605434,
          "cv": 1.0,
          "lambda": 0.15
        },
        "MS2_6": {
          "meanserv": 0.8975830793281805,
          "stddevserv": 0.8975830793281805,
          "rate": 1.1141029984082098,
          "cv": 1.0,
          "lambda": 0.15
        }
      },
      "sensors": [
        "S2"
      ],
      "sources": [
        {
          "startTime": 0,
          "stopTime": -1,
          "lambda": 0.15
        }
      ]
    },
    "SC3": {
      "resptime": 34.07371040484132,
      "resptime_old": 24.07371040484133,
      "waittime": 17.981616578328733,
      "servicetime": 10.0,
      "networktime": 6.092093826512592,
      "services": {
        "MS3_1": {
          "meanserv": 0.10873760396480914,
          "stddevserv": 0.10873760396480914,
          "rate": 9.196450570343917,
          "cv": 1.0,
          "lambda": 0.15
        },
        "MS3_2": {
          "meanserv": 3.228486824108302,
          "stddevserv": 3.228486824108302,
          "rate": 0.3097426300558612,
          "cv": 1.0,
          "lambda": 0.15
        },
        "MS3_3": {
          "meanserv": 0.3021443571699267,
          "stddevserv": 0.3021443571699267,
          "rate": 3.309676240081484,
          "cv": 1.0,
          "lambda": 0.15
        },
        "MS3_4": {
          "meanserv": 1.1017471668075887,
          "stddevserv": 1.1017471668075887,
          "rate": 0.9076492594009475,
          "cv": 1.0,
          "lambda": 0.15
        },
        "MS3_5": {
          "meanserv": 4.850761254950146,
          "stddevserv": 4.850761254950146,
          "rate": 0.20615320924721076,
          "cv": 1.0,
          "lambda": 0.15
        },
        "MS3_6": {
          "meanserv": 0.4081227929992277,
          "stddevserv": 0.4081227929992277,
          "rate": 2.4502429591132695,
          "cv": 1.0,
          "lambda": 0.15
        }
      },
      "sensors": [
        "S3"
      ],
      "sources": [
        {
          "startTime": 0,
          "stopTime": -1,
          "lambda": 0.15
        }
      ]
    },
    "SC4": {
      "resptime": 31.08675243277753,
      "resptime_old": 21.086752432777526,
      "waittime": 14.2952417588801,
      "servicetime": 10.0,
      "networktime": 6.7915106738974265,
      "services": {
        "MS4_1": {
          "meanserv": 0.13308889797851609,
          "stddevserv": 0.13308889797851609,
          "rate": 7.513774741462096,
          "cv": 1.0,
          "lambda": 0.15
        },
        "MS4_2": {
          "meanserv": 3.3928182882981126,
          "stddevserv": 3.3928182882981126,
          "rate": 0.2947402174319258,
          "cv": 1.0,
          "lambda": 0.15
        },
        "MS4_3": {
          "meanserv": 1.3507043864809836,
          "stddevserv": 1.3507043864809836,
          "rate": 0.740354447656248,
          "cv": 1.0,
          "lambda": 0.15
        },
        "MS4_4": {
          "meanserv": 2.2302423074184308,
          "stddevserv": 2.2302423074184308,
          "rate": 0.448381772991083,
          "cv": 1.0,
          "lambda": 0.15
        },
        "MS4_5": {
          "meanserv": 2.8138382009496024,
          "stddevserv": 2.8138382009496024,
          "rate": 0.35538646097793547,
          "cv": 1.0,
          "lambda": 0.15
        },
        "MS4_6": {
          "meanserv": 0.0793079188743544,
          "stddevserv": 0.0793079188743544,
          "rate": 12.60908134009008,
          "cv": 1.0,
          "lambda": 0.15
        }
      },
      "sensors": [
        "S4"
      ],
      "sources": [
        {
          "startTime": 0,
          "stopTime": -1,
          "lambda": 0.15
        }
      ]
    }
  },
  "microservice": {
    "MS1_1": "F8",
    "MS1_2": "F1",
    "MS1_3": "F1",
    "MS1_4": "F10",
    "MS1_5": "F10",
    "MS1_6": "F4",
    "MS2_1": "F7",
    "MS2_2": "F7",
    "MS2_3": "F1",
    "MS2_4": "F1",
    "MS2_5": "F5",
    "MS2_6": "F7",
    "MS3_1": "F1",
    "MS3_2": "F6",
    "MS3_3": "F1",
    "MS3_4": "F1",
    "MS3_5": "F3",
    "MS3_6": "F1",
    "MS4_1": "F1",
    "MS4_2": "F2",
    "MS4_3": "F9",
    "MS4_4": "F9",
    "MS4_5": "F8",
    "MS4_6": "F1"
  },
  "sensor": {
    "S1": "F8",
    "S2": "F7",
    "S3": "F1",
    "S4": "F1"
  },
  "fog": {
    "F1": {
      "rho": 0.46698164641858037,
      "capacity": 1.0,
      "tserv": 0.31132109761238697,
      "stddev": 0.5070204846283171,
      "mu": 3.2121176742254027,
      "cv": 1.6286094598689465,
      "lambda": 1.4999999999999998,
      "twait": 0.4980934454781988
    },
    "F2": {
      "rho": 0.5089227432447169,
      "capacity": 1.0,
      "tserv": 3.3928182882981126,
      "stddev": 3.3928182882981126,
      "mu": 0.2947402174319258,
      "cv": 1.0,
      "lambda": 0.15,
      "twait": 3.5161115015187354
    },
    "F3": {
      "rho": 0.7276141882425218,
      "capacity": 1.0,
      "tserv": 4.850761254950146,
      "stddev": 4.850761254950146,
      "mu": 0.20615320924721076,
      "cv": 1.0,
      "lambda": 0.15,
      "twait": 12.957659909325017
    },
    "F4": {
      "rho": 0.5285747186321098,
      "capacity": 1.0,
      "tserv": 3.523831457547399,
      "stddev": 3.523831457547398,
      "mu": 0.28378201739989123,
      "cv": 0.9999999999999998,
      "lambda": 0.15,
      "twait": 3.951014709638692
    },
    "F5": {
      "rho": 0.8583973303025086,
      "capacity": 1.0,
      "tserv": 5.722648868683391,
      "stddev": 5.722648868683391,
      "mu": 0.17474425269605434,
      "cv": 1.0,
      "lambda": 0.15,
      "twait": 34.6907761105829
    },
    "F6": {
      "rho": 0.48427302361624525,
      "capacity": 1.0,
      "tserv": 3.228486824108302,
      "stddev": 3.228486824108302,
      "mu": 0.3097426300558612,
      "cv": 1.0,
      "lambda": 0.15,
      "twait": 3.0315828870909245
    },
    "F7": {
      "rho": 0.5891259643596739,
      "capacity": 1.0,
      "tserv": 1.3091688096881644,
      "stddev": 1.3730577975057912,
      "mu": 0.7638434345515713,
      "cv": 1.0488011838846396,
      "lambda": 0.44999999999999996,
      "twait": 1.9709748839132257
    },
    "F8": {
      "rho": 0.6900597403365859,
      "capacity": 1.0,
      "tserv": 2.3001991344552866,
      "stddev": 2.412170441616254,
      "mu": 0.4347449683902309,
      "cv": 1.0486789623923076,
      "lambda": 0.3,
      "twait": 5.376592077592904
    },
    "F9": {
      "rho": 0.5371420040849122,
      "capacity": 1.0,
      "tserv": 1.7904733469497074,
      "stddev": 1.895412430929155,
      "mu": 0.5585115252922495,
      "cv": 1.0586096878561326,
      "lambda": 0.3,
      "twait": 2.2031756444060324
    },
    "F10": {
      "rho": 0.6089086407621449,
      "capacity": 1.0,
      "tserv": 2.02969546920715,
      "stddev": 2.468902241132616,
      "mu": 0.49268474762404885,
      "cv": 1.2163904775808716,
      "lambda": 0.3,
      "twait": 3.9179369727945126
    }
  },
  "extra": {
    "deltatime": 0.8416172,
    "conv": 13,
    "obj_func": 38.54284341568189
  },
  "network": [
    [
      0.0,
      1.7798908934004603,
      1.6197911162383019,
      2.132679501060458,
      1.716881831989954,
      1.426255797017994,
      1.1755701362286177,
      1.8530109176955933,
      1.9263254534007768,
      1.9263254534007768
    ],
    [
      1.7798908934004603,
      0.0,
      2.147960050607659,
      1.785584368515329,
      2.0221729964338944,
      1.307452159053414,
      1.7472343189034236,
      1.9263254534007768,
      1.320463772192773,
      1.320463772192773
    ],
    [
      1.6197911162383019,
      2.147960050607659,
      0.0,
      1.4557630676295847,
      2.43486283742507,
      1.4793268332417395,
      1.8530109176955933,
      1.320463772192773,
      2.0190793482204294,
      2.0190793482204294
    ],
    [
      2.132679501060458,
      1.785584368515329,
      1.4557630676295847,
      0.0,
      1.9741620760014145,
      1.1755701362286177,
      1.9263254534007768,
      2.0190793482204294,
      1.2591034365449758,
      1.2591034365449758
    ],
    [
      1.716881831989954,
      2.0221729964338944,
      2.43486283742507,
      1.9741620760014145,
      0.0,
      1.7472343189034236,
      1.320463772192773,
      1.2591034365449758,
      1.673458939294672,
      1.673458939294672
    ],
    [
      1.426255797017994,
      1.307452159053414,
      1.4793268332417395,
      1.1755701362286177,
      1.7472343189034236,
      0.0,
      2.0190793482204294,
      1.673458939294672,
      1.2095712939136543,
      1.2095712939136543
    ],
    [
      1.1755701362286177,
      1.7472343189034236,
      1.8530109176955933,
      1.9263254534007768,
      1.320463772192773,
      2.0190793482204294,
      0.0,
      1.2095712939136543,
      1.7504903584009777,
      1.7504903584009777
    ],
    [
      1.8530109176955933,
      1.9263254534007768,
      1.320463772192773,
      2.0190793482204294,
      1.2591034365449758,
      1.673458939294672,
      1.2095712939136543,
      0.0,
      1.8381450906085994,
      1.8381450906085994
    ],
    [
      1.9263254534007768,
      1.320463772192773,
      2.0190793482204294,
      1.2591034365449758,
      1.673458939294672,
      1.2095712939136543,
      1.7504903584009777,
      1.8381450906085994,
      0.0,
      1.1425890966958039
    ],
    [
      1.9263254534007768,
      1.320463772192773,
      2.0190793482204294,
      1.2591034365449758,
      1.673458939294672,
      1.2095712939136543,
      1.7504903584009777,
      1.8381450906085994,
      1.1425890966958039,
      0.0
    ]
  ]
}