{
  "servicechain": {
    "SC1": {
      "resptime": 39.3462545322524,
      "resptime_old": 29.346254532252402,
      "waittime": 24.505017826211052,
      "servicetime": 10.0,
      "networktime": 4.841236706041353,
      "services": {
        "MS1_1": {
          "meanserv": 0.23389019981422954,
          "stddevserv": 0.23389019981422954,
          "rate": 4.275510477968994,
          "cv": 1.0,
          "lambda": 0.175
        },
        "MS1_2": {
          "meanserv": 0.42997705777198747,
          "stddevserv": 0.42997705777198747,
          "rate": 2.3257054810824114,
          "cv": 1.0,
          "lambda": 0.175
        },
        "MS1_3": {
          "meanserv": 3.6582664530904836,
          "stddevserv": 3.6582664530904836,
          "rate": 0.27335351670603586,
          "cv": 1.0,
          "lambda": 0.175
        },
        "MS1_4": {
          "meanserv": 1.5983056099491115,
          "stddevserv": 1.5983056099491115,
          "rate": 0.625662572774076,
          "cv": 1.0,
          "lambda": 0.175
        },
        "MS1_5": {
          "meanserv": 4.079560679374188,
          "stddevserv": 4.079560679374188,
          "rate": 0.24512443338712683,
          "cv": 1.0,
          "lambda": 0.175
        }
      },
      "sensors": [
        "S1"
      ],
      "sources": [
        {
          "startTime": 0,
          "stopTime": -1,
          "lambda": 0.175
        }
      ]
    },
    "SC2": {
      "resptime": 45.22634617431136,
      "resptime_old": 35.22634617431135,
      "waittime": 28.67828974497794,
      "servicetime": 10.0,
      "networktime": 6.54805642933342,
      "services": {
        "MS2_1": {
          "meanserv": 0.4660234651647366,
          "stddevserv": 0.4660234651647366,
          "rate": 2.145814695503596,
          "cv": 1.0,
          "lambda": 0.175
        },
        "MS2_2": {
          "meanserv": 4.117867981320902,
          "stddevserv": 4.117867981320902,
          "rate": 0.24284411363747185,
          "cv": 1.0,
          "lambda": 0.175
        },
        "MS2_3": {
          "meanserv": 4.0004546711478515,
          "stddevserv": 4.0004546711478515,
          "rate": 0.2499715862829836,
          "cv": 1.0,
          "lambda": 0.175
        },
        "MS2_4": {
          "meanserv": 1.219027388265367,
          "stddevserv": 1.219027388265367,
          "rate": 0.8203261137741661,
          "cv": 1.0,
          "lambda": 0.175
        },
        "MS2_5": {
          "meanserv": 0.1966264941011424,
          "stddevserv": 0.1966264941011424,
          "rate": 5.085784622115123,
          "cv": 1.0,
          "lambda": 0.175
        }
      },
      "sensors": [
        "S2"
      ],
      "sources": [
        {
          "startTime": 0,
          "stopTime": -1,
          "lambda": 0.175
        }
      ]
    },
    "SC3": {
      "resptime": 44.23560779731027,
      "resptime_old": 34.23560779731027,
      "waittime": 25.339865620302433,
      "servicetime": 10.0,
      "networktime": 8.89574217700784,
      "services": {
        "MS3_1": {
          "meanserv": 1.5395577061441468,
          "stddevserv": 1.5395577061441468,
          "rate": 0.6495371989040412,
          "cv": 1.0,
          "lambda": 0.175
        },
        "MS3_2": {
          "meanserv": 2.110041787087657,
          "stddevserv": 2.110041787087657,
          "rate": 0.4739242635475148,
          "cv": 1.0,
          "lambda": 0.175
        },
        "MS3_3": {
          "meanserv": 1.2176977155650848,
          "stddevserv": 1.2176977155650848,
          "rate": 0.8212218740477312,
          "cv": 1.0,
          "lambda": 0.175
        },
        "MS3_4": {
          "meanserv": 1.8965940258451521,
          "stddevserv": 1.8965940258451521,
          "rate": 0.5272609669612264,
          "cv": 1.0,
          "lambda": 0.175
        },
        "MS3_5": {
          "meanserv": 3.236108765357959,
          "stddevserv": 3.236108765357959,
          "rate": 0.3090130995301655,
          "cv": 1.0,
          "lambda": 0.175
        }
      },
      "sensors": [
        "S3"
      ],
      "sources": [
        {
          "startTime": 0,
          "stopTime": -1,
          "lambda": 0.175
        }
      ]
    },
    "SC4": {
      "resptime": 45.556914986344694,
      "resptime_old": 35.556914986344694,
      "waittime": 29.73114296935924,
      "servicetime": 10.0,
      "networktime": 5.82577201698545,
      "services": {
        "MS4_1": {
          "meanserv": 0.4111568254699305,
          "stddevserv": 0.4111568254699305,
          "rate": 2.432161983099886,
          "cv": 1.0,
          "lambda": 0.175
        },
        "MS4_2": {
          "meanserv": 2.317960212557609,
          "stddevserv": 2.317960212557609,
          "rate": 0.43141378984094475,
          "cv": 1.0,
          "lambda": 0.175
        },
        "MS4_3": {
          "meanserv": 2.938068614090535,
          "stddevserv": 2.938068614090535,
          "rate": 0.3403596482410759,
          "cv": 1.0,
          "lambda": 0.175
        },
        "MS4_4": {
          "meanserv": 2.7918968340519577,
          "stddevserv": 2.7918968340519577,
          "rate": 0.35817942404006103,
          "cv": 1.0,
          "lambda": 0.175
        },
        "MS4_5": {
          "meanserv": 1.5409175138299673,
          "stddevserv": 1.5409175138299673,
          "rate": 0.6489640042538611,
          "cv": 1.0,
          "lambda": 0.175
        }
      },
      "sensors": [
        "S4"
      ],
      "sources": [
        {
          "startTime": 0,
          "stopTime": -1,
          "lambda": 0.175
        }
      ]
    }
  },
  "microservice": {
    "MS1_1": "F8",
    "MS1_2": "F8",
    "MS1_3": "F2",
    "MS1_4": "F4",
    "MS1_5": "F6",
    "MS2_1": "F3",
    "MS2_2": "F9",
    "MS2_3": "F10",
    "MS2_4": "F8",
    "MS2_5": "F8",
    "MS3_1": "F7",
    "MS3_2": "F5",
    "MS3_3": "F8",
    "MS3_4": "F5",
    "MS3_5": "F3",
    "MS4_1": "F8",
    "MS4_2": "F4",
    "MS4_3": "F7",
    "MS4_4": "F1",
    "MS4_5": "F1"
  },
  "sensor": {
    "S1": "F8",
    "S2": "F3",
    "S3": "F7",
    "S4": "F8"
  },
  "fog": {
    "F1": {
      "rho": 0.7582425108793368,
      "capacity": 1.0,
      "tserv": 2.1664071739409625,
      "stddev": 2.3400415964496024,
      "mu": 0.46159374471645437,
      "cv": 1.0801485632974421,
      "lambda": 0.35,
      "twait": 7.361075273597053
    },
    "F2": {
      "rho": 0.6401966292908345,
      "capacity": 1.0,
      "tserv": 3.658266453090483,
      "stddev": 3.658266453090484,
      "mu": 0.27335351670603586,
      "cv": 1.0000000000000002,
      "lambda": 0.175,
      "twait": 6.509138165382412
    },
    "F3": {
      "rho": 0.6478731403414717,
      "capacity": 1.0,
      "tserv": 1.851066115261348,
      "stddev": 2.695019860454098,
      "mu": 0.5402292180464944,
      "cv": 1.4559284718328898,
      "lambda": 0.35,
      "twait": 5.31250617687459
    },
    "F4": {
      "rho": 0.685346518938676,
      "capacity": 1.0,
      "tserv": 1.9581329112533603,
      "stddev": 2.023174701221167,
      "mu": 0.5106905635736038,
      "cv": 1.0332162283744952,
      "lambda": 0.35,
      "twait": 4.409028179299666
    },
    "F5": {
      "rho": 0.7011612672632416,
      "capacity": 1.0,
      "tserv": 2.0033179064664046,
      "stddev": 2.0089954225330273,
      "mu": 0.4991718971672706,
      "cv": 1.0028340564661737,
      "lambda": 0.35,
      "twait": 4.713697600281187
    },
    "F6": {
      "rho": 0.7139231188904829,
      "capacity": 1.0,
      "tserv": 4.079560679374188,
      "stddev": 4.079560679374188,
      "mu": 0.24512443338712683,
      "cv": 1.0,
      "lambda": 0.175,
      "twait": 10.180804099324703
    },
    "F7": {
      "rho": 0.7835846060410693,
      "capacity": 1.0,
      "tserv": 2.238813160117341,
      "stddev": 2.4474886610027657,
      "mu": 0.44666523219275156,
      "cv": 1.093208091055927,
      "lambda": 0.35,
      "twait": 8.896940551763334
    },
    "F8": {
      "rho": 0.6489657441728547,
      "capacity": 1.0,
      "tserv": 0.6180626134979569,
      "stddev": 0.869886606846767,
      "mu": 1.6179590516573217,
      "cv": 1.4074409094632006,
      "lambda": 1.05,
      "twait": 1.7030236911021344
    },
    "F9": {
      "rho": 0.7206268967311579,
      "capacity": 1.0,
      "tserv": 4.117867981320902,
      "stddev": 4.117867981320902,
      "mu": 0.24284411363747185,
      "cv": 1.0,
      "lambda": 0.175,
      "twait": 10.62180428182555
    },
    "F10": {
      "rho": 0.700079567450874,
      "capacity": 1.0,
      "tserv": 4.0004546711478515,
      "stddev": 4.0004546711478515,
      "mu": 0.2499715862829836,
      "cv": 1.0,
      "lambda": 0.175,
      "twait": 9.337931904073526
    }
  },
  "extra": {
    "deltatime": 0.5505799,
    "conv": 8,
    "obj_func": 43.59128087255468
  },
  "network": [
    [
      0.0,
      2.009905456851791,
      2.1188649920331746,
      2.355832760092269,
      1.9841651424772726,
      1.6579839191046128,
      1.6979654657382472,
      1.414069364802568,
      2.1803175911795027,
      2.1803175911795027
    ],
    [
      2.009905456851791,
      0.0,
      2.4312559891387093,
      0.9629536491236032,
      2.0876041102938596,
      2.594427738409078,
      2.1508538317269634,
      2.1803175911795027,
      2.364312044353617,
      2.364312044353617
    ],
    [
      2.1188649920331746,
      2.4312559891387093,
      0.0,
      2.2209130236989454,
      1.7823594947190962,
      1.9515713347517951,
      1.414069364802568,
      2.364312044353617,
      1.9474889600677003,
      1.9474889600677003
    ],
    [
      2.355832760092269,
      0.9629536491236032,
      2.2209130236989454,
      0.0,
      2.377012899687886,
      1.6979654657382472,
      2.1803175911795027,
      1.9474889600677003,
      2.3745353189675633,
      2.3745353189675633
    ],
    [
      1.9841651424772726,
      2.0876041102938596,
      1.7823594947190962,
      2.377012899687886,
      0.0,
      2.1508538317269634,
      2.364312044353617,
      2.3745353189675633,
      2.5862631536580105,
      2.5862631536580105
    ],
    [
      1.6579839191046128,
      2.594427738409078,
      1.9515713347517951,
      1.6979654657382472,
      2.1508538317269634,
      0.0,
      1.9474889600677003,
      2.5862631536580105,
      1.6630186387579238,
      1.6630186387579238
    ],
    [
      1.6979654657382472,
      2.1508538317269634,
      1.414069364802568,
      2.1803175911795027,
      2.364312044353617,
      1.9474889600677003,
      0.0,
      1.6630186387579238,
      1.991640214449878,
      1.991640214449878
    ],
    [
      1.414069364802568,
      2.1803175911795027,
      2.364312044353617,
      1.9474889600677003,
      2.3745353189675633,
      2.5862631536580105,
      1.6630186387579238,
      0.0,
      2.621496782612229,
      2.621496782612229
    ],
    [
      2.1803175911795027,
      2.364312044353617,
      1.9474889600677003,
      2.3745353189675633,
      2.5862631536580105,
      1.6630186387579238,
      1.991640214449878,
      2.621496782612229,
      0.0,
      1.9790706866534913
    ],
    [
      2.1803175911795027,
      2.364312044353617,
      1.9474889600677003,
      2.3745353189675633,
      2.5862631536580105,
      1.6630186387579238,
      1.991640214449878,
      2.621496782612229,
      1.9790706866534913,
      0.0
    ]
  ]
}