{
  "servicechain": {
    "SC1": {
      "resptime": 39.68153295099644,
      "resptime_old": 29.681532950996438,
      "waittime": 22.645918925618695,
      "servicetime": 10.0,
      "networktime": 7.035614025377747,
      "services": {
        "MS1_1": {
          "meanserv": 4.791055300127639,
          "stddevserv": 4.791055300127639,
          "rate": 0.2087222829536864,
          "cv": 1.0,
          "lambda": 0.15
        },
        "MS1_2": {
          "meanserv": 0.22414097192570193,
          "stddevserv": 0.22414097192570193,
          "rate": 4.461477932430307,
          "cv": 1.0,
          "lambda": 0.15
        },
        "MS1_3": {
          "meanserv": 3.7184902184073785,
          "stddevserv": 3.7184902184073785,
          "rate": 0.26892634947640065,
          "cv": 1.0,
          "lambda": 0.15
        },
        "MS1_4": {
          "meanserv": 0.8947246344411948,
          "stddevserv": 0.8947246344411948,
          "rate": 1.11766230805141,
          "cv": 1.0,
          "lambda": 0.15
        },
        "MS1_5": {
          "meanserv": 0.3715888750980856,
          "stddevserv": 0.3715888750980856,
          "rate": 2.691146229111508,
          "cv": 1.0,
          "lambda": 0.15
        }
      },
      "sensors": [
        "S1"
      ],
      "sources": [
        {
          "startTime": 0,
          "stopTime": -1,
          "lambda": 0.15
        }
      ]
    },
    "SC2": {
      "resptime": 29.233725580670605,
      "resptime_old": 19.233725580670605,
      "waittime": 15.431726512959486,
      "servicetime": 10.0,
      "networktime": 3.801999067711119,
      "services": {
        "MS2_1": {
          "meanserv": 0.4005813450909912,
          "stddevserv": 0.4005813450909912,
          "rate": 2.4963718661757754,
          "cv": 1.0,
          "lambda": 0.15
        },
        "MS2_2": {
          "meanserv": 0.4987302847104036,
          "stddevserv": 0.4987302847104036,
          "rate": 2.005091791409193,
          "cv": 1.0,
          "lambda": 0.15
        },
        "MS2_3": {
          "meanserv": 1.7747358697154636,
          "stddevserv": 1.7747358697154636,
          "rate": 0.5634641284172197,
          "cv": 1.0,
          "lambda": 0.15
        },
        "MS2_4": {
          "meanserv": 3.7352339584421377,
          "stddevserv": 3.7352339584421377,
          "rate": 0.2677208472416738,
          "cv": 1.0,
          "lambda": 0.15
        },
        "MS2_5": {
          "meanserv": 3.590718542041004,
          "stddevserv": 3.590718542041004,
          "rate": 0.2784957908261974,
          "cv": 1.0,
          "lambda": 0.15
        }
      },
      "sensors": [
        "S2"
      ],
      "sources": [
        {
          "startTime": 0,
          "stopTime": -1,
          "lambda": 0.15
        }
      ]
    },
    "SC3": {
      "resptime": 28.611736963154215,
      "resptime_old": 18.61173696315421,
      "waittime": 14.811119861872207,
      "servicetime": 10.0,
      "networktime": 3.8006171012820076,
      "services": {
        "MS3_1": {
          "meanserv": 1.2449971401236115,
          "stddevserv": 1.2449971401236115,
          "rate": 0.8032146964616428,
          "cv": 1.0,
          "lambda": 0.15
        },
        "MS3_2": {
          "meanserv": 1.3311121819768288,
          "stddevserv": 1.3311121819768288,
          "rate": 0.7512514824369682,
          "cv": 1.0,
          "lambda": 0.15
        },
        "MS3_3": {
          "meanserv": 3.970578595671318,
          "stddevserv": 3.970578595671318,
          "rate": 0.2518524632883956,
          "cv": 1.0,
          "lambda": 0.15
        },
        "MS3_4": {
          "meanserv": 0.6508590449552365,
          "stddevserv": 0.6508590449552365,
          "rate": 1.5364309795660533,
          "cv": 1.0,
          "lambda": 0.15
        },
        "MS3_5": {
          "meanserv": 2.802453037273005,
          "stddevserv": 2.802453037273005,
          "rate": 0.35683024361153054,
          "cv": 1.0,
          "lambda": 0.15
        }
      },
      "sensors": [
        "S3"
      ],
      "sources": [
        {
          "startTime": 0,
          "stopTime": -1,
          "lambda": 0.15
        }
      ]
    },
    "SC4": {
      "resptime": 35.52087946676198,
      "resptime_old": 25.52087946676198,
      "waittime": 19.4550974539166,
      "servicetime": 10.0,
      "networktime": 6.065782012845383,
      "services": {
        "MS4_1": {
          "meanserv": 1.0093131491254415,
          "stddevserv": 1.0093131491254415,
          "rate": 0.9907727853010622,
          "cv": 1.0,
          "lambda": 0.15
        },
        "MS4_2": {
          "meanserv": 0.6616219154062464,
          "stddevserv": 0.6616219154062464,
          "rate": 1.5114372373623448,
          "cv": 1.0,
          "lambda": 0.15
        },
        "MS4_3": {
          "meanserv": 3.5589635175065597,
          "stddevserv": 3.5589635175065597,
          "rate": 0.2809806830221762,
          "cv": 1.0,
          "lambda": 0.15
        },
        "MS4_4": {
          "meanserv": 4.476922746051102,
          "stddevserv": 4.476922746051102,
          "rate": 0.22336771410274084,
          "cv": 1.0,
          "lambda": 0.15
        },
        "MS4_5": {
          "meanserv": 0.29317867191065083,
          "stddevserv": 0.29317867191065083,
          "rate": 3.4108893170263084,
          "cv": 1.0,
          "lambda": 0.15
        }
      },
      "sensors": [
        "S4"
      ],
      "sources": [
        {
          "startTime": 0,
          "stopTime": -1,
          "lambda": 0.15
        }
      ]
    }
  },
  "microservice": {
    "MS1_1": "F1",
    "MS1_2": "F10",
    "MS1_3": "F5",
    "MS1_4": "F10",
    "MS1_5": "F10",
    "MS2_1": "F9",
    "MS2_2": "F9",
    "MS2_3": "F9",
    "MS2_4": "F4",
    "MS2_5": "F6",
    "MS3_1": "F10",
    "MS3_2": "F10",
    "MS3_3": "F3",
    "MS3_4": "F8",
    "MS3_5": "F8",
    "MS4_1": "F9",
    "MS4_2": "F9",
    "MS4_3": "F7",
    "MS4_4": "F2",
    "MS4_5": "F10"
  },
  "sensor": {
    "S1": "F1",
    "S2": "F9",
    "S3": "F10",
    "S4": "F9"
  },
  "fog": {
    "F1": {
      "rho": 0.7186582950191459,
      "capacity": 1.0,
      "tserv": 4.791055300127639,
      "stddev": 4.791055300127639,
      "mu": 0.2087222829536864,
      "cv": 1.0,
      "lambda": 0.15,
      "twait": 12.238255375492532
    },
    "F2": {
      "rho": 0.6715384119076653,
      "capacity": 1.0,
      "tserv": 4.476922746051102,
      "stddev": 4.476922746051102,
      "mu": 0.22336771410274084,
      "cv": 1.0,
      "lambda": 0.15,
      "twait": 9.15305076790689
    },
    "F3": {
      "rho": 0.5955867893506978,
      "capacity": 1.0,
      "tserv": 3.9705785956713187,
      "stddev": 3.9705785956713178,
      "mu": 0.25185246328839556,
      "cv": 0.9999999999999998,
      "lambda": 0.15,
      "twait": 5.84754428240279
    },
    "F4": {
      "rho": 0.5602850937663206,
      "capacity": 1.0,
      "tserv": 3.7352339584421377,
      "stddev": 3.735233958442138,
      "mu": 0.2677208472416738,
      "cv": 1.0000000000000002,
      "lambda": 0.15,
      "twait": 4.759438169996257
    },
    "F5": {
      "rho": 0.5577735327611067,
      "capacity": 1.0,
      "tserv": 3.7184902184073785,
      "stddev": 3.718490218407379,
      "mu": 0.26892634947640065,
      "cv": 1.0000000000000002,
      "lambda": 0.15,
      "twait": 4.690075287914136
    },
    "F6": {
      "rho": 0.5386077813061506,
      "capacity": 1.0,
      "tserv": 3.5907185420410044,
      "stddev": 3.5907185420410035,
      "mu": 0.2784957908261974,
      "cv": 0.9999999999999998,
      "lambda": 0.15,
      "twait": 4.191637545813994
    },
    "F7": {
      "rho": 0.5338445276259839,
      "capacity": 1.0,
      "tserv": 3.5589635175065593,
      "stddev": 3.55896351750656,
      "mu": 0.28098068302217627,
      "cv": 1.0000000000000002,
      "lambda": 0.15,
      "twait": 4.0757500671728755
    },
    "F8": {
      "rho": 0.5179968123342362,
      "capacity": 1.0,
      "tserv": 1.7266560411141207,
      "stddev": 2.3013082014812456,
      "mu": 0.5791541431463978,
      "cv": 1.3328121795446486,
      "lambda": 0.3,
      "twait": 2.575925035664033
    },
    "F9": {
      "rho": 0.6517473846072819,
      "capacity": 1.0,
      "tserv": 0.8689965128097091,
      "stddev": 1.1184728806603565,
      "mu": 1.150752604019917,
      "cv": 1.2870855799455632,
      "lambda": 0.75,
      "twait": 2.160216932383079
    },
    "F10": {
      "rho": 0.6539613713214111,
      "capacity": 1.0,
      "tserv": 0.7266237459126789,
      "stddev": 0.9682862331773333,
      "mu": 1.3762280762569157,
      "cv": 1.3325826999516968,
      "lambda": 0.9,
      "twait": 1.9058627540706747
    }
  },
  "extra": {
    "deltatime": 0.0134773,
    "obj_func": 33.261968740395815
  },
  "network": [
    [
      0.0,
      1.5992178795572434,
      2.015978768442032,
      2.065761280188294,
      2.0874340147827466,
      1.8719922201225978,
      1.6326179903735725,
      2.1472017663552876,
      2.131657325376712,
      2.131657325376712
    ],
    [
      1.5992178795572434,
      0.0,
      2.5276348517747325,
      1.5068879784755498,
      2.3651256850368636,
      1.3690365413110197,
      1.8461019342422746,
      2.131657325376712,
      2.077953586706961,
      2.077953586706961
    ],
    [
      2.015978768442032,
      2.5276348517747325,
      0.0,
      1.5575383794484612,
      1.79228799548441,
      1.9319274120446013,
      2.1472017663552876,
      2.077953586706961,
      1.7226635145750462,
      1.7226635145750462
    ],
    [
      2.065761280188294,
      1.5068879784755498,
      1.5575383794484612,
      0.0,
      1.9024272152961925,
      1.6326179903735725,
      2.131657325376712,
      1.7226635145750462,
      2.169381077337546,
      2.169381077337546
    ],
    [
      2.0874340147827466,
      2.3651256850368636,
      1.79228799548441,
      1.9024272152961925,
      0.0,
      1.8461019342422746,
      2.077953586706961,
      2.169381077337546,
      2.4519783500005174,
      2.4519783500005174
    ],
    [
      1.8719922201225978,
      1.3690365413110197,
      1.9319274120446013,
      1.6326179903735725,
      1.8461019342422746,
      0.0,
      1.7226635145750462,
      2.4519783500005174,
      2.481480048582025,
      2.481480048582025
    ],
    [
      1.6326179903735725,
      1.8461019342422746,
      2.1472017663552876,
      2.131657325376712,
      2.077953586706961,
      1.7226635145750462,
      0.0,
      2.481480048582025,
      2.141726491896147,
      2.141726491896147
    ],
    [
      2.1472017663552876,
      2.131657325376712,
      2.077953586706961,
      1.7226635145750462,
      2.169381077337546,
      2.4519783500005174,
      2.481480048582025,
      0.0,
      1.7787718766510483,
      1.7787718766510483
    ],
    [
      2.131657325376712,
      2.077953586706961,
      1.7226635145750462,
      2.169381077337546,
      2.4519783500005174,
      2.481480048582025,
      2.141726491896147,
      1.7787718766510483,
      0.0,
      2.1837207094564146
    ],
    [
      2.131657325376712,
      2.077953586706961,
      1.7226635145750462,
      2.169381077337546,
      2.4519783500005174,
      2.481480048582025,
      2.141726491896147,
      1.7787718766510483,
      2.1837207094564146,
      0.0
    ]
  ]
}