{
  "servicechain": {
    "SC1": {
      "resptime": 29.472679853207687,
      "resptime_old": 19.472679853207687,
      "waittime": 15.355918692363662,
      "servicetime": 10.0,
      "networktime": 4.116761160844025,
      "services": {
        "MS1_1": {
          "meanserv": 3.93901399492969,
          "stddevserv": 3.93901399492969,
          "rate": 0.25387063901961326,
          "cv": 1.0,
          "lambda": 0.15
        },
        "MS1_2": {
          "meanserv": 4.307010160463683,
          "stddevserv": 4.307010160463683,
          "rate": 0.2321796240880802,
          "cv": 1.0,
          "lambda": 0.15
        },
        "MS1_3": {
          "meanserv": 1.6900947109727493,
          "stddevserv": 1.6900947109727493,
          "rate": 0.5916828172454554,
          "cv": 1.0,
          "lambda": 0.15
        },
        "MS1_4": {
          "meanserv": 0.0638811336338776,
          "stddevserv": 0.0638811336338776,
          "rate": 15.65407410787835,
          "cv": 1.0,
          "lambda": 0.15
        }
      },
      "sensors": [
        "S1"
      ],
      "sources": [
        {
          "startTime": 0,
          "stopTime": -1,
          "lambda": 0.15
        }
      ]
    },
    "SC2": {
      "resptime": 8231.074287563264,
      "resptime_old": 8221.074287563262,
      "waittime": 8217.724286706221,
      "servicetime": 10.0,
      "networktime": 3.3500008570420965,
      "services": {
        "MS2_1": {
          "meanserv": 0.5458080048806535,
          "stddevserv": 0.5458080048806535,
          "rate": 1.8321460862756314,
          "cv": 1.0,
          "lambda": 0.15
        },
        "MS2_2": {
          "meanserv": 0.2859922533807391,
          "stddevserv": 0.2859922533807391,
          "rate": 3.4965982056468796,
          "cv": 1.0,
          "lambda": 0.15
        },
        "MS2_3": {
          "meanserv": 7.404769058571375,
          "stddevserv": 7.404769058571375,
          "rate": 0.1350481010400253,
          "cv": 1.0,
          "lambda": 0.15
        },
        "MS2_4": {
          "meanserv": 1.7634306831672326,
          "stddevserv": 1.7634306831672326,
          "rate": 0.5670764434040225,
          "cv": 1.0,
          "lambda": 0.15
        }
      },
      "sensors": [
        "S2"
      ],
      "sources": [
        {
          "startTime": 0,
          "stopTime": -1,
          "lambda": 0.15
        }
      ]
    },
    "SC3": {
      "resptime": 1998.8327819889678,
      "resptime_old": 1988.8327819889678,
      "waittime": 1984.940313045423,
      "servicetime": 10.0,
      "networktime": 3.8924689435448565,
      "services": {
        "MS3_1": {
          "meanserv": 1.1475912074206174,
          "stddevserv": 1.1475912074206174,
          "rate": 0.8713904337483113,
          "cv": 1.0,
          "lambda": 0.15
        },
        "MS3_2": {
          "meanserv": 6.644399107189082,
          "stddevserv": 6.644399107189082,
          "rate": 0.15050269917079842,
          "cv": 1.0,
          "lambda": 0.15
        },
        "MS3_3": {
          "meanserv": 0.12037199893354078,
          "stddevserv": 0.12037199893354078,
          "rate": 8.307579909444847,
          "cv": 1.0,
          "lambda": 0.15
        },
        "MS3_4": {
          "meanserv": 2.087637686456759,
          "stddevserv": 2.087637686456759,
          "rate": 0.4790103218040909,
          "cv": 1.0,
          "lambda": 0.15
        }
      },
      "sensors": [
        "S3"
      ],
      "sources": [
        {
          "startTime": 0,
          "stopTime": -1,
          "lambda": 0.15
        }
      ]
    },
    "SC4": {
      "resptime": 61.66424607101381,
      "resptime_old": 51.66424607101381,
      "waittime": 46.433556588656025,
      "servicetime": 10.0,
      "networktime": 5.230689482357779,
      "services": {
        "MS4_1": {
          "meanserv": 0.39128062417987164,
          "stddevserv": 0.39128062417987164,
          "rate": 2.555710500861142,
          "cv": 1.0,
          "lambda": 0.15
        },
        "MS4_2": {
          "meanserv": 5.8511534436884345,
          "stddevserv": 5.8511534436884345,
          "rate": 0.1709064733345333,
          "cv": 1.0,
          "lambda": 0.15
        },
        "MS4_3": {
          "meanserv": 3.080656181242201,
          "stddevserv": 3.080656181242201,
          "rate": 0.32460616867565334,
          "cv": 1.0,
          "lambda": 0.15
        },
        "MS4_4": {
          "meanserv": 0.676909750889493,
          "stddevserv": 0.676909750889493,
          "rate": 1.4773018097108963,
          "cv": 1.0,
          "lambda": 0.15
        }
      },
      "sensors": [
        "S4"
      ],
      "sources": [
        {
          "startTime": 0,
          "stopTime": -1,
          "lambda": 0.15
        }
      ]
    }
  },
  "microservice": {
    "MS1_1": "F1",
    "MS1_2": "F4",
    "MS1_3": "F8",
    "MS1_4": "F8",
    "MS2_1": "F5",
    "MS2_2": "F5",
    "MS2_3": "F2",
    "MS2_4": "F3",
    "MS3_1": "F5",
    "MS3_2": "F10",
    "MS3_3": "F9",
    "MS3_4": "F9",
    "MS4_1": "F8",
    "MS4_2": "F6",
    "MS4_3": "F7",
    "MS4_4": "F8"
  },
  "sensor": {
    "S1": "F1",
    "S2": "F5",
    "S3": "F5",
    "S4": "F8"
  },
  "fog": {
    "F1": {
      "rho": 0.5908520992394535,
      "capacity": 1.0,
      "tserv": 3.93901399492969,
      "stddev": 3.93901399492969,
      "mu": 0.25387063901961326,
      "cv": 1.0,
      "lambda": 0.15,
      "twait": 5.688345665495391
    },
    "F2": {
      "rho": 1.1107153587857062,
      "capacity": 1.0,
      "tserv": 7.404769058571374,
      "stddev": 7.404769058571376,
      "mu": 0.1350481010400253,
      "cv": 1.0000000000000002,
      "lambda": 0.15,
      "twait": 8216.366130894776
    },
    "F3": {
      "rho": 0.2645146024750849,
      "capacity": 1.0,
      "tserv": 1.7634306831672328,
      "stddev": 1.7634306831672324,
      "mu": 0.5670764434040225,
      "cv": 0.9999999999999998,
      "lambda": 0.15,
      "twait": 0.6342113218291956
    },
    "F4": {
      "rho": 0.6460515240695525,
      "capacity": 1.0,
      "tserv": 4.307010160463683,
      "stddev": 4.307010160463683,
      "mu": 0.2321796240880802,
      "cv": 1.0,
      "lambda": 0.15,
      "twait": 7.861456306700961
    },
    "F5": {
      "rho": 0.2969087198523015,
      "capacity": 1.0,
      "tserv": 0.6597971552273367,
      "stddev": 0.8341323226225654,
      "mu": 1.5156173258362178,
      "cv": 1.2642254002067659,
      "lambda": 0.44999999999999996,
      "twait": 0.36197224480830226
    },
    "F6": {
      "rho": 0.877673016553265,
      "capacity": 1.0,
      "tserv": 5.8511534436884345,
      "stddev": 5.8511534436884345,
      "mu": 0.1709064733345333,
      "cv": 1.0,
      "lambda": 0.15,
      "twait": 41.9809215313003
    },
    "F7": {
      "rho": 0.46209842718633015,
      "capacity": 1.0,
      "tserv": 3.080656181242201,
      "stddev": 3.080656181242201,
      "mu": 0.32460616867565334,
      "cv": 1.0,
      "lambda": 0.15,
      "twait": 2.6465183371884162
    },
    "F8": {
      "rho": 0.4233249329513988,
      "capacity": 1.0,
      "tserv": 0.705541554918998,
      "stddev": 1.1127062724648498,
      "mu": 1.4173509597387333,
      "cv": 1.5770953031853634,
      "lambda": 0.6,
      "twait": 0.9030583600836547
    },
    "F9": {
      "rho": 0.33120145280854496,
      "capacity": 1.0,
      "tserv": 1.1040048426951499,
      "stddev": 1.7759205599765555,
      "mu": 0.9057931281884161,
      "cv": 1.6086166394352879,
      "lambda": 0.3,
      "twait": 0.9807259330342158
    },
    "F10": {
      "rho": 0.9966598660783622,
      "capacity": 1.0,
      "tserv": 6.644399107189082,
      "stddev": 6.644399107189082,
      "mu": 0.15050269917079842,
      "cv": 1.0,
      "lambda": 0.15,
      "twait": 1982.6168889345463
    }
  },
  "extra": {
    "deltatime": 0.2991559,
    "conv": 10,
    "obj_func": 2580.2609988691133
  },
  "network": [
    [
      0.0,
      2.2468700696061434,
      2.5802850535474584,
      2.264090061245076,
      2.5211657938088035,
      2.535499329534211,
      2.7350820009808627,
      3.3854060344261763,
      3.231614757842897,
      3.231614757842897
    ],
    [
      2.2468700696061434,
      0.0,
      1.5756580238201376,
      2.6930123325267545,
      1.7743428332219588,
      2.371022585400713,
      2.370315148035178,
      3.231614757842897,
      2.6068420438618647,
      2.6068420438618647
    ],
    [
      2.5802850535474584,
      1.5756580238201376,
      0.0,
      1.6940571061544683,
      1.8460509740488238,
      2.5702895699295967,
      3.3854060344261763,
      2.6068420438618647,
      1.852671099598949,
      1.852671099598949
    ],
    [
      2.264090061245076,
      2.6930123325267545,
      1.6940571061544683,
      0.0,
      3.256226119429861,
      2.7350820009808627,
      3.231614757842897,
      1.852671099598949,
      2.0945453879467575,
      2.0945453879467575
    ],
    [
      2.5211657938088035,
      1.7743428332219588,
      1.8460509740488238,
      3.256226119429861,
      0.0,
      2.370315148035178,
      2.6068420438618647,
      2.0945453879467575,
      1.7238449331366585,
      1.7238449331366585
    ],
    [
      2.535499329534211,
      2.371022585400713,
      2.5702895699295967,
      2.7350820009808627,
      2.370315148035178,
      0.0,
      1.852671099598949,
      1.7238449331366585,
      1.6541734496221716,
      1.6541734496221716
    ],
    [
      2.7350820009808627,
      2.370315148035178,
      3.3854060344261763,
      3.231614757842897,
      2.6068420438618647,
      1.852671099598949,
      0.0,
      1.6541734496221716,
      2.7980144115900094,
      2.7980144115900094
    ],
    [
      3.3854060344261763,
      3.231614757842897,
      2.6068420438618647,
      1.852671099598949,
      2.0945453879467575,
      1.7238449331366585,
      1.6541734496221716,
      0.0,
      2.6662996334678133,
      2.6662996334678133
    ],
    [
      3.231614757842897,
      2.6068420438618647,
      1.852671099598949,
      2.0945453879467575,
      1.7238449331366585,
      1.6541734496221716,
      2.7980144115900094,
      2.6662996334678133,
      0.0,
      2.1686240104081977
    ],
    [
      3.231614757842897,
      2.6068420438618647,
      1.852671099598949,
      2.0945453879467575,
      1.7238449331366585,
      1.6541734496221716,
      2.7980144115900094,
      2.6662996334678133,
      2.1686240104081977,
      0.0
    ]
  ]
}