{
  "servicechain": {
    "SC1": {
      "resptime": 28.7174105579923,
      "resptime_old": 18.7174105579923,
      "waittime": 15.065533609842248,
      "servicetime": 10.0,
      "networktime": 3.6518769481500506,
      "services": {
        "MS1_1": {
          "meanserv": 3.2620827421357923,
          "stddevserv": 3.2620827421357923,
          "rate": 0.30655261654867383,
          "cv": 1.0,
          "lambda": 0.15
        },
        "MS1_2": {
          "meanserv": 0.9793206472594438,
          "stddevserv": 0.9793206472594438,
          "rate": 1.0211160183321222,
          "cv": 1.0,
          "lambda": 0.15
        },
        "MS1_3": {
          "meanserv": 3.24132179423676,
          "stddevserv": 3.24132179423676,
          "rate": 0.3085161127099606,
          "cv": 1.0,
          "lambda": 0.15
        },
        "MS1_4": {
          "meanserv": 1.2498743099400906,
          "stddevserv": 1.2498743099400906,
          "rate": 0.8000804497277269,
          "cv": 1.0,
          "lambda": 0.15
        },
        "MS1_5": {
          "meanserv": 1.2674005064279132,
          "stddevserv": 1.2674005064279132,
          "rate": 0.7890165696859596,
          "cv": 1.0,
          "lambda": 0.15
        }
      },
      "sensors": [
        "S1"
      ],
      "sources": [
        {
          "startTime": 0,
          "stopTime": -1,
          "lambda": 0.15
        }
      ]
    },
    "SC2": {
      "resptime": 27.192583729082454,
      "resptime_old": 17.192583729082454,
      "waittime": 13.369148438080275,
      "servicetime": 10.0,
      "networktime": 3.8234352910021796,
      "services": {
        "MS2_1": {
          "meanserv": 2.181667195429826,
          "stddevserv": 2.181667195429826,
          "rate": 0.458365053155132,
          "cv": 1.0,
          "lambda": 0.15
        },
        "MS2_2": {
          "meanserv": 1.8968760160037768,
          "stddevserv": 1.8968760160037768,
          "rate": 0.5271825841874154,
          "cv": 1.0,
          "lambda": 0.15
        },
        "MS2_3": {
          "meanserv": 2.959501044697527,
          "stddevserv": 2.959501044697527,
          "rate": 0.3378947954053532,
          "cv": 1.0,
          "lambda": 0.15
        },
        "MS2_4": {
          "meanserv": 0.06009756632063468,
          "stddevserv": 0.06009756632063468,
          "rate": 16.639608909698012,
          "cv": 1.0,
          "lambda": 0.15
        },
        "MS2_5": {
          "meanserv": 2.9018581775482355,
          "stddevserv": 2.9018581775482355,
          "rate": 0.34460677911037496,
          "cv": 1.0,
          "lambda": 0.15
        }
      },
      "sensors": [
        "S2"
      ],
      "sources": [
        {
          "startTime": 0,
          "stopTime": -1,
          "lambda": 0.15
        }
      ]
    },
    "SC3": {
      "resptime": 6699.87561717374,
      "resptime_old": 6689.87561717374,
      "waittime": 6686.031824062781,
      "servicetime": 10.0,
      "networktime": 3.8437931109588033,
      "services": {
        "MS3_1": {
          "meanserv": 1.1065611164125977,
          "stddevserv": 1.1065611164125977,
          "rate": 0.9037006498492716,
          "cv": 1.0,
          "lambda": 0.15
        },
        "MS3_2": {
          "meanserv": 0.8550552998533734,
          "stddevserv": 0.8550552998533734,
          "rate": 1.1695150011601378,
          "cv": 1.0,
          "lambda": 0.15
        },
        "MS3_3": {
          "meanserv": 6.677867954022417,
          "stddevserv": 6.677867954022417,
          "rate": 0.14974839378152865,
          "cv": 1.0,
          "lambda": 0.15
        },
        "MS3_4": {
          "meanserv": 0.40057045249522893,
          "stddevserv": 0.40057045249522893,
          "rate": 2.4964397492895727,
          "cv": 1.0,
          "lambda": 0.15
        },
        "MS3_5": {
          "meanserv": 0.9599451772163832,
          "stddevserv": 0.9599451772163832,
          "rate": 1.0417261565913238,
          "cv": 1.0,
          "lambda": 0.15
        }
      },
      "sensors": [
        "S3"
      ],
      "sources": [
        {
          "startTime": 0,
          "stopTime": -1,
          "lambda": 0.15
        }
      ]
    },
    "SC4": {
      "resptime": 35.66815009187221,
      "resptime_old": 25.668150091872203,
      "waittime": 21.231614313641252,
      "servicetime": 10.0,
      "networktime": 4.4365357782309545,
      "services": {
        "MS4_1": {
          "meanserv": 4.640002040779048,
          "stddevserv": 4.640002040779048,
          "rate": 0.21551714658989715,
          "cv": 1.0,
          "lambda": 0.15
        },
        "MS4_2": {
          "meanserv": 0.9602937242488885,
          "stddevserv": 0.9602937242488885,
          "rate": 1.0413480529430394,
          "cv": 1.0,
          "lambda": 0.15
        },
        "MS4_3": {
          "meanserv": 1.524324243579696,
          "stddevserv": 1.524324243579696,
          "rate": 0.6560284035446539,
          "cv": 1.0,
          "lambda": 0.15
        },
        "MS4_4": {
          "meanserv": 1.9806275773258033,
          "stddevserv": 1.9806275773258033,
          "rate": 0.5048904758511827,
          "cv": 1.0,
          "lambda": 0.15
        },
        "MS4_5": {
          "meanserv": 0.8947524140665646,
          "stddevserv": 0.8947524140665646,
          "rate": 1.1176276076809841,
          "cv": 1.0,
          "lambda": 0.15
        }
      },
      "sensors": [
        "S4"
      ],
      "sources": [
        {
          "startTime": 0,
          "stopTime": -1,
          "lambda": 0.15
        }
      ]
    }
  },
  "microservice": {
    "MS1_1": "F6",
    "MS1_2": "F10",
    "MS1_3": "F10",
    "MS1_4": "F9",
    "MS1_5": "F9",
    "MS2_1": "F8",
    "MS2_2": "F8",
    "MS2_3": "F7",
    "MS2_4": "F1",
    "MS2_5": "F1",
    "MS3_1": "F3",
    "MS3_2": "F3",
    "MS3_3": "F5",
    "MS3_4": "F3",
    "MS3_5": "F3",
    "MS4_1": "F4",
    "MS4_2": "F9",
    "MS4_3": "F2",
    "MS4_4": "F2",
    "MS4_5": "F2"
  },
  "sensor": {
    "S1": "F6",
    "S2": "F8",
    "S3": "F3",
    "S4": "F4"
  },
  "fog": {
    "F1": {
      "rho": 0.44429336158033056,
      "capacity": 1.0,
      "tserv": 1.480977871934435,
      "stddev": 2.49621656570935,
      "mu": 0.6752295351272279,
      "cv": 1.68551915124081,
      "lambda": 0.3,
      "twait": 2.273967598454115
    },
    "F2": {
      "rho": 0.6599556352458096,
      "capacity": 1.0,
      "tserv": 1.4665680783240214,
      "stddev": 1.5959947764258129,
      "mu": 0.6818640162567765,
      "cv": 1.0882514081785408,
      "lambda": 0.44999999999999996,
      "twait": 3.1085790322684943
    },
    "F3": {
      "rho": 0.4983198068966375,
      "capacity": 1.0,
      "tserv": 0.8305330114943958,
      "stddev": 0.9104884223516964,
      "mu": 1.2040460597715177,
      "cv": 1.0962699974001455,
      "lambda": 0.6,
      "twait": 0.9082126051399726
    },
    "F4": {
      "rho": 0.6960003061168571,
      "capacity": 1.0,
      "tserv": 4.640002040779048,
      "stddev": 4.640002040779048,
      "mu": 0.21551714658989715,
      "cv": 1.0,
      "lambda": 0.15,
      "twait": 10.623177936509546
    },
    "F5": {
      "rho": 1.0016801931033625,
      "capacity": 1.0,
      "tserv": 6.6778679540224175,
      "stddev": 6.677867954022416,
      "mu": 0.14974839378152865,
      "cv": 0.9999999999999998,
      "lambda": 0.15,
      "twait": 6682.398973642222
    },
    "F6": {
      "rho": 0.48931241132036885,
      "capacity": 1.0,
      "tserv": 3.2620827421357923,
      "stddev": 3.2620827421357923,
      "mu": 0.30655261654867383,
      "cv": 1.0,
      "lambda": 0.15,
      "twait": 3.1255460439285376
    },
    "F7": {
      "rho": 0.443925156704629,
      "capacity": 1.0,
      "tserv": 2.959501044697527,
      "stddev": 2.959501044697527,
      "mu": 0.3378947954053532,
      "cv": 1.0,
      "lambda": 0.15,
      "twait": 2.362626148036356
    },
    "F8": {
      "rho": 0.6117814817150404,
      "capacity": 1.0,
      "tserv": 2.0392716057168014,
      "stddev": 2.04919049622582,
      "mu": 0.4903711684096642,
      "cv": 1.004863937928235,
      "lambda": 0.3,
      "twait": 3.229293546567844
    },
    "F9": {
      "rho": 0.5216352810925338,
      "capacity": 1.0,
      "tserv": 1.159189513538964,
      "stddev": 1.1761727137133386,
      "mu": 0.8626717101218728,
      "cv": 1.0146509263377699,
      "lambda": 0.44999999999999996,
      "twait": 1.282699280326222
    },
    "F10": {
      "rho": 0.6330963662244306,
      "capacity": 1.0,
      "tserv": 2.110321220748102,
      "stddev": 2.647976633054587,
      "mu": 0.4738615098821322,
      "cv": 1.2547742054718514,
      "lambda": 0.3,
      "twait": 4.687294502630634
    }
  },
  "extra": {
    "deltatime": 0.4989107,
    "conv": 12,
    "obj_func": 1697.8634403881715
  },
  "network": [
    [
      0.0,
      2.0310076123005967,
      2.06547238387257,
      2.010715842444539,
      2.4400810289600057,
      2.072050099108071,
      1.8884141265857228,
      1.9056252763176724,
      2.719462862135742,
      2.719462862135742
    ],
    [
      2.0310076123005967,
      0.0,
      1.486544729625103,
      2.5123924420550323,
      1.7432070413522118,
      2.430443509400236,
      2.2169669009310917,
      2.719462862135742,
      2.370646016001594,
      2.370646016001594
    ],
    [
      2.06547238387257,
      1.486544729625103,
      0.0,
      2.0387075381270323,
      1.9218965554794016,
      2.127768242399614,
      1.9056252763176724,
      2.370646016001594,
      2.5021166167327036,
      2.5021166167327036
    ],
    [
      2.010715842444539,
      2.5123924420550323,
      2.0387075381270323,
      0.0,
      2.6290794341278443,
      1.8884141265857228,
      2.719462862135742,
      2.5021166167327036,
      2.06588976222936,
      2.06588976222936
    ],
    [
      2.4400810289600057,
      1.7432070413522118,
      1.9218965554794016,
      2.6290794341278443,
      0.0,
      2.2169669009310917,
      2.370646016001594,
      2.06588976222936,
      2.000068622313538,
      2.000068622313538
    ],
    [
      2.072050099108071,
      2.430443509400236,
      2.127768242399614,
      1.8884141265857228,
      2.2169669009310917,
      0.0,
      2.5021166167327036,
      2.000068622313538,
      1.9350211644164566,
      1.9350211644164566
    ],
    [
      1.8884141265857228,
      2.2169669009310917,
      1.9056252763176724,
      2.719462862135742,
      2.370646016001594,
      2.5021166167327036,
      0.0,
      1.9350211644164566,
      2.1549570603422197,
      2.1549570603422197
    ],
    [
      1.9056252763176724,
      2.719462862135742,
      2.370646016001594,
      2.5021166167327036,
      2.06588976222936,
      2.000068622313538,
      1.9350211644164566,
      0.0,
      1.3913394576761373,
      1.3913394576761373
    ],
    [
      2.719462862135742,
      2.370646016001594,
      2.5021166167327036,
      2.06588976222936,
      2.000068622313538,
      1.9350211644164566,
      2.1549570603422197,
      1.3913394576761373,
      0.0,
      1.716855783733594
    ],
    [
      2.719462862135742,
      2.370646016001594,
      2.5021166167327036,
      2.06588976222936,
      2.000068622313538,
      1.9350211644164566,
      2.1549570603422197,
      1.3913394576761373,
      1.716855783733594,
      0.0
    ]
  ]
}