{
  "servicechain": {
    "SC1": {
      "resptime": 31.951073835956027,
      "resptime_old": 21.95107383595603,
      "waittime": 17.496729639609825,
      "servicetime": 10.0,
      "networktime": 4.454344196346203,
      "services": {
        "MS1_1": {
          "meanserv": 0.175285125222151,
          "stddevserv": 0.175285125222151,
          "rate": 5.7049906472818535,
          "cv": 1.0,
          "lambda": 0.15
        },
        "MS1_2": {
          "meanserv": 0.010592413220155139,
          "stddevserv": 0.010592413220155139,
          "rate": 94.40719307449315,
          "cv": 1.0,
          "lambda": 0.15
        },
        "MS1_3": {
          "meanserv": 1.8083618297647308,
          "stddevserv": 1.8083618297647308,
          "rate": 0.5529866775224407,
          "cv": 1.0,
          "lambda": 0.15
        },
        "MS1_4": {
          "meanserv": 0.7343476435819685,
          "stddevserv": 0.7343476435819685,
          "rate": 1.361752854713667,
          "cv": 1.0,
          "lambda": 0.15
        },
        "MS1_5": {
          "meanserv": 0.5442990034314765,
          "stddevserv": 0.5442990034314765,
          "rate": 1.8372254839630495,
          "cv": 1.0,
          "lambda": 0.15
        },
        "MS1_6": {
          "meanserv": 0.3561214674307114,
          "stddevserv": 0.3561214674307114,
          "rate": 2.8080306621632256,
          "cv": 1.0,
          "lambda": 0.15
        },
        "MS1_7": {
          "meanserv": 2.4183758296999036,
          "stddevserv": 2.4183758296999036,
          "rate": 0.41350065929334484,
          "cv": 1.0,
          "lambda": 0.15
        },
        "MS1_8": {
          "meanserv": 0.20984068069665351,
          "stddevserv": 0.20984068069665351,
          "rate": 4.765520187411152,
          "cv": 1.0,
          "lambda": 0.15
        },
        "MS1_9": {
          "meanserv": 1.7885764130771662,
          "stddevserv": 1.7885764130771662,
          "rate": 0.559103873163319,
          "cv": 1.0,
          "lambda": 0.15
        },
        "MS1_10": {
          "meanserv": 0.8561583658273015,
          "stddevserv": 0.8561583658273015,
          "rate": 1.1680082095953184,
          "cv": 1.0,
          "lambda": 0.15
        },
        "MS1_11": {
          "meanserv": 0.7250213514735417,
          "stddevserv": 0.7250213514735417,
          "rate": 1.3792697249089128,
          "cv": 1.0,
          "lambda": 0.15
        },
        "MS1_12": {
          "meanserv": 0.3730198765742401,
          "stddevserv": 0.3730198765742401,
          "rate": 2.680822290715051,
          "cv": 1.0,
          "lambda": 0.15
        }
      },
      "sensors": [
        "S1"
      ],
      "sources": [
        {
          "startTime": 0,
          "stopTime": -1,
          "lambda": 0.15
        }
      ]
    },
    "SC2": {
      "resptime": 34.36804704690407,
      "resptime_old": 24.36804704690407,
      "waittime": 20.287921254534634,
      "servicetime": 10.0,
      "networktime": 4.0801257923694365,
      "services": {
        "MS2_1": {
          "meanserv": 0.4794711703748489,
          "stddevserv": 0.4794711703748489,
          "rate": 2.0856311323540133,
          "cv": 1.0,
          "lambda": 0.15
        },
        "MS2_2": {
          "meanserv": 1.69021355229116,
          "stddevserv": 1.69021355229116,
          "rate": 0.591641215185179,
          "cv": 1.0,
          "lambda": 0.15
        },
        "MS2_3": {
          "meanserv": 0.19559711822064507,
          "stddevserv": 0.19559711822064507,
          "rate": 5.112549760942495,
          "cv": 1.0,
          "lambda": 0.15
        },
        "MS2_4": {
          "meanserv": 0.6055614323413847,
          "stddevserv": 0.6055614323413847,
          "rate": 1.6513601206958155,
          "cv": 1.0,
          "lambda": 0.15
        },
        "MS2_5": {
          "meanserv": 0.7650175340958554,
          "stddevserv": 0.7650175340958554,
          "rate": 1.3071595818805137,
          "cv": 1.0,
          "lambda": 0.15
        },
        "MS2_6": {
          "meanserv": 0.24659329378308525,
          "stddevserv": 0.24659329378308525,
          "rate": 4.0552603222034325,
          "cv": 1.0,
          "lambda": 0.15
        },
        "MS2_7": {
          "meanserv": 0.06258264918248457,
          "stddevserv": 0.06258264918248457,
          "rate": 15.97886975164798,
          "cv": 1.0,
          "lambda": 0.15
        },
        "MS2_8": {
          "meanserv": 0.0715159300981858,
          "stddevserv": 0.0715159300981858,
          "rate": 13.982898616113612,
          "cv": 1.0,
          "lambda": 0.15
        },
        "MS2_9": {
          "meanserv": 0.82200217661285,
          "stddevserv": 0.82200217661285,
          "rate": 1.216541790826649,
          "cv": 1.0,
          "lambda": 0.15
        },
        "MS2_10": {
          "meanserv": 0.40516512686495876,
          "stddevserv": 0.40516512686495876,
          "rate": 2.468129495096697,
          "cv": 1.0,
          "lambda": 0.15
        },
        "MS2_11": {
          "meanserv": 0.7242032091515451,
          "stddevserv": 0.7242032091515451,
          "rate": 1.3808279048798613,
          "cv": 1.0,
          "lambda": 0.15
        },
        "MS2_12": {
          "meanserv": 3.9320768069829963,
          "stddevserv": 3.9320768069829963,
          "rate": 0.25431853167875423,
          "cv": 1.0,
          "lambda": 0.15
        }
      },
      "sensors": [
        "S2"
      ],
      "sources": [
        {
          "startTime": 0,
          "stopTime": -1,
          "lambda": 0.15
        }
      ]
    },
    "SC3": {
      "resptime": 30.531361237950087,
      "resptime_old": 20.531361237950087,
      "waittime": 17.80242749944118,
      "servicetime": 10.0,
      "networktime": 2.7289337385089083,
      "services": {
        "MS3_1": {
          "meanserv": 2.384577853002571,
          "stddevserv": 2.384577853002571,
          "rate": 0.41936143906597034,
          "cv": 1.0,
          "lambda": 0.15
        },
        "MS3_2": {
          "meanserv": 0.262868680744067,
          "stddevserv": 0.262868680744067,
          "rate": 3.8041808448592453,
          "cv": 1.0,
          "lambda": 0.15
        },
        "MS3_3": {
          "meanserv": 0.15751453067582277,
          "stddevserv": 0.15751453067582277,
          "rate": 6.348620636518152,
          "cv": 1.0,
          "lambda": 0.15
        },
        "MS3_4": {
          "meanserv": 0.26929917918434043,
          "stddevserv": 0.26929917918434043,
          "rate": 3.713342175898282,
          "cv": 1.0,
          "lambda": 0.15
        },
        "MS3_5": {
          "meanserv": 0.16096812560926566,
          "stddevserv": 0.16096812560926566,
          "rate": 6.212410042143387,
          "cv": 1.0,
          "lambda": 0.15
        },
        "MS3_6": {
          "meanserv": 0.34019788525700534,
          "stddevserv": 0.34019788525700534,
          "rate": 2.939465656126997,
          "cv": 1.0,
          "lambda": 0.15
        },
        "MS3_7": {
          "meanserv": 0.4262100714567101,
          "stddevserv": 0.4262100714567101,
          "rate": 2.3462608393606894,
          "cv": 1.0,
          "lambda": 0.15
        },
        "MS3_8": {
          "meanserv": 0.27210033789949595,
          "stddevserv": 0.27210033789949595,
          "rate": 3.6751148775469877,
          "cv": 1.0,
          "lambda": 0.15
        },
        "MS3_9": {
          "meanserv": 0.28268769134807137,
          "stddevserv": 0.28268769134807137,
          "rate": 3.537472732651479,
          "cv": 1.0,
          "lambda": 0.15
        },
        "MS3_10": {
          "meanserv": 1.5376986453321146,
          "stddevserv": 1.5376986453321146,
          "rate": 0.6503224822598568,
          "cv": 1.0,
          "lambda": 0.15
        },
        "MS3_11": {
          "meanserv": 3.6337397567468432,
          "stddevserv": 3.6337397567468432,
          "rate": 0.2751985741805748,
          "cv": 1.0,
          "lambda": 0.15
        },
        "MS3_12": {
          "meanserv": 0.27213724274369255,
          "stddevserv": 0.27213724274369255,
          "rate": 3.6746164909954335,
          "cv": 1.0,
          "lambda": 0.15
        }
      },
      "sensors": [
        "S3"
      ],
      "sources": [
        {
          "startTime": 0,
          "stopTime": -1,
          "lambda": 0.15
        }
      ]
    },
    "SC4": {
      "resptime": 36.087418002736946,
      "resptime_old": 26.087418002736953,
      "waittime": 23.502284811439115,
      "servicetime": 10.0,
      "networktime": 2.585133191297837,
      "services": {
        "MS4_1": {
          "meanserv": 1.2968820701260264,
          "stddevserv": 1.2968820701260264,
          "rate": 0.7710801336800219,
          "cv": 1.0,
          "lambda": 0.15
        },
        "MS4_2": {
          "meanserv": 0.21487373224980844,
          "stddevserv": 0.21487373224980844,
          "rate": 4.653895985933811,
          "cv": 1.0,
          "lambda": 0.15
        },
        "MS4_3": {
          "meanserv": 0.5894483709493936,
          "stddevserv": 0.5894483709493936,
          "rate": 1.6965014228291995,
          "cv": 1.0,
          "lambda": 0.15
        },
        "MS4_4": {
          "meanserv": 0.4040083412047202,
          "stddevserv": 0.4040083412047202,
          "rate": 2.475196420494886,
          "cv": 1.0,
          "lambda": 0.15
        },
        "MS4_5": {
          "meanserv": 0.06812618951976379,
          "stddevserv": 0.06812618951976379,
          "rate": 14.678642781127431,
          "cv": 1.0,
          "lambda": 0.15
        },
        "MS4_6": {
          "meanserv": 0.4662414259812975,
          "stddevserv": 0.4662414259812975,
          "rate": 2.144811559580537,
          "cv": 1.0,
          "lambda": 0.15
        },
        "MS4_7": {
          "meanserv": 0.5836328532136248,
          "stddevserv": 0.5836328532136248,
          "rate": 1.7134059443257112,
          "cv": 1.0,
          "lambda": 0.15
        },
        "MS4_8": {
          "meanserv": 1.6971696764495938,
          "stddevserv": 1.6971696764495938,
          "rate": 0.58921627806358,
          "cv": 1.0,
          "lambda": 0.15
        },
        "MS4_9": {
          "meanserv": 1.9201383100269798,
          "stddevserv": 1.9201383100269798,
          "rate": 0.5207958170398408,
          "cv": 1.0,
          "lambda": 0.15
        },
        "MS4_10": {
          "meanserv": 0.5138550028389819,
          "stddevserv": 0.5138550028389819,
          "rate": 1.9460742709035241,
          "cv": 1.0,
          "lambda": 0.15
        },
        "MS4_11": {
          "meanserv": 0.7657906707836108,
          "stddevserv": 0.7657906707836108,
          "rate": 1.3058398830802282,
          "cv": 1.0,
          "lambda": 0.15
        },
        "MS4_12": {
          "meanserv": 1.479833356656199,
          "stddevserv": 1.479833356656199,
          "rate": 0.6757517631982425,
          "cv": 1.0,
          "lambda": 0.15
        }
      },
      "sensors": [
        "S4"
      ],
      "sources": [
        {
          "startTime": 0,
          "stopTime": -1,
          "lambda": 0.15
        }
      ]
    }
  },
  "microservice": {
    "MS1_1": "F1",
    "MS1_2": "F1",
    "MS1_3": "F2",
    "MS1_4": "F1",
    "MS1_5": "F1",
    "MS1_6": "F1",
    "MS1_7": "F9",
    "MS1_8": "F1",
    "MS1_9": "F7",
    "MS1_10": "F7",
    "MS1_11": "F7",
    "MS1_12": "F1",
    "MS2_1": "F1",
    "MS2_2": "F4",
    "MS2_3": "F4",
    "MS2_4": "F6",
    "MS2_5": "F6",
    "MS2_6": "F4",
    "MS2_7": "F4",
    "MS2_8": "F4",
    "MS2_9": "F3",
    "MS2_10": "F3",
    "MS2_11": "F3",
    "MS2_12": "F10",
    "MS3_1": "F2",
    "MS3_2": "F1",
    "MS3_3": "F1",
    "MS3_4": "F1",
    "MS3_5": "F1",
    "MS3_6": "F1",
    "MS3_7": "F6",
    "MS3_8": "F6",
    "MS3_9": "F6",
    "MS3_10": "F6",
    "MS3_11": "F5",
    "MS3_12": "F4",
    "MS4_1": "F9",
    "MS4_2": "F4",
    "MS4_3": "F4",
    "MS4_4": "F4",
    "MS4_5": "F4",
    "MS4_6": "F7",
    "MS4_7": "F7",
    "MS4_8": "F8",
    "MS4_9": "F8",
    "MS4_10": "F8",
    "MS4_11": "F3",
    "MS4_12": "F3"
  },
  "sensor": {
    "S1": "F1",
    "S2": "F1",
    "S3": "F2",
    "S4": "F9"
  },
  "fog": {
    "F1": {
      "rho": 0.6110738673004059,
      "capacity": 1.0,
      "tserv": 0.31337121400020823,
      "stddev": 0.4068689592906048,
      "mu": 3.191103570857454,
      "cv": 1.2983609888633052,
      "lambda": 1.9499999999999995,
      "twait": 0.6611802331674429
    },
    "F2": {
      "rho": 0.6289409524150953,
      "capacity": 1.0,
      "tserv": 2.096469841383651,
      "stddev": 2.135696197624841,
      "mu": 0.47699231358368077,
      "cv": 1.0187106704169429,
      "lambda": 0.3,
      "twait": 3.62060328511368
    },
    "F3": {
      "rho": 0.6295491810103745,
      "capacity": 1.0,
      "tserv": 0.8393989080138327,
      "stddev": 0.9755372764838228,
      "mu": 1.1913286882469005,
      "cv": 1.1621855439294266,
      "lambda": 0.75,
      "twait": 1.676602621403578
    },
    "F4": {
      "rho": 0.5722644630364411,
      "capacity": 1.0,
      "tserv": 0.38150964202429405,
      "stddev": 0.7579860312918919,
      "mu": 2.6211657317335146,
      "cv": 1.9868070103549946,
      "lambda": 1.4999999999999998,
      "twait": 1.2626243935148294
    },
    "F5": {
      "rho": 0.5450609635120265,
      "capacity": 1.0,
      "tserv": 3.6337397567468432,
      "stddev": 3.6337397567468432,
      "mu": 0.2751985741805748,
      "cv": 1.0,
      "lambda": 0.15,
      "twait": 4.35357165270813
    },
    "F6": {
      "rho": 0.5833913568710448,
      "capacity": 1.0,
      "tserv": 0.6482126187456053,
      "stddev": 0.892849511788413,
      "mu": 1.542703691784278,
      "cv": 1.377402238043775,
      "lambda": 0.9,
      "twait": 1.3149317505668314
    },
    "F7": {
      "rho": 0.6629445614359398,
      "capacity": 1.0,
      "tserv": 0.8839260819145863,
      "stddev": 1.1067725641365977,
      "mu": 1.1313163175748782,
      "cv": 1.2521098616519215,
      "lambda": 0.75,
      "twait": 2.232130012011062
    },
    "F8": {
      "rho": 0.6196744483973332,
      "capacity": 1.0,
      "tserv": 1.3770543297718518,
      "stddev": 1.6303261562278122,
      "mu": 0.7261877606279183,
      "cv": 1.1839229004841967,
      "lambda": 0.44999999999999996,
      "twait": 2.694282428086552
    },
    "F9": {
      "rho": 0.5572886849738895,
      "capacity": 1.0,
      "tserv": 1.857628949912965,
      "stddev": 2.0198166852306967,
      "mu": 0.5383206372009075,
      "cv": 1.0873090050224135,
      "lambda": 0.3,
      "twait": 2.551474686290861
    },
    "F10": {
      "rho": 0.5898115210474494,
      "capacity": 1.0,
      "tserv": 3.932076806982996,
      "stddev": 3.932076806982997,
      "mu": 0.2543185316787543,
      "cv": 1.0000000000000004,
      "lambda": 0.15,
      "twait": 5.653947688448646
    }
  },
  "extra": {
    "conv_gen": 330,
    "max_gen": 600,
    "population": 600,
    "deltatime": 70.8069001,
    "obj_func": 33.23447503088678
  },
  "network": [
    [
      0.0,
      0.756679664470446,
      0.7677674183719949,
      0.8476566911752044,
      0.976876535744767,
      0.6890101109505185,
      0.6471241702445383,
      0.951190728138394,
      0.8233682634581172,
      0.8233682634581172
    ],
    [
      0.756679664470446,
      0.0,
      0.7447784340409216,
      0.8602998127934147,
      1.0748123353751438,
      0.7626726221617719,
      0.8296199451218156,
      0.8233682634581172,
      0.495285259696534,
      0.495285259696534
    ],
    [
      0.7677674183719949,
      0.7447784340409216,
      0.0,
      0.9012243232019915,
      0.8928727433664366,
      0.9809460269765979,
      0.951190728138394,
      0.495285259696534,
      1.0369964375031637,
      1.0369964375031637
    ],
    [
      0.8476566911752044,
      0.8602998127934147,
      0.9012243232019915,
      0.0,
      0.45362401796612817,
      0.6471241702445383,
      0.8233682634581172,
      1.0369964375031637,
      0.7092403354637671,
      0.7092403354637671
    ],
    [
      0.976876535744767,
      1.0748123353751438,
      0.8928727433664366,
      0.45362401796612817,
      0.0,
      0.8296199451218156,
      0.495285259696534,
      0.7092403354637671,
      0.6452500526583375,
      0.6452500526583375
    ],
    [
      0.6890101109505185,
      0.7626726221617719,
      0.9809460269765979,
      0.6471241702445383,
      0.8296199451218156,
      0.0,
      1.0369964375031637,
      0.6452500526583375,
      0.5572393326794187,
      0.5572393326794187
    ],
    [
      0.6471241702445383,
      0.8296199451218156,
      0.951190728138394,
      0.8233682634581172,
      0.495285259696534,
      1.0369964375031637,
      0.0,
      0.5572393326794187,
      1.0387208891243285,
      1.0387208891243285
    ],
    [
      0.951190728138394,
      0.8233682634581172,
      0.495285259696534,
      1.0369964375031637,
      0.7092403354637671,
      0.6452500526583375,
      0.5572393326794187,
      0.0,
      0.9512771725484537,
      0.9512771725484537
    ],
    [
      0.8233682634581172,
      0.495285259696534,
      1.0369964375031637,
      0.7092403354637671,
      0.6452500526583375,
      0.5572393326794187,
      1.0387208891243285,
      0.9512771725484537,
      0.0,
      0.8204687418089196
    ],
    [
      0.8233682634581172,
      0.495285259696534,
      1.0369964375031637,
      0.7092403354637671,
      0.6452500526583375,
      0.5572393326794187,
      1.0387208891243285,
      0.9512771725484537,
      0.8204687418089196,
      0.0
    ]
  ]
}