{
  "servicechain": {
    "SC1": {
      "resptime": 17.979952936846544,
      "resptime_old": 7.979952936846543,
      "waittime": 5.321162249281815,
      "servicetime": 10.0,
      "networktime": 2.6587906875647276,
      "services": {
        "MS1_1": {
          "meanserv": 3.4265450559105592,
          "stddevserv": 3.4265450559105592,
          "rate": 0.2918391510057827,
          "cv": 1.0,
          "lambda": 0.075
        },
        "MS1_2": {
          "meanserv": 0.12050967517614142,
          "stddevserv": 0.12050967517614142,
          "rate": 8.298088917245547,
          "cv": 1.0,
          "lambda": 0.075
        },
        "MS1_3": {
          "meanserv": 2.8204805334128755,
          "stddevserv": 2.8204805334128755,
          "rate": 0.35454951316042826,
          "cv": 1.0,
          "lambda": 0.075
        },
        "MS1_4": {
          "meanserv": 3.551831531233983,
          "stddevserv": 3.551831531233983,
          "rate": 0.2815448849998182,
          "cv": 1.0,
          "lambda": 0.075
        },
        "MS1_5": {
          "meanserv": 0.08063320426644083,
          "stddevserv": 0.08063320426644083,
          "rate": 12.401838784623315,
          "cv": 1.0,
          "lambda": 0.075
        }
      },
      "sensors": [
        "S1"
      ],
      "sources": [
        {
          "startTime": 0,
          "stopTime": -1,
          "lambda": 0.075
        }
      ]
    },
    "SC2": {
      "resptime": 18.86399892358109,
      "resptime_old": 8.863998923581088,
      "waittime": 6.919084531105805,
      "servicetime": 10.0,
      "networktime": 1.9449143924752825,
      "services": {
        "MS2_1": {
          "meanserv": 5.134467846212683,
          "stddevserv": 5.134467846212683,
          "rate": 0.19476215061656799,
          "cv": 1.0,
          "lambda": 0.075
        },
        "MS2_2": {
          "meanserv": 0.9608865653533929,
          "stddevserv": 0.9608865653533929,
          "rate": 1.0407055692700022,
          "cv": 1.0,
          "lambda": 0.075
        },
        "MS2_3": {
          "meanserv": 0.19708748881913696,
          "stddevserv": 0.19708748881913696,
          "rate": 5.07388878914419,
          "cv": 1.0,
          "lambda": 0.075
        },
        "MS2_4": {
          "meanserv": 1.905465682373305,
          "stddevserv": 1.905465682373305,
          "rate": 0.5248060929412673,
          "cv": 1.0,
          "lambda": 0.075
        },
        "MS2_5": {
          "meanserv": 1.8020924172414823,
          "stddevserv": 1.8020924172414823,
          "rate": 0.5549104976151725,
          "cv": 1.0,
          "lambda": 0.075
        }
      },
      "sensors": [
        "S2"
      ],
      "sources": [
        {
          "startTime": 0,
          "stopTime": -1,
          "lambda": 0.075
        }
      ]
    },
    "SC3": {
      "resptime": 18.569307293094116,
      "resptime_old": 8.569307293094118,
      "waittime": 4.963518515401329,
      "servicetime": 10.0,
      "networktime": 3.605788777692788,
      "services": {
        "MS3_1": {
          "meanserv": 1.3061766525417995,
          "stddevserv": 1.3061766525417995,
          "rate": 0.765593228185495,
          "cv": 1.0,
          "lambda": 0.075
        },
        "MS3_2": {
          "meanserv": 2.9312281194735834,
          "stddevserv": 2.9312281194735834,
          "rate": 0.34115393249556747,
          "cv": 1.0,
          "lambda": 0.075
        },
        "MS3_3": {
          "meanserv": 4.263161255655945,
          "stddevserv": 4.263161255655945,
          "rate": 0.23456771630988577,
          "cv": 1.0,
          "lambda": 0.075
        },
        "MS3_4": {
          "meanserv": 0.6483575592598907,
          "stddevserv": 0.6483575592598907,
          "rate": 1.5423588199411358,
          "cv": 1.0,
          "lambda": 0.075
        },
        "MS3_5": {
          "meanserv": 0.8510764130687818,
          "stddevserv": 0.8510764130687818,
          "rate": 1.1749826274637722,
          "cv": 1.0,
          "lambda": 0.075
        }
      },
      "sensors": [
        "S3"
      ],
      "sources": [
        {
          "startTime": 0,
          "stopTime": -1,
          "lambda": 0.075
        }
      ]
    },
    "SC4": {
      "resptime": 18.68293571385982,
      "resptime_old": 8.68293571385982,
      "waittime": 5.307601581442777,
      "servicetime": 10.0,
      "networktime": 3.375334132417044,
      "services": {
        "MS4_1": {
          "meanserv": 0.8851874128538173,
          "stddevserv": 0.8851874128538173,
          "rate": 1.1297042699421476,
          "cv": 1.0,
          "lambda": 0.075
        },
        "MS4_2": {
          "meanserv": 3.853432221888932,
          "stddevserv": 3.853432221888932,
          "rate": 0.2595089111259378,
          "cv": 1.0,
          "lambda": 0.075
        },
        "MS4_3": {
          "meanserv": 3.150167733593369,
          "stddevserv": 3.150167733593369,
          "rate": 0.3174434139922158,
          "cv": 1.0,
          "lambda": 0.075
        },
        "MS4_4": {
          "meanserv": 1.1157997720833244,
          "stddevserv": 1.1157997720833244,
          "rate": 0.8962181432721454,
          "cv": 1.0,
          "lambda": 0.075
        },
        "MS4_5": {
          "meanserv": 0.9954128595805578,
          "stddevserv": 0.9954128595805578,
          "rate": 1.0046082792434239,
          "cv": 1.0,
          "lambda": 0.075
        }
      },
      "sensors": [
        "S4"
      ],
      "sources": [
        {
          "startTime": 0,
          "stopTime": -1,
          "lambda": 0.075
        }
      ]
    }
  },
  "microservice": {
    "MS1_1": "F5",
    "MS1_2": "F2",
    "MS1_3": "F2",
    "MS1_4": "F10",
    "MS1_5": "F10",
    "MS2_1": "F6",
    "MS2_2": "F4",
    "MS2_3": "F4",
    "MS2_4": "F4",
    "MS2_5": "F4",
    "MS3_1": "F9",
    "MS3_2": "F9",
    "MS3_3": "F7",
    "MS3_4": "F1",
    "MS3_5": "F1",
    "MS4_1": "F3",
    "MS4_2": "F3",
    "MS4_3": "F8",
    "MS4_4": "F1",
    "MS4_5": "F1"
  },
  "sensor": {
    "S1": "F5",
    "S2": "F6",
    "S3": "F9",
    "S4": "F3"
  },
  "fog": {
    "F1": {
      "rho": 0.2707984952994416,
      "capacity": 1.0,
      "tserv": 0.9026616509981388,
      "stddev": 0.9356704456072226,
      "mu": 1.1078348115201606,
      "cv": 1.036568291754262,
      "lambda": 0.3,
      "twait": 0.347697562622201
    },
    "F2": {
      "rho": 0.22057426564417626,
      "capacity": 1.0,
      "tserv": 1.4704951042945085,
      "stddev": 2.40982928221439,
      "mu": 0.6800430665015812,
      "cv": 1.638787694822378,
      "lambda": 0.15,
      "twait": 0.7668754702869875
    },
    "F3": {
      "rho": 0.35539647260570617,
      "capacity": 1.0,
      "tserv": 2.3693098173713745,
      "stddev": 3.1652594891847854,
      "mu": 0.42206384013950854,
      "cv": 1.3359415750433499,
      "lambda": 0.15,
      "twait": 1.818850190103508
    },
    "F4": {
      "rho": 0.36491491153404876,
      "capacity": 1.0,
      "tserv": 1.2163830384468293,
      "stddev": 1.5622592013275207,
      "mu": 0.8221094576235429,
      "cv": 1.2843480646707575,
      "lambda": 0.3,
      "twait": 0.9259172305138647
    },
    "F5": {
      "rho": 0.25699087919329194,
      "capacity": 1.0,
      "tserv": 3.4265450559105592,
      "stddev": 3.4265450559105592,
      "mu": 0.2918391510057827,
      "cv": 1.0,
      "lambda": 0.075,
      "twait": 1.18516825951988
    },
    "F6": {
      "rho": 0.3850850884659512,
      "capacity": 1.0,
      "tserv": 5.134467846212683,
      "stddev": 5.134467846212683,
      "mu": 0.19476215061656799,
      "cv": 1.0,
      "lambda": 0.075,
      "twait": 3.2154156090503454
    },
    "F7": {
      "rho": 0.3197370941741958,
      "capacity": 1.0,
      "tserv": 4.263161255655945,
      "stddev": 4.263161255655945,
      "mu": 0.23456771630988577,
      "cv": 1.0,
      "lambda": 0.075,
      "twait": 2.003770571944865
    },
    "F8": {
      "rho": 0.23626258001950265,
      "capacity": 1.0,
      "tserv": 3.150167733593369,
      "stddev": 3.150167733593369,
      "mu": 0.3174434139922158,
      "cv": 1.0,
      "lambda": 0.075,
      "twait": 0.9745060759913584
    },
    "F9": {
      "rho": 0.3178053579011537,
      "capacity": 1.0,
      "tserv": 2.1187023860076915,
      "stddev": 2.4102481066403216,
      "mu": 0.47198700799328297,
      "cv": 1.1376057923746408,
      "lambda": 0.15,
      "twait": 1.1321764091060307
    },
    "F10": {
      "rho": 0.27243485516253185,
      "capacity": 1.0,
      "tserv": 1.8162323677502121,
      "stddev": 3.0534093938145066,
      "mu": 0.5505903417186158,
      "cv": 1.6811777215471608,
      "lambda": 0.15,
      "twait": 1.30112152459398
    }
  },
  "extra": {
    "conv_gen": 28,
    "max_gen": 600,
    "population": 600,
    "deltatime": 40.8058409,
    "obj_func": 18.524048716845392
  },
  "network": [
    [
      0.0,
      1.4593670926764357,
      2.033948606211325,
      2.0478895644031363,
      1.17330591889546,
      2.460217802923287,
      1.9449143924752825,
      2.189437826379052,
      2.568359222169447,
      2.568359222169447
    ],
    [
      1.4593670926764357,
      0.0,
      1.8370294351715393,
      1.758222079366405,
      1.4728943815267361,
      2.245871357938968,
      2.8887188966852597,
      2.568359222169447,
      1.1858963060379917,
      1.1858963060379917
    ],
    [
      2.033948606211325,
      1.8370294351715393,
      0.0,
      2.5235680264460636,
      1.2940684960682027,
      1.8337598509232398,
      2.189437826379052,
      1.1858963060379917,
      1.8745593026269851,
      1.8745593026269851
    ],
    [
      2.0478895644031363,
      1.758222079366405,
      2.5235680264460636,
      0.0,
      2.1032473504549163,
      1.9449143924752825,
      2.568359222169447,
      1.8745593026269851,
      1.6465870424288693,
      1.6465870424288693
    ],
    [
      1.17330591889546,
      1.4728943815267361,
      1.2940684960682027,
      2.1032473504549163,
      0.0,
      2.8887188966852597,
      1.1858963060379917,
      1.6465870424288693,
      2.38905153566117,
      2.38905153566117
    ],
    [
      2.460217802923287,
      2.245871357938968,
      1.8337598509232398,
      1.9449143924752825,
      2.8887188966852597,
      0.0,
      1.8745593026269851,
      2.38905153566117,
      2.253600327506985,
      2.253600327506985
    ],
    [
      1.9449143924752825,
      2.8887188966852597,
      2.189437826379052,
      2.568359222169447,
      1.1858963060379917,
      1.8745593026269851,
      0.0,
      2.253600327506985,
      1.6608743852175054,
      1.6608743852175054
    ],
    [
      2.189437826379052,
      2.568359222169447,
      1.1858963060379917,
      1.8745593026269851,
      1.6465870424288693,
      2.38905153566117,
      2.253600327506985,
      0.0,
      2.8927577015445727,
      2.8927577015445727
    ],
    [
      2.568359222169447,
      1.1858963060379917,
      1.8745593026269851,
      1.6465870424288693,
      2.38905153566117,
      2.253600327506985,
      1.6608743852175054,
      2.8927577015445727,
      0.0,
      2.133626367575039
    ],
    [
      2.568359222169447,
      1.1858963060379917,
      1.8745593026269851,
      1.6465870424288693,
      2.38905153566117,
      2.253600327506985,
      1.6608743852175054,
      2.8927577015445727,
      2.133626367575039,
      0.0
    ]
  ]
}