{
  "servicechain": {
    "SC1": {
      "resptime": 27699.032012159834,
      "resptime_old": 27689.032012159834,
      "waittime": 27686.406870475057,
      "servicetime": 10.0,
      "networktime": 2.625141684776705,
      "services": {
        "MS1_1": {
          "meanserv": 0.7599448538366704,
          "stddevserv": 0.7599448538366704,
          "rate": 1.3158849552719294,
          "cv": 1.0,
          "lambda": 0.15
        },
        "MS1_2": {
          "meanserv": 2.7024370703249723,
          "stddevserv": 2.7024370703249723,
          "rate": 0.37003636864696665,
          "cv": 1.0,
          "lambda": 0.15
        },
        "MS1_3": {
          "meanserv": 6.537618075838357,
          "stddevserv": 6.537618075838357,
          "rate": 0.15296090845315466,
          "cv": 1.0,
          "lambda": 0.15
        }
      },
      "sensors": [
        "S1"
      ],
      "sources": [
        {
          "startTime": 0,
          "stopTime": -1,
          "lambda": 0.15
        }
      ]
    },
    "SC2": {
      "resptime": 27698.502883691766,
      "resptime_old": 27688.502883691766,
      "waittime": 27682.54482914226,
      "servicetime": 10.0,
      "networktime": 5.958054549505464,
      "services": {
        "MS2_1": {
          "meanserv": 2.0519296960795286,
          "stddevserv": 2.0519296960795286,
          "rate": 0.4873461317464368,
          "cv": 1.0,
          "lambda": 0.15
        },
        "MS2_2": {
          "meanserv": 7.113584003883646,
          "stddevserv": 7.113584003883646,
          "rate": 0.1405761145793811,
          "cv": 1.0,
          "lambda": 0.15
        },
        "MS2_3": {
          "meanserv": 0.8344863000368257,
          "stddevserv": 0.8344863000368257,
          "rate": 1.1983420218592806,
          "cv": 1.0,
          "lambda": 0.15
        }
      },
      "sensors": [
        "S2"
      ],
      "sources": [
        {
          "startTime": 0,
          "stopTime": -1,
          "lambda": 0.15
        }
      ]
    },
    "SC3": {
      "resptime": 27701.008428205958,
      "resptime_old": 27691.008428205958,
      "waittime": 27686.00859902172,
      "servicetime": 10.0,
      "networktime": 4.999829184239223,
      "services": {
        "MS3_1": {
          "meanserv": 0.3165034217783791,
          "stddevserv": 0.3165034217783791,
          "rate": 3.159523503351621,
          "cv": 1.0,
          "lambda": 0.15
        },
        "MS3_2": {
          "meanserv": 6.043877398884624,
          "stddevserv": 6.043877398884624,
          "rate": 0.16545669840763919,
          "cv": 1.0,
          "lambda": 0.15
        },
        "MS3_3": {
          "meanserv": 3.6396191793369965,
          "stddevserv": 3.6396191793369965,
          "rate": 0.2747540197824111,
          "cv": 1.0,
          "lambda": 0.15
        }
      },
      "sensors": [
        "S3"
      ],
      "sources": [
        {
          "startTime": 0,
          "stopTime": -1,
          "lambda": 0.15
        }
      ]
    },
    "SC4": {
      "resptime": 27696.17687656676,
      "resptime_old": 27686.17687656676,
      "waittime": 27683.007134706517,
      "servicetime": 10.0,
      "networktime": 3.169741860240992,
      "services": {
        "MS4_1": {
          "meanserv": 1.264434206043611,
          "stddevserv": 1.264434206043611,
          "rate": 0.7908675637058095,
          "cv": 1.0,
          "lambda": 0.15
        },
        "MS4_2": {
          "meanserv": 1.2477108086982416,
          "stddevserv": 1.2477108086982416,
          "rate": 0.8014677704389829,
          "cv": 1.0,
          "lambda": 0.15
        },
        "MS4_3": {
          "meanserv": 7.4878549852581475,
          "stddevserv": 7.4878549852581475,
          "rate": 0.13354959490652107,
          "cv": 1.0,
          "lambda": 0.15
        }
      },
      "sensors": [
        "S4"
      ],
      "sources": [
        {
          "startTime": 0,
          "stopTime": -1,
          "lambda": 0.15
        }
      ]
    }
  },
  "microservice": {
    "MS1_1": "F6",
    "MS1_2": "F6",
    "MS1_3": "F1",
    "MS2_1": "F5",
    "MS2_2": "F1",
    "MS2_3": "F4",
    "MS3_1": "F4",
    "MS3_2": "F1",
    "MS3_3": "F3",
    "MS4_1": "F2",
    "MS4_2": "F2",
    "MS4_3": "F1"
  },
  "sensor": {
    "S1": "F6",
    "S2": "F5",
    "S3": "F4",
    "S4": "F2"
  },
  "fog": {
    "F1": {
      "rho": 4.077440169579716,
      "capacity": 1.0,
      "tserv": 6.795733615966193,
      "stddev": 6.840174084791099,
      "mu": 0.1471511475450651,
      "cv": 1.0065394659850255,
      "lambda": 0.6,
      "twait": 27681.488030276243
    },
    "F2": {
      "rho": 0.37682175221127795,
      "capacity": 1.0,
      "tserv": 1.2560725073709265,
      "stddev": 1.2561281701253542,
      "mu": 0.7961323841830521,
      "cv": 1.0000443149213927,
      "lambda": 0.3,
      "twait": 0.7595522151373456
    },
    "F3": {
      "rho": 0.5459428769005494,
      "capacity": 1.0,
      "tserv": 3.6396191793369965,
      "stddev": 3.6396191793369965,
      "mu": 0.2747540197824111,
      "cv": 1.0,
      "lambda": 0.15,
      "twait": 4.376154594880005
    },
    "F4": {
      "rho": 0.1726484582722807,
      "capacity": 1.0,
      "tserv": 0.5754948609076024,
      "stddev": 0.6821638117164476,
      "mu": 1.7376349780481417,
      "cv": 1.185351699997146,
      "lambda": 0.3,
      "twait": 0.14441415059489573
    },
    "F5": {
      "rho": 0.3077894544119293,
      "capacity": 1.0,
      "tserv": 2.0519296960795286,
      "stddev": 2.0519296960795286,
      "mu": 0.4873461317464368,
      "cv": 1.0,
      "lambda": 0.15,
      "twait": 0.9123847154212412
    },
    "F6": {
      "rho": 0.5193572886242463,
      "capacity": 1.0,
      "tserv": 1.7311909620808212,
      "stddev": 2.2099004848067563,
      "mu": 0.5776370267079263,
      "cv": 1.2765203453641796,
      "lambda": 0.3,
      "twait": 2.459420099406818
    },
    "F7": {
      "rho": 0,
      "capacity": 1.0,
      "tserv": 0,
      "stddev": 0,
      "mu": 0,
      "cv": 0,
      "lambda": 0.0,
      "twait": 0
    },
    "F8": {
      "rho": 0,
      "capacity": 1.0,
      "tserv": 0,
      "stddev": 0,
      "mu": 0,
      "cv": 0,
      "lambda": 0.0,
      "twait": 0
    },
    "F9": {
      "rho": 0,
      "capacity": 1.0,
      "tserv": 0,
      "stddev": 0,
      "mu": 0,
      "cv": 0,
      "lambda": 0.0,
      "twait": 0
    },
    "F10": {
      "rho": 0,
      "capacity": 1.0,
      "tserv": 0,
      "stddev": 0,
      "mu": 0,
      "cv": 0,
      "lambda": 0.0,
      "twait": 0
    }
  },
  "extra": {
    "deltatime": 0.0060615,
    "obj_func": 27698.68005015608
  },
  "network": [
    [
      0.0,
      3.169741860240992,
      1.7513195403150108,
      3.248509643924212,
      2.7095449055812515,
      2.625141684776705,
      4.24459047089422,
      4.037822334619639,
      4.001461503395116,
      4.001461503395116
    ],
    [
      3.169741860240992,
      0.0,
      3.682667532513013,
      2.6864544288475596,
      3.448631977789143,
      4.140598643283944,
      2.3610729137435085,
      4.001461503395116,
      2.778881032555217,
      2.778881032555217
    ],
    [
      1.7513195403150108,
      3.682667532513013,
      0.0,
      3.578665395968708,
      3.0598413633753907,
      4.917227546416933,
      4.037822334619639,
      2.778881032555217,
      3.4082201053365972,
      3.4082201053365972
    ],
    [
      3.248509643924212,
      2.6864544288475596,
      3.578665395968708,
      0.0,
      3.372674153100051,
      4.24459047089422,
      4.001461503395116,
      3.4082201053365972,
      4.229007609083518,
      4.229007609083518
    ],
    [
      2.7095449055812515,
      3.448631977789143,
      3.0598413633753907,
      3.372674153100051,
      0.0,
      2.3610729137435085,
      2.778881032555217,
      4.229007609083518,
      3.8706966374994183,
      3.8706966374994183
    ],
    [
      2.625141684776705,
      4.140598643283944,
      4.917227546416933,
      4.24459047089422,
      2.3610729137435085,
      0.0,
      3.4082201053365972,
      3.8706966374994183,
      3.02385943240877,
      3.02385943240877
    ],
    [
      4.24459047089422,
      2.3610729137435085,
      4.037822334619639,
      4.001461503395116,
      2.778881032555217,
      3.4082201053365972,
      0.0,
      3.02385943240877,
      4.032947916436072,
      4.032947916436072
    ],
    [
      4.037822334619639,
      4.001461503395116,
      2.778881032555217,
      3.4082201053365972,
      4.229007609083518,
      3.8706966374994183,
      3.02385943240877,
      0.0,
      2.873057265740067,
      2.873057265740067
    ],
    [
      4.001461503395116,
      2.778881032555217,
      3.4082201053365972,
      4.229007609083518,
      3.8706966374994183,
      3.02385943240877,
      4.032947916436072,
      2.873057265740067,
      0.0,
      2.9403258752012285
    ],
    [
      4.001461503395116,
      2.778881032555217,
      3.4082201053365972,
      4.229007609083518,
      3.8706966374994183,
      3.02385943240877,
      4.032947916436072,
      2.873057265740067,
      2.9403258752012285,
      0.0
    ]
  ]
}