{
  "servicechain": {
    "SC1": {
      "resptime": 7024.354361492646,
      "resptime_old": 7014.354361492646,
      "waittime": 7008.335475798526,
      "servicetime": 10.0,
      "networktime": 6.018885694119499,
      "services": {
        "MS1_1": {
          "meanserv": 1.2109849824089225,
          "stddevserv": 1.2109849824089225,
          "rate": 0.8257740719548596,
          "cv": 1.0,
          "lambda": 0.375
        },
        "MS1_2": {
          "meanserv": 0.9599857629371154,
          "stddevserv": 0.9599857629371154,
          "rate": 1.0416821150976858,
          "cv": 1.0,
          "lambda": 0.375
        },
        "MS1_3": {
          "meanserv": 0.17925952208659002,
          "stddevserv": 0.17925952208659002,
          "rate": 5.5785042175720925,
          "cv": 1.0,
          "lambda": 0.375
        },
        "MS1_4": {
          "meanserv": 0.5472679388887718,
          "stddevserv": 0.5472679388887718,
          "rate": 1.827258512586177,
          "cv": 1.0,
          "lambda": 0.375
        },
        "MS1_5": {
          "meanserv": 1.814417771787129,
          "stddevserv": 1.814417771787129,
          "rate": 0.5511409861330007,
          "cv": 1.0,
          "lambda": 0.375
        },
        "MS1_6": {
          "meanserv": 0.06350503554312681,
          "stddevserv": 0.06350503554312681,
          "rate": 15.746782777893126,
          "cv": 1.0,
          "lambda": 0.375
        },
        "MS1_7": {
          "meanserv": 1.4285110758896717,
          "stddevserv": 1.4285110758896717,
          "rate": 0.7000295740634727,
          "cv": 1.0,
          "lambda": 0.375
        },
        "MS1_8": {
          "meanserv": 3.4223579258205277,
          "stddevserv": 3.4223579258205277,
          "rate": 0.29219620556205994,
          "cv": 1.0,
          "lambda": 0.375
        },
        "MS1_9": {
          "meanserv": 0.24998158127010228,
          "stddevserv": 0.24998158127010228,
          "rate": 4.000294721391938,
          "cv": 1.0,
          "lambda": 0.375
        },
        "MS1_10": {
          "meanserv": 0.1237284033680428,
          "stddevserv": 0.1237284033680428,
          "rate": 8.08221857535329,
          "cv": 1.0,
          "lambda": 0.375
        }
      },
      "sensors": [
        "S1"
      ],
      "sources": [
        {
          "startTime": 0,
          "stopTime": -1,
          "lambda": 0.375
        }
      ]
    },
    "SC2": {
      "resptime": 7070.891037329968,
      "resptime_old": 7060.891037329967,
      "waittime": 7054.480876044496,
      "servicetime": 10.0,
      "networktime": 6.410161285472339,
      "services": {
        "MS2_1": {
          "meanserv": 0.2895802641834866,
          "stddevserv": 0.2895802641834866,
          "rate": 3.4532740096071275,
          "cv": 1.0,
          "lambda": 0.375
        },
        "MS2_2": {
          "meanserv": 0.5358962047416194,
          "stddevserv": 0.5358962047416194,
          "rate": 1.8660329951061079,
          "cv": 1.0,
          "lambda": 0.375
        },
        "MS2_3": {
          "meanserv": 2.691027399832863,
          "stddevserv": 2.691027399832863,
          "rate": 0.37160528356645833,
          "cv": 1.0,
          "lambda": 0.375
        },
        "MS2_4": {
          "meanserv": 0.03623497365485262,
          "stddevserv": 0.03623497365485262,
          "rate": 27.597646669354734,
          "cv": 1.0,
          "lambda": 0.375
        },
        "MS2_5": {
          "meanserv": 2.52996935774375,
          "stddevserv": 2.52996935774375,
          "rate": 0.3952617042333703,
          "cv": 1.0,
          "lambda": 0.375
        },
        "MS2_6": {
          "meanserv": 0.2724266547715102,
          "stddevserv": 0.2724266547715102,
          "rate": 3.670712767951141,
          "cv": 1.0,
          "lambda": 0.375
        },
        "MS2_7": {
          "meanserv": 0.036708319275543744,
          "stddevserv": 0.036708319275543744,
          "rate": 27.241781147583946,
          "cv": 1.0,
          "lambda": 0.375
        },
        "MS2_8": {
          "meanserv": 1.8020148520248114,
          "stddevserv": 1.8020148520248114,
          "rate": 0.5549343829638044,
          "cv": 1.0,
          "lambda": 0.375
        },
        "MS2_9": {
          "meanserv": 1.6307829129060103,
          "stddevserv": 1.6307829129060103,
          "rate": 0.6132024024080726,
          "cv": 1.0,
          "lambda": 0.375
        },
        "MS2_10": {
          "meanserv": 0.17535906086555286,
          "stddevserv": 0.17535906086555286,
          "rate": 5.702585284524854,
          "cv": 1.0,
          "lambda": 0.375
        }
      },
      "sensors": [
        "S2"
      ],
      "sources": [
        {
          "startTime": 0,
          "stopTime": -1,
          "lambda": 0.375
        }
      ]
    },
    "SC3": {
      "resptime": 46.69055685086642,
      "resptime_old": 36.69055685086642,
      "waittime": 31.19662545847229,
      "servicetime": 10.0,
      "networktime": 5.493931392394133,
      "services": {
        "MS3_1": {
          "meanserv": 0.25630413323226686,
          "stddevserv": 0.25630413323226686,
          "rate": 3.9016148018720562,
          "cv": 1.0,
          "lambda": 0.375
        },
        "MS3_2": {
          "meanserv": 0.6628451937723068,
          "stddevserv": 0.6628451937723068,
          "rate": 1.508647885502371,
          "cv": 1.0,
          "lambda": 0.375
        },
        "MS3_3": {
          "meanserv": 2.3601501329056083,
          "stddevserv": 2.3601501329056083,
          "rate": 0.4237018594952213,
          "cv": 1.0,
          "lambda": 0.375
        },
        "MS3_4": {
          "meanserv": 0.7311453977163689,
          "stddevserv": 0.7311453977163689,
          "rate": 1.3677170137750454,
          "cv": 1.0,
          "lambda": 0.375
        },
        "MS3_5": {
          "meanserv": 0.3276327201528302,
          "stddevserv": 0.3276327201528302,
          "rate": 3.0521982039325377,
          "cv": 1.0,
          "lambda": 0.375
        },
        "MS3_6": {
          "meanserv": 0.8299135715782748,
          "stddevserv": 0.8299135715782748,
          "rate": 1.204944748762532,
          "cv": 1.0,
          "lambda": 0.375
        },
        "MS3_7": {
          "meanserv": 0.1459669479380068,
          "stddevserv": 0.1459669479380068,
          "rate": 6.8508659948463615,
          "cv": 1.0,
          "lambda": 0.375
        },
        "MS3_8": {
          "meanserv": 0.8938413185317327,
          "stddevserv": 0.8938413185317327,
          "rate": 1.118766809351182,
          "cv": 1.0,
          "lambda": 0.375
        },
        "MS3_9": {
          "meanserv": 2.072873626331724,
          "stddevserv": 2.072873626331724,
          "rate": 0.4824220769163132,
          "cv": 1.0,
          "lambda": 0.375
        },
        "MS3_10": {
          "meanserv": 1.719326957840881,
          "stddevserv": 1.719326957840881,
          "rate": 0.5816229399763458,
          "cv": 1.0,
          "lambda": 0.375
        }
      },
      "sensors": [
        "S3"
      ],
      "sources": [
        {
          "startTime": 0,
          "stopTime": -1,
          "lambda": 0.375
        }
      ]
    },
    "SC4": {
      "resptime": 43.77796664442471,
      "resptime_old": 33.777966644424716,
      "waittime": 28.40057321541088,
      "servicetime": 10.0,
      "networktime": 5.377393429013832,
      "services": {
        "MS4_1": {
          "meanserv": 0.5726435815227227,
          "stddevserv": 0.5726435815227227,
          "rate": 1.746286926574623,
          "cv": 1.0,
          "lambda": 0.375
        },
        "MS4_2": {
          "meanserv": 0.20144147120821576,
          "stddevserv": 0.20144147120821576,
          "rate": 4.9642210911295965,
          "cv": 1.0,
          "lambda": 0.375
        },
        "MS4_3": {
          "meanserv": 1.2492634835900718,
          "stddevserv": 1.2492634835900718,
          "rate": 0.8004716484037854,
          "cv": 1.0,
          "lambda": 0.375
        },
        "MS4_4": {
          "meanserv": 0.14172959420690656,
          "stddevserv": 0.14172959420690656,
          "rate": 7.055689431666131,
          "cv": 1.0,
          "lambda": 0.375
        },
        "MS4_5": {
          "meanserv": 0.07714141922984119,
          "stddevserv": 0.07714141922984119,
          "rate": 12.963204592082,
          "cv": 1.0,
          "lambda": 0.375
        },
        "MS4_6": {
          "meanserv": 1.5807738058529077,
          "stddevserv": 1.5807738058529077,
          "rate": 0.6326015754420028,
          "cv": 1.0,
          "lambda": 0.375
        },
        "MS4_7": {
          "meanserv": 1.9898402569635492,
          "stddevserv": 1.9898402569635492,
          "rate": 0.5025529041843676,
          "cv": 1.0,
          "lambda": 0.375
        },
        "MS4_8": {
          "meanserv": 2.3061368780626808,
          "stddevserv": 2.3061368780626808,
          "rate": 0.433625605449782,
          "cv": 1.0,
          "lambda": 0.375
        },
        "MS4_9": {
          "meanserv": 0.1313631447047996,
          "stddevserv": 0.1313631447047996,
          "rate": 7.612485238894126,
          "cv": 1.0,
          "lambda": 0.375
        },
        "MS4_10": {
          "meanserv": 1.7496663646583048,
          "stddevserv": 1.7496663646583048,
          "rate": 0.5715375343546092,
          "cv": 1.0,
          "lambda": 0.375
        }
      },
      "sensors": [
        "S4"
      ],
      "sources": [
        {
          "startTime": 0,
          "stopTime": -1,
          "lambda": 0.375
        }
      ]
    }
  },
  "microservice": {
    "MS1_1": "F10",
    "MS1_2": "F24",
    "MS1_3": "F23",
    "MS1_4": "F23",
    "MS1_5": "F6",
    "MS1_6": "F23",
    "MS1_7": "F22",
    "MS1_8": "F1",
    "MS1_9": "F25",
    "MS1_10": "F25",
    "MS2_1": "F20",
    "MS2_2": "F20",
    "MS2_3": "F1",
    "MS2_4": "F20",
    "MS2_5": "F2",
    "MS2_6": "F17",
    "MS2_7": "F17",
    "MS2_8": "F7",
    "MS2_9": "F19",
    "MS2_10": "F25",
    "MS3_1": "F18",
    "MS3_2": "F18",
    "MS3_3": "F3",
    "MS3_4": "F13",
    "MS3_5": "F13",
    "MS3_6": "F11",
    "MS3_7": "F11",
    "MS3_8": "F12",
    "MS3_9": "F5",
    "MS3_10": "F15",
    "MS4_1": "F14",
    "MS4_2": "F14",
    "MS4_3": "F9",
    "MS4_4": "F23",
    "MS4_5": "F23",
    "MS4_6": "F16",
    "MS4_7": "F21",
    "MS4_8": "F4",
    "MS4_9": "F20",
    "MS4_10": "F8"
  },
  "sensor": {
    "S1": "F10",
    "S2": "F20",
    "S3": "F18",
    "S4": "F14"
  },
  "fog": {
    "F1": {
      "rho": 2.2925194971200216,
      "capacity": 1.0,
      "tserv": 3.0566926628266953,
      "stddev": 3.100127772221534,
      "mu": 0.3271509799337313,
      "cv": 1.0142098386020504,
      "lambda": 0.75,
      "twait": 7000.519998707676
    },
    "F2": {
      "rho": 0.9487385091539062,
      "capacity": 1.0,
      "tserv": 2.52996935774375,
      "stddev": 2.52996935774375,
      "mu": 0.3952617042333703,
      "cv": 1.0,
      "lambda": 0.375,
      "twait": 46.824220619673554
    },
    "F3": {
      "rho": 0.8850562998396031,
      "capacity": 1.0,
      "tserv": 2.3601501329056083,
      "stddev": 2.3601501329056083,
      "mu": 0.4237018594952213,
      "cv": 1.0,
      "lambda": 0.375,
      "twait": 18.17294676246285
    },
    "F4": {
      "rho": 0.8648013292735053,
      "capacity": 1.0,
      "tserv": 2.3061368780626808,
      "stddev": 2.3061368780626808,
      "mu": 0.433625605449782,
      "cv": 1.0,
      "lambda": 0.375,
      "twait": 14.75125625805748
    },
    "F5": {
      "rho": 0.7773276098743964,
      "capacity": 1.0,
      "tserv": 2.072873626331724,
      "stddev": 2.072873626331724,
      "mu": 0.4824220769163132,
      "cv": 1.0,
      "lambda": 0.375,
      "twait": 7.236199784891244
    },
    "F6": {
      "rho": 0.6804066644201734,
      "capacity": 1.0,
      "tserv": 1.814417771787129,
      "stddev": 1.814417771787129,
      "mu": 0.5511409861330007,
      "cv": 1.0,
      "lambda": 0.375,
      "twait": 3.8628525896091643
    },
    "F7": {
      "rho": 0.6757555695093043,
      "capacity": 1.0,
      "tserv": 1.8020148520248114,
      "stddev": 1.8020148520248116,
      "mu": 0.5549343829638044,
      "cv": 1.0000000000000002,
      "lambda": 0.375,
      "twait": 3.755566659237325
    },
    "F8": {
      "rho": 0.6561248867468643,
      "capacity": 1.0,
      "tserv": 1.7496663646583048,
      "stddev": 1.7496663646583046,
      "mu": 0.5715375343546092,
      "cv": 0.9999999999999999,
      "lambda": 0.375,
      "twait": 3.3384202610531877
    },
    "F9": {
      "rho": 0.4684738063462769,
      "capacity": 1.0,
      "tserv": 1.2492634835900718,
      "stddev": 1.2492634835900716,
      "mu": 0.8004716484037854,
      "cv": 0.9999999999999998,
      "lambda": 0.375,
      "twait": 1.1010693852429883
    },
    "F10": {
      "rho": 0.45411936840334594,
      "capacity": 1.0,
      "tserv": 1.2109849824089225,
      "stddev": 1.2109849824089225,
      "mu": 0.8257740719548596,
      "cv": 1.0,
      "lambda": 0.375,
      "twait": 1.0074212264116675
    },
    "F11": {
      "rho": 0.3659551948186056,
      "capacity": 1.0,
      "tserv": 0.4879402597581408,
      "stddev": 0.6870059600085745,
      "mu": 2.0494312162223993,
      "cv": 1.4079714601724098,
      "lambda": 0.75,
      "twait": 0.41996019861936407
    },
    "F12": {
      "rho": 0.3351904944493997,
      "capacity": 1.0,
      "tserv": 0.8938413185317327,
      "stddev": 0.8938413185317327,
      "mu": 1.118766809351182,
      "cv": 1.0,
      "lambda": 0.375,
      "twait": 0.45066610963965975
    },
    "F13": {
      "rho": 0.39704179420094965,
      "capacity": 1.0,
      "tserv": 0.5293890589345995,
      "stddev": 0.6013850814552263,
      "mu": 1.888969904312925,
      "cv": 1.1359983197716996,
      "lambda": 0.75,
      "twait": 0.39922965580957503
    },
    "F14": {
      "rho": 0.29028189477410193,
      "capacity": 1.0,
      "tserv": 0.38704252636546926,
      "stddev": 0.46765096018968727,
      "mu": 2.5836954129834786,
      "cv": 1.2082676407194144,
      "lambda": 0.75,
      "twait": 0.19470723749417956
    },
    "F15": {
      "rho": 0.6447476091903304,
      "capacity": 1.0,
      "tserv": 1.719326957840881,
      "stddev": 1.7193269578408807,
      "mu": 0.5816229399763458,
      "cv": 0.9999999999999999,
      "lambda": 0.375,
      "twait": 3.1204067141051275
    },
    "F16": {
      "rho": 0.5927901771948404,
      "capacity": 1.0,
      "tserv": 1.5807738058529077,
      "stddev": 1.5807738058529077,
      "mu": 0.6326015754420028,
      "cv": 1.0,
      "lambda": 0.375,
      "twait": 2.3011900302927417
    },
    "F17": {
      "rho": 0.11592561526764522,
      "capacity": 1.0,
      "tserv": 0.15456748702352696,
      "stddev": 0.2273162442265459,
      "mu": 6.469665899710128,
      "cv": 1.4706601537226631,
      "lambda": 0.75,
      "twait": 0.032052075130352464
    },
    "F18": {
      "rho": 0.3446809976267151,
      "capacity": 1.0,
      "tserv": 0.4595746635022868,
      "stddev": 0.54207627533932,
      "mu": 2.1759250006936557,
      "cv": 1.179517319793724,
      "lambda": 0.75,
      "twait": 0.2890131892577672
    },
    "F19": {
      "rho": 0.6115435923397539,
      "capacity": 1.0,
      "tserv": 1.6307829129060103,
      "stddev": 1.6307829129060103,
      "mu": 0.6132024024080726,
      "cv": 1.0,
      "lambda": 0.375,
      "twait": 2.5673275590734725
    },
    "F20": {
      "rho": 0.3724029702317843,
      "capacity": 1.0,
      "tserv": 0.24826864682118954,
      "stddev": 0.36492196342142963,
      "mu": 4.027894834099731,
      "cv": 1.4698672913147075,
      "lambda": 1.5,
      "twait": 0.2327990945723421
    },
    "F21": {
      "rho": 0.746190096361331,
      "capacity": 1.0,
      "tserv": 1.9898402569635492,
      "stddev": 1.9898402569635492,
      "mu": 0.5025529041843676,
      "cv": 1.0,
      "lambda": 0.375,
      "twait": 5.850043957311804
    },
    "F22": {
      "rho": 0.5356916534586269,
      "capacity": 1.0,
      "tserv": 1.4285110758896717,
      "stddev": 1.4285110758896717,
      "mu": 0.7000295740634727,
      "cv": 1.0,
      "lambda": 0.375,
      "twait": 1.648132035376004
    },
    "F23": {
      "rho": 0.37833881623321364,
      "capacity": 1.0,
      "tserv": 0.20178070199104728,
      "stddev": 0.3224397679743985,
      "mu": 4.955875314797788,
      "cv": 1.5979712866134477,
      "lambda": 1.875,
      "twait": 0.21818987694598785
    },
    "F24": {
      "rho": 0.35999466110141826,
      "capacity": 1.0,
      "tserv": 0.9599857629371154,
      "stddev": 0.9599857629371154,
      "mu": 1.0416821150976858,
      "cv": 1.0,
      "lambda": 0.375,
      "twait": 0.53997947889853
    },
    "F25": {
      "rho": 0.20590089206388673,
      "capacity": 1.0,
      "tserv": 0.18302301516789932,
      "stddev": 0.19715336311313736,
      "mu": 5.463793715138136,
      "cv": 1.0772053062959066,
      "lambda": 1.125,
      "twait": 0.05126106485817617
    }
  },
  "extra": {
    "deltatime": 0.1840913,
    "obj_func": 3546.428480579476
  },
  "network": [
    [
      0.0,
      0.8948955393169424,
      0.623368046231472,
      1.2198195027756786,
      0.618024539070849,
      1.2327652674733405,
      0.8451584258891178,
      0.9781136494111276,
      1.0999866747691365,
      1.2654523433352485,
      0.7321381826461496,
      0.9831377160896104,
      0.8450820615492897,
      0.8699080812003516,
      0.9813922589715608,
      1.127352478286951,
      1.1454600251886509,
      0.8792907402919125,
      1.4544603242510519,
      0.8305373598916236,
      0.9476876984725475,
      0.718220673262777,
      0.8489519158443928,
      0.8818516974454893,
      0.8818516974454893
    ],
    [
      0.8948955393169424,
      0.0,
      0.8973342469425148,
      0.9670039246965781,
      1.1751841030282568,
      1.0494615480500826,
      0.6990582534183654,
      1.012304453190746,
      0.9312273330564736,
      0.8117231486378917,
      0.903244339634566,
      0.7382586404734786,
      0.9851763098562369,
      0.9899365811714992,
      0.7896834362847394,
      1.2799597795079751,
      1.0240330903400323,
      0.9566663531889397,
      1.3103134306934017,
      0.8312517626877278,
      1.1416683629133615,
      1.125022790034459,
      0.8818516974454893,
      1.2630929831493694,
      1.2630929831493694
    ],
    [
      0.623368046231472,
      0.8973342469425148,
      0.0,
      0.721108410061372,
      1.0463432227054732,
      1.021440970672157,
      0.8034140499698572,
      0.7276997072690916,
      1.1720542419056899,
      0.8451481644552241,
      0.7511122590618365,
      1.258483861210018,
      0.8887643030908586,
      1.2119897347476125,
      0.8702338092703982,
      0.7210170934922506,
      1.1958434027090685,
      0.9653782888265606,
      1.2580911958346426,
      1.4301991094014055,
      0.8765096677191694,
      0.8489519158443928,
      1.2630929831493694,
      1.0297952369281467,
      1.0297952369281467
    ],
    [
      1.2198195027756786,
      0.9670039246965781,
      0.721108410061372,
      0.0,
      0.8325797642816648,
      1.1170901628865302,
      1.1471041550485663,
      1.1836537879170033,
      1.2835349318865918,
      0.9911704861391325,
      1.2061276732587207,
      0.7362489827462515,
      1.363528282414951,
      1.0801611317899575,
      1.0634549302317697,
      1.0819503089394242,
      1.039451612349494,
      1.0924365846195647,
      1.0357464568542765,
      0.7745260360459879,
      0.718220673262777,
      0.8818516974454893,
      1.0297952369281467,
      1.4210372398348197,
      1.4210372398348197
    ],
    [
      0.618024539070849,
      1.1751841030282568,
      1.0463432227054732,
      0.8325797642816648,
      0.0,
      1.192603960075045,
      0.568885915850311,
      1.0108402401705014,
      0.9817666327261217,
      1.0563598725516588,
      1.101026699606226,
      0.9305871331316191,
      1.311345285652833,
      1.2295979986824237,
      0.829237661234687,
      1.4380306832631042,
      1.1241227343959463,
      1.165447032799624,
      0.833620745844802,
      0.9476876984725475,
      1.125022790034459,
      1.2630929831493694,
      1.4210372398348197,
      0.984040342610462,
      0.984040342610462
    ],
    [
      1.2327652674733405,
      1.0494615480500826,
      1.021440970672157,
      1.1170901628865302,
      1.192603960075045,
      0.0,
      0.9132211417227775,
      0.9865512373698755,
      1.242984896299838,
      1.0586426723028983,
      1.3265633145347606,
      1.054456019263779,
      1.1401960296216973,
      0.8889795191506816,
      1.0417481690556776,
      0.9622054216254985,
      1.0502168525081563,
      1.0590152957363765,
      0.8305373598916236,
      1.1416683629133615,
      0.8489519158443928,
      1.0297952369281467,
      0.984040342610462,
      1.1762504560975957,
      1.1762504560975957
    ],
    [
      0.8451584258891178,
      0.6990582534183654,
      0.8034140499698572,
      1.1471041550485663,
      0.568885915850311,
      0.9132211417227775,
      0.0,
      1.199089703223665,
      0.8991266647022881,
      0.8671101975007677,
      1.1333557378235894,
      1.3331696867184302,
      1.3216607909198177,
      1.2370321192911549,
      0.9279306269450834,
      1.2572407371221699,
      0.949042901414617,
      1.4544603242510519,
      0.8312517626877278,
      0.8765096677191694,
      0.8818516974454893,
      1.4210372398348197,
      1.1762504560975957,
      0.9276574284962518,
      0.9276574284962518
    ],
    [
      0.9781136494111276,
      1.012304453190746,
      0.7276997072690916,
      1.1836537879170033,
      1.0108402401705014,
      0.9865512373698755,
      1.199089703223665,
      0.0,
      1.0290826395804353,
      0.9984471263123423,
      1.2878035702449315,
      0.6538693788846519,
      0.9621700711469046,
      0.9601343991968543,
      0.80616942350572,
      0.9934484193606702,
      0.8792907402919125,
      1.3103134306934017,
      1.4301991094014055,
      0.718220673262777,
      1.2630929831493694,
      0.984040342610462,
      0.9276574284962518,
      0.5574716588506712,
      0.5574716588506712
    ],
    [
      1.0999866747691365,
      0.9312273330564736,
      1.1720542419056899,
      1.2835349318865918,
      0.9817666327261217,
      1.242984896299838,
      0.8991266647022881,
      1.0290826395804353,
      0.0,
      0.9381230163292988,
      0.9528839799616186,
      1.286868020808917,
      1.0119600959359343,
      1.0247763188362409,
      1.017139741332753,
      1.1454600251886509,
      0.9566663531889397,
      1.2580911958346426,
      0.7745260360459879,
      1.125022790034459,
      1.0297952369281467,
      1.1762504560975957,
      0.5574716588506712,
      1.2419032886005072,
      1.2419032886005072
    ],
    [
      1.2654523433352485,
      0.8117231486378917,
      0.8451481644552241,
      0.9911704861391325,
      1.0563598725516588,
      1.0586426723028983,
      0.8671101975007677,
      0.9984471263123423,
      0.9381230163292988,
      0.0,
      0.9386032650676338,
      1.295316181028128,
      1.1012203231361912,
      1.0365789189134487,
      1.127352478286951,
      1.0240330903400323,
      0.9653782888265606,
      1.0357464568542765,
      0.9476876984725475,
      0.8489519158443928,
      1.4210372398348197,
      0.9276574284962518,
      1.2419032886005072,
      0.5559705539596128,
      0.5559705539596128
    ],
    [
      0.7321381826461496,
      0.903244339634566,
      0.7511122590618365,
      1.2061276732587207,
      1.101026699606226,
      1.3265633145347606,
      1.1333557378235894,
      1.2878035702449315,
      0.9528839799616186,
      0.9386032650676338,
      0.0,
      1.0039399025123465,
      0.8760241035980605,
      0.9813922589715608,
      1.2799597795079751,
      1.1958434027090685,
      1.0924365846195647,
      0.833620745844802,
      1.1416683629133615,
      0.8818516974454893,
      0.984040342610462,
      0.5574716588506712,
      0.5559705539596128,
      1.4277301682225572,
      1.4277301682225572
    ],
    [
      0.9831377160896104,
      0.7382586404734786,
      1.258483861210018,
      0.7362489827462515,
      0.9305871331316191,
      1.054456019263779,
      1.3331696867184302,
      0.6538693788846519,
      1.286868020808917,
      1.295316181028128,
      1.0039399025123465,
      0.0,
      0.8699080812003516,
      0.7896834362847394,
      0.7210170934922506,
      1.039451612349494,
      1.165447032799624,
      0.8305373598916236,
      0.8765096677191694,
      1.2630929831493694,
      1.1762504560975957,
      1.2419032886005072,
      1.4277301682225572,
      1.0677944306274354,
      1.0677944306274354
    ],
    [
      0.8450820615492897,
      0.9851763098562369,
      0.8887643030908586,
      1.363528282414951,
      1.311345285652833,
      1.1401960296216973,
      1.3216607909198177,
      0.9621700711469046,
      1.0119600959359343,
      1.1012203231361912,
      0.8760241035980605,
      0.8699080812003516,
      0.0,
      0.8702338092703982,
      1.0819503089394242,
      1.1241227343959463,
      1.0590152957363765,
      0.8312517626877278,
      0.718220673262777,
      1.0297952369281467,
      0.9276574284962518,
      0.5559705539596128,
      1.0677944306274354,
      0.5002541474138005,
      0.5002541474138005
    ],
    [
      0.8699080812003516,
      0.9899365811714992,
      1.2119897347476125,
      1.0801611317899575,
      1.2295979986824237,
      0.8889795191506816,
      1.2370321192911549,
      0.9601343991968543,
      1.0247763188362409,
      1.0365789189134487,
      0.9813922589715608,
      0.7896834362847394,
      0.8702338092703982,
      0.0,
      1.4380306832631042,
      1.0502168525081563,
      1.4544603242510519,
      1.4301991094014055,
      1.125022790034459,
      1.4210372398348197,
      0.5574716588506712,
      1.4277301682225572,
      0.5002541474138005,
      1.2714757594240484,
      1.2714757594240484
    ],
    [
      0.9813922589715608,
      0.7896834362847394,
      0.8702338092703982,
      1.0634549302317697,
      0.829237661234687,
      1.0417481690556776,
      0.9279306269450834,
      0.80616942350572,
      1.017139741332753,
      1.127352478286951,
      1.2799597795079751,
      0.7210170934922506,
      1.0819503089394242,
      1.4380306832631042,
      0.0,
      0.949042901414617,
      1.3103134306934017,
      0.7745260360459879,
      0.8489519158443928,
      0.984040342610462,
      1.2419032886005072,
      1.0677944306274354,
      1.2714757594240484,
      1.0282075147957657,
      1.0282075147957657
    ],
    [
      1.127352478286951,
      1.2799597795079751,
      0.7210170934922506,
      1.0819503089394242,
      1.4380306832631042,
      0.9622054216254985,
      1.2572407371221699,
      0.9934484193606702,
      1.1454600251886509,
      1.0240330903400323,
      1.1958434027090685,
      1.039451612349494,
      1.1241227343959463,
      1.0502168525081563,
      0.949042901414617,
      0.0,
      1.2580911958346426,
      0.9476876984725475,
      0.8818516974454893,
      1.1762504560975957,
      0.5559705539596128,
      0.5002541474138005,
      1.0282075147957657,
      0.5870729113702983,
      0.5870729113702983
    ],
    [
      1.1454600251886509,
      1.0240330903400323,
      1.1958434027090685,
      1.039451612349494,
      1.1241227343959463,
      1.0502168525081563,
      0.949042901414617,
      0.8792907402919125,
      0.9566663531889397,
      0.9653782888265606,
      1.0924365846195647,
      1.165447032799624,
      1.0590152957363765,
      1.4544603242510519,
      1.3103134306934017,
      1.2580911958346426,
      0.0,
      1.1416683629133615,
      1.2630929831493694,
      0.9276574284962518,
      1.4277301682225572,
      1.2714757594240484,
      0.5870729113702983,
      1.0335497387458432,
      1.0335497387458432
    ],
    [
      0.8792907402919125,
      0.9566663531889397,
      0.9653782888265606,
      1.0924365846195647,
      1.165447032799624,
      1.0590152957363765,
      1.4544603242510519,
      1.3103134306934017,
      1.2580911958346426,
      1.0357464568542765,
      0.833620745844802,
      0.8305373598916236,
      0.8312517626877278,
      1.4301991094014055,
      0.7745260360459879,
      0.9476876984725475,
      1.1416683629133615,
      0.0,
      1.0297952369281467,
      0.5574716588506712,
      1.0677944306274354,
      1.0282075147957657,
      1.0335497387458432,
      1.0365800511259569,
      1.0365800511259569
    ],
    [
      1.4544603242510519,
      1.3103134306934017,
      1.2580911958346426,
      1.0357464568542765,
      0.833620745844802,
      0.8305373598916236,
      0.8312517626877278,
      1.4301991094014055,
      0.7745260360459879,
      0.9476876984725475,
      1.1416683629133615,
      0.8765096677191694,
      0.718220673262777,
      1.125022790034459,
      0.8489519158443928,
      0.8818516974454893,
      1.2630929831493694,
      1.0297952369281467,
      0.0,
      1.2419032886005072,
      0.5002541474138005,
      0.5870729113702983,
      1.0365800511259569,
      1.1135070485589866,
      1.1135070485589866
    ],
    [
      0.8305373598916236,
      0.8312517626877278,
      1.4301991094014055,
      0.7745260360459879,
      0.9476876984725475,
      1.1416683629133615,
      0.8765096677191694,
      0.718220673262777,
      1.125022790034459,
      0.8489519158443928,
      0.8818516974454893,
      1.2630929831493694,
      1.0297952369281467,
      1.4210372398348197,
      0.984040342610462,
      1.1762504560975957,
      0.9276574284962518,
      0.5574716588506712,
      1.2419032886005072,
      0.0,
      1.2714757594240484,
      1.0335497387458432,
      1.1135070485589866,
      1.0934646230110978,
      1.0934646230110978
    ],
    [
      0.9476876984725475,
      1.1416683629133615,
      0.8765096677191694,
      0.718220673262777,
      1.125022790034459,
      0.8489519158443928,
      0.8818516974454893,
      1.2630929831493694,
      1.0297952369281467,
      1.4210372398348197,
      0.984040342610462,
      1.1762504560975957,
      0.9276574284962518,
      0.5574716588506712,
      1.2419032886005072,
      0.5559705539596128,
      1.4277301682225572,
      1.0677944306274354,
      0.5002541474138005,
      1.2714757594240484,
      0.0,
      1.0365800511259569,
      1.0934646230110978,
      0.9018557327750591,
      0.9018557327750591
    ],
    [
      0.718220673262777,
      1.125022790034459,
      0.8489519158443928,
      0.8818516974454893,
      1.2630929831493694,
      1.0297952369281467,
      1.4210372398348197,
      0.984040342610462,
      1.1762504560975957,
      0.9276574284962518,
      0.5574716588506712,
      1.2419032886005072,
      0.5559705539596128,
      1.4277301682225572,
      1.0677944306274354,
      0.5002541474138005,
      1.2714757594240484,
      1.0282075147957657,
      0.5870729113702983,
      1.0335497387458432,
      1.0365800511259569,
      0.0,
      0.9018557327750591,
      0.9854778404911227,
      0.9854778404911227
    ],
    [
      0.8489519158443928,
      0.8818516974454893,
      1.2630929831493694,
      1.0297952369281467,
      1.4210372398348197,
      0.984040342610462,
      1.1762504560975957,
      0.9276574284962518,
      0.5574716588506712,
      1.2419032886005072,
      0.5559705539596128,
      1.4277301682225572,
      1.0677944306274354,
      0.5002541474138005,
      1.2714757594240484,
      1.0282075147957657,
      0.5870729113702983,
      1.0335497387458432,
      1.0365800511259569,
      1.1135070485589866,
      1.0934646230110978,
      0.9018557327750591,
      0.0,
      0.992906351455637,
      0.992906351455637
    ],
    [
      0.8818516974454893,
      1.2630929831493694,
      1.0297952369281467,
      1.4210372398348197,
      0.984040342610462,
      1.1762504560975957,
      0.9276574284962518,
      0.5574716588506712,
      1.2419032886005072,
      0.5559705539596128,
      1.4277301682225572,
      1.0677944306274354,
      0.5002541474138005,
      1.2714757594240484,
      1.0282075147957657,
      0.5870729113702983,
      1.0335497387458432,
      1.0365800511259569,
      1.1135070485589866,
      1.0934646230110978,
      0.9018557327750591,
      0.9854778404911227,
      0.992906351455637,
      0.0,
      0.8887534970847416
    ],
    [
      0.8818516974454893,
      1.2630929831493694,
      1.0297952369281467,
      1.4210372398348197,
      0.984040342610462,
      1.1762504560975957,
      0.9276574284962518,
      0.5574716588506712,
      1.2419032886005072,
      0.5559705539596128,
      1.4277301682225572,
      1.0677944306274354,
      0.5002541474138005,
      1.2714757594240484,
      1.0282075147957657,
      0.5870729113702983,
      1.0335497387458432,
      1.0365800511259569,
      1.1135070485589866,
      1.0934646230110978,
      0.9018557327750591,
      0.9854778404911227,
      0.992906351455637,
      0.8887534970847416,
      0.0
    ]
  ]
}