{
  "servicechain": {
    "SC1": {
      "resptime": 34.70609861207376,
      "resptime_old": 24.70609861207376,
      "waittime": 18.889051805118065,
      "servicetime": 10.0,
      "networktime": 5.817046806955691,
      "services": {
        "MS1_1": {
          "meanserv": 1.3243974600119446,
          "stddevserv": 1.3243974600119446,
          "rate": 0.7550603426791389,
          "cv": 1.0,
          "lambda": 0.15
        },
        "MS1_2": {
          "meanserv": 0.023002008853163503,
          "stddevserv": 0.023002008853163503,
          "rate": 43.47446374721608,
          "cv": 1.0,
          "lambda": 0.15
        },
        "MS1_3": {
          "meanserv": 0.6778157388649617,
          "stddevserv": 0.6778157388649617,
          "rate": 1.4753272057012912,
          "cv": 1.0,
          "lambda": 0.15
        },
        "MS1_4": {
          "meanserv": 2.8679075614240874,
          "stddevserv": 2.8679075614240874,
          "rate": 0.3486862733830376,
          "cv": 1.0,
          "lambda": 0.15
        },
        "MS1_5": {
          "meanserv": 0.6282711074911962,
          "stddevserv": 0.6282711074911962,
          "rate": 1.5916695644228918,
          "cv": 1.0,
          "lambda": 0.15
        },
        "MS1_6": {
          "meanserv": 1.54421313190847,
          "stddevserv": 1.54421313190847,
          "rate": 0.6475790027534055,
          "cv": 1.0,
          "lambda": 0.15
        },
        "MS1_7": {
          "meanserv": 2.9343929914461766,
          "stddevserv": 2.9343929914461766,
          "rate": 0.34078598296650214,
          "cv": 1.0,
          "lambda": 0.15
        }
      },
      "sensors": [
        "S1"
      ],
      "sources": [
        {
          "startTime": 0,
          "stopTime": -1,
          "lambda": 0.15
        }
      ]
    },
    "SC2": {
      "resptime": 27.919401833516595,
      "resptime_old": 17.91940183351659,
      "waittime": 13.162874072190355,
      "servicetime": 10.0,
      "networktime": 4.75652776132624,
      "services": {
        "MS2_1": {
          "meanserv": 3.3101399390188324,
          "stddevserv": 3.3101399390188324,
          "rate": 0.3021020314616707,
          "cv": 1.0,
          "lambda": 0.15
        },
        "MS2_2": {
          "meanserv": 1.7326151431290309,
          "stddevserv": 1.7326151431290309,
          "rate": 0.5771622186067482,
          "cv": 1.0,
          "lambda": 0.15
        },
        "MS2_3": {
          "meanserv": 0.18602472376680268,
          "stddevserv": 0.18602472376680268,
          "rate": 5.375629538649832,
          "cv": 1.0,
          "lambda": 0.15
        },
        "MS2_4": {
          "meanserv": 0.10131819431612676,
          "stddevserv": 0.10131819431612676,
          "rate": 9.869895597229673,
          "cv": 1.0,
          "lambda": 0.15
        },
        "MS2_5": {
          "meanserv": 0.6454672463266009,
          "stddevserv": 0.6454672463266009,
          "rate": 1.5492652891236074,
          "cv": 1.0,
          "lambda": 0.15
        },
        "MS2_6": {
          "meanserv": 2.2418656603855878,
          "stddevserv": 2.2418656603855878,
          "rate": 0.4460570575972897,
          "cv": 1.0,
          "lambda": 0.15
        },
        "MS2_7": {
          "meanserv": 1.7825690930570186,
          "stddevserv": 1.7825690930570186,
          "rate": 0.5609880727175904,
          "cv": 1.0,
          "lambda": 0.15
        }
      },
      "sensors": [
        "S2"
      ],
      "sources": [
        {
          "startTime": 0,
          "stopTime": -1,
          "lambda": 0.15
        }
      ]
    },
    "SC3": {
      "resptime": 37.07795884892089,
      "resptime_old": 27.077958848920893,
      "waittime": 24.78132896664821,
      "servicetime": 10.0,
      "networktime": 2.2966298822726814,
      "services": {
        "MS3_1": {
          "meanserv": 0.15188550890711583,
          "stddevserv": 0.15188550890711583,
          "rate": 6.5839065701227675,
          "cv": 1.0,
          "lambda": 0.15
        },
        "MS3_2": {
          "meanserv": 0.06854738515087555,
          "stddevserv": 0.06854738515087555,
          "rate": 14.588448527962953,
          "cv": 1.0,
          "lambda": 0.15
        },
        "MS3_3": {
          "meanserv": 0.0004048008621426735,
          "stddevserv": 0.0004048008621426735,
          "rate": 2470.350469875102,
          "cv": 1.0,
          "lambda": 0.15
        },
        "MS3_4": {
          "meanserv": 0.7888485224874164,
          "stddevserv": 0.7888485224874164,
          "rate": 1.2676704988262837,
          "cv": 1.0,
          "lambda": 0.15
        },
        "MS3_5": {
          "meanserv": 1.0827849180602453,
          "stddevserv": 1.0827849180602453,
          "rate": 0.9235444485054795,
          "cv": 1.0,
          "lambda": 0.15
        },
        "MS3_6": {
          "meanserv": 2.875257909653075,
          "stddevserv": 2.875257909653075,
          "rate": 0.3477948870752463,
          "cv": 1.0,
          "lambda": 0.15
        },
        "MS3_7": {
          "meanserv": 5.032270954879129,
          "stddevserv": 5.032270954879129,
          "rate": 0.19871743969398786,
          "cv": 1.0,
          "lambda": 0.15
        }
      },
      "sensors": [
        "S3"
      ],
      "sources": [
        {
          "startTime": 0,
          "stopTime": -1,
          "lambda": 0.15
        }
      ]
    },
    "SC4": {
      "resptime": 32.57465910999245,
      "resptime_old": 22.574659109992457,
      "waittime": 19.28988719088202,
      "servicetime": 10.0,
      "networktime": 3.284771919110435,
      "services": {
        "MS4_1": {
          "meanserv": 1.7871379515864738,
          "stddevserv": 1.7871379515864738,
          "rate": 0.5595538940417456,
          "cv": 1.0,
          "lambda": 0.15
        },
        "MS4_2": {
          "meanserv": 1.1947674622235838,
          "stddevserv": 1.1947674622235838,
          "rate": 0.8369829541046409,
          "cv": 1.0,
          "lambda": 0.15
        },
        "MS4_3": {
          "meanserv": 0.9943436152379159,
          "stddevserv": 0.9943436152379159,
          "rate": 1.005688561454413,
          "cv": 1.0,
          "lambda": 0.15
        },
        "MS4_4": {
          "meanserv": 0.6285095908663609,
          "stddevserv": 0.6285095908663609,
          "rate": 1.5910656170283144,
          "cv": 1.0,
          "lambda": 0.15
        },
        "MS4_5": {
          "meanserv": 1.5505822236230857,
          "stddevserv": 1.5505822236230857,
          "rate": 0.6449190405803847,
          "cv": 1.0,
          "lambda": 0.15
        },
        "MS4_6": {
          "meanserv": 3.247522538809763,
          "stddevserv": 3.247522538809763,
          "rate": 0.3079270391658332,
          "cv": 1.0,
          "lambda": 0.15
        },
        "MS4_7": {
          "meanserv": 0.5971366176528168,
          "stddevserv": 0.5971366176528168,
          "rate": 1.6746586466774231,
          "cv": 1.0,
          "lambda": 0.15
        }
      },
      "sensors": [
        "S4"
      ],
      "sources": [
        {
          "startTime": 0,
          "stopTime": -1,
          "lambda": 0.15
        }
      ]
    }
  },
  "microservice": {
    "MS1_1": "F7",
    "MS1_2": "F10",
    "MS1_3": "F10",
    "MS1_4": "F4",
    "MS1_5": "F1",
    "MS1_6": "F1",
    "MS1_7": "F7",
    "MS2_1": "F6",
    "MS2_2": "F2",
    "MS2_3": "F10",
    "MS2_4": "F10",
    "MS2_5": "F10",
    "MS2_6": "F2",
    "MS2_7": "F1",
    "MS3_1": "F10",
    "MS3_2": "F10",
    "MS3_3": "F10",
    "MS3_4": "F10",
    "MS3_5": "F8",
    "MS3_6": "F8",
    "MS3_7": "F3",
    "MS4_1": "F9",
    "MS4_2": "F9",
    "MS4_3": "F9",
    "MS4_4": "F10",
    "MS4_5": "F4",
    "MS4_6": "F5",
    "MS4_7": "F5"
  },
  "sensor": {
    "S1": "F7",
    "S2": "F6",
    "S3": "F10",
    "S4": "F9"
  },
  "fog": {
    "F1": {
      "rho": 0.5932579998685027,
      "capacity": 1.0,
      "tserv": 1.318351110818895,
      "stddev": 1.4943888105605316,
      "mu": 0.7585232733477572,
      "cv": 1.1335286922406358,
      "lambda": 0.44999999999999996,
      "twait": 2.1967996976694364
    },
    "F2": {
      "rho": 0.5961721205271928,
      "capacity": 1.0,
      "tserv": 1.9872404017573095,
      "stddev": 2.0196020546235305,
      "mu": 0.5032103811474966,
      "cv": 1.016284719673374,
      "lambda": 0.3,
      "twait": 2.9819326307645575
    },
    "F3": {
      "rho": 0.7548406432318693,
      "capacity": 1.0,
      "tserv": 5.032270954879129,
      "stddev": 5.032270954879129,
      "mu": 0.19871743969398786,
      "cv": 1.0,
      "lambda": 0.15,
      "twait": 15.49425930371753
    },
    "F4": {
      "rho": 0.6627734677570761,
      "capacity": 1.0,
      "tserv": 2.209244892523587,
      "stddev": 2.39758962667672,
      "mu": 0.4526433458708668,
      "cv": 1.085252990644233,
      "lambda": 0.3,
      "twait": 4.727919364348476
    },
    "F5": {
      "rho": 0.576698873469387,
      "capacity": 1.0,
      "tserv": 1.92232957823129,
      "stddev": 2.684701803343598,
      "mu": 0.5202021606097779,
      "cv": 1.3965876786923066,
      "lambda": 0.3,
      "twait": 3.863552715857498
    },
    "F6": {
      "rho": 0.4965209908528248,
      "capacity": 1.0,
      "tserv": 3.3101399390188324,
      "stddev": 3.3101399390188324,
      "mu": 0.3021020314616707,
      "cv": 1.0,
      "lambda": 0.15,
      "twait": 3.264394210132208
    },
    "F7": {
      "rho": 0.6388185677187181,
      "capacity": 1.0,
      "tserv": 2.1293952257290605,
      "stddev": 2.414615255682945,
      "mu": 0.4696169071467796,
      "cv": 1.133944148323255,
      "lambda": 0.3,
      "twait": 4.304494888428826
    },
    "F8": {
      "rho": 0.5937064241569979,
      "capacity": 1.0,
      "tserv": 1.9790214138566602,
      "stddev": 2.350107544198369,
      "mu": 0.5053002423309957,
      "cv": 1.1875099115873369,
      "lambda": 0.3,
      "twait": 3.484991562892276
    },
    "F9": {
      "rho": 0.596437354357196,
      "capacity": 1.0,
      "tserv": 1.3254163430159913,
      "stddev": 1.4082987013775317,
      "mu": 0.7544799075922779,
      "cv": 1.062533074077645,
      "lambda": 0.44999999999999996,
      "twait": 2.085196920177338
    },
    "F10": {
      "rho": 0.4907735580602351,
      "capacity": 1.0,
      "tserv": 0.32718237204015677,
      "stddev": 0.535031718454144,
      "mu": 3.0563993829021596,
      "cv": 1.6352706141163278,
      "lambda": 1.4999999999999998,
      "twait": 0.579271634286532
    }
  },
  "extra": {
    "conv_gen": 393,
    "max_gen": 600,
    "population": 600,
    "deltatime": 47.5872533,
    "obj_func": 33.06952960112592
  },
  "network": [
    [
      0.0,
      1.5443198137960945,
      1.7806939883718773,
      1.4479567882710849,
      1.2730443476287785,
      1.688691889082531,
      1.4086955276444313,
      1.3036237819309235,
      1.7383228010690748,
      1.7383228010690748
    ],
    [
      1.5443198137960945,
      0.0,
      1.8352401383788892,
      1.048483661830245,
      1.6102875706316733,
      1.207822851589533,
      1.4373699759428658,
      1.7383228010690748,
      1.0021925479703062,
      1.0021925479703062
    ],
    [
      1.7806939883718773,
      1.8352401383788892,
      0.0,
      1.565805038961588,
      1.4679509719395853,
      1.851849911304636,
      1.3036237819309235,
      1.0021925479703062,
      1.1515509475429404,
      1.1515509475429404
    ],
    [
      1.4479567882710849,
      1.048483661830245,
      1.565805038961588,
      0.0,
      0.6274830816960897,
      1.4086955276444313,
      1.7383228010690748,
      1.1515509475429404,
      1.4915753696530807,
      1.4915753696530807
    ],
    [
      1.2730443476287785,
      1.6102875706316733,
      1.4679509719395853,
      0.6274830816960897,
      0.0,
      1.4373699759428658,
      1.0021925479703062,
      1.4915753696530807,
      1.638300478679061,
      1.638300478679061
    ],
    [
      1.688691889082531,
      1.207822851589533,
      1.851849911304636,
      1.4086955276444313,
      1.4373699759428658,
      0.0,
      1.1515509475429404,
      1.638300478679061,
      1.5703302031380393,
      1.5703302031380393
    ],
    [
      1.4086955276444313,
      1.4373699759428658,
      1.3036237819309235,
      1.7383228010690748,
      1.0021925479703062,
      1.1515509475429404,
      0.0,
      1.5703302031380393,
      1.4688191213870951,
      1.4688191213870951
    ],
    [
      1.3036237819309235,
      1.7383228010690748,
      1.0021925479703062,
      1.1515509475429404,
      1.4915753696530807,
      1.638300478679061,
      1.5703302031380393,
      0.0,
      1.2944373343023752,
      1.2944373343023752
    ],
    [
      1.7383228010690748,
      1.0021925479703062,
      1.1515509475429404,
      1.4915753696530807,
      1.638300478679061,
      1.5703302031380393,
      1.4688191213870951,
      1.2944373343023752,
      0.0,
      1.1657134677612646
    ],
    [
      1.7383228010690748,
      1.0021925479703062,
      1.1515509475429404,
      1.4915753696530807,
      1.638300478679061,
      1.5703302031380393,
      1.4688191213870951,
      1.2944373343023752,
      1.1657134677612646,
      0.0
    ]
  ]
}