{
  "servicechain": {
    "SC1": {
      "resptime": 32.23098624183007,
      "resptime_old": 22.230986241830067,
      "waittime": 17.11064879671075,
      "servicetime": 10.0,
      "networktime": 5.120337445119315,
      "services": {
        "MS1_1": {
          "meanserv": 0.9007821278159056,
          "stddevserv": 0.9007821278159056,
          "rate": 1.1101463596137997,
          "cv": 1.0,
          "lambda": 0.15
        },
        "MS1_2": {
          "meanserv": 1.6627770703172506,
          "stddevserv": 1.6627770703172506,
          "rate": 0.6014035301853209,
          "cv": 1.0,
          "lambda": 0.15
        },
        "MS1_3": {
          "meanserv": 0.39166320159899737,
          "stddevserv": 0.39166320159899737,
          "rate": 2.553214077598859,
          "cv": 1.0,
          "lambda": 0.15
        },
        "MS1_4": {
          "meanserv": 2.6413819530457885,
          "stddevserv": 2.6413819530457885,
          "rate": 0.3785896995498496,
          "cv": 1.0,
          "lambda": 0.15
        },
        "MS1_5": {
          "meanserv": 0.08877228565520756,
          "stddevserv": 0.08877228565520756,
          "rate": 11.264776981005197,
          "cv": 1.0,
          "lambda": 0.15
        },
        "MS1_6": {
          "meanserv": 3.6860131632142448,
          "stddevserv": 3.6860131632142448,
          "rate": 0.27129582986295925,
          "cv": 1.0,
          "lambda": 0.15
        },
        "MS1_7": {
          "meanserv": 0.6286101983526056,
          "stddevserv": 0.6286101983526056,
          "rate": 1.5908109709653027,
          "cv": 1.0,
          "lambda": 0.15
        }
      },
      "sensors": [
        "S1"
      ],
      "sources": [
        {
          "startTime": 0,
          "stopTime": -1,
          "lambda": 0.15
        }
      ]
    },
    "SC2": {
      "resptime": 35.925637309980786,
      "resptime_old": 25.925637309980786,
      "waittime": 22.065367408279833,
      "servicetime": 10.0,
      "networktime": 3.8602699017009514,
      "services": {
        "MS2_1": {
          "meanserv": 0.34011673895744665,
          "stddevserv": 0.34011673895744665,
          "rate": 2.9401669646289124,
          "cv": 1.0,
          "lambda": 0.15
        },
        "MS2_2": {
          "meanserv": 0.6537678475492903,
          "stddevserv": 0.6537678475492903,
          "rate": 1.5295949529310644,
          "cv": 1.0,
          "lambda": 0.15
        },
        "MS2_3": {
          "meanserv": 4.17335072007537,
          "stddevserv": 4.17335072007537,
          "rate": 0.23961561514339733,
          "cv": 1.0,
          "lambda": 0.15
        },
        "MS2_4": {
          "meanserv": 1.0370589370475418,
          "stddevserv": 1.0370589370475418,
          "rate": 0.9642653510580153,
          "cv": 1.0,
          "lambda": 0.15
        },
        "MS2_5": {
          "meanserv": 0.08113043696227873,
          "stddevserv": 0.08113043696227873,
          "rate": 12.325830322656168,
          "cv": 1.0,
          "lambda": 0.15
        },
        "MS2_6": {
          "meanserv": 2.7085441852959216,
          "stddevserv": 2.7085441852959216,
          "rate": 0.36920202573351973,
          "cv": 1.0,
          "lambda": 0.15
        },
        "MS2_7": {
          "meanserv": 1.0060311341121508,
          "stddevserv": 1.0060311341121508,
          "rate": 0.9940050224017436,
          "cv": 1.0,
          "lambda": 0.15
        }
      },
      "sensors": [
        "S2"
      ],
      "sources": [
        {
          "startTime": 0,
          "stopTime": -1,
          "lambda": 0.15
        }
      ]
    },
    "SC3": {
      "resptime": 32.3033256553872,
      "resptime_old": 22.303325655387198,
      "waittime": 16.800248279526976,
      "servicetime": 10.0,
      "networktime": 5.503077375860224,
      "services": {
        "MS3_1": {
          "meanserv": 1.4484113428931822,
          "stddevserv": 1.4484113428931822,
          "rate": 0.6904116050365315,
          "cv": 1.0,
          "lambda": 0.15
        },
        "MS3_2": {
          "meanserv": 1.0325806883151813,
          "stddevserv": 1.0325806883151813,
          "rate": 0.9684473197263239,
          "cv": 1.0,
          "lambda": 0.15
        },
        "MS3_3": {
          "meanserv": 3.6602197707839244,
          "stddevserv": 3.6602197707839244,
          "rate": 0.27320763850904667,
          "cv": 1.0,
          "lambda": 0.15
        },
        "MS3_4": {
          "meanserv": 1.006921882223005,
          "stddevserv": 1.006921882223005,
          "rate": 0.9931257008659664,
          "cv": 1.0,
          "lambda": 0.15
        },
        "MS3_5": {
          "meanserv": 1.3385147645906867,
          "stddevserv": 1.3385147645906867,
          "rate": 0.7470967272488747,
          "cv": 1.0,
          "lambda": 0.15
        },
        "MS3_6": {
          "meanserv": 0.4158046493718839,
          "stddevserv": 0.4158046493718839,
          "rate": 2.4049755131661077,
          "cv": 1.0,
          "lambda": 0.15
        },
        "MS3_7": {
          "meanserv": 1.0975469018221364,
          "stddevserv": 1.0975469018221364,
          "rate": 0.9111227942421504,
          "cv": 1.0,
          "lambda": 0.15
        }
      },
      "sensors": [
        "S3"
      ],
      "sources": [
        {
          "startTime": 0,
          "stopTime": -1,
          "lambda": 0.15
        }
      ]
    },
    "SC4": {
      "resptime": 33.343804738112496,
      "resptime_old": 23.34380473811249,
      "waittime": 19.484661092974104,
      "servicetime": 10.0,
      "networktime": 3.8591436451383894,
      "services": {
        "MS4_1": {
          "meanserv": 0.8989460084841927,
          "stddevserv": 0.8989460084841927,
          "rate": 1.1124138608571221,
          "cv": 1.0,
          "lambda": 0.15
        },
        "MS4_2": {
          "meanserv": 1.6477254304334819,
          "stddevserv": 1.6477254304334819,
          "rate": 0.6068972302848546,
          "cv": 1.0,
          "lambda": 0.15
        },
        "MS4_3": {
          "meanserv": 0.2707319682837861,
          "stddevserv": 0.2707319682837861,
          "rate": 3.693690133230894,
          "cv": 1.0,
          "lambda": 0.15
        },
        "MS4_4": {
          "meanserv": 1.797614065214713,
          "stddevserv": 1.797614065214713,
          "rate": 0.5562929325881507,
          "cv": 1.0,
          "lambda": 0.15
        },
        "MS4_5": {
          "meanserv": 0.3407094973388567,
          "stddevserv": 0.3407094973388567,
          "rate": 2.935051731197966,
          "cv": 1.0,
          "lambda": 0.15
        },
        "MS4_6": {
          "meanserv": 2.6876399554350288,
          "stddevserv": 2.6876399554350288,
          "rate": 0.37207364698451106,
          "cv": 1.0,
          "lambda": 0.15
        },
        "MS4_7": {
          "meanserv": 2.356633074809941,
          "stddevserv": 2.356633074809941,
          "rate": 0.42433419554745433,
          "cv": 1.0,
          "lambda": 0.15
        }
      },
      "sensors": [
        "S4"
      ],
      "sources": [
        {
          "startTime": 0,
          "stopTime": -1,
          "lambda": 0.15
        }
      ]
    }
  },
  "microservice": {
    "MS1_1": "F6",
    "MS1_2": "F6",
    "MS1_3": "F6",
    "MS1_4": "F3",
    "MS1_5": "F8",
    "MS1_6": "F2",
    "MS1_7": "F8",
    "MS2_1": "F10",
    "MS2_2": "F10",
    "MS2_3": "F1",
    "MS2_4": "F6",
    "MS2_5": "F6",
    "MS2_6": "F5",
    "MS2_7": "F5",
    "MS3_1": "F8",
    "MS3_2": "F8",
    "MS3_3": "F9",
    "MS3_4": "F8",
    "MS3_5": "F3",
    "MS3_6": "F4",
    "MS3_7": "F4",
    "MS4_1": "F10",
    "MS4_2": "F7",
    "MS4_3": "F4",
    "MS4_4": "F4",
    "MS4_5": "F4",
    "MS4_6": "F7",
    "MS4_7": "F10"
  },
  "sensor": {
    "S1": "F6",
    "S2": "F10",
    "S3": "F8",
    "S4": "F10"
  },
  "fog": {
    "F1": {
      "rho": 0.6260026080113055,
      "capacity": 1.0,
      "tserv": 4.17335072007537,
      "stddev": 4.17335072007537,
      "mu": 0.23961561514339733,
      "cv": 1.0,
      "lambda": 0.15,
      "twait": 6.985418858193575
    },
    "F2": {
      "rho": 0.5529019744821368,
      "capacity": 1.0,
      "tserv": 3.686013163214245,
      "stddev": 3.6860131632142448,
      "mu": 0.2712958298629592,
      "cv": 0.9999999999999999,
      "lambda": 0.15,
      "twait": 4.558293348640337
    },
    "F3": {
      "rho": 0.5969845076454713,
      "capacity": 1.0,
      "tserv": 1.9899483588182376,
      "stddev": 2.192857935694843,
      "mu": 0.5025256035256441,
      "cv": 1.1019672575810493,
      "lambda": 0.3,
      "twait": 3.263591808471844
    },
    "F4": {
      "rho": 0.5883610623047063,
      "capacity": 1.0,
      "tserv": 0.7844814164062751,
      "stddev": 1.1418879216643167,
      "mu": 1.2747274557261277,
      "cv": 1.4555958851075503,
      "lambda": 0.75,
      "twait": 1.7484853920850234
    },
    "F5": {
      "rho": 0.5571862979112108,
      "capacity": 1.0,
      "tserv": 1.857287659704036,
      "stddev": 2.2133216656451977,
      "mu": 0.5384195575602719,
      "cv": 1.1916956719552516,
      "lambda": 0.3,
      "twait": 2.8279308681473667
    },
    "F6": {
      "rho": 0.611011766061296,
      "capacity": 1.0,
      "tserv": 0.8146823547483947,
      "stddev": 1.1229320780382117,
      "mu": 1.2274722708445533,
      "cv": 1.378367987833757,
      "lambda": 0.75,
      "twait": 1.8554710879721241
    },
    "F7": {
      "rho": 0.6503048078802766,
      "capacity": 1.0,
      "tserv": 2.1676826929342554,
      "stddev": 2.2890083806970436,
      "mu": 0.4613221313523351,
      "cv": 1.0559702248665173,
      "lambda": 0.3,
      "twait": 4.263030139435878
    },
    "F8": {
      "rho": 0.6307944596158772,
      "capacity": 1.0,
      "tserv": 0.8410592794878363,
      "stddev": 1.060677046823294,
      "mu": 1.1889768347945116,
      "cv": 1.26112043787115,
      "lambda": 0.75,
      "twait": 1.861175187841097
    },
    "F9": {
      "rho": 0.5490329656175886,
      "capacity": 1.0,
      "tserv": 3.6602197707839244,
      "stddev": 3.6602197707839244,
      "mu": 0.27320763850904667,
      "cv": 1.0,
      "lambda": 0.15,
      "twait": 4.456160123361793
    },
    "F10": {
      "rho": 0.6374195504701305,
      "capacity": 1.0,
      "tserv": 1.0623659174502176,
      "stddev": 1.5244134093064148,
      "mu": 0.9412952576642313,
      "cv": 1.434923112899891,
      "lambda": 0.6,
      "twait": 2.8565723189236394
    }
  },
  "extra": {
    "conv_gen": 103,
    "max_gen": 600,
    "population": 600,
    "deltatime": 47.6327954,
    "obj_func": 33.45093848632764
  },
  "network": [
    [
      0.0,
      1.9495089016641654,
      1.2639921817970836,
      1.355840991053955,
      1.3287052440813079,
      1.4784106644718507,
      1.3384739600715727,
      1.4638256817947102,
      1.028281711464298,
      1.028281711464298
    ],
    [
      1.9495089016641654,
      0.0,
      1.335668639137354,
      1.2913706866477916,
      1.930249746624922,
      1.4412438894136423,
      1.3535775257648028,
      1.028281711464298,
      1.5116429794659256,
      1.5116429794659256
    ],
    [
      1.2639921817970836,
      1.335668639137354,
      0.0,
      1.4285950107963021,
      1.5221074910870802,
      1.5521310427247932,
      1.4638256817947102,
      1.5116429794659256,
      1.5086825370838242,
      1.5086825370838242
    ],
    [
      1.355840991053955,
      1.2913706866477916,
      1.4285950107963021,
      0.0,
      1.8113719975143177,
      1.3384739600715727,
      1.028281711464298,
      1.5086825370838242,
      1.5235558153956914,
      1.5235558153956914
    ],
    [
      1.3287052440813079,
      1.930249746624922,
      1.5221074910870802,
      1.8113719975143177,
      0.0,
      1.3535775257648028,
      1.5116429794659256,
      1.5235558153956914,
      1.7606499202037,
      1.7606499202037
    ],
    [
      1.4784106644718507,
      1.4412438894136423,
      1.5521310427247932,
      1.3384739600715727,
      1.3535775257648028,
      0.0,
      1.5086825370838242,
      1.7606499202037,
      1.4878062294714411,
      1.4878062294714411
    ],
    [
      1.3384739600715727,
      1.3535775257648028,
      1.4638256817947102,
      1.028281711464298,
      1.5116429794659256,
      1.5086825370838242,
      0.0,
      1.4878062294714411,
      0.9012901111048969,
      0.9012901111048969
    ],
    [
      1.4638256817947102,
      1.028281711464298,
      1.5116429794659256,
      1.5086825370838242,
      1.5235558153956914,
      1.7606499202037,
      1.4878062294714411,
      0.0,
      1.281419692798998,
      1.281419692798998
    ],
    [
      1.028281711464298,
      1.5116429794659256,
      1.5086825370838242,
      1.5235558153956914,
      1.7606499202037,
      1.4878062294714411,
      0.9012901111048969,
      1.281419692798998,
      0.0,
      0.8660336933065343
    ],
    [
      1.028281711464298,
      1.5116429794659256,
      1.5086825370838242,
      1.5235558153956914,
      1.7606499202037,
      1.4878062294714411,
      0.9012901111048969,
      1.281419692798998,
      0.8660336933065343,
      0.0
    ]
  ]
}