{
  "servicechain": {
    "SC1": {
      "resptime": 29.900734728956177,
      "resptime_old": 19.90073472895618,
      "waittime": 13.652967842862083,
      "servicetime": 10.0,
      "networktime": 6.2477668860940945,
      "services": {
        "MS1_1": {
          "meanserv": 2.392442841899233,
          "stddevserv": 2.392442841899233,
          "rate": 0.4179828175983311,
          "cv": 1.0,
          "lambda": 0.3
        },
        "MS1_2": {
          "meanserv": 1.798792961978445,
          "stddevserv": 1.798792961978445,
          "rate": 0.5559283481408146,
          "cv": 1.0,
          "lambda": 0.3
        },
        "MS1_3": {
          "meanserv": 1.3403942190225946,
          "stddevserv": 1.3403942190225946,
          "rate": 0.7460491740476115,
          "cv": 1.0,
          "lambda": 0.3
        },
        "MS1_4": {
          "meanserv": 1.2461871885676477,
          "stddevserv": 1.2461871885676477,
          "rate": 0.8024476653057137,
          "cv": 1.0,
          "lambda": 0.3
        },
        "MS1_5": {
          "meanserv": 0.41031172418053785,
          "stddevserv": 0.41031172418053785,
          "rate": 2.437171401809611,
          "cv": 1.0,
          "lambda": 0.3
        },
        "MS1_6": {
          "meanserv": 0.12031927250932473,
          "stddevserv": 0.12031927250932473,
          "rate": 8.311220464888533,
          "cv": 1.0,
          "lambda": 0.3
        },
        "MS1_7": {
          "meanserv": 0.33962835890588217,
          "stddevserv": 0.33962835890588217,
          "rate": 2.9443948768633894,
          "cv": 1.0,
          "lambda": 0.3
        },
        "MS1_8": {
          "meanserv": 0.6209987378230792,
          "stddevserv": 0.6209987378230792,
          "rate": 1.6103092310710898,
          "cv": 1.0,
          "lambda": 0.3
        },
        "MS1_9": {
          "meanserv": 1.606585205088642,
          "stddevserv": 1.606585205088642,
          "rate": 0.6224381980069497,
          "cv": 1.0,
          "lambda": 0.3
        },
        "MS1_10": {
          "meanserv": 0.12433949002461375,
          "stddevserv": 0.12433949002461375,
          "rate": 8.042497197005103,
          "cv": 1.0,
          "lambda": 0.3
        }
      },
      "sensors": [
        "S1"
      ],
      "sources": [
        {
          "startTime": 0,
          "stopTime": -1,
          "lambda": 0.3
        }
      ]
    },
    "SC2": {
      "resptime": 4409.2893169605,
      "resptime_old": 4399.2893169605,
      "waittime": 4394.476498335207,
      "servicetime": 10.0,
      "networktime": 4.812818625293599,
      "services": {
        "MS2_1": {
          "meanserv": 0.16815005294925855,
          "stddevserv": 0.16815005294925855,
          "rate": 5.947069194808775,
          "cv": 1.0,
          "lambda": 0.3
        },
        "MS2_2": {
          "meanserv": 0.2758998164570503,
          "stddevserv": 0.2758998164570503,
          "rate": 3.624504042233284,
          "cv": 1.0,
          "lambda": 0.3
        },
        "MS2_3": {
          "meanserv": 0.30732096306668066,
          "stddevserv": 0.30732096306668066,
          "rate": 3.2539270670677483,
          "cv": 1.0,
          "lambda": 0.3
        },
        "MS2_4": {
          "meanserv": 2.9655554880210246,
          "stddevserv": 2.9655554880210246,
          "rate": 0.3372049533516975,
          "cv": 1.0,
          "lambda": 0.3
        },
        "MS2_5": {
          "meanserv": 0.07754820359915815,
          "stddevserv": 0.07754820359915815,
          "rate": 12.895205221889317,
          "cv": 1.0,
          "lambda": 0.3
        },
        "MS2_6": {
          "meanserv": 0.31676209127226373,
          "stddevserv": 0.31676209127226373,
          "rate": 3.1569434207974045,
          "cv": 1.0,
          "lambda": 0.3
        },
        "MS2_7": {
          "meanserv": 1.4897340445320868,
          "stddevserv": 1.4897340445320868,
          "rate": 0.6712607553478391,
          "cv": 1.0,
          "lambda": 0.3
        },
        "MS2_8": {
          "meanserv": 0.5464778214052552,
          "stddevserv": 0.5464778214052552,
          "rate": 1.8299004293138976,
          "cv": 1.0,
          "lambda": 0.3
        },
        "MS2_9": {
          "meanserv": 0.03508322948558451,
          "stddevserv": 0.03508322948558451,
          "rate": 28.503647317043434,
          "cv": 1.0,
          "lambda": 0.3
        },
        "MS2_10": {
          "meanserv": 3.8174682892116376,
          "stddevserv": 3.8174682892116376,
          "rate": 0.2619537149335468,
          "cv": 1.0,
          "lambda": 0.3
        }
      },
      "sensors": [
        "S2"
      ],
      "sources": [
        {
          "startTime": 0,
          "stopTime": -1,
          "lambda": 0.3
        }
      ]
    },
    "SC3": {
      "resptime": 40.04557629112407,
      "resptime_old": 30.045576291124068,
      "waittime": 24.857760452434857,
      "servicetime": 10.0,
      "networktime": 5.187815838689208,
      "services": {
        "MS3_1": {
          "meanserv": 1.4154110703042877,
          "stddevserv": 1.4154110703042877,
          "rate": 0.7065085337964879,
          "cv": 1.0,
          "lambda": 0.3
        },
        "MS3_2": {
          "meanserv": 0.746874110008876,
          "stddevserv": 0.746874110008876,
          "rate": 1.3389137293674778,
          "cv": 1.0,
          "lambda": 0.3
        },
        "MS3_3": {
          "meanserv": 0.961301282370052,
          "stddevserv": 0.961301282370052,
          "rate": 1.0402565962822163,
          "cv": 1.0,
          "lambda": 0.3
        },
        "MS3_4": {
          "meanserv": 1.1601762961165019,
          "stddevserv": 1.1601762961165019,
          "rate": 0.8619379686926327,
          "cv": 1.0,
          "lambda": 0.3
        },
        "MS3_5": {
          "meanserv": 2.7505356094433733,
          "stddevserv": 2.7505356094433733,
          "rate": 0.3635655530387299,
          "cv": 1.0,
          "lambda": 0.3
        },
        "MS3_6": {
          "meanserv": 0.15988149891007808,
          "stddevserv": 0.15988149891007808,
          "rate": 6.254632379712856,
          "cv": 1.0,
          "lambda": 0.3
        },
        "MS3_7": {
          "meanserv": 2.4930322986150006,
          "stddevserv": 2.4930322986150006,
          "rate": 0.4011179480328226,
          "cv": 1.0,
          "lambda": 0.3
        },
        "MS3_8": {
          "meanserv": 0.21727561867401946,
          "stddevserv": 0.21727561867401946,
          "rate": 4.60244921221607,
          "cv": 1.0,
          "lambda": 0.3
        },
        "MS3_9": {
          "meanserv": 0.03205489336293077,
          "stddevserv": 0.03205489336293077,
          "rate": 31.196485000833903,
          "cv": 1.0,
          "lambda": 0.3
        },
        "MS3_10": {
          "meanserv": 0.0634573221948802,
          "stddevserv": 0.0634573221948802,
          "rate": 15.758622731179175,
          "cv": 1.0,
          "lambda": 0.3
        }
      },
      "sensors": [
        "S3"
      ],
      "sources": [
        {
          "startTime": 0,
          "stopTime": -1,
          "lambda": 0.3
        }
      ]
    },
    "SC4": {
      "resptime": 6443.238445904143,
      "resptime_old": 6433.238445904144,
      "waittime": 6428.00692971809,
      "servicetime": 10.0,
      "networktime": 5.23151618605326,
      "services": {
        "MS4_1": {
          "meanserv": 4.628652543775267,
          "stddevserv": 4.628652543775267,
          "rate": 0.2160455965407959,
          "cv": 1.0,
          "lambda": 0.3
        },
        "MS4_2": {
          "meanserv": 1.2484614832335348,
          "stddevserv": 1.2484614832335348,
          "rate": 0.8009858641453514,
          "cv": 1.0,
          "lambda": 0.3
        },
        "MS4_3": {
          "meanserv": 0.47038600180066403,
          "stddevserv": 0.47038600180066403,
          "rate": 2.1259136032363717,
          "cv": 1.0,
          "lambda": 0.3
        },
        "MS4_4": {
          "meanserv": 0.050310524647794175,
          "stddevserv": 0.050310524647794175,
          "rate": 19.876556784105098,
          "cv": 1.0,
          "lambda": 0.3
        },
        "MS4_5": {
          "meanserv": 0.0004036238908486922,
          "stddevserv": 0.0004036238908486922,
          "rate": 2477.5540364999683,
          "cv": 1.0,
          "lambda": 0.3
        },
        "MS4_6": {
          "meanserv": 2.256819540578501,
          "stddevserv": 2.256819540578501,
          "rate": 0.4431014452062327,
          "cv": 1.0,
          "lambda": 0.3
        },
        "MS4_7": {
          "meanserv": 0.04120689789748333,
          "stddevserv": 0.04120689789748333,
          "rate": 24.26778163422668,
          "cv": 1.0,
          "lambda": 0.3
        },
        "MS4_8": {
          "meanserv": 0.4565573603739317,
          "stddevserv": 0.4565573603739317,
          "rate": 2.1903052864616517,
          "cv": 1.0,
          "lambda": 0.3
        },
        "MS4_9": {
          "meanserv": 0.22848998732979275,
          "stddevserv": 0.22848998732979275,
          "rate": 4.376559391885485,
          "cv": 1.0,
          "lambda": 0.3
        },
        "MS4_10": {
          "meanserv": 0.6187120364721821,
          "stddevserv": 0.6187120364721821,
          "rate": 1.6162607821594577,
          "cv": 1.0,
          "lambda": 0.3
        }
      },
      "sensors": [
        "S4"
      ],
      "sources": [
        {
          "startTime": 0,
          "stopTime": -1,
          "lambda": 0.3
        }
      ]
    }
  },
  "microservice": {
    "MS1_1": "F5",
    "MS1_2": "F7",
    "MS1_3": "F3",
    "MS1_4": "F11",
    "MS1_5": "F11",
    "MS1_6": "F13",
    "MS1_7": "F13",
    "MS1_8": "F16",
    "MS1_9": "F9",
    "MS1_10": "F2",
    "MS2_1": "F13",
    "MS2_2": "F13",
    "MS2_3": "F13",
    "MS2_4": "F4",
    "MS2_5": "F2",
    "MS2_6": "F2",
    "MS2_7": "F10",
    "MS2_8": "F16",
    "MS2_9": "F16",
    "MS2_10": "F12",
    "MS3_1": "F20",
    "MS3_2": "F8",
    "MS3_3": "F8",
    "MS3_4": "F6",
    "MS3_5": "F14",
    "MS3_6": "F16",
    "MS3_7": "F1",
    "MS3_8": "F13",
    "MS3_9": "F13",
    "MS3_10": "F13",
    "MS4_1": "F18",
    "MS4_2": "F19",
    "MS4_3": "F15",
    "MS4_4": "F15",
    "MS4_5": "F15",
    "MS4_6": "F17",
    "MS4_7": "F15",
    "MS4_8": "F15",
    "MS4_9": "F15",
    "MS4_10": "F2"
  },
  "sensor": {
    "S1": "F5",
    "S2": "F13",
    "S3": "F20",
    "S4": "F18"
  },
  "fog": {
    "F1": {
      "rho": 0.7479096895845001,
      "capacity": 1.0,
      "tserv": 2.4930322986150006,
      "stddev": 2.4930322986150006,
      "mu": 0.4011179480328226,
      "cv": 1.0,
      "lambda": 0.3,
      "twait": 7.396408888180076
    },
    "F2": {
      "rho": 0.3412085464104653,
      "capacity": 1.0,
      "tserv": 0.28434045534205443,
      "stddev": 0.41407598947265495,
      "mu": 3.51691073574819,
      "cv": 1.4562682927919346,
      "lambda": 1.2,
      "twait": 0.22979206991269305
    },
    "F3": {
      "rho": 0.4021182657067784,
      "capacity": 1.0,
      "tserv": 1.3403942190225946,
      "stddev": 1.3403942190225944,
      "mu": 0.7460491740476115,
      "cv": 0.9999999999999999,
      "lambda": 0.3,
      "twait": 0.9015110644815496
    },
    "F4": {
      "rho": 0.8896666464063073,
      "capacity": 1.0,
      "tserv": 2.9655554880210246,
      "stddev": 2.9655554880210246,
      "mu": 0.3372049533516975,
      "cv": 1.0,
      "lambda": 0.3,
      "twait": 23.912585993491543
    },
    "F5": {
      "rho": 0.7177328525697698,
      "capacity": 1.0,
      "tserv": 2.392442841899233,
      "stddev": 2.392442841899233,
      "mu": 0.4179828175983311,
      "cv": 1.0,
      "lambda": 0.3,
      "twait": 6.083367622336917
    },
    "F6": {
      "rho": 0.34805288883495056,
      "capacity": 1.0,
      "tserv": 1.1601762961165019,
      "stddev": 1.1601762961165019,
      "mu": 0.8619379686926327,
      "cv": 1.0,
      "lambda": 0.3,
      "twait": 0.6193795547304041
    },
    "F7": {
      "rho": 0.5396378885935335,
      "capacity": 1.0,
      "tserv": 1.7987929619784448,
      "stddev": 1.7987929619784453,
      "mu": 0.5559283481408146,
      "cv": 1.0000000000000002,
      "lambda": 0.3,
      "twait": 2.1085506647220607
    },
    "F8": {
      "rho": 0.5124526177136783,
      "capacity": 1.0,
      "tserv": 0.8540876961894639,
      "stddev": 0.8674418129797705,
      "mu": 1.1708399552663362,
      "cv": 1.015635533505384,
      "lambda": 0.6,
      "twait": 0.9118628130491551
    },
    "F9": {
      "rho": 0.4819755615265926,
      "capacity": 1.0,
      "tserv": 1.606585205088642,
      "stddev": 1.606585205088642,
      "mu": 0.6224381980069497,
      "cv": 1.0,
      "lambda": 0.3,
      "twait": 1.4947843168265205
    },
    "F10": {
      "rho": 0.446920213359626,
      "capacity": 1.0,
      "tserv": 1.4897340445320868,
      "stddev": 1.4897340445320868,
      "mu": 0.6712607553478391,
      "cv": 1.0,
      "lambda": 0.3,
      "twait": 1.2037906159537397
    },
    "F11": {
      "rho": 0.49694967382445565,
      "capacity": 1.0,
      "tserv": 0.8282494563740928,
      "stddev": 1.0175171045079112,
      "mu": 1.2073657185092472,
      "cv": 1.228515269979643,
      "lambda": 0.6,
      "twait": 1.0265403660723198
    },
    "F12": {
      "rho": 1.1452404867634913,
      "capacity": 1.0,
      "tserv": 3.817468289211638,
      "stddev": 3.817468289211637,
      "mu": 0.2619537149335468,
      "cv": 0.9999999999999998,
      "lambda": 0.3,
      "twait": 4367.547322499184
    },
    "F13": {
      "rho": 0.457231889436008,
      "capacity": 1.0,
      "tserv": 0.19051328726500336,
      "stddev": 0.24276905938522175,
      "mu": 5.248977718855921,
      "cv": 1.2742893835406388,
      "lambda": 2.4,
      "twait": 0.21054765812312815
    },
    "F14": {
      "rho": 0.8251606828330119,
      "capacity": 1.0,
      "tserv": 2.7505356094433733,
      "stddev": 2.750535609443373,
      "mu": 0.3635655530387299,
      "cv": 0.9999999999999999,
      "lambda": 0.3,
      "twait": 12.98125546599506
    },
    "F15": {
      "rho": 0.3742063187821545,
      "capacity": 1.0,
      "tserv": 0.20789239932341913,
      "stddev": 0.34471575704202373,
      "mu": 4.810180666799153,
      "cv": 1.6581450700645766,
      "lambda": 1.8,
      "twait": 0.23305345985713707
    },
    "F16": {
      "rho": 0.4087323862871991,
      "capacity": 1.0,
      "tserv": 0.34061032190599927,
      "stddev": 0.4894075937154767,
      "mu": 2.9359063295679495,
      "cv": 1.4368548521278874,
      "lambda": 1.2,
      "twait": 0.36078605619144627
    },
    "F17": {
      "rho": 0.6770458621735503,
      "capacity": 1.0,
      "tserv": 2.256819540578501,
      "stddev": 2.256819540578501,
      "mu": 0.4431014452062327,
      "cv": 1.0,
      "lambda": 0.3,
      "twait": 4.73123008085499
    },
    "F18": {
      "rho": 1.3885957631325803,
      "capacity": 1.0,
      "tserv": 4.628652543775267,
      "stddev": 4.628652543775267,
      "mu": 0.2160455965407959,
      "cv": 1.0,
      "lambda": 0.3,
      "twait": 6420.899983987872
    },
    "F19": {
      "rho": 0.3745384449700604,
      "capacity": 1.0,
      "tserv": 1.2484614832335348,
      "stddev": 1.2484614832335348,
      "mu": 0.8009858641453514,
      "cv": 1.0,
      "lambda": 0.3,
      "twait": 0.747602820309108
    },
    "F20": {
      "rho": 0.4246233210912863,
      "capacity": 1.0,
      "tserv": 1.4154110703042877,
      "stddev": 1.4154110703042877,
      "mu": 0.7065085337964879,
      "cv": 1.0,
      "lambda": 0.3,
      "twait": 1.0445618868701716
    }
  },
  "extra": {
    "conv_gen": 6,
    "max_gen": 600,
    "population": 600,
    "deltatime": 75.8582446,
    "obj_func": 2730.6185184711812
  },
  "network": [
    [
      0.0,
      0.8774059669674591,
      1.3059044211278852,
      1.2161908762155749,
      0.9411428990681412,
      1.2277616382897851,
      0.8087284702496522,
      0.8680308752735946,
      1.0090987448323492,
      1.4244201975237407,
      0.8315683794138601,
      0.9483636158984785,
      1.2763216932648287,
      1.075163963818359,
      0.9741808494556095,
      0.7464791941336085,
      0.7185122383620796,
      1.2041396247824399,
      1.2384498672817095,
      1.2384498672817095
    ],
    [
      0.8774059669674591,
      0.0,
      0.7954890202215135,
      0.7498281068035578,
      1.1306291892293936,
      1.0650122714653145,
      1.1239145595213413,
      1.0172460504096772,
      0.7862959447064508,
      0.8165690446050935,
      1.4332171357847459,
      0.7158262331779923,
      1.043977786819649,
      1.0165253327416852,
      0.9803766801338998,
      0.8667125043637938,
      1.0690323302575684,
      1.2384498672817095,
      0.9688542409528552,
      0.9688542409528552
    ],
    [
      1.3059044211278852,
      0.7954890202215135,
      0.0,
      0.6487644832250067,
      1.1578930376683045,
      0.5894938969428524,
      0.955650161820966,
      0.9052353056076108,
      1.038515712861176,
      1.057029130536696,
      0.8910430614622159,
      0.8248520229746065,
      1.2675359036306213,
      1.2009168001526207,
      1.3115929187652027,
      1.2475546304958633,
      1.2041396247824399,
      0.9688542409528552,
      1.0066268898868835,
      1.0066268898868835
    ],
    [
      1.2161908762155749,
      0.7498281068035578,
      0.6487644832250067,
      0.0,
      1.32768043583028,
      0.689136918134903,
      0.6745564148266516,
      0.9350422541063538,
      1.1495398012721572,
      1.3292740541782135,
      1.2959779975256467,
      0.8799117416674566,
      1.0110979835766456,
      0.928334645351215,
      1.138999002965147,
      0.7185122383620796,
      1.2384498672817095,
      1.0066268898868835,
      1.0530943989251174,
      1.0530943989251174
    ],
    [
      0.9411428990681412,
      1.1306291892293936,
      1.1578930376683045,
      1.32768043583028,
      0.0,
      1.0476279073276187,
      0.9688663961968994,
      1.122014894296261,
      0.8776418254190131,
      1.0269599878302735,
      1.0854643369859256,
      0.9606193481245174,
      1.2704273270746724,
      0.7779987075880441,
      0.7464791941336085,
      1.0690323302575684,
      0.9688542409528552,
      1.0530943989251174,
      0.946883991868446,
      0.946883991868446
    ],
    [
      1.2277616382897851,
      1.0650122714653145,
      0.5894938969428524,
      0.689136918134903,
      1.0476279073276187,
      0.0,
      0.8718369640995501,
      0.7914281519707891,
      1.036257246386585,
      1.2406485540314107,
      1.131454230669434,
      0.8705591384239924,
      0.9391277993866465,
      0.9741808494556095,
      0.8667125043637938,
      1.2041396247824399,
      1.0066268898868835,
      0.946883991868446,
      1.182229091383185,
      1.182229091383185
    ],
    [
      0.8087284702496522,
      1.1239145595213413,
      0.955650161820966,
      0.6745564148266516,
      0.9688663961968994,
      0.8718369640995501,
      0.0,
      1.1922668762003388,
      0.7951576621040182,
      1.1298162594568506,
      1.0524273404006657,
      0.7164530555932154,
      1.075163963818359,
      0.9803766801338998,
      1.2475546304958633,
      1.2384498672817095,
      1.0530943989251174,
      1.182229091383185,
      0.861285724432635,
      0.861285724432635
    ],
    [
      0.8680308752735946,
      1.0172460504096772,
      0.9052353056076108,
      0.9350422541063538,
      1.122014894296261,
      0.7914281519707891,
      1.1922668762003388,
      0.0,
      1.4240625234004671,
      0.738131864309067,
      1.1156159537892176,
      1.2763216932648287,
      1.0165253327416852,
      1.3115929187652027,
      0.7185122383620796,
      0.9688542409528552,
      0.946883991868446,
      0.861285724432635,
      0.6997029749321863,
      0.6997029749321863
    ],
    [
      1.0090987448323492,
      0.7862959447064508,
      1.038515712861176,
      1.1495398012721572,
      0.8776418254190131,
      1.036257246386585,
      0.7951576621040182,
      1.4240625234004671,
      0.0,
      0.6518320643193142,
      0.9483636158984785,
      1.043977786819649,
      1.2009168001526207,
      1.138999002965147,
      1.0690323302575684,
      1.0066268898868835,
      1.182229091383185,
      0.6997029749321863,
      1.0673044375081577,
      1.0673044375081577
    ],
    [
      1.4244201975237407,
      0.8165690446050935,
      1.057029130536696,
      1.3292740541782135,
      1.0269599878302735,
      1.2406485540314107,
      1.1298162594568506,
      0.738131864309067,
      0.6518320643193142,
      0.0,
      0.7158262331779923,
      1.2675359036306213,
      0.928334645351215,
      0.7464791941336085,
      1.2041396247824399,
      1.0530943989251174,
      0.861285724432635,
      1.0673044375081577,
      0.7663449566992068,
      0.7663449566992068
    ],
    [
      0.8315683794138601,
      1.4332171357847459,
      0.8910430614622159,
      1.2959779975256467,
      1.0854643369859256,
      1.131454230669434,
      1.0524273404006657,
      1.1156159537892176,
      0.9483636158984785,
      0.7158262331779923,
      0.0,
      1.0110979835766456,
      0.7779987075880441,
      0.8667125043637938,
      1.2384498672817095,
      0.946883991868446,
      0.6997029749321863,
      0.7663449566992068,
      0.8704327518916447,
      0.8704327518916447
    ],
    [
      0.9483636158984785,
      0.7158262331779923,
      0.8248520229746065,
      0.8799117416674566,
      0.9606193481245174,
      0.8705591384239924,
      0.7164530555932154,
      1.2763216932648287,
      1.043977786819649,
      1.2675359036306213,
      1.0110979835766456,
      0.0,
      0.9741808494556095,
      1.2475546304958633,
      0.9688542409528552,
      1.182229091383185,
      1.0673044375081577,
      0.8704327518916447,
      1.32867881793353,
      1.32867881793353
    ],
    [
      1.2763216932648287,
      1.043977786819649,
      1.2675359036306213,
      1.0110979835766456,
      1.2704273270746724,
      0.9391277993866465,
      1.075163963818359,
      1.0165253327416852,
      1.2009168001526207,
      0.928334645351215,
      0.7779987075880441,
      0.9741808494556095,
      0.0,
      0.7185122383620796,
      1.0066268898868835,
      0.861285724432635,
      0.7663449566992068,
      1.32867881793353,
      0.9568632303530091,
      0.9568632303530091
    ],
    [
      1.075163963818359,
      1.0165253327416852,
      1.2009168001526207,
      0.928334645351215,
      0.7779987075880441,
      0.9741808494556095,
      0.9803766801338998,
      1.3115929187652027,
      1.138999002965147,
      0.7464791941336085,
      0.8667125043637938,
      1.2475546304958633,
      0.7185122383620796,
      0.0,
      1.0530943989251174,
      0.6997029749321863,
      0.8704327518916447,
      0.9568632303530091,
      0.9936611778319732,
      0.9936611778319732
    ],
    [
      0.9741808494556095,
      0.9803766801338998,
      1.3115929187652027,
      1.138999002965147,
      0.7464791941336085,
      0.8667125043637938,
      1.2475546304958633,
      0.7185122383620796,
      1.0690323302575684,
      1.2041396247824399,
      1.2384498672817095,
      0.9688542409528552,
      1.0066268898868835,
      1.0530943989251174,
      0.0,
      1.0673044375081577,
      1.32867881793353,
      0.9936611778319732,
      0.7349440117641233,
      0.7349440117641233
    ],
    [
      0.7464791941336085,
      0.8667125043637938,
      1.2475546304958633,
      0.7185122383620796,
      1.0690323302575684,
      1.2041396247824399,
      1.2384498672817095,
      0.9688542409528552,
      1.0066268898868835,
      1.0530943989251174,
      0.946883991868446,
      1.182229091383185,
      0.861285724432635,
      0.6997029749321863,
      1.0673044375081577,
      0.0,
      0.9568632303530091,
      0.7349440117641233,
      0.8732658853870174,
      0.8732658853870174
    ],
    [
      0.7185122383620796,
      1.0690323302575684,
      1.2041396247824399,
      1.2384498672817095,
      0.9688542409528552,
      1.0066268898868835,
      1.0530943989251174,
      0.946883991868446,
      1.182229091383185,
      0.861285724432635,
      0.6997029749321863,
      1.0673044375081577,
      0.7663449566992068,
      0.8704327518916447,
      1.32867881793353,
      0.9568632303530091,
      0.0,
      0.8732658853870174,
      0.4795045585748378,
      0.4795045585748378
    ],
    [
      1.2041396247824399,
      1.2384498672817095,
      0.9688542409528552,
      1.0066268898868835,
      1.0530943989251174,
      0.946883991868446,
      1.182229091383185,
      0.861285724432635,
      0.6997029749321863,
      1.0673044375081577,
      0.7663449566992068,
      0.8704327518916447,
      1.32867881793353,
      0.9568632303530091,
      0.9936611778319732,
      0.7349440117641233,
      0.8732658853870174,
      0.0,
      0.8588378582881767,
      0.8588378582881767
    ],
    [
      1.2384498672817095,
      0.9688542409528552,
      1.0066268898868835,
      1.0530943989251174,
      0.946883991868446,
      1.182229091383185,
      0.861285724432635,
      0.6997029749321863,
      1.0673044375081577,
      0.7663449566992068,
      0.8704327518916447,
      1.32867881793353,
      0.9568632303530091,
      0.9936611778319732,
      0.7349440117641233,
      0.8732658853870174,
      0.4795045585748378,
      0.8588378582881767,
      0.0,
      1.0127012098007477
    ],
    [
      1.2384498672817095,
      0.9688542409528552,
      1.0066268898868835,
      1.0530943989251174,
      0.946883991868446,
      1.182229091383185,
      0.861285724432635,
      0.6997029749321863,
      1.0673044375081577,
      0.7663449566992068,
      0.8704327518916447,
      1.32867881793353,
      0.9568632303530091,
      0.9936611778319732,
      0.7349440117641233,
      0.8732658853870174,
      0.4795045585748378,
      0.8588378582881767,
      1.0127012098007477,
      0.0
    ]
  ]
}