{
  "servicechain": {
    "SC1": {
      "resptime": 41.298685588323075,
      "resptime_old": 31.298685588323075,
      "waittime": 27.145885512092683,
      "servicetime": 10.0,
      "networktime": 4.152800076230392,
      "services": {
        "MS1_1": {
          "meanserv": 5.3730912735721015,
          "stddevserv": 5.3730912735721015,
          "rate": 0.18611260242657052,
          "cv": 1.0,
          "lambda": 0.15
        },
        "MS1_2": {
          "meanserv": 1.0715457758967295,
          "stddevserv": 1.0715457758967295,
          "rate": 0.9332312463862256,
          "cv": 1.0,
          "lambda": 0.15
        },
        "MS1_3": {
          "meanserv": 0.5008900621716155,
          "stddevserv": 0.5008900621716155,
          "rate": 1.9964460777370723,
          "cv": 1.0,
          "lambda": 0.15
        },
        "MS1_4": {
          "meanserv": 3.0544728883595536,
          "stddevserv": 3.0544728883595536,
          "rate": 0.3273887300852959,
          "cv": 1.0,
          "lambda": 0.15
        }
      },
      "sensors": [
        "S1"
      ],
      "sources": [
        {
          "startTime": 0,
          "stopTime": -1,
          "lambda": 0.15
        }
      ]
    },
    "SC2": {
      "resptime": 26.22325213536424,
      "resptime_old": 16.22325213536424,
      "waittime": 10.023612320759447,
      "servicetime": 10.0,
      "networktime": 6.1996398146047955,
      "services": {
        "MS2_1": {
          "meanserv": 2.320222686534085,
          "stddevserv": 2.320222686534085,
          "rate": 0.43099311363677145,
          "cv": 1.0,
          "lambda": 0.15
        },
        "MS2_2": {
          "meanserv": 2.5271763076305893,
          "stddevserv": 2.5271763076305893,
          "rate": 0.39569854979274177,
          "cv": 1.0,
          "lambda": 0.15
        },
        "MS2_3": {
          "meanserv": 3.5611585293247767,
          "stddevserv": 3.5611585293247767,
          "rate": 0.2808074933383007,
          "cv": 1.0,
          "lambda": 0.15
        },
        "MS2_4": {
          "meanserv": 1.591442476510549,
          "stddevserv": 1.591442476510549,
          "rate": 0.6283607574636527,
          "cv": 1.0,
          "lambda": 0.15
        }
      },
      "sensors": [
        "S2"
      ],
      "sources": [
        {
          "startTime": 0,
          "stopTime": -1,
          "lambda": 0.15
        }
      ]
    },
    "SC3": {
      "resptime": 6854.93436128394,
      "resptime_old": 6844.93436128394,
      "waittime": 6840.99413491566,
      "servicetime": 10.0,
      "networktime": 3.9402263682806056,
      "services": {
        "MS3_1": {
          "meanserv": 2.4127414260152147,
          "stddevserv": 2.4127414260152147,
          "rate": 0.4144662951518842,
          "cv": 1.0,
          "lambda": 0.15
        },
        "MS3_2": {
          "meanserv": 6.753827464511437,
          "stddevserv": 6.753827464511437,
          "rate": 0.148064191046423,
          "cv": 1.0,
          "lambda": 0.15
        },
        "MS3_3": {
          "meanserv": 0.004436541634529334,
          "stddevserv": 0.004436541634529334,
          "rate": 225.40079241386144,
          "cv": 1.0,
          "lambda": 0.15
        },
        "MS3_4": {
          "meanserv": 0.8289945678388193,
          "stddevserv": 0.8289945678388193,
          "rate": 1.2062805219664952,
          "cv": 1.0,
          "lambda": 0.15
        }
      },
      "sensors": [
        "S3"
      ],
      "sources": [
        {
          "startTime": 0,
          "stopTime": -1,
          "lambda": 0.15
        }
      ]
    },
    "SC4": {
      "resptime": 30.97318871650972,
      "resptime_old": 20.973188716509725,
      "waittime": 17.080116221123895,
      "servicetime": 10.0,
      "networktime": 3.893072495385826,
      "services": {
        "MS4_1": {
          "meanserv": 4.348583434079,
          "stddevserv": 4.348583434079,
          "rate": 0.22995994331468844,
          "cv": 1.0,
          "lambda": 0.15
        },
        "MS4_2": {
          "meanserv": 1.7583210138206837,
          "stddevserv": 1.7583210138206837,
          "rate": 0.5687243638333618,
          "cv": 1.0,
          "lambda": 0.15
        },
        "MS4_3": {
          "meanserv": 2.3030669145195084,
          "stddevserv": 2.3030669145195084,
          "rate": 0.434203623739969,
          "cv": 1.0,
          "lambda": 0.15
        },
        "MS4_4": {
          "meanserv": 1.590028637580808,
          "stddevserv": 1.590028637580808,
          "rate": 0.6289194901052079,
          "cv": 1.0,
          "lambda": 0.15
        }
      },
      "sensors": [
        "S4"
      ],
      "sources": [
        {
          "startTime": 0,
          "stopTime": -1,
          "lambda": 0.15
        }
      ]
    }
  },
  "microservice": {
    "MS1_1": "F2",
    "MS1_2": "F1",
    "MS1_3": "F1",
    "MS1_4": "F3",
    "MS2_1": "F5",
    "MS2_2": "F8",
    "MS2_3": "F6",
    "MS2_4": "F1",
    "MS3_1": "F9",
    "MS3_2": "F7",
    "MS3_3": "F9",
    "MS3_4": "F9",
    "MS4_1": "F10",
    "MS4_2": "F5",
    "MS4_3": "F4",
    "MS4_4": "F4"
  },
  "sensor": {
    "S1": "F2",
    "S2": "F5",
    "S3": "F9",
    "S4": "F10"
  },
  "fog": {
    "F1": {
      "rho": 0.47458174718683416,
      "capacity": 1.0,
      "tserv": 1.0546261048596315,
      "stddev": 1.228396252216507,
      "mu": 0.9482033446660206,
      "cv": 1.1647694349268967,
      "lambda": 0.44999999999999996,
      "twait": 1.122474430384287
    },
    "F2": {
      "rho": 0.8059636910358152,
      "capacity": 1.0,
      "tserv": 5.3730912735721015,
      "stddev": 5.3730912735721015,
      "mu": 0.18611260242657052,
      "cv": 1.0,
      "lambda": 0.15,
      "twait": 22.318072829966205
    },
    "F3": {
      "rho": 0.458170933253933,
      "capacity": 1.0,
      "tserv": 3.0544728883595536,
      "stddev": 3.0544728883595536,
      "mu": 0.3273887300852959,
      "cv": 1.0,
      "lambda": 0.15,
      "twait": 2.582863821357903
    },
    "F4": {
      "rho": 0.5839643328150474,
      "capacity": 1.0,
      "tserv": 1.9465477760501582,
      "stddev": 2.010785925113778,
      "mu": 0.5137300056560401,
      "cv": 1.0330010646817869,
      "lambda": 0.3,
      "twait": 2.823907503199562
    },
    "F5": {
      "rho": 0.6117815550532153,
      "capacity": 1.0,
      "tserv": 2.0392718501773843,
      "stddev": 2.077617968690335,
      "mu": 0.49037110962573033,
      "cv": 1.0188038286850354,
      "lambda": 0.3,
      "twait": 3.2746226562905503
    },
    "F6": {
      "rho": 0.5341737793987166,
      "capacity": 1.0,
      "tserv": 3.5611585293247767,
      "stddev": 3.5611585293247767,
      "mu": 0.2808074933383007,
      "cv": 1.0,
      "lambda": 0.15,
      "twait": 4.083663448983082
    },
    "F7": {
      "rho": 1.0130741196767155,
      "capacity": 1.0,
      "tserv": 6.753827464511437,
      "stddev": 6.753827464511437,
      "mu": 0.148064191046423,
      "cv": 1.0,
      "lambda": 0.15,
      "twait": 6835.285685245282
    },
    "F8": {
      "rho": 0.37907644614458835,
      "capacity": 1.0,
      "tserv": 2.5271763076305893,
      "stddev": 2.5271763076305893,
      "mu": 0.39569854979274177,
      "cv": 1.0,
      "lambda": 0.15,
      "twait": 1.5428517851015282
    },
    "F9": {
      "rho": 0.48692588032328454,
      "capacity": 1.0,
      "tserv": 1.0820575118295213,
      "stddev": 1.7799438524586173,
      "mu": 0.9241652953448102,
      "cv": 1.6449623361045973,
      "lambda": 0.44999999999999996,
      "twait": 1.9028165567926771
    },
    "F10": {
      "rho": 0.6522875151118499,
      "capacity": 1.0,
      "tserv": 4.348583434079,
      "stddev": 4.348583434079,
      "mu": 0.22995994331468844,
      "cv": 1.0,
      "lambda": 0.15,
      "twait": 8.157678558434222
    }
  },
  "extra": {
    "deltatime": 0.5509223,
    "conv": 232,
    "obj_func": 1738.3573719310343
  },
  "network": [
    [
      0.0,
      2.258657768844821,
      1.8941423073855703,
      2.3039563515521335,
      3.567730724165047,
      2.066405654781978,
      3.47436051579841,
      1.87633132134706,
      1.9507664864223002,
      1.9507664864223002
    ],
    [
      2.258657768844821,
      0.0,
      2.570940525458833,
      3.41560144342568,
      2.6236718230663323,
      2.757970669139213,
      3.3572769100497855,
      1.9507664864223002,
      2.4705638046138323,
      2.4705638046138323
    ],
    [
      1.8941423073855703,
      2.570940525458833,
      0.0,
      3.220181013333176,
      2.1146146351826625,
      2.585259730824226,
      1.87633132134706,
      2.4705638046138323,
      3.3033481277554886,
      3.3033481277554886
    ],
    [
      2.3039563515521335,
      3.41560144342568,
      3.220181013333176,
      0.0,
      2.0023356554128875,
      3.47436051579841,
      1.9507664864223002,
      3.3033481277554886,
      2.2424973198498783,
      2.2424973198498783
    ],
    [
      3.567730724165047,
      2.6236718230663323,
      2.1146146351826625,
      2.0023356554128875,
      0.0,
      3.3572769100497855,
      2.4705638046138323,
      2.2424973198498783,
      1.8907368399729385,
      1.8907368399729385
    ],
    [
      2.066405654781978,
      2.757970669139213,
      2.585259730824226,
      3.47436051579841,
      3.3572769100497855,
      0.0,
      3.3033481277554886,
      1.8907368399729385,
      2.3745406678500522,
      2.3745406678500522
    ],
    [
      3.47436051579841,
      3.3572769100497855,
      1.87633132134706,
      1.9507664864223002,
      2.4705638046138323,
      3.3033481277554886,
      0.0,
      2.3745406678500522,
      1.9701131841403028,
      1.9701131841403028
    ],
    [
      1.87633132134706,
      1.9507664864223002,
      2.4705638046138323,
      3.3033481277554886,
      2.2424973198498783,
      1.8907368399729385,
      2.3745406678500522,
      0.0,
      3.0981714434787597,
      3.0981714434787597
    ],
    [
      1.9507664864223002,
      2.4705638046138323,
      3.3033481277554886,
      2.2424973198498783,
      1.8907368399729385,
      2.3745406678500522,
      1.9701131841403028,
      3.0981714434787597,
      0.0,
      2.1923122789082568
    ],
    [
      1.9507664864223002,
      2.4705638046138323,
      3.3033481277554886,
      2.2424973198498783,
      1.8907368399729385,
      2.3745406678500522,
      1.9701131841403028,
      3.0981714434787597,
      2.1923122789082568,
      0.0
    ]
  ]
}