{
  "servicechain": {
    "SC1": {
      "resptime": 16.446062054790847,
      "resptime_old": 6.446062054790846,
      "waittime": 4.028697552317878,
      "servicetime": 10.0,
      "networktime": 2.417364502472968,
      "services": {
        "MS1_1": {
          "meanserv": 4.639177664906738,
          "stddevserv": 4.639177664906738,
          "rate": 0.21555544370816918,
          "cv": 1.0,
          "lambda": 0.075
        },
        "MS1_2": {
          "meanserv": 0.7954450715740684,
          "stddevserv": 0.7954450715740684,
          "rate": 1.257157829919227,
          "cv": 1.0,
          "lambda": 0.075
        },
        "MS1_3": {
          "meanserv": 0.2534460963547538,
          "stddevserv": 0.2534460963547538,
          "rate": 3.9456121612553035,
          "cv": 1.0,
          "lambda": 0.075
        },
        "MS1_4": {
          "meanserv": 0.9649836479294374,
          "stddevserv": 0.9649836479294374,
          "rate": 1.0362869900911762,
          "cv": 1.0,
          "lambda": 0.075
        },
        "MS1_5": {
          "meanserv": 3.3469475192350027,
          "stddevserv": 3.3469475192350027,
          "rate": 0.29877970725652897,
          "cv": 1.0,
          "lambda": 0.075
        }
      },
      "sensors": [
        "S1"
      ],
      "sources": [
        {
          "startTime": 0,
          "stopTime": -1,
          "lambda": 0.075
        }
      ]
    },
    "SC2": {
      "resptime": 20.240855325785706,
      "resptime_old": 10.240855325785708,
      "waittime": 7.175714627721774,
      "servicetime": 10.0,
      "networktime": 3.0651406980639315,
      "services": {
        "MS2_1": {
          "meanserv": 2.810153450697801,
          "stddevserv": 2.810153450697801,
          "rate": 0.35585245344936084,
          "cv": 1.0,
          "lambda": 0.075
        },
        "MS2_2": {
          "meanserv": 1.9826625274747003,
          "stddevserv": 1.9826625274747003,
          "rate": 0.5043722701884578,
          "cv": 1.0,
          "lambda": 0.075
        },
        "MS2_3": {
          "meanserv": 0.7584247751310809,
          "stddevserv": 0.7584247751310809,
          "rate": 1.3185223278434792,
          "cv": 1.0,
          "lambda": 0.075
        },
        "MS2_4": {
          "meanserv": 4.176319893687675,
          "stddevserv": 4.176319893687675,
          "rate": 0.23944525933261393,
          "cv": 1.0,
          "lambda": 0.075
        },
        "MS2_5": {
          "meanserv": 0.27243935300874256,
          "stddevserv": 0.27243935300874256,
          "rate": 3.670541678198414,
          "cv": 1.0,
          "lambda": 0.075
        }
      },
      "sensors": [
        "S2"
      ],
      "sources": [
        {
          "startTime": 0,
          "stopTime": -1,
          "lambda": 0.075
        }
      ]
    },
    "SC3": {
      "resptime": 18.1064002837884,
      "resptime_old": 8.1064002837884,
      "waittime": 4.0135662554341325,
      "servicetime": 10.0,
      "networktime": 4.092834028354269,
      "services": {
        "MS3_1": {
          "meanserv": 3.9800448278575615,
          "stddevserv": 3.9800448278575615,
          "rate": 0.25125345146886074,
          "cv": 1.0,
          "lambda": 0.075
        },
        "MS3_2": {
          "meanserv": 1.758783773368564,
          "stddevserv": 1.758783773368564,
          "rate": 0.5685747248422242,
          "cv": 1.0,
          "lambda": 0.075
        },
        "MS3_3": {
          "meanserv": 0.8188420600577873,
          "stddevserv": 0.8188420600577873,
          "rate": 1.2212367302302816,
          "cv": 1.0,
          "lambda": 0.075
        },
        "MS3_4": {
          "meanserv": 0.35355108466498564,
          "stddevserv": 0.35355108466498564,
          "rate": 2.8284455722928126,
          "cv": 1.0,
          "lambda": 0.075
        },
        "MS3_5": {
          "meanserv": 3.0887782540511015,
          "stddevserv": 3.0887782540511015,
          "rate": 0.3237526030521762,
          "cv": 1.0,
          "lambda": 0.075
        }
      },
      "sensors": [
        "S3"
      ],
      "sources": [
        {
          "startTime": 0,
          "stopTime": -1,
          "lambda": 0.075
        }
      ]
    },
    "SC4": {
      "resptime": 18.571208523134626,
      "resptime_old": 8.571208523134628,
      "waittime": 6.441571895737974,
      "servicetime": 10.0,
      "networktime": 2.129636627396654,
      "services": {
        "MS4_1": {
          "meanserv": 1.6290456531435193,
          "stddevserv": 1.6290456531435193,
          "rate": 0.6138563385687386,
          "cv": 1.0,
          "lambda": 0.075
        },
        "MS4_2": {
          "meanserv": 5.482698140854233,
          "stddevserv": 5.482698140854233,
          "rate": 0.18239194905670927,
          "cv": 1.0,
          "lambda": 0.075
        },
        "MS4_3": {
          "meanserv": 0.9594849676880903,
          "stddevserv": 0.9594849676880903,
          "rate": 1.0422258124684662,
          "cv": 1.0,
          "lambda": 0.075
        },
        "MS4_4": {
          "meanserv": 1.3666775612979745,
          "stddevserv": 1.3666775612979745,
          "rate": 0.7317014841820262,
          "cv": 1.0,
          "lambda": 0.075
        },
        "MS4_5": {
          "meanserv": 0.5620936770161826,
          "stddevserv": 0.5620936770161826,
          "rate": 1.779062887361407,
          "cv": 1.0,
          "lambda": 0.075
        }
      },
      "sensors": [
        "S4"
      ],
      "sources": [
        {
          "startTime": 0,
          "stopTime": -1,
          "lambda": 0.075
        }
      ]
    }
  },
  "microservice": {
    "MS1_1": "F8",
    "MS1_2": "F6",
    "MS1_3": "F6",
    "MS1_4": "F6",
    "MS1_5": "F4",
    "MS2_1": "F5",
    "MS2_2": "F5",
    "MS2_3": "F10",
    "MS2_4": "F3",
    "MS2_5": "F3",
    "MS3_1": "F9",
    "MS3_2": "F10",
    "MS3_3": "F10",
    "MS3_4": "F10",
    "MS3_5": "F2",
    "MS4_1": "F7",
    "MS4_2": "F1",
    "MS4_3": "F7",
    "MS4_4": "F7",
    "MS4_5": "F7"
  },
  "sensor": {
    "S1": "F8",
    "S2": "F5",
    "S3": "F9",
    "S4": "F7"
  },
  "fog": {
    "F1": {
      "rho": 0.4112023605640675,
      "capacity": 1.0,
      "tserv": 5.482698140854233,
      "stddev": 5.482698140854234,
      "mu": 0.18239194905670927,
      "cv": 1.0000000000000002,
      "lambda": 0.075,
      "twait": 3.828986848417552
    },
    "F2": {
      "rho": 0.23165836905383258,
      "capacity": 1.0,
      "tserv": 3.0887782540511015,
      "stddev": 3.0887782540511015,
      "mu": 0.3237526030521762,
      "cv": 1.0,
      "lambda": 0.075,
      "twait": 0.9312801804338986
    },
    "F3": {
      "rho": 0.33365694350223135,
      "capacity": 1.0,
      "tserv": 2.224379623348209,
      "stddev": 3.54513841009241,
      "mu": 0.4495635499909711,
      "cv": 1.5937650088504909,
      "lambda": 0.15,
      "twait": 1.9714924862661096
    },
    "F4": {
      "rho": 0.2510210639426252,
      "capacity": 1.0,
      "tserv": 3.3469475192350027,
      "stddev": 3.3469475192350027,
      "mu": 0.29877970725652897,
      "cv": 1.0,
      "lambda": 0.075,
      "twait": 1.121732917698691
    },
    "F5": {
      "rho": 0.35946119836293755,
      "capacity": 1.0,
      "tserv": 2.3964079890862506,
      "stddev": 2.4668080314780716,
      "mu": 0.4172912144151629,
      "cv": 1.0293773191845619,
      "lambda": 0.15,
      "twait": 1.3849176370063574
    },
    "F6": {
      "rho": 0.15104061118936946,
      "capacity": 1.0,
      "tserv": 0.6712916052860866,
      "stddev": 0.7967486418475134,
      "mu": 1.4896655821784435,
      "cv": 1.1868890294076602,
      "lambda": 0.22499999999999998,
      "twait": 0.14383737737159186
    },
    "F7": {
      "rho": 0.33879763943593255,
      "capacity": 1.0,
      "tserv": 1.129325464786442,
      "stddev": 1.2663739555739324,
      "mu": 0.885484327752321,
      "cv": 1.1213542907344312,
      "lambda": 0.3,
      "twait": 0.6531462618301054
    },
    "F8": {
      "rho": 0.3479383248680053,
      "capacity": 1.0,
      "tserv": 4.639177664906738,
      "stddev": 4.639177664906738,
      "mu": 0.21555544370816918,
      "cv": 1.0,
      "lambda": 0.075,
      "twait": 2.475452502504411
    },
    "F9": {
      "rho": 0.2985033620893171,
      "capacity": 1.0,
      "tserv": 3.9800448278575615,
      "stddev": 3.980044827857561,
      "mu": 0.25125345146886074,
      "cv": 0.9999999999999999,
      "lambda": 0.075,
      "twait": 1.6936029314697119
    },
    "F10": {
      "rho": 0.2767201269916813,
      "capacity": 1.0,
      "tserv": 0.9224004233056043,
      "stddev": 1.175241274793382,
      "mu": 1.0841278632725495,
      "cv": 1.2741118120714565,
      "lambda": 0.3,
      "twait": 0.46289438117684084
    }
  },
  "extra": {
    "conv_gen": 102,
    "max_gen": 600,
    "population": 600,
    "deltatime": 39.4606085,
    "obj_func": 18.341131546874895
  },
  "network": [
    [
      0.0,
      1.905149084360554,
      1.1466066302789797,
      2.194891234379499,
      2.642669735029626,
      2.080158062402933,
      1.064818313698327,
      1.9848039398875028,
      2.1464712812144215,
      2.1464712812144215
    ],
    [
      1.905149084360554,
      0.0,
      2.2606688517137656,
      2.3431402692073333,
      2.3131424004400163,
      2.129242975155785,
      1.9346325354683123,
      2.1464712812144215,
      2.2470761661959147,
      2.2470761661959147
    ],
    [
      1.1466066302789797,
      2.2606688517137656,
      0.0,
      1.821527281041759,
      2.170585896172601,
      2.3982426543193585,
      1.9848039398875028,
      2.2470761661959147,
      1.71259450928929,
      1.71259450928929
    ],
    [
      2.194891234379499,
      2.3431402692073333,
      1.821527281041759,
      0.0,
      1.7739250185976265,
      1.064818313698327,
      2.1464712812144215,
      1.71259450928929,
      2.5593017597752135,
      2.5593017597752135
    ],
    [
      2.642669735029626,
      2.3131424004400163,
      2.170585896172601,
      1.7739250185976265,
      0.0,
      1.9346325354683123,
      2.2470761661959147,
      2.5593017597752135,
      1.3525461887746415,
      1.3525461887746415
    ],
    [
      2.080158062402933,
      2.129242975155785,
      2.3982426543193585,
      1.064818313698327,
      1.9346325354683123,
      0.0,
      1.71259450928929,
      1.3525461887746415,
      2.2669635067784175,
      2.2669635067784175
    ],
    [
      1.064818313698327,
      1.9346325354683123,
      1.9848039398875028,
      2.1464712812144215,
      2.2470761661959147,
      1.71259450928929,
      0.0,
      2.2669635067784175,
      2.1153110440614076,
      2.1153110440614076
    ],
    [
      1.9848039398875028,
      2.1464712812144215,
      2.2470761661959147,
      1.71259450928929,
      2.5593017597752135,
      1.3525461887746415,
      2.2669635067784175,
      0.0,
      2.1982230665411553,
      2.1982230665411553
    ],
    [
      2.1464712812144215,
      2.2470761661959147,
      1.71259450928929,
      2.5593017597752135,
      1.3525461887746415,
      2.2669635067784175,
      2.1153110440614076,
      2.1982230665411553,
      0.0,
      1.8457578621583544
    ],
    [
      2.1464712812144215,
      2.2470761661959147,
      1.71259450928929,
      2.5593017597752135,
      1.3525461887746415,
      2.2669635067784175,
      2.1153110440614076,
      2.1982230665411553,
      1.8457578621583544,
      0.0
    ]
  ]
}