{
  "servicechain": {
    "SC1": {
      "resptime": 341.07065644816356,
      "resptime_old": 331.07065644816356,
      "waittime": 327.4802186902736,
      "servicetime": 10.0,
      "networktime": 3.5904377578899456,
      "services": {
        "MS1_1": {
          "meanserv": 1.3030180282151194,
          "stddevserv": 1.3030180282151194,
          "rate": 0.7674490899944071,
          "cv": 1.0,
          "lambda": 0.15
        },
        "MS1_2": {
          "meanserv": 1.142032391542378,
          "stddevserv": 1.142032391542378,
          "rate": 0.875631906245185,
          "cv": 1.0,
          "lambda": 0.15
        },
        "MS1_3": {
          "meanserv": 6.534742178968375,
          "stddevserv": 6.534742178968375,
          "rate": 0.15302822553863446,
          "cv": 1.0,
          "lambda": 0.15
        },
        "MS1_4": {
          "meanserv": 1.0202074012741278,
          "stddevserv": 1.0202074012741278,
          "rate": 0.9801928497588912,
          "cv": 1.0,
          "lambda": 0.15
        }
      },
      "sensors": [
        "S1"
      ],
      "sources": [
        {
          "startTime": 0,
          "stopTime": -1,
          "lambda": 0.15
        }
      ]
    },
    "SC2": {
      "resptime": 84.91590986911227,
      "resptime_old": 74.91590986911227,
      "waittime": 70.46166706381653,
      "servicetime": 10.0,
      "networktime": 4.454242805295732,
      "services": {
        "MS2_1": {
          "meanserv": 0.5713028220979577,
          "stddevserv": 0.5713028220979577,
          "rate": 1.750385192090888,
          "cv": 1.0,
          "lambda": 0.15
        },
        "MS2_2": {
          "meanserv": 0.2417245957102232,
          "stddevserv": 0.2417245957102232,
          "rate": 4.136939383689317,
          "cv": 1.0,
          "lambda": 0.15
        },
        "MS2_3": {
          "meanserv": 6.109869956943232,
          "stddevserv": 6.109869956943232,
          "rate": 0.16366960459831129,
          "cv": 1.0,
          "lambda": 0.15
        },
        "MS2_4": {
          "meanserv": 3.077102625248587,
          "stddevserv": 3.077102625248587,
          "rate": 0.3249810363147098,
          "cv": 1.0,
          "lambda": 0.15
        }
      },
      "sensors": [
        "S2"
      ],
      "sources": [
        {
          "startTime": 0,
          "stopTime": -1,
          "lambda": 0.15
        }
      ]
    },
    "SC3": {
      "resptime": 65.29113697240666,
      "resptime_old": 55.291136972406655,
      "waittime": 51.20445250733256,
      "servicetime": 10.0,
      "networktime": 4.086684465074104,
      "services": {
        "MS3_1": {
          "meanserv": 5.939096964168574,
          "stddevserv": 5.939096964168574,
          "rate": 0.1683757658837941,
          "cv": 1.0,
          "lambda": 0.15
        },
        "MS3_2": {
          "meanserv": 1.0255504073887032,
          "stddevserv": 1.0255504073887032,
          "rate": 0.9750861515878477,
          "cv": 1.0,
          "lambda": 0.15
        },
        "MS3_3": {
          "meanserv": 1.839969030548902,
          "stddevserv": 1.839969030548902,
          "rate": 0.5434874084275639,
          "cv": 1.0,
          "lambda": 0.15
        },
        "MS3_4": {
          "meanserv": 1.1953835978938212,
          "stddevserv": 1.1953835978938212,
          "rate": 0.8365515486091052,
          "cv": 1.0,
          "lambda": 0.15
        }
      },
      "sensors": [
        "S3"
      ],
      "sources": [
        {
          "startTime": 0,
          "stopTime": -1,
          "lambda": 0.15
        }
      ]
    },
    "SC4": {
      "resptime": 29.601283542082882,
      "resptime_old": 19.601283542082886,
      "waittime": 11.744543285688575,
      "servicetime": 10.0,
      "networktime": 7.856740256394309,
      "services": {
        "MS4_1": {
          "meanserv": 1.7094817204421653,
          "stddevserv": 1.7094817204421653,
          "rate": 0.5849726195032641,
          "cv": 1.0,
          "lambda": 0.15
        },
        "MS4_2": {
          "meanserv": 4.050654655551293,
          "stddevserv": 4.050654655551293,
          "rate": 0.24687367476008648,
          "cv": 1.0,
          "lambda": 0.15
        },
        "MS4_3": {
          "meanserv": 2.3670065531362665,
          "stddevserv": 2.3670065531362665,
          "rate": 0.42247453800878043,
          "cv": 1.0,
          "lambda": 0.15
        },
        "MS4_4": {
          "meanserv": 1.8728570708702748,
          "stddevserv": 1.8728570708702748,
          "rate": 0.533943575061669,
          "cv": 1.0,
          "lambda": 0.15
        }
      },
      "sensors": [
        "S4"
      ],
      "sources": [
        {
          "startTime": 0,
          "stopTime": -1,
          "lambda": 0.15
        }
      ]
    }
  },
  "microservice": {
    "MS1_1": "F10",
    "MS1_2": "F10",
    "MS1_3": "F6",
    "MS1_4": "F10",
    "MS2_1": "F7",
    "MS2_2": "F7",
    "MS2_3": "F4",
    "MS2_4": "F5",
    "MS3_1": "F2",
    "MS3_2": "F8",
    "MS3_3": "F8",
    "MS3_4": "F7",
    "MS4_1": "F1",
    "MS4_2": "F9",
    "MS4_3": "F3",
    "MS4_4": "F1"
  },
  "sensor": {
    "S1": "F10",
    "S2": "F7",
    "S3": "F2",
    "S4": "F1"
  },
  "fog": {
    "F1": {
      "rho": 0.537350818696866,
      "capacity": 1.0,
      "tserv": 1.7911693956562202,
      "stddev": 1.7948909595012232,
      "mu": 0.5582944876264123,
      "cv": 1.0020777285800149,
      "lambda": 0.3,
      "twait": 2.084707469596185
    },
    "F2": {
      "rho": 0.890864544625286,
      "capacity": 1.0,
      "tserv": 5.939096964168574,
      "stddev": 5.939096964168574,
      "mu": 0.1683757658837941,
      "cv": 1.0,
      "lambda": 0.15,
      "twait": 48.48040349768247
    },
    "F3": {
      "rho": 0.35505098297043997,
      "capacity": 1.0,
      "tserv": 2.3670065531362665,
      "stddev": 2.3670065531362665,
      "mu": 0.42247453800878043,
      "cv": 1.0,
      "lambda": 0.15,
      "twait": 1.3030611431259627
    },
    "F4": {
      "rho": 0.9164804935414848,
      "capacity": 1.0,
      "tserv": 6.109869956943232,
      "stddev": 6.109869956943232,
      "mu": 0.16366960459831129,
      "cv": 1.0,
      "lambda": 0.15,
      "twait": 67.04513557434602
    },
    "F5": {
      "rho": 0.46156539378728806,
      "capacity": 1.0,
      "tserv": 3.077102625248587,
      "stddev": 3.077102625248587,
      "mu": 0.3249810363147098,
      "cv": 1.0,
      "lambda": 0.15,
      "twait": 2.6378023785225833
    },
    "F6": {
      "rho": 0.9802113268452561,
      "capacity": 1.0,
      "tserv": 6.534742178968375,
      "stddev": 6.534742178968375,
      "mu": 0.15302822553863446,
      "cv": 1.0,
      "lambda": 0.15,
      "twait": 323.6916518732183
    },
    "F7": {
      "rho": 0.30126165235530034,
      "capacity": 1.0,
      "tserv": 0.6694703385673342,
      "stddev": 0.8723431432984564,
      "mu": 1.4937181565653812,
      "cv": 1.3030347919002205,
      "lambda": 0.44999999999999996,
      "twait": 0.3893645554739642
    },
    "F8": {
      "rho": 0.4298279156906408,
      "capacity": 1.0,
      "tserv": 1.4327597189688028,
      "stddev": 1.544162963930504,
      "mu": 0.6979537369460163,
      "cv": 1.0777543111289316,
      "lambda": 0.3,
      "twait": 1.167342227088063
    },
    "F9": {
      "rho": 0.6075981983326939,
      "capacity": 1.0,
      "tserv": 4.050654655551293,
      "stddev": 4.050654655551293,
      "mu": 0.24687367476008648,
      "cv": 1.0,
      "lambda": 0.15,
      "twait": 6.272067203370241
    },
    "F10": {
      "rho": 0.5197886731547438,
      "capacity": 1.0,
      "tserv": 1.1550859403438751,
      "stddev": 1.1666424223471359,
      "mu": 0.8657364487548821,
      "cv": 1.0100048676896027,
      "lambda": 0.44999999999999996,
      "twait": 1.2628556056851168
    }
  },
  "extra": {
    "deltatime": 0.423707,
    "conv": 9,
    "obj_func": 130.21974670794134
  },
  "network": [
    [
      0.0,
      3.10237243761355,
      2.588122810203355,
      3.057739183174317,
      2.6405086600740897,
      2.59898149200209,
      1.9589364415231243,
      2.6241899749309545,
      2.2914655861291306,
      2.2914655861291306
    ],
    [
      3.10237243761355,
      0.0,
      2.9863442092485357,
      2.372692128836284,
      2.6446351798289602,
      3.195555099640547,
      3.0853334970610957,
      2.2914655861291306,
      2.3877759280840447,
      2.3877759280840447
    ],
    [
      2.588122810203355,
      2.9863442092485357,
      0.0,
      2.707724752133492,
      2.358600167578909,
      2.7354764018257396,
      2.6241899749309545,
      2.3877759280840447,
      2.9771518600618228,
      2.9771518600618228
    ],
    [
      3.057739183174317,
      2.372692128836284,
      2.707724752133492,
      0.0,
      2.1627772191666015,
      1.9589364415231243,
      2.2914655861291306,
      2.9771518600618228,
      2.728381185331595,
      2.728381185331595
    ],
    [
      2.6405086600740897,
      2.6446351798289602,
      2.358600167578909,
      2.1627772191666015,
      0.0,
      3.0853334970610957,
      2.3877759280840447,
      2.728381185331595,
      3.0740586008100657,
      3.0740586008100657
    ],
    [
      2.59898149200209,
      3.195555099640547,
      2.7354764018257396,
      1.9589364415231243,
      3.0853334970610957,
      0.0,
      2.9771518600618228,
      3.0740586008100657,
      1.7952188789449728,
      1.7952188789449728
    ],
    [
      1.9589364415231243,
      3.0853334970610957,
      2.6241899749309545,
      2.2914655861291306,
      2.3877759280840447,
      2.9771518600618228,
      0.0,
      1.7952188789449728,
      1.788659053348271,
      1.788659053348271
    ],
    [
      2.6241899749309545,
      2.2914655861291306,
      2.3877759280840447,
      2.9771518600618228,
      2.728381185331595,
      3.0740586008100657,
      1.7952188789449728,
      0.0,
      1.5764410568786966,
      1.5764410568786966
    ],
    [
      2.2914655861291306,
      2.3877759280840447,
      2.9771518600618228,
      2.728381185331595,
      3.0740586008100657,
      1.7952188789449728,
      1.788659053348271,
      1.5764410568786966,
      0.0,
      2.6105779689347854
    ],
    [
      2.2914655861291306,
      2.3877759280840447,
      2.9771518600618228,
      2.728381185331595,
      3.0740586008100657,
      1.7952188789449728,
      1.788659053348271,
      1.5764410568786966,
      2.6105779689347854,
      0.0
    ]
  ]
}