{
  "servicechain": {
    "SC1": {
      "resptime": 34.11495624438701,
      "resptime_old": 24.11495624438701,
      "waittime": 20.916302191233566,
      "servicetime": 10.0,
      "networktime": 3.198654053153444,
      "services": {
        "MS1_1": {
          "meanserv": 0.016531686538362456,
          "stddevserv": 0.016531686538362456,
          "rate": 60.48989603568027,
          "cv": 1.0,
          "lambda": 0.15
        },
        "MS1_2": {
          "meanserv": 0.2760062905799654,
          "stddevserv": 0.2760062905799654,
          "rate": 3.623105828127047,
          "cv": 1.0,
          "lambda": 0.15
        },
        "MS1_3": {
          "meanserv": 1.5182779923230083,
          "stddevserv": 1.5182779923230083,
          "rate": 0.6586409109902013,
          "cv": 1.0,
          "lambda": 0.15
        },
        "MS1_4": {
          "meanserv": 1.1151969403809534,
          "stddevserv": 1.1151969403809534,
          "rate": 0.8967026036301696,
          "cv": 1.0,
          "lambda": 0.15
        },
        "MS1_5": {
          "meanserv": 1.1265391358678256,
          "stddevserv": 1.1265391358678256,
          "rate": 0.8876744430451174,
          "cv": 1.0,
          "lambda": 0.15
        },
        "MS1_6": {
          "meanserv": 1.179651674069862,
          "stddevserv": 1.179651674069862,
          "rate": 0.8477078632457207,
          "cv": 1.0,
          "lambda": 0.15
        },
        "MS1_7": {
          "meanserv": 0.4202991229322173,
          "stddevserv": 0.4202991229322173,
          "rate": 2.379257879539455,
          "cv": 1.0,
          "lambda": 0.15
        },
        "MS1_8": {
          "meanserv": 0.5232665877368765,
          "stddevserv": 0.5232665877368765,
          "rate": 1.911071762340094,
          "cv": 1.0,
          "lambda": 0.15
        },
        "MS1_9": {
          "meanserv": 0.8169734599352418,
          "stddevserv": 0.8169734599352418,
          "rate": 1.224029970421886,
          "cv": 1.0,
          "lambda": 0.15
        },
        "MS1_10": {
          "meanserv": 0.13472124340073854,
          "stddevserv": 0.13472124340073854,
          "rate": 7.422734342092021,
          "cv": 1.0,
          "lambda": 0.15
        },
        "MS1_11": {
          "meanserv": 0.31485296603511603,
          "stddevserv": 0.31485296603511603,
          "rate": 3.176085690386885,
          "cv": 1.0,
          "lambda": 0.15
        },
        "MS1_12": {
          "meanserv": 0.36987766042343484,
          "stddevserv": 0.36987766042343484,
          "rate": 2.703596640184225,
          "cv": 1.0,
          "lambda": 0.15
        },
        "MS1_13": {
          "meanserv": 0.6833109178931034,
          "stddevserv": 0.6833109178931034,
          "rate": 1.4634626402331818,
          "cv": 1.0,
          "lambda": 0.15
        },
        "MS1_14": {
          "meanserv": 0.5200467103938244,
          "stddevserv": 0.5200467103938244,
          "rate": 1.9229041930535689,
          "cv": 1.0,
          "lambda": 0.15
        },
        "MS1_15": {
          "meanserv": 0.98444761148947,
          "stddevserv": 0.98444761148947,
          "rate": 1.015798086489335,
          "cv": 1.0,
          "lambda": 0.15
        }
      },
      "sensors": [
        "S1"
      ],
      "sources": [
        {
          "startTime": 0,
          "stopTime": -1,
          "lambda": 0.15
        }
      ]
    },
    "SC2": {
      "resptime": 35.88878374560777,
      "resptime_old": 25.88878374560777,
      "waittime": 22.526605868521663,
      "servicetime": 10.0,
      "networktime": 3.3621778770861077,
      "services": {
        "MS2_1": {
          "meanserv": 1.0637802390040318,
          "stddevserv": 1.0637802390040318,
          "rate": 0.9400437828552387,
          "cv": 1.0,
          "lambda": 0.15
        },
        "MS2_2": {
          "meanserv": 0.6136011145375986,
          "stddevserv": 0.6136011145375986,
          "rate": 1.6297232457825412,
          "cv": 1.0,
          "lambda": 0.15
        },
        "MS2_3": {
          "meanserv": 0.23715565877279077,
          "stddevserv": 0.23715565877279077,
          "rate": 4.216639843951856,
          "cv": 1.0,
          "lambda": 0.15
        },
        "MS2_4": {
          "meanserv": 0.7248688215840549,
          "stddevserv": 0.7248688215840549,
          "rate": 1.379559956537655,
          "cv": 1.0,
          "lambda": 0.15
        },
        "MS2_5": {
          "meanserv": 0.39542447661178626,
          "stddevserv": 0.39542447661178626,
          "rate": 2.528927922137113,
          "cv": 1.0,
          "lambda": 0.15
        },
        "MS2_6": {
          "meanserv": 1.2403772586889588,
          "stddevserv": 1.2403772586889588,
          "rate": 0.8062063319807796,
          "cv": 1.0,
          "lambda": 0.15
        },
        "MS2_7": {
          "meanserv": 3.335332353822551,
          "stddevserv": 3.335332353822551,
          "rate": 0.2998201959855431,
          "cv": 1.0,
          "lambda": 0.15
        },
        "MS2_8": {
          "meanserv": 0.2781574950616772,
          "stddevserv": 0.2781574950616772,
          "rate": 3.595085581922807,
          "cv": 1.0,
          "lambda": 0.15
        },
        "MS2_9": {
          "meanserv": 0.022613387019319475,
          "stddevserv": 0.022613387019319475,
          "rate": 44.22159312736575,
          "cv": 1.0,
          "lambda": 0.15
        },
        "MS2_10": {
          "meanserv": 0.22155483791602748,
          "stddevserv": 0.22155483791602748,
          "rate": 4.5135552417005425,
          "cv": 1.0,
          "lambda": 0.15
        },
        "MS2_11": {
          "meanserv": 0.6925921426251023,
          "stddevserv": 0.6925921426251023,
          "rate": 1.443851205429133,
          "cv": 1.0,
          "lambda": 0.15
        },
        "MS2_12": {
          "meanserv": 0.38774162804930157,
          "stddevserv": 0.38774162804930157,
          "rate": 2.5790369866421705,
          "cv": 1.0,
          "lambda": 0.15
        },
        "MS2_13": {
          "meanserv": 0.3045431007300632,
          "stddevserv": 0.3045431007300632,
          "rate": 3.283607468377248,
          "cv": 1.0,
          "lambda": 0.15
        },
        "MS2_14": {
          "meanserv": 0.37921939071190636,
          "stddevserv": 0.37921939071190636,
          "rate": 2.6369959566748573,
          "cv": 1.0,
          "lambda": 0.15
        },
        "MS2_15": {
          "meanserv": 0.1030380948648304,
          "stddevserv": 0.1030380948648304,
          "rate": 9.70514838528256,
          "cv": 1.0,
          "lambda": 0.15
        }
      },
      "sensors": [
        "S2"
      ],
      "sources": [
        {
          "startTime": 0,
          "stopTime": -1,
          "lambda": 0.15
        }
      ]
    },
    "SC3": {
      "resptime": 33.80276307797902,
      "resptime_old": 23.802763077979023,
      "waittime": 20.97992393609447,
      "servicetime": 10.0,
      "networktime": 2.8228391418845558,
      "services": {
        "MS3_1": {
          "meanserv": 0.5613174120860598,
          "stddevserv": 0.5613174120860598,
          "rate": 1.7815232139042971,
          "cv": 1.0,
          "lambda": 0.15
        },
        "MS3_2": {
          "meanserv": 0.5760244714987328,
          "stddevserv": 0.5760244714987328,
          "rate": 1.7360373551459434,
          "cv": 1.0,
          "lambda": 0.15
        },
        "MS3_3": {
          "meanserv": 1.0185925385085515,
          "stddevserv": 1.0185925385085515,
          "rate": 0.9817468341798624,
          "cv": 1.0,
          "lambda": 0.15
        },
        "MS3_4": {
          "meanserv": 0.526717467269846,
          "stddevserv": 0.526717467269846,
          "rate": 1.8985510489776174,
          "cv": 1.0,
          "lambda": 0.15
        },
        "MS3_5": {
          "meanserv": 0.11494874691053925,
          "stddevserv": 0.11494874691053925,
          "rate": 8.699529371801386,
          "cv": 1.0,
          "lambda": 0.15
        },
        "MS3_6": {
          "meanserv": 0.5813212745825713,
          "stddevserv": 0.5813212745825713,
          "rate": 1.7202191691987685,
          "cv": 1.0,
          "lambda": 0.15
        },
        "MS3_7": {
          "meanserv": 1.3606590135486503,
          "stddevserv": 1.3606590135486503,
          "rate": 0.7349379896378021,
          "cv": 1.0,
          "lambda": 0.15
        },
        "MS3_8": {
          "meanserv": 0.5550243543419224,
          "stddevserv": 0.5550243543419224,
          "rate": 1.8017227391502006,
          "cv": 1.0,
          "lambda": 0.15
        },
        "MS3_9": {
          "meanserv": 1.261423338621496,
          "stddevserv": 1.261423338621496,
          "rate": 0.7927552704810554,
          "cv": 1.0,
          "lambda": 0.15
        },
        "MS3_10": {
          "meanserv": 0.47626365156685235,
          "stddevserv": 0.47626365156685235,
          "rate": 2.0996773461718434,
          "cv": 1.0,
          "lambda": 0.15
        },
        "MS3_11": {
          "meanserv": 0.45632028855325935,
          "stddevserv": 0.45632028855325935,
          "rate": 2.1914432145247145,
          "cv": 1.0,
          "lambda": 0.15
        },
        "MS3_12": {
          "meanserv": 0.12799523627635612,
          "stddevserv": 0.12799523627635612,
          "rate": 7.812790765438234,
          "cv": 1.0,
          "lambda": 0.15
        },
        "MS3_13": {
          "meanserv": 1.323840124190868,
          "stddevserv": 1.323840124190868,
          "rate": 0.7553782225865081,
          "cv": 1.0,
          "lambda": 0.15
        },
        "MS3_14": {
          "meanserv": 0.08107929114662049,
          "stddevserv": 0.08107929114662049,
          "rate": 12.333605608263653,
          "cv": 1.0,
          "lambda": 0.15
        },
        "MS3_15": {
          "meanserv": 0.9784727908976745,
          "stddevserv": 0.9784727908976745,
          "rate": 1.0220008254727002,
          "cv": 1.0,
          "lambda": 0.15
        }
      },
      "sensors": [
        "S3"
      ],
      "sources": [
        {
          "startTime": 0,
          "stopTime": -1,
          "lambda": 0.15
        }
      ]
    },
    "SC4": {
      "resptime": 35.72525153532146,
      "resptime_old": 25.725251535321455,
      "waittime": 21.23256715345122,
      "servicetime": 10.0,
      "networktime": 4.492684381870237,
      "services": {
        "MS4_1": {
          "meanserv": 0.6417061062773433,
          "stddevserv": 0.6417061062773433,
          "rate": 1.5583457757651495,
          "cv": 1.0,
          "lambda": 0.15
        },
        "MS4_2": {
          "meanserv": 0.2414998979479943,
          "stddevserv": 0.2414998979479943,
          "rate": 4.140788499278557,
          "cv": 1.0,
          "lambda": 0.15
        },
        "MS4_3": {
          "meanserv": 1.6099851208075322,
          "stddevserv": 1.6099851208075322,
          "rate": 0.6211237526831445,
          "cv": 1.0,
          "lambda": 0.15
        },
        "MS4_4": {
          "meanserv": 0.17943512659266325,
          "stddevserv": 0.17943512659266325,
          "rate": 5.573044804488621,
          "cv": 1.0,
          "lambda": 0.15
        },
        "MS4_5": {
          "meanserv": 0.11550073985865783,
          "stddevserv": 0.11550073985865783,
          "rate": 8.657953197734784,
          "cv": 1.0,
          "lambda": 0.15
        },
        "MS4_6": {
          "meanserv": 0.650501404502636,
          "stddevserv": 0.650501404502636,
          "rate": 1.5372756969903631,
          "cv": 1.0,
          "lambda": 0.15
        },
        "MS4_7": {
          "meanserv": 0.979401265610508,
          "stddevserv": 0.979401265610508,
          "rate": 1.0210319662765106,
          "cv": 1.0,
          "lambda": 0.15
        },
        "MS4_8": {
          "meanserv": 0.9891031683068574,
          "stddevserv": 0.9891031683068574,
          "rate": 1.0110168807888824,
          "cv": 1.0,
          "lambda": 0.15
        },
        "MS4_9": {
          "meanserv": 0.4413248761361448,
          "stddevserv": 0.4413248761361448,
          "rate": 2.265904448340023,
          "cv": 1.0,
          "lambda": 0.15
        },
        "MS4_10": {
          "meanserv": 0.7830513505993721,
          "stddevserv": 0.7830513505993721,
          "rate": 1.2770554564966505,
          "cv": 1.0,
          "lambda": 0.15
        },
        "MS4_11": {
          "meanserv": 0.5223499972674119,
          "stddevserv": 0.5223499972674119,
          "rate": 1.9144252038505514,
          "cv": 1.0,
          "lambda": 0.15
        },
        "MS4_12": {
          "meanserv": 0.7816967702359081,
          "stddevserv": 0.7816967702359081,
          "rate": 1.279268430005423,
          "cv": 1.0,
          "lambda": 0.15
        },
        "MS4_13": {
          "meanserv": 0.19434363019766732,
          "stddevserv": 0.19434363019766732,
          "rate": 5.145524960004596,
          "cv": 1.0,
          "lambda": 0.15
        },
        "MS4_14": {
          "meanserv": 1.1754384563533815,
          "stddevserv": 1.1754384563533815,
          "rate": 0.8507463700841875,
          "cv": 1.0,
          "lambda": 0.15
        },
        "MS4_15": {
          "meanserv": 0.6946620893059219,
          "stddevserv": 0.6946620893059219,
          "rate": 1.4395488330148538,
          "cv": 1.0,
          "lambda": 0.15
        }
      },
      "sensors": [
        "S4"
      ],
      "sources": [
        {
          "startTime": 0,
          "stopTime": -1,
          "lambda": 0.15
        }
      ]
    }
  },
  "microservice": {
    "MS1_1": "F3",
    "MS1_2": "F3",
    "MS1_3": "F3",
    "MS1_4": "F10",
    "MS1_5": "F10",
    "MS1_6": "F7",
    "MS1_7": "F7",
    "MS1_8": "F3",
    "MS1_9": "F3",
    "MS1_10": "F3",
    "MS1_11": "F4",
    "MS1_12": "F4",
    "MS1_13": "F6",
    "MS1_14": "F6",
    "MS1_15": "F6",
    "MS2_1": "F9",
    "MS2_2": "F9",
    "MS2_3": "F8",
    "MS2_4": "F8",
    "MS2_5": "F8",
    "MS2_6": "F8",
    "MS2_7": "F1",
    "MS2_8": "F9",
    "MS2_9": "F9",
    "MS2_10": "F9",
    "MS2_11": "F10",
    "MS2_12": "F10",
    "MS2_13": "F10",
    "MS2_14": "F4",
    "MS2_15": "F4",
    "MS3_1": "F2",
    "MS3_2": "F2",
    "MS3_3": "F7",
    "MS3_4": "F7",
    "MS3_5": "F3",
    "MS3_6": "F3",
    "MS3_7": "F4",
    "MS3_8": "F6",
    "MS3_9": "F6",
    "MS3_10": "F5",
    "MS3_11": "F5",
    "MS3_12": "F5",
    "MS3_13": "F5",
    "MS3_14": "F5",
    "MS3_15": "F5",
    "MS4_1": "F5",
    "MS4_2": "F2",
    "MS4_3": "F2",
    "MS4_4": "F2",
    "MS4_5": "F4",
    "MS4_6": "F4",
    "MS4_7": "F4",
    "MS4_8": "F8",
    "MS4_9": "F8",
    "MS4_10": "F2",
    "MS4_11": "F10",
    "MS4_12": "F7",
    "MS4_13": "F7",
    "MS4_14": "F9",
    "MS4_15": "F9"
  },
  "sensor": {
    "S1": "F3",
    "S2": "F9",
    "S3": "F2",
    "S4": "F5"
  },
  "fog": {
    "F1": {
      "rho": 0.5002998530733826,
      "capacity": 1.0,
      "tserv": 3.335332353822551,
      "stddev": 3.335332353822551,
      "mu": 0.2998201959855431,
      "cv": 1.0,
      "lambda": 0.15,
      "twait": 3.3393351929779826
    },
    "F2": {
      "rho": 0.5926970069298532,
      "capacity": 1.0,
      "tserv": 0.6585522299220591,
      "stddev": 0.9383583150964236,
      "mu": 1.5184824446169622,
      "cv": 1.424880628234271,
      "lambda": 0.9,
      "twait": 1.45197389960945
    },
    "F3": {
      "rho": 0.5973070923010956,
      "capacity": 1.0,
      "tserv": 0.497755910250913,
      "stddev": 0.8217554463639782,
      "mu": 2.0090168281395426,
      "cv": 1.6509205203605535,
      "lambda": 1.2,
      "twait": 1.3753055127189975
    },
    "F4": {
      "rho": 0.640957580333361,
      "capacity": 1.0,
      "tserv": 0.5341313169444675,
      "stddev": 0.789983117323059,
      "mu": 1.8721987801062934,
      "cv": 1.479005428556798,
      "lambda": 1.2,
      "twait": 1.519658190094553
    },
    "F5": {
      "rho": 0.6128516233363461,
      "capacity": 1.0,
      "tserv": 0.583668212701282,
      "stddev": 0.8259056100473889,
      "mu": 1.7133021436474805,
      "cv": 1.4150258521446715,
      "lambda": 1.05,
      "twait": 1.3869722268265468
    },
    "F6": {
      "rho": 0.6006379399109724,
      "capacity": 1.0,
      "tserv": 0.8008505865479632,
      "stddev": 0.8949494308544599,
      "mu": 1.2486723700989757,
      "cv": 1.1174986269437677,
      "lambda": 0.75,
      "twait": 1.3543125617385399
    },
    "F7": {
      "rho": 0.6181951804821078,
      "capacity": 1.0,
      "tserv": 0.6868835338690086,
      "stddev": 0.8399571010078235,
      "mu": 1.4558508840171207,
      "cv": 1.2228522880386978,
      "lambda": 0.9,
      "twait": 1.3876242184533303
    },
    "F8": {
      "rho": 0.6042381390150889,
      "capacity": 1.0,
      "tserv": 0.6713757100167654,
      "stddev": 0.8361480266513327,
      "mu": 1.4894789684527434,
      "cv": 1.245424900210424,
      "lambda": 0.9,
      "twait": 1.307478160288855
    },
    "F9": {
      "rho": 0.6104711428796936,
      "capacity": 1.0,
      "tserv": 0.581401088456851,
      "stddev": 0.8134968471938515,
      "mu": 1.7199830200768802,
      "cv": 1.399200764059501,
      "lambda": 1.05,
      "twait": 1.3475183470573722
    },
    "F10": {
      "rho": 0.6223444417380987,
      "capacity": 1.0,
      "tserv": 0.691493824153443,
      "stddev": 0.8314419161805007,
      "mu": 1.4461445136176652,
      "cv": 1.2023851654761897,
      "lambda": 0.9,
      "twait": 1.3934833063041001
    }
  },
  "extra": {
    "deltatime": 0.0932826,
    "obj_func": 34.88293865082382
  },
  "network": [
    [
      0.0,
      0.7910129639194541,
      0.7341816127887455,
      0.7204340284955202,
      0.7092111893317589,
      0.7191025718967063,
      0.7090268346728092,
      0.5468393071587153,
      0.6249766259246885,
      0.6249766259246885
    ],
    [
      0.7910129639194541,
      0.0,
      0.6012371730256568,
      0.8063694228713317,
      0.5468708404377306,
      0.5299424090933846,
      0.46418755847194204,
      0.6249766259246885,
      0.6359960649526802,
      0.6359960649526802
    ],
    [
      0.7341816127887455,
      0.6012371730256568,
      0.0,
      0.6385978831091473,
      0.8591104837190605,
      0.726720629096593,
      0.5468393071587153,
      0.6359960649526802,
      0.729908628741738,
      0.729908628741738
    ],
    [
      0.7204340284955202,
      0.8063694228713317,
      0.6385978831091473,
      0.0,
      0.682826157067762,
      0.7090268346728092,
      0.6249766259246885,
      0.729908628741738,
      0.8097532121106588,
      0.8097532121106588
    ],
    [
      0.7092111893317589,
      0.5468708404377306,
      0.8591104837190605,
      0.682826157067762,
      0.0,
      0.46418755847194204,
      0.6359960649526802,
      0.8097532121106588,
      0.7019519410086604,
      0.7019519410086604
    ],
    [
      0.7191025718967063,
      0.5299424090933846,
      0.726720629096593,
      0.7090268346728092,
      0.46418755847194204,
      0.0,
      0.729908628741738,
      0.7019519410086604,
      0.6543670966247935,
      0.6543670966247935
    ],
    [
      0.7090268346728092,
      0.46418755847194204,
      0.5468393071587153,
      0.6249766259246885,
      0.6359960649526802,
      0.729908628741738,
      0.0,
      0.6543670966247935,
      0.5742813994710343,
      0.5742813994710343
    ],
    [
      0.5468393071587153,
      0.6249766259246885,
      0.6359960649526802,
      0.729908628741738,
      0.8097532121106588,
      0.7019519410086604,
      0.6543670966247935,
      0.0,
      0.882505079291233,
      0.882505079291233
    ],
    [
      0.6249766259246885,
      0.6359960649526802,
      0.729908628741738,
      0.8097532121106588,
      0.7019519410086604,
      0.6543670966247935,
      0.5742813994710343,
      0.882505079291233,
      0.0,
      0.4981036526008121
    ],
    [
      0.6249766259246885,
      0.6359960649526802,
      0.729908628741738,
      0.8097532121106588,
      0.7019519410086604,
      0.6543670966247935,
      0.5742813994710343,
      0.882505079291233,
      0.4981036526008121,
      0.0
    ]
  ]
}