{
  "servicechain": {
    "SC1": {
      "resptime": 34.47574386032349,
      "resptime_old": 24.47574386032349,
      "waittime": 19.481588455210172,
      "servicetime": 10.0,
      "networktime": 4.994155405113321,
      "services": {
        "MS1_1": {
          "meanserv": 0.07573235677238888,
          "stddevserv": 0.07573235677238888,
          "rate": 13.204395619239309,
          "cv": 1.0,
          "lambda": 0.225
        },
        "MS1_2": {
          "meanserv": 1.337673884390801,
          "stddevserv": 1.337673884390801,
          "rate": 0.7475663625259581,
          "cv": 1.0,
          "lambda": 0.225
        },
        "MS1_3": {
          "meanserv": 0.12707442267667513,
          "stddevserv": 0.12707442267667513,
          "rate": 7.869404235220286,
          "cv": 1.0,
          "lambda": 0.225
        },
        "MS1_4": {
          "meanserv": 0.18649086622704591,
          "stddevserv": 0.18649086622704591,
          "rate": 5.362192906447954,
          "cv": 1.0,
          "lambda": 0.225
        },
        "MS1_5": {
          "meanserv": 3.2105566897004234,
          "stddevserv": 3.2105566897004234,
          "rate": 0.3114724630803233,
          "cv": 1.0,
          "lambda": 0.225
        },
        "MS1_6": {
          "meanserv": 0.51877263641589,
          "stddevserv": 0.51877263641589,
          "rate": 1.9276267285584419,
          "cv": 1.0,
          "lambda": 0.225
        },
        "MS1_7": {
          "meanserv": 0.08445673467561932,
          "stddevserv": 0.08445673467561932,
          "rate": 11.840381987780978,
          "cv": 1.0,
          "lambda": 0.225
        },
        "MS1_8": {
          "meanserv": 2.220392232923804,
          "stddevserv": 2.220392232923804,
          "rate": 0.450370878249382,
          "cv": 1.0,
          "lambda": 0.225
        },
        "MS1_9": {
          "meanserv": 0.5793381412665104,
          "stddevserv": 0.5793381412665104,
          "rate": 1.726107654182524,
          "cv": 1.0,
          "lambda": 0.225
        },
        "MS1_10": {
          "meanserv": 1.6595120349508417,
          "stddevserv": 1.6595120349508417,
          "rate": 0.6025867718576817,
          "cv": 1.0,
          "lambda": 0.225
        }
      },
      "sensors": [
        "S1"
      ],
      "sources": [
        {
          "startTime": 0,
          "stopTime": -1,
          "lambda": 0.225
        }
      ]
    },
    "SC2": {
      "resptime": 34.87007563128993,
      "resptime_old": 24.870075631289925,
      "waittime": 21.72359124436983,
      "servicetime": 10.0,
      "networktime": 3.146484386920099,
      "services": {
        "MS2_1": {
          "meanserv": 0.0417148248183441,
          "stddevserv": 0.0417148248183441,
          "rate": 23.97229292834642,
          "cv": 1.0,
          "lambda": 0.225
        },
        "MS2_2": {
          "meanserv": 0.4710478524704176,
          "stddevserv": 0.4710478524704176,
          "rate": 2.12292656628299,
          "cv": 1.0,
          "lambda": 0.225
        },
        "MS2_3": {
          "meanserv": 0.5491559905490673,
          "stddevserv": 0.5491559905490673,
          "rate": 1.820976220254215,
          "cv": 1.0,
          "lambda": 0.225
        },
        "MS2_4": {
          "meanserv": 2.6920139277714696,
          "stddevserv": 2.6920139277714696,
          "rate": 0.37146910336672373,
          "cv": 1.0,
          "lambda": 0.225
        },
        "MS2_5": {
          "meanserv": 0.9792671641367265,
          "stddevserv": 0.9792671641367265,
          "rate": 1.0211717870490946,
          "cv": 1.0,
          "lambda": 0.225
        },
        "MS2_6": {
          "meanserv": 3.3553034314945727,
          "stddevserv": 3.3553034314945727,
          "rate": 0.2980356383310955,
          "cv": 1.0,
          "lambda": 0.225
        },
        "MS2_7": {
          "meanserv": 0.7064691838265222,
          "stddevserv": 0.7064691838265222,
          "rate": 1.4154899079724843,
          "cv": 1.0,
          "lambda": 0.225
        },
        "MS2_8": {
          "meanserv": 0.1921701771586264,
          "stddevserv": 0.1921701771586264,
          "rate": 5.20372107048927,
          "cv": 1.0,
          "lambda": 0.225
        },
        "MS2_9": {
          "meanserv": 0.08410987690055727,
          "stddevserv": 0.08410987690055727,
          "rate": 11.889210124303185,
          "cv": 1.0,
          "lambda": 0.225
        },
        "MS2_10": {
          "meanserv": 0.9287475708736963,
          "stddevserv": 0.9287475708736963,
          "rate": 1.0767188322864465,
          "cv": 1.0,
          "lambda": 0.225
        }
      },
      "sensors": [
        "S2"
      ],
      "sources": [
        {
          "startTime": 0,
          "stopTime": -1,
          "lambda": 0.225
        }
      ]
    },
    "SC3": {
      "resptime": 31.10581874588204,
      "resptime_old": 21.105818745882033,
      "waittime": 17.37985516199072,
      "servicetime": 10.0,
      "networktime": 3.7259635838913203,
      "services": {
        "MS3_1": {
          "meanserv": 1.9779517817929526,
          "stddevserv": 1.9779517817929526,
          "rate": 0.505573497395134,
          "cv": 1.0,
          "lambda": 0.225
        },
        "MS3_2": {
          "meanserv": 0.39440301848572723,
          "stddevserv": 0.39440301848572723,
          "rate": 2.535477552477678,
          "cv": 1.0,
          "lambda": 0.225
        },
        "MS3_3": {
          "meanserv": 1.0207926608211237,
          "stddevserv": 1.0207926608211237,
          "rate": 0.9796308676392734,
          "cv": 1.0,
          "lambda": 0.225
        },
        "MS3_4": {
          "meanserv": 0.392441037490725,
          "stddevserv": 0.392441037490725,
          "rate": 2.5481534917806195,
          "cv": 1.0,
          "lambda": 0.225
        },
        "MS3_5": {
          "meanserv": 1.4057951507884399,
          "stddevserv": 1.4057951507884399,
          "rate": 0.711341193230856,
          "cv": 1.0,
          "lambda": 0.225
        },
        "MS3_6": {
          "meanserv": 0.47702378719470406,
          "stddevserv": 0.47702378719470406,
          "rate": 2.0963315181425863,
          "cv": 1.0,
          "lambda": 0.225
        },
        "MS3_7": {
          "meanserv": 1.2833767478089113,
          "stddevserv": 1.2833767478089113,
          "rate": 0.7791944194931723,
          "cv": 1.0,
          "lambda": 0.225
        },
        "MS3_8": {
          "meanserv": 1.3655321249766903,
          "stddevserv": 1.3655321249766903,
          "rate": 0.7323152503768962,
          "cv": 1.0,
          "lambda": 0.225
        },
        "MS3_9": {
          "meanserv": 0.5593323418119542,
          "stddevserv": 0.5593323418119542,
          "rate": 1.7878458391311776,
          "cv": 1.0,
          "lambda": 0.225
        },
        "MS3_10": {
          "meanserv": 1.1233513488287716,
          "stddevserv": 1.1233513488287716,
          "rate": 0.8901934386268551,
          "cv": 1.0,
          "lambda": 0.225
        }
      },
      "sensors": [
        "S3"
      ],
      "sources": [
        {
          "startTime": 0,
          "stopTime": -1,
          "lambda": 0.225
        }
      ]
    },
    "SC4": {
      "resptime": 32.78972924354039,
      "resptime_old": 22.789729243540393,
      "waittime": 17.81245959636222,
      "servicetime": 10.0,
      "networktime": 4.977269647178174,
      "services": {
        "MS4_1": {
          "meanserv": 1.8894458483270338,
          "stddevserv": 1.8894458483270338,
          "rate": 0.529255707902625,
          "cv": 1.0,
          "lambda": 0.225
        },
        "MS4_2": {
          "meanserv": 0.672390565136276,
          "stddevserv": 0.672390565136276,
          "rate": 1.4872308623148602,
          "cv": 1.0,
          "lambda": 0.225
        },
        "MS4_3": {
          "meanserv": 1.0441253622495017,
          "stddevserv": 1.0441253622495017,
          "rate": 0.9577394019484055,
          "cv": 1.0,
          "lambda": 0.225
        },
        "MS4_4": {
          "meanserv": 0.7739385811706598,
          "stddevserv": 0.7739385811706598,
          "rate": 1.2920921948191284,
          "cv": 1.0,
          "lambda": 0.225
        },
        "MS4_5": {
          "meanserv": 0.41312293528502675,
          "stddevserv": 0.41312293528502675,
          "rate": 2.420586984138433,
          "cv": 1.0,
          "lambda": 0.225
        },
        "MS4_6": {
          "meanserv": 0.524819440899857,
          "stddevserv": 0.524819440899857,
          "rate": 1.9054172198449757,
          "cv": 1.0,
          "lambda": 0.225
        },
        "MS4_7": {
          "meanserv": 0.06534749808973839,
          "stddevserv": 0.06534749808973839,
          "rate": 15.302804686213863,
          "cv": 1.0,
          "lambda": 0.225
        },
        "MS4_8": {
          "meanserv": 1.8822218801092374,
          "stddevserv": 1.8822218801092374,
          "rate": 0.5312869914900594,
          "cv": 1.0,
          "lambda": 0.225
        },
        "MS4_9": {
          "meanserv": 1.0616988705486605,
          "stddevserv": 1.0616988705486605,
          "rate": 0.9418866570736992,
          "cv": 1.0,
          "lambda": 0.225
        },
        "MS4_10": {
          "meanserv": 1.6728890181840086,
          "stddevserv": 1.6728890181840086,
          "rate": 0.597768285361537,
          "cv": 1.0,
          "lambda": 0.225
        }
      },
      "sensors": [
        "S4"
      ],
      "sources": [
        {
          "startTime": 0,
          "stopTime": -1,
          "lambda": 0.225
        }
      ]
    }
  },
  "microservice": {
    "MS1_1": "F15",
    "MS1_2": "F15",
    "MS1_3": "F15",
    "MS1_4": "F15",
    "MS1_5": "F4",
    "MS1_6": "F9",
    "MS1_7": "F9",
    "MS1_8": "F10",
    "MS1_9": "F15",
    "MS1_10": "F13",
    "MS2_1": "F11",
    "MS2_2": "F11",
    "MS2_3": "F11",
    "MS2_4": "F3",
    "MS2_5": "F1",
    "MS2_6": "F7",
    "MS2_7": "F6",
    "MS2_8": "F6",
    "MS2_9": "F6",
    "MS2_10": "F6",
    "MS3_1": "F14",
    "MS3_2": "F9",
    "MS3_3": "F9",
    "MS3_4": "F9",
    "MS3_5": "F8",
    "MS3_6": "F6",
    "MS3_7": "F8",
    "MS3_8": "F2",
    "MS3_9": "F2",
    "MS3_10": "F2",
    "MS4_1": "F5",
    "MS4_2": "F5",
    "MS4_3": "F13",
    "MS4_4": "F14",
    "MS4_5": "F11",
    "MS4_6": "F11",
    "MS4_7": "F11",
    "MS4_8": "F1",
    "MS4_9": "F12",
    "MS4_10": "F12"
  },
  "sensor": {
    "S1": "F15",
    "S2": "F11",
    "S3": "F14",
    "S4": "F5"
  },
  "fog": {
    "F1": {
      "rho": 0.6438350349553419,
      "capacity": 1.0,
      "tserv": 1.430744522122982,
      "stddev": 1.5667461495511705,
      "mu": 0.6989368014606617,
      "cv": 1.0950565424681027,
      "lambda": 0.45,
      "twait": 2.8438725337137645
    },
    "F2": {
      "rho": 0.6858485585139187,
      "capacity": 1.0,
      "tserv": 1.0160719385391388,
      "stddev": 1.122748303472509,
      "mu": 0.9841822828389039,
      "cv": 1.1049889883650803,
      "lambda": 0.675,
      "twait": 2.4633851754960094
    },
    "F3": {
      "rho": 0.6057031337485806,
      "capacity": 1.0,
      "tserv": 2.6920139277714696,
      "stddev": 2.6920139277714696,
      "mu": 0.37146910336672373,
      "cv": 1.0,
      "lambda": 0.225,
      "twait": 4.135364522796622
    },
    "F4": {
      "rho": 0.7223752551825953,
      "capacity": 1.0,
      "tserv": 3.2105566897004234,
      "stddev": 3.2105566897004234,
      "mu": 0.3114724630803233,
      "cv": 1.0,
      "lambda": 0.225,
      "twait": 8.353818423231328
    },
    "F5": {
      "rho": 0.5764131930292447,
      "capacity": 1.0,
      "tserv": 1.2809182067316547,
      "stddev": 1.5431666253220702,
      "mu": 0.780689972821578,
      "cv": 1.2047347107818533,
      "lambda": 0.45,
      "twait": 2.136458901510364
    },
    "F6": {
      "rho": 0.5374171340896738,
      "capacity": 1.0,
      "tserv": 0.4777041191908212,
      "stddev": 0.6519887226943702,
      "mu": 2.0933459851547673,
      "cv": 1.364837975018445,
      "lambda": 1.125,
      "twait": 0.7944001920258682
    },
    "F7": {
      "rho": 0.7549432720862789,
      "capacity": 1.0,
      "tserv": 3.3553034314945727,
      "stddev": 3.3553034314945727,
      "mu": 0.2980356383310955,
      "cv": 1.0,
      "lambda": 0.225,
      "twait": 10.33664234799816
    },
    "F8": {
      "rho": 0.605063677184404,
      "capacity": 1.0,
      "tserv": 1.3445859492986756,
      "stddev": 1.347369477072065,
      "mu": 0.7437233748587001,
      "cv": 1.002070174669638,
      "lambda": 0.45,
      "twait": 2.064246883693074
    },
    "F9": {
      "rho": 0.5424448697750441,
      "capacity": 1.0,
      "tserv": 0.482173217577817,
      "stddev": 0.6470276112304075,
      "mu": 2.0739434782866426,
      "cv": 1.341898694582689,
      "lambda": 1.125,
      "twait": 0.8004802708301082
    },
    "F10": {
      "rho": 0.4995882524078559,
      "capacity": 1.0,
      "tserv": 2.220392232923804,
      "stddev": 2.2203922329238046,
      "mu": 0.450370878249382,
      "cv": 1.0000000000000002,
      "lambda": 0.225,
      "twait": 2.2167382773165634
    },
    "F11": {
      "rho": 0.4646719219753015,
      "capacity": 1.0,
      "tserv": 0.3442014236854085,
      "stddev": 0.4546613935640829,
      "mu": 2.905275606628446,
      "cv": 1.3209166559974257,
      "lambda": 1.35,
      "twait": 0.4100370239192694
    },
    "F12": {
      "rho": 0.6152822749648506,
      "capacity": 1.0,
      "tserv": 1.3672939443663346,
      "stddev": 1.4339698143908428,
      "mu": 0.7313716294292848,
      "cv": 1.0487648397034397,
      "lambda": 0.45,
      "twait": 2.2959599422366455
    },
    "F13": {
      "rho": 0.6083184143700773,
      "capacity": 1.0,
      "tserv": 1.3518186986001717,
      "stddev": 1.420128223912994,
      "mu": 0.7397441691223201,
      "cv": 1.050531573045674,
      "lambda": 0.45,
      "twait": 2.2082734397962804
    },
    "F14": {
      "rho": 0.6191753316668128,
      "capacity": 1.0,
      "tserv": 1.3759451814818062,
      "stddev": 1.6180386386237409,
      "mu": 0.7267731399902597,
      "cv": 1.1759470220181412,
      "lambda": 0.45,
      "twait": 2.665364863600348
    },
    "F15": {
      "rho": 0.5189196760500199,
      "capacity": 1.0,
      "tserv": 0.4612619342666843,
      "stddev": 0.8123447088141157,
      "mu": 2.167965586819565,
      "cv": 1.7611353733439632,
      "lambda": 1.125,
      "twait": 1.0203595546411568
    }
  },
  "extra": {
    "deltatime": 4.5042907,
    "conv": 14,
    "obj_func": 33.31034187025896
  },
  "network": [
    [
      0.0,
      0.7906513543626776,
      0.8670233019610569,
      1.3214292207443665,
      1.1386350745502494,
      1.1431315150176284,
      0.8571181717785111,
      0.7764813619411217,
      1.6289820497812948,
      1.1317082270250032,
      1.0481387631725239,
      1.1347150877915482,
      1.0258006613062085,
      0.6774293755299167,
      0.6774293755299167
    ],
    [
      0.7906513543626776,
      0.0,
      1.1897256253420956,
      1.0755893155211782,
      0.8230010190630854,
      1.544315810145998,
      1.4731022848409097,
      0.8659723956600478,
      0.9073198589156956,
      0.9403085124967148,
      0.9450941707338458,
      0.9637101172998869,
      0.6774293755299167,
      1.1454233659811648,
      1.1454233659811648
    ],
    [
      0.8670233019610569,
      1.1897256253420956,
      0.0,
      1.1708051259568102,
      0.814624106797875,
      0.969339855991898,
      0.5332758696014153,
      1.1452681046018498,
      1.1359024833454194,
      0.6770345216338907,
      0.7159228147613046,
      1.0258006613062085,
      1.1454233659811648,
      1.1512285096402524,
      1.1512285096402524
    ],
    [
      1.3214292207443665,
      1.0755893155211782,
      1.1708051259568102,
      0.0,
      1.074914223321609,
      0.9873191133028797,
      1.0833700869791152,
      1.0387927191536395,
      1.021713766537897,
      0.9031171668011193,
      1.1347150877915482,
      0.6774293755299167,
      1.1512285096402524,
      0.8722899802840212,
      0.8722899802840212
    ],
    [
      1.1386350745502494,
      0.8230010190630854,
      0.814624106797875,
      1.074914223321609,
      0.0,
      0.788415134387143,
      0.924516392860375,
      0.7557259402544806,
      0.9953880947533958,
      1.0481387631725239,
      0.9637101172998869,
      1.1454233659811648,
      0.8722899802840212,
      0.9400908919686118,
      0.9400908919686118
    ],
    [
      1.1431315150176284,
      1.544315810145998,
      0.969339855991898,
      0.9873191133028797,
      0.788415134387143,
      0.0,
      0.7064200984192267,
      0.678371938004229,
      1.1317082270250032,
      0.9450941707338458,
      1.0258006613062085,
      1.1512285096402524,
      0.9400908919686118,
      0.9516007954863239,
      0.9516007954863239
    ],
    [
      0.8571181717785111,
      1.4731022848409097,
      0.5332758696014153,
      1.0833700869791152,
      0.924516392860375,
      0.7064200984192267,
      0.0,
      1.6289820497812948,
      0.9403085124967148,
      0.7159228147613046,
      0.6774293755299167,
      0.8722899802840212,
      0.9516007954863239,
      1.1245437150561475,
      1.1245437150561475
    ],
    [
      0.7764813619411217,
      0.8659723956600478,
      1.1452681046018498,
      1.0387927191536395,
      0.7557259402544806,
      0.678371938004229,
      1.6289820497812948,
      0.0,
      0.6770345216338907,
      1.1347150877915482,
      1.1454233659811648,
      0.9400908919686118,
      1.1245437150561475,
      1.2224160955770194,
      1.2224160955770194
    ],
    [
      1.6289820497812948,
      0.9073198589156956,
      1.1359024833454194,
      1.021713766537897,
      0.9953880947533958,
      1.1317082270250032,
      0.9403085124967148,
      0.6770345216338907,
      0.0,
      0.9637101172998869,
      1.1512285096402524,
      0.9516007954863239,
      1.2224160955770194,
      0.8262127905889238,
      0.8262127905889238
    ],
    [
      1.1317082270250032,
      0.9403085124967148,
      0.6770345216338907,
      0.9031171668011193,
      1.0481387631725239,
      0.9450941707338458,
      0.7159228147613046,
      1.1347150877915482,
      0.9637101172998869,
      0.0,
      0.8722899802840212,
      1.1245437150561475,
      0.8262127905889238,
      1.338694467978237,
      1.338694467978237
    ],
    [
      1.0481387631725239,
      0.9450941707338458,
      0.7159228147613046,
      1.1347150877915482,
      0.9637101172998869,
      1.0258006613062085,
      0.6774293755299167,
      1.1454233659811648,
      1.1512285096402524,
      0.8722899802840212,
      0.0,
      1.2224160955770194,
      1.338694467978237,
      1.1243787429168028,
      1.1243787429168028
    ],
    [
      1.1347150877915482,
      0.9637101172998869,
      1.0258006613062085,
      0.6774293755299167,
      1.1454233659811648,
      1.1512285096402524,
      0.8722899802840212,
      0.9400908919686118,
      0.9516007954863239,
      1.1245437150561475,
      1.2224160955770194,
      0.0,
      1.1243787429168028,
      1.0613911384389083,
      1.0613911384389083
    ],
    [
      1.0258006613062085,
      0.6774293755299167,
      1.1454233659811648,
      1.1512285096402524,
      0.8722899802840212,
      0.9400908919686118,
      0.9516007954863239,
      1.1245437150561475,
      1.2224160955770194,
      0.8262127905889238,
      1.338694467978237,
      1.1243787429168028,
      0.0,
      0.7977470730132781,
      0.7977470730132781
    ],
    [
      0.6774293755299167,
      1.1454233659811648,
      1.1512285096402524,
      0.8722899802840212,
      0.9400908919686118,
      0.9516007954863239,
      1.1245437150561475,
      1.2224160955770194,
      0.8262127905889238,
      1.338694467978237,
      1.1243787429168028,
      1.0613911384389083,
      0.7977470730132781,
      0.0,
      1.037162754644154
    ],
    [
      0.6774293755299167,
      1.1454233659811648,
      1.1512285096402524,
      0.8722899802840212,
      0.9400908919686118,
      0.9516007954863239,
      1.1245437150561475,
      1.2224160955770194,
      0.8262127905889238,
      1.338694467978237,
      1.1243787429168028,
      1.0613911384389083,
      0.7977470730132781,
      1.037162754644154,
      0.0
    ]
  ]
}