{
  "servicechain": {
    "SC1": {
      "resptime": 13.943029494174905,
      "resptime_old": 3.9430294941749064,
      "waittime": 2.163938617669683,
      "servicetime": 10.0,
      "networktime": 1.7790908765052231,
      "services": {
        "MS1_1": {
          "meanserv": 1.1315756035995428,
          "stddevserv": 1.1315756035995428,
          "rate": 0.8837235415989876,
          "cv": 1.0,
          "lambda": 0.025
        },
        "MS1_2": {
          "meanserv": 4.812442767377409,
          "stddevserv": 4.812442767377409,
          "rate": 0.20779467898897436,
          "cv": 1.0,
          "lambda": 0.025
        },
        "MS1_3": {
          "meanserv": 0.4991586148769729,
          "stddevserv": 0.4991586148769729,
          "rate": 2.0033712134698285,
          "cv": 1.0,
          "lambda": 0.025
        },
        "MS1_4": {
          "meanserv": 2.8165727673792276,
          "stddevserv": 2.8165727673792276,
          "rate": 0.35504142182361675,
          "cv": 1.0,
          "lambda": 0.025
        },
        "MS1_5": {
          "meanserv": 0.7402502467668484,
          "stddevserv": 0.7402502467668484,
          "rate": 1.350894517587325,
          "cv": 1.0,
          "lambda": 0.025
        }
      },
      "sensors": [
        "S1"
      ],
      "sources": [
        {
          "startTime": 0,
          "stopTime": -1,
          "lambda": 0.025
        }
      ]
    },
    "SC2": {
      "resptime": 14.97412697093612,
      "resptime_old": 4.974126970936123,
      "waittime": 3.2159093623229045,
      "servicetime": 10.0,
      "networktime": 1.7582176086132169,
      "services": {
        "MS2_1": {
          "meanserv": 0.8496166717254472,
          "stddevserv": 0.8496166717254472,
          "rate": 1.1770013857768895,
          "cv": 1.0,
          "lambda": 0.025
        },
        "MS2_2": {
          "meanserv": 6.02698043937731,
          "stddevserv": 6.02698043937731,
          "rate": 0.16592056504223815,
          "cv": 1.0,
          "lambda": 0.025
        },
        "MS2_3": {
          "meanserv": 1.112682849336755,
          "stddevserv": 1.112682849336755,
          "rate": 0.8987286903865529,
          "cv": 1.0,
          "lambda": 0.025
        },
        "MS2_4": {
          "meanserv": 1.433306140559453,
          "stddevserv": 1.433306140559453,
          "rate": 0.697687654927423,
          "cv": 1.0,
          "lambda": 0.025
        },
        "MS2_5": {
          "meanserv": 0.5774138990010353,
          "stddevserv": 0.5774138990010353,
          "rate": 1.7318599391702674,
          "cv": 1.0,
          "lambda": 0.025
        }
      },
      "sensors": [
        "S2"
      ],
      "sources": [
        {
          "startTime": 0,
          "stopTime": -1,
          "lambda": 0.025
        }
      ]
    },
    "SC3": {
      "resptime": 13.586887612521013,
      "resptime_old": 3.5868876125210134,
      "waittime": 1.8247877988744534,
      "servicetime": 10.0,
      "networktime": 1.7620998136465598,
      "services": {
        "MS3_1": {
          "meanserv": 2.425745372910538,
          "stddevserv": 2.425745372910538,
          "rate": 0.4122444223402339,
          "cv": 1.0,
          "lambda": 0.025
        },
        "MS3_2": {
          "meanserv": 4.056506498231592,
          "stddevserv": 4.056506498231592,
          "rate": 0.24651753927571513,
          "cv": 1.0,
          "lambda": 0.025
        },
        "MS3_3": {
          "meanserv": 0.11827260885999547,
          "stddevserv": 0.11827260885999547,
          "rate": 8.455043053829517,
          "cv": 1.0,
          "lambda": 0.025
        },
        "MS3_4": {
          "meanserv": 1.392840917092614,
          "stddevserv": 1.392840917092614,
          "rate": 0.7179570816223424,
          "cv": 1.0,
          "lambda": 0.025
        },
        "MS3_5": {
          "meanserv": 2.006634602905261,
          "stddevserv": 2.006634602905261,
          "rate": 0.49834683332589425,
          "cv": 1.0,
          "lambda": 0.025
        }
      },
      "sensors": [
        "S3"
      ],
      "sources": [
        {
          "startTime": 0,
          "stopTime": -1,
          "lambda": 0.025
        }
      ]
    },
    "SC4": {
      "resptime": 13.791644235669763,
      "resptime_old": 3.7916442356697635,
      "waittime": 2.0334266270565466,
      "servicetime": 10.0,
      "networktime": 1.7582176086132169,
      "services": {
        "MS4_1": {
          "meanserv": 1.0742476872783635,
          "stddevserv": 1.0742476872783635,
          "rate": 0.9308840147783124,
          "cv": 1.0,
          "lambda": 0.025
        },
        "MS4_2": {
          "meanserv": 2.371139811537005,
          "stddevserv": 2.371139811537005,
          "rate": 0.4217381004419922,
          "cv": 1.0,
          "lambda": 0.025
        },
        "MS4_3": {
          "meanserv": 0.5680274713811686,
          "stddevserv": 0.5680274713811686,
          "rate": 1.7604782345622876,
          "cv": 1.0,
          "lambda": 0.025
        },
        "MS4_4": {
          "meanserv": 3.0708276019411755,
          "stddevserv": 3.0708276019411755,
          "rate": 0.3256451125318353,
          "cv": 1.0,
          "lambda": 0.025
        },
        "MS4_5": {
          "meanserv": 2.915757427862287,
          "stddevserv": 2.915757427862287,
          "rate": 0.3429640581360565,
          "cv": 1.0,
          "lambda": 0.025
        }
      },
      "sensors": [
        "S4"
      ],
      "sources": [
        {
          "startTime": 0,
          "stopTime": -1,
          "lambda": 0.025
        }
      ]
    }
  },
  "microservice": {
    "MS1_1": "F7",
    "MS1_2": "F7",
    "MS1_3": "F2",
    "MS1_4": "F2",
    "MS1_5": "F2",
    "MS2_1": "F9",
    "MS2_2": "F9",
    "MS2_3": "F5",
    "MS2_4": "F5",
    "MS2_5": "F5",
    "MS3_1": "F1",
    "MS3_2": "F1",
    "MS3_3": "F4",
    "MS3_4": "F4",
    "MS3_5": "F4",
    "MS4_1": "F5",
    "MS4_2": "F5",
    "MS4_3": "F5",
    "MS4_4": "F10",
    "MS4_5": "F10"
  },
  "sensor": {
    "S1": "F7",
    "S2": "F9",
    "S3": "F1",
    "S4": "F5"
  },
  "fog": {
    "F1": {
      "rho": 0.1620562967785533,
      "capacity": 1.0,
      "tserv": 3.2411259355710653,
      "stddev": 3.4401436385942668,
      "mu": 0.30853475609358155,
      "cv": 1.0614038784605684,
      "lambda": 0.05,
      "twait": 0.6664972091355486
    },
    "F2": {
      "rho": 0.10139954072557622,
      "capacity": 1.0,
      "tserv": 1.351993876341016,
      "stddev": 1.9980625185566054,
      "mu": 0.7396483205281679,
      "cv": 1.4778635861606746,
      "lambda": 0.07500000000000001,
      "twait": 0.2428835811979159
    },
    "F3": {
      "rho": 0,
      "capacity": 1.0,
      "tserv": 0,
      "stddev": 0,
      "mu": 0,
      "cv": 0,
      "lambda": 0.0,
      "twait": 0
    },
    "F4": {
      "rho": 0.08794370322144676,
      "capacity": 1.0,
      "tserv": 1.17258270961929,
      "stddev": 1.6161995222462526,
      "mu": 0.8528183059467732,
      "cv": 1.3783245386340335,
      "lambda": 0.07500000000000001,
      "twait": 0.16393112686778533
    },
    "F5": {
      "rho": 0.1784204464773445,
      "capacity": 1.0,
      "tserv": 1.1894696431822969,
      "stddev": 1.4697266909303073,
      "mu": 0.8407108207693377,
      "cv": 1.2356151326386213,
      "lambda": 0.15,
      "twait": 0.3263470861790309
    },
    "F6": {
      "rho": 0,
      "capacity": 1.0,
      "tserv": 0,
      "stddev": 0,
      "mu": 0,
      "cv": 0,
      "lambda": 0.0,
      "twait": 0
    },
    "F7": {
      "rho": 0.14860045927442378,
      "capacity": 1.0,
      "tserv": 2.9720091854884756,
      "stddev": 3.9505987061858017,
      "mu": 0.3364727151190286,
      "cv": 1.329268673016058,
      "lambda": 0.05,
      "twait": 0.7176439370379676
    },
    "F8": {
      "rho": 0,
      "capacity": 1.0,
      "tserv": 0,
      "stddev": 0,
      "mu": 0,
      "cv": 0,
      "lambda": 0.0,
      "twait": 0
    },
    "F9": {
      "rho": 0.17191492777756892,
      "capacity": 1.0,
      "tserv": 3.4382985555513783,
      "stddev": 5.022394324264458,
      "mu": 0.2908415263664142,
      "cv": 1.4607208312830904,
      "lambda": 0.05,
      "twait": 1.1184340518929061
    },
    "F10": {
      "rho": 0.14966462574508657,
      "capacity": 1.0,
      "tserv": 2.9932925149017313,
      "stddev": 2.9953002285599286,
      "mu": 0.3340802794987879,
      "cv": 1.000670737540084,
      "lambda": 0.05,
      "twait": 0.527192684259727
    }
  },
  "extra": {
    "deltatime": 0.6669532,
    "conv": 7,
    "obj_func": 14.07392207832545
  },
  "network": [
    [
      0.0,
      2.0736566461872656,
      2.260000920896697,
      1.7620998136465598,
      1.436510847526854,
      2.23483860684055,
      2.1307715612014584,
      2.268581328442111,
      1.5043295624403883,
      1.5043295624403883
    ],
    [
      2.0736566461872656,
      0.0,
      2.025701353692229,
      1.4832004593119241,
      1.935587692489005,
      2.4039044418570814,
      1.7790908765052231,
      1.5043295624403883,
      2.2122857816469796,
      2.2122857816469796
    ],
    [
      2.260000920896697,
      2.025701353692229,
      0.0,
      2.5758537805410766,
      2.4986240974506497,
      2.060883983283934,
      2.268581328442111,
      2.2122857816469796,
      1.9293031604908595,
      1.9293031604908595
    ],
    [
      1.7620998136465598,
      1.4832004593119241,
      2.5758537805410766,
      0.0,
      2.1366168881900585,
      2.1307715612014584,
      1.5043295624403883,
      1.9293031604908595,
      2.1850866401319733,
      2.1850866401319733
    ],
    [
      1.436510847526854,
      1.935587692489005,
      2.4986240974506497,
      2.1366168881900585,
      0.0,
      1.7790908765052231,
      2.2122857816469796,
      2.1850866401319733,
      1.7582176086132169,
      1.7582176086132169
    ],
    [
      2.23483860684055,
      2.4039044418570814,
      2.060883983283934,
      2.1307715612014584,
      1.7790908765052231,
      0.0,
      1.9293031604908595,
      1.7582176086132169,
      1.8554863142448275,
      1.8554863142448275
    ],
    [
      2.1307715612014584,
      1.7790908765052231,
      2.268581328442111,
      1.5043295624403883,
      2.2122857816469796,
      1.9293031604908595,
      0.0,
      1.8554863142448275,
      1.7928846892874952,
      1.7928846892874952
    ],
    [
      2.268581328442111,
      1.5043295624403883,
      2.2122857816469796,
      1.9293031604908595,
      2.1850866401319733,
      1.7582176086132169,
      1.8554863142448275,
      0.0,
      1.5896790476284242,
      1.5896790476284242
    ],
    [
      1.5043295624403883,
      2.2122857816469796,
      1.9293031604908595,
      2.1850866401319733,
      1.7582176086132169,
      1.8554863142448275,
      1.7928846892874952,
      1.5896790476284242,
      0.0,
      1.9894047479994155
    ],
    [
      1.5043295624403883,
      2.2122857816469796,
      1.9293031604908595,
      2.1850866401319733,
      1.7582176086132169,
      1.8554863142448275,
      1.7928846892874952,
      1.5896790476284242,
      1.9894047479994155,
      0.0
    ]
  ]
}