{
  "servicechain": {
    "SC1": {
      "resptime": 16.122503047715686,
      "resptime_old": 6.1225030477156865,
      "waittime": 2.6550139982052365,
      "servicetime": 10.0,
      "networktime": 3.46748904951045,
      "services": {
        "MS1_1": {
          "meanserv": 1.401827259043631,
          "stddevserv": 1.401827259043631,
          "rate": 0.7133546544687898,
          "cv": 1.0,
          "lambda": 0.05
        },
        "MS1_2": {
          "meanserv": 0.6790252898233682,
          "stddevserv": 0.6790252898233682,
          "rate": 1.4726991983761393,
          "cv": 1.0,
          "lambda": 0.05
        },
        "MS1_3": {
          "meanserv": 0.5676081941257198,
          "stddevserv": 0.5676081941257198,
          "rate": 1.761778653566283,
          "cv": 1.0,
          "lambda": 0.05
        },
        "MS1_4": {
          "meanserv": 5.355547639146281,
          "stddevserv": 5.355547639146281,
          "rate": 0.18672226770807107,
          "cv": 1.0,
          "lambda": 0.05
        },
        "MS1_5": {
          "meanserv": 1.9959916178609998,
          "stddevserv": 1.9959916178609998,
          "rate": 0.5010041079589542,
          "cv": 1.0,
          "lambda": 0.05
        }
      },
      "sensors": [
        "S1"
      ],
      "sources": [
        {
          "startTime": 0,
          "stopTime": -1,
          "lambda": 0.05
        }
      ]
    },
    "SC2": {
      "resptime": 15.133846665979686,
      "resptime_old": 5.133846665979686,
      "waittime": 3.7882317125630327,
      "servicetime": 10.0,
      "networktime": 1.3456149534166535,
      "services": {
        "MS2_1": {
          "meanserv": 2.041271841737501,
          "stddevserv": 2.041271841737501,
          "rate": 0.4898906552048523,
          "cv": 1.0,
          "lambda": 0.05
        },
        "MS2_2": {
          "meanserv": 3.5365844800003474,
          "stddevserv": 3.5365844800003474,
          "rate": 0.28275869151580446,
          "cv": 1.0,
          "lambda": 0.05
        },
        "MS2_3": {
          "meanserv": 2.03690148614269,
          "stddevserv": 2.03690148614269,
          "rate": 0.4909417597282599,
          "cv": 1.0,
          "lambda": 0.05
        },
        "MS2_4": {
          "meanserv": 1.7715210610076522,
          "stddevserv": 1.7715210610076522,
          "rate": 0.5644866561344711,
          "cv": 1.0,
          "lambda": 0.05
        },
        "MS2_5": {
          "meanserv": 0.6137211311118094,
          "stddevserv": 0.6137211311118094,
          "rate": 1.6294045443545553,
          "cv": 1.0,
          "lambda": 0.05
        }
      },
      "sensors": [
        "S2"
      ],
      "sources": [
        {
          "startTime": 0,
          "stopTime": -1,
          "lambda": 0.05
        }
      ]
    },
    "SC3": {
      "resptime": 15.952822343662875,
      "resptime_old": 5.952822343662876,
      "waittime": 4.317548657694438,
      "servicetime": 10.0,
      "networktime": 1.6352736859684378,
      "services": {
        "MS3_1": {
          "meanserv": 4.439514809922499,
          "stddevserv": 4.439514809922499,
          "rate": 0.22524983986199545,
          "cv": 1.0,
          "lambda": 0.05
        },
        "MS3_2": {
          "meanserv": 0.678842825428525,
          "stddevserv": 0.678842825428525,
          "rate": 1.4730950413576838,
          "cv": 1.0,
          "lambda": 0.05
        },
        "MS3_3": {
          "meanserv": 0.6755673019403927,
          "stddevserv": 0.6755673019403927,
          "rate": 1.480237419910286,
          "cv": 1.0,
          "lambda": 0.05
        },
        "MS3_4": {
          "meanserv": 2.893832595877212,
          "stddevserv": 2.893832595877212,
          "rate": 0.34556249087272045,
          "cv": 1.0,
          "lambda": 0.05
        },
        "MS3_5": {
          "meanserv": 1.3122424668313712,
          "stddevserv": 1.3122424668313712,
          "rate": 0.7620542889567254,
          "cv": 1.0,
          "lambda": 0.05
        }
      },
      "sensors": [
        "S3"
      ],
      "sources": [
        {
          "startTime": 0,
          "stopTime": -1,
          "lambda": 0.05
        }
      ]
    },
    "SC4": {
      "resptime": 17.856253143688935,
      "resptime_old": 7.856253143688935,
      "waittime": 4.0830469175599555,
      "servicetime": 10.0,
      "networktime": 3.7732062261289796,
      "services": {
        "MS4_1": {
          "meanserv": 0.886385571444821,
          "stddevserv": 0.886385571444821,
          "rate": 1.1281772088979132,
          "cv": 1.0,
          "lambda": 0.05
        },
        "MS4_2": {
          "meanserv": 2.719282174452111,
          "stddevserv": 2.719282174452111,
          "rate": 0.3677441088663345,
          "cv": 1.0,
          "lambda": 0.05
        },
        "MS4_3": {
          "meanserv": 4.279503980084133,
          "stddevserv": 4.279503980084133,
          "rate": 0.23367194063933094,
          "cv": 1.0,
          "lambda": 0.05
        },
        "MS4_4": {
          "meanserv": 1.0760174649839485,
          "stddevserv": 1.0760174649839485,
          "rate": 0.9293529450425022,
          "cv": 1.0,
          "lambda": 0.05
        },
        "MS4_5": {
          "meanserv": 1.0388108090349863,
          "stddevserv": 1.0388108090349863,
          "rate": 0.9626391940693801,
          "cv": 1.0,
          "lambda": 0.05
        }
      },
      "sensors": [
        "S4"
      ],
      "sources": [
        {
          "startTime": 0,
          "stopTime": -1,
          "lambda": 0.05
        }
      ]
    }
  },
  "microservice": {
    "MS1_1": "F5",
    "MS1_2": "F5",
    "MS1_3": "F5",
    "MS1_4": "F8",
    "MS1_5": "F10",
    "MS2_1": "F3",
    "MS2_2": "F3",
    "MS2_3": "F1",
    "MS2_4": "F1",
    "MS2_5": "F1",
    "MS3_1": "F4",
    "MS3_2": "F6",
    "MS3_3": "F6",
    "MS3_4": "F6",
    "MS3_5": "F6",
    "MS4_1": "F2",
    "MS4_2": "F2",
    "MS4_3": "F9",
    "MS4_4": "F2",
    "MS4_5": "F2"
  },
  "sensor": {
    "S1": "F5",
    "S2": "F3",
    "S3": "F4",
    "S4": "F2"
  },
  "fog": {
    "F1": {
      "rho": 0.2211071839131076,
      "capacity": 1.0,
      "tserv": 1.4740478927540506,
      "stddev": 1.7136087409165002,
      "mu": 0.6784040090662462,
      "cv": 1.1625190398087162,
      "lambda": 0.15000000000000002,
      "twait": 0.49197450549872324
    },
    "F2": {
      "rho": 0.28602480099579336,
      "capacity": 1.0,
      "tserv": 1.4301240049789667,
      "stddev": 1.7785678323081762,
      "mu": 0.6992400634619844,
      "cv": 1.2436458839346132,
      "lambda": 0.2,
      "twait": 0.7295152844248581
    },
    "F3": {
      "rho": 0.2788928160868924,
      "capacity": 1.0,
      "tserv": 2.7889281608689243,
      "stddev": 2.9826331034108127,
      "mu": 0.35856068794846185,
      "cv": 1.0694549774568367,
      "lambda": 0.1,
      "twait": 1.1561540980334315
    },
    "F4": {
      "rho": 0.22197574049612495,
      "capacity": 1.0,
      "tserv": 4.439514809922499,
      "stddev": 4.439514809922499,
      "mu": 0.22524983986199545,
      "cv": 1.0,
      "lambda": 0.05,
      "twait": 1.26662449832151
    },
    "F5": {
      "rho": 0.13242303714963596,
      "capacity": 1.0,
      "tserv": 0.8828202476642396,
      "stddev": 1.0260983337956213,
      "mu": 1.1327334218328067,
      "cv": 1.1622958767772555,
      "lambda": 0.15000000000000002,
      "twait": 0.15839367503642313
    },
    "F6": {
      "rho": 0.27802425950387505,
      "capacity": 1.0,
      "tserv": 1.390121297519375,
      "stddev": 1.890580823737778,
      "mu": 0.7193616857640168,
      "cv": 1.3600114084371315,
      "lambda": 0.2,
      "twait": 0.762731039843232
    },
    "F7": {
      "rho": 0,
      "capacity": 1.0,
      "tserv": 0,
      "stddev": 0,
      "mu": 0,
      "cv": 0,
      "lambda": 0.0,
      "twait": 0
    },
    "F8": {
      "rho": 0.2677773819573141,
      "capacity": 1.0,
      "tserv": 5.355547639146281,
      "stddev": 5.355547639146281,
      "mu": 0.18672226770807107,
      "cv": 1.0,
      "lambda": 0.05,
      "twait": 1.9585498869070213
    },
    "F9": {
      "rho": 0.21397519900420664,
      "capacity": 1.0,
      "tserv": 4.279503980084133,
      "stddev": 4.279503980084133,
      "mu": 0.23367194063933094,
      "cv": 1.0,
      "lambda": 0.05,
      "twait": 1.1649857798605232
    },
    "F10": {
      "rho": 0.09979958089305,
      "capacity": 1.0,
      "tserv": 1.9959916178609998,
      "stddev": 1.9959916178609998,
      "mu": 0.5010041079589542,
      "cv": 1.0,
      "lambda": 0.05,
      "twait": 0.22128308618894604
    }
  },
  "extra": {
    "deltatime": 0.4931119,
    "conv": 7,
    "obj_func": 16.266356300261794
  },
  "network": [
    [
      0.0,
      2.934019226583628,
      1.3456149534166535,
      1.799067674569979,
      1.8949443360928984,
      1.9624177958683944,
      1.6352736859684378,
      1.6300635457716872,
      2.7159428057983717,
      2.7159428057983717
    ],
    [
      2.934019226583628,
      0.0,
      1.7552423429441717,
      1.9524410266539125,
      1.7503483483334838,
      2.465687193738965,
      2.0169012723136617,
      2.7159428057983717,
      1.8866031130644898,
      1.8866031130644898
    ],
    [
      1.3456149534166535,
      1.7552423429441717,
      0.0,
      2.0005056402110735,
      1.0394394785601078,
      1.9218561187697882,
      1.6300635457716872,
      1.8866031130644898,
      2.0341726881670295,
      2.0341726881670295
    ],
    [
      1.799067674569979,
      1.9524410266539125,
      2.0005056402110735,
      0.0,
      2.1493844984007784,
      1.6352736859684378,
      2.7159428057983717,
      2.0341726881670295,
      1.8462403215902345,
      1.8462403215902345
    ],
    [
      1.8949443360928984,
      1.7503483483334838,
      1.0394394785601078,
      2.1493844984007784,
      0.0,
      2.0169012723136617,
      1.8866031130644898,
      1.8462403215902345,
      2.257732086935095,
      2.257732086935095
    ],
    [
      1.9624177958683944,
      2.465687193738965,
      1.9218561187697882,
      1.6352736859684378,
      2.0169012723136617,
      0.0,
      2.0341726881670295,
      2.257732086935095,
      2.1946257238819005,
      2.1946257238819005
    ],
    [
      1.6352736859684378,
      2.0169012723136617,
      1.6300635457716872,
      2.7159428057983717,
      1.8866031130644898,
      2.0341726881670295,
      0.0,
      2.1946257238819005,
      1.9589455302869943,
      1.9589455302869943
    ],
    [
      1.6300635457716872,
      2.7159428057983717,
      1.8866031130644898,
      2.0341726881670295,
      1.8462403215902345,
      2.257732086935095,
      2.1946257238819005,
      0.0,
      1.6212487279202155,
      1.6212487279202155
    ],
    [
      2.7159428057983717,
      1.8866031130644898,
      2.0341726881670295,
      1.8462403215902345,
      2.257732086935095,
      2.1946257238819005,
      1.9589455302869943,
      1.6212487279202155,
      0.0,
      2.2436695986172186
    ],
    [
      2.7159428057983717,
      1.8866031130644898,
      2.0341726881670295,
      1.8462403215902345,
      2.257732086935095,
      2.1946257238819005,
      1.9589455302869943,
      1.6212487279202155,
      2.2436695986172186,
      0.0
    ]
  ]
}