{
  "servicechain": {
    "SC1": {
      "resptime": 13.470035805197691,
      "resptime_old": 3.470035805197691,
      "waittime": 1.6881339813857263,
      "servicetime": 10.0,
      "networktime": 1.7819018238119644,
      "services": {
        "MS1_1": {
          "meanserv": 4.789947930631132,
          "stddevserv": 4.789947930631132,
          "rate": 0.20877053664928635,
          "cv": 1.0,
          "lambda": 0.025
        },
        "MS1_2": {
          "meanserv": 0.41840498626931133,
          "stddevserv": 0.41840498626931133,
          "rate": 2.3900288782799977,
          "cv": 1.0,
          "lambda": 0.025
        },
        "MS1_3": {
          "meanserv": 2.2360322709735545,
          "stddevserv": 2.2360322709735545,
          "rate": 0.44722073691924236,
          "cv": 1.0,
          "lambda": 0.025
        },
        "MS1_4": {
          "meanserv": 1.813798821852135,
          "stddevserv": 1.813798821852135,
          "rate": 0.5513290602862252,
          "cv": 1.0,
          "lambda": 0.025
        },
        "MS1_5": {
          "meanserv": 0.7418159902738672,
          "stddevserv": 0.7418159902738672,
          "rate": 1.3480431981936856,
          "cv": 1.0,
          "lambda": 0.025
        }
      },
      "sensors": [
        "S1"
      ],
      "sources": [
        {
          "startTime": 0,
          "stopTime": -1,
          "lambda": 0.025
        }
      ]
    },
    "SC2": {
      "resptime": 13.089095432186772,
      "resptime_old": 3.0890954321867716,
      "waittime": 1.6222853947185119,
      "servicetime": 10.0,
      "networktime": 1.46681003746826,
      "services": {
        "MS2_1": {
          "meanserv": 3.2753245804439035,
          "stddevserv": 3.2753245804439035,
          "rate": 0.3053132523019964,
          "cv": 1.0,
          "lambda": 0.025
        },
        "MS2_2": {
          "meanserv": 1.1839575718667308,
          "stddevserv": 1.1839575718667308,
          "rate": 0.8446248613650174,
          "cv": 1.0,
          "lambda": 0.025
        },
        "MS2_3": {
          "meanserv": 1.258534356469978,
          "stddevserv": 1.258534356469978,
          "rate": 0.7945750506206818,
          "cv": 1.0,
          "lambda": 0.025
        },
        "MS2_4": {
          "meanserv": 2.285176577708005,
          "stddevserv": 2.285176577708005,
          "rate": 0.4376029448905799,
          "cv": 1.0,
          "lambda": 0.025
        },
        "MS2_5": {
          "meanserv": 1.9970069135113828,
          "stddevserv": 1.9970069135113828,
          "rate": 0.5007493931213675,
          "cv": 1.0,
          "lambda": 0.025
        }
      },
      "sensors": [
        "S2"
      ],
      "sources": [
        {
          "startTime": 0,
          "stopTime": -1,
          "lambda": 0.025
        }
      ]
    },
    "SC3": {
      "resptime": 14.058289719501765,
      "resptime_old": 4.058289719501765,
      "waittime": 2.591479682033505,
      "servicetime": 10.0,
      "networktime": 1.46681003746826,
      "services": {
        "MS3_1": {
          "meanserv": 3.9846295432271903,
          "stddevserv": 3.9846295432271903,
          "rate": 0.25096435920868326,
          "cv": 1.0,
          "lambda": 0.025
        },
        "MS3_2": {
          "meanserv": 0.991206457721967,
          "stddevserv": 0.991206457721967,
          "rate": 1.0088715546690874,
          "cv": 1.0,
          "lambda": 0.025
        },
        "MS3_3": {
          "meanserv": 0.40166401812472774,
          "stddevserv": 0.40166401812472774,
          "rate": 2.4896429724244618,
          "cv": 1.0,
          "lambda": 0.025
        },
        "MS3_4": {
          "meanserv": 4.440554905904749,
          "stddevserv": 4.440554905904749,
          "rate": 0.22519708036269695,
          "cv": 1.0,
          "lambda": 0.025
        },
        "MS3_5": {
          "meanserv": 0.1819450750213658,
          "stddevserv": 0.1819450750213658,
          "rate": 5.496164157686434,
          "cv": 1.0,
          "lambda": 0.025
        }
      },
      "sensors": [
        "S3"
      ],
      "sources": [
        {
          "startTime": 0,
          "stopTime": -1,
          "lambda": 0.025
        }
      ]
    },
    "SC4": {
      "resptime": 13.116506067746434,
      "resptime_old": 3.1165060677464327,
      "waittime": 2.0060676564736566,
      "servicetime": 10.0,
      "networktime": 1.1104384112727763,
      "services": {
        "MS4_1": {
          "meanserv": 2.70837603172968,
          "stddevserv": 2.70837603172968,
          "rate": 0.369224948192057,
          "cv": 1.0,
          "lambda": 0.025
        },
        "MS4_2": {
          "meanserv": 2.122842260721224,
          "stddevserv": 2.122842260721224,
          "rate": 0.4710665594438729,
          "cv": 1.0,
          "lambda": 0.025
        },
        "MS4_3": {
          "meanserv": 0.4648945479386253,
          "stddevserv": 0.4648945479386253,
          "rate": 2.151025441003921,
          "cv": 1.0,
          "lambda": 0.025
        },
        "MS4_4": {
          "meanserv": 0.0447254627513205,
          "stddevserv": 0.0447254627513205,
          "rate": 22.358628362553397,
          "cv": 1.0,
          "lambda": 0.025
        },
        "MS4_5": {
          "meanserv": 4.65916169685915,
          "stddevserv": 4.65916169685915,
          "rate": 0.21463088535307187,
          "cv": 1.0,
          "lambda": 0.025
        }
      },
      "sensors": [
        "S4"
      ],
      "sources": [
        {
          "startTime": 0,
          "stopTime": -1,
          "lambda": 0.025
        }
      ]
    }
  },
  "microservice": {
    "MS1_1": "F8",
    "MS1_2": "F6",
    "MS1_3": "F6",
    "MS1_4": "F6",
    "MS1_5": "F6",
    "MS2_1": "F7",
    "MS2_2": "F7",
    "MS2_3": "F5",
    "MS2_4": "F5",
    "MS2_5": "F5",
    "MS3_1": "F2",
    "MS3_2": "F2",
    "MS3_3": "F2",
    "MS3_4": "F10",
    "MS3_5": "F10",
    "MS4_1": "F1",
    "MS4_2": "F1",
    "MS4_3": "F1",
    "MS4_4": "F1",
    "MS4_5": "F3"
  },
  "sensor": {
    "S1": "F8",
    "S2": "F7",
    "S3": "F2",
    "S4": "F1"
  },
  "fog": {
    "F1": {
      "rho": 0.13352095757852125,
      "capacity": 1.0,
      "tserv": 1.3352095757852125,
      "stddev": 2.0608636634110624,
      "mu": 0.7489460966544658,
      "cv": 1.543475796448738,
      "lambda": 0.1,
      "twait": 0.34795669342360536
    },
    "F2": {
      "rho": 0.13443750047684713,
      "capacity": 1.0,
      "tserv": 1.7925000063579615,
      "stddev": 2.8520767185631386,
      "mu": 0.5578800538092162,
      "cv": 1.5911167132200166,
      "lambda": 0.07500000000000001,
      "twait": 0.4916195200064078
    },
    "F3": {
      "rho": 0.11647904242147876,
      "capacity": 1.0,
      "tserv": 4.65916169685915,
      "stddev": 4.65916169685915,
      "mu": 0.21463088535307187,
      "cv": 1.0,
      "lambda": 0.025,
      "twait": 0.6142408827792349
    },
    "F4": {
      "rho": 0,
      "capacity": 1.0,
      "tserv": 0,
      "stddev": 0,
      "mu": 0,
      "cv": 0,
      "lambda": 0.0,
      "twait": 0
    },
    "F5": {
      "rho": 0.13851794619223415,
      "capacity": 1.0,
      "tserv": 1.8469059492297883,
      "stddev": 1.945487934063886,
      "mu": 0.5414460873966149,
      "cv": 1.0533768299762145,
      "lambda": 0.07500000000000001,
      "twait": 0.31323860092683475
    },
    "F6": {
      "rho": 0.1302513017342217,
      "capacity": 1.0,
      "tserv": 1.3025130173422168,
      "stddev": 1.6766007065274238,
      "mu": 0.7677466456653954,
      "cv": 1.2872045685566618,
      "lambda": 0.1,
      "twait": 0.25912830329392283
    },
    "F7": {
      "rho": 0.11148205380776584,
      "capacity": 1.0,
      "tserv": 2.2296410761553167,
      "stddev": 2.6754826313698166,
      "mu": 0.4485026808549611,
      "cv": 1.1999611327502484,
      "lambda": 0.05,
      "twait": 0.3412847959690038
    },
    "F8": {
      "rho": 0.1197486982657783,
      "capacity": 1.0,
      "tserv": 4.789947930631132,
      "stddev": 4.789947930631132,
      "mu": 0.20877053664928635,
      "cv": 1.0,
      "lambda": 0.025,
      "twait": 0.6516207682100348
    },
    "F9": {
      "rho": 0,
      "capacity": 1.0,
      "tserv": 0,
      "stddev": 0,
      "mu": 0,
      "cv": 0,
      "lambda": 0.0,
      "twait": 0
    },
    "F10": {
      "rho": 0.11556249952315288,
      "capacity": 1.0,
      "tserv": 2.3112499904630575,
      "stddev": 3.7960183566816137,
      "mu": 0.4326663078967285,
      "cv": 1.6424092470936404,
      "lambda": 0.05,
      "twait": 0.5583105610071406
    }
  },
  "extra": {
    "conv_gen": 25,
    "max_gen": 600,
    "population": 600,
    "deltatime": 38.4894909,
    "obj_func": 13.433481756158166
  },
  "network": [
    [
      0.0,
      1.585169807223794,
      1.1104384112727763,
      2.153555403718425,
      1.7752041111682049,
      2.3991413844258775,
      2.2665988215709754,
      1.9315199167916275,
      2.263699158270969,
      2.263699158270969
    ],
    [
      1.585169807223794,
      0.0,
      2.2657226682939555,
      2.070872215692533,
      2.528789962189447,
      2.1344072532517693,
      2.445807116112871,
      2.263699158270969,
      1.46681003746826,
      1.46681003746826
    ],
    [
      1.1104384112727763,
      2.2657226682939555,
      0.0,
      1.9677052456035258,
      1.935438665065604,
      2.371936050062814,
      1.9315199167916275,
      1.46681003746826,
      2.450770192149042,
      2.450770192149042
    ],
    [
      2.153555403718425,
      2.070872215692533,
      1.9677052456035258,
      0.0,
      1.6390179413149666,
      2.2665988215709754,
      2.263699158270969,
      2.450770192149042,
      2.0572430892526974,
      2.0572430892526974
    ],
    [
      1.7752041111682049,
      2.528789962189447,
      1.935438665065604,
      1.6390179413149666,
      0.0,
      2.445807116112871,
      1.46681003746826,
      2.0572430892526974,
      1.7819018238119644,
      1.7819018238119644
    ],
    [
      2.3991413844258775,
      2.1344072532517693,
      2.371936050062814,
      2.2665988215709754,
      2.445807116112871,
      0.0,
      2.450770192149042,
      1.7819018238119644,
      1.9932583221902789,
      1.9932583221902789
    ],
    [
      2.2665988215709754,
      2.445807116112871,
      1.9315199167916275,
      2.263699158270969,
      1.46681003746826,
      2.450770192149042,
      0.0,
      1.9932583221902789,
      2.1740218734405516,
      2.1740218734405516
    ],
    [
      1.9315199167916275,
      2.263699158270969,
      1.46681003746826,
      2.450770192149042,
      2.0572430892526974,
      1.7819018238119644,
      1.9932583221902789,
      0.0,
      2.1496229979006394,
      2.1496229979006394
    ],
    [
      2.263699158270969,
      1.46681003746826,
      2.450770192149042,
      2.0572430892526974,
      1.7819018238119644,
      1.9932583221902789,
      2.1740218734405516,
      2.1496229979006394,
      0.0,
      2.1276804107376273
    ],
    [
      2.263699158270969,
      1.46681003746826,
      2.450770192149042,
      2.0572430892526974,
      1.7819018238119644,
      1.9932583221902789,
      2.1740218734405516,
      2.1496229979006394,
      2.1276804107376273,
      0.0
    ]
  ]
}