{
  "servicechain": {
    "SC1": {
      "resptime": 32.412603208168335,
      "resptime_old": 22.412603208168335,
      "waittime": 18.524105002958805,
      "servicetime": 10.0,
      "networktime": 3.8884982052095314,
      "services": {
        "MS1_1": {
          "meanserv": 1.051205997441601,
          "stddevserv": 1.051205997441601,
          "rate": 0.9512883321002497,
          "cv": 1.0,
          "lambda": 0.15
        },
        "MS1_2": {
          "meanserv": 2.3532255033423075,
          "stddevserv": 2.3532255033423075,
          "rate": 0.4249486496639149,
          "cv": 1.0,
          "lambda": 0.15
        },
        "MS1_3": {
          "meanserv": 1.2080896828773384,
          "stddevserv": 1.2080896828773384,
          "rate": 0.8277531164890625,
          "cv": 1.0,
          "lambda": 0.15
        },
        "MS1_4": {
          "meanserv": 2.1542759343387416,
          "stddevserv": 2.1542759343387416,
          "rate": 0.4641930887590552,
          "cv": 1.0,
          "lambda": 0.15
        },
        "MS1_5": {
          "meanserv": 2.4841027661535033,
          "stddevserv": 2.4841027661535033,
          "rate": 0.40255983513453636,
          "cv": 1.0,
          "lambda": 0.15
        },
        "MS1_6": {
          "meanserv": 0.7491001158465078,
          "stddevserv": 0.7491001158465078,
          "rate": 1.3349350491956167,
          "cv": 1.0,
          "lambda": 0.15
        }
      },
      "sensors": [
        "S1"
      ],
      "sources": [
        {
          "startTime": 0,
          "stopTime": -1,
          "lambda": 0.15
        }
      ]
    },
    "SC2": {
      "resptime": 32.32137148227348,
      "resptime_old": 22.32137148227348,
      "waittime": 18.050716259395507,
      "servicetime": 10.0,
      "networktime": 4.270655222877973,
      "services": {
        "MS2_1": {
          "meanserv": 2.7111858010852927,
          "stddevserv": 2.7111858010852927,
          "rate": 0.3688422975657729,
          "cv": 1.0,
          "lambda": 0.15
        },
        "MS2_2": {
          "meanserv": 1.528862874054453,
          "stddevserv": 1.528862874054453,
          "rate": 0.6540808969662922,
          "cv": 1.0,
          "lambda": 0.15
        },
        "MS2_3": {
          "meanserv": 0.917029253049007,
          "stddevserv": 0.917029253049007,
          "rate": 1.0904777537631714,
          "cv": 1.0,
          "lambda": 0.15
        },
        "MS2_4": {
          "meanserv": 1.5822669798620188,
          "stddevserv": 1.5822669798620188,
          "rate": 0.6320045938689846,
          "cv": 1.0,
          "lambda": 0.15
        },
        "MS2_5": {
          "meanserv": 2.265957682446558,
          "stddevserv": 2.265957682446558,
          "rate": 0.441314508098094,
          "cv": 1.0,
          "lambda": 0.15
        },
        "MS2_6": {
          "meanserv": 0.9946974095026704,
          "stddevserv": 0.9946974095026704,
          "rate": 1.0053308578535263,
          "cv": 1.0,
          "lambda": 0.15
        }
      },
      "sensors": [
        "S2"
      ],
      "sources": [
        {
          "startTime": 0,
          "stopTime": -1,
          "lambda": 0.15
        }
      ]
    },
    "SC3": {
      "resptime": 33.88650368685154,
      "resptime_old": 23.88650368685154,
      "waittime": 19.95341779079827,
      "servicetime": 10.0,
      "networktime": 3.9330858960532704,
      "services": {
        "MS3_1": {
          "meanserv": 1.4619348919452824,
          "stddevserv": 1.4619348919452824,
          "rate": 0.6840249901070343,
          "cv": 1.0,
          "lambda": 0.15
        },
        "MS3_2": {
          "meanserv": 1.6919407507538233,
          "stddevserv": 1.6919407507538233,
          "rate": 0.591037244982995,
          "cv": 1.0,
          "lambda": 0.15
        },
        "MS3_3": {
          "meanserv": 1.8999129535902233,
          "stddevserv": 1.8999129535902233,
          "rate": 0.5263399031573116,
          "cv": 1.0,
          "lambda": 0.15
        },
        "MS3_4": {
          "meanserv": 2.741340350212149,
          "stddevserv": 2.741340350212149,
          "rate": 0.3647850584925039,
          "cv": 1.0,
          "lambda": 0.15
        },
        "MS3_5": {
          "meanserv": 1.5363732986441185,
          "stddevserv": 1.5363732986441185,
          "rate": 0.6508834805203403,
          "cv": 1.0,
          "lambda": 0.15
        },
        "MS3_6": {
          "meanserv": 0.6684977548544033,
          "stddevserv": 0.6684977548544033,
          "rate": 1.4958913365652167,
          "cv": 1.0,
          "lambda": 0.15
        }
      },
      "sensors": [
        "S3"
      ],
      "sources": [
        {
          "startTime": 0,
          "stopTime": -1,
          "lambda": 0.15
        }
      ]
    },
    "SC4": {
      "resptime": 27.322320073514316,
      "resptime_old": 17.322320073514316,
      "waittime": 12.706868880768672,
      "servicetime": 10.0,
      "networktime": 4.615451192745643,
      "services": {
        "MS4_1": {
          "meanserv": 2.514881170543477,
          "stddevserv": 2.514881170543477,
          "rate": 0.3976331016005403,
          "cv": 1.0,
          "lambda": 0.15
        },
        "MS4_2": {
          "meanserv": 0.22029104019617662,
          "stddevserv": 0.22029104019617662,
          "rate": 4.539449262709305,
          "cv": 1.0,
          "lambda": 0.15
        },
        "MS4_3": {
          "meanserv": 0.9677816191440414,
          "stddevserv": 0.9677816191440414,
          "rate": 1.033290961740371,
          "cv": 1.0,
          "lambda": 0.15
        },
        "MS4_4": {
          "meanserv": 1.5963129497343882,
          "stddevserv": 1.5963129497343882,
          "rate": 0.626443580606416,
          "cv": 1.0,
          "lambda": 0.15
        },
        "MS4_5": {
          "meanserv": 1.90610193830614,
          "stddevserv": 1.90610193830614,
          "rate": 0.5246309129136353,
          "cv": 1.0,
          "lambda": 0.15
        },
        "MS4_6": {
          "meanserv": 2.794631282075777,
          "stddevserv": 2.794631282075777,
          "rate": 0.357828958121884,
          "cv": 1.0,
          "lambda": 0.15
        }
      },
      "sensors": [
        "S4"
      ],
      "sources": [
        {
          "startTime": 0,
          "stopTime": -1,
          "lambda": 0.15
        }
      ]
    }
  },
  "microservice": {
    "MS1_1": "F9",
    "MS1_2": "F5",
    "MS1_3": "F5",
    "MS1_4": "F6",
    "MS1_5": "F6",
    "MS1_6": "F4",
    "MS2_1": "F8",
    "MS2_2": "F8",
    "MS2_3": "F1",
    "MS2_4": "F3",
    "MS2_5": "F3",
    "MS2_6": "F4",
    "MS3_1": "F10",
    "MS3_2": "F7",
    "MS3_3": "F2",
    "MS3_4": "F7",
    "MS3_5": "F2",
    "MS3_6": "F2",
    "MS4_1": "F10",
    "MS4_2": "F9",
    "MS4_3": "F9",
    "MS4_4": "F9",
    "MS4_5": "F4",
    "MS4_6": "F1"
  },
  "sensor": {
    "S1": "F9",
    "S2": "F8",
    "S3": "F10",
    "S4": "F10"
  },
  "fog": {
    "F1": {
      "rho": 0.5567490802687176,
      "capacity": 1.0,
      "tserv": 1.855830267562392,
      "stddev": 2.2818415088921973,
      "mu": 0.538842380943321,
      "cv": 1.229552911586772,
      "lambda": 0.3,
      "twait": 2.9275427084106234
    },
    "F2": {
      "rho": 0.6157176010633117,
      "capacity": 1.0,
      "tserv": 1.3682613356962485,
      "stddev": 1.5510840871489402,
      "mu": 0.7308545333491746,
      "cv": 1.133616836698569,
      "lambda": 0.44999999999999996,
      "twait": 2.504799104775991
    },
    "F3": {
      "rho": 0.5772336993462865,
      "capacity": 1.0,
      "tserv": 1.9241123311542885,
      "stddev": 1.9839165182285925,
      "mu": 0.5197201763163656,
      "cv": 1.0310814426507142,
      "lambda": 0.3,
      "twait": 2.7100550596356383
    },
    "F4": {
      "rho": 0.5474849195482977,
      "capacity": 1.0,
      "tserv": 1.2166331545517728,
      "stddev": 1.405585090538243,
      "mu": 0.8219404479145697,
      "cv": 1.1553072388990444,
      "lambda": 0.44999999999999996,
      "twait": 1.7183289827841237
    },
    "F5": {
      "rho": 0.5341972779329469,
      "capacity": 1.0,
      "tserv": 1.7806575931098232,
      "stddev": 1.9561210309067425,
      "mu": 0.56159028207863,
      "cv": 1.0985385615268581,
      "lambda": 0.3,
      "twait": 2.253255708899037
    },
    "F6": {
      "rho": 0.6957568050738367,
      "capacity": 1.0,
      "tserv": 2.3191893502461225,
      "stddev": 2.330886550604193,
      "mu": 0.4311851466090406,
      "cv": 1.0050436590513099,
      "lambda": 0.3,
      "twait": 5.330441995608035
    },
    "F7": {
      "rho": 0.6649921651448958,
      "capacity": 1.0,
      "tserv": 2.2166405504829862,
      "stddev": 2.337544671170407,
      "mu": 0.4511331346808164,
      "cv": 1.054543854961544,
      "lambda": 0.3,
      "twait": 4.646582560188997
    },
    "F8": {
      "rho": 0.6360073012709618,
      "capacity": 1.0,
      "tserv": 2.120024337569873,
      "stddev": 2.278913544604087,
      "mu": 0.4716926981820752,
      "cv": 1.0749468787779788,
      "lambda": 0.3,
      "twait": 3.992367224464742
    },
    "F9": {
      "rho": 0.5753387409774312,
      "capacity": 1.0,
      "tserv": 0.9588979016290519,
      "stddev": 1.1830908916464264,
      "mu": 1.0428638943740731,
      "cv": 1.233802774660887,
      "lambda": 0.6,
      "twait": 1.6383806111605403
    },
    "F10": {
      "rho": 0.5965224093733138,
      "capacity": 1.0,
      "tserv": 1.9884080312443797,
      "stddev": 2.123232071989316,
      "mu": 0.5029148868274199,
      "cv": 1.067805017192855,
      "lambda": 0.3,
      "twait": 3.145855356092304
    }
  },
  "extra": {
    "deltatime": 1.0800778,
    "conv": 11,
    "obj_func": 31.485699612701918
  },
  "network": [
    [
      0.0,
      1.7767877755505812,
      1.4019717607546132,
      1.5771853976399097,
      2.059143019560108,
      1.660994423523574,
      1.4064467619412586,
      1.249795060457565,
      1.880183950464498,
      1.880183950464498
    ],
    [
      1.7767877755505812,
      0.0,
      1.7889000386081697,
      1.665969879745139,
      2.259734434955411,
      1.6313402702176856,
      0.8968016635282465,
      1.880183950464498,
      2.1709349992337574,
      2.1709349992337574
    ],
    [
      1.4019717607546132,
      1.7889000386081697,
      0.0,
      1.6188884016657943,
      0.9700464380405593,
      2.1723801321574547,
      1.249795060457565,
      2.1709349992337574,
      1.8505080156228424,
      1.8505080156228424
    ],
    [
      1.5771853976399097,
      1.665969879745139,
      1.6188884016657943,
      0.0,
      1.5562973644263427,
      1.4064467619412586,
      1.880183950464498,
      1.8505080156228424,
      1.7621092625089256,
      1.7621092625089256
    ],
    [
      2.059143019560108,
      2.259734434955411,
      0.9700464380405593,
      1.5562973644263427,
      0.0,
      0.8968016635282465,
      2.1709349992337574,
      1.7621092625089256,
      1.585249779740026,
      1.585249779740026
    ],
    [
      1.660994423523574,
      1.6313402702176856,
      2.1723801321574547,
      1.4064467619412586,
      0.8968016635282465,
      0.0,
      1.8505080156228424,
      1.585249779740026,
      1.8227935590027424,
      1.8227935590027424
    ],
    [
      1.4064467619412586,
      0.8968016635282465,
      1.249795060457565,
      1.880183950464498,
      2.1709349992337574,
      1.8505080156228424,
      0.0,
      1.8227935590027424,
      1.2426809054685308,
      1.2426809054685308
    ],
    [
      1.249795060457565,
      1.880183950464498,
      2.1709349992337574,
      1.8505080156228424,
      1.7621092625089256,
      1.585249779740026,
      1.8227935590027424,
      0.0,
      1.6147338399440476,
      1.6147338399440476
    ],
    [
      1.880183950464498,
      2.1709349992337574,
      1.8505080156228424,
      1.7621092625089256,
      1.585249779740026,
      1.8227935590027424,
      1.2426809054685308,
      1.6147338399440476,
      0.0,
      1.2761565325968078
    ],
    [
      1.880183950464498,
      2.1709349992337574,
      1.8505080156228424,
      1.7621092625089256,
      1.585249779740026,
      1.8227935590027424,
      1.2426809054685308,
      1.6147338399440476,
      1.2761565325968078,
      0.0
    ]
  ]
}