{
  "servicechain": {
    "SC1": {
      "resptime": 41.59389779527182,
      "resptime_old": 31.59389779527183,
      "waittime": 28.771162711785426,
      "servicetime": 10.0,
      "networktime": 2.8227350834864016,
      "services": {
        "MS1_1": {
          "meanserv": 4.067373524773291,
          "stddevserv": 4.067373524773291,
          "rate": 0.24585890474756392,
          "cv": 1.0,
          "lambda": 0.15
        },
        "MS1_2": {
          "meanserv": 0.3958745790740412,
          "stddevserv": 0.3958745790740412,
          "rate": 2.5260525753864282,
          "cv": 1.0,
          "lambda": 0.15
        },
        "MS1_3": {
          "meanserv": 0.26925982968123297,
          "stddevserv": 0.26925982968123297,
          "rate": 3.7138848419530834,
          "cv": 1.0,
          "lambda": 0.15
        },
        "MS1_4": {
          "meanserv": 0.14253787357901082,
          "stddevserv": 0.14253787357901082,
          "rate": 7.015679235916799,
          "cv": 1.0,
          "lambda": 0.15
        },
        "MS1_5": {
          "meanserv": 0.25509084747451016,
          "stddevserv": 0.25509084747451016,
          "rate": 3.920172008915077,
          "cv": 1.0,
          "lambda": 0.15
        },
        "MS1_6": {
          "meanserv": 0.02864521352119187,
          "stddevserv": 0.02864521352119187,
          "rate": 34.909846256171036,
          "cv": 1.0,
          "lambda": 0.15
        },
        "MS1_7": {
          "meanserv": 1.3729403857402653,
          "stddevserv": 1.3729403857402653,
          "rate": 0.7283637442574155,
          "cv": 1.0,
          "lambda": 0.15
        },
        "MS1_8": {
          "meanserv": 1.159337104695143,
          "stddevserv": 1.159337104695143,
          "rate": 0.8625618864005548,
          "cv": 1.0,
          "lambda": 0.15
        },
        "MS1_9": {
          "meanserv": 1.3500945115977165,
          "stddevserv": 1.3500945115977165,
          "rate": 0.7406888861555249,
          "cv": 1.0,
          "lambda": 0.15
        },
        "MS1_10": {
          "meanserv": 0.0005138615692690252,
          "stddevserv": 0.0005138615692690252,
          "rate": 1946.0494028041699,
          "cv": 1.0,
          "lambda": 0.15
        },
        "MS1_11": {
          "meanserv": 0.8478168046849461,
          "stddevserv": 0.8478168046849461,
          "rate": 1.1795000930320154,
          "cv": 1.0,
          "lambda": 0.15
        },
        "MS1_12": {
          "meanserv": 0.11051546360938147,
          "stddevserv": 0.11051546360938147,
          "rate": 9.048507487916032,
          "cv": 1.0,
          "lambda": 0.15
        }
      },
      "sensors": [
        "S1"
      ],
      "sources": [
        {
          "startTime": 0,
          "stopTime": -1,
          "lambda": 0.15
        }
      ]
    },
    "SC2": {
      "resptime": 40.776906164789764,
      "resptime_old": 30.77690616478976,
      "waittime": 25.032502843985522,
      "servicetime": 10.0,
      "networktime": 5.74440332080424,
      "services": {
        "MS2_1": {
          "meanserv": 0.14723501993293975,
          "stddevserv": 0.14723501993293975,
          "rate": 6.791862428214864,
          "cv": 1.0,
          "lambda": 0.15
        },
        "MS2_2": {
          "meanserv": 1.0154777956539651,
          "stddevserv": 1.0154777956539651,
          "rate": 0.9847581151255036,
          "cv": 1.0,
          "lambda": 0.15
        },
        "MS2_3": {
          "meanserv": 0.37585233100895343,
          "stddevserv": 0.37585233100895343,
          "rate": 2.6606193909069527,
          "cv": 1.0,
          "lambda": 0.15
        },
        "MS2_4": {
          "meanserv": 1.5445084041001866,
          "stddevserv": 1.5445084041001866,
          "rate": 0.6474552015031533,
          "cv": 1.0,
          "lambda": 0.15
        },
        "MS2_5": {
          "meanserv": 0.11601647554140193,
          "stddevserv": 0.11601647554140193,
          "rate": 8.619465427935168,
          "cv": 1.0,
          "lambda": 0.15
        },
        "MS2_6": {
          "meanserv": 2.8900890682580984,
          "stddevserv": 2.8900890682580984,
          "rate": 0.3460100973990797,
          "cv": 1.0,
          "lambda": 0.15
        },
        "MS2_7": {
          "meanserv": 0.9723395217516142,
          "stddevserv": 0.9723395217516142,
          "rate": 1.0284473454278162,
          "cv": 1.0,
          "lambda": 0.15
        },
        "MS2_8": {
          "meanserv": 0.06852402655245182,
          "stddevserv": 0.06852402655245182,
          "rate": 14.593421465601535,
          "cv": 1.0,
          "lambda": 0.15
        },
        "MS2_9": {
          "meanserv": 1.060003559295148,
          "stddevserv": 1.060003559295148,
          "rate": 0.9433930586657204,
          "cv": 1.0,
          "lambda": 0.15
        },
        "MS2_10": {
          "meanserv": 0.32765667666396503,
          "stddevserv": 0.32765667666396503,
          "rate": 3.0519750434555326,
          "cv": 1.0,
          "lambda": 0.15
        },
        "MS2_11": {
          "meanserv": 0.7229942597589645,
          "stddevserv": 0.7229942597589645,
          "rate": 1.3831368458352424,
          "cv": 1.0,
          "lambda": 0.15
        },
        "MS2_12": {
          "meanserv": 0.7593028614823112,
          "stddevserv": 0.7593028614823112,
          "rate": 1.316997539095006,
          "cv": 1.0,
          "lambda": 0.15
        }
      },
      "sensors": [
        "S2"
      ],
      "sources": [
        {
          "startTime": 0,
          "stopTime": -1,
          "lambda": 0.15
        }
      ]
    },
    "SC3": {
      "resptime": 38.40344266831295,
      "resptime_old": 28.403442668312955,
      "waittime": 25.1345801046146,
      "servicetime": 10.0,
      "networktime": 3.268862563698348,
      "services": {
        "MS3_1": {
          "meanserv": 0.3034479478780938,
          "stddevserv": 0.3034479478780938,
          "rate": 3.295458107371142,
          "cv": 1.0,
          "lambda": 0.15
        },
        "MS3_2": {
          "meanserv": 0.748990462394703,
          "stddevserv": 0.748990462394703,
          "rate": 1.3351304859113413,
          "cv": 1.0,
          "lambda": 0.15
        },
        "MS3_3": {
          "meanserv": 0.3271788150895216,
          "stddevserv": 0.3271788150895216,
          "rate": 3.056432610792307,
          "cv": 1.0,
          "lambda": 0.15
        },
        "MS3_4": {
          "meanserv": 0.3666176126086562,
          "stddevserv": 0.3666176126086562,
          "rate": 2.7276376409865613,
          "cv": 1.0,
          "lambda": 0.15
        },
        "MS3_5": {
          "meanserv": 1.2450487288617285,
          "stddevserv": 1.2450487288617285,
          "rate": 0.8031814151677731,
          "cv": 1.0,
          "lambda": 0.15
        },
        "MS3_6": {
          "meanserv": 0.5722804905092524,
          "stddevserv": 0.5722804905092524,
          "rate": 1.7473948816779248,
          "cv": 1.0,
          "lambda": 0.15
        },
        "MS3_7": {
          "meanserv": 1.001506963410689,
          "stddevserv": 1.001506963410689,
          "rate": 0.99849530411096,
          "cv": 1.0,
          "lambda": 0.15
        },
        "MS3_8": {
          "meanserv": 0.03522519167711469,
          "stddevserv": 0.03522519167711469,
          "rate": 28.388773840219752,
          "cv": 1.0,
          "lambda": 0.15
        },
        "MS3_9": {
          "meanserv": 1.3511769468446158,
          "stddevserv": 1.3511769468446158,
          "rate": 0.7400955162351502,
          "cv": 1.0,
          "lambda": 0.15
        },
        "MS3_10": {
          "meanserv": 1.8873277273497893,
          "stddevserv": 1.8873277273497893,
          "rate": 0.5298496840314074,
          "cv": 1.0,
          "lambda": 0.15
        },
        "MS3_11": {
          "meanserv": 1.2700426521559924,
          "stddevserv": 1.2700426521559924,
          "rate": 0.787375131301634,
          "cv": 1.0,
          "lambda": 0.15
        },
        "MS3_12": {
          "meanserv": 0.8911564612198433,
          "stddevserv": 0.8911564612198433,
          "rate": 1.1221374062991905,
          "cv": 1.0,
          "lambda": 0.15
        }
      },
      "sensors": [
        "S3"
      ],
      "sources": [
        {
          "startTime": 0,
          "stopTime": -1,
          "lambda": 0.15
        }
      ]
    },
    "SC4": {
      "resptime": 39.96963163302512,
      "resptime_old": 29.969631633025113,
      "waittime": 25.96088251060408,
      "servicetime": 10.0,
      "networktime": 4.008749122421036,
      "services": {
        "MS4_1": {
          "meanserv": 0.7101671045091718,
          "stddevserv": 0.7101671045091718,
          "rate": 1.4081192914323237,
          "cv": 1.0,
          "lambda": 0.15
        },
        "MS4_2": {
          "meanserv": 1.206554586073264,
          "stddevserv": 1.206554586073264,
          "rate": 0.8288062649983399,
          "cv": 1.0,
          "lambda": 0.15
        },
        "MS4_3": {
          "meanserv": 2.8289484512129794,
          "stddevserv": 2.8289484512129794,
          "rate": 0.353488236793861,
          "cv": 1.0,
          "lambda": 0.15
        },
        "MS4_4": {
          "meanserv": 0.9517491128810729,
          "stddevserv": 0.9517491128810729,
          "rate": 1.0506970655038124,
          "cv": 1.0,
          "lambda": 0.15
        },
        "MS4_5": {
          "meanserv": 2.8743107822361917,
          "stddevserv": 2.8743107822361917,
          "rate": 0.3479094905742961,
          "cv": 1.0,
          "lambda": 0.15
        },
        "MS4_6": {
          "meanserv": 0.14716466560591357,
          "stddevserv": 0.14716466560591357,
          "rate": 6.795109382287868,
          "cv": 1.0,
          "lambda": 0.15
        },
        "MS4_7": {
          "meanserv": 0.3835523118251096,
          "stddevserv": 0.3835523118251096,
          "rate": 2.6072062901708577,
          "cv": 1.0,
          "lambda": 0.15
        },
        "MS4_8": {
          "meanserv": 0.3094750622815621,
          "stddevserv": 0.3094750622815621,
          "rate": 3.2312781282848393,
          "cv": 1.0,
          "lambda": 0.15
        },
        "MS4_9": {
          "meanserv": 0.06958490077244583,
          "stddevserv": 0.06958490077244583,
          "rate": 14.37093376435451,
          "cv": 1.0,
          "lambda": 0.15
        },
        "MS4_10": {
          "meanserv": 0.08950434860458678,
          "stddevserv": 0.08950434860458678,
          "rate": 11.172641503909604,
          "cv": 1.0,
          "lambda": 0.15
        },
        "MS4_11": {
          "meanserv": 0.3343196725059965,
          "stddevserv": 0.3343196725059965,
          "rate": 2.991149137303799,
          "cv": 1.0,
          "lambda": 0.15
        },
        "MS4_12": {
          "meanserv": 0.09466900149170598,
          "stddevserv": 0.09466900149170598,
          "rate": 10.563119756656677,
          "cv": 1.0,
          "lambda": 0.15
        }
      },
      "sensors": [
        "S4"
      ],
      "sources": [
        {
          "startTime": 0,
          "stopTime": -1,
          "lambda": 0.15
        }
      ]
    }
  },
  "microservice": {
    "MS1_1": "F1",
    "MS1_2": "F7",
    "MS1_3": "F7",
    "MS1_4": "F3",
    "MS1_5": "F3",
    "MS1_6": "F7",
    "MS1_7": "F7",
    "MS1_8": "F8",
    "MS1_9": "F8",
    "MS1_10": "F8",
    "MS1_11": "F8",
    "MS1_12": "F8",
    "MS2_1": "F7",
    "MS2_2": "F7",
    "MS2_3": "F7",
    "MS2_4": "F6",
    "MS2_5": "F2",
    "MS2_6": "F2",
    "MS2_7": "F7",
    "MS2_8": "F8",
    "MS2_9": "F9",
    "MS2_10": "F4",
    "MS2_11": "F6",
    "MS2_12": "F6",
    "MS3_1": "F5",
    "MS3_2": "F5",
    "MS3_3": "F5",
    "MS3_4": "F10",
    "MS3_5": "F10",
    "MS3_6": "F10",
    "MS3_7": "F5",
    "MS3_8": "F5",
    "MS3_9": "F9",
    "MS3_10": "F5",
    "MS3_11": "F10",
    "MS3_12": "F10",
    "MS4_1": "F8",
    "MS4_2": "F6",
    "MS4_3": "F4",
    "MS4_4": "F9",
    "MS4_5": "F3",
    "MS4_6": "F3",
    "MS4_7": "F9",
    "MS4_8": "F9",
    "MS4_9": "F9",
    "MS4_10": "F9",
    "MS4_11": "F9",
    "MS4_12": "F9"
  },
  "sensor": {
    "S1": "F1",
    "S2": "F7",
    "S3": "F5",
    "S4": "F8"
  },
  "fog": {
    "F1": {
      "rho": 0.6101060287159937,
      "capacity": 1.0,
      "tserv": 4.067373524773291,
      "stddev": 4.067373524773291,
      "mu": 0.24585890474756392,
      "cv": 1.0,
      "lambda": 0.15,
      "twait": 6.364625491211847
    },
    "F2": {
      "rho": 0.45091583156992504,
      "capacity": 1.0,
      "tserv": 1.5030527718997502,
      "stddev": 2.471215694743478,
      "mu": 0.6653126348558422,
      "cv": 1.644131025166894,
      "lambda": 0.3,
      "twait": 2.285462355156417
    },
    "F3": {
      "rho": 0.5128656253343439,
      "capacity": 1.0,
      "tserv": 0.8547760422239065,
      "stddev": 1.8584165481441302,
      "mu": 1.1698970848530783,
      "cv": 2.1741561021165383,
      "lambda": 0.6,
      "twait": 2.5769198601399257
    },
    "F4": {
      "rho": 0.47349076918154165,
      "capacity": 1.0,
      "tserv": 1.5783025639384722,
      "stddev": 2.370499789927861,
      "mu": 0.633592077240637,
      "cv": 1.5019298859988872,
      "lambda": 0.3,
      "twait": 2.3105886172523467
    },
    "F5": {
      "rho": 0.6455515661699867,
      "capacity": 1.0,
      "tserv": 0.7172795179666518,
      "stddev": 1.1229286989092009,
      "mu": 1.3941566362229412,
      "cv": 1.5655384975894555,
      "lambda": 0.9,
      "twait": 2.25408372593046
    },
    "F6": {
      "rho": 0.635004016712209,
      "capacity": 1.0,
      "tserv": 1.0583400278536816,
      "stddev": 1.1619755775177691,
      "mu": 0.9448759129218655,
      "cv": 1.097922734600014,
      "lambda": 0.6,
      "twait": 2.0303819524698707
    },
    "F7": {
      "rho": 0.6866437014546306,
      "capacity": 1.0,
      "tserv": 0.5722030845455255,
      "stddev": 0.8580385093752457,
      "mu": 1.7476312641590421,
      "cv": 1.4995349248366008,
      "lambda": 1.2,
      "twait": 2.0366205341431303
    },
    "F8": {
      "rho": 0.6370453315827118,
      "capacity": 1.0,
      "tserv": 0.6067098396025826,
      "stddev": 0.9439308288853624,
      "mu": 1.6482343531053278,
      "cv": 1.5558192191240412,
      "lambda": 1.05,
      "twait": 1.8212430727442421
    },
    "F9": {
      "rho": 0.6966052374753365,
      "capacity": 1.0,
      "tserv": 0.5160038796113604,
      "stddev": 0.8210312193919302,
      "mu": 1.9379699252516702,
      "cv": 1.5911338108742668,
      "lambda": 1.3499999999999999,
      "twait": 2.092118449693967
    },
    "F10": {
      "rho": 0.651771891803321,
      "capacity": 1.0,
      "tserv": 0.8690291890710946,
      "stddev": 1.0062203772450602,
      "mu": 1.1507093347104946,
      "cv": 1.1578671808718062,
      "lambda": 0.75,
      "twait": 1.9035918598675752
    }
  },
  "extra": {
    "deltatime": 0.062303,
    "obj_func": 40.18596956534991
  },
  "network": [
    [
      0.0,
      0.8097204957616412,
      0.6857169583027579,
      0.9798925514735299,
      0.861212796206359,
      0.6433153152689689,
      0.5676339536791932,
      0.7225917439058422,
      1.0881955301598678,
      1.0881955301598678
    ],
    [
      0.8097204957616412,
      0.0,
      0.9659174034941467,
      1.0152581746811962,
      0.8563545581164926,
      0.9432840072379934,
      0.9645736740240335,
      1.0881955301598678,
      0.9872961032812796,
      0.9872961032812796
    ],
    [
      0.6857169583027579,
      0.9659174034941467,
      0.0,
      1.122339151706772,
      0.8902904945957971,
      0.9487349625319429,
      0.7225917439058422,
      0.9872961032812796,
      0.9164277089178524,
      0.9164277089178524
    ],
    [
      0.9798925514735299,
      1.0152581746811962,
      1.122339151706772,
      0.0,
      0.6717766128808513,
      0.5676339536791932,
      1.0881955301598678,
      0.9164277089178524,
      0.9544872381664681,
      0.9544872381664681
    ],
    [
      0.861212796206359,
      0.8563545581164926,
      0.8902904945957971,
      0.6717766128808513,
      0.0,
      0.9645736740240335,
      0.9872961032812796,
      0.9544872381664681,
      0.6537725127396696,
      0.6537725127396696
    ],
    [
      0.6433153152689689,
      0.9432840072379934,
      0.9487349625319429,
      0.5676339536791932,
      0.9645736740240335,
      0.0,
      0.9164277089178524,
      0.6537725127396696,
      0.8099176419955239,
      0.8099176419955239
    ],
    [
      0.5676339536791932,
      0.9645736740240335,
      0.7225917439058422,
      1.0881955301598678,
      0.9872961032812796,
      0.9164277089178524,
      0.0,
      0.8099176419955239,
      0.9802409736862785,
      0.9802409736862785
    ],
    [
      0.7225917439058422,
      1.0881955301598678,
      0.9872961032812796,
      0.9164277089178524,
      0.9544872381664681,
      0.6537725127396696,
      0.8099176419955239,
      0.0,
      0.588079096783176,
      0.588079096783176
    ],
    [
      1.0881955301598678,
      0.9872961032812796,
      0.9164277089178524,
      0.9544872381664681,
      0.6537725127396696,
      0.8099176419955239,
      0.9802409736862785,
      0.588079096783176,
      0.0,
      0.6679620974638948
    ],
    [
      1.0881955301598678,
      0.9872961032812796,
      0.9164277089178524,
      0.9544872381664681,
      0.6537725127396696,
      0.8099176419955239,
      0.9802409736862785,
      0.588079096783176,
      0.6679620974638948,
      0.0
    ]
  ]
}