{
  "servicechain": {
    "SC1": {
      "resptime": 20.72942209280029,
      "resptime_old": 10.729422092800288,
      "waittime": 4.817633632752126,
      "servicetime": 10.0,
      "networktime": 5.911788460048163,
      "services": {
        "MS1_1": {
          "meanserv": 1.1176137028879363,
          "stddevserv": 1.1176137028879363,
          "rate": 0.8947635461304563,
          "cv": 1.0,
          "lambda": 0.075
        },
        "MS1_2": {
          "meanserv": 4.281242147856915,
          "stddevserv": 4.281242147856915,
          "rate": 0.23357707073415027,
          "cv": 1.0,
          "lambda": 0.075
        },
        "MS1_3": {
          "meanserv": 1.5149976725695247,
          "stddevserv": 1.5149976725695247,
          "rate": 0.6600670206337291,
          "cv": 1.0,
          "lambda": 0.075
        },
        "MS1_4": {
          "meanserv": 0.07877746742512493,
          "stddevserv": 0.07877746742512493,
          "rate": 12.693985129065783,
          "cv": 1.0,
          "lambda": 0.075
        },
        "MS1_5": {
          "meanserv": 3.0073690092604988,
          "stddevserv": 3.0073690092604988,
          "rate": 0.3325165607947448,
          "cv": 1.0,
          "lambda": 0.075
        }
      },
      "sensors": [
        "S1"
      ],
      "sources": [
        {
          "startTime": 0,
          "stopTime": -1,
          "lambda": 0.075
        }
      ]
    },
    "SC2": {
      "resptime": 17.630333447781098,
      "resptime_old": 7.630333447781098,
      "waittime": 3.95739105415124,
      "servicetime": 10.0,
      "networktime": 3.6729423936298575,
      "services": {
        "MS2_1": {
          "meanserv": 1.4032611609414114,
          "stddevserv": 1.4032611609414114,
          "rate": 0.7126257234463227,
          "cv": 1.0,
          "lambda": 0.075
        },
        "MS2_2": {
          "meanserv": 2.0042301666466735,
          "stddevserv": 2.0042301666466735,
          "rate": 0.4989446904060547,
          "cv": 1.0,
          "lambda": 0.075
        },
        "MS2_3": {
          "meanserv": 0.2550670776688899,
          "stddevserv": 0.2550670776688899,
          "rate": 3.9205373313530076,
          "cv": 1.0,
          "lambda": 0.075
        },
        "MS2_4": {
          "meanserv": 2.556549254011822,
          "stddevserv": 2.556549254011822,
          "rate": 0.3911522527605391,
          "cv": 1.0,
          "lambda": 0.075
        },
        "MS2_5": {
          "meanserv": 3.780892340731203,
          "stddevserv": 3.780892340731203,
          "rate": 0.26448782717960323,
          "cv": 1.0,
          "lambda": 0.075
        }
      },
      "sensors": [
        "S2"
      ],
      "sources": [
        {
          "startTime": 0,
          "stopTime": -1,
          "lambda": 0.075
        }
      ]
    },
    "SC3": {
      "resptime": 23.311156345698496,
      "resptime_old": 13.311156345698496,
      "waittime": 7.64101902786218,
      "servicetime": 10.0,
      "networktime": 5.670137317836317,
      "services": {
        "MS3_1": {
          "meanserv": 0.8107187431581064,
          "stddevserv": 0.8107187431581064,
          "rate": 1.2334733943667808,
          "cv": 1.0,
          "lambda": 0.075
        },
        "MS3_2": {
          "meanserv": 6.447571117584878,
          "stddevserv": 6.447571117584878,
          "rate": 0.15509716477149593,
          "cv": 1.0,
          "lambda": 0.075
        },
        "MS3_3": {
          "meanserv": 2.1805489754891045,
          "stddevserv": 2.1805489754891045,
          "rate": 0.4586001099909699,
          "cv": 1.0,
          "lambda": 0.075
        },
        "MS3_4": {
          "meanserv": 0.14877878691195612,
          "stddevserv": 0.14877878691195612,
          "rate": 6.721388315874474,
          "cv": 1.0,
          "lambda": 0.075
        },
        "MS3_5": {
          "meanserv": 0.41238237685595536,
          "stddevserv": 0.41238237685595536,
          "rate": 2.424933886903947,
          "cv": 1.0,
          "lambda": 0.075
        }
      },
      "sensors": [
        "S3"
      ],
      "sources": [
        {
          "startTime": 0,
          "stopTime": -1,
          "lambda": 0.075
        }
      ]
    },
    "SC4": {
      "resptime": 20.133036122068376,
      "resptime_old": 10.133036122068376,
      "waittime": 6.03469817482897,
      "servicetime": 10.0,
      "networktime": 4.098337947239406,
      "services": {
        "MS4_1": {
          "meanserv": 2.31854835809623,
          "stddevserv": 2.31854835809623,
          "rate": 0.4313043532208681,
          "cv": 1.0,
          "lambda": 0.075
        },
        "MS4_2": {
          "meanserv": 1.3426210555578244,
          "stddevserv": 1.3426210555578244,
          "rate": 0.7448117961955586,
          "cv": 1.0,
          "lambda": 0.075
        },
        "MS4_3": {
          "meanserv": 5.568407894111555,
          "stddevserv": 5.568407894111555,
          "rate": 0.17958454535226734,
          "cv": 1.0,
          "lambda": 0.075
        },
        "MS4_4": {
          "meanserv": 0.15179011298607037,
          "stddevserv": 0.15179011298607037,
          "rate": 6.588044374746391,
          "cv": 1.0,
          "lambda": 0.075
        },
        "MS4_5": {
          "meanserv": 0.6186325792483203,
          "stddevserv": 0.6186325792483203,
          "rate": 1.6164683748390143,
          "cv": 1.0,
          "lambda": 0.075
        }
      },
      "sensors": [
        "S4"
      ],
      "sources": [
        {
          "startTime": 0,
          "stopTime": -1,
          "lambda": 0.075
        }
      ]
    }
  },
  "microservice": {
    "MS1_1": "F5",
    "MS1_2": "F3",
    "MS1_3": "F10",
    "MS1_4": "F10",
    "MS1_5": "F5",
    "MS2_1": "F9",
    "MS2_2": "F9",
    "MS2_3": "F6",
    "MS2_4": "F6",
    "MS2_5": "F4",
    "MS3_1": "F8",
    "MS3_2": "F1",
    "MS3_3": "F8",
    "MS3_4": "F10",
    "MS3_5": "F10",
    "MS4_1": "F7",
    "MS4_2": "F7",
    "MS4_3": "F2",
    "MS4_4": "F10",
    "MS4_5": "F10"
  },
  "sensor": {
    "S1": "F5",
    "S2": "F9",
    "S3": "F8",
    "S4": "F7"
  },
  "fog": {
    "F1": {
      "rho": 0.4835678338188658,
      "capacity": 1.0,
      "tserv": 6.447571117584878,
      "stddev": 6.447571117584878,
      "mu": 0.15509716477149593,
      "cv": 1.0,
      "lambda": 0.075,
      "twait": 6.037265303939352
    },
    "F2": {
      "rho": 0.4176305920583666,
      "capacity": 1.0,
      "tserv": 5.568407894111555,
      "stddev": 5.568407894111555,
      "mu": 0.17958454535226734,
      "cv": 1.0,
      "lambda": 0.075,
      "twait": 3.9932342838196657
    },
    "F3": {
      "rho": 0.3210931610892686,
      "capacity": 1.0,
      "tserv": 4.281242147856915,
      "stddev": 4.281242147856915,
      "mu": 0.23357707073415027,
      "cv": 1.0,
      "lambda": 0.075,
      "twait": 2.0248397804470217
    },
    "F4": {
      "rho": 0.28356692555484025,
      "capacity": 1.0,
      "tserv": 3.780892340731203,
      "stddev": 3.7808923407312034,
      "mu": 0.26448782717960323,
      "cv": 1.0000000000000002,
      "lambda": 0.075,
      "twait": 1.4964915149196663
    },
    "F5": {
      "rho": 0.30937370341113263,
      "capacity": 1.0,
      "tserv": 2.0624913560742177,
      "stddev": 2.4575309057797208,
      "mu": 0.4848505168542464,
      "cv": 1.1915351298525818,
      "lambda": 0.15,
      "twait": 1.1178254575865452
    },
    "F6": {
      "rho": 0.2108712248760534,
      "capacity": 1.0,
      "tserv": 1.405808165840356,
      "stddev": 2.150513125548302,
      "mu": 0.7113346075936511,
      "cv": 1.5297344102868975,
      "lambda": 0.15,
      "twait": 0.6273694019010536
    },
    "F7": {
      "rho": 0.274587706024054,
      "capacity": 1.0,
      "tserv": 1.830584706827027,
      "stddev": 1.9563377568275213,
      "mu": 0.5462735465179928,
      "cv": 1.0686955646092247,
      "lambda": 0.15,
      "twait": 0.7421604769386453
    },
    "F8": {
      "rho": 0.22434507889854083,
      "capacity": 1.0,
      "tserv": 1.4956338593236056,
      "stddev": 1.7818917121585196,
      "mu": 0.6686128384738802,
      "cv": 1.1913956755193902,
      "lambda": 0.15,
      "twait": 0.5233053933954079
    },
    "F9": {
      "rho": 0.2555618495691063,
      "capacity": 1.0,
      "tserv": 1.7037456637940422,
      "stddev": 1.7559416732358135,
      "mu": 0.5869420660904967,
      "cv": 1.0306360336234324,
      "lambda": 0.15,
      "twait": 0.6030803677147333
    },
    "F10": {
      "rho": 0.21940192469977132,
      "capacity": 1.0,
      "tserv": 0.48755983266615854,
      "stddev": 0.8536628773820787,
      "mu": 2.0510303207949434,
      "cv": 1.7508884452476992,
      "lambda": 0.45,
      "twait": 0.2785714685660068
    }
  },
  "extra": {
    "deltatime": 0.0160294,
    "obj_func": 20.450987002087064
  },
  "network": [
    [
      0.0,
      1.912602285838871,
      1.6443790452780023,
      2.3501209095522997,
      2.316583048717997,
      1.6184436179541755,
      1.6508326910285882,
      1.598143578421796,
      2.012507541409816,
      2.012507541409816
    ],
    [
      1.912602285838871,
      0.0,
      1.7832566578257438,
      1.4518112846876101,
      2.0979979400618087,
      1.9120620833556923,
      1.354862139017841,
      2.012507541409816,
      2.743475808221565,
      2.743475808221565
    ],
    [
      1.6443790452780023,
      1.7832566578257438,
      0.0,
      1.6549893073954505,
      1.1371477606772482,
      1.535004436589458,
      1.598143578421796,
      2.743475808221565,
      2.2394756162626326,
      2.2394756162626326
    ],
    [
      2.3501209095522997,
      1.4518112846876101,
      1.6549893073954505,
      0.0,
      2.2954412142558804,
      1.6508326910285882,
      2.012507541409816,
      2.2394756162626326,
      2.701415666068515,
      2.701415666068515
    ],
    [
      2.316583048717997,
      2.0979979400618087,
      1.1371477606772482,
      2.2954412142558804,
      0.0,
      1.354862139017841,
      2.743475808221565,
      2.701415666068515,
      2.535165083108282,
      2.535165083108282
    ],
    [
      1.6184436179541755,
      1.9120620833556923,
      1.535004436589458,
      1.6508326910285882,
      1.354862139017841,
      0.0,
      2.2394756162626326,
      2.535165083108282,
      2.022109702601269,
      2.022109702601269
    ],
    [
      1.6508326910285882,
      1.354862139017841,
      1.598143578421796,
      2.012507541409816,
      2.743475808221565,
      2.2394756162626326,
      0.0,
      2.022109702601269,
      2.678593726727996,
      2.678593726727996
    ],
    [
      1.598143578421796,
      2.012507541409816,
      2.743475808221565,
      2.2394756162626326,
      2.701415666068515,
      2.535165083108282,
      2.022109702601269,
      0.0,
      2.4738501609927246,
      2.4738501609927246
    ],
    [
      2.012507541409816,
      2.743475808221565,
      2.2394756162626326,
      2.701415666068515,
      2.535165083108282,
      2.022109702601269,
      2.678593726727996,
      2.4738501609927246,
      0.0,
      1.7536685680590658
    ],
    [
      2.012507541409816,
      2.743475808221565,
      2.2394756162626326,
      2.701415666068515,
      2.535165083108282,
      2.022109702601269,
      2.678593726727996,
      2.4738501609927246,
      1.7536685680590658,
      0.0
    ]
  ]
}