{
  "servicechain": {
    "SC1": {
      "resptime": 19214.35814139141,
      "resptime_old": 19204.35814139141,
      "waittime": 19200.427193154253,
      "servicetime": 10.0,
      "networktime": 3.930948237156234,
      "services": {
        "MS1_1": {
          "meanserv": 6.368550889707122,
          "stddevserv": 6.368550889707122,
          "rate": 0.15702159208874408,
          "cv": 1.0,
          "lambda": 0.15
        },
        "MS1_2": {
          "meanserv": 2.0693765638871744,
          "stddevserv": 2.0693765638871744,
          "rate": 0.48323732734344504,
          "cv": 1.0,
          "lambda": 0.15
        },
        "MS1_3": {
          "meanserv": 1.5620725464057035,
          "stddevserv": 1.5620725464057035,
          "rate": 0.6401751329033848,
          "cv": 1.0,
          "lambda": 0.15
        }
      },
      "sensors": [
        "S1"
      ],
      "sources": [
        {
          "startTime": 0,
          "stopTime": -1,
          "lambda": 0.15
        }
      ]
    },
    "SC2": {
      "resptime": 19215.51115223573,
      "resptime_old": 19205.51115223573,
      "waittime": 19203.412384968327,
      "servicetime": 10.0,
      "networktime": 2.098767267400389,
      "services": {
        "MS2_1": {
          "meanserv": 0.08153526078030993,
          "stddevserv": 0.08153526078030993,
          "rate": 12.264632386402958,
          "cv": 1.0,
          "lambda": 0.15
        },
        "MS2_2": {
          "meanserv": 2.8598937320096063,
          "stddevserv": 2.8598937320096063,
          "rate": 0.3496633419652675,
          "cv": 1.0,
          "lambda": 0.15
        },
        "MS2_3": {
          "meanserv": 7.058571007210084,
          "stddevserv": 7.058571007210084,
          "rate": 0.14167173482827258,
          "cv": 1.0,
          "lambda": 0.15
        }
      },
      "sensors": [
        "S2"
      ],
      "sources": [
        {
          "startTime": 0,
          "stopTime": -1,
          "lambda": 0.15
        }
      ]
    },
    "SC3": {
      "resptime": 43.40547067567287,
      "resptime_old": 33.40547067567288,
      "waittime": 29.136341654559505,
      "servicetime": 10.0,
      "networktime": 4.269129021113375,
      "services": {
        "MS3_1": {
          "meanserv": 3.1398274839379905,
          "stddevserv": 3.1398274839379905,
          "rate": 0.31848883580883686,
          "cv": 1.0,
          "lambda": 0.15
        },
        "MS3_2": {
          "meanserv": 5.481176752499076,
          "stddevserv": 5.481176752499076,
          "rate": 0.1824425748620608,
          "cv": 1.0,
          "lambda": 0.15
        },
        "MS3_3": {
          "meanserv": 1.3789957635629335,
          "stddevserv": 1.3789957635629335,
          "rate": 0.7251653894978501,
          "cv": 1.0,
          "lambda": 0.15
        }
      },
      "sensors": [
        "S3"
      ],
      "sources": [
        {
          "startTime": 0,
          "stopTime": -1,
          "lambda": 0.15
        }
      ]
    },
    "SC4": {
      "resptime": 19215.374865172464,
      "resptime_old": 19205.374865172464,
      "waittime": 19201.39023773096,
      "servicetime": 10.0,
      "networktime": 3.984627441504343,
      "services": {
        "MS4_1": {
          "meanserv": 6.178099819104169,
          "stddevserv": 6.178099819104169,
          "rate": 0.16186206589083585,
          "cv": 1.0,
          "lambda": 0.15
        },
        "MS4_2": {
          "meanserv": 1.4053544448087738,
          "stddevserv": 1.4053544448087738,
          "rate": 0.7115642631607215,
          "cv": 1.0,
          "lambda": 0.15
        },
        "MS4_3": {
          "meanserv": 2.4165457360870573,
          "stddevserv": 2.4165457360870573,
          "rate": 0.41381381079061624,
          "cv": 1.0,
          "lambda": 0.15
        }
      },
      "sensors": [
        "S4"
      ],
      "sources": [
        {
          "startTime": 0,
          "stopTime": -1,
          "lambda": 0.15
        }
      ]
    }
  },
  "microservice": {
    "MS1_1": "F1",
    "MS1_2": "F10",
    "MS1_3": "F4",
    "MS2_1": "F9",
    "MS2_2": "F9",
    "MS2_3": "F1",
    "MS3_1": "F8",
    "MS3_2": "F2",
    "MS3_3": "F7",
    "MS4_1": "F1",
    "MS4_2": "F7",
    "MS4_3": "F3"
  },
  "sensor": {
    "S1": "F1",
    "S2": "F9",
    "S3": "F8",
    "S4": "F1"
  },
  "fog": {
    "F1": {
      "rho": 2.940783257403206,
      "capacity": 1.0,
      "tserv": 6.535073905340459,
      "stddev": 6.556929975277476,
      "mu": 0.1530204576849239,
      "cv": 1.003344425824956,
      "lambda": 0.44999999999999996,
      "twait": 19199.01769079107
    },
    "F2": {
      "rho": 0.8221765128748614,
      "capacity": 1.0,
      "tserv": 5.481176752499076,
      "stddev": 5.481176752499076,
      "mu": 0.1824425748620608,
      "cv": 1.0,
      "lambda": 0.15,
      "twait": 25.342517243794234
    },
    "F3": {
      "rho": 0.3624818604130586,
      "capacity": 1.0,
      "tserv": 2.4165457360870573,
      "stddev": 2.4165457360870573,
      "mu": 0.41381381079061624,
      "cv": 1.0,
      "lambda": 0.15,
      "twait": 1.3740063847557744
    },
    "F4": {
      "rho": 0.23431088196085553,
      "capacity": 1.0,
      "tserv": 1.5620725464057035,
      "stddev": 1.5620725464057035,
      "mu": 0.6401751329033848,
      "cv": 1.0,
      "lambda": 0.15,
      "twait": 0.4780146242282735
    },
    "F5": {
      "rho": 0,
      "capacity": 1.0,
      "tserv": 0,
      "stddev": 0,
      "mu": 0,
      "cv": 0,
      "lambda": 0.0,
      "twait": 0
    },
    "F6": {
      "rho": 0,
      "capacity": 1.0,
      "tserv": 0,
      "stddev": 0,
      "mu": 0,
      "cv": 0,
      "lambda": 0.0,
      "twait": 0
    },
    "F7": {
      "rho": 0.4176525312557561,
      "capacity": 1.0,
      "tserv": 1.3921751041858537,
      "stddev": 1.3922998638057116,
      "mu": 0.7183004472593278,
      "cv": 1.0000896148907439,
      "lambda": 0.3,
      "twait": 0.9985405551331197
    },
    "F8": {
      "rho": 0.47097412259069854,
      "capacity": 1.0,
      "tserv": 3.1398274839379905,
      "stddev": 3.1398274839379905,
      "mu": 0.31848883580883686,
      "cv": 1.0,
      "lambda": 0.15,
      "twait": 2.7952838556321544
    },
    "F9": {
      "rho": 0.44121434891848743,
      "capacity": 1.0,
      "tserv": 1.470714496394958,
      "stddev": 2.4541065639519553,
      "mu": 0.6799416218791737,
      "cv": 1.6686491973578186,
      "lambda": 0.3,
      "twait": 2.1973470886274433
    },
    "F10": {
      "rho": 0.3104064845830761,
      "capacity": 1.0,
      "tserv": 2.0693765638871744,
      "stddev": 2.0693765638871744,
      "mu": 0.48323732734344504,
      "cv": 1.0,
      "lambda": 0.15,
      "twait": 0.9314877389565703
    }
  },
  "extra": {
    "deltatime": 0.0068369,
    "obj_func": 14422.162407368818
  },
  "network": [
    [
      0.0,
      3.63256685352196,
      2.3914394005631117,
      3.522425164722367,
      2.9858432199090337,
      5.136284539169182,
      2.3680507530200416,
      1.6165766884843014,
      2.098767267400389,
      2.098767267400389
    ],
    [
      3.63256685352196,
      0.0,
      3.3934313722812885,
      3.8569949404915733,
      4.138685287842035,
      3.7765937269700496,
      2.1703617537129865,
      2.098767267400389,
      3.173737927347449,
      3.173737927347449
    ],
    [
      2.3914394005631117,
      3.3934313722812885,
      0.0,
      4.257667164322503,
      1.4695431834269232,
      2.332162323503281,
      1.6165766884843014,
      3.173737927347449,
      3.7300094721010657,
      3.7300094721010657
    ],
    [
      3.522425164722367,
      3.8569949404915733,
      4.257667164322503,
      0.0,
      3.69984313237794,
      2.3680507530200416,
      2.098767267400389,
      3.7300094721010657,
      1.832180969755845,
      1.832180969755845
    ],
    [
      2.9858432199090337,
      4.138685287842035,
      1.4695431834269232,
      3.69984313237794,
      0.0,
      2.1703617537129865,
      3.173737927347449,
      1.832180969755845,
      3.289976094092575,
      3.289976094092575
    ],
    [
      5.136284539169182,
      3.7765937269700496,
      2.332162323503281,
      2.3680507530200416,
      2.1703617537129865,
      0.0,
      3.7300094721010657,
      3.289976094092575,
      4.058149604915034,
      4.058149604915034
    ],
    [
      2.3680507530200416,
      2.1703617537129865,
      1.6165766884843014,
      2.098767267400389,
      3.173737927347449,
      3.7300094721010657,
      0.0,
      4.058149604915034,
      3.513945168386119,
      3.513945168386119
    ],
    [
      1.6165766884843014,
      2.098767267400389,
      3.173737927347449,
      3.7300094721010657,
      1.832180969755845,
      3.289976094092575,
      4.058149604915034,
      0.0,
      2.3685192647008035,
      2.3685192647008035
    ],
    [
      2.098767267400389,
      3.173737927347449,
      3.7300094721010657,
      1.832180969755845,
      3.289976094092575,
      4.058149604915034,
      3.513945168386119,
      2.3685192647008035,
      0.0,
      3.7122637936482143
    ],
    [
      2.098767267400389,
      3.173737927347449,
      3.7300094721010657,
      1.832180969755845,
      3.289976094092575,
      4.058149604915034,
      3.513945168386119,
      2.3685192647008035,
      3.7122637936482143,
      0.0
    ]
  ]
}