{
  "servicechain": {
    "SC1": {
      "resptime": 33.568755976567076,
      "resptime_old": 23.56875597656707,
      "waittime": 19.178359027065557,
      "servicetime": 10.0,
      "networktime": 4.390396949501515,
      "services": {
        "MS1_1": {
          "meanserv": 0.026517750467124346,
          "stddevserv": 0.026517750467124346,
          "rate": 37.71058941216602,
          "cv": 1.0,
          "lambda": 0.225
        },
        "MS1_2": {
          "meanserv": 0.9091892398437551,
          "stddevserv": 0.9091892398437551,
          "rate": 1.0998810326570196,
          "cv": 1.0,
          "lambda": 0.225
        },
        "MS1_3": {
          "meanserv": 3.2063610042438357,
          "stddevserv": 3.2063610042438357,
          "rate": 0.31188004054329266,
          "cv": 1.0,
          "lambda": 0.225
        },
        "MS1_4": {
          "meanserv": 0.985670535548758,
          "stddevserv": 0.985670535548758,
          "rate": 1.014537783097335,
          "cv": 1.0,
          "lambda": 0.225
        },
        "MS1_5": {
          "meanserv": 0.27892115667507156,
          "stddevserv": 0.27892115667507156,
          "rate": 3.585242553561282,
          "cv": 1.0,
          "lambda": 0.225
        },
        "MS1_6": {
          "meanserv": 0.017614816450935322,
          "stddevserv": 0.017614816450935322,
          "rate": 56.77039001714385,
          "cv": 1.0,
          "lambda": 0.225
        },
        "MS1_7": {
          "meanserv": 1.542541503808538,
          "stddevserv": 1.542541503808538,
          "rate": 0.6482807739895479,
          "cv": 1.0,
          "lambda": 0.225
        },
        "MS1_8": {
          "meanserv": 0.9939963032815715,
          "stddevserv": 0.9939963032815715,
          "rate": 1.006039958799251,
          "cv": 1.0,
          "lambda": 0.225
        },
        "MS1_9": {
          "meanserv": 0.5446657437798557,
          "stddevserv": 0.5446657437798557,
          "rate": 1.835988423028459,
          "cv": 1.0,
          "lambda": 0.225
        },
        "MS1_10": {
          "meanserv": 1.494521945900555,
          "stddevserv": 1.494521945900555,
          "rate": 0.669110281547207,
          "cv": 1.0,
          "lambda": 0.225
        }
      },
      "sensors": [
        "S1"
      ],
      "sources": [
        {
          "startTime": 0,
          "stopTime": -1,
          "lambda": 0.225
        }
      ]
    },
    "SC2": {
      "resptime": 34.19453942873879,
      "resptime_old": 24.194539428738793,
      "waittime": 19.2449844623321,
      "servicetime": 10.0,
      "networktime": 4.949554966406697,
      "services": {
        "MS2_1": {
          "meanserv": 2.909326745050959,
          "stddevserv": 2.909326745050959,
          "rate": 0.34372213492385995,
          "cv": 1.0,
          "lambda": 0.225
        },
        "MS2_2": {
          "meanserv": 0.6564169115790826,
          "stddevserv": 0.6564169115790826,
          "rate": 1.5234220544293882,
          "cv": 1.0,
          "lambda": 0.225
        },
        "MS2_3": {
          "meanserv": 0.11126384864686445,
          "stddevserv": 0.11126384864686445,
          "rate": 8.98764524292034,
          "cv": 1.0,
          "lambda": 0.225
        },
        "MS2_4": {
          "meanserv": 0.26350006493454403,
          "stddevserv": 0.26350006493454403,
          "rate": 3.7950654784408107,
          "cv": 1.0,
          "lambda": 0.225
        },
        "MS2_5": {
          "meanserv": 0.7906061771851967,
          "stddevserv": 0.7906061771851967,
          "rate": 1.2648522473734145,
          "cv": 1.0,
          "lambda": 0.225
        },
        "MS2_6": {
          "meanserv": 0.8456416934646285,
          "stddevserv": 0.8456416934646285,
          "rate": 1.182533935741696,
          "cv": 1.0,
          "lambda": 0.225
        },
        "MS2_7": {
          "meanserv": 0.42575757666684666,
          "stddevserv": 0.42575757666684666,
          "rate": 2.3487544433824494,
          "cv": 1.0,
          "lambda": 0.225
        },
        "MS2_8": {
          "meanserv": 2.761573338985622,
          "stddevserv": 2.761573338985622,
          "rate": 0.36211241826636364,
          "cv": 1.0,
          "lambda": 0.225
        },
        "MS2_9": {
          "meanserv": 0.006212139417815621,
          "stddevserv": 0.006212139417815621,
          "rate": 160.97513799064586,
          "cv": 1.0,
          "lambda": 0.225
        },
        "MS2_10": {
          "meanserv": 1.2297015040684407,
          "stddevserv": 1.2297015040684407,
          "rate": 0.8132054784771116,
          "cv": 1.0,
          "lambda": 0.225
        }
      },
      "sensors": [
        "S2"
      ],
      "sources": [
        {
          "startTime": 0,
          "stopTime": -1,
          "lambda": 0.225
        }
      ]
    },
    "SC3": {
      "resptime": 38.894707350710235,
      "resptime_old": 28.894707350710235,
      "waittime": 23.993136720824484,
      "servicetime": 10.0,
      "networktime": 4.901570629885753,
      "services": {
        "MS3_1": {
          "meanserv": 0.13712561741222595,
          "stddevserv": 0.13712561741222595,
          "rate": 7.292583390846715,
          "cv": 1.0,
          "lambda": 0.225
        },
        "MS3_2": {
          "meanserv": 0.7012873423940658,
          "stddevserv": 0.7012873423940658,
          "rate": 1.4259490219603626,
          "cv": 1.0,
          "lambda": 0.225
        },
        "MS3_3": {
          "meanserv": 0.3683819674164135,
          "stddevserv": 0.3683819674164135,
          "rate": 2.7145736991778833,
          "cv": 1.0,
          "lambda": 0.225
        },
        "MS3_4": {
          "meanserv": 1.4960785948555366,
          "stddevserv": 1.4960785948555366,
          "rate": 0.6684140816121772,
          "cv": 1.0,
          "lambda": 0.225
        },
        "MS3_5": {
          "meanserv": 3.2404997141769827,
          "stddevserv": 3.2404997141769827,
          "rate": 0.3085943799424091,
          "cv": 1.0,
          "lambda": 0.225
        },
        "MS3_6": {
          "meanserv": 0.5030350585732695,
          "stddevserv": 0.5030350585732695,
          "rate": 1.9879330137272038,
          "cv": 1.0,
          "lambda": 0.225
        },
        "MS3_7": {
          "meanserv": 0.08258278784923867,
          "stddevserv": 0.08258278784923867,
          "rate": 12.109060810898974,
          "cv": 1.0,
          "lambda": 0.225
        },
        "MS3_8": {
          "meanserv": 0.4495191095174782,
          "stddevserv": 0.4495191095174782,
          "rate": 2.224599530537017,
          "cv": 1.0,
          "lambda": 0.225
        },
        "MS3_9": {
          "meanserv": 2.999900201968691,
          "stddevserv": 2.999900201968691,
          "rate": 0.3333444223723669,
          "cv": 1.0,
          "lambda": 0.225
        },
        "MS3_10": {
          "meanserv": 0.021589605836098258,
          "stddevserv": 0.021589605836098258,
          "rate": 46.31858532257128,
          "cv": 1.0,
          "lambda": 0.225
        }
      },
      "sensors": [
        "S3"
      ],
      "sources": [
        {
          "startTime": 0,
          "stopTime": -1,
          "lambda": 0.225
        }
      ]
    },
    "SC4": {
      "resptime": 35.075872531492664,
      "resptime_old": 25.075872531492667,
      "waittime": 20.265089954760683,
      "servicetime": 10.0,
      "networktime": 4.810782576731983,
      "services": {
        "MS4_1": {
          "meanserv": 0.08213659980708221,
          "stddevserv": 0.08213659980708221,
          "rate": 12.174840477311495,
          "cv": 1.0,
          "lambda": 0.225
        },
        "MS4_2": {
          "meanserv": 0.5047633282851349,
          "stddevserv": 0.5047633282851349,
          "rate": 1.9811264883234776,
          "cv": 1.0,
          "lambda": 0.225
        },
        "MS4_3": {
          "meanserv": 3.1041602839048297,
          "stddevserv": 3.1041602839048297,
          "rate": 0.32214831340541017,
          "cv": 1.0,
          "lambda": 0.225
        },
        "MS4_4": {
          "meanserv": 0.10925907275662272,
          "stddevserv": 0.10925907275662272,
          "rate": 9.152557996053332,
          "cv": 1.0,
          "lambda": 0.225
        },
        "MS4_5": {
          "meanserv": 1.971249231300174,
          "stddevserv": 1.971249231300174,
          "rate": 0.5072925250250733,
          "cv": 1.0,
          "lambda": 0.225
        },
        "MS4_6": {
          "meanserv": 2.356426630057335,
          "stddevserv": 2.356426630057335,
          "rate": 0.42437137114499024,
          "cv": 1.0,
          "lambda": 0.225
        },
        "MS4_7": {
          "meanserv": 0.19342378181665154,
          "stddevserv": 0.19342378181665154,
          "rate": 5.169995078205588,
          "cv": 1.0,
          "lambda": 0.225
        },
        "MS4_8": {
          "meanserv": 0.6093197877250596,
          "stddevserv": 0.6093197877250596,
          "rate": 1.6411743392309215,
          "cv": 1.0,
          "lambda": 0.225
        },
        "MS4_9": {
          "meanserv": 0.8170881286348255,
          "stddevserv": 0.8170881286348255,
          "rate": 1.2238581922255805,
          "cv": 1.0,
          "lambda": 0.225
        },
        "MS4_10": {
          "meanserv": 0.2521731557122848,
          "stddevserv": 0.2521731557122848,
          "rate": 3.965529150695734,
          "cv": 1.0,
          "lambda": 0.225
        }
      },
      "sensors": [
        "S4"
      ],
      "sources": [
        {
          "startTime": 0,
          "stopTime": -1,
          "lambda": 0.225
        }
      ]
    }
  },
  "microservice": {
    "MS1_1": "F12",
    "MS1_2": "F12",
    "MS1_3": "F2",
    "MS1_4": "F15",
    "MS1_5": "F15",
    "MS1_6": "F8",
    "MS1_7": "F8",
    "MS1_8": "F14",
    "MS1_9": "F9",
    "MS1_10": "F9",
    "MS2_1": "F5",
    "MS2_2": "F13",
    "MS2_3": "F13",
    "MS2_4": "F14",
    "MS2_5": "F14",
    "MS2_6": "F12",
    "MS2_7": "F12",
    "MS2_8": "F6",
    "MS2_9": "F10",
    "MS2_10": "F10",
    "MS3_1": "F10",
    "MS3_2": "F10",
    "MS3_3": "F10",
    "MS3_4": "F13",
    "MS3_5": "F1",
    "MS3_6": "F14",
    "MS3_7": "F14",
    "MS3_8": "F8",
    "MS3_9": "F4",
    "MS3_10": "F12",
    "MS4_1": "F12",
    "MS4_2": "F12",
    "MS4_3": "F3",
    "MS4_4": "F9",
    "MS4_5": "F11",
    "MS4_6": "F7",
    "MS4_7": "F15",
    "MS4_8": "F15",
    "MS4_9": "F15",
    "MS4_10": "F8"
  },
  "sensor": {
    "S1": "F12",
    "S2": "F5",
    "S3": "F10",
    "S4": "F12"
  },
  "fog": {
    "F1": {
      "rho": 0.7291124356898211,
      "capacity": 1.0,
      "tserv": 3.2404997141769827,
      "stddev": 3.2404997141769827,
      "mu": 0.3085943799424091,
      "cv": 1.0,
      "lambda": 0.225,
      "twait": 8.72202696152696
    },
    "F2": {
      "rho": 0.721431225954863,
      "capacity": 1.0,
      "tserv": 3.2063610042438357,
      "stddev": 3.2063610042438357,
      "mu": 0.31188004054329266,
      "cv": 1.0,
      "lambda": 0.225,
      "twait": 8.303762537902719
    },
    "F3": {
      "rho": 0.6984360638785866,
      "capacity": 1.0,
      "tserv": 3.1041602839048297,
      "stddev": 3.1041602839048297,
      "mu": 0.32214831340541017,
      "cv": 1.0,
      "lambda": 0.225,
      "twait": 7.189379201715412
    },
    "F4": {
      "rho": 0.6749775454429555,
      "capacity": 1.0,
      "tserv": 2.9999002019686913,
      "stddev": 2.9999002019686904,
      "mu": 0.33334442237236683,
      "cv": 0.9999999999999997,
      "lambda": 0.225,
      "twait": 6.229924260642953
    },
    "F5": {
      "rho": 0.6545985176364658,
      "capacity": 1.0,
      "tserv": 2.909326745050959,
      "stddev": 2.909326745050959,
      "mu": 0.34372213492385995,
      "cv": 1.0,
      "lambda": 0.225,
      "twait": 5.513702377878223
    },
    "F6": {
      "rho": 0.621354001271765,
      "capacity": 1.0,
      "tserv": 2.761573338985622,
      "stddev": 2.761573338985622,
      "mu": 0.36211241826636364,
      "cv": 1.0,
      "lambda": 0.225,
      "twait": 4.531712073407397
    },
    "F7": {
      "rho": 0.5301959917629004,
      "capacity": 1.0,
      "tserv": 2.356426630057335,
      "stddev": 2.356426630057335,
      "mu": 0.42437137114499024,
      "cv": 1.0,
      "lambda": 0.225,
      "twait": 2.65933864384833
    },
    "F8": {
      "rho": 0.5089159317350782,
      "capacity": 1.0,
      "tserv": 0.5654621463723091,
      "stddev": 1.0014760169504378,
      "mu": 1.7684649740313199,
      "cv": 1.7710752583092457,
      "lambda": 0.9,
      "twait": 1.2120444983709073
    },
    "F9": {
      "rho": 0.4834005215483325,
      "capacity": 1.0,
      "tserv": 0.7161489208123444,
      "stddev": 1.0871645839933817,
      "mu": 1.3963576163260523,
      "cv": 1.5180705470591027,
      "lambda": 0.675,
      "twait": 1.1072285412686567
    },
    "F10": {
      "rho": 0.5496094284095163,
      "capacity": 1.0,
      "tserv": 0.48854171414179226,
      "stddev": 0.790401039754689,
      "mu": 2.0469081166521725,
      "cv": 1.6178783036841893,
      "lambda": 1.125,
      "twait": 1.0783225966903813
    },
    "F11": {
      "rho": 0.4435310770425392,
      "capacity": 1.0,
      "tserv": 1.971249231300174,
      "stddev": 1.971249231300174,
      "mu": 0.5072925250250733,
      "cv": 1.0,
      "lambda": 0.225,
      "twait": 1.5711754216770164
    },
    "F12": {
      "rho": 0.6335090537334008,
      "capacity": 1.0,
      "tserv": 0.4022279706243814,
      "stddev": 0.6368338000738694,
      "mu": 2.4861523141906137,
      "cv": 1.5832658258084529,
      "lambda": 1.5750000000000002,
      "twait": 1.2190857648757174
    },
    "F13": {
      "rho": 0.5093458548933338,
      "capacity": 1.0,
      "tserv": 0.7545864516938279,
      "stddev": 1.1037550749412446,
      "mu": 1.3252292003855752,
      "cv": 1.4627284553859061,
      "lambda": 0.675,
      "twait": 1.2296658425774796
    },
    "F14": {
      "rho": 0.5925870881603594,
      "capacity": 1.0,
      "tserv": 0.526744078364764,
      "stddev": 0.7067488774191957,
      "mu": 1.8984551342360074,
      "cv": 1.3417310349520066,
      "lambda": 1.125,
      "twait": 1.0727108013796594
    },
    "F15": {
      "rho": 0.6489952628400824,
      "capacity": 1.0,
      "tserv": 0.5768846780800733,
      "stddev": 0.7193524754451296,
      "mu": 1.7334487082029888,
      "cv": 1.246960619302982,
      "lambda": 1.125,
      "twait": 1.3625840393763067
    }
  },
  "extra": {
    "deltatime": 0.0813745,
    "obj_func": 35.43346882187719
  },
  "network": [
    [
      0.0,
      1.0730710277945334,
      1.1655587790163984,
      1.0408921799973283,
      1.1163571026960022,
      0.9050601666651756,
      1.0330785866295684,
      1.01096343032047,
      1.0132289722064884,
      1.1936513571551755,
      0.7989233501313495,
      1.05408493524772,
      0.6482622115660824,
      0.7437072730046,
      0.7437072730046
    ],
    [
      1.0730710277945334,
      0.0,
      1.0640927481910474,
      1.2523997729234055,
      1.049892971395982,
      0.9920600073145972,
      1.143835726170286,
      1.2409781996616813,
      1.0626272912623425,
      1.3417880274024634,
      1.0482694750264148,
      0.9491392245726603,
      0.7437072730046,
      0.9457314689032046,
      0.9457314689032046
    ],
    [
      1.1655587790163984,
      1.0640927481910474,
      0.0,
      0.6224575315108447,
      1.4227614199831233,
      0.9334320633935671,
      1.0670526476090028,
      0.7368245521914977,
      0.8205519876314624,
      1.1734796551113693,
      1.2134502575603818,
      0.6482622115660824,
      0.9457314689032046,
      0.8654387363425637,
      0.8654387363425637
    ],
    [
      1.0408921799973283,
      1.2523997729234055,
      0.6224575315108447,
      0.0,
      0.953976729529305,
      1.1708697570984261,
      1.465887512578875,
      1.0780649169302543,
      1.0698810432486239,
      1.082259938539606,
      1.05408493524772,
      0.7437072730046,
      0.8654387363425637,
      0.9115746990257009,
      0.9115746990257009
    ],
    [
      1.1163571026960022,
      1.049892971395982,
      1.4227614199831233,
      0.953976729529305,
      0.0,
      0.8376047764034885,
      1.069273406027676,
      0.9726847137263674,
      1.0317306017643642,
      0.7989233501313495,
      0.9491392245726603,
      0.9457314689032046,
      0.9115746990257009,
      0.9631539452650077,
      0.9631539452650077
    ],
    [
      0.9050601666651756,
      0.9920600073145972,
      0.9334320633935671,
      1.1708697570984261,
      0.8376047764034885,
      0.0,
      0.9712814522352484,
      0.9178123875873565,
      1.1936513571551755,
      1.0482694750264148,
      0.6482622115660824,
      0.8654387363425637,
      0.9631539452650077,
      1.1691585447994162,
      1.1691585447994162
    ],
    [
      1.0330785866295684,
      1.143835726170286,
      1.0670526476090028,
      1.465887512578875,
      1.069273406027676,
      0.9712814522352484,
      0.0,
      1.0132289722064884,
      1.3417880274024634,
      1.2134502575603818,
      0.7437072730046,
      0.9115746990257009,
      1.1691585447994162,
      0.9251250675418407,
      0.9251250675418407
    ],
    [
      1.01096343032047,
      1.2409781996616813,
      0.7368245521914977,
      1.0780649169302543,
      0.9726847137263674,
      0.9178123875873565,
      1.0132289722064884,
      0.0,
      1.1734796551113693,
      1.05408493524772,
      0.9457314689032046,
      0.9631539452650077,
      0.9251250675418407,
      0.8076973006454335,
      0.8076973006454335
    ],
    [
      1.0132289722064884,
      1.0626272912623425,
      0.8205519876314624,
      1.0698810432486239,
      1.0317306017643642,
      1.1936513571551755,
      1.3417880274024634,
      1.1734796551113693,
      0.0,
      0.9491392245726603,
      0.8654387363425637,
      1.1691585447994162,
      0.8076973006454335,
      0.8801316547347825,
      0.8801316547347825
    ],
    [
      1.1936513571551755,
      1.3417880274024634,
      1.1734796551113693,
      1.082259938539606,
      0.7989233501313495,
      1.0482694750264148,
      1.2134502575603818,
      1.05408493524772,
      0.9491392245726603,
      0.0,
      0.9115746990257009,
      0.9251250675418407,
      0.8801316547347825,
      1.0820927710662867,
      1.0820927710662867
    ],
    [
      0.7989233501313495,
      1.0482694750264148,
      1.2134502575603818,
      1.05408493524772,
      0.9491392245726603,
      0.6482622115660824,
      0.7437072730046,
      0.9457314689032046,
      0.8654387363425637,
      0.9115746990257009,
      0.0,
      0.8076973006454335,
      1.0820927710662867,
      0.869679001014172,
      0.869679001014172
    ],
    [
      1.05408493524772,
      0.9491392245726603,
      0.6482622115660824,
      0.7437072730046,
      0.9457314689032046,
      0.8654387363425637,
      0.9115746990257009,
      0.9631539452650077,
      1.1691585447994162,
      0.9251250675418407,
      0.8076973006454335,
      0.0,
      0.869679001014172,
      1.0370649096841278,
      1.0370649096841278
    ],
    [
      0.6482622115660824,
      0.7437072730046,
      0.9457314689032046,
      0.8654387363425637,
      0.9115746990257009,
      0.9631539452650077,
      1.1691585447994162,
      0.9251250675418407,
      0.8076973006454335,
      0.8801316547347825,
      1.0820927710662867,
      0.869679001014172,
      0.0,
      1.0872071463278894,
      1.0872071463278894
    ],
    [
      0.7437072730046,
      0.9457314689032046,
      0.8654387363425637,
      0.9115746990257009,
      0.9631539452650077,
      1.1691585447994162,
      0.9251250675418407,
      0.8076973006454335,
      0.8801316547347825,
      1.0820927710662867,
      0.869679001014172,
      1.0370649096841278,
      1.0872071463278894,
      0.0,
      1.011920218882666
    ],
    [
      0.7437072730046,
      0.9457314689032046,
      0.8654387363425637,
      0.9115746990257009,
      0.9631539452650077,
      1.1691585447994162,
      0.9251250675418407,
      0.8076973006454335,
      0.8801316547347825,
      1.0820927710662867,
      0.869679001014172,
      1.0370649096841278,
      1.0872071463278894,
      1.011920218882666,
      0.0
    ]
  ]
}