{
  "servicechain": {
    "SC1": {
      "resptime": 30.008273140265842,
      "resptime_old": 20.008273140265842,
      "waittime": 16.2866226510571,
      "servicetime": 10.0,
      "networktime": 3.7216504892087414,
      "services": {
        "MS1_1": {
          "meanserv": 0.24370403982372113,
          "stddevserv": 0.24370403982372113,
          "rate": 4.103337805656943,
          "cv": 1.0,
          "lambda": 0.15
        },
        "MS1_2": {
          "meanserv": 1.147569710449391,
          "stddevserv": 1.147569710449391,
          "rate": 0.8714067571619659,
          "cv": 1.0,
          "lambda": 0.15
        },
        "MS1_3": {
          "meanserv": 1.10630486780774,
          "stddevserv": 1.10630486780774,
          "rate": 0.9039099701166511,
          "cv": 1.0,
          "lambda": 0.15
        },
        "MS1_4": {
          "meanserv": 1.3699824022359688,
          "stddevserv": 1.3699824022359688,
          "rate": 0.7299363833928706,
          "cv": 1.0,
          "lambda": 0.15
        },
        "MS1_5": {
          "meanserv": 4.171176507171577,
          "stddevserv": 4.171176507171577,
          "rate": 0.23974051404458252,
          "cv": 1.0,
          "lambda": 0.15
        },
        "MS1_6": {
          "meanserv": 0.9557121039902636,
          "stddevserv": 0.9557121039902636,
          "rate": 1.046340206244984,
          "cv": 1.0,
          "lambda": 0.15
        },
        "MS1_7": {
          "meanserv": 1.0055503685213392,
          "stddevserv": 1.0055503685213392,
          "rate": 0.9944802680252597,
          "cv": 1.0,
          "lambda": 0.15
        }
      },
      "sensors": [
        "S1"
      ],
      "sources": [
        {
          "startTime": 0,
          "stopTime": -1,
          "lambda": 0.15
        }
      ]
    },
    "SC2": {
      "resptime": 25.986648622378585,
      "resptime_old": 15.986648622378581,
      "waittime": 11.536131487195169,
      "servicetime": 10.0,
      "networktime": 4.450517135183413,
      "services": {
        "MS2_1": {
          "meanserv": 1.3535694412023724,
          "stddevserv": 1.3535694412023724,
          "rate": 0.7387873644012696,
          "cv": 1.0,
          "lambda": 0.15
        },
        "MS2_2": {
          "meanserv": 1.193822766539059,
          "stddevserv": 1.193822766539059,
          "rate": 0.8376452753527568,
          "cv": 1.0,
          "lambda": 0.15
        },
        "MS2_3": {
          "meanserv": 1.5542393678177095,
          "stddevserv": 1.5542393678177095,
          "rate": 0.643401538209709,
          "cv": 1.0,
          "lambda": 0.15
        },
        "MS2_4": {
          "meanserv": 0.7154227702518714,
          "stddevserv": 0.7154227702518714,
          "rate": 1.3977749123751548,
          "cv": 1.0,
          "lambda": 0.15
        },
        "MS2_5": {
          "meanserv": 0.7214780477144629,
          "stddevserv": 0.7214780477144629,
          "rate": 1.3860435576215437,
          "cv": 1.0,
          "lambda": 0.15
        },
        "MS2_6": {
          "meanserv": 1.6705940070712995,
          "stddevserv": 1.6705940070712995,
          "rate": 0.598589481206801,
          "cv": 1.0,
          "lambda": 0.15
        },
        "MS2_7": {
          "meanserv": 2.790873599403225,
          "stddevserv": 2.790873599403225,
          "rate": 0.3583107455005597,
          "cv": 1.0,
          "lambda": 0.15
        }
      },
      "sensors": [
        "S2"
      ],
      "sources": [
        {
          "startTime": 0,
          "stopTime": -1,
          "lambda": 0.15
        }
      ]
    },
    "SC3": {
      "resptime": 29.39636310505777,
      "resptime_old": 19.396363105057766,
      "waittime": 15.693195681995576,
      "servicetime": 10.0,
      "networktime": 3.7031674230621947,
      "services": {
        "MS3_1": {
          "meanserv": 0.49380643430796733,
          "stddevserv": 0.49380643430796733,
          "rate": 2.0250849938831297,
          "cv": 1.0,
          "lambda": 0.15
        },
        "MS3_2": {
          "meanserv": 0.08397145469177025,
          "stddevserv": 0.08397145469177025,
          "rate": 11.908808816884846,
          "cv": 1.0,
          "lambda": 0.15
        },
        "MS3_3": {
          "meanserv": 2.2974893770011087,
          "stddevserv": 2.2974893770011087,
          "rate": 0.4352577252414941,
          "cv": 1.0,
          "lambda": 0.15
        },
        "MS3_4": {
          "meanserv": 2.4036267538108183,
          "stddevserv": 2.4036267538108183,
          "rate": 0.4160379719582314,
          "cv": 1.0,
          "lambda": 0.15
        },
        "MS3_5": {
          "meanserv": 1.149049893553281,
          "stddevserv": 1.149049893553281,
          "rate": 0.8702842283964151,
          "cv": 1.0,
          "lambda": 0.15
        },
        "MS3_6": {
          "meanserv": 2.951660277630628,
          "stddevserv": 2.951660277630628,
          "rate": 0.33879237647319127,
          "cv": 1.0,
          "lambda": 0.15
        },
        "MS3_7": {
          "meanserv": 0.6203958090044264,
          "stddevserv": 0.6203958090044264,
          "rate": 1.6118742027041406,
          "cv": 1.0,
          "lambda": 0.15
        }
      },
      "sensors": [
        "S3"
      ],
      "sources": [
        {
          "startTime": 0,
          "stopTime": -1,
          "lambda": 0.15
        }
      ]
    },
    "SC4": {
      "resptime": 7481.479024093161,
      "resptime_old": 7471.47902409316,
      "waittime": 7467.875660108149,
      "servicetime": 10.0,
      "networktime": 3.6033639850117174,
      "services": {
        "MS4_1": {
          "meanserv": 0.30686601017010706,
          "stddevserv": 0.30686601017010706,
          "rate": 3.2587512688214098,
          "cv": 1.0,
          "lambda": 0.15
        },
        "MS4_2": {
          "meanserv": 0.5671704444295611,
          "stddevserv": 0.5671704444295611,
          "rate": 1.7631384177745064,
          "cv": 1.0,
          "lambda": 0.15
        },
        "MS4_3": {
          "meanserv": 7.053745348020529,
          "stddevserv": 7.053745348020529,
          "rate": 0.14176865631825325,
          "cv": 1.0,
          "lambda": 0.15
        },
        "MS4_4": {
          "meanserv": 0.6204223638787756,
          "stddevserv": 0.6204223638787756,
          "rate": 1.611805212417182,
          "cv": 1.0,
          "lambda": 0.15
        },
        "MS4_5": {
          "meanserv": 0.1289435799463714,
          "stddevserv": 0.1289435799463714,
          "rate": 7.755329892468532,
          "cv": 1.0,
          "lambda": 0.15
        },
        "MS4_6": {
          "meanserv": 1.119259392138261,
          "stddevserv": 1.119259392138261,
          "rate": 0.8934479415799899,
          "cv": 1.0,
          "lambda": 0.15
        },
        "MS4_7": {
          "meanserv": 0.20359286141639465,
          "stddevserv": 0.20359286141639465,
          "rate": 4.911763570898333,
          "cv": 1.0,
          "lambda": 0.15
        }
      },
      "sensors": [
        "S4"
      ],
      "sources": [
        {
          "startTime": 0,
          "stopTime": -1,
          "lambda": 0.15
        }
      ]
    }
  },
  "microservice": {
    "MS1_1": "F7",
    "MS1_2": "F7",
    "MS1_3": "F7",
    "MS1_4": "F7",
    "MS1_5": "F2",
    "MS1_6": "F6",
    "MS1_7": "F8",
    "MS2_1": "F8",
    "MS2_2": "F8",
    "MS2_3": "F6",
    "MS2_4": "F9",
    "MS2_5": "F10",
    "MS2_6": "F10",
    "MS2_7": "F4",
    "MS3_1": "F9",
    "MS3_2": "F9",
    "MS3_3": "F9",
    "MS3_4": "F5",
    "MS3_5": "F6",
    "MS3_6": "F3",
    "MS3_7": "F3",
    "MS4_1": "F5",
    "MS4_2": "F5",
    "MS4_3": "F1",
    "MS4_4": "F5",
    "MS4_5": "F10",
    "MS4_6": "F10",
    "MS4_7": "F10"
  },
  "sensor": {
    "S1": "F7",
    "S2": "F8",
    "S3": "F9",
    "S4": "F5"
  },
  "fog": {
    "F1": {
      "rho": 1.0580618022030792,
      "capacity": 1.0,
      "tserv": 7.053745348020528,
      "stddev": 7.05374534802053,
      "mu": 0.14176865631825325,
      "cv": 1.0000000000000002,
      "lambda": 0.15,
      "twait": 7455.835216692973
    },
    "F2": {
      "rho": 0.6256764760757365,
      "capacity": 1.0,
      "tserv": 4.171176507171577,
      "stddev": 4.171176507171577,
      "mu": 0.23974051404458252,
      "cv": 1.0,
      "lambda": 0.15,
      "twait": 6.972062537605974
    },
    "F3": {
      "rho": 0.5358084129952582,
      "capacity": 1.0,
      "tserv": 1.7860280433175273,
      "stddev": 2.43049237457272,
      "mu": 0.5599016229008986,
      "cv": 1.3608366249715247,
      "lambda": 0.3,
      "twait": 2.939687924895494
    },
    "F4": {
      "rho": 0.4186310399104838,
      "capacity": 1.0,
      "tserv": 2.790873599403225,
      "stddev": 2.790873599403225,
      "mu": 0.3583107455005597,
      "cv": 1.0,
      "lambda": 0.15,
      "twait": 2.009646880695163
    },
    "F5": {
      "rho": 0.5847128358433893,
      "capacity": 1.0,
      "tserv": 0.9745213930723156,
      "stddev": 1.5295114663442364,
      "mu": 1.0261447384416669,
      "cv": 1.5695001435753366,
      "lambda": 0.6,
      "twait": 2.3760165652462133
    },
    "F6": {
      "rho": 0.5488502048041881,
      "capacity": 1.0,
      "tserv": 1.219667121787085,
      "stddev": 1.269640228335074,
      "mu": 0.8198958405427675,
      "cv": 1.0409727421976969,
      "lambda": 0.44999999999999996,
      "twait": 1.545837329055444
    },
    "F7": {
      "rho": 0.5801341530475231,
      "capacity": 1.0,
      "tserv": 0.9668902550792052,
      "stddev": 1.1417785712659825,
      "mu": 1.034243539788373,
      "cv": 1.1808771112006407,
      "lambda": 0.6,
      "twait": 1.599464510450661
    },
    "F8": {
      "rho": 0.5329413864394157,
      "capacity": 1.0,
      "tserv": 1.1843141920875904,
      "stddev": 1.201275548553052,
      "mu": 0.8443705282610016,
      "cv": 1.014321669518765,
      "lambda": 0.44999999999999996,
      "twait": 1.3708647425930374
    },
    "F9": {
      "rho": 0.5386035054379076,
      "capacity": 1.0,
      "tserv": 0.8976725090631793,
      "stddev": 1.4882122345853832,
      "mu": 1.1139920069999814,
      "cv": 1.657856534047698,
      "lambda": 0.6,
      "twait": 1.9639886459676432
    },
    "F10": {
      "rho": 0.5765801832430184,
      "capacity": 1.0,
      "tserv": 0.7687735776573579,
      "stddev": 1.1215526670566995,
      "mu": 1.3007731132581921,
      "cv": 1.4588855544103718,
      "lambda": 0.75,
      "twait": 1.6374645731454218
    }
  },
  "extra": {
    "deltatime": 0.0277313,
    "obj_func": 1891.7175772402156
  },
  "network": [
    [
      0.0,
      1.8514559065100578,
      1.758112016405212,
      1.3769548686403867,
      1.2007439146112413,
      1.651358783543001,
      1.5319355962757164,
      1.396278852106673,
      1.5817794324626995,
      1.5817794324626995
    ],
    [
      1.8514559065100578,
      0.0,
      1.3012994928357358,
      1.4872123157189538,
      1.405307181608817,
      1.1895010093594578,
      1.3302733240600482,
      1.5817794324626995,
      1.3870342362031127,
      1.3870342362031127
    ],
    [
      1.758112016405212,
      1.3012994928357358,
      0.0,
      1.1915851534185862,
      1.742556196838216,
      1.1710179432129113,
      1.396278852106673,
      1.3870342362031127,
      1.7914232320806793,
      1.7914232320806793
    ],
    [
      1.3769548686403867,
      1.4872123157189538,
      1.1915851534185862,
      0.0,
      1.259801526555261,
      1.5319355962757164,
      1.5817794324626995,
      1.7914232320806793,
      1.3248655694320621,
      1.3248655694320621
    ],
    [
      1.2007439146112413,
      1.405307181608817,
      1.742556196838216,
      1.259801526555261,
      0.0,
      1.3302733240600482,
      1.3870342362031127,
      1.3248655694320621,
      1.201876155789235,
      1.201876155789235
    ],
    [
      1.651358783543001,
      1.1895010093594578,
      1.1710179432129113,
      1.5319355962757164,
      1.3302733240600482,
      0.0,
      1.7914232320806793,
      1.201876155789235,
      0.956217807551067,
      0.956217807551067
    ],
    [
      1.5319355962757164,
      1.3302733240600482,
      1.396278852106673,
      1.5817794324626995,
      1.3870342362031127,
      1.7914232320806793,
      0.0,
      0.956217807551067,
      1.5440711055664424,
      1.5440711055664424
    ],
    [
      1.396278852106673,
      1.5817794324626995,
      1.3870342362031127,
      1.7914232320806793,
      1.3248655694320621,
      1.201876155789235,
      0.956217807551067,
      0.0,
      1.7096251128829776,
      1.7096251128829776
    ],
    [
      1.5817794324626995,
      1.3870342362031127,
      1.7914232320806793,
      1.3248655694320621,
      1.201876155789235,
      0.956217807551067,
      1.5440711055664424,
      1.7096251128829776,
      0.0,
      0.9675576024110492
    ],
    [
      1.5817794324626995,
      1.3870342362031127,
      1.7914232320806793,
      1.3248655694320621,
      1.201876155789235,
      0.956217807551067,
      1.5440711055664424,
      1.7096251128829776,
      0.9675576024110492,
      0.0
    ]
  ]
}