{
  "servicechain": {
    "SC1": {
      "resptime": 34.17179145049773,
      "resptime_old": 24.171791450497732,
      "waittime": 18.250209048776057,
      "servicetime": 10.0,
      "networktime": 5.921582401721669,
      "services": {
        "MS1_1": {
          "meanserv": 0.6006237806688297,
          "stddevserv": 0.6006237806688297,
          "rate": 1.6649357421153745,
          "cv": 1.0,
          "lambda": 0.15
        },
        "MS1_2": {
          "meanserv": 0.036559995319209726,
          "stddevserv": 0.036559995319209726,
          "rate": 27.352301094923,
          "cv": 1.0,
          "lambda": 0.15
        },
        "MS1_3": {
          "meanserv": 0.08434659575041303,
          "stddevserv": 0.08434659575041303,
          "rate": 11.855843037922526,
          "cv": 1.0,
          "lambda": 0.15
        },
        "MS1_4": {
          "meanserv": 1.1481845472901275,
          "stddevserv": 1.1481845472901275,
          "rate": 0.8709401309747085,
          "cv": 1.0,
          "lambda": 0.15
        },
        "MS1_5": {
          "meanserv": 3.5938162777942027,
          "stddevserv": 3.5938162777942027,
          "rate": 0.27825573782914015,
          "cv": 1.0,
          "lambda": 0.15
        },
        "MS1_6": {
          "meanserv": 1.0995202062313307,
          "stddevserv": 1.0995202062313307,
          "rate": 0.9094876058963555,
          "cv": 1.0,
          "lambda": 0.15
        },
        "MS1_7": {
          "meanserv": 0.02076618086626958,
          "stddevserv": 0.02076618086626958,
          "rate": 48.155219606330974,
          "cv": 1.0,
          "lambda": 0.15
        },
        "MS1_8": {
          "meanserv": 0.3168684596258382,
          "stddevserv": 0.3168684596258382,
          "rate": 3.155883678611658,
          "cv": 1.0,
          "lambda": 0.15
        },
        "MS1_9": {
          "meanserv": 1.649934767714793,
          "stddevserv": 1.649934767714793,
          "rate": 0.6060845674432502,
          "cv": 1.0,
          "lambda": 0.15
        },
        "MS1_10": {
          "meanserv": 0.18092801481031984,
          "stddevserv": 0.18092801481031984,
          "rate": 5.527060035718479,
          "cv": 1.0,
          "lambda": 0.15
        },
        "MS1_11": {
          "meanserv": 0.3714387720481991,
          "stddevserv": 0.3714387720481991,
          "rate": 2.6922337549356232,
          "cv": 1.0,
          "lambda": 0.15
        },
        "MS1_12": {
          "meanserv": 0.8970124018804668,
          "stddevserv": 0.8970124018804668,
          "rate": 1.1148117884475548,
          "cv": 1.0,
          "lambda": 0.15
        }
      },
      "sensors": [
        "S1"
      ],
      "sources": [
        {
          "startTime": 0,
          "stopTime": -1,
          "lambda": 0.15
        }
      ]
    },
    "SC2": {
      "resptime": 29.658379484453583,
      "resptime_old": 19.658379484453583,
      "waittime": 15.955901123174781,
      "servicetime": 10.0,
      "networktime": 3.702478361278801,
      "services": {
        "MS2_1": {
          "meanserv": 1.1051806356834903,
          "stddevserv": 1.1051806356834903,
          "rate": 0.9048294620015287,
          "cv": 1.0,
          "lambda": 0.15
        },
        "MS2_2": {
          "meanserv": 0.5885200532031454,
          "stddevserv": 0.5885200532031454,
          "rate": 1.6991774444342,
          "cv": 1.0,
          "lambda": 0.15
        },
        "MS2_3": {
          "meanserv": 0.6434577607963143,
          "stddevserv": 0.6434577607963143,
          "rate": 1.5541035650303527,
          "cv": 1.0,
          "lambda": 0.15
        },
        "MS2_4": {
          "meanserv": 0.6892725094929819,
          "stddevserv": 0.6892725094929819,
          "rate": 1.4508049954517763,
          "cv": 1.0,
          "lambda": 0.15
        },
        "MS2_5": {
          "meanserv": 0.05809378968486545,
          "stddevserv": 0.05809378968486545,
          "rate": 17.213543916218626,
          "cv": 1.0,
          "lambda": 0.15
        },
        "MS2_6": {
          "meanserv": 1.3812561798631053,
          "stddevserv": 1.3812561798631053,
          "rate": 0.7239786612930187,
          "cv": 1.0,
          "lambda": 0.15
        },
        "MS2_7": {
          "meanserv": 0.39008888485926985,
          "stddevserv": 0.39008888485926985,
          "rate": 2.563518312911593,
          "cv": 1.0,
          "lambda": 0.15
        },
        "MS2_8": {
          "meanserv": 0.43873114280967496,
          "stddevserv": 0.43873114280967496,
          "rate": 2.2793002420478,
          "cv": 1.0,
          "lambda": 0.15
        },
        "MS2_9": {
          "meanserv": 0.4293196787114386,
          "stddevserv": 0.4293196787114386,
          "rate": 2.329266627146939,
          "cv": 1.0,
          "lambda": 0.15
        },
        "MS2_10": {
          "meanserv": 0.2964646024070996,
          "stddevserv": 0.2964646024070996,
          "rate": 3.373083976571405,
          "cv": 1.0,
          "lambda": 0.15
        },
        "MS2_11": {
          "meanserv": 2.759440508789,
          "stddevserv": 2.759440508789,
          "rate": 0.3623923026479223,
          "cv": 1.0,
          "lambda": 0.15
        },
        "MS2_12": {
          "meanserv": 1.2201742536996143,
          "stddevserv": 1.2201742536996143,
          "rate": 0.8195550733577293,
          "cv": 1.0,
          "lambda": 0.15
        }
      },
      "sensors": [
        "S2"
      ],
      "sources": [
        {
          "startTime": 0,
          "stopTime": -1,
          "lambda": 0.15
        }
      ]
    },
    "SC3": {
      "resptime": 32.27096984008139,
      "resptime_old": 22.2709698400814,
      "waittime": 17.81540283048888,
      "servicetime": 10.0,
      "networktime": 4.455567009592513,
      "services": {
        "MS3_1": {
          "meanserv": 0.8785895989379044,
          "stddevserv": 0.8785895989379044,
          "rate": 1.1381878424339011,
          "cv": 1.0,
          "lambda": 0.15
        },
        "MS3_2": {
          "meanserv": 0.3868436276517273,
          "stddevserv": 0.3868436276517273,
          "rate": 2.5850238404348054,
          "cv": 1.0,
          "lambda": 0.15
        },
        "MS3_3": {
          "meanserv": 2.4265706597712833,
          "stddevserv": 2.4265706597712833,
          "rate": 0.41210421628284877,
          "cv": 1.0,
          "lambda": 0.15
        },
        "MS3_4": {
          "meanserv": 0.19263747042421286,
          "stddevserv": 0.19263747042421286,
          "rate": 5.191098065178438,
          "cv": 1.0,
          "lambda": 0.15
        },
        "MS3_5": {
          "meanserv": 0.36496753076385957,
          "stddevserv": 0.36496753076385957,
          "rate": 2.7399697663708547,
          "cv": 1.0,
          "lambda": 0.15
        },
        "MS3_6": {
          "meanserv": 0.42193466775819655,
          "stddevserv": 0.42193466775819655,
          "rate": 2.370035165190746,
          "cv": 1.0,
          "lambda": 0.15
        },
        "MS3_7": {
          "meanserv": 2.0165821331467777,
          "stddevserv": 2.0165821331467777,
          "rate": 0.4958885549776983,
          "cv": 1.0,
          "lambda": 0.15
        },
        "MS3_8": {
          "meanserv": 0.29982124562010704,
          "stddevserv": 0.29982124562010704,
          "rate": 3.3353206772646953,
          "cv": 1.0,
          "lambda": 0.15
        },
        "MS3_9": {
          "meanserv": 0.5762949003494997,
          "stddevserv": 0.5762949003494997,
          "rate": 1.7352227121800665,
          "cv": 1.0,
          "lambda": 0.15
        },
        "MS3_10": {
          "meanserv": 0.29380021836448567,
          "stddevserv": 0.29380021836448567,
          "rate": 3.403673440294758,
          "cv": 1.0,
          "lambda": 0.15
        },
        "MS3_11": {
          "meanserv": 0.578383966174604,
          "stddevserv": 0.578383966174604,
          "rate": 1.7289552589328134,
          "cv": 1.0,
          "lambda": 0.15
        },
        "MS3_12": {
          "meanserv": 1.563573981037342,
          "stddevserv": 1.563573981037342,
          "rate": 0.6395603995255519,
          "cv": 1.0,
          "lambda": 0.15
        }
      },
      "sensors": [
        "S3"
      ],
      "sources": [
        {
          "startTime": 0,
          "stopTime": -1,
          "lambda": 0.15
        }
      ]
    },
    "SC4": {
      "resptime": 31.275756827272527,
      "resptime_old": 21.27575682727253,
      "waittime": 18.276303445942446,
      "servicetime": 10.0,
      "networktime": 2.999453381330081,
      "services": {
        "MS4_1": {
          "meanserv": 0.977069038934969,
          "stddevserv": 0.977069038934969,
          "rate": 1.0234691307893926,
          "cv": 1.0,
          "lambda": 0.15
        },
        "MS4_2": {
          "meanserv": 0.9500677266411961,
          "stddevserv": 0.9500677266411961,
          "rate": 1.0525565409271727,
          "cv": 1.0,
          "lambda": 0.15
        },
        "MS4_3": {
          "meanserv": 0.9464815493206826,
          "stddevserv": 0.9464815493206826,
          "rate": 1.0565446317656473,
          "cv": 1.0,
          "lambda": 0.15
        },
        "MS4_4": {
          "meanserv": 0.0891846276676107,
          "stddevserv": 0.0891846276676107,
          "rate": 11.21269467790996,
          "cv": 1.0,
          "lambda": 0.15
        },
        "MS4_5": {
          "meanserv": 0.010698234307129795,
          "stddevserv": 0.010698234307129795,
          "rate": 93.47336871595289,
          "cv": 1.0,
          "lambda": 0.15
        },
        "MS4_6": {
          "meanserv": 0.5153107723393022,
          "stddevserv": 0.5153107723393022,
          "rate": 1.9405765485173248,
          "cv": 1.0,
          "lambda": 0.15
        },
        "MS4_7": {
          "meanserv": 0.946750259798069,
          "stddevserv": 0.946750259798069,
          "rate": 1.0562447590067612,
          "cv": 1.0,
          "lambda": 0.15
        },
        "MS4_8": {
          "meanserv": 4.1647612869834925,
          "stddevserv": 4.1647612869834925,
          "rate": 0.240109800080353,
          "cv": 1.0,
          "lambda": 0.15
        },
        "MS4_9": {
          "meanserv": 0.10882114290860834,
          "stddevserv": 0.10882114290860834,
          "rate": 9.189390712794054,
          "cv": 1.0,
          "lambda": 0.15
        },
        "MS4_10": {
          "meanserv": 0.9421666789709562,
          "stddevserv": 0.9421666789709562,
          "rate": 1.0613833224204128,
          "cv": 1.0,
          "lambda": 0.15
        },
        "MS4_11": {
          "meanserv": 0.13655246523700804,
          "stddevserv": 0.13655246523700804,
          "rate": 7.323192578503394,
          "cv": 1.0,
          "lambda": 0.15
        },
        "MS4_12": {
          "meanserv": 0.2121362168909755,
          "stddevserv": 0.2121362168909755,
          "rate": 4.713952264520378,
          "cv": 1.0,
          "lambda": 0.15
        }
      },
      "sensors": [
        "S4"
      ],
      "sources": [
        {
          "startTime": 0,
          "stopTime": -1,
          "lambda": 0.15
        }
      ]
    }
  },
  "microservice": {
    "MS1_1": "F2",
    "MS1_2": "F3",
    "MS1_3": "F3",
    "MS1_4": "F7",
    "MS1_5": "F6",
    "MS1_6": "F8",
    "MS1_7": "F3",
    "MS1_8": "F3",
    "MS1_9": "F7",
    "MS1_10": "F3",
    "MS1_11": "F3",
    "MS1_12": "F8",
    "MS2_1": "F5",
    "MS2_2": "F2",
    "MS2_3": "F2",
    "MS2_4": "F1",
    "MS2_5": "F1",
    "MS2_6": "F8",
    "MS2_7": "F3",
    "MS2_8": "F3",
    "MS2_9": "F3",
    "MS2_10": "F3",
    "MS2_11": "F5",
    "MS2_12": "F2",
    "MS3_1": "F1",
    "MS3_2": "F1",
    "MS3_3": "F4",
    "MS3_4": "F3",
    "MS3_5": "F3",
    "MS3_6": "F3",
    "MS3_7": "F4",
    "MS3_8": "F1",
    "MS3_9": "F1",
    "MS3_10": "F1",
    "MS3_11": "F1",
    "MS3_12": "F7",
    "MS4_1": "F8",
    "MS4_2": "F10",
    "MS4_3": "F10",
    "MS4_4": "F10",
    "MS4_5": "F10",
    "MS4_6": "F10",
    "MS4_7": "F10",
    "MS4_8": "F9",
    "MS4_9": "F2",
    "MS4_10": "F2",
    "MS4_11": "F3",
    "MS4_12": "F3"
  },
  "sensor": {
    "S1": "F2",
    "S2": "F5",
    "S3": "F1",
    "S4": "F8"
  },
  "fog": {
    "F1": {
      "rho": 0.5641649784414263,
      "capacity": 1.0,
      "tserv": 0.47013748203452194,
      "stddev": 0.5828330207780771,
      "mu": 2.127037384197694,
      "cv": 1.2397076239398415,
      "lambda": 1.2,
      "twait": 0.7719300483718023
    },
    "F2": {
      "rho": 0.6155645505371202,
      "capacity": 1.0,
      "tserv": 0.6839606117079113,
      "stddev": 0.8378706374397511,
      "mu": 1.4620724978634512,
      "cv": 1.225027615767979,
      "lambda": 0.9,
      "twait": 1.3693409291174903
    },
    "F3": {
      "rho": 0.5840611017422978,
      "capacity": 1.0,
      "tserv": 0.2595827118854657,
      "stddev": 0.32730503010207473,
      "mu": 3.8523366704067126,
      "cv": 1.2608891698707954,
      "lambda": 2.2499999999999996,
      "twait": 0.4720061978869965
    },
    "F4": {
      "rho": 0.6664729189377092,
      "capacity": 1.0,
      "tserv": 2.2215763964590307,
      "stddev": 2.2404122346759667,
      "mu": 0.450130817735505,
      "cv": 1.008478591259323,
      "lambda": 0.3,
      "twait": 4.477079627934521
    },
    "F5": {
      "rho": 0.5796931716708736,
      "capacity": 1.0,
      "tserv": 1.9323105722362452,
      "stddev": 2.258785516922644,
      "mu": 0.517515152257698,
      "cv": 1.1689557307077052,
      "lambda": 0.3,
      "twait": 3.1533877979671
    },
    "F6": {
      "rho": 0.5390724416691304,
      "capacity": 1.0,
      "tserv": 3.5938162777942027,
      "stddev": 3.5938162777942027,
      "mu": 0.27825573782914015,
      "cv": 1.0,
      "lambda": 0.15,
      "twait": 4.203105847687472
    },
    "F7": {
      "rho": 0.6542539944063394,
      "capacity": 1.0,
      "tserv": 1.453897765347421,
      "stddev": 1.4865279498221189,
      "mu": 0.6878062707256736,
      "cv": 1.0224432454966328,
      "lambda": 0.44999999999999996,
      "twait": 2.8136446907280375
    },
    "F8": {
      "rho": 0.6532286740364808,
      "capacity": 1.0,
      "tserv": 1.088714456727468,
      "stddev": 1.1192654148411145,
      "mu": 0.9185144863473826,
      "cv": 1.0280614975991764,
      "lambda": 0.6,
      "twait": 2.1092178515965228
    },
    "F9": {
      "rho": 0.6247141930475238,
      "capacity": 1.0,
      "tserv": 4.1647612869834925,
      "stddev": 4.1647612869834925,
      "mu": 0.240109800080353,
      "cv": 1.0,
      "lambda": 0.15,
      "twait": 6.932810776302374
    },
    "F10": {
      "rho": 0.5187739755110986,
      "capacity": 1.0,
      "tserv": 0.576415528345665,
      "stddev": 0.8106871614052187,
      "mu": 1.7348595775516993,
      "cv": 1.406428386362044,
      "lambda": 0.9,
      "twait": 0.9252634273390957
    }
  },
  "extra": {
    "conv_gen": 404,
    "max_gen": 600,
    "population": 600,
    "deltatime": 70.5061229,
    "obj_func": 31.84422440057631
  },
  "network": [
    [
      0.0,
      0.7469647797057931,
      0.7398098840704447,
      1.034081156426882,
      0.9582069445492948,
      0.799587822242532,
      0.7977456857150527,
      0.6908368215246665,
      0.9224484108882027,
      0.9224484108882027
    ],
    [
      0.7469647797057931,
      0.0,
      0.5519867518276353,
      0.9027893181121758,
      0.47774394242503687,
      0.5821030306447298,
      0.8502219615071556,
      0.9224484108882027,
      0.6629591087032527,
      0.6629591087032527
    ],
    [
      0.7398098840704447,
      0.5519867518276353,
      0.0,
      0.7948295055118484,
      0.646229766495015,
      1.013800506261749,
      0.6908368215246665,
      0.6629591087032527,
      0.9968753567996996,
      0.9968753567996996
    ],
    [
      1.034081156426882,
      0.9027893181121758,
      0.7948295055118484,
      0.0,
      1.2446661922029143,
      0.7977456857150527,
      0.9224484108882027,
      0.9968753567996996,
      1.1948176855827701,
      1.1948176855827701
    ],
    [
      0.9582069445492948,
      0.47774394242503687,
      0.646229766495015,
      1.2446661922029143,
      0.0,
      0.8502219615071556,
      0.6629591087032527,
      1.1948176855827701,
      0.9742916111138304,
      0.9742916111138304
    ],
    [
      0.799587822242532,
      0.5821030306447298,
      1.013800506261749,
      0.7977456857150527,
      0.8502219615071556,
      0.0,
      0.9968753567996996,
      0.9742916111138304,
      0.8737344268201956,
      0.8737344268201956
    ],
    [
      0.7977456857150527,
      0.8502219615071556,
      0.6908368215246665,
      0.9224484108882027,
      0.6629591087032527,
      0.9968753567996996,
      0.0,
      0.8737344268201956,
      0.9407950215436434,
      0.9407950215436434
    ],
    [
      0.6908368215246665,
      0.9224484108882027,
      0.6629591087032527,
      0.9968753567996996,
      1.1948176855827701,
      0.9742916111138304,
      0.8737344268201956,
      0.0,
      0.8535571650798651,
      0.8535571650798651
    ],
    [
      0.9224484108882027,
      0.6629591087032527,
      0.9968753567996996,
      1.1948176855827701,
      0.9742916111138304,
      0.8737344268201956,
      0.9407950215436434,
      0.8535571650798651,
      0.0,
      0.9309503557193279
    ],
    [
      0.9224484108882027,
      0.6629591087032527,
      0.9968753567996996,
      1.1948176855827701,
      0.9742916111138304,
      0.8737344268201956,
      0.9407950215436434,
      0.8535571650798651,
      0.9309503557193279,
      0.0
    ]
  ]
}