{
  "servicechain": {
    "SC1": {
      "resptime": 5713.8105701606,
      "resptime_old": 5703.810570160601,
      "waittime": 5695.873782946342,
      "servicetime": 10.0,
      "networktime": 7.936787214258843,
      "services": {
        "MS1_1": {
          "meanserv": 2.300853536222982,
          "stddevserv": 2.300853536222982,
          "rate": 0.4346213195480372,
          "cv": 1.0,
          "lambda": 0.225
        },
        "MS1_2": {
          "meanserv": 0.15320478618671673,
          "stddevserv": 0.15320478618671673,
          "rate": 6.5272112242058835,
          "cv": 1.0,
          "lambda": 0.225
        },
        "MS1_3": {
          "meanserv": 5.006129906184514,
          "stddevserv": 5.006129906184514,
          "rate": 0.19975510399053206,
          "cv": 1.0,
          "lambda": 0.225
        },
        "MS1_4": {
          "meanserv": 0.3865129284238433,
          "stddevserv": 0.3865129284238433,
          "rate": 2.587235578581779,
          "cv": 1.0,
          "lambda": 0.225
        },
        "MS1_5": {
          "meanserv": 2.153298842981944,
          "stddevserv": 2.153298842981944,
          "rate": 0.46440372327288026,
          "cv": 1.0,
          "lambda": 0.225
        }
      },
      "sensors": [
        "S1"
      ],
      "sources": [
        {
          "startTime": 0,
          "stopTime": -1,
          "lambda": 0.225
        }
      ]
    },
    "SC2": {
      "resptime": 138.75785995917371,
      "resptime_old": 128.75785995917371,
      "waittime": 121.53511066094316,
      "servicetime": 10.0,
      "networktime": 7.222749298230557,
      "services": {
        "MS2_1": {
          "meanserv": 3.0436078655896317,
          "stddevserv": 3.0436078655896317,
          "rate": 0.3285574371474665,
          "cv": 1.0,
          "lambda": 0.225
        },
        "MS2_2": {
          "meanserv": 3.6484139412032306,
          "stddevserv": 3.6484139412032306,
          "rate": 0.2740917056331071,
          "cv": 1.0,
          "lambda": 0.225
        },
        "MS2_3": {
          "meanserv": 1.8244663482147931,
          "stddevserv": 1.8244663482147931,
          "rate": 0.5481054780640277,
          "cv": 1.0,
          "lambda": 0.225
        },
        "MS2_4": {
          "meanserv": 0.3904716688004939,
          "stddevserv": 0.3904716688004939,
          "rate": 2.561005265943984,
          "cv": 1.0,
          "lambda": 0.225
        },
        "MS2_5": {
          "meanserv": 1.0930401761918507,
          "stddevserv": 1.0930401761918507,
          "rate": 0.9148794543710165,
          "cv": 1.0,
          "lambda": 0.225
        }
      },
      "sensors": [
        "S2"
      ],
      "sources": [
        {
          "startTime": 0,
          "stopTime": -1,
          "lambda": 0.225
        }
      ]
    },
    "SC3": {
      "resptime": 98.67073633128972,
      "resptime_old": 88.6707363312897,
      "waittime": 78.97015989479635,
      "servicetime": 10.0,
      "networktime": 9.70057643649336,
      "services": {
        "MS3_1": {
          "meanserv": 3.05190659542646,
          "stddevserv": 3.05190659542646,
          "rate": 0.32766402533373223,
          "cv": 1.0,
          "lambda": 0.225
        },
        "MS3_2": {
          "meanserv": 1.838187374620774,
          "stddevserv": 1.838187374620774,
          "rate": 0.5440141814739122,
          "cv": 1.0,
          "lambda": 0.225
        },
        "MS3_3": {
          "meanserv": 2.263433872373308,
          "stddevserv": 2.263433872373308,
          "rate": 0.4418065896272273,
          "cv": 1.0,
          "lambda": 0.225
        },
        "MS3_4": {
          "meanserv": 2.0203573358712257,
          "stddevserv": 2.0203573358712257,
          "rate": 0.49496194670373816,
          "cv": 1.0,
          "lambda": 0.225
        },
        "MS3_5": {
          "meanserv": 0.8261148217082326,
          "stddevserv": 0.8261148217082326,
          "rate": 1.2104854842480726,
          "cv": 1.0,
          "lambda": 0.225
        }
      },
      "sensors": [
        "S3"
      ],
      "sources": [
        {
          "startTime": 0,
          "stopTime": -1,
          "lambda": 0.225
        }
      ]
    },
    "SC4": {
      "resptime": 92.99562820377822,
      "resptime_old": 82.99562820377822,
      "waittime": 77.70543810923317,
      "servicetime": 10.0,
      "networktime": 5.29019009454505,
      "services": {
        "MS4_1": {
          "meanserv": 3.337754417833735,
          "stddevserv": 3.337754417833735,
          "rate": 0.2996026294376141,
          "cv": 1.0,
          "lambda": 0.225
        },
        "MS4_2": {
          "meanserv": 1.7343685227672356,
          "stddevserv": 1.7343685227672356,
          "rate": 0.5765787298794323,
          "cv": 1.0,
          "lambda": 0.225
        },
        "MS4_3": {
          "meanserv": 3.3331928438734364,
          "stddevserv": 3.3331928438734364,
          "rate": 0.30001264458432,
          "cv": 1.0,
          "lambda": 0.225
        },
        "MS4_4": {
          "meanserv": 0.3911586679342083,
          "stddevserv": 0.3911586679342083,
          "rate": 2.556507325483062,
          "cv": 1.0,
          "lambda": 0.225
        },
        "MS4_5": {
          "meanserv": 1.2035255475913846,
          "stddevserv": 1.2035255475913846,
          "rate": 0.8308922083135666,
          "cv": 1.0,
          "lambda": 0.225
        }
      },
      "sensors": [
        "S4"
      ],
      "sources": [
        {
          "startTime": 0,
          "stopTime": -1,
          "lambda": 0.225
        }
      ]
    }
  },
  "microservice": {
    "MS1_1": "F6",
    "MS1_2": "F2",
    "MS1_3": "F1",
    "MS1_4": "F6",
    "MS1_5": "F9",
    "MS2_1": "F8",
    "MS2_2": "F2",
    "MS2_3": "F9",
    "MS2_4": "F3",
    "MS2_5": "F8",
    "MS3_1": "F5",
    "MS3_2": "F10",
    "MS3_3": "F7",
    "MS3_4": "F10",
    "MS3_5": "F5",
    "MS4_1": "F3",
    "MS4_2": "F7",
    "MS4_3": "F4",
    "MS4_4": "F4",
    "MS4_5": "F6"
  },
  "sensor": {
    "S1": "F6",
    "S2": "F8",
    "S3": "F5",
    "S4": "F3"
  },
  "fog": {
    "F1": {
      "rho": 1.1263792288915155,
      "capacity": 1.0,
      "tserv": 5.006129906184514,
      "stddev": 5.006129906184514,
      "mu": 0.19975510399053206,
      "cv": 1.0,
      "lambda": 0.225,
      "twait": 5633.161942715404
    },
    "F2": {
      "rho": 0.8553642136627381,
      "capacity": 1.0,
      "tserv": 1.9008093636949737,
      "stddev": 3.117903102369622,
      "mu": 0.5260916844686124,
      "cv": 1.640302895135547,
      "lambda": 0.45,
      "twait": 20.74340779951425
    },
    "F3": {
      "rho": 0.8388508694927015,
      "capacity": 1.0,
      "tserv": 1.8641130433171145,
      "stddev": 2.7960964288878642,
      "mu": 0.5364481534985347,
      "cv": 1.4999607662807415,
      "lambda": 0.45,
      "twait": 15.767639232862155
    },
    "F4": {
      "rho": 0.8379790901567201,
      "capacity": 1.0,
      "tserv": 1.8621757559038223,
      "stddev": 2.792038877249595,
      "mu": 0.5370062395182681,
      "cv": 1.4993422980606124,
      "lambda": 0.45,
      "twait": 15.641286183307225
    },
    "F5": {
      "rho": 0.8725548188553057,
      "capacity": 1.0,
      "tserv": 1.9390107085673463,
      "stddev": 2.497366020012827,
      "mu": 0.5157269093881685,
      "cv": 1.287958859112246,
      "lambda": 0.45,
      "twait": 17.648646124669007
    },
    "F6": {
      "rho": 0.8754507027535974,
      "capacity": 1.0,
      "tserv": 1.2969640040794035,
      "stddev": 1.7065793351765006,
      "mu": 0.7710314217315606,
      "cv": 1.3158262910988388,
      "lambda": 0.675,
      "twait": 12.450117787805297
    },
    "F7": {
      "rho": 0.8995055389066223,
      "capacity": 1.0,
      "tserv": 1.9989011975702717,
      "stddev": 2.033607894783251,
      "mu": 0.5002748516112412,
      "cv": 1.0173628877981395,
      "lambda": 0.45,
      "twait": 18.205108721951273
    },
    "F8": {
      "rho": 0.9307458094008335,
      "capacity": 1.0,
      "tserv": 2.068324020890741,
      "stddev": 2.4860252232941935,
      "mu": 0.48348324048827784,
      "cv": 1.201951530893871,
      "lambda": 0.45,
      "twait": 33.97793338637696
    },
    "F9": {
      "rho": 0.8949971680192659,
      "capacity": 1.0,
      "tserv": 1.9888825955983687,
      "stddev": 2.002428371723068,
      "mu": 0.5027948870451769,
      "cv": 1.0068107469765575,
      "lambda": 0.45,
      "twait": 17.06819685581284
    },
    "F10": {
      "rho": 0.8681725598607,
      "capacity": 1.0,
      "tserv": 1.9292723552459998,
      "stddev": 1.933567885569949,
      "mu": 0.5183301348204364,
      "cv": 1.002226502811938,
      "lambda": 0.45,
      "twait": 12.73387946175353
    }
  },
  "extra": {
    "deltatime": 0.0174225,
    "obj_func": 1511.0586986637104
  },
  "network": [
    [
      0.0,
      1.9647559486737727,
      2.7206362085759785,
      2.1036982544820306,
      2.409773118005012,
      1.6429925256616524,
      2.3546263199042428,
      1.4021525670702855,
      1.5334112075705215,
      1.5334112075705215
    ],
    [
      1.9647559486737727,
      0.0,
      3.318049427283698,
      1.8143043888275237,
      1.9824073514624305,
      1.9707905158681982,
      2.258818487219541,
      1.5334112075705215,
      1.8309690091273934,
      1.8309690091273934
    ],
    [
      2.7206362085759785,
      3.318049427283698,
      0.0,
      2.138998826084438,
      1.1056368431538581,
      1.802721913909967,
      1.4021525670702855,
      1.8309690091273934,
      2.027400072405248,
      2.027400072405248
    ],
    [
      2.1036982544820306,
      1.8143043888275237,
      2.138998826084438,
      0.0,
      2.065168904952938,
      2.3546263199042428,
      1.5334112075705215,
      2.027400072405248,
      1.877354174319069,
      1.877354174319069
    ],
    [
      2.409773118005012,
      1.9824073514624305,
      1.1056368431538581,
      2.065168904952938,
      0.0,
      2.258818487219541,
      1.8309690091273934,
      1.877354174319069,
      2.309591895732753,
      2.309591895732753
    ],
    [
      1.6429925256616524,
      1.9707905158681982,
      1.802721913909967,
      2.3546263199042428,
      2.258818487219541,
      0.0,
      2.027400072405248,
      2.309591895732753,
      2.3582482240552203,
      2.3582482240552203
    ],
    [
      2.3546263199042428,
      2.258818487219541,
      1.4021525670702855,
      1.5334112075705215,
      1.8309690091273934,
      2.027400072405248,
      0.0,
      2.3582482240552203,
      2.540696322513927,
      2.540696322513927
    ],
    [
      1.4021525670702855,
      1.5334112075705215,
      1.8309690091273934,
      2.027400072405248,
      1.877354174319069,
      2.309591895732753,
      2.3582482240552203,
      0.0,
      2.27571651827067,
      2.27571651827067
    ],
    [
      1.5334112075705215,
      1.8309690091273934,
      2.027400072405248,
      1.877354174319069,
      2.309591895732753,
      2.3582482240552203,
      2.540696322513927,
      2.27571651827067,
      0.0,
      2.2020088282878674
    ],
    [
      1.5334112075705215,
      1.8309690091273934,
      2.027400072405248,
      1.877354174319069,
      2.309591895732753,
      2.3582482240552203,
      2.540696322513927,
      2.27571651827067,
      2.2020088282878674,
      0.0
    ]
  ]
}