{
  "servicechain": {
    "SC1": {
      "resptime": 9697.086468233183,
      "resptime_old": 9687.086468233183,
      "waittime": 9684.50030164713,
      "servicetime": 10.0,
      "networktime": 2.586166586053486,
      "services": {
        "MS1_1": {
          "meanserv": 0.9763333412268105,
          "stddevserv": 0.9763333412268105,
          "rate": 1.0242403467891932,
          "cv": 1.0,
          "lambda": 0.15
        },
        "MS1_2": {
          "meanserv": 0.984854033728233,
          "stddevserv": 0.984854033728233,
          "rate": 1.0153788944889943,
          "cv": 1.0,
          "lambda": 0.15
        },
        "MS1_3": {
          "meanserv": 8.038812625044956,
          "stddevserv": 8.038812625044956,
          "rate": 0.12439648075444569,
          "cv": 1.0,
          "lambda": 0.15
        }
      },
      "sensors": [
        "S1"
      ],
      "sources": [
        {
          "startTime": 0,
          "stopTime": -1,
          "lambda": 0.15
        }
      ]
    },
    "SC2": {
      "resptime": 34.04937417214214,
      "resptime_old": 24.049374172142137,
      "waittime": 19.46886492615517,
      "servicetime": 10.0,
      "networktime": 4.580509245986967,
      "services": {
        "MS2_1": {
          "meanserv": 1.3821607712169248,
          "stddevserv": 1.3821607712169248,
          "rate": 0.7235048344770696,
          "cv": 1.0,
          "lambda": 0.15
        },
        "MS2_2": {
          "meanserv": 3.6346706295352824,
          "stddevserv": 3.6346706295352824,
          "rate": 0.275128093278663,
          "cv": 1.0,
          "lambda": 0.15
        },
        "MS2_3": {
          "meanserv": 4.983168599247793,
          "stddevserv": 4.983168599247793,
          "rate": 0.20067553005349842,
          "cv": 1.0,
          "lambda": 0.15
        }
      },
      "sensors": [
        "S2"
      ],
      "sources": [
        {
          "startTime": 0,
          "stopTime": -1,
          "lambda": 0.15
        }
      ]
    },
    "SC3": {
      "resptime": 7541.452469449509,
      "resptime_old": 7531.452469449509,
      "waittime": 7528.192088412758,
      "servicetime": 10.0,
      "networktime": 3.2603810367521544,
      "services": {
        "MS3_1": {
          "meanserv": 7.086642836037611,
          "stddevserv": 7.086642836037611,
          "rate": 0.14111054036965334,
          "cv": 1.0,
          "lambda": 0.15
        },
        "MS3_2": {
          "meanserv": 2.0598935875563766,
          "stddevserv": 2.0598935875563766,
          "rate": 0.4854619704827987,
          "cv": 1.0,
          "lambda": 0.15
        },
        "MS3_3": {
          "meanserv": 0.8534635764060123,
          "stddevserv": 0.8534635764060123,
          "rate": 1.1716961656536786,
          "cv": 1.0,
          "lambda": 0.15
        }
      },
      "sensors": [
        "S3"
      ],
      "sources": [
        {
          "startTime": 0,
          "stopTime": -1,
          "lambda": 0.15
        }
      ]
    },
    "SC4": {
      "resptime": 7918.259021045225,
      "resptime_old": 7908.259021045225,
      "waittime": 7905.371703433322,
      "servicetime": 10.0,
      "networktime": 2.8873176119032515,
      "services": {
        "MS4_1": {
          "meanserv": 2.5931245021394345,
          "stddevserv": 2.5931245021394345,
          "rate": 0.38563516683250604,
          "cv": 1.0,
          "lambda": 0.15
        },
        "MS4_2": {
          "meanserv": 0.1451735086645476,
          "stddevserv": 0.1451735086645476,
          "rate": 6.888309094400273,
          "cv": 1.0,
          "lambda": 0.15
        },
        "MS4_3": {
          "meanserv": 7.261701989196018,
          "stddevserv": 7.261701989196018,
          "rate": 0.13770876324693618,
          "cv": 1.0,
          "lambda": 0.15
        }
      },
      "sensors": [
        "S4"
      ],
      "sources": [
        {
          "startTime": 0,
          "stopTime": -1,
          "lambda": 0.15
        }
      ]
    }
  },
  "microservice": {
    "MS1_1": "F4",
    "MS1_2": "F4",
    "MS1_3": "F1",
    "MS2_1": "F6",
    "MS2_2": "F3",
    "MS2_3": "F2",
    "MS3_1": "F10",
    "MS3_2": "F9",
    "MS3_3": "F9",
    "MS4_1": "F8",
    "MS4_2": "F8",
    "MS4_3": "F7"
  },
  "sensor": {
    "S1": "F4",
    "S2": "F6",
    "S3": "F10",
    "S4": "F8"
  },
  "fog": {
    "F1": {
      "rho": 1.2058218937567435,
      "capacity": 1.0,
      "tserv": 8.038812625044956,
      "stddev": 8.038812625044956,
      "mu": 0.12439648075444569,
      "cv": 1.0,
      "lambda": 0.15,
      "twait": 9683.682886824232
    },
    "F2": {
      "rho": 0.7474752898871688,
      "capacity": 1.0,
      "tserv": 4.983168599247793,
      "stddev": 4.983168599247793,
      "mu": 0.20067553005349842,
      "cv": 1.0,
      "lambda": 0.15,
      "twait": 14.750221440171524
    },
    "F3": {
      "rho": 0.5452005944302923,
      "capacity": 1.0,
      "tserv": 3.6346706295352824,
      "stddev": 3.6346706295352824,
      "mu": 0.275128093278663,
      "cv": 1.0,
      "lambda": 0.15,
      "twait": 4.357139792869045
    },
    "F4": {
      "rho": 0.2941781062432565,
      "capacity": 1.0,
      "tserv": 0.9805936874775217,
      "stddev": 0.9806121970591206,
      "mu": 1.0197903706400548,
      "cv": 1.000018875893079,
      "lambda": 0.3,
      "twait": 0.4087074114489038
    },
    "F5": {
      "rho": 0,
      "capacity": 1.0,
      "tserv": 0,
      "stddev": 0,
      "mu": 0,
      "cv": 0,
      "lambda": 0.0,
      "twait": 0
    },
    "F6": {
      "rho": 0.2073241156825387,
      "capacity": 1.0,
      "tserv": 1.3821607712169248,
      "stddev": 1.3821607712169248,
      "mu": 0.7235048344770696,
      "cv": 1.0,
      "lambda": 0.15,
      "twait": 0.3615036931146012
    },
    "F7": {
      "rho": 1.0892552983794028,
      "capacity": 1.0,
      "tserv": 7.261701989196018,
      "stddev": 7.261701989196018,
      "mu": 0.13770876324693618,
      "cv": 1.0,
      "lambda": 0.15,
      "twait": 7901.937519617021
    },
    "F8": {
      "rho": 0.4107447016205973,
      "capacity": 1.0,
      "tserv": 1.369149005401991,
      "stddev": 2.2069891327826254,
      "mu": 0.730380693448624,
      "cv": 1.6119422532353511,
      "lambda": 0.3,
      "twait": 1.7170919081504983
    },
    "F9": {
      "rho": 0.43700357459435835,
      "capacity": 1.0,
      "tserv": 1.4566785819811945,
      "stddev": 1.6880903936415483,
      "mu": 0.6864932404236516,
      "cv": 1.158862644459024,
      "lambda": 0.3,
      "twait": 1.3245807905597942
    },
    "F10": {
      "rho": 1.0629964254056417,
      "capacity": 1.0,
      "tserv": 7.086642836037611,
      "stddev": 7.086642836037611,
      "mu": 0.14111054036965334,
      "cv": 1.0,
      "lambda": 0.15,
      "twait": 7525.542926831638
    }
  },
  "extra": {
    "conv_gen": 0,
    "max_gen": 600,
    "population": 600,
    "deltatime": 27.5129731,
    "obj_func": 6297.711833225015
  },
  "network": [
    [
      0.0,
      2.891907695815417,
      4.417007212821288,
      2.586166586053486,
      4.044606698740892,
      2.516308930437522,
      4.3009052164475445,
      3.276896509016259,
      3.2241628492284744,
      3.2241628492284744
    ],
    [
      2.891907695815417,
      0.0,
      2.4484050534057697,
      3.7032830269460124,
      2.945305256950228,
      2.596845875241463,
      3.2359168807103167,
      3.2241628492284744,
      3.777420155325877,
      3.777420155325877
    ],
    [
      4.417007212821288,
      2.4484050534057697,
      0.0,
      3.638477124712038,
      2.709433562721476,
      2.132104192581197,
      3.276896509016259,
      3.777420155325877,
      4.316702354549016,
      4.316702354549016
    ],
    [
      2.586166586053486,
      3.7032830269460124,
      3.638477124712038,
      0.0,
      3.97332287937092,
      4.3009052164475445,
      3.2241628492284744,
      4.316702354549016,
      3.2918810702254104,
      3.2918810702254104
    ],
    [
      4.044606698740892,
      2.945305256950228,
      2.709433562721476,
      3.97332287937092,
      0.0,
      3.2359168807103167,
      3.777420155325877,
      3.2918810702254104,
      3.899275962413075,
      3.899275962413075
    ],
    [
      2.516308930437522,
      2.596845875241463,
      2.132104192581197,
      4.3009052164475445,
      3.2359168807103167,
      0.0,
      4.316702354549016,
      3.899275962413075,
      2.8873176119032515,
      2.8873176119032515
    ],
    [
      4.3009052164475445,
      3.2359168807103167,
      3.276896509016259,
      3.2241628492284744,
      3.777420155325877,
      4.316702354549016,
      0.0,
      2.8873176119032515,
      3.5855468470406087,
      3.5855468470406087
    ],
    [
      3.276896509016259,
      3.2241628492284744,
      3.777420155325877,
      4.316702354549016,
      3.2918810702254104,
      3.899275962413075,
      2.8873176119032515,
      0.0,
      3.1910777866917526,
      3.1910777866917526
    ],
    [
      3.2241628492284744,
      3.777420155325877,
      4.316702354549016,
      3.2918810702254104,
      3.899275962413075,
      2.8873176119032515,
      3.5855468470406087,
      3.1910777866917526,
      0.0,
      3.2603810367521544
    ],
    [
      3.2241628492284744,
      3.777420155325877,
      4.316702354549016,
      3.2918810702254104,
      3.899275962413075,
      2.8873176119032515,
      3.5855468470406087,
      3.1910777866917526,
      3.2603810367521544,
      0.0
    ]
  ]
}