{
  "servicechain": {
    "SC1": {
      "resptime": 34.23083226421701,
      "resptime_old": 24.23083226421701,
      "waittime": 20.638179707342665,
      "servicetime": 10.0,
      "networktime": 3.5926525568743415,
      "services": {
        "MS1_1": {
          "meanserv": 0.0298393815265674,
          "stddevserv": 0.0298393815265674,
          "rate": 33.51275893937859,
          "cv": 1.0,
          "lambda": 0.15
        },
        "MS1_2": {
          "meanserv": 0.33250858700857977,
          "stddevserv": 0.33250858700857977,
          "rate": 3.0074411280518203,
          "cv": 1.0,
          "lambda": 0.15
        },
        "MS1_3": {
          "meanserv": 1.928500984615227,
          "stddevserv": 1.928500984615227,
          "rate": 0.5185374588748365,
          "cv": 1.0,
          "lambda": 0.15
        },
        "MS1_4": {
          "meanserv": 0.09556158759389266,
          "stddevserv": 0.09556158759389266,
          "rate": 10.464455700021354,
          "cv": 1.0,
          "lambda": 0.15
        },
        "MS1_5": {
          "meanserv": 0.09995478846434391,
          "stddevserv": 0.09995478846434391,
          "rate": 10.004523198573144,
          "cv": 1.0,
          "lambda": 0.15
        },
        "MS1_6": {
          "meanserv": 0.2982331114580261,
          "stddevserv": 0.2982331114580261,
          "rate": 3.3530817390165675,
          "cv": 1.0,
          "lambda": 0.15
        },
        "MS1_7": {
          "meanserv": 1.0193930692969864,
          "stddevserv": 1.0193930692969864,
          "rate": 0.9809758670319776,
          "cv": 1.0,
          "lambda": 0.15
        },
        "MS1_8": {
          "meanserv": 2.500956229047974,
          "stddevserv": 2.500956229047974,
          "rate": 0.39984706184988483,
          "cv": 1.0,
          "lambda": 0.15
        },
        "MS1_9": {
          "meanserv": 2.123462620777172,
          "stddevserv": 2.123462620777172,
          "rate": 0.470928939466807,
          "cv": 1.0,
          "lambda": 0.15
        },
        "MS1_10": {
          "meanserv": 1.571589640211231,
          "stddevserv": 1.571589640211231,
          "rate": 0.6362984168472846,
          "cv": 1.0,
          "lambda": 0.15
        }
      },
      "sensors": [
        "S1"
      ],
      "sources": [
        {
          "startTime": 0,
          "stopTime": -1,
          "lambda": 0.15
        }
      ]
    },
    "SC2": {
      "resptime": 34.006570279390324,
      "resptime_old": 24.006570279390324,
      "waittime": 19.896248175479112,
      "servicetime": 10.0,
      "networktime": 4.110322103911211,
      "services": {
        "MS2_1": {
          "meanserv": 0.38061931589702613,
          "stddevserv": 0.38061931589702613,
          "rate": 2.6272970346847635,
          "cv": 1.0,
          "lambda": 0.15
        },
        "MS2_2": {
          "meanserv": 0.2780501459886153,
          "stddevserv": 0.2780501459886153,
          "rate": 3.596473565746463,
          "cv": 1.0,
          "lambda": 0.15
        },
        "MS2_3": {
          "meanserv": 0.7801466560112957,
          "stddevserv": 0.7801466560112957,
          "rate": 1.2818102754073986,
          "cv": 1.0,
          "lambda": 0.15
        },
        "MS2_4": {
          "meanserv": 0.9719682547800743,
          "stddevserv": 0.9719682547800743,
          "rate": 1.0288401859649916,
          "cv": 1.0,
          "lambda": 0.15
        },
        "MS2_5": {
          "meanserv": 0.30680323415939004,
          "stddevserv": 0.30680323415939004,
          "rate": 3.259418052550519,
          "cv": 1.0,
          "lambda": 0.15
        },
        "MS2_6": {
          "meanserv": 1.4045641550802141,
          "stddevserv": 1.4045641550802141,
          "rate": 0.7119646307241055,
          "cv": 1.0,
          "lambda": 0.15
        },
        "MS2_7": {
          "meanserv": 1.4544003375114194,
          "stddevserv": 1.4544003375114194,
          "rate": 0.6875685973169327,
          "cv": 1.0,
          "lambda": 0.15
        },
        "MS2_8": {
          "meanserv": 3.8803899363742467,
          "stddevserv": 3.8803899363742467,
          "rate": 0.2577060595447216,
          "cv": 1.0,
          "lambda": 0.15
        },
        "MS2_9": {
          "meanserv": 0.4443335455333237,
          "stddevserv": 0.4443335455333237,
          "rate": 2.2505615658608944,
          "cv": 1.0,
          "lambda": 0.15
        },
        "MS2_10": {
          "meanserv": 0.09872441866439452,
          "stddevserv": 0.09872441866439452,
          "rate": 10.129206264555654,
          "cv": 1.0,
          "lambda": 0.15
        }
      },
      "sensors": [
        "S2"
      ],
      "sources": [
        {
          "startTime": 0,
          "stopTime": -1,
          "lambda": 0.15
        }
      ]
    },
    "SC3": {
      "resptime": 32.08228895426778,
      "resptime_old": 22.08228895426778,
      "waittime": 19.446323303270944,
      "servicetime": 10.0,
      "networktime": 2.63596565099684,
      "services": {
        "MS3_1": {
          "meanserv": 1.9235214391837596,
          "stddevserv": 1.9235214391837596,
          "rate": 0.519879830621668,
          "cv": 1.0,
          "lambda": 0.15
        },
        "MS3_2": {
          "meanserv": 1.8031966783864153,
          "stddevserv": 1.8031966783864153,
          "rate": 0.5545706755043752,
          "cv": 1.0,
          "lambda": 0.15
        },
        "MS3_3": {
          "meanserv": 2.7525887048092965,
          "stddevserv": 2.7525887048092965,
          "rate": 0.36329437749010945,
          "cv": 1.0,
          "lambda": 0.15
        },
        "MS3_4": {
          "meanserv": 0.0953077778356084,
          "stddevserv": 0.0953077778356084,
          "rate": 10.492323110552947,
          "cv": 1.0,
          "lambda": 0.15
        },
        "MS3_5": {
          "meanserv": 1.1646649475769495,
          "stddevserv": 1.1646649475769495,
          "rate": 0.8586160355220358,
          "cv": 1.0,
          "lambda": 0.15
        },
        "MS3_6": {
          "meanserv": 0.14087321555027632,
          "stddevserv": 0.14087321555027632,
          "rate": 7.098581487572487,
          "cv": 1.0,
          "lambda": 0.15
        },
        "MS3_7": {
          "meanserv": 0.5028835118796806,
          "stddevserv": 0.5028835118796806,
          "rate": 1.9885320882010922,
          "cv": 1.0,
          "lambda": 0.15
        },
        "MS3_8": {
          "meanserv": 1.2866905811704932,
          "stddevserv": 1.2866905811704932,
          "rate": 0.7771876274172359,
          "cv": 1.0,
          "lambda": 0.15
        },
        "MS3_9": {
          "meanserv": 0.28615785388004156,
          "stddevserv": 0.28615785388004156,
          "rate": 3.494574712666121,
          "cv": 1.0,
          "lambda": 0.15
        },
        "MS3_10": {
          "meanserv": 0.04411528972747902,
          "stddevserv": 0.04411528972747902,
          "rate": 22.667877875844685,
          "cv": 1.0,
          "lambda": 0.15
        }
      },
      "sensors": [
        "S3"
      ],
      "sources": [
        {
          "startTime": 0,
          "stopTime": -1,
          "lambda": 0.15
        }
      ]
    },
    "SC4": {
      "resptime": 29.03222605535061,
      "resptime_old": 19.03222605535061,
      "waittime": 15.506982005225392,
      "servicetime": 10.0,
      "networktime": 3.5252440501252167,
      "services": {
        "MS4_1": {
          "meanserv": 1.419044389536518,
          "stddevserv": 1.419044389536518,
          "rate": 0.7046995903536292,
          "cv": 1.0,
          "lambda": 0.15
        },
        "MS4_2": {
          "meanserv": 0.7551382271693987,
          "stddevserv": 0.7551382271693987,
          "rate": 1.324260862476072,
          "cv": 1.0,
          "lambda": 0.15
        },
        "MS4_3": {
          "meanserv": 0.34524476201438814,
          "stddevserv": 0.34524476201438814,
          "rate": 2.8964957908856697,
          "cv": 1.0,
          "lambda": 0.15
        },
        "MS4_4": {
          "meanserv": 0.4175713291048191,
          "stddevserv": 0.4175713291048191,
          "rate": 2.394800433602038,
          "cv": 1.0,
          "lambda": 0.15
        },
        "MS4_5": {
          "meanserv": 1.0195406853678688,
          "stddevserv": 1.0195406853678688,
          "rate": 0.980833834639156,
          "cv": 1.0,
          "lambda": 0.15
        },
        "MS4_6": {
          "meanserv": 0.09573907959132955,
          "stddevserv": 0.09573907959132955,
          "rate": 10.445055501563056,
          "cv": 1.0,
          "lambda": 0.15
        },
        "MS4_7": {
          "meanserv": 1.3224405458922872,
          "stddevserv": 1.3224405458922872,
          "rate": 0.7561776619040914,
          "cv": 1.0,
          "lambda": 0.15
        },
        "MS4_8": {
          "meanserv": 3.7795594762792124,
          "stddevserv": 3.7795594762792124,
          "rate": 0.2645810990079855,
          "cv": 1.0,
          "lambda": 0.15
        },
        "MS4_9": {
          "meanserv": 0.2751846981616488,
          "stddevserv": 0.2751846981616488,
          "rate": 3.6339229858361555,
          "cv": 1.0,
          "lambda": 0.15
        },
        "MS4_10": {
          "meanserv": 0.5705368068825294,
          "stddevserv": 0.5705368068825294,
          "rate": 1.752735297594735,
          "cv": 1.0,
          "lambda": 0.15
        }
      },
      "sensors": [
        "S4"
      ],
      "sources": [
        {
          "startTime": 0,
          "stopTime": -1,
          "lambda": 0.15
        }
      ]
    }
  },
  "microservice": {
    "MS1_1": "F9",
    "MS1_2": "F9",
    "MS1_3": "F1",
    "MS1_4": "F8",
    "MS1_5": "F8",
    "MS1_6": "F8",
    "MS1_7": "F8",
    "MS1_8": "F10",
    "MS1_9": "F2",
    "MS1_10": "F2",
    "MS2_1": "F8",
    "MS2_2": "F8",
    "MS2_3": "F8",
    "MS2_4": "F7",
    "MS2_5": "F7",
    "MS2_6": "F6",
    "MS2_7": "F10",
    "MS2_8": "F5",
    "MS2_9": "F7",
    "MS2_10": "F7",
    "MS3_1": "F3",
    "MS3_2": "F3",
    "MS3_3": "F1",
    "MS3_4": "F8",
    "MS3_5": "F8",
    "MS3_6": "F7",
    "MS3_7": "F7",
    "MS3_8": "F7",
    "MS3_9": "F7",
    "MS3_10": "F7",
    "MS4_1": "F6",
    "MS4_2": "F9",
    "MS4_3": "F9",
    "MS4_4": "F9",
    "MS4_5": "F9",
    "MS4_6": "F9",
    "MS4_7": "F6",
    "MS4_8": "F4",
    "MS4_9": "F9",
    "MS4_10": "F9"
  },
  "sensor": {
    "S1": "F9",
    "S2": "F8",
    "S3": "F3",
    "S4": "F6"
  },
  "fog": {
    "F1": {
      "rho": 0.7021634534136786,
      "capacity": 1.0,
      "tserv": 2.340544844712262,
      "stddev": 2.411993046299361,
      "mu": 0.4272509464021555,
      "cv": 1.0305263117468202,
      "lambda": 0.3,
      "twait": 5.6889562857416625
    },
    "F2": {
      "rho": 0.5542578391482604,
      "capacity": 1.0,
      "tserv": 1.8475261304942014,
      "stddev": 1.8882888275362548,
      "mu": 0.5412643336917278,
      "cv": 1.0220633940539448,
      "lambda": 0.3,
      "twait": 2.348550836784688
    },
    "F3": {
      "rho": 0.5590077176355261,
      "capacity": 1.0,
      "tserv": 1.8633590587850872,
      "stddev": 1.8653005135867293,
      "mu": 0.5366652204175836,
      "cv": 1.001041911269054,
      "lambda": 0.3,
      "twait": 2.3644811709646043
    },
    "F4": {
      "rho": 0.5669339214418818,
      "capacity": 1.0,
      "tserv": 3.7795594762792124,
      "stddev": 3.7795594762792124,
      "mu": 0.2645810990079855,
      "cv": 1.0,
      "lambda": 0.15,
      "twait": 4.947883432348388
    },
    "F5": {
      "rho": 0.582058490456137,
      "capacity": 1.0,
      "tserv": 3.8803899363742467,
      "stddev": 3.8803899363742467,
      "mu": 0.2577060595447216,
      "cv": 1.0,
      "lambda": 0.15,
      "twait": 5.404138754277381
    },
    "F6": {
      "rho": 0.6219073635763528,
      "capacity": 1.0,
      "tserv": 1.3820163635030065,
      "stddev": 1.3833251242678624,
      "mu": 0.7235804339286498,
      "cv": 1.0009469936821431,
      "lambda": 0.44999999999999996,
      "twait": 2.2753695351811065
    },
    "F7": {
      "rho": 0.6123824858017731,
      "capacity": 1.0,
      "tserv": 0.45361665614946156,
      "stddev": 0.7199097508534563,
      "mu": 2.204504588717111,
      "cv": 1.5870443492186368,
      "lambda": 1.3499999999999999,
      "twait": 1.2608453260561054
    },
    "F8": {
      "rho": 0.6317897100184118,
      "capacity": 1.0,
      "tserv": 0.4679923777914161,
      "stddev": 0.7238772247919754,
      "mu": 2.136786938110559,
      "cv": 1.546771398731214,
      "lambda": 1.3499999999999999,
      "twait": 1.3620890226597702
    },
    "F9": {
      "rho": 0.5761955335240694,
      "capacity": 1.0,
      "tserv": 0.42681150631412557,
      "stddev": 0.5972822931667554,
      "mu": 2.342954642052265,
      "cv": 1.3994053213906712,
      "lambda": 1.3499999999999999,
      "twait": 0.8583370717878273
    },
    "F10": {
      "rho": 0.593303484983909,
      "capacity": 1.0,
      "tserv": 1.9776782832796966,
      "stddev": 2.1115991592182133,
      "mu": 0.5056434145303164,
      "cv": 1.0677162089864425,
      "lambda": 0.3,
      "twait": 3.087091513816892
    }
  },
  "extra": {
    "conv_gen": 305,
    "max_gen": 600,
    "population": 600,
    "deltatime": 61.5807482,
    "obj_func": 32.33797938830643
  },
  "network": [
    [
      0.0,
      1.289823341758961,
      1.036146964493009,
      1.0491677326676059,
      1.134952309653185,
      0.825354822291908,
      0.8078992564021078,
      0.6980397174609249,
      0.9355263470907939,
      0.9355263470907939
    ],
    [
      1.289823341758961,
      0.0,
      1.0224617739240487,
      0.5299420213099602,
      0.7852697958319889,
      0.7593350351056513,
      1.2351533453174866,
      0.9355263470907939,
      0.7159344614226691,
      0.7159344614226691
    ],
    [
      1.036146964493009,
      1.0224617739240487,
      0.0,
      1.0756288982069921,
      0.9939352372476579,
      1.3091892899797692,
      0.6980397174609249,
      0.7159344614226691,
      0.7834051723307478,
      0.7834051723307478
    ],
    [
      1.0491677326676059,
      0.5299420213099602,
      1.0756288982069921,
      0.0,
      0.7825318399488046,
      0.8078992564021078,
      0.9355263470907939,
      0.7834051723307478,
      0.9137868556372963,
      0.9137868556372963
    ],
    [
      1.134952309653185,
      0.7852697958319889,
      0.9939352372476579,
      0.7825318399488046,
      0.0,
      1.2351533453174866,
      0.7159344614226691,
      0.9137868556372963,
      0.8074245320719822,
      0.8074245320719822
    ],
    [
      0.825354822291908,
      0.7593350351056513,
      1.3091892899797692,
      0.8078992564021078,
      1.2351533453174866,
      0.0,
      0.7834051723307478,
      0.8074245320719822,
      0.9017789690429063,
      0.9017789690429063
    ],
    [
      0.8078992564021078,
      1.2351533453174866,
      0.6980397174609249,
      0.9355263470907939,
      0.7159344614226691,
      0.7834051723307478,
      0.0,
      0.9017789690429063,
      0.8764051824329326,
      0.8764051824329326
    ],
    [
      0.6980397174609249,
      0.9355263470907939,
      0.7159344614226691,
      0.7834051723307478,
      0.9137868556372963,
      0.8074245320719822,
      0.9017789690429063,
      0.0,
      1.2431520308999535,
      1.2431520308999535
    ],
    [
      0.9355263470907939,
      0.7159344614226691,
      0.7834051723307478,
      0.9137868556372963,
      0.8074245320719822,
      0.9017789690429063,
      0.8764051824329326,
      1.2431520308999535,
      0.0,
      1.0947856618218677
    ],
    [
      0.9355263470907939,
      0.7159344614226691,
      0.7834051723307478,
      0.9137868556372963,
      0.8074245320719822,
      0.9017789690429063,
      0.8764051824329326,
      1.2431520308999535,
      1.0947856618218677,
      0.0
    ]
  ]
}