{
  "servicechain": {
    "SC1": {
      "resptime": 33.25667166841922,
      "resptime_old": 23.25667166841923,
      "waittime": 18.853174424387973,
      "servicetime": 10.0,
      "networktime": 4.40349724403125,
      "services": {
        "MS1_1": {
          "meanserv": 0.012563001560701448,
          "stddevserv": 0.012563001560701448,
          "rate": 79.59881204887517,
          "cv": 1.0,
          "lambda": 0.15
        },
        "MS1_2": {
          "meanserv": 2.3337569204653685,
          "stddevserv": 2.3337569204653685,
          "rate": 0.42849364097465326,
          "cv": 1.0,
          "lambda": 0.15
        },
        "MS1_3": {
          "meanserv": 0.9565069176818675,
          "stddevserv": 0.9565069176818675,
          "rate": 1.0454707451813727,
          "cv": 1.0,
          "lambda": 0.15
        },
        "MS1_4": {
          "meanserv": 0.3961737016279985,
          "stddevserv": 0.3961737016279985,
          "rate": 2.52414533294536,
          "cv": 1.0,
          "lambda": 0.15
        },
        "MS1_5": {
          "meanserv": 3.560438718802345,
          "stddevserv": 3.560438718802345,
          "rate": 0.280864263923177,
          "cv": 1.0,
          "lambda": 0.15
        },
        "MS1_6": {
          "meanserv": 0.029410538525383778,
          "stddevserv": 0.029410538525383778,
          "rate": 34.00141752375311,
          "cv": 1.0,
          "lambda": 0.15
        },
        "MS1_7": {
          "meanserv": 0.32912325554600663,
          "stddevserv": 0.32912325554600663,
          "rate": 3.038375390219773,
          "cv": 1.0,
          "lambda": 0.15
        },
        "MS1_8": {
          "meanserv": 0.5548980510827901,
          "stddevserv": 0.5548980510827901,
          "rate": 1.802132838723561,
          "cv": 1.0,
          "lambda": 0.15
        },
        "MS1_9": {
          "meanserv": 1.3722042844199898,
          "stddevserv": 1.3722042844199898,
          "rate": 0.7287544656098236,
          "cv": 1.0,
          "lambda": 0.15
        },
        "MS1_10": {
          "meanserv": 0.4549246102875486,
          "stddevserv": 0.4549246102875486,
          "rate": 2.1981664156791174,
          "cv": 1.0,
          "lambda": 0.15
        }
      },
      "sensors": [
        "S1"
      ],
      "sources": [
        {
          "startTime": 0,
          "stopTime": -1,
          "lambda": 0.15
        }
      ]
    },
    "SC2": {
      "resptime": 34.708760891310824,
      "resptime_old": 24.70876089131082,
      "waittime": 21.36515281300651,
      "servicetime": 10.0,
      "networktime": 3.343608078304313,
      "services": {
        "MS2_1": {
          "meanserv": 0.28736670667781294,
          "stddevserv": 0.28736670667781294,
          "rate": 3.479874239993885,
          "cv": 1.0,
          "lambda": 0.15
        },
        "MS2_2": {
          "meanserv": 2.975662228270047,
          "stddevserv": 2.975662228270047,
          "rate": 0.3360596476641663,
          "cv": 1.0,
          "lambda": 0.15
        },
        "MS2_3": {
          "meanserv": 0.19386271283446144,
          "stddevserv": 0.19386271283446144,
          "rate": 5.158289520346782,
          "cv": 1.0,
          "lambda": 0.15
        },
        "MS2_4": {
          "meanserv": 0.16767104165539948,
          "stddevserv": 0.16767104165539948,
          "rate": 5.964059089316198,
          "cv": 1.0,
          "lambda": 0.15
        },
        "MS2_5": {
          "meanserv": 1.9547091480504877,
          "stddevserv": 1.9547091480504877,
          "rate": 0.5115850616432329,
          "cv": 1.0,
          "lambda": 0.15
        },
        "MS2_6": {
          "meanserv": 1.7024184090108392,
          "stddevserv": 1.7024184090108392,
          "rate": 0.5873996631539203,
          "cv": 1.0,
          "lambda": 0.15
        },
        "MS2_7": {
          "meanserv": 0.36304283676243543,
          "stddevserv": 0.36304283676243543,
          "rate": 2.7544958851629144,
          "cv": 1.0,
          "lambda": 0.15
        },
        "MS2_8": {
          "meanserv": 1.1145302597214144,
          "stddevserv": 1.1145302597214144,
          "rate": 0.8972389859113901,
          "cv": 1.0,
          "lambda": 0.15
        },
        "MS2_9": {
          "meanserv": 0.26257443660536595,
          "stddevserv": 0.26257443660536595,
          "rate": 3.8084438566384193,
          "cv": 1.0,
          "lambda": 0.15
        },
        "MS2_10": {
          "meanserv": 0.9781622204117362,
          "stddevserv": 0.9781622204117362,
          "rate": 1.0223253148941611,
          "cv": 1.0,
          "lambda": 0.15
        }
      },
      "sensors": [
        "S2"
      ],
      "sources": [
        {
          "startTime": 0,
          "stopTime": -1,
          "lambda": 0.15
        }
      ]
    },
    "SC3": {
      "resptime": 34.98573586752171,
      "resptime_old": 24.98573586752171,
      "waittime": 21.46080174395268,
      "servicetime": 10.0,
      "networktime": 3.5249341235690315,
      "services": {
        "MS3_1": {
          "meanserv": 0.08632193210018513,
          "stddevserv": 0.08632193210018513,
          "rate": 11.584541444686401,
          "cv": 1.0,
          "lambda": 0.15
        },
        "MS3_2": {
          "meanserv": 0.6556412714286852,
          "stddevserv": 0.6556412714286852,
          "rate": 1.525224301119627,
          "cv": 1.0,
          "lambda": 0.15
        },
        "MS3_3": {
          "meanserv": 0.19104642510654024,
          "stddevserv": 0.19104642510654024,
          "rate": 5.234329820316361,
          "cv": 1.0,
          "lambda": 0.15
        },
        "MS3_4": {
          "meanserv": 1.0714587865782166,
          "stddevserv": 1.0714587865782166,
          "rate": 0.933307013322999,
          "cv": 1.0,
          "lambda": 0.15
        },
        "MS3_5": {
          "meanserv": 1.0359485823119075,
          "stddevserv": 1.0359485823119075,
          "rate": 0.9652988739733765,
          "cv": 1.0,
          "lambda": 0.15
        },
        "MS3_6": {
          "meanserv": 0.3930214024056933,
          "stddevserv": 0.3930214024056933,
          "rate": 2.544390696992521,
          "cv": 1.0,
          "lambda": 0.15
        },
        "MS3_7": {
          "meanserv": 1.3252273502908332,
          "stddevserv": 1.3252273502908332,
          "rate": 0.7545875051405639,
          "cv": 1.0,
          "lambda": 0.15
        },
        "MS3_8": {
          "meanserv": 1.025716088228938,
          "stddevserv": 1.025716088228938,
          "rate": 0.9749286488492728,
          "cv": 1.0,
          "lambda": 0.15
        },
        "MS3_9": {
          "meanserv": 3.438056054211989,
          "stddevserv": 3.438056054211989,
          "rate": 0.29086204070899085,
          "cv": 1.0,
          "lambda": 0.15
        },
        "MS3_10": {
          "meanserv": 0.7775621073370118,
          "stddevserv": 0.7775621073370118,
          "rate": 1.2860709010432512,
          "cv": 1.0,
          "lambda": 0.15
        }
      },
      "sensors": [
        "S3"
      ],
      "sources": [
        {
          "startTime": 0,
          "stopTime": -1,
          "lambda": 0.15
        }
      ]
    },
    "SC4": {
      "resptime": 33.724139517308465,
      "resptime_old": 23.724139517308465,
      "waittime": 20.02916764523938,
      "servicetime": 10.0,
      "networktime": 3.6949718720690856,
      "services": {
        "MS4_1": {
          "meanserv": 0.5240210335801565,
          "stddevserv": 0.5240210335801565,
          "rate": 1.9083203457844327,
          "cv": 1.0,
          "lambda": 0.15
        },
        "MS4_2": {
          "meanserv": 0.9269327401153704,
          "stddevserv": 0.9269327401153704,
          "rate": 1.0788269274807742,
          "cv": 1.0,
          "lambda": 0.15
        },
        "MS4_3": {
          "meanserv": 3.6832180939658357,
          "stddevserv": 3.6832180939658357,
          "rate": 0.27150170706379995,
          "cv": 1.0,
          "lambda": 0.15
        },
        "MS4_4": {
          "meanserv": 0.031799285256246534,
          "stddevserv": 0.031799285256246534,
          "rate": 31.447247695718687,
          "cv": 1.0,
          "lambda": 0.15
        },
        "MS4_5": {
          "meanserv": 0.37251567889047177,
          "stddevserv": 0.37251567889047177,
          "rate": 2.684450767222668,
          "cv": 1.0,
          "lambda": 0.15
        },
        "MS4_6": {
          "meanserv": 1.5842661930357353,
          "stddevserv": 1.5842661930357353,
          "rate": 0.63120705623581,
          "cv": 1.0,
          "lambda": 0.15
        },
        "MS4_7": {
          "meanserv": 0.3298652563545863,
          "stddevserv": 0.3298652563545863,
          "rate": 3.031540851107572,
          "cv": 1.0,
          "lambda": 0.15
        },
        "MS4_8": {
          "meanserv": 0.22216158876089143,
          "stddevserv": 0.22216158876089143,
          "rate": 4.501228162696848,
          "cv": 1.0,
          "lambda": 0.15
        },
        "MS4_9": {
          "meanserv": 0.8898842622529886,
          "stddevserv": 0.8898842622529886,
          "rate": 1.1237416396916864,
          "cv": 1.0,
          "lambda": 0.15
        },
        "MS4_10": {
          "meanserv": 1.4353358677877175,
          "stddevserv": 1.4353358677877175,
          "rate": 0.696701045687167,
          "cv": 1.0,
          "lambda": 0.15
        }
      },
      "sensors": [
        "S4"
      ],
      "sources": [
        {
          "startTime": 0,
          "stopTime": -1,
          "lambda": 0.15
        }
      ]
    }
  },
  "microservice": {
    "MS1_1": "F3",
    "MS1_2": "F10",
    "MS1_3": "F4",
    "MS1_4": "F4",
    "MS1_5": "F8",
    "MS1_6": "F4",
    "MS1_7": "F4",
    "MS1_8": "F5",
    "MS1_9": "F5",
    "MS1_10": "F5",
    "MS2_1": "F3",
    "MS2_2": "F1",
    "MS2_3": "F3",
    "MS2_4": "F3",
    "MS2_5": "F4",
    "MS2_6": "F7",
    "MS2_7": "F7",
    "MS2_8": "F7",
    "MS2_9": "F7",
    "MS2_10": "F7",
    "MS3_1": "F5",
    "MS3_2": "F5",
    "MS3_3": "F3",
    "MS3_4": "F3",
    "MS3_5": "F5",
    "MS3_6": "F2",
    "MS3_7": "F2",
    "MS3_8": "F2",
    "MS3_9": "F6",
    "MS3_10": "F6",
    "MS4_1": "F2",
    "MS4_2": "F2",
    "MS4_3": "F9",
    "MS4_4": "F3",
    "MS4_5": "F3",
    "MS4_6": "F1",
    "MS4_7": "F3",
    "MS4_8": "F3",
    "MS4_9": "F3",
    "MS4_10": "F10"
  },
  "sensor": {
    "S1": "F3",
    "S2": "F3",
    "S3": "F5",
    "S4": "F2"
  },
  "fog": {
    "F1": {
      "rho": 0.6839892631958674,
      "capacity": 1.0,
      "tserv": 2.2799642106528912,
      "stddev": 2.4831891320016166,
      "mu": 0.43860337602125765,
      "cv": 1.0891351365952056,
      "lambda": 0.3,
      "twait": 5.3943412724262165
    },
    "F2": {
      "rho": 0.6292377921931487,
      "capacity": 1.0,
      "tserv": 0.8389837229241982,
      "stddev": 0.9668205575725642,
      "mu": 1.1919182371197796,
      "cv": 1.1523710545930532,
      "lambda": 0.75,
      "twait": 1.6573651959799256
    },
    "F3": {
      "rho": 0.5655292118892475,
      "capacity": 1.0,
      "tserv": 0.3427449769025743,
      "stddev": 0.5683610855651828,
      "mu": 2.9176211684766753,
      "cv": 1.6582623345833605,
      "lambda": 1.6499999999999997,
      "twait": 0.8364646720464952
    },
    "F4": {
      "rho": 0.5498885342147616,
      "capacity": 1.0,
      "tserv": 0.7331847122863487,
      "stddev": 1.2096337429484472,
      "mu": 1.3639127811075324,
      "cv": 1.6498349224663307,
      "lambda": 0.75,
      "twait": 1.6668984516863943
    },
    "F5": {
      "rho": 0.6239908097446659,
      "capacity": 1.0,
      "tserv": 0.6933231219385176,
      "stddev": 0.9066841438328634,
      "mu": 1.4423289348897235,
      "cv": 1.3077367754558546,
      "lambda": 0.9,
      "twait": 1.5591318106973073
    },
    "F6": {
      "rho": 0.6323427242323502,
      "capacity": 1.0,
      "tserv": 2.1078090807745005,
      "stddev": 2.825238599069934,
      "mu": 0.4744262699696486,
      "cv": 1.3403674103310241,
      "lambda": 0.3,
      "twait": 5.069190689913995
    },
    "F7": {
      "rho": 0.6631092243767687,
      "capacity": 1.0,
      "tserv": 0.8841456325023582,
      "stddev": 1.1564893697765064,
      "mu": 1.1310353896899816,
      "cv": 1.3080304050174922,
      "lambda": 0.75,
      "twait": 2.358903814550883
    },
    "F8": {
      "rho": 0.5340658078203517,
      "capacity": 1.0,
      "tserv": 3.560438718802345,
      "stddev": 3.560438718802345,
      "mu": 0.280864263923177,
      "cv": 1.0,
      "lambda": 0.15,
      "twait": 4.081066838337711
    },
    "F9": {
      "rho": 0.5524827140948754,
      "capacity": 1.0,
      "tserv": 3.683218093965836,
      "stddev": 3.6832180939658348,
      "mu": 0.27150170706379995,
      "cv": 0.9999999999999997,
      "lambda": 0.15,
      "twait": 4.547118945454562
    },
    "F10": {
      "rho": 0.5653639182379628,
      "capacity": 1.0,
      "tserv": 1.8845463941265428,
      "stddev": 1.9887421415464013,
      "mu": 0.5306316698366473,
      "cv": 1.055289563443277,
      "lambda": 0.3,
      "twait": 2.5906536751662688
    }
  },
  "extra": {
    "conv_gen": 452,
    "max_gen": 600,
    "population": 600,
    "deltatime": 62.84368,
    "obj_func": 34.168826986140054
  },
  "network": [
    [
      0.0,
      0.8945046699499133,
      0.5857125968090037,
      1.3893243368862898,
      1.1334624949519176,
      1.1647017721903492,
      0.7711795760968023,
      0.7459743816624623,
      1.1277724661419983,
      1.1277724661419983
    ],
    [
      0.8945046699499133,
      0.0,
      1.2895301014762086,
      1.1897567683646124,
      0.7634164398618277,
      1.307633639456144,
      1.343059158083257,
      1.1277724661419983,
      0.8242376928201679,
      0.8242376928201679
    ],
    [
      0.5857125968090037,
      1.2895301014762086,
      0.0,
      1.0444104185443075,
      0.7269420221255297,
      1.0776394165909997,
      0.7459743816624623,
      0.8242376928201679,
      0.8496544928154554,
      0.8496544928154554
    ],
    [
      1.3893243368862898,
      1.1897567683646124,
      1.0444104185443075,
      0.0,
      0.8907413926412968,
      0.7711795760968023,
      1.1277724661419983,
      0.8496544928154554,
      0.9637923729435872,
      0.9637923729435872
    ],
    [
      1.1334624949519176,
      0.7634164398618277,
      0.7269420221255297,
      0.8907413926412968,
      0.0,
      1.343059158083257,
      0.8242376928201679,
      0.9637923729435872,
      1.1437995872541828,
      1.1437995872541828
    ],
    [
      1.1647017721903492,
      1.307633639456144,
      1.0776394165909997,
      0.7711795760968023,
      1.343059158083257,
      0.0,
      0.8496544928154554,
      1.1437995872541828,
      0.9031089469843211,
      0.9031089469843211
    ],
    [
      0.7711795760968023,
      1.343059158083257,
      0.7459743816624623,
      1.1277724661419983,
      0.8242376928201679,
      0.8496544928154554,
      0.0,
      0.9031089469843211,
      1.2654528774335074,
      1.2654528774335074
    ],
    [
      0.7459743816624623,
      1.1277724661419983,
      0.8242376928201679,
      0.8496544928154554,
      0.9637923729435872,
      1.1437995872541828,
      0.9031089469843211,
      0.0,
      1.2031007406540892,
      1.2031007406540892
    ],
    [
      1.1277724661419983,
      0.8242376928201679,
      0.8496544928154554,
      0.9637923729435872,
      1.1437995872541828,
      0.9031089469843211,
      1.2654528774335074,
      1.2031007406540892,
      0.0,
      0.9189066119286887
    ],
    [
      1.1277724661419983,
      0.8242376928201679,
      0.8496544928154554,
      0.9637923729435872,
      1.1437995872541828,
      0.9031089469843211,
      1.2654528774335074,
      1.2031007406540892,
      0.9189066119286887,
      0.0
    ]
  ]
}