{
  "servicechain": {
    "SC1": {
      "resptime": 68.35610750366344,
      "resptime_old": 58.35610750366344,
      "waittime": 51.18414006716938,
      "servicetime": 10.0,
      "networktime": 7.171967436494057,
      "services": {
        "MS1_1": {
          "meanserv": 2.962112673084257,
          "stddevserv": 2.962112673084257,
          "rate": 0.33759688113374986,
          "cv": 1.0,
          "lambda": 0.225
        },
        "MS1_2": {
          "meanserv": 1.5372837658356255,
          "stddevserv": 1.5372837658356255,
          "rate": 0.6504979901719233,
          "cv": 1.0,
          "lambda": 0.225
        },
        "MS1_3": {
          "meanserv": 2.2007954639990697,
          "stddevserv": 2.2007954639990697,
          "rate": 0.4543811618835755,
          "cv": 1.0,
          "lambda": 0.225
        },
        "MS1_4": {
          "meanserv": 2.6772917581990257,
          "stddevserv": 2.6772917581990257,
          "rate": 0.37351177619606357,
          "cv": 1.0,
          "lambda": 0.225
        },
        "MS1_5": {
          "meanserv": 0.6225163388820221,
          "stddevserv": 0.6225163388820221,
          "rate": 1.6063835397411437,
          "cv": 1.0,
          "lambda": 0.225
        }
      },
      "sensors": [
        "S1"
      ],
      "sources": [
        {
          "startTime": 0,
          "stopTime": -1,
          "lambda": 0.225
        }
      ]
    },
    "SC2": {
      "resptime": 90.98589484612826,
      "resptime_old": 80.98589484612826,
      "waittime": 75.23770750203394,
      "servicetime": 10.0,
      "networktime": 5.748187344094324,
      "services": {
        "MS2_1": {
          "meanserv": 1.1675417712762237,
          "stddevserv": 1.1675417712762237,
          "rate": 0.8565004050406813,
          "cv": 1.0,
          "lambda": 0.225
        },
        "MS2_2": {
          "meanserv": 1.3577426167996154,
          "stddevserv": 1.3577426167996154,
          "rate": 0.7365166178234402,
          "cv": 1.0,
          "lambda": 0.225
        },
        "MS2_3": {
          "meanserv": 1.8476887427698063,
          "stddevserv": 1.8476887427698063,
          "rate": 0.541216697841074,
          "cv": 1.0,
          "lambda": 0.225
        },
        "MS2_4": {
          "meanserv": 3.8452682318635762,
          "stddevserv": 3.8452682318635762,
          "rate": 0.26005988131427665,
          "cv": 1.0,
          "lambda": 0.225
        },
        "MS2_5": {
          "meanserv": 1.7817586372907783,
          "stddevserv": 1.7817586372907783,
          "rate": 0.5612432453368277,
          "cv": 1.0,
          "lambda": 0.225
        }
      },
      "sensors": [
        "S2"
      ],
      "sources": [
        {
          "startTime": 0,
          "stopTime": -1,
          "lambda": 0.225
        }
      ]
    },
    "SC3": {
      "resptime": 108.5623141884766,
      "resptime_old": 98.56231418847662,
      "waittime": 92.23854314345944,
      "servicetime": 10.0,
      "networktime": 6.323771045017168,
      "services": {
        "MS3_1": {
          "meanserv": 0.8347189982852576,
          "stddevserv": 0.8347189982852576,
          "rate": 1.1980079548378257,
          "cv": 1.0,
          "lambda": 0.225
        },
        "MS3_2": {
          "meanserv": 1.8816059455348322,
          "stddevserv": 1.8816059455348322,
          "rate": 0.5314609057082659,
          "cv": 1.0,
          "lambda": 0.225
        },
        "MS3_3": {
          "meanserv": 4.099455746986877,
          "stddevserv": 4.099455746986877,
          "rate": 0.24393482006361594,
          "cv": 1.0,
          "lambda": 0.225
        },
        "MS3_4": {
          "meanserv": 2.1942027256527803,
          "stddevserv": 2.1942027256527803,
          "rate": 0.4557464031508291,
          "cv": 1.0,
          "lambda": 0.225
        },
        "MS3_5": {
          "meanserv": 0.9900165835402532,
          "stddevserv": 0.9900165835402532,
          "rate": 1.0100840901311436,
          "cv": 1.0,
          "lambda": 0.225
        }
      },
      "sensors": [
        "S3"
      ],
      "sources": [
        {
          "startTime": 0,
          "stopTime": -1,
          "lambda": 0.225
        }
      ]
    },
    "SC4": {
      "resptime": 6454.533102280776,
      "resptime_old": 6444.533102280777,
      "waittime": 6436.586600384963,
      "servicetime": 10.0,
      "networktime": 7.946501895813045,
      "services": {
        "MS4_1": {
          "meanserv": 2.1402350668542014,
          "stddevserv": 2.1402350668542014,
          "rate": 0.4672383961402137,
          "cv": 1.0,
          "lambda": 0.225
        },
        "MS4_2": {
          "meanserv": 0.7261610963654341,
          "stddevserv": 0.7261610963654341,
          "rate": 1.3771048944995516,
          "cv": 1.0,
          "lambda": 0.225
        },
        "MS4_3": {
          "meanserv": 1.3052008741862937,
          "stddevserv": 1.3052008741862937,
          "rate": 0.7661655916553334,
          "cv": 1.0,
          "lambda": 0.225
        },
        "MS4_4": {
          "meanserv": 0.49624476626464364,
          "stddevserv": 0.49624476626464364,
          "rate": 2.015134602884068,
          "cv": 1.0,
          "lambda": 0.225
        },
        "MS4_5": {
          "meanserv": 5.332158196329427,
          "stddevserv": 5.332158196329427,
          "rate": 0.1875413225152217,
          "cv": 1.0,
          "lambda": 0.225
        }
      },
      "sensors": [
        "S4"
      ],
      "sources": [
        {
          "startTime": 0,
          "stopTime": -1,
          "lambda": 0.225
        }
      ]
    }
  },
  "microservice": {
    "MS1_1": "F7",
    "MS1_2": "F10",
    "MS1_3": "F10",
    "MS1_4": "F9",
    "MS1_5": "F4",
    "MS2_1": "F3",
    "MS2_2": "F3",
    "MS2_3": "F6",
    "MS2_4": "F5",
    "MS2_5": "F1",
    "MS3_1": "F4",
    "MS3_2": "F4",
    "MS3_3": "F8",
    "MS3_4": "F1",
    "MS3_5": "F9",
    "MS4_1": "F6",
    "MS4_2": "F7",
    "MS4_3": "F3",
    "MS4_4": "F4",
    "MS4_5": "F2"
  },
  "sensor": {
    "S1": "F7",
    "S2": "F3",
    "S3": "F4",
    "S4": "F6"
  },
  "fog": {
    "F1": {
      "rho": 0.8945913066623008,
      "capacity": 1.0,
      "tserv": 1.9879806814717793,
      "stddev": 2.00925913035561,
      "mu": 0.5030229968128569,
      "cv": 1.0107035491250738,
      "lambda": 0.45,
      "twait": 17.053314747732863
    },
    "F2": {
      "rho": 1.1997355941741215,
      "capacity": 1.0,
      "tserv": 5.332158196329428,
      "stddev": 5.332158196329426,
      "mu": 0.18754132251522168,
      "cv": 0.9999999999999997,
      "lambda": 0.225,
      "twait": 6390.782801921789
    },
    "F3": {
      "rho": 0.8618591840089799,
      "capacity": 1.0,
      "tserv": 1.2768284207540441,
      "stddev": 1.281855919895694,
      "mu": 0.7831905867269462,
      "cv": 1.003937490002518,
      "lambda": 0.675,
      "twait": 7.997548152423115
    },
    "F4": {
      "rho": 0.86289436101752,
      "capacity": 1.0,
      "tserv": 0.9587715122416889,
      "stddev": 1.2313603402777902,
      "mu": 1.0430013691811884,
      "cv": 1.284310520865149,
      "lambda": 0.9,
      "twait": 7.993624502001053
    },
    "F5": {
      "rho": 0.8651853521693046,
      "capacity": 1.0,
      "tserv": 3.8452682318635762,
      "stddev": 3.8452682318635762,
      "mu": 0.26005988131427665,
      "cv": 1.0,
      "lambda": 0.225,
      "twait": 24.677361124351396
    },
    "F6": {
      "rho": 0.8972828571654016,
      "capacity": 1.0,
      "tserv": 1.9939619048120036,
      "stddev": 2.0046635013660423,
      "mu": 0.5015140949216293,
      "cv": 1.0053670015100151,
      "lambda": 0.45,
      "twait": 17.511935325103458
    },
    "F7": {
      "rho": 0.8298615981261805,
      "capacity": 1.0,
      "tserv": 1.8441368847248456,
      "stddev": 2.4291110671021925,
      "mu": 0.5422590959939533,
      "cv": 1.317207571315742,
      "lambda": 0.45,
      "twait": 12.300690483647163
    },
    "F8": {
      "rho": 0.9223775430720472,
      "capacity": 1.0,
      "tserv": 4.099455746986877,
      "stddev": 4.099455746986877,
      "mu": 0.24393482006361594,
      "cv": 1.0,
      "lambda": 0.225,
      "twait": 48.71329856703708
    },
    "F9": {
      "rho": 0.8251443768913378,
      "capacity": 1.0,
      "tserv": 1.8336541708696394,
      "stddev": 2.1876325961773198,
      "mu": 0.5453591063606799,
      "cv": 1.1930453576967572,
      "lambda": 0.45,
      "twait": 10.484680824687404
    },
    "F10": {
      "rho": 0.8410678267128063,
      "capacity": 1.0,
      "tserv": 1.8690396149173476,
      "stddev": 1.9270269767001849,
      "mu": 0.5350341383985175,
      "cv": 1.0310252181494834,
      "lambda": 0.45,
      "twait": 10.20257212841688
    }
  },
  "extra": {
    "deltatime": 0.5569435,
    "conv": 63,
    "obj_func": 1680.609354704761
  },
  "network": [
    [
      0.0,
      2.28045268424418,
      1.7522785540392802,
      2.4725348877361437,
      1.9545388562913972,
      2.085230754504861,
      2.1848845512609474,
      2.068153959880204,
      2.080775441700389,
      2.080775441700389
    ],
    [
      2.28045268424418,
      0.0,
      1.779182031472059,
      1.8071207127405646,
      2.4196871317115085,
      1.9998632954469029,
      1.6412457724932645,
      2.080775441700389,
      1.366085476022167,
      1.366085476022167
    ],
    [
      1.7522785540392802,
      1.779182031472059,
      0.0,
      1.896385579755702,
      2.204634310768559,
      2.1524027153096625,
      2.068153959880204,
      1.366085476022167,
      2.174841643436575,
      2.174841643436575
    ],
    [
      2.4725348877361437,
      1.8071207127405646,
      1.896385579755702,
      0.0,
      1.6967264010399337,
      2.1848845512609474,
      2.080775441700389,
      2.174841643436575,
      2.329993435137195,
      2.329993435137195
    ],
    [
      1.9545388562913972,
      2.4196871317115085,
      2.204634310768559,
      1.6967264010399337,
      0.0,
      1.6412457724932645,
      1.366085476022167,
      2.329993435137195,
      2.2149169185585316,
      2.2149169185585316
    ],
    [
      2.085230754504861,
      1.9998632954469029,
      2.1524027153096625,
      2.1848845512609474,
      1.6412457724932645,
      0.0,
      2.174841643436575,
      2.2149169185585316,
      2.0903473320472497,
      2.0903473320472497
    ],
    [
      2.1848845512609474,
      1.6412457724932645,
      2.068153959880204,
      2.080775441700389,
      1.366085476022167,
      2.174841643436575,
      0.0,
      2.0903473320472497,
      2.2514830617600574,
      2.2514830617600574
    ],
    [
      2.068153959880204,
      2.080775441700389,
      1.366085476022167,
      2.174841643436575,
      2.329993435137195,
      2.2149169185585316,
      2.0903473320472497,
      0.0,
      2.2656842157022394,
      2.2656842157022394
    ],
    [
      2.080775441700389,
      1.366085476022167,
      2.174841643436575,
      2.329993435137195,
      2.2149169185585316,
      2.0903473320472497,
      2.2514830617600574,
      2.2656842157022394,
      0.0,
      2.590490939596805
    ],
    [
      2.080775441700389,
      1.366085476022167,
      2.174841643436575,
      2.329993435137195,
      2.2149169185585316,
      2.0903473320472497,
      2.2514830617600574,
      2.2656842157022394,
      2.590490939596805,
      0.0
    ]
  ]
}