{
  "servicechain": {
    "SC1": {
      "resptime": 30.931658549851292,
      "resptime_old": 20.931658549851292,
      "waittime": 17.368580663744424,
      "servicetime": 10.0,
      "networktime": 3.5630778861068686,
      "services": {
        "MS1_1": {
          "meanserv": 0.788611640984378,
          "stddevserv": 0.788611640984378,
          "rate": 1.2680512790196177,
          "cv": 1.0,
          "lambda": 0.15
        },
        "MS1_2": {
          "meanserv": 1.5018388257667459,
          "stddevserv": 1.5018388257667459,
          "rate": 0.6658504114044741,
          "cv": 1.0,
          "lambda": 0.15
        },
        "MS1_3": {
          "meanserv": 0.373985907818315,
          "stddevserv": 0.373985907818315,
          "rate": 2.67389754291439,
          "cv": 1.0,
          "lambda": 0.15
        },
        "MS1_4": {
          "meanserv": 2.983866370556715,
          "stddevserv": 2.983866370556715,
          "rate": 0.3351356514713576,
          "cv": 1.0,
          "lambda": 0.15
        },
        "MS1_5": {
          "meanserv": 4.351697254873846,
          "stddevserv": 4.351697254873846,
          "rate": 0.22979539738891822,
          "cv": 1.0,
          "lambda": 0.15
        }
      },
      "sensors": [
        "S1"
      ],
      "sources": [
        {
          "startTime": 0,
          "stopTime": -1,
          "lambda": 0.15
        }
      ]
    },
    "SC2": {
      "resptime": 41.334628707931344,
      "resptime_old": 31.334628707931348,
      "waittime": 27.529559116257843,
      "servicetime": 10.0,
      "networktime": 3.8050695916735044,
      "services": {
        "MS2_1": {
          "meanserv": 5.270602573117058,
          "stddevserv": 5.270602573117058,
          "rate": 0.18973162672149563,
          "cv": 1.0,
          "lambda": 0.15
        },
        "MS2_2": {
          "meanserv": 0.15752189673735373,
          "stddevserv": 0.15752189673735373,
          "rate": 6.34832376140927,
          "cv": 1.0,
          "lambda": 0.15
        },
        "MS2_3": {
          "meanserv": 2.7177250959470793,
          "stddevserv": 2.7177250959470793,
          "rate": 0.3679548021583536,
          "cv": 1.0,
          "lambda": 0.15
        },
        "MS2_4": {
          "meanserv": 0.7065865482204252,
          "stddevserv": 0.7065865482204252,
          "rate": 1.4152547943610754,
          "cv": 1.0,
          "lambda": 0.15
        },
        "MS2_5": {
          "meanserv": 1.1475638859780837,
          "stddevserv": 1.1475638859780837,
          "rate": 0.8714111799951659,
          "cv": 1.0,
          "lambda": 0.15
        }
      },
      "sensors": [
        "S2"
      ],
      "sources": [
        {
          "startTime": 0,
          "stopTime": -1,
          "lambda": 0.15
        }
      ]
    },
    "SC3": {
      "resptime": 81.68690602382243,
      "resptime_old": 71.68690602382244,
      "waittime": 67.72874564745665,
      "servicetime": 10.0,
      "networktime": 3.958160376365786,
      "services": {
        "MS3_1": {
          "meanserv": 1.3690766830326406,
          "stddevserv": 1.3690766830326406,
          "rate": 0.7304192762854603,
          "cv": 1.0,
          "lambda": 0.15
        },
        "MS3_2": {
          "meanserv": 1.755923402624582,
          "stddevserv": 1.755923402624582,
          "rate": 0.5695009238474174,
          "cv": 1.0,
          "lambda": 0.15
        },
        "MS3_3": {
          "meanserv": 0.4163411901020062,
          "stddevserv": 0.4163411901020062,
          "rate": 2.40187621060264,
          "cv": 1.0,
          "lambda": 0.15
        },
        "MS3_4": {
          "meanserv": 6.059673785018306,
          "stddevserv": 6.059673785018306,
          "rate": 0.1650253851077528,
          "cv": 1.0,
          "lambda": 0.15
        },
        "MS3_5": {
          "meanserv": 0.3989849392224656,
          "stddevserv": 0.3989849392224656,
          "rate": 2.506360270011147,
          "cv": 1.0,
          "lambda": 0.15
        }
      },
      "sensors": [
        "S3"
      ],
      "sources": [
        {
          "startTime": 0,
          "stopTime": -1,
          "lambda": 0.15
        }
      ]
    },
    "SC4": {
      "resptime": 27.829233112781882,
      "resptime_old": 17.829233112781882,
      "waittime": 14.560425797333279,
      "servicetime": 10.0,
      "networktime": 3.268807315448602,
      "services": {
        "MS4_1": {
          "meanserv": 0.40788287047130445,
          "stddevserv": 0.40788287047130445,
          "rate": 2.4516842270049497,
          "cv": 1.0,
          "lambda": 0.15
        },
        "MS4_2": {
          "meanserv": 2.6583856511707795,
          "stddevserv": 2.6583856511707795,
          "rate": 0.3761681453402331,
          "cv": 1.0,
          "lambda": 0.15
        },
        "MS4_3": {
          "meanserv": 3.6864255390077063,
          "stddevserv": 3.6864255390077063,
          "rate": 0.27126548181118965,
          "cv": 1.0,
          "lambda": 0.15
        },
        "MS4_4": {
          "meanserv": 0.22199646097715853,
          "stddevserv": 0.22199646097715853,
          "rate": 4.504576314407513,
          "cv": 1.0,
          "lambda": 0.15
        },
        "MS4_5": {
          "meanserv": 3.0253094783730514,
          "stddevserv": 3.0253094783730514,
          "rate": 0.3305446953935368,
          "cv": 1.0,
          "lambda": 0.15
        }
      },
      "sensors": [
        "S4"
      ],
      "sources": [
        {
          "startTime": 0,
          "stopTime": -1,
          "lambda": 0.15
        }
      ]
    }
  },
  "microservice": {
    "MS1_1": "F5",
    "MS1_2": "F5",
    "MS1_3": "F10",
    "MS1_4": "F10",
    "MS1_5": "F1",
    "MS2_1": "F3",
    "MS2_2": "F8",
    "MS2_3": "F8",
    "MS2_4": "F5",
    "MS2_5": "F5",
    "MS3_1": "F2",
    "MS3_2": "F2",
    "MS3_3": "F2",
    "MS3_4": "F9",
    "MS3_5": "F6",
    "MS4_1": "F6",
    "MS4_2": "F6",
    "MS4_3": "F4",
    "MS4_4": "F7",
    "MS4_5": "F7"
  },
  "sensor": {
    "S1": "F5",
    "S2": "F3",
    "S3": "F2",
    "S4": "F6"
  },
  "fog": {
    "F1": {
      "rho": 0.6527545882310769,
      "capacity": 1.0,
      "tserv": 4.351697254873846,
      "stddev": 4.351697254873846,
      "mu": 0.22979539738891822,
      "cv": 1.0,
      "lambda": 0.15,
      "twait": 8.180353874918227
    },
    "F2": {
      "rho": 0.5312011913638843,
      "capacity": 1.0,
      "tserv": 1.1804470919197432,
      "stddev": 1.4237965541118658,
      "mu": 0.8471366542770801,
      "cv": 1.2061502492215614,
      "lambda": 0.44999999999999996,
      "twait": 1.6417419963410986
    },
    "F3": {
      "rho": 0.7905903859675587,
      "capacity": 1.0,
      "tserv": 5.270602573117058,
      "stddev": 5.270602573117059,
      "mu": 0.18973162672149563,
      "cv": 1.0000000000000002,
      "lambda": 0.15,
      "twait": 19.8982637058712
    },
    "F4": {
      "rho": 0.552963830851156,
      "capacity": 1.0,
      "tserv": 3.6864255390077068,
      "stddev": 3.6864255390077063,
      "mu": 0.27126548181118965,
      "cv": 0.9999999999999999,
      "lambda": 0.15,
      "twait": 4.559944203348159
    },
    "F5": {
      "rho": 0.6216901351424449,
      "capacity": 1.0,
      "tserv": 1.0361502252374082,
      "stddev": 1.1283574395741411,
      "mu": 0.9651110192741355,
      "cv": 1.088990198612953,
      "lambda": 0.6,
      "twait": 1.8610123753332333
    },
    "F6": {
      "rho": 0.5197880191296824,
      "capacity": 1.0,
      "tserv": 1.15508448695485,
      "stddev": 1.895827247772562,
      "mu": 0.8657375380707438,
      "cv": 1.6412888140940518,
      "lambda": 0.44999999999999996,
      "twait": 2.3091588660604456
    },
    "F7": {
      "rho": 0.48709589090253147,
      "capacity": 1.0,
      "tserv": 1.623652969675105,
      "stddev": 2.5623291948314177,
      "mu": 0.6158951565863864,
      "cv": 1.5781261406765652,
      "lambda": 0.3,
      "twait": 2.6910819309321137
    },
    "F8": {
      "rho": 0.43128704890266495,
      "capacity": 1.0,
      "tserv": 1.4376234963422165,
      "stddev": 2.3117269578946984,
      "mu": 0.6955924152215976,
      "cv": 1.6080197379748498,
      "lambda": 0.3,
      "twait": 1.9546353298600896
    },
    "F9": {
      "rho": 0.9089510677527458,
      "capacity": 1.0,
      "tserv": 6.059673785018306,
      "stddev": 6.059673785018306,
      "mu": 0.1650253851077528,
      "cv": 1.0,
      "lambda": 0.15,
      "twait": 60.49436079237291
    },
    "F10": {
      "rho": 0.5036778417562544,
      "capacity": 1.0,
      "tserv": 1.6789261391875148,
      "stddev": 2.4949009991859192,
      "mu": 0.5956188164917913,
      "cv": 1.4860099803993048,
      "lambda": 0.3,
      "twait": 2.7331010190798644
    }
  },
  "extra": {
    "conv_gen": 25,
    "max_gen": 600,
    "population": 600,
    "deltatime": 42.2977843,
    "obj_func": 45.44560659859674
  },
  "network": [
    [
      0.0,
      2.4887791984176606,
      1.8213188576238788,
      2.118316248103229,
      1.5511105914429042,
      2.6775308874103403,
      1.5896719920960967,
      1.9323015535840886,
      1.6791353233525055,
      1.6791353233525055
    ],
    [
      2.4887791984176606,
      0.0,
      1.8730575714774484,
      3.4196999251733944,
      1.6829095949949486,
      2.0049124070914868,
      2.1608248908336254,
      1.6791353233525055,
      2.220108805933087,
      2.220108805933087
    ],
    [
      1.8213188576238788,
      1.8730575714774484,
      0.0,
      1.4595982740983748,
      1.8681501107104603,
      2.6392236562024487,
      1.9323015535840886,
      2.220108805933087,
      2.2293713873468466,
      2.2293713873468466
    ],
    [
      2.118316248103229,
      3.4196999251733944,
      1.4595982740983748,
      0.0,
      1.409330969656735,
      1.5896719920960967,
      1.6791353233525055,
      2.2293713873468466,
      1.5849607857404173,
      1.5849607857404173
    ],
    [
      1.5511105914429042,
      1.6829095949949486,
      1.8681501107104603,
      1.409330969656735,
      0.0,
      2.1608248908336254,
      2.220108805933087,
      1.5849607857404173,
      1.883942562754363,
      1.883942562754363
    ],
    [
      2.6775308874103403,
      2.0049124070914868,
      2.6392236562024487,
      1.5896719920960967,
      2.1608248908336254,
      0.0,
      2.2293713873468466,
      1.883942562754363,
      1.738051570432699,
      1.738051570432699
    ],
    [
      1.5896719920960967,
      2.1608248908336254,
      1.9323015535840886,
      1.6791353233525055,
      2.220108805933087,
      2.2293713873468466,
      0.0,
      1.738051570432699,
      1.6510398377625113,
      1.6510398377625113
    ],
    [
      1.9323015535840886,
      1.6791353233525055,
      2.220108805933087,
      2.2293713873468466,
      1.5849607857404173,
      1.883942562754363,
      1.738051570432699,
      0.0,
      2.100241618870181,
      2.100241618870181
    ],
    [
      1.6791353233525055,
      2.220108805933087,
      2.2293713873468466,
      1.5849607857404173,
      1.883942562754363,
      1.738051570432699,
      1.6510398377625113,
      2.100241618870181,
      0.0,
      2.0922238792838943
    ],
    [
      1.6791353233525055,
      2.220108805933087,
      2.2293713873468466,
      1.5849607857404173,
      1.883942562754363,
      1.738051570432699,
      1.6510398377625113,
      2.100241618870181,
      2.0922238792838943,
      0.0
    ]
  ]
}