{
  "servicechain": {
    "SC1": {
      "resptime": 30.704784015469084,
      "resptime_old": 20.704784015469077,
      "waittime": 15.870900504835932,
      "servicetime": 10.0,
      "networktime": 4.833883510633153,
      "services": {
        "MS1_1": {
          "meanserv": 3.1105002707125715,
          "stddevserv": 3.1105002707125715,
          "rate": 0.32149169360815205,
          "cv": 1.0,
          "lambda": 0.15
        },
        "MS1_2": {
          "meanserv": 2.081225523789655,
          "stddevserv": 2.081225523789655,
          "rate": 0.4804861311613762,
          "cv": 1.0,
          "lambda": 0.15
        },
        "MS1_3": {
          "meanserv": 3.9725773903982384,
          "stddevserv": 3.9725773903982384,
          "rate": 0.2517257442024945,
          "cv": 1.0,
          "lambda": 0.15
        },
        "MS1_4": {
          "meanserv": 0.10390657148820637,
          "stddevserv": 0.10390657148820637,
          "rate": 9.624030373415817,
          "cv": 1.0,
          "lambda": 0.15
        },
        "MS1_5": {
          "meanserv": 0.03918020886884399,
          "stddevserv": 0.03918020886884399,
          "rate": 25.523090072018416,
          "cv": 1.0,
          "lambda": 0.15
        },
        "MS1_6": {
          "meanserv": 0.6926100347424846,
          "stddevserv": 0.6926100347424846,
          "rate": 1.4438139065828064,
          "cv": 1.0,
          "lambda": 0.15
        }
      },
      "sensors": [
        "S1"
      ],
      "sources": [
        {
          "startTime": 0,
          "stopTime": -1,
          "lambda": 0.15
        }
      ]
    },
    "SC2": {
      "resptime": 30.429505846160893,
      "resptime_old": 20.429505846160893,
      "waittime": 16.497336719923158,
      "servicetime": 10.0,
      "networktime": 3.9321691262377354,
      "services": {
        "MS2_1": {
          "meanserv": 1.4683046026301083,
          "stddevserv": 1.4683046026301083,
          "rate": 0.6810575940501342,
          "cv": 1.0,
          "lambda": 0.15
        },
        "MS2_2": {
          "meanserv": 1.0062495409171057,
          "stddevserv": 1.0062495409171057,
          "rate": 0.9937892732736953,
          "cv": 1.0,
          "lambda": 0.15
        },
        "MS2_3": {
          "meanserv": 0.7014540147296544,
          "stddevserv": 0.7014540147296544,
          "rate": 1.4256102025239779,
          "cv": 1.0,
          "lambda": 0.15
        },
        "MS2_4": {
          "meanserv": 2.9026953038934113,
          "stddevserv": 2.9026953038934113,
          "rate": 0.344507395818876,
          "cv": 1.0,
          "lambda": 0.15
        },
        "MS2_5": {
          "meanserv": 1.4267827872607581,
          "stddevserv": 1.4267827872607581,
          "rate": 0.7008775329564166,
          "cv": 1.0,
          "lambda": 0.15
        },
        "MS2_6": {
          "meanserv": 2.494513750568962,
          "stddevserv": 2.494513750568962,
          "rate": 0.4008797304772983,
          "cv": 1.0,
          "lambda": 0.15
        }
      },
      "sensors": [
        "S2"
      ],
      "sources": [
        {
          "startTime": 0,
          "stopTime": -1,
          "lambda": 0.15
        }
      ]
    },
    "SC3": {
      "resptime": 31.737251202993562,
      "resptime_old": 21.737251202993562,
      "waittime": 18.494808611918184,
      "servicetime": 10.0,
      "networktime": 3.2424425910753776,
      "services": {
        "MS3_1": {
          "meanserv": 2.4604495633669563,
          "stddevserv": 2.4604495633669563,
          "rate": 0.4064297902662832,
          "cv": 1.0,
          "lambda": 0.15
        },
        "MS3_2": {
          "meanserv": 0.2804404756409742,
          "stddevserv": 0.2804404756409742,
          "rate": 3.565819084119017,
          "cv": 1.0,
          "lambda": 0.15
        },
        "MS3_3": {
          "meanserv": 1.4846319312734355,
          "stddevserv": 1.4846319312734355,
          "rate": 0.6735676223414211,
          "cv": 1.0,
          "lambda": 0.15
        },
        "MS3_4": {
          "meanserv": 2.2444752990862833,
          "stddevserv": 2.2444752990862833,
          "rate": 0.445538429586236,
          "cv": 1.0,
          "lambda": 0.15
        },
        "MS3_5": {
          "meanserv": 1.426228030037989,
          "stddevserv": 1.426228030037989,
          "rate": 0.7011501519664874,
          "cv": 1.0,
          "lambda": 0.15
        },
        "MS3_6": {
          "meanserv": 2.1037747005943617,
          "stddevserv": 2.1037747005943617,
          "rate": 0.47533607078622936,
          "cv": 1.0,
          "lambda": 0.15
        }
      },
      "sensors": [
        "S3"
      ],
      "sources": [
        {
          "startTime": 0,
          "stopTime": -1,
          "lambda": 0.15
        }
      ]
    },
    "SC4": {
      "resptime": 34.77592702651702,
      "resptime_old": 24.77592702651702,
      "waittime": 20.50578141652887,
      "servicetime": 10.0,
      "networktime": 4.27014560998815,
      "services": {
        "MS4_1": {
          "meanserv": 2.9985922549815336,
          "stddevserv": 2.9985922549815336,
          "rate": 0.3334898228789557,
          "cv": 1.0,
          "lambda": 0.15
        },
        "MS4_2": {
          "meanserv": 1.0647110857570783,
          "stddevserv": 1.0647110857570783,
          "rate": 0.9392219291949379,
          "cv": 1.0,
          "lambda": 0.15
        },
        "MS4_3": {
          "meanserv": 1.1569765011338644,
          "stddevserv": 1.1569765011338644,
          "rate": 0.8643217896128195,
          "cv": 1.0,
          "lambda": 0.15
        },
        "MS4_4": {
          "meanserv": 4.155106439029212,
          "stddevserv": 4.155106439029212,
          "rate": 0.24066772167541328,
          "cv": 1.0,
          "lambda": 0.15
        },
        "MS4_5": {
          "meanserv": 0.22082917828228688,
          "stddevserv": 0.22082917828228688,
          "rate": 4.528387089869509,
          "cv": 1.0,
          "lambda": 0.15
        },
        "MS4_6": {
          "meanserv": 0.4037845408160248,
          "stddevserv": 0.4037845408160248,
          "rate": 2.4765683153175178,
          "cv": 1.0,
          "lambda": 0.15
        }
      },
      "sensors": [
        "S4"
      ],
      "sources": [
        {
          "startTime": 0,
          "stopTime": -1,
          "lambda": 0.15
        }
      ]
    }
  },
  "microservice": {
    "MS1_1": "F9",
    "MS1_2": "F2",
    "MS1_3": "F7",
    "MS1_4": "F3",
    "MS1_5": "F3",
    "MS1_6": "F3",
    "MS2_1": "F6",
    "MS2_2": "F3",
    "MS2_3": "F3",
    "MS2_4": "F6",
    "MS2_5": "F10",
    "MS2_6": "F10",
    "MS3_1": "F1",
    "MS3_2": "F1",
    "MS3_3": "F1",
    "MS3_4": "F8",
    "MS3_5": "F8",
    "MS3_6": "F2",
    "MS4_1": "F5",
    "MS4_2": "F5",
    "MS4_3": "F9",
    "MS4_4": "F4",
    "MS4_5": "F3",
    "MS4_6": "F3"
  },
  "sensor": {
    "S1": "F9",
    "S2": "F6",
    "S3": "F1",
    "S4": "F5"
  },
  "fog": {
    "F1": {
      "rho": 0.6338282955422049,
      "capacity": 1.0,
      "tserv": 1.4085073234271221,
      "stddev": 1.8904587741930652,
      "mu": 0.7099714594077091,
      "cv": 1.3421717748639592,
      "lambda": 0.44999999999999996,
      "twait": 3.415033487343619
    },
    "F2": {
      "rho": 0.6277500336576025,
      "capacity": 1.0,
      "tserv": 2.0925001121920084,
      "stddev": 2.0925608598582865,
      "mu": 0.47789722646774213,
      "cv": 1.0000290311412288,
      "lambda": 0.3,
      "twait": 3.528825438635237
    },
    "F3": {
      "rho": 0.47520211347669106,
      "capacity": 1.0,
      "tserv": 0.4525734414063724,
      "stddev": 0.6528058472729358,
      "mu": 2.2095861323468275,
      "cv": 1.4424307472492,
      "lambda": 1.05,
      "twait": 0.6312212004075246
    },
    "F4": {
      "rho": 0.6232659658543818,
      "capacity": 1.0,
      "tserv": 4.155106439029212,
      "stddev": 4.155106439029212,
      "mu": 0.24066772167541328,
      "cv": 1.0,
      "lambda": 0.15,
      "twait": 6.874176987546331
    },
    "F5": {
      "rho": 0.6094955011107918,
      "capacity": 1.0,
      "tserv": 2.031651670369306,
      "stddev": 2.4489909550782065,
      "mu": 0.4922103599669838,
      "cv": 1.2054187195549315,
      "lambda": 0.3,
      "twait": 3.889263210758263
    },
    "F6": {
      "rho": 0.6556499859785279,
      "capacity": 1.0,
      "tserv": 2.18549995326176,
      "stddev": 2.4093875544715653,
      "mu": 0.45756120859556426,
      "cv": 1.1024422813991204,
      "lambda": 0.3,
      "twait": 4.609361697030366
    },
    "F7": {
      "rho": 0.5958866085597357,
      "capacity": 1.0,
      "tserv": 3.9725773903982384,
      "stddev": 3.9725773903982384,
      "mu": 0.2517257442024945,
      "cv": 1.0,
      "lambda": 0.15,
      "twait": 5.857775858327154
    },
    "F8": {
      "rho": 0.5506054993686409,
      "capacity": 1.0,
      "tserv": 1.8353516645621364,
      "stddev": 1.9243908203022324,
      "mu": 0.5448547105759005,
      "cv": 1.0485134034306924,
      "lambda": 0.3,
      "twait": 2.360441355626046
    },
    "F9": {
      "rho": 0.6401215157769653,
      "capacity": 1.0,
      "tserv": 2.133738385923218,
      "stddev": 2.541843240390076,
      "mu": 0.4686610160820272,
      "cv": 1.1912628357624455,
      "lambda": 0.3,
      "twait": 4.590635606650965
    },
    "F10": {
      "rho": 0.588194480674458,
      "capacity": 1.0,
      "tserv": 1.96064826891486,
      "stddev": 2.100991751388465,
      "mu": 0.5100353877105452,
      "cv": 1.0715801424960731,
      "lambda": 0.3,
      "twait": 3.0080854625236895
    }
  },
  "extra": {
    "deltatime": 1.2191992,
    "conv": 30,
    "obj_func": 31.911867022785138
  },
  "network": [
    [
      0.0,
      2.061828720221156,
      1.6381577723136218,
      2.239215762984705,
      1.4907917511907036,
      1.5705273491921157,
      1.8595101734577424,
      1.4881159833855102,
      1.7543266076898671,
      1.7543266076898671
    ],
    [
      2.061828720221156,
      0.0,
      1.0444234941499013,
      2.1903919492763686,
      1.5690212888094843,
      1.6309203887869994,
      1.7631282520394487,
      1.7543266076898671,
      1.582639275208194,
      1.582639275208194
    ],
    [
      1.6381577723136218,
      1.0444234941499013,
      0.0,
      1.0308640859741147,
      1.8728639250267276,
      1.1559469438430097,
      1.4881159833855102,
      1.582639275208194,
      1.7702160253032468,
      1.7702160253032468
    ],
    [
      2.239215762984705,
      2.1903919492763686,
      1.0308640859741147,
      0.0,
      1.9813504354897962,
      1.8595101734577424,
      1.7543266076898671,
      1.7702160253032468,
      1.463353549966066,
      1.463353549966066
    ],
    [
      1.4907917511907036,
      1.5690212888094843,
      1.8728639250267276,
      1.9813504354897962,
      0.0,
      1.7631282520394487,
      1.582639275208194,
      1.463353549966066,
      1.7759279740479699,
      1.7759279740479699
    ],
    [
      1.5705273491921157,
      1.6309203887869994,
      1.1559469438430097,
      1.8595101734577424,
      1.7631282520394487,
      0.0,
      1.7702160253032468,
      1.7759279740479699,
      1.620275238551716,
      1.620275238551716
    ],
    [
      1.8595101734577424,
      1.7631282520394487,
      1.4881159833855102,
      1.7543266076898671,
      1.582639275208194,
      1.7702160253032468,
      0.0,
      1.620275238551716,
      1.5217522202593656,
      1.5217522202593656
    ],
    [
      1.4881159833855102,
      1.7543266076898671,
      1.582639275208194,
      1.7702160253032468,
      1.463353549966066,
      1.7759279740479699,
      1.620275238551716,
      0.0,
      1.425638405349152,
      1.425638405349152
    ],
    [
      1.7543266076898671,
      1.582639275208194,
      1.7702160253032468,
      1.463353549966066,
      1.7759279740479699,
      1.620275238551716,
      1.5217522202593656,
      1.425638405349152,
      0.0,
      1.0237334781059861
    ],
    [
      1.7543266076898671,
      1.582639275208194,
      1.7702160253032468,
      1.463353549966066,
      1.7759279740479699,
      1.620275238551716,
      1.5217522202593656,
      1.425638405349152,
      1.0237334781059861,
      0.0
    ]
  ]
}