{
  "servicechain": {
    "SC1": {
      "resptime": 36.01359649725275,
      "resptime_old": 26.013596497252752,
      "waittime": 22.303705954542032,
      "servicetime": 10.0,
      "networktime": 3.709890542710718,
      "services": {
        "MS1_1": {
          "meanserv": 2.483852360483704,
          "stddevserv": 2.483852360483704,
          "rate": 0.4026004185712796,
          "cv": 1.0,
          "lambda": 0.15
        },
        "MS1_2": {
          "meanserv": 2.929629929908547,
          "stddevserv": 2.929629929908547,
          "rate": 0.3413400408669421,
          "cv": 1.0,
          "lambda": 0.15
        },
        "MS1_3": {
          "meanserv": 0.06699981939818045,
          "stddevserv": 0.06699981939818045,
          "rate": 14.925413366519575,
          "cv": 1.0,
          "lambda": 0.15
        },
        "MS1_4": {
          "meanserv": 3.2467551872918428,
          "stddevserv": 3.2467551872918428,
          "rate": 0.30799981591285663,
          "cv": 1.0,
          "lambda": 0.15
        },
        "MS1_5": {
          "meanserv": 0.7695357806415117,
          "stddevserv": 0.7695357806415117,
          "rate": 1.2994847350260508,
          "cv": 1.0,
          "lambda": 0.15
        },
        "MS1_6": {
          "meanserv": 0.11767778862213163,
          "stddevserv": 0.11767778862213163,
          "rate": 8.49778035183039,
          "cv": 1.0,
          "lambda": 0.15
        },
        "MS1_7": {
          "meanserv": 0.3855491336540826,
          "stddevserv": 0.3855491336540826,
          "rate": 2.593703143675605,
          "cv": 1.0,
          "lambda": 0.15
        }
      },
      "sensors": [
        "S1"
      ],
      "sources": [
        {
          "startTime": 0,
          "stopTime": -1,
          "lambda": 0.15
        }
      ]
    },
    "SC2": {
      "resptime": 34.749261481322854,
      "resptime_old": 24.749261481322854,
      "waittime": 19.947554968707145,
      "servicetime": 10.0,
      "networktime": 4.801706512615711,
      "services": {
        "MS2_1": {
          "meanserv": 3.976780270394694,
          "stddevserv": 3.976780270394694,
          "rate": 0.25145970659846145,
          "cv": 1.0,
          "lambda": 0.15
        },
        "MS2_2": {
          "meanserv": 1.244562365977539,
          "stddevserv": 1.244562365977539,
          "rate": 0.8034952906635192,
          "cv": 1.0,
          "lambda": 0.15
        },
        "MS2_3": {
          "meanserv": 0.24186240208899434,
          "stddevserv": 0.24186240208899434,
          "rate": 4.134582272246042,
          "cv": 1.0,
          "lambda": 0.15
        },
        "MS2_4": {
          "meanserv": 0.8372319603473883,
          "stddevserv": 0.8372319603473883,
          "rate": 1.1944121191755213,
          "cv": 1.0,
          "lambda": 0.15
        },
        "MS2_5": {
          "meanserv": 1.5772246410011768,
          "stddevserv": 1.5772246410011768,
          "rate": 0.6340250931948596,
          "cv": 1.0,
          "lambda": 0.15
        },
        "MS2_6": {
          "meanserv": 0.5716853928544374,
          "stddevserv": 0.5716853928544374,
          "rate": 1.749213837714094,
          "cv": 1.0,
          "lambda": 0.15
        },
        "MS2_7": {
          "meanserv": 1.55065296733577,
          "stddevserv": 1.55065296733577,
          "rate": 0.6448896181575264,
          "cv": 1.0,
          "lambda": 0.15
        }
      },
      "sensors": [
        "S2"
      ],
      "sources": [
        {
          "startTime": 0,
          "stopTime": -1,
          "lambda": 0.15
        }
      ]
    },
    "SC3": {
      "resptime": 33.11841800949408,
      "resptime_old": 23.11841800949408,
      "waittime": 18.975438710486944,
      "servicetime": 10.0,
      "networktime": 4.142979299007135,
      "services": {
        "MS3_1": {
          "meanserv": 1.4603037402213104,
          "stddevserv": 1.4603037402213104,
          "rate": 0.6847890424826613,
          "cv": 1.0,
          "lambda": 0.15
        },
        "MS3_2": {
          "meanserv": 0.3776651892218674,
          "stddevserv": 0.3776651892218674,
          "rate": 2.6478479577648573,
          "cv": 1.0,
          "lambda": 0.15
        },
        "MS3_3": {
          "meanserv": 2.715953872838134,
          "stddevserv": 2.715953872838134,
          "rate": 0.36819476575094184,
          "cv": 1.0,
          "lambda": 0.15
        },
        "MS3_4": {
          "meanserv": 1.5351565560945328,
          "stddevserv": 1.5351565560945328,
          "rate": 0.6513993612117444,
          "cv": 1.0,
          "lambda": 0.15
        },
        "MS3_5": {
          "meanserv": 1.314621812006516,
          "stddevserv": 1.314621812006516,
          "rate": 0.7606750404313567,
          "cv": 1.0,
          "lambda": 0.15
        },
        "MS3_6": {
          "meanserv": 2.3268541836899477,
          "stddevserv": 2.3268541836899477,
          "rate": 0.4297647901658326,
          "cv": 1.0,
          "lambda": 0.15
        },
        "MS3_7": {
          "meanserv": 0.2694446459276918,
          "stddevserv": 0.2694446459276918,
          "rate": 3.7113374309480998,
          "cv": 1.0,
          "lambda": 0.15
        }
      },
      "sensors": [
        "S3"
      ],
      "sources": [
        {
          "startTime": 0,
          "stopTime": -1,
          "lambda": 0.15
        }
      ]
    },
    "SC4": {
      "resptime": 29.723937965267012,
      "resptime_old": 19.723937965267012,
      "waittime": 15.812222043706363,
      "servicetime": 10.0,
      "networktime": 3.9117159215606474,
      "services": {
        "MS4_1": {
          "meanserv": 1.0630859401986414,
          "stddevserv": 1.0630859401986414,
          "rate": 0.9406577231311576,
          "cv": 1.0,
          "lambda": 0.15
        },
        "MS4_2": {
          "meanserv": 0.09285201422863265,
          "stddevserv": 0.09285201422863265,
          "rate": 10.769825601603712,
          "cv": 1.0,
          "lambda": 0.15
        },
        "MS4_3": {
          "meanserv": 0.10432211971910244,
          "stddevserv": 0.10432211971910244,
          "rate": 9.585694795050161,
          "cv": 1.0,
          "lambda": 0.15
        },
        "MS4_4": {
          "meanserv": 4.167471991259531,
          "stddevserv": 4.167471991259531,
          "rate": 0.2399536222672419,
          "cv": 1.0,
          "lambda": 0.15
        },
        "MS4_5": {
          "meanserv": 3.3857279877928184,
          "stddevserv": 3.3857279877928184,
          "rate": 0.29535745446931416,
          "cv": 1.0,
          "lambda": 0.15
        },
        "MS4_6": {
          "meanserv": 1.0391264215383291,
          "stddevserv": 1.0391264215383291,
          "rate": 0.9623468129311868,
          "cv": 1.0,
          "lambda": 0.15
        },
        "MS4_7": {
          "meanserv": 0.1474135252629445,
          "stddevserv": 0.1474135252629445,
          "rate": 6.7836380563878365,
          "cv": 1.0,
          "lambda": 0.15
        }
      },
      "sensors": [
        "S4"
      ],
      "sources": [
        {
          "startTime": 0,
          "stopTime": -1,
          "lambda": 0.15
        }
      ]
    }
  },
  "microservice": {
    "MS1_1": "F5",
    "MS1_2": "F10",
    "MS1_3": "F3",
    "MS1_4": "F3",
    "MS1_5": "F6",
    "MS1_6": "F6",
    "MS1_7": "F6",
    "MS2_1": "F4",
    "MS2_2": "F10",
    "MS2_3": "F1",
    "MS2_4": "F1",
    "MS2_5": "F8",
    "MS2_6": "F9",
    "MS2_7": "F9",
    "MS3_1": "F9",
    "MS3_2": "F9",
    "MS3_3": "F8",
    "MS3_4": "F6",
    "MS3_5": "F6",
    "MS3_6": "F5",
    "MS3_7": "F1",
    "MS4_1": "F1",
    "MS4_2": "F1",
    "MS4_3": "F1",
    "MS4_4": "F2",
    "MS4_5": "F7",
    "MS4_6": "F1",
    "MS4_7": "F1"
  },
  "sensor": {
    "S1": "F5",
    "S2": "F4",
    "S3": "F9",
    "S4": "F1"
  },
  "fog": {
    "F1": {
      "rho": 0.5693008543967586,
      "capacity": 1.0,
      "tserv": 0.4744173786639655,
      "stddev": 0.7387385502164259,
      "mu": 2.107848584333395,
      "cv": 1.5571490072661982,
      "lambda": 1.2,
      "twait": 1.0737980364571973
    },
    "F2": {
      "rho": 0.6251207986889297,
      "capacity": 1.0,
      "tserv": 4.167471991259531,
      "stddev": 4.167471991259531,
      "mu": 0.2399536222672419,
      "cv": 1.0,
      "lambda": 0.15,
      "twait": 6.949367717864295
    },
    "F3": {
      "rho": 0.4970632510035034,
      "capacity": 1.0,
      "tserv": 1.6568775033450116,
      "stddev": 2.7929670891213663,
      "mu": 0.6035449198755704,
      "cv": 1.68568109801886,
      "lambda": 0.3,
      "twait": 3.1452985618115976
    },
    "F4": {
      "rho": 0.5965170405592041,
      "capacity": 1.0,
      "tserv": 3.976780270394694,
      "stddev": 3.976780270394694,
      "mu": 0.25145970659846145,
      "cv": 1.0,
      "lambda": 0.15,
      "twait": 5.879349157986326
    },
    "F5": {
      "rho": 0.7216059816260477,
      "capacity": 1.0,
      "tserv": 2.405353272086826,
      "stddev": 2.4079137395880865,
      "mu": 0.41573934756470277,
      "cv": 1.0010644870884347,
      "lambda": 0.3,
      "twait": 6.241391073249999
    },
    "F6": {
      "rho": 0.6183811606528162,
      "capacity": 1.0,
      "tserv": 0.824508214203755,
      "stddev": 1.1207289032024843,
      "mu": 1.2128441933907488,
      "cv": 1.3592695426143158,
      "lambda": 0.75,
      "twait": 1.9022715241284327
    },
    "F7": {
      "rho": 0.5078591981689228,
      "capacity": 1.0,
      "tserv": 3.385727987792819,
      "stddev": 3.385727987792818,
      "mu": 0.2953574544693141,
      "cv": 0.9999999999999998,
      "lambda": 0.15,
      "twait": 3.4938641435560833
    },
    "F8": {
      "rho": 0.6439767770758966,
      "capacity": 1.0,
      "tserv": 2.1465892569196554,
      "stddev": 2.2926398691558325,
      "mu": 0.4658553082647003,
      "cv": 1.0680384529855325,
      "lambda": 0.3,
      "twait": 4.155926793152713
    },
    "F9": {
      "rho": 0.5940460934450077,
      "capacity": 1.0,
      "tserv": 0.9900768224083462,
      "stddev": 1.234091283865234,
      "mu": 1.010022633968459,
      "cv": 1.246460129087081,
      "lambda": 0.6,
      "twait": 1.849889879685085
    },
    "F10": {
      "rho": 0.6261288443829128,
      "capacity": 1.0,
      "tserv": 2.087096147943043,
      "stddev": 2.403267916455608,
      "mu": 0.47913461053797607,
      "cv": 1.151488837169371,
      "lambda": 0.3,
      "twait": 4.064903185283539
    }
  },
  "extra": {
    "deltatime": 1.1545178,
    "conv": 8,
    "obj_func": 33.40130348833417
  },
  "network": [
    [
      0.0,
      1.0870545548641506,
      2.255256730435302,
      1.5449691496897553,
      1.0984952839305402,
      2.065068867797803,
      1.6787021618868787,
      1.2171741083321823,
      1.238674206572595,
      1.238674206572595
    ],
    [
      1.0870545548641506,
      0.0,
      1.8108299905059406,
      1.3297066171282255,
      1.7805000589836242,
      1.5921460942133094,
      1.1459592048096183,
      1.238674206572595,
      1.410490859080057,
      1.410490859080057
    ],
    [
      2.255256730435302,
      1.8108299905059406,
      0.0,
      1.569051734529952,
      1.5046814229753742,
      1.4347326340292412,
      1.2171741083321823,
      1.410490859080057,
      1.1379445377392934,
      1.1379445377392934
    ],
    [
      1.5449691496897553,
      1.3297066171282255,
      1.569051734529952,
      0.0,
      1.893144187388864,
      1.6787021618868787,
      1.238674206572595,
      1.1379445377392934,
      1.5845467583861401,
      1.5845467583861401
    ],
    [
      1.0984952839305402,
      1.7805000589836242,
      1.5046814229753742,
      1.893144187388864,
      0.0,
      1.1459592048096183,
      1.410490859080057,
      1.5845467583861401,
      1.1372133709421832,
      1.1372133709421832
    ],
    [
      2.065068867797803,
      1.5921460942133094,
      1.4347326340292412,
      1.6787021618868787,
      1.1459592048096183,
      0.0,
      1.1379445377392934,
      1.1372133709421832,
      1.3401943116084134,
      1.3401943116084134
    ],
    [
      1.6787021618868787,
      1.1459592048096183,
      1.2171741083321823,
      1.238674206572595,
      1.410490859080057,
      1.1379445377392934,
      0.0,
      1.3401943116084134,
      1.7404822321240976,
      1.7404822321240976
    ],
    [
      1.2171741083321823,
      1.238674206572595,
      1.410490859080057,
      1.1379445377392934,
      1.5845467583861401,
      1.1372133709421832,
      1.3401943116084134,
      0.0,
      0.7613114393247931,
      0.7613114393247931
    ],
    [
      1.238674206572595,
      1.410490859080057,
      1.1379445377392934,
      1.5845467583861401,
      1.1372133709421832,
      1.3401943116084134,
      1.7404822321240976,
      0.7613114393247931,
      0.0,
      1.6491890029713827
    ],
    [
      1.238674206572595,
      1.410490859080057,
      1.1379445377392934,
      1.5845467583861401,
      1.1372133709421832,
      1.3401943116084134,
      1.7404822321240976,
      0.7613114393247931,
      1.6491890029713827,
      0.0
    ]
  ]
}