{
  "servicechain": {
    "SC1": {
      "resptime": 21711.495493647144,
      "resptime_old": 21701.49549364714,
      "waittime": 21696.364943175093,
      "servicetime": 10.0,
      "networktime": 5.130550472049796,
      "services": {
        "MS1_1": {
          "meanserv": 1.0987463849785906,
          "stddevserv": 1.0987463849785906,
          "rate": 0.9101281366395443,
          "cv": 1.0,
          "lambda": 0.375
        },
        "MS1_2": {
          "meanserv": 0.32892472080858326,
          "stddevserv": 0.32892472080858326,
          "rate": 3.040209314586443,
          "cv": 1.0,
          "lambda": 0.375
        },
        "MS1_3": {
          "meanserv": 4.956739063131585,
          "stddevserv": 4.956739063131585,
          "rate": 0.20174554021575158,
          "cv": 1.0,
          "lambda": 0.375
        },
        "MS1_4": {
          "meanserv": 0.1731539973527889,
          "stddevserv": 0.1731539973527889,
          "rate": 5.7752059743822795,
          "cv": 1.0,
          "lambda": 0.375
        },
        "MS1_5": {
          "meanserv": 0.41602137570921016,
          "stddevserv": 0.41602137570921016,
          "rate": 2.4037226411629824,
          "cv": 1.0,
          "lambda": 0.375
        },
        "MS1_6": {
          "meanserv": 0.6717596528437637,
          "stddevserv": 0.6717596528437637,
          "rate": 1.4886276598582464,
          "cv": 1.0,
          "lambda": 0.375
        },
        "MS1_7": {
          "meanserv": 0.8836197636415744,
          "stddevserv": 0.8836197636415744,
          "rate": 1.1317085030769336,
          "cv": 1.0,
          "lambda": 0.375
        },
        "MS1_8": {
          "meanserv": 0.7902352970584374,
          "stddevserv": 0.7902352970584374,
          "rate": 1.2654458788697345,
          "cv": 1.0,
          "lambda": 0.375
        },
        "MS1_9": {
          "meanserv": 0.08082211417016794,
          "stddevserv": 0.08082211417016794,
          "rate": 12.372851295309319,
          "cv": 1.0,
          "lambda": 0.375
        },
        "MS1_10": {
          "meanserv": 0.5999776303052986,
          "stddevserv": 0.5999776303052986,
          "rate": 1.6667288070242718,
          "cv": 1.0,
          "lambda": 0.375
        }
      },
      "sensors": [
        "S1"
      ],
      "sources": [
        {
          "startTime": 0,
          "stopTime": -1,
          "lambda": 0.375
        }
      ]
    },
    "SC2": {
      "resptime": 21713.91522377887,
      "resptime_old": 21703.915223778873,
      "waittime": 21699.805672183724,
      "servicetime": 10.0,
      "networktime": 4.10955159514733,
      "services": {
        "MS2_1": {
          "meanserv": 0.20583168547231856,
          "stddevserv": 0.20583168547231856,
          "rate": 4.8583384900401345,
          "cv": 1.0,
          "lambda": 0.375
        },
        "MS2_2": {
          "meanserv": 1.191108278658084,
          "stddevserv": 1.191108278658084,
          "rate": 0.8395542352594604,
          "cv": 1.0,
          "lambda": 0.375
        },
        "MS2_3": {
          "meanserv": 0.5037562439142151,
          "stddevserv": 0.5037562439142151,
          "rate": 1.9850870576410968,
          "cv": 1.0,
          "lambda": 0.375
        },
        "MS2_4": {
          "meanserv": 1.408235385184731,
          "stddevserv": 1.408235385184731,
          "rate": 0.7101085589244877,
          "cv": 1.0,
          "lambda": 0.375
        },
        "MS2_5": {
          "meanserv": 3.876184223883735,
          "stddevserv": 3.876184223883735,
          "rate": 0.2579856741169159,
          "cv": 1.0,
          "lambda": 0.375
        },
        "MS2_6": {
          "meanserv": 0.04012442025030616,
          "stddevserv": 0.04012442025030616,
          "rate": 24.92247847474805,
          "cv": 1.0,
          "lambda": 0.375
        },
        "MS2_7": {
          "meanserv": 0.22410143739500032,
          "stddevserv": 0.22410143739500032,
          "rate": 4.462264997601974,
          "cv": 1.0,
          "lambda": 0.375
        },
        "MS2_8": {
          "meanserv": 0.6783102512730625,
          "stddevserv": 0.6783102512730625,
          "rate": 1.4742516394572918,
          "cv": 1.0,
          "lambda": 0.375
        },
        "MS2_9": {
          "meanserv": 0.2743798933780006,
          "stddevserv": 0.2743798933780006,
          "rate": 3.6445819250404976,
          "cv": 1.0,
          "lambda": 0.375
        },
        "MS2_10": {
          "meanserv": 1.5979681805905468,
          "stddevserv": 1.5979681805905468,
          "rate": 0.6257946886216714,
          "cv": 1.0,
          "lambda": 0.375
        }
      },
      "sensors": [
        "S2"
      ],
      "sources": [
        {
          "startTime": 0,
          "stopTime": -1,
          "lambda": 0.375
        }
      ]
    },
    "SC3": {
      "resptime": 35.43932843590551,
      "resptime_old": 25.43932843590551,
      "waittime": 20.39246395893656,
      "servicetime": 10.0,
      "networktime": 5.046864476968952,
      "services": {
        "MS3_1": {
          "meanserv": 0.9908787481941661,
          "stddevserv": 0.9908787481941661,
          "rate": 1.0092052148887611,
          "cv": 1.0,
          "lambda": 0.375
        },
        "MS3_2": {
          "meanserv": 1.749255992736185,
          "stddevserv": 1.749255992736185,
          "rate": 0.5716716159055718,
          "cv": 1.0,
          "lambda": 0.375
        },
        "MS3_3": {
          "meanserv": 1.602803471495477,
          "stddevserv": 1.602803471495477,
          "rate": 0.6239068094025038,
          "cv": 1.0,
          "lambda": 0.375
        },
        "MS3_4": {
          "meanserv": 2.183063479555903,
          "stddevserv": 2.183063479555903,
          "rate": 0.4580718835548604,
          "cv": 1.0,
          "lambda": 0.375
        },
        "MS3_5": {
          "meanserv": 0.9100622959851554,
          "stddevserv": 0.9100622959851554,
          "rate": 1.0988258764390253,
          "cv": 1.0,
          "lambda": 0.375
        },
        "MS3_6": {
          "meanserv": 0.11579330113887565,
          "stddevserv": 0.11579330113887565,
          "rate": 8.63607816829282,
          "cv": 1.0,
          "lambda": 0.375
        },
        "MS3_7": {
          "meanserv": 1.6360142783208582,
          "stddevserv": 1.6360142783208582,
          "rate": 0.6112416091052465,
          "cv": 1.0,
          "lambda": 0.375
        },
        "MS3_8": {
          "meanserv": 0.19102420874646953,
          "stddevserv": 0.19102420874646953,
          "rate": 5.234938579576667,
          "cv": 1.0,
          "lambda": 0.375
        },
        "MS3_9": {
          "meanserv": 0.4629048548887642,
          "stddevserv": 0.4629048548887642,
          "rate": 2.1602711430630803,
          "cv": 1.0,
          "lambda": 0.375
        },
        "MS3_10": {
          "meanserv": 0.15819936893814557,
          "stddevserv": 0.15819936893814557,
          "rate": 6.321137730903278,
          "cv": 1.0,
          "lambda": 0.375
        }
      },
      "sensors": [
        "S3"
      ],
      "sources": [
        {
          "startTime": 0,
          "stopTime": -1,
          "lambda": 0.375
        }
      ]
    },
    "SC4": {
      "resptime": 21711.69034949996,
      "resptime_old": 21701.690349499957,
      "waittime": 21696.521616417846,
      "servicetime": 10.0,
      "networktime": 5.168733082113548,
      "services": {
        "MS4_1": {
          "meanserv": 1.0917754304785843,
          "stddevserv": 1.0917754304785843,
          "rate": 0.9159392784298561,
          "cv": 1.0,
          "lambda": 0.375
        },
        "MS4_2": {
          "meanserv": 0.6890305201642788,
          "stddevserv": 0.6890305201642788,
          "rate": 1.4513145219773136,
          "cv": 1.0,
          "lambda": 0.375
        },
        "MS4_3": {
          "meanserv": 0.4120696521057976,
          "stddevserv": 0.4120696521057976,
          "rate": 2.4267741991910947,
          "cv": 1.0,
          "lambda": 0.375
        },
        "MS4_4": {
          "meanserv": 0.23515297503554944,
          "stddevserv": 0.23515297503554944,
          "rate": 4.252550918604471,
          "cv": 1.0,
          "lambda": 0.375
        },
        "MS4_5": {
          "meanserv": 0.5417209366255094,
          "stddevserv": 0.5417209366255094,
          "rate": 1.8459688972503163,
          "cv": 1.0,
          "lambda": 0.375
        },
        "MS4_6": {
          "meanserv": 4.34726278422267,
          "stddevserv": 4.34726278422267,
          "rate": 0.23002980257583144,
          "cv": 1.0,
          "lambda": 0.375
        },
        "MS4_7": {
          "meanserv": 0.9915863660848432,
          "stddevserv": 0.9915863660848432,
          "rate": 1.0084850237991643,
          "cv": 1.0,
          "lambda": 0.375
        },
        "MS4_8": {
          "meanserv": 0.25846254588740436,
          "stddevserv": 0.25846254588740436,
          "rate": 3.869032538415203,
          "cv": 1.0,
          "lambda": 0.375
        },
        "MS4_9": {
          "meanserv": 0.6776931396446084,
          "stddevserv": 0.6776931396446084,
          "rate": 1.47559410225757,
          "cv": 1.0,
          "lambda": 0.375
        },
        "MS4_10": {
          "meanserv": 0.7552456497507549,
          "stddevserv": 0.7552456497507549,
          "rate": 1.3240725058529215,
          "cv": 1.0,
          "lambda": 0.375
        }
      },
      "sensors": [
        "S4"
      ],
      "sources": [
        {
          "startTime": 0,
          "stopTime": -1,
          "lambda": 0.375
        }
      ]
    }
  },
  "microservice": {
    "MS1_1": "F7",
    "MS1_2": "F11",
    "MS1_3": "F1",
    "MS1_4": "F18",
    "MS1_5": "F23",
    "MS1_6": "F23",
    "MS1_7": "F10",
    "MS1_8": "F16",
    "MS1_9": "F18",
    "MS1_10": "F18",
    "MS2_1": "F22",
    "MS2_2": "F6",
    "MS2_3": "F20",
    "MS2_4": "F13",
    "MS2_5": "F1",
    "MS2_6": "F15",
    "MS2_7": "F15",
    "MS2_8": "F15",
    "MS2_9": "F15",
    "MS2_10": "F5",
    "MS3_1": "F24",
    "MS3_2": "F3",
    "MS3_3": "F17",
    "MS3_4": "F2",
    "MS3_5": "F9",
    "MS3_6": "F9",
    "MS3_7": "F4",
    "MS3_8": "F22",
    "MS3_9": "F22",
    "MS3_10": "F22",
    "MS4_1": "F8",
    "MS4_2": "F12",
    "MS4_3": "F12",
    "MS4_4": "F21",
    "MS4_5": "F21",
    "MS4_6": "F1",
    "MS4_7": "F14",
    "MS4_8": "F19",
    "MS4_9": "F19",
    "MS4_10": "F11"
  },
  "sensor": {
    "S1": "F7",
    "S2": "F22",
    "S3": "F24",
    "S4": "F8"
  },
  "fog": {
    "F1": {
      "rho": 4.9425697767142465,
      "capacity": 1.0,
      "tserv": 4.39339535707933,
      "stddev": 4.43770780524795,
      "mu": 0.2276143890370901,
      "cv": 1.010086150816638,
      "lambda": 1.125,
      "twait": 21692.948445947914
    },
    "F2": {
      "rho": 0.8186488048334637,
      "capacity": 1.0,
      "tserv": 2.183063479555903,
      "stddev": 2.183063479555903,
      "mu": 0.4580718835548604,
      "cv": 1.0,
      "lambda": 0.375,
      "twait": 9.854703779442186
    },
    "F3": {
      "rho": 0.6559709972760694,
      "capacity": 1.0,
      "tserv": 1.7492559927361853,
      "stddev": 1.7492559927361848,
      "mu": 0.5716716159055717,
      "cv": 0.9999999999999998,
      "lambda": 0.375,
      "twait": 3.3353618124082622
    },
    "F4": {
      "rho": 0.6135053543703218,
      "capacity": 1.0,
      "tserv": 1.6360142783208582,
      "stddev": 1.6360142783208582,
      "mu": 0.6112416091052465,
      "cv": 1.0,
      "lambda": 0.375,
      "twait": 2.5969402963937775
    },
    "F5": {
      "rho": 0.599238067721455,
      "capacity": 1.0,
      "tserv": 1.5979681805905468,
      "stddev": 1.5979681805905468,
      "mu": 0.6257946886216714,
      "cv": 1.0,
      "lambda": 0.375,
      "twait": 2.3893570913115196
    },
    "F6": {
      "rho": 0.4466656044967815,
      "capacity": 1.0,
      "tserv": 1.191108278658084,
      "stddev": 1.191108278658084,
      "mu": 0.8395542352594604,
      "cv": 1.0,
      "lambda": 0.375,
      "twait": 0.9614929121188878
    },
    "F7": {
      "rho": 0.41202989436697146,
      "capacity": 1.0,
      "tserv": 1.0987463849785906,
      "stddev": 1.0987463849785906,
      "mu": 0.9101281366395443,
      "cv": 1.0,
      "lambda": 0.375,
      "twait": 0.7699649227088011
    },
    "F8": {
      "rho": 0.4094157864294691,
      "capacity": 1.0,
      "tserv": 1.0917754304785843,
      "stddev": 1.0917754304785843,
      "mu": 0.9159392784298561,
      "cv": 1.0,
      "lambda": 0.375,
      "twait": 0.7568608950303065
    },
    "F9": {
      "rho": 0.38469584892151165,
      "capacity": 1.0,
      "tserv": 0.5129277985620155,
      "stddev": 0.7606093245712515,
      "mu": 1.9495921312970035,
      "cv": 1.4828779541752406,
      "lambda": 0.75,
      "twait": 0.512930151913838
    },
    "F10": {
      "rho": 0.3313574113655904,
      "capacity": 1.0,
      "tserv": 0.8836197636415744,
      "stddev": 0.8836197636415742,
      "mu": 1.1317085030769336,
      "cv": 0.9999999999999999,
      "lambda": 0.375,
      "twait": 0.43789307245553927
    },
    "F11": {
      "rho": 0.4065638889597518,
      "capacity": 1.0,
      "tserv": 0.5420851852796691,
      "stddev": 0.62026697101067,
      "mu": 1.8447285171316505,
      "cv": 1.1442241696582536,
      "lambda": 0.75,
      "twait": 0.42880824751100777
    },
    "F12": {
      "rho": 0.4129125646012786,
      "capacity": 1.0,
      "tserv": 0.5505500861350382,
      "stddev": 0.5843449824899257,
      "mu": 1.8163651685538404,
      "cv": 1.0613838726139049,
      "lambda": 0.75,
      "twait": 0.41171324131644826
    },
    "F13": {
      "rho": 0.528088269444274,
      "capacity": 1.0,
      "tserv": 1.408235385184731,
      "stddev": 1.408235385184731,
      "mu": 0.7101085589244877,
      "cv": 1.0,
      "lambda": 0.375,
      "twait": 1.575872222240888
    },
    "F14": {
      "rho": 0.37184488728181625,
      "capacity": 1.0,
      "tserv": 0.9915863660848432,
      "stddev": 0.9915863660848432,
      "mu": 1.0084850237991643,
      "cv": 1.0,
      "lambda": 0.375,
      "twait": 0.586982917215267
    },
    "F15": {
      "rho": 0.4563435008611386,
      "capacity": 1.0,
      "tserv": 0.3042290005740924,
      "stddev": 0.44839155692015126,
      "mu": 3.286997617298021,
      "cv": 1.4738619792130871,
      "lambda": 1.5,
      "twait": 0.40504933754952793
    },
    "F16": {
      "rho": 0.29633823639691403,
      "capacity": 1.0,
      "tserv": 0.7902352970584374,
      "stddev": 0.7902352970584374,
      "mu": 1.2654458788697345,
      "cv": 1.0,
      "lambda": 0.375,
      "twait": 0.3327975831311204
    },
    "F17": {
      "rho": 0.6010513018108039,
      "capacity": 1.0,
      "tserv": 1.602803471495477,
      "stddev": 1.602803471495477,
      "mu": 0.6239068094025038,
      "cv": 1.0,
      "lambda": 0.375,
      "twait": 2.4147643981842704
    },
    "F18": {
      "rho": 0.3202326531855958,
      "capacity": 1.0,
      "tserv": 0.28465124727608515,
      "stddev": 0.42813407474855386,
      "mu": 3.513070852734024,
      "cv": 1.5040653390613945,
      "lambda": 1.125,
      "twait": 0.21872612721636034
    },
    "F19": {
      "rho": 0.35105838207450474,
      "capacity": 1.0,
      "tserv": 0.4680778427660064,
      "stddev": 0.5540523551610328,
      "mu": 2.1363967883861217,
      "cv": 1.183675672163797,
      "lambda": 0.75,
      "twait": 0.3039974232368253
    },
    "F20": {
      "rho": 0.18890859146783068,
      "capacity": 1.0,
      "tserv": 0.5037562439142151,
      "stddev": 0.5037562439142151,
      "mu": 1.9850870576410968,
      "cv": 1.0,
      "lambda": 0.375,
      "twait": 0.1173281845669864
    },
    "F21": {
      "rho": 0.29132771687289705,
      "capacity": 1.0,
      "tserv": 0.3884369558305294,
      "stddev": 0.44483168298986997,
      "mu": 2.574420340263115,
      "cv": 1.145183732682595,
      "lambda": 0.75,
      "twait": 0.18454854053319403
    },
    "F22": {
      "rho": 0.38173504426713667,
      "capacity": 1.0,
      "tserv": 0.25449002951142446,
      "stddev": 0.3071111572722116,
      "mu": 3.9294270267476565,
      "cv": 1.2067708816011784,
      "lambda": 1.5,
      "twait": 0.19297847536890594
    },
    "F23": {
      "rho": 0.4079178857073652,
      "capacity": 1.0,
      "tserv": 0.5438905142764869,
      "stddev": 0.5731648320647528,
      "mu": 1.8386053327851377,
      "cv": 1.0538239167991523,
      "lambda": 0.75,
      "twait": 0.39542750986173725
    },
    "F24": {
      "rho": 0.3715795305728123,
      "capacity": 1.0,
      "tserv": 0.9908787481941661,
      "stddev": 0.9908787481941662,
      "mu": 1.0092052148887611,
      "cv": 1.0000000000000002,
      "lambda": 0.375,
      "twait": 0.585897942573662
    },
    "F25": {
      "rho": 0,
      "capacity": 1.0,
      "tserv": 0,
      "stddev": 0,
      "mu": 0,
      "cv": 0,
      "lambda": 0.0,
      "twait": 0
    }
  },
  "extra": {
    "deltatime": 0.1824791,
    "obj_func": 16293.13509884047
  },
  "network": [
    [
      0.0,
      1.0425719947682521,
      1.0516700136633845,
      1.150024433818542,
      0.9574950708112424,
      1.0791756106900263,
      0.8240794664153581,
      0.9922184968260991,
      1.3793504169956095,
      1.0786087094159071,
      0.8430068574486616,
      1.065361838873676,
      0.6238926936627737,
      0.6544288185251945,
      1.00282192368285,
      0.7956853861519233,
      0.8650234963532342,
      0.9658995093641147,
      1.1268021224177238,
      0.9596857582634511,
      0.8892964011244434,
      1.0201084696581828,
      1.421655858957939,
      1.4704011324863706,
      1.4704011324863706
    ],
    [
      1.0425719947682521,
      0.0,
      1.0741184375577206,
      1.1714432866560751,
      0.6979407550564086,
      1.1582045656512499,
      1.243746776229628,
      1.0645506740421025,
      0.6503622559859307,
      0.8909789080671673,
      0.7376542991077285,
      1.1182795734176192,
      0.9456337590043742,
      1.0681696960335978,
      1.271688637773806,
      0.6725806505705111,
      0.5316097676523485,
      0.7156277160746082,
      0.9250791313331355,
      1.0839912796335736,
      0.7840775010969213,
      1.0623641133162347,
      1.4704011324863706,
      1.3005205134275737,
      1.3005205134275737
    ],
    [
      1.0516700136633845,
      1.0741184375577206,
      0.0,
      1.2165333259808313,
      1.053350641601908,
      1.0717619981468454,
      1.34556510425119,
      0.9968293998309468,
      1.0917575228514713,
      1.2059976482524652,
      1.3708574030483955,
      0.6250675079653987,
      1.1023481279704905,
      1.0934297552569934,
      1.1701037664068858,
      1.1371168082561949,
      1.0958501769960542,
      1.2036887525850988,
      0.9059460060351991,
      1.0832428430298948,
      1.1722231912881533,
      1.421655858957939,
      1.3005205134275737,
      0.5177330655898313,
      0.5177330655898313
    ],
    [
      1.150024433818542,
      1.1714432866560751,
      1.2165333259808313,
      0.0,
      0.6683009355986244,
      1.1856234930182354,
      1.009519830051206,
      0.9871073798787968,
      0.7809080782584163,
      1.0304504890444166,
      0.7979590754866952,
      1.2244934198663895,
      0.8367147286952096,
      0.8073393973978508,
      0.8638563016425651,
      0.9881200397365709,
      1.075666510191155,
      1.1005627672178104,
      0.7673519541909174,
      1.1622746952905219,
      1.0201084696581828,
      1.4704011324863706,
      0.5177330655898313,
      0.9959776174894724,
      0.9959776174894724
    ],
    [
      0.9574950708112424,
      0.6979407550564086,
      1.053350641601908,
      0.6683009355986244,
      0.0,
      1.2693401500490635,
      0.9254476169929995,
      0.9341490455035374,
      0.9910334021963124,
      1.028089095939153,
      0.9145049165257955,
      0.5301176568364262,
      1.2156670601838904,
      0.9803957491901207,
      0.6632933455251228,
      0.9325881193928144,
      1.0732841825599782,
      0.7293479263343782,
      1.0264920048841437,
      0.8892964011244434,
      1.0623641133162347,
      1.3005205134275737,
      0.9959776174894724,
      1.0779318766548334,
      1.0779318766548334
    ],
    [
      1.0791756106900263,
      1.1582045656512499,
      1.0717619981468454,
      1.1856234930182354,
      1.2693401500490635,
      0.0,
      1.311971404039546,
      0.7049610487169012,
      0.756215515346517,
      0.614217848939802,
      0.8183295341355629,
      1.049380458802388,
      1.4186600804375435,
      0.6597597112392763,
      1.0950566826996306,
      0.9072466309795723,
      0.9777724558177026,
      0.9797127452027404,
      0.9596857582634511,
      0.7840775010969213,
      1.421655858957939,
      0.5177330655898313,
      1.0779318766548334,
      0.8711214362958225,
      0.8711214362958225
    ],
    [
      0.8240794664153581,
      1.243746776229628,
      1.34556510425119,
      1.009519830051206,
      0.9254476169929995,
      1.311971404039546,
      0.0,
      0.8550560854658121,
      0.9981431120404247,
      0.8921034931890723,
      0.6541042108195168,
      1.0119139746768435,
      0.8840262043523148,
      1.1000606018469095,
      0.6731326860111326,
      1.2289510725950064,
      0.7417818457939211,
      1.1268021224177238,
      1.0839912796335736,
      1.1722231912881533,
      1.4704011324863706,
      0.9959776174894724,
      0.8711214362958225,
      1.2533445707664934,
      1.2533445707664934
    ],
    [
      0.9922184968260991,
      1.0645506740421025,
      0.9968293998309468,
      0.9871073798787968,
      0.9341490455035374,
      0.7049610487169012,
      0.8550560854658121,
      0.0,
      1.1308798027662506,
      0.9474985011094038,
      0.7750008991156253,
      0.9074448117549317,
      0.8217963524615157,
      1.2026322139403332,
      1.2411275660697416,
      1.127220638537509,
      0.9658995093641147,
      0.9250791313331355,
      1.0832428430298948,
      1.0201084696581828,
      1.3005205134275737,
      1.0779318766548334,
      1.2533445707664934,
      1.0035895463810374,
      1.0035895463810374
    ],
    [
      1.3793504169956095,
      0.6503622559859307,
      1.0917575228514713,
      0.7809080782584163,
      0.9910334021963124,
      0.756215515346517,
      0.9981431120404247,
      1.1308798027662506,
      0.0,
      0.8867521670990697,
      0.8609916065360367,
      1.0921062660863314,
      1.0406475066549827,
      0.704153139479536,
      0.7091430224980688,
      0.8650234963532342,
      0.7156277160746082,
      0.9059460060351991,
      1.1622746952905219,
      1.0623641133162347,
      0.5177330655898313,
      0.8711214362958225,
      1.0035895463810374,
      0.704223370479672,
      0.704223370479672
    ],
    [
      1.0786087094159071,
      0.8909789080671673,
      1.2059976482524652,
      1.0304504890444166,
      1.028089095939153,
      0.614217848939802,
      0.8921034931890723,
      0.9474985011094038,
      0.8867521670990697,
      0.0,
      1.4179848738723553,
      1.026687112603492,
      1.0224004391270805,
      1.3343530803116534,
      0.7956853861519233,
      0.5316097676523485,
      1.2036887525850988,
      0.7673519541909174,
      0.8892964011244434,
      1.421655858957939,
      0.9959776174894724,
      1.2533445707664934,
      0.704223370479672,
      0.9511714746187815,
      0.9511714746187815
    ],
    [
      0.8430068574486616,
      0.7376542991077285,
      1.3708574030483955,
      0.7979590754866952,
      0.9145049165257955,
      0.8183295341355629,
      0.6541042108195168,
      0.7750008991156253,
      0.8609916065360367,
      1.4179848738723553,
      0.0,
      0.8835737983611209,
      1.1760632733017293,
      1.00282192368285,
      0.6725806505705111,
      1.0958501769960542,
      1.1005627672178104,
      1.0264920048841437,
      0.7840775010969213,
      1.4704011324863706,
      1.0779318766548334,
      1.0035895463810374,
      0.9511714746187815,
      1.1348806197254953,
      1.1348806197254953
    ],
    [
      1.065361838873676,
      1.1182795734176192,
      0.6250675079653987,
      1.2244934198663895,
      0.5301176568364262,
      1.049380458802388,
      1.0119139746768435,
      0.9074448117549317,
      1.0921062660863314,
      1.026687112603492,
      0.8835737983611209,
      0.0,
      0.6544288185251945,
      1.271688637773806,
      1.1371168082561949,
      1.075666510191155,
      0.7293479263343782,
      0.9596857582634511,
      1.1722231912881533,
      1.3005205134275737,
      0.8711214362958225,
      0.704223370479672,
      1.1348806197254953,
      1.140726885217932,
      1.140726885217932
    ],
    [
      0.6238926936627737,
      0.9456337590043742,
      1.1023481279704905,
      0.8367147286952096,
      1.2156670601838904,
      1.4186600804375435,
      0.8840262043523148,
      0.8217963524615157,
      1.0406475066549827,
      1.0224004391270805,
      1.1760632733017293,
      0.6544288185251945,
      0.0,
      1.1701037664068858,
      0.9881200397365709,
      1.0732841825599782,
      0.9797127452027404,
      1.0839912796335736,
      1.0201084696581828,
      0.5177330655898313,
      1.2533445707664934,
      0.9511714746187815,
      1.140726885217932,
      0.9713376595581549,
      0.9713376595581549
    ],
    [
      0.6544288185251945,
      1.0681696960335978,
      1.0934297552569934,
      0.8073393973978508,
      0.9803957491901207,
      0.6597597112392763,
      1.1000606018469095,
      1.2026322139403332,
      0.704153139479536,
      1.3343530803116534,
      1.00282192368285,
      1.271688637773806,
      1.1701037664068858,
      0.0,
      0.9325881193928144,
      0.9777724558177026,
      1.1268021224177238,
      1.0832428430298948,
      1.0623641133162347,
      0.9959776174894724,
      1.0035895463810374,
      1.1348806197254953,
      0.9713376595581549,
      1.2511618946670757,
      1.2511618946670757
    ],
    [
      1.00282192368285,
      1.271688637773806,
      1.1701037664068858,
      0.8638563016425651,
      0.6632933455251228,
      1.0950566826996306,
      0.6731326860111326,
      1.2411275660697416,
      0.7091430224980688,
      0.7956853861519233,
      0.6725806505705111,
      1.1371168082561949,
      0.9881200397365709,
      0.9325881193928144,
      0.0,
      0.7417818457939211,
      0.9250791313331355,
      1.1622746952905219,
      1.421655858957939,
      1.0779318766548334,
      0.704223370479672,
      1.140726885217932,
      1.2511618946670757,
      0.8718156330705907,
      0.8718156330705907
    ],
    [
      0.7956853861519233,
      0.6725806505705111,
      1.1371168082561949,
      0.9881200397365709,
      0.9325881193928144,
      0.9072466309795723,
      1.2289510725950064,
      1.127220638537509,
      0.8650234963532342,
      0.5316097676523485,
      1.0958501769960542,
      1.075666510191155,
      1.0732841825599782,
      0.9777724558177026,
      0.7417818457939211,
      0.0,
      0.9059460060351991,
      0.8892964011244434,
      1.4704011324863706,
      0.8711214362958225,
      0.9511714746187815,
      0.9713376595581549,
      0.8718156330705907,
      0.8207848444283073,
      0.8207848444283073
    ],
    [
      0.8650234963532342,
      0.5316097676523485,
      1.0958501769960542,
      1.075666510191155,
      1.0732841825599782,
      0.9777724558177026,
      0.7417818457939211,
      0.9658995093641147,
      0.7156277160746082,
      1.2036887525850988,
      1.1005627672178104,
      0.7293479263343782,
      0.9797127452027404,
      1.1268021224177238,
      0.9250791313331355,
      0.9059460060351991,
      0.0,
      0.7840775010969213,
      1.3005205134275737,
      1.2533445707664934,
      1.1348806197254953,
      1.2511618946670757,
      0.8207848444283073,
      0.5424103551610386,
      0.5424103551610386
    ],
    [
      0.9658995093641147,
      0.7156277160746082,
      1.2036887525850988,
      1.1005627672178104,
      0.7293479263343782,
      0.9797127452027404,
      1.1268021224177238,
      0.9250791313331355,
      0.9059460060351991,
      0.7673519541909174,
      1.0264920048841437,
      0.9596857582634511,
      1.0839912796335736,
      1.0832428430298948,
      1.1622746952905219,
      0.8892964011244434,
      0.7840775010969213,
      0.0,
      0.5177330655898313,
      1.0035895463810374,
      1.140726885217932,
      0.8718156330705907,
      0.5424103551610386,
      1.0027638732225526,
      1.0027638732225526
    ],
    [
      1.1268021224177238,
      0.9250791313331355,
      0.9059460060351991,
      0.7673519541909174,
      1.0264920048841437,
      0.9596857582634511,
      1.0839912796335736,
      1.0832428430298948,
      1.1622746952905219,
      0.8892964011244434,
      0.7840775010969213,
      1.1722231912881533,
      1.0201084696581828,
      1.0623641133162347,
      1.421655858957939,
      1.4704011324863706,
      1.3005205134275737,
      0.5177330655898313,
      0.0,
      0.704223370479672,
      0.9713376595581549,
      0.8207848444283073,
      1.0027638732225526,
      1.3657758104579216,
      1.3657758104579216
    ],
    [
      0.9596857582634511,
      1.0839912796335736,
      1.0832428430298948,
      1.1622746952905219,
      0.8892964011244434,
      0.7840775010969213,
      1.1722231912881533,
      1.0201084696581828,
      1.0623641133162347,
      1.421655858957939,
      1.4704011324863706,
      1.3005205134275737,
      0.5177330655898313,
      0.9959776174894724,
      1.0779318766548334,
      0.8711214362958225,
      1.2533445707664934,
      1.0035895463810374,
      0.704223370479672,
      0.0,
      1.2511618946670757,
      0.5424103551610386,
      1.3657758104579216,
      1.2715554175748311,
      1.2715554175748311
    ],
    [
      0.8892964011244434,
      0.7840775010969213,
      1.1722231912881533,
      1.0201084696581828,
      1.0623641133162347,
      1.421655858957939,
      1.4704011324863706,
      1.3005205134275737,
      0.5177330655898313,
      0.9959776174894724,
      1.0779318766548334,
      0.8711214362958225,
      1.2533445707664934,
      1.0035895463810374,
      0.704223370479672,
      0.9511714746187815,
      1.1348806197254953,
      1.140726885217932,
      0.9713376595581549,
      1.2511618946670757,
      0.0,
      1.0027638732225526,
      1.2715554175748311,
      0.6132921584830209,
      0.6132921584830209
    ],
    [
      1.0201084696581828,
      1.0623641133162347,
      1.421655858957939,
      1.4704011324863706,
      1.3005205134275737,
      0.5177330655898313,
      0.9959776174894724,
      1.0779318766548334,
      0.8711214362958225,
      1.2533445707664934,
      1.0035895463810374,
      0.704223370479672,
      0.9511714746187815,
      1.1348806197254953,
      1.140726885217932,
      0.9713376595581549,
      1.2511618946670757,
      0.8718156330705907,
      0.8207848444283073,
      0.5424103551610386,
      1.0027638732225526,
      0.0,
      0.6132921584830209,
      0.9943661672998964,
      0.9943661672998964
    ],
    [
      1.421655858957939,
      1.4704011324863706,
      1.3005205134275737,
      0.5177330655898313,
      0.9959776174894724,
      1.0779318766548334,
      0.8711214362958225,
      1.2533445707664934,
      1.0035895463810374,
      0.704223370479672,
      0.9511714746187815,
      1.1348806197254953,
      1.140726885217932,
      0.9713376595581549,
      1.2511618946670757,
      0.8718156330705907,
      0.8207848444283073,
      0.5424103551610386,
      1.0027638732225526,
      1.3657758104579216,
      1.2715554175748311,
      0.6132921584830209,
      0.0,
      1.077691748367868,
      1.077691748367868
    ],
    [
      1.4704011324863706,
      1.3005205134275737,
      0.5177330655898313,
      0.9959776174894724,
      1.0779318766548334,
      0.8711214362958225,
      1.2533445707664934,
      1.0035895463810374,
      0.704223370479672,
      0.9511714746187815,
      1.1348806197254953,
      1.140726885217932,
      0.9713376595581549,
      1.2511618946670757,
      0.8718156330705907,
      0.8207848444283073,
      0.5424103551610386,
      1.0027638732225526,
      1.3657758104579216,
      1.2715554175748311,
      0.6132921584830209,
      0.9943661672998964,
      1.077691748367868,
      0.0,
      1.027709487191889
    ],
    [
      1.4704011324863706,
      1.3005205134275737,
      0.5177330655898313,
      0.9959776174894724,
      1.0779318766548334,
      0.8711214362958225,
      1.2533445707664934,
      1.0035895463810374,
      0.704223370479672,
      0.9511714746187815,
      1.1348806197254953,
      1.140726885217932,
      0.9713376595581549,
      1.2511618946670757,
      0.8718156330705907,
      0.8207848444283073,
      0.5424103551610386,
      1.0027638732225526,
      1.3657758104579216,
      1.2715554175748311,
      0.6132921584830209,
      0.9943661672998964,
      1.077691748367868,
      1.027709487191889,
      0.0
    ]
  ]
}