{
  "servicechain": {
    "SC1": {
      "resptime": 37.96874373788449,
      "resptime_old": 27.96874373788449,
      "waittime": 22.113633368468932,
      "servicetime": 10.0,
      "networktime": 5.855110369415558,
      "services": {
        "MS1_1": {
          "meanserv": 0.39531646549842203,
          "stddevserv": 0.39531646549842203,
          "rate": 2.529618893407797,
          "cv": 1.0,
          "lambda": 0.15
        },
        "MS1_2": {
          "meanserv": 0.0020471691827139704,
          "stddevserv": 0.0020471691827139704,
          "rate": 488.47941266597286,
          "cv": 1.0,
          "lambda": 0.15
        },
        "MS1_3": {
          "meanserv": 1.5278628228048474,
          "stddevserv": 1.5278628228048474,
          "rate": 0.6545090207537101,
          "cv": 1.0,
          "lambda": 0.15
        },
        "MS1_4": {
          "meanserv": 3.3776799584577253,
          "stddevserv": 3.3776799584577253,
          "rate": 0.2960612054129035,
          "cv": 1.0,
          "lambda": 0.15
        },
        "MS1_5": {
          "meanserv": 0.32062621386936385,
          "stddevserv": 0.32062621386936385,
          "rate": 3.118896574088108,
          "cv": 1.0,
          "lambda": 0.15
        },
        "MS1_6": {
          "meanserv": 0.6506820681423582,
          "stddevserv": 0.6506820681423582,
          "rate": 1.5368488682267127,
          "cv": 1.0,
          "lambda": 0.15
        },
        "MS1_7": {
          "meanserv": 1.025226702505603,
          "stddevserv": 1.025226702505603,
          "rate": 0.9753940251029843,
          "cv": 1.0,
          "lambda": 0.15
        },
        "MS1_8": {
          "meanserv": 2.230550135265827,
          "stddevserv": 2.230550135265827,
          "rate": 0.4483198939085153,
          "cv": 1.0,
          "lambda": 0.15
        },
        "MS1_9": {
          "meanserv": 0.470008464273139,
          "stddevserv": 0.470008464273139,
          "rate": 2.1276212579415668,
          "cv": 1.0,
          "lambda": 0.15
        }
      },
      "sensors": [
        "S1"
      ],
      "sources": [
        {
          "startTime": 0,
          "stopTime": -1,
          "lambda": 0.15
        }
      ]
    },
    "SC2": {
      "resptime": 36.94805821701165,
      "resptime_old": 26.94805821701165,
      "waittime": 22.678459285244497,
      "servicetime": 10.0,
      "networktime": 4.269598931767151,
      "services": {
        "MS2_1": {
          "meanserv": 0.6171774933296659,
          "stddevserv": 0.6171774933296659,
          "rate": 1.620279434697158,
          "cv": 1.0,
          "lambda": 0.15
        },
        "MS2_2": {
          "meanserv": 1.2386761507370203,
          "stddevserv": 1.2386761507370203,
          "rate": 0.8073135172619522,
          "cv": 1.0,
          "lambda": 0.15
        },
        "MS2_3": {
          "meanserv": 0.3790860024981366,
          "stddevserv": 0.3790860024981366,
          "rate": 2.637923831030705,
          "cv": 1.0,
          "lambda": 0.15
        },
        "MS2_4": {
          "meanserv": 2.9542736290537226,
          "stddevserv": 2.9542736290537226,
          "rate": 0.3384926806256291,
          "cv": 1.0,
          "lambda": 0.15
        },
        "MS2_5": {
          "meanserv": 0.35119344734497826,
          "stddevserv": 0.35119344734497826,
          "rate": 2.8474335371573645,
          "cv": 1.0,
          "lambda": 0.15
        },
        "MS2_6": {
          "meanserv": 0.6856744156296104,
          "stddevserv": 0.6856744156296104,
          "rate": 1.458418131412654,
          "cv": 1.0,
          "lambda": 0.15
        },
        "MS2_7": {
          "meanserv": 1.1615166368746586,
          "stddevserv": 1.1615166368746586,
          "rate": 0.8609433289657752,
          "cv": 1.0,
          "lambda": 0.15
        },
        "MS2_8": {
          "meanserv": 2.486742226818981,
          "stddevserv": 2.486742226818981,
          "rate": 0.4021325528698611,
          "cv": 1.0,
          "lambda": 0.15
        },
        "MS2_9": {
          "meanserv": 0.12565999771322645,
          "stddevserv": 0.12565999771322645,
          "rate": 7.9579820006215405,
          "cv": 1.0,
          "lambda": 0.15
        }
      },
      "sensors": [
        "S2"
      ],
      "sources": [
        {
          "startTime": 0,
          "stopTime": -1,
          "lambda": 0.15
        }
      ]
    },
    "SC3": {
      "resptime": 35.98242998066552,
      "resptime_old": 25.98242998066552,
      "waittime": 20.060839392821965,
      "servicetime": 10.0,
      "networktime": 5.921590587843554,
      "services": {
        "MS3_1": {
          "meanserv": 2.0426154513845605,
          "stddevserv": 2.0426154513845605,
          "rate": 0.4895684105993436,
          "cv": 1.0,
          "lambda": 0.15
        },
        "MS3_2": {
          "meanserv": 2.608054764156381,
          "stddevserv": 2.608054764156381,
          "rate": 0.38342753140901426,
          "cv": 1.0,
          "lambda": 0.15
        },
        "MS3_3": {
          "meanserv": 1.3820905825967662,
          "stddevserv": 1.3820905825967662,
          "rate": 0.7235415772250844,
          "cv": 1.0,
          "lambda": 0.15
        },
        "MS3_4": {
          "meanserv": 0.6523721281564496,
          "stddevserv": 0.6523721281564496,
          "rate": 1.532867449174934,
          "cv": 1.0,
          "lambda": 0.15
        },
        "MS3_5": {
          "meanserv": 0.7703465563289864,
          "stddevserv": 0.7703465563289864,
          "rate": 1.2981170510651794,
          "cv": 1.0,
          "lambda": 0.15
        },
        "MS3_6": {
          "meanserv": 0.24179540919705556,
          "stddevserv": 0.24179540919705556,
          "rate": 4.135727817665189,
          "cv": 1.0,
          "lambda": 0.15
        },
        "MS3_7": {
          "meanserv": 1.0801123552744523,
          "stddevserv": 1.0801123552744523,
          "rate": 0.9258296094075361,
          "cv": 1.0,
          "lambda": 0.15
        },
        "MS3_8": {
          "meanserv": 0.03626846867082101,
          "stddevserv": 0.03626846867082101,
          "rate": 27.57215941693529,
          "cv": 1.0,
          "lambda": 0.15
        },
        "MS3_9": {
          "meanserv": 1.1863442842345275,
          "stddevserv": 1.1863442842345275,
          "rate": 0.842925627315039,
          "cv": 1.0,
          "lambda": 0.15
        }
      },
      "sensors": [
        "S3"
      ],
      "sources": [
        {
          "startTime": 0,
          "stopTime": -1,
          "lambda": 0.15
        }
      ]
    },
    "SC4": {
      "resptime": 46.75953497324393,
      "resptime_old": 36.75953497324393,
      "waittime": 32.97387703696575,
      "servicetime": 10.0,
      "networktime": 3.785657936278179,
      "services": {
        "MS4_1": {
          "meanserv": 4.295452881954253,
          "stddevserv": 4.295452881954253,
          "rate": 0.23280432296234185,
          "cv": 1.0,
          "lambda": 0.15
        },
        "MS4_2": {
          "meanserv": 0.12341281509305979,
          "stddevserv": 0.12341281509305979,
          "rate": 8.102886229812901,
          "cv": 1.0,
          "lambda": 0.15
        },
        "MS4_3": {
          "meanserv": 0.11692880701972186,
          "stddevserv": 0.11692880701972186,
          "rate": 8.55221245720342,
          "cv": 1.0,
          "lambda": 0.15
        },
        "MS4_4": {
          "meanserv": 4.094495211664121,
          "stddevserv": 4.094495211664121,
          "rate": 0.24423035033751356,
          "cv": 1.0,
          "lambda": 0.15
        },
        "MS4_5": {
          "meanserv": 0.47244913617528717,
          "stddevserv": 0.47244913617528717,
          "rate": 2.116629968033177,
          "cv": 1.0,
          "lambda": 0.15
        },
        "MS4_6": {
          "meanserv": 0.3111533561866633,
          "stddevserv": 0.3111533561866633,
          "rate": 3.2138493129416617,
          "cv": 1.0,
          "lambda": 0.15
        },
        "MS4_7": {
          "meanserv": 0.23617189785643333,
          "stddevserv": 0.23617189785643333,
          "rate": 4.234204022901533,
          "cv": 1.0,
          "lambda": 0.15
        },
        "MS4_8": {
          "meanserv": 0.20887313773493332,
          "stddevserv": 0.20887313773493332,
          "rate": 4.787595048574565,
          "cv": 1.0,
          "lambda": 0.15
        },
        "MS4_9": {
          "meanserv": 0.14106275631552734,
          "stddevserv": 0.14106275631552734,
          "rate": 7.0890433883427955,
          "cv": 1.0,
          "lambda": 0.15
        }
      },
      "sensors": [
        "S4"
      ],
      "sources": [
        {
          "startTime": 0,
          "stopTime": -1,
          "lambda": 0.15
        }
      ]
    }
  },
  "microservice": {
    "MS1_1": "F6",
    "MS1_2": "F10",
    "MS1_3": "F10",
    "MS1_4": "F3",
    "MS1_5": "F6",
    "MS1_6": "F6",
    "MS1_7": "F8",
    "MS1_8": "F7",
    "MS1_9": "F7",
    "MS2_1": "F8",
    "MS2_2": "F8",
    "MS2_3": "F4",
    "MS2_4": "F4",
    "MS2_5": "F5",
    "MS2_6": "F9",
    "MS2_7": "F9",
    "MS2_8": "F6",
    "MS2_9": "F6",
    "MS3_1": "F9",
    "MS3_2": "F5",
    "MS3_3": "F8",
    "MS3_4": "F10",
    "MS3_5": "F10",
    "MS3_6": "F10",
    "MS3_7": "F7",
    "MS3_8": "F10",
    "MS3_9": "F10",
    "MS4_1": "F1",
    "MS4_2": "F8",
    "MS4_3": "F8",
    "MS4_4": "F2",
    "MS4_5": "F5",
    "MS4_6": "F5",
    "MS4_7": "F5",
    "MS4_8": "F4",
    "MS4_9": "F4"
  },
  "sensor": {
    "S1": "F6",
    "S2": "F8",
    "S3": "F9",
    "S4": "F1"
  },
  "fog": {
    "F1": {
      "rho": 0.6443179322931379,
      "capacity": 1.0,
      "tserv": 4.295452881954253,
      "stddev": 4.295452881954253,
      "mu": 0.23280432296234185,
      "cv": 1.0,
      "lambda": 0.15,
      "twait": 7.781211285142248
    },
    "F2": {
      "rho": 0.6141742817496181,
      "capacity": 1.0,
      "tserv": 4.094495211664121,
      "stddev": 4.094495211664121,
      "mu": 0.24423035033751356,
      "cv": 1.0,
      "lambda": 0.15,
      "twait": 6.517796862155062
    },
    "F3": {
      "rho": 0.5066519937686588,
      "capacity": 1.0,
      "tserv": 3.3776799584577253,
      "stddev": 3.3776799584577253,
      "mu": 0.2960612054129035,
      "cv": 1.0,
      "lambda": 0.15,
      "twait": 3.468764976547972
    },
    "F4": {
      "rho": 0.552494328840348,
      "capacity": 1.0,
      "tserv": 0.92082388140058,
      "stddev": 1.9025157450575254,
      "mu": 1.085983997807477,
      "cv": 2.066101654709242,
      "lambda": 0.6,
      "twait": 2.9949225688062415
    },
    "F5": {
      "rho": 0.5968533902579615,
      "capacity": 1.0,
      "tserv": 0.7958045203439487,
      "stddev": 1.5123261773140473,
      "mu": 1.2565899972116237,
      "cv": 1.9003739469341243,
      "lambda": 0.75,
      "twait": 2.716538379540647
    },
    "F6": {
      "rho": 0.5968540458063527,
      "capacity": 1.0,
      "tserv": 0.7958053944084703,
      "stddev": 1.455867467039805,
      "mu": 1.2565886170491587,
      "cv": 1.8294264870144104,
      "lambda": 0.75,
      "twait": 2.560663463243089
    },
    "F7": {
      "rho": 0.5671006432220127,
      "capacity": 1.0,
      "tserv": 1.2602236516044727,
      "stddev": 1.6290404300987236,
      "mu": 0.7935099446251742,
      "cv": 1.2926597814798082,
      "lambda": 0.44999999999999996,
      "twait": 2.204751911551998
    },
    "F8": {
      "rho": 0.6755268826922755,
      "capacity": 1.0,
      "tserv": 0.7505854252136394,
      "stddev": 1.0352549544148342,
      "mu": 1.33229338914404,
      "cv": 1.379263331845498,
      "lambda": 0.9,
      "twait": 2.2677043067170084
    },
    "F9": {
      "rho": 0.5834709755833244,
      "capacity": 1.0,
      "tserv": 1.2966021679629431,
      "stddev": 1.52091691889493,
      "mu": 0.7712465895156362,
      "cv": 1.1730019866343444,
      "lambda": 0.44999999999999996,
      "twait": 2.1576701140855867
    },
    "F10": {
      "rho": 0.6625555257863103,
      "capacity": 1.0,
      "tserv": 0.6310052626536288,
      "stddev": 0.9895162806544247,
      "mu": 1.584772836591887,
      "cv": 1.5681585229465664,
      "lambda": 1.05,
      "twait": 2.142834936185345
    }
  },
  "extra": {
    "deltatime": 0.0351516,
    "obj_func": 39.4146917272014
  },
  "network": [
    [
      0.0,
      0.8431768536219,
      1.06927478817321,
      0.8672109224411506,
      1.0115025684067236,
      1.4281644808161038,
      1.6127367793859482,
      0.7267881556186458,
      1.1059452880906477,
      1.1059452880906477
    ],
    [
      0.8431768536219,
      0.0,
      1.462950707585845,
      0.9442011190188447,
      1.107043004666933,
      1.3654921681174994,
      0.9969713438082253,
      1.1059452880906477,
      1.4004871323949906,
      1.4004871323949906
    ],
    [
      1.06927478817321,
      1.462950707585845,
      0.0,
      0.9092424117512158,
      1.0983693849748268,
      1.3169609164276412,
      0.7267881556186458,
      1.4004871323949906,
      1.0177342386966868,
      1.0177342386966868
    ],
    [
      0.8672109224411506,
      0.9442011190188447,
      0.9092424117512158,
      0.0,
      0.8458814879019525,
      1.6127367793859482,
      1.1059452880906477,
      1.0177342386966868,
      1.331155098685096,
      1.331155098685096
    ],
    [
      1.0115025684067236,
      1.107043004666933,
      1.0983693849748268,
      0.8458814879019525,
      0.0,
      0.9969713438082253,
      1.4004871323949906,
      1.331155098685096,
      1.2915511960457933,
      1.2915511960457933
    ],
    [
      1.4281644808161038,
      1.3654921681174994,
      1.3169609164276412,
      1.6127367793859482,
      0.9969713438082253,
      0.0,
      1.0177342386966868,
      1.2915511960457933,
      1.1144320091227184,
      1.1144320091227184
    ],
    [
      1.6127367793859482,
      0.9969713438082253,
      0.7267881556186458,
      1.1059452880906477,
      1.4004871323949906,
      1.0177342386966868,
      0.0,
      1.1144320091227184,
      1.14332968892322,
      1.14332968892322
    ],
    [
      0.7267881556186458,
      1.1059452880906477,
      1.4004871323949906,
      1.0177342386966868,
      1.331155098685096,
      1.2915511960457933,
      1.1144320091227184,
      0.0,
      1.0122249152662244,
      1.0122249152662244
    ],
    [
      1.1059452880906477,
      1.4004871323949906,
      1.0177342386966868,
      1.331155098685096,
      1.2915511960457933,
      1.1144320091227184,
      1.14332968892322,
      1.0122249152662244,
      0.0,
      1.0773548879150259
    ],
    [
      1.1059452880906477,
      1.4004871323949906,
      1.0177342386966868,
      1.331155098685096,
      1.2915511960457933,
      1.1144320091227184,
      1.14332968892322,
      1.0122249152662244,
      1.0773548879150259,
      0.0
    ]
  ]
}