{
  "servicechain": {
    "SC1": {
      "resptime": 2828.5224631173583,
      "resptime_old": 2818.522463117358,
      "waittime": 2814.8037073376586,
      "servicetime": 10.0,
      "networktime": 3.718755779699457,
      "services": {
        "MS1_1": {
          "meanserv": 2.7296422379524508,
          "stddevserv": 2.7296422379524508,
          "rate": 0.36634837565750605,
          "cv": 1.0,
          "lambda": 0.375
        },
        "MS1_2": {
          "meanserv": 0.5365986045660875,
          "stddevserv": 0.5365986045660875,
          "rate": 1.8635903848625084,
          "cv": 1.0,
          "lambda": 0.375
        },
        "MS1_3": {
          "meanserv": 0.35824437608847237,
          "stddevserv": 0.35824437608847237,
          "rate": 2.7913906448960946,
          "cv": 1.0,
          "lambda": 0.375
        },
        "MS1_4": {
          "meanserv": 0.21636091736873997,
          "stddevserv": 0.21636091736873997,
          "rate": 4.6219068219964985,
          "cv": 1.0,
          "lambda": 0.375
        },
        "MS1_5": {
          "meanserv": 1.9667708167174975,
          "stddevserv": 1.9667708167174975,
          "rate": 0.5084476500769829,
          "cv": 1.0,
          "lambda": 0.375
        },
        "MS1_6": {
          "meanserv": 0.2909441273433302,
          "stddevserv": 0.2909441273433302,
          "rate": 3.437086045115269,
          "cv": 1.0,
          "lambda": 0.375
        },
        "MS1_7": {
          "meanserv": 0.19324049189374382,
          "stddevserv": 0.19324049189374382,
          "rate": 5.174898853755066,
          "cv": 1.0,
          "lambda": 0.375
        },
        "MS1_8": {
          "meanserv": 0.9273491967801153,
          "stddevserv": 0.9273491967801153,
          "rate": 1.0783424447577443,
          "cv": 1.0,
          "lambda": 0.375
        },
        "MS1_9": {
          "meanserv": 0.4756606335497997,
          "stddevserv": 0.4756606335497997,
          "rate": 2.1023392088117885,
          "cv": 1.0,
          "lambda": 0.375
        },
        "MS1_10": {
          "meanserv": 2.305188597739763,
          "stddevserv": 2.305188597739763,
          "rate": 0.43380398505376083,
          "cv": 1.0,
          "lambda": 0.375
        }
      },
      "sensors": [
        "S1"
      ],
      "sources": [
        {
          "startTime": 0,
          "stopTime": -1,
          "lambda": 0.375
        }
      ]
    },
    "SC2": {
      "resptime": 38.98420921167643,
      "resptime_old": 28.98420921167643,
      "waittime": 22.044689238117137,
      "servicetime": 10.0,
      "networktime": 6.939519973559294,
      "services": {
        "MS2_1": {
          "meanserv": 1.4193727725005367,
          "stddevserv": 1.4193727725005367,
          "rate": 0.7045365526057545,
          "cv": 1.0,
          "lambda": 0.375
        },
        "MS2_2": {
          "meanserv": 0.15278263090632183,
          "stddevserv": 0.15278263090632183,
          "rate": 6.5452466295933,
          "cv": 1.0,
          "lambda": 0.375
        },
        "MS2_3": {
          "meanserv": 0.4797622779388808,
          "stddevserv": 0.4797622779388808,
          "rate": 2.0843656243590596,
          "cv": 1.0,
          "lambda": 0.375
        },
        "MS2_4": {
          "meanserv": 2.244482045231786,
          "stddevserv": 2.244482045231786,
          "rate": 0.4455370904500734,
          "cv": 1.0,
          "lambda": 0.375
        },
        "MS2_5": {
          "meanserv": 0.3696696936934467,
          "stddevserv": 0.3696696936934467,
          "rate": 2.705117614616422,
          "cv": 1.0,
          "lambda": 0.375
        },
        "MS2_6": {
          "meanserv": 1.8375740876106743,
          "stddevserv": 1.8375740876106743,
          "rate": 0.5441957452176858,
          "cv": 1.0,
          "lambda": 0.375
        },
        "MS2_7": {
          "meanserv": 0.24446039381842333,
          "stddevserv": 0.24446039381842333,
          "rate": 4.090642186982507,
          "cv": 1.0,
          "lambda": 0.375
        },
        "MS2_8": {
          "meanserv": 1.5602948073694662,
          "stddevserv": 1.5602948073694662,
          "rate": 0.6409045234765095,
          "cv": 1.0,
          "lambda": 0.375
        },
        "MS2_9": {
          "meanserv": 0.4183602835410305,
          "stddevserv": 0.4183602835410305,
          "rate": 2.390284258189928,
          "cv": 1.0,
          "lambda": 0.375
        },
        "MS2_10": {
          "meanserv": 1.2732410073894336,
          "stddevserv": 1.2732410073894336,
          "rate": 0.7853972611597955,
          "cv": 1.0,
          "lambda": 0.375
        }
      },
      "sensors": [
        "S2"
      ],
      "sources": [
        {
          "startTime": 0,
          "stopTime": -1,
          "lambda": 0.375
        }
      ]
    },
    "SC3": {
      "resptime": 2767.5270385722183,
      "resptime_old": 2757.5270385722188,
      "waittime": 2752.722255305546,
      "servicetime": 10.0,
      "networktime": 4.804783266672744,
      "services": {
        "MS3_1": {
          "meanserv": 0.43307368891547293,
          "stddevserv": 0.43307368891547293,
          "rate": 2.3090758584393694,
          "cv": 1.0,
          "lambda": 0.375
        },
        "MS3_2": {
          "meanserv": 2.144016929105542,
          "stddevserv": 2.144016929105542,
          "rate": 0.46641422762328094,
          "cv": 1.0,
          "lambda": 0.375
        },
        "MS3_3": {
          "meanserv": 0.17491448049359093,
          "stddevserv": 0.17491448049359093,
          "rate": 5.7170795532656955,
          "cv": 1.0,
          "lambda": 0.375
        },
        "MS3_4": {
          "meanserv": 0.5178775084604794,
          "stddevserv": 0.5178775084604794,
          "rate": 1.9309585445653943,
          "cv": 1.0,
          "lambda": 0.375
        },
        "MS3_5": {
          "meanserv": 2.702555244585728,
          "stddevserv": 2.702555244585728,
          "rate": 0.3700201881176675,
          "cv": 1.0,
          "lambda": 0.375
        },
        "MS3_6": {
          "meanserv": 0.6085056098703907,
          "stddevserv": 0.6085056098703907,
          "rate": 1.6433702233460035,
          "cv": 1.0,
          "lambda": 0.375
        },
        "MS3_7": {
          "meanserv": 0.2686742750088973,
          "stddevserv": 0.2686742750088973,
          "rate": 3.721978964926525,
          "cv": 1.0,
          "lambda": 0.375
        },
        "MS3_8": {
          "meanserv": 0.6001459782876788,
          "stddevserv": 0.6001459782876788,
          "rate": 1.666261270054953,
          "cv": 1.0,
          "lambda": 0.375
        },
        "MS3_9": {
          "meanserv": 1.8708206595917485,
          "stddevserv": 1.8708206595917485,
          "rate": 0.5345247792047692,
          "cv": 1.0,
          "lambda": 0.375
        },
        "MS3_10": {
          "meanserv": 0.6794156256804715,
          "stddevserv": 0.6794156256804715,
          "rate": 1.4718531075855752,
          "cv": 1.0,
          "lambda": 0.375
        }
      },
      "sensors": [
        "S3"
      ],
      "sources": [
        {
          "startTime": 0,
          "stopTime": -1,
          "lambda": 0.375
        }
      ]
    },
    "SC4": {
      "resptime": 43.62701873382241,
      "resptime_old": 33.627018733822396,
      "waittime": 28.307141887950372,
      "servicetime": 10.0,
      "networktime": 5.319876845872038,
      "services": {
        "MS4_1": {
          "meanserv": 0.36762114883671204,
          "stddevserv": 0.36762114883671204,
          "rate": 2.7201917059569785,
          "cv": 1.0,
          "lambda": 0.375
        },
        "MS4_2": {
          "meanserv": 0.6722942931159359,
          "stddevserv": 0.6722942931159359,
          "rate": 1.4874438326186294,
          "cv": 1.0,
          "lambda": 0.375
        },
        "MS4_3": {
          "meanserv": 1.738795608676702,
          "stddevserv": 1.738795608676702,
          "rate": 0.5751107231982503,
          "cv": 1.0,
          "lambda": 0.375
        },
        "MS4_4": {
          "meanserv": 0.3587180271001209,
          "stddevserv": 0.3587180271001209,
          "rate": 2.787704894799983,
          "cv": 1.0,
          "lambda": 0.375
        },
        "MS4_5": {
          "meanserv": 1.2502416040618867,
          "stddevserv": 1.2502416040618867,
          "rate": 0.7998454032813487,
          "cv": 1.0,
          "lambda": 0.375
        },
        "MS4_6": {
          "meanserv": 2.3766185410129452,
          "stddevserv": 2.3766185410129452,
          "rate": 0.42076588343613075,
          "cv": 1.0,
          "lambda": 0.375
        },
        "MS4_7": {
          "meanserv": 1.5886726377257734,
          "stddevserv": 1.5886726377257734,
          "rate": 0.6294562997141603,
          "cv": 1.0,
          "lambda": 0.375
        },
        "MS4_8": {
          "meanserv": 0.9509124715406614,
          "stddevserv": 0.9509124715406614,
          "rate": 1.0516215003256897,
          "cv": 1.0,
          "lambda": 0.375
        },
        "MS4_9": {
          "meanserv": 0.10195127036388918,
          "stddevserv": 0.10195127036388918,
          "rate": 9.808607547809398,
          "cv": 1.0,
          "lambda": 0.375
        },
        "MS4_10": {
          "meanserv": 0.5941743975653733,
          "stddevserv": 0.5941743975653733,
          "rate": 1.6830075548483663,
          "cv": 1.0,
          "lambda": 0.375
        }
      },
      "sensors": [
        "S4"
      ],
      "sources": [
        {
          "startTime": 0,
          "stopTime": -1,
          "lambda": 0.375
        }
      ]
    }
  },
  "microservice": {
    "MS1_1": "F6",
    "MS1_2": "F9",
    "MS1_3": "F9",
    "MS1_4": "F9",
    "MS1_5": "F24",
    "MS1_6": "F22",
    "MS1_7": "F22",
    "MS1_8": "F15",
    "MS1_9": "F15",
    "MS1_10": "F1",
    "MS2_1": "F7",
    "MS2_2": "F13",
    "MS2_3": "F13",
    "MS2_4": "F14",
    "MS2_5": "F12",
    "MS2_6": "F11",
    "MS2_7": "F2",
    "MS2_8": "F17",
    "MS2_9": "F2",
    "MS2_10": "F18",
    "MS3_1": "F20",
    "MS3_2": "F4",
    "MS3_3": "F20",
    "MS3_4": "F20",
    "MS3_5": "F19",
    "MS3_6": "F5",
    "MS3_7": "F5",
    "MS3_8": "F5",
    "MS3_9": "F3",
    "MS3_10": "F12",
    "MS4_1": "F23",
    "MS4_2": "F23",
    "MS4_3": "F21",
    "MS4_4": "F13",
    "MS4_5": "F8",
    "MS4_6": "F16",
    "MS4_7": "F10",
    "MS4_8": "F25",
    "MS4_9": "F22",
    "MS4_10": "F22"
  },
  "sensor": {
    "S1": "F6",
    "S2": "F7",
    "S3": "F20",
    "S4": "F23"
  },
  "fog": {
    "F1": {
      "rho": 0.864445724152411,
      "capacity": 1.0,
      "tserv": 2.305188597739763,
      "stddev": 2.305188597739763,
      "mu": 0.43380398505376083,
      "cv": 1.0,
      "lambda": 0.375,
      "twait": 14.700461599024312
    },
    "F2": {
      "rho": 0.24855775400979518,
      "capacity": 1.0,
      "tserv": 0.3314103386797269,
      "stddev": 0.35348747984416473,
      "mu": 3.01740737474818,
      "cv": 1.0666157285629312,
      "lambda": 0.75,
      "twait": 0.11716779245672586
    },
    "F3": {
      "rho": 0.7015577473469057,
      "capacity": 1.0,
      "tserv": 1.8708206595917485,
      "stddev": 1.8708206595917485,
      "mu": 0.5345247792047692,
      "cv": 1.0,
      "lambda": 0.375,
      "twait": 4.397797952419493
    },
    "F4": {
      "rho": 0.8040063484145782,
      "capacity": 1.0,
      "tserv": 2.144016929105542,
      "stddev": 2.144016929105542,
      "mu": 0.46641422762328094,
      "cv": 1.0,
      "lambda": 0.375,
      "twait": 8.795199273879962
    },
    "F5": {
      "rho": 0.5539971986876125,
      "capacity": 1.0,
      "tserv": 0.4924419543889889,
      "stddev": 0.5409199083576651,
      "mu": 2.030696188834637,
      "cv": 1.0984439963666917,
      "lambda": 1.125,
      "twait": 0.6748613485624605
    },
    "F6": {
      "rho": 1.023615839232169,
      "capacity": 1.0,
      "tserv": 2.7296422379524508,
      "stddev": 2.7296422379524508,
      "mu": 0.36634837565750605,
      "cv": 1.0,
      "lambda": 0.375,
      "twait": 2791.310925175066
    },
    "F7": {
      "rho": 0.5322647896877012,
      "capacity": 1.0,
      "tserv": 1.4193727725005367,
      "stddev": 1.4193727725005367,
      "mu": 0.7045365526057545,
      "cv": 1.0,
      "lambda": 0.375,
      "twait": 1.6151919581573193
    },
    "F8": {
      "rho": 0.4688406015232075,
      "capacity": 1.0,
      "tserv": 1.2502416040618867,
      "stddev": 1.2502416040618864,
      "mu": 0.7998454032813487,
      "cv": 0.9999999999999998,
      "lambda": 0.375,
      "twait": 1.1035557826495381
    },
    "F9": {
      "rho": 0.41670146175873746,
      "capacity": 1.0,
      "tserv": 0.37040129934109994,
      "stddev": 0.41416056319224087,
      "mu": 2.699774546630591,
      "cv": 1.1181401467246024,
      "lambda": 1.125,
      "twait": 0.29771792120092205
    },
    "F10": {
      "rho": 0.595752239147165,
      "capacity": 1.0,
      "tserv": 1.5886726377257734,
      "stddev": 1.5886726377257734,
      "mu": 0.6294562997141603,
      "cv": 1.0,
      "lambda": 0.375,
      "twait": 2.3412752595097643
    },
    "F11": {
      "rho": 0.689090282854003,
      "capacity": 1.0,
      "tserv": 1.8375740876106743,
      "stddev": 1.8375740876106743,
      "mu": 0.5441957452176858,
      "cv": 1.0,
      "lambda": 0.375,
      "twait": 4.072740020544994
    },
    "F12": {
      "rho": 0.39340699476521934,
      "capacity": 1.0,
      "tserv": 0.5245426596869591,
      "stddev": 0.5684331737528383,
      "mu": 1.9064226360479206,
      "cv": 1.0836738695229717,
      "lambda": 0.75,
      "twait": 0.3698492665333144
    },
    "F13": {
      "rho": 0.3717236009794963,
      "capacity": 1.0,
      "tserv": 0.33042097864844117,
      "stddev": 0.3815983612035687,
      "mu": 3.0264422195298093,
      "cv": 1.1548853912498664,
      "lambda": 1.125,
      "twait": 0.2281199400468158
    },
    "F14": {
      "rho": 0.8416807669619197,
      "capacity": 1.0,
      "tserv": 2.244482045231786,
      "stddev": 2.244482045231786,
      "mu": 0.4455370904500734,
      "cv": 1.0,
      "lambda": 0.375,
      "twait": 11.932456550042513
    },
    "F15": {
      "rho": 0.5261286863737181,
      "capacity": 1.0,
      "tserv": 0.7015049151649575,
      "stddev": 0.7707920764234202,
      "mu": 1.4255067617948936,
      "cv": 1.0987693168795116,
      "lambda": 0.75,
      "twait": 0.8595922087729304
    },
    "F16": {
      "rho": 0.8912319528798545,
      "capacity": 1.0,
      "tserv": 2.3766185410129452,
      "stddev": 2.376618541012945,
      "mu": 0.42076588343613075,
      "cv": 0.9999999999999998,
      "lambda": 0.375,
      "twait": 19.473718979414578
    },
    "F17": {
      "rho": 0.5851105527635498,
      "capacity": 1.0,
      "tserv": 1.5602948073694662,
      "stddev": 1.5602948073694662,
      "mu": 0.6409045234765095,
      "cv": 1.0,
      "lambda": 0.375,
      "twait": 2.2004535504460474
    },
    "F18": {
      "rho": 0.4774653777710376,
      "capacity": 1.0,
      "tserv": 1.2732410073894336,
      "stddev": 1.2732410073894336,
      "mu": 0.7853972611597955,
      "cv": 1.0,
      "lambda": 0.375,
      "twait": 1.163422427385859
    },
    "F19": {
      "rho": 1.013458216719648,
      "capacity": 1.0,
      "tserv": 2.702555244585728,
      "stddev": 2.702555244585728,
      "mu": 0.3700201881176675,
      "cv": 1.0,
      "lambda": 0.375,
      "twait": 2736.187891945417
    },
    "F20": {
      "rho": 0.42219962920107873,
      "capacity": 1.0,
      "tserv": 0.3752885592898478,
      "stddev": 0.42823883926741796,
      "mu": 2.6646162672592077,
      "cv": 1.141092177384163,
      "lambda": 1.125,
      "twait": 0.3156442738696018
    },
    "F21": {
      "rho": 0.6520483532537633,
      "capacity": 1.0,
      "tserv": 1.7387956086767022,
      "stddev": 1.7387956086767018,
      "mu": 0.5751107231982503,
      "cv": 0.9999999999999998,
      "lambda": 0.375,
      "twait": 3.258437842972447
    },
    "F22": {
      "rho": 0.44261635768737617,
      "capacity": 1.0,
      "tserv": 0.2950775717915841,
      "stddev": 0.39451622428301863,
      "mu": 3.3889393691578458,
      "cv": 1.3369915642442283,
      "lambda": 1.5,
      "twait": 0.3265890037469208
    },
    "F23": {
      "rho": 0.389968290732243,
      "capacity": 1.0,
      "tserv": 0.519957720976324,
      "stddev": 0.5628222579335213,
      "mu": 1.9232332931267972,
      "cv": 1.0824385045705458,
      "lambda": 0.75,
      "twait": 0.3609186928575978
    },
    "F24": {
      "rho": 0.7375390562690616,
      "capacity": 1.0,
      "tserv": 1.9667708167174975,
      "stddev": 1.9667708167174975,
      "mu": 0.5084476500769829,
      "cv": 1.0,
      "lambda": 0.375,
      "twait": 5.52680437492599
    },
    "F25": {
      "rho": 0.356592176827748,
      "capacity": 1.0,
      "tserv": 0.9509124715406614,
      "stddev": 0.9509124715406613,
      "mu": 1.0516215003256897,
      "cv": 0.9999999999999999,
      "lambda": 0.375,
      "twait": 0.5270186901481898
    }
  },
  "extra": {
    "deltatime": 8.8874201,
    "conv": 10,
    "obj_func": 1419.6651824087687
  },
  "network": [
    [
      0.0,
      1.224552961813476,
      0.7910433142992069,
      0.9384777109181887,
      1.0635914524516845,
      1.1843595426074085,
      0.9089944236019303,
      1.0472356677758035,
      0.8677218587693397,
      0.6142028059513169,
      0.6169543918625447,
      1.2333804871215028,
      1.1616673438159983,
      1.0000377082229037,
      0.6679382560814131,
      0.974946957457191,
      1.2878393624190487,
      0.8429101294281764,
      1.3249622341464347,
      1.4395552355393337,
      1.262212496392671,
      1.0400598861396517,
      0.8895655742227279,
      1.0468252932799278,
      1.0468252932799278
    ],
    [
      1.224552961813476,
      0.0,
      1.1319457414383733,
      1.1688834867253899,
      0.816277045916456,
      1.2158248661115982,
      1.0732337524256217,
      0.7970708604977594,
      0.8510616216930234,
      1.1390530582807357,
      0.8288597014053174,
      1.1843255660603507,
      0.8753795713321835,
      1.1839836214006687,
      0.8290307740004689,
      0.9208608179201615,
      0.6202262572459106,
      1.0704909062549093,
      0.9728678482442753,
      1.090355837998532,
      0.9758354377613981,
      1.107820199596132,
      1.0468252932799278,
      1.0294219901793666,
      1.0294219901793666
    ],
    [
      0.7910433142992069,
      1.1319457414383733,
      0.0,
      1.0882790496372763,
      0.8028461726242518,
      0.9323036057983133,
      0.5727514768223568,
      0.8967680005318455,
      0.5827866810024052,
      1.2336141565987717,
      0.99624329057664,
      0.910003905258736,
      0.8624989604608667,
      1.1632208149397307,
      1.0285025603328948,
      1.0825861890446917,
      0.7972293684065057,
      1.1143502727153978,
      0.8581493592434258,
      0.7647807059328731,
      0.88265888158412,
      0.8895655742227279,
      1.0294219901793666,
      0.9828442127080269,
      0.9828442127080269
    ],
    [
      0.9384777109181887,
      1.1688834867253899,
      1.0882790496372763,
      0.0,
      1.3092646462398247,
      1.1877827131907208,
      0.8890349039935288,
      1.0617484654088396,
      0.8412192214340893,
      0.9795522413251724,
      0.9172886300868083,
      1.1414907323140473,
      1.129346936398964,
      0.7925206048186894,
      1.166065201664614,
      0.8596942219776087,
      0.8344915762488962,
      0.9389088582166049,
      0.9174001082544591,
      0.6955425234315255,
      1.0400598861396517,
      1.0468252932799278,
      0.9828442127080269,
      1.4237112195696064,
      1.4237112195696064
    ],
    [
      1.0635914524516845,
      0.816277045916456,
      0.8028461726242518,
      1.3092646462398247,
      0.0,
      0.939761220065978,
      1.0299135960266945,
      0.9808207270208485,
      0.8393565959671243,
      0.9583897807278875,
      1.0977644726757048,
      0.7745250861325155,
      1.0636310922531536,
      1.2543299906809537,
      1.1981042251099976,
      0.7922835739510494,
      0.8645288658722297,
      1.0429119629698398,
      1.0575391795304017,
      1.262212496392671,
      1.107820199596132,
      1.0294219901793666,
      1.4237112195696064,
      0.9246230139130526,
      0.9246230139130526
    ],
    [
      1.1843595426074085,
      1.2158248661115982,
      0.9323036057983133,
      1.1877827131907208,
      0.939761220065978,
      0.0,
      1.0875389213192774,
      0.8713663028386532,
      0.5844069598657617,
      1.1864105652770236,
      0.9429080785108351,
      1.064923563826021,
      0.962100745382787,
      0.8547862965750512,
      0.8596055069977342,
      1.1313373294720361,
      1.283359376148541,
      1.1934716925550155,
      1.4395552355393337,
      0.9758354377613981,
      0.8895655742227279,
      0.9828442127080269,
      0.9246230139130526,
      1.2315848304698218,
      1.2315848304698218
    ],
    [
      0.9089944236019303,
      1.0732337524256217,
      0.5727514768223568,
      0.8890349039935288,
      1.0299135960266945,
      1.0875389213192774,
      0.0,
      1.1740060571070368,
      1.0296743252905871,
      0.8796326362630887,
      1.0113549197174037,
      1.0356681264149148,
      1.0540130227576179,
      0.7617880340864331,
      0.9406981889871422,
      1.2726668152817147,
      1.2160076578423313,
      1.3249622341464347,
      1.090355837998532,
      0.88265888158412,
      1.0468252932799278,
      1.4237112195696064,
      1.2315848304698218,
      1.0054264846137486,
      1.0054264846137486
    ],
    [
      1.0472356677758035,
      0.7970708604977594,
      0.8967680005318455,
      1.0617484654088396,
      0.9808207270208485,
      0.8713663028386532,
      1.1740060571070368,
      0.0,
      0.9683714094126464,
      0.777596157169732,
      0.941373831470062,
      0.9163477769276179,
      0.7165575329650911,
      1.0756418346561298,
      0.9582608647292902,
      0.5315587692974917,
      0.8429101294281764,
      0.9728678482442753,
      0.7647807059328731,
      1.0400598861396517,
      1.0294219901793666,
      0.9246230139130526,
      1.0054264846137486,
      1.1950941499267238,
      1.1950941499267238
    ],
    [
      0.8677218587693397,
      0.8510616216930234,
      0.5827866810024052,
      0.8412192214340893,
      0.8393565959671243,
      0.5844069598657617,
      1.0296743252905871,
      0.9683714094126464,
      0.0,
      1.114950783358934,
      1.1667947132674295,
      0.5685134972489991,
      0.8181342573050909,
      1.0524373672858174,
      1.092849188290358,
      1.2878393624190487,
      1.0704909062549093,
      0.8581493592434258,
      0.6955425234315255,
      1.107820199596132,
      0.9828442127080269,
      1.2315848304698218,
      1.1950941499267238,
      0.6433089623963034,
      0.6433089623963034
    ],
    [
      0.6142028059513169,
      1.1390530582807357,
      1.2336141565987717,
      0.9795522413251724,
      0.9583897807278875,
      1.1864105652770236,
      0.8796326362630887,
      0.777596157169732,
      1.114950783358934,
      0.0,
      1.3450717179312726,
      0.9885918580741042,
      0.9205877883756178,
      0.9751183523926295,
      0.974946957457191,
      0.6202262572459106,
      1.1143502727153978,
      0.9174001082544591,
      1.262212496392671,
      0.8895655742227279,
      1.4237112195696064,
      1.0054264846137486,
      0.6433089623963034,
      0.8491506509787762,
      0.8491506509787762
    ],
    [
      0.6169543918625447,
      0.8288597014053174,
      0.99624329057664,
      0.9172886300868083,
      1.0977644726757048,
      0.9429080785108351,
      1.0113549197174037,
      0.941373831470062,
      1.1667947132674295,
      1.3450717179312726,
      0.0,
      0.8881704943162655,
      0.8703235063169448,
      0.6679382560814131,
      0.9208608179201615,
      0.7972293684065057,
      0.9389088582166049,
      1.0575391795304017,
      0.9758354377613981,
      1.0468252932799278,
      0.9246230139130526,
      1.1950941499267238,
      0.8491506509787762,
      1.243200825542528,
      1.243200825542528
    ],
    [
      1.2333804871215028,
      1.1843255660603507,
      0.910003905258736,
      1.1414907323140473,
      0.7745250861325155,
      1.064923563826021,
      1.0356681264149148,
      0.9163477769276179,
      0.5685134972489991,
      0.9885918580741042,
      0.8881704943162655,
      0.0,
      1.0000377082229037,
      0.8290307740004689,
      1.0825861890446917,
      0.8344915762488962,
      1.0429119629698398,
      1.4395552355393337,
      0.88265888158412,
      1.0294219901793666,
      1.2315848304698218,
      0.6433089623963034,
      1.243200825542528,
      0.9530582097472999,
      0.9530582097472999
    ],
    [
      1.1616673438159983,
      0.8753795713321835,
      0.8624989604608667,
      1.129346936398964,
      1.0636310922531536,
      0.962100745382787,
      1.0540130227576179,
      0.7165575329650911,
      0.8181342573050909,
      0.9205877883756178,
      0.8703235063169448,
      1.0000377082229037,
      0.0,
      1.0285025603328948,
      0.8596942219776087,
      0.8645288658722297,
      1.1934716925550155,
      1.090355837998532,
      1.0400598861396517,
      0.9828442127080269,
      1.0054264846137486,
      0.8491506509787762,
      0.9530582097472999,
      1.2775018886935676,
      1.2775018886935676
    ],
    [
      1.0000377082229037,
      1.1839836214006687,
      1.1632208149397307,
      0.7925206048186894,
      1.2543299906809537,
      0.8547862965750512,
      0.7617880340864331,
      1.0756418346561298,
      1.0524373672858174,
      0.9751183523926295,
      0.6679382560814131,
      0.8290307740004689,
      1.0285025603328948,
      0.0,
      0.7922835739510494,
      1.283359376148541,
      1.3249622341464347,
      0.7647807059328731,
      1.107820199596132,
      1.4237112195696064,
      1.1950941499267238,
      1.243200825542528,
      1.2775018886935676,
      1.0157402410672989,
      1.0157402410672989
    ],
    [
      0.6679382560814131,
      0.8290307740004689,
      1.0285025603328948,
      1.166065201664614,
      1.1981042251099976,
      0.8596055069977342,
      0.9406981889871422,
      0.9582608647292902,
      1.092849188290358,
      0.974946957457191,
      0.9208608179201615,
      1.0825861890446917,
      0.8596942219776087,
      0.7922835739510494,
      0.0,
      1.2160076578423313,
      0.9728678482442753,
      0.6955425234315255,
      0.8895655742227279,
      0.9246230139130526,
      0.6433089623963034,
      0.9530582097472999,
      1.0157402410672989,
      1.4692105653270153,
      1.4692105653270153
    ],
    [
      0.974946957457191,
      0.9208608179201615,
      1.0825861890446917,
      0.8596942219776087,
      0.7922835739510494,
      1.1313373294720361,
      1.2726668152817147,
      0.5315587692974917,
      1.2878393624190487,
      0.6202262572459106,
      0.7972293684065057,
      0.8344915762488962,
      0.8645288658722297,
      1.283359376148541,
      1.2160076578423313,
      0.0,
      0.8581493592434258,
      1.262212496392671,
      1.0468252932799278,
      1.2315848304698218,
      0.8491506509787762,
      1.2775018886935676,
      1.4692105653270153,
      1.0586500693108478,
      1.0586500693108478
    ],
    [
      1.2878393624190487,
      0.6202262572459106,
      0.7972293684065057,
      0.8344915762488962,
      0.8645288658722297,
      1.283359376148541,
      1.2160076578423313,
      0.8429101294281764,
      1.0704909062549093,
      1.1143502727153978,
      0.9389088582166049,
      1.0429119629698398,
      1.1934716925550155,
      1.3249622341464347,
      0.9728678482442753,
      0.8581493592434258,
      0.0,
      0.9758354377613981,
      1.0294219901793666,
      1.0054264846137486,
      1.243200825542528,
      1.0157402410672989,
      1.0586500693108478,
      0.9470539470688426,
      0.9470539470688426
    ],
    [
      0.8429101294281764,
      1.0704909062549093,
      1.1143502727153978,
      0.9389088582166049,
      1.0429119629698398,
      1.1934716925550155,
      1.3249622341464347,
      0.9728678482442753,
      0.8581493592434258,
      0.9174001082544591,
      1.0575391795304017,
      1.4395552355393337,
      1.090355837998532,
      0.7647807059328731,
      0.6955425234315255,
      1.262212496392671,
      0.9758354377613981,
      0.0,
      0.9828442127080269,
      1.1950941499267238,
      0.9530582097472999,
      1.4692105653270153,
      0.9470539470688426,
      1.0411003713219864,
      1.0411003713219864
    ],
    [
      1.3249622341464347,
      0.9728678482442753,
      0.8581493592434258,
      0.9174001082544591,
      1.0575391795304017,
      1.4395552355393337,
      1.090355837998532,
      0.7647807059328731,
      0.6955425234315255,
      1.262212496392671,
      0.9758354377613981,
      0.88265888158412,
      1.0400598861396517,
      1.107820199596132,
      0.8895655742227279,
      1.0468252932799278,
      1.0294219901793666,
      0.9828442127080269,
      0.0,
      0.6433089623963034,
      1.2775018886935676,
      1.0586500693108478,
      1.0411003713219864,
      1.1307544495655624,
      1.1307544495655624
    ],
    [
      1.4395552355393337,
      1.090355837998532,
      0.7647807059328731,
      0.6955425234315255,
      1.262212496392671,
      0.9758354377613981,
      0.88265888158412,
      1.0400598861396517,
      1.107820199596132,
      0.8895655742227279,
      1.0468252932799278,
      1.0294219901793666,
      0.9828442127080269,
      1.4237112195696064,
      0.9246230139130526,
      1.2315848304698218,
      1.0054264846137486,
      1.1950941499267238,
      0.6433089623963034,
      0.0,
      1.0157402410672989,
      0.9470539470688426,
      1.1307544495655624,
      0.7269137591623406,
      0.7269137591623406
    ],
    [
      1.262212496392671,
      0.9758354377613981,
      0.88265888158412,
      1.0400598861396517,
      1.107820199596132,
      0.8895655742227279,
      1.0468252932799278,
      1.0294219901793666,
      0.9828442127080269,
      1.4237112195696064,
      0.9246230139130526,
      1.2315848304698218,
      1.0054264846137486,
      1.1950941499267238,
      0.6433089623963034,
      0.8491506509787762,
      1.243200825542528,
      0.9530582097472999,
      1.2775018886935676,
      1.0157402410672989,
      0.0,
      1.0411003713219864,
      0.7269137591623406,
      0.946377347035679,
      0.946377347035679
    ],
    [
      1.0400598861396517,
      1.107820199596132,
      0.8895655742227279,
      1.0468252932799278,
      1.0294219901793666,
      0.9828442127080269,
      1.4237112195696064,
      0.9246230139130526,
      1.2315848304698218,
      1.0054264846137486,
      1.1950941499267238,
      0.6433089623963034,
      0.8491506509787762,
      1.243200825542528,
      0.9530582097472999,
      1.2775018886935676,
      1.0157402410672989,
      1.4692105653270153,
      1.0586500693108478,
      0.9470539470688426,
      1.0411003713219864,
      0.0,
      0.946377347035679,
      0.8700433916086787,
      0.8700433916086787
    ],
    [
      0.8895655742227279,
      1.0468252932799278,
      1.0294219901793666,
      0.9828442127080269,
      1.4237112195696064,
      0.9246230139130526,
      1.2315848304698218,
      1.0054264846137486,
      1.1950941499267238,
      0.6433089623963034,
      0.8491506509787762,
      1.243200825542528,
      0.9530582097472999,
      1.2775018886935676,
      1.0157402410672989,
      1.4692105653270153,
      1.0586500693108478,
      0.9470539470688426,
      1.0411003713219864,
      1.1307544495655624,
      0.7269137591623406,
      0.946377347035679,
      0.0,
      1.2575931811170158,
      1.2575931811170158
    ],
    [
      1.0468252932799278,
      1.0294219901793666,
      0.9828442127080269,
      1.4237112195696064,
      0.9246230139130526,
      1.2315848304698218,
      1.0054264846137486,
      1.1950941499267238,
      0.6433089623963034,
      0.8491506509787762,
      1.243200825542528,
      0.9530582097472999,
      1.2775018886935676,
      1.0157402410672989,
      1.4692105653270153,
      1.0586500693108478,
      0.9470539470688426,
      1.0411003713219864,
      1.1307544495655624,
      0.7269137591623406,
      0.946377347035679,
      0.8700433916086787,
      1.2575931811170158,
      0.0,
      0.9622735782632802
    ],
    [
      1.0468252932799278,
      1.0294219901793666,
      0.9828442127080269,
      1.4237112195696064,
      0.9246230139130526,
      1.2315848304698218,
      1.0054264846137486,
      1.1950941499267238,
      0.6433089623963034,
      0.8491506509787762,
      1.243200825542528,
      0.9530582097472999,
      1.2775018886935676,
      1.0157402410672989,
      1.4692105653270153,
      1.0586500693108478,
      0.9470539470688426,
      1.0411003713219864,
      1.1307544495655624,
      0.7269137591623406,
      0.946377347035679,
      0.8700433916086787,
      1.2575931811170158,
      0.9622735782632802,
      0.0
    ]
  ]
}