{
  "servicechain": {
    "SC1": {
      "resptime": 9963.737700503527,
      "resptime_old": 9953.737700503527,
      "waittime": 9950.062120330304,
      "servicetime": 10.0,
      "networktime": 3.6755801732233753,
      "services": {
        "MS1_1": {
          "meanserv": 6.648684050818848,
          "stddevserv": 6.648684050818848,
          "rate": 0.1504057031972877,
          "cv": 1.0,
          "lambda": 0.225
        },
        "MS1_2": {
          "meanserv": 0.8223255279672337,
          "stddevserv": 0.8223255279672337,
          "rate": 1.2160634274263293,
          "cv": 1.0,
          "lambda": 0.225
        },
        "MS1_3": {
          "meanserv": 2.4420202363268,
          "stddevserv": 2.4420202363268,
          "rate": 0.4094970160870429,
          "cv": 1.0,
          "lambda": 0.225
        },
        "MS1_4": {
          "meanserv": 0.06248794449197881,
          "stddevserv": 0.06248794449197881,
          "rate": 16.003086805461553,
          "cv": 1.0,
          "lambda": 0.225
        },
        "MS1_5": {
          "meanserv": 0.024482240395139243,
          "stddevserv": 0.024482240395139243,
          "rate": 40.84593500677096,
          "cv": 1.0,
          "lambda": 0.225
        }
      },
      "sensors": [
        "S1"
      ],
      "sources": [
        {
          "startTime": 0,
          "stopTime": -1,
          "lambda": 0.225
        }
      ]
    },
    "SC2": {
      "resptime": 6676.321544273396,
      "resptime_old": 6666.321544273396,
      "waittime": 6660.944728236442,
      "servicetime": 10.0,
      "networktime": 5.376816036954489,
      "services": {
        "MS2_1": {
          "meanserv": 2.8889435865819815,
          "stddevserv": 2.8889435865819815,
          "rate": 0.3461472922644149,
          "cv": 1.0,
          "lambda": 0.225
        },
        "MS2_2": {
          "meanserv": 1.3882951207392606,
          "stddevserv": 1.3882951207392606,
          "rate": 0.7203079410575935,
          "cv": 1.0,
          "lambda": 0.225
        },
        "MS2_3": {
          "meanserv": 0.18873389941668073,
          "stddevserv": 0.18873389941668073,
          "rate": 5.298465209963323,
          "cv": 1.0,
          "lambda": 0.225
        },
        "MS2_4": {
          "meanserv": 0.09730296812018757,
          "stddevserv": 0.09730296812018757,
          "rate": 10.277178788264823,
          "cv": 1.0,
          "lambda": 0.225
        },
        "MS2_5": {
          "meanserv": 5.43672442514189,
          "stddevserv": 5.43672442514189,
          "rate": 0.1839342813432928,
          "cv": 1.0,
          "lambda": 0.225
        }
      },
      "sensors": [
        "S2"
      ],
      "sources": [
        {
          "startTime": 0,
          "stopTime": -1,
          "lambda": 0.225
        }
      ]
    },
    "SC3": {
      "resptime": 78.4425482190315,
      "resptime_old": 68.4425482190315,
      "waittime": 63.53950777980805,
      "servicetime": 10.0,
      "networktime": 4.903040439223448,
      "services": {
        "MS3_1": {
          "meanserv": 3.8094296633391456,
          "stddevserv": 3.8094296633391456,
          "rate": 0.2625064874208631,
          "cv": 1.0,
          "lambda": 0.225
        },
        "MS3_2": {
          "meanserv": 0.32336134805822647,
          "stddevserv": 0.32336134805822647,
          "rate": 3.0925155588476017,
          "cv": 1.0,
          "lambda": 0.225
        },
        "MS3_3": {
          "meanserv": 3.8913091447232384,
          "stddevserv": 3.8913091447232384,
          "rate": 0.2569829234349159,
          "cv": 1.0,
          "lambda": 0.225
        },
        "MS3_4": {
          "meanserv": 0.888785626207401,
          "stddevserv": 0.888785626207401,
          "rate": 1.1251307070155596,
          "cv": 1.0,
          "lambda": 0.225
        },
        "MS3_5": {
          "meanserv": 1.0871142176719886,
          "stddevserv": 1.0871142176719886,
          "rate": 0.9198665455240387,
          "cv": 1.0,
          "lambda": 0.225
        }
      },
      "sensors": [
        "S3"
      ],
      "sources": [
        {
          "startTime": 0,
          "stopTime": -1,
          "lambda": 0.225
        }
      ]
    },
    "SC4": {
      "resptime": 482.6323436265278,
      "resptime_old": 472.6323436265278,
      "waittime": 467.2392806864715,
      "servicetime": 10.0,
      "networktime": 5.393062940056334,
      "services": {
        "MS4_1": {
          "meanserv": 1.3185779039790502,
          "stddevserv": 1.3185779039790502,
          "rate": 0.7583928086329348,
          "cv": 1.0,
          "lambda": 0.225
        },
        "MS4_2": {
          "meanserv": 3.2793769726553412,
          "stddevserv": 3.2793769726553412,
          "rate": 0.3049359705634241,
          "cv": 1.0,
          "lambda": 0.225
        },
        "MS4_3": {
          "meanserv": 4.401315723788548,
          "stddevserv": 4.401315723788548,
          "rate": 0.22720478664939397,
          "cv": 1.0,
          "lambda": 0.225
        },
        "MS4_4": {
          "meanserv": 0.926771041832497,
          "stddevserv": 0.926771041832497,
          "rate": 1.0790151556987666,
          "cv": 1.0,
          "lambda": 0.225
        },
        "MS4_5": {
          "meanserv": 0.07395835774456394,
          "stddevserv": 0.07395835774456394,
          "rate": 13.521122297682464,
          "cv": 1.0,
          "lambda": 0.225
        }
      },
      "sensors": [
        "S4"
      ],
      "sources": [
        {
          "startTime": 0,
          "stopTime": -1,
          "lambda": 0.225
        }
      ]
    }
  },
  "microservice": {
    "MS1_1": "F8",
    "MS1_2": "F2",
    "MS1_3": "F1",
    "MS1_4": "F1",
    "MS1_5": "F1",
    "MS2_1": "F4",
    "MS2_2": "F2",
    "MS2_3": "F1",
    "MS2_4": "F1",
    "MS2_5": "F7",
    "MS3_1": "F10",
    "MS3_2": "F4",
    "MS3_3": "F9",
    "MS3_4": "F5",
    "MS3_5": "F5",
    "MS4_1": "F5",
    "MS4_2": "F3",
    "MS4_3": "F6",
    "MS4_4": "F2",
    "MS4_5": "F2"
  },
  "sensor": {
    "S1": "F8",
    "S2": "F4",
    "S3": "F10",
    "S4": "F5"
  },
  "fog": {
    "F1": {
      "rho": 0.6333811399689271,
      "capacity": 1.0,
      "tserv": 0.5630054577501574,
      "stddev": 1.4450768071883324,
      "mu": 1.7761817158862532,
      "cv": 2.5667190029792004,
      "lambda": 1.125,
      "twait": 3.6903105440579527
    },
    "F2": {
      "rho": 0.7225537608638,
      "capacity": 1.0,
      "tserv": 0.8028375120708888,
      "stddev": 1.0437578448323737,
      "mu": 1.2455820573462468,
      "cv": 1.3000860437375927,
      "lambda": 0.9,
      "twait": 2.8124018969445608
    },
    "F3": {
      "rho": 0.7378598188474519,
      "capacity": 1.0,
      "tserv": 3.2793769726553412,
      "stddev": 3.2793769726553412,
      "mu": 0.3049359705634241,
      "cv": 1.0,
      "lambda": 0.225,
      "twait": 9.230635640584453
    },
    "F4": {
      "rho": 0.7227686102940468,
      "capacity": 1.0,
      "tserv": 1.6061524673201037,
      "stddev": 2.422979954434774,
      "mu": 0.6226058984727142,
      "cv": 1.5085616115122387,
      "lambda": 0.45,
      "twait": 6.85844219800551
    },
    "F5": {
      "rho": 0.7412574932681489,
      "capacity": 1.0,
      "tserv": 1.0981592492861465,
      "stddev": 1.1258994316516246,
      "mu": 0.9106147406672079,
      "cv": 1.025260618970801,
      "lambda": 0.675,
      "twait": 3.2265324826315513
    },
    "F6": {
      "rho": 0.9902960378524233,
      "capacity": 1.0,
      "tserv": 4.401315723788548,
      "stddev": 4.401315723788548,
      "mu": 0.22720478664939397,
      "cv": 1.0,
      "lambda": 0.225,
      "twait": 449.1573087693664
    },
    "F7": {
      "rho": 1.2232629956569252,
      "capacity": 1.0,
      "tserv": 5.43672442514189,
      "stddev": 5.43672442514189,
      "mu": 0.1839342813432928,
      "cv": 1.0,
      "lambda": 0.225,
      "twait": 6643.893263053375
    },
    "F8": {
      "rho": 1.4959539114342408,
      "capacity": 1.0,
      "tserv": 6.648684050818848,
      "stddev": 6.648684050818848,
      "mu": 0.1504057031972877,
      "cv": 1.0,
      "lambda": 0.225,
      "twait": 9936.178786801185
    },
    "F9": {
      "rho": 0.8755445575627285,
      "capacity": 1.0,
      "tserv": 3.8913091447232384,
      "stddev": 3.891309144723238,
      "mu": 0.2569829234349159,
      "cv": 0.9999999999999999,
      "lambda": 0.225,
      "twait": 27.37537609232094
    },
    "F10": {
      "rho": 0.8571216742513077,
      "capacity": 1.0,
      "tserv": 3.8094296633391456,
      "stddev": 3.8094296633391456,
      "mu": 0.2625064874208631,
      "cv": 1.0,
      "lambda": 0.225,
      "twait": 22.852624524218488
    }
  },
  "extra": {
    "deltatime": 0.6309146,
    "conv": 17,
    "obj_func": 4300.28353415562
  },
  "network": [
    [
      0.0,
      1.7995653643578327,
      2.346413953381276,
      1.385248144743042,
      2.0080404017724334,
      3.0137225335454283,
      1.4421718231868035,
      1.401866520040112,
      1.8760148088655428,
      1.8760148088655428
    ],
    [
      1.7995653643578327,
      0.0,
      2.346408018577528,
      2.135078849409853,
      2.204935850480745,
      1.9659529464859893,
      2.389767653570782,
      1.8760148088655428,
      2.2937505893972556,
      2.2937505893972556
    ],
    [
      2.346413953381276,
      2.346408018577528,
      0.0,
      1.8609145700738758,
      1.8627219355869151,
      1.5643880579834293,
      1.401866520040112,
      2.2937505893972556,
      1.9059194455791717,
      1.9059194455791717
    ],
    [
      1.385248144743042,
      2.135078849409853,
      1.8609145700738758,
      0.0,
      2.169725990084674,
      1.4421718231868035,
      1.8760148088655428,
      1.9059194455791717,
      1.528772052479427,
      1.528772052479427
    ],
    [
      2.0080404017724334,
      2.204935850480745,
      1.8627219355869151,
      2.169725990084674,
      0.0,
      2.389767653570782,
      2.2937505893972556,
      1.528772052479427,
      1.845496334264594,
      1.845496334264594
    ],
    [
      3.0137225335454283,
      1.9659529464859893,
      1.5643880579834293,
      1.4421718231868035,
      2.389767653570782,
      0.0,
      1.9059194455791717,
      1.845496334264594,
      2.173980754408274,
      2.173980754408274
    ],
    [
      1.4421718231868035,
      2.389767653570782,
      1.401866520040112,
      1.8760148088655428,
      2.2937505893972556,
      1.9059194455791717,
      0.0,
      2.173980754408274,
      1.8354754269351203,
      1.8354754269351203
    ],
    [
      1.401866520040112,
      1.8760148088655428,
      2.2937505893972556,
      1.9059194455791717,
      1.528772052479427,
      1.845496334264594,
      2.173980754408274,
      0.0,
      2.1688193526642734,
      2.1688193526642734
    ],
    [
      1.8760148088655428,
      2.2937505893972556,
      1.9059194455791717,
      1.528772052479427,
      1.845496334264594,
      2.173980754408274,
      1.8354754269351203,
      2.1688193526642734,
      0.0,
      2.153896815450142
    ],
    [
      1.8760148088655428,
      2.2937505893972556,
      1.9059194455791717,
      1.528772052479427,
      1.845496334264594,
      2.173980754408274,
      1.8354754269351203,
      2.1688193526642734,
      2.153896815450142,
      0.0
    ]
  ]
}