{
  "servicechain": {
    "SC1": {
      "resptime": 43.45589238107192,
      "resptime_old": 33.45589238107192,
      "waittime": 29.760253064394448,
      "servicetime": 10.0,
      "networktime": 3.6956393166774753,
      "services": {
        "MS1_1": {
          "meanserv": 0.5873465588453342,
          "stddevserv": 0.5873465588453342,
          "rate": 1.7025723313436996,
          "cv": 1.0,
          "lambda": 0.15
        },
        "MS1_2": {
          "meanserv": 0.22725067303194124,
          "stddevserv": 0.22725067303194124,
          "rate": 4.400427011538245,
          "cv": 1.0,
          "lambda": 0.15
        },
        "MS1_3": {
          "meanserv": 1.6974819783123343,
          "stddevserv": 1.6974819783123343,
          "rate": 0.5891078743552949,
          "cv": 1.0,
          "lambda": 0.15
        },
        "MS1_4": {
          "meanserv": 0.4633444681259511,
          "stddevserv": 0.4633444681259511,
          "rate": 2.1582215150741146,
          "cv": 1.0,
          "lambda": 0.15
        },
        "MS1_5": {
          "meanserv": 0.8930316295919782,
          "stddevserv": 0.8930316295919782,
          "rate": 1.1197811666053699,
          "cv": 1.0,
          "lambda": 0.15
        },
        "MS1_6": {
          "meanserv": 1.8921530013481944,
          "stddevserv": 1.8921530013481944,
          "rate": 0.5284984878535094,
          "cv": 1.0,
          "lambda": 0.15
        },
        "MS1_7": {
          "meanserv": 3.0985734247547043,
          "stddevserv": 3.0985734247547043,
          "rate": 0.3227291604616935,
          "cv": 1.0,
          "lambda": 0.15
        },
        "MS1_8": {
          "meanserv": 1.1408182659895623,
          "stddevserv": 1.1408182659895623,
          "rate": 0.8765638049567742,
          "cv": 1.0,
          "lambda": 0.15
        }
      },
      "sensors": [
        "S1"
      ],
      "sources": [
        {
          "startTime": 0,
          "stopTime": -1,
          "lambda": 0.15
        }
      ]
    },
    "SC2": {
      "resptime": 33.84289825820039,
      "resptime_old": 23.842898258200396,
      "waittime": 18.88314338201707,
      "servicetime": 10.0,
      "networktime": 4.9597548761833234,
      "services": {
        "MS2_1": {
          "meanserv": 4.145079323605271,
          "stddevserv": 4.145079323605271,
          "rate": 0.24124990667976617,
          "cv": 1.0,
          "lambda": 0.15
        },
        "MS2_2": {
          "meanserv": 0.08178005241696695,
          "stddevserv": 0.08178005241696695,
          "rate": 12.227920751399878,
          "cv": 1.0,
          "lambda": 0.15
        },
        "MS2_3": {
          "meanserv": 0.3259146518427496,
          "stddevserv": 0.3259146518427496,
          "rate": 3.068287953137159,
          "cv": 1.0,
          "lambda": 0.15
        },
        "MS2_4": {
          "meanserv": 3.2253158605738808,
          "stddevserv": 3.2253158605738808,
          "rate": 0.31004715297002566,
          "cv": 1.0,
          "lambda": 0.15
        },
        "MS2_5": {
          "meanserv": 0.19493254938748716,
          "stddevserv": 0.19493254938748716,
          "rate": 5.1299795911056325,
          "cv": 1.0,
          "lambda": 0.15
        },
        "MS2_6": {
          "meanserv": 0.022281123919571044,
          "stddevserv": 0.022281123919571044,
          "rate": 44.88103937708596,
          "cv": 1.0,
          "lambda": 0.15
        },
        "MS2_7": {
          "meanserv": 0.6301732095896062,
          "stddevserv": 0.6301732095896062,
          "rate": 1.5868653011308425,
          "cv": 1.0,
          "lambda": 0.15
        },
        "MS2_8": {
          "meanserv": 1.3745232286644669,
          "stddevserv": 1.3745232286644669,
          "rate": 0.7275249913176322,
          "cv": 1.0,
          "lambda": 0.15
        }
      },
      "sensors": [
        "S2"
      ],
      "sources": [
        {
          "startTime": 0,
          "stopTime": -1,
          "lambda": 0.15
        }
      ]
    },
    "SC3": {
      "resptime": 25.127547102768546,
      "resptime_old": 15.127547102768547,
      "waittime": 12.363591532269695,
      "servicetime": 10.0,
      "networktime": 2.7639555704988523,
      "services": {
        "MS3_1": {
          "meanserv": 0.3896948467899375,
          "stddevserv": 0.3896948467899375,
          "rate": 2.56611040211944,
          "cv": 1.0,
          "lambda": 0.15
        },
        "MS3_2": {
          "meanserv": 1.2714918119585183,
          "stddevserv": 1.2714918119585183,
          "rate": 0.7864777347324549,
          "cv": 1.0,
          "lambda": 0.15
        },
        "MS3_3": {
          "meanserv": 0.5071047085007077,
          "stddevserv": 0.5071047085007077,
          "rate": 1.9719793234745808,
          "cv": 1.0,
          "lambda": 0.15
        },
        "MS3_4": {
          "meanserv": 0.1558160552032124,
          "stddevserv": 0.1558160552032124,
          "rate": 6.417823880188846,
          "cv": 1.0,
          "lambda": 0.15
        },
        "MS3_5": {
          "meanserv": 0.3212387020842802,
          "stddevserv": 0.3212387020842802,
          "rate": 3.112949945046285,
          "cv": 1.0,
          "lambda": 0.15
        },
        "MS3_6": {
          "meanserv": 0.4945323324457629,
          "stddevserv": 0.4945323324457629,
          "rate": 2.0221124775692467,
          "cv": 1.0,
          "lambda": 0.15
        },
        "MS3_7": {
          "meanserv": 3.2355284097128503,
          "stddevserv": 3.2355284097128503,
          "rate": 0.30906852710613314,
          "cv": 1.0,
          "lambda": 0.15
        },
        "MS3_8": {
          "meanserv": 3.6245931333047308,
          "stddevserv": 3.6245931333047308,
          "rate": 0.27589303494824197,
          "cv": 1.0,
          "lambda": 0.15
        }
      },
      "sensors": [
        "S3"
      ],
      "sources": [
        {
          "startTime": 0,
          "stopTime": -1,
          "lambda": 0.15
        }
      ]
    },
    "SC4": {
      "resptime": 26.79203270487565,
      "resptime_old": 16.79203270487565,
      "waittime": 14.494703073752559,
      "servicetime": 10.0,
      "networktime": 2.2973296311230884,
      "services": {
        "MS4_1": {
          "meanserv": 0.5553613387185052,
          "stddevserv": 0.5553613387185052,
          "rate": 1.8006294826130629,
          "cv": 1.0,
          "lambda": 0.15
        },
        "MS4_2": {
          "meanserv": 1.0656082087744634,
          "stddevserv": 1.0656082087744634,
          "rate": 0.9384312092997874,
          "cv": 1.0,
          "lambda": 0.15
        },
        "MS4_3": {
          "meanserv": 0.7685130489250789,
          "stddevserv": 0.7685130489250789,
          "rate": 1.3012140800975371,
          "cv": 1.0,
          "lambda": 0.15
        },
        "MS4_4": {
          "meanserv": 3.5577524605122273,
          "stddevserv": 3.5577524605122273,
          "rate": 0.2810763286932068,
          "cv": 1.0,
          "lambda": 0.15
        },
        "MS4_5": {
          "meanserv": 0.7584385630000918,
          "stddevserv": 0.7584385630000918,
          "rate": 1.3184983580533984,
          "cv": 1.0,
          "lambda": 0.15
        },
        "MS4_6": {
          "meanserv": 0.9080907485534402,
          "stddevserv": 0.9080907485534402,
          "rate": 1.101211527144141,
          "cv": 1.0,
          "lambda": 0.15
        },
        "MS4_7": {
          "meanserv": 1.6774118930397943,
          "stddevserv": 1.6774118930397943,
          "rate": 0.5961564980845622,
          "cv": 1.0,
          "lambda": 0.15
        },
        "MS4_8": {
          "meanserv": 0.7088237384763989,
          "stddevserv": 0.7088237384763989,
          "rate": 1.410787965636532,
          "cv": 1.0,
          "lambda": 0.15
        }
      },
      "sensors": [
        "S4"
      ],
      "sources": [
        {
          "startTime": 0,
          "stopTime": -1,
          "lambda": 0.15
        }
      ]
    }
  },
  "microservice": {
    "MS1_1": "F9",
    "MS1_2": "F9",
    "MS1_3": "F10",
    "MS1_4": "F10",
    "MS1_5": "F10",
    "MS1_6": "F4",
    "MS1_7": "F4",
    "MS1_8": "F6",
    "MS2_1": "F8",
    "MS2_2": "F5",
    "MS2_3": "F5",
    "MS2_4": "F6",
    "MS2_5": "F9",
    "MS2_6": "F9",
    "MS2_7": "F9",
    "MS2_8": "F10",
    "MS3_1": "F5",
    "MS3_2": "F5",
    "MS3_3": "F9",
    "MS3_4": "F9",
    "MS3_5": "F9",
    "MS3_6": "F9",
    "MS3_7": "F1",
    "MS3_8": "F3",
    "MS4_1": "F9",
    "MS4_2": "F5",
    "MS4_3": "F5",
    "MS4_4": "F2",
    "MS4_5": "F7",
    "MS4_6": "F7",
    "MS4_7": "F7",
    "MS4_8": "F7"
  },
  "sensor": {
    "S1": "F9",
    "S2": "F8",
    "S3": "F5",
    "S4": "F9"
  },
  "fog": {
    "F1": {
      "rho": 0.48532926145692756,
      "capacity": 1.0,
      "tserv": 3.2355284097128503,
      "stddev": 3.2355284097128503,
      "mu": 0.30906852710613314,
      "cv": 1.0,
      "lambda": 0.15,
      "twait": 3.051070317216855
    },
    "F2": {
      "rho": 0.533662869076834,
      "capacity": 1.0,
      "tserv": 3.557752460512227,
      "stddev": 3.5577524605122273,
      "mu": 0.2810763286932068,
      "cv": 1.0000000000000002,
      "lambda": 0.15,
      "twait": 4.071390115952277
    },
    "F3": {
      "rho": 0.5436889699957096,
      "capacity": 1.0,
      "tserv": 3.6245931333047308,
      "stddev": 3.6245931333047308,
      "mu": 0.27589303494824197,
      "cv": 1.0,
      "lambda": 0.15,
      "twait": 4.3186580593535995
    },
    "F4": {
      "rho": 0.7486089639154347,
      "capacity": 1.0,
      "tserv": 2.495363213051449,
      "stddev": 2.637150485667556,
      "mu": 0.4007432644553385,
      "cv": 1.0568202944863978,
      "lambda": 0.3,
      "twait": 7.865077721788577
    },
    "F5": {
      "rho": 0.5854503931061572,
      "capacity": 1.0,
      "tserv": 0.6505004367846191,
      "stddev": 0.8828254914300242,
      "mu": 1.5372779839210167,
      "cv": 1.3571481916196284,
      "lambda": 0.9,
      "twait": 1.3053666942629953
    },
    "F6": {
      "rho": 0.6549201189845164,
      "capacity": 1.0,
      "tserv": 2.1830670632817215,
      "stddev": 2.634074204288745,
      "mu": 0.4580711315834421,
      "cv": 1.2065933514333003,
      "lambda": 0.3,
      "twait": 5.0875736432572705
    },
    "F7": {
      "rho": 0.6079147414604588,
      "capacity": 1.0,
      "tserv": 1.0131912357674313,
      "stddev": 1.1538818509971303,
      "mu": 0.9869805074286497,
      "cv": 1.1388588948098572,
      "lambda": 0.6,
      "twait": 1.8041992818702446
    },
    "F8": {
      "rho": 0.6217618985407907,
      "capacity": 1.0,
      "tserv": 4.145079323605271,
      "stddev": 4.145079323605271,
      "mu": 0.24124990667976617,
      "cv": 1.0,
      "lambda": 0.15,
      "twait": 6.813835993529411
    },
    "F9": {
      "rho": 0.5544055877589613,
      "capacity": 1.0,
      "tserv": 0.36960372517264095,
      "stddev": 0.4662218952792069,
      "mu": 2.7056004360694756,
      "cv": 1.2614101631725596,
      "lambda": 1.4999999999999998,
      "twait": 0.5957824417933117
    },
    "F10": {
      "rho": 0.6642571957042095,
      "capacity": 1.0,
      "tserv": 1.1070953261736824,
      "stddev": 1.2906650684737593,
      "mu": 0.903264584682312,
      "cv": 1.165812047038918,
      "lambda": 0.6,
      "twait": 2.5836530313244657
    }
  },
  "extra": {
    "deltatime": 2.1615152,
    "conv": 8,
    "obj_func": 32.30459261172913
  },
  "network": [
    [
      0.0,
      1.354271469044099,
      0.8822704086133607,
      1.0468137336489998,
      1.3197473020149353,
      1.1061457999664506,
      1.081095794334183,
      1.4337903752071304,
      0.9808961929256655,
      0.9808961929256655
    ],
    [
      1.354271469044099,
      0.0,
      1.3849118380966368,
      1.6319414198488533,
      0.6168516981463634,
      1.7180501530881012,
      0.7796889640168991,
      0.9808961929256655,
      1.3396113679689337,
      1.3396113679689337
    ],
    [
      0.8822704086133607,
      1.3849118380966368,
      0.0,
      1.6947371742707424,
      1.4295306005135728,
      1.0446816657874258,
      1.4337903752071304,
      1.3396113679689337,
      1.4711279991334403,
      1.4711279991334403
    ],
    [
      1.0468137336489998,
      1.6319414198488533,
      1.6947371742707424,
      0.0,
      1.09055848471399,
      1.081095794334183,
      0.9808961929256655,
      1.4711279991334403,
      1.17429284597005,
      1.17429284597005
    ],
    [
      1.3197473020149353,
      0.6168516981463634,
      1.4295306005135728,
      1.09055848471399,
      0.0,
      0.7796889640168991,
      1.3396113679689337,
      1.17429284597005,
      0.9007889689598262,
      0.9007889689598262
    ],
    [
      1.1061457999664506,
      1.7180501530881012,
      1.0446816657874258,
      1.081095794334183,
      0.7796889640168991,
      0.0,
      1.4711279991334403,
      0.9007889689598262,
      1.5655223898231316,
      1.5655223898231316
    ],
    [
      1.081095794334183,
      0.7796889640168991,
      1.4337903752071304,
      0.9808961929256655,
      1.3396113679689337,
      1.4711279991334403,
      0.0,
      1.5655223898231316,
      1.0853822049479755,
      1.0853822049479755
    ],
    [
      1.4337903752071304,
      0.9808961929256655,
      1.3396113679689337,
      1.4711279991334403,
      1.17429284597005,
      0.9007889689598262,
      1.5655223898231316,
      0.0,
      1.5491536564531851,
      1.5491536564531851
    ],
    [
      0.9808961929256655,
      1.3396113679689337,
      1.4711279991334403,
      1.17429284597005,
      0.9007889689598262,
      1.5655223898231316,
      1.0853822049479755,
      1.5491536564531851,
      0.0,
      1.4402506763732426
    ],
    [
      0.9808961929256655,
      1.3396113679689337,
      1.4711279991334403,
      1.17429284597005,
      0.9007889689598262,
      1.5655223898231316,
      1.0853822049479755,
      1.5491536564531851,
      1.4402506763732426,
      0.0
    ]
  ]
}