{
  "servicechain": {
    "SC1": {
      "resptime": 33.68811668404813,
      "resptime_old": 23.688116684048136,
      "waittime": 17.477090031889457,
      "servicetime": 10.0,
      "networktime": 6.211026652158677,
      "services": {
        "MS1_1": {
          "meanserv": 1.8554094662181353,
          "stddevserv": 1.8554094662181353,
          "rate": 0.5389645887914387,
          "cv": 1.0,
          "lambda": 0.375
        },
        "MS1_2": {
          "meanserv": 0.7245267024477966,
          "stddevserv": 0.7245267024477966,
          "rate": 1.3802113802314302,
          "cv": 1.0,
          "lambda": 0.375
        },
        "MS1_3": {
          "meanserv": 0.04927088556206893,
          "stddevserv": 0.04927088556206893,
          "rate": 20.29596157228088,
          "cv": 1.0,
          "lambda": 0.375
        },
        "MS1_4": {
          "meanserv": 0.21730228451405065,
          "stddevserv": 0.21730228451405065,
          "rate": 4.601884431340806,
          "cv": 1.0,
          "lambda": 0.375
        },
        "MS1_5": {
          "meanserv": 1.5617147891924308,
          "stddevserv": 1.5617147891924308,
          "rate": 0.6403217840545035,
          "cv": 1.0,
          "lambda": 0.375
        },
        "MS1_6": {
          "meanserv": 0.9638853962502205,
          "stddevserv": 0.9638853962502205,
          "rate": 1.0374677361958955,
          "cv": 1.0,
          "lambda": 0.375
        },
        "MS1_7": {
          "meanserv": 1.3932128393666812,
          "stddevserv": 1.3932128393666812,
          "rate": 0.7177654208631714,
          "cv": 1.0,
          "lambda": 0.375
        },
        "MS1_8": {
          "meanserv": 0.8165672288850931,
          "stddevserv": 0.8165672288850931,
          "rate": 1.2246389086240435,
          "cv": 1.0,
          "lambda": 0.375
        },
        "MS1_9": {
          "meanserv": 0.45597046697564636,
          "stddevserv": 0.45597046697564636,
          "rate": 2.193124494734898,
          "cv": 1.0,
          "lambda": 0.375
        },
        "MS1_10": {
          "meanserv": 1.9621399405878766,
          "stddevserv": 1.9621399405878766,
          "rate": 0.509647645060622,
          "cv": 1.0,
          "lambda": 0.375
        }
      },
      "sensors": [
        "S1"
      ],
      "sources": [
        {
          "startTime": 0,
          "stopTime": -1,
          "lambda": 0.375
        }
      ]
    },
    "SC2": {
      "resptime": 5390.118841553885,
      "resptime_old": 5380.118841553885,
      "waittime": 5374.926034107373,
      "servicetime": 10.0,
      "networktime": 5.1928074465122975,
      "services": {
        "MS2_1": {
          "meanserv": 0.5730293949148302,
          "stddevserv": 0.5730293949148302,
          "rate": 1.7451111738318954,
          "cv": 1.0,
          "lambda": 0.375
        },
        "MS2_2": {
          "meanserv": 1.253399714193224,
          "stddevserv": 1.253399714193224,
          "rate": 0.7978300845901103,
          "cv": 1.0,
          "lambda": 0.375
        },
        "MS2_3": {
          "meanserv": 0.1865730166574462,
          "stddevserv": 0.1865730166574462,
          "rate": 5.35983186591248,
          "cv": 1.0,
          "lambda": 0.375
        },
        "MS2_4": {
          "meanserv": 3.785394555633707,
          "stddevserv": 3.785394555633707,
          "rate": 0.2641732546774352,
          "cv": 1.0,
          "lambda": 0.375
        },
        "MS2_5": {
          "meanserv": 1.157688273391405,
          "stddevserv": 1.157688273391405,
          "rate": 0.8637903855331773,
          "cv": 1.0,
          "lambda": 0.375
        },
        "MS2_6": {
          "meanserv": 0.17526850628514712,
          "stddevserv": 0.17526850628514712,
          "rate": 5.705531593754123,
          "cv": 1.0,
          "lambda": 0.375
        },
        "MS2_7": {
          "meanserv": 1.4923607239297354,
          "stddevserv": 1.4923607239297354,
          "rate": 0.6700792804080007,
          "cv": 1.0,
          "lambda": 0.375
        },
        "MS2_8": {
          "meanserv": 0.1529750486858461,
          "stddevserv": 0.1529750486858461,
          "rate": 6.537013771792473,
          "cv": 1.0,
          "lambda": 0.375
        },
        "MS2_9": {
          "meanserv": 0.41987485930254387,
          "stddevserv": 0.41987485930254387,
          "rate": 2.381662006772934,
          "cv": 1.0,
          "lambda": 0.375
        },
        "MS2_10": {
          "meanserv": 0.803435907006115,
          "stddevserv": 0.803435907006115,
          "rate": 1.2446543542301365,
          "cv": 1.0,
          "lambda": 0.375
        }
      },
      "sensors": [
        "S2"
      ],
      "sources": [
        {
          "startTime": 0,
          "stopTime": -1,
          "lambda": 0.375
        }
      ]
    },
    "SC3": {
      "resptime": 52.814949298780384,
      "resptime_old": 42.81494929878039,
      "waittime": 34.932447867748415,
      "servicetime": 10.0,
      "networktime": 7.882501431031968,
      "services": {
        "MS3_1": {
          "meanserv": 1.1977461814256218,
          "stddevserv": 1.1977461814256218,
          "rate": 0.8349014302928074,
          "cv": 1.0,
          "lambda": 0.375
        },
        "MS3_2": {
          "meanserv": 0.6531643513981877,
          "stddevserv": 0.6531643513981877,
          "rate": 1.5310082337766338,
          "cv": 1.0,
          "lambda": 0.375
        },
        "MS3_3": {
          "meanserv": 0.6210097851630947,
          "stddevserv": 0.6210097851630947,
          "rate": 1.6102805847694843,
          "cv": 1.0,
          "lambda": 0.375
        },
        "MS3_4": {
          "meanserv": 2.0156160410794923,
          "stddevserv": 2.0156160410794923,
          "rate": 0.4961262361577731,
          "cv": 1.0,
          "lambda": 0.375
        },
        "MS3_5": {
          "meanserv": 2.4221037322859793,
          "stddevserv": 2.4221037322859793,
          "rate": 0.41286423313348386,
          "cv": 1.0,
          "lambda": 0.375
        },
        "MS3_6": {
          "meanserv": 0.24089894942705747,
          "stddevserv": 0.24089894942705747,
          "rate": 4.151118144675816,
          "cv": 1.0,
          "lambda": 0.375
        },
        "MS3_7": {
          "meanserv": 1.0550223615985246,
          "stddevserv": 1.0550223615985246,
          "rate": 0.9478472081718182,
          "cv": 1.0,
          "lambda": 0.375
        },
        "MS3_8": {
          "meanserv": 0.25990975883282097,
          "stddevserv": 0.25990975883282097,
          "rate": 3.847489238152152,
          "cv": 1.0,
          "lambda": 0.375
        },
        "MS3_9": {
          "meanserv": 1.2958909415348252,
          "stddevserv": 1.2958909415348252,
          "rate": 0.7716698743303365,
          "cv": 1.0,
          "lambda": 0.375
        },
        "MS3_10": {
          "meanserv": 0.23863789725439588,
          "stddevserv": 0.23863789725439588,
          "rate": 4.190449260177511,
          "cv": 1.0,
          "lambda": 0.375
        }
      },
      "sensors": [
        "S3"
      ],
      "sources": [
        {
          "startTime": 0,
          "stopTime": -1,
          "lambda": 0.375
        }
      ]
    },
    "SC4": {
      "resptime": 4280.7748057608605,
      "resptime_old": 4270.774805760862,
      "waittime": 4264.114564554169,
      "servicetime": 10.0,
      "networktime": 6.6602412066916665,
      "services": {
        "MS4_1": {
          "meanserv": 0.52201261455884,
          "stddevserv": 0.52201261455884,
          "rate": 1.915662518701993,
          "cv": 1.0,
          "lambda": 0.375
        },
        "MS4_2": {
          "meanserv": 1.8109348529976987,
          "stddevserv": 1.8109348529976987,
          "rate": 0.5522009797009914,
          "cv": 1.0,
          "lambda": 0.375
        },
        "MS4_3": {
          "meanserv": 0.8074822150825289,
          "stddevserv": 0.8074822150825289,
          "rate": 1.2384173686076723,
          "cv": 1.0,
          "lambda": 0.375
        },
        "MS4_4": {
          "meanserv": 0.213662881077874,
          "stddevserv": 0.213662881077874,
          "rate": 4.680270129070892,
          "cv": 1.0,
          "lambda": 0.375
        },
        "MS4_5": {
          "meanserv": 0.8676212155192986,
          "stddevserv": 0.8676212155192986,
          "rate": 1.1525767029584086,
          "cv": 1.0,
          "lambda": 0.375
        },
        "MS4_6": {
          "meanserv": 3.3699888325901766,
          "stddevserv": 3.3699888325901766,
          "rate": 0.2967368883627425,
          "cv": 1.0,
          "lambda": 0.375
        },
        "MS4_7": {
          "meanserv": 0.19811550306757297,
          "stddevserv": 0.19811550306757297,
          "rate": 5.047560561976421,
          "cv": 1.0,
          "lambda": 0.375
        },
        "MS4_8": {
          "meanserv": 0.7451761551562264,
          "stddevserv": 0.7451761551562264,
          "rate": 1.341964571840533,
          "cv": 1.0,
          "lambda": 0.375
        },
        "MS4_9": {
          "meanserv": 1.3631367449165435,
          "stddevserv": 1.3631367449165435,
          "rate": 0.73360211565658,
          "cv": 1.0,
          "lambda": 0.375
        },
        "MS4_10": {
          "meanserv": 0.10186898503324038,
          "stddevserv": 0.10186898503324038,
          "rate": 9.81653051391152,
          "cv": 1.0,
          "lambda": 0.375
        }
      },
      "sensors": [
        "S4"
      ],
      "sources": [
        {
          "startTime": 0,
          "stopTime": -1,
          "lambda": 0.375
        }
      ]
    }
  },
  "microservice": {
    "MS1_1": "F19",
    "MS1_2": "F13",
    "MS1_3": "F9",
    "MS1_4": "F9",
    "MS1_5": "F23",
    "MS1_6": "F9",
    "MS1_7": "F20",
    "MS1_8": "F8",
    "MS1_9": "F8",
    "MS1_10": "F18",
    "MS2_1": "F24",
    "MS2_2": "F4",
    "MS2_3": "F3",
    "MS2_4": "F6",
    "MS2_5": "F1",
    "MS2_6": "F1",
    "MS2_7": "F10",
    "MS2_8": "F24",
    "MS2_9": "F24",
    "MS2_10": "F21",
    "MS3_1": "F15",
    "MS3_2": "F13",
    "MS3_3": "F3",
    "MS3_4": "F22",
    "MS3_5": "F17",
    "MS3_6": "F12",
    "MS3_7": "F5",
    "MS3_8": "F12",
    "MS3_9": "F14",
    "MS3_10": "F3",
    "MS4_1": "F12",
    "MS4_2": "F2",
    "MS4_3": "F16",
    "MS4_4": "F11",
    "MS4_5": "F11",
    "MS4_6": "F7",
    "MS4_7": "F21",
    "MS4_8": "F16",
    "MS4_9": "F25",
    "MS4_10": "F21"
  },
  "sensor": {
    "S1": "F19",
    "S2": "F24",
    "S3": "F15",
    "S4": "F12"
  },
  "fog": {
    "F1": {
      "rho": 0.499858792378707,
      "capacity": 1.0,
      "tserv": 0.666478389838276,
      "stddev": 0.9626877705268609,
      "mu": 1.5004237425352298,
      "cv": 1.4444395875468092,
      "lambda": 0.75,
      "twait": 1.0279305874663283
    },
    "F2": {
      "rho": 0.679100569874137,
      "capacity": 1.0,
      "tserv": 1.8109348529976987,
      "stddev": 1.8109348529976987,
      "mu": 0.5522009797009914,
      "cv": 1.0,
      "lambda": 0.375,
      "twait": 3.832374804135114
    },
    "F3": {
      "rho": 0.39233276215310126,
      "capacity": 1.0,
      "tserv": 0.3487402330249789,
      "stddev": 0.4434569235927337,
      "mu": 2.867463817770558,
      "cv": 1.2715966831420067,
      "lambda": 1.125,
      "twait": 0.29461685200678994
    },
    "F4": {
      "rho": 0.470024892822459,
      "capacity": 1.0,
      "tserv": 1.253399714193224,
      "stddev": 1.2533997141932243,
      "mu": 0.7978300845901103,
      "cv": 1.0000000000000002,
      "lambda": 0.375,
      "twait": 1.1116164860362272
    },
    "F5": {
      "rho": 0.3956333855994467,
      "capacity": 1.0,
      "tserv": 1.0550223615985246,
      "stddev": 1.0550223615985246,
      "mu": 0.9478472081718182,
      "cv": 1.0,
      "lambda": 0.375,
      "twait": 0.6906438225684457
    },
    "F6": {
      "rho": 1.41952295836264,
      "capacity": 1.0,
      "tserv": 3.7853945556337067,
      "stddev": 3.7853945556337076,
      "mu": 0.26417325467743524,
      "cv": 1.0000000000000002,
      "lambda": 0.375,
      "twait": 5368.081023704803
    },
    "F7": {
      "rho": 1.263745812221316,
      "capacity": 1.0,
      "tserv": 3.369988832590176,
      "stddev": 3.369988832590177,
      "mu": 0.2967368883627425,
      "cv": 1.0000000000000002,
      "lambda": 0.375,
      "twait": 4254.550465144015
    },
    "F8": {
      "rho": 0.47720163594777737,
      "capacity": 1.0,
      "tserv": 0.6362688479303698,
      "stddev": 0.6854582840672576,
      "mu": 1.5716626756955971,
      "cv": 1.0773092008148588,
      "lambda": 0.75,
      "twait": 0.6274104651432802
    },
    "F9": {
      "rho": 0.46142196237237754,
      "capacity": 1.0,
      "tserv": 0.4101528554421134,
      "stddev": 0.6958854852548474,
      "mu": 2.4381154165611663,
      "cv": 1.6966491297609914,
      "lambda": 1.125,
      "twait": 0.6814631945688233
    },
    "F10": {
      "rho": 0.5596352714736508,
      "capacity": 1.0,
      "tserv": 1.4923607239297354,
      "stddev": 1.4923607239297354,
      "mu": 0.6700792804080007,
      "cv": 1.0,
      "lambda": 0.375,
      "twait": 1.8965590220358863
    },
    "F11": {
      "rho": 0.40548153622393973,
      "capacity": 1.0,
      "tserv": 0.5406420482985863,
      "stddev": 0.7114243290619122,
      "mu": 1.849652654925795,
      "cv": 1.3158878990281684,
      "lambda": 0.75,
      "twait": 0.5036124500439568
    },
    "F12": {
      "rho": 0.38355799605701946,
      "capacity": 1.0,
      "tserv": 0.3409404409395728,
      "stddev": 0.3861968236776387,
      "mu": 2.933063608541636,
      "cv": 1.132739849263253,
      "lambda": 1.125,
      "twait": 0.24216545541827625
    },
    "F13": {
      "rho": 0.516634145192244,
      "capacity": 1.0,
      "tserv": 0.6888455269229921,
      "stddev": 0.6906912859849027,
      "mu": 1.4517042804457272,
      "cv": 1.0026794963308472,
      "lambda": 0.75,
      "twait": 0.7382316647674785
    },
    "F14": {
      "rho": 0.48595910307555945,
      "capacity": 1.0,
      "tserv": 1.2958909415348252,
      "stddev": 1.2958909415348252,
      "mu": 0.7716698743303365,
      "cv": 1.0,
      "lambda": 0.375,
      "twait": 1.2250970757382629
    },
    "F15": {
      "rho": 0.44915481803460816,
      "capacity": 1.0,
      "tserv": 1.1977461814256218,
      "stddev": 1.197746181425622,
      "mu": 0.8349014302928074,
      "cv": 1.0000000000000002,
      "lambda": 0.375,
      "twait": 0.9766327922673407
    },
    "F16": {
      "rho": 0.5822468888395332,
      "capacity": 1.0,
      "tserv": 0.7763291851193777,
      "stddev": 0.7775783087380247,
      "mu": 1.288113366298638,
      "cv": 1.0016090128293387,
      "lambda": 0.75,
      "twait": 1.0837576647851568
    },
    "F17": {
      "rho": 0.9082888996072424,
      "capacity": 1.0,
      "tserv": 2.4221037322859793,
      "stddev": 2.4221037322859793,
      "mu": 0.41286423313348386,
      "cv": 1.0,
      "lambda": 0.375,
      "twait": 23.988044242312423
    },
    "F18": {
      "rho": 0.7358024777204537,
      "capacity": 1.0,
      "tserv": 1.9621399405878766,
      "stddev": 1.9621399405878766,
      "mu": 0.509647645060622,
      "cv": 1.0,
      "lambda": 0.375,
      "twait": 5.464651664640519
    },
    "F19": {
      "rho": 0.6957785498318007,
      "capacity": 1.0,
      "tserv": 1.8554094662181353,
      "stddev": 1.855409466218135,
      "mu": 0.5389645887914387,
      "cv": 0.9999999999999999,
      "lambda": 0.375,
      "twait": 4.243468391317248
    },
    "F20": {
      "rho": 0.5224548147625054,
      "capacity": 1.0,
      "tserv": 1.3932128393666812,
      "stddev": 1.3932128393666814,
      "mu": 0.7177654208631714,
      "cv": 1.0000000000000002,
      "lambda": 0.375,
      "twait": 1.5242343100037046
    },
    "F21": {
      "rho": 0.41378264816509813,
      "capacity": 1.0,
      "tserv": 0.3678067983689761,
      "stddev": 0.5728371135232677,
      "mu": 2.7188186962134964,
      "cv": 1.5574402541320334,
      "lambda": 1.125,
      "twait": 0.44467484873038093
    },
    "F22": {
      "rho": 0.7558560154048096,
      "capacity": 1.0,
      "tserv": 2.0156160410794923,
      "stddev": 2.0156160410794923,
      "mu": 0.4961262361577731,
      "cv": 1.0,
      "lambda": 0.375,
      "twait": 6.240233655244337
    },
    "F23": {
      "rho": 0.5856430459471615,
      "capacity": 1.0,
      "tserv": 1.5617147891924308,
      "stddev": 1.5617147891924308,
      "mu": 0.6403217840545035,
      "cv": 1.0,
      "lambda": 0.375,
      "twait": 2.2072934871674783
    },
    "F24": {
      "rho": 0.42970473858870756,
      "capacity": 1.0,
      "tserv": 0.3819597676344067,
      "stddev": 0.45403307830614387,
      "mu": 2.6180767838280583,
      "cv": 1.1886934614033022,
      "lambda": 1.125,
      "twait": 0.347227339609433
    },
    "F25": {
      "rho": 0.5111762793437038,
      "capacity": 1.0,
      "tserv": 1.3631367449165435,
      "stddev": 1.3631367449165435,
      "mu": 0.73360211565658,
      "cv": 1.0,
      "lambda": 0.375,
      "twait": 1.4254692234812094
    }
  },
  "extra": {
    "conv_gen": 7,
    "max_gen": 600,
    "population": 600,
    "deltatime": 82.7426265,
    "obj_func": 2439.3491783243935
  },
  "network": [
    [
      0.0,
      1.07526402512704,
      0.9850754357695829,
      1.0283400169748893,
      1.5386315750572854,
      0.8582620518687372,
      0.9116482790516385,
      0.7460537695461458,
      1.1172639569743148,
      0.8136553779062773,
      0.43526342094395576,
      0.8985349021271984,
      0.7154067688180036,
      0.860612520720174,
      0.7655051575243447,
      1.0193788818206555,
      1.1324494259326603,
      1.216855649043655,
      0.9103090344371851,
      0.9761183683556598,
      0.865744643400003,
      0.9783915367645626,
      0.8542342781683875,
      0.847696069188549,
      0.847696069188549
    ],
    [
      1.07526402512704,
      0.0,
      1.0106710622139274,
      0.8996674388670329,
      1.0025096671027918,
      1.017463150398521,
      1.012169989196599,
      1.1044504988411012,
      1.0176756611958149,
      0.2842519368739322,
      1.1633868373961334,
      0.7686443650613491,
      1.1405891886237487,
      1.0280076747631737,
      0.841427920337378,
      1.0450119288120898,
      1.061603177285944,
      0.9973466184907778,
      1.0388567679219147,
      0.978333385982173,
      0.9087140167716985,
      0.8391696706898035,
      0.847696069188549,
      1.1434435261335254,
      1.1434435261335254
    ],
    [
      0.9850754357695829,
      1.0106710622139274,
      0.0,
      0.7409664516041675,
      1.1449028709188367,
      0.9525913644076588,
      0.8745233588800084,
      1.0728153967723664,
      1.1405394056755034,
      1.1102648171165697,
      0.7802701963851162,
      0.8738082021660657,
      1.1904925489164708,
      0.8039102565532786,
      1.0910913411035241,
      1.2358909836594714,
      1.3470703978185254,
      0.6974979931784085,
      1.0128532805039678,
      1.04374339550444,
      1.2314163246703398,
      0.8542342781683875,
      1.1434435261335254,
      1.0732426166720455,
      1.0732426166720455
    ],
    [
      1.0283400169748893,
      0.8996674388670329,
      0.7409664516041675,
      0.0,
      1.2460993144553483,
      0.8222241634163552,
      1.2916973328743395,
      0.8765109921785618,
      0.9018390116196828,
      1.6290166539822022,
      0.9503883225970652,
      1.0015774834384794,
      0.589933902212524,
      1.166097252177703,
      0.7445647565224159,
      0.9792382867408713,
      0.658932759530129,
      1.0182567585391586,
      1.4315151140657707,
      1.0916516299522505,
      0.9783915367645626,
      0.847696069188549,
      1.0732426166720455,
      0.5789661111491106,
      0.5789661111491106
    ],
    [
      1.5386315750572854,
      1.0025096671027918,
      1.1449028709188367,
      1.2460993144553483,
      0.0,
      1.4436273404588746,
      1.1489891418106246,
      1.0626587086528996,
      0.7061776217191778,
      0.9824740000672565,
      0.624333207930714,
      0.7156689011556313,
      0.8874454698497263,
      1.2388288560223475,
      1.154513602405282,
      1.0608503341366322,
      0.9516855629569254,
      0.8419038639406979,
      0.638391356872869,
      0.865744643400003,
      0.8391696706898035,
      1.1434435261335254,
      0.5789661111491106,
      1.001068364186287,
      1.001068364186287
    ],
    [
      0.8582620518687372,
      1.017463150398521,
      0.9525913644076588,
      0.8222241634163552,
      1.4436273404588746,
      0.0,
      1.1228541106655745,
      1.122876220338852,
      0.8137044492017372,
      0.8424742061518249,
      1.2473174427185698,
      1.1132989769603954,
      1.1868061131915226,
      0.863872130352712,
      0.9730271049329594,
      0.9098519310797221,
      1.2199911171953843,
      1.0927108235087848,
      0.9761183683556598,
      0.9087140167716985,
      0.8542342781683875,
      1.0732426166720455,
      1.001068364186287,
      1.2321798470114946,
      1.2321798470114946
    ],
    [
      0.9116482790516385,
      1.012169989196599,
      0.8745233588800084,
      1.2916973328743395,
      1.1489891418106246,
      1.1228541106655745,
      0.0,
      1.195184439502645,
      1.170425846789895,
      0.960086305132467,
      0.8145448771662537,
      1.1961517594492908,
      1.0215052058676695,
      1.0783130164899952,
      0.714379894116376,
      0.9952977837723389,
      1.0184727928133053,
      0.9103090344371851,
      0.978333385982173,
      1.2314163246703398,
      0.847696069188549,
      0.5789661111491106,
      1.2321798470114946,
      1.0455857629582122,
      1.0455857629582122
    ],
    [
      0.7460537695461458,
      1.1044504988411012,
      1.0728153967723664,
      0.8765109921785618,
      1.0626587086528996,
      1.122876220338852,
      1.195184439502645,
      0.0,
      1.1413200220594506,
      0.640012593207633,
      0.7412456927157534,
      1.2844226414778475,
      0.8938675383651162,
      0.971825828812919,
      1.196295227553967,
      1.053850318815662,
      1.216855649043655,
      1.0388567679219147,
      1.04374339550444,
      0.9783915367645626,
      1.1434435261335254,
      1.001068364186287,
      1.0455857629582122,
      0.779214666560416,
      0.779214666560416
    ],
    [
      1.1172639569743148,
      1.0176756611958149,
      1.1405394056755034,
      0.9018390116196828,
      0.7061776217191778,
      0.8137044492017372,
      1.170425846789895,
      1.1413200220594506,
      0.0,
      1.1477406596303859,
      1.0574501566824126,
      0.7796154390421901,
      0.8177878068970011,
      1.1470286763359792,
      1.2179439014734563,
      1.1324494259326603,
      0.9973466184907778,
      1.0128532805039678,
      1.0916516299522505,
      0.8391696706898035,
      1.0732426166720455,
      1.2321798470114946,
      0.779214666560416,
      1.1990297452273642,
      1.1990297452273642
    ],
    [
      0.8136553779062773,
      0.2842519368739322,
      1.1102648171165697,
      1.6290166539822022,
      0.9824740000672565,
      0.8424742061518249,
      0.960086305132467,
      0.640012593207633,
      1.1477406596303859,
      0.0,
      0.9730694319180345,
      0.8821112368002417,
      1.220987656901813,
      0.9970289956518293,
      1.0193788818206555,
      1.061603177285944,
      0.6974979931784085,
      1.4315151140657707,
      0.865744643400003,
      0.8542342781683875,
      0.5789661111491106,
      1.0455857629582122,
      1.1990297452273642,
      0.6763830610742283,
      0.6763830610742283
    ],
    [
      0.43526342094395576,
      1.1633868373961334,
      0.7802701963851162,
      0.9503883225970652,
      0.624333207930714,
      1.2473174427185698,
      0.8145448771662537,
      0.7412456927157534,
      1.0574501566824126,
      0.9730694319180345,
      0.0,
      1.0489112827188527,
      1.2236465762044546,
      0.7655051575243447,
      1.0450119288120898,
      1.3470703978185254,
      1.0182567585391586,
      0.638391356872869,
      0.9087140167716985,
      0.847696069188549,
      1.001068364186287,
      0.779214666560416,
      0.6763830610742283,
      1.1249396289801925,
      1.1249396289801925
    ],
    [
      0.8985349021271984,
      0.7686443650613491,
      0.8738082021660657,
      1.0015774834384794,
      0.7156689011556313,
      1.1132989769603954,
      1.1961517594492908,
      1.2844226414778475,
      0.7796154390421901,
      0.8821112368002417,
      1.0489112827188527,
      0.0,
      0.860612520720174,
      0.841427920337378,
      1.2358909836594714,
      0.658932759530129,
      0.8419038639406979,
      0.9761183683556598,
      1.2314163246703398,
      1.1434435261335254,
      1.2321798470114946,
      1.1990297452273642,
      1.1249396289801925,
      1.0190521622753783,
      1.0190521622753783
    ],
    [
      0.7154067688180036,
      1.1405891886237487,
      1.1904925489164708,
      0.589933902212524,
      0.8874454698497263,
      1.1868061131915226,
      1.0215052058676695,
      0.8938675383651162,
      0.8177878068970011,
      1.220987656901813,
      1.2236465762044546,
      0.860612520720174,
      0.0,
      1.0910913411035241,
      0.9792382867408713,
      0.9516855629569254,
      1.0927108235087848,
      0.978333385982173,
      0.9783915367645626,
      1.0732426166720455,
      1.0455857629582122,
      0.6763830610742283,
      1.0190521622753783,
      0.8096054633108174,
      0.8096054633108174
    ],
    [
      0.860612520720174,
      1.0280076747631737,
      0.8039102565532786,
      1.166097252177703,
      1.2388288560223475,
      0.863872130352712,
      1.0783130164899952,
      0.971825828812919,
      1.1470286763359792,
      0.9970289956518293,
      0.7655051575243447,
      0.841427920337378,
      1.0910913411035241,
      0.0,
      1.0608503341366322,
      1.2199911171953843,
      0.9103090344371851,
      1.04374339550444,
      0.8391696706898035,
      0.5789661111491106,
      0.779214666560416,
      1.1249396289801925,
      0.8096054633108174,
      0.9399564740636227,
      0.9399564740636227
    ],
    [
      0.7655051575243447,
      0.841427920337378,
      1.0910913411035241,
      0.7445647565224159,
      1.154513602405282,
      0.9730271049329594,
      0.714379894116376,
      1.196295227553967,
      1.2179439014734563,
      1.0193788818206555,
      1.0450119288120898,
      1.2358909836594714,
      0.9792382867408713,
      1.0608503341366322,
      0.0,
      1.0184727928133053,
      1.0388567679219147,
      1.0916516299522505,
      0.8542342781683875,
      1.001068364186287,
      1.1990297452273642,
      1.0190521622753783,
      0.9399564740636227,
      1.1007106383414018,
      1.1007106383414018
    ],
    [
      1.0193788818206555,
      1.0450119288120898,
      1.2358909836594714,
      0.9792382867408713,
      1.0608503341366322,
      0.9098519310797221,
      0.9952977837723389,
      1.053850318815662,
      1.1324494259326603,
      1.061603177285944,
      1.3470703978185254,
      0.658932759530129,
      0.9516855629569254,
      1.2199911171953843,
      1.0184727928133053,
      0.0,
      1.0128532805039678,
      0.865744643400003,
      0.847696069188549,
      1.2321798470114946,
      0.6763830610742283,
      0.8096054633108174,
      1.1007106383414018,
      0.5889074790685535,
      0.5889074790685535
    ],
    [
      1.1324494259326603,
      1.061603177285944,
      1.3470703978185254,
      0.658932759530129,
      0.9516855629569254,
      1.2199911171953843,
      1.0184727928133053,
      1.216855649043655,
      0.9973466184907778,
      0.6974979931784085,
      1.0182567585391586,
      0.8419038639406979,
      1.0927108235087848,
      0.9103090344371851,
      1.0388567679219147,
      1.0128532805039678,
      0.0,
      0.9087140167716985,
      1.1434435261335254,
      1.0455857629582122,
      1.1249396289801925,
      0.9399564740636227,
      0.5889074790685535,
      1.080129695410529,
      1.080129695410529
    ],
    [
      1.216855649043655,
      0.9973466184907778,
      0.6974979931784085,
      1.0182567585391586,
      0.8419038639406979,
      1.0927108235087848,
      0.9103090344371851,
      1.0388567679219147,
      1.0128532805039678,
      1.4315151140657707,
      0.638391356872869,
      0.9761183683556598,
      0.978333385982173,
      1.04374339550444,
      1.0916516299522505,
      0.865744643400003,
      0.9087140167716985,
      0.0,
      1.0732426166720455,
      0.779214666560416,
      1.0190521622753783,
      1.1007106383414018,
      1.080129695410529,
      1.1077683090082062,
      1.1077683090082062
    ],
    [
      0.9103090344371851,
      1.0388567679219147,
      1.0128532805039678,
      1.4315151140657707,
      0.638391356872869,
      0.9761183683556598,
      0.978333385982173,
      1.04374339550444,
      1.0916516299522505,
      0.865744643400003,
      0.9087140167716985,
      1.2314163246703398,
      0.9783915367645626,
      0.8391696706898035,
      0.8542342781683875,
      0.847696069188549,
      1.1434435261335254,
      1.0732426166720455,
      0.0,
      1.1990297452273642,
      0.8096054633108174,
      0.5889074790685535,
      1.1077683090082062,
      0.9695663204659938,
      0.9695663204659938
    ],
    [
      0.9761183683556598,
      0.978333385982173,
      1.04374339550444,
      1.0916516299522505,
      0.865744643400003,
      0.9087140167716985,
      1.2314163246703398,
      0.9783915367645626,
      0.8391696706898035,
      0.8542342781683875,
      0.847696069188549,
      1.1434435261335254,
      1.0732426166720455,
      0.5789661111491106,
      1.001068364186287,
      1.2321798470114946,
      1.0455857629582122,
      0.779214666560416,
      1.1990297452273642,
      0.0,
      0.9399564740636227,
      1.080129695410529,
      0.9695663204659938,
      1.0715406046369718,
      1.0715406046369718
    ],
    [
      0.865744643400003,
      0.9087140167716985,
      1.2314163246703398,
      0.9783915367645626,
      0.8391696706898035,
      0.8542342781683875,
      0.847696069188549,
      1.1434435261335254,
      1.0732426166720455,
      0.5789661111491106,
      1.001068364186287,
      1.2321798470114946,
      1.0455857629582122,
      0.779214666560416,
      1.1990297452273642,
      0.6763830610742283,
      1.1249396289801925,
      1.0190521622753783,
      0.8096054633108174,
      0.9399564740636227,
      0.0,
      1.1077683090082062,
      1.0715406046369718,
      0.5719830285021174,
      0.5719830285021174
    ],
    [
      0.9783915367645626,
      0.8391696706898035,
      0.8542342781683875,
      0.847696069188549,
      1.1434435261335254,
      1.0732426166720455,
      0.5789661111491106,
      1.001068364186287,
      1.2321798470114946,
      1.0455857629582122,
      0.779214666560416,
      1.1990297452273642,
      0.6763830610742283,
      1.1249396289801925,
      1.0190521622753783,
      0.8096054633108174,
      0.9399564740636227,
      1.1007106383414018,
      0.5889074790685535,
      1.080129695410529,
      1.1077683090082062,
      0.0,
      0.5719830285021174,
      1.0988967433725385,
      1.0988967433725385
    ],
    [
      0.8542342781683875,
      0.847696069188549,
      1.1434435261335254,
      1.0732426166720455,
      0.5789661111491106,
      1.001068364186287,
      1.2321798470114946,
      1.0455857629582122,
      0.779214666560416,
      1.1990297452273642,
      0.6763830610742283,
      1.1249396289801925,
      1.0190521622753783,
      0.8096054633108174,
      0.9399564740636227,
      1.1007106383414018,
      0.5889074790685535,
      1.080129695410529,
      1.1077683090082062,
      0.9695663204659938,
      1.0715406046369718,
      0.5719830285021174,
      0.0,
      1.0244347149438544,
      1.0244347149438544
    ],
    [
      0.847696069188549,
      1.1434435261335254,
      1.0732426166720455,
      0.5789661111491106,
      1.001068364186287,
      1.2321798470114946,
      1.0455857629582122,
      0.779214666560416,
      1.1990297452273642,
      0.6763830610742283,
      1.1249396289801925,
      1.0190521622753783,
      0.8096054633108174,
      0.9399564740636227,
      1.1007106383414018,
      0.5889074790685535,
      1.080129695410529,
      1.1077683090082062,
      0.9695663204659938,
      1.0715406046369718,
      0.5719830285021174,
      1.0988967433725385,
      1.0244347149438544,
      0.0,
      1.0637041859977296
    ],
    [
      0.847696069188549,
      1.1434435261335254,
      1.0732426166720455,
      0.5789661111491106,
      1.001068364186287,
      1.2321798470114946,
      1.0455857629582122,
      0.779214666560416,
      1.1990297452273642,
      0.6763830610742283,
      1.1249396289801925,
      1.0190521622753783,
      0.8096054633108174,
      0.9399564740636227,
      1.1007106383414018,
      0.5889074790685535,
      1.080129695410529,
      1.1077683090082062,
      0.9695663204659938,
      1.0715406046369718,
      0.5719830285021174,
      1.0988967433725385,
      1.0244347149438544,
      1.0637041859977296,
      0.0
    ]
  ]
}