{
  "servicechain": {
    "SC1": {
      "resptime": 35.63413920009587,
      "resptime_old": 25.634139200095873,
      "waittime": 19.028414191860062,
      "servicetime": 10.0,
      "networktime": 6.605725008235808,
      "services": {
        "MS1_1": {
          "meanserv": 0.6353230445603053,
          "stddevserv": 0.6353230445603053,
          "rate": 1.5740024048585874,
          "cv": 1.0,
          "lambda": 0.375
        },
        "MS1_2": {
          "meanserv": 0.24411250398394757,
          "stddevserv": 0.24411250398394757,
          "rate": 4.096471846709492,
          "cv": 1.0,
          "lambda": 0.375
        },
        "MS1_3": {
          "meanserv": 1.9763955207750172,
          "stddevserv": 1.9763955207750172,
          "rate": 0.5059715980371496,
          "cv": 1.0,
          "lambda": 0.375
        },
        "MS1_4": {
          "meanserv": 0.015139747038250828,
          "stddevserv": 0.015139747038250828,
          "rate": 66.05130174721434,
          "cv": 1.0,
          "lambda": 0.375
        },
        "MS1_5": {
          "meanserv": 1.195119483744457,
          "stddevserv": 1.195119483744457,
          "rate": 0.8367364214219624,
          "cv": 1.0,
          "lambda": 0.375
        },
        "MS1_6": {
          "meanserv": 1.567459355959583,
          "stddevserv": 1.567459355959583,
          "rate": 0.6379750748865892,
          "cv": 1.0,
          "lambda": 0.375
        },
        "MS1_7": {
          "meanserv": 0.1696072297248783,
          "stddevserv": 0.1696072297248783,
          "rate": 5.895975080909644,
          "cv": 1.0,
          "lambda": 0.375
        },
        "MS1_8": {
          "meanserv": 2.015709883409583,
          "stddevserv": 2.015709883409583,
          "rate": 0.49610313876543344,
          "cv": 1.0,
          "lambda": 0.375
        },
        "MS1_9": {
          "meanserv": 1.465484397907856,
          "stddevserv": 1.465484397907856,
          "rate": 0.6823682336213286,
          "cv": 1.0,
          "lambda": 0.375
        },
        "MS1_10": {
          "meanserv": 0.7156488328961217,
          "stddevserv": 0.7156488328961217,
          "rate": 1.3973333764175266,
          "cv": 1.0,
          "lambda": 0.375
        }
      },
      "sensors": [
        "S1"
      ],
      "sources": [
        {
          "startTime": 0,
          "stopTime": -1,
          "lambda": 0.375
        }
      ]
    },
    "SC2": {
      "resptime": 66.96989512958794,
      "resptime_old": 56.96989512958794,
      "waittime": 52.240499967718904,
      "servicetime": 10.0,
      "networktime": 4.7293951618690375,
      "services": {
        "MS2_1": {
          "meanserv": 0.38042155572779346,
          "stddevserv": 0.38042155572779346,
          "rate": 2.6286628213979,
          "cv": 1.0,
          "lambda": 0.375
        },
        "MS2_2": {
          "meanserv": 0.7071147593346638,
          "stddevserv": 0.7071147593346638,
          "rate": 1.4141976062568922,
          "cv": 1.0,
          "lambda": 0.375
        },
        "MS2_3": {
          "meanserv": 2.382738353125368,
          "stddevserv": 2.382738353125368,
          "rate": 0.4196851906497956,
          "cv": 1.0,
          "lambda": 0.375
        },
        "MS2_4": {
          "meanserv": 0.5154177451183317,
          "stddevserv": 0.5154177451183317,
          "rate": 1.9401737900397975,
          "cv": 1.0,
          "lambda": 0.375
        },
        "MS2_5": {
          "meanserv": 0.8994414427231625,
          "stddevserv": 0.8994414427231625,
          "rate": 1.111801116226516,
          "cv": 1.0,
          "lambda": 0.375
        },
        "MS2_6": {
          "meanserv": 0.13060912280084214,
          "stddevserv": 0.13060912280084214,
          "rate": 7.656433015975758,
          "cv": 1.0,
          "lambda": 0.375
        },
        "MS2_7": {
          "meanserv": 1.3905412797402628,
          "stddevserv": 1.3905412797402628,
          "rate": 0.7191444184862952,
          "cv": 1.0,
          "lambda": 0.375
        },
        "MS2_8": {
          "meanserv": 2.4463279428448876,
          "stddevserv": 2.4463279428448876,
          "rate": 0.4087759382076462,
          "cv": 1.0,
          "lambda": 0.375
        },
        "MS2_9": {
          "meanserv": 0.9788142896031236,
          "stddevserv": 0.9788142896031236,
          "rate": 1.021644259408459,
          "cv": 1.0,
          "lambda": 0.375
        },
        "MS2_10": {
          "meanserv": 0.16857350898156476,
          "stddevserv": 0.16857350898156476,
          "rate": 5.932130178943836,
          "cv": 1.0,
          "lambda": 0.375
        }
      },
      "sensors": [
        "S2"
      ],
      "sources": [
        {
          "startTime": 0,
          "stopTime": -1,
          "lambda": 0.375
        }
      ]
    },
    "SC3": {
      "resptime": 8330.298646957026,
      "resptime_old": 8320.29864695703,
      "waittime": 8315.278896998603,
      "servicetime": 10.0,
      "networktime": 5.019749958423028,
      "services": {
        "MS3_1": {
          "meanserv": 0.3000342423642499,
          "stddevserv": 0.3000342423642499,
          "rate": 3.3329529060418785,
          "cv": 1.0,
          "lambda": 0.375
        },
        "MS3_2": {
          "meanserv": 3.8163727856236314,
          "stddevserv": 3.8163727856236314,
          "rate": 0.2620289096932627,
          "cv": 1.0,
          "lambda": 0.375
        },
        "MS3_3": {
          "meanserv": 0.006351957903397931,
          "stddevserv": 0.006351957903397931,
          "rate": 157.43177382599745,
          "cv": 1.0,
          "lambda": 0.375
        },
        "MS3_4": {
          "meanserv": 0.6671642971329881,
          "stddevserv": 0.6671642971329881,
          "rate": 1.4988811665991573,
          "cv": 1.0,
          "lambda": 0.375
        },
        "MS3_5": {
          "meanserv": 0.5994007817194991,
          "stddevserv": 0.5994007817194991,
          "rate": 1.6683328258787105,
          "cv": 1.0,
          "lambda": 0.375
        },
        "MS3_6": {
          "meanserv": 0.11476552618332736,
          "stddevserv": 0.11476552618332736,
          "rate": 8.71341798583829,
          "cv": 1.0,
          "lambda": 0.375
        },
        "MS3_7": {
          "meanserv": 1.0264213776836497,
          "stddevserv": 1.0264213776836497,
          "rate": 0.9742587418207564,
          "cv": 1.0,
          "lambda": 0.375
        },
        "MS3_8": {
          "meanserv": 0.03923778995362248,
          "stddevserv": 0.03923778995362248,
          "rate": 25.485635179299358,
          "cv": 1.0,
          "lambda": 0.375
        },
        "MS3_9": {
          "meanserv": 2.7609155042629183,
          "stddevserv": 2.7609155042629183,
          "rate": 0.3621986976624154,
          "cv": 1.0,
          "lambda": 0.375
        },
        "MS3_10": {
          "meanserv": 0.669335737172716,
          "stddevserv": 0.669335737172716,
          "rate": 1.494018538774001,
          "cv": 1.0,
          "lambda": 0.375
        }
      },
      "sensors": [
        "S3"
      ],
      "sources": [
        {
          "startTime": 0,
          "stopTime": -1,
          "lambda": 0.375
        }
      ]
    },
    "SC4": {
      "resptime": 4013.4570676595563,
      "resptime_old": 4003.4570676595563,
      "waittime": 3998.4608685864405,
      "servicetime": 10.0,
      "networktime": 4.996199073115841,
      "services": {
        "MS4_1": {
          "meanserv": 0.03900679717318223,
          "stddevserv": 0.03900679717318223,
          "rate": 25.63655753534964,
          "cv": 1.0,
          "lambda": 0.375
        },
        "MS4_2": {
          "meanserv": 0.42697659078592576,
          "stddevserv": 0.42697659078592576,
          "rate": 2.3420487717121063,
          "cv": 1.0,
          "lambda": 0.375
        },
        "MS4_3": {
          "meanserv": 0.014215860934899682,
          "stddevserv": 0.014215860934899682,
          "rate": 70.34396330826634,
          "cv": 1.0,
          "lambda": 0.375
        },
        "MS4_4": {
          "meanserv": 0.9436957915583244,
          "stddevserv": 0.9436957915583244,
          "rate": 1.059663515452051,
          "cv": 1.0,
          "lambda": 0.375
        },
        "MS4_5": {
          "meanserv": 0.5688701267694907,
          "stddevserv": 0.5688701267694907,
          "rate": 1.7578704750745429,
          "cv": 1.0,
          "lambda": 0.375
        },
        "MS4_6": {
          "meanserv": 0.6706880020461015,
          "stddevserv": 0.6706880020461015,
          "rate": 1.491006245749514,
          "cv": 1.0,
          "lambda": 0.375
        },
        "MS4_7": {
          "meanserv": 3.255465139999061,
          "stddevserv": 3.255465139999061,
          "rate": 0.30717576659422885,
          "cv": 1.0,
          "lambda": 0.375
        },
        "MS4_8": {
          "meanserv": 2.4224434387586165,
          "stddevserv": 2.4224434387586165,
          "rate": 0.4128063359499741,
          "cv": 1.0,
          "lambda": 0.375
        },
        "MS4_9": {
          "meanserv": 0.13443062795061067,
          "stddevserv": 0.13443062795061067,
          "rate": 7.438780992434227,
          "cv": 1.0,
          "lambda": 0.375
        },
        "MS4_10": {
          "meanserv": 1.5242076240237878,
          "stddevserv": 1.5242076240237878,
          "rate": 0.6560785973239518,
          "cv": 1.0,
          "lambda": 0.375
        }
      },
      "sensors": [
        "S4"
      ],
      "sources": [
        {
          "startTime": 0,
          "stopTime": -1,
          "lambda": 0.375
        }
      ]
    }
  },
  "microservice": {
    "MS1_1": "F13",
    "MS1_2": "F13",
    "MS1_3": "F3",
    "MS1_4": "F2",
    "MS1_5": "F2",
    "MS1_6": "F15",
    "MS1_7": "F25",
    "MS1_8": "F6",
    "MS1_9": "F12",
    "MS1_10": "F17",
    "MS2_1": "F8",
    "MS2_2": "F8",
    "MS2_3": "F14",
    "MS2_4": "F1",
    "MS2_5": "F16",
    "MS2_6": "F16",
    "MS2_7": "F18",
    "MS2_8": "F7",
    "MS2_9": "F4",
    "MS2_10": "F4",
    "MS3_1": "F17",
    "MS3_2": "F24",
    "MS3_3": "F25",
    "MS3_4": "F25",
    "MS3_5": "F1",
    "MS3_6": "F1",
    "MS3_7": "F21",
    "MS3_8": "F21",
    "MS3_9": "F22",
    "MS3_10": "F11",
    "MS4_1": "F9",
    "MS4_2": "F9",
    "MS4_3": "F9",
    "MS4_4": "F19",
    "MS4_5": "F10",
    "MS4_6": "F10",
    "MS4_7": "F23",
    "MS4_8": "F20",
    "MS4_9": "F11",
    "MS4_10": "F5"
  },
  "sensor": {
    "S1": "F13",
    "S2": "F8",
    "S3": "F17",
    "S4": "F9"
  },
  "fog": {
    "F1": {
      "rho": 0.46109401988293436,
      "capacity": 1.0,
      "tserv": 0.40986135100705273,
      "stddev": 0.5073646844463119,
      "mu": 2.4398494699315827,
      "cv": 1.2378934564083388,
      "lambda": 1.125,
      "twait": 0.44403005717968624
    },
    "F2": {
      "rho": 0.4538472115435154,
      "capacity": 1.0,
      "tserv": 0.6051296153913539,
      "stddev": 1.0307074953362432,
      "mu": 1.6525385216079247,
      "cv": 1.703283840553162,
      "lambda": 0.75,
      "twait": 0.9808654894012917
    },
    "F3": {
      "rho": 0.7411483202906314,
      "capacity": 1.0,
      "tserv": 1.9763955207750172,
      "stddev": 1.9763955207750172,
      "mu": 0.5059715980371496,
      "cv": 1.0,
      "lambda": 0.375,
      "twait": 5.658847653980729
    },
    "F4": {
      "rho": 0.4302704244692581,
      "capacity": 1.0,
      "tserv": 0.5736938992923442,
      "stddev": 0.8107834182914515,
      "mu": 1.7430898275779256,
      "cv": 1.4132683287926873,
      "lambda": 0.75,
      "twait": 0.6493175559711629
    },
    "F5": {
      "rho": 0.5715778590089204,
      "capacity": 1.0,
      "tserv": 1.5242076240237878,
      "stddev": 1.5242076240237878,
      "mu": 0.6560785973239518,
      "cv": 1.0,
      "lambda": 0.375,
      "twait": 2.0335161212938573
    },
    "F6": {
      "rho": 0.7558912062785936,
      "capacity": 1.0,
      "tserv": 2.015709883409583,
      "stddev": 2.015709883409583,
      "mu": 0.49610313876543344,
      "cv": 1.0,
      "lambda": 0.375,
      "twait": 6.241714409588435
    },
    "F7": {
      "rho": 0.9173729785668329,
      "capacity": 1.0,
      "tserv": 2.4463279428448876,
      "stddev": 2.446327942844888,
      "mu": 0.4087759382076462,
      "cv": 1.0000000000000002,
      "lambda": 0.375,
      "twait": 27.160547633852502
    },
    "F8": {
      "rho": 0.4078261181484215,
      "capacity": 1.0,
      "tserv": 0.5437681575312286,
      "stddev": 0.5908028721886575,
      "mu": 1.839019049111146,
      "cv": 1.0864977362245187,
      "lambda": 0.75,
      "twait": 0.4082828515557966
    },
    "F9": {
      "rho": 0.18007471833525288,
      "capacity": 1.0,
      "tserv": 0.16006641629800256,
      "stddev": 0.31155603409047083,
      "mu": 6.24740668984715,
      "cv": 1.946417251639054,
      "lambda": 1.125,
      "twait": 0.08416893318926062
    },
    "F10": {
      "rho": 0.46483429830584716,
      "capacity": 1.0,
      "tserv": 0.6197790644077962,
      "stddev": 0.6239467353397441,
      "mu": 1.6134781850940834,
      "cv": 1.0067244461313487,
      "lambda": 0.75,
      "twait": 0.541959911741513
    },
    "F11": {
      "rho": 0.3014123869212475,
      "capacity": 1.0,
      "tserv": 0.40188318256166333,
      "stddev": 0.5518802681396097,
      "mu": 2.4882852614678996,
      "cv": 1.373235537306743,
      "lambda": 0.75,
      "twait": 0.2501915547501968
    },
    "F12": {
      "rho": 0.549556649215446,
      "capacity": 1.0,
      "tserv": 1.465484397907856,
      "stddev": 1.465484397907856,
      "mu": 0.6823682336213286,
      "cv": 1.0,
      "lambda": 0.375,
      "twait": 1.7879422435452081
    },
    "F13": {
      "rho": 0.32978833070409486,
      "capacity": 1.0,
      "tserv": 0.4397177742721265,
      "stddev": 0.5194945279209933,
      "mu": 2.274185985898159,
      "cv": 1.1814271751487027,
      "lambda": 0.75,
      "twait": 0.25918656006691154
    },
    "F14": {
      "rho": 0.893526882422013,
      "capacity": 1.0,
      "tserv": 2.382738353125368,
      "stddev": 2.3827383531253674,
      "mu": 0.4196851906497956,
      "cv": 0.9999999999999998,
      "lambda": 0.375,
      "twait": 19.996040509812616
    },
    "F15": {
      "rho": 0.5877972584848437,
      "capacity": 1.0,
      "tserv": 1.567459355959583,
      "stddev": 1.567459355959583,
      "mu": 0.6379750748865892,
      "cv": 1.0,
      "lambda": 0.375,
      "twait": 2.2351823979452705
    },
    "F16": {
      "rho": 0.38626896207150174,
      "capacity": 1.0,
      "tserv": 0.5150252827620023,
      "stddev": 0.7488675516823045,
      "mu": 1.9416522517829649,
      "cv": 1.4540403680111422,
      "lambda": 0.75,
      "twait": 0.5047326928227032
    },
    "F17": {
      "rho": 0.3808811532226393,
      "capacity": 1.0,
      "tserv": 0.5078415376301858,
      "stddev": 0.5867459171345628,
      "mu": 1.9691181715194945,
      "cv": 1.155372047494539,
      "lambda": 0.75,
      "twait": 0.3647363921429065
    },
    "F18": {
      "rho": 0.5214529799025985,
      "capacity": 1.0,
      "tserv": 1.3905412797402628,
      "stddev": 1.3905412797402625,
      "mu": 0.7191444184862952,
      "cv": 0.9999999999999999,
      "lambda": 0.375,
      "twait": 1.515215566174769
    },
    "F19": {
      "rho": 0.3538859218343716,
      "capacity": 1.0,
      "tserv": 0.9436957915583243,
      "stddev": 0.9436957915583245,
      "mu": 1.059663515452051,
      "cv": 1.0000000000000002,
      "lambda": 0.375,
      "twait": 0.5168756825032769
    },
    "F20": {
      "rho": 0.9084162895344812,
      "capacity": 1.0,
      "tserv": 2.4224434387586165,
      "stddev": 2.422443438758617,
      "mu": 0.4128063359499741,
      "cv": 1.0000000000000002,
      "lambda": 0.375,
      "twait": 24.028149428088202
    },
    "F21": {
      "rho": 0.3996221878639771,
      "capacity": 1.0,
      "tserv": 0.5328295838186361,
      "stddev": 0.8781646106135826,
      "mu": 1.876772668727003,
      "cv": 1.648115339842863,
      "lambda": 0.75,
      "twait": 0.6590103102990369
    },
    "F22": {
      "rho": 1.0353433140985944,
      "capacity": 1.0,
      "tserv": 2.7609155042629183,
      "stddev": 2.7609155042629183,
      "mu": 0.3621986976624154,
      "cv": 1.0,
      "lambda": 0.375,
      "twait": 2855.6369127216294
    },
    "F23": {
      "rho": 1.2207994274996476,
      "capacity": 1.0,
      "tserv": 3.255465139999061,
      "stddev": 3.255465139999061,
      "mu": 0.30717576659422885,
      "cv": 1.0,
      "lambda": 0.375,
      "twait": 3970.2957091767544
    },
    "F24": {
      "rho": 1.431139794608862,
      "capacity": 1.0,
      "tserv": 3.8163727856236314,
      "stddev": 3.8163727856236314,
      "mu": 0.2620289096932627,
      "cv": 1.0,
      "lambda": 0.375,
      "twait": 5456.301201603682
    },
    "F25": {
      "rho": 0.31617130678547406,
      "capacity": 1.0,
      "tserv": 0.2810411615870881,
      "stddev": 0.48678465968282014,
      "mu": 3.5581976474649726,
      "cv": 1.732076030905448,
      "lambda": 1.125,
      "twait": 0.25988699572110974
    }
  },
  "extra": {
    "conv_gen": 6,
    "max_gen": 600,
    "population": 600,
    "deltatime": 82.9484458,
    "obj_func": 3111.5899372365666
  },
  "network": [
    [
      0.0,
      0.974587964746184,
      1.0441457745315452,
      0.4588007042297482,
      1.259322578530746,
      0.9026283915204488,
      1.1148976902425725,
      0.9472738394888425,
      0.8114981876902007,
      0.8439834150134334,
      1.3303063669806658,
      1.1510755788954765,
      1.3883921012929428,
      0.6193235685069512,
      0.9508982390180095,
      0.6634451026468889,
      1.0620706146103231,
      0.9111529974299105,
      1.1259589587062229,
      1.263169746342002,
      0.6593624274281474,
      0.9754658439250261,
      1.0723356030640192,
      0.7507091545884935,
      0.7507091545884935
    ],
    [
      0.974587964746184,
      0.0,
      1.0295498579567215,
      0.7686470032742763,
      0.8599145268000311,
      1.1476173479446081,
      1.1669083786317185,
      0.9731695094088617,
      1.224594456505583,
      0.9564374844582118,
      0.9517769867098071,
      0.7485667345837539,
      0.8389521680380193,
      1.2378782572859728,
      1.2024548249342555,
      1.0336714390385706,
      1.172247010850458,
      1.022971191860334,
      1.0799908981073174,
      1.026579258679935,
      0.9025677105826218,
      1.2625650919114573,
      0.7507091545884935,
      1.0478501080150395,
      1.0478501080150395
    ],
    [
      1.0441457745315452,
      1.0295498579567215,
      0.0,
      1.0184654191659648,
      0.7604179429818815,
      0.9352577668980928,
      1.4189410035766863,
      0.724888578160451,
      1.0453520614311982,
      0.7229985556720734,
      1.1101235758074404,
      0.9423303044960634,
      0.9522734951954549,
      0.6974865798068561,
      0.9894099467517666,
      1.2716356202852228,
      1.0456543978539903,
      1.181161749171977,
      1.261384355029651,
      1.267636661903832,
      0.8252985381696908,
      1.0723356030640192,
      1.0478501080150395,
      1.1118264050347066,
      1.1118264050347066
    ],
    [
      0.4588007042297482,
      0.7686470032742763,
      1.0184654191659648,
      0.0,
      0.9317346720020412,
      1.0160658642815048,
      0.6259354952531077,
      1.0082181836868416,
      1.0149912134201673,
      1.082590666643943,
      1.0085492525137059,
      1.3114970538925368,
      0.9588607169954182,
      1.3505585364114017,
      0.9244245830607725,
      1.0573400455769433,
      1.1521790841373174,
      1.0116107831760974,
      0.8641843919543419,
      0.8977040518676944,
      0.9754658439250261,
      0.7507091545884935,
      1.1118264050347066,
      0.9563273946107465,
      0.9563273946107465
    ],
    [
      1.259322578530746,
      0.8599145268000311,
      0.7604179429818815,
      0.9317346720020412,
      0.0,
      1.1843547658037836,
      1.1188042472620339,
      1.2773634969031002,
      1.020512625744038,
      1.0340475240419418,
      0.8979372305172338,
      1.1113822561112499,
      1.0212682071309744,
      1.092837830484031,
      0.9003373044792544,
      0.7316352943140528,
      1.1750848673484453,
      0.8522620001036677,
      1.0101344677117257,
      0.6593624274281474,
      1.2625650919114573,
      1.0478501080150395,
      0.9563273946107465,
      0.8595200640917723,
      0.8595200640917723
    ],
    [
      0.9026283915204488,
      1.1476173479446081,
      0.9352577668980928,
      1.0160658642815048,
      1.1843547658037836,
      0.0,
      1.1193110937993194,
      0.9896487211097794,
      1.2901369870624178,
      1.1815918895030697,
      0.9439734197582376,
      0.821717780766406,
      1.5190879196766853,
      1.0583307045180794,
      0.9330788117887101,
      0.9099228280519959,
      1.142356433601301,
      1.2116268661596958,
      1.263169746342002,
      0.9025677105826218,
      1.0723356030640192,
      1.1118264050347066,
      0.8595200640917723,
      0.9658661321530563,
      0.9658661321530563
    ],
    [
      1.1148976902425725,
      1.1669083786317185,
      1.4189410035766863,
      0.6259354952531077,
      1.1188042472620339,
      1.1193110937993194,
      0.0,
      0.9270767586685286,
      1.006165153817368,
      1.0250544926967748,
      0.9534633842058979,
      1.1604440165615033,
      0.8674408170490667,
      0.9643576588096909,
      1.1039957309261068,
      1.1311602646184251,
      1.0031308801632335,
      1.1259589587062229,
      1.026579258679935,
      0.8252985381696908,
      0.7507091545884935,
      0.9563273946107465,
      0.9658661321530563,
      1.1613477246600166,
      1.1613477246600166
    ],
    [
      0.9472738394888425,
      0.9731695094088617,
      0.724888578160451,
      1.0082181836868416,
      1.2773634969031002,
      0.9896487211097794,
      0.9270767586685286,
      0.0,
      1.0584470146260148,
      1.043308724637535,
      1.2572789966306699,
      0.87581682844938,
      0.9399781560862388,
      1.0353696093277187,
      0.8617190869592048,
      0.9536615867139584,
      0.9111529974299105,
      1.0799908981073174,
      1.267636661903832,
      0.9754658439250261,
      1.0478501080150395,
      0.8595200640917723,
      1.1613477246600166,
      1.0923822911219365,
      1.0923822911219365
    ],
    [
      0.8114981876902007,
      1.224594456505583,
      1.0453520614311982,
      1.0149912134201673,
      1.020512625744038,
      1.2901369870624178,
      1.006165153817368,
      1.0584470146260148,
      0.0,
      1.0091540022866945,
      1.1027016614357712,
      1.1398169138434648,
      1.121854718390481,
      0.904776524605818,
      0.8405261432540823,
      1.0620706146103231,
      1.022971191860334,
      1.261384355029651,
      0.8977040518676944,
      1.2625650919114573,
      1.1118264050347066,
      0.9658661321530563,
      1.0923822911219365,
      1.0222699810509643,
      1.0222699810509643
    ],
    [
      0.8439834150134334,
      0.9564374844582118,
      0.7229985556720734,
      1.082590666643943,
      1.0340475240419418,
      1.1815918895030697,
      1.0250544926967748,
      1.043308724637535,
      1.0091540022866945,
      0.0,
      0.9848965279698325,
      1.0314270115390234,
      0.8021222997761485,
      1.2788854872600919,
      0.6634451026468889,
      1.172247010850458,
      1.181161749171977,
      0.8641843919543419,
      0.6593624274281474,
      1.0723356030640192,
      0.9563273946107465,
      1.1613477246600166,
      1.0222699810509643,
      1.1971821143205705,
      1.1971821143205705
    ],
    [
      1.3303063669806658,
      0.9517769867098071,
      1.1101235758074404,
      1.0085492525137059,
      0.8979372305172338,
      0.9439734197582376,
      0.9534633842058979,
      1.2572789966306699,
      1.1027016614357712,
      0.9848965279698325,
      0.0,
      1.1207805069413845,
      1.171370369805544,
      0.9508982390180095,
      1.0336714390385706,
      1.0456543978539903,
      1.0116107831760974,
      1.0101344677117257,
      0.9025677105826218,
      0.7507091545884935,
      0.8595200640917723,
      1.0923822911219365,
      1.1971821143205705,
      0.9811254939175698,
      0.9811254939175698
    ],
    [
      1.1510755788954765,
      0.7485667345837539,
      0.9423303044960634,
      1.3114970538925368,
      1.1113822561112499,
      0.821717780766406,
      1.1604440165615033,
      0.87581682844938,
      1.1398169138434648,
      1.0314270115390234,
      1.1207805069413845,
      0.0,
      0.6193235685069512,
      1.2024548249342555,
      1.2716356202852228,
      1.1521790841373174,
      0.8522620001036677,
      1.263169746342002,
      0.8252985381696908,
      1.0478501080150395,
      0.9658661321530563,
      1.0222699810509643,
      0.9811254939175698,
      1.1721373668111406,
      1.1721373668111406
    ],
    [
      1.3883921012929428,
      0.8389521680380193,
      0.9522734951954549,
      0.9588607169954182,
      1.0212682071309744,
      1.5190879196766853,
      0.8674408170490667,
      0.9399781560862388,
      1.121854718390481,
      0.8021222997761485,
      1.171370369805544,
      0.6193235685069512,
      0.0,
      0.9894099467517666,
      1.0573400455769433,
      1.1750848673484453,
      1.2116268661596958,
      1.026579258679935,
      0.9754658439250261,
      1.1118264050347066,
      1.1613477246600166,
      1.1971821143205705,
      1.1721373668111406,
      1.2728703934618308,
      1.2728703934618308
    ],
    [
      0.6193235685069512,
      1.2378782572859728,
      0.6974865798068561,
      1.3505585364114017,
      1.092837830484031,
      1.0583307045180794,
      0.9643576588096909,
      1.0353696093277187,
      0.904776524605818,
      1.2788854872600919,
      0.9508982390180095,
      1.2024548249342555,
      0.9894099467517666,
      0.0,
      0.7316352943140528,
      1.142356433601301,
      1.1259589587062229,
      1.267636661903832,
      1.2625650919114573,
      0.9563273946107465,
      1.0923822911219365,
      0.9811254939175698,
      1.2728703934618308,
      1.2882105111846733,
      1.2882105111846733
    ],
    [
      0.9508982390180095,
      1.2024548249342555,
      0.9894099467517666,
      0.9244245830607725,
      0.9003373044792544,
      0.9330788117887101,
      1.1039957309261068,
      0.8617190869592048,
      0.8405261432540823,
      0.6634451026468889,
      1.0336714390385706,
      1.2716356202852228,
      1.0573400455769433,
      0.7316352943140528,
      0.0,
      1.0031308801632335,
      1.0799908981073174,
      0.8977040518676944,
      1.0723356030640192,
      0.8595200640917723,
      1.0222699810509643,
      1.1721373668111406,
      1.2882105111846733,
      0.7816009171262465,
      0.7816009171262465
    ],
    [
      0.6634451026468889,
      1.0336714390385706,
      1.2716356202852228,
      1.0573400455769433,
      0.7316352943140528,
      0.9099228280519959,
      1.1311602646184251,
      0.9536615867139584,
      1.0620706146103231,
      1.172247010850458,
      1.0456543978539903,
      1.1521790841373174,
      1.1750848673484453,
      1.142356433601301,
      1.0031308801632335,
      0.0,
      1.261384355029651,
      0.6593624274281474,
      0.7507091545884935,
      0.9658661321530563,
      1.1971821143205705,
      1.2728703934618308,
      0.7816009171262465,
      0.5905918428711887,
      0.5905918428711887
    ],
    [
      1.0620706146103231,
      1.172247010850458,
      1.0456543978539903,
      1.1521790841373174,
      1.1750848673484453,
      1.142356433601301,
      1.0031308801632335,
      0.9111529974299105,
      1.022971191860334,
      1.181161749171977,
      1.0116107831760974,
      0.8522620001036677,
      1.2116268661596958,
      1.1259589587062229,
      1.0799908981073174,
      1.261384355029651,
      0.0,
      0.9025677105826218,
      1.0478501080150395,
      1.1613477246600166,
      0.9811254939175698,
      1.2882105111846733,
      0.5905918428711887,
      0.8821544812069265,
      0.8821544812069265
    ],
    [
      0.9111529974299105,
      1.022971191860334,
      1.181161749171977,
      1.0116107831760974,
      0.8522620001036677,
      1.2116268661596958,
      1.1259589587062229,
      1.0799908981073174,
      1.261384355029651,
      0.8641843919543419,
      1.0101344677117257,
      1.263169746342002,
      1.026579258679935,
      1.267636661903832,
      0.8977040518676944,
      0.6593624274281474,
      0.9025677105826218,
      0.0,
      1.1118264050347066,
      1.0923822911219365,
      1.1721373668111406,
      0.7816009171262465,
      0.8821544812069265,
      0.832487737508202,
      0.832487737508202
    ],
    [
      1.1259589587062229,
      1.0799908981073174,
      1.261384355029651,
      0.8641843919543419,
      1.0101344677117257,
      1.263169746342002,
      1.026579258679935,
      1.267636661903832,
      0.8977040518676944,
      0.6593624274281474,
      0.9025677105826218,
      0.8252985381696908,
      0.9754658439250261,
      1.2625650919114573,
      1.0723356030640192,
      0.7507091545884935,
      1.0478501080150395,
      1.1118264050347066,
      0.0,
      1.0222699810509643,
      1.2728703934618308,
      0.5905918428711887,
      0.832487737508202,
      0.7682162276633078,
      0.7682162276633078
    ],
    [
      1.263169746342002,
      1.026579258679935,
      1.267636661903832,
      0.8977040518676944,
      0.6593624274281474,
      0.9025677105826218,
      0.8252985381696908,
      0.9754658439250261,
      1.2625650919114573,
      1.0723356030640192,
      0.7507091545884935,
      1.0478501080150395,
      1.1118264050347066,
      0.9563273946107465,
      0.8595200640917723,
      0.9658661321530563,
      1.1613477246600166,
      1.0923822911219365,
      1.0222699810509643,
      0.0,
      1.2882105111846733,
      0.8821544812069265,
      0.7682162276633078,
      1.3650393123879891,
      1.3650393123879891
    ],
    [
      0.6593624274281474,
      0.9025677105826218,
      0.8252985381696908,
      0.9754658439250261,
      1.2625650919114573,
      1.0723356030640192,
      0.7507091545884935,
      1.0478501080150395,
      1.1118264050347066,
      0.9563273946107465,
      0.8595200640917723,
      0.9658661321530563,
      1.1613477246600166,
      1.0923822911219365,
      1.0222699810509643,
      1.1971821143205705,
      0.9811254939175698,
      1.1721373668111406,
      1.2728703934618308,
      1.2882105111846733,
      0.0,
      0.832487737508202,
      1.3650393123879891,
      0.6393389323344276,
      0.6393389323344276
    ],
    [
      0.9754658439250261,
      1.2625650919114573,
      1.0723356030640192,
      0.7507091545884935,
      1.0478501080150395,
      1.1118264050347066,
      0.9563273946107465,
      0.8595200640917723,
      0.9658661321530563,
      1.1613477246600166,
      1.0923822911219365,
      1.0222699810509643,
      1.1971821143205705,
      0.9811254939175698,
      1.1721373668111406,
      1.2728703934618308,
      1.2882105111846733,
      0.7816009171262465,
      0.5905918428711887,
      0.8821544812069265,
      0.832487737508202,
      0.0,
      0.6393389323344276,
      1.1533870253335077,
      1.1533870253335077
    ],
    [
      1.0723356030640192,
      0.7507091545884935,
      1.0478501080150395,
      1.1118264050347066,
      0.9563273946107465,
      0.8595200640917723,
      0.9658661321530563,
      1.1613477246600166,
      1.0923822911219365,
      1.0222699810509643,
      1.1971821143205705,
      0.9811254939175698,
      1.1721373668111406,
      1.2728703934618308,
      1.2882105111846733,
      0.7816009171262465,
      0.5905918428711887,
      0.8821544812069265,
      0.832487737508202,
      0.7682162276633078,
      1.3650393123879891,
      0.6393389323344276,
      0.0,
      1.3460668981260178,
      1.3460668981260178
    ],
    [
      0.7507091545884935,
      1.0478501080150395,
      1.1118264050347066,
      0.9563273946107465,
      0.8595200640917723,
      0.9658661321530563,
      1.1613477246600166,
      1.0923822911219365,
      1.0222699810509643,
      1.1971821143205705,
      0.9811254939175698,
      1.1721373668111406,
      1.2728703934618308,
      1.2882105111846733,
      0.7816009171262465,
      0.5905918428711887,
      0.8821544812069265,
      0.832487737508202,
      0.7682162276633078,
      1.3650393123879891,
      0.6393389323344276,
      1.1533870253335077,
      1.3460668981260178,
      0.0,
      0.8026538665693219
    ],
    [
      0.7507091545884935,
      1.0478501080150395,
      1.1118264050347066,
      0.9563273946107465,
      0.8595200640917723,
      0.9658661321530563,
      1.1613477246600166,
      1.0923822911219365,
      1.0222699810509643,
      1.1971821143205705,
      0.9811254939175698,
      1.1721373668111406,
      1.2728703934618308,
      1.2882105111846733,
      0.7816009171262465,
      0.5905918428711887,
      0.8821544812069265,
      0.832487737508202,
      0.7682162276633078,
      1.3650393123879891,
      0.6393389323344276,
      1.1533870253335077,
      1.3460668981260178,
      0.8026538665693219,
      0.0
    ]
  ]
}