{
  "servicechain": {
    "SC1": {
      "resptime": 16.13221346617799,
      "resptime_old": 6.1322134661779915,
      "waittime": 2.853970436385966,
      "servicetime": 10.0,
      "networktime": 3.2782430297920246,
      "services": {
        "MS1_1": {
          "meanserv": 2.815431678879463,
          "stddevserv": 2.815431678879463,
          "rate": 0.35518531936033276,
          "cv": 1.0,
          "lambda": 0.05
        },
        "MS1_2": {
          "meanserv": 2.715935078397452,
          "stddevserv": 2.715935078397452,
          "rate": 0.36819731368175923,
          "cv": 1.0,
          "lambda": 0.05
        },
        "MS1_3": {
          "meanserv": 0.06881050388814103,
          "stddevserv": 0.06881050388814103,
          "rate": 14.53266497838192,
          "cv": 1.0,
          "lambda": 0.05
        },
        "MS1_4": {
          "meanserv": 0.2739431071654135,
          "stddevserv": 0.2739431071654135,
          "rate": 3.6503929970983933,
          "cv": 1.0,
          "lambda": 0.05
        },
        "MS1_5": {
          "meanserv": 4.12587963166953,
          "stddevserv": 4.12587963166953,
          "rate": 0.24237255792054013,
          "cv": 1.0,
          "lambda": 0.05
        }
      },
      "sensors": [
        "S1"
      ],
      "sources": [
        {
          "startTime": 0,
          "stopTime": -1,
          "lambda": 0.05
        }
      ]
    },
    "SC2": {
      "resptime": 15.452006021691265,
      "resptime_old": 5.452006021691265,
      "waittime": 4.415428870024522,
      "servicetime": 10.0,
      "networktime": 1.0365771516667428,
      "services": {
        "MS2_1": {
          "meanserv": 0.3211027637309416,
          "stddevserv": 0.3211027637309416,
          "rate": 3.114267807541887,
          "cv": 1.0,
          "lambda": 0.05
        },
        "MS2_2": {
          "meanserv": 0.9578593533984725,
          "stddevserv": 0.9578593533984725,
          "rate": 1.0439946078221327,
          "cv": 1.0,
          "lambda": 0.05
        },
        "MS2_3": {
          "meanserv": 2.7164303534514276,
          "stddevserv": 2.7164303534514276,
          "rate": 0.3681301818503925,
          "cv": 1.0,
          "lambda": 0.05
        },
        "MS2_4": {
          "meanserv": 3.964724218088887,
          "stddevserv": 3.964724218088887,
          "rate": 0.25222435281564914,
          "cv": 1.0,
          "lambda": 0.05
        },
        "MS2_5": {
          "meanserv": 2.0398833113302715,
          "stddevserv": 2.0398833113302715,
          "rate": 0.49022411941194266,
          "cv": 1.0,
          "lambda": 0.05
        }
      },
      "sensors": [
        "S2"
      ],
      "sources": [
        {
          "startTime": 0,
          "stopTime": -1,
          "lambda": 0.05
        }
      ]
    },
    "SC3": {
      "resptime": 17.66199288269144,
      "resptime_old": 7.66199288269144,
      "waittime": 5.143700146289706,
      "servicetime": 10.0,
      "networktime": 2.518292736401734,
      "services": {
        "MS3_1": {
          "meanserv": 1.0319319020607431,
          "stddevserv": 1.0319319020607431,
          "rate": 0.9690561925675756,
          "cv": 1.0,
          "lambda": 0.05
        },
        "MS3_2": {
          "meanserv": 3.795117345384661,
          "stddevserv": 3.795117345384661,
          "rate": 0.2634964637433742,
          "cv": 1.0,
          "lambda": 0.05
        },
        "MS3_3": {
          "meanserv": 0.04413246805065896,
          "stddevserv": 0.04413246805065896,
          "rate": 22.659054527657865,
          "cv": 1.0,
          "lambda": 0.05
        },
        "MS3_4": {
          "meanserv": 1.4956236801687366,
          "stddevserv": 1.4956236801687366,
          "rate": 0.6686173890260816,
          "cv": 1.0,
          "lambda": 0.05
        },
        "MS3_5": {
          "meanserv": 3.6331946043352,
          "stddevserv": 3.6331946043352,
          "rate": 0.2752398670874332,
          "cv": 1.0,
          "lambda": 0.05
        }
      },
      "sensors": [
        "S3"
      ],
      "sources": [
        {
          "startTime": 0,
          "stopTime": -1,
          "lambda": 0.05
        }
      ]
    },
    "SC4": {
      "resptime": 15.810276109566313,
      "resptime_old": 5.810276109566313,
      "waittime": 3.84972893644912,
      "servicetime": 10.0,
      "networktime": 1.9605471731171933,
      "services": {
        "MS4_1": {
          "meanserv": 0.6767084046743532,
          "stddevserv": 0.6767084046743532,
          "rate": 1.4777413625906148,
          "cv": 1.0,
          "lambda": 0.05
        },
        "MS4_2": {
          "meanserv": 1.8516786129359053,
          "stddevserv": 1.8516786129359053,
          "rate": 0.5400505211940979,
          "cv": 1.0,
          "lambda": 0.05
        },
        "MS4_3": {
          "meanserv": 1.266536153901141,
          "stddevserv": 1.266536153901141,
          "rate": 0.7895550371142857,
          "cv": 1.0,
          "lambda": 0.05
        },
        "MS4_4": {
          "meanserv": 3.4837687414566307,
          "stddevserv": 3.4837687414566307,
          "rate": 0.2870454597344716,
          "cv": 1.0,
          "lambda": 0.05
        },
        "MS4_5": {
          "meanserv": 2.7213080870319697,
          "stddevserv": 2.7213080870319697,
          "rate": 0.3674703370652395,
          "cv": 1.0,
          "lambda": 0.05
        }
      },
      "sensors": [
        "S4"
      ],
      "sources": [
        {
          "startTime": 0,
          "stopTime": -1,
          "lambda": 0.05
        }
      ]
    }
  },
  "microservice": {
    "MS1_1": "F1",
    "MS1_2": "F7",
    "MS1_3": "F7",
    "MS1_4": "F7",
    "MS1_5": "F9",
    "MS2_1": "F4",
    "MS2_2": "F4",
    "MS2_3": "F4",
    "MS2_4": "F2",
    "MS2_5": "F2",
    "MS3_1": "F10",
    "MS3_2": "F10",
    "MS3_3": "F10",
    "MS3_4": "F8",
    "MS3_5": "F8",
    "MS4_1": "F3",
    "MS4_2": "F3",
    "MS4_3": "F3",
    "MS4_4": "F5",
    "MS4_5": "F5"
  },
  "sensor": {
    "S1": "F1",
    "S2": "F4",
    "S3": "F10",
    "S4": "F3"
  },
  "fog": {
    "F1": {
      "rho": 0.14077158394397318,
      "capacity": 1.0,
      "tserv": 2.815431678879463,
      "stddev": 2.815431678879463,
      "mu": 0.35518531936033276,
      "cv": 1.0,
      "lambda": 0.05,
      "twait": 0.46126590964149217
    },
    "F2": {
      "rho": 0.30023037647095796,
      "capacity": 1.0,
      "tserv": 3.0023037647095796,
      "stddev": 3.2964123154961933,
      "mu": 0.33307755589372634,
      "cv": 1.0979609572634512,
      "lambda": 0.1,
      "twait": 1.4204790677455879
    },
    "F3": {
      "rho": 0.18974615857556995,
      "capacity": 1.0,
      "tserv": 1.2649743905037996,
      "stddev": 1.4353911120328036,
      "mu": 0.7905298380006978,
      "cv": 1.1347195032629336,
      "lambda": 0.15000000000000002,
      "twait": 0.338829728350751
    },
    "F4": {
      "rho": 0.1997696235290421,
      "capacity": 1.0,
      "tserv": 1.3317974901936138,
      "stddev": 1.956028043185445,
      "mu": 0.7508649080384002,
      "cv": 1.4687128167669712,
      "lambda": 0.15000000000000002,
      "twait": 0.5248235781777821
    },
    "F5": {
      "rho": 0.31025384142443,
      "capacity": 1.0,
      "tserv": 3.1025384142443,
      "stddev": 3.1490344133772785,
      "mu": 0.32231671827456637,
      "cv": 1.0149864378534386,
      "lambda": 0.1,
      "twait": 1.4166198756984334
    },
    "F6": {
      "rho": 0,
      "capacity": 1.0,
      "tserv": 0,
      "stddev": 0,
      "mu": 0,
      "cv": 0,
      "lambda": 0.0,
      "twait": 0
    },
    "F7": {
      "rho": 0.15293443447255034,
      "capacity": 1.0,
      "tserv": 1.0195628964836687,
      "stddev": 1.9827288117893318,
      "mu": 0.980812467233617,
      "cv": 1.9446851377462724,
      "lambda": 0.15000000000000002,
      "twait": 0.44011251105667437
    },
    "F8": {
      "rho": 0.2564409142251969,
      "capacity": 1.0,
      "tserv": 2.564409142251969,
      "stddev": 2.976709420952339,
      "mu": 0.3899533750382114,
      "cv": 1.1607778852084045,
      "lambda": 0.1,
      "twait": 1.0380475150516277
    },
    "F9": {
      "rho": 0.20629398158347653,
      "capacity": 1.0,
      "tserv": 4.12587963166953,
      "stddev": 4.12587963166953,
      "mu": 0.24237255792054013,
      "cv": 1.0,
      "lambda": 0.05,
      "twait": 1.0723669935744509
    },
    "F10": {
      "rho": 0.24355908577480317,
      "capacity": 1.0,
      "tserv": 1.6237272384986876,
      "stddev": 2.77068121261452,
      "mu": 0.6158669857165227,
      "cv": 1.7063710867943043,
      "lambda": 0.15000000000000002,
      "twait": 1.0225350387288166
    }
  },
  "extra": {
    "conv_gen": 17,
    "max_gen": 600,
    "population": 600,
    "deltatime": 39.017424,
    "obj_func": 16.264122120031754
  },
  "network": [
    [
      0.0,
      2.3516865710313963,
      1.678638771317943,
      1.5741151698913511,
      2.624910774917556,
      1.404128237486801,
      1.4180872555631965,
      2.4099114533026964,
      2.299783184555962,
      2.299783184555962
    ],
    [
      2.3516865710313963,
      0.0,
      1.6406124245274627,
      1.0365771516667428,
      1.470309702975582,
      2.2173670890394535,
      2.043081814599803,
      2.299783184555962,
      2.4140451914014447,
      2.4140451914014447
    ],
    [
      1.678638771317943,
      1.6406124245274627,
      0.0,
      2.564845621108218,
      1.9605471731171933,
      2.7050149781555457,
      2.4099114533026964,
      2.4140451914014447,
      1.9866977441731137,
      1.9866977441731137
    ],
    [
      1.5741151698913511,
      1.0365771516667428,
      2.564845621108218,
      0.0,
      1.671102716808386,
      1.4180872555631965,
      2.299783184555962,
      1.9866977441731137,
      2.059297591964066,
      2.059297591964066
    ],
    [
      2.624910774917556,
      1.470309702975582,
      1.9605471731171933,
      1.671102716808386,
      0.0,
      2.043081814599803,
      2.4140451914014447,
      2.059297591964066,
      2.0620313827696264,
      2.0620313827696264
    ],
    [
      1.404128237486801,
      2.2173670890394535,
      2.7050149781555457,
      1.4180872555631965,
      2.043081814599803,
      0.0,
      1.9866977441731137,
      2.0620313827696264,
      2.6305288693655933,
      2.6305288693655933
    ],
    [
      1.4180872555631965,
      2.043081814599803,
      2.4099114533026964,
      2.299783184555962,
      2.4140451914014447,
      1.9866977441731137,
      0.0,
      2.6305288693655933,
      1.8601557742288284,
      1.8601557742288284
    ],
    [
      2.4099114533026964,
      2.299783184555962,
      2.4140451914014447,
      1.9866977441731137,
      2.059297591964066,
      2.0620313827696264,
      2.6305288693655933,
      0.0,
      2.518292736401734,
      2.518292736401734
    ],
    [
      2.299783184555962,
      2.4140451914014447,
      1.9866977441731137,
      2.059297591964066,
      2.0620313827696264,
      2.6305288693655933,
      1.8601557742288284,
      2.518292736401734,
      0.0,
      2.339624929674884
    ],
    [
      2.299783184555962,
      2.4140451914014447,
      1.9866977441731137,
      2.059297591964066,
      2.0620313827696264,
      2.6305288693655933,
      1.8601557742288284,
      2.518292736401734,
      2.339624929674884,
      0.0
    ]
  ]
}