{
  "servicechain": {
    "SC1": {
      "resptime": 7208.206652101148,
      "resptime_old": 7198.206652101148,
      "waittime": 7193.826491468923,
      "servicetime": 10.0,
      "networktime": 4.380160632224596,
      "services": {
        "MS1_1": {
          "meanserv": 5.655476638562559,
          "stddevserv": 5.655476638562559,
          "rate": 0.17681975612477605,
          "cv": 1.0,
          "lambda": 0.225
        },
        "MS1_2": {
          "meanserv": 1.4432398926954155,
          "stddevserv": 1.4432398926954155,
          "rate": 0.6928855036929347,
          "cv": 1.0,
          "lambda": 0.225
        },
        "MS1_3": {
          "meanserv": 0.6401148572003734,
          "stddevserv": 0.6401148572003734,
          "rate": 1.5622196372282806,
          "cv": 1.0,
          "lambda": 0.225
        },
        "MS1_4": {
          "meanserv": 0.9268189993498313,
          "stddevserv": 0.9268189993498313,
          "rate": 1.0789593229114915,
          "cv": 1.0,
          "lambda": 0.225
        },
        "MS1_5": {
          "meanserv": 1.3343496121918204,
          "stddevserv": 1.3343496121918204,
          "rate": 0.7494287785323269,
          "cv": 1.0,
          "lambda": 0.225
        }
      },
      "sensors": [
        "S1"
      ],
      "sources": [
        {
          "startTime": 0,
          "stopTime": -1,
          "lambda": 0.225
        }
      ]
    },
    "SC2": {
      "resptime": 82.9156123044996,
      "resptime_old": 72.91561230449962,
      "waittime": 68.30220402060851,
      "servicetime": 10.0,
      "networktime": 4.61340828389109,
      "services": {
        "MS2_1": {
          "meanserv": 0.9425348267813327,
          "stddevserv": 0.9425348267813327,
          "rate": 1.060968753181148,
          "cv": 1.0,
          "lambda": 0.225
        },
        "MS2_2": {
          "meanserv": 1.019268094896485,
          "stddevserv": 1.019268094896485,
          "rate": 0.981096146349561,
          "cv": 1.0,
          "lambda": 0.225
        },
        "MS2_3": {
          "meanserv": 0.7541841343932707,
          "stddevserv": 0.7541841343932707,
          "rate": 1.3259361399911764,
          "cv": 1.0,
          "lambda": 0.225
        },
        "MS2_4": {
          "meanserv": 4.15075696027409,
          "stddevserv": 4.15075696027409,
          "rate": 0.24091991161389664,
          "cv": 1.0,
          "lambda": 0.225
        },
        "MS2_5": {
          "meanserv": 3.1332559836548217,
          "stddevserv": 3.1332559836548217,
          "rate": 0.31915681489692355,
          "cv": 1.0,
          "lambda": 0.225
        }
      },
      "sensors": [
        "S2"
      ],
      "sources": [
        {
          "startTime": 0,
          "stopTime": -1,
          "lambda": 0.225
        }
      ]
    },
    "SC3": {
      "resptime": 13594.804896068612,
      "resptime_old": 13584.804896068612,
      "waittime": 13581.315057558022,
      "servicetime": 10.0,
      "networktime": 3.4898385105903857,
      "services": {
        "MS3_1": {
          "meanserv": 0.21185623729950587,
          "stddevserv": 0.21185623729950587,
          "rate": 4.720182009964983,
          "cv": 1.0,
          "lambda": 0.225
        },
        "MS3_2": {
          "meanserv": 0.948943389174135,
          "stddevserv": 0.948943389174135,
          "rate": 1.053803642459957,
          "cv": 1.0,
          "lambda": 0.225
        },
        "MS3_3": {
          "meanserv": 7.772555082635216,
          "stddevserv": 7.772555082635216,
          "rate": 0.12865782093125533,
          "cv": 1.0,
          "lambda": 0.225
        },
        "MS3_4": {
          "meanserv": 0.6643867649183797,
          "stddevserv": 0.6643867649183797,
          "rate": 1.5051473822222372,
          "cv": 1.0,
          "lambda": 0.225
        },
        "MS3_5": {
          "meanserv": 0.4022585259727638,
          "stddevserv": 0.4022585259727638,
          "rate": 2.485963467354097,
          "cv": 1.0,
          "lambda": 0.225
        }
      },
      "sensors": [
        "S3"
      ],
      "sources": [
        {
          "startTime": 0,
          "stopTime": -1,
          "lambda": 0.225
        }
      ]
    },
    "SC4": {
      "resptime": 17748.394535370408,
      "resptime_old": 17738.394535370408,
      "waittime": 17736.24307054785,
      "servicetime": 10.0,
      "networktime": 2.1514648225562087,
      "services": {
        "MS4_1": {
          "meanserv": 0.14256756166235673,
          "stddevserv": 0.14256756166235673,
          "rate": 7.014218300010654,
          "cv": 1.0,
          "lambda": 0.225
        },
        "MS4_2": {
          "meanserv": 0.15772024534326134,
          "stddevserv": 0.15772024534326134,
          "rate": 6.3403401245262225,
          "cv": 1.0,
          "lambda": 0.225
        },
        "MS4_3": {
          "meanserv": 0.45398294407811957,
          "stddevserv": 0.45398294407811957,
          "rate": 2.2027259240556933,
          "cv": 1.0,
          "lambda": 0.225
        },
        "MS4_4": {
          "meanserv": 0.36322469328204376,
          "stddevserv": 0.36322469328204376,
          "rate": 2.753116785547123,
          "cv": 1.0,
          "lambda": 0.225
        },
        "MS4_5": {
          "meanserv": 8.882504555634219,
          "stddevserv": 8.882504555634219,
          "rate": 0.11258085979429021,
          "cv": 1.0,
          "lambda": 0.225
        }
      },
      "sensors": [
        "S4"
      ],
      "sources": [
        {
          "startTime": 0,
          "stopTime": -1,
          "lambda": 0.225
        }
      ]
    }
  },
  "microservice": {
    "MS1_1": "F6",
    "MS1_2": "F5",
    "MS1_3": "F5",
    "MS1_4": "F9",
    "MS1_5": "F9",
    "MS2_1": "F2",
    "MS2_2": "F2",
    "MS2_3": "F8",
    "MS2_4": "F1",
    "MS2_5": "F10",
    "MS3_1": "F8",
    "MS3_2": "F8",
    "MS3_3": "F7",
    "MS3_4": "F4",
    "MS3_5": "F4",
    "MS4_1": "F4",
    "MS4_2": "F4",
    "MS4_3": "F4",
    "MS4_4": "F4",
    "MS4_5": "F3"
  },
  "sensor": {
    "S1": "F6",
    "S2": "F2",
    "S3": "F8",
    "S4": "F4"
  },
  "fog": {
    "F1": {
      "rho": 0.9339203160616703,
      "capacity": 1.0,
      "tserv": 4.15075696027409,
      "stddev": 4.15075696027409,
      "mu": 0.24091991161389664,
      "cv": 1.0,
      "lambda": 0.225,
      "twait": 58.663662130287406
    },
    "F2": {
      "rho": 0.441405657377509,
      "capacity": 1.0,
      "tserv": 0.9809014608389088,
      "stddev": 0.9824009736832112,
      "mu": 1.0194703952675912,
      "cv": 1.0015287089520897,
      "lambda": 0.45,
      "twait": 0.7763019071806584
    },
    "F3": {
      "rho": 1.9985635250176992,
      "capacity": 1.0,
      "tserv": 8.882504555634219,
      "stddev": 8.882504555634219,
      "mu": 0.11258085979429021,
      "cv": 1.0,
      "lambda": 0.225,
      "twait": 17734.497366078383
    },
    "F4": {
      "rho": 0.49143166543280814,
      "capacity": 1.0,
      "tserv": 0.36402345587615415,
      "stddev": 0.44306370594817635,
      "mu": 2.747075727835005,
      "cv": 1.217129552494861,
      "lambda": 1.35,
      "twait": 0.4364261173664308
    },
    "F5": {
      "rho": 0.46875481872655256,
      "capacity": 1.0,
      "tserv": 1.0416773749478945,
      "stddev": 1.1864217904260663,
      "mu": 0.9599901313494696,
      "cv": 1.1389532104269924,
      "lambda": 0.45,
      "twait": 1.0557364356090804
    },
    "F6": {
      "rho": 1.272482243676576,
      "capacity": 1.0,
      "tserv": 5.655476638562559,
      "stddev": 5.655476638562559,
      "mu": 0.17681975612477605,
      "cv": 1.0,
      "lambda": 0.225,
      "twait": 7189.29710849644
    },
    "F7": {
      "rho": 1.7488248935929236,
      "capacity": 1.0,
      "tserv": 7.772555082635216,
      "stddev": 7.772555082635215,
      "mu": 0.12865782093125533,
      "cv": 0.9999999999999999,
      "lambda": 0.225,
      "twait": 13579.244977519322
    },
    "F8": {
      "rho": 0.43087134619505507,
      "capacity": 1.0,
      "tserv": 0.6383279202889705,
      "stddev": 0.7758765060583039,
      "mu": 1.5665929191179684,
      "cv": 1.2154826405009285,
      "lambda": 0.675,
      "twait": 0.5986139019836294
    },
    "F9": {
      "rho": 0.5087629375968716,
      "capacity": 1.0,
      "tserv": 1.1305843057708258,
      "stddev": 1.1667311055495964,
      "mu": 0.8844983915801006,
      "cv": 1.0319717862650906,
      "lambda": 0.45,
      "twait": 1.208955050632763
    },
    "F10": {
      "rho": 0.7049825963223348,
      "capacity": 1.0,
      "tserv": 3.1332559836548217,
      "stddev": 3.1332559836548217,
      "mu": 0.31915681489692355,
      "cv": 1.0,
      "lambda": 0.225,
      "twait": 7.487324173976166
    }
  },
  "extra": {
    "conv_gen": 4,
    "max_gen": 600,
    "population": 600,
    "deltatime": 38.8553956,
    "obj_func": 9658.580423961168
  },
  "network": [
    [
      0.0,
      2.338805742201974,
      1.836210684566508,
      2.456797774598322,
      1.7914137237784529,
      2.19896045909956,
      2.263867732084668,
      1.4997224111220755,
      1.5568429363845069,
      1.5568429363845069
    ],
    [
      2.338805742201974,
      0.0,
      2.640892122591927,
      1.5025584807780843,
      1.7558540933587063,
      1.5893183321333548,
      2.1443067021972375,
      1.5568429363845069,
      2.696810395568497,
      2.696810395568497
    ],
    [
      1.836210684566508,
      2.640892122591927,
      0.0,
      2.1514648225562087,
      2.0994351883534206,
      2.1017598145431022,
      1.4997224111220755,
      2.696810395568497,
      2.0111983411625896,
      2.0111983411625896
    ],
    [
      2.456797774598322,
      1.5025584807780843,
      2.1514648225562087,
      0.0,
      1.5454807817155674,
      2.263867732084668,
      1.5568429363845069,
      2.0111983411625896,
      1.5230656857019114,
      1.5230656857019114
    ],
    [
      1.7914137237784529,
      1.7558540933587063,
      2.0994351883534206,
      1.5454807817155674,
      0.0,
      2.1443067021972375,
      2.696810395568497,
      1.5230656857019114,
      2.235853930027359,
      2.235853930027359
    ],
    [
      2.19896045909956,
      1.5893183321333548,
      2.1017598145431022,
      2.263867732084668,
      2.1443067021972375,
      0.0,
      2.0111983411625896,
      2.235853930027359,
      1.932995574205879,
      1.932995574205879
    ],
    [
      2.263867732084668,
      2.1443067021972375,
      1.4997224111220755,
      1.5568429363845069,
      2.696810395568497,
      2.0111983411625896,
      0.0,
      1.932995574205879,
      1.861046231061538,
      1.861046231061538
    ],
    [
      1.4997224111220755,
      1.5568429363845069,
      2.696810395568497,
      2.0111983411625896,
      1.5230656857019114,
      2.235853930027359,
      1.932995574205879,
      0.0,
      2.749127307250248,
      2.749127307250248
    ],
    [
      1.5568429363845069,
      2.696810395568497,
      2.0111983411625896,
      1.5230656857019114,
      2.235853930027359,
      1.932995574205879,
      1.861046231061538,
      2.749127307250248,
      0.0,
      1.5813597370756824
    ],
    [
      1.5568429363845069,
      2.696810395568497,
      2.0111983411625896,
      1.5230656857019114,
      2.235853930027359,
      1.932995574205879,
      1.861046231061538,
      2.749127307250248,
      1.5813597370756824,
      0.0
    ]
  ]
}