{
  "servicechain": {
    "SC1": {
      "resptime": 32.412982936055954,
      "resptime_old": 22.412982936055958,
      "waittime": 17.839991428953187,
      "servicetime": 10.0,
      "networktime": 4.572991507102769,
      "services": {
        "MS1_1": {
          "meanserv": 1.9665141621740634,
          "stddevserv": 1.9665141621740634,
          "rate": 0.5085140088157099,
          "cv": 1.0,
          "lambda": 0.15
        },
        "MS1_2": {
          "meanserv": 1.0956515609126416,
          "stddevserv": 1.0956515609126416,
          "rate": 0.9126989233393078,
          "cv": 1.0,
          "lambda": 0.15
        },
        "MS1_3": {
          "meanserv": 0.38042434015050697,
          "stddevserv": 0.38042434015050697,
          "rate": 2.6286435815446794,
          "cv": 1.0,
          "lambda": 0.15
        },
        "MS1_4": {
          "meanserv": 0.28255727948218823,
          "stddevserv": 0.28255727948218823,
          "rate": 3.5391054225627823,
          "cv": 1.0,
          "lambda": 0.15
        },
        "MS1_5": {
          "meanserv": 0.25119631500463946,
          "stddevserv": 0.25119631500463946,
          "rate": 3.9809501185617733,
          "cv": 1.0,
          "lambda": 0.15
        },
        "MS1_6": {
          "meanserv": 0.01115172689359012,
          "stddevserv": 0.01115172689359012,
          "rate": 89.672210370825,
          "cv": 1.0,
          "lambda": 0.15
        },
        "MS1_7": {
          "meanserv": 1.6679768421659023,
          "stddevserv": 1.6679768421659023,
          "rate": 0.5995287073059596,
          "cv": 1.0,
          "lambda": 0.15
        },
        "MS1_8": {
          "meanserv": 0.21905677038325777,
          "stddevserv": 0.21905677038325777,
          "rate": 4.565026674365819,
          "cv": 1.0,
          "lambda": 0.15
        },
        "MS1_9": {
          "meanserv": 0.3009888592525449,
          "stddevserv": 0.3009888592525449,
          "rate": 3.322382105714249,
          "cv": 1.0,
          "lambda": 0.15
        },
        "MS1_10": {
          "meanserv": 2.292627129582238,
          "stddevserv": 2.292627129582238,
          "rate": 0.436180828141129,
          "cv": 1.0,
          "lambda": 0.15
        },
        "MS1_11": {
          "meanserv": 1.484792315565187,
          "stddevserv": 1.484792315565187,
          "rate": 0.6734948649160738,
          "cv": 1.0,
          "lambda": 0.15
        },
        "MS1_12": {
          "meanserv": 0.04706269843324051,
          "stddevserv": 0.04706269843324051,
          "rate": 21.248250382806297,
          "cv": 1.0,
          "lambda": 0.15
        }
      },
      "sensors": [
        "S1"
      ],
      "sources": [
        {
          "startTime": 0,
          "stopTime": -1,
          "lambda": 0.15
        }
      ]
    },
    "SC2": {
      "resptime": 30.052309154232407,
      "resptime_old": 20.05230915423241,
      "waittime": 16.063473927219757,
      "servicetime": 10.0,
      "networktime": 3.9888352270126504,
      "services": {
        "MS2_1": {
          "meanserv": 0.43735372653933235,
          "stddevserv": 0.43735372653933235,
          "rate": 2.2864787455059385,
          "cv": 1.0,
          "lambda": 0.15
        },
        "MS2_2": {
          "meanserv": 2.36189846849405,
          "stddevserv": 2.36189846849405,
          "rate": 0.42338822491281836,
          "cv": 1.0,
          "lambda": 0.15
        },
        "MS2_3": {
          "meanserv": 1.1836869989428989,
          "stddevserv": 1.1836869989428989,
          "rate": 0.8448179298184891,
          "cv": 1.0,
          "lambda": 0.15
        },
        "MS2_4": {
          "meanserv": 0.5954514191800859,
          "stddevserv": 0.5954514191800859,
          "rate": 1.6793981302067633,
          "cv": 1.0,
          "lambda": 0.15
        },
        "MS2_5": {
          "meanserv": 0.1914653207857846,
          "stddevserv": 0.1914653207857846,
          "rate": 5.222877938918353,
          "cv": 1.0,
          "lambda": 0.15
        },
        "MS2_6": {
          "meanserv": 0.5853832380811612,
          "stddevserv": 0.5853832380811612,
          "rate": 1.7082826000927511,
          "cv": 1.0,
          "lambda": 0.15
        },
        "MS2_7": {
          "meanserv": 0.22666632991524427,
          "stddevserv": 0.22666632991524427,
          "rate": 4.411771260309914,
          "cv": 1.0,
          "lambda": 0.15
        },
        "MS2_8": {
          "meanserv": 1.728234776296655,
          "stddevserv": 1.728234776296655,
          "rate": 0.578625088278138,
          "cv": 1.0,
          "lambda": 0.15
        },
        "MS2_9": {
          "meanserv": 0.48718608262147445,
          "stddevserv": 0.48718608262147445,
          "rate": 2.052603790771591,
          "cv": 1.0,
          "lambda": 0.15
        },
        "MS2_10": {
          "meanserv": 1.280442922552984,
          "stddevserv": 1.280442922552984,
          "rate": 0.7809797550414594,
          "cv": 1.0,
          "lambda": 0.15
        },
        "MS2_11": {
          "meanserv": 0.22371560487809639,
          "stddevserv": 0.22371560487809639,
          "rate": 4.469960870833773,
          "cv": 1.0,
          "lambda": 0.15
        },
        "MS2_12": {
          "meanserv": 0.6985151117122328,
          "stddevserv": 0.6985151117122328,
          "rate": 1.4316082547573716,
          "cv": 1.0,
          "lambda": 0.15
        }
      },
      "sensors": [
        "S2"
      ],
      "sources": [
        {
          "startTime": 0,
          "stopTime": -1,
          "lambda": 0.15
        }
      ]
    },
    "SC3": {
      "resptime": 34.56704375249094,
      "resptime_old": 24.567043752490946,
      "waittime": 19.968414693494502,
      "servicetime": 10.0,
      "networktime": 4.598629058996436,
      "services": {
        "MS3_1": {
          "meanserv": 1.176059519976017,
          "stddevserv": 1.176059519976017,
          "rate": 0.8502971006266694,
          "cv": 1.0,
          "lambda": 0.15
        },
        "MS3_2": {
          "meanserv": 0.8953974679868006,
          "stddevserv": 0.8953974679868006,
          "rate": 1.11682245678937,
          "cv": 1.0,
          "lambda": 0.15
        },
        "MS3_3": {
          "meanserv": 2.0359132338333463,
          "stddevserv": 2.0359132338333463,
          "rate": 0.4911800676874312,
          "cv": 1.0,
          "lambda": 0.15
        },
        "MS3_4": {
          "meanserv": 0.3025193882066901,
          "stddevserv": 0.3025193882066901,
          "rate": 3.3055732590493365,
          "cv": 1.0,
          "lambda": 0.15
        },
        "MS3_5": {
          "meanserv": 1.09704084750532,
          "stddevserv": 1.09704084750532,
          "rate": 0.9115430863618327,
          "cv": 1.0,
          "lambda": 0.15
        },
        "MS3_6": {
          "meanserv": 0.07369131160331577,
          "stddevserv": 0.07369131160331577,
          "rate": 13.57012079501384,
          "cv": 1.0,
          "lambda": 0.15
        },
        "MS3_7": {
          "meanserv": 1.8823239735976998,
          "stddevserv": 1.8823239735976998,
          "rate": 0.5312581755459941,
          "cv": 1.0,
          "lambda": 0.15
        },
        "MS3_8": {
          "meanserv": 0.08965553848724728,
          "stddevserv": 0.08965553848724728,
          "rate": 11.153800611461849,
          "cv": 1.0,
          "lambda": 0.15
        },
        "MS3_9": {
          "meanserv": 0.70560394870538,
          "stddevserv": 0.70560394870538,
          "rate": 1.4172256289590905,
          "cv": 1.0,
          "lambda": 0.15
        },
        "MS3_10": {
          "meanserv": 1.1586587498457952,
          "stddevserv": 1.1586587498457952,
          "rate": 0.8630668867197431,
          "cv": 1.0,
          "lambda": 0.15
        },
        "MS3_11": {
          "meanserv": 0.18674974042231973,
          "stddevserv": 0.18674974042231973,
          "rate": 5.354759785682054,
          "cv": 1.0,
          "lambda": 0.15
        },
        "MS3_12": {
          "meanserv": 0.39638627983006813,
          "stddevserv": 0.39638627983006813,
          "rate": 2.5227916577453255,
          "cv": 1.0,
          "lambda": 0.15
        }
      },
      "sensors": [
        "S3"
      ],
      "sources": [
        {
          "startTime": 0,
          "stopTime": -1,
          "lambda": 0.15
        }
      ]
    },
    "SC4": {
      "resptime": 29.627574630790786,
      "resptime_old": 19.627574630790786,
      "waittime": 16.82321905417177,
      "servicetime": 10.0,
      "networktime": 2.8043555766190162,
      "services": {
        "MS4_1": {
          "meanserv": 0.9545125588544501,
          "stddevserv": 0.9545125588544501,
          "rate": 1.0476551520706456,
          "cv": 1.0,
          "lambda": 0.15
        },
        "MS4_2": {
          "meanserv": 1.7364065779938462,
          "stddevserv": 1.7364065779938462,
          "rate": 0.5759019878600944,
          "cv": 1.0,
          "lambda": 0.15
        },
        "MS4_3": {
          "meanserv": 1.3880265568265315,
          "stddevserv": 1.3880265568265315,
          "rate": 0.7204473106669637,
          "cv": 1.0,
          "lambda": 0.15
        },
        "MS4_4": {
          "meanserv": 0.7794964065103605,
          "stddevserv": 0.7794964065103605,
          "rate": 1.282879551012669,
          "cv": 1.0,
          "lambda": 0.15
        },
        "MS4_5": {
          "meanserv": 0.6568873046070456,
          "stddevserv": 0.6568873046070456,
          "rate": 1.5223311411052567,
          "cv": 1.0,
          "lambda": 0.15
        },
        "MS4_6": {
          "meanserv": 0.26321946555079023,
          "stddevserv": 0.26321946555079023,
          "rate": 3.7991111254157692,
          "cv": 1.0,
          "lambda": 0.15
        },
        "MS4_7": {
          "meanserv": 0.053980974773043755,
          "stddevserv": 0.053980974773043755,
          "rate": 18.525045244261978,
          "cv": 1.0,
          "lambda": 0.15
        },
        "MS4_8": {
          "meanserv": 0.8777101267652867,
          "stddevserv": 0.8777101267652867,
          "rate": 1.1393283152438956,
          "cv": 1.0,
          "lambda": 0.15
        },
        "MS4_9": {
          "meanserv": 0.761788586162921,
          "stddevserv": 0.761788586162921,
          "rate": 1.3127001613885214,
          "cv": 1.0,
          "lambda": 0.15
        },
        "MS4_10": {
          "meanserv": 0.4573214902313829,
          "stddevserv": 0.4573214902313829,
          "rate": 2.186645546646075,
          "cv": 1.0,
          "lambda": 0.15
        },
        "MS4_11": {
          "meanserv": 1.1989911210763111,
          "stddevserv": 1.1989911210763111,
          "rate": 0.8340345332184941,
          "cv": 1.0,
          "lambda": 0.15
        },
        "MS4_12": {
          "meanserv": 0.8716588306480304,
          "stddevserv": 0.8716588306480304,
          "rate": 1.1472378467806665,
          "cv": 1.0,
          "lambda": 0.15
        }
      },
      "sensors": [
        "S4"
      ],
      "sources": [
        {
          "startTime": 0,
          "stopTime": -1,
          "lambda": 0.15
        }
      ]
    }
  },
  "microservice": {
    "MS1_1": "F3",
    "MS1_2": "F3",
    "MS1_3": "F1",
    "MS1_4": "F1",
    "MS1_5": "F1",
    "MS1_6": "F1",
    "MS1_7": "F10",
    "MS1_8": "F7",
    "MS1_9": "F7",
    "MS1_10": "F5",
    "MS1_11": "F10",
    "MS1_12": "F7",
    "MS2_1": "F7",
    "MS2_2": "F2",
    "MS2_3": "F4",
    "MS2_4": "F7",
    "MS2_5": "F7",
    "MS2_6": "F7",
    "MS2_7": "F7",
    "MS2_8": "F2",
    "MS2_9": "F4",
    "MS2_10": "F4",
    "MS2_11": "F4",
    "MS2_12": "F4",
    "MS3_1": "F9",
    "MS3_2": "F9",
    "MS3_3": "F5",
    "MS3_4": "F1",
    "MS3_5": "F3",
    "MS3_6": "F7",
    "MS3_7": "F8",
    "MS3_8": "F8",
    "MS3_9": "F8",
    "MS3_10": "F8",
    "MS3_11": "F7",
    "MS3_12": "F7",
    "MS4_1": "F6",
    "MS4_2": "F6",
    "MS4_3": "F6",
    "MS4_4": "F1",
    "MS4_5": "F1",
    "MS4_6": "F1",
    "MS4_7": "F1",
    "MS4_8": "F1",
    "MS4_9": "F10",
    "MS4_10": "F7",
    "MS4_11": "F9",
    "MS4_12": "F9"
  },
  "sensor": {
    "S1": "F3",
    "S2": "F7",
    "S3": "F9",
    "S4": "F6"
  },
  "fog": {
    "F1": {
      "rho": 0.5788714991916213,
      "capacity": 1.0,
      "tserv": 0.3859143327944142,
      "stddev": 0.550698273365226,
      "mu": 2.591248665886488,
      "cv": 1.4269961661636343,
      "lambda": 1.4999999999999998,
      "twait": 0.8053333952859635
    },
    "F2": {
      "rho": 0.6135199867186057,
      "capacity": 1.0,
      "tserv": 2.0450666223953524,
      "stddev": 2.0935764441357643,
      "mu": 0.48898162487670777,
      "cv": 1.0237204114571061,
      "lambda": 0.3,
      "twait": 3.324373650561571
    },
    "F3": {
      "rho": 0.6238809855888037,
      "capacity": 1.0,
      "tserv": 1.3864021901973416,
      "stddev": 1.5028777649520002,
      "mu": 0.7212914167840857,
      "cv": 1.0840128323355285,
      "lambda": 0.44999999999999996,
      "twait": 2.500988519767047
    },
    "F4": {
      "rho": 0.581032008106153,
      "capacity": 1.0,
      "tserv": 0.7747093441415372,
      "stddev": 0.9624001001430392,
      "mu": 1.2908066845483959,
      "cv": 1.2422724824746807,
      "lambda": 0.75,
      "twait": 1.3662038779106906
    },
    "F5": {
      "rho": 0.6492810545123376,
      "capacity": 1.0,
      "tserv": 2.164270181707792,
      "stddev": 2.1718693403528597,
      "mu": 0.462049520642989,
      "cv": 1.0035111876092435,
      "lambda": 0.3,
      "twait": 4.020775882775182
    },
    "F6": {
      "rho": 0.6118418540512242,
      "capacity": 1.0,
      "tserv": 1.359648564558276,
      "stddev": 1.4329115866907294,
      "mu": 0.7354841729449999,
      "cv": 1.0538837932405387,
      "lambda": 0.44999999999999996,
      "twait": 2.2617661690163007
    },
    "F7": {
      "rho": 0.5576365776986607,
      "capacity": 1.0,
      "tserv": 0.30979809872147823,
      "stddev": 0.39750630924705727,
      "mu": 3.2279087706701612,
      "cv": 1.2831141020153014,
      "lambda": 1.7999999999999996,
      "twait": 0.5167414473086324
    },
    "F8": {
      "rho": 0.5754363315954183,
      "capacity": 1.0,
      "tserv": 0.9590605526590306,
      "stddev": 1.3326579457707117,
      "mu": 1.042687030790145,
      "cv": 1.3895451565345573,
      "lambda": 0.6,
      "twait": 1.9048551805357676
    },
    "F9": {
      "rho": 0.6213160409530739,
      "capacity": 1.0,
      "tserv": 1.0355267349217898,
      "stddev": 1.0577311114348367,
      "mu": 0.9656921123099028,
      "cv": 1.0214425912574085,
      "lambda": 0.6,
      "twait": 1.7358359157986705
    },
    "F10": {
      "rho": 0.5871836615841014,
      "capacity": 1.0,
      "tserv": 1.3048525812980034,
      "stddev": 1.4173017622678132,
      "mu": 0.7663700975364198,
      "cv": 1.0861776897877238,
      "lambda": 0.44999999999999996,
      "twait": 2.0228402917870794
    }
  },
  "extra": {
    "deltatime": 6.7675976,
    "conv": 26,
    "obj_func": 31.664977618392523
  },
  "network": [
    [
      0.0,
      0.6409501314352142,
      0.6636720073873748,
      0.9223716759229076,
      0.6180573199271149,
      0.49241564387132863,
      0.9038530790462778,
      0.7724887251156694,
      0.8068252000070648,
      0.8068252000070648
    ],
    [
      0.6409501314352142,
      0.0,
      0.8808382831224782,
      0.7158060220301456,
      0.8790579191859539,
      0.7925036687083953,
      0.8751989914726472,
      0.8068252000070648,
      0.786013064684533,
      0.786013064684533
    ],
    [
      0.6636720073873748,
      0.8808382831224782,
      0.0,
      0.8577867491449982,
      0.8446608241087759,
      0.7175094834236955,
      0.7724887251156694,
      0.786013064684533,
      1.0365278676268652,
      1.0365278676268652
    ],
    [
      0.9223716759229076,
      0.7158060220301456,
      0.8577867491449982,
      0.0,
      0.9193319904772528,
      0.9038530790462778,
      0.8068252000070648,
      1.0365278676268652,
      0.9135497918445972,
      0.9135497918445972
    ],
    [
      0.6180573199271149,
      0.8790579191859539,
      0.8446608241087759,
      0.9193319904772528,
      0.0,
      0.8751989914726472,
      0.786013064684533,
      0.9135497918445972,
      0.8113665022831733,
      0.8113665022831733
    ],
    [
      0.49241564387132863,
      0.7925036687083953,
      0.7175094834236955,
      0.9038530790462778,
      0.8751989914726472,
      0.0,
      1.0365278676268652,
      0.8113665022831733,
      0.8665222521415521,
      0.8665222521415521
    ],
    [
      0.9038530790462778,
      0.8751989914726472,
      0.7724887251156694,
      0.8068252000070648,
      0.786013064684533,
      1.0365278676268652,
      0.0,
      0.8665222521415521,
      0.7525573663703115,
      0.7525573663703115
    ],
    [
      0.7724887251156694,
      0.8068252000070648,
      0.786013064684533,
      1.0365278676268652,
      0.9135497918445972,
      0.8113665022831733,
      0.8665222521415521,
      0.0,
      0.6857319012738715,
      0.6857319012738715
    ],
    [
      0.8068252000070648,
      0.786013064684533,
      1.0365278676268652,
      0.9135497918445972,
      0.8113665022831733,
      0.8665222521415521,
      0.7525573663703115,
      0.6857319012738715,
      0.0,
      0.8805041924718322
    ],
    [
      0.8068252000070648,
      0.786013064684533,
      1.0365278676268652,
      0.9135497918445972,
      0.8113665022831733,
      0.8665222521415521,
      0.7525573663703115,
      0.6857319012738715,
      0.8805041924718322,
      0.0
    ]
  ]
}