{
  "servicechain": {
    "SC1": {
      "resptime": 39.6818902567562,
      "resptime_old": 29.681890256756198,
      "waittime": 25.953990078976247,
      "servicetime": 10.0,
      "networktime": 3.7279001777799508,
      "services": {
        "MS1_1": {
          "meanserv": 0.8075021464822063,
          "stddevserv": 0.8075021464822063,
          "rate": 1.2383868010213834,
          "cv": 1.0,
          "lambda": 0.15
        },
        "MS1_2": {
          "meanserv": 1.8048499847763964,
          "stddevserv": 1.8048499847763964,
          "rate": 0.5540626691607782,
          "cv": 1.0,
          "lambda": 0.15
        },
        "MS1_3": {
          "meanserv": 0.5423620368148985,
          "stddevserv": 0.5423620368148985,
          "rate": 1.8437868658224097,
          "cv": 1.0,
          "lambda": 0.15
        },
        "MS1_4": {
          "meanserv": 1.5543354542985304,
          "stddevserv": 1.5543354542985304,
          "rate": 0.6433617641767676,
          "cv": 1.0,
          "lambda": 0.15
        },
        "MS1_5": {
          "meanserv": 5.2909503776279685,
          "stddevserv": 5.2909503776279685,
          "rate": 0.18900196158110985,
          "cv": 1.0,
          "lambda": 0.15
        }
      },
      "sensors": [
        "S1"
      ],
      "sources": [
        {
          "startTime": 0,
          "stopTime": -1,
          "lambda": 0.15
        }
      ]
    },
    "SC2": {
      "resptime": 30.70534675510742,
      "resptime_old": 20.70534675510742,
      "waittime": 15.09222742988999,
      "servicetime": 10.0,
      "networktime": 5.613119325217431,
      "services": {
        "MS2_1": {
          "meanserv": 0.07361419608498121,
          "stddevserv": 0.07361419608498121,
          "rate": 13.584336353352098,
          "cv": 1.0,
          "lambda": 0.15
        },
        "MS2_2": {
          "meanserv": 0.6729573586791537,
          "stddevserv": 0.6729573586791537,
          "rate": 1.485978252712399,
          "cv": 1.0,
          "lambda": 0.15
        },
        "MS2_3": {
          "meanserv": 2.700643190356137,
          "stddevserv": 2.700643190356137,
          "rate": 0.3702821622534034,
          "cv": 1.0,
          "lambda": 0.15
        },
        "MS2_4": {
          "meanserv": 1.975491291513114,
          "stddevserv": 1.975491291513114,
          "rate": 0.5062031932492382,
          "cv": 1.0,
          "lambda": 0.15
        },
        "MS2_5": {
          "meanserv": 4.577293963366614,
          "stddevserv": 4.577293963366614,
          "rate": 0.21846969148219111,
          "cv": 1.0,
          "lambda": 0.15
        }
      },
      "sensors": [
        "S2"
      ],
      "sources": [
        {
          "startTime": 0,
          "stopTime": -1,
          "lambda": 0.15
        }
      ]
    },
    "SC3": {
      "resptime": 31.570146482742707,
      "resptime_old": 21.570146482742707,
      "waittime": 15.052633876387993,
      "servicetime": 10.0,
      "networktime": 6.517512606354712,
      "services": {
        "MS3_1": {
          "meanserv": 2.8714688715146153,
          "stddevserv": 2.8714688715146153,
          "rate": 0.3482538187755208,
          "cv": 1.0,
          "lambda": 0.15
        },
        "MS3_2": {
          "meanserv": 0.06413004043962722,
          "stddevserv": 0.06413004043962722,
          "rate": 15.593316223485182,
          "cv": 1.0,
          "lambda": 0.15
        },
        "MS3_3": {
          "meanserv": 0.5528365989880135,
          "stddevserv": 0.5528365989880135,
          "rate": 1.8088527456947217,
          "cv": 1.0,
          "lambda": 0.15
        },
        "MS3_4": {
          "meanserv": 2.2774746175172598,
          "stddevserv": 2.2774746175172598,
          "rate": 0.4390828298627225,
          "cv": 1.0,
          "lambda": 0.15
        },
        "MS3_5": {
          "meanserv": 4.234089871540484,
          "stddevserv": 4.234089871540484,
          "rate": 0.23617826506742784,
          "cv": 1.0,
          "lambda": 0.15
        }
      },
      "sensors": [
        "S3"
      ],
      "sources": [
        {
          "startTime": 0,
          "stopTime": -1,
          "lambda": 0.15
        }
      ]
    },
    "SC4": {
      "resptime": 76.31784527653231,
      "resptime_old": 66.31784527653231,
      "waittime": 62.68316997199259,
      "servicetime": 10.0,
      "networktime": 3.6346753045397207,
      "services": {
        "MS4_1": {
          "meanserv": 2.128670726106866,
          "stddevserv": 2.128670726106866,
          "rate": 0.46977674270407427,
          "cv": 1.0,
          "lambda": 0.15
        },
        "MS4_2": {
          "meanserv": 0.3728495979548576,
          "stddevserv": 0.3728495979548576,
          "rate": 2.6820466093705537,
          "cv": 1.0,
          "lambda": 0.15
        },
        "MS4_3": {
          "meanserv": 0.9612372276618872,
          "stddevserv": 0.9612372276618872,
          "rate": 1.0403259166651289,
          "cv": 1.0,
          "lambda": 0.15
        },
        "MS4_4": {
          "meanserv": 0.5122906010163524,
          "stddevserv": 0.5122906010163524,
          "rate": 1.952017073934331,
          "cv": 1.0,
          "lambda": 0.15
        },
        "MS4_5": {
          "meanserv": 6.024951847260037,
          "stddevserv": 6.024951847260037,
          "rate": 0.1659764302439644,
          "cv": 1.0,
          "lambda": 0.15
        }
      },
      "sensors": [
        "S4"
      ],
      "sources": [
        {
          "startTime": 0,
          "stopTime": -1,
          "lambda": 0.15
        }
      ]
    }
  },
  "microservice": {
    "MS1_1": "F3",
    "MS1_2": "F3",
    "MS1_3": "F3",
    "MS1_4": "F8",
    "MS1_5": "F7",
    "MS2_1": "F5",
    "MS2_2": "F5",
    "MS2_3": "F10",
    "MS2_4": "F8",
    "MS2_5": "F1",
    "MS3_1": "F2",
    "MS3_2": "F5",
    "MS3_3": "F5",
    "MS3_4": "F4",
    "MS3_5": "F6",
    "MS4_1": "F4",
    "MS4_2": "F5",
    "MS4_3": "F5",
    "MS4_4": "F5",
    "MS4_5": "F9"
  },
  "sensor": {
    "S1": "F3",
    "S2": "F5",
    "S3": "F2",
    "S4": "F4"
  },
  "fog": {
    "F1": {
      "rho": 0.6865940945049921,
      "capacity": 1.0,
      "tserv": 4.577293963366614,
      "stddev": 4.577293963366614,
      "mu": 0.21846969148219111,
      "cv": 1.0,
      "lambda": 0.15,
      "twait": 10.027708313591194
    },
    "F2": {
      "rho": 0.43072033072719224,
      "capacity": 1.0,
      "tserv": 2.8714688715146153,
      "stddev": 2.8714688715146153,
      "mu": 0.3482538187755208,
      "cv": 1.0,
      "lambda": 0.15,
      "twait": 2.172570159745014
    },
    "F3": {
      "rho": 0.47320712521102515,
      "capacity": 1.0,
      "tserv": 1.0515713893578338,
      "stddev": 1.3025606019746354,
      "mu": 0.9509577857673296,
      "cv": 1.2386801458815593,
      "lambda": 0.44999999999999996,
      "twait": 1.1969694250655931
    },
    "F4": {
      "rho": 0.6609218015436188,
      "capacity": 1.0,
      "tserv": 2.2030726718120626,
      "stddev": 2.205583935454414,
      "mu": 0.45391149043553064,
      "cv": 1.0011398914227763,
      "lambda": 0.3,
      "twait": 4.29906570425075
    },
    "F5": {
      "rho": 0.4814873431237309,
      "capacity": 1.0,
      "tserv": 0.45855937440355327,
      "stddev": 0.6227814715736778,
      "mu": 2.180742682015163,
      "cv": 1.3581261366289321,
      "lambda": 1.05,
      "twait": 0.6056169757088145
    },
    "F6": {
      "rho": 0.6351134807310727,
      "capacity": 1.0,
      "tserv": 4.234089871540484,
      "stddev": 4.234089871540484,
      "mu": 0.23617826506742784,
      "cv": 1.0,
      "lambda": 0.15,
      "twait": 7.369764060974601
    },
    "F7": {
      "rho": 0.7936425566441953,
      "capacity": 1.0,
      "tserv": 5.2909503776279685,
      "stddev": 5.2909503776279685,
      "mu": 0.18900196158110985,
      "cv": 1.0,
      "lambda": 0.15,
      "twait": 20.348785662836676
    },
    "F8": {
      "rho": 0.5294740118717467,
      "capacity": 1.0,
      "tserv": 1.7649133729058224,
      "stddev": 1.789861819658647,
      "mu": 0.5666000469776944,
      "cv": 1.014135791102171,
      "lambda": 0.3,
      "twait": 2.0142961409427937
    },
    "F9": {
      "rho": 0.9037427770890054,
      "capacity": 1.0,
      "tserv": 6.024951847260037,
      "stddev": 6.024951847260037,
      "mu": 0.1659764302439644,
      "cv": 1.0,
      "lambda": 0.15,
      "twait": 56.567253340615395
    },
    "F10": {
      "rho": 0.4050964785534205,
      "capacity": 1.0,
      "tserv": 2.700643190356137,
      "stddev": 2.700643190356137,
      "mu": 0.3702821622534034,
      "cv": 1.0,
      "lambda": 0.15,
      "twait": 1.8389890239383728
    }
  },
  "extra": {
    "conv_gen": 42,
    "max_gen": 600,
    "population": 600,
    "deltatime": 39.7227051,
    "obj_func": 44.56880719278466
  },
  "network": [
    [
      0.0,
      2.283335261937514,
      1.866014058436873,
      2.4382513107557804,
      1.9931443777389253,
      1.637011297350812,
      1.8541337062758316,
      2.2149895217690556,
      2.5115392177943168,
      2.5115392177943168
    ],
    [
      2.283335261937514,
      0.0,
      1.6317314014112185,
      1.8529303345599832,
      2.6428284022346897,
      2.5564492669020624,
      1.6942131997323384,
      2.5115392177943168,
      2.391287821135251,
      2.391287821135251
    ],
    [
      1.866014058436873,
      1.6317314014112185,
      0.0,
      2.680298731247877,
      1.476444549427548,
      2.435983360689342,
      2.2149895217690556,
      2.391287821135251,
      2.3520126736002,
      2.3520126736002
    ],
    [
      2.4382513107557804,
      1.8529303345599832,
      2.680298731247877,
      0.0,
      2.020550497844191,
      1.8541337062758316,
      2.5115392177943168,
      2.3520126736002,
      2.4794747896249896,
      2.4794747896249896
    ],
    [
      1.9931443777389253,
      2.6428284022346897,
      1.476444549427548,
      2.020550497844191,
      0.0,
      1.6942131997323384,
      2.391287821135251,
      2.4794747896249896,
      1.6141248066955298,
      1.6141248066955298
    ],
    [
      1.637011297350812,
      2.5564492669020624,
      2.435983360689342,
      1.8541337062758316,
      1.6942131997323384,
      0.0,
      2.3520126736002,
      1.6141248066955298,
      1.3366123566446995,
      1.3366123566446995
    ],
    [
      1.8541337062758316,
      1.6942131997323384,
      2.2149895217690556,
      2.5115392177943168,
      2.391287821135251,
      2.3520126736002,
      0.0,
      1.3366123566446995,
      2.1306610106841433,
      2.1306610106841433
    ],
    [
      2.2149895217690556,
      2.5115392177943168,
      2.391287821135251,
      2.3520126736002,
      2.4794747896249896,
      1.6141248066955298,
      1.3366123566446995,
      0.0,
      1.7840049967528457,
      1.7840049967528457
    ],
    [
      2.5115392177943168,
      2.391287821135251,
      2.3520126736002,
      2.4794747896249896,
      1.6141248066955298,
      1.3366123566446995,
      2.1306610106841433,
      1.7840049967528457,
      0.0,
      1.7771168526737604
    ],
    [
      2.5115392177943168,
      2.391287821135251,
      2.3520126736002,
      2.4794747896249896,
      1.6141248066955298,
      1.3366123566446995,
      2.1306610106841433,
      1.7840049967528457,
      1.7771168526737604,
      0.0
    ]
  ]
}