{
  "servicechain": {
    "SC1": {
      "resptime": 43.057920077562,
      "resptime_old": 33.057920077562,
      "waittime": 27.14990811817482,
      "servicetime": 10.0,
      "networktime": 5.908011959387178,
      "services": {
        "MS1_1": {
          "meanserv": 0.10707474009995055,
          "stddevserv": 0.10707474009995055,
          "rate": 9.339270859462603,
          "cv": 1.0,
          "lambda": 0.3
        },
        "MS1_2": {
          "meanserv": 1.135842263843132,
          "stddevserv": 1.135842263843132,
          "rate": 0.8804039362089692,
          "cv": 1.0,
          "lambda": 0.3
        },
        "MS1_3": {
          "meanserv": 1.3327698137866948,
          "stddevserv": 1.3327698137866948,
          "rate": 0.75031711376984,
          "cv": 1.0,
          "lambda": 0.3
        },
        "MS1_4": {
          "meanserv": 1.7494220942957153,
          "stddevserv": 1.7494220942957153,
          "rate": 0.5716173376686324,
          "cv": 1.0,
          "lambda": 0.3
        },
        "MS1_5": {
          "meanserv": 0.8983006799052928,
          "stddevserv": 0.8983006799052928,
          "rate": 1.1132130058116279,
          "cv": 1.0,
          "lambda": 0.3
        },
        "MS1_6": {
          "meanserv": 0.09554057501646973,
          "stddevserv": 0.09554057501646973,
          "rate": 10.466757184867427,
          "cv": 1.0,
          "lambda": 0.3
        },
        "MS1_7": {
          "meanserv": 0.9031735282444036,
          "stddevserv": 0.9031735282444036,
          "rate": 1.107206941664697,
          "cv": 1.0,
          "lambda": 0.3
        },
        "MS1_8": {
          "meanserv": 0.3369701244265526,
          "stddevserv": 0.3369701244265526,
          "rate": 2.967622134756828,
          "cv": 1.0,
          "lambda": 0.3
        },
        "MS1_9": {
          "meanserv": 0.5401777192782449,
          "stddevserv": 0.5401777192782449,
          "rate": 1.8512425898205203,
          "cv": 1.0,
          "lambda": 0.3
        },
        "MS1_10": {
          "meanserv": 2.9007284611035438,
          "stddevserv": 2.9007284611035438,
          "rate": 0.3447409895166689,
          "cv": 1.0,
          "lambda": 0.3
        }
      },
      "sensors": [
        "S1"
      ],
      "sources": [
        {
          "startTime": 0,
          "stopTime": -1,
          "lambda": 0.3
        }
      ]
    },
    "SC2": {
      "resptime": 37.41547127724699,
      "resptime_old": 27.41547127724699,
      "waittime": 21.5743944489555,
      "servicetime": 10.0,
      "networktime": 5.841076828291495,
      "services": {
        "MS2_1": {
          "meanserv": 1.511768902037962,
          "stddevserv": 1.511768902037962,
          "rate": 0.6614767631824781,
          "cv": 1.0,
          "lambda": 0.3
        },
        "MS2_2": {
          "meanserv": 2.4226546231714976,
          "stddevserv": 2.4226546231714976,
          "rate": 0.41277035134744045,
          "cv": 1.0,
          "lambda": 0.3
        },
        "MS2_3": {
          "meanserv": 0.8580430021548553,
          "stddevserv": 0.8580430021548553,
          "rate": 1.1654427546039527,
          "cv": 1.0,
          "lambda": 0.3
        },
        "MS2_4": {
          "meanserv": 0.6841359830048122,
          "stddevserv": 0.6841359830048122,
          "rate": 1.4616977104579019,
          "cv": 1.0,
          "lambda": 0.3
        },
        "MS2_5": {
          "meanserv": 0.41186184676412374,
          "stddevserv": 0.41186184676412374,
          "rate": 2.4279986307464583,
          "cv": 1.0,
          "lambda": 0.3
        },
        "MS2_6": {
          "meanserv": 2.5215255652399717,
          "stddevserv": 2.5215255652399717,
          "rate": 0.3965853108075986,
          "cv": 1.0,
          "lambda": 0.3
        },
        "MS2_7": {
          "meanserv": 0.09195295545851856,
          "stddevserv": 0.09195295545851856,
          "rate": 10.875126253566867,
          "cv": 1.0,
          "lambda": 0.3
        },
        "MS2_8": {
          "meanserv": 0.7424494701848801,
          "stddevserv": 0.7424494701848801,
          "rate": 1.3468930077503947,
          "cv": 1.0,
          "lambda": 0.3
        },
        "MS2_9": {
          "meanserv": 0.4875278152839222,
          "stddevserv": 0.4875278152839222,
          "rate": 2.0511650179746743,
          "cv": 1.0,
          "lambda": 0.3
        },
        "MS2_10": {
          "meanserv": 0.26807983669945656,
          "stddevserv": 0.26807983669945656,
          "rate": 3.73023205442003,
          "cv": 1.0,
          "lambda": 0.3
        }
      },
      "sensors": [
        "S2"
      ],
      "sources": [
        {
          "startTime": 0,
          "stopTime": -1,
          "lambda": 0.3
        }
      ]
    },
    "SC3": {
      "resptime": 42.30107339052976,
      "resptime_old": 32.30107339052975,
      "waittime": 26.72336557437754,
      "servicetime": 10.0,
      "networktime": 5.57770781615222,
      "services": {
        "MS3_1": {
          "meanserv": 0.19895613032943626,
          "stddevserv": 0.19895613032943626,
          "rate": 5.026233664397153,
          "cv": 1.0,
          "lambda": 0.3
        },
        "MS3_2": {
          "meanserv": 0.9197772084850242,
          "stddevserv": 0.9197772084850242,
          "rate": 1.0872198079871012,
          "cv": 1.0,
          "lambda": 0.3
        },
        "MS3_3": {
          "meanserv": 0.025053073326917197,
          "stddevserv": 0.025053073326917197,
          "rate": 39.915262568827956,
          "cv": 1.0,
          "lambda": 0.3
        },
        "MS3_4": {
          "meanserv": 0.9768026931452611,
          "stddevserv": 0.9768026931452611,
          "rate": 1.0237482011643975,
          "cv": 1.0,
          "lambda": 0.3
        },
        "MS3_5": {
          "meanserv": 0.0684455526535519,
          "stddevserv": 0.0684455526535519,
          "rate": 14.610153052042106,
          "cv": 1.0,
          "lambda": 0.3
        },
        "MS3_6": {
          "meanserv": 2.3686804881259143,
          "stddevserv": 2.3686804881259143,
          "rate": 0.42217597730591094,
          "cv": 1.0,
          "lambda": 0.3
        },
        "MS3_7": {
          "meanserv": 1.4178676204390737,
          "stddevserv": 1.4178676204390737,
          "rate": 0.7052844606821109,
          "cv": 1.0,
          "lambda": 0.3
        },
        "MS3_8": {
          "meanserv": 0.12403510475918544,
          "stddevserv": 0.12403510475918544,
          "rate": 8.062233687321854,
          "cv": 1.0,
          "lambda": 0.3
        },
        "MS3_9": {
          "meanserv": 2.7826941412007073,
          "stddevserv": 2.7826941412007073,
          "rate": 0.35936396501288104,
          "cv": 1.0,
          "lambda": 0.3
        },
        "MS3_10": {
          "meanserv": 1.1176879875349286,
          "stddevserv": 1.1176879875349286,
          "rate": 0.8947040776608054,
          "cv": 1.0,
          "lambda": 0.3
        }
      },
      "sensors": [
        "S3"
      ],
      "sources": [
        {
          "startTime": 0,
          "stopTime": -1,
          "lambda": 0.3
        }
      ]
    },
    "SC4": {
      "resptime": 5105.719829503432,
      "resptime_old": 5095.719829503432,
      "waittime": 5092.018193996365,
      "servicetime": 10.0,
      "networktime": 3.7016355070672873,
      "services": {
        "MS4_1": {
          "meanserv": 0.10301026852569839,
          "stddevserv": 0.10301026852569839,
          "rate": 9.707770053531371,
          "cv": 1.0,
          "lambda": 0.3
        },
        "MS4_2": {
          "meanserv": 1.1770743199604683,
          "stddevserv": 1.1770743199604683,
          "rate": 0.8495640275573973,
          "cv": 1.0,
          "lambda": 0.3
        },
        "MS4_3": {
          "meanserv": 0.5799511528278956,
          "stddevserv": 0.5799511528278956,
          "rate": 1.7242831488891908,
          "cv": 1.0,
          "lambda": 0.3
        },
        "MS4_4": {
          "meanserv": 0.45577680628108497,
          "stddevserv": 0.45577680628108497,
          "rate": 2.194056358768032,
          "cv": 1.0,
          "lambda": 0.3
        },
        "MS4_5": {
          "meanserv": 0.09559288566214708,
          "stddevserv": 0.09559288566214708,
          "rate": 10.461029532409864,
          "cv": 1.0,
          "lambda": 0.3
        },
        "MS4_6": {
          "meanserv": 4.117822421047886,
          "stddevserv": 4.117822421047886,
          "rate": 0.2428468005051865,
          "cv": 1.0,
          "lambda": 0.3
        },
        "MS4_7": {
          "meanserv": 1.6773964950935838,
          "stddevserv": 1.6773964950935838,
          "rate": 0.5961619706044569,
          "cv": 1.0,
          "lambda": 0.3
        },
        "MS4_8": {
          "meanserv": 0.15942797022779764,
          "stddevserv": 0.15942797022779764,
          "rate": 6.272425086834866,
          "cv": 1.0,
          "lambda": 0.3
        },
        "MS4_9": {
          "meanserv": 0.3629744533015593,
          "stddevserv": 0.3629744533015593,
          "rate": 2.7550148251596087,
          "cv": 1.0,
          "lambda": 0.3
        },
        "MS4_10": {
          "meanserv": 1.2709732270718792,
          "stddevserv": 1.2709732270718792,
          "rate": 0.786798634857039,
          "cv": 1.0,
          "lambda": 0.3
        }
      },
      "sensors": [
        "S4"
      ],
      "sources": [
        {
          "startTime": 0,
          "stopTime": -1,
          "lambda": 0.3
        }
      ]
    }
  },
  "microservice": {
    "MS1_1": "F11",
    "MS1_2": "F11",
    "MS1_3": "F8",
    "MS1_4": "F7",
    "MS1_5": "F19",
    "MS1_6": "F19",
    "MS1_7": "F18",
    "MS1_8": "F18",
    "MS1_9": "F12",
    "MS1_10": "F2",
    "MS2_1": "F13",
    "MS2_2": "F5",
    "MS2_3": "F20",
    "MS2_4": "F16",
    "MS2_5": "F16",
    "MS2_6": "F4",
    "MS2_7": "F20",
    "MS2_8": "F20",
    "MS2_9": "F19",
    "MS2_10": "F19",
    "MS3_1": "F17",
    "MS3_2": "F16",
    "MS3_3": "F12",
    "MS3_4": "F12",
    "MS3_5": "F12",
    "MS3_6": "F6",
    "MS3_7": "F14",
    "MS3_8": "F14",
    "MS3_9": "F3",
    "MS3_10": "F17",
    "MS4_1": "F10",
    "MS4_2": "F10",
    "MS4_3": "F10",
    "MS4_4": "F18",
    "MS4_5": "F18",
    "MS4_6": "F1",
    "MS4_7": "F15",
    "MS4_8": "F9",
    "MS4_9": "F9",
    "MS4_10": "F9"
  },
  "sensor": {
    "S1": "F11",
    "S2": "F13",
    "S3": "F17",
    "S4": "F10"
  },
  "fog": {
    "F1": {
      "rho": 1.2353467263143656,
      "capacity": 1.0,
      "tserv": 4.117822421047886,
      "stddev": 4.117822421047886,
      "mu": 0.2428468005051865,
      "cv": 1.0,
      "lambda": 0.3,
      "twait": 5081.851508938011
    },
    "F2": {
      "rho": 0.8702185383310631,
      "capacity": 1.0,
      "tserv": 2.9007284611035438,
      "stddev": 2.9007284611035438,
      "mu": 0.3447409895166689,
      "cv": 1.0,
      "lambda": 0.3,
      "twait": 19.45014063685046
    },
    "F3": {
      "rho": 0.8348082423602121,
      "capacity": 1.0,
      "tserv": 2.7826941412007073,
      "stddev": 2.782694141200707,
      "mu": 0.35936396501288104,
      "cv": 0.9999999999999999,
      "lambda": 0.3,
      "twait": 14.062541849741196
    },
    "F4": {
      "rho": 0.7564576695719915,
      "capacity": 1.0,
      "tserv": 2.5215255652399717,
      "stddev": 2.5215255652399717,
      "mu": 0.3965853108075986,
      "cv": 1.0,
      "lambda": 0.3,
      "twait": 7.832015688999354
    },
    "F5": {
      "rho": 0.7267963869514492,
      "capacity": 1.0,
      "tserv": 2.4226546231714976,
      "stddev": 2.4226546231714976,
      "mu": 0.41277035134744045,
      "cv": 1.0,
      "lambda": 0.3,
      "twait": 6.444924381872515
    },
    "F6": {
      "rho": 0.7106041464377743,
      "capacity": 1.0,
      "tserv": 2.3686804881259143,
      "stddev": 2.3686804881259143,
      "mu": 0.42217597730591094,
      "cv": 1.0,
      "lambda": 0.3,
      "twait": 5.816234599527896
    },
    "F7": {
      "rho": 0.5248266282887145,
      "capacity": 1.0,
      "tserv": 1.749422094295715,
      "stddev": 1.7494220942957155,
      "mu": 0.5716173376686325,
      "cv": 1.0000000000000002,
      "lambda": 0.3,
      "twait": 1.9322280116337498
    },
    "F8": {
      "rho": 0.39983094413600845,
      "capacity": 1.0,
      "tserv": 1.3327698137866948,
      "stddev": 1.3327698137866948,
      "mu": 0.75031711376984,
      "cv": 1.0,
      "lambda": 0.3,
      "twait": 0.8878875172849072
    },
    "F9": {
      "rho": 0.5380126951803708,
      "capacity": 1.0,
      "tserv": 0.5977918835337453,
      "stddev": 0.9079309707041954,
      "mu": 1.6728229799452439,
      "cv": 1.51880779199797,
      "lambda": 0.8999999999999999,
      "twait": 1.1510320674716827
    },
    "F10": {
      "rho": 0.5580107223942187,
      "capacity": 1.0,
      "tserv": 0.6200119137713541,
      "stddev": 0.8778140463564079,
      "mu": 1.612872233240306,
      "cv": 1.4158019013165692,
      "lambda": 0.8999999999999999,
      "twait": 1.1759052747952088
    },
    "F11": {
      "rho": 0.3728751011829248,
      "capacity": 1.0,
      "tserv": 0.6214585019715413,
      "stddev": 0.956761192057376,
      "mu": 1.6091179005960294,
      "cv": 1.5395415607351195,
      "lambda": 0.6,
      "twait": 0.6226523539832016
    },
    "F12": {
      "rho": 0.48314371152119256,
      "capacity": 1.0,
      "tserv": 0.40261975960099383,
      "stddev": 0.6808239780807266,
      "mu": 2.483733041296892,
      "cv": 1.6909850096662917,
      "lambda": 1.2,
      "twait": 0.7262645039596689
    },
    "F13": {
      "rho": 0.45353067061138863,
      "capacity": 1.0,
      "tserv": 1.511768902037962,
      "stddev": 1.511768902037962,
      "mu": 0.6614767631824781,
      "cv": 1.0,
      "lambda": 0.3,
      "twait": 1.2546606498809456
    },
    "F14": {
      "rho": 0.46257081755947776,
      "capacity": 1.0,
      "tserv": 0.7709513625991297,
      "stddev": 1.196397631562654,
      "mu": 1.2970986867818384,
      "cv": 1.5518457967688204,
      "lambda": 0.6,
      "twait": 1.1307908255575827
    },
    "F15": {
      "rho": 0.5032189485280751,
      "capacity": 1.0,
      "tserv": 1.6773964950935838,
      "stddev": 1.6773964950935838,
      "mu": 0.5961619706044569,
      "cv": 1.0,
      "lambda": 0.3,
      "twait": 1.699134252453216
    },
    "F16": {
      "rho": 0.604732511476188,
      "capacity": 1.0,
      "tserv": 0.6719250127513201,
      "stddev": 0.7332291607081316,
      "mu": 1.4882613104478977,
      "cv": 1.091236591574096,
      "lambda": 0.8999999999999999,
      "twait": 1.126069596200325
    },
    "F17": {
      "rho": 0.3949932353593094,
      "capacity": 1.0,
      "tserv": 0.6583220589321824,
      "stddev": 0.9248902886282429,
      "mu": 1.5190133558976122,
      "cv": 1.4049207011662983,
      "lambda": 0.6,
      "twait": 0.6390721829569745
    },
    "F18": {
      "rho": 0.5374540033842564,
      "capacity": 1.0,
      "tserv": 0.44787833615354705,
      "stddev": 0.6103080270728681,
      "mu": 2.232749207269467,
      "cv": 1.3626647636371387,
      "lambda": 1.2,
      "twait": 0.7433693895502296
    },
    "F19": {
      "rho": 0.5248346720715424,
      "capacity": 1.0,
      "tserv": 0.4373622267262854,
      "stddev": 0.6095288540254518,
      "mu": 2.2864343075192695,
      "cv": 1.3936476832666975,
      "lambda": 1.2,
      "twait": 0.7106719806895848
    },
    "F20": {
      "rho": 0.5077336283394761,
      "capacity": 1.0,
      "tserv": 0.5641484759327513,
      "stddev": 0.7387056702983551,
      "mu": 1.7725830036970691,
      "cv": 1.309417115905515,
      "lambda": 0.8999999999999999,
      "twait": 0.7897701914742873
    }
  },
  "extra": {
    "deltatime": 0.1197125,
    "obj_func": 1307.1235735621929
  },
  "network": [
    [
      0.0,
      1.1704579037291087,
      1.1253824143670883,
      1.172827764218474,
      1.325203816709024,
      1.3832341667724386,
      1.4811137123668316,
      1.0877189660989952,
      0.7285385095274914,
      1.5383490591494406,
      1.0314177411246463,
      1.0220412892693995,
      0.8456012836525155,
      0.854290922917792,
      0.6416847441527201,
      0.7274960527339434,
      0.8340184187199832,
      0.8827485945654662,
      1.2090486458796001,
      1.2090486458796001
    ],
    [
      1.1704579037291087,
      0.0,
      0.8594521721655187,
      0.9666521969778916,
      1.4634702650313967,
      1.2695617874170935,
      1.1780172798220452,
      0.9880152927434063,
      1.1203057850062748,
      1.0706375907916728,
      0.8561389592455003,
      0.7396147577949359,
      0.7286692625281513,
      1.3306098976381544,
      0.6011726075104624,
      1.2489880290540207,
      1.0086303988983372,
      1.2090486458796001,
      1.1357872819161505,
      1.1357872819161505
    ],
    [
      1.1253824143670883,
      0.8594521721655187,
      0.0,
      0.9987221701866612,
      0.9588696628173512,
      0.9125054092568424,
      0.9822684628472272,
      0.8092435380969232,
      0.8513216971868885,
      0.9775445977694709,
      0.9587536732421538,
      1.0954581791306994,
      0.9741371664989089,
      1.068744884022265,
      1.3296612425226706,
      0.9343706314453094,
      0.8827485945654662,
      1.1357872819161505,
      1.0734949653559445,
      1.0734949653559445
    ],
    [
      1.172827764218474,
      0.9666521969778916,
      0.9987221701866612,
      0.0,
      0.9987740038504942,
      1.3145340594613886,
      1.0758296185454186,
      0.6899986239468918,
      0.9371779398710429,
      0.9121323034654143,
      1.147093005475939,
      0.725054963382996,
      1.0896642312531986,
      0.867068865431202,
      0.648061580779664,
      0.8340184187199832,
      1.2090486458796001,
      1.0734949653559445,
      1.254955096147711,
      1.254955096147711
    ],
    [
      1.325203816709024,
      1.4634702650313967,
      0.9588696628173512,
      0.9987740038504942,
      0.0,
      0.9030687708109901,
      1.2458151960029884,
      0.5995042834837185,
      0.944367733604351,
      0.9144392029361418,
      0.798462186486685,
      1.2392899034057647,
      0.5661779385796928,
      1.0344390583137446,
      0.7274960527339434,
      1.0086303988983372,
      1.1357872819161505,
      1.254955096147711,
      1.10243470594433,
      1.10243470594433
    ],
    [
      1.3832341667724386,
      1.2695617874170935,
      0.9125054092568424,
      1.3145340594613886,
      0.9030687708109901,
      0.0,
      1.1985055755326663,
      0.912832154309952,
      0.8017712311408638,
      1.2220830629104165,
      1.0064116494802386,
      1.0734969975984143,
      1.0954555238167654,
      0.6416847441527201,
      1.2489880290540207,
      0.8827485945654662,
      1.0734949653559445,
      1.10243470594433,
      0.9624873373114894,
      0.9624873373114894
    ],
    [
      1.4811137123668316,
      1.1780172798220452,
      0.9822684628472272,
      1.0758296185454186,
      1.2458151960029884,
      1.1985055755326663,
      0.0,
      0.8353833875329437,
      0.8415339806346285,
      1.0864364809967408,
      0.994781763438186,
      0.9074130109378913,
      0.854290922917792,
      0.6011726075104624,
      0.9343706314453094,
      1.2090486458796001,
      1.254955096147711,
      0.9624873373114894,
      1.0277101518491845,
      1.0277101518491845
    ],
    [
      1.0877189660989952,
      0.9880152927434063,
      0.8092435380969232,
      0.6899986239468918,
      0.5995042834837185,
      0.912832154309952,
      0.8353833875329437,
      0.0,
      1.0982369744263487,
      0.8549920906579308,
      0.7702685264833091,
      0.8456012836525155,
      1.3306098976381544,
      1.3296612425226706,
      0.8340184187199832,
      1.1357872819161505,
      1.10243470594433,
      1.0277101518491845,
      1.1711472323767969,
      1.1711472323767969
    ],
    [
      0.7285385095274914,
      1.1203057850062748,
      0.8513216971868885,
      0.9371779398710429,
      0.944367733604351,
      0.8017712311408638,
      0.8415339806346285,
      1.0982369744263487,
      0.0,
      1.0397220868542572,
      1.0220412892693995,
      0.7286692625281513,
      1.068744884022265,
      0.648061580779664,
      1.0086303988983372,
      1.0734949653559445,
      0.9624873373114894,
      1.1711472323767969,
      1.168571769450764,
      1.168571769450764
    ],
    [
      1.5383490591494406,
      1.0706375907916728,
      0.9775445977694709,
      0.9121323034654143,
      0.9144392029361418,
      1.2220830629104165,
      1.0864364809967408,
      0.8549920906579308,
      1.0397220868542572,
      0.0,
      0.7396147577949359,
      0.9741371664989089,
      0.867068865431202,
      0.7274960527339434,
      0.8827485945654662,
      1.254955096147711,
      1.0277101518491845,
      1.168571769450764,
      0.998459773992191,
      0.998459773992191
    ],
    [
      1.0314177411246463,
      0.8561389592455003,
      0.9587536732421538,
      1.147093005475939,
      0.798462186486685,
      1.0064116494802386,
      0.994781763438186,
      0.7702685264833091,
      1.0220412892693995,
      0.7396147577949359,
      0.0,
      1.0896642312531986,
      1.0344390583137446,
      1.2489880290540207,
      1.2090486458796001,
      1.10243470594433,
      1.1711472323767969,
      0.998459773992191,
      1.1528238352645759,
      1.1528238352645759
    ],
    [
      1.0220412892693995,
      0.7396147577949359,
      1.0954581791306994,
      0.725054963382996,
      1.2392899034057647,
      1.0734969975984143,
      0.9074130109378913,
      0.8456012836525155,
      0.7286692625281513,
      0.9741371664989089,
      1.0896642312531986,
      0.0,
      0.6416847441527201,
      0.9343706314453094,
      1.1357872819161505,
      0.9624873373114894,
      1.168571769450764,
      1.1528238352645759,
      0.9772780201093798,
      0.9772780201093798
    ],
    [
      0.8456012836525155,
      0.7286692625281513,
      0.9741371664989089,
      1.0896642312531986,
      0.5661779385796928,
      1.0954555238167654,
      0.854290922917792,
      1.3306098976381544,
      1.068744884022265,
      0.867068865431202,
      1.0344390583137446,
      0.6416847441527201,
      0.0,
      0.8340184187199832,
      1.0734949653559445,
      1.0277101518491845,
      0.998459773992191,
      0.9772780201093798,
      0.9485452585018641,
      0.9485452585018641
    ],
    [
      0.854290922917792,
      1.3306098976381544,
      1.068744884022265,
      0.867068865431202,
      1.0344390583137446,
      0.6416847441527201,
      0.6011726075104624,
      1.3296612425226706,
      0.648061580779664,
      0.7274960527339434,
      1.2489880290540207,
      0.9343706314453094,
      0.8340184187199832,
      0.0,
      1.254955096147711,
      1.1711472323767969,
      1.1528238352645759,
      0.9485452585018641,
      0.7944329905282,
      0.7944329905282
    ],
    [
      0.6416847441527201,
      0.6011726075104624,
      1.3296612425226706,
      0.648061580779664,
      0.7274960527339434,
      1.2489880290540207,
      0.9343706314453094,
      0.8340184187199832,
      1.0086303988983372,
      0.8827485945654662,
      1.2090486458796001,
      1.1357872819161505,
      1.0734949653559445,
      1.254955096147711,
      0.0,
      1.168571769450764,
      0.9772780201093798,
      0.7944329905282,
      0.6944305549212344,
      0.6944305549212344
    ],
    [
      0.7274960527339434,
      1.2489880290540207,
      0.9343706314453094,
      0.8340184187199832,
      1.0086303988983372,
      0.8827485945654662,
      1.2090486458796001,
      1.1357872819161505,
      1.0734949653559445,
      1.254955096147711,
      1.10243470594433,
      0.9624873373114894,
      1.0277101518491845,
      1.1711472323767969,
      1.168571769450764,
      0.0,
      0.9485452585018641,
      0.6944305549212344,
      0.988077629259001,
      0.988077629259001
    ],
    [
      0.8340184187199832,
      1.0086303988983372,
      0.8827485945654662,
      1.2090486458796001,
      1.1357872819161505,
      1.0734949653559445,
      1.254955096147711,
      1.10243470594433,
      0.9624873373114894,
      1.0277101518491845,
      1.1711472323767969,
      1.168571769450764,
      0.998459773992191,
      1.1528238352645759,
      0.9772780201093798,
      0.9485452585018641,
      0.0,
      0.988077629259001,
      0.8399226268420746,
      0.8399226268420746
    ],
    [
      0.8827485945654662,
      1.2090486458796001,
      1.1357872819161505,
      1.0734949653559445,
      1.254955096147711,
      1.10243470594433,
      0.9624873373114894,
      1.0277101518491845,
      1.1711472323767969,
      1.168571769450764,
      0.998459773992191,
      1.1528238352645759,
      0.9772780201093798,
      0.9485452585018641,
      0.7944329905282,
      0.6944305549212344,
      0.988077629259001,
      0.0,
      1.3822113004622296,
      1.3822113004622296
    ],
    [
      1.2090486458796001,
      1.1357872819161505,
      1.0734949653559445,
      1.254955096147711,
      1.10243470594433,
      0.9624873373114894,
      1.0277101518491845,
      1.1711472323767969,
      1.168571769450764,
      0.998459773992191,
      1.1528238352645759,
      0.9772780201093798,
      0.9485452585018641,
      0.7944329905282,
      0.6944305549212344,
      0.988077629259001,
      0.8399226268420746,
      1.3822113004622296,
      0.0,
      1.0954130396407766
    ],
    [
      1.2090486458796001,
      1.1357872819161505,
      1.0734949653559445,
      1.254955096147711,
      1.10243470594433,
      0.9624873373114894,
      1.0277101518491845,
      1.1711472323767969,
      1.168571769450764,
      0.998459773992191,
      1.1528238352645759,
      0.9772780201093798,
      0.9485452585018641,
      0.7944329905282,
      0.6944305549212344,
      0.988077629259001,
      0.8399226268420746,
      1.3822113004622296,
      1.0954130396407766,
      0.0
    ]
  ]
}