{
  "servicechain": {
    "SC1": {
      "resptime": 35.22961938404729,
      "resptime_old": 25.229619384047293,
      "waittime": 19.383105039198057,
      "servicetime": 10.0,
      "networktime": 5.846514344849235,
      "services": {
        "MS1_1": {
          "meanserv": 0.1374230230409823,
          "stddevserv": 0.1374230230409823,
          "rate": 7.276801061942728,
          "cv": 1.0,
          "lambda": 0.15
        },
        "MS1_2": {
          "meanserv": 1.899522213898128,
          "stddevserv": 1.899522213898128,
          "rate": 0.526448173484551,
          "cv": 1.0,
          "lambda": 0.15
        },
        "MS1_3": {
          "meanserv": 0.18006869669067438,
          "stddevserv": 0.18006869669067438,
          "rate": 5.553436096212881,
          "cv": 1.0,
          "lambda": 0.15
        },
        "MS1_4": {
          "meanserv": 0.06312513581699886,
          "stddevserv": 0.06312513581699886,
          "rate": 15.841550074427115,
          "cv": 1.0,
          "lambda": 0.15
        },
        "MS1_5": {
          "meanserv": 0.7731249089375027,
          "stddevserv": 0.7731249089375027,
          "rate": 1.2934520521066761,
          "cv": 1.0,
          "lambda": 0.15
        },
        "MS1_6": {
          "meanserv": 1.2568116635444473,
          "stddevserv": 1.2568116635444473,
          "rate": 0.795664162743215,
          "cv": 1.0,
          "lambda": 0.15
        },
        "MS1_7": {
          "meanserv": 2.2786650457761795,
          "stddevserv": 2.2786650457761795,
          "rate": 0.4388534426565406,
          "cv": 1.0,
          "lambda": 0.15
        },
        "MS1_8": {
          "meanserv": 2.345956587106837,
          "stddevserv": 2.345956587106837,
          "rate": 0.4262653475754447,
          "cv": 1.0,
          "lambda": 0.15
        },
        "MS1_9": {
          "meanserv": 0.9528891770538337,
          "stddevserv": 0.9528891770538337,
          "rate": 1.049439981144318,
          "cv": 1.0,
          "lambda": 0.15
        },
        "MS1_10": {
          "meanserv": 0.11241354813441617,
          "stddevserv": 0.11241354813441617,
          "rate": 8.895724906790333,
          "cv": 1.0,
          "lambda": 0.15
        }
      },
      "sensors": [
        "S1"
      ],
      "sources": [
        {
          "startTime": 0,
          "stopTime": -1,
          "lambda": 0.15
        }
      ]
    },
    "SC2": {
      "resptime": 30.330747125987795,
      "resptime_old": 20.3307471259878,
      "waittime": 16.622498017202357,
      "servicetime": 10.0,
      "networktime": 3.708249108785437,
      "services": {
        "MS2_1": {
          "meanserv": 0.29628162400282765,
          "stddevserv": 0.29628162400282765,
          "rate": 3.3751671348691414,
          "cv": 1.0,
          "lambda": 0.15
        },
        "MS2_2": {
          "meanserv": 1.000144126061746,
          "stddevserv": 1.000144126061746,
          "rate": 0.9998558947075822,
          "cv": 1.0,
          "lambda": 0.15
        },
        "MS2_3": {
          "meanserv": 1.1529779748950566,
          "stddevserv": 1.1529779748950566,
          "rate": 0.8673192565460927,
          "cv": 1.0,
          "lambda": 0.15
        },
        "MS2_4": {
          "meanserv": 1.9437372878292587,
          "stddevserv": 1.9437372878292587,
          "rate": 0.5144728180405426,
          "cv": 1.0,
          "lambda": 0.15
        },
        "MS2_5": {
          "meanserv": 0.3999641597943322,
          "stddevserv": 0.3999641597943322,
          "rate": 2.5002240213578526,
          "cv": 1.0,
          "lambda": 0.15
        },
        "MS2_6": {
          "meanserv": 0.21841642062236222,
          "stddevserv": 0.21841642062236222,
          "rate": 4.578410346395067,
          "cv": 1.0,
          "lambda": 0.15
        },
        "MS2_7": {
          "meanserv": 1.2651000947319107,
          "stddevserv": 1.2651000947319107,
          "rate": 0.7904512885297914,
          "cv": 1.0,
          "lambda": 0.15
        },
        "MS2_8": {
          "meanserv": 1.2835311893848642,
          "stddevserv": 1.2835311893848642,
          "rate": 0.7791006625084449,
          "cv": 1.0,
          "lambda": 0.15
        },
        "MS2_9": {
          "meanserv": 0.9796661466805849,
          "stddevserv": 0.9796661466805849,
          "rate": 1.0207559007610016,
          "cv": 1.0,
          "lambda": 0.15
        },
        "MS2_10": {
          "meanserv": 1.4601809759970568,
          "stddevserv": 1.4601809759970568,
          "rate": 0.6848466158909987,
          "cv": 1.0,
          "lambda": 0.15
        }
      },
      "sensors": [
        "S2"
      ],
      "sources": [
        {
          "startTime": 0,
          "stopTime": -1,
          "lambda": 0.15
        }
      ]
    },
    "SC3": {
      "resptime": 35.554681826429984,
      "resptime_old": 25.554681826429984,
      "waittime": 20.481011254878805,
      "servicetime": 10.0,
      "networktime": 5.0736705715511805,
      "services": {
        "MS3_1": {
          "meanserv": 0.283077659887655,
          "stddevserv": 0.283077659887655,
          "rate": 3.532599500776112,
          "cv": 1.0,
          "lambda": 0.15
        },
        "MS3_2": {
          "meanserv": 2.4644538382662553,
          "stddevserv": 2.4644538382662553,
          "rate": 0.40576941814560447,
          "cv": 1.0,
          "lambda": 0.15
        },
        "MS3_3": {
          "meanserv": 0.7113167136785212,
          "stddevserv": 0.7113167136785212,
          "rate": 1.405843530413583,
          "cv": 1.0,
          "lambda": 0.15
        },
        "MS3_4": {
          "meanserv": 1.2308078040952442,
          "stddevserv": 1.2308078040952442,
          "rate": 0.8124745363758,
          "cv": 1.0,
          "lambda": 0.15
        },
        "MS3_5": {
          "meanserv": 0.43029483582519923,
          "stddevserv": 0.43029483582519923,
          "rate": 2.3239879188469623,
          "cv": 1.0,
          "lambda": 0.15
        },
        "MS3_6": {
          "meanserv": 1.4313265891734819,
          "stddevserv": 1.4313265891734819,
          "rate": 0.6986525699752766,
          "cv": 1.0,
          "lambda": 0.15
        },
        "MS3_7": {
          "meanserv": 0.9877578648468122,
          "stddevserv": 0.9877578648468122,
          "rate": 1.0123938624928959,
          "cv": 1.0,
          "lambda": 0.15
        },
        "MS3_8": {
          "meanserv": 0.6553560419552369,
          "stddevserv": 0.6553560419552369,
          "rate": 1.5258881218467557,
          "cv": 1.0,
          "lambda": 0.15
        },
        "MS3_9": {
          "meanserv": 1.2449489102015807,
          "stddevserv": 1.2449489102015807,
          "rate": 0.8032458133868973,
          "cv": 1.0,
          "lambda": 0.15
        },
        "MS3_10": {
          "meanserv": 0.5606597420700137,
          "stddevserv": 0.5606597420700137,
          "rate": 1.7836129919153758,
          "cv": 1.0,
          "lambda": 0.15
        }
      },
      "sensors": [
        "S3"
      ],
      "sources": [
        {
          "startTime": 0,
          "stopTime": -1,
          "lambda": 0.15
        }
      ]
    },
    "SC4": {
      "resptime": 27.796618318475286,
      "resptime_old": 17.796618318475282,
      "waittime": 14.042951497453513,
      "servicetime": 10.0,
      "networktime": 3.7536668210217705,
      "services": {
        "MS4_1": {
          "meanserv": 0.3784297316252161,
          "stddevserv": 0.3784297316252161,
          "rate": 2.6424985048224645,
          "cv": 1.0,
          "lambda": 0.15
        },
        "MS4_2": {
          "meanserv": 1.6282626151225745,
          "stddevserv": 1.6282626151225745,
          "rate": 0.6141515445435198,
          "cv": 1.0,
          "lambda": 0.15
        },
        "MS4_3": {
          "meanserv": 0.9308952606279304,
          "stddevserv": 0.9308952606279304,
          "rate": 1.0742347096336653,
          "cv": 1.0,
          "lambda": 0.15
        },
        "MS4_4": {
          "meanserv": 0.04590128010839134,
          "stddevserv": 0.04590128010839134,
          "rate": 21.78588478662466,
          "cv": 1.0,
          "lambda": 0.15
        },
        "MS4_5": {
          "meanserv": 0.22562594616452714,
          "stddevserv": 0.22562594616452714,
          "rate": 4.432114377797653,
          "cv": 1.0,
          "lambda": 0.15
        },
        "MS4_6": {
          "meanserv": 0.05613795880353756,
          "stddevserv": 0.05613795880353756,
          "rate": 17.813259001803686,
          "cv": 1.0,
          "lambda": 0.15
        },
        "MS4_7": {
          "meanserv": 0.24648597438394182,
          "stddevserv": 0.24648597438394182,
          "rate": 4.0570259727733555,
          "cv": 1.0,
          "lambda": 0.15
        },
        "MS4_8": {
          "meanserv": 2.7953755395947844,
          "stddevserv": 2.7953755395947844,
          "rate": 0.35773368759782426,
          "cv": 1.0,
          "lambda": 0.15
        },
        "MS4_9": {
          "meanserv": 3.463342847285408,
          "stddevserv": 3.463342847285408,
          "rate": 0.28873837910208827,
          "cv": 1.0,
          "lambda": 0.15
        },
        "MS4_10": {
          "meanserv": 0.22954284628368882,
          "stddevserv": 0.22954284628368882,
          "rate": 4.356485145104953,
          "cv": 1.0,
          "lambda": 0.15
        }
      },
      "sensors": [
        "S4"
      ],
      "sources": [
        {
          "startTime": 0,
          "stopTime": -1,
          "lambda": 0.15
        }
      ]
    }
  },
  "microservice": {
    "MS1_1": "F5",
    "MS1_2": "F9",
    "MS1_3": "F5",
    "MS1_4": "F5",
    "MS1_5": "F3",
    "MS1_6": "F3",
    "MS1_7": "F2",
    "MS1_8": "F2",
    "MS1_9": "F10",
    "MS1_10": "F5",
    "MS2_1": "F5",
    "MS2_2": "F4",
    "MS2_3": "F4",
    "MS2_4": "F4",
    "MS2_5": "F5",
    "MS2_6": "F5",
    "MS2_7": "F8",
    "MS2_8": "F6",
    "MS2_9": "F6",
    "MS2_10": "F6",
    "MS3_1": "F5",
    "MS3_2": "F7",
    "MS3_3": "F7",
    "MS3_4": "F7",
    "MS3_5": "F5",
    "MS3_6": "F9",
    "MS3_7": "F9",
    "MS3_8": "F3",
    "MS3_9": "F3",
    "MS3_10": "F5",
    "MS4_1": "F10",
    "MS4_2": "F10",
    "MS4_3": "F10",
    "MS4_4": "F5",
    "MS4_5": "F5",
    "MS4_6": "F5",
    "MS4_7": "F5",
    "MS4_8": "F8",
    "MS4_9": "F1",
    "MS4_10": "F5"
  },
  "sensor": {
    "S1": "F5",
    "S2": "F5",
    "S3": "F5",
    "S4": "F10"
  },
  "fog": {
    "F1": {
      "rho": 0.5195014270928112,
      "capacity": 1.0,
      "tserv": 3.4633428472854084,
      "stddev": 3.463342847285408,
      "mu": 0.28873837910208827,
      "cv": 0.9999999999999999,
      "lambda": 0.15,
      "twait": 3.744468044495063
    },
    "F2": {
      "rho": 0.6936932449324524,
      "capacity": 1.0,
      "tserv": 2.3123108164415083,
      "stddev": 2.312800334572728,
      "mu": 0.4324678122376875,
      "cv": 1.0002117008352593,
      "lambda": 0.3,
      "twait": 5.23780157757545
    },
    "F3": {
      "rho": 0.5895362286958151,
      "capacity": 1.0,
      "tserv": 0.9825603811596919,
      "stddev": 1.0549495741339876,
      "mu": 1.0177491573797475,
      "cv": 1.0736740401529894,
      "lambda": 0.6,
      "twait": 1.5190209113851003
    },
    "F4": {
      "rho": 0.6145289083179092,
      "capacity": 1.0,
      "tserv": 1.3656197962620207,
      "stddev": 1.4855717161355035,
      "mu": 0.7322682365451962,
      "cv": 1.087836980835966,
      "lambda": 0.44999999999999996,
      "twait": 2.3767389796732186
    },
    "F5": {
      "rho": 0.5228128277444322,
      "capacity": 1.0,
      "tserv": 0.23236125677530323,
      "stddev": 0.3071785137096697,
      "mu": 4.303643446751602,
      "cv": 1.3219867975095172,
      "lambda": 2.2499999999999996,
      "twait": 0.3497457638332771
    },
    "F6": {
      "rho": 0.5585067468093758,
      "capacity": 1.0,
      "tserv": 1.2411261040208352,
      "stddev": 1.2724610135786798,
      "mu": 0.8057198996623575,
      "cv": 1.0252471601848756,
      "lambda": 0.44999999999999996,
      "twait": 1.6102148293848748
    },
    "F7": {
      "rho": 0.660986753406003,
      "capacity": 1.0,
      "tserv": 1.4688594520133402,
      "stddev": 1.7996425393342332,
      "mu": 0.6808003302353519,
      "cv": 1.2251972350843332,
      "lambda": 0.44999999999999996,
      "twait": 3.581449450743427
    },
    "F8": {
      "rho": 0.6090713451490042,
      "capacity": 1.0,
      "tserv": 2.0302378171633473,
      "stddev": 2.300594936709922,
      "mu": 0.4925531341925264,
      "cv": 1.1331652465839288,
      "lambda": 0.3,
      "twait": 3.6123992985282456
    },
    "F9": {
      "rho": 0.6477910001877633,
      "capacity": 1.0,
      "tserv": 1.4395355559728074,
      "stddev": 1.5327865953157047,
      "mu": 0.6946684962735925,
      "cv": 1.0647785592762802,
      "lambda": 0.44999999999999996,
      "twait": 2.824691894189244
    },
    "F10": {
      "rho": 0.5835715176644332,
      "capacity": 1.0,
      "tserv": 0.9726191961073887,
      "stddev": 1.156943337920325,
      "mu": 1.0281516178193837,
      "cv": 1.18951316460814,
      "lambda": 0.6,
      "twait": 1.6457851117546063
    }
  },
  "extra": {
    "deltatime": 5.2008605,
    "conv": 11,
    "obj_func": 32.22791666373509
  },
  "network": [
    [
      0.0,
      1.142574671980355,
      0.9218719224129094,
      0.9588387104400548,
      0.9231755541822919,
      1.1204520603712946,
      1.0754687351830805,
      1.279329627860287,
      0.9874556637163306,
      0.9874556637163306
    ],
    [
      1.142574671980355,
      0.0,
      1.032300059018142,
      1.0392048688559947,
      1.0430460009806701,
      1.1537886176235268,
      0.9268990296125698,
      0.9874556637163306,
      1.1021312421983047,
      1.1021312421983047
    ],
    [
      0.9218719224129094,
      1.032300059018142,
      0.0,
      1.4156428706656978,
      0.9670516760653776,
      1.119889338693992,
      1.279329627860287,
      1.1021312421983047,
      0.9873459552333894,
      0.9873459552333894
    ],
    [
      0.9588387104400548,
      1.0392048688559947,
      1.4156428706656978,
      0.0,
      1.078543734903123,
      1.0754687351830805,
      0.9874556637163306,
      0.9873459552333894,
      0.6361511831233876,
      0.6361511831233876
    ],
    [
      0.9231755541822919,
      1.0430460009806701,
      0.9670516760653776,
      1.078543734903123,
      0.0,
      0.9268990296125698,
      1.1021312421983047,
      0.6361511831233876,
      0.9150104558558037,
      0.9150104558558037
    ],
    [
      1.1204520603712946,
      1.1537886176235268,
      1.119889338693992,
      1.0754687351830805,
      0.9268990296125698,
      0.0,
      0.9873459552333894,
      0.9150104558558037,
      1.0118099429188243,
      1.0118099429188243
    ],
    [
      1.0754687351830805,
      0.9268990296125698,
      1.279329627860287,
      0.9874556637163306,
      1.1021312421983047,
      0.9873459552333894,
      0.0,
      1.0118099429188243,
      1.3566813475353374,
      1.3566813475353374
    ],
    [
      1.279329627860287,
      0.9874556637163306,
      1.1021312421983047,
      0.9873459552333894,
      0.6361511831233876,
      0.9150104558558037,
      1.0118099429188243,
      0.0,
      1.2213261714207637,
      1.2213261714207637
    ],
    [
      0.9874556637163306,
      1.1021312421983047,
      0.9873459552333894,
      0.6361511831233876,
      0.9150104558558037,
      1.0118099429188243,
      1.3566813475353374,
      1.2213261714207637,
      0.0,
      1.0308980302767075
    ],
    [
      0.9874556637163306,
      1.1021312421983047,
      0.9873459552333894,
      0.6361511831233876,
      0.9150104558558037,
      1.0118099429188243,
      1.3566813475353374,
      1.2213261714207637,
      1.0308980302767075,
      0.0
    ]
  ]
}