{
  "servicechain": {
    "SC1": {
      "resptime": 35.00366379110812,
      "resptime_old": 25.00366379110812,
      "waittime": 22.390686081232367,
      "servicetime": 10.0,
      "networktime": 2.612977709875753,
      "services": {
        "MS1_1": {
          "meanserv": 1.3199171223779582,
          "stddevserv": 1.3199171223779582,
          "rate": 0.7576233257724572,
          "cv": 1.0,
          "lambda": 0.15
        },
        "MS1_2": {
          "meanserv": 0.8188668985744418,
          "stddevserv": 0.8188668985744418,
          "rate": 1.2211996867145212,
          "cv": 1.0,
          "lambda": 0.15
        },
        "MS1_3": {
          "meanserv": 0.001375997134767104,
          "stddevserv": 0.001375997134767104,
          "rate": 726.7456993427942,
          "cv": 1.0,
          "lambda": 0.15
        },
        "MS1_4": {
          "meanserv": 0.09015419925128132,
          "stddevserv": 0.09015419925128132,
          "rate": 11.092106727194823,
          "cv": 1.0,
          "lambda": 0.15
        },
        "MS1_5": {
          "meanserv": 1.2072896111197537,
          "stddevserv": 1.2072896111197537,
          "rate": 0.828301669118569,
          "cv": 1.0,
          "lambda": 0.15
        },
        "MS1_6": {
          "meanserv": 2.10539557237473,
          "stddevserv": 2.10539557237473,
          "rate": 0.4749701258619416,
          "cv": 1.0,
          "lambda": 0.15
        },
        "MS1_7": {
          "meanserv": 2.3862402558801223,
          "stddevserv": 2.3862402558801223,
          "rate": 0.4190692858926595,
          "cv": 1.0,
          "lambda": 0.15
        },
        "MS1_8": {
          "meanserv": 2.0707603432869455,
          "stddevserv": 2.0707603432869455,
          "rate": 0.4829144054462076,
          "cv": 1.0,
          "lambda": 0.15
        }
      },
      "sensors": [
        "S1"
      ],
      "sources": [
        {
          "startTime": 0,
          "stopTime": -1,
          "lambda": 0.15
        }
      ]
    },
    "SC2": {
      "resptime": 29.52803658950068,
      "resptime_old": 19.528036589500683,
      "waittime": 17.507709207235614,
      "servicetime": 10.0,
      "networktime": 2.0203273822650663,
      "services": {
        "MS2_1": {
          "meanserv": 0.7771443726937488,
          "stddevserv": 0.7771443726937488,
          "rate": 1.2867621964935367,
          "cv": 1.0,
          "lambda": 0.15
        },
        "MS2_2": {
          "meanserv": 1.349635960279062,
          "stddevserv": 1.349635960279062,
          "rate": 0.7409405420653075,
          "cv": 1.0,
          "lambda": 0.15
        },
        "MS2_3": {
          "meanserv": 1.9226891621580653,
          "stddevserv": 1.9226891621580653,
          "rate": 0.5201048716983351,
          "cv": 1.0,
          "lambda": 0.15
        },
        "MS2_4": {
          "meanserv": 1.5498370234253445,
          "stddevserv": 1.5498370234253445,
          "rate": 0.6452291336994054,
          "cv": 1.0,
          "lambda": 0.15
        },
        "MS2_5": {
          "meanserv": 0.5265188134738521,
          "stddevserv": 0.5265188134738521,
          "rate": 1.8992673659697477,
          "cv": 1.0,
          "lambda": 0.15
        },
        "MS2_6": {
          "meanserv": 1.3281254121483732,
          "stddevserv": 1.3281254121483732,
          "rate": 0.7529409428153339,
          "cv": 1.0,
          "lambda": 0.15
        },
        "MS2_7": {
          "meanserv": 0.06945210702563909,
          "stddevserv": 0.06945210702563909,
          "rate": 14.398411262466636,
          "cv": 1.0,
          "lambda": 0.15
        },
        "MS2_8": {
          "meanserv": 2.476597148795915,
          "stddevserv": 2.476597148795915,
          "rate": 0.40377983980405746,
          "cv": 1.0,
          "lambda": 0.15
        }
      },
      "sensors": [
        "S2"
      ],
      "sources": [
        {
          "startTime": 0,
          "stopTime": -1,
          "lambda": 0.15
        }
      ]
    },
    "SC3": {
      "resptime": 30.748972502274587,
      "resptime_old": 20.748972502274587,
      "waittime": 16.157869380037486,
      "servicetime": 10.0,
      "networktime": 4.5911031222371,
      "services": {
        "MS3_1": {
          "meanserv": 0.889002509445197,
          "stddevserv": 0.889002509445197,
          "rate": 1.1248562173621688,
          "cv": 1.0,
          "lambda": 0.15
        },
        "MS3_2": {
          "meanserv": 0.8861410058306562,
          "stddevserv": 0.8861410058306562,
          "rate": 1.1284885739630275,
          "cv": 1.0,
          "lambda": 0.15
        },
        "MS3_3": {
          "meanserv": 3.094743030354473,
          "stddevserv": 3.094743030354473,
          "rate": 0.32312860557131934,
          "cv": 1.0,
          "lambda": 0.15
        },
        "MS3_4": {
          "meanserv": 0.06338511317757067,
          "stddevserv": 0.06338511317757067,
          "rate": 15.776575127325922,
          "cv": 1.0,
          "lambda": 0.15
        },
        "MS3_5": {
          "meanserv": 0.5806093124186678,
          "stddevserv": 0.5806093124186678,
          "rate": 1.7223285583110257,
          "cv": 1.0,
          "lambda": 0.15
        },
        "MS3_6": {
          "meanserv": 1.8432692341093952,
          "stddevserv": 1.8432692341093952,
          "rate": 0.5425143443481635,
          "cv": 1.0,
          "lambda": 0.15
        },
        "MS3_7": {
          "meanserv": 1.9054396061955083,
          "stddevserv": 1.9054396061955083,
          "rate": 0.524813274977866,
          "cv": 1.0,
          "lambda": 0.15
        },
        "MS3_8": {
          "meanserv": 0.737410188468532,
          "stddevserv": 0.737410188468532,
          "rate": 1.3560973466841022,
          "cv": 1.0,
          "lambda": 0.15
        }
      },
      "sensors": [
        "S3"
      ],
      "sources": [
        {
          "startTime": 0,
          "stopTime": -1,
          "lambda": 0.15
        }
      ]
    },
    "SC4": {
      "resptime": 31.23635142182826,
      "resptime_old": 21.236351421828264,
      "waittime": 18.994156650239084,
      "servicetime": 10.0,
      "networktime": 2.2421947715891766,
      "services": {
        "MS4_1": {
          "meanserv": 0.3767939819284605,
          "stddevserv": 0.3767939819284605,
          "rate": 2.653970201121375,
          "cv": 1.0,
          "lambda": 0.15
        },
        "MS4_2": {
          "meanserv": 1.435141325953756,
          "stddevserv": 1.435141325953756,
          "rate": 0.6967954876049766,
          "cv": 1.0,
          "lambda": 0.15
        },
        "MS4_3": {
          "meanserv": 1.1191914542684878,
          "stddevserv": 1.1191914542684878,
          "rate": 0.8935021762238238,
          "cv": 1.0,
          "lambda": 0.15
        },
        "MS4_4": {
          "meanserv": 1.268147619754716,
          "stddevserv": 1.268147619754716,
          "rate": 0.7885517304313666,
          "cv": 1.0,
          "lambda": 0.15
        },
        "MS4_5": {
          "meanserv": 0.7182389596179197,
          "stddevserv": 0.7182389596179197,
          "rate": 1.3922942867537682,
          "cv": 1.0,
          "lambda": 0.15
        },
        "MS4_6": {
          "meanserv": 1.1869601461049513,
          "stddevserv": 1.1869601461049513,
          "rate": 0.8424882699571109,
          "cv": 1.0,
          "lambda": 0.15
        },
        "MS4_7": {
          "meanserv": 0.8578544028010091,
          "stddevserv": 0.8578544028010091,
          "rate": 1.165698977279672,
          "cv": 1.0,
          "lambda": 0.15
        },
        "MS4_8": {
          "meanserv": 3.0376721095706998,
          "stddevserv": 3.0376721095706998,
          "rate": 0.32919945403235945,
          "cv": 1.0,
          "lambda": 0.15
        }
      },
      "sensors": [
        "S4"
      ],
      "sources": [
        {
          "startTime": 0,
          "stopTime": -1,
          "lambda": 0.15
        }
      ]
    }
  },
  "microservice": {
    "MS1_1": "F10",
    "MS1_2": "F10",
    "MS1_3": "F10",
    "MS1_4": "F10",
    "MS1_5": "F10",
    "MS1_6": "F4",
    "MS1_7": "F4",
    "MS1_8": "F5",
    "MS2_1": "F7",
    "MS2_2": "F7",
    "MS2_3": "F7",
    "MS2_4": "F8",
    "MS2_5": "F8",
    "MS2_6": "F8",
    "MS2_7": "F8",
    "MS2_8": "F5",
    "MS3_1": "F9",
    "MS3_2": "F9",
    "MS3_3": "F3",
    "MS3_4": "F10",
    "MS3_5": "F10",
    "MS3_6": "F1",
    "MS3_7": "F1",
    "MS3_8": "F9",
    "MS4_1": "F6",
    "MS4_2": "F6",
    "MS4_3": "F6",
    "MS4_4": "F6",
    "MS4_5": "F9",
    "MS4_6": "F9",
    "MS4_7": "F2",
    "MS4_8": "F2"
  },
  "sensor": {
    "S1": "F10",
    "S2": "F7",
    "S3": "F9",
    "S4": "F6"
  },
  "fog": {
    "F1": {
      "rho": 0.5623063260457355,
      "capacity": 1.0,
      "tserv": 1.8743544201524518,
      "stddev": 1.8748698807991175,
      "mu": 0.5335170281822498,
      "cv": 1.000275007032354,
      "lambda": 0.3,
      "twait": 2.408650837505754
    },
    "F2": {
      "rho": 0.5843289768557564,
      "capacity": 1.0,
      "tserv": 1.9477632561858547,
      "stddev": 2.483864794935718,
      "mu": 0.5134094181231338,
      "cv": 1.2752395790644842,
      "lambda": 0.3,
      "twait": 3.595403143441401
    },
    "F3": {
      "rho": 0.4642114545531709,
      "capacity": 1.0,
      "tserv": 3.094743030354473,
      "stddev": 3.094743030354473,
      "mu": 0.32312860557131934,
      "cv": 1.0,
      "lambda": 0.15,
      "twait": 2.68130996042674
    },
    "F4": {
      "rho": 0.6737453742382278,
      "capacity": 1.0,
      "tserv": 2.245817914127426,
      "stddev": 2.2545808860057086,
      "mu": 0.4452720737996842,
      "cv": 1.0039019066608912,
      "lambda": 0.3,
      "twait": 4.655949192128448
    },
    "F5": {
      "rho": 0.6821036238124291,
      "capacity": 1.0,
      "tserv": 2.2736787460414303,
      "stddev": 2.2917169974831957,
      "mu": 0.4398158718513078,
      "cv": 1.0079335092845332,
      "lambda": 0.3,
      "twait": 4.917442892116264
    },
    "F6": {
      "rho": 0.629891157285813,
      "capacity": 1.0,
      "tserv": 1.049818595476355,
      "stddev": 1.1954400989299045,
      "mu": 0.9525455200631593,
      "cv": 1.1387111107395405,
      "lambda": 0.6,
      "twait": 2.0517176203964778
    },
    "F7": {
      "rho": 0.6074204242696314,
      "capacity": 1.0,
      "tserv": 1.3498231650436254,
      "stddev": 1.5031456683092836,
      "mu": 0.7408377822347423,
      "cv": 1.1135871032860092,
      "lambda": 0.44999999999999996,
      "twait": 2.339221623098223
    },
    "F8": {
      "rho": 0.5210900034109813,
      "capacity": 1.0,
      "tserv": 0.8684833390183022,
      "stddev": 1.2123182225351712,
      "mu": 1.1514325664904048,
      "cv": 1.3959026823767577,
      "lambda": 0.6,
      "twait": 1.3931503614561707
    },
    "F9": {
      "rho": 0.6626629214200885,
      "capacity": 1.0,
      "tserv": 0.8835505618934513,
      "stddev": 0.9148623356703578,
      "mu": 1.1317971411358703,
      "cv": 1.0354385760445959,
      "lambda": 0.75,
      "twait": 1.7982399408851852
    },
    "F10": {
      "rho": 0.6122397381081661,
      "capacity": 1.0,
      "tserv": 0.5830854648649201,
      "stddev": 0.9303711431799826,
      "mu": 1.715014453724488,
      "cv": 1.5955999578818452,
      "lambda": 1.05,
      "twait": 1.632268960971842
    }
  },
  "extra": {
    "deltatime": 1.839778,
    "conv": 9,
    "obj_func": 31.62925607617791
  },
  "network": [
    [
      0.0,
      1.3933137435938716,
      1.3536155532797824,
      1.142733599647142,
      1.324826114511041,
      1.6467519218631494,
      1.151299963439703,
      1.3035592460526655,
      0.9372593464036758,
      0.9372593464036758
    ],
    [
      1.3933137435938716,
      0.0,
      0.7563503753469867,
      1.1897065189859617,
      0.7022215510897062,
      0.9137969536505918,
      1.3009903009073773,
      0.9372593464036758,
      1.2629301654604381,
      1.2629301654604381
    ],
    [
      1.3536155532797824,
      0.7563503753469867,
      0.0,
      1.076412443425958,
      1.7193941556970656,
      1.655877514346848,
      1.3035592460526655,
      1.2629301654604381,
      1.3582922147148742,
      1.3582922147148742
    ],
    [
      1.142733599647142,
      1.1897065189859617,
      1.076412443425958,
      0.0,
      1.5719149337394254,
      1.151299963439703,
      0.9372593464036758,
      1.3582922147148742,
      1.0410627761363278,
      1.0410627761363278
    ],
    [
      1.324826114511041,
      0.7022215510897062,
      1.7193941556970656,
      1.5719149337394254,
      0.0,
      1.3009903009073773,
      1.2629301654604381,
      1.0410627761363278,
      1.4989297689751366,
      1.4989297689751366
    ],
    [
      1.6467519218631494,
      0.9137969536505918,
      1.655877514346848,
      1.151299963439703,
      1.3009903009073773,
      0.0,
      1.3582922147148742,
      1.4989297689751366,
      0.9792646061287383,
      0.9792646061287383
    ],
    [
      1.151299963439703,
      1.3009903009073773,
      1.3035592460526655,
      0.9372593464036758,
      1.2629301654604381,
      1.3582922147148742,
      0.0,
      0.9792646061287383,
      1.3137229832689767,
      1.3137229832689767
    ],
    [
      1.3035592460526655,
      0.9372593464036758,
      1.2629301654604381,
      1.3582922147148742,
      1.0410627761363278,
      1.4989297689751366,
      0.9792646061287383,
      0.0,
      0.9125023729609631,
      0.9125023729609631
    ],
    [
      0.9372593464036758,
      1.2629301654604381,
      1.3582922147148742,
      1.0410627761363278,
      1.4989297689751366,
      0.9792646061287383,
      1.3137229832689767,
      0.9125023729609631,
      0.0,
      0.8716049400552919
    ],
    [
      0.9372593464036758,
      1.2629301654604381,
      1.3582922147148742,
      1.0410627761363278,
      1.4989297689751366,
      0.9792646061287383,
      1.3137229832689767,
      0.9125023729609631,
      0.8716049400552919,
      0.0
    ]
  ]
}