{
  "servicechain": {
    "SC1": {
      "resptime": 1218.5315675615725,
      "resptime_old": 1208.5315675615725,
      "waittime": 1203.0189722567807,
      "servicetime": 10.0,
      "networktime": 5.512595304791775,
      "services": {
        "MS1_1": {
          "meanserv": 0.6492047174771354,
          "stddevserv": 0.6492047174771354,
          "rate": 1.5403461698277314,
          "cv": 1.0,
          "lambda": 0.2
        },
        "MS1_2": {
          "meanserv": 0.9475994450066549,
          "stddevserv": 0.9475994450066549,
          "rate": 1.0552982119918581,
          "cv": 1.0,
          "lambda": 0.2
        },
        "MS1_3": {
          "meanserv": 1.175525887854264,
          "stddevserv": 1.175525887854264,
          "rate": 0.8506830945470213,
          "cv": 1.0,
          "lambda": 0.2
        },
        "MS1_4": {
          "meanserv": 4.979073810863907,
          "stddevserv": 4.979073810863907,
          "rate": 0.20084056553210494,
          "cv": 1.0,
          "lambda": 0.2
        },
        "MS1_5": {
          "meanserv": 2.248596138798039,
          "stddevserv": 2.248596138798039,
          "rate": 0.44472192349068895,
          "cv": 1.0,
          "lambda": 0.2
        }
      },
      "sensors": [
        "S1"
      ],
      "sources": [
        {
          "startTime": 0,
          "stopTime": -1,
          "lambda": 0.2
        }
      ]
    },
    "SC2": {
      "resptime": 6071.237359281719,
      "resptime_old": 6061.237359281719,
      "waittime": 6056.364244226845,
      "servicetime": 10.0,
      "networktime": 4.873115054874982,
      "services": {
        "MS2_1": {
          "meanserv": 5.497118226788231,
          "stddevserv": 5.497118226788231,
          "rate": 0.18191349698954248,
          "cv": 1.0,
          "lambda": 0.2
        },
        "MS2_2": {
          "meanserv": 0.6490690617605654,
          "stddevserv": 0.6490690617605654,
          "rate": 1.5406681028480282,
          "cv": 1.0,
          "lambda": 0.2
        },
        "MS2_3": {
          "meanserv": 1.0673498639919812,
          "stddevserv": 1.0673498639919812,
          "rate": 0.9368999179518449,
          "cv": 1.0,
          "lambda": 0.2
        },
        "MS2_4": {
          "meanserv": 0.9894132668671025,
          "stddevserv": 0.9894132668671025,
          "rate": 1.010700011297018,
          "cv": 1.0,
          "lambda": 0.2
        },
        "MS2_5": {
          "meanserv": 1.7970495805921196,
          "stddevserv": 1.7970495805921196,
          "rate": 0.5564676739027449,
          "cv": 1.0,
          "lambda": 0.2
        }
      },
      "sensors": [
        "S2"
      ],
      "sources": [
        {
          "startTime": 0,
          "stopTime": -1,
          "lambda": 0.2
        }
      ]
    },
    "SC3": {
      "resptime": 42.77311771860467,
      "resptime_old": 32.773117718604674,
      "waittime": 25.44823159328299,
      "servicetime": 10.0,
      "networktime": 7.3248861253216795,
      "services": {
        "MS3_1": {
          "meanserv": 1.8143505535254045,
          "stddevserv": 1.8143505535254045,
          "rate": 0.5511614048657428,
          "cv": 1.0,
          "lambda": 0.2
        },
        "MS3_2": {
          "meanserv": 2.6685145065642626,
          "stddevserv": 2.6685145065642626,
          "rate": 0.37474032745188607,
          "cv": 1.0,
          "lambda": 0.2
        },
        "MS3_3": {
          "meanserv": 2.889195796725974,
          "stddevserv": 2.889195796725974,
          "rate": 0.34611707560048244,
          "cv": 1.0,
          "lambda": 0.2
        },
        "MS3_4": {
          "meanserv": 0.5623415781110843,
          "stddevserv": 0.5623415781110843,
          "rate": 1.7782786102336916,
          "cv": 1.0,
          "lambda": 0.2
        },
        "MS3_5": {
          "meanserv": 2.0655975650732747,
          "stddevserv": 2.0655975650732747,
          "rate": 0.4841214072425217,
          "cv": 1.0,
          "lambda": 0.2
        }
      },
      "sensors": [
        "S3"
      ],
      "sources": [
        {
          "startTime": 0,
          "stopTime": -1,
          "lambda": 0.2
        }
      ]
    },
    "SC4": {
      "resptime": 60.46218674619678,
      "resptime_old": 50.46218674619678,
      "waittime": 41.442319893425704,
      "servicetime": 10.0,
      "networktime": 9.019866852771077,
      "services": {
        "MS4_1": {
          "meanserv": 0.024033528370459578,
          "stddevserv": 0.024033528370459578,
          "rate": 41.60853889556782,
          "cv": 1.0,
          "lambda": 0.2
        },
        "MS4_2": {
          "meanserv": 3.672047638491591,
          "stddevserv": 3.672047638491591,
          "rate": 0.27232762165655927,
          "cv": 1.0,
          "lambda": 0.2
        },
        "MS4_3": {
          "meanserv": 0.9954056824290394,
          "stddevserv": 0.9954056824290394,
          "rate": 1.0046155227482219,
          "cv": 1.0,
          "lambda": 0.2
        },
        "MS4_4": {
          "meanserv": 1.2169547103429714,
          "stddevserv": 1.2169547103429714,
          "rate": 0.821723266692622,
          "cv": 1.0,
          "lambda": 0.2
        },
        "MS4_5": {
          "meanserv": 4.091558440365938,
          "stddevserv": 4.091558440365938,
          "rate": 0.2444056499680749,
          "cv": 1.0,
          "lambda": 0.2
        }
      },
      "sensors": [
        "S4"
      ],
      "sources": [
        {
          "startTime": 0,
          "stopTime": -1,
          "lambda": 0.2
        }
      ]
    }
  },
  "microservice": {
    "MS1_1": "F5",
    "MS1_2": "F6",
    "MS1_3": "F6",
    "MS1_4": "F2",
    "MS1_5": "F5",
    "MS2_1": "F7",
    "MS2_2": "F5",
    "MS2_3": "F9",
    "MS2_4": "F9",
    "MS2_5": "F6",
    "MS3_1": "F9",
    "MS3_2": "F4",
    "MS3_3": "F1",
    "MS3_4": "F1",
    "MS3_5": "F10",
    "MS4_1": "F10",
    "MS4_2": "F8",
    "MS4_3": "F4",
    "MS4_4": "F10",
    "MS4_5": "F3"
  },
  "sensor": {
    "S1": "F5",
    "S2": "F7",
    "S3": "F9",
    "S4": "F10"
  },
  "fog": {
    "F1": {
      "rho": 0.6903074749674117,
      "capacity": 1.0,
      "tserv": 1.725768687418529,
      "stddev": 2.3844082787595813,
      "mu": 0.5794519319363931,
      "cv": 1.3816499836523692,
      "lambda": 0.4,
      "twait": 5.595020675025879
    },
    "F2": {
      "rho": 0.9958147621727814,
      "capacity": 1.0,
      "tserv": 4.979073810863907,
      "stddev": 4.979073810863907,
      "mu": 0.20084056553210494,
      "cv": 1.0,
      "lambda": 0.2,
      "twait": 1184.6961648297306
    },
    "F3": {
      "rho": 0.8183116880731878,
      "capacity": 1.0,
      "tserv": 4.091558440365938,
      "stddev": 4.091558440365938,
      "mu": 0.2444056499680749,
      "cv": 1.0,
      "lambda": 0.2,
      "twait": 18.428098421293395
    },
    "F4": {
      "rho": 0.7327840377986605,
      "capacity": 1.0,
      "tserv": 1.8319600944966512,
      "stddev": 2.180762333801589,
      "mu": 0.5458634186432755,
      "cv": 1.1903983827774234,
      "lambda": 0.4,
      "twait": 6.071345497125599
    },
    "F5": {
      "rho": 0.709373983607148,
      "capacity": 1.0,
      "tserv": 1.1822899726785798,
      "stddev": 1.5921113106610523,
      "mu": 0.845816189859425,
      "cv": 1.3466335226154265,
      "lambda": 0.6000000000000001,
      "twait": 4.0594727758803915
    },
    "F6": {
      "rho": 0.7840349826906077,
      "capacity": 1.0,
      "tserv": 1.3067249711510125,
      "stddev": 1.4018791652526894,
      "mu": 0.765271975417415,
      "cv": 1.0728188380894423,
      "lambda": 0.6000000000000001,
      "twait": 5.101930937644681
    },
    "F7": {
      "rho": 1.0994236453576463,
      "capacity": 1.0,
      "tserv": 5.497118226788231,
      "stddev": 5.497118226788232,
      "mu": 0.18191349698954248,
      "cv": 1.0000000000000002,
      "lambda": 0.2,
      "twait": 6037.618098097614
    },
    "F8": {
      "rho": 0.7344095276983182,
      "capacity": 1.0,
      "tserv": 3.672047638491591,
      "stddev": 3.672047638491591,
      "mu": 0.27232762165655927,
      "cv": 1.0,
      "lambda": 0.2,
      "twait": 10.15392889850009
    },
    "F9": {
      "rho": 0.7742227368768977,
      "capacity": 1.0,
      "tserv": 1.2903712281281625,
      "stddev": 1.3934263325397582,
      "mu": 0.7749707822070857,
      "cv": 1.0798646948762871,
      "lambda": 0.6000000000000001,
      "twait": 4.792371207852329
    },
    "F10": {
      "rho": 0.6613171607573411,
      "capacity": 1.0,
      "tserv": 1.1021952679289018,
      "stddev": 1.617817061224007,
      "mu": 0.9072802516010312,
      "cv": 1.467813470351758,
      "lambda": 0.6000000000000001,
      "twait": 3.3944735382533064
    }
  },
  "extra": {
    "conv_gen": 5,
    "max_gen": 600,
    "population": 600,
    "deltatime": 38.9421474,
    "obj_func": 1848.251057827023
  },
  "network": [
    [
      0.0,
      1.7820221579358444,
      1.6675689758086687,
      2.358889416084475,
      2.099284043318262,
      1.5326304850196515,
      2.0139171053443756,
      2.6309103156278755,
      2.293863632420187,
      2.293863632420187
    ],
    [
      1.7820221579358444,
      0.0,
      1.7905820430163324,
      2.2866760061369438,
      1.4196610964000134,
      2.3013360214392593,
      1.7915981869525022,
      2.293863632420187,
      1.1819641432076924,
      1.1819641432076924
    ],
    [
      1.6675689758086687,
      1.7905820430163324,
      0.0,
      2.199362764030172,
      2.5466636193353294,
      1.9814048525667325,
      2.6309103156278755,
      1.1819641432076924,
      2.016848301656995,
      2.016848301656995
    ],
    [
      2.358889416084475,
      2.2866760061369438,
      2.199362764030172,
      0.0,
      1.4867640266879945,
      2.0139171053443756,
      2.293863632420187,
      2.016848301656995,
      2.672133076817018,
      2.672133076817018
    ],
    [
      2.099284043318262,
      1.4196610964000134,
      2.5466636193353294,
      1.4867640266879945,
      0.0,
      1.7915981869525022,
      1.1819641432076924,
      2.672133076817018,
      1.9821988273378712,
      1.9821988273378712
    ],
    [
      1.5326304850196515,
      2.3013360214392593,
      1.9814048525667325,
      2.0139171053443756,
      1.7915981869525022,
      0.0,
      2.016848301656995,
      1.9821988273378712,
      1.7089520843294184,
      1.7089520843294184
    ],
    [
      2.0139171053443756,
      1.7915981869525022,
      2.6309103156278755,
      2.293863632420187,
      1.1819641432076924,
      2.016848301656995,
      0.0,
      1.7089520843294184,
      2.0370389012219254,
      2.0370389012219254
    ],
    [
      2.6309103156278755,
      2.293863632420187,
      1.1819641432076924,
      2.016848301656995,
      2.672133076817018,
      1.9821988273378712,
      1.7089520843294184,
      0.0,
      2.314037172640069,
      2.314037172640069
    ],
    [
      2.293863632420187,
      1.1819641432076924,
      2.016848301656995,
      2.672133076817018,
      1.9821988273378712,
      1.7089520843294184,
      2.0370389012219254,
      2.314037172640069,
      0.0,
      1.949269319181065
    ],
    [
      2.293863632420187,
      1.1819641432076924,
      2.016848301656995,
      2.672133076817018,
      1.9821988273378712,
      1.7089520843294184,
      2.0370389012219254,
      2.314037172640069,
      1.949269319181065,
      0.0
    ]
  ]
}