{
  "servicechain": {
    "SC1": {
      "resptime": 40.45958641473946,
      "resptime_old": 30.459586414739462,
      "waittime": 23.194834767796674,
      "servicetime": 10.0,
      "networktime": 7.264751646942785,
      "services": {
        "MS1_1": {
          "meanserv": 0.9096065689382926,
          "stddevserv": 0.9096065689382926,
          "rate": 1.0993764053036865,
          "cv": 1.0,
          "lambda": 0.3
        },
        "MS1_2": {
          "meanserv": 0.36691035842219333,
          "stddevserv": 0.36691035842219333,
          "rate": 2.725461347835071,
          "cv": 1.0,
          "lambda": 0.3
        },
        "MS1_3": {
          "meanserv": 0.7508960380627692,
          "stddevserv": 0.7508960380627692,
          "rate": 1.3317422776392485,
          "cv": 1.0,
          "lambda": 0.3
        },
        "MS1_4": {
          "meanserv": 0.9359091718450498,
          "stddevserv": 0.9359091718450498,
          "rate": 1.0684797521842868,
          "cv": 1.0,
          "lambda": 0.3
        },
        "MS1_5": {
          "meanserv": 0.11831149912787531,
          "stddevserv": 0.11831149912787531,
          "rate": 8.45226378983808,
          "cv": 1.0,
          "lambda": 0.3
        },
        "MS1_6": {
          "meanserv": 2.4903803435442757,
          "stddevserv": 2.4903803435442757,
          "rate": 0.4015450903281759,
          "cv": 1.0,
          "lambda": 0.3
        },
        "MS1_7": {
          "meanserv": 1.1278123588904254,
          "stddevserv": 1.1278123588904254,
          "rate": 0.8866723193065813,
          "cv": 1.0,
          "lambda": 0.3
        },
        "MS1_8": {
          "meanserv": 0.5893762544454617,
          "stddevserv": 0.5893762544454617,
          "rate": 1.6967090079679068,
          "cv": 1.0,
          "lambda": 0.3
        },
        "MS1_9": {
          "meanserv": 1.5766867680516388,
          "stddevserv": 1.5766867680516388,
          "rate": 0.63424138532965,
          "cv": 1.0,
          "lambda": 0.3
        },
        "MS1_10": {
          "meanserv": 1.1341106386720181,
          "stddevserv": 1.1341106386720181,
          "rate": 0.8817481874351745,
          "cv": 1.0,
          "lambda": 0.3
        }
      },
      "sensors": [
        "S1"
      ],
      "sources": [
        {
          "startTime": 0,
          "stopTime": -1,
          "lambda": 0.3
        }
      ]
    },
    "SC2": {
      "resptime": 30.429897278885562,
      "resptime_old": 20.42989727888556,
      "waittime": 13.356011314319836,
      "servicetime": 10.0,
      "networktime": 7.073885964565724,
      "services": {
        "MS2_1": {
          "meanserv": 1.5477316318773215,
          "stddevserv": 1.5477316318773215,
          "rate": 0.6461068439798247,
          "cv": 1.0,
          "lambda": 0.3
        },
        "MS2_2": {
          "meanserv": 1.370342519805129,
          "stddevserv": 1.370342519805129,
          "rate": 0.7297445606097125,
          "cv": 1.0,
          "lambda": 0.3
        },
        "MS2_3": {
          "meanserv": 1.6331918141519255,
          "stddevserv": 1.6331918141519255,
          "rate": 0.6122979501457239,
          "cv": 1.0,
          "lambda": 0.3
        },
        "MS2_4": {
          "meanserv": 0.1001725045533286,
          "stddevserv": 0.1001725045533286,
          "rate": 9.982779251242864,
          "cv": 1.0,
          "lambda": 0.3
        },
        "MS2_5": {
          "meanserv": 0.39714531674630305,
          "stddevserv": 0.39714531674630305,
          "rate": 2.517970017102836,
          "cv": 1.0,
          "lambda": 0.3
        },
        "MS2_6": {
          "meanserv": 1.808772707117873,
          "stddevserv": 1.808772707117873,
          "rate": 0.5528610621250559,
          "cv": 1.0,
          "lambda": 0.3
        },
        "MS2_7": {
          "meanserv": 0.9450266775375598,
          "stddevserv": 0.9450266775375598,
          "rate": 1.058171185818461,
          "cv": 1.0,
          "lambda": 0.3
        },
        "MS2_8": {
          "meanserv": 0.17401017394014406,
          "stddevserv": 0.17401017394014406,
          "rate": 5.7467904166567845,
          "cv": 1.0,
          "lambda": 0.3
        },
        "MS2_9": {
          "meanserv": 0.6227721831425539,
          "stddevserv": 0.6227721831425539,
          "rate": 1.6057236130135535,
          "cv": 1.0,
          "lambda": 0.3
        },
        "MS2_10": {
          "meanserv": 1.4008344711278617,
          "stddevserv": 1.4008344711278617,
          "rate": 0.713860217328079,
          "cv": 1.0,
          "lambda": 0.3
        }
      },
      "sensors": [
        "S2"
      ],
      "sources": [
        {
          "startTime": 0,
          "stopTime": -1,
          "lambda": 0.3
        }
      ]
    },
    "SC3": {
      "resptime": 35.723956212986906,
      "resptime_old": 25.723956212986906,
      "waittime": 20.314179716308367,
      "servicetime": 10.0,
      "networktime": 5.4097764966785356,
      "services": {
        "MS3_1": {
          "meanserv": 2.217820502602741,
          "stddevserv": 2.217820502602741,
          "rate": 0.45089311728629167,
          "cv": 1.0,
          "lambda": 0.3
        },
        "MS3_2": {
          "meanserv": 1.9587859330342616,
          "stddevserv": 1.9587859330342616,
          "rate": 0.5105203091033781,
          "cv": 1.0,
          "lambda": 0.3
        },
        "MS3_3": {
          "meanserv": 1.414969868654727,
          "stddevserv": 1.414969868654727,
          "rate": 0.7067288301698913,
          "cv": 1.0,
          "lambda": 0.3
        },
        "MS3_4": {
          "meanserv": 0.44577748856832144,
          "stddevserv": 0.44577748856832144,
          "rate": 2.243271644810158,
          "cv": 1.0,
          "lambda": 0.3
        },
        "MS3_5": {
          "meanserv": 1.3850037167458762,
          "stddevserv": 1.3850037167458762,
          "rate": 0.7220197230586078,
          "cv": 1.0,
          "lambda": 0.3
        },
        "MS3_6": {
          "meanserv": 0.027923615879439367,
          "stddevserv": 0.027923615879439367,
          "rate": 35.81198095252116,
          "cv": 1.0,
          "lambda": 0.3
        },
        "MS3_7": {
          "meanserv": 0.12777426396780545,
          "stddevserv": 0.12777426396780545,
          "rate": 7.826302174997966,
          "cv": 1.0,
          "lambda": 0.3
        },
        "MS3_8": {
          "meanserv": 1.4985206946649035,
          "stddevserv": 1.4985206946649035,
          "rate": 0.6673247847428748,
          "cv": 1.0,
          "lambda": 0.3
        },
        "MS3_9": {
          "meanserv": 0.6998404417912312,
          "stddevserv": 0.6998404417912312,
          "rate": 1.4288971318098094,
          "cv": 1.0,
          "lambda": 0.3
        },
        "MS3_10": {
          "meanserv": 0.22358347409069346,
          "stddevserv": 0.22358347409069346,
          "rate": 4.4726024768465855,
          "cv": 1.0,
          "lambda": 0.3
        }
      },
      "sensors": [
        "S3"
      ],
      "sources": [
        {
          "startTime": 0,
          "stopTime": -1,
          "lambda": 0.3
        }
      ]
    },
    "SC4": {
      "resptime": 42.55839464237672,
      "resptime_old": 32.55839464237672,
      "waittime": 24.56276385122169,
      "servicetime": 10.0,
      "networktime": 7.995630791155032,
      "services": {
        "MS4_1": {
          "meanserv": 0.02477984003998457,
          "stddevserv": 0.02477984003998457,
          "rate": 40.3553856032326,
          "cv": 1.0,
          "lambda": 0.3
        },
        "MS4_2": {
          "meanserv": 2.7574392189034036,
          "stddevserv": 2.7574392189034036,
          "rate": 0.362655319161554,
          "cv": 1.0,
          "lambda": 0.3
        },
        "MS4_3": {
          "meanserv": 0.7794360852131454,
          "stddevserv": 0.7794360852131454,
          "rate": 1.2829788342767565,
          "cv": 1.0,
          "lambda": 0.3
        },
        "MS4_4": {
          "meanserv": 0.7441812382417368,
          "stddevserv": 0.7441812382417368,
          "rate": 1.3437586821762417,
          "cv": 1.0,
          "lambda": 0.3
        },
        "MS4_5": {
          "meanserv": 0.7901932501114732,
          "stddevserv": 0.7901932501114732,
          "rate": 1.2655132144686494,
          "cv": 1.0,
          "lambda": 0.3
        },
        "MS4_6": {
          "meanserv": 0.6274749943684821,
          "stddevserv": 0.6274749943684821,
          "rate": 1.593689005896471,
          "cv": 1.0,
          "lambda": 0.3
        },
        "MS4_7": {
          "meanserv": 1.1314984288732166,
          "stddevserv": 1.1314984288732166,
          "rate": 0.8837838166473045,
          "cv": 1.0,
          "lambda": 0.3
        },
        "MS4_8": {
          "meanserv": 1.3277584663902502,
          "stddevserv": 1.3277584663902502,
          "rate": 0.7531490292196589,
          "cv": 1.0,
          "lambda": 0.3
        },
        "MS4_9": {
          "meanserv": 0.7755357131044445,
          "stddevserv": 0.7755357131044445,
          "rate": 1.2894312706722844,
          "cv": 1.0,
          "lambda": 0.3
        },
        "MS4_10": {
          "meanserv": 1.0417027647538628,
          "stddevserv": 1.0417027647538628,
          "rate": 0.9599667331556747,
          "cv": 1.0,
          "lambda": 0.3
        }
      },
      "sensors": [
        "S4"
      ],
      "sources": [
        {
          "startTime": 0,
          "stopTime": -1,
          "lambda": 0.3
        }
      ]
    }
  },
  "microservice": {
    "MS1_1": "F19",
    "MS1_2": "F13",
    "MS1_3": "F4",
    "MS1_4": "F15",
    "MS1_5": "F15",
    "MS1_6": "F5",
    "MS1_7": "F19",
    "MS1_8": "F3",
    "MS1_9": "F14",
    "MS1_10": "F11",
    "MS2_1": "F12",
    "MS2_2": "F9",
    "MS2_3": "F17",
    "MS2_4": "F20",
    "MS2_5": "F20",
    "MS2_6": "F7",
    "MS2_7": "F15",
    "MS2_8": "F16",
    "MS2_9": "F16",
    "MS2_10": "F4",
    "MS3_1": "F8",
    "MS3_2": "F6",
    "MS3_3": "F18",
    "MS3_4": "F18",
    "MS3_5": "F11",
    "MS3_6": "F20",
    "MS3_7": "F20",
    "MS3_8": "F1",
    "MS3_9": "F13",
    "MS3_10": "F13",
    "MS4_1": "F16",
    "MS4_2": "F2",
    "MS4_3": "F9",
    "MS4_4": "F13",
    "MS4_5": "F1",
    "MS4_6": "F10",
    "MS4_7": "F10",
    "MS4_8": "F3",
    "MS4_9": "F16",
    "MS4_10": "F20"
  },
  "sensor": {
    "S1": "F19",
    "S2": "F12",
    "S3": "F8",
    "S4": "F16"
  },
  "fog": {
    "F1": {
      "rho": 0.686614183432913,
      "capacity": 1.0,
      "tserv": 1.1443569723881883,
      "stddev": 1.2491664279059285,
      "mu": 0.8738531980218323,
      "cv": 1.091588077887104,
      "lambda": 0.6,
      "twait": 2.7473830911996675
    },
    "F2": {
      "rho": 0.827231765671021,
      "capacity": 1.0,
      "tserv": 2.7574392189034036,
      "stddev": 2.7574392189034036,
      "mu": 0.362655319161554,
      "cv": 1.0,
      "lambda": 0.3,
      "twait": 13.202897642864759
    },
    "F3": {
      "rho": 0.5751404162507135,
      "capacity": 1.0,
      "tserv": 0.958567360417856,
      "stddev": 1.0915381486309559,
      "mu": 1.0432235034208581,
      "cv": 1.138718251532303,
      "lambda": 0.6,
      "twait": 1.4901207328916901
    },
    "F4": {
      "rho": 0.6455191527571893,
      "capacity": 1.0,
      "tserv": 1.0758652545953156,
      "stddev": 1.1699128298437438,
      "mu": 0.9294844272818792,
      "cv": 1.0874157566170348,
      "lambda": 0.6,
      "twait": 2.1379282647799025
    },
    "F5": {
      "rho": 0.7471141030632827,
      "capacity": 1.0,
      "tserv": 2.4903803435442757,
      "stddev": 2.4903803435442757,
      "mu": 0.4015450903281759,
      "cv": 1.0,
      "lambda": 0.3,
      "twait": 7.3574616030055315
    },
    "F6": {
      "rho": 0.5876357799102784,
      "capacity": 1.0,
      "tserv": 1.9587859330342616,
      "stddev": 1.9587859330342616,
      "mu": 0.5105203091033781,
      "cv": 1.0,
      "lambda": 0.3,
      "twait": 2.791349596687671
    },
    "F7": {
      "rho": 0.5426318121353618,
      "capacity": 1.0,
      "tserv": 1.8087727071178727,
      "stddev": 1.8087727071178732,
      "mu": 0.552861062125056,
      "cv": 1.0000000000000002,
      "lambda": 0.3,
      "twait": 2.145968254562641
    },
    "F8": {
      "rho": 0.6653461507808223,
      "capacity": 1.0,
      "tserv": 2.217820502602741,
      "stddev": 2.217820502602741,
      "mu": 0.45089311728629167,
      "cv": 1.0,
      "lambda": 0.3,
      "twait": 4.409387006820539
    },
    "F9": {
      "rho": 0.6449335815054824,
      "capacity": 1.0,
      "tserv": 1.0748893025091373,
      "stddev": 1.1532442151902105,
      "mu": 0.9303283581534195,
      "cv": 1.0728957972678375,
      "lambda": 0.6,
      "twait": 2.0999106953478113
    },
    "F10": {
      "rho": 0.5276920269725096,
      "capacity": 1.0,
      "tserv": 0.8794867116208493,
      "stddev": 0.9489555770333137,
      "mu": 1.1370268439383817,
      "cv": 1.0789879647919145,
      "lambda": 0.6,
      "twait": 1.0632978852992068
    },
    "F11": {
      "rho": 0.7557343066253683,
      "capacity": 1.0,
      "tserv": 1.2595571777089474,
      "stddev": 1.2719897610558095,
      "mu": 0.7939298173179681,
      "cv": 1.0098705986253647,
      "lambda": 0.6,
      "twait": 3.9356024890907695
    },
    "F12": {
      "rho": 0.46431948956319646,
      "capacity": 1.0,
      "tserv": 1.5477316318773215,
      "stddev": 1.5477316318773215,
      "mu": 0.6461068439798247,
      "cv": 1.0,
      "lambda": 0.3,
      "twait": 1.341549575339408
    },
    "F13": {
      "rho": 0.6103546537637565,
      "capacity": 1.0,
      "tserv": 0.5086288781364637,
      "stddev": 0.5961495068239179,
      "mu": 1.9660700423928794,
      "cv": 1.1720716861537945,
      "lambda": 1.2,
      "twait": 0.9456254146381031
    },
    "F14": {
      "rho": 0.47300603041549166,
      "capacity": 1.0,
      "tserv": 1.5766867680516388,
      "stddev": 1.5766867680516388,
      "mu": 0.63424138532965,
      "cv": 1.0,
      "lambda": 0.3,
      "twait": 1.4151629665757375
    },
    "F15": {
      "rho": 0.5997742045531455,
      "capacity": 1.0,
      "tserv": 0.6664157828368283,
      "stddev": 0.8628765908696397,
      "mu": 1.500564701128709,
      "cv": 1.2948021536892604,
      "lambda": 0.8999999999999999,
      "twait": 1.3364948214068928
    },
    "F16": {
      "rho": 0.4791293730681381,
      "capacity": 1.0,
      "tserv": 0.39927447755678175,
      "stddev": 0.5921799551855695,
      "mu": 2.504542754946784,
      "cv": 1.4831400163847295,
      "lambda": 1.2,
      "twait": 0.5875899097130922
    },
    "F17": {
      "rho": 0.48995754424557764,
      "capacity": 1.0,
      "tserv": 1.6331918141519255,
      "stddev": 1.6331918141519255,
      "mu": 0.6122979501457239,
      "cv": 1.0,
      "lambda": 0.3,
      "twait": 1.568878514946879
    },
    "F18": {
      "rho": 0.5582242071669145,
      "capacity": 1.0,
      "tserv": 0.9303736786115241,
      "stddev": 1.1555354242349802,
      "mu": 1.0748369423911317,
      "cv": 1.2420121622093654,
      "lambda": 0.6,
      "twait": 1.4945526673616971
    },
    "F19": {
      "rho": 0.6112256783486154,
      "capacity": 1.0,
      "tserv": 1.018709463914359,
      "stddev": 1.0303280328385702,
      "mu": 0.9816341512697168,
      "cv": 1.0114051840448868,
      "lambda": 0.6,
      "twait": 1.6199718270005772
    },
    "F20": {
      "rho": 0.5084155397702216,
      "capacity": 1.0,
      "tserv": 0.3389436931801478,
      "stddev": 0.6269936224133866,
      "mu": 2.9503425498715576,
      "cv": 1.8498459627043156,
      "lambda": 1.5,
      "twait": 0.7750506842550595
    }
  },
  "extra": {
    "conv_gen": 275,
    "max_gen": 600,
    "population": 600,
    "deltatime": 75.7582424,
    "obj_func": 37.29295863724716
  },
  "network": [
    [
      0.0,
      0.9257117424904312,
      1.0824073296396526,
      1.0200506104319667,
      0.5768821958724231,
      1.0101363602528046,
      0.9763893014399606,
      0.5695225219220983,
      0.7060722026447442,
      1.0411928372314625,
      1.1604191670218056,
      1.0556901023782448,
      1.0022607707337183,
      1.1558783013131557,
      1.165267809703311,
      0.6382662348331769,
      1.019167190410685,
      1.2055043861140016,
      0.5357779285559473,
      0.5357779285559473
    ],
    [
      0.9257117424904312,
      0.0,
      1.0063971802440037,
      1.0041285570249656,
      0.850880955066387,
      0.9261759190581339,
      0.9850518090250665,
      0.7290012286779518,
      1.1091191062730796,
      1.069710492968884,
      0.9328217366673809,
      1.0533799546614655,
      1.1841716592430513,
      0.8804342080736806,
      1.1947258889171333,
      0.9635893427001839,
      1.1055640309871462,
      0.5357779285559473,
      1.4253558064411125,
      1.4253558064411125
    ],
    [
      1.0824073296396526,
      1.0063971802440037,
      0.0,
      0.8875282885596292,
      0.8269607738976833,
      1.1985141330587423,
      0.8932972372714638,
      0.7900317164981822,
      1.1864470151291941,
      0.9147516137165403,
      1.0821626707884826,
      0.827277816794552,
      1.2500662397332887,
      0.8818828397131785,
      0.8714118964633799,
      1.1562872633030834,
      1.2055043861140016,
      1.4253558064411125,
      1.13669508174024,
      1.13669508174024
    ],
    [
      1.0200506104319667,
      1.0041285570249656,
      0.8875282885596292,
      0.0,
      1.2806658522955185,
      0.7557992787369452,
      1.1124124878998662,
      1.0350320642398358,
      1.269788388876302,
      1.318457836739021,
      1.134943455176944,
      1.2163847477699903,
      1.0559935763638644,
      1.0008308805577462,
      1.0313288752146696,
      1.019167190410685,
      0.5357779285559473,
      1.13669508174024,
      1.102091006479664,
      1.102091006479664
    ],
    [
      0.5768821958724231,
      0.850880955066387,
      0.8269607738976833,
      1.2806658522955185,
      0.0,
      0.9760460139990317,
      1.0823123157249193,
      0.8704327878262773,
      0.8618573773231216,
      0.552439960303769,
      0.7597253453769565,
      0.9720366960834901,
      0.681070070575274,
      1.1422149530857932,
      0.6382662348331769,
      1.1055640309871462,
      1.4253558064411125,
      1.102091006479664,
      0.7389428040647901,
      0.7389428040647901
    ],
    [
      1.0101363602528046,
      0.9261759190581339,
      1.1985141330587423,
      0.7557992787369452,
      0.9760460139990317,
      0.0,
      0.8465258862176734,
      0.8248938047155443,
      1.4331407612207998,
      1.4233019045081412,
      1.140077385552936,
      1.0800821912742347,
      0.7860005254325245,
      1.165267809703311,
      0.9635893427001839,
      1.2055043861140016,
      1.13669508174024,
      0.7389428040647901,
      0.7469687129735832,
      0.7469687129735832
    ],
    [
      0.9763893014399606,
      0.9850518090250665,
      0.8932972372714638,
      1.1124124878998662,
      1.0823123157249193,
      0.8465258862176734,
      0.0,
      1.5523353519574954,
      1.1144636028902632,
      0.8936541963181865,
      1.3247420351796084,
      0.9027078981428476,
      1.1558783013131557,
      1.1947258889171333,
      1.1562872633030834,
      0.5357779285559473,
      1.102091006479664,
      0.7469687129735832,
      0.6630411279735644,
      0.6630411279735644
    ],
    [
      0.5695225219220983,
      0.7290012286779518,
      0.7900317164981822,
      1.0350320642398358,
      0.8704327878262773,
      0.8248938047155443,
      1.5523353519574954,
      0.0,
      1.1504607860647524,
      1.2618793843038467,
      0.8311615351659101,
      1.0022607707337183,
      0.8804342080736806,
      0.8714118964633799,
      1.019167190410685,
      1.4253558064411125,
      0.7389428040647901,
      0.6630411279735644,
      0.9907520037218841,
      0.9907520037218841
    ],
    [
      0.7060722026447442,
      1.1091191062730796,
      1.1864470151291941,
      1.269788388876302,
      0.8618573773231216,
      1.4331407612207998,
      1.1144636028902632,
      1.1504607860647524,
      0.0,
      0.5687233166539796,
      1.0556901023782448,
      1.1841716592430513,
      0.8818828397131785,
      1.0313288752146696,
      1.1055640309871462,
      1.13669508174024,
      0.7469687129735832,
      0.9907520037218841,
      1.036317263878517,
      1.036317263878517
    ],
    [
      1.0411928372314625,
      1.069710492968884,
      0.9147516137165403,
      1.318457836739021,
      0.552439960303769,
      1.4233019045081412,
      0.8936541963181865,
      1.2618793843038467,
      0.5687233166539796,
      0.0,
      1.0533799546614655,
      1.2500662397332887,
      1.0008308805577462,
      0.6382662348331769,
      1.2055043861140016,
      1.102091006479664,
      0.6630411279735644,
      1.036317263878517,
      1.0510137897877823,
      1.0510137897877823
    ],
    [
      1.1604191670218056,
      0.9328217366673809,
      1.0821626707884826,
      1.134943455176944,
      0.7597253453769565,
      1.140077385552936,
      1.3247420351796084,
      0.8311615351659101,
      1.0556901023782448,
      1.0533799546614655,
      0.0,
      1.0559935763638644,
      1.1422149530857932,
      0.9635893427001839,
      0.5357779285559473,
      0.7389428040647901,
      0.9907520037218841,
      1.0510137897877823,
      1.2568873988207527,
      1.2568873988207527
    ],
    [
      1.0556901023782448,
      1.0533799546614655,
      0.827277816794552,
      1.2163847477699903,
      0.9720366960834901,
      1.0800821912742347,
      0.9027078981428476,
      1.0022607707337183,
      1.1841716592430513,
      1.2500662397332887,
      1.0559935763638644,
      0.0,
      1.165267809703311,
      1.1562872633030834,
      1.4253558064411125,
      0.7469687129735832,
      1.036317263878517,
      1.2568873988207527,
      1.044907628286617,
      1.044907628286617
    ],
    [
      1.0022607707337183,
      1.1841716592430513,
      1.2500662397332887,
      1.0559935763638644,
      0.681070070575274,
      0.7860005254325245,
      1.1558783013131557,
      0.8804342080736806,
      0.8818828397131785,
      1.0008308805577462,
      1.1422149530857932,
      1.165267809703311,
      0.0,
      1.019167190410685,
      1.13669508174024,
      0.6630411279735644,
      1.0510137897877823,
      1.044907628286617,
      0.8180528923126819,
      0.8180528923126819
    ],
    [
      1.1558783013131557,
      0.8804342080736806,
      0.8818828397131785,
      1.0008308805577462,
      1.1422149530857932,
      1.165267809703311,
      1.1947258889171333,
      0.8714118964633799,
      1.0313288752146696,
      0.6382662348331769,
      0.9635893427001839,
      1.1562872633030834,
      1.019167190410685,
      0.0,
      1.102091006479664,
      0.9907520037218841,
      1.2568873988207527,
      0.8180528923126819,
      1.1115142652381775,
      1.1115142652381775
    ],
    [
      1.165267809703311,
      1.1947258889171333,
      0.8714118964633799,
      1.0313288752146696,
      0.6382662348331769,
      0.9635893427001839,
      1.1562872633030834,
      1.019167190410685,
      1.1055640309871462,
      1.2055043861140016,
      0.5357779285559473,
      1.4253558064411125,
      1.13669508174024,
      1.102091006479664,
      0.0,
      1.036317263878517,
      1.044907628286617,
      1.1115142652381775,
      1.0824636396547838,
      1.0824636396547838
    ],
    [
      0.6382662348331769,
      0.9635893427001839,
      1.1562872633030834,
      1.019167190410685,
      1.1055640309871462,
      1.2055043861140016,
      0.5357779285559473,
      1.4253558064411125,
      1.13669508174024,
      1.102091006479664,
      0.7389428040647901,
      0.7469687129735832,
      0.6630411279735644,
      0.9907520037218841,
      1.036317263878517,
      0.0,
      0.8180528923126819,
      1.0824636396547838,
      0.9265470174837864,
      0.9265470174837864
    ],
    [
      1.019167190410685,
      1.1055640309871462,
      1.2055043861140016,
      0.5357779285559473,
      1.4253558064411125,
      1.13669508174024,
      1.102091006479664,
      0.7389428040647901,
      0.7469687129735832,
      0.6630411279735644,
      0.9907520037218841,
      1.036317263878517,
      1.0510137897877823,
      1.2568873988207527,
      1.044907628286617,
      0.8180528923126819,
      0.0,
      0.9265470174837864,
      1.26793274678324,
      1.26793274678324
    ],
    [
      1.2055043861140016,
      0.5357779285559473,
      1.4253558064411125,
      1.13669508174024,
      1.102091006479664,
      0.7389428040647901,
      0.7469687129735832,
      0.6630411279735644,
      0.9907520037218841,
      1.036317263878517,
      1.0510137897877823,
      1.2568873988207527,
      1.044907628286617,
      0.8180528923126819,
      1.1115142652381775,
      1.0824636396547838,
      0.9265470174837864,
      0.0,
      0.7768843827096762,
      0.7768843827096762
    ],
    [
      0.5357779285559473,
      1.4253558064411125,
      1.13669508174024,
      1.102091006479664,
      0.7389428040647901,
      0.7469687129735832,
      0.6630411279735644,
      0.9907520037218841,
      1.036317263878517,
      1.0510137897877823,
      1.2568873988207527,
      1.044907628286617,
      0.8180528923126819,
      1.1115142652381775,
      1.0824636396547838,
      0.9265470174837864,
      1.26793274678324,
      0.7768843827096762,
      0.0,
      1.1209121332310912
    ],
    [
      0.5357779285559473,
      1.4253558064411125,
      1.13669508174024,
      1.102091006479664,
      0.7389428040647901,
      0.7469687129735832,
      0.6630411279735644,
      0.9907520037218841,
      1.036317263878517,
      1.0510137897877823,
      1.2568873988207527,
      1.044907628286617,
      0.8180528923126819,
      1.1115142652381775,
      1.0824636396547838,
      0.9265470174837864,
      1.26793274678324,
      0.7768843827096762,
      1.1209121332310912,
      0.0
    ]
  ]
}