{
  "servicechain": {
    "SC1": {
      "resptime": 20.954853597697806,
      "resptime_old": 10.954853597697806,
      "waittime": 7.362524233514044,
      "servicetime": 10.0,
      "networktime": 3.592329364183763,
      "services": {
        "MS1_1": {
          "meanserv": 3.6046050002663934,
          "stddevserv": 3.6046050002663934,
          "rate": 0.27742290762125016,
          "cv": 1.0,
          "lambda": 0.1
        },
        "MS1_2": {
          "meanserv": 3.270000941599805,
          "stddevserv": 3.270000941599805,
          "rate": 0.30581030949512916,
          "cv": 1.0,
          "lambda": 0.1
        },
        "MS1_3": {
          "meanserv": 2.60425378233216,
          "stddevserv": 2.60425378233216,
          "rate": 0.3839871547021353,
          "cv": 1.0,
          "lambda": 0.1
        },
        "MS1_4": {
          "meanserv": 0.08211680244000874,
          "stddevserv": 0.08211680244000874,
          "rate": 12.177775683978442,
          "cv": 1.0,
          "lambda": 0.1
        },
        "MS1_5": {
          "meanserv": 0.43902347336163317,
          "stddevserv": 0.43902347336163317,
          "rate": 2.2777825348219554,
          "cv": 1.0,
          "lambda": 0.1
        }
      },
      "sensors": [
        "S1"
      ],
      "sources": [
        {
          "startTime": 0,
          "stopTime": -1,
          "lambda": 0.1
        }
      ]
    },
    "SC2": {
      "resptime": 24.74770300964752,
      "resptime_old": 14.747703009647518,
      "waittime": 9.9163947916627,
      "servicetime": 10.0,
      "networktime": 4.831308217984819,
      "services": {
        "MS2_1": {
          "meanserv": 0.49121075108738643,
          "stddevserv": 0.49121075108738643,
          "rate": 2.0357860608431593,
          "cv": 1.0,
          "lambda": 0.1
        },
        "MS2_2": {
          "meanserv": 4.809070012680207,
          "stddevserv": 4.809070012680207,
          "rate": 0.20794041204708447,
          "cv": 1.0,
          "lambda": 0.1
        },
        "MS2_3": {
          "meanserv": 1.1554738976692658,
          "stddevserv": 1.1554738976692658,
          "rate": 0.8654457725242639,
          "cv": 1.0,
          "lambda": 0.1
        },
        "MS2_4": {
          "meanserv": 0.9079338827704966,
          "stddevserv": 0.9079338827704966,
          "rate": 1.1014017859412517,
          "cv": 1.0,
          "lambda": 0.1
        },
        "MS2_5": {
          "meanserv": 2.6363114557926437,
          "stddevserv": 2.6363114557926437,
          "rate": 0.3793178525256365,
          "cv": 1.0,
          "lambda": 0.1
        }
      },
      "sensors": [
        "S2"
      ],
      "sources": [
        {
          "startTime": 0,
          "stopTime": -1,
          "lambda": 0.1
        }
      ]
    },
    "SC3": {
      "resptime": 23.483461259236176,
      "resptime_old": 13.483461259236174,
      "waittime": 6.887871219633598,
      "servicetime": 10.0,
      "networktime": 6.595590039602578,
      "services": {
        "MS3_1": {
          "meanserv": 1.1237366091559953,
          "stddevserv": 1.1237366091559953,
          "rate": 0.8898882459218534,
          "cv": 1.0,
          "lambda": 0.1
        },
        "MS3_2": {
          "meanserv": 0.380282504351408,
          "stddevserv": 0.380282504351408,
          "rate": 2.629623999414733,
          "cv": 1.0,
          "lambda": 0.1
        },
        "MS3_3": {
          "meanserv": 2.7230238419938626,
          "stddevserv": 2.7230238419938626,
          "rate": 0.36723879702345036,
          "cv": 1.0,
          "lambda": 0.1
        },
        "MS3_4": {
          "meanserv": 2.51780364281208,
          "stddevserv": 2.51780364281208,
          "rate": 0.39717155976592433,
          "cv": 1.0,
          "lambda": 0.1
        },
        "MS3_5": {
          "meanserv": 3.2551534016866546,
          "stddevserv": 3.2551534016866546,
          "rate": 0.3072051840880528,
          "cv": 1.0,
          "lambda": 0.1
        }
      },
      "sensors": [
        "S3"
      ],
      "sources": [
        {
          "startTime": 0,
          "stopTime": -1,
          "lambda": 0.1
        }
      ]
    },
    "SC4": {
      "resptime": 23.8269133730732,
      "resptime_old": 13.8269133730732,
      "waittime": 10.007002284698133,
      "servicetime": 10.0,
      "networktime": 3.8199110883750675,
      "services": {
        "MS4_1": {
          "meanserv": 0.7842880327887636,
          "stddevserv": 0.7842880327887636,
          "rate": 1.2750417680660127,
          "cv": 1.0,
          "lambda": 0.1
        },
        "MS4_2": {
          "meanserv": 2.1368336899375446,
          "stddevserv": 2.1368336899375446,
          "rate": 0.4679821385768342,
          "cv": 1.0,
          "lambda": 0.1
        },
        "MS4_3": {
          "meanserv": 3.1585457230556626,
          "stddevserv": 3.1585457230556626,
          "rate": 0.31660140067010745,
          "cv": 1.0,
          "lambda": 0.1
        },
        "MS4_4": {
          "meanserv": 2.234497384904416,
          "stddevserv": 2.234497384904416,
          "rate": 0.44752793480793285,
          "cv": 1.0,
          "lambda": 0.1
        },
        "MS4_5": {
          "meanserv": 1.6858351693136129,
          "stddevserv": 1.6858351693136129,
          "rate": 0.5931778018411786,
          "cv": 1.0,
          "lambda": 0.1
        }
      },
      "sensors": [
        "S4"
      ],
      "sources": [
        {
          "startTime": 0,
          "stopTime": -1,
          "lambda": 0.1
        }
      ]
    }
  },
  "microservice": {
    "MS1_1": "F2",
    "MS1_2": "F7",
    "MS1_3": "F8",
    "MS1_4": "F8",
    "MS1_5": "F8",
    "MS2_1": "F6",
    "MS2_2": "F1",
    "MS2_3": "F5",
    "MS2_4": "F6",
    "MS2_5": "F6",
    "MS3_1": "F9",
    "MS3_2": "F9",
    "MS3_3": "F5",
    "MS3_4": "F9",
    "MS3_5": "F3",
    "MS4_1": "F8",
    "MS4_2": "F4",
    "MS4_3": "F4",
    "MS4_4": "F10",
    "MS4_5": "F10"
  },
  "sensor": {
    "S1": "F2",
    "S2": "F6",
    "S3": "F9",
    "S4": "F8"
  },
  "fog": {
    "F1": {
      "rho": 0.4809070012680207,
      "capacity": 1.0,
      "tserv": 4.809070012680207,
      "stddev": 4.809070012680207,
      "mu": 0.20794041204708447,
      "cv": 1.0,
      "lambda": 0.1,
      "twait": 4.455300773340065
    },
    "F2": {
      "rho": 0.3604605000266393,
      "capacity": 1.0,
      "tserv": 3.6046050002663934,
      "stddev": 3.604605000266394,
      "mu": 0.27742290762125016,
      "cv": 1.0000000000000002,
      "lambda": 0.1,
      "twait": 2.0316457714475344
    },
    "F3": {
      "rho": 0.32551534016866546,
      "capacity": 1.0,
      "tserv": 3.2551534016866546,
      "stddev": 3.2551534016866546,
      "mu": 0.3072051840880528,
      "cv": 1.0,
      "lambda": 0.1,
      "twait": 1.5709806759966787
    },
    "F4": {
      "rho": 0.5295379412993207,
      "capacity": 1.0,
      "tserv": 2.6476897064966036,
      "stddev": 2.7444869322329173,
      "mu": 0.3776877621068331,
      "cv": 1.0365591275664983,
      "lambda": 0.2,
      "twait": 3.0911035298465244
    },
    "F5": {
      "rho": 0.38784977396631287,
      "capacity": 1.0,
      "tserv": 1.9392488698315642,
      "stddev": 2.23367244535071,
      "mu": 0.515663572405153,
      "cv": 1.1518235127525012,
      "lambda": 0.2,
      "twait": 1.42938422631253
    },
    "F6": {
      "rho": 0.40354560896505265,
      "capacity": 1.0,
      "tserv": 1.3451520298835087,
      "stddev": 1.8800033783942136,
      "mu": 0.7434103936092643,
      "cv": 1.397614051518789,
      "lambda": 0.30000000000000004,
      "twait": 1.3439032640033683
    },
    "F7": {
      "rho": 0.3270000941599805,
      "capacity": 1.0,
      "tserv": 3.270000941599805,
      "stddev": 3.270000941599805,
      "mu": 0.30581030949512916,
      "cv": 1.0,
      "lambda": 0.1,
      "twait": 1.588842147714274
    },
    "F8": {
      "rho": 0.3909682090922565,
      "capacity": 1.0,
      "tserv": 0.9774205227306413,
      "stddev": 1.6861240322204107,
      "mu": 1.0231010877552253,
      "cv": 1.7250753314549288,
      "lambda": 0.4,
      "twait": 1.2473454381174118
    },
    "F9": {
      "rho": 0.4021822756319483,
      "capacity": 1.0,
      "tserv": 1.3406075854398274,
      "stddev": 1.8350096977805077,
      "mu": 0.7459304354688694,
      "cv": 1.3687895829550125,
      "lambda": 0.30000000000000004,
      "twait": 1.29583543910813
    },
    "F10": {
      "rho": 0.3920332554218029,
      "capacity": 1.0,
      "tserv": 1.9601662771090145,
      "stddev": 1.9981909186371352,
      "mu": 0.5101608020085253,
      "cv": 1.0193986816180727,
      "lambda": 0.2,
      "twait": 1.2887248934438362
    }
  },
  "extra": {
    "deltatime": 0.0137228,
    "obj_func": 23.253232809913676
  },
  "network": [
    [
      0.0,
      2.3108432645772807,
      2.3697063475316305,
      1.584216376210201,
      1.5356626957852129,
      1.7590739886141304,
      1.8009606198641452,
      2.1418600365784384,
      1.829722758624072,
      1.829722758624072
    ],
    [
      2.3108432645772807,
      0.0,
      1.8958853931789748,
      2.21035482576633,
      1.9714405578996725,
      2.17872863777738,
      1.5365715335854753,
      1.829722758624072,
      1.88663022402752,
      1.88663022402752
    ],
    [
      2.3697063475316305,
      1.8958853931789748,
      0.0,
      2.1841805797178213,
      2.1308092941061956,
      1.9364750879822767,
      2.1418600365784384,
      1.88663022402752,
      1.4389033814397425,
      1.4389033814397425
    ],
    [
      1.584216376210201,
      2.21035482576633,
      2.1841805797178213,
      0.0,
      2.197289409616125,
      1.8009606198641452,
      1.829722758624072,
      1.4389033814397425,
      2.381007706935325,
      2.381007706935325
    ],
    [
      1.5356626957852129,
      1.9714405578996725,
      2.1308092941061956,
      2.197289409616125,
      0.0,
      1.5365715335854753,
      1.88663022402752,
      2.381007706935325,
      2.5783433290814175,
      2.5783433290814175
    ],
    [
      1.7590739886141304,
      2.17872863777738,
      1.9364750879822767,
      1.8009606198641452,
      1.5365715335854753,
      0.0,
      1.4389033814397425,
      2.5783433290814175,
      2.0557578305982878,
      2.0557578305982878
    ],
    [
      1.8009606198641452,
      1.5365715335854753,
      2.1418600365784384,
      1.829722758624072,
      1.88663022402752,
      1.4389033814397425,
      0.0,
      2.0557578305982878,
      2.4884537355056766,
      2.4884537355056766
    ],
    [
      2.1418600365784384,
      1.829722758624072,
      1.88663022402752,
      1.4389033814397425,
      2.381007706935325,
      2.5783433290814175,
      2.0557578305982878,
      0.0,
      2.699768346926089,
      2.699768346926089
    ],
    [
      1.829722758624072,
      1.88663022402752,
      1.4389033814397425,
      2.381007706935325,
      2.5783433290814175,
      2.0557578305982878,
      2.4884537355056766,
      2.699768346926089,
      0.0,
      1.7241429519815217
    ],
    [
      1.829722758624072,
      1.88663022402752,
      1.4389033814397425,
      2.381007706935325,
      2.5783433290814175,
      2.0557578305982878,
      2.4884537355056766,
      2.699768346926089,
      1.7241429519815217,
      0.0
    ]
  ]
}