{
  "servicechain": {
    "SC1": {
      "resptime": 33.06750607877337,
      "resptime_old": 23.067506078773366,
      "waittime": 17.87946434855696,
      "servicetime": 10.0,
      "networktime": 5.188041730216409,
      "services": {
        "MS1_1": {
          "meanserv": 0.08855832671495367,
          "stddevserv": 0.08855832671495367,
          "rate": 11.291992939509134,
          "cv": 1.0,
          "lambda": 0.15
        },
        "MS1_2": {
          "meanserv": 0.0001863980514582586,
          "stddevserv": 0.0001863980514582586,
          "rate": 5364.862948816484,
          "cv": 1.0,
          "lambda": 0.15
        },
        "MS1_3": {
          "meanserv": 0.5840758046101302,
          "stddevserv": 0.5840758046101302,
          "rate": 1.7121065315614274,
          "cv": 1.0,
          "lambda": 0.15
        },
        "MS1_4": {
          "meanserv": 0.27044418186752406,
          "stddevserv": 0.27044418186752406,
          "rate": 3.6976206812607484,
          "cv": 1.0,
          "lambda": 0.15
        },
        "MS1_5": {
          "meanserv": 0.267354394771282,
          "stddevserv": 0.267354394771282,
          "rate": 3.740353701144454,
          "cv": 1.0,
          "lambda": 0.15
        },
        "MS1_6": {
          "meanserv": 0.29601063484702705,
          "stddevserv": 0.29601063484702705,
          "rate": 3.3782570025458103,
          "cv": 1.0,
          "lambda": 0.15
        },
        "MS1_7": {
          "meanserv": 0.9476341203904193,
          "stddevserv": 0.9476341203904193,
          "rate": 1.0552595970140948,
          "cv": 1.0,
          "lambda": 0.15
        },
        "MS1_8": {
          "meanserv": 1.0948139387450384,
          "stddevserv": 1.0948139387450384,
          "rate": 0.9133972126316536,
          "cv": 1.0,
          "lambda": 0.15
        },
        "MS1_9": {
          "meanserv": 1.9931006236435627,
          "stddevserv": 1.9931006236435627,
          "rate": 0.5017308148606728,
          "cv": 1.0,
          "lambda": 0.15
        },
        "MS1_10": {
          "meanserv": 0.04286425980839592,
          "stddevserv": 0.04286425980839592,
          "rate": 23.32945919211062,
          "cv": 1.0,
          "lambda": 0.15
        },
        "MS1_11": {
          "meanserv": 3.008640525746425,
          "stddevserv": 3.008640525746425,
          "rate": 0.33237603211234623,
          "cv": 1.0,
          "lambda": 0.15
        },
        "MS1_12": {
          "meanserv": 1.4063167908037837,
          "stddevserv": 1.4063167908037837,
          "rate": 0.7110773380074966,
          "cv": 1.0,
          "lambda": 0.15
        }
      },
      "sensors": [
        "S1"
      ],
      "sources": [
        {
          "startTime": 0,
          "stopTime": -1,
          "lambda": 0.15
        }
      ]
    },
    "SC2": {
      "resptime": 35.49828102337698,
      "resptime_old": 25.498281023376986,
      "waittime": 21.68868756604747,
      "servicetime": 10.0,
      "networktime": 3.8095934573295125,
      "services": {
        "MS2_1": {
          "meanserv": 0.3827572449424821,
          "stddevserv": 0.3827572449424821,
          "rate": 2.6126220031452903,
          "cv": 1.0,
          "lambda": 0.15
        },
        "MS2_2": {
          "meanserv": 0.6175156477426735,
          "stddevserv": 0.6175156477426735,
          "rate": 1.6193921622156406,
          "cv": 1.0,
          "lambda": 0.15
        },
        "MS2_3": {
          "meanserv": 0.22936893525210333,
          "stddevserv": 0.22936893525210333,
          "rate": 4.359788298711344,
          "cv": 1.0,
          "lambda": 0.15
        },
        "MS2_4": {
          "meanserv": 1.2527424157486655,
          "stddevserv": 1.2527424157486655,
          "rate": 0.7982486961634317,
          "cv": 1.0,
          "lambda": 0.15
        },
        "MS2_5": {
          "meanserv": 0.439872394064742,
          "stddevserv": 0.439872394064742,
          "rate": 2.2733865855032866,
          "cv": 1.0,
          "lambda": 0.15
        },
        "MS2_6": {
          "meanserv": 1.3858448422377938,
          "stddevserv": 1.3858448422377938,
          "rate": 0.7215814999789222,
          "cv": 1.0,
          "lambda": 0.15
        },
        "MS2_7": {
          "meanserv": 0.27006317911129507,
          "stddevserv": 0.27006317911129507,
          "rate": 3.7028372519746293,
          "cv": 1.0,
          "lambda": 0.15
        },
        "MS2_8": {
          "meanserv": 0.04505700861172368,
          "stddevserv": 0.04505700861172368,
          "rate": 22.19410544134089,
          "cv": 1.0,
          "lambda": 0.15
        },
        "MS2_9": {
          "meanserv": 0.0007847873885182821,
          "stddevserv": 0.0007847873885182821,
          "rate": 1274.2304662770512,
          "cv": 1.0,
          "lambda": 0.15
        },
        "MS2_10": {
          "meanserv": 0.44070762905587824,
          "stddevserv": 0.44070762905587824,
          "rate": 2.269078032849774,
          "cv": 1.0,
          "lambda": 0.15
        },
        "MS2_11": {
          "meanserv": 0.28560723559139056,
          "stddevserv": 0.28560723559139056,
          "rate": 3.5013118555254987,
          "cv": 1.0,
          "lambda": 0.15
        },
        "MS2_12": {
          "meanserv": 4.649678680252734,
          "stddevserv": 4.649678680252734,
          "rate": 0.21506862490240827,
          "cv": 1.0,
          "lambda": 0.15
        }
      },
      "sensors": [
        "S2"
      ],
      "sources": [
        {
          "startTime": 0,
          "stopTime": -1,
          "lambda": 0.15
        }
      ]
    },
    "SC3": {
      "resptime": 28.98587329697923,
      "resptime_old": 18.98587329697923,
      "waittime": 15.429950771302973,
      "servicetime": 10.0,
      "networktime": 3.5559225256762543,
      "services": {
        "MS3_1": {
          "meanserv": 0.8485829422643909,
          "stddevserv": 0.8485829422643909,
          "rate": 1.178435189059495,
          "cv": 1.0,
          "lambda": 0.15
        },
        "MS3_2": {
          "meanserv": 1.0837038129848076,
          "stddevserv": 1.0837038129848076,
          "rate": 0.9227613560256238,
          "cv": 1.0,
          "lambda": 0.15
        },
        "MS3_3": {
          "meanserv": 0.3015433852212601,
          "stddevserv": 0.3015433852212601,
          "rate": 3.3162723807263794,
          "cv": 1.0,
          "lambda": 0.15
        },
        "MS3_4": {
          "meanserv": 0.32718241052885677,
          "stddevserv": 0.32718241052885677,
          "rate": 3.05639902335704,
          "cv": 1.0,
          "lambda": 0.15
        },
        "MS3_5": {
          "meanserv": 0.00760745345314362,
          "stddevserv": 0.00760745345314362,
          "rate": 131.45003201916023,
          "cv": 1.0,
          "lambda": 0.15
        },
        "MS3_6": {
          "meanserv": 0.524495109377455,
          "stddevserv": 0.524495109377455,
          "rate": 1.9065954708079955,
          "cv": 1.0,
          "lambda": 0.15
        },
        "MS3_7": {
          "meanserv": 0.08395115180396795,
          "stddevserv": 0.08395115180396795,
          "rate": 11.911688863246008,
          "cv": 1.0,
          "lambda": 0.15
        },
        "MS3_8": {
          "meanserv": 0.6824909858159272,
          "stddevserv": 0.6824909858159272,
          "rate": 1.465220817245647,
          "cv": 1.0,
          "lambda": 0.15
        },
        "MS3_9": {
          "meanserv": 0.7069630759390009,
          "stddevserv": 0.7069630759390009,
          "rate": 1.4145010312904707,
          "cv": 1.0,
          "lambda": 0.15
        },
        "MS3_10": {
          "meanserv": 1.0379100331406574,
          "stddevserv": 1.0379100331406574,
          "rate": 0.963474644304243,
          "cv": 1.0,
          "lambda": 0.15
        },
        "MS3_11": {
          "meanserv": 1.2079322768123202,
          "stddevserv": 1.2079322768123202,
          "rate": 0.8278609812786489,
          "cv": 1.0,
          "lambda": 0.15
        },
        "MS3_12": {
          "meanserv": 3.1876373626582124,
          "stddevserv": 3.1876373626582124,
          "rate": 0.31371197103992,
          "cv": 1.0,
          "lambda": 0.15
        }
      },
      "sensors": [
        "S3"
      ],
      "sources": [
        {
          "startTime": 0,
          "stopTime": -1,
          "lambda": 0.15
        }
      ]
    },
    "SC4": {
      "resptime": 33.023778109463734,
      "resptime_old": 23.023778109463734,
      "waittime": 18.786027623043953,
      "servicetime": 10.0,
      "networktime": 4.237750486419781,
      "services": {
        "MS4_1": {
          "meanserv": 1.9908523584773974,
          "stddevserv": 1.9908523584773974,
          "rate": 0.5022974183604451,
          "cv": 1.0,
          "lambda": 0.15
        },
        "MS4_2": {
          "meanserv": 0.18424764986521014,
          "stddevserv": 0.18424764986521014,
          "rate": 5.427477640727407,
          "cv": 1.0,
          "lambda": 0.15
        },
        "MS4_3": {
          "meanserv": 0.36278475823136835,
          "stddevserv": 0.36278475823136835,
          "rate": 2.75645538383463,
          "cv": 1.0,
          "lambda": 0.15
        },
        "MS4_4": {
          "meanserv": 1.6590609584552176,
          "stddevserv": 1.6590609584552176,
          "rate": 0.6027506071453327,
          "cv": 1.0,
          "lambda": 0.15
        },
        "MS4_5": {
          "meanserv": 1.5905333834260498,
          "stddevserv": 1.5905333834260498,
          "rate": 0.6287199064291089,
          "cv": 1.0,
          "lambda": 0.15
        },
        "MS4_6": {
          "meanserv": 0.18476088758233633,
          "stddevserv": 0.18476088758233633,
          "rate": 5.412400931200132,
          "cv": 1.0,
          "lambda": 0.15
        },
        "MS4_7": {
          "meanserv": 1.7535404754357709,
          "stddevserv": 1.7535404754357709,
          "rate": 0.57027483198042,
          "cv": 1.0,
          "lambda": 0.15
        },
        "MS4_8": {
          "meanserv": 0.0695156285926446,
          "stddevserv": 0.0695156285926446,
          "rate": 14.385254370062754,
          "cv": 1.0,
          "lambda": 0.15
        },
        "MS4_9": {
          "meanserv": 0.6208278392243418,
          "stddevserv": 0.6208278392243418,
          "rate": 1.610752509503107,
          "cv": 1.0,
          "lambda": 0.15
        },
        "MS4_10": {
          "meanserv": 0.33884971596658886,
          "stddevserv": 0.33884971596658886,
          "rate": 2.951160803388726,
          "cv": 1.0,
          "lambda": 0.15
        },
        "MS4_11": {
          "meanserv": 0.2862224906776323,
          "stddevserv": 0.2862224906776323,
          "rate": 3.493785542961694,
          "cv": 1.0,
          "lambda": 0.15
        },
        "MS4_12": {
          "meanserv": 0.958803854065442,
          "stddevserv": 0.958803854065442,
          "rate": 1.0429661872549651,
          "cv": 1.0,
          "lambda": 0.15
        }
      },
      "sensors": [
        "S4"
      ],
      "sources": [
        {
          "startTime": 0,
          "stopTime": -1,
          "lambda": 0.15
        }
      ]
    }
  },
  "microservice": {
    "MS1_1": "F10",
    "MS1_2": "F10",
    "MS1_3": "F10",
    "MS1_4": "F10",
    "MS1_5": "F3",
    "MS1_6": "F3",
    "MS1_7": "F4",
    "MS1_8": "F4",
    "MS1_9": "F7",
    "MS1_10": "F10",
    "MS1_11": "F6",
    "MS1_12": "F2",
    "MS2_1": "F3",
    "MS2_2": "F3",
    "MS2_3": "F3",
    "MS2_4": "F7",
    "MS2_5": "F4",
    "MS2_6": "F4",
    "MS2_7": "F10",
    "MS2_8": "F10",
    "MS2_9": "F10",
    "MS2_10": "F10",
    "MS2_11": "F10",
    "MS2_12": "F5",
    "MS3_1": "F2",
    "MS3_2": "F7",
    "MS3_3": "F10",
    "MS3_4": "F10",
    "MS3_5": "F10",
    "MS3_6": "F10",
    "MS3_7": "F10",
    "MS3_8": "F1",
    "MS3_9": "F1",
    "MS3_10": "F1",
    "MS3_11": "F1",
    "MS3_12": "F9",
    "MS4_1": "F8",
    "MS4_2": "F10",
    "MS4_3": "F10",
    "MS4_4": "F8",
    "MS4_5": "F6",
    "MS4_6": "F1",
    "MS4_7": "F2",
    "MS4_8": "F3",
    "MS4_9": "F3",
    "MS4_10": "F3",
    "MS4_11": "F3",
    "MS4_12": "F3"
  },
  "sensor": {
    "S1": "F10",
    "S2": "F3",
    "S3": "F2",
    "S4": "F8"
  },
  "fog": {
    "F1": {
      "rho": 0.5730085888935363,
      "capacity": 1.0,
      "tserv": 0.7640114518580484,
      "stddev": 0.911438686445725,
      "mu": 1.3088809042953948,
      "cv": 1.1929646921248875,
      "lambda": 0.75,
      "twait": 1.2422093930896583
    },
    "F2": {
      "rho": 0.6012660312755918,
      "capacity": 1.0,
      "tserv": 1.3361467361679817,
      "stddev": 1.4363824871604192,
      "mu": 0.7484207931143567,
      "cv": 1.0750185202561733,
      "lambda": 0.44999999999999996,
      "twait": 2.171644973009624
    },
    "F3": {
      "rho": 0.6100839579123327,
      "capacity": 1.0,
      "tserv": 0.4067226386082219,
      "stddev": 0.5326781092012832,
      "mu": 2.4586779910307777,
      "cv": 1.3096839433970842,
      "lambda": 1.4999999999999998,
      "twait": 0.8639730563029105
    },
    "F4": {
      "rho": 0.580224794315699,
      "capacity": 1.0,
      "tserv": 0.9670413238594985,
      "stddev": 1.0817448387471116,
      "mu": 1.0340819728457542,
      "cv": 1.1186128369673254,
      "lambda": 0.6,
      "twait": 1.5046201798240333
    },
    "F5": {
      "rho": 0.6974518020379101,
      "capacity": 1.0,
      "tserv": 4.649678680252734,
      "stddev": 4.649678680252734,
      "mu": 0.21506862490240827,
      "cv": 1.0,
      "lambda": 0.15,
      "twait": 10.718711254217647
    },
    "F6": {
      "rho": 0.6898760863758712,
      "capacity": 1.0,
      "tserv": 2.2995869545862373,
      "stddev": 2.508707654401612,
      "mu": 0.43486070313872044,
      "cv": 1.0909383745625751,
      "lambda": 0.3,
      "twait": 5.601816120020423
    },
    "F7": {
      "rho": 0.6494320278565553,
      "capacity": 1.0,
      "tserv": 1.4431822841256785,
      "stddev": 1.5474850462693022,
      "mu": 0.6929131621137027,
      "cv": 1.0722727567341317,
      "lambda": 0.44999999999999996,
      "twait": 2.8737198535554636
    },
    "F8": {
      "rho": 0.5474869975398923,
      "capacity": 1.0,
      "tserv": 1.8249566584663077,
      "stddev": 1.8399754269676671,
      "mu": 0.5479582188217003,
      "cv": 1.0082296576369003,
      "lambda": 0.3,
      "twait": 2.226226541761335
    },
    "F9": {
      "rho": 0.4781456043987318,
      "capacity": 1.0,
      "tserv": 3.1876373626582124,
      "stddev": 3.1876373626582124,
      "mu": 0.31371197103992,
      "cv": 1.0,
      "lambda": 0.15,
      "twait": 2.9206514426616943
    },
    "F10": {
      "rho": 0.5730241093938795,
      "capacity": 1.0,
      "tserv": 0.2247153370172077,
      "stddev": 0.3414910716396494,
      "mu": 4.45007453996531,
      "cv": 1.5196607235290733,
      "lambda": 2.5499999999999994,
      "twait": 0.49901938594351225
    }
  },
  "extra": {
    "conv_gen": 115,
    "max_gen": 600,
    "population": 600,
    "deltatime": 72.0306969,
    "obj_func": 32.64385962714833
  },
  "network": [
    [
      0.0,
      0.7199339754337135,
      0.9408815117183692,
      0.8941516164497393,
      0.9583008180674083,
      0.6545837596076779,
      0.805023556779158,
      1.0876003993256096,
      0.9810995641831513,
      0.9810995641831513
    ],
    [
      0.7199339754337135,
      0.0,
      0.6885908829619056,
      1.1309643054001866,
      0.9486502013167575,
      1.173278804716774,
      0.9577178866477344,
      0.9810995641831513,
      0.8879021185705385,
      0.8879021185705385
    ],
    [
      0.9408815117183692,
      0.6885908829619056,
      0.0,
      0.7764806236543809,
      0.7785068222542822,
      0.8683354326616564,
      1.0876003993256096,
      0.8879021185705385,
      0.7553511816903601,
      0.7553511816903601
    ],
    [
      0.8941516164497393,
      1.1309643054001866,
      0.7764806236543809,
      0.0,
      0.7929175563960517,
      0.805023556779158,
      0.9810995641831513,
      0.7553511816903601,
      1.0557808623786258,
      1.0557808623786258
    ],
    [
      0.9583008180674083,
      0.9486502013167575,
      0.7785068222542822,
      0.7929175563960517,
      0.0,
      0.9577178866477344,
      0.8879021185705385,
      1.0557808623786258,
      0.6851126314421259,
      0.6851126314421259
    ],
    [
      0.6545837596076779,
      1.173278804716774,
      0.8683354326616564,
      0.805023556779158,
      0.9577178866477344,
      0.0,
      0.7553511816903601,
      0.6851126314421259,
      0.865826045309526,
      0.865826045309526
    ],
    [
      0.805023556779158,
      0.9577178866477344,
      1.0876003993256096,
      0.9810995641831513,
      0.8879021185705385,
      0.7553511816903601,
      0.0,
      0.865826045309526,
      0.6360055106622172,
      0.6360055106622172
    ],
    [
      1.0876003993256096,
      0.9810995641831513,
      0.8879021185705385,
      0.7553511816903601,
      1.0557808623786258,
      0.6851126314421259,
      0.865826045309526,
      0.0,
      0.744764618487179,
      0.744764618487179
    ],
    [
      0.9810995641831513,
      0.8879021185705385,
      0.7553511816903601,
      1.0557808623786258,
      0.6851126314421259,
      0.865826045309526,
      0.6360055106622172,
      0.744764618487179,
      0.0,
      0.8932410742614967
    ],
    [
      0.9810995641831513,
      0.8879021185705385,
      0.7553511816903601,
      1.0557808623786258,
      0.6851126314421259,
      0.865826045309526,
      0.6360055106622172,
      0.744764618487179,
      0.8932410742614967,
      0.0
    ]
  ]
}