{
  "servicechain": {
    "SC1": {
      "resptime": 183.9897131419675,
      "resptime_old": 173.9897131419675,
      "waittime": 169.68003758433767,
      "servicetime": 10.0,
      "networktime": 4.309675557629841,
      "services": {
        "MS1_1": {
          "meanserv": 1.3118115848745793,
          "stddevserv": 1.3118115848745793,
          "rate": 0.762304595820145,
          "cv": 1.0,
          "lambda": 0.15
        },
        "MS1_2": {
          "meanserv": 0.02214504826128616,
          "stddevserv": 0.02214504826128616,
          "rate": 45.1568218863715,
          "cv": 1.0,
          "lambda": 0.15
        },
        "MS1_3": {
          "meanserv": 2.1172202091571295,
          "stddevserv": 2.1172202091571295,
          "rate": 0.4723174262530313,
          "cv": 1.0,
          "lambda": 0.15
        },
        "MS1_4": {
          "meanserv": 0.13060143125669033,
          "stddevserv": 0.13060143125669033,
          "rate": 7.656883928282164,
          "cv": 1.0,
          "lambda": 0.15
        },
        "MS1_5": {
          "meanserv": 6.418221726450315,
          "stddevserv": 6.418221726450315,
          "rate": 0.15580639663458054,
          "cv": 1.0,
          "lambda": 0.15
        }
      },
      "sensors": [
        "S1"
      ],
      "sources": [
        {
          "startTime": 0,
          "stopTime": -1,
          "lambda": 0.15
        }
      ]
    },
    "SC2": {
      "resptime": 34.6149386568211,
      "resptime_old": 24.6149386568211,
      "waittime": 19.61996547005916,
      "servicetime": 10.0,
      "networktime": 4.994973186761941,
      "services": {
        "MS2_1": {
          "meanserv": 0.5793010811924715,
          "stddevserv": 0.5793010811924715,
          "rate": 1.7262180797963196,
          "cv": 1.0,
          "lambda": 0.15
        },
        "MS2_2": {
          "meanserv": 3.430831327072398,
          "stddevserv": 3.430831327072398,
          "rate": 0.29147454499120523,
          "cv": 1.0,
          "lambda": 0.15
        },
        "MS2_3": {
          "meanserv": 4.9925356633454,
          "stddevserv": 4.9925356633454,
          "rate": 0.200299019863169,
          "cv": 1.0,
          "lambda": 0.15
        },
        "MS2_4": {
          "meanserv": 0.21534458205117346,
          "stddevserv": 0.21534458205117346,
          "rate": 4.643720266722869,
          "cv": 1.0,
          "lambda": 0.15
        },
        "MS2_5": {
          "meanserv": 0.7819873463385569,
          "stddevserv": 0.7819873463385569,
          "rate": 1.2787930708626272,
          "cv": 1.0,
          "lambda": 0.15
        }
      },
      "sensors": [
        "S2"
      ],
      "sources": [
        {
          "startTime": 0,
          "stopTime": -1,
          "lambda": 0.15
        }
      ]
    },
    "SC3": {
      "resptime": 7332.022532861123,
      "resptime_old": 7322.022532861123,
      "waittime": 7318.652209841395,
      "servicetime": 10.0,
      "networktime": 3.3703230197276364,
      "services": {
        "MS3_1": {
          "meanserv": 1.2524771647398858,
          "stddevserv": 1.2524771647398858,
          "rate": 0.7984177501612812,
          "cv": 1.0,
          "lambda": 0.15
        },
        "MS3_2": {
          "meanserv": 0.35934167982720977,
          "stddevserv": 0.35934167982720977,
          "rate": 2.782866714712449,
          "cv": 1.0,
          "lambda": 0.15
        },
        "MS3_3": {
          "meanserv": 6.9868620242260056,
          "stddevserv": 6.9868620242260056,
          "rate": 0.1431257689836488,
          "cv": 1.0,
          "lambda": 0.15
        },
        "MS3_4": {
          "meanserv": 1.0862807338158689,
          "stddevserv": 1.0862807338158689,
          "rate": 0.9205723427379741,
          "cv": 1.0,
          "lambda": 0.15
        },
        "MS3_5": {
          "meanserv": 0.3150383973910298,
          "stddevserv": 0.3150383973910298,
          "rate": 3.1742162488174,
          "cv": 1.0,
          "lambda": 0.15
        }
      },
      "sensors": [
        "S3"
      ],
      "sources": [
        {
          "startTime": 0,
          "stopTime": -1,
          "lambda": 0.15
        }
      ]
    },
    "SC4": {
      "resptime": 29.60023319038612,
      "resptime_old": 19.600233190386117,
      "waittime": 14.060597321127423,
      "servicetime": 10.0,
      "networktime": 5.539635869258697,
      "services": {
        "MS4_1": {
          "meanserv": 0.2594617282527911,
          "stddevserv": 0.2594617282527911,
          "rate": 3.854132964942365,
          "cv": 1.0,
          "lambda": 0.15
        },
        "MS4_2": {
          "meanserv": 0.6742628218644675,
          "stddevserv": 0.6742628218644675,
          "rate": 1.4831011996698944,
          "cv": 1.0,
          "lambda": 0.15
        },
        "MS4_3": {
          "meanserv": 4.549650050165308,
          "stddevserv": 4.549650050165308,
          "rate": 0.21979712482802183,
          "cv": 1.0,
          "lambda": 0.15
        },
        "MS4_4": {
          "meanserv": 3.1036287421765643,
          "stddevserv": 3.1036287421765643,
          "rate": 0.32220348600673915,
          "cv": 1.0,
          "lambda": 0.15
        },
        "MS4_5": {
          "meanserv": 1.4129966575408694,
          "stddevserv": 1.4129966575408694,
          "rate": 0.7077157576157084,
          "cv": 1.0,
          "lambda": 0.15
        }
      },
      "sensors": [
        "S4"
      ],
      "sources": [
        {
          "startTime": 0,
          "stopTime": -1,
          "lambda": 0.15
        }
      ]
    }
  },
  "microservice": {
    "MS1_1": "F9",
    "MS1_2": "F9",
    "MS1_3": "F6",
    "MS1_4": "F6",
    "MS1_5": "F4",
    "MS2_1": "F1",
    "MS2_2": "F3",
    "MS2_3": "F8",
    "MS2_4": "F1",
    "MS2_5": "F1",
    "MS3_1": "F9",
    "MS3_2": "F9",
    "MS3_3": "F2",
    "MS3_4": "F7",
    "MS3_5": "F7",
    "MS4_1": "F1",
    "MS4_2": "F1",
    "MS4_3": "F10",
    "MS4_4": "F5",
    "MS4_5": "F7"
  },
  "sensor": {
    "S1": "F9",
    "S2": "F1",
    "S3": "F9",
    "S4": "F1"
  },
  "fog": {
    "F1": {
      "rho": 0.3765536339549191,
      "capacity": 1.0,
      "tserv": 0.5020715119398921,
      "stddev": 0.5950557873496286,
      "mu": 1.9917481398939039,
      "cv": 1.1852012575867252,
      "lambda": 0.75,
      "twait": 0.3646066603562882
    },
    "F2": {
      "rho": 1.0480293036339008,
      "capacity": 1.0,
      "tserv": 6.9868620242260056,
      "stddev": 6.9868620242260056,
      "mu": 0.1431257689836488,
      "cv": 1.0,
      "lambda": 0.15,
      "twait": 7315.113705693884
    },
    "F3": {
      "rho": 0.5146246990608597,
      "capacity": 1.0,
      "tserv": 3.4308313270723985,
      "stddev": 3.430831327072398,
      "mu": 0.2914745449912052,
      "cv": 0.9999999999999999,
      "lambda": 0.15,
      "twait": 3.6375780469401855
    },
    "F4": {
      "rho": 0.9627332589675471,
      "capacity": 1.0,
      "tserv": 6.418221726450315,
      "stddev": 6.418221726450315,
      "mu": 0.15580639663458054,
      "cv": 1.0,
      "lambda": 0.15,
      "twait": 165.80563119541256
    },
    "F5": {
      "rho": 0.4655443113264846,
      "capacity": 1.0,
      "tserv": 3.1036287421765643,
      "stddev": 3.1036287421765643,
      "mu": 0.32220348600673915,
      "cv": 1.0,
      "lambda": 0.15,
      "twait": 2.703454628719105
    },
    "F6": {
      "rho": 0.33717324606207294,
      "capacity": 1.0,
      "tserv": 1.12391082020691,
      "stddev": 1.799028242171725,
      "mu": 0.8897503093847801,
      "cv": 1.6006859350642493,
      "lambda": 0.3,
      "twait": 1.0182928166017522
    },
    "F7": {
      "rho": 0.42214736831216526,
      "capacity": 1.0,
      "tserv": 0.9381052629159228,
      "stddev": 1.1418559022474746,
      "mu": 1.0659784562893178,
      "cv": 1.2171937919826092,
      "lambda": 0.44999999999999996,
      "twait": 0.8503416958949411
    },
    "F8": {
      "rho": 0.74888034950181,
      "capacity": 1.0,
      "tserv": 4.9925356633454,
      "stddev": 4.9925356633454,
      "mu": 0.200299019863169,
      "cv": 1.0,
      "lambda": 0.15,
      "twait": 14.888567442050112
    },
    "F9": {
      "rho": 0.44186632165544415,
      "capacity": 1.0,
      "tserv": 0.7364438694257402,
      "stddev": 1.0803856678982835,
      "mu": 1.3578767391733113,
      "cv": 1.4670305677753013,
      "lambda": 0.6,
      "twait": 0.9189103778607983
    },
    "F10": {
      "rho": 0.6824475075247962,
      "capacity": 1.0,
      "tserv": 4.549650050165308,
      "stddev": 4.549650050165308,
      "mu": 0.21979712482802183,
      "cv": 1.0,
      "lambda": 0.15,
      "twait": 9.7775876758008
    }
  },
  "extra": {
    "conv_gen": 0,
    "max_gen": 600,
    "population": 600,
    "deltatime": 39.6652566,
    "obj_func": 1895.0568544625746
  },
  "network": [
    [
      0.0,
      2.3799774783558156,
      1.5628498206435988,
      1.914412823275984,
      1.0722804961871364,
      3.052115874340718,
      1.9312355432877535,
      1.9654755180515884,
      2.123649390078166,
      2.123649390078166
    ],
    [
      2.3799774783558156,
      0.0,
      2.1771714597895135,
      1.9608643773559884,
      2.3159894173055062,
      1.9894706282120136,
      1.9036751716608826,
      2.123649390078166,
      1.466647848066754,
      1.466647848066754
    ],
    [
      1.5628498206435988,
      2.1771714597895135,
      0.0,
      2.3692627048221846,
      2.2960455090176013,
      1.7312717752892925,
      1.9654755180515884,
      1.466647848066754,
      1.9574042412832948,
      1.9574042412832948
    ],
    [
      1.914412823275984,
      1.9608643773559884,
      2.3692627048221846,
      0.0,
      2.1349764514002416,
      1.9312355432877535,
      2.123649390078166,
      1.9574042412832948,
      1.8922188990398539,
      1.8922188990398539
    ],
    [
      1.0722804961871364,
      2.3159894173055062,
      2.2960455090176013,
      2.1349764514002416,
      0.0,
      1.9036751716608826,
      1.466647848066754,
      1.8922188990398539,
      1.9493386311137773,
      1.9493386311137773
    ],
    [
      3.052115874340718,
      1.9894706282120136,
      1.7312717752892925,
      1.9312355432877535,
      1.9036751716608826,
      0.0,
      1.9574042412832948,
      1.9493386311137773,
      2.3784400143420874,
      2.3784400143420874
    ],
    [
      1.9312355432877535,
      1.9036751716608826,
      1.9654755180515884,
      2.123649390078166,
      1.466647848066754,
      1.9574042412832948,
      0.0,
      2.3784400143420874,
      1.8916518471603407,
      1.8916518471603407
    ],
    [
      1.9654755180515884,
      2.123649390078166,
      1.466647848066754,
      1.9574042412832948,
      1.8922188990398539,
      1.9493386311137773,
      2.3784400143420874,
      0.0,
      2.6502414665309253,
      2.6502414665309253
    ],
    [
      2.123649390078166,
      1.466647848066754,
      1.9574042412832948,
      1.8922188990398539,
      1.9493386311137773,
      2.3784400143420874,
      1.8916518471603407,
      2.6502414665309253,
      0.0,
      2.133404354016341
    ],
    [
      2.123649390078166,
      1.466647848066754,
      1.9574042412832948,
      1.8922188990398539,
      1.9493386311137773,
      2.3784400143420874,
      1.8916518471603407,
      2.6502414665309253,
      2.133404354016341,
      0.0
    ]
  ]
}