{
  "servicechain": {
    "SC1": {
      "resptime": 57.43978458401034,
      "resptime_old": 47.43978458401033,
      "waittime": 41.67249317161582,
      "servicetime": 10.0,
      "networktime": 5.767291412394518,
      "services": {
        "MS1_1": {
          "meanserv": 2.2493975617970774,
          "stddevserv": 2.2493975617970774,
          "rate": 0.4445634764541511,
          "cv": 1.0,
          "lambda": 0.15
        },
        "MS1_2": {
          "meanserv": 0.32553533234708,
          "stddevserv": 0.32553533234708,
          "rate": 3.0718631762337174,
          "cv": 1.0,
          "lambda": 0.15
        },
        "MS1_3": {
          "meanserv": 1.275087318444268,
          "stddevserv": 1.275087318444268,
          "rate": 0.7842600154004342,
          "cv": 1.0,
          "lambda": 0.15
        },
        "MS1_4": {
          "meanserv": 0.10462484572792308,
          "stddevserv": 0.10462484572792308,
          "rate": 9.557959135256459,
          "cv": 1.0,
          "lambda": 0.15
        },
        "MS1_5": {
          "meanserv": 0.42630938470306745,
          "stddevserv": 0.42630938470306745,
          "rate": 2.345714253268243,
          "cv": 1.0,
          "lambda": 0.15
        },
        "MS1_6": {
          "meanserv": 5.516961595148619,
          "stddevserv": 5.516961595148619,
          "rate": 0.18125919181300038,
          "cv": 1.0,
          "lambda": 0.15
        },
        "MS1_7": {
          "meanserv": 0.10208396183196555,
          "stddevserv": 0.10208396183196555,
          "rate": 9.795858056979034,
          "cv": 1.0,
          "lambda": 0.15
        }
      },
      "sensors": [
        "S1"
      ],
      "sources": [
        {
          "startTime": 0,
          "stopTime": -1,
          "lambda": 0.15
        }
      ]
    },
    "SC2": {
      "resptime": 35.26022376732033,
      "resptime_old": 25.260223767320333,
      "waittime": 19.6886727445376,
      "servicetime": 10.0,
      "networktime": 5.57155102278273,
      "services": {
        "MS2_1": {
          "meanserv": 3.5058603346280237,
          "stddevserv": 3.5058603346280237,
          "rate": 0.28523669072690006,
          "cv": 1.0,
          "lambda": 0.15
        },
        "MS2_2": {
          "meanserv": 0.12209737808412946,
          "stddevserv": 0.12209737808412946,
          "rate": 8.19018406202764,
          "cv": 1.0,
          "lambda": 0.15
        },
        "MS2_3": {
          "meanserv": 0.553818741349327,
          "stddevserv": 0.553818741349327,
          "rate": 1.8056449255646254,
          "cv": 1.0,
          "lambda": 0.15
        },
        "MS2_4": {
          "meanserv": 0.5029151840273576,
          "stddevserv": 0.5029151840273576,
          "rate": 1.988406856185917,
          "cv": 1.0,
          "lambda": 0.15
        },
        "MS2_5": {
          "meanserv": 1.2738303407245528,
          "stddevserv": 1.2738303407245528,
          "rate": 0.7850338997508894,
          "cv": 1.0,
          "lambda": 0.15
        },
        "MS2_6": {
          "meanserv": 3.0463440533994994,
          "stddevserv": 3.0463440533994994,
          "rate": 0.32826233100101493,
          "cv": 1.0,
          "lambda": 0.15
        },
        "MS2_7": {
          "meanserv": 0.99513396778711,
          "stddevserv": 0.99513396778711,
          "rate": 1.004889826265011,
          "cv": 1.0,
          "lambda": 0.15
        }
      },
      "sensors": [
        "S2"
      ],
      "sources": [
        {
          "startTime": 0,
          "stopTime": -1,
          "lambda": 0.15
        }
      ]
    },
    "SC3": {
      "resptime": 36.796168649941166,
      "resptime_old": 26.796168649941162,
      "waittime": 21.818277954868392,
      "servicetime": 10.0,
      "networktime": 4.977890695072773,
      "services": {
        "MS3_1": {
          "meanserv": 0.09403306435205039,
          "stddevserv": 0.09403306435205039,
          "rate": 10.634557183589168,
          "cv": 1.0,
          "lambda": 0.15
        },
        "MS3_2": {
          "meanserv": 0.024527746726136224,
          "stddevserv": 0.024527746726136224,
          "rate": 40.77015353939635,
          "cv": 1.0,
          "lambda": 0.15
        },
        "MS3_3": {
          "meanserv": 3.9010979007548654,
          "stddevserv": 3.9010979007548654,
          "rate": 0.2563380939008219,
          "cv": 1.0,
          "lambda": 0.15
        },
        "MS3_4": {
          "meanserv": 2.7286085384214127,
          "stddevserv": 2.7286085384214127,
          "rate": 0.36648716219972394,
          "cv": 1.0,
          "lambda": 0.15
        },
        "MS3_5": {
          "meanserv": 1.888675907453683,
          "stddevserv": 1.888675907453683,
          "rate": 0.5294714651960601,
          "cv": 1.0,
          "lambda": 0.15
        },
        "MS3_6": {
          "meanserv": 0.38465523096859755,
          "stddevserv": 0.38465523096859755,
          "rate": 2.599730666555365,
          "cv": 1.0,
          "lambda": 0.15
        },
        "MS3_7": {
          "meanserv": 0.978401611323255,
          "stddevserv": 0.978401611323255,
          "rate": 1.022075176928147,
          "cv": 1.0,
          "lambda": 0.15
        }
      },
      "sensors": [
        "S3"
      ],
      "sources": [
        {
          "startTime": 0,
          "stopTime": -1,
          "lambda": 0.15
        }
      ]
    },
    "SC4": {
      "resptime": 33.66507550607603,
      "resptime_old": 23.66507550607603,
      "waittime": 18.889494856043516,
      "servicetime": 10.0,
      "networktime": 4.775580650032512,
      "services": {
        "MS4_1": {
          "meanserv": 2.6815332042763043,
          "stddevserv": 2.6815332042763043,
          "rate": 0.37292098356465486,
          "cv": 1.0,
          "lambda": 0.15
        },
        "MS4_2": {
          "meanserv": 1.4170858699462139,
          "stddevserv": 1.4170858699462139,
          "rate": 0.7056735383565397,
          "cv": 1.0,
          "lambda": 0.15
        },
        "MS4_3": {
          "meanserv": 0.0262842429911343,
          "stddevserv": 0.0262842429911343,
          "rate": 38.045607793890085,
          "cv": 1.0,
          "lambda": 0.15
        },
        "MS4_4": {
          "meanserv": 0.9795114545217807,
          "stddevserv": 0.9795114545217807,
          "rate": 1.0209171065673983,
          "cv": 1.0,
          "lambda": 0.15
        },
        "MS4_5": {
          "meanserv": 0.10448642557829935,
          "stddevserv": 0.10448642557829935,
          "rate": 9.570621202374529,
          "cv": 1.0,
          "lambda": 0.15
        },
        "MS4_6": {
          "meanserv": 1.97771638792352,
          "stddevserv": 1.97771638792352,
          "rate": 0.5056336723032053,
          "cv": 1.0,
          "lambda": 0.15
        },
        "MS4_7": {
          "meanserv": 2.8133824147627475,
          "stddevserv": 2.8133824147627475,
          "rate": 0.35544403588814283,
          "cv": 1.0,
          "lambda": 0.15
        }
      },
      "sensors": [
        "S4"
      ],
      "sources": [
        {
          "startTime": 0,
          "stopTime": -1,
          "lambda": 0.15
        }
      ]
    }
  },
  "microservice": {
    "MS1_1": "F7",
    "MS1_2": "F9",
    "MS1_3": "F9",
    "MS1_4": "F10",
    "MS1_5": "F10",
    "MS1_6": "F1",
    "MS1_7": "F4",
    "MS2_1": "F3",
    "MS2_2": "F9",
    "MS2_3": "F9",
    "MS2_4": "F7",
    "MS2_5": "F7",
    "MS2_6": "F4",
    "MS2_7": "F8",
    "MS3_1": "F4",
    "MS3_2": "F4",
    "MS3_3": "F2",
    "MS3_4": "F8",
    "MS3_5": "F10",
    "MS3_6": "F10",
    "MS3_7": "F5",
    "MS4_1": "F6",
    "MS4_2": "F10",
    "MS4_3": "F10",
    "MS4_4": "F6",
    "MS4_5": "F6",
    "MS4_6": "F9",
    "MS4_7": "F5"
  },
  "sensor": {
    "S1": "F7",
    "S2": "F3",
    "S3": "F4",
    "S4": "F6"
  },
  "fog": {
    "F1": {
      "rho": 0.8275442392722928,
      "capacity": 1.0,
      "tserv": 5.516961595148619,
      "stddev": 5.516961595148619,
      "mu": 0.18125919181300038,
      "cv": 1.0,
      "lambda": 0.15,
      "twait": 26.47362875607442
    },
    "F2": {
      "rho": 0.5851646851132298,
      "capacity": 1.0,
      "tserv": 3.901097900754866,
      "stddev": 3.901097900754865,
      "mu": 0.2563380939008219,
      "cv": 0.9999999999999998,
      "lambda": 0.15,
      "twait": 5.502869796208627
    },
    "F3": {
      "rho": 0.5258790501942036,
      "capacity": 1.0,
      "tserv": 3.5058603346280237,
      "stddev": 3.5058603346280237,
      "mu": 0.28523669072690006,
      "cv": 1.0,
      "lambda": 0.15,
      "twait": 3.8885826573217117
    },
    "F4": {
      "rho": 0.49004832394644765,
      "capacity": 1.0,
      "tserv": 0.8167472065774128,
      "stddev": 1.9957360867099496,
      "mu": 1.2243690482768956,
      "cv": 2.443517493096917,
      "lambda": 0.6,
      "twait": 2.7355759843174017
    },
    "F5": {
      "rho": 0.5687676039129004,
      "capacity": 1.0,
      "tserv": 1.8958920130430013,
      "stddev": 2.2973862974293127,
      "mu": 0.527456201682579,
      "cv": 1.211770650239669,
      "lambda": 0.3,
      "twait": 3.0861747883190733
    },
    "F6": {
      "rho": 0.5648296626564576,
      "capacity": 1.0,
      "tserv": 1.2551770281254615,
      "stddev": 1.9660071838466664,
      "mu": 0.7967003678305407,
      "cv": 1.5663186465281245,
      "lambda": 0.44999999999999996,
      "twait": 2.8130296557402588
    },
    "F7": {
      "rho": 0.6039214629823482,
      "capacity": 1.0,
      "tserv": 1.3420476955163294,
      "stddev": 1.680023568234149,
      "mu": 0.7451300004768217,
      "cv": 1.251835962199383,
      "lambda": 0.44999999999999996,
      "twait": 2.626508190464731
    },
    "F8": {
      "rho": 0.5585613759312783,
      "capacity": 1.0,
      "tserv": 1.8618712531042614,
      "stddev": 2.2291324784888684,
      "mu": 0.5370940650878624,
      "cv": 1.1972538244909683,
      "lambda": 0.3,
      "twait": 2.866399441457822
    },
    "F9": {
      "rho": 0.6381382737222487,
      "capacity": 1.0,
      "tserv": 0.850851031629665,
      "stddev": 1.2891760634244775,
      "mu": 1.1752938679343958,
      "cv": 1.5151607220305923,
      "lambda": 0.75,
      "twait": 2.4725491402556012
    },
    "F10": {
      "rho": 0.6371453222685929,
      "capacity": 1.0,
      "tserv": 0.7079392469651032,
      "stddev": 1.2128522405178188,
      "mu": 1.4125505886090441,
      "cv": 1.7132151462392429,
      "lambda": 0.9,
      "twait": 2.4458409801240326
    }
  },
  "extra": {
    "deltatime": 0.0298364,
    "obj_func": 40.79031312683696
  },
  "network": [
    [
      0.0,
      1.490764423022269,
      1.3723042927366258,
      1.0253604034160115,
      1.3127250129724441,
      1.0348889813177065,
      1.3580813281921253,
      1.4779582511997693,
      1.1175091417191676,
      1.1175091417191676
    ],
    [
      1.490764423022269,
      0.0,
      1.4930152915426171,
      1.208594229512808,
      1.201429365547743,
      1.4263198645600652,
      1.3385232205335957,
      1.1175091417191676,
      1.495395497592591,
      1.495395497592591
    ],
    [
      1.3723042927366258,
      1.4930152915426171,
      0.0,
      1.1407670627199513,
      1.4278452958263148,
      1.0665538717753549,
      1.4779582511997693,
      1.495395497592591,
      1.1234531809827986,
      1.1234531809827986
    ],
    [
      1.0253604034160115,
      1.208594229512808,
      1.1407670627199513,
      0.0,
      1.813290669816779,
      1.3580813281921253,
      1.1175091417191676,
      1.1234531809827986,
      2.0323132946037625,
      2.0323132946037625
    ],
    [
      1.3127250129724441,
      1.201429365547743,
      1.4278452958263148,
      1.813290669816779,
      0.0,
      1.3385232205335957,
      1.495395497592591,
      2.0323132946037625,
      1.405171158598481,
      1.405171158598481
    ],
    [
      1.0348889813177065,
      1.4263198645600652,
      1.0665538717753549,
      1.3580813281921253,
      1.3385232205335957,
      0.0,
      1.1234531809827986,
      1.405171158598481,
      1.1234698304780102,
      1.1234698304780102
    ],
    [
      1.3580813281921253,
      1.3385232205335957,
      1.4779582511997693,
      1.1175091417191676,
      1.495395497592591,
      1.1234531809827986,
      0.0,
      1.1234698304780102,
      2.2071355190979647,
      2.2071355190979647
    ],
    [
      1.4779582511997693,
      1.1175091417191676,
      1.495395497592591,
      1.1234531809827986,
      2.0323132946037625,
      1.405171158598481,
      1.1234698304780102,
      0.0,
      1.2466161652423164,
      1.2466161652423164
    ],
    [
      1.1175091417191676,
      1.495395497592591,
      1.1234531809827986,
      2.0323132946037625,
      1.405171158598481,
      1.1234698304780102,
      2.2071355190979647,
      1.2466161652423164,
      0.0,
      1.417286348161374
    ],
    [
      1.1175091417191676,
      1.495395497592591,
      1.1234531809827986,
      2.0323132946037625,
      1.405171158598481,
      1.1234698304780102,
      2.2071355190979647,
      1.2466161652423164,
      1.417286348161374,
      0.0
    ]
  ]
}