{
  "servicechain": {
    "SC1": {
      "resptime": 45.61056313961411,
      "resptime_old": 35.610563139614115,
      "waittime": 30.34308249166465,
      "servicetime": 10.0,
      "networktime": 5.267480647949461,
      "services": {
        "MS1_1": {
          "meanserv": 1.0792294332735708,
          "stddevserv": 1.0792294332735708,
          "rate": 0.9265870343868882,
          "cv": 1.0,
          "lambda": 0.15
        },
        "MS1_2": {
          "meanserv": 1.7373855787886991,
          "stddevserv": 1.7373855787886991,
          "rate": 0.5755774723865255,
          "cv": 1.0,
          "lambda": 0.15
        },
        "MS1_3": {
          "meanserv": 0.11079237208083814,
          "stddevserv": 0.11079237208083814,
          "rate": 9.025892136963758,
          "cv": 1.0,
          "lambda": 0.15
        },
        "MS1_4": {
          "meanserv": 0.06630844798306113,
          "stddevserv": 0.06630844798306113,
          "rate": 15.08103462556469,
          "cv": 1.0,
          "lambda": 0.15
        },
        "MS1_5": {
          "meanserv": 0.4482759300358343,
          "stddevserv": 0.4482759300358343,
          "rate": 2.230768892543621,
          "cv": 1.0,
          "lambda": 0.15
        },
        "MS1_6": {
          "meanserv": 0.12854529553669014,
          "stddevserv": 0.12854529553669014,
          "rate": 7.779358986456056,
          "cv": 1.0,
          "lambda": 0.15
        },
        "MS1_7": {
          "meanserv": 0.7107158154888893,
          "stddevserv": 0.7107158154888893,
          "rate": 1.4070321473177252,
          "cv": 1.0,
          "lambda": 0.15
        },
        "MS1_8": {
          "meanserv": 0.6137470620320471,
          "stddevserv": 0.6137470620320471,
          "rate": 1.629335701728841,
          "cv": 1.0,
          "lambda": 0.15
        },
        "MS1_9": {
          "meanserv": 4.7642680198713805,
          "stddevserv": 4.7642680198713805,
          "rate": 0.20989583202059164,
          "cv": 1.0,
          "lambda": 0.15
        },
        "MS1_10": {
          "meanserv": 0.34073204490898945,
          "stddevserv": 0.34073204490898945,
          "rate": 2.9348575073621355,
          "cv": 1.0,
          "lambda": 0.15
        }
      },
      "sensors": [
        "S1"
      ],
      "sources": [
        {
          "startTime": 0,
          "stopTime": -1,
          "lambda": 0.15
        }
      ]
    },
    "SC2": {
      "resptime": 33.90194857440036,
      "resptime_old": 23.901948574400357,
      "waittime": 20.31703138191025,
      "servicetime": 10.0,
      "networktime": 3.5849171924901073,
      "services": {
        "MS2_1": {
          "meanserv": 2.5731611886067696,
          "stddevserv": 2.5731611886067696,
          "rate": 0.3886270337154615,
          "cv": 1.0,
          "lambda": 0.15
        },
        "MS2_2": {
          "meanserv": 0.10353177636093447,
          "stddevserv": 0.10353177636093447,
          "rate": 9.658870301942668,
          "cv": 1.0,
          "lambda": 0.15
        },
        "MS2_3": {
          "meanserv": 1.6425878142469754,
          "stddevserv": 1.6425878142469754,
          "rate": 0.6087954575861979,
          "cv": 1.0,
          "lambda": 0.15
        },
        "MS2_4": {
          "meanserv": 0.06870337175992258,
          "stddevserv": 0.06870337175992258,
          "rate": 14.555326389138589,
          "cv": 1.0,
          "lambda": 0.15
        },
        "MS2_5": {
          "meanserv": 0.6803447374965241,
          "stddevserv": 0.6803447374965241,
          "rate": 1.469843073497881,
          "cv": 1.0,
          "lambda": 0.15
        },
        "MS2_6": {
          "meanserv": 2.6404598360718508,
          "stddevserv": 2.6404598360718508,
          "rate": 0.37872191288002177,
          "cv": 1.0,
          "lambda": 0.15
        },
        "MS2_7": {
          "meanserv": 0.591799985663588,
          "stddevserv": 0.591799985663588,
          "rate": 1.6897600950069227,
          "cv": 1.0,
          "lambda": 0.15
        },
        "MS2_8": {
          "meanserv": 1.4761381375092029,
          "stddevserv": 1.4761381375092029,
          "rate": 0.6774433737532004,
          "cv": 1.0,
          "lambda": 0.15
        },
        "MS2_9": {
          "meanserv": 0.1181860849975287,
          "stddevserv": 0.1181860849975287,
          "rate": 8.461232978661661,
          "cv": 1.0,
          "lambda": 0.15
        },
        "MS2_10": {
          "meanserv": 0.10508706728670347,
          "stddevserv": 0.10508706728670347,
          "rate": 9.515918807323388,
          "cv": 1.0,
          "lambda": 0.15
        }
      },
      "sensors": [
        "S2"
      ],
      "sources": [
        {
          "startTime": 0,
          "stopTime": -1,
          "lambda": 0.15
        }
      ]
    },
    "SC3": {
      "resptime": 35.49642268834964,
      "resptime_old": 25.49642268834964,
      "waittime": 22.735354555110412,
      "servicetime": 10.0,
      "networktime": 2.7610681332392266,
      "services": {
        "MS3_1": {
          "meanserv": 3.5261097224247973,
          "stddevserv": 3.5261097224247973,
          "rate": 0.2835986621857957,
          "cv": 1.0,
          "lambda": 0.15
        },
        "MS3_2": {
          "meanserv": 1.4906757652510816,
          "stddevserv": 1.4906757652510816,
          "rate": 0.6708366925329099,
          "cv": 1.0,
          "lambda": 0.15
        },
        "MS3_3": {
          "meanserv": 0.5552161341830573,
          "stddevserv": 0.5552161341830573,
          "rate": 1.801100397544095,
          "cv": 1.0,
          "lambda": 0.15
        },
        "MS3_4": {
          "meanserv": 1.2340175249681664,
          "stddevserv": 1.2340175249681664,
          "rate": 0.8103612629211215,
          "cv": 1.0,
          "lambda": 0.15
        },
        "MS3_5": {
          "meanserv": 0.3098915749115472,
          "stddevserv": 0.3098915749115472,
          "rate": 3.2269350991082333,
          "cv": 1.0,
          "lambda": 0.15
        },
        "MS3_6": {
          "meanserv": 0.04438590727484204,
          "stddevserv": 0.04438590727484204,
          "rate": 22.529673524704556,
          "cv": 1.0,
          "lambda": 0.15
        },
        "MS3_7": {
          "meanserv": 0.08313028502632758,
          "stddevserv": 0.08313028502632758,
          "rate": 12.029310373268869,
          "cv": 1.0,
          "lambda": 0.15
        },
        "MS3_8": {
          "meanserv": 1.303269790706958,
          "stddevserv": 1.303269790706958,
          "rate": 0.7673008360437409,
          "cv": 1.0,
          "lambda": 0.15
        },
        "MS3_9": {
          "meanserv": 0.2351039608288481,
          "stddevserv": 0.2351039608288481,
          "rate": 4.253437485589552,
          "cv": 1.0,
          "lambda": 0.15
        },
        "MS3_10": {
          "meanserv": 1.2181993344243747,
          "stddevserv": 1.2181993344243747,
          "rate": 0.8208837188968926,
          "cv": 1.0,
          "lambda": 0.15
        }
      },
      "sensors": [
        "S3"
      ],
      "sources": [
        {
          "startTime": 0,
          "stopTime": -1,
          "lambda": 0.15
        }
      ]
    },
    "SC4": {
      "resptime": 36.71989841435534,
      "resptime_old": 26.71989841435534,
      "waittime": 19.40217051507005,
      "servicetime": 10.0,
      "networktime": 7.317727899285288,
      "services": {
        "MS4_1": {
          "meanserv": 1.4725027121701517,
          "stddevserv": 1.4725027121701517,
          "rate": 0.6791158968571375,
          "cv": 1.0,
          "lambda": 0.15
        },
        "MS4_2": {
          "meanserv": 1.7038327486863611,
          "stddevserv": 1.7038327486863611,
          "rate": 0.5869120667923483,
          "cv": 1.0,
          "lambda": 0.15
        },
        "MS4_3": {
          "meanserv": 0.7096547587356161,
          "stddevserv": 0.7096547587356161,
          "rate": 1.4091359040298534,
          "cv": 1.0,
          "lambda": 0.15
        },
        "MS4_4": {
          "meanserv": 1.1624937012287155,
          "stddevserv": 1.1624937012287155,
          "rate": 0.8602197146900965,
          "cv": 1.0,
          "lambda": 0.15
        },
        "MS4_5": {
          "meanserv": 1.2356585489835235,
          "stddevserv": 1.2356585489835235,
          "rate": 0.8092850576096603,
          "cv": 1.0,
          "lambda": 0.15
        },
        "MS4_6": {
          "meanserv": 1.1713747801697458,
          "stddevserv": 1.1713747801697458,
          "rate": 0.8536977378453448,
          "cv": 1.0,
          "lambda": 0.15
        },
        "MS4_7": {
          "meanserv": 0.6049055096815001,
          "stddevserv": 0.6049055096815001,
          "rate": 1.6531507549444016,
          "cv": 1.0,
          "lambda": 0.15
        },
        "MS4_8": {
          "meanserv": 0.8288310783881645,
          "stddevserv": 0.8288310783881645,
          "rate": 1.2065184644677047,
          "cv": 1.0,
          "lambda": 0.15
        },
        "MS4_9": {
          "meanserv": 0.0178434286806759,
          "stddevserv": 0.0178434286806759,
          "rate": 56.04304071240419,
          "cv": 1.0,
          "lambda": 0.15
        },
        "MS4_10": {
          "meanserv": 1.0929027332755457,
          "stddevserv": 1.0929027332755457,
          "rate": 0.9149945091663315,
          "cv": 1.0,
          "lambda": 0.15
        }
      },
      "sensors": [
        "S4"
      ],
      "sources": [
        {
          "startTime": 0,
          "stopTime": -1,
          "lambda": 0.15
        }
      ]
    }
  },
  "microservice": {
    "MS1_1": "F5",
    "MS1_2": "F5",
    "MS1_3": "F5",
    "MS1_4": "F7",
    "MS1_5": "F7",
    "MS1_6": "F10",
    "MS1_7": "F10",
    "MS1_8": "F7",
    "MS1_9": "F1",
    "MS1_10": "F6",
    "MS2_1": "F4",
    "MS2_2": "F4",
    "MS2_3": "F7",
    "MS2_4": "F7",
    "MS2_5": "F3",
    "MS2_6": "F3",
    "MS2_7": "F10",
    "MS2_8": "F9",
    "MS2_9": "F9",
    "MS2_10": "F9",
    "MS3_1": "F2",
    "MS3_2": "F8",
    "MS3_3": "F8",
    "MS3_4": "F8",
    "MS3_5": "F8",
    "MS3_6": "F10",
    "MS3_7": "F10",
    "MS3_8": "F10",
    "MS3_9": "F7",
    "MS3_10": "F7",
    "MS4_1": "F10",
    "MS4_2": "F6",
    "MS4_3": "F6",
    "MS4_4": "F5",
    "MS4_5": "F9",
    "MS4_6": "F6",
    "MS4_7": "F4",
    "MS4_8": "F8",
    "MS4_9": "F9",
    "MS4_10": "F9"
  },
  "sensor": {
    "S1": "F5",
    "S2": "F4",
    "S3": "F2",
    "S4": "F10"
  },
  "fog": {
    "F1": {
      "rho": 0.714640202980707,
      "capacity": 1.0,
      "tserv": 4.7642680198713805,
      "stddev": 4.7642680198713805,
      "mu": 0.20989583202059164,
      "cv": 1.0,
      "lambda": 0.15,
      "twait": 11.93138451996159
    },
    "F2": {
      "rho": 0.5289164583637196,
      "capacity": 1.0,
      "tserv": 3.5261097224247973,
      "stddev": 3.5261097224247973,
      "mu": 0.2835986621857957,
      "cv": 1.0,
      "lambda": 0.15,
      "twait": 3.958995170386925
    },
    "F3": {
      "rho": 0.4981206860352563,
      "capacity": 1.0,
      "tserv": 1.6604022867841874,
      "stddev": 2.1628595316824533,
      "mu": 0.6022636851077621,
      "cv": 1.3026117519215228,
      "lambda": 0.3,
      "twait": 2.2221170212257717
    },
    "F4": {
      "rho": 0.49223977119738066,
      "capacity": 1.0,
      "tserv": 1.0938661582164015,
      "stddev": 1.8624308933532763,
      "mu": 0.9141886258100766,
      "cv": 1.702613139060865,
      "lambda": 0.44999999999999996,
      "twait": 2.0672517095559857
    },
    "F5": {
      "rho": 0.6134851628057737,
      "capacity": 1.0,
      "tserv": 1.0224752713429561,
      "stddev": 1.3145341405073834,
      "mu": 0.9780187629247636,
      "cv": 1.2856390539213984,
      "lambda": 0.6,
      "twait": 2.152664337959417
    },
    "F6": {
      "rho": 0.5888391498751069,
      "capacity": 1.0,
      "tserv": 0.9813985831251781,
      "stddev": 1.2183157957232587,
      "mu": 1.0189539879052885,
      "cv": 1.2414077385802191,
      "lambda": 0.6,
      "twait": 1.7857511650188558
    },
    "F7": {
      "rho": 0.6439388881966595,
      "capacity": 1.0,
      "tserv": 0.6132751316158661,
      "stddev": 1.0011078995314602,
      "mu": 1.6305895159407258,
      "cv": 1.6323960453014403,
      "lambda": 1.05,
      "twait": 2.0322909976198495
    },
    "F8": {
      "rho": 0.6627948116553025,
      "capacity": 1.0,
      "tserv": 0.8837264155404033,
      "stddev": 1.074009542897298,
      "mu": 1.131571923634867,
      "cv": 1.2153190444584996,
      "lambda": 0.75,
      "twait": 2.1512890473910455
    },
    "F9": {
      "rho": 0.606872400109977,
      "capacity": 1.0,
      "tserv": 0.6743026667888633,
      "stddev": 1.0895793693157756,
      "mu": 1.4830135623846177,
      "cv": 1.6158609819897733,
      "lambda": 0.9,
      "twait": 1.8793905083779439
    },
    "F10": {
      "rho": 0.650152468780117,
      "capacity": 1.0,
      "tserv": 0.6191928274096352,
      "stddev": 0.9864258820739318,
      "mu": 1.615005787750246,
      "cv": 1.5930835087360413,
      "lambda": 1.05,
      "twait": 2.0355403999732022
    }
  },
  "extra": {
    "deltatime": 0.0426904,
    "obj_func": 37.93220820417986
  },
  "network": [
    [
      0.0,
      0.9247883170440926,
      1.0711112271933945,
      0.8532388796739699,
      1.1469473030443198,
      1.0913250267543446,
      1.0679386018866306,
      0.9813123413664431,
      1.0115761917442618,
      1.0115761917442618
    ],
    [
      0.9247883170440926,
      0.0,
      0.8614678862796876,
      1.148002591333034,
      1.201612880140752,
      0.8207131899242448,
      0.9488887252206646,
      1.0115761917442618,
      1.2513824998533372,
      1.2513824998533372
    ],
    [
      1.0711112271933945,
      0.8614678862796876,
      0.0,
      1.0155536144201796,
      1.1648176108737986,
      0.8550089712479025,
      0.9813123413664431,
      1.2513824998533372,
      0.7583098582890034,
      0.7583098582890034
    ],
    [
      0.8532388796739699,
      1.148002591333034,
      1.0155536144201796,
      0.0,
      0.946880324079403,
      1.0679386018866306,
      1.0115761917442618,
      0.7583098582890034,
      1.0061196773999035,
      1.0061196773999035
    ],
    [
      1.1469473030443198,
      1.201612880140752,
      1.1648176108737986,
      0.946880324079403,
      0.0,
      0.9488887252206646,
      1.2513824998533372,
      1.0061196773999035,
      1.2548927185351555,
      1.2548927185351555
    ],
    [
      1.0913250267543446,
      0.8207131899242448,
      0.8550089712479025,
      1.0679386018866306,
      0.9488887252206646,
      0.0,
      0.7583098582890034,
      1.2548927185351555,
      1.233311656793222,
      1.233311656793222
    ],
    [
      1.0679386018866306,
      0.9488887252206646,
      0.9813123413664431,
      1.0115761917442618,
      1.2513824998533372,
      0.7583098582890034,
      0.0,
      1.233311656793222,
      0.928417259727574,
      0.928417259727574
    ],
    [
      0.9813123413664431,
      1.0115761917442618,
      1.2513824998533372,
      0.7583098582890034,
      1.0061196773999035,
      1.2548927185351555,
      1.233311656793222,
      0.0,
      0.8210746817673908,
      0.8210746817673908
    ],
    [
      1.0115761917442618,
      1.2513824998533372,
      0.7583098582890034,
      1.0061196773999035,
      1.2548927185351555,
      1.233311656793222,
      0.928417259727574,
      0.8210746817673908,
      0.0,
      0.833718801090399
    ],
    [
      1.0115761917442618,
      1.2513824998533372,
      0.7583098582890034,
      1.0061196773999035,
      1.2548927185351555,
      1.233311656793222,
      0.928417259727574,
      0.8210746817673908,
      0.833718801090399,
      0.0
    ]
  ]
}