{
  "servicechain": {
    "SC1": {
      "resptime": 19.446306480608776,
      "resptime_old": 9.446306480608776,
      "waittime": 7.2352710043955115,
      "servicetime": 10.0,
      "networktime": 2.211035476213264,
      "services": {
        "MS1_1": {
          "meanserv": 1.311454856521469,
          "stddevserv": 1.311454856521469,
          "rate": 0.7625119500128441,
          "cv": 1.0,
          "lambda": 0.075
        },
        "MS1_2": {
          "meanserv": 2.859321309198407,
          "stddevserv": 2.859321309198407,
          "rate": 0.3497333429380638,
          "cv": 1.0,
          "lambda": 0.075
        },
        "MS1_3": {
          "meanserv": 0.9982173634590943,
          "stddevserv": 0.9982173634590943,
          "rate": 1.0017858200089091,
          "cv": 1.0,
          "lambda": 0.075
        },
        "MS1_4": {
          "meanserv": 3.4339673466980534,
          "stddevserv": 3.4339673466980534,
          "rate": 0.2912083601964225,
          "cv": 1.0,
          "lambda": 0.075
        },
        "MS1_5": {
          "meanserv": 1.3970391241229763,
          "stddevserv": 1.3970391241229763,
          "rate": 0.7157995669074574,
          "cv": 1.0,
          "lambda": 0.075
        }
      },
      "sensors": [
        "S1"
      ],
      "sources": [
        {
          "startTime": 0,
          "stopTime": -1,
          "lambda": 0.075
        }
      ]
    },
    "SC2": {
      "resptime": 17.908604233234364,
      "resptime_old": 7.908604233234365,
      "waittime": 3.737676691013316,
      "servicetime": 10.0,
      "networktime": 4.170927542221048,
      "services": {
        "MS2_1": {
          "meanserv": 2.083885167524749,
          "stddevserv": 2.083885167524749,
          "rate": 0.47987289107096326,
          "cv": 1.0,
          "lambda": 0.075
        },
        "MS2_2": {
          "meanserv": 0.8287538292887024,
          "stddevserv": 0.8287538292887024,
          "rate": 1.2066309254441379,
          "cv": 1.0,
          "lambda": 0.075
        },
        "MS2_3": {
          "meanserv": 0.6153205927906402,
          "stddevserv": 0.6153205927906402,
          "rate": 1.6251690772524576,
          "cv": 1.0,
          "lambda": 0.075
        },
        "MS2_4": {
          "meanserv": 3.396381755461448,
          "stddevserv": 3.396381755461448,
          "rate": 0.29443097743414165,
          "cv": 1.0,
          "lambda": 0.075
        },
        "MS2_5": {
          "meanserv": 3.0756586549344602,
          "stddevserv": 3.0756586549344602,
          "rate": 0.3251336094776451,
          "cv": 1.0,
          "lambda": 0.075
        }
      },
      "sensors": [
        "S2"
      ],
      "sources": [
        {
          "startTime": 0,
          "stopTime": -1,
          "lambda": 0.075
        }
      ]
    },
    "SC3": {
      "resptime": 21.81331455171121,
      "resptime_old": 11.81331455171121,
      "waittime": 7.962444553254786,
      "servicetime": 10.0,
      "networktime": 3.8508699984564245,
      "services": {
        "MS3_1": {
          "meanserv": 0.05731784908799775,
          "stddevserv": 0.05731784908799775,
          "rate": 17.44657233150429,
          "cv": 1.0,
          "lambda": 0.075
        },
        "MS3_2": {
          "meanserv": 4.865294407869291,
          "stddevserv": 4.865294407869291,
          "rate": 0.20553740764023784,
          "cv": 1.0,
          "lambda": 0.075
        },
        "MS3_3": {
          "meanserv": 0.033515002587291676,
          "stddevserv": 0.033515002587291676,
          "rate": 29.837383941577947,
          "cv": 1.0,
          "lambda": 0.075
        },
        "MS3_4": {
          "meanserv": 1.970683780969055,
          "stddevserv": 1.970683780969055,
          "rate": 0.5074380829928303,
          "cv": 1.0,
          "lambda": 0.075
        },
        "MS3_5": {
          "meanserv": 3.073188959486365,
          "stddevserv": 3.073188959486365,
          "rate": 0.3253948953946308,
          "cv": 1.0,
          "lambda": 0.075
        }
      },
      "sensors": [
        "S3"
      ],
      "sources": [
        {
          "startTime": 0,
          "stopTime": -1,
          "lambda": 0.075
        }
      ]
    },
    "SC4": {
      "resptime": 18.588167660464467,
      "resptime_old": 8.58816766046447,
      "waittime": 4.639939054709799,
      "servicetime": 10.0,
      "networktime": 3.9482286057546685,
      "services": {
        "MS4_1": {
          "meanserv": 0.7740124140634985,
          "stddevserv": 0.7740124140634985,
          "rate": 1.291968942397301,
          "cv": 1.0,
          "lambda": 0.075
        },
        "MS4_2": {
          "meanserv": 3.1508005633224188,
          "stddevserv": 3.1508005633224188,
          "rate": 0.3173796563453486,
          "cv": 1.0,
          "lambda": 0.075
        },
        "MS4_3": {
          "meanserv": 4.038843522524416,
          "stddevserv": 4.038843522524416,
          "rate": 0.24759562840774918,
          "cv": 1.0,
          "lambda": 0.075
        },
        "MS4_4": {
          "meanserv": 1.901513706561368,
          "stddevserv": 1.901513706561368,
          "rate": 0.5258968139695219,
          "cv": 1.0,
          "lambda": 0.075
        },
        "MS4_5": {
          "meanserv": 0.13482979352829894,
          "stddevserv": 0.13482979352829894,
          "rate": 7.4167583724001895,
          "cv": 1.0,
          "lambda": 0.075
        }
      },
      "sensors": [
        "S4"
      ],
      "sources": [
        {
          "startTime": 0,
          "stopTime": -1,
          "lambda": 0.075
        }
      ]
    }
  },
  "microservice": {
    "MS1_1": "F8",
    "MS1_2": "F8",
    "MS1_3": "F8",
    "MS1_4": "F3",
    "MS1_5": "F3",
    "MS2_1": "F9",
    "MS2_2": "F9",
    "MS2_3": "F9",
    "MS2_4": "F4",
    "MS2_5": "F6",
    "MS3_1": "F10",
    "MS3_2": "F1",
    "MS3_3": "F5",
    "MS3_4": "F5",
    "MS3_5": "F5",
    "MS4_1": "F7",
    "MS4_2": "F7",
    "MS4_3": "F2",
    "MS4_4": "F10",
    "MS4_5": "F10"
  },
  "sensor": {
    "S1": "F8",
    "S2": "F9",
    "S3": "F10",
    "S4": "F7"
  },
  "fog": {
    "F1": {
      "rho": 0.3648970805901968,
      "capacity": 1.0,
      "tserv": 4.865294407869291,
      "stddev": 4.865294407869291,
      "mu": 0.20553740764023784,
      "cv": 1.0,
      "lambda": 0.075,
      "twait": 2.7953449297526736
    },
    "F2": {
      "rho": 0.3029132641893312,
      "capacity": 1.0,
      "tserv": 4.038843522524416,
      "stddev": 4.038843522524416,
      "mu": 0.24759562840774918,
      "cv": 1.0,
      "lambda": 0.075,
      "twait": 1.7550459822407125
    },
    "F3": {
      "rho": 0.3623254853115772,
      "capacity": 1.0,
      "tserv": 2.415503235410515,
      "stddev": 2.8123289587528864,
      "mu": 0.41399240760281986,
      "cv": 1.164282836605239,
      "lambda": 0.15,
      "twait": 1.616481026284335
    },
    "F4": {
      "rho": 0.2547286316596086,
      "capacity": 1.0,
      "tserv": 3.396381755461448,
      "stddev": 3.396381755461448,
      "mu": 0.29443097743414165,
      "cv": 1.0,
      "lambda": 0.075,
      "twait": 1.1608599416463927
    },
    "F5": {
      "rho": 0.3808040807282034,
      "capacity": 1.0,
      "tserv": 1.6924625810142373,
      "stddev": 2.4539171160251443,
      "mu": 0.5908550128185007,
      "cv": 1.449909229044575,
      "lambda": 0.22499999999999998,
      "twait": 1.6144980674724378
    },
    "F6": {
      "rho": 0.23067439912008453,
      "capacity": 1.0,
      "tserv": 3.0756586549344602,
      "stddev": 3.0756586549344602,
      "mu": 0.3251336094776451,
      "cv": 1.0,
      "lambda": 0.075,
      "twait": 0.9222047353084727
    },
    "F7": {
      "rho": 0.2943609733039438,
      "capacity": 1.0,
      "tserv": 1.9624064886929586,
      "stddev": 2.5837182857449936,
      "mu": 0.5095784210671053,
      "cv": 1.3166070845321418,
      "lambda": 0.15,
      "twait": 1.1188411151497446
    },
    "F8": {
      "rho": 0.3876745146884228,
      "capacity": 1.0,
      "tserv": 1.722997843059657,
      "stddev": 2.071873185285676,
      "mu": 0.5803837793692328,
      "cv": 1.2024815896498715,
      "lambda": 0.22499999999999998,
      "twait": 1.3341029839422804
    },
    "F9": {
      "rho": 0.26459696922030684,
      "capacity": 1.0,
      "tserv": 1.1759865298680305,
      "stddev": 1.4907745761305846,
      "mu": 0.8503498761267446,
      "cv": 1.2676799761455428,
      "lambda": 0.22499999999999998,
      "twait": 0.5515373380194836
    },
    "F10": {
      "rho": 0.1570246011883249,
      "capacity": 1.0,
      "tserv": 0.6978871163925551,
      "stddev": 1.3920366720379262,
      "mu": 1.4328964907234498,
      "cv": 1.9946444623214945,
      "lambda": 0.22499999999999998,
      "twait": 0.3236054210847989
    }
  },
  "extra": {
    "deltatime": 0.0171334,
    "obj_func": 19.439098231504705
  },
  "network": [
    [
      0.0,
      2.8442188174053253,
      2.0163947194816463,
      1.7230667746832053,
      1.5763586462025412,
      2.3389959976341905,
      1.9263247969393626,
      2.401490623317925,
      2.2745113522538833,
      2.2745113522538833
    ],
    [
      2.8442188174053253,
      0.0,
      1.5998377322361588,
      2.5345607780537165,
      1.9071811126689215,
      2.082918262262594,
      1.7371931295414047,
      2.2745113522538833,
      2.211035476213264,
      2.211035476213264
    ],
    [
      2.0163947194816463,
      1.5998377322361588,
      0.0,
      2.273787913380652,
      2.1955122135871963,
      1.9224949236104238,
      2.401490623317925,
      2.211035476213264,
      2.1760647368035153,
      2.1760647368035153
    ],
    [
      1.7230667746832053,
      2.5345607780537165,
      2.273787913380652,
      0.0,
      2.4085298263824457,
      1.9263247969393626,
      2.2745113522538833,
      2.1760647368035153,
      2.2446027452816857,
      2.2446027452816857
    ],
    [
      1.5763586462025412,
      1.9071811126689215,
      2.1955122135871963,
      2.4085298263824457,
      0.0,
      1.7371931295414047,
      2.211035476213264,
      2.2446027452816857,
      2.009889301041749,
      2.009889301041749
    ],
    [
      2.3389959976341905,
      2.082918262262594,
      1.9224949236104238,
      1.9263247969393626,
      1.7371931295414047,
      0.0,
      2.1760647368035153,
      2.009889301041749,
      1.397292272069316,
      1.397292272069316
    ],
    [
      1.9263247969393626,
      1.7371931295414047,
      2.401490623317925,
      2.2745113522538833,
      2.211035476213264,
      2.1760647368035153,
      0.0,
      1.397292272069316,
      2.571606425669897,
      2.571606425669897
    ],
    [
      2.401490623317925,
      2.2745113522538833,
      2.211035476213264,
      2.1760647368035153,
      2.2446027452816857,
      2.009889301041749,
      1.397292272069316,
      0.0,
      1.821998235606134,
      1.821998235606134
    ],
    [
      2.2745113522538833,
      2.211035476213264,
      2.1760647368035153,
      2.2446027452816857,
      2.009889301041749,
      1.397292272069316,
      2.571606425669897,
      1.821998235606134,
      0.0,
      1.9774501111279965
    ],
    [
      2.2745113522538833,
      2.211035476213264,
      2.1760647368035153,
      2.2446027452816857,
      2.009889301041749,
      1.397292272069316,
      2.571606425669897,
      1.821998235606134,
      1.9774501111279965,
      0.0
    ]
  ]
}