{
  "servicechain": {
    "SC1": {
      "resptime": 28.725346024357744,
      "resptime_old": 18.72534602435774,
      "waittime": 14.023580112461834,
      "servicetime": 10.0,
      "networktime": 4.701765911895907,
      "services": {
        "MS1_1": {
          "meanserv": 0.4068657951342025,
          "stddevserv": 0.4068657951342025,
          "rate": 2.4578129003696545,
          "cv": 1.0,
          "lambda": 0.15
        },
        "MS1_2": {
          "meanserv": 0.13844683142690273,
          "stddevserv": 0.13844683142690273,
          "rate": 7.222989429902416,
          "cv": 1.0,
          "lambda": 0.15
        },
        "MS1_3": {
          "meanserv": 0.21622432587739437,
          "stddevserv": 0.21622432587739437,
          "rate": 4.624826535785015,
          "cv": 1.0,
          "lambda": 0.15
        },
        "MS1_4": {
          "meanserv": 0.37499974943782655,
          "stddevserv": 0.37499974943782655,
          "rate": 2.6666684484433127,
          "cv": 1.0,
          "lambda": 0.15
        },
        "MS1_5": {
          "meanserv": 0.7327622677508483,
          "stddevserv": 0.7327622677508483,
          "rate": 1.3646990900192164,
          "cv": 1.0,
          "lambda": 0.15
        },
        "MS1_6": {
          "meanserv": 0.7822599642992787,
          "stddevserv": 0.7822599642992787,
          "rate": 1.2783474108837531,
          "cv": 1.0,
          "lambda": 0.15
        },
        "MS1_7": {
          "meanserv": 2.9748047801513833,
          "stddevserv": 2.9748047801513833,
          "rate": 0.33615651241124855,
          "cv": 1.0,
          "lambda": 0.15
        },
        "MS1_8": {
          "meanserv": 0.9735418466515435,
          "stddevserv": 0.9735418466515435,
          "rate": 1.0271772121963305,
          "cv": 1.0,
          "lambda": 0.15
        },
        "MS1_9": {
          "meanserv": 0.01754115660461153,
          "stddevserv": 0.01754115660461153,
          "rate": 57.008783544928974,
          "cv": 1.0,
          "lambda": 0.15
        },
        "MS1_10": {
          "meanserv": 3.3825532826660085,
          "stddevserv": 3.3825532826660085,
          "rate": 0.2956346630589764,
          "cv": 1.0,
          "lambda": 0.15
        }
      },
      "sensors": [
        "S1"
      ],
      "sources": [
        {
          "startTime": 0,
          "stopTime": -1,
          "lambda": 0.15
        }
      ]
    },
    "SC2": {
      "resptime": 39.63247698457631,
      "resptime_old": 29.63247698457631,
      "waittime": 24.680580207582626,
      "servicetime": 10.0,
      "networktime": 4.951896776993685,
      "services": {
        "MS2_1": {
          "meanserv": 0.2797020237148662,
          "stddevserv": 0.2797020237148662,
          "rate": 3.5752333383880694,
          "cv": 1.0,
          "lambda": 0.15
        },
        "MS2_2": {
          "meanserv": 1.312694042055591,
          "stddevserv": 1.312694042055591,
          "rate": 0.7617921373620824,
          "cv": 1.0,
          "lambda": 0.15
        },
        "MS2_3": {
          "meanserv": 2.4074583879669085,
          "stddevserv": 2.4074583879669085,
          "rate": 0.4153758191619241,
          "cv": 1.0,
          "lambda": 0.15
        },
        "MS2_4": {
          "meanserv": 2.268963925086676,
          "stddevserv": 2.268963925086676,
          "rate": 0.4407297925469658,
          "cv": 1.0,
          "lambda": 0.15
        },
        "MS2_5": {
          "meanserv": 0.42911859713999334,
          "stddevserv": 0.42911859713999334,
          "rate": 2.330358103015902,
          "cv": 1.0,
          "lambda": 0.15
        },
        "MS2_6": {
          "meanserv": 0.06881756123800287,
          "stddevserv": 0.06881756123800287,
          "rate": 14.531174630579232,
          "cv": 1.0,
          "lambda": 0.15
        },
        "MS2_7": {
          "meanserv": 0.16109513969837153,
          "stddevserv": 0.16109513969837153,
          "rate": 6.207511920423933,
          "cv": 1.0,
          "lambda": 0.15
        },
        "MS2_8": {
          "meanserv": 0.94768179612708,
          "stddevserv": 0.94768179612708,
          "rate": 1.0552065092805731,
          "cv": 1.0,
          "lambda": 0.15
        },
        "MS2_9": {
          "meanserv": 2.063566904064137,
          "stddevserv": 2.063566904064137,
          "rate": 0.4845978087894936,
          "cv": 1.0,
          "lambda": 0.15
        },
        "MS2_10": {
          "meanserv": 0.0609016229083732,
          "stddevserv": 0.0609016229083732,
          "rate": 16.419923677641645,
          "cv": 1.0,
          "lambda": 0.15
        }
      },
      "sensors": [
        "S2"
      ],
      "sources": [
        {
          "startTime": 0,
          "stopTime": -1,
          "lambda": 0.15
        }
      ]
    },
    "SC3": {
      "resptime": 32.42174311109195,
      "resptime_old": 22.42174311109195,
      "waittime": 17.36880388016176,
      "servicetime": 10.0,
      "networktime": 5.052939230930191,
      "services": {
        "MS3_1": {
          "meanserv": 3.1942746544289546,
          "stddevserv": 3.1942746544289546,
          "rate": 0.31306011792488503,
          "cv": 1.0,
          "lambda": 0.15
        },
        "MS3_2": {
          "meanserv": 0.0012307330252161464,
          "stddevserv": 0.0012307330252161464,
          "rate": 812.5239020252795,
          "cv": 1.0,
          "lambda": 0.15
        },
        "MS3_3": {
          "meanserv": 0.4504658119883782,
          "stddevserv": 0.4504658119883782,
          "rate": 2.219924294778223,
          "cv": 1.0,
          "lambda": 0.15
        },
        "MS3_4": {
          "meanserv": 0.5731174435308102,
          "stddevserv": 0.5731174435308102,
          "rate": 1.7448430706266596,
          "cv": 1.0,
          "lambda": 0.15
        },
        "MS3_5": {
          "meanserv": 1.7675188300583002,
          "stddevserv": 1.7675188300583002,
          "rate": 0.5657648354258358,
          "cv": 1.0,
          "lambda": 0.15
        },
        "MS3_6": {
          "meanserv": 0.4134322927895946,
          "stddevserv": 0.4134322927895946,
          "rate": 2.4187757401643597,
          "cv": 1.0,
          "lambda": 0.15
        },
        "MS3_7": {
          "meanserv": 0.2591058424470569,
          "stddevserv": 0.2591058424470569,
          "rate": 3.859426675044311,
          "cv": 1.0,
          "lambda": 0.15
        },
        "MS3_8": {
          "meanserv": 0.9212193686596795,
          "stddevserv": 0.9212193686596795,
          "rate": 1.0855177757008536,
          "cv": 1.0,
          "lambda": 0.15
        },
        "MS3_9": {
          "meanserv": 0.06292403310759909,
          "stddevserv": 0.06292403310759909,
          "rate": 15.892179038969356,
          "cv": 1.0,
          "lambda": 0.15
        },
        "MS3_10": {
          "meanserv": 2.3567109899644105,
          "stddevserv": 2.3567109899644105,
          "rate": 0.42432016664678146,
          "cv": 1.0,
          "lambda": 0.15
        }
      },
      "sensors": [
        "S3"
      ],
      "sources": [
        {
          "startTime": 0,
          "stopTime": -1,
          "lambda": 0.15
        }
      ]
    },
    "SC4": {
      "resptime": 32.09975115168736,
      "resptime_old": 22.099751151687354,
      "waittime": 17.91810654798834,
      "servicetime": 10.0,
      "networktime": 4.181644603699015,
      "services": {
        "MS4_1": {
          "meanserv": 1.3988794664032034,
          "stddevserv": 1.3988794664032034,
          "rate": 0.7148578730454872,
          "cv": 1.0,
          "lambda": 0.15
        },
        "MS4_2": {
          "meanserv": 3.684484901294221,
          "stddevserv": 3.684484901294221,
          "rate": 0.2714083587772982,
          "cv": 1.0,
          "lambda": 0.15
        },
        "MS4_3": {
          "meanserv": 0.14192456122946684,
          "stddevserv": 0.14192456122946684,
          "rate": 7.045996769954267,
          "cv": 1.0,
          "lambda": 0.15
        },
        "MS4_4": {
          "meanserv": 0.021015280811353954,
          "stddevserv": 0.021015280811353954,
          "rate": 47.584422448437074,
          "cv": 1.0,
          "lambda": 0.15
        },
        "MS4_5": {
          "meanserv": 2.0683159506283886,
          "stddevserv": 2.0683159506283886,
          "rate": 0.4834851269682388,
          "cv": 1.0,
          "lambda": 0.15
        },
        "MS4_6": {
          "meanserv": 0.7091170301427638,
          "stddevserv": 0.7091170301427638,
          "rate": 1.4102044620176077,
          "cv": 1.0,
          "lambda": 0.15
        },
        "MS4_7": {
          "meanserv": 0.1087353580961814,
          "stddevserv": 0.1087353580961814,
          "rate": 9.196640517939475,
          "cv": 1.0,
          "lambda": 0.15
        },
        "MS4_8": {
          "meanserv": 0.3841501653883661,
          "stddevserv": 0.3841501653883661,
          "rate": 2.6031486905362264,
          "cv": 1.0,
          "lambda": 0.15
        },
        "MS4_9": {
          "meanserv": 0.30030195577577246,
          "stddevserv": 0.30030195577577246,
          "rate": 3.3299816426992357,
          "cv": 1.0,
          "lambda": 0.15
        },
        "MS4_10": {
          "meanserv": 1.1830753302302828,
          "stddevserv": 1.1830753302302828,
          "rate": 0.845254714089383,
          "cv": 1.0,
          "lambda": 0.15
        }
      },
      "sensors": [
        "S4"
      ],
      "sources": [
        {
          "startTime": 0,
          "stopTime": -1,
          "lambda": 0.15
        }
      ]
    }
  },
  "microservice": {
    "MS1_1": "F5",
    "MS1_2": "F5",
    "MS1_3": "F5",
    "MS1_4": "F5",
    "MS1_5": "F1",
    "MS1_6": "F1",
    "MS1_7": "F8",
    "MS1_8": "F4",
    "MS1_9": "F1",
    "MS1_10": "F6",
    "MS2_1": "F1",
    "MS2_2": "F8",
    "MS2_3": "F3",
    "MS2_4": "F3",
    "MS2_5": "F1",
    "MS2_6": "F1",
    "MS2_7": "F1",
    "MS2_8": "F4",
    "MS2_9": "F10",
    "MS2_10": "F1",
    "MS3_1": "F9",
    "MS3_2": "F5",
    "MS3_3": "F5",
    "MS3_4": "F5",
    "MS3_5": "F7",
    "MS3_6": "F1",
    "MS3_7": "F1",
    "MS3_8": "F7",
    "MS3_9": "F5",
    "MS3_10": "F10",
    "MS4_1": "F9",
    "MS4_2": "F2",
    "MS4_3": "F1",
    "MS4_4": "F1",
    "MS4_5": "F4",
    "MS4_6": "F5",
    "MS4_7": "F5",
    "MS4_8": "F5",
    "MS4_9": "F5",
    "MS4_10": "F7"
  },
  "sensor": {
    "S1": "F5",
    "S2": "F1",
    "S3": "F9",
    "S4": "F9"
  },
  "fog": {
    "F1": {
      "rho": 0.5051514465947726,
      "capacity": 1.0,
      "tserv": 0.28063969255265153,
      "stddev": 0.4531456508097008,
      "mu": 3.563287826123838,
      "cv": 1.6146883809911707,
      "lambda": 1.7999999999999996,
      "twait": 0.5167028464283141
    },
    "F2": {
      "rho": 0.552672735194133,
      "capacity": 1.0,
      "tserv": 3.6844849012942205,
      "stddev": 3.684484901294222,
      "mu": 0.27140835877729824,
      "cv": 1.0000000000000004,
      "lambda": 0.15,
      "twait": 4.552180267982303
    },
    "F3": {
      "rho": 0.7014633469580376,
      "capacity": 1.0,
      "tserv": 2.3382111565267922,
      "stddev": 2.340261047539484,
      "mu": 0.4276773708861318,
      "cv": 1.0008766919989112,
      "lambda": 0.3,
      "twait": 5.498849004781331
    },
    "F4": {
      "rho": 0.5984309390110518,
      "capacity": 1.0,
      "tserv": 1.3298465311356709,
      "stddev": 1.5212007737213817,
      "mu": 0.7519664687518594,
      "cv": 1.1438919740778637,
      "lambda": 0.44999999999999996,
      "twait": 2.2874578673099135
    },
    "F5": {
      "rho": 0.5589868849397119,
      "capacity": 1.0,
      "tserv": 0.31054826941095115,
      "stddev": 0.42450179838694246,
      "mu": 3.2201113272883566,
      "cv": 1.3669430494400716,
      "lambda": 1.7999999999999996,
      "twait": 0.564558729703674
    },
    "F6": {
      "rho": 0.5073829923999013,
      "capacity": 1.0,
      "tserv": 3.3825532826660085,
      "stddev": 3.3825532826660085,
      "mu": 0.2956346630589764,
      "cv": 1.0,
      "lambda": 0.15,
      "twait": 3.483943875328847
    },
    "F7": {
      "rho": 0.5807720293422393,
      "capacity": 1.0,
      "tserv": 1.2906045096494208,
      "stddev": 1.3841833154879357,
      "mu": 0.7748307033822774,
      "cv": 1.0725077319495302,
      "lambda": 0.44999999999999996,
      "twait": 1.922260280620581
    },
    "F8": {
      "rho": 0.6431248233310463,
      "capacity": 1.0,
      "tserv": 2.1437494111034874,
      "stddev": 2.444783751265788,
      "mu": 0.46647243134879907,
      "cv": 1.1404242205749897,
      "lambda": 0.3,
      "twait": 4.443834911723434
    },
    "F9": {
      "rho": 0.6889731181248238,
      "capacity": 1.0,
      "tserv": 2.2965770604160793,
      "stddev": 2.6241166389896557,
      "mu": 0.4354306316282835,
      "cv": 1.1426207655815541,
      "lambda": 0.3,
      "twait": 5.86456752040422
    },
    "F10": {
      "rho": 0.6630416841042821,
      "capacity": 1.0,
      "tserv": 2.210138947014274,
      "stddev": 2.219838032978649,
      "mu": 0.45246024072419627,
      "cv": 1.0043884507702459,
      "lambda": 0.3,
      "twait": 4.3680751868450525
    }
  },
  "extra": {
    "conv_gen": 65,
    "max_gen": 600,
    "population": 600,
    "deltatime": 62.2810643,
    "obj_func": 33.219829317928344
  },
  "network": [
    [
      0.0,
      0.9378650805615495,
      1.0017531476790793,
      0.7522671909557211,
      0.8534102551400363,
      1.3881206865715037,
      0.8262288558631717,
      0.5869274556575131,
      1.0925083383420424,
      1.0925083383420424
    ],
    [
      0.9378650805615495,
      0.0,
      1.0196888612143173,
      1.13388330771752,
      1.394116957237133,
      1.023279582752253,
      1.0606861521769555,
      1.0925083383420424,
      0.5795066369980753,
      0.5795066369980753
    ],
    [
      1.0017531476790793,
      1.0196888612143173,
      0.0,
      1.1491773677201782,
      1.1206989581188127,
      0.7077995582837742,
      0.5869274556575131,
      0.5795066369980753,
      1.1210403235711326,
      1.1210403235711326
    ],
    [
      0.7522671909557211,
      1.13388330771752,
      1.1491773677201782,
      0.0,
      1.3324990581855936,
      0.8262288558631717,
      1.0925083383420424,
      1.1210403235711326,
      0.9389340073612542,
      0.9389340073612542
    ],
    [
      0.8534102551400363,
      1.394116957237133,
      1.1206989581188127,
      1.3324990581855936,
      0.0,
      1.0606861521769555,
      0.5795066369980753,
      0.9389340073612542,
      1.120734122603848,
      1.120734122603848
    ],
    [
      1.3881206865715037,
      1.023279582752253,
      0.7077995582837742,
      0.8262288558631717,
      1.0606861521769555,
      0.0,
      1.1210403235711326,
      1.120734122603848,
      1.0708348295797767,
      1.0708348295797767
    ],
    [
      0.8262288558631717,
      1.0606861521769555,
      0.5869274556575131,
      1.0925083383420424,
      0.5795066369980753,
      1.1210403235711326,
      0.0,
      1.0708348295797767,
      0.8347987670944514,
      0.8347987670944514
    ],
    [
      0.5869274556575131,
      1.0925083383420424,
      0.5795066369980753,
      1.1210403235711326,
      0.9389340073612542,
      1.120734122603848,
      1.0708348295797767,
      0.0,
      1.2801611354771736,
      1.2801611354771736
    ],
    [
      1.0925083383420424,
      0.5795066369980753,
      1.1210403235711326,
      0.9389340073612542,
      1.120734122603848,
      1.0708348295797767,
      0.8347987670944514,
      1.2801611354771736,
      0.0,
      1.0124058664389521
    ],
    [
      1.0925083383420424,
      0.5795066369980753,
      1.1210403235711326,
      0.9389340073612542,
      1.120734122603848,
      1.0708348295797767,
      0.8347987670944514,
      1.2801611354771736,
      1.0124058664389521,
      0.0
    ]
  ]
}