{
  "servicechain": {
    "SC1": {
      "resptime": 35.17678356486299,
      "resptime_old": 25.176783564862987,
      "waittime": 21.058166902741604,
      "servicetime": 10.0,
      "networktime": 4.118616662121383,
      "services": {
        "MS1_1": {
          "meanserv": 1.578371645945228,
          "stddevserv": 1.578371645945228,
          "rate": 0.6335643462482103,
          "cv": 1.0,
          "lambda": 0.15
        },
        "MS1_2": {
          "meanserv": 2.2538079912487454,
          "stddevserv": 2.2538079912487454,
          "rate": 0.4436935195379886,
          "cv": 1.0,
          "lambda": 0.15
        },
        "MS1_3": {
          "meanserv": 0.1521285967934114,
          "stddevserv": 0.1521285967934114,
          "rate": 6.573386076504647,
          "cv": 1.0,
          "lambda": 0.15
        },
        "MS1_4": {
          "meanserv": 0.3032279459044105,
          "stddevserv": 0.3032279459044105,
          "rate": 3.2978490719824345,
          "cv": 1.0,
          "lambda": 0.15
        },
        "MS1_5": {
          "meanserv": 0.42487372749652685,
          "stddevserv": 0.42487372749652685,
          "rate": 2.3536404707635743,
          "cv": 1.0,
          "lambda": 0.15
        },
        "MS1_6": {
          "meanserv": 2.673789563564303,
          "stddevserv": 2.673789563564303,
          "rate": 0.3740010110096125,
          "cv": 1.0,
          "lambda": 0.15
        },
        "MS1_7": {
          "meanserv": 0.34748842309124495,
          "stddevserv": 0.34748842309124495,
          "rate": 2.877793714979149,
          "cv": 1.0,
          "lambda": 0.15
        },
        "MS1_8": {
          "meanserv": 0.8972073030849277,
          "stddevserv": 0.8972073030849277,
          "rate": 1.1145696168116703,
          "cv": 1.0,
          "lambda": 0.15
        },
        "MS1_9": {
          "meanserv": 1.3691048028712025,
          "stddevserv": 1.3691048028712025,
          "rate": 0.7304042743133041,
          "cv": 1.0,
          "lambda": 0.15
        }
      },
      "sensors": [
        "S1"
      ],
      "sources": [
        {
          "startTime": 0,
          "stopTime": -1,
          "lambda": 0.15
        }
      ]
    },
    "SC2": {
      "resptime": 30.793758922650788,
      "resptime_old": 20.793758922650788,
      "waittime": 14.80657945930056,
      "servicetime": 10.0,
      "networktime": 5.987179463350229,
      "services": {
        "MS2_1": {
          "meanserv": 1.9870154419169228,
          "stddevserv": 1.9870154419169228,
          "rate": 0.503267352082214,
          "cv": 1.0,
          "lambda": 0.15
        },
        "MS2_2": {
          "meanserv": 0.12260001339236992,
          "stddevserv": 0.12260001339236992,
          "rate": 8.15660596055233,
          "cv": 1.0,
          "lambda": 0.15
        },
        "MS2_3": {
          "meanserv": 0.0793484534201383,
          "stddevserv": 0.0793484534201383,
          "rate": 12.602640088082728,
          "cv": 1.0,
          "lambda": 0.15
        },
        "MS2_4": {
          "meanserv": 2.9777718912817233,
          "stddevserv": 2.9777718912817233,
          "rate": 0.33582155937725966,
          "cv": 1.0,
          "lambda": 0.15
        },
        "MS2_5": {
          "meanserv": 1.6792832182825865,
          "stddevserv": 1.6792832182825865,
          "rate": 0.5954921654149002,
          "cv": 1.0,
          "lambda": 0.15
        },
        "MS2_6": {
          "meanserv": 0.4061637610307569,
          "stddevserv": 0.4061637610307569,
          "rate": 2.462061109199436,
          "cv": 1.0,
          "lambda": 0.15
        },
        "MS2_7": {
          "meanserv": 0.34352628931255325,
          "stddevserv": 0.34352628931255325,
          "rate": 2.910985363015877,
          "cv": 1.0,
          "lambda": 0.15
        },
        "MS2_8": {
          "meanserv": 1.705292717688648,
          "stddevserv": 1.705292717688648,
          "rate": 0.5864095880004688,
          "cv": 1.0,
          "lambda": 0.15
        },
        "MS2_9": {
          "meanserv": 0.6989982136743009,
          "stddevserv": 0.6989982136743009,
          "rate": 1.4306188205309938,
          "cv": 1.0,
          "lambda": 0.15
        }
      },
      "sensors": [
        "S2"
      ],
      "sources": [
        {
          "startTime": 0,
          "stopTime": -1,
          "lambda": 0.15
        }
      ]
    },
    "SC3": {
      "resptime": 31.03459297946098,
      "resptime_old": 21.03459297946098,
      "waittime": 16.566086852754747,
      "servicetime": 10.0,
      "networktime": 4.468506126706234,
      "services": {
        "MS3_1": {
          "meanserv": 0.019013758468350295,
          "stddevserv": 0.019013758468350295,
          "rate": 52.593494424817095,
          "cv": 1.0,
          "lambda": 0.15
        },
        "MS3_2": {
          "meanserv": 1.7623198012989916,
          "stddevserv": 1.7623198012989916,
          "rate": 0.5674339011925691,
          "cv": 1.0,
          "lambda": 0.15
        },
        "MS3_3": {
          "meanserv": 0.5665922759595574,
          "stddevserv": 0.5665922759595574,
          "rate": 1.7649375793315238,
          "cv": 1.0,
          "lambda": 0.15
        },
        "MS3_4": {
          "meanserv": 1.562992549782014,
          "stddevserv": 1.562992549782014,
          "rate": 0.639798315186766,
          "cv": 1.0,
          "lambda": 0.15
        },
        "MS3_5": {
          "meanserv": 3.205496737201554,
          "stddevserv": 3.205496737201554,
          "rate": 0.3119641297382866,
          "cv": 1.0,
          "lambda": 0.15
        },
        "MS3_6": {
          "meanserv": 1.5545737735041616,
          "stddevserv": 1.5545737735041616,
          "rate": 0.6432631355576661,
          "cv": 1.0,
          "lambda": 0.15
        },
        "MS3_7": {
          "meanserv": 0.8333482473344525,
          "stddevserv": 0.8333482473344525,
          "rate": 1.199978524222736,
          "cv": 1.0,
          "lambda": 0.15
        },
        "MS3_8": {
          "meanserv": 0.02015086004486122,
          "stddevserv": 0.02015086004486122,
          "rate": 49.62567343397412,
          "cv": 1.0,
          "lambda": 0.15
        },
        "MS3_9": {
          "meanserv": 0.47551199640605724,
          "stddevserv": 0.47551199640605724,
          "rate": 2.1029963650928862,
          "cv": 1.0,
          "lambda": 0.15
        }
      },
      "sensors": [
        "S3"
      ],
      "sources": [
        {
          "startTime": 0,
          "stopTime": -1,
          "lambda": 0.15
        }
      ]
    },
    "SC4": {
      "resptime": 38.11600877442608,
      "resptime_old": 28.116008774426074,
      "waittime": 20.73011934184945,
      "servicetime": 10.0,
      "networktime": 7.385889432576626,
      "services": {
        "MS4_1": {
          "meanserv": 0.8052551365227212,
          "stddevserv": 0.8052551365227212,
          "rate": 1.24184243557667,
          "cv": 1.0,
          "lambda": 0.15
        },
        "MS4_2": {
          "meanserv": 1.7161503132196032,
          "stddevserv": 1.7161503132196032,
          "rate": 0.5826995411164997,
          "cv": 1.0,
          "lambda": 0.15
        },
        "MS4_3": {
          "meanserv": 1.2870738235589765,
          "stddevserv": 1.2870738235589765,
          "rate": 0.7769562100446042,
          "cv": 1.0,
          "lambda": 0.15
        },
        "MS4_4": {
          "meanserv": 0.12202374299634222,
          "stddevserv": 0.12202374299634222,
          "rate": 8.195126419208234,
          "cv": 1.0,
          "lambda": 0.15
        },
        "MS4_5": {
          "meanserv": 2.75925454722526,
          "stddevserv": 2.75925454722526,
          "rate": 0.3624167262877621,
          "cv": 1.0,
          "lambda": 0.15
        },
        "MS4_6": {
          "meanserv": 0.32845527979794387,
          "stddevserv": 0.32845527979794387,
          "rate": 3.0445544995202116,
          "cv": 1.0,
          "lambda": 0.15
        },
        "MS4_7": {
          "meanserv": 1.2061826762447412,
          "stddevserv": 1.2061826762447412,
          "rate": 0.8290618160039752,
          "cv": 1.0,
          "lambda": 0.15
        },
        "MS4_8": {
          "meanserv": 1.1912408593417219,
          "stddevserv": 1.1912408593417219,
          "rate": 0.8394607959909961,
          "cv": 1.0,
          "lambda": 0.15
        },
        "MS4_9": {
          "meanserv": 0.5843636210926899,
          "stddevserv": 0.5843636210926899,
          "rate": 1.7112632681174094,
          "cv": 1.0,
          "lambda": 0.15
        }
      },
      "sensors": [
        "S4"
      ],
      "sources": [
        {
          "startTime": 0,
          "stopTime": -1,
          "lambda": 0.15
        }
      ]
    }
  },
  "microservice": {
    "MS1_1": "F4",
    "MS1_2": "F3",
    "MS1_3": "F6",
    "MS1_4": "F6",
    "MS1_5": "F6",
    "MS1_6": "F9",
    "MS1_7": "F7",
    "MS1_8": "F10",
    "MS1_9": "F10",
    "MS2_1": "F3",
    "MS2_2": "F7",
    "MS2_3": "F7",
    "MS2_4": "F1",
    "MS2_5": "F8",
    "MS2_6": "F7",
    "MS2_7": "F7",
    "MS2_8": "F10",
    "MS2_9": "F7",
    "MS3_1": "F7",
    "MS3_2": "F5",
    "MS3_3": "F5",
    "MS3_4": "F5",
    "MS3_5": "F2",
    "MS3_6": "F8",
    "MS3_7": "F8",
    "MS3_8": "F7",
    "MS3_9": "F7",
    "MS4_1": "F2",
    "MS4_2": "F6",
    "MS4_3": "F6",
    "MS4_4": "F7",
    "MS4_5": "F4",
    "MS4_6": "F7",
    "MS4_7": "F1",
    "MS4_8": "F9",
    "MS4_9": "F7"
  },
  "sensor": {
    "S1": "F4",
    "S2": "F3",
    "S3": "F7",
    "S4": "F2"
  },
  "fog": {
    "F1": {
      "rho": 0.6275931851289698,
      "capacity": 1.0,
      "tserv": 2.0919772837632324,
      "stddev": 2.438366897987066,
      "mu": 0.4780166628774822,
      "cv": 1.1655800074466953,
      "lambda": 0.3,
      "twait": 4.157550965557027
    },
    "F2": {
      "rho": 0.6016127810586414,
      "capacity": 1.0,
      "tserv": 2.005375936862138,
      "stddev": 2.627187187651527,
      "mu": 0.4986596186871201,
      "cv": 1.3100721612139978,
      "lambda": 0.3,
      "twait": 4.112950157939416
    },
    "F3": {
      "rho": 0.6361235149748502,
      "capacity": 1.0,
      "tserv": 2.1204117165828342,
      "stddev": 2.1287872087203197,
      "mu": 0.47160652442137874,
      "cv": 1.0039499367372782,
      "lambda": 0.3,
      "twait": 3.721543380527476
    },
    "F4": {
      "rho": 0.6506439289755733,
      "capacity": 1.0,
      "tserv": 2.1688130965852443,
      "stddev": 2.3240035415608657,
      "mu": 0.4610816863723671,
      "cv": 1.0715554720782376,
      "lambda": 0.3,
      "twait": 4.338586136263512
    },
    "F5": {
      "rho": 0.5837856940560844,
      "capacity": 1.0,
      "tserv": 1.2973015423468544,
      "stddev": 1.4933757424569654,
      "mu": 0.7708308110009431,
      "cv": 1.151140034687238,
      "lambda": 0.44999999999999996,
      "twait": 2.115404317947412
    },
    "F6": {
      "rho": 0.5825181610459392,
      "capacity": 1.0,
      "tserv": 0.7766908813945856,
      "stddev": 1.16433965718037,
      "mu": 1.28751350627994,
      "cv": 1.4991030345170815,
      "lambda": 0.75,
      "twait": 1.759599502069561
    },
    "F7": {
      "rho": 0.5321466619091413,
      "capacity": 1.0,
      "tserv": 0.29563703439396743,
      "stddev": 0.42433834143571525,
      "mu": 3.382526150859012,
      "cv": 1.435335536718447,
      "lambda": 1.7999999999999996,
      "twait": 0.5145156315186062
    },
    "F8": {
      "rho": 0.61008078586818,
      "capacity": 1.0,
      "tserv": 1.3557350797070669,
      "stddev": 1.4546785753298226,
      "mu": 0.7376072323923857,
      "cv": 1.072981437969529,
      "lambda": 0.44999999999999996,
      "twait": 2.2816884232086396
    },
    "F9": {
      "rho": 0.5797545634359037,
      "capacity": 1.0,
      "tserv": 1.9325152114530124,
      "stddev": 2.198542783912405,
      "mu": 0.5174603511907798,
      "cv": 1.1376587210712679,
      "lambda": 0.3,
      "twait": 3.058286183394555
    },
    "F10": {
      "rho": 0.5957407235467167,
      "capacity": 1.0,
      "tserv": 1.3238682745482595,
      "stddev": 1.404400547427687,
      "mu": 0.7553621604394347,
      "cv": 1.0608310316273024,
      "lambda": 0.44999999999999996,
      "twait": 2.073218532414389
    }
  },
  "extra": {
    "conv_gen": 221,
    "max_gen": 600,
    "population": 600,
    "deltatime": 58.1347021,
    "obj_func": 33.78028606035021
  },
  "network": [
    [
      0.0,
      1.342764803974587,
      1.3635075145379774,
      1.4128986280358302,
      0.8458824829070085,
      1.217755749239712,
      1.2441442582694797,
      1.0370586900701957,
      1.0229540061583848,
      1.0229540061583848
    ],
    [
      1.342764803974587,
      0.0,
      0.9768114415742772,
      1.1342673847794476,
      1.3989063618074604,
      1.0958768668291892,
      1.2933918365121275,
      1.0229540061583848,
      1.2418317018808684,
      1.2418317018808684
    ],
    [
      1.3635075145379774,
      0.9768114415742772,
      0.0,
      0.8654200101104652,
      0.9878486973758592,
      0.5842788270705593,
      1.0370586900701957,
      1.2418317018808684,
      1.0449544049623833,
      1.0449544049623833
    ],
    [
      1.4128986280358302,
      1.1342673847794476,
      0.8654200101104652,
      0.0,
      1.1965849799296466,
      1.2441442582694797,
      1.0229540061583848,
      1.0449544049623833,
      0.96995108243215,
      0.96995108243215
    ],
    [
      0.8458824829070085,
      1.3989063618074604,
      0.9878486973758592,
      1.1965849799296466,
      0.0,
      1.2933918365121275,
      1.2418317018808684,
      0.96995108243215,
      0.9031824961352133,
      0.9031824961352133
    ],
    [
      1.217755749239712,
      1.0958768668291892,
      0.5842788270705593,
      1.2441442582694797,
      1.2933918365121275,
      0.0,
      1.0449544049623833,
      0.9031824961352133,
      0.8048140568595196,
      0.8048140568595196
    ],
    [
      1.2441442582694797,
      1.2933918365121275,
      1.0370586900701957,
      1.0229540061583848,
      1.2418317018808684,
      1.0449544049623833,
      0.0,
      0.8048140568595196,
      0.9320518840404193,
      0.9320518840404193
    ],
    [
      1.0370586900701957,
      1.0229540061583848,
      1.2418317018808684,
      1.0449544049623833,
      0.96995108243215,
      0.9031824961352133,
      0.8048140568595196,
      0.0,
      1.1742474617924163,
      1.1742474617924163
    ],
    [
      1.0229540061583848,
      1.2418317018808684,
      1.0449544049623833,
      0.96995108243215,
      0.9031824961352133,
      0.8048140568595196,
      0.9320518840404193,
      1.1742474617924163,
      0.0,
      1.3445181221126488
    ],
    [
      1.0229540061583848,
      1.2418317018808684,
      1.0449544049623833,
      0.96995108243215,
      0.9031824961352133,
      0.8048140568595196,
      0.9320518840404193,
      1.1742474617924163,
      1.3445181221126488,
      0.0
    ]
  ]
}