{
  "servicechain": {
    "SC1": {
      "resptime": 39.73670421480136,
      "resptime_old": 29.736704214801364,
      "waittime": 24.97060561094178,
      "servicetime": 10.0,
      "networktime": 4.766098603859577,
      "services": {
        "MS1_1": {
          "meanserv": 0.18722110478413767,
          "stddevserv": 0.18722110478413767,
          "rate": 5.341278170284172,
          "cv": 1.0,
          "lambda": 0.15
        },
        "MS1_2": {
          "meanserv": 0.03872281001917499,
          "stddevserv": 0.03872281001917499,
          "rate": 25.82457211924481,
          "cv": 1.0,
          "lambda": 0.15
        },
        "MS1_3": {
          "meanserv": 0.8305516524704437,
          "stddevserv": 0.8305516524704437,
          "rate": 1.2040190360533733,
          "cv": 1.0,
          "lambda": 0.15
        },
        "MS1_4": {
          "meanserv": 2.2849246712991844,
          "stddevserv": 2.2849246712991844,
          "rate": 0.4376511893634596,
          "cv": 1.0,
          "lambda": 0.15
        },
        "MS1_5": {
          "meanserv": 0.15304486688278418,
          "stddevserv": 0.15304486688278418,
          "rate": 6.534031623327111,
          "cv": 1.0,
          "lambda": 0.15
        },
        "MS1_6": {
          "meanserv": 0.0871128074996701,
          "stddevserv": 0.0871128074996701,
          "rate": 11.47936828925858,
          "cv": 1.0,
          "lambda": 0.15
        },
        "MS1_7": {
          "meanserv": 0.8390792872831474,
          "stddevserv": 0.8390792872831474,
          "rate": 1.1917824872520657,
          "cv": 1.0,
          "lambda": 0.15
        },
        "MS1_8": {
          "meanserv": 0.9932805556721283,
          "stddevserv": 0.9932805556721283,
          "rate": 1.0067649007015191,
          "cv": 1.0,
          "lambda": 0.15
        },
        "MS1_9": {
          "meanserv": 2.3453005569600602,
          "stddevserv": 2.3453005569600602,
          "rate": 0.4263845830046548,
          "cv": 1.0,
          "lambda": 0.15
        },
        "MS1_10": {
          "meanserv": 0.19181794934842866,
          "stddevserv": 0.19181794934842866,
          "rate": 5.2132764602938435,
          "cv": 1.0,
          "lambda": 0.15
        },
        "MS1_11": {
          "meanserv": 0.20918644554593158,
          "stddevserv": 0.20918644554593158,
          "rate": 4.780424455275845,
          "cv": 1.0,
          "lambda": 0.15
        },
        "MS1_12": {
          "meanserv": 0.6589336516427338,
          "stddevserv": 0.6589336516427338,
          "rate": 1.5176034757171402,
          "cv": 1.0,
          "lambda": 0.15
        },
        "MS1_13": {
          "meanserv": 0.3418487885814301,
          "stddevserv": 0.3418487885814301,
          "rate": 2.9252699831106614,
          "cv": 1.0,
          "lambda": 0.15
        },
        "MS1_14": {
          "meanserv": 0.7509815462492124,
          "stddevserv": 0.7509815462492124,
          "rate": 1.331590642931925,
          "cv": 1.0,
          "lambda": 0.15
        },
        "MS1_15": {
          "meanserv": 0.08799330576153253,
          "stddevserv": 0.08799330576153253,
          "rate": 11.364500871351098,
          "cv": 1.0,
          "lambda": 0.15
        }
      },
      "sensors": [
        "S1"
      ],
      "sources": [
        {
          "startTime": 0,
          "stopTime": -1,
          "lambda": 0.15
        }
      ]
    },
    "SC2": {
      "resptime": 37.24870249363052,
      "resptime_old": 27.248702493630514,
      "waittime": 22.452857427912782,
      "servicetime": 10.0,
      "networktime": 4.795845065717732,
      "services": {
        "MS2_1": {
          "meanserv": 0.43434931245519115,
          "stddevserv": 0.43434931245519115,
          "rate": 2.3022944236919063,
          "cv": 1.0,
          "lambda": 0.15
        },
        "MS2_2": {
          "meanserv": 1.0442228687381239,
          "stddevserv": 1.0442228687381239,
          "rate": 0.9576499710338997,
          "cv": 1.0,
          "lambda": 0.15
        },
        "MS2_3": {
          "meanserv": 0.6478641281350928,
          "stddevserv": 0.6478641281350928,
          "rate": 1.5435335228060039,
          "cv": 1.0,
          "lambda": 0.15
        },
        "MS2_4": {
          "meanserv": 1.330655562315378,
          "stddevserv": 1.330655562315378,
          "rate": 0.7515092773219029,
          "cv": 1.0,
          "lambda": 0.15
        },
        "MS2_5": {
          "meanserv": 0.3904031832561974,
          "stddevserv": 0.3904031832561974,
          "rate": 2.5614545241649886,
          "cv": 1.0,
          "lambda": 0.15
        },
        "MS2_6": {
          "meanserv": 0.8560267996187618,
          "stddevserv": 0.8560267996187618,
          "rate": 1.1681877254840125,
          "cv": 1.0,
          "lambda": 0.15
        },
        "MS2_7": {
          "meanserv": 1.056532474543645,
          "stddevserv": 1.056532474543645,
          "rate": 0.9464924402176436,
          "cv": 1.0,
          "lambda": 0.15
        },
        "MS2_8": {
          "meanserv": 0.24451199634238296,
          "stddevserv": 0.24451199634238296,
          "rate": 4.089778885939524,
          "cv": 1.0,
          "lambda": 0.15
        },
        "MS2_9": {
          "meanserv": 0.8830423306869237,
          "stddevserv": 0.8830423306869237,
          "rate": 1.1324485421011405,
          "cv": 1.0,
          "lambda": 0.15
        },
        "MS2_10": {
          "meanserv": 0.7503805684075964,
          "stddevserv": 0.7503805684075964,
          "rate": 1.3326571104074936,
          "cv": 1.0,
          "lambda": 0.15
        },
        "MS2_11": {
          "meanserv": 0.06445080620404653,
          "stddevserv": 0.06445080620404653,
          "rate": 15.515709715625174,
          "cv": 1.0,
          "lambda": 0.15
        },
        "MS2_12": {
          "meanserv": 0.41223547272312544,
          "stddevserv": 0.41223547272312544,
          "rate": 2.4257980357542928,
          "cv": 1.0,
          "lambda": 0.15
        },
        "MS2_13": {
          "meanserv": 0.7004143696408232,
          "stddevserv": 0.7004143696408232,
          "rate": 1.4277262765365681,
          "cv": 1.0,
          "lambda": 0.15
        },
        "MS2_14": {
          "meanserv": 0.42127082912868197,
          "stddevserv": 0.42127082912868197,
          "rate": 2.3737698669245826,
          "cv": 1.0,
          "lambda": 0.15
        },
        "MS2_15": {
          "meanserv": 0.7636392978040298,
          "stddevserv": 0.7636392978040298,
          "rate": 1.309518777878069,
          "cv": 1.0,
          "lambda": 0.15
        }
      },
      "sensors": [
        "S2"
      ],
      "sources": [
        {
          "startTime": 0,
          "stopTime": -1,
          "lambda": 0.15
        }
      ]
    },
    "SC3": {
      "resptime": 39.058071320421064,
      "resptime_old": 29.058071320421053,
      "waittime": 24.20361470892841,
      "servicetime": 10.0,
      "networktime": 4.854456611492649,
      "services": {
        "MS3_1": {
          "meanserv": 0.1404931892179906,
          "stddevserv": 0.1404931892179906,
          "rate": 7.117782759194045,
          "cv": 1.0,
          "lambda": 0.15
        },
        "MS3_2": {
          "meanserv": 0.3786566369294253,
          "stddevserv": 0.3786566369294253,
          "rate": 2.6409150202915415,
          "cv": 1.0,
          "lambda": 0.15
        },
        "MS3_3": {
          "meanserv": 0.29437386724176506,
          "stddevserv": 0.29437386724176506,
          "rate": 3.397040672699096,
          "cv": 1.0,
          "lambda": 0.15
        },
        "MS3_4": {
          "meanserv": 1.3492945123652065,
          "stddevserv": 1.3492945123652065,
          "rate": 0.7411280419773435,
          "cv": 1.0,
          "lambda": 0.15
        },
        "MS3_5": {
          "meanserv": 1.6748340907778383,
          "stddevserv": 1.6748340907778383,
          "rate": 0.5970740657276524,
          "cv": 1.0,
          "lambda": 0.15
        },
        "MS3_6": {
          "meanserv": 1.2263464820256056,
          "stddevserv": 1.2263464820256056,
          "rate": 0.8154302349758936,
          "cv": 1.0,
          "lambda": 0.15
        },
        "MS3_7": {
          "meanserv": 0.10303860808936705,
          "stddevserv": 0.10303860808936705,
          "rate": 9.705100044952896,
          "cv": 1.0,
          "lambda": 0.15
        },
        "MS3_8": {
          "meanserv": 1.8532572446465299,
          "stddevserv": 1.8532572446465299,
          "rate": 0.5395904982369186,
          "cv": 1.0,
          "lambda": 0.15
        },
        "MS3_9": {
          "meanserv": 0.5808405245601485,
          "stddevserv": 0.5808405245601485,
          "rate": 1.7216429600143126,
          "cv": 1.0,
          "lambda": 0.15
        },
        "MS3_10": {
          "meanserv": 0.34193283046520406,
          "stddevserv": 0.34193283046520406,
          "rate": 2.9245509962862792,
          "cv": 1.0,
          "lambda": 0.15
        },
        "MS3_11": {
          "meanserv": 0.3224595863132471,
          "stddevserv": 0.3224595863132471,
          "rate": 3.1011638122879974,
          "cv": 1.0,
          "lambda": 0.15
        },
        "MS3_12": {
          "meanserv": 0.7866233039738457,
          "stddevserv": 0.7866233039738457,
          "rate": 1.2712565149649429,
          "cv": 1.0,
          "lambda": 0.15
        },
        "MS3_13": {
          "meanserv": 0.41218268500314537,
          "stddevserv": 0.41218268500314537,
          "rate": 2.4261087046690695,
          "cv": 1.0,
          "lambda": 0.15
        },
        "MS3_14": {
          "meanserv": 0.5167967944295739,
          "stddevserv": 0.5167967944295739,
          "rate": 1.9349965223831787,
          "cv": 1.0,
          "lambda": 0.15
        },
        "MS3_15": {
          "meanserv": 0.01886964396110713,
          "stddevserv": 0.01886964396110713,
          "rate": 52.99517055335725,
          "cv": 1.0,
          "lambda": 0.15
        }
      },
      "sensors": [
        "S3"
      ],
      "sources": [
        {
          "startTime": 0,
          "stopTime": -1,
          "lambda": 0.15
        }
      ]
    },
    "SC4": {
      "resptime": 40.748295635573356,
      "resptime_old": 30.748295635573356,
      "waittime": 26.806232751379014,
      "servicetime": 10.0,
      "networktime": 3.9420628841943413,
      "services": {
        "MS4_1": {
          "meanserv": 0.6999091745927299,
          "stddevserv": 0.6999091745927299,
          "rate": 1.428756810598875,
          "cv": 1.0,
          "lambda": 0.15
        },
        "MS4_2": {
          "meanserv": 0.12109800143223048,
          "stddevserv": 0.12109800143223048,
          "rate": 8.257774597210222,
          "cv": 1.0,
          "lambda": 0.15
        },
        "MS4_3": {
          "meanserv": 0.5357485248279126,
          "stddevserv": 0.5357485248279126,
          "rate": 1.866547370002016,
          "cv": 1.0,
          "lambda": 0.15
        },
        "MS4_4": {
          "meanserv": 0.3846910168016682,
          "stddevserv": 0.3846910168016682,
          "rate": 2.599488826939677,
          "cv": 1.0,
          "lambda": 0.15
        },
        "MS4_5": {
          "meanserv": 0.5187448847353193,
          "stddevserv": 0.5187448847353193,
          "rate": 1.9277298522379316,
          "cv": 1.0,
          "lambda": 0.15
        },
        "MS4_6": {
          "meanserv": 1.4529617528565177,
          "stddevserv": 1.4529617528565177,
          "rate": 0.688249362403383,
          "cv": 1.0,
          "lambda": 0.15
        },
        "MS4_7": {
          "meanserv": 0.14009540123202058,
          "stddevserv": 0.14009540123202058,
          "rate": 7.137993047636437,
          "cv": 1.0,
          "lambda": 0.15
        },
        "MS4_8": {
          "meanserv": 3.886173204480796,
          "stddevserv": 3.886173204480796,
          "rate": 0.2573225503297151,
          "cv": 1.0,
          "lambda": 0.15
        },
        "MS4_9": {
          "meanserv": 0.47450798715980014,
          "stddevserv": 0.47450798715980014,
          "rate": 2.1074460853347654,
          "cv": 1.0,
          "lambda": 0.15
        },
        "MS4_10": {
          "meanserv": 0.6837352708940951,
          "stddevserv": 0.6837352708940951,
          "rate": 1.4625543577594546,
          "cv": 1.0,
          "lambda": 0.15
        },
        "MS4_11": {
          "meanserv": 0.05792631871318221,
          "stddevserv": 0.05792631871318221,
          "rate": 17.263310049986508,
          "cv": 1.0,
          "lambda": 0.15
        },
        "MS4_12": {
          "meanserv": 0.19672531677734106,
          "stddevserv": 0.19672531677734106,
          "rate": 5.083229837326055,
          "cv": 1.0,
          "lambda": 0.15
        },
        "MS4_13": {
          "meanserv": 0.08466435629385494,
          "stddevserv": 0.08466435629385494,
          "rate": 11.81134592849413,
          "cv": 1.0,
          "lambda": 0.15
        },
        "MS4_14": {
          "meanserv": 0.45843212699160496,
          "stddevserv": 0.45843212699160496,
          "rate": 2.1813479926949197,
          "cv": 1.0,
          "lambda": 0.15
        },
        "MS4_15": {
          "meanserv": 0.30458666221092656,
          "stddevserv": 0.30458666221092656,
          "rate": 3.2831378522658325,
          "cv": 1.0,
          "lambda": 0.15
        }
      },
      "sensors": [
        "S4"
      ],
      "sources": [
        {
          "startTime": 0,
          "stopTime": -1,
          "lambda": 0.15
        }
      ]
    }
  },
  "microservice": {
    "MS1_1": "F6",
    "MS1_2": "F8",
    "MS1_3": "F8",
    "MS1_4": "F3",
    "MS1_5": "F10",
    "MS1_6": "F10",
    "MS1_7": "F6",
    "MS1_8": "F7",
    "MS1_9": "F2",
    "MS1_10": "F2",
    "MS1_11": "F3",
    "MS1_12": "F3",
    "MS1_13": "F4",
    "MS1_14": "F4",
    "MS1_15": "F4",
    "MS2_1": "F10",
    "MS2_2": "F10",
    "MS2_3": "F10",
    "MS2_4": "F7",
    "MS2_5": "F7",
    "MS2_6": "F10",
    "MS2_7": "F10",
    "MS2_8": "F9",
    "MS2_9": "F9",
    "MS2_10": "F8",
    "MS2_11": "F8",
    "MS2_12": "F2",
    "MS2_13": "F7",
    "MS2_14": "F9",
    "MS2_15": "F9",
    "MS3_1": "F4",
    "MS3_2": "F4",
    "MS3_3": "F8",
    "MS3_4": "F8",
    "MS3_5": "F5",
    "MS3_6": "F9",
    "MS3_7": "F9",
    "MS3_8": "F4",
    "MS3_9": "F4",
    "MS3_10": "F3",
    "MS3_11": "F5",
    "MS3_12": "F5",
    "MS3_13": "F8",
    "MS3_14": "F8",
    "MS3_15": "F8",
    "MS4_1": "F6",
    "MS4_2": "F9",
    "MS4_3": "F9",
    "MS4_4": "F6",
    "MS4_5": "F6",
    "MS4_6": "F6",
    "MS4_7": "F6",
    "MS4_8": "F1",
    "MS4_9": "F5",
    "MS4_10": "F5",
    "MS4_11": "F7",
    "MS4_12": "F7",
    "MS4_13": "F7",
    "MS4_14": "F7",
    "MS4_15": "F2"
  },
  "sensor": {
    "S1": "F6",
    "S2": "F10",
    "S3": "F4",
    "S4": "F6"
  },
  "fog": {
    "F1": {
      "rho": 0.5829259806721194,
      "capacity": 1.0,
      "tserv": 3.886173204480796,
      "stddev": 3.8861732044807957,
      "mu": 0.2573225503297151,
      "cv": 0.9999999999999999,
      "lambda": 0.15,
      "twait": 5.431533064405017
    },
    "F2": {
      "rho": 0.48809109618638113,
      "capacity": 1.0,
      "tserv": 0.8134851603106352,
      "stddev": 1.4960654624457812,
      "mu": 1.229278724172599,
      "cv": 1.8390814429540396,
      "lambda": 0.6,
      "twait": 1.699503536096677
    },
    "F3": {
      "rho": 0.5242466398429582,
      "capacity": 1.0,
      "tserv": 0.8737443997382637,
      "stddev": 1.4643928414501766,
      "mu": 1.1444994672349913,
      "cv": 1.675996826862462,
      "lambda": 0.6,
      "twait": 1.8336448548915998
    },
    "F4": {
      "rho": 0.6201106853919404,
      "capacity": 1.0,
      "tserv": 0.5905816051351812,
      "stddev": 0.9860282233717288,
      "mu": 1.6932461006317745,
      "cv": 1.669588444337056,
      "lambda": 1.05,
      "twait": 1.8256504602152734
    },
    "F5": {
      "rho": 0.5913240358678239,
      "capacity": 1.0,
      "tserv": 0.7884320478237652,
      "stddev": 1.0327467558401322,
      "mu": 1.268340122348154,
      "cv": 1.3098741466569326,
      "lambda": 0.75,
      "twait": 1.5490796228854282
    },
    "F6": {
      "rho": 0.6334053933428311,
      "capacity": 1.0,
      "tserv": 0.6032432317550772,
      "stddev": 0.8456828631106151,
      "mu": 1.6577061247593243,
      "cv": 1.401893661782468,
      "lambda": 1.05,
      "twait": 1.545352790415887
    },
    "F7": {
      "rho": 0.6318752684490766,
      "capacity": 1.0,
      "tserv": 0.5265627237075639,
      "stddev": 0.7985231041499837,
      "mu": 1.899108985457482,
      "cv": 1.5164824021866348,
      "lambda": 1.2,
      "twait": 1.4911914980638994
    },
    "F8": {
      "rho": 0.641343501015309,
      "capacity": 1.0,
      "tserv": 0.47506926001134003,
      "stddev": 0.7582894507438747,
      "mu": 2.1049562330682683,
      "cv": 1.5961661058132326,
      "lambda": 1.3499999999999999,
      "twait": 1.5069244367496009
    },
    "F9": {
      "rho": 0.6448044105505703,
      "capacity": 1.0,
      "tserv": 0.5373370087921419,
      "stddev": 0.7519098309030685,
      "mu": 1.8610294538391456,
      "cv": 1.399326341941822,
      "lambda": 1.2,
      "twait": 1.4427534803857156
    },
    "F10": {
      "rho": 0.6418729886809903,
      "capacity": 1.0,
      "tserv": 0.6113076082676098,
      "stddev": 0.8054995443024677,
      "mu": 1.6358376478151633,
      "cv": 1.3176664798679347,
      "lambda": 1.05,
      "twait": 1.4989833205164687
    }
  },
  "extra": {
    "deltatime": 0.1040824,
    "obj_func": 39.19794341610657
  },
  "network": [
    [
      0.0,
      0.640522973831875,
      0.6229811828317074,
      0.5099095818578934,
      0.7722834071057618,
      0.5164446794383314,
      0.8255059397060626,
      0.5135975277689799,
      0.6847469375728985,
      0.6847469375728985
    ],
    [
      0.640522973831875,
      0.0,
      0.5264979837294753,
      0.5730820984558476,
      0.6486151932790316,
      0.5826847799841101,
      0.56960096857557,
      0.6847469375728985,
      0.81280979025612,
      0.81280979025612
    ],
    [
      0.6229811828317074,
      0.5264979837294753,
      0.0,
      0.438268334636729,
      0.644115001008421,
      0.675464549268826,
      0.5135975277689799,
      0.81280979025612,
      0.40560823557769876,
      0.40560823557769876
    ],
    [
      0.5099095818578934,
      0.5730820984558476,
      0.438268334636729,
      0.0,
      0.7355065366124308,
      0.8255059397060626,
      0.6847469375728985,
      0.40560823557769876,
      0.7980740013909312,
      0.7980740013909312
    ],
    [
      0.7722834071057618,
      0.6486151932790316,
      0.644115001008421,
      0.7355065366124308,
      0.0,
      0.56960096857557,
      0.81280979025612,
      0.7980740013909312,
      0.9722430360970066,
      0.9722430360970066
    ],
    [
      0.5164446794383314,
      0.5826847799841101,
      0.675464549268826,
      0.8255059397060626,
      0.56960096857557,
      0.0,
      0.40560823557769876,
      0.9722430360970066,
      0.6354620194092793,
      0.6354620194092793
    ],
    [
      0.8255059397060626,
      0.56960096857557,
      0.5135975277689799,
      0.6847469375728985,
      0.81280979025612,
      0.40560823557769876,
      0.0,
      0.6354620194092793,
      0.6466565453966209,
      0.6466565453966209
    ],
    [
      0.5135975277689799,
      0.6847469375728985,
      0.81280979025612,
      0.40560823557769876,
      0.7980740013909312,
      0.9722430360970066,
      0.6354620194092793,
      0.0,
      0.7831456946956503,
      0.7831456946956503
    ],
    [
      0.6847469375728985,
      0.81280979025612,
      0.40560823557769876,
      0.7980740013909312,
      0.9722430360970066,
      0.6354620194092793,
      0.6466565453966209,
      0.7831456946956503,
      0.0,
      0.8183818286837496
    ],
    [
      0.6847469375728985,
      0.81280979025612,
      0.40560823557769876,
      0.7980740013909312,
      0.9722430360970066,
      0.6354620194092793,
      0.6466565453966209,
      0.7831456946956503,
      0.8183818286837496,
      0.0
    ]
  ]
}