{
  "servicechain": {
    "SC1": {
      "resptime": 32.799847938255304,
      "resptime_old": 22.799847938255304,
      "waittime": 18.217064607104067,
      "servicetime": 10.0,
      "networktime": 4.582783331151235,
      "services": {
        "MS1_1": {
          "meanserv": 1.0413777952696446,
          "stddevserv": 1.0413777952696446,
          "rate": 0.9602662977282604,
          "cv": 1.0,
          "lambda": 0.15
        },
        "MS1_2": {
          "meanserv": 0.7893714361643112,
          "stddevserv": 0.7893714361643112,
          "rate": 1.266830739226097,
          "cv": 1.0,
          "lambda": 0.15
        },
        "MS1_3": {
          "meanserv": 1.7185953182674452,
          "stddevserv": 1.7185953182674452,
          "rate": 0.5818705482149937,
          "cv": 1.0,
          "lambda": 0.15
        },
        "MS1_4": {
          "meanserv": 1.89546928528971,
          "stddevserv": 1.89546928528971,
          "rate": 0.5275738350184643,
          "cv": 1.0,
          "lambda": 0.15
        },
        "MS1_5": {
          "meanserv": 0.4483480840492353,
          "stddevserv": 0.4483480840492353,
          "rate": 2.230409888157758,
          "cv": 1.0,
          "lambda": 0.15
        },
        "MS1_6": {
          "meanserv": 0.3221314387824492,
          "stddevserv": 0.3221314387824492,
          "rate": 3.104322893101247,
          "cv": 1.0,
          "lambda": 0.15
        },
        "MS1_7": {
          "meanserv": 2.9710248662992536,
          "stddevserv": 2.9710248662992536,
          "rate": 0.33658419064180123,
          "cv": 1.0,
          "lambda": 0.15
        },
        "MS1_8": {
          "meanserv": 0.8136817758779511,
          "stddevserv": 0.8136817758779511,
          "rate": 1.2289816850340713,
          "cv": 1.0,
          "lambda": 0.15
        }
      },
      "sensors": [
        "S1"
      ],
      "sources": [
        {
          "startTime": 0,
          "stopTime": -1,
          "lambda": 0.15
        }
      ]
    },
    "SC2": {
      "resptime": 36.402266824541876,
      "resptime_old": 26.402266824541883,
      "waittime": 23.29255909484624,
      "servicetime": 10.0,
      "networktime": 3.109707729695639,
      "services": {
        "MS2_1": {
          "meanserv": 0.048561989117297255,
          "stddevserv": 0.048561989117297255,
          "rate": 20.592237224562343,
          "cv": 1.0,
          "lambda": 0.15
        },
        "MS2_2": {
          "meanserv": 0.3673765133410567,
          "stddevserv": 0.3673765133410567,
          "rate": 2.722003077729802,
          "cv": 1.0,
          "lambda": 0.15
        },
        "MS2_3": {
          "meanserv": 2.7798218304712456,
          "stddevserv": 2.7798218304712456,
          "rate": 0.3597352855634191,
          "cv": 1.0,
          "lambda": 0.15
        },
        "MS2_4": {
          "meanserv": 2.039872134569836,
          "stddevserv": 2.039872134569836,
          "rate": 0.49022680542223196,
          "cv": 1.0,
          "lambda": 0.15
        },
        "MS2_5": {
          "meanserv": 1.2383627523815637,
          "stddevserv": 1.2383627523815637,
          "rate": 0.8075178279359945,
          "cv": 1.0,
          "lambda": 0.15
        },
        "MS2_6": {
          "meanserv": 0.8998417620973997,
          "stddevserv": 0.8998417620973997,
          "rate": 1.1113065008998315,
          "cv": 1.0,
          "lambda": 0.15
        },
        "MS2_7": {
          "meanserv": 1.5034028683534624,
          "stddevserv": 1.5034028683534624,
          "rate": 0.6651577039328169,
          "cv": 1.0,
          "lambda": 0.15
        },
        "MS2_8": {
          "meanserv": 1.1227601496681388,
          "stddevserv": 1.1227601496681388,
          "rate": 0.8906621777550408,
          "cv": 1.0,
          "lambda": 0.15
        }
      },
      "sensors": [
        "S2"
      ],
      "sources": [
        {
          "startTime": 0,
          "stopTime": -1,
          "lambda": 0.15
        }
      ]
    },
    "SC3": {
      "resptime": 28.868386715855024,
      "resptime_old": 18.868386715855024,
      "waittime": 15.343071526666385,
      "servicetime": 10.0,
      "networktime": 3.525315189188637,
      "services": {
        "MS3_1": {
          "meanserv": 1.3899264235524,
          "stddevserv": 1.3899264235524,
          "rate": 0.7194625435238372,
          "cv": 1.0,
          "lambda": 0.15
        },
        "MS3_2": {
          "meanserv": 1.2460342623150023,
          "stddevserv": 1.2460342623150023,
          "rate": 0.8025461500088319,
          "cv": 1.0,
          "lambda": 0.15
        },
        "MS3_3": {
          "meanserv": 2.7842878187080413,
          "stddevserv": 2.7842878187080413,
          "rate": 0.35915827138302736,
          "cv": 1.0,
          "lambda": 0.15
        },
        "MS3_4": {
          "meanserv": 0.8892359392412157,
          "stddevserv": 0.8892359392412157,
          "rate": 1.124560935822386,
          "cv": 1.0,
          "lambda": 0.15
        },
        "MS3_5": {
          "meanserv": 0.3558610237233468,
          "stddevserv": 0.3558610237233468,
          "rate": 2.8100857731961653,
          "cv": 1.0,
          "lambda": 0.15
        },
        "MS3_6": {
          "meanserv": 0.45289003826466523,
          "stddevserv": 0.45289003826466523,
          "rate": 2.2080415012696926,
          "cv": 1.0,
          "lambda": 0.15
        },
        "MS3_7": {
          "meanserv": 2.0778176508401742,
          "stddevserv": 2.0778176508401742,
          "rate": 0.48127418669085126,
          "cv": 1.0,
          "lambda": 0.15
        },
        "MS3_8": {
          "meanserv": 0.8039468433551544,
          "stddevserv": 0.8039468433551544,
          "rate": 1.2438633328375872,
          "cv": 1.0,
          "lambda": 0.15
        }
      },
      "sensors": [
        "S3"
      ],
      "sources": [
        {
          "startTime": 0,
          "stopTime": -1,
          "lambda": 0.15
        }
      ]
    },
    "SC4": {
      "resptime": 28.469880791204943,
      "resptime_old": 18.46988079120494,
      "waittime": 14.665293194167772,
      "servicetime": 10.0,
      "networktime": 3.8045875970371705,
      "services": {
        "MS4_1": {
          "meanserv": 1.0380638789466445,
          "stddevserv": 1.0380638789466445,
          "rate": 0.963331852963356,
          "cv": 1.0,
          "lambda": 0.15
        },
        "MS4_2": {
          "meanserv": 1.1181161259058268,
          "stddevserv": 1.1181161259058268,
          "rate": 0.894361486102227,
          "cv": 1.0,
          "lambda": 0.15
        },
        "MS4_3": {
          "meanserv": 0.36932083332371546,
          "stddevserv": 0.36932083332371546,
          "rate": 2.707672868060179,
          "cv": 1.0,
          "lambda": 0.15
        },
        "MS4_4": {
          "meanserv": 0.5501163415075836,
          "stddevserv": 0.5501163415075836,
          "rate": 1.8177972994939917,
          "cv": 1.0,
          "lambda": 0.15
        },
        "MS4_5": {
          "meanserv": 3.721974892362341,
          "stddevserv": 3.721974892362341,
          "rate": 0.2686745689907916,
          "cv": 1.0,
          "lambda": 0.15
        },
        "MS4_6": {
          "meanserv": 1.2157349153305557,
          "stddevserv": 1.2157349153305557,
          "rate": 0.8225477342057764,
          "cv": 1.0,
          "lambda": 0.15
        },
        "MS4_7": {
          "meanserv": 1.0658228625060353,
          "stddevserv": 1.0658228625060353,
          "rate": 0.9382422118894428,
          "cv": 1.0,
          "lambda": 0.15
        },
        "MS4_8": {
          "meanserv": 0.9208501501172979,
          "stddevserv": 0.9208501501172979,
          "rate": 1.0859530183848263,
          "cv": 1.0,
          "lambda": 0.15
        }
      },
      "sensors": [
        "S4"
      ],
      "sources": [
        {
          "startTime": 0,
          "stopTime": -1,
          "lambda": 0.15
        }
      ]
    }
  },
  "microservice": {
    "MS1_1": "F10",
    "MS1_2": "F7",
    "MS1_3": "F7",
    "MS1_4": "F7",
    "MS1_5": "F10",
    "MS1_6": "F10",
    "MS1_7": "F6",
    "MS1_8": "F3",
    "MS2_1": "F10",
    "MS2_2": "F10",
    "MS2_3": "F5",
    "MS2_4": "F5",
    "MS2_5": "F4",
    "MS2_6": "F4",
    "MS2_7": "F4",
    "MS2_8": "F6",
    "MS3_1": "F1",
    "MS3_2": "F8",
    "MS3_3": "F8",
    "MS3_4": "F10",
    "MS3_5": "F10",
    "MS3_6": "F10",
    "MS3_7": "F3",
    "MS3_8": "F3",
    "MS4_1": "F1",
    "MS4_2": "F1",
    "MS4_3": "F1",
    "MS4_4": "F2",
    "MS4_5": "F9",
    "MS4_6": "F2",
    "MS4_7": "F2",
    "MS4_8": "F2"
  },
  "sensor": {
    "S1": "F10",
    "S2": "F10",
    "S3": "F1",
    "S4": "F1"
  },
  "fog": {
    "F1": {
      "rho": 0.5873140892592881,
      "capacity": 1.0,
      "tserv": 0.9788568154321469,
      "stddev": 1.1134927701526782,
      "mu": 1.0215998747053918,
      "cv": 1.1375440744733356,
      "lambda": 0.6,
      "twait": 1.5978448188515375
    },
    "F2": {
      "rho": 0.5628786404192208,
      "capacity": 1.0,
      "tserv": 0.938131067365368,
      "stddev": 1.0011001317667783,
      "mu": 1.065949135240115,
      "cv": 1.0671218197455623,
      "lambda": 0.6,
      "twait": 1.2918321185572499
    },
    "F3": {
      "rho": 0.554316940510992,
      "capacity": 1.0,
      "tserv": 1.23181542335776,
      "stddev": 1.4943629397721083,
      "mu": 0.8118099360001005,
      "cv": 1.2131386824973174,
      "lambda": 0.44999999999999996,
      "twait": 1.8934087676328908
    },
    "F4": {
      "rho": 0.5462411074248639,
      "capacity": 1.0,
      "tserv": 1.2138691276108087,
      "stddev": 1.2631337483745404,
      "mu": 0.8238120380969278,
      "cv": 1.040584787637442,
      "lambda": 0.44999999999999996,
      "twait": 1.5217809821033124
    },
    "F5": {
      "rho": 0.7229540947561622,
      "capacity": 1.0,
      "tserv": 2.409846982520541,
      "stddev": 2.4659937662929425,
      "mu": 0.41496410654010324,
      "cv": 1.023298899963215,
      "lambda": 0.3,
      "twait": 6.436742526890373
    },
    "F6": {
      "rho": 0.6140677523951088,
      "capacity": 1.0,
      "tserv": 2.046892507983696,
      "stddev": 2.4285407492178366,
      "mu": 0.48854543953803226,
      "cv": 1.18645250776265,
      "lambda": 0.3,
      "twait": 3.9207318794121937
    },
    "F7": {
      "rho": 0.66051540595822,
      "capacity": 1.0,
      "tserv": 1.4678120132404888,
      "stddev": 1.6202412956840566,
      "mu": 0.681286153117319,
      "cv": 1.1038479594584116,
      "lambda": 0.44999999999999996,
      "twait": 3.167808379014645
    },
    "F8": {
      "rho": 0.6045483121534565,
      "capacity": 1.0,
      "tserv": 2.0151610405115217,
      "stddev": 2.2899751136362583,
      "mu": 0.4962382558498468,
      "cv": 1.1363732563304116,
      "lambda": 0.3,
      "twait": 3.5294551747670093
    },
    "F9": {
      "rho": 0.5582962338543511,
      "capacity": 1.0,
      "tserv": 3.721974892362341,
      "stddev": 3.721974892362341,
      "mu": 0.2686745689907916,
      "cv": 1.0,
      "lambda": 0.15,
      "twait": 4.7044302633841575
    },
    "F10": {
      "rho": 0.5888674232683366,
      "capacity": 1.0,
      "tserv": 0.4907228527236139,
      "stddev": 0.6491970979616275,
      "mu": 2.0378101293831987,
      "cv": 1.3229404221923813,
      "lambda": 1.2,
      "twait": 0.9664996076716821
    }
  },
  "extra": {
    "conv_gen": 472,
    "max_gen": 600,
    "population": 600,
    "deltatime": 51.98808,
    "obj_func": 31.635095567464287
  },
  "network": [
    [
      0.0,
      1.1623945805757758,
      1.3255666552525016,
      1.273540530216483,
      1.3036322973113608,
      1.2631720804139646,
      0.9300149542359138,
      1.0855167426281556,
      1.684918124601829,
      1.684918124601829
    ],
    [
      1.1623945805757758,
      0.0,
      1.222776968141386,
      1.3102260251670668,
      1.2860513036600967,
      1.2949405770563374,
      0.9909033095615413,
      1.684918124601829,
      1.3210965082306971,
      1.3210965082306971
    ],
    [
      1.3255666552525016,
      1.222776968141386,
      0.0,
      1.077499587762205,
      0.91272390985939,
      0.7473515503067686,
      1.0855167426281556,
      1.3210965082306971,
      1.4890447060837702,
      1.4890447060837702
    ],
    [
      1.273540530216483,
      1.3102260251670668,
      1.077499587762205,
      0.0,
      0.9182171774655483,
      0.9300149542359138,
      1.684918124601829,
      1.4890447060837702,
      1.2935267838293811,
      1.2935267838293811
    ],
    [
      1.3036322973113608,
      1.2860513036600967,
      0.91272390985939,
      0.9182171774655483,
      0.0,
      0.9909033095615413,
      1.3210965082306971,
      1.2935267838293811,
      1.2614755979941767,
      1.2614755979941767
    ],
    [
      1.2631720804139646,
      1.2949405770563374,
      0.7473515503067686,
      0.9300149542359138,
      0.9909033095615413,
      0.0,
      1.4890447060837702,
      1.2614755979941767,
      1.1010454701382335,
      1.1010454701382335
    ],
    [
      0.9300149542359138,
      0.9909033095615413,
      1.0855167426281556,
      1.684918124601829,
      1.3210965082306971,
      1.4890447060837702,
      0.0,
      1.1010454701382335,
      1.367193155353117,
      1.367193155353117
    ],
    [
      1.0855167426281556,
      1.684918124601829,
      1.3210965082306971,
      1.4890447060837702,
      1.2935267838293811,
      1.2614755979941767,
      1.1010454701382335,
      0.0,
      0.9507537404767118,
      0.9507537404767118
    ],
    [
      1.684918124601829,
      1.3210965082306971,
      1.4890447060837702,
      1.2935267838293811,
      1.2614755979941767,
      1.1010454701382335,
      1.367193155353117,
      0.9507537404767118,
      0.0,
      1.3984062919665026
    ],
    [
      1.684918124601829,
      1.3210965082306971,
      1.4890447060837702,
      1.2935267838293811,
      1.2614755979941767,
      1.1010454701382335,
      1.367193155353117,
      0.9507537404767118,
      1.3984062919665026,
      0.0
    ]
  ]
}