{
  "servicechain": {
    "SC1": {
      "resptime": 42.12386022969336,
      "resptime_old": 32.12386022969336,
      "waittime": 26.433826055858624,
      "servicetime": 10.0,
      "networktime": 5.6900341738347375,
      "services": {
        "MS1_1": {
          "meanserv": 1.9123863121082685,
          "stddevserv": 1.9123863121082685,
          "rate": 0.5229069010107962,
          "cv": 1.0,
          "lambda": 0.225
        },
        "MS1_2": {
          "meanserv": 1.4791429244425516,
          "stddevserv": 1.4791429244425516,
          "rate": 0.6760671896374535,
          "cv": 1.0,
          "lambda": 0.225
        },
        "MS1_3": {
          "meanserv": 0.18074489621366796,
          "stddevserv": 0.18074489621366796,
          "rate": 5.532659681952224,
          "cv": 1.0,
          "lambda": 0.225
        },
        "MS1_4": {
          "meanserv": 1.5243375530501848,
          "stddevserv": 1.5243375530501848,
          "rate": 0.6560226755543808,
          "cv": 1.0,
          "lambda": 0.225
        },
        "MS1_5": {
          "meanserv": 0.9354018956151373,
          "stddevserv": 0.9354018956151373,
          "rate": 1.069059197642936,
          "cv": 1.0,
          "lambda": 0.225
        },
        "MS1_6": {
          "meanserv": 0.6437718041743139,
          "stddevserv": 0.6437718041743139,
          "rate": 1.553345445569142,
          "cv": 1.0,
          "lambda": 0.225
        },
        "MS1_7": {
          "meanserv": 1.785949445201517,
          "stddevserv": 1.785949445201517,
          "rate": 0.5599262636950876,
          "cv": 1.0,
          "lambda": 0.225
        },
        "MS1_8": {
          "meanserv": 0.07077007291820969,
          "stddevserv": 0.07077007291820969,
          "rate": 14.130266633407583,
          "cv": 1.0,
          "lambda": 0.225
        },
        "MS1_9": {
          "meanserv": 0.3744034068123021,
          "stddevserv": 0.3744034068123021,
          "rate": 2.670915867230143,
          "cv": 1.0,
          "lambda": 0.225
        },
        "MS1_10": {
          "meanserv": 1.0930916894638472,
          "stddevserv": 1.0930916894638472,
          "rate": 0.9148363395668044,
          "cv": 1.0,
          "lambda": 0.225
        }
      },
      "sensors": [
        "S1"
      ],
      "sources": [
        {
          "startTime": 0,
          "stopTime": -1,
          "lambda": 0.225
        }
      ]
    },
    "SC2": {
      "resptime": 34.70167804418545,
      "resptime_old": 24.701678044185453,
      "waittime": 18.68631363776247,
      "servicetime": 10.0,
      "networktime": 6.01536440642298,
      "services": {
        "MS2_1": {
          "meanserv": 0.3943016193690996,
          "stddevserv": 0.3943016193690996,
          "rate": 2.5361295791786125,
          "cv": 1.0,
          "lambda": 0.225
        },
        "MS2_2": {
          "meanserv": 1.2704762979478934,
          "stddevserv": 1.2704762979478934,
          "rate": 0.7871063801939684,
          "cv": 1.0,
          "lambda": 0.225
        },
        "MS2_3": {
          "meanserv": 1.2499403539060516,
          "stddevserv": 1.2499403539060516,
          "rate": 0.800038175321734,
          "cv": 1.0,
          "lambda": 0.225
        },
        "MS2_4": {
          "meanserv": 2.1735805794506815,
          "stddevserv": 2.1735805794506815,
          "rate": 0.46007036014865627,
          "cv": 1.0,
          "lambda": 0.225
        },
        "MS2_5": {
          "meanserv": 1.0034871178469125,
          "stddevserv": 1.0034871178469125,
          "rate": 0.9965249998879961,
          "cv": 1.0,
          "lambda": 0.225
        },
        "MS2_6": {
          "meanserv": 1.8709774597619822,
          "stddevserv": 1.8709774597619822,
          "rate": 0.5344799825259337,
          "cv": 1.0,
          "lambda": 0.225
        },
        "MS2_7": {
          "meanserv": 0.060121671412558086,
          "stddevserv": 0.060121671412558086,
          "rate": 16.632937450090953,
          "cv": 1.0,
          "lambda": 0.225
        },
        "MS2_8": {
          "meanserv": 1.3059560731768496,
          "stddevserv": 1.3059560731768496,
          "rate": 0.7657225388656562,
          "cv": 1.0,
          "lambda": 0.225
        },
        "MS2_9": {
          "meanserv": 0.2339988953496981,
          "stddevserv": 0.2339988953496981,
          "rate": 4.273524447649877,
          "cv": 1.0,
          "lambda": 0.225
        },
        "MS2_10": {
          "meanserv": 0.4371599317782735,
          "stddevserv": 0.4371599317782735,
          "rate": 2.287492350756422,
          "cv": 1.0,
          "lambda": 0.225
        }
      },
      "sensors": [
        "S2"
      ],
      "sources": [
        {
          "startTime": 0,
          "stopTime": -1,
          "lambda": 0.225
        }
      ]
    },
    "SC3": {
      "resptime": 32.55828292451432,
      "resptime_old": 22.55828292451432,
      "waittime": 18.025898999693904,
      "servicetime": 10.0,
      "networktime": 4.5323839248204205,
      "services": {
        "MS3_1": {
          "meanserv": 0.1736855266624504,
          "stddevserv": 0.1736855266624504,
          "rate": 5.757532128416506,
          "cv": 1.0,
          "lambda": 0.225
        },
        "MS3_2": {
          "meanserv": 1.411602543886894,
          "stddevserv": 1.411602543886894,
          "rate": 0.7084147052090648,
          "cv": 1.0,
          "lambda": 0.225
        },
        "MS3_3": {
          "meanserv": 0.018199246641272815,
          "stddevserv": 0.018199246641272815,
          "rate": 54.947329398359216,
          "cv": 1.0,
          "lambda": 0.225
        },
        "MS3_4": {
          "meanserv": 1.8106656489402342,
          "stddevserv": 1.8106656489402342,
          "rate": 0.5522830792008954,
          "cv": 1.0,
          "lambda": 0.225
        },
        "MS3_5": {
          "meanserv": 0.2796613960520995,
          "stddevserv": 0.2796613960520995,
          "rate": 3.575752728537853,
          "cv": 1.0,
          "lambda": 0.225
        },
        "MS3_6": {
          "meanserv": 2.0055015447026907,
          "stddevserv": 2.0055015447026907,
          "rate": 0.49862838681993976,
          "cv": 1.0,
          "lambda": 0.225
        },
        "MS3_7": {
          "meanserv": 2.4291256865761115,
          "stddevserv": 2.4291256865761115,
          "rate": 0.4116707527841076,
          "cv": 1.0,
          "lambda": 0.225
        },
        "MS3_8": {
          "meanserv": 0.06491021742400349,
          "stddevserv": 0.06491021742400349,
          "rate": 15.405895091489937,
          "cv": 1.0,
          "lambda": 0.225
        },
        "MS3_9": {
          "meanserv": 0.36941359898747805,
          "stddevserv": 0.36941359898747805,
          "rate": 2.706992928091683,
          "cv": 1.0,
          "lambda": 0.225
        },
        "MS3_10": {
          "meanserv": 1.4372345901267654,
          "stddevserv": 1.4372345901267654,
          "rate": 0.695780637948464,
          "cv": 1.0,
          "lambda": 0.225
        }
      },
      "sensors": [
        "S3"
      ],
      "sources": [
        {
          "startTime": 0,
          "stopTime": -1,
          "lambda": 0.225
        }
      ]
    },
    "SC4": {
      "resptime": 36.04885395572099,
      "resptime_old": 26.04885395572099,
      "waittime": 21.380452830716667,
      "servicetime": 10.0,
      "networktime": 4.668401125004324,
      "services": {
        "MS4_1": {
          "meanserv": 0.08822937434357025,
          "stddevserv": 0.08822937434357025,
          "rate": 11.334093746442568,
          "cv": 1.0,
          "lambda": 0.225
        },
        "MS4_2": {
          "meanserv": 0.6570832478382249,
          "stddevserv": 0.6570832478382249,
          "rate": 1.5218771796267156,
          "cv": 1.0,
          "lambda": 0.225
        },
        "MS4_3": {
          "meanserv": 2.5817686314953168,
          "stddevserv": 2.5817686314953168,
          "rate": 0.38733137733601514,
          "cv": 1.0,
          "lambda": 0.225
        },
        "MS4_4": {
          "meanserv": 0.6558834907743485,
          "stddevserv": 0.6558834907743485,
          "rate": 1.524661032128406,
          "cv": 1.0,
          "lambda": 0.225
        },
        "MS4_5": {
          "meanserv": 0.06404072743315847,
          "stddevserv": 0.06404072743315847,
          "rate": 15.61506310251917,
          "cv": 1.0,
          "lambda": 0.225
        },
        "MS4_6": {
          "meanserv": 1.4650767409049816,
          "stddevserv": 1.4650767409049816,
          "rate": 0.6825581023027486,
          "cv": 1.0,
          "lambda": 0.225
        },
        "MS4_7": {
          "meanserv": 2.50411712146151,
          "stddevserv": 2.50411712146151,
          "rate": 0.399342343626626,
          "cv": 1.0,
          "lambda": 0.225
        },
        "MS4_8": {
          "meanserv": 0.2773619363624942,
          "stddevserv": 0.2773619363624942,
          "rate": 3.6053973847841343,
          "cv": 1.0,
          "lambda": 0.225
        },
        "MS4_9": {
          "meanserv": 1.4973660374141353,
          "stddevserv": 1.4973660374141353,
          "rate": 0.6678393759530851,
          "cv": 1.0,
          "lambda": 0.225
        },
        "MS4_10": {
          "meanserv": 0.20907269197225986,
          "stddevserv": 0.20907269197225986,
          "rate": 4.7830254184161065,
          "cv": 1.0,
          "lambda": 0.225
        }
      },
      "sensors": [
        "S4"
      ],
      "sources": [
        {
          "startTime": 0,
          "stopTime": -1,
          "lambda": 0.225
        }
      ]
    }
  },
  "microservice": {
    "MS1_1": "F1",
    "MS1_2": "F1",
    "MS1_3": "F14",
    "MS1_4": "F2",
    "MS1_5": "F12",
    "MS1_6": "F7",
    "MS1_7": "F6",
    "MS1_8": "F4",
    "MS1_9": "F4",
    "MS1_10": "F4",
    "MS2_1": "F15",
    "MS2_2": "F5",
    "MS2_3": "F14",
    "MS2_4": "F11",
    "MS2_5": "F4",
    "MS2_6": "F7",
    "MS2_7": "F7",
    "MS2_8": "F2",
    "MS2_9": "F3",
    "MS2_10": "F3",
    "MS3_1": "F12",
    "MS3_2": "F12",
    "MS3_3": "F12",
    "MS3_4": "F5",
    "MS3_5": "F14",
    "MS3_6": "F8",
    "MS3_7": "F9",
    "MS3_8": "F15",
    "MS3_9": "F15",
    "MS3_10": "F15",
    "MS4_1": "F15",
    "MS4_2": "F8",
    "MS4_3": "F10",
    "MS4_4": "F14",
    "MS4_5": "F14",
    "MS4_6": "F6",
    "MS4_7": "F13",
    "MS4_8": "F3",
    "MS4_9": "F3",
    "MS4_10": "F3"
  },
  "sensor": {
    "S1": "F1",
    "S2": "F15",
    "S3": "F12",
    "S4": "F15"
  },
  "fog": {
    "F1": {
      "rho": 0.7630940782239347,
      "capacity": 1.0,
      "tserv": 1.6957646182754103,
      "stddev": 1.7232143096761876,
      "mu": 0.5897044844684861,
      "cv": 1.0161872061163144,
      "lambda": 0.45,
      "twait": 5.5513351444137
    },
    "F2": {
      "rho": 0.6368160659010829,
      "capacity": 1.0,
      "tserv": 1.4151468131135174,
      "stddev": 1.4235468864920389,
      "mu": 0.7066404635430459,
      "cv": 1.005935831745994,
      "lambda": 0.45,
      "twait": 2.4961274964108346
    },
    "F3": {
      "rho": 0.5973658858972937,
      "capacity": 1.0,
      "tserv": 0.5309918985753722,
      "stddev": 0.8726349482729092,
      "mu": 1.8832679042429006,
      "cv": 1.6434053902030337,
      "lambda": 1.125,
      "twait": 1.4577436770086933
    },
    "F4": {
      "rho": 0.5718942645842862,
      "capacity": 1.0,
      "tserv": 0.635438071760318,
      "stddev": 0.8773423121644699,
      "mu": 1.5737174784472023,
      "cv": 1.3806889312345079,
      "lambda": 0.9,
      "twait": 1.2335270014022632
    },
    "F5": {
      "rho": 0.6932569380498288,
      "capacity": 1.0,
      "tserv": 1.540570973444064,
      "stddev": 1.5872180668330211,
      "mu": 0.6491099840498901,
      "cv": 1.0302790940456796,
      "lambda": 0.45,
      "twait": 3.5888000826444877
    },
    "F6": {
      "rho": 0.7314808918739621,
      "capacity": 1.0,
      "tserv": 1.6255130930532493,
      "stddev": 1.6412715990563012,
      "mu": 0.6151903692892873,
      "cv": 1.0096944811274648,
      "lambda": 0.45,
      "twait": 4.471244880221473
    },
    "F7": {
      "rho": 0.5793459604534923,
      "capacity": 1.0,
      "tserv": 0.8582903117829515,
      "stddev": 1.3695790149312248,
      "mu": 1.1651069414061903,
      "cv": 1.5957060171006223,
      "lambda": 0.675,
      "twait": 2.095993223639721
    },
    "F8": {
      "rho": 0.599081578321706,
      "capacity": 1.0,
      "tserv": 1.331292396270458,
      "stddev": 1.6375150063516886,
      "mu": 0.7511497870801672,
      "cv": 1.2300190483616495,
      "lambda": 0.45,
      "twait": 2.4995205630458046
    },
    "F9": {
      "rho": 0.5465532794796251,
      "capacity": 1.0,
      "tserv": 2.4291256865761115,
      "stddev": 2.4291256865761115,
      "mu": 0.4116707527841076,
      "cv": 1.0,
      "lambda": 0.225,
      "twait": 2.927899905732616
    },
    "F10": {
      "rho": 0.5808979420864463,
      "capacity": 1.0,
      "tserv": 2.5817686314953168,
      "stddev": 2.5817686314953168,
      "mu": 0.38733137733601514,
      "cv": 1.0,
      "lambda": 0.225,
      "twait": 3.578469865896759
    },
    "F11": {
      "rho": 0.4890556303764033,
      "capacity": 1.0,
      "tserv": 2.1735805794506815,
      "stddev": 2.1735805794506815,
      "mu": 0.46007036014865627,
      "cv": 1.0,
      "lambda": 0.225,
      "twait": 2.080464887479345
    },
    "F12": {
      "rho": 0.5712500728812948,
      "capacity": 1.0,
      "tserv": 0.6347223032014386,
      "stddev": 1.0228273360191318,
      "mu": 1.5754921403520226,
      "cv": 1.6114564288353395,
      "lambda": 0.9,
      "twait": 1.520867133557938
    },
    "F13": {
      "rho": 0.5634263523288398,
      "capacity": 1.0,
      "tserv": 2.50411712146151,
      "stddev": 2.50411712146151,
      "mu": 0.399342343626626,
      "cv": 1.0,
      "lambda": 0.225,
      "twait": 3.2317240930033693
    },
    "F14": {
      "rho": 0.5468109444853483,
      "capacity": 1.0,
      "tserv": 0.4860541728758652,
      "stddev": 0.7789461658130923,
      "mu": 2.0573838386845678,
      "cv": 1.6025912527491655,
      "lambda": 1.125,
      "twait": 1.0463420289944725
    },
    "F15": {
      "rho": 0.5296701150564562,
      "capacity": 1.0,
      "tserv": 0.4708178800501833,
      "stddev": 0.8521519840020427,
      "mu": 2.123963516197415,
      "cv": 1.8099397242755817,
      "lambda": 1.125,
      "twait": 1.133578339534237
    }
  },
  "extra": {
    "conv_gen": 158,
    "max_gen": 600,
    "population": 600,
    "deltatime": 68.8686289,
    "obj_func": 36.35816878852853
  },
  "network": [
    [
      0.0,
      0.944134224375385,
      0.8891441766329653,
      0.9957517866666807,
      1.173471589532247,
      0.917372462114692,
      0.9527309963813569,
      0.9029466183182878,
      0.776258830826021,
      0.9423093048857086,
      1.159551436955903,
      0.7746055645251446,
      1.6361758757548004,
      0.9700918410594516,
      0.9700918410594516
    ],
    [
      0.944134224375385,
      0.0,
      0.8613657591974503,
      0.9721232472693413,
      1.1328629118848546,
      0.9991337194801462,
      0.8666062391609655,
      1.060124919441419,
      1.0355913529195895,
      0.6734954456715864,
      1.2007764600025972,
      0.8254932574745262,
      0.9700918410594516,
      0.7449120685046677,
      0.7449120685046677
    ],
    [
      0.8891441766329653,
      0.8613657591974503,
      0.0,
      1.0114201927821331,
      1.229275749569171,
      1.238618298480669,
      1.062082529130228,
      0.5286387606154549,
      1.06422210086119,
      1.1378993279863479,
      1.1569620561394356,
      1.6361758757548004,
      0.7449120685046677,
      1.1103541591553037,
      1.1103541591553037
    ],
    [
      0.9957517866666807,
      0.9721232472693413,
      1.0114201927821331,
      0.0,
      1.0398897876564437,
      0.7935293387691458,
      0.7713056060299284,
      1.0003423186861413,
      1.124593486750973,
      0.9588805589472098,
      0.7746055645251446,
      0.9700918410594516,
      1.1103541591553037,
      1.0783972662656882,
      1.0783972662656882
    ],
    [
      1.173471589532247,
      1.1328629118848546,
      1.229275749569171,
      1.0398897876564437,
      0.0,
      1.120366771872251,
      1.1717591735316677,
      0.99935116481677,
      1.2298001660415385,
      1.159551436955903,
      0.8254932574745262,
      0.7449120685046677,
      1.0783972662656882,
      0.8461369081033245,
      0.8461369081033245
    ],
    [
      0.917372462114692,
      0.9991337194801462,
      1.238618298480669,
      0.7935293387691458,
      1.120366771872251,
      0.0,
      1.2776104017612582,
      0.7774997957685597,
      0.9423093048857086,
      1.2007764600025972,
      1.6361758757548004,
      1.1103541591553037,
      0.8461369081033245,
      0.7295211090456893,
      0.7295211090456893
    ],
    [
      0.9527309963813569,
      0.8666062391609655,
      1.062082529130228,
      0.7713056060299284,
      1.1717591735316677,
      1.2776104017612582,
      0.0,
      0.776258830826021,
      0.6734954456715864,
      1.1569620561394356,
      0.9700918410594516,
      1.0783972662656882,
      0.7295211090456893,
      1.247848096708716,
      1.247848096708716
    ],
    [
      0.9029466183182878,
      1.060124919441419,
      0.5286387606154549,
      1.0003423186861413,
      0.99935116481677,
      0.7774997957685597,
      0.776258830826021,
      0.0,
      1.1378993279863479,
      0.7746055645251446,
      0.7449120685046677,
      0.8461369081033245,
      1.247848096708716,
      0.44614371538406883,
      0.44614371538406883
    ],
    [
      0.776258830826021,
      1.0355913529195895,
      1.06422210086119,
      1.124593486750973,
      1.2298001660415385,
      0.9423093048857086,
      0.6734954456715864,
      1.1378993279863479,
      0.0,
      0.8254932574745262,
      1.1103541591553037,
      0.7295211090456893,
      0.44614371538406883,
      1.3572919048420113,
      1.3572919048420113
    ],
    [
      0.9423093048857086,
      0.6734954456715864,
      1.1378993279863479,
      0.9588805589472098,
      1.159551436955903,
      1.2007764600025972,
      1.1569620561394356,
      0.7746055645251446,
      0.8254932574745262,
      0.0,
      1.0783972662656882,
      1.247848096708716,
      1.3572919048420113,
      1.1270817594414289,
      1.1270817594414289
    ],
    [
      1.159551436955903,
      1.2007764600025972,
      1.1569620561394356,
      0.7746055645251446,
      0.8254932574745262,
      1.6361758757548004,
      0.9700918410594516,
      0.7449120685046677,
      1.1103541591553037,
      1.0783972662656882,
      0.0,
      0.44614371538406883,
      1.1270817594414289,
      1.0492074213028422,
      1.0492074213028422
    ],
    [
      0.7746055645251446,
      0.8254932574745262,
      1.6361758757548004,
      0.9700918410594516,
      0.7449120685046677,
      1.1103541591553037,
      1.0783972662656882,
      0.8461369081033245,
      0.7295211090456893,
      1.247848096708716,
      0.44614371538406883,
      0.0,
      1.0492074213028422,
      1.1801778228882926,
      1.1801778228882926
    ],
    [
      1.6361758757548004,
      0.9700918410594516,
      0.7449120685046677,
      1.1103541591553037,
      1.0783972662656882,
      0.8461369081033245,
      0.7295211090456893,
      1.247848096708716,
      0.44614371538406883,
      1.3572919048420113,
      1.1270817594414289,
      1.0492074213028422,
      0.0,
      0.9350821090519149,
      0.9350821090519149
    ],
    [
      0.9700918410594516,
      0.7449120685046677,
      1.1103541591553037,
      1.0783972662656882,
      0.8461369081033245,
      0.7295211090456893,
      1.247848096708716,
      0.44614371538406883,
      1.3572919048420113,
      1.1270817594414289,
      1.0492074213028422,
      1.1801778228882926,
      0.9350821090519149,
      0.0,
      0.9061315905313947
    ],
    [
      0.9700918410594516,
      0.7449120685046677,
      1.1103541591553037,
      1.0783972662656882,
      0.8461369081033245,
      0.7295211090456893,
      1.247848096708716,
      0.44614371538406883,
      1.3572919048420113,
      1.1270817594414289,
      1.0492074213028422,
      1.1801778228882926,
      0.9350821090519149,
      0.9061315905313947,
      0.0
    ]
  ]
}