{
  "servicechain": {
    "SC1": {
      "resptime": 17.868746236718167,
      "resptime_old": 7.868746236718169,
      "waittime": 4.70111668326322,
      "servicetime": 10.0,
      "networktime": 3.1676295534549492,
      "services": {
        "MS1_1": {
          "meanserv": 0.424743141745354,
          "stddevserv": 0.424743141745354,
          "rate": 2.3543640890605113,
          "cv": 1.0,
          "lambda": 0.075
        },
        "MS1_2": {
          "meanserv": 0.6525053640340861,
          "stddevserv": 0.6525053640340861,
          "rate": 1.5325544510738478,
          "cv": 1.0,
          "lambda": 0.075
        },
        "MS1_3": {
          "meanserv": 0.5226937234847395,
          "stddevserv": 0.5226937234847395,
          "rate": 1.9131662674904797,
          "cv": 1.0,
          "lambda": 0.075
        },
        "MS1_4": {
          "meanserv": 5.095036379756453,
          "stddevserv": 5.095036379756453,
          "rate": 0.19626945235821863,
          "cv": 1.0,
          "lambda": 0.075
        },
        "MS1_5": {
          "meanserv": 3.305021390979367,
          "stddevserv": 3.305021390979367,
          "rate": 0.3025699024912129,
          "cv": 1.0,
          "lambda": 0.075
        }
      },
      "sensors": [
        "S1"
      ],
      "sources": [
        {
          "startTime": 0,
          "stopTime": -1,
          "lambda": 0.075
        }
      ]
    },
    "SC2": {
      "resptime": 17.800517677592147,
      "resptime_old": 7.800517677592149,
      "waittime": 4.2856700289709275,
      "servicetime": 10.0,
      "networktime": 3.5148476486212217,
      "services": {
        "MS2_1": {
          "meanserv": 3.0578042740264353,
          "stddevserv": 3.0578042740264353,
          "rate": 0.3270320499235965,
          "cv": 1.0,
          "lambda": 0.075
        },
        "MS2_2": {
          "meanserv": 2.485885183445884,
          "stddevserv": 2.485885183445884,
          "rate": 0.40227119364130093,
          "cv": 1.0,
          "lambda": 0.075
        },
        "MS2_3": {
          "meanserv": 0.31201433626130726,
          "stddevserv": 0.31201433626130726,
          "rate": 3.2049809376788225,
          "cv": 1.0,
          "lambda": 0.075
        },
        "MS2_4": {
          "meanserv": 0.38381281908017684,
          "stddevserv": 0.38381281908017684,
          "rate": 2.605436687593033,
          "cv": 1.0,
          "lambda": 0.075
        },
        "MS2_5": {
          "meanserv": 3.7604833871861967,
          "stddevserv": 3.7604833871861967,
          "rate": 0.2659232596020736,
          "cv": 1.0,
          "lambda": 0.075
        }
      },
      "sensors": [
        "S2"
      ],
      "sources": [
        {
          "startTime": 0,
          "stopTime": -1,
          "lambda": 0.075
        }
      ]
    },
    "SC3": {
      "resptime": 20.695206032742547,
      "resptime_old": 10.695206032742549,
      "waittime": 8.3598672020973,
      "servicetime": 10.0,
      "networktime": 2.335338830645249,
      "services": {
        "MS3_1": {
          "meanserv": 0.25659486245227847,
          "stddevserv": 0.25659486245227847,
          "rate": 3.897194162201825,
          "cv": 1.0,
          "lambda": 0.075
        },
        "MS3_2": {
          "meanserv": 1.0675738289512038,
          "stddevserv": 1.0675738289512038,
          "rate": 0.9367033669066344,
          "cv": 1.0,
          "lambda": 0.075
        },
        "MS3_3": {
          "meanserv": 0.5677259230218212,
          "stddevserv": 0.5677259230218212,
          "rate": 1.7614133148567954,
          "cv": 1.0,
          "lambda": 0.075
        },
        "MS3_4": {
          "meanserv": 1.306232706135291,
          "stddevserv": 1.306232706135291,
          "rate": 0.7655603747349644,
          "cv": 1.0,
          "lambda": 0.075
        },
        "MS3_5": {
          "meanserv": 6.8018726794394055,
          "stddevserv": 6.8018726794394055,
          "rate": 0.14701833555673344,
          "cv": 1.0,
          "lambda": 0.075
        }
      },
      "sensors": [
        "S3"
      ],
      "sources": [
        {
          "startTime": 0,
          "stopTime": -1,
          "lambda": 0.075
        }
      ]
    },
    "SC4": {
      "resptime": 19.08698538285612,
      "resptime_old": 9.086985382856119,
      "waittime": 5.919355829401169,
      "servicetime": 10.0,
      "networktime": 3.1676295534549492,
      "services": {
        "MS4_1": {
          "meanserv": 0.8869647795521385,
          "stddevserv": 0.8869647795521385,
          "rate": 1.1274404836062795,
          "cv": 1.0,
          "lambda": 0.075
        },
        "MS4_2": {
          "meanserv": 4.256061916338581,
          "stddevserv": 4.256061916338581,
          "rate": 0.23495898782889027,
          "cv": 1.0,
          "lambda": 0.075
        },
        "MS4_3": {
          "meanserv": 1.1803997867602822,
          "stddevserv": 1.1803997867602822,
          "rate": 0.8471706037363779,
          "cv": 1.0,
          "lambda": 0.075
        },
        "MS4_4": {
          "meanserv": 2.9564566983712197,
          "stddevserv": 2.9564566983712197,
          "rate": 0.33824273514674613,
          "cv": 1.0,
          "lambda": 0.075
        },
        "MS4_5": {
          "meanserv": 0.7201168189777789,
          "stddevserv": 0.7201168189777789,
          "rate": 1.3886635801945595,
          "cv": 1.0,
          "lambda": 0.075
        }
      },
      "sensors": [
        "S4"
      ],
      "sources": [
        {
          "startTime": 0,
          "stopTime": -1,
          "lambda": 0.075
        }
      ]
    }
  },
  "microservice": {
    "MS1_1": "F7",
    "MS1_2": "F7",
    "MS1_3": "F7",
    "MS1_4": "F6",
    "MS1_5": "F10",
    "MS2_1": "F9",
    "MS2_2": "F3",
    "MS2_3": "F3",
    "MS2_4": "F3",
    "MS2_5": "F1",
    "MS3_1": "F5",
    "MS3_2": "F5",
    "MS3_3": "F5",
    "MS3_4": "F5",
    "MS3_5": "F2",
    "MS4_1": "F7",
    "MS4_2": "F8",
    "MS4_3": "F4",
    "MS4_4": "F4",
    "MS4_5": "F4"
  },
  "sensor": {
    "S1": "F7",
    "S2": "F9",
    "S3": "F5",
    "S4": "F7"
  },
  "fog": {
    "F1": {
      "rho": 0.28203625403896476,
      "capacity": 1.0,
      "tserv": 3.760483387186197,
      "stddev": 3.7604833871861962,
      "mu": 0.2659232596020736,
      "cv": 0.9999999999999998,
      "lambda": 0.075,
      "twait": 1.477223124237407
    },
    "F2": {
      "rho": 0.5101404509579553,
      "capacity": 1.0,
      "tserv": 6.801872679439405,
      "stddev": 6.801872679439406,
      "mu": 0.14701833555673344,
      "cv": 1.0000000000000002,
      "lambda": 0.075,
      "twait": 7.0834801584116756
    },
    "F3": {
      "rho": 0.2386284254090526,
      "capacity": 1.0,
      "tserv": 1.0605707795957895,
      "stddev": 1.7770902816308092,
      "mu": 0.9428885079986132,
      "cv": 1.675598004225709,
      "lambda": 0.22499999999999998,
      "twait": 0.6328339459136755
    },
    "F4": {
      "rho": 0.3642729978081961,
      "capacity": 1.0,
      "tserv": 1.6189911013697607,
      "stddev": 2.1167348786012767,
      "mu": 0.6176686203858328,
      "cv": 1.3074407121882239,
      "lambda": 0.22499999999999998,
      "twait": 1.256736153511121
    },
    "F5": {
      "rho": 0.23985954904204462,
      "capacity": 1.0,
      "tserv": 0.7995318301401487,
      "stddev": 0.9888400060506327,
      "mu": 1.2507319437485203,
      "cv": 1.2367737828240064,
      "lambda": 0.3,
      "twait": 0.31909676092140626
    },
    "F6": {
      "rho": 0.382127728481734,
      "capacity": 1.0,
      "tserv": 5.095036379756453,
      "stddev": 5.095036379756453,
      "mu": 0.19626945235821863,
      "cv": 1.0,
      "lambda": 0.075,
      "twait": 3.151063363863179
    },
    "F7": {
      "rho": 0.18651802566122389,
      "capacity": 1.0,
      "tserv": 0.6217267522040796,
      "stddev": 0.668205404975453,
      "mu": 1.6084236305658495,
      "cv": 1.074757363434342,
      "lambda": 0.3,
      "twait": 0.15360683652304014
    },
    "F8": {
      "rho": 0.31920464372539353,
      "capacity": 1.0,
      "tserv": 4.256061916338581,
      "stddev": 4.256061916338581,
      "mu": 0.23495898782889027,
      "cv": 1.0,
      "lambda": 0.075,
      "twait": 1.9955405323447652
    },
    "F9": {
      "rho": 0.22933532055198264,
      "capacity": 1.0,
      "tserv": 3.0578042740264353,
      "stddev": 3.0578042740264353,
      "mu": 0.3270320499235965,
      "cv": 1.0,
      "lambda": 0.075,
      "twait": 0.909945066992494
    },
    "F10": {
      "rho": 0.24787660432345254,
      "capacity": 1.0,
      "tserv": 3.305021390979367,
      "stddev": 3.305021390979367,
      "mu": 0.3025699024912129,
      "cv": 1.0,
      "lambda": 0.075,
      "twait": 1.0892328098309212
    }
  },
  "extra": {
    "conv_gen": 132,
    "max_gen": 600,
    "population": 600,
    "deltatime": 38.7445844,
    "obj_func": 18.862863832477245
  },
  "network": [
    [
      0.0,
      1.9232781076990089,
      1.889215220397901,
      1.9618484041298418,
      1.9881416108610594,
      2.0673488162055795,
      2.482048005959761,
      1.6764854062215275,
      1.8161620268505525,
      1.8161620268505525
    ],
    [
      1.9232781076990089,
      0.0,
      2.632967614520807,
      1.7644821330319749,
      2.335338830645249,
      2.361380214942054,
      1.9626102830286452,
      1.8161620268505525,
      1.8039949918087665,
      1.8039949918087665
    ],
    [
      1.889215220397901,
      2.632967614520807,
      0.0,
      2.5336574106327734,
      2.2005874070138307,
      1.9058013553438955,
      1.6764854062215275,
      1.8039949918087665,
      1.6256324282233208,
      1.6256324282233208
    ],
    [
      1.9618484041298418,
      1.7644821330319749,
      2.5336574106327734,
      0.0,
      1.6963592252110196,
      2.482048005959761,
      1.8161620268505525,
      1.6256324282233208,
      1.5721531120175694,
      1.5721531120175694
    ],
    [
      1.9881416108610594,
      2.335338830645249,
      2.2005874070138307,
      1.6963592252110196,
      0.0,
      1.9626102830286452,
      1.8039949918087665,
      1.5721531120175694,
      2.5972036927760214,
      2.5972036927760214
    ],
    [
      2.0673488162055795,
      2.361380214942054,
      1.9058013553438955,
      2.482048005959761,
      1.9626102830286452,
      0.0,
      1.6256324282233208,
      2.5972036927760214,
      1.5419971252316282,
      1.5419971252316282
    ],
    [
      2.482048005959761,
      1.9626102830286452,
      1.6764854062215275,
      1.8161620268505525,
      1.8039949918087665,
      1.6256324282233208,
      0.0,
      1.5419971252316282,
      2.2220855999554185,
      2.2220855999554185
    ],
    [
      1.6764854062215275,
      1.8161620268505525,
      1.8039949918087665,
      1.6256324282233208,
      1.5721531120175694,
      2.5972036927760214,
      1.5419971252316282,
      0.0,
      2.084120183736265,
      2.084120183736265
    ],
    [
      1.8161620268505525,
      1.8039949918087665,
      1.6256324282233208,
      1.5721531120175694,
      2.5972036927760214,
      1.5419971252316282,
      2.2220855999554185,
      2.084120183736265,
      0.0,
      1.9210164617971766
    ],
    [
      1.8161620268505525,
      1.8039949918087665,
      1.6256324282233208,
      1.5721531120175694,
      2.5972036927760214,
      1.5419971252316282,
      2.2220855999554185,
      2.084120183736265,
      1.9210164617971766,
      0.0
    ]
  ]
}