{
  "servicechain": {
    "SC1": {
      "resptime": 5110.623416099909,
      "resptime_old": 5100.62341609991,
      "waittime": 5094.909744288161,
      "servicetime": 10.0,
      "networktime": 5.713671811748291,
      "services": {
        "MS1_1": {
          "meanserv": 1.9956845917140964,
          "stddevserv": 1.9956845917140964,
          "rate": 0.501081184948719,
          "cv": 1.0,
          "lambda": 0.2
        },
        "MS1_2": {
          "meanserv": 5.039574456285057,
          "stddevserv": 5.039574456285057,
          "rate": 0.1984294524615783,
          "cv": 1.0,
          "lambda": 0.2
        },
        "MS1_3": {
          "meanserv": 1.6574852602926722,
          "stddevserv": 1.6574852602926722,
          "rate": 0.6033236155737662,
          "cv": 1.0,
          "lambda": 0.2
        },
        "MS1_4": {
          "meanserv": 0.04089246147772485,
          "stddevserv": 0.04089246147772485,
          "rate": 24.454385083781887,
          "cv": 1.0,
          "lambda": 0.2
        },
        "MS1_5": {
          "meanserv": 1.26636323023045,
          "stddevserv": 1.26636323023045,
          "rate": 0.7896628519591667,
          "cv": 1.0,
          "lambda": 0.2
        }
      },
      "sensors": [
        "S1"
      ],
      "sources": [
        {
          "startTime": 0,
          "stopTime": -1,
          "lambda": 0.2
        }
      ]
    },
    "SC2": {
      "resptime": 61.03753606794777,
      "resptime_old": 51.03753606794778,
      "waittime": 45.549538205419154,
      "servicetime": 10.0,
      "networktime": 5.487997862528614,
      "services": {
        "MS2_1": {
          "meanserv": 2.2777817301778844,
          "stddevserv": 2.2777817301778844,
          "rate": 0.4390236284500818,
          "cv": 1.0,
          "lambda": 0.2
        },
        "MS2_2": {
          "meanserv": 1.1595176086995465,
          "stddevserv": 1.1595176086995465,
          "rate": 0.8624276099795906,
          "cv": 1.0,
          "lambda": 0.2
        },
        "MS2_3": {
          "meanserv": 4.2646906290013025,
          "stddevserv": 4.2646906290013025,
          "rate": 0.23448359728597198,
          "cv": 1.0,
          "lambda": 0.2
        },
        "MS2_4": {
          "meanserv": 2.153129961582348,
          "stddevserv": 2.153129961582348,
          "rate": 0.4644401489193407,
          "cv": 1.0,
          "lambda": 0.2
        },
        "MS2_5": {
          "meanserv": 0.14488007053891927,
          "stddevserv": 0.14488007053891927,
          "rate": 6.902260582012686,
          "cv": 1.0,
          "lambda": 0.2
        }
      },
      "sensors": [
        "S2"
      ],
      "sources": [
        {
          "startTime": 0,
          "stopTime": -1,
          "lambda": 0.2
        }
      ]
    },
    "SC3": {
      "resptime": 46.91547592348989,
      "resptime_old": 36.91547592348989,
      "waittime": 32.80737341620308,
      "servicetime": 10.0,
      "networktime": 4.108102507286814,
      "services": {
        "MS3_1": {
          "meanserv": 2.319561264985246,
          "stddevserv": 2.319561264985246,
          "rate": 0.4311160110730512,
          "cv": 1.0,
          "lambda": 0.2
        },
        "MS3_2": {
          "meanserv": 1.7818222038080944,
          "stddevserv": 1.7818222038080944,
          "rate": 0.5612232229808389,
          "cv": 1.0,
          "lambda": 0.2
        },
        "MS3_3": {
          "meanserv": 1.0837015343793954,
          "stddevserv": 1.0837015343793954,
          "rate": 0.9227632962360537,
          "cv": 1.0,
          "lambda": 0.2
        },
        "MS3_4": {
          "meanserv": 2.1419202334290457,
          "stddevserv": 2.1419202334290457,
          "rate": 0.4668707939693341,
          "cv": 1.0,
          "lambda": 0.2
        },
        "MS3_5": {
          "meanserv": 2.6729947633982185,
          "stddevserv": 2.6729947633982185,
          "rate": 0.37411221813569323,
          "cv": 1.0,
          "lambda": 0.2
        }
      },
      "sensors": [
        "S3"
      ],
      "sources": [
        {
          "startTime": 0,
          "stopTime": -1,
          "lambda": 0.2
        }
      ]
    },
    "SC4": {
      "resptime": 5221.115976367838,
      "resptime_old": 5211.115976367839,
      "waittime": 5207.28478509394,
      "servicetime": 10.0,
      "networktime": 3.831191273898614,
      "services": {
        "MS4_1": {
          "meanserv": 1.655115425795377,
          "stddevserv": 1.655115425795377,
          "rate": 0.6041874689914409,
          "cv": 1.0,
          "lambda": 0.2
        },
        "MS4_2": {
          "meanserv": 0.9041547288815686,
          "stddevserv": 0.9041547288815686,
          "rate": 1.106005386088055,
          "cv": 1.0,
          "lambda": 0.2
        },
        "MS4_3": {
          "meanserv": 0.007101748902166527,
          "stddevserv": 0.007101748902166527,
          "rate": 140.8103854101249,
          "cv": 1.0,
          "lambda": 0.2
        },
        "MS4_4": {
          "meanserv": 5.0960142186436705,
          "stddevserv": 5.0960142186436705,
          "rate": 0.1962317915718365,
          "cv": 1.0,
          "lambda": 0.2
        },
        "MS4_5": {
          "meanserv": 2.3376138777772173,
          "stddevserv": 2.3376138777772173,
          "rate": 0.4277866458214548,
          "cv": 1.0,
          "lambda": 0.2
        }
      },
      "sensors": [
        "S4"
      ],
      "sources": [
        {
          "startTime": 0,
          "stopTime": -1,
          "lambda": 0.2
        }
      ]
    }
  },
  "microservice": {
    "MS1_1": "F1",
    "MS1_2": "F9",
    "MS1_3": "F1",
    "MS1_4": "F1",
    "MS1_5": "F2",
    "MS2_1": "F6",
    "MS2_2": "F10",
    "MS2_3": "F3",
    "MS2_4": "F5",
    "MS2_5": "F5",
    "MS3_1": "F4",
    "MS3_2": "F4",
    "MS3_3": "F8",
    "MS3_4": "F8",
    "MS3_5": "F10",
    "MS4_1": "F6",
    "MS4_2": "F5",
    "MS4_3": "F5",
    "MS4_4": "F7",
    "MS4_5": "F2"
  },
  "sensor": {
    "S1": "F1",
    "S2": "F6",
    "S3": "F4",
    "S4": "F6"
  },
  "fog": {
    "F1": {
      "rho": 0.7388124626968988,
      "capacity": 1.0,
      "tserv": 1.2313541044948313,
      "stddev": 1.7238207902048737,
      "mu": 0.8121140753497993,
      "cv": 1.3999391271059913,
      "lambda": 0.6000000000000001,
      "twait": 5.154676705180074
    },
    "F2": {
      "rho": 0.7207954216015335,
      "capacity": 1.0,
      "tserv": 1.8019885540038338,
      "stddev": 1.9547254855082623,
      "mu": 0.5549424816146044,
      "cv": 1.0847602118032673,
      "lambda": 0.4,
      "twait": 5.063036224548645
    },
    "F3": {
      "rho": 0.8529381258002606,
      "capacity": 1.0,
      "tserv": 4.2646906290013025,
      "stddev": 4.2646906290013025,
      "mu": 0.23448359728597198,
      "cv": 1.0,
      "lambda": 0.2,
      "twait": 24.734604070650093
    },
    "F4": {
      "rho": 0.8202766937586681,
      "capacity": 1.0,
      "tserv": 2.05069173439667,
      "stddev": 2.0856457605453196,
      "mu": 0.4876403328822155,
      "cv": 1.0170449929467011,
      "lambda": 0.4,
      "twait": 9.520473451023117
    },
    "F5": {
      "rho": 0.6418533019810004,
      "capacity": 1.0,
      "tserv": 0.8023166274762505,
      "stddev": 1.446907241921473,
      "mu": 1.2463907212612282,
      "cv": 1.8034117608565992,
      "lambda": 0.8,
      "twait": 3.057130000181611
    },
    "F6": {
      "rho": 0.7865794311946525,
      "capacity": 1.0,
      "tserv": 1.9664485779866308,
      "stddev": 2.0151368869563986,
      "mu": 0.508530968566623,
      "cv": 1.024759512918267,
      "lambda": 0.4,
      "twait": 7.429177728664483
    },
    "F7": {
      "rho": 1.0192028437287342,
      "capacity": 1.0,
      "tserv": 5.0960142186436705,
      "stddev": 5.0960142186436705,
      "mu": 0.1962317915718365,
      "cv": 1.0,
      "lambda": 0.2,
      "twait": 5188.678311140364
    },
    "F8": {
      "rho": 0.6451243535616882,
      "capacity": 1.0,
      "tserv": 1.6128108839042203,
      "stddev": 1.777940481216703,
      "mu": 0.6200354982595633,
      "cv": 1.1023862121470462,
      "lambda": 0.4,
      "twait": 3.24746505420774
    },
    "F9": {
      "rho": 1.0079148912570113,
      "capacity": 1.0,
      "tserv": 5.039574456285057,
      "stddev": 5.039574456285057,
      "mu": 0.1984294524615783,
      "cv": 1.0,
      "lambda": 0.2,
      "twait": 5074.382677948071
    },
    "F10": {
      "rho": 0.766502474419553,
      "capacity": 1.0,
      "tserv": 1.9162561860488825,
      "stddev": 2.194844942010256,
      "mu": 0.5218508920051521,
      "cv": 1.1453817908010484,
      "lambda": 0.4,
      "twait": 7.271496405741365
    }
  },
  "extra": {
    "deltatime": 0.5499095,
    "conv": 9,
    "obj_func": 2609.9231011147963
  },
  "network": [
    [
      0.0,
      2.1537964017204434,
      1.8958240319396764,
      1.69047349307811,
      2.2221294884496547,
      2.2515309019614467,
      2.455452637562178,
      2.383913384409784,
      1.7799377050139242,
      1.7799377050139242
    ],
    [
      2.1537964017204434,
      0.0,
      2.270054002177097,
      2.044606331465314,
      2.059078498360474,
      1.6406593495685682,
      0.8454491969381421,
      1.7799377050139242,
      2.1402928800223298,
      2.1402928800223298
    ],
    [
      1.8958240319396764,
      2.270054002177097,
      0.0,
      2.357128902713377,
      2.0980733208670808,
      2.806463366262515,
      2.383913384409784,
      2.1402928800223298,
      1.5152021927176067,
      1.5152021927176067
    ],
    [
      1.69047349307811,
      2.044606331465314,
      2.357128902713377,
      0.0,
      0.8886006679469691,
      2.455452637562178,
      1.7799377050139242,
      1.5152021927176067,
      2.609319749131576,
      2.609319749131576
    ],
    [
      2.2221294884496547,
      2.059078498360474,
      2.0980733208670808,
      0.8886006679469691,
      0.0,
      0.8454491969381421,
      2.1402928800223298,
      2.609319749131576,
      2.2311541312374428,
      2.2311541312374428
    ],
    [
      2.2515309019614467,
      1.6406593495685682,
      2.806463366262515,
      2.455452637562178,
      0.8454491969381421,
      0.0,
      1.5152021927176067,
      2.2311541312374428,
      1.8747223489439269,
      1.8747223489439269
    ],
    [
      2.455452637562178,
      0.8454491969381421,
      2.383913384409784,
      1.7799377050139242,
      2.1402928800223298,
      1.5152021927176067,
      0.0,
      1.8747223489439269,
      2.28443321636737,
      2.28443321636737
    ],
    [
      2.383913384409784,
      1.7799377050139242,
      2.1402928800223298,
      1.5152021927176067,
      2.609319749131576,
      2.2311541312374428,
      1.8747223489439269,
      0.0,
      2.5929003145692073,
      2.5929003145692073
    ],
    [
      1.7799377050139242,
      2.1402928800223298,
      1.5152021927176067,
      2.609319749131576,
      2.2311541312374428,
      1.8747223489439269,
      2.28443321636737,
      2.5929003145692073,
      0.0,
      1.74297078593997
    ],
    [
      1.7799377050139242,
      2.1402928800223298,
      1.5152021927176067,
      2.609319749131576,
      2.2311541312374428,
      1.8747223489439269,
      2.28443321636737,
      2.5929003145692073,
      1.74297078593997,
      0.0
    ]
  ]
}