{
  "servicechain": {
    "SC1": {
      "resptime": 35.701645607377884,
      "resptime_old": 25.70164560737788,
      "waittime": 23.41490375149519,
      "servicetime": 10.0,
      "networktime": 2.286741855882692,
      "services": {
        "MS1_1": {
          "meanserv": 0.502006312862584,
          "stddevserv": 0.502006312862584,
          "rate": 1.992006822180608,
          "cv": 1.0,
          "lambda": 0.15
        },
        "MS1_2": {
          "meanserv": 1.91621266112318,
          "stddevserv": 1.91621266112318,
          "rate": 0.5218627453457354,
          "cv": 1.0,
          "lambda": 0.15
        },
        "MS1_3": {
          "meanserv": 0.023129989144154983,
          "stddevserv": 0.023129989144154983,
          "rate": 43.233915665399394,
          "cv": 1.0,
          "lambda": 0.15
        },
        "MS1_4": {
          "meanserv": 0.2695863781394512,
          "stddevserv": 0.2695863781394512,
          "rate": 3.7093862342062462,
          "cv": 1.0,
          "lambda": 0.15
        },
        "MS1_5": {
          "meanserv": 1.926474104740298,
          "stddevserv": 1.926474104740298,
          "rate": 0.5190830219515497,
          "cv": 1.0,
          "lambda": 0.15
        },
        "MS1_6": {
          "meanserv": 0.39207949563690203,
          "stddevserv": 0.39207949563690203,
          "rate": 2.5505031788912587,
          "cv": 1.0,
          "lambda": 0.15
        },
        "MS1_7": {
          "meanserv": 4.97051105835343,
          "stddevserv": 4.97051105835343,
          "rate": 0.20118655572034233,
          "cv": 1.0,
          "lambda": 0.15
        }
      },
      "sensors": [
        "S1"
      ],
      "sources": [
        {
          "startTime": 0,
          "stopTime": -1,
          "lambda": 0.15
        }
      ]
    },
    "SC2": {
      "resptime": 35.22738439936141,
      "resptime_old": 25.227384399361412,
      "waittime": 20.42802292497494,
      "servicetime": 10.0,
      "networktime": 4.79936147438647,
      "services": {
        "MS2_1": {
          "meanserv": 1.3338646521710174,
          "stddevserv": 1.3338646521710174,
          "rate": 0.7497012522015525,
          "cv": 1.0,
          "lambda": 0.15
        },
        "MS2_2": {
          "meanserv": 1.4900525115568075,
          "stddevserv": 1.4900525115568075,
          "rate": 0.6711172876418963,
          "cv": 1.0,
          "lambda": 0.15
        },
        "MS2_3": {
          "meanserv": 0.5298767740119681,
          "stddevserv": 0.5298767740119681,
          "rate": 1.8872312376111309,
          "cv": 1.0,
          "lambda": 0.15
        },
        "MS2_4": {
          "meanserv": 4.412167914832428,
          "stddevserv": 4.412167914832428,
          "rate": 0.22664595257997555,
          "cv": 1.0,
          "lambda": 0.15
        },
        "MS2_5": {
          "meanserv": 1.649403382064789,
          "stddevserv": 1.649403382064789,
          "rate": 0.6062798287391409,
          "cv": 1.0,
          "lambda": 0.15
        },
        "MS2_6": {
          "meanserv": 0.550708779245392,
          "stddevserv": 0.550708779245392,
          "rate": 1.8158417619022684,
          "cv": 1.0,
          "lambda": 0.15
        },
        "MS2_7": {
          "meanserv": 0.03392598611759823,
          "stddevserv": 0.03392598611759823,
          "rate": 29.475930236299774,
          "cv": 1.0,
          "lambda": 0.15
        }
      },
      "sensors": [
        "S2"
      ],
      "sources": [
        {
          "startTime": 0,
          "stopTime": -1,
          "lambda": 0.15
        }
      ]
    },
    "SC3": {
      "resptime": 31.529734856470963,
      "resptime_old": 21.529734856470967,
      "waittime": 18.941196387457595,
      "servicetime": 10.0,
      "networktime": 2.5885384690133693,
      "services": {
        "MS3_1": {
          "meanserv": 1.3472484841835652,
          "stddevserv": 1.3472484841835652,
          "rate": 0.7422535721804887,
          "cv": 1.0,
          "lambda": 0.15
        },
        "MS3_2": {
          "meanserv": 0.023236880286778838,
          "stddevserv": 0.023236880286778838,
          "rate": 43.03503687493597,
          "cv": 1.0,
          "lambda": 0.15
        },
        "MS3_3": {
          "meanserv": 1.6118000366156036,
          "stddevserv": 1.6118000366156036,
          "rate": 0.6204243561749521,
          "cv": 1.0,
          "lambda": 0.15
        },
        "MS3_4": {
          "meanserv": 1.0208476845938064,
          "stddevserv": 1.0208476845938064,
          "rate": 0.979578065456355,
          "cv": 1.0,
          "lambda": 0.15
        },
        "MS3_5": {
          "meanserv": 1.3911395076549296,
          "stddevserv": 1.3911395076549296,
          "rate": 0.7188351667804469,
          "cv": 1.0,
          "lambda": 0.15
        },
        "MS3_6": {
          "meanserv": 0.6101854888423457,
          "stddevserv": 0.6101854888423457,
          "rate": 1.6388459219133793,
          "cv": 1.0,
          "lambda": 0.15
        },
        "MS3_7": {
          "meanserv": 3.9955419178229707,
          "stddevserv": 3.9955419178229707,
          "rate": 0.2502789410215635,
          "cv": 1.0,
          "lambda": 0.15
        }
      },
      "sensors": [
        "S3"
      ],
      "sources": [
        {
          "startTime": 0,
          "stopTime": -1,
          "lambda": 0.15
        }
      ]
    },
    "SC4": {
      "resptime": 31.10882760408473,
      "resptime_old": 21.108827604084727,
      "waittime": 17.83109284619332,
      "servicetime": 10.0,
      "networktime": 3.277734757891408,
      "services": {
        "MS4_1": {
          "meanserv": 2.913883055667129,
          "stddevserv": 2.913883055667129,
          "rate": 0.3431846717578896,
          "cv": 1.0,
          "lambda": 0.15
        },
        "MS4_2": {
          "meanserv": 0.5943772886211454,
          "stddevserv": 0.5943772886211454,
          "rate": 1.6824330591766563,
          "cv": 1.0,
          "lambda": 0.15
        },
        "MS4_3": {
          "meanserv": 3.1536734042230607,
          "stddevserv": 3.1536734042230607,
          "rate": 0.317090539134746,
          "cv": 1.0,
          "lambda": 0.15
        },
        "MS4_4": {
          "meanserv": 0.16285222416687706,
          "stddevserv": 0.16285222416687706,
          "rate": 6.140536336643983,
          "cv": 1.0,
          "lambda": 0.15
        },
        "MS4_5": {
          "meanserv": 0.29044074025871147,
          "stddevserv": 0.29044074025871147,
          "rate": 3.443043145769582,
          "cv": 1.0,
          "lambda": 0.15
        },
        "MS4_6": {
          "meanserv": 0.8767676150588937,
          "stddevserv": 0.8767676150588937,
          "rate": 1.1405530756662683,
          "cv": 1.0,
          "lambda": 0.15
        },
        "MS4_7": {
          "meanserv": 2.008005672004183,
          "stddevserv": 2.008005672004183,
          "rate": 0.49800656140672345,
          "cv": 1.0,
          "lambda": 0.15
        }
      },
      "sensors": [
        "S4"
      ],
      "sources": [
        {
          "startTime": 0,
          "stopTime": -1,
          "lambda": 0.15
        }
      ]
    }
  },
  "microservice": {
    "MS1_1": "F10",
    "MS1_2": "F10",
    "MS1_3": "F10",
    "MS1_4": "F10",
    "MS1_5": "F5",
    "MS1_6": "F5",
    "MS1_7": "F6",
    "MS2_1": "F5",
    "MS2_2": "F2",
    "MS2_3": "F2",
    "MS2_4": "F1",
    "MS2_5": "F3",
    "MS2_6": "F10",
    "MS2_7": "F10",
    "MS3_1": "F9",
    "MS3_2": "F9",
    "MS3_3": "F9",
    "MS3_4": "F9",
    "MS3_5": "F7",
    "MS3_6": "F7",
    "MS3_7": "F8",
    "MS4_1": "F3",
    "MS4_2": "F4",
    "MS4_3": "F4",
    "MS4_4": "F2",
    "MS4_5": "F2",
    "MS4_6": "F2",
    "MS4_7": "F7"
  },
  "sensor": {
    "S1": "F10",
    "S2": "F5",
    "S3": "F9",
    "S4": "F3"
  },
  "fog": {
    "F1": {
      "rho": 0.6618251872248642,
      "capacity": 1.0,
      "tserv": 4.412167914832428,
      "stddev": 4.412167914832428,
      "mu": 0.22664595257997555,
      "cv": 1.0,
      "lambda": 0.15,
      "twait": 8.634835434190585
    },
    "F2": {
      "rho": 0.5024984797579886,
      "capacity": 1.0,
      "tserv": 0.6699979730106514,
      "stddev": 0.950448482469684,
      "mu": 1.492541828905059,
      "cv": 1.41858411630534,
      "lambda": 0.75,
      "twait": 1.0192805046677296
    },
    "F3": {
      "rho": 0.6844929656597877,
      "capacity": 1.0,
      "tserv": 2.281643218865959,
      "stddev": 2.450581604573444,
      "mu": 0.43828061799119855,
      "cv": 1.074042420090312,
      "lambda": 0.3,
      "twait": 5.330109042885067
    },
    "F4": {
      "rho": 0.562207603926631,
      "capacity": 1.0,
      "tserv": 1.8740253464221033,
      "stddev": 2.6051812418140905,
      "mu": 0.5336107123146461,
      "cv": 1.3901526181531711,
      "lambda": 0.3,
      "twait": 3.528706891932806
    },
    "F5": {
      "rho": 0.5478627378822325,
      "capacity": 1.0,
      "tserv": 1.2174727508494056,
      "stddev": 1.5101575787212629,
      "mu": 0.8213736194935949,
      "cv": 1.2404035964399671,
      "lambda": 0.44999999999999996,
      "twait": 1.8725144520299415
    },
    "F6": {
      "rho": 0.7455766587530144,
      "capacity": 1.0,
      "tserv": 4.97051105835343,
      "stddev": 4.97051105835343,
      "mu": 0.20118655572034233,
      "cv": 1.0,
      "lambda": 0.15,
      "twait": 14.56586887436754
    },
    "F7": {
      "rho": 0.6013996002752185,
      "capacity": 1.0,
      "tserv": 1.3364435561671526,
      "stddev": 1.5621694682123073,
      "mu": 0.7482545711604504,
      "cv": 1.1689004455171488,
      "lambda": 0.44999999999999996,
      "twait": 2.3857285054394524
    },
    "F8": {
      "rho": 0.5993312876734456,
      "capacity": 1.0,
      "tserv": 3.9955419178229707,
      "stddev": 3.9955419178229703,
      "mu": 0.2502789410215635,
      "cv": 0.9999999999999999,
      "lambda": 0.15,
      "twait": 5.976641571679224
    },
    "F9": {
      "rho": 0.6004699628519631,
      "capacity": 1.0,
      "tserv": 1.0007832714199385,
      "stddev": 1.313870897616464,
      "mu": 0.9992173416140068,
      "cv": 1.312842585540332,
      "lambda": 0.6,
      "twait": 2.048274451224867
    },
    "F10": {
      "rho": 0.4943355159948541,
      "capacity": 1.0,
      "tserv": 0.5492616844387267,
      "stddev": 1.0640267932988374,
      "mu": 1.8206258115780798,
      "cv": 1.9371946440905177,
      "lambda": 0.9,
      "twait": 1.2760014932669412
    }
  },
  "extra": {
    "deltatime": 1.1789097,
    "conv": 16,
    "obj_func": 33.39189811682375
  },
  "network": [
    [
      0.0,
      1.133969268572565,
      1.2520525770795627,
      1.0855242531136484,
      1.4727092895369904,
      1.0208944415878454,
      1.4132710412926126,
      1.9389771562086144,
      1.6050895393223858,
      1.6050895393223858
    ],
    [
      1.133969268572565,
      0.0,
      1.6397381810413356,
      1.2983403518661283,
      0.612400063715304,
      1.5021070034394688,
      1.030086977891533,
      1.6050895393223858,
      1.2698768034971355,
      1.2698768034971355
    ],
    [
      1.2520525770795627,
      1.6397381810413356,
      0.0,
      0.9493074281337469,
      1.2923065056549279,
      1.217679641701454,
      1.9389771562086144,
      1.2698768034971355,
      1.8009395650190385,
      1.8009395650190385
    ],
    [
      1.0855242531136484,
      1.2983403518661283,
      0.9493074281337469,
      0.0,
      1.7461868652558914,
      1.4132710412926126,
      1.6050895393223858,
      1.8009395650190385,
      1.4887900048568492,
      1.4887900048568492
    ],
    [
      1.4727092895369904,
      0.612400063715304,
      1.2923065056549279,
      1.7461868652558914,
      0.0,
      1.030086977891533,
      1.2698768034971355,
      1.4887900048568492,
      1.2566548779911588,
      1.2566548779911588
    ],
    [
      1.0208944415878454,
      1.5021070034394688,
      1.217679641701454,
      1.4132710412926126,
      1.030086977891533,
      0.0,
      1.8009395650190385,
      1.2566548779911588,
      1.691829409226961,
      1.691829409226961
    ],
    [
      1.4132710412926126,
      1.030086977891533,
      1.9389771562086144,
      1.6050895393223858,
      1.2698768034971355,
      1.8009395650190385,
      0.0,
      1.691829409226961,
      0.896709059786408,
      0.896709059786408
    ],
    [
      1.9389771562086144,
      1.6050895393223858,
      1.2698768034971355,
      1.8009395650190385,
      1.4887900048568492,
      1.2566548779911588,
      1.691829409226961,
      0.0,
      1.5280663172521232,
      1.5280663172521232
    ],
    [
      1.6050895393223858,
      1.2698768034971355,
      1.8009395650190385,
      1.4887900048568492,
      1.2566548779911588,
      1.691829409226961,
      0.896709059786408,
      1.5280663172521232,
      0.0,
      1.2052999953169659
    ],
    [
      1.6050895393223858,
      1.2698768034971355,
      1.8009395650190385,
      1.4887900048568492,
      1.2566548779911588,
      1.691829409226961,
      0.896709059786408,
      1.5280663172521232,
      1.2052999953169659,
      0.0
    ]
  ]
}