{
  "servicechain": {
    "SC1": {
      "resptime": 14741.929501760751,
      "resptime_old": 14731.929501760751,
      "waittime": 14727.471471657202,
      "servicetime": 10.0,
      "networktime": 4.4580301035492855,
      "services": {
        "MS1_1": {
          "meanserv": 0.29861455030468553,
          "stddevserv": 0.29861455030468553,
          "rate": 3.348798640185716,
          "cv": 1.0,
          "lambda": 0.3
        },
        "MS1_2": {
          "meanserv": 0.12187417070011142,
          "stddevserv": 0.12187417070011142,
          "rate": 8.20518403740068,
          "cv": 1.0,
          "lambda": 0.3
        },
        "MS1_3": {
          "meanserv": 0.5016582726078145,
          "stddevserv": 0.5016582726078145,
          "rate": 1.99338883579376,
          "cv": 1.0,
          "lambda": 0.3
        },
        "MS1_4": {
          "meanserv": 4.061862823575556,
          "stddevserv": 4.061862823575556,
          "rate": 0.24619245982308313,
          "cv": 1.0,
          "lambda": 0.3
        },
        "MS1_5": {
          "meanserv": 2.1393262483169533,
          "stddevserv": 2.1393262483169533,
          "rate": 0.46743688616297685,
          "cv": 1.0,
          "lambda": 0.3
        },
        "MS1_6": {
          "meanserv": 0.6486054343565195,
          "stddevserv": 0.6486054343565195,
          "rate": 1.5417693824784224,
          "cv": 1.0,
          "lambda": 0.3
        },
        "MS1_7": {
          "meanserv": 0.9936275697226886,
          "stddevserv": 0.9936275697226886,
          "rate": 1.0064132985753302,
          "cv": 1.0,
          "lambda": 0.3
        },
        "MS1_8": {
          "meanserv": 0.6571661543740746,
          "stddevserv": 0.6571661543740746,
          "rate": 1.5216851831824199,
          "cv": 1.0,
          "lambda": 0.3
        },
        "MS1_9": {
          "meanserv": 0.19288537112882054,
          "stddevserv": 0.19288537112882054,
          "rate": 5.184426346838607,
          "cv": 1.0,
          "lambda": 0.3
        },
        "MS1_10": {
          "meanserv": 0.3843794049127762,
          "stddevserv": 0.3843794049127762,
          "rate": 2.601596202135026,
          "cv": 1.0,
          "lambda": 0.3
        }
      },
      "sensors": [
        "S1"
      ],
      "sources": [
        {
          "startTime": 0,
          "stopTime": -1,
          "lambda": 0.3
        }
      ]
    },
    "SC2": {
      "resptime": 14743.074454242133,
      "resptime_old": 14733.07445424213,
      "waittime": 14727.677079104213,
      "servicetime": 10.0,
      "networktime": 5.397375137919009,
      "services": {
        "MS2_1": {
          "meanserv": 0.9960424392098,
          "stddevserv": 0.9960424392098,
          "rate": 1.0039732853083447,
          "cv": 1.0,
          "lambda": 0.3
        },
        "MS2_2": {
          "meanserv": 0.10559350932063283,
          "stddevserv": 0.10559350932063283,
          "rate": 9.470279058190192,
          "cv": 1.0,
          "lambda": 0.3
        },
        "MS2_3": {
          "meanserv": 0.19771353074991782,
          "stddevserv": 0.19771353074991782,
          "rate": 5.0578227813091425,
          "cv": 1.0,
          "lambda": 0.3
        },
        "MS2_4": {
          "meanserv": 1.0264446817359552,
          "stddevserv": 1.0264446817359552,
          "rate": 0.9742366225803507,
          "cv": 1.0,
          "lambda": 0.3
        },
        "MS2_5": {
          "meanserv": 3.6823627163868324,
          "stddevserv": 3.6823627163868324,
          "rate": 0.27156477430914494,
          "cv": 1.0,
          "lambda": 0.3
        },
        "MS2_6": {
          "meanserv": 1.941013490629306,
          "stddevserv": 1.941013490629306,
          "rate": 0.5151947705813136,
          "cv": 1.0,
          "lambda": 0.3
        },
        "MS2_7": {
          "meanserv": 0.42632790916751695,
          "stddevserv": 0.42632790916751695,
          "rate": 2.3456123291404554,
          "cv": 1.0,
          "lambda": 0.3
        },
        "MS2_8": {
          "meanserv": 0.023881908859046064,
          "stddevserv": 0.023881908859046064,
          "rate": 41.87269978719548,
          "cv": 1.0,
          "lambda": 0.3
        },
        "MS2_9": {
          "meanserv": 1.3211196164986063,
          "stddevserv": 1.3211196164986063,
          "rate": 0.7569337306869479,
          "cv": 1.0,
          "lambda": 0.3
        },
        "MS2_10": {
          "meanserv": 0.2795001974423865,
          "stddevserv": 0.2795001974423865,
          "rate": 3.5778150038914744,
          "cv": 1.0,
          "lambda": 0.3
        }
      },
      "sensors": [
        "S2"
      ],
      "sources": [
        {
          "startTime": 0,
          "stopTime": -1,
          "lambda": 0.3
        }
      ]
    },
    "SC3": {
      "resptime": 32.856595452723624,
      "resptime_old": 22.856595452723624,
      "waittime": 17.623330918695828,
      "servicetime": 10.0,
      "networktime": 5.233264534027797,
      "services": {
        "MS3_1": {
          "meanserv": 2.6503973484271546,
          "stddevserv": 2.6503973484271546,
          "rate": 0.37730191685915987,
          "cv": 1.0,
          "lambda": 0.3
        },
        "MS3_2": {
          "meanserv": 1.2320177623732578,
          "stddevserv": 1.2320177623732578,
          "rate": 0.8116766093320621,
          "cv": 1.0,
          "lambda": 0.3
        },
        "MS3_3": {
          "meanserv": 0.09759754579671043,
          "stddevserv": 0.09759754579671043,
          "rate": 10.246159284403907,
          "cv": 1.0,
          "lambda": 0.3
        },
        "MS3_4": {
          "meanserv": 0.0482320722837164,
          "stddevserv": 0.0482320722837164,
          "rate": 20.733092165679338,
          "cv": 1.0,
          "lambda": 0.3
        },
        "MS3_5": {
          "meanserv": 1.079116338873967,
          "stddevserv": 1.079116338873967,
          "rate": 0.9266841432903118,
          "cv": 1.0,
          "lambda": 0.3
        },
        "MS3_6": {
          "meanserv": 1.0946849344204734,
          "stddevserv": 1.0946849344204734,
          "rate": 0.9135048529094815,
          "cv": 1.0,
          "lambda": 0.3
        },
        "MS3_7": {
          "meanserv": 0.15939490798401312,
          "stddevserv": 0.15939490798401312,
          "rate": 6.27372613496723,
          "cv": 1.0,
          "lambda": 0.3
        },
        "MS3_8": {
          "meanserv": 1.4252436955901349,
          "stddevserv": 1.4252436955901349,
          "rate": 0.7016343963450693,
          "cv": 1.0,
          "lambda": 0.3
        },
        "MS3_9": {
          "meanserv": 1.9471964333520573,
          "stddevserv": 1.9471964333520573,
          "rate": 0.5135588700101105,
          "cv": 1.0,
          "lambda": 0.3
        },
        "MS3_10": {
          "meanserv": 0.26611896089851506,
          "stddevserv": 0.26611896089851506,
          "rate": 3.7577179642654315,
          "cv": 1.0,
          "lambda": 0.3
        }
      },
      "sensors": [
        "S3"
      ],
      "sources": [
        {
          "startTime": 0,
          "stopTime": -1,
          "lambda": 0.3
        }
      ]
    },
    "SC4": {
      "resptime": 14740.664229009306,
      "resptime_old": 14730.664229009304,
      "waittime": 14725.296462001465,
      "servicetime": 10.0,
      "networktime": 5.3677670078421045,
      "services": {
        "MS4_1": {
          "meanserv": 0.337779765905456,
          "stddevserv": 0.337779765905456,
          "rate": 2.9605088905174335,
          "cv": 1.0,
          "lambda": 0.3
        },
        "MS4_2": {
          "meanserv": 0.06802856718503003,
          "stddevserv": 0.06802856718503003,
          "rate": 14.699706922830122,
          "cv": 1.0,
          "lambda": 0.3
        },
        "MS4_3": {
          "meanserv": 1.1306035370145007,
          "stddevserv": 1.1306035370145007,
          "rate": 0.8844833465147512,
          "cv": 1.0,
          "lambda": 0.3
        },
        "MS4_4": {
          "meanserv": 4.394765332775737,
          "stddevserv": 4.394765332775737,
          "rate": 0.22754343503670063,
          "cv": 1.0,
          "lambda": 0.3
        },
        "MS4_5": {
          "meanserv": 0.9174368671452333,
          "stddevserv": 0.9174368671452333,
          "rate": 1.0899932581864478,
          "cv": 1.0,
          "lambda": 0.3
        },
        "MS4_6": {
          "meanserv": 0.45358021158463924,
          "stddevserv": 0.45358021158463924,
          "rate": 2.2046817177195073,
          "cv": 1.0,
          "lambda": 0.3
        },
        "MS4_7": {
          "meanserv": 1.4520900749734018,
          "stddevserv": 1.4520900749734018,
          "rate": 0.6886625129080352,
          "cv": 1.0,
          "lambda": 0.3
        },
        "MS4_8": {
          "meanserv": 0.0645531728838602,
          "stddevserv": 0.0645531728838602,
          "rate": 15.491105321796248,
          "cv": 1.0,
          "lambda": 0.3
        },
        "MS4_9": {
          "meanserv": 0.2931562484936592,
          "stddevserv": 0.2931562484936592,
          "rate": 3.4111502147348207,
          "cv": 1.0,
          "lambda": 0.3
        },
        "MS4_10": {
          "meanserv": 0.8880062220384826,
          "stddevserv": 0.8880062220384826,
          "rate": 1.126118235640768,
          "cv": 1.0,
          "lambda": 0.3
        }
      },
      "sensors": [
        "S4"
      ],
      "sources": [
        {
          "startTime": 0,
          "stopTime": -1,
          "lambda": 0.3
        }
      ]
    }
  },
  "microservice": {
    "MS1_1": "F20",
    "MS1_2": "F20",
    "MS1_3": "F20",
    "MS1_4": "F1",
    "MS1_5": "F4",
    "MS1_6": "F10",
    "MS1_7": "F10",
    "MS1_8": "F13",
    "MS1_9": "F13",
    "MS1_10": "F17",
    "MS2_1": "F9",
    "MS2_2": "F9",
    "MS2_3": "F18",
    "MS2_4": "F18",
    "MS2_5": "F1",
    "MS2_6": "F16",
    "MS2_7": "F11",
    "MS2_8": "F11",
    "MS2_9": "F6",
    "MS2_10": "F17",
    "MS3_1": "F2",
    "MS3_2": "F8",
    "MS3_3": "F8",
    "MS3_4": "F12",
    "MS3_5": "F12",
    "MS3_6": "F7",
    "MS3_7": "F13",
    "MS3_8": "F15",
    "MS3_9": "F3",
    "MS3_10": "F20",
    "MS4_1": "F17",
    "MS4_2": "F17",
    "MS4_3": "F14",
    "MS4_4": "F1",
    "MS4_5": "F19",
    "MS4_6": "F19",
    "MS4_7": "F5",
    "MS4_8": "F20",
    "MS4_9": "F11",
    "MS4_10": "F11"
  },
  "sensor": {
    "S1": "F20",
    "S2": "F9",
    "S3": "F2",
    "S4": "F17"
  },
  "fog": {
    "F1": {
      "rho": 3.641697261821438,
      "capacity": 1.0,
      "tserv": 4.046330290912709,
      "stddev": 4.067210663178705,
      "mu": 0.24713751179576476,
      "cv": 1.0051603232471875,
      "lambda": 0.8999999999999999,
      "twait": 14720.774430901103
    },
    "F2": {
      "rho": 0.7951192045281463,
      "capacity": 1.0,
      "tserv": 2.6503973484271546,
      "stddev": 2.650397348427154,
      "mu": 0.37730191685915987,
      "cv": 0.9999999999999998,
      "lambda": 0.3,
      "twait": 10.28589246986996
    },
    "F3": {
      "rho": 0.5841589300056172,
      "capacity": 1.0,
      "tserv": 1.9471964333520573,
      "stddev": 1.9471964333520573,
      "mu": 0.5135588700101105,
      "cv": 1.0,
      "lambda": 0.3,
      "twait": 2.735353160362581
    },
    "F4": {
      "rho": 0.641797874495086,
      "capacity": 1.0,
      "tserv": 2.1393262483169533,
      "stddev": 2.1393262483169533,
      "mu": 0.46743688616297685,
      "cv": 1.0,
      "lambda": 0.3,
      "twait": 3.8330733997906754
    },
    "F5": {
      "rho": 0.4356270224920205,
      "capacity": 1.0,
      "tserv": 1.4520900749734018,
      "stddev": 1.4520900749734018,
      "mu": 0.6886625129080352,
      "cv": 1.0,
      "lambda": 0.3,
      "twait": 1.1208362217199423
    },
    "F6": {
      "rho": 0.3963358849495819,
      "capacity": 1.0,
      "tserv": 1.3211196164986063,
      "stddev": 1.3211196164986065,
      "mu": 0.7569337306869479,
      "cv": 1.0000000000000002,
      "lambda": 0.3,
      "twait": 0.8673815442640578
    },
    "F7": {
      "rho": 0.32840548032614203,
      "capacity": 1.0,
      "tserv": 1.0946849344204734,
      "stddev": 1.0946849344204734,
      "mu": 0.9135048529094815,
      "cv": 1.0,
      "lambda": 0.3,
      "twait": 0.5352940221560009
    },
    "F8": {
      "rho": 0.39888459245099045,
      "capacity": 1.0,
      "tserv": 0.6648076540849841,
      "stddev": 1.0418367582393941,
      "mu": 1.5041944746805929,
      "cv": 1.5671250952628373,
      "lambda": 0.6,
      "twait": 0.762279436810586
    },
    "F9": {
      "rho": 0.33049078455912984,
      "capacity": 1.0,
      "tserv": 0.5508179742652164,
      "stddev": 0.8365704328650506,
      "mu": 1.8154817865811046,
      "cv": 1.51877838405877,
      "lambda": 0.6,
      "twait": 0.4495459540121565
    },
    "F10": {
      "rho": 0.4926699012237625,
      "capacity": 1.0,
      "tserv": 0.8211165020396041,
      "stddev": 0.8565935132068598,
      "mu": 1.2178539799359287,
      "cv": 1.0432058192462739,
      "lambda": 0.6,
      "twait": 0.8325849935886599
    },
    "F11": {
      "rho": 0.48941168656761136,
      "capacity": 1.0,
      "tserv": 0.4078430721396762,
      "stddev": 0.6017264848463856,
      "mu": 2.451923468391109,
      "cv": 1.4753872897473397,
      "lambda": 1.2,
      "twait": 0.6209433943041721
    },
    "F12": {
      "rho": 0.33820452334730505,
      "capacity": 1.0,
      "tserv": 0.5636742055788417,
      "stddev": 0.9214606858605515,
      "mu": 1.7740744389271665,
      "cv": 1.6347398492615,
      "lambda": 0.6,
      "twait": 0.5289330828565968
    },
    "F13": {
      "rho": 0.30283393004607245,
      "capacity": 1.0,
      "tserv": 0.33648214449563607,
      "stddev": 0.4652228908060965,
      "mu": 2.971925899660834,
      "cv": 1.3826079583017223,
      "lambda": 0.8999999999999999,
      "twait": 0.2127809479773834
    },
    "F14": {
      "rho": 0.3391810611043502,
      "capacity": 1.0,
      "tserv": 1.1306035370145007,
      "stddev": 1.1306035370145007,
      "mu": 0.8844833465147512,
      "cv": 1.0,
      "lambda": 0.3,
      "twait": 0.5803091963643996
    },
    "F15": {
      "rho": 0.42757310867704046,
      "capacity": 1.0,
      "tserv": 1.4252436955901349,
      "stddev": 1.4252436955901349,
      "mu": 0.7016343963450693,
      "cv": 1.0,
      "lambda": 0.3,
      "twait": 1.0645828957081793
    },
    "F16": {
      "rho": 0.5823040471887918,
      "capacity": 1.0,
      "tserv": 1.9410134906293062,
      "stddev": 1.941013490629306,
      "mu": 0.5151947705813136,
      "cv": 0.9999999999999999,
      "lambda": 0.3,
      "twait": 2.7059395802964556
    },
    "F17": {
      "rho": 0.3209063806336946,
      "capacity": 1.0,
      "tserv": 0.2674219838614122,
      "stddev": 0.31746016174874525,
      "mu": 3.7394083521504218,
      "cv": 1.1871131803182817,
      "lambda": 1.2,
      "twait": 0.15222832331485311
    },
    "F18": {
      "rho": 0.3672474637457619,
      "capacity": 1.0,
      "tserv": 0.6120791062429365,
      "stddev": 0.8473715198226062,
      "mu": 1.633775748592693,
      "cv": 1.3844150391343064,
      "lambda": 0.6,
      "twait": 0.5180600293002651
    },
    "F19": {
      "rho": 0.4113051236189617,
      "capacity": 1.0,
      "tserv": 0.6855085393649363,
      "stddev": 0.7599364815536744,
      "mu": 1.4587710328545471,
      "cv": 1.108573326099904,
      "lambda": 0.6,
      "twait": 0.5337699318757807
    },
    "F20": {
      "rho": 0.375845738218496,
      "capacity": 1.0,
      "tserv": 0.2505638254789973,
      "stddev": 0.3308871846994206,
      "mu": 3.9909990921008736,
      "cv": 1.3205704537232017,
      "lambda": 1.5,
      "twait": 0.20700238328735887
    }
  },
  "extra": {
    "deltatime": 0.1274453,
    "obj_func": 11064.631195116228
  },
  "network": [
    [
      0.0,
      1.2087050692934378,
      0.7888307863543169,
      0.7402796586395431,
      1.1372393602754132,
      1.169106816143804,
      1.1879197768815057,
      1.6038503179306987,
      0.9999237824514742,
      1.208852670320417,
      1.0564285192359086,
      0.944314212780422,
      1.0887313943170318,
      0.8777171699149592,
      1.2913999138759364,
      0.8557175839589095,
      1.031720631326942,
      0.9708612075075345,
      1.024834617097298,
      1.024834617097298
    ],
    [
      1.2087050692934378,
      0.0,
      0.8336767592945615,
      1.0847506296437075,
      1.096976774760573,
      0.9717823062329023,
      0.8256298562444546,
      0.6188577497977127,
      0.9181368481634368,
      1.2327409460062886,
      1.2955965675483632,
      0.9125277718544068,
      1.1142002622028973,
      1.2290935862654915,
      1.4889345735081543,
      0.9952079505744906,
      0.8298805896942416,
      1.024834617097298,
      0.8020802164984809,
      0.8020802164984809
    ],
    [
      0.7888307863543169,
      0.8336767592945615,
      0.0,
      1.2744121409949243,
      0.8905412589775481,
      1.0439097499399042,
      1.1589251584989029,
      0.8909694547579846,
      0.9344206694732914,
      0.8426849410762581,
      1.0159321025861552,
      0.9585957536909707,
      0.8730411606177702,
      1.2846104201346067,
      0.5731912026887164,
      1.2207215539265694,
      0.9708612075075345,
      0.8020802164984809,
      0.6295282275766477,
      0.6295282275766477
    ],
    [
      0.7402796586395431,
      1.0847506296437075,
      1.2744121409949243,
      0.0,
      1.0506743301882024,
      1.0130339300033295,
      0.8809473659535205,
      1.23204579344747,
      1.0673526613510942,
      0.7500027038023965,
      1.424569137957915,
      0.8268899198669021,
      0.8779480724374907,
      0.9671636636470039,
      1.2937075501619644,
      1.031720631326942,
      1.024834617097298,
      0.6295282275766477,
      1.2017203710409876,
      1.2017203710409876
    ],
    [
      1.1372393602754132,
      1.096976774760573,
      0.8905412589775481,
      1.0506743301882024,
      0.0,
      0.6975571083007206,
      0.9888434516836773,
      0.9929871399114841,
      1.216905420202084,
      0.7439112561933484,
      1.4775020988084002,
      1.0865687564541362,
      1.0237722860658633,
      1.3035460047908618,
      0.8557175839589095,
      0.8298805896942416,
      0.8020802164984809,
      1.2017203710409876,
      0.6885762867557943,
      0.6885762867557943
    ],
    [
      1.169106816143804,
      0.9717823062329023,
      1.0439097499399042,
      1.0130339300033295,
      0.6975571083007206,
      0.0,
      1.3166596668513322,
      0.829110066941367,
      0.9212718024932748,
      1.3019455530732444,
      1.1302237252915612,
      1.259684162237816,
      0.7255402880327866,
      1.2913999138759364,
      0.9952079505744906,
      0.9708612075075345,
      0.6295282275766477,
      0.6885762867557943,
      1.0418630732514707,
      1.0418630732514707
    ],
    [
      1.1879197768815057,
      0.8256298562444546,
      1.1589251584989029,
      0.8809473659535205,
      0.9888434516836773,
      1.3166596668513322,
      0.0,
      0.6697705767712028,
      0.8810710413250354,
      1.0122897797944026,
      0.9206208014558559,
      0.8157105621560823,
      0.8777171699149592,
      1.4889345735081543,
      1.2207215539265694,
      1.024834617097298,
      1.2017203710409876,
      1.0418630732514707,
      1.2796914436522018,
      1.2796914436522018
    ],
    [
      1.6038503179306987,
      0.6188577497977127,
      0.8909694547579846,
      1.23204579344747,
      0.9929871399114841,
      0.829110066941367,
      0.6697705767712028,
      0.0,
      0.7256851885994097,
      0.4876666255610471,
      1.016930863013784,
      1.0887313943170318,
      1.2290935862654915,
      0.5731912026887164,
      1.031720631326942,
      0.8020802164984809,
      0.6885762867557943,
      1.2796914436522018,
      1.1224681068285616,
      1.1224681068285616
    ],
    [
      0.9999237824514742,
      0.9181368481634368,
      0.9344206694732914,
      1.0673526613510942,
      1.216905420202084,
      0.9212718024932748,
      0.8810710413250354,
      0.7256851885994097,
      0.0,
      0.9696035534738684,
      0.944314212780422,
      1.1142002622028973,
      1.2846104201346067,
      1.2937075501619644,
      0.8298805896942416,
      0.6295282275766477,
      1.0418630732514707,
      1.1224681068285616,
      0.8084039065301245,
      0.8084039065301245
    ],
    [
      1.208852670320417,
      1.2327409460062886,
      0.8426849410762581,
      0.7500027038023965,
      0.7439112561933484,
      1.3019455530732444,
      1.0122897797944026,
      0.4876666255610471,
      0.9696035534738684,
      0.0,
      0.9125277718544068,
      0.8730411606177702,
      0.9671636636470039,
      0.8557175839589095,
      0.9708612075075345,
      1.2017203710409876,
      1.2796914436522018,
      0.8084039065301245,
      0.9757494603630443,
      0.9757494603630443
    ],
    [
      1.0564285192359086,
      1.2955965675483632,
      1.0159321025861552,
      1.424569137957915,
      1.4775020988084002,
      1.1302237252915612,
      0.9206208014558559,
      1.016930863013784,
      0.944314212780422,
      0.9125277718544068,
      0.0,
      0.8779480724374907,
      1.3035460047908618,
      0.9952079505744906,
      1.024834617097298,
      0.6885762867557943,
      1.1224681068285616,
      0.9757494603630443,
      1.044031323659129,
      1.044031323659129
    ],
    [
      0.944314212780422,
      0.9125277718544068,
      0.9585957536909707,
      0.8268899198669021,
      1.0865687564541362,
      1.259684162237816,
      0.8157105621560823,
      1.0887313943170318,
      1.1142002622028973,
      0.8730411606177702,
      0.8779480724374907,
      0.0,
      1.2913999138759364,
      1.2207215539265694,
      0.8020802164984809,
      1.0418630732514707,
      0.8084039065301245,
      1.044031323659129,
      1.0097466388950649,
      1.0097466388950649
    ],
    [
      1.0887313943170318,
      1.1142002622028973,
      0.8730411606177702,
      0.8779480724374907,
      1.0237722860658633,
      0.7255402880327866,
      0.8777171699149592,
      1.2290935862654915,
      1.2846104201346067,
      0.9671636636470039,
      1.3035460047908618,
      1.2913999138759364,
      0.0,
      1.031720631326942,
      0.6295282275766477,
      1.2796914436522018,
      0.9757494603630443,
      1.0097466388950649,
      1.3616249753535412,
      1.3616249753535412
    ],
    [
      0.8777171699149592,
      1.2290935862654915,
      1.2846104201346067,
      0.9671636636470039,
      1.3035460047908618,
      1.2913999138759364,
      1.4889345735081543,
      0.5731912026887164,
      1.2937075501619644,
      0.8557175839589095,
      0.9952079505744906,
      1.2207215539265694,
      1.031720631326942,
      0.0,
      1.2017203710409876,
      1.1224681068285616,
      1.044031323659129,
      1.3616249753535412,
      1.2404993089820737,
      1.2404993089820737
    ],
    [
      1.2913999138759364,
      1.4889345735081543,
      0.5731912026887164,
      1.2937075501619644,
      0.8557175839589095,
      0.9952079505744906,
      1.2207215539265694,
      1.031720631326942,
      0.8298805896942416,
      0.9708612075075345,
      1.024834617097298,
      0.8020802164984809,
      0.6295282275766477,
      1.2017203710409876,
      0.0,
      0.8084039065301245,
      1.0097466388950649,
      1.2404993089820737,
      0.6137102381674472,
      0.6137102381674472
    ],
    [
      0.8557175839589095,
      0.9952079505744906,
      1.2207215539265694,
      1.031720631326942,
      0.8298805896942416,
      0.9708612075075345,
      1.024834617097298,
      0.8020802164984809,
      0.6295282275766477,
      1.2017203710409876,
      0.6885762867557943,
      1.0418630732514707,
      1.2796914436522018,
      1.1224681068285616,
      0.8084039065301245,
      0.0,
      1.3616249753535412,
      0.6137102381674472,
      1.4421652244581766,
      1.4421652244581766
    ],
    [
      1.031720631326942,
      0.8298805896942416,
      0.9708612075075345,
      1.024834617097298,
      0.8020802164984809,
      0.6295282275766477,
      1.2017203710409876,
      0.6885762867557943,
      1.0418630732514707,
      1.2796914436522018,
      1.1224681068285616,
      0.8084039065301245,
      0.9757494603630443,
      1.044031323659129,
      1.0097466388950649,
      1.3616249753535412,
      0.0,
      1.4421652244581766,
      1.1471079674409534,
      1.1471079674409534
    ],
    [
      0.9708612075075345,
      1.024834617097298,
      0.8020802164984809,
      0.6295282275766477,
      1.2017203710409876,
      0.6885762867557943,
      1.0418630732514707,
      1.2796914436522018,
      1.1224681068285616,
      0.8084039065301245,
      0.9757494603630443,
      1.044031323659129,
      1.0097466388950649,
      1.3616249753535412,
      1.2404993089820737,
      0.6137102381674472,
      1.4421652244581766,
      0.0,
      0.8486380915981055,
      0.8486380915981055
    ],
    [
      1.024834617097298,
      0.8020802164984809,
      0.6295282275766477,
      1.2017203710409876,
      0.6885762867557943,
      1.0418630732514707,
      1.2796914436522018,
      1.1224681068285616,
      0.8084039065301245,
      0.9757494603630443,
      1.044031323659129,
      1.0097466388950649,
      1.3616249753535412,
      1.2404993089820737,
      0.6137102381674472,
      1.4421652244581766,
      1.1471079674409534,
      0.8486380915981055,
      0.0,
      1.097478074477599
    ],
    [
      1.024834617097298,
      0.8020802164984809,
      0.6295282275766477,
      1.2017203710409876,
      0.6885762867557943,
      1.0418630732514707,
      1.2796914436522018,
      1.1224681068285616,
      0.8084039065301245,
      0.9757494603630443,
      1.044031323659129,
      1.0097466388950649,
      1.3616249753535412,
      1.2404993089820737,
      0.6137102381674472,
      1.4421652244581766,
      1.1471079674409534,
      0.8486380915981055,
      1.097478074477599,
      0.0
    ]
  ]
}