{
  "servicechain": {
    "SC1": {
      "resptime": 43.283118231989576,
      "resptime_old": 33.28311823198958,
      "waittime": 29.71877242784413,
      "servicetime": 10.0,
      "networktime": 3.5643458041454488,
      "services": {
        "MS1_1": {
          "meanserv": 0.0740297212233465,
          "stddevserv": 0.0740297212233465,
          "rate": 13.50808814993394,
          "cv": 1.0,
          "lambda": 0.15
        },
        "MS1_2": {
          "meanserv": 1.0741446542694466,
          "stddevserv": 1.0741446542694466,
          "rate": 0.9309733060861581,
          "cv": 1.0,
          "lambda": 0.15
        },
        "MS1_3": {
          "meanserv": 0.714717627726138,
          "stddevserv": 0.714717627726138,
          "rate": 1.3991539612384867,
          "cv": 1.0,
          "lambda": 0.15
        },
        "MS1_4": {
          "meanserv": 0.07946802047527068,
          "stddevserv": 0.07946802047527068,
          "rate": 12.583678239615718,
          "cv": 1.0,
          "lambda": 0.15
        },
        "MS1_5": {
          "meanserv": 0.06306426732141746,
          "stddevserv": 0.06306426732141746,
          "rate": 15.85684005339085,
          "cv": 1.0,
          "lambda": 0.15
        },
        "MS1_6": {
          "meanserv": 1.6795317672901326,
          "stddevserv": 1.6795317672901326,
          "rate": 0.5954040402662142,
          "cv": 1.0,
          "lambda": 0.15
        },
        "MS1_7": {
          "meanserv": 0.17945555649985767,
          "stddevserv": 0.17945555649985767,
          "rate": 5.572410347744196,
          "cv": 1.0,
          "lambda": 0.15
        },
        "MS1_8": {
          "meanserv": 3.7225008409958598,
          "stddevserv": 3.7225008409958598,
          "rate": 0.26863660821429813,
          "cv": 1.0,
          "lambda": 0.15
        },
        "MS1_9": {
          "meanserv": 2.193180617563222,
          "stddevserv": 2.193180617563222,
          "rate": 0.45595879882937795,
          "cv": 1.0,
          "lambda": 0.15
        },
        "MS1_10": {
          "meanserv": 0.04206967184663668,
          "stddevserv": 0.04206967184663668,
          "rate": 23.770092708245034,
          "cv": 1.0,
          "lambda": 0.15
        },
        "MS1_11": {
          "meanserv": 0.15692888606320565,
          "stddevserv": 0.15692888606320565,
          "rate": 6.3723131227557035,
          "cv": 1.0,
          "lambda": 0.15
        },
        "MS1_12": {
          "meanserv": 0.02090836872546653,
          "stddevserv": 0.02090836872546653,
          "rate": 47.827738889165154,
          "cv": 1.0,
          "lambda": 0.15
        }
      },
      "sensors": [
        "S1"
      ],
      "sources": [
        {
          "startTime": 0,
          "stopTime": -1,
          "lambda": 0.15
        }
      ]
    },
    "SC2": {
      "resptime": 40.80572153909416,
      "resptime_old": 30.805721539094154,
      "waittime": 27.796803080709168,
      "servicetime": 10.0,
      "networktime": 3.0089184583849877,
      "services": {
        "MS2_1": {
          "meanserv": 0.22290740574287593,
          "stddevserv": 0.22290740574287593,
          "rate": 4.486167683246476,
          "cv": 1.0,
          "lambda": 0.15
        },
        "MS2_2": {
          "meanserv": 1.2383929103837388,
          "stddevserv": 1.2383929103837388,
          "rate": 0.807498162832773,
          "cv": 1.0,
          "lambda": 0.15
        },
        "MS2_3": {
          "meanserv": 0.2585481467695161,
          "stddevserv": 0.2585481467695161,
          "rate": 3.8677515677242678,
          "cv": 1.0,
          "lambda": 0.15
        },
        "MS2_4": {
          "meanserv": 1.0596772736455427,
          "stddevserv": 1.0596772736455427,
          "rate": 0.943683539196572,
          "cv": 1.0,
          "lambda": 0.15
        },
        "MS2_5": {
          "meanserv": 2.156073084356666,
          "stddevserv": 2.156073084356666,
          "rate": 0.4638061702339661,
          "cv": 1.0,
          "lambda": 0.15
        },
        "MS2_6": {
          "meanserv": 1.0525840704324727,
          "stddevserv": 1.0525840704324727,
          "rate": 0.9500428783699266,
          "cv": 1.0,
          "lambda": 0.15
        },
        "MS2_7": {
          "meanserv": 0.2876994545116007,
          "stddevserv": 0.2876994545116007,
          "rate": 3.4758494822230452,
          "cv": 1.0,
          "lambda": 0.15
        },
        "MS2_8": {
          "meanserv": 0.9965574350190645,
          "stddevserv": 0.9965574350190645,
          "rate": 1.0034544571742317,
          "cv": 1.0,
          "lambda": 0.15
        },
        "MS2_9": {
          "meanserv": 0.23482593124215967,
          "stddevserv": 0.23482593124215967,
          "rate": 4.2584734773979,
          "cv": 1.0,
          "lambda": 0.15
        },
        "MS2_10": {
          "meanserv": 2.087677882987771,
          "stddevserv": 2.087677882987771,
          "rate": 0.4790010988519236,
          "cv": 1.0,
          "lambda": 0.15
        },
        "MS2_11": {
          "meanserv": 0.1179304814124631,
          "stddevserv": 0.1179304814124631,
          "rate": 8.479571931047152,
          "cv": 1.0,
          "lambda": 0.15
        },
        "MS2_12": {
          "meanserv": 0.287125923496129,
          "stddevserv": 0.287125923496129,
          "rate": 3.4827924550444918,
          "cv": 1.0,
          "lambda": 0.15
        }
      },
      "sensors": [
        "S2"
      ],
      "sources": [
        {
          "startTime": 0,
          "stopTime": -1,
          "lambda": 0.15
        }
      ]
    },
    "SC3": {
      "resptime": 44.26191671037105,
      "resptime_old": 34.26191671037105,
      "waittime": 28.8771788604242,
      "servicetime": 10.0,
      "networktime": 5.384737849946852,
      "services": {
        "MS3_1": {
          "meanserv": 0.21590858901335275,
          "stddevserv": 0.21590858901335275,
          "rate": 4.631589713821693,
          "cv": 1.0,
          "lambda": 0.15
        },
        "MS3_2": {
          "meanserv": 0.517939501107102,
          "stddevserv": 0.517939501107102,
          "rate": 1.9307274263934067,
          "cv": 1.0,
          "lambda": 0.15
        },
        "MS3_3": {
          "meanserv": 0.5247105000736374,
          "stddevserv": 0.5247105000736374,
          "rate": 1.9058128241376167,
          "cv": 1.0,
          "lambda": 0.15
        },
        "MS3_4": {
          "meanserv": 3.1784579603299767,
          "stddevserv": 3.1784579603299767,
          "rate": 0.31461797276569403,
          "cv": 1.0,
          "lambda": 0.15
        },
        "MS3_5": {
          "meanserv": 0.24893304890477452,
          "stddevserv": 0.24893304890477452,
          "rate": 4.01714438641104,
          "cv": 1.0,
          "lambda": 0.15
        },
        "MS3_6": {
          "meanserv": 0.7474792624121234,
          "stddevserv": 0.7474792624121234,
          "rate": 1.3378297570062205,
          "cv": 1.0,
          "lambda": 0.15
        },
        "MS3_7": {
          "meanserv": 0.32989188165118133,
          "stddevserv": 0.32989188165118133,
          "rate": 3.0312961779925605,
          "cv": 1.0,
          "lambda": 0.15
        },
        "MS3_8": {
          "meanserv": 0.3034784085826887,
          "stddevserv": 0.3034784085826887,
          "rate": 3.29512733597827,
          "cv": 1.0,
          "lambda": 0.15
        },
        "MS3_9": {
          "meanserv": 0.18435148253862632,
          "stddevserv": 0.18435148253862632,
          "rate": 5.424420711075511,
          "cv": 1.0,
          "lambda": 0.15
        },
        "MS3_10": {
          "meanserv": 0.5170310707727399,
          "stddevserv": 0.5170310707727399,
          "rate": 1.9341197396617353,
          "cv": 1.0,
          "lambda": 0.15
        },
        "MS3_11": {
          "meanserv": 3.2272343152947904,
          "stddevserv": 3.2272343152947904,
          "rate": 0.30986284301103045,
          "cv": 1.0,
          "lambda": 0.15
        },
        "MS3_12": {
          "meanserv": 0.004583979319006559,
          "stddevserv": 0.004583979319006559,
          "rate": 218.15107146179713,
          "cv": 1.0,
          "lambda": 0.15
        }
      },
      "sensors": [
        "S3"
      ],
      "sources": [
        {
          "startTime": 0,
          "stopTime": -1,
          "lambda": 0.15
        }
      ]
    },
    "SC4": {
      "resptime": 45.95426631177269,
      "resptime_old": 35.9542663117727,
      "waittime": 30.253053249920374,
      "servicetime": 10.0,
      "networktime": 5.701213061852324,
      "services": {
        "MS4_1": {
          "meanserv": 0.4992878643589671,
          "stddevserv": 0.4992878643589671,
          "rate": 2.0028526054481506,
          "cv": 1.0,
          "lambda": 0.15
        },
        "MS4_2": {
          "meanserv": 0.7055586746075337,
          "stddevserv": 0.7055586746075337,
          "rate": 1.4173165691092224,
          "cv": 1.0,
          "lambda": 0.15
        },
        "MS4_3": {
          "meanserv": 0.41860539786041207,
          "stddevserv": 0.41860539786041207,
          "rate": 2.388884627649879,
          "cv": 1.0,
          "lambda": 0.15
        },
        "MS4_4": {
          "meanserv": 3.599934215608256,
          "stddevserv": 3.599934215608256,
          "rate": 0.27778285382668777,
          "cv": 1.0,
          "lambda": 0.15
        },
        "MS4_5": {
          "meanserv": 0.37531616596325446,
          "stddevserv": 0.37531616596325446,
          "rate": 2.664420269330753,
          "cv": 1.0,
          "lambda": 0.15
        },
        "MS4_6": {
          "meanserv": 0.2741780159407865,
          "stddevserv": 0.2741780159407865,
          "rate": 3.6472654328929397,
          "cv": 1.0,
          "lambda": 0.15
        },
        "MS4_7": {
          "meanserv": 0.3570797203948439,
          "stddevserv": 0.3570797203948439,
          "rate": 2.800495079626033,
          "cv": 1.0,
          "lambda": 0.15
        },
        "MS4_8": {
          "meanserv": 0.5206566307388343,
          "stddevserv": 0.5206566307388343,
          "rate": 1.9206516175179729,
          "cv": 1.0,
          "lambda": 0.15
        },
        "MS4_9": {
          "meanserv": 2.29662577975159,
          "stddevserv": 2.29662577975159,
          "rate": 0.4354213946462636,
          "cv": 1.0,
          "lambda": 0.15
        },
        "MS4_10": {
          "meanserv": 0.6564467501354603,
          "stddevserv": 0.6564467501354603,
          "rate": 1.523352807815175,
          "cv": 1.0,
          "lambda": 0.15
        },
        "MS4_11": {
          "meanserv": 0.136349262555429,
          "stddevserv": 0.136349262555429,
          "rate": 7.334106406284946,
          "cv": 1.0,
          "lambda": 0.15
        },
        "MS4_12": {
          "meanserv": 0.15996152208463243,
          "stddevserv": 0.15996152208463243,
          "rate": 6.251503405118389,
          "cv": 1.0,
          "lambda": 0.15
        }
      },
      "sensors": [
        "S4"
      ],
      "sources": [
        {
          "startTime": 0,
          "stopTime": -1,
          "lambda": 0.15
        }
      ]
    }
  },
  "microservice": {
    "MS1_1": "F10",
    "MS1_2": "F10",
    "MS1_3": "F8",
    "MS1_4": "F8",
    "MS1_5": "F9",
    "MS1_6": "F9",
    "MS1_7": "F9",
    "MS1_8": "F1",
    "MS1_9": "F8",
    "MS1_10": "F5",
    "MS1_11": "F5",
    "MS1_12": "F5",
    "MS2_1": "F10",
    "MS2_2": "F10",
    "MS2_3": "F6",
    "MS2_4": "F6",
    "MS2_5": "F6",
    "MS2_6": "F9",
    "MS2_7": "F9",
    "MS2_8": "F7",
    "MS2_9": "F7",
    "MS2_10": "F7",
    "MS2_11": "F7",
    "MS2_12": "F7",
    "MS3_1": "F8",
    "MS3_2": "F10",
    "MS3_3": "F10",
    "MS3_4": "F4",
    "MS3_5": "F4",
    "MS3_6": "F10",
    "MS3_7": "F10",
    "MS3_8": "F8",
    "MS3_9": "F8",
    "MS3_10": "F7",
    "MS3_11": "F3",
    "MS3_12": "F10",
    "MS4_1": "F8",
    "MS4_2": "F5",
    "MS4_3": "F6",
    "MS4_4": "F2",
    "MS4_5": "F9",
    "MS4_6": "F9",
    "MS4_7": "F5",
    "MS4_8": "F5",
    "MS4_9": "F5",
    "MS4_10": "F9",
    "MS4_11": "F6",
    "MS4_12": "F6"
  },
  "sensor": {
    "S1": "F10",
    "S2": "F10",
    "S3": "F8",
    "S4": "F8"
  },
  "fog": {
    "F1": {
      "rho": 0.5583751261493789,
      "capacity": 1.0,
      "tserv": 3.7225008409958593,
      "stddev": 3.7225008409958598,
      "mu": 0.26863660821429813,
      "cv": 1.0000000000000002,
      "lambda": 0.15,
      "twait": 4.7066005557134885
    },
    "F2": {
      "rho": 0.5399901323412384,
      "capacity": 1.0,
      "tserv": 3.599934215608256,
      "stddev": 3.599934215608256,
      "mu": 0.27778285382668777,
      "cv": 1.0,
      "lambda": 0.15,
      "twait": 4.225841857262231
    },
    "F3": {
      "rho": 0.48408514729421853,
      "capacity": 1.0,
      "tserv": 3.2272343152947904,
      "stddev": 3.2272343152947904,
      "mu": 0.30986284301103045,
      "cv": 1.0,
      "lambda": 0.15,
      "twait": 3.028127976310398
    },
    "F4": {
      "rho": 0.5141086513852127,
      "capacity": 1.0,
      "tserv": 1.7136955046173756,
      "stddev": 2.688458737990267,
      "mu": 0.5835342377368694,
      "cv": 1.5688077203601762,
      "lambda": 0.3,
      "twait": 3.137912219696808
    },
    "F5": {
      "rho": 0.6149741598192167,
      "capacity": 1.0,
      "tserv": 0.5856896760183016,
      "stddev": 1.1948834460500697,
      "mu": 1.707388811765144,
      "cv": 2.040130627149269,
      "lambda": 1.05,
      "twait": 2.414536369400354
    },
    "F6": {
      "rho": 0.6283822030908297,
      "capacity": 1.0,
      "tserv": 0.6982024478786997,
      "stddev": 1.2376541692464764,
      "mu": 1.432249346931153,
      "cv": 1.7726293756298845,
      "lambda": 0.9,
      "twait": 2.445183015862781
    },
    "F7": {
      "rho": 0.6361723087395491,
      "capacity": 1.0,
      "tserv": 0.7068581208217212,
      "stddev": 1.1932300275597978,
      "mu": 1.414711058051511,
      "cv": 1.6880757147879553,
      "lambda": 0.9,
      "twait": 2.3790130782521195
    },
    "F8": {
      "rho": 0.6285588915387398,
      "capacity": 1.0,
      "tserv": 0.5986275157511808,
      "stddev": 1.133253851231825,
      "mu": 1.6704878638015188,
      "cv": 1.8930868050890957,
      "lambda": 1.05,
      "twait": 2.3217006873424557
    },
    "F9": {
      "rho": 0.6852414072142473,
      "capacity": 1.0,
      "tserv": 0.5710345060118728,
      "stddev": 0.9206450284664197,
      "mu": 1.7512076581571907,
      "cv": 1.6122406242947391,
      "lambda": 1.2,
      "twait": 2.237272060041978
    },
    "F10": {
      "rho": 0.7101119724273689,
      "capacity": 1.0,
      "tserv": 0.5260088684647177,
      "stddev": 0.7758357810422386,
      "mu": 1.9011086313406433,
      "cv": 1.4749480998423092,
      "lambda": 1.3499999999999999,
      "twait": 2.0458222608881393
    }
  },
  "extra": {
    "deltatime": 0.0629161,
    "obj_func": 43.57625569830687
  },
  "network": [
    [
      0.0,
      0.7160039528827109,
      0.9025419048157378,
      0.9776633807410895,
      0.8937174595950029,
      0.9484434500480642,
      0.7697183895180288,
      0.5901965554715943,
      0.7183287172819944,
      0.7183287172819944
    ],
    [
      0.7160039528827109,
      0.0,
      0.8706474873122861,
      0.8658401413180525,
      0.8218640197491718,
      0.7075292606679408,
      0.8312196900195681,
      0.7183287172819944,
      1.221846424254335,
      1.221846424254335
    ],
    [
      0.9025419048157378,
      0.8706474873122861,
      0.0,
      0.6725020587374145,
      0.779250554702942,
      0.7478195423297147,
      0.5901965554715943,
      1.221846424254335,
      0.7265122044763502,
      0.7265122044763502
    ],
    [
      0.9776633807410895,
      0.8658401413180525,
      0.6725020587374145,
      0.0,
      0.5702995699379707,
      0.7697183895180288,
      0.7183287172819944,
      0.7265122044763502,
      0.9042157927253985,
      0.9042157927253985
    ],
    [
      0.8937174595950029,
      0.8218640197491718,
      0.779250554702942,
      0.5702995699379707,
      0.0,
      0.8312196900195681,
      1.221846424254335,
      0.9042157927253985,
      0.5642045641517164,
      0.5642045641517164
    ],
    [
      0.9484434500480642,
      0.7075292606679408,
      0.7478195423297147,
      0.7697183895180288,
      0.8312196900195681,
      0.0,
      0.7265122044763502,
      0.5642045641517164,
      0.9079927658816486,
      0.9079927658816486
    ],
    [
      0.7697183895180288,
      0.8312196900195681,
      0.5901965554715943,
      0.7183287172819944,
      1.221846424254335,
      0.7265122044763502,
      0.0,
      0.9079927658816486,
      1.1929329266216906,
      1.1929329266216906
    ],
    [
      0.5901965554715943,
      0.7183287172819944,
      1.221846424254335,
      0.7265122044763502,
      0.9042157927253985,
      0.5642045641517164,
      0.9079927658816486,
      0.0,
      0.6758023693332308,
      0.6758023693332308
    ],
    [
      0.7183287172819944,
      1.221846424254335,
      0.7265122044763502,
      0.9042157927253985,
      0.5642045641517164,
      0.9079927658816486,
      1.1929329266216906,
      0.6758023693332308,
      0.0,
      0.9596409905238725
    ],
    [
      0.7183287172819944,
      1.221846424254335,
      0.7265122044763502,
      0.9042157927253985,
      0.5642045641517164,
      0.9079927658816486,
      1.1929329266216906,
      0.6758023693332308,
      0.9596409905238725,
      0.0
    ]
  ]
}