{
  "servicechain": {
    "SC1": {
      "resptime": 17.48543275026123,
      "resptime_old": 7.48543275026123,
      "waittime": 3.697938942387854,
      "servicetime": 10.0,
      "networktime": 3.7874938078733758,
      "services": {
        "MS1_1": {
          "meanserv": 2.900320521425509,
          "stddevserv": 2.900320521425509,
          "rate": 0.3447894784775372,
          "cv": 1.0,
          "lambda": 0.05
        },
        "MS1_2": {
          "meanserv": 1.078043951060467,
          "stddevserv": 1.078043951060467,
          "rate": 0.9276059654305416,
          "cv": 1.0,
          "lambda": 0.05
        },
        "MS1_3": {
          "meanserv": 4.494514981857816,
          "stddevserv": 4.494514981857816,
          "rate": 0.22249341787412358,
          "cv": 1.0,
          "lambda": 0.05
        },
        "MS1_4": {
          "meanserv": 0.30257487058319477,
          "stddevserv": 0.30257487058319477,
          "rate": 3.30496712457502,
          "cv": 1.0,
          "lambda": 0.05
        },
        "MS1_5": {
          "meanserv": 1.2245456750730135,
          "stddevserv": 1.2245456750730135,
          "rate": 0.8166294000755627,
          "cv": 1.0,
          "lambda": 0.05
        }
      },
      "sensors": [
        "S1"
      ],
      "sources": [
        {
          "startTime": 0,
          "stopTime": -1,
          "lambda": 0.05
        }
      ]
    },
    "SC2": {
      "resptime": 17.478042818214536,
      "resptime_old": 7.478042818214538,
      "waittime": 4.052556586860074,
      "servicetime": 10.0,
      "networktime": 3.425486231354463,
      "services": {
        "MS2_1": {
          "meanserv": 0.34305956318619546,
          "stddevserv": 0.34305956318619546,
          "rate": 2.9149457042165308,
          "cv": 1.0,
          "lambda": 0.05
        },
        "MS2_2": {
          "meanserv": 4.119731493103061,
          "stddevserv": 4.119731493103061,
          "rate": 0.24273426597682965,
          "cv": 1.0,
          "lambda": 0.05
        },
        "MS2_3": {
          "meanserv": 2.795578485740039,
          "stddevserv": 2.795578485740039,
          "rate": 0.35770771777680294,
          "cv": 1.0,
          "lambda": 0.05
        },
        "MS2_4": {
          "meanserv": 2.4329485345620885,
          "stddevserv": 2.4329485345620885,
          "rate": 0.4110239019831926,
          "cv": 1.0,
          "lambda": 0.05
        },
        "MS2_5": {
          "meanserv": 0.30868192340861533,
          "stddevserv": 0.30868192340861533,
          "rate": 3.239580695097126,
          "cv": 1.0,
          "lambda": 0.05
        }
      },
      "sensors": [
        "S2"
      ],
      "sources": [
        {
          "startTime": 0,
          "stopTime": -1,
          "lambda": 0.05
        }
      ]
    },
    "SC3": {
      "resptime": 16.706914936562043,
      "resptime_old": 6.706914936562043,
      "waittime": 3.3176892399358118,
      "servicetime": 10.0,
      "networktime": 3.389225696626231,
      "services": {
        "MS3_1": {
          "meanserv": 1.5810421808973096,
          "stddevserv": 1.5810421808973096,
          "rate": 0.6324941940716957,
          "cv": 1.0,
          "lambda": 0.05
        },
        "MS3_2": {
          "meanserv": 1.8159810125755707,
          "stddevserv": 1.8159810125755707,
          "rate": 0.5506665505173534,
          "cv": 1.0,
          "lambda": 0.05
        },
        "MS3_3": {
          "meanserv": 4.589205559549005,
          "stddevserv": 4.589205559549005,
          "rate": 0.21790263849028219,
          "cv": 1.0,
          "lambda": 0.05
        },
        "MS3_4": {
          "meanserv": 0.13905462318642847,
          "stddevserv": 0.13905462318642847,
          "rate": 7.191418574118998,
          "cv": 1.0,
          "lambda": 0.05
        },
        "MS3_5": {
          "meanserv": 1.8747166237916861,
          "stddevserv": 1.8747166237916861,
          "rate": 0.5334139503054396,
          "cv": 1.0,
          "lambda": 0.05
        }
      },
      "sensors": [
        "S3"
      ],
      "sources": [
        {
          "startTime": 0,
          "stopTime": -1,
          "lambda": 0.05
        }
      ]
    },
    "SC4": {
      "resptime": 15.818604774354302,
      "resptime_old": 5.818604774354302,
      "waittime": 2.3182911763801584,
      "servicetime": 10.0,
      "networktime": 3.5003135979741424,
      "services": {
        "MS4_1": {
          "meanserv": 3.612433266892856,
          "stddevserv": 3.612433266892856,
          "rate": 0.27682172267783506,
          "cv": 1.0,
          "lambda": 0.05
        },
        "MS4_2": {
          "meanserv": 3.0734543830402,
          "stddevserv": 3.0734543830402,
          "rate": 0.3253667942879373,
          "cv": 1.0,
          "lambda": 0.05
        },
        "MS4_3": {
          "meanserv": 0.08610898893658714,
          "stddevserv": 0.08610898893658714,
          "rate": 11.613189428300286,
          "cv": 1.0,
          "lambda": 0.05
        },
        "MS4_4": {
          "meanserv": 1.8821566945298365,
          "stddevserv": 1.8821566945298365,
          "rate": 0.53130539179141,
          "cv": 1.0,
          "lambda": 0.05
        },
        "MS4_5": {
          "meanserv": 1.3458466666005204,
          "stddevserv": 1.3458466666005204,
          "rate": 0.7430266945088954,
          "cv": 1.0,
          "lambda": 0.05
        }
      },
      "sensors": [
        "S4"
      ],
      "sources": [
        {
          "startTime": 0,
          "stopTime": -1,
          "lambda": 0.05
        }
      ]
    }
  },
  "microservice": {
    "MS1_1": "F6",
    "MS1_2": "F6",
    "MS1_3": "F10",
    "MS1_4": "F3",
    "MS1_5": "F3",
    "MS2_1": "F2",
    "MS2_2": "F2",
    "MS2_3": "F3",
    "MS2_4": "F8",
    "MS2_5": "F8",
    "MS3_1": "F7",
    "MS3_2": "F7",
    "MS3_3": "F4",
    "MS3_4": "F8",
    "MS3_5": "F8",
    "MS4_1": "F5",
    "MS4_2": "F9",
    "MS4_3": "F1",
    "MS4_4": "F1",
    "MS4_5": "F1"
  },
  "sensor": {
    "S1": "F6",
    "S2": "F2",
    "S3": "F7",
    "S4": "F5"
  },
  "fog": {
    "F1": {
      "rho": 0.16570561750334722,
      "capacity": 1.0,
      "tserv": 1.1047041166889813,
      "stddev": 1.5342044741156071,
      "mu": 0.9052197641819237,
      "cv": 1.3887922122657823,
      "lambda": 0.15000000000000002,
      "twait": 0.32130336384953445
    },
    "F2": {
      "rho": 0.22313955281446285,
      "capacity": 1.0,
      "tserv": 2.2313955281446285,
      "stddev": 3.4800504933312153,
      "mu": 0.44815004215388243,
      "cv": 1.5595847752840235,
      "lambda": 0.1,
      "twait": 1.0999322658962143
    },
    "F3": {
      "rho": 0.21613495156981238,
      "capacity": 1.0,
      "tserv": 1.4408996771320823,
      "stddev": 2.048094221993057,
      "mu": 0.6940108432742285,
      "cv": 1.4213995981104766,
      "lambda": 0.15000000000000002,
      "twait": 0.5999963100420577
    },
    "F4": {
      "rho": 0.22946027797745025,
      "capacity": 1.0,
      "tserv": 4.589205559549005,
      "stddev": 4.589205559549005,
      "mu": 0.21790263849028219,
      "cv": 1.0,
      "lambda": 0.05,
      "twait": 1.3666269931233446
    },
    "F5": {
      "rho": 0.18062166334464283,
      "capacity": 1.0,
      "tserv": 3.612433266892856,
      "stddev": 3.6124332668928565,
      "mu": 0.27682172267783506,
      "cv": 1.0000000000000002,
      "lambda": 0.05,
      "twait": 0.7963155433802425
    },
    "F6": {
      "rho": 0.1989182236242988,
      "capacity": 1.0,
      "tserv": 1.9891822362429878,
      "stddev": 2.370061585367634,
      "mu": 0.5027191484922577,
      "cv": 1.1914753420702275,
      "lambda": 0.1,
      "twait": 0.5975693224938529
    },
    "F7": {
      "rho": 0.169851159673644,
      "capacity": 1.0,
      "tserv": 1.69851159673644,
      "stddev": 1.7066164687953018,
      "mu": 0.5887507638578526,
      "cv": 1.0047717496156252,
      "lambda": 0.1,
      "twait": 0.3491832508934396
    },
    "F8": {
      "rho": 0.23777008524744092,
      "capacity": 1.0,
      "tserv": 1.1888504262372046,
      "stddev": 1.833260897620509,
      "mu": 0.8411487079708341,
      "cv": 1.5420450354069426,
      "lambda": 0.2,
      "twait": 0.6263478725127941
    },
    "F9": {
      "rho": 0.15367271915201,
      "capacity": 1.0,
      "tserv": 3.0734543830402,
      "stddev": 3.0734543830402,
      "mu": 0.3253667942879373,
      "cv": 1.0,
      "lambda": 0.05,
      "twait": 0.5580655414513127
    },
    "F10": {
      "rho": 0.2247257490928908,
      "capacity": 1.0,
      "tserv": 4.494514981857816,
      "stddev": 4.494514981857816,
      "mu": 0.22249341787412358,
      "cv": 1.0,
      "lambda": 0.05,
      "twait": 1.3028076773160329
    }
  },
  "extra": {
    "deltatime": 0.738059,
    "conv": 12,
    "obj_func": 16.87224881984803
  },
  "network": [
    [
      0.0,
      2.305114205229835,
      2.168295219002622,
      2.0852178605308676,
      2.0202770989433207,
      2.4506237932411485,
      1.933846714882417,
      1.9912755812383425,
      1.7162623395415206,
      1.7162623395415206
    ],
    [
      2.305114205229835,
      0.0,
      1.856308588600115,
      2.511086327844234,
      2.3935273329108164,
      1.8840042935529533,
      2.1521215493232386,
      1.7162623395415206,
      1.5691776427543482,
      1.5691776427543482
    ],
    [
      2.168295219002622,
      1.856308588600115,
      0.0,
      1.8709018088649525,
      2.4169200081078834,
      1.7477084610705376,
      1.9912755812383425,
      1.5691776427543482,
      1.6729633570847102,
      1.6729633570847102
    ],
    [
      2.0852178605308676,
      2.511086327844234,
      1.8709018088649525,
      0.0,
      2.104794393679843,
      1.933846714882417,
      1.7162623395415206,
      1.6729633570847102,
      2.3684666692800396,
      2.3684666692800396
    ],
    [
      2.0202770989433207,
      2.3935273329108164,
      2.4169200081078834,
      2.104794393679843,
      0.0,
      2.1521215493232386,
      1.5691776427543482,
      2.3684666692800396,
      1.784051258432622,
      1.784051258432622
    ],
    [
      2.4506237932411485,
      1.8840042935529533,
      1.7477084610705376,
      1.933846714882417,
      2.1521215493232386,
      0.0,
      1.6729633570847102,
      1.784051258432622,
      2.1145304507886657,
      2.1145304507886657
    ],
    [
      1.933846714882417,
      2.1521215493232386,
      1.9912755812383425,
      1.7162623395415206,
      1.5691776427543482,
      1.6729633570847102,
      0.0,
      2.1145304507886657,
      1.878375883861145,
      1.878375883861145
    ],
    [
      1.9912755812383425,
      1.7162623395415206,
      1.5691776427543482,
      1.6729633570847102,
      2.3684666692800396,
      1.784051258432622,
      2.1145304507886657,
      0.0,
      2.647212669259522,
      2.647212669259522
    ],
    [
      1.7162623395415206,
      1.5691776427543482,
      1.6729633570847102,
      2.3684666692800396,
      1.784051258432622,
      2.1145304507886657,
      1.878375883861145,
      2.647212669259522,
      0.0,
      1.879010491203898
    ],
    [
      1.7162623395415206,
      1.5691776427543482,
      1.6729633570847102,
      2.3684666692800396,
      1.784051258432622,
      2.1145304507886657,
      1.878375883861145,
      2.647212669259522,
      1.879010491203898,
      0.0
    ]
  ]
}