{
  "servicechain": {
    "SC1": {
      "resptime": 14.033897293921784,
      "resptime_old": 4.033897293921785,
      "waittime": 2.125901185631883,
      "servicetime": 10.0,
      "networktime": 1.9079961082899022,
      "services": {
        "MS1_1": {
          "meanserv": 1.5417565398600952,
          "stddevserv": 1.5417565398600952,
          "rate": 0.6486108371499067,
          "cv": 1.0,
          "lambda": 0.025
        },
        "MS1_2": {
          "meanserv": 4.002477668025865,
          "stddevserv": 4.002477668025865,
          "rate": 0.24984524160836313,
          "cv": 1.0,
          "lambda": 0.025
        },
        "MS1_3": {
          "meanserv": 0.06297887213372455,
          "stddevserv": 0.06297887213372455,
          "rate": 15.878340880361845,
          "cv": 1.0,
          "lambda": 0.025
        },
        "MS1_4": {
          "meanserv": 3.39714044411362,
          "stddevserv": 3.39714044411362,
          "rate": 0.2943652217066108,
          "cv": 1.0,
          "lambda": 0.025
        },
        "MS1_5": {
          "meanserv": 0.9956464758666961,
          "stddevserv": 0.9956464758666961,
          "rate": 1.00437256017957,
          "cv": 1.0,
          "lambda": 0.025
        }
      },
      "sensors": [
        "S1"
      ],
      "sources": [
        {
          "startTime": 0,
          "stopTime": -1,
          "lambda": 0.025
        }
      ]
    },
    "SC2": {
      "resptime": 14.495074085851403,
      "resptime_old": 4.495074085851404,
      "waittime": 2.2603528103122343,
      "servicetime": 10.0,
      "networktime": 2.234721275539169,
      "services": {
        "MS2_1": {
          "meanserv": 2.5195316044551985,
          "stddevserv": 2.5195316044551985,
          "rate": 0.3968991689692383,
          "cv": 1.0,
          "lambda": 0.025
        },
        "MS2_2": {
          "meanserv": 0.24738108982094387,
          "stddevserv": 0.24738108982094387,
          "rate": 4.0423461660865305,
          "cv": 1.0,
          "lambda": 0.025
        },
        "MS2_3": {
          "meanserv": 0.17345210566212055,
          "stddevserv": 0.17345210566212055,
          "rate": 5.765280255219096,
          "cv": 1.0,
          "lambda": 0.025
        },
        "MS2_4": {
          "meanserv": 4.894338522746684,
          "stddevserv": 4.894338522746684,
          "rate": 0.2043177020454245,
          "cv": 1.0,
          "lambda": 0.025
        },
        "MS2_5": {
          "meanserv": 2.1652966773150535,
          "stddevserv": 2.1652966773150535,
          "rate": 0.4618304782326596,
          "cv": 1.0,
          "lambda": 0.025
        }
      },
      "sensors": [
        "S2"
      ],
      "sources": [
        {
          "startTime": 0,
          "stopTime": -1,
          "lambda": 0.025
        }
      ]
    },
    "SC3": {
      "resptime": 14.529940621645933,
      "resptime_old": 4.529940621645933,
      "waittime": 2.6566646744648548,
      "servicetime": 10.0,
      "networktime": 1.8732759471810776,
      "services": {
        "MS3_1": {
          "meanserv": 0.6110814030092215,
          "stddevserv": 0.6110814030092215,
          "rate": 1.636443189198002,
          "cv": 1.0,
          "lambda": 0.025
        },
        "MS3_2": {
          "meanserv": 3.790187649881094,
          "stddevserv": 3.790187649881094,
          "rate": 0.2638391795802965,
          "cv": 1.0,
          "lambda": 0.025
        },
        "MS3_3": {
          "meanserv": 0.6908402873268047,
          "stddevserv": 0.6908402873268047,
          "rate": 1.4475125703358787,
          "cv": 1.0,
          "lambda": 0.025
        },
        "MS3_4": {
          "meanserv": 4.864913311923174,
          "stddevserv": 4.864913311923174,
          "rate": 0.2055535085381994,
          "cv": 1.0,
          "lambda": 0.025
        },
        "MS3_5": {
          "meanserv": 0.04297734785970597,
          "stddevserv": 0.04297734785970597,
          "rate": 23.26807143298771,
          "cv": 1.0,
          "lambda": 0.025
        }
      },
      "sensors": [
        "S3"
      ],
      "sources": [
        {
          "startTime": 0,
          "stopTime": -1,
          "lambda": 0.025
        }
      ]
    },
    "SC4": {
      "resptime": 15.658990817175807,
      "resptime_old": 5.658990817175807,
      "waittime": 3.2036462825924312,
      "servicetime": 10.0,
      "networktime": 2.4553445345833764,
      "services": {
        "MS4_1": {
          "meanserv": 0.10379431811126993,
          "stddevserv": 0.10379431811126993,
          "rate": 9.63443874575077,
          "cv": 1.0,
          "lambda": 0.025
        },
        "MS4_2": {
          "meanserv": 6.518539758652821,
          "stddevserv": 6.518539758652821,
          "rate": 0.15340859103798254,
          "cv": 1.0,
          "lambda": 0.025
        },
        "MS4_3": {
          "meanserv": 0.2210949579774244,
          "stddevserv": 0.2210949579774244,
          "rate": 4.522943486129196,
          "cv": 1.0,
          "lambda": 0.025
        },
        "MS4_4": {
          "meanserv": 2.8006362396413413,
          "stddevserv": 2.8006362396413413,
          "rate": 0.35706172256346413,
          "cv": 1.0,
          "lambda": 0.025
        },
        "MS4_5": {
          "meanserv": 0.3559347256171428,
          "stddevserv": 0.3559347256171428,
          "rate": 2.8095039006551974,
          "cv": 1.0,
          "lambda": 0.025
        }
      },
      "sensors": [
        "S4"
      ],
      "sources": [
        {
          "startTime": 0,
          "stopTime": -1,
          "lambda": 0.025
        }
      ]
    }
  },
  "microservice": {
    "MS1_1": "F5",
    "MS1_2": "F5",
    "MS1_3": "F8",
    "MS1_4": "F8",
    "MS1_5": "F8",
    "MS2_1": "F3",
    "MS2_2": "F3",
    "MS2_3": "F3",
    "MS2_4": "F7",
    "MS2_5": "F7",
    "MS3_1": "F4",
    "MS3_2": "F4",
    "MS3_3": "F4",
    "MS3_4": "F1",
    "MS3_5": "F1",
    "MS4_1": "F6",
    "MS4_2": "F6",
    "MS4_3": "F2",
    "MS4_4": "F2",
    "MS4_5": "F2"
  },
  "sensor": {
    "S1": "F5",
    "S2": "F3",
    "S3": "F4",
    "S4": "F6"
  },
  "fog": {
    "F1": {
      "rho": 0.12269726649457201,
      "capacity": 1.0,
      "tserv": 2.45394532989144,
      "stddev": 4.200878587017287,
      "mu": 0.40750704093486834,
      "cv": 1.7118876023220653,
      "lambda": 0.05,
      "twait": 0.6744886252200969
    },
    "F2": {
      "rho": 0.08444164808089773,
      "capacity": 1.0,
      "tserv": 1.1258886410786362,
      "stddev": 2.0195210666509906,
      "mu": 0.8881873069098282,
      "cv": 1.793712977436407,
      "lambda": 0.07500000000000001,
      "twait": 0.21896845349416194
    },
    "F3": {
      "rho": 0.07350911999845658,
      "capacity": 1.0,
      "tserv": 0.9801215999794209,
      "stddev": 1.8254433281240436,
      "mu": 1.0202815650843695,
      "cv": 1.8624661757912195,
      "lambda": 0.07500000000000001,
      "twait": 0.17375569154003656
    },
    "F4": {
      "rho": 0.127302733505428,
      "capacity": 1.0,
      "tserv": 1.6973697800723733,
      "stddev": 2.6950085899126264,
      "mu": 0.5891468151137706,
      "cv": 1.5877557274512777,
      "lambda": 0.07500000000000001,
      "twait": 0.4358958080082204
    },
    "F5": {
      "rho": 0.13860585519714902,
      "capacity": 1.0,
      "tserv": 2.77211710394298,
      "stddev": 3.2729508815859,
      "mu": 0.3607351213906615,
      "cv": 1.1806683335745622,
      "lambda": 0.05,
      "twait": 0.5339263339042565
    },
    "F6": {
      "rho": 0.1655583519191023,
      "capacity": 1.0,
      "tserv": 3.3111670383820457,
      "stddev": 5.615897674418759,
      "mu": 0.30200832166070235,
      "cv": 1.696047831269451,
      "lambda": 0.05,
      "twait": 1.2733704610549725
    },
    "F7": {
      "rho": 0.17649088000154348,
      "capacity": 1.0,
      "tserv": 3.529817600030869,
      "stddev": 4.022865519321534,
      "mu": 0.283300757521084,
      "cv": 1.1396808490292396,
      "lambda": 0.05,
      "twait": 0.8695428678460624
    },
    "F8": {
      "rho": 0.111394144802851,
      "capacity": 1.0,
      "tserv": 1.4852552640380132,
      "stddev": 2.4801702416359173,
      "mu": 0.6732849391028358,
      "cv": 1.6698612701045041,
      "lambda": 0.07500000000000001,
      "twait": 0.35268283927445676
    },
    "F9": {
      "rho": 0,
      "capacity": 1.0,
      "tserv": 0,
      "stddev": 0,
      "mu": 0,
      "cv": 0,
      "lambda": 0.0,
      "twait": 0
    },
    "F10": {
      "rho": 0,
      "capacity": 1.0,
      "tserv": 0,
      "stddev": 0,
      "mu": 0,
      "cv": 0,
      "lambda": 0.0,
      "twait": 0
    }
  },
  "extra": {
    "deltatime": 0.4888957,
    "conv": 88,
    "obj_func": 14.679475704648732
  },
  "network": [
    [
      0.0,
      2.1600589588072796,
      1.4210091934440385,
      1.8732759471810776,
      1.4441128824871143,
      1.8577953083292378,
      1.5345977065059047,
      2.234721275539169,
      1.8435720138551852,
      1.8435720138551852
    ],
    [
      2.1600589588072796,
      0.0,
      2.2337325175296097,
      2.1788834685933707,
      1.4303828767945104,
      2.4553445345833764,
      2.0663469505438936,
      1.8435720138551852,
      2.1222983286531014,
      2.1222983286531014
    ],
    [
      1.4210091934440385,
      2.2337325175296097,
      0.0,
      1.820596598458765,
      2.044736557846341,
      1.279599846131894,
      2.234721275539169,
      2.1222983286531014,
      2.3107678535529335,
      2.3107678535529335
    ],
    [
      1.8732759471810776,
      2.1788834685933707,
      1.820596598458765,
      0.0,
      1.9396204990169117,
      1.5345977065059047,
      1.8435720138551852,
      2.3107678535529335,
      1.9079961082899022,
      1.9079961082899022
    ],
    [
      1.4441128824871143,
      1.4303828767945104,
      2.044736557846341,
      1.9396204990169117,
      0.0,
      2.0663469505438936,
      2.1222983286531014,
      1.9079961082899022,
      2.233493493750933,
      2.233493493750933
    ],
    [
      1.8577953083292378,
      2.4553445345833764,
      1.279599846131894,
      1.5345977065059047,
      2.0663469505438936,
      0.0,
      2.3107678535529335,
      2.233493493750933,
      2.198000032137096,
      2.198000032137096
    ],
    [
      1.5345977065059047,
      2.0663469505438936,
      2.234721275539169,
      1.8435720138551852,
      2.1222983286531014,
      2.3107678535529335,
      0.0,
      2.198000032137096,
      1.8127827305744704,
      1.8127827305744704
    ],
    [
      2.234721275539169,
      1.8435720138551852,
      2.1222983286531014,
      2.3107678535529335,
      1.9079961082899022,
      2.233493493750933,
      2.198000032137096,
      0.0,
      1.9949159742031954,
      1.9949159742031954
    ],
    [
      1.8435720138551852,
      2.1222983286531014,
      2.3107678535529335,
      1.9079961082899022,
      2.233493493750933,
      2.198000032137096,
      1.8127827305744704,
      1.9949159742031954,
      0.0,
      1.35893387644556
    ],
    [
      1.8435720138551852,
      2.1222983286531014,
      2.3107678535529335,
      1.9079961082899022,
      2.233493493750933,
      2.198000032137096,
      1.8127827305744704,
      1.9949159742031954,
      1.35893387644556,
      0.0
    ]
  ]
}