{
  "servicechain": {
    "SC1": {
      "resptime": 33.94714013374509,
      "resptime_old": 23.947140133745087,
      "waittime": 20.431733816061033,
      "servicetime": 10.0,
      "networktime": 3.5154063176840533,
      "services": {
        "MS1_1": {
          "meanserv": 2.3120181260893258,
          "stddevserv": 2.3120181260893258,
          "rate": 0.4325225605784738,
          "cv": 1.0,
          "lambda": 0.15
        },
        "MS1_2": {
          "meanserv": 3.6991162288075348,
          "stddevserv": 3.6991162288075348,
          "rate": 0.27033484166091337,
          "cv": 1.0,
          "lambda": 0.15
        },
        "MS1_3": {
          "meanserv": 0.2911447434664538,
          "stddevserv": 0.2911447434664538,
          "rate": 3.4347176874763727,
          "cv": 1.0,
          "lambda": 0.15
        },
        "MS1_4": {
          "meanserv": 0.6123246365222519,
          "stddevserv": 0.6123246365222519,
          "rate": 1.63312063626834,
          "cv": 1.0,
          "lambda": 0.15
        },
        "MS1_5": {
          "meanserv": 1.011731749053407,
          "stddevserv": 1.011731749053407,
          "rate": 0.98840428891909,
          "cv": 1.0,
          "lambda": 0.15
        },
        "MS1_6": {
          "meanserv": 2.0736645160610268,
          "stddevserv": 2.0736645160610268,
          "rate": 0.48223808251275035,
          "cv": 1.0,
          "lambda": 0.15
        }
      },
      "sensors": [
        "S1"
      ],
      "sources": [
        {
          "startTime": 0,
          "stopTime": -1,
          "lambda": 0.15
        }
      ]
    },
    "SC2": {
      "resptime": 35.576860562144034,
      "resptime_old": 25.576860562144038,
      "waittime": 22.58495631672652,
      "servicetime": 10.0,
      "networktime": 2.991904245417519,
      "services": {
        "MS2_1": {
          "meanserv": 0.22019976199429636,
          "stddevserv": 0.22019976199429636,
          "rate": 4.541330975761464,
          "cv": 1.0,
          "lambda": 0.15
        },
        "MS2_2": {
          "meanserv": 0.6756131563093981,
          "stddevserv": 0.6756131563093981,
          "rate": 1.480136955092166,
          "cv": 1.0,
          "lambda": 0.15
        },
        "MS2_3": {
          "meanserv": 1.2870916144117885,
          "stddevserv": 1.2870916144117885,
          "rate": 0.7769454705499019,
          "cv": 1.0,
          "lambda": 0.15
        },
        "MS2_4": {
          "meanserv": 1.833504800097943,
          "stddevserv": 1.833504800097943,
          "rate": 0.5454035353202138,
          "cv": 1.0,
          "lambda": 0.15
        },
        "MS2_5": {
          "meanserv": 1.7265430647763385,
          "stddevserv": 1.7265430647763385,
          "rate": 0.5791920400951847,
          "cv": 1.0,
          "lambda": 0.15
        },
        "MS2_6": {
          "meanserv": 4.2570476024102355,
          "stddevserv": 4.2570476024102355,
          "rate": 0.23490458491322122,
          "cv": 1.0,
          "lambda": 0.15
        }
      },
      "sensors": [
        "S2"
      ],
      "sources": [
        {
          "startTime": 0,
          "stopTime": -1,
          "lambda": 0.15
        }
      ]
    },
    "SC3": {
      "resptime": 32.55769150482703,
      "resptime_old": 22.557691504827027,
      "waittime": 18.645659107977714,
      "servicetime": 10.0,
      "networktime": 3.912032396849312,
      "services": {
        "MS3_1": {
          "meanserv": 0.6779350250362859,
          "stddevserv": 0.6779350250362859,
          "rate": 1.4750676142547376,
          "cv": 1.0,
          "lambda": 0.15
        },
        "MS3_2": {
          "meanserv": 1.5342914730574464,
          "stddevserv": 1.5342914730574464,
          "rate": 0.6517666411892771,
          "cv": 1.0,
          "lambda": 0.15
        },
        "MS3_3": {
          "meanserv": 0.3515549232517534,
          "stddevserv": 0.3515549232517534,
          "rate": 2.844505748206763,
          "cv": 1.0,
          "lambda": 0.15
        },
        "MS3_4": {
          "meanserv": 3.852191995195047,
          "stddevserv": 3.852191995195047,
          "rate": 0.2595924609280455,
          "cv": 1.0,
          "lambda": 0.15
        },
        "MS3_5": {
          "meanserv": 2.843264179085546,
          "stddevserv": 2.843264179085546,
          "rate": 0.35170843685781644,
          "cv": 1.0,
          "lambda": 0.15
        },
        "MS3_6": {
          "meanserv": 0.7407624043739212,
          "stddevserv": 0.7407624043739212,
          "rate": 1.349960519183181,
          "cv": 1.0,
          "lambda": 0.15
        }
      },
      "sensors": [
        "S3"
      ],
      "sources": [
        {
          "startTime": 0,
          "stopTime": -1,
          "lambda": 0.15
        }
      ]
    },
    "SC4": {
      "resptime": 34.68002205739254,
      "resptime_old": 24.680022057392545,
      "waittime": 19.832172195170358,
      "servicetime": 10.0,
      "networktime": 4.847849862222186,
      "services": {
        "MS4_1": {
          "meanserv": 1.9767039520451513,
          "stddevserv": 1.9767039520451513,
          "rate": 0.5058926497138699,
          "cv": 1.0,
          "lambda": 0.15
        },
        "MS4_2": {
          "meanserv": 0.38927119639906715,
          "stddevserv": 0.38927119639906715,
          "rate": 2.56890314323394,
          "cv": 1.0,
          "lambda": 0.15
        },
        "MS4_3": {
          "meanserv": 3.1478499897969154,
          "stddevserv": 3.1478499897969154,
          "rate": 0.317677145747506,
          "cv": 1.0,
          "lambda": 0.15
        },
        "MS4_4": {
          "meanserv": 3.2060014270181645,
          "stddevserv": 3.2060014270181645,
          "rate": 0.31191502024067386,
          "cv": 1.0,
          "lambda": 0.15
        },
        "MS4_5": {
          "meanserv": 0.4765974421267085,
          "stddevserv": 0.4765974421267085,
          "rate": 2.0982068127301012,
          "cv": 1.0,
          "lambda": 0.15
        },
        "MS4_6": {
          "meanserv": 0.8035759926139932,
          "stddevserv": 0.8035759926139932,
          "rate": 1.244437376416696,
          "cv": 1.0,
          "lambda": 0.15
        }
      },
      "sensors": [
        "S4"
      ],
      "sources": [
        {
          "startTime": 0,
          "stopTime": -1,
          "lambda": 0.15
        }
      ]
    }
  },
  "microservice": {
    "MS1_1": "F8",
    "MS1_2": "F3",
    "MS1_3": "F6",
    "MS1_4": "F5",
    "MS1_5": "F5",
    "MS1_6": "F5",
    "MS2_1": "F8",
    "MS2_2": "F8",
    "MS2_3": "F8",
    "MS2_4": "F10",
    "MS2_5": "F10",
    "MS2_6": "F1",
    "MS3_1": "F7",
    "MS3_2": "F7",
    "MS3_3": "F10",
    "MS3_4": "F2",
    "MS3_5": "F9",
    "MS3_6": "F9",
    "MS4_1": "F7",
    "MS4_2": "F6",
    "MS4_3": "F6",
    "MS4_4": "F4",
    "MS4_5": "F4",
    "MS4_6": "F5"
  },
  "sensor": {
    "S1": "F8",
    "S2": "F8",
    "S3": "F7",
    "S4": "F7"
  },
  "fog": {
    "F1": {
      "rho": 0.6385571403615353,
      "capacity": 1.0,
      "tserv": 4.2570476024102355,
      "stddev": 4.2570476024102355,
      "mu": 0.23490458491322122,
      "cv": 1.0,
      "lambda": 0.15,
      "twait": 7.520879361393593
    },
    "F2": {
      "rho": 0.577828799279257,
      "capacity": 1.0,
      "tserv": 3.8521919951950467,
      "stddev": 3.852191995195047,
      "mu": 0.25959246092804555,
      "cv": 1.0000000000000002,
      "lambda": 0.15,
      "twait": 5.272523259228923
    },
    "F3": {
      "rho": 0.5548674343211303,
      "capacity": 1.0,
      "tserv": 3.6991162288075348,
      "stddev": 3.6991162288075343,
      "mu": 0.27033484166091337,
      "cv": 0.9999999999999999,
      "lambda": 0.15,
      "twait": 4.611028914507309
    },
    "F4": {
      "rho": 0.552389830371731,
      "capacity": 1.0,
      "tserv": 1.8412994345724365,
      "stddev": 2.6674344723211956,
      "mu": 0.5430947195355043,
      "cv": 1.4486695766246156,
      "lambda": 0.3,
      "twait": 3.5205601831864897
    },
    "F5": {
      "rho": 0.675194534137602,
      "capacity": 1.0,
      "tserv": 1.12532422356267,
      "stddev": 1.3805166202072865,
      "mu": 0.8886327860552887,
      "cv": 1.2267723304104319,
      "lambda": 0.6,
      "twait": 2.9299205957476264
    },
    "F6": {
      "rho": 0.5742398894493654,
      "capacity": 1.0,
      "tserv": 1.2760886432208123,
      "stddev": 2.266076425045847,
      "mu": 0.7836446200759438,
      "cv": 1.7757985991681056,
      "lambda": 0.44999999999999996,
      "twait": 3.5742863056631973
    },
    "F7": {
      "rho": 0.6283395675208325,
      "capacity": 1.0,
      "tserv": 1.3963101500462947,
      "stddev": 1.5909078506343894,
      "mu": 0.716173265636467,
      "cv": 1.1393656707155233,
      "lambda": 0.44999999999999996,
      "twait": 2.712558621723361
    },
    "F8": {
      "rho": 0.6742383988207212,
      "capacity": 1.0,
      "tserv": 1.1237306647012022,
      "stddev": 1.5782003196419367,
      "mu": 0.8898929533669868,
      "cv": 1.4044293434508857,
      "lambda": 0.6,
      "twait": 3.456656808647652
    },
    "F9": {
      "rho": 0.53760398751892,
      "capacity": 1.0,
      "tserv": 1.7920132917297336,
      "stddev": 2.32842618394245,
      "mu": 0.5580315752204907,
      "cv": 1.2993353312100415,
      "lambda": 0.3,
      "twait": 2.800482670303543
    },
    "F10": {
      "rho": 0.5867404182189052,
      "capacity": 1.0,
      "tserv": 1.3038675960420116,
      "stddev": 1.6157919850771747,
      "mu": 0.7669490391781921,
      "cv": 1.239230110466763,
      "lambda": 0.44999999999999996,
      "twait": 2.3470532646949844
    }
  },
  "extra": {
    "deltatime": 0.0184665,
    "obj_func": 34.190428564527174
  },
  "network": [
    [
      0.0,
      1.6231049134674123,
      1.9001357606234266,
      1.40141520132483,
      2.05804350463284,
      1.3285899047244494,
      1.3396176535792876,
      1.6112420444868192,
      1.3904132880735176,
      1.3904132880735176
    ],
    [
      1.6231049134674123,
      0.0,
      1.9917568002166939,
      1.5553924554566176,
      2.1391103039470805,
      0.7305646226201777,
      1.2469527375452496,
      1.3904132880735176,
      1.1292816158219203,
      1.1292816158219203
    ],
    [
      1.9001357606234266,
      1.9917568002166939,
      0.0,
      1.9796068411156298,
      1.6069933501919655,
      1.1391719643168834,
      1.6112420444868192,
      1.1292816158219203,
      2.1113286142850503,
      2.1113286142850503
    ],
    [
      1.40141520132483,
      1.5553924554566176,
      1.9796068411156298,
      0.0,
      1.396903594357848,
      1.3396176535792876,
      1.3904132880735176,
      2.1113286142850503,
      1.7136441302990026,
      1.7136441302990026
    ],
    [
      2.05804350463284,
      2.1391103039470805,
      1.6069933501919655,
      1.396903594357848,
      0.0,
      1.2469527375452496,
      1.1292816158219203,
      1.7136441302990026,
      2.483176066911376,
      2.483176066911376
    ],
    [
      1.3285899047244494,
      0.7305646226201777,
      1.1391719643168834,
      1.3396176535792876,
      1.2469527375452496,
      0.0,
      2.1113286142850503,
      2.483176066911376,
      1.5914460160033808,
      1.5914460160033808
    ],
    [
      1.3396176535792876,
      1.2469527375452496,
      1.6112420444868192,
      1.3904132880735176,
      1.1292816158219203,
      2.1113286142850503,
      0.0,
      1.5914460160033808,
      1.6534691652054714,
      1.6534691652054714
    ],
    [
      1.6112420444868192,
      1.3904132880735176,
      1.1292816158219203,
      2.1113286142850503,
      1.7136441302990026,
      2.483176066911376,
      1.5914460160033808,
      0.0,
      1.6014909573440015,
      1.6014909573440015
    ],
    [
      1.3904132880735176,
      1.1292816158219203,
      2.1113286142850503,
      1.7136441302990026,
      2.483176066911376,
      1.5914460160033808,
      1.6534691652054714,
      1.6014909573440015,
      0.0,
      1.1662715030830917
    ],
    [
      1.3904132880735176,
      1.1292816158219203,
      2.1113286142850503,
      1.7136441302990026,
      2.483176066911376,
      1.5914460160033808,
      1.6534691652054714,
      1.6014909573440015,
      1.1662715030830917,
      0.0
    ]
  ]
}