{
  "servicechain": {
    "SC1": {
      "resptime": 40.405778021060684,
      "resptime_old": 30.405778021060687,
      "waittime": 24.87864437516918,
      "servicetime": 10.0,
      "networktime": 5.527133645891507,
      "services": {
        "MS1_1": {
          "meanserv": 0.6761406445566531,
          "stddevserv": 0.6761406445566531,
          "rate": 1.4789822325437958,
          "cv": 1.0,
          "lambda": 0.3
        },
        "MS1_2": {
          "meanserv": 0.1407475100766542,
          "stddevserv": 0.1407475100766542,
          "rate": 7.104921426001624,
          "cv": 1.0,
          "lambda": 0.3
        },
        "MS1_3": {
          "meanserv": 2.7062956684886803,
          "stddevserv": 2.7062956684886803,
          "rate": 0.36950877601575804,
          "cv": 1.0,
          "lambda": 0.3
        },
        "MS1_4": {
          "meanserv": 1.718752091543485,
          "stddevserv": 1.718752091543485,
          "rate": 0.5818174738056455,
          "cv": 1.0,
          "lambda": 0.3
        },
        "MS1_5": {
          "meanserv": 0.7906175472307835,
          "stddevserv": 0.7906175472307835,
          "rate": 1.264834057253851,
          "cv": 1.0,
          "lambda": 0.3
        },
        "MS1_6": {
          "meanserv": 2.269129283184119,
          "stddevserv": 2.269129283184119,
          "rate": 0.4406976752760275,
          "cv": 1.0,
          "lambda": 0.3
        },
        "MS1_7": {
          "meanserv": 0.10167334330678379,
          "stddevserv": 0.10167334330678379,
          "rate": 9.835419663368919,
          "cv": 1.0,
          "lambda": 0.3
        },
        "MS1_8": {
          "meanserv": 0.7875380496312019,
          "stddevserv": 0.7875380496312019,
          "rate": 1.2697799178951321,
          "cv": 1.0,
          "lambda": 0.3
        },
        "MS1_9": {
          "meanserv": 0.46208040408884266,
          "stddevserv": 0.46208040408884266,
          "rate": 2.164125531295487,
          "cv": 1.0,
          "lambda": 0.3
        },
        "MS1_10": {
          "meanserv": 0.34702545789279604,
          "stddevserv": 0.34702545789279604,
          "rate": 2.8816329674260452,
          "cv": 1.0,
          "lambda": 0.3
        }
      },
      "sensors": [
        "S1"
      ],
      "sources": [
        {
          "startTime": 0,
          "stopTime": -1,
          "lambda": 0.3
        }
      ]
    },
    "SC2": {
      "resptime": 4934.225330387784,
      "resptime_old": 4924.225330387784,
      "waittime": 4919.589149742106,
      "servicetime": 10.0,
      "networktime": 4.636180645678448,
      "services": {
        "MS2_1": {
          "meanserv": 0.42551900240523355,
          "stddevserv": 0.42551900240523355,
          "rate": 2.350071311380995,
          "cv": 1.0,
          "lambda": 0.3
        },
        "MS2_2": {
          "meanserv": 1.2779052556169235,
          "stddevserv": 1.2779052556169235,
          "rate": 0.7825306262765455,
          "cv": 1.0,
          "lambda": 0.3
        },
        "MS2_3": {
          "meanserv": 0.5731589963532624,
          "stddevserv": 0.5731589963532624,
          "rate": 1.744716573171709,
          "cv": 1.0,
          "lambda": 0.3
        },
        "MS2_4": {
          "meanserv": 0.03983496841306167,
          "stddevserv": 0.03983496841306167,
          "rate": 25.10357205836532,
          "cv": 1.0,
          "lambda": 0.3
        },
        "MS2_5": {
          "meanserv": 0.10477610061621068,
          "stddevserv": 0.10477610061621068,
          "rate": 9.544161255465568,
          "cv": 1.0,
          "lambda": 0.3
        },
        "MS2_6": {
          "meanserv": 0.8610815757552293,
          "stddevserv": 0.8610815757552293,
          "rate": 1.1613301551864346,
          "cv": 1.0,
          "lambda": 0.3
        },
        "MS2_7": {
          "meanserv": 0.43819889532165224,
          "stddevserv": 0.43819889532165224,
          "rate": 2.282068737909454,
          "cv": 1.0,
          "lambda": 0.3
        },
        "MS2_8": {
          "meanserv": 1.3042089960717895,
          "stddevserv": 1.3042089960717895,
          "rate": 0.7667482765507282,
          "cv": 1.0,
          "lambda": 0.3
        },
        "MS2_9": {
          "meanserv": 4.0481560258445874,
          "stddevserv": 4.0481560258445874,
          "rate": 0.247026051766709,
          "cv": 1.0,
          "lambda": 0.3
        },
        "MS2_10": {
          "meanserv": 0.9271601836020498,
          "stddevserv": 0.9271601836020498,
          "rate": 1.078562278327101,
          "cv": 1.0,
          "lambda": 0.3
        }
      },
      "sensors": [
        "S2"
      ],
      "sources": [
        {
          "startTime": 0,
          "stopTime": -1,
          "lambda": 0.3
        }
      ]
    },
    "SC3": {
      "resptime": 27.74622809249192,
      "resptime_old": 17.746228092491922,
      "waittime": 11.195632413458732,
      "servicetime": 10.0,
      "networktime": 6.550595679033187,
      "services": {
        "MS3_1": {
          "meanserv": 0.41126158739965724,
          "stddevserv": 0.41126158739965724,
          "rate": 2.43154243099348,
          "cv": 1.0,
          "lambda": 0.3
        },
        "MS3_2": {
          "meanserv": 0.9102335232667003,
          "stddevserv": 0.9102335232667003,
          "rate": 1.098619172375832,
          "cv": 1.0,
          "lambda": 0.3
        },
        "MS3_3": {
          "meanserv": 1.543590872960082,
          "stddevserv": 1.543590872960082,
          "rate": 0.6478400575680655,
          "cv": 1.0,
          "lambda": 0.3
        },
        "MS3_4": {
          "meanserv": 0.3184908456381752,
          "stddevserv": 0.3184908456381752,
          "rate": 3.1398076701270727,
          "cv": 1.0,
          "lambda": 0.3
        },
        "MS3_5": {
          "meanserv": 1.160886699137861,
          "stddevserv": 1.160886699137861,
          "rate": 0.8614105069363406,
          "cv": 1.0,
          "lambda": 0.3
        },
        "MS3_6": {
          "meanserv": 1.8483307969238956,
          "stddevserv": 1.8483307969238956,
          "rate": 0.5410286955474966,
          "cv": 1.0,
          "lambda": 0.3
        },
        "MS3_7": {
          "meanserv": 0.9180842564673668,
          "stddevserv": 0.9180842564673668,
          "rate": 1.0892246468181812,
          "cv": 1.0,
          "lambda": 0.3
        },
        "MS3_8": {
          "meanserv": 1.485999376338473,
          "stddevserv": 1.485999376338473,
          "rate": 0.6729477925246622,
          "cv": 1.0,
          "lambda": 0.3
        },
        "MS3_9": {
          "meanserv": 1.111434499537859,
          "stddevserv": 1.111434499537859,
          "rate": 0.8997381315910257,
          "cv": 1.0,
          "lambda": 0.3
        },
        "MS3_10": {
          "meanserv": 0.2916875423299299,
          "stddevserv": 0.2916875423299299,
          "rate": 3.428326050582211,
          "cv": 1.0,
          "lambda": 0.3
        }
      },
      "sensors": [
        "S3"
      ],
      "sources": [
        {
          "startTime": 0,
          "stopTime": -1,
          "lambda": 0.3
        }
      ]
    },
    "SC4": {
      "resptime": 3575.490233332187,
      "resptime_old": 3565.4902333321866,
      "waittime": 3558.5618528686223,
      "servicetime": 10.0,
      "networktime": 6.928380463564825,
      "services": {
        "MS4_1": {
          "meanserv": 0.9611207544727773,
          "stddevserv": 0.9611207544727773,
          "rate": 1.0404519883129044,
          "cv": 1.0,
          "lambda": 0.3
        },
        "MS4_2": {
          "meanserv": 0.3685158778203179,
          "stddevserv": 0.3685158778203179,
          "rate": 2.7135872839855844,
          "cv": 1.0,
          "lambda": 0.3
        },
        "MS4_3": {
          "meanserv": 3.4413529755870735,
          "stddevserv": 3.4413529755870735,
          "rate": 0.2905833859804533,
          "cv": 1.0,
          "lambda": 0.3
        },
        "MS4_4": {
          "meanserv": 0.28669012353427004,
          "stddevserv": 0.28669012353427004,
          "rate": 3.4880866758581,
          "cv": 1.0,
          "lambda": 0.3
        },
        "MS4_5": {
          "meanserv": 0.03960217253203169,
          "stddevserv": 0.03960217253203169,
          "rate": 25.251139926506895,
          "cv": 1.0,
          "lambda": 0.3
        },
        "MS4_6": {
          "meanserv": 0.017296076281453132,
          "stddevserv": 0.017296076281453132,
          "rate": 57.816581271228344,
          "cv": 1.0,
          "lambda": 0.3
        },
        "MS4_7": {
          "meanserv": 1.0094622643472348,
          "stddevserv": 1.0094622643472348,
          "rate": 0.9906264308420151,
          "cv": 1.0,
          "lambda": 0.3
        },
        "MS4_8": {
          "meanserv": 1.7996920429472576,
          "stddevserv": 1.7996920429472576,
          "rate": 0.5556506202929888,
          "cv": 1.0,
          "lambda": 0.3
        },
        "MS4_9": {
          "meanserv": 0.852012138373798,
          "stddevserv": 0.852012138373798,
          "rate": 1.173692198691747,
          "cv": 1.0,
          "lambda": 0.3
        },
        "MS4_10": {
          "meanserv": 1.2242555741037862,
          "stddevserv": 1.2242555741037862,
          "rate": 0.8168229094909761,
          "cv": 1.0,
          "lambda": 0.3
        }
      },
      "sensors": [
        "S4"
      ],
      "sources": [
        {
          "startTime": 0,
          "stopTime": -1,
          "lambda": 0.3
        }
      ]
    }
  },
  "microservice": {
    "MS1_1": "F15",
    "MS1_2": "F15",
    "MS1_3": "F13",
    "MS1_4": "F5",
    "MS1_5": "F8",
    "MS1_6": "F19",
    "MS1_7": "F14",
    "MS1_8": "F14",
    "MS1_9": "F6",
    "MS1_10": "F6",
    "MS2_1": "F3",
    "MS2_2": "F3",
    "MS2_3": "F14",
    "MS2_4": "F14",
    "MS2_5": "F14",
    "MS2_6": "F15",
    "MS2_7": "F10",
    "MS2_8": "F10",
    "MS2_9": "F9",
    "MS2_10": "F2",
    "MS3_1": "F17",
    "MS3_2": "F17",
    "MS3_3": "F7",
    "MS3_4": "F17",
    "MS3_5": "F20",
    "MS3_6": "F4",
    "MS3_7": "F2",
    "MS3_8": "F18",
    "MS3_9": "F16",
    "MS3_10": "F16",
    "MS4_1": "F11",
    "MS4_2": "F11",
    "MS4_3": "F12",
    "MS4_4": "F16",
    "MS4_5": "F14",
    "MS4_6": "F14",
    "MS4_7": "F8",
    "MS4_8": "F1",
    "MS4_9": "F20",
    "MS4_10": "F6"
  },
  "sensor": {
    "S1": "F15",
    "S2": "F3",
    "S3": "F17",
    "S4": "F11"
  },
  "fog": {
    "F1": {
      "rho": 0.5399076128841771,
      "capacity": 1.0,
      "tserv": 1.7996920429472574,
      "stddev": 1.7996920429472576,
      "mu": 0.555650620292989,
      "cv": 1.0000000000000002,
      "lambda": 0.3,
      "twait": 2.111896353959223
    },
    "F2": {
      "rho": 0.5535733320208249,
      "capacity": 1.0,
      "tserv": 0.9226222200347083,
      "stddev": 0.9226445399656635,
      "mu": 1.0838672408760985,
      "cv": 1.000024191841981,
      "lambda": 0.6,
      "twait": 1.1440880418749821
    },
    "F3": {
      "rho": 0.5110272774066471,
      "capacity": 1.0,
      "tserv": 0.8517121290110785,
      "stddev": 1.0434053445505806,
      "mu": 1.1741056231770448,
      "cv": 1.2250680822898188,
      "lambda": 0.6,
      "twait": 1.1130119411077928
    },
    "F4": {
      "rho": 0.5544992390771687,
      "capacity": 1.0,
      "tserv": 1.8483307969238958,
      "stddev": 1.8483307969238951,
      "mu": 0.5410286955474966,
      "cv": 0.9999999999999997,
      "lambda": 0.3,
      "twait": 2.3005527944198665
    },
    "F5": {
      "rho": 0.5156256274630454,
      "capacity": 1.0,
      "tserv": 1.718752091543485,
      "stddev": 1.718752091543485,
      "mu": 0.5818174738056455,
      "cv": 1.0,
      "lambda": 0.3,
      "twait": 1.8296439198750494
    },
    "F6": {
      "rho": 0.6100084308256275,
      "capacity": 1.0,
      "tserv": 0.6777871453618084,
      "stddev": 0.8731756437915724,
      "mu": 1.4753894446702611,
      "cv": 1.2882741281932457,
      "lambda": 0.8999999999999999,
      "twait": 1.4098356148104438
    },
    "F7": {
      "rho": 0.46307726188802456,
      "capacity": 1.0,
      "tserv": 1.543590872960082,
      "stddev": 1.543590872960082,
      "mu": 0.6478400575680655,
      "cv": 1.0,
      "lambda": 0.3,
      "twait": 1.3312936558418358
    },
    "F8": {
      "rho": 0.5400239434734055,
      "capacity": 1.0,
      "tserv": 0.9000399057890093,
      "stddev": 0.9132460441291701,
      "mu": 1.1110618468892908,
      "cv": 1.0146728364544946,
      "lambda": 0.6,
      "twait": 1.072288532719666
    },
    "F9": {
      "rho": 1.214446807753376,
      "capacity": 1.0,
      "tserv": 4.0481560258445874,
      "stddev": 4.0481560258445874,
      "mu": 0.247026051766709,
      "cv": 1.0,
      "lambda": 0.3,
      "twait": 4911.353892711674
    },
    "F10": {
      "rho": 0.5227223674180326,
      "capacity": 1.0,
      "tserv": 0.871203945696721,
      "stddev": 1.0648864081666956,
      "mu": 1.1478368583377776,
      "cv": 1.22231586923666,
      "lambda": 0.6,
      "twait": 1.1898605223054959
    },
    "F11": {
      "rho": 0.3988909896879286,
      "capacity": 1.0,
      "tserv": 0.6648183161465476,
      "stddev": 0.7858585517763801,
      "mu": 1.5041703510761388,
      "cv": 1.1820651337216637,
      "lambda": 0.6,
      "twait": 0.5288011186193605
    },
    "F12": {
      "rho": 1.032405892676122,
      "capacity": 1.0,
      "tserv": 3.441352975587073,
      "stddev": 3.441352975587074,
      "mu": 0.2905833859804533,
      "cv": 1.0000000000000002,
      "lambda": 0.3,
      "twait": 3549.3202176838226
    },
    "F13": {
      "rho": 0.8118887005466041,
      "capacity": 1.0,
      "tserv": 2.7062956684886803,
      "stddev": 2.70629566848868,
      "mu": 0.36950877601575804,
      "cv": 0.9999999999999999,
      "lambda": 0.3,
      "twait": 11.680376883093782
    },
    "F14": {
      "rho": 0.49916391214020156,
      "capacity": 1.0,
      "tserv": 0.2376971010191436,
      "stddev": 0.47078886208891274,
      "mu": 4.207034901613976,
      "cv": 1.9806251740991845,
      "lambda": 2.1,
      "twait": 0.5831232509080436
    },
    "F15": {
      "rho": 0.503390919116561,
      "capacity": 1.0,
      "tserv": 0.5593232434628456,
      "stddev": 0.7067171885569108,
      "mu": 1.7878749215013223,
      "cv": 1.2635219380148222,
      "lambda": 0.8999999999999999,
      "twait": 0.7360543090060954
    },
    "F16": {
      "rho": 0.5069436496206177,
      "capacity": 1.0,
      "tserv": 0.5632707218006864,
      "stddev": 0.7859807618463027,
      "mu": 1.7753452492669244,
      "cv": 1.3953872115590316,
      "lambda": 0.8999999999999999,
      "twait": 0.8533869373954972
    },
    "F17": {
      "rho": 0.49199578689135975,
      "capacity": 1.0,
      "tserv": 0.5466619854348442,
      "stddev": 0.6587050879946037,
      "mu": 1.8292839572602555,
      "cv": 1.2049586500342335,
      "lambda": 0.8999999999999999,
      "twait": 0.6490679903097183
    },
    "F18": {
      "rho": 0.4457998129015418,
      "capacity": 1.0,
      "tserv": 1.485999376338473,
      "stddev": 1.485999376338473,
      "mu": 0.6729477925246622,
      "cv": 1.0,
      "lambda": 0.3,
      "twait": 1.1953410687423818
    },
    "F19": {
      "rho": 0.6807387849552358,
      "capacity": 1.0,
      "tserv": 2.269129283184119,
      "stddev": 2.269129283184119,
      "mu": 0.4406976752760275,
      "cv": 1.0,
      "lambda": 0.3,
      "twait": 4.838308690031512
    },
    "F20": {
      "rho": 0.6038696512534977,
      "capacity": 1.0,
      "tserv": 1.0064494187558295,
      "stddev": 1.0298748368891937,
      "mu": 0.9935919097019279,
      "cv": 1.0232753059386954,
      "lambda": 0.6,
      "twait": 1.5703790068595187
    }
  },
  "extra": {
    "conv_gen": 8,
    "max_gen": 600,
    "population": 600,
    "deltatime": 75.4741019,
    "obj_func": 2144.466892458381
  },
  "network": [
    [
      0.0,
      0.8875360377106056,
      0.8487490982281564,
      1.2803603623482285,
      0.7992505915964901,
      1.0122193334421203,
      1.1991330072664395,
      1.0675583507193018,
      0.806994025885894,
      0.848047824876044,
      1.1515990035291426,
      0.5658637010413895,
      0.8022442901691171,
      0.9491028574998043,
      0.7487381217022668,
      0.8336629888456197,
      0.9851462609465498,
      1.1426517141613803,
      1.3342800488340494,
      1.3342800488340494
    ],
    [
      0.8875360377106056,
      0.0,
      0.7996539434280416,
      0.799738203036042,
      1.0584406991550142,
      0.9610697116357795,
      0.875940646774483,
      1.095093406583316,
      1.2000129634215912,
      1.1801381923103997,
      1.0079466885743864,
      0.8910460372858889,
      0.880606818666269,
      0.8765517532426866,
      1.343484134775936,
      1.3110628146560903,
      1.0722986701700423,
      1.3342800488340494,
      0.7935152397652158,
      0.7935152397652158
    ],
    [
      0.8487490982281564,
      0.7996539434280416,
      0.0,
      0.8055874041705349,
      1.1246119185812855,
      1.0423116879926602,
      0.9837224827606343,
      1.1032886539522553,
      0.9430428483599453,
      1.2526669598161833,
      1.242506728602764,
      0.8306393527709576,
      0.9315369267737618,
      0.6967744015384066,
      0.8897268191174854,
      1.2247319741032199,
      1.1426517141613803,
      0.7935152397652158,
      0.8744294716827388,
      0.8744294716827388
    ],
    [
      1.2803603623482285,
      0.799738203036042,
      0.8055874041705349,
      0.0,
      1.0885509968907008,
      0.9712376961484437,
      0.8166928874032613,
      1.0652727932289585,
      0.6987472489828699,
      0.8571227578126053,
      0.8322919982493644,
      1.0073238085424931,
      1.1135070496364454,
      1.109808364309274,
      0.9483024320760989,
      0.9851462609465498,
      1.3342800488340494,
      0.8744294716827388,
      0.7738868441617476,
      0.7738868441617476
    ],
    [
      0.7992505915964901,
      1.0584406991550142,
      1.1246119185812855,
      1.0885509968907008,
      0.0,
      1.1325638430026237,
      1.0560284797264397,
      1.0246413640309802,
      0.5938675507398916,
      1.0802777085038857,
      1.0614082616630833,
      0.8812353488687001,
      0.9867398754853716,
      1.1066739630505464,
      0.8336629888456197,
      1.0722986701700423,
      0.7935152397652158,
      0.7738868441617476,
      1.2482627524855625,
      1.2482627524855625
    ],
    [
      1.0122193334421203,
      0.9610697116357795,
      1.0423116879926602,
      0.9712376961484437,
      1.1325638430026237,
      0.0,
      0.8357005714408342,
      1.2772524828059921,
      1.344435867086522,
      1.3190703112874533,
      1.1019476443718024,
      1.1150557021613143,
      1.1104851333786747,
      0.7487381217022668,
      1.3110628146560903,
      1.1426517141613803,
      0.8744294716827388,
      1.2482627524855625,
      0.9073220730444537,
      0.9073220730444537
    ],
    [
      1.1991330072664395,
      0.875940646774483,
      0.9837224827606343,
      0.8166928874032613,
      1.0560284797264397,
      0.8357005714408342,
      0.0,
      1.4201206817479888,
      1.2712055486141522,
      0.7990962754526266,
      0.9313340827430344,
      0.9834437295582747,
      0.9491028574998043,
      1.343484134775936,
      1.2247319741032199,
      1.3342800488340494,
      0.7738868441617476,
      0.9073220730444537,
      0.911695946543001,
      0.911695946543001
    ],
    [
      1.0675583507193018,
      1.095093406583316,
      1.1032886539522553,
      1.0652727932289585,
      1.0246413640309802,
      1.2772524828059921,
      1.4201206817479888,
      0.0,
      1.0230427114146294,
      1.173785323757586,
      1.283517795432367,
      0.8022442901691171,
      0.8765517532426866,
      0.8897268191174854,
      0.9851462609465498,
      0.7935152397652158,
      1.2482627524855625,
      0.911695946543001,
      0.7086640491686357,
      0.7086640491686357
    ],
    [
      0.806994025885894,
      1.2000129634215912,
      0.9430428483599453,
      0.6987472489828699,
      0.5938675507398916,
      1.344435867086522,
      1.2712055486141522,
      1.0230427114146294,
      0.0,
      0.8228547223953222,
      0.5658637010413895,
      0.880606818666269,
      0.6967744015384066,
      0.9483024320760989,
      1.0722986701700423,
      0.8744294716827388,
      0.9073220730444537,
      0.7086640491686357,
      1.3226909803535178,
      1.3226909803535178
    ],
    [
      0.848047824876044,
      1.1801381923103997,
      1.2526669598161833,
      0.8571227578126053,
      1.0802777085038857,
      1.3190703112874533,
      0.7990962754526266,
      1.173785323757586,
      0.8228547223953222,
      0.0,
      0.8910460372858889,
      0.9315369267737618,
      1.109808364309274,
      0.8336629888456197,
      1.1426517141613803,
      0.7738868441617476,
      0.911695946543001,
      1.3226909803535178,
      0.8790567093779258,
      0.8790567093779258
    ],
    [
      1.1515990035291426,
      1.0079466885743864,
      1.242506728602764,
      0.8322919982493644,
      1.0614082616630833,
      1.1019476443718024,
      0.9313340827430344,
      1.283517795432367,
      0.5658637010413895,
      0.8910460372858889,
      0.0,
      1.1135070496364454,
      1.1066739630505464,
      1.3110628146560903,
      1.3342800488340494,
      1.2482627524855625,
      0.7086640491686357,
      0.8790567093779258,
      1.2357052203083485,
      1.2357052203083485
    ],
    [
      0.5658637010413895,
      0.8910460372858889,
      0.8306393527709576,
      1.0073238085424931,
      0.8812353488687001,
      1.1150557021613143,
      0.9834437295582747,
      0.8022442901691171,
      0.880606818666269,
      0.9315369267737618,
      1.1135070496364454,
      0.0,
      0.7487381217022668,
      1.2247319741032199,
      0.7935152397652158,
      0.9073220730444537,
      1.3226909803535178,
      1.2357052203083485,
      1.13400803276225,
      1.13400803276225
    ],
    [
      0.8022442901691171,
      0.880606818666269,
      0.9315369267737618,
      1.1135070496364454,
      0.9867398754853716,
      1.1104851333786747,
      0.9491028574998043,
      0.8765517532426866,
      0.6967744015384066,
      1.109808364309274,
      1.1066739630505464,
      0.7487381217022668,
      0.0,
      0.9851462609465498,
      0.8744294716827388,
      0.911695946543001,
      0.8790567093779258,
      1.13400803276225,
      1.3043644278641926,
      1.3043644278641926
    ],
    [
      0.9491028574998043,
      0.8765517532426866,
      0.6967744015384066,
      1.109808364309274,
      1.1066739630505464,
      0.7487381217022668,
      1.343484134775936,
      0.8897268191174854,
      0.9483024320760989,
      0.8336629888456197,
      1.3110628146560903,
      1.2247319741032199,
      0.9851462609465498,
      0.0,
      0.7738868441617476,
      0.7086640491686357,
      1.2357052203083485,
      1.3043644278641926,
      1.1839207638215128,
      1.1839207638215128
    ],
    [
      0.7487381217022668,
      1.343484134775936,
      0.8897268191174854,
      0.9483024320760989,
      0.8336629888456197,
      1.3110628146560903,
      1.2247319741032199,
      0.9851462609465498,
      1.0722986701700423,
      1.1426517141613803,
      1.3342800488340494,
      0.7935152397652158,
      0.8744294716827388,
      0.7738868441617476,
      0.0,
      1.3226909803535178,
      1.13400803276225,
      1.1839207638215128,
      1.0442477357040405,
      1.0442477357040405
    ],
    [
      0.8336629888456197,
      1.3110628146560903,
      1.2247319741032199,
      0.9851462609465498,
      1.0722986701700423,
      1.1426517141613803,
      1.3342800488340494,
      0.7935152397652158,
      0.8744294716827388,
      0.7738868441617476,
      1.2482627524855625,
      0.9073220730444537,
      0.911695946543001,
      0.7086640491686357,
      1.3226909803535178,
      0.0,
      1.3043644278641926,
      1.0442477357040405,
      1.1950033078108155,
      1.1950033078108155
    ],
    [
      0.9851462609465498,
      1.0722986701700423,
      1.1426517141613803,
      1.3342800488340494,
      0.7935152397652158,
      0.8744294716827388,
      0.7738868441617476,
      1.2482627524855625,
      0.9073220730444537,
      0.911695946543001,
      0.7086640491686357,
      1.3226909803535178,
      0.8790567093779258,
      1.2357052203083485,
      1.13400803276225,
      1.3043644278641926,
      0.0,
      1.1950033078108155,
      1.050669158973813,
      1.050669158973813
    ],
    [
      1.1426517141613803,
      1.3342800488340494,
      0.7935152397652158,
      0.8744294716827388,
      0.7738868441617476,
      1.2482627524855625,
      0.9073220730444537,
      0.911695946543001,
      0.7086640491686357,
      1.3226909803535178,
      0.8790567093779258,
      1.2357052203083485,
      1.13400803276225,
      1.3043644278641926,
      1.1839207638215128,
      1.0442477357040405,
      1.1950033078108155,
      0.0,
      0.9427537021459181,
      0.9427537021459181
    ],
    [
      1.3342800488340494,
      0.7935152397652158,
      0.8744294716827388,
      0.7738868441617476,
      1.2482627524855625,
      0.9073220730444537,
      0.911695946543001,
      0.7086640491686357,
      1.3226909803535178,
      0.8790567093779258,
      1.2357052203083485,
      1.13400803276225,
      1.3043644278641926,
      1.1839207638215128,
      1.0442477357040405,
      1.1950033078108155,
      1.050669158973813,
      0.9427537021459181,
      0.0,
      0.8606740663386282
    ],
    [
      1.3342800488340494,
      0.7935152397652158,
      0.8744294716827388,
      0.7738868441617476,
      1.2482627524855625,
      0.9073220730444537,
      0.911695946543001,
      0.7086640491686357,
      1.3226909803535178,
      0.8790567093779258,
      1.2357052203083485,
      1.13400803276225,
      1.3043644278641926,
      1.1839207638215128,
      1.0442477357040405,
      1.1950033078108155,
      1.050669158973813,
      0.9427537021459181,
      0.8606740663386282,
      0.0
    ]
  ]
}