{
  "servicechain": {
    "SC1": {
      "resptime": 36.690411926703554,
      "resptime_old": 26.690411926703558,
      "waittime": 21.453174609683458,
      "servicetime": 10.0,
      "networktime": 5.237237317020095,
      "services": {
        "MS1_1": {
          "meanserv": 0.12656227806513654,
          "stddevserv": 0.12656227806513654,
          "rate": 7.901248423209798,
          "cv": 1.0,
          "lambda": 0.3
        },
        "MS1_2": {
          "meanserv": 1.3641618700538927,
          "stddevserv": 1.3641618700538927,
          "rate": 0.733050836526089,
          "cv": 1.0,
          "lambda": 0.3
        },
        "MS1_3": {
          "meanserv": 0.5054093440893881,
          "stddevserv": 0.5054093440893881,
          "rate": 1.9785942062502455,
          "cv": 1.0,
          "lambda": 0.3
        },
        "MS1_4": {
          "meanserv": 0.07128451930395241,
          "stddevserv": 0.07128451930395241,
          "rate": 14.02829127227564,
          "cv": 1.0,
          "lambda": 0.3
        },
        "MS1_5": {
          "meanserv": 1.4118267486399239,
          "stddevserv": 1.4118267486399239,
          "rate": 0.7083022056093957,
          "cv": 1.0,
          "lambda": 0.3
        },
        "MS1_6": {
          "meanserv": 0.4801774331254274,
          "stddevserv": 0.4801774331254274,
          "rate": 2.0825635088494248,
          "cv": 1.0,
          "lambda": 0.3
        },
        "MS1_7": {
          "meanserv": 0.9686738465693594,
          "stddevserv": 0.9686738465693594,
          "rate": 1.0323392166946437,
          "cv": 1.0,
          "lambda": 0.3
        },
        "MS1_8": {
          "meanserv": 2.7203433860146413,
          "stddevserv": 2.7203433860146413,
          "rate": 0.3676006511314075,
          "cv": 1.0,
          "lambda": 0.3
        },
        "MS1_9": {
          "meanserv": 1.0985779332614465,
          "stddevserv": 1.0985779332614465,
          "rate": 0.9102676921893111,
          "cv": 1.0,
          "lambda": 0.3
        },
        "MS1_10": {
          "meanserv": 1.2529826408768319,
          "stddevserv": 1.2529826408768319,
          "rate": 0.7980956538234275,
          "cv": 1.0,
          "lambda": 0.3
        }
      },
      "sensors": [
        "S1"
      ],
      "sources": [
        {
          "startTime": 0,
          "stopTime": -1,
          "lambda": 0.3
        }
      ]
    },
    "SC2": {
      "resptime": 32.02896303384755,
      "resptime_old": 22.028963033847557,
      "waittime": 16.763087830837417,
      "servicetime": 10.0,
      "networktime": 5.265875203010138,
      "services": {
        "MS2_1": {
          "meanserv": 1.4743318661214289,
          "stddevserv": 1.4743318661214289,
          "rate": 0.6782733406086727,
          "cv": 1.0,
          "lambda": 0.3
        },
        "MS2_2": {
          "meanserv": 0.35331886857166483,
          "stddevserv": 0.35331886857166483,
          "rate": 2.8303045462661633,
          "cv": 1.0,
          "lambda": 0.3
        },
        "MS2_3": {
          "meanserv": 1.4631239733680048,
          "stddevserv": 1.4631239733680048,
          "rate": 0.6834690827312964,
          "cv": 1.0,
          "lambda": 0.3
        },
        "MS2_4": {
          "meanserv": 1.1545417978839616,
          "stddevserv": 1.1545417978839616,
          "rate": 0.8661444755250914,
          "cv": 1.0,
          "lambda": 0.3
        },
        "MS2_5": {
          "meanserv": 0.960476012505568,
          "stddevserv": 0.960476012505568,
          "rate": 1.041150416022704,
          "cv": 1.0,
          "lambda": 0.3
        },
        "MS2_6": {
          "meanserv": 2.1811700680150397,
          "stddevserv": 2.1811700680150397,
          "rate": 0.4584695226952403,
          "cv": 1.0,
          "lambda": 0.3
        },
        "MS2_7": {
          "meanserv": 0.8413992842218727,
          "stddevserv": 0.8413992842218727,
          "rate": 1.1884963759207396,
          "cv": 1.0,
          "lambda": 0.3
        },
        "MS2_8": {
          "meanserv": 1.0236328190741322,
          "stddevserv": 1.0236328190741322,
          "rate": 0.9769127966261302,
          "cv": 1.0,
          "lambda": 0.3
        },
        "MS2_9": {
          "meanserv": 0.04387804047712507,
          "stddevserv": 0.04387804047712507,
          "rate": 22.79044344565318,
          "cv": 1.0,
          "lambda": 0.3
        },
        "MS2_10": {
          "meanserv": 0.5041272697612023,
          "stddevserv": 0.5041272697612023,
          "rate": 1.9836260801239445,
          "cv": 1.0,
          "lambda": 0.3
        }
      },
      "sensors": [
        "S2"
      ],
      "sources": [
        {
          "startTime": 0,
          "stopTime": -1,
          "lambda": 0.3
        }
      ]
    },
    "SC3": {
      "resptime": 30.651300923644676,
      "resptime_old": 20.651300923644673,
      "waittime": 15.311891089956037,
      "servicetime": 10.0,
      "networktime": 5.33940983368864,
      "services": {
        "MS3_1": {
          "meanserv": 0.10837378265860509,
          "stddevserv": 0.10837378265860509,
          "rate": 9.227323947436266,
          "cv": 1.0,
          "lambda": 0.3
        },
        "MS3_2": {
          "meanserv": 0.9539687111886597,
          "stddevserv": 0.9539687111886597,
          "rate": 1.048252409404481,
          "cv": 1.0,
          "lambda": 0.3
        },
        "MS3_3": {
          "meanserv": 1.5355440048069269,
          "stddevserv": 1.5355440048069269,
          "rate": 0.6512350000192512,
          "cv": 1.0,
          "lambda": 0.3
        },
        "MS3_4": {
          "meanserv": 0.7011079456168998,
          "stddevserv": 0.7011079456168998,
          "rate": 1.4263138882559763,
          "cv": 1.0,
          "lambda": 0.3
        },
        "MS3_5": {
          "meanserv": 2.040315922040815,
          "stddevserv": 2.040315922040815,
          "rate": 0.49012017658508267,
          "cv": 1.0,
          "lambda": 0.3
        },
        "MS3_6": {
          "meanserv": 0.3126038114023153,
          "stddevserv": 0.3126038114023153,
          "rate": 3.1989373242574404,
          "cv": 1.0,
          "lambda": 0.3
        },
        "MS3_7": {
          "meanserv": 0.9509662661234737,
          "stddevserv": 0.9509662661234737,
          "rate": 1.0515620118433935,
          "cv": 1.0,
          "lambda": 0.3
        },
        "MS3_8": {
          "meanserv": 0.6939942704133601,
          "stddevserv": 0.6939942704133601,
          "rate": 1.4409340863929254,
          "cv": 1.0,
          "lambda": 0.3
        },
        "MS3_9": {
          "meanserv": 2.2217799087144456,
          "stddevserv": 2.2217799087144456,
          "rate": 0.45008958631668183,
          "cv": 1.0,
          "lambda": 0.3
        },
        "MS3_10": {
          "meanserv": 0.48134537703449887,
          "stddevserv": 0.48134537703449887,
          "rate": 2.077510344362003,
          "cv": 1.0,
          "lambda": 0.3
        }
      },
      "sensors": [
        "S3"
      ],
      "sources": [
        {
          "startTime": 0,
          "stopTime": -1,
          "lambda": 0.3
        }
      ]
    },
    "SC4": {
      "resptime": 6093.878816645235,
      "resptime_old": 6083.878816645235,
      "waittime": 6081.466540858745,
      "servicetime": 10.0,
      "networktime": 2.4122757864898956,
      "services": {
        "MS4_1": {
          "meanserv": 0.3996250598279605,
          "stddevserv": 0.3996250598279605,
          "rate": 2.5023455747007017,
          "cv": 1.0,
          "lambda": 0.3
        },
        "MS4_2": {
          "meanserv": 0.5207352745435989,
          "stddevserv": 0.5207352745435989,
          "rate": 1.9203615519929107,
          "cv": 1.0,
          "lambda": 0.3
        },
        "MS4_3": {
          "meanserv": 1.1395201976831535,
          "stddevserv": 1.1395201976831535,
          "rate": 0.877562330209835,
          "cv": 1.0,
          "lambda": 0.3
        },
        "MS4_4": {
          "meanserv": 1.1097664381085375,
          "stddevserv": 1.1097664381085375,
          "rate": 0.9010905048672935,
          "cv": 1.0,
          "lambda": 0.3
        },
        "MS4_5": {
          "meanserv": 0.49155138874148774,
          "stddevserv": 0.49155138874148774,
          "rate": 2.0343752919919242,
          "cv": 1.0,
          "lambda": 0.3
        },
        "MS4_6": {
          "meanserv": 0.096476693817801,
          "stddevserv": 0.096476693817801,
          "rate": 10.365197649584973,
          "cv": 1.0,
          "lambda": 0.3
        },
        "MS4_7": {
          "meanserv": 0.464264779865049,
          "stddevserv": 0.464264779865049,
          "rate": 2.1539432741175775,
          "cv": 1.0,
          "lambda": 0.3
        },
        "MS4_8": {
          "meanserv": 0.416857118564967,
          "stddevserv": 0.416857118564967,
          "rate": 2.398903498259801,
          "cv": 1.0,
          "lambda": 0.3
        },
        "MS4_9": {
          "meanserv": 0.8598227647467578,
          "stddevserv": 0.8598227647467578,
          "rate": 1.1630303837030047,
          "cv": 1.0,
          "lambda": 0.3
        },
        "MS4_10": {
          "meanserv": 4.501380284100687,
          "stddevserv": 4.501380284100687,
          "rate": 0.22215408094537073,
          "cv": 1.0,
          "lambda": 0.3
        }
      },
      "sensors": [
        "S4"
      ],
      "sources": [
        {
          "startTime": 0,
          "stopTime": -1,
          "lambda": 0.3
        }
      ]
    }
  },
  "microservice": {
    "MS1_1": "F9",
    "MS1_2": "F9",
    "MS1_3": "F3",
    "MS1_4": "F3",
    "MS1_5": "F17",
    "MS1_6": "F17",
    "MS1_7": "F12",
    "MS1_8": "F7",
    "MS1_9": "F5",
    "MS1_10": "F11",
    "MS2_1": "F6",
    "MS2_2": "F20",
    "MS2_3": "F20",
    "MS2_4": "F13",
    "MS2_5": "F13",
    "MS2_6": "F4",
    "MS2_7": "F16",
    "MS2_8": "F16",
    "MS2_9": "F11",
    "MS2_10": "F11",
    "MS3_1": "F3",
    "MS3_2": "F3",
    "MS3_3": "F8",
    "MS3_4": "F18",
    "MS3_5": "F1",
    "MS3_6": "F18",
    "MS3_7": "F18",
    "MS3_8": "F12",
    "MS3_9": "F19",
    "MS3_10": "F5",
    "MS4_1": "F10",
    "MS4_2": "F10",
    "MS4_3": "F10",
    "MS4_4": "F15",
    "MS4_5": "F15",
    "MS4_6": "F2",
    "MS4_7": "F2",
    "MS4_8": "F2",
    "MS4_9": "F2",
    "MS4_10": "F14"
  },
  "sensor": {
    "S1": "F9",
    "S2": "F6",
    "S3": "F3",
    "S4": "F10"
  },
  "fog": {
    "F1": {
      "rho": 0.6120947766122444,
      "capacity": 1.0,
      "tserv": 2.040315922040815,
      "stddev": 2.040315922040815,
      "mu": 0.49012017658508267,
      "cv": 1.0,
      "lambda": 0.3,
      "twait": 3.2195150857032755
    },
    "F2": {
      "rho": 0.5512264070983723,
      "capacity": 1.0,
      "tserv": 0.45935533924864363,
      "stddev": 0.5982891971930165,
      "mu": 2.1769639199920388,
      "cv": 1.302453996010199,
      "lambda": 1.2,
      "twait": 0.7606828478860399
    },
    "F3": {
      "rho": 0.4917109071721816,
      "capacity": 1.0,
      "tserv": 0.4097590893101513,
      "stddev": 0.6505829093725791,
      "mu": 2.4404583719754624,
      "cv": 1.5877205078424643,
      "lambda": 1.2,
      "twait": 0.6978241023640004
    },
    "F4": {
      "rho": 0.6543510204045119,
      "capacity": 1.0,
      "tserv": 2.1811700680150397,
      "stddev": 2.1811700680150397,
      "mu": 0.4584695226952403,
      "cv": 1.0,
      "lambda": 0.3,
      "twait": 4.12919159012628
    },
    "F5": {
      "rho": 0.47397699308878355,
      "capacity": 1.0,
      "tserv": 0.7899616551479727,
      "stddev": 0.9025117344596415,
      "mu": 1.2658842280296299,
      "cv": 1.1424753702641255,
      "lambda": 0.6,
      "twait": 0.8204395027635816
    },
    "F6": {
      "rho": 0.44229955983642866,
      "capacity": 1.0,
      "tserv": 1.4743318661214289,
      "stddev": 1.4743318661214289,
      "mu": 0.6782733406086727,
      "cv": 1.0,
      "lambda": 0.3,
      "twait": 1.1692591371221999
    },
    "F7": {
      "rho": 0.8161030158043924,
      "capacity": 1.0,
      "tserv": 2.7203433860146413,
      "stddev": 2.7203433860146418,
      "mu": 0.3676006511314075,
      "cv": 1.0000000000000002,
      "lambda": 0.3,
      "twait": 12.072413536638672
    },
    "F8": {
      "rho": 0.460663201442078,
      "capacity": 1.0,
      "tserv": 1.5355440048069269,
      "stddev": 1.5355440048069269,
      "mu": 0.6512350000192512,
      "cv": 1.0,
      "lambda": 0.3,
      "twait": 1.311552668204561
    },
    "F9": {
      "rho": 0.4472172444357087,
      "capacity": 1.0,
      "tserv": 0.7453620740595146,
      "stddev": 1.1495177234352105,
      "mu": 1.3416298397819386,
      "cv": 1.5422272791188802,
      "lambda": 0.6,
      "twait": 1.0186401071910813
    },
    "F10": {
      "rho": 0.6179641596164138,
      "capacity": 1.0,
      "tserv": 0.6866268440182376,
      "stddev": 0.825504718797207,
      "mu": 1.4563951420073504,
      "cv": 1.2022610621603962,
      "lambda": 0.8999999999999999,
      "twait": 1.3580178973166195
    },
    "F11": {
      "rho": 0.5402963853345477,
      "capacity": 1.0,
      "tserv": 0.6003293170383864,
      "stddev": 0.9257221150892647,
      "mu": 1.6657523989221699,
      "cv": 1.5420238339452477,
      "lambda": 0.8999999999999999,
      "twait": 1.1916602523697142
    },
    "F12": {
      "rho": 0.4988004350948158,
      "capacity": 1.0,
      "tserv": 0.8313340584913598,
      "stddev": 0.8537217061703042,
      "mu": 1.2028858793716717,
      "cv": 1.0269297852653503,
      "lambda": 0.6,
      "twait": 0.8499351363140201
    },
    "F13": {
      "rho": 0.6345053431168589,
      "capacity": 1.0,
      "tserv": 1.0575089051947648,
      "stddev": 1.0663750977463307,
      "mu": 0.9456185144992484,
      "cv": 1.008384035829876,
      "lambda": 0.6,
      "twait": 1.8513110037454255
    },
    "F14": {
      "rho": 1.3504140852302062,
      "capacity": 1.0,
      "tserv": 4.501380284100687,
      "stddev": 4.501380284100687,
      "mu": 0.22215408094537073,
      "cv": 1.0,
      "lambda": 0.3,
      "twait": 6072.648611288483
    },
    "F15": {
      "rho": 0.4803953480550075,
      "capacity": 1.0,
      "tserv": 0.8006589134250125,
      "stddev": 0.9122223518851497,
      "mu": 1.248971295057789,
      "cv": 1.1393395322146576,
      "lambda": 0.6,
      "twait": 0.8505722433842384
    },
    "F16": {
      "rho": 0.5595096309888015,
      "capacity": 1.0,
      "tserv": 0.9325160516480024,
      "stddev": 0.9413770324336338,
      "mu": 1.0723675997134157,
      "cv": 1.009502228696194,
      "lambda": 0.6,
      "twait": 1.1957879404147185
    },
    "F17": {
      "rho": 0.5676012545296054,
      "capacity": 1.0,
      "tserv": 0.9460020908826757,
      "stddev": 1.152781496860402,
      "mu": 1.0570801160354106,
      "cv": 1.2185823984646682,
      "lambda": 0.6,
      "twait": 1.5428988812436533
    },
    "F18": {
      "rho": 0.5894034069428066,
      "capacity": 1.0,
      "tserv": 0.6548926743808963,
      "stddev": 0.7528982716492233,
      "mu": 1.5269677599392166,
      "cv": 1.1496513873223224,
      "lambda": 0.8999999999999999,
      "twait": 1.0912976572656379
    },
    "F19": {
      "rho": 0.6665339726143337,
      "capacity": 1.0,
      "tserv": 2.2217799087144456,
      "stddev": 2.2217799087144456,
      "mu": 0.45008958631668183,
      "cv": 1.0,
      "lambda": 0.3,
      "twait": 4.440907520445681
    },
    "F20": {
      "rho": 0.5449328525819008,
      "capacity": 1.0,
      "tserv": 0.9082214209698347,
      "stddev": 1.2002915624232613,
      "mu": 1.1010530878386027,
      "cv": 1.3215847311127529,
      "lambda": 0.6,
      "twait": 1.4935593552646111
    }
  },
  "extra": {
    "conv_gen": 9,
    "max_gen": 600,
    "population": 600,
    "deltatime": 76.4755669,
    "obj_func": 1548.3123731323576
  },
  "network": [
    [
      0.0,
      0.9457258561005651,
      1.2338959007881851,
      0.7752497656933822,
      0.9176742046250737,
      1.0553934497626458,
      0.5757702324567552,
      1.1932311413290786,
      0.7922269763708089,
      0.9494861481607277,
      1.2397511587492773,
      0.7143506930006508,
      1.0946164158793077,
      0.7031187538427893,
      1.1482903133309594,
      1.0857375373231428,
      1.119816282836574,
      0.6029005712441936,
      1.0381897816054046,
      1.0381897816054046
    ],
    [
      0.9457258561005651,
      0.0,
      1.2314299731315395,
      0.8528356742194383,
      0.8927556755004674,
      0.6370867531511563,
      0.9923398067784175,
      1.2140625897870638,
      1.2033336269391393,
      1.2811196390904556,
      0.9440561057969492,
      1.1270784809829073,
      0.8907532538737528,
      1.1752165876417826,
      0.6341586276039196,
      1.1153209028581017,
      0.8189596648551695,
      1.0381897816054046,
      1.0532510498554866,
      1.0532510498554866
    ],
    [
      1.2338959007881851,
      1.2314299731315395,
      0.0,
      0.8019629802498388,
      0.6379214936452232,
      1.169803625599567,
      1.0216943424024754,
      0.9020758117400346,
      1.0878849350396003,
      0.9104791555977146,
      1.3742412718555854,
      1.2701408006146941,
      0.8935114040892153,
      0.952897114910599,
      0.7997331443126524,
      0.9935001589081374,
      0.6029005712441936,
      1.0532510498554866,
      1.0601290235402796,
      1.0601290235402796
    ],
    [
      0.7752497656933822,
      0.8528356742194383,
      0.8019629802498388,
      0.0,
      1.0783308377834124,
      0.851096750893475,
      0.6899315163672741,
      0.9746449702570301,
      1.1607687826583393,
      1.0133286220833615,
      0.9824285222628163,
      1.2134700582641655,
      1.1554528363037193,
      0.870319266109489,
      1.3804319805495064,
      1.119816282836574,
      1.0381897816054046,
      1.0601290235402796,
      0.9960884743986467,
      0.9960884743986467
    ],
    [
      0.9176742046250737,
      0.8927556755004674,
      0.6379214936452232,
      1.0783308377834124,
      0.0,
      1.0578999877199118,
      0.8839507917014016,
      0.974945774340839,
      1.0790373553382806,
      1.1053022383948528,
      0.9982348147434895,
      1.2254026814584371,
      1.2294072796280178,
      0.7927361934935583,
      1.0857375373231428,
      0.8189596648551695,
      1.0532510498554866,
      0.9960884743986467,
      0.6912525665767464,
      0.6912525665767464
    ],
    [
      1.0553934497626458,
      0.6370867531511563,
      1.169803625599567,
      0.851096750893475,
      1.0578999877199118,
      0.0,
      0.8976793745567483,
      0.6868262282024473,
      1.3566384010821804,
      1.1581299085463876,
      0.8228918084916048,
      1.2093100271359083,
      1.0181263627897277,
      1.1482903133309594,
      1.1153209028581017,
      0.6029005712441936,
      1.0601290235402796,
      0.6912525665767464,
      1.3555719789773577,
      1.3555719789773577
    ],
    [
      0.5757702324567552,
      0.9923398067784175,
      1.0216943424024754,
      0.6899315163672741,
      0.8839507917014016,
      0.8976793745567483,
      0.0,
      1.0112401617601325,
      1.3554518625607026,
      0.699090607480358,
      1.2906249376601204,
      0.5818282745217243,
      0.7031187538427893,
      0.6341586276039196,
      0.9935001589081374,
      1.0381897816054046,
      0.9960884743986467,
      1.3555719789773577,
      0.7291798959642476,
      0.7291798959642476
    ],
    [
      1.1932311413290786,
      1.2140625897870638,
      0.9020758117400346,
      0.9746449702570301,
      0.974945774340839,
      0.6868262282024473,
      1.0112401617601325,
      0.0,
      0.9698318983528073,
      0.928199484658069,
      1.06794805098085,
      1.0946164158793077,
      1.1752165876417826,
      0.7997331443126524,
      1.119816282836574,
      1.0532510498554866,
      0.6912525665767464,
      0.7291798959642476,
      0.9924860924702041,
      0.9924860924702041
    ],
    [
      0.7922269763708089,
      1.2033336269391393,
      1.0878849350396003,
      1.1607687826583393,
      1.0790373553382806,
      1.3566384010821804,
      1.3554518625607026,
      0.9698318983528073,
      0.0,
      0.8884918307362355,
      0.7143506930006508,
      0.8907532538737528,
      0.952897114910599,
      1.3804319805495064,
      0.8189596648551695,
      1.0601290235402796,
      1.3555719789773577,
      0.9924860924702041,
      1.0824379297696856,
      1.0824379297696856
    ],
    [
      0.9494861481607277,
      1.2811196390904556,
      0.9104791555977146,
      1.0133286220833615,
      1.1053022383948528,
      1.1581299085463876,
      0.699090607480358,
      0.928199484658069,
      0.8884918307362355,
      0.0,
      1.1270784809829073,
      0.8935114040892153,
      0.870319266109489,
      1.0857375373231428,
      0.6029005712441936,
      0.9960884743986467,
      0.7291798959642476,
      1.0824379297696856,
      0.7538070496747805,
      0.7538070496747805
    ],
    [
      1.2397511587492773,
      0.9440561057969492,
      1.3742412718555854,
      0.9824285222628163,
      0.9982348147434895,
      0.8228918084916048,
      1.2906249376601204,
      1.06794805098085,
      0.7143506930006508,
      1.1270784809829073,
      0.0,
      1.1554528363037193,
      0.7927361934935583,
      1.1153209028581017,
      1.0381897816054046,
      0.6912525665767464,
      0.9924860924702041,
      0.7538070496747805,
      1.2004759960988096,
      1.2004759960988096
    ],
    [
      0.7143506930006508,
      1.1270784809829073,
      1.2701408006146941,
      1.2134700582641655,
      1.2254026814584371,
      1.2093100271359083,
      0.5818282745217243,
      1.0946164158793077,
      0.8907532538737528,
      0.8935114040892153,
      1.1554528363037193,
      0.0,
      1.1482903133309594,
      0.9935001589081374,
      1.0532510498554866,
      1.3555719789773577,
      1.0824379297696856,
      1.2004759960988096,
      0.6106244208204143,
      0.6106244208204143
    ],
    [
      1.0946164158793077,
      0.8907532538737528,
      0.8935114040892153,
      1.1554528363037193,
      1.2294072796280178,
      1.0181263627897277,
      0.7031187538427893,
      1.1752165876417826,
      0.952897114910599,
      0.870319266109489,
      0.7927361934935583,
      1.1482903133309594,
      0.0,
      1.119816282836574,
      1.0601290235402796,
      0.7291798959642476,
      0.7538070496747805,
      0.6106244208204143,
      0.9437815383157403,
      0.9437815383157403
    ],
    [
      0.7031187538427893,
      1.1752165876417826,
      0.952897114910599,
      0.870319266109489,
      0.7927361934935583,
      1.1482903133309594,
      0.6341586276039196,
      0.7997331443126524,
      1.3804319805495064,
      1.0857375373231428,
      1.1153209028581017,
      0.9935001589081374,
      1.119816282836574,
      0.0,
      0.9960884743986467,
      0.9924860924702041,
      1.2004759960988096,
      0.9437815383157403,
      1.2116187227903796,
      1.2116187227903796
    ],
    [
      1.1482903133309594,
      0.6341586276039196,
      0.7997331443126524,
      1.3804319805495064,
      1.0857375373231428,
      1.1153209028581017,
      0.9935001589081374,
      1.119816282836574,
      0.8189596648551695,
      0.6029005712441936,
      1.0381897816054046,
      1.0532510498554866,
      1.0601290235402796,
      0.9960884743986467,
      0.0,
      1.0824379297696856,
      0.6106244208204143,
      1.2116187227903796,
      1.2517332680499107,
      1.2517332680499107
    ],
    [
      1.0857375373231428,
      1.1153209028581017,
      0.9935001589081374,
      1.119816282836574,
      0.8189596648551695,
      0.6029005712441936,
      1.0381897816054046,
      1.0532510498554866,
      1.0601290235402796,
      0.9960884743986467,
      0.6912525665767464,
      1.3555719789773577,
      0.7291798959642476,
      0.9924860924702041,
      1.0824379297696856,
      0.0,
      0.9437815383157403,
      1.2517332680499107,
      1.115639679627893,
      1.115639679627893
    ],
    [
      1.119816282836574,
      0.8189596648551695,
      0.6029005712441936,
      1.0381897816054046,
      1.0532510498554866,
      1.0601290235402796,
      0.9960884743986467,
      0.6912525665767464,
      1.3555719789773577,
      0.7291798959642476,
      0.9924860924702041,
      1.0824379297696856,
      0.7538070496747805,
      1.2004759960988096,
      0.6106244208204143,
      0.9437815383157403,
      0.0,
      1.115639679627893,
      1.1497855105474775,
      1.1497855105474775
    ],
    [
      0.6029005712441936,
      1.0381897816054046,
      1.0532510498554866,
      1.0601290235402796,
      0.9960884743986467,
      0.6912525665767464,
      1.3555719789773577,
      0.7291798959642476,
      0.9924860924702041,
      1.0824379297696856,
      0.7538070496747805,
      1.2004759960988096,
      0.6106244208204143,
      0.9437815383157403,
      1.2116187227903796,
      1.2517332680499107,
      1.115639679627893,
      0.0,
      0.7711566664493327,
      0.7711566664493327
    ],
    [
      1.0381897816054046,
      1.0532510498554866,
      1.0601290235402796,
      0.9960884743986467,
      0.6912525665767464,
      1.3555719789773577,
      0.7291798959642476,
      0.9924860924702041,
      1.0824379297696856,
      0.7538070496747805,
      1.2004759960988096,
      0.6106244208204143,
      0.9437815383157403,
      1.2116187227903796,
      1.2517332680499107,
      1.115639679627893,
      1.1497855105474775,
      0.7711566664493327,
      0.0,
      1.0845685718078062
    ],
    [
      1.0381897816054046,
      1.0532510498554866,
      1.0601290235402796,
      0.9960884743986467,
      0.6912525665767464,
      1.3555719789773577,
      0.7291798959642476,
      0.9924860924702041,
      1.0824379297696856,
      0.7538070496747805,
      1.2004759960988096,
      0.6106244208204143,
      0.9437815383157403,
      1.2116187227903796,
      1.2517332680499107,
      1.115639679627893,
      1.1497855105474775,
      0.7711566664493327,
      1.0845685718078062,
      0.0
    ]
  ]
}