{
  "servicechain": {
    "SC1": {
      "resptime": 23.723409870451206,
      "resptime_old": 13.723409870451203,
      "waittime": 10.226672599711526,
      "servicetime": 10.0,
      "networktime": 3.4967372707396787,
      "services": {
        "MS1_1": {
          "meanserv": 2.07779200543324,
          "stddevserv": 2.07779200543324,
          "rate": 0.48128012687751687,
          "cv": 1.0,
          "lambda": 0.125
        },
        "MS1_2": {
          "meanserv": 0.38515074168282215,
          "stddevserv": 0.38515074168282215,
          "rate": 2.596386016630123,
          "cv": 1.0,
          "lambda": 0.125
        },
        "MS1_3": {
          "meanserv": 2.0673906360569747,
          "stddevserv": 2.0673906360569747,
          "rate": 0.48370152334018857,
          "cv": 1.0,
          "lambda": 0.125
        },
        "MS1_4": {
          "meanserv": 2.5485957238544312,
          "stddevserv": 2.5485957238544312,
          "rate": 0.39237294116134885,
          "cv": 1.0,
          "lambda": 0.125
        },
        "MS1_5": {
          "meanserv": 2.9210708929725318,
          "stddevserv": 2.9210708929725318,
          "rate": 0.34234020215181526,
          "cv": 1.0,
          "lambda": 0.125
        }
      },
      "sensors": [
        "S1"
      ],
      "sources": [
        {
          "startTime": 0,
          "stopTime": -1,
          "lambda": 0.125
        }
      ]
    },
    "SC2": {
      "resptime": 26.008781644495542,
      "resptime_old": 16.008781644495542,
      "waittime": 11.270442207052678,
      "servicetime": 10.0,
      "networktime": 4.738339437442863,
      "services": {
        "MS2_1": {
          "meanserv": 1.725259357006319,
          "stddevserv": 1.725259357006319,
          "rate": 0.5796229975156931,
          "cv": 1.0,
          "lambda": 0.125
        },
        "MS2_2": {
          "meanserv": 2.1355898948507344,
          "stddevserv": 2.1355898948507344,
          "rate": 0.4682546974075724,
          "cv": 1.0,
          "lambda": 0.125
        },
        "MS2_3": {
          "meanserv": 1.4437353431449234,
          "stddevserv": 1.4437353431449234,
          "rate": 0.6926477243548502,
          "cv": 1.0,
          "lambda": 0.125
        },
        "MS2_4": {
          "meanserv": 4.206265448163354,
          "stddevserv": 4.206265448163354,
          "rate": 0.23774058302398518,
          "cv": 1.0,
          "lambda": 0.125
        },
        "MS2_5": {
          "meanserv": 0.48914995683466955,
          "stddevserv": 0.48914995683466955,
          "rate": 2.0443628503436533,
          "cv": 1.0,
          "lambda": 0.125
        }
      },
      "sensors": [
        "S2"
      ],
      "sources": [
        {
          "startTime": 0,
          "stopTime": -1,
          "lambda": 0.125
        }
      ]
    },
    "SC3": {
      "resptime": 25.56263240906464,
      "resptime_old": 15.562632409064642,
      "waittime": 12.158545846113295,
      "servicetime": 10.0,
      "networktime": 3.4040865629513473,
      "services": {
        "MS3_1": {
          "meanserv": 2.1580809466524506,
          "stddevserv": 2.1580809466524506,
          "rate": 0.4633746484584693,
          "cv": 1.0,
          "lambda": 0.125
        },
        "MS3_2": {
          "meanserv": 0.8152757966118487,
          "stddevserv": 0.8152757966118487,
          "rate": 1.2265787898473555,
          "cv": 1.0,
          "lambda": 0.125
        },
        "MS3_3": {
          "meanserv": 4.693557591648727,
          "stddevserv": 4.693557591648727,
          "rate": 0.21305800141438674,
          "cv": 1.0,
          "lambda": 0.125
        },
        "MS3_4": {
          "meanserv": 0.47366522575167114,
          "stddevserv": 0.47366522575167114,
          "rate": 2.1111957256585074,
          "cv": 1.0,
          "lambda": 0.125
        },
        "MS3_5": {
          "meanserv": 1.8594204393353024,
          "stddevserv": 1.8594204393353024,
          "rate": 0.5378019832660739,
          "cv": 1.0,
          "lambda": 0.125
        }
      },
      "sensors": [
        "S3"
      ],
      "sources": [
        {
          "startTime": 0,
          "stopTime": -1,
          "lambda": 0.125
        }
      ]
    },
    "SC4": {
      "resptime": 28.32989321905603,
      "resptime_old": 18.329893219056032,
      "waittime": 15.534038887181758,
      "servicetime": 10.0,
      "networktime": 2.795854331874272,
      "services": {
        "MS4_1": {
          "meanserv": 0.5951771364596536,
          "stddevserv": 0.5951771364596536,
          "rate": 1.680172067677853,
          "cv": 1.0,
          "lambda": 0.125
        },
        "MS4_2": {
          "meanserv": 2.055603870318837,
          "stddevserv": 2.055603870318837,
          "rate": 0.48647505214362813,
          "cv": 1.0,
          "lambda": 0.125
        },
        "MS4_3": {
          "meanserv": 2.9343668384914547,
          "stddevserv": 2.9343668384914547,
          "rate": 0.3407890202692229,
          "cv": 1.0,
          "lambda": 0.125
        },
        "MS4_4": {
          "meanserv": 2.93667304109084,
          "stddevserv": 2.93667304109084,
          "rate": 0.34052139479189203,
          "cv": 1.0,
          "lambda": 0.125
        },
        "MS4_5": {
          "meanserv": 1.4781791136392144,
          "stddevserv": 1.4781791136392144,
          "rate": 0.6765080028346784,
          "cv": 1.0,
          "lambda": 0.125
        }
      },
      "sensors": [
        "S4"
      ],
      "sources": [
        {
          "startTime": 0,
          "stopTime": -1,
          "lambda": 0.125
        }
      ]
    }
  },
  "microservice": {
    "MS1_1": "F5",
    "MS1_2": "F5",
    "MS1_3": "F10",
    "MS1_4": "F10",
    "MS1_5": "F6",
    "MS2_1": "F3",
    "MS2_2": "F9",
    "MS2_3": "F9",
    "MS2_4": "F2",
    "MS2_5": "F6",
    "MS3_1": "F4",
    "MS3_2": "F4",
    "MS3_3": "F7",
    "MS3_4": "F3",
    "MS3_5": "F3",
    "MS4_1": "F5",
    "MS4_2": "F1",
    "MS4_3": "F1",
    "MS4_4": "F8",
    "MS4_5": "F8"
  },
  "sensor": {
    "S1": "F5",
    "S2": "F3",
    "S3": "F4",
    "S4": "F5"
  },
  "fog": {
    "F1": {
      "rho": 0.6237463386012865,
      "capacity": 1.0,
      "tserv": 2.494985354405146,
      "stddev": 2.571198960759736,
      "mu": 0.40080395591677526,
      "cv": 1.0305467149216037,
      "lambda": 0.25,
      "twait": 4.264415649402106
    },
    "F2": {
      "rho": 0.5257831810204192,
      "capacity": 1.0,
      "tserv": 4.206265448163354,
      "stddev": 4.206265448163354,
      "mu": 0.23774058302398518,
      "cv": 1.0,
      "lambda": 0.125,
      "twait": 4.6636549760307755
    },
    "F3": {
      "rho": 0.5072931277616616,
      "capacity": 1.0,
      "tserv": 1.3527816740310976,
      "stddev": 1.615197733787943,
      "mu": 0.7392175834406018,
      "cv": 1.1939825655494598,
      "lambda": 0.375,
      "twait": 1.6892201378767457
    },
    "F4": {
      "rho": 0.3716695929080374,
      "capacity": 1.0,
      "tserv": 1.4866783716321497,
      "stddev": 1.7640225101076807,
      "mu": 0.6726404440135563,
      "cv": 1.1865528844487385,
      "lambda": 0.25,
      "twait": 1.058755858537198
    },
    "F5": {
      "rho": 0.3822649854469645,
      "capacity": 1.0,
      "tserv": 1.0193732945252387,
      "stddev": 1.4744747460341188,
      "mu": 0.9809948969339425,
      "cv": 1.4464522015174415,
      "lambda": 0.375,
      "twait": 0.9752961265504777
    },
    "F6": {
      "rho": 0.4262776062259001,
      "capacity": 1.0,
      "tserv": 1.7051104249036007,
      "stddev": 2.421677369289263,
      "mu": 0.5864722808533269,
      "cv": 1.4202466502579585,
      "lambda": 0.25,
      "twait": 1.9111862586404025
    },
    "F7": {
      "rho": 0.5866946989560908,
      "capacity": 1.0,
      "tserv": 4.693557591648727,
      "stddev": 4.693557591648727,
      "mu": 0.21305800141438674,
      "cv": 1.0,
      "lambda": 0.125,
      "twait": 6.662593853285408
    },
    "F8": {
      "rho": 0.5518565193412568,
      "capacity": 1.0,
      "tserv": 2.207426077365027,
      "stddev": 2.436458937728642,
      "mu": 0.4530163026766838,
      "cv": 1.10375561959339,
      "lambda": 0.25,
      "twait": 3.014955730913534
    },
    "F9": {
      "rho": 0.44741565474945727,
      "capacity": 1.0,
      "tserv": 1.7896626189978289,
      "stddev": 1.8553230581750964,
      "mu": 0.5587645343790986,
      "cv": 1.036688724724013,
      "lambda": 0.25,
      "twait": 1.5031904172523776
    },
    "F10": {
      "rho": 0.5769982949889257,
      "capacity": 1.0,
      "tserv": 2.307993179955703,
      "stddev": 2.332940566534672,
      "mu": 0.43327684357333884,
      "cv": 1.0108091249123394,
      "lambda": 0.25,
      "twait": 3.1824470439850843
    }
  },
  "extra": {
    "deltatime": 0.566084,
    "conv": 46,
    "obj_func": 25.906179285766854
  },
  "network": [
    [
      0.0,
      1.7283122324308493,
      1.891438524358698,
      2.0669540140866327,
      1.4423614806888787,
      2.5499065325543335,
      2.3247791678857777,
      1.3534928511853932,
      2.0505937117659543,
      2.0505937117659543
    ],
    [
      1.7283122324308493,
      0.0,
      2.4219887227648,
      2.666972929744926,
      1.9027698391686332,
      1.070689252013249,
      2.0864183440285458,
      2.0505937117659543,
      1.7473363924451848,
      1.7473363924451848
    ],
    [
      1.891438524358698,
      2.4219887227648,
      0.0,
      2.8956425321394925,
      1.8048414582829586,
      2.0742253977080582,
      1.3534928511853932,
      1.7473363924451848,
      1.9203137929844294,
      1.9203137929844294
    ],
    [
      2.0669540140866327,
      2.666972929744926,
      2.8956425321394925,
      0.0,
      2.1357643059579514,
      2.3247791678857777,
      2.0505937117659543,
      1.9203137929844294,
      2.477430149405811,
      2.477430149405811
    ],
    [
      1.4423614806888787,
      1.9027698391686332,
      1.8048414582829586,
      2.1357643059579514,
      0.0,
      2.0864183440285458,
      1.7473363924451848,
      2.477430149405811,
      1.4210669988631772,
      1.4210669988631772
    ],
    [
      2.5499065325543335,
      1.070689252013249,
      2.0742253977080582,
      2.3247791678857777,
      2.0864183440285458,
      0.0,
      1.9203137929844294,
      1.4210669988631772,
      2.0756702718765014,
      2.0756702718765014
    ],
    [
      2.3247791678857777,
      2.0864183440285458,
      1.3534928511853932,
      2.0505937117659543,
      1.7473363924451848,
      1.9203137929844294,
      0.0,
      2.0756702718765014,
      1.6731568189988488,
      1.6731568189988488
    ],
    [
      1.3534928511853932,
      2.0505937117659543,
      1.7473363924451848,
      1.9203137929844294,
      2.477430149405811,
      1.4210669988631772,
      2.0756702718765014,
      0.0,
      2.0720180894796836,
      2.0720180894796836
    ],
    [
      2.0505937117659543,
      1.7473363924451848,
      1.9203137929844294,
      2.477430149405811,
      1.4210669988631772,
      2.0756702718765014,
      1.6731568189988488,
      2.0720180894796836,
      0.0,
      1.6787746140480768
    ],
    [
      2.0505937117659543,
      1.7473363924451848,
      1.9203137929844294,
      2.477430149405811,
      1.4210669988631772,
      2.0756702718765014,
      1.6731568189988488,
      2.0720180894796836,
      1.6787746140480768,
      0.0
    ]
  ]
}