{
  "servicechain": {
    "SC1": {
      "resptime": 4302.860476550356,
      "resptime_old": 4292.860476550356,
      "waittime": 4288.21511659812,
      "servicetime": 10.0,
      "networktime": 4.645359952235531,
      "services": {
        "MS1_1": {
          "meanserv": 1.3680708962161592,
          "stddevserv": 1.3680708962161592,
          "rate": 0.7309562704431636,
          "cv": 1.0,
          "lambda": 0.375
        },
        "MS1_2": {
          "meanserv": 2.1689483030586842,
          "stddevserv": 2.1689483030586842,
          "rate": 0.4610529437653192,
          "cv": 1.0,
          "lambda": 0.375
        },
        "MS1_3": {
          "meanserv": 0.2536367516069702,
          "stddevserv": 0.2536367516069702,
          "rate": 3.942646298946367,
          "cv": 1.0,
          "lambda": 0.375
        },
        "MS1_4": {
          "meanserv": 0.6754177649560353,
          "stddevserv": 0.6754177649560353,
          "rate": 1.4805651433599656,
          "cv": 1.0,
          "lambda": 0.375
        },
        "MS1_5": {
          "meanserv": 0.3316649597730663,
          "stddevserv": 0.3316649597730663,
          "rate": 3.0150908937869882,
          "cv": 1.0,
          "lambda": 0.375
        },
        "MS1_6": {
          "meanserv": 1.547069025318514,
          "stddevserv": 1.547069025318514,
          "rate": 0.6463835702444614,
          "cv": 1.0,
          "lambda": 0.375
        },
        "MS1_7": {
          "meanserv": 3.3773286116893146,
          "stddevserv": 3.3773286116893146,
          "rate": 0.29609200494701265,
          "cv": 1.0,
          "lambda": 0.375
        },
        "MS1_8": {
          "meanserv": 0.017520805957806473,
          "stddevserv": 0.017520805957806473,
          "rate": 57.07499999761401,
          "cv": 1.0,
          "lambda": 0.375
        },
        "MS1_9": {
          "meanserv": 0.1742304499591718,
          "stddevserv": 0.1742304499591718,
          "rate": 5.739524866258076,
          "cv": 1.0,
          "lambda": 0.375
        },
        "MS1_10": {
          "meanserv": 0.0861124314642776,
          "stddevserv": 0.0861124314642776,
          "rate": 11.612725166340638,
          "cv": 1.0,
          "lambda": 0.375
        }
      },
      "sensors": [
        "S1"
      ],
      "sources": [
        {
          "startTime": 0,
          "stopTime": -1,
          "lambda": 0.375
        }
      ]
    },
    "SC2": {
      "resptime": 30.534357868361663,
      "resptime_old": 20.534357868361667,
      "waittime": 13.86683136791329,
      "servicetime": 10.0,
      "networktime": 6.667526500448372,
      "services": {
        "MS2_1": {
          "meanserv": 1.8314176552433459,
          "stddevserv": 1.8314176552433459,
          "rate": 0.5460250954428673,
          "cv": 1.0,
          "lambda": 0.375
        },
        "MS2_2": {
          "meanserv": 0.5128220407401729,
          "stddevserv": 0.5128220407401729,
          "rate": 1.9499941901028028,
          "cv": 1.0,
          "lambda": 0.375
        },
        "MS2_3": {
          "meanserv": 0.2944593820567132,
          "stddevserv": 0.2944593820567132,
          "rate": 3.3960541281289482,
          "cv": 1.0,
          "lambda": 0.375
        },
        "MS2_4": {
          "meanserv": 0.5675560389312495,
          "stddevserv": 0.5675560389312495,
          "rate": 1.7619405510741721,
          "cv": 1.0,
          "lambda": 0.375
        },
        "MS2_5": {
          "meanserv": 0.4960133519309564,
          "stddevserv": 0.4960133519309564,
          "rate": 2.016074761106828,
          "cv": 1.0,
          "lambda": 0.375
        },
        "MS2_6": {
          "meanserv": 1.1531937942736752,
          "stddevserv": 1.1531937942736752,
          "rate": 0.8671569383789804,
          "cv": 1.0,
          "lambda": 0.375
        },
        "MS2_7": {
          "meanserv": 0.8940180077073556,
          "stddevserv": 0.8940180077073556,
          "rate": 1.1185457019645806,
          "cv": 1.0,
          "lambda": 0.375
        },
        "MS2_8": {
          "meanserv": 1.0897083896681625,
          "stddevserv": 1.0897083896681625,
          "rate": 0.9176767009241065,
          "cv": 1.0,
          "lambda": 0.375
        },
        "MS2_9": {
          "meanserv": 1.973305541377247,
          "stddevserv": 1.973305541377247,
          "rate": 0.5067638938985906,
          "cv": 1.0,
          "lambda": 0.375
        },
        "MS2_10": {
          "meanserv": 1.1875057980711219,
          "stddevserv": 1.1875057980711219,
          "rate": 0.8421011515264266,
          "cv": 1.0,
          "lambda": 0.375
        }
      },
      "sensors": [
        "S2"
      ],
      "sources": [
        {
          "startTime": 0,
          "stopTime": -1,
          "lambda": 0.375
        }
      ]
    },
    "SC3": {
      "resptime": 8337.117596898033,
      "resptime_old": 8327.117596898033,
      "waittime": 8321.733326144096,
      "servicetime": 10.0,
      "networktime": 5.384270753937021,
      "services": {
        "MS3_1": {
          "meanserv": 0.7597087794252422,
          "stddevserv": 0.7597087794252422,
          "rate": 1.3162938577023555,
          "cv": 1.0,
          "lambda": 0.375
        },
        "MS3_2": {
          "meanserv": 0.34768873957637725,
          "stddevserv": 0.34768873957637725,
          "rate": 2.8761357104011953,
          "cv": 1.0,
          "lambda": 0.375
        },
        "MS3_3": {
          "meanserv": 1.4814535835865394,
          "stddevserv": 1.4814535835865394,
          "rate": 0.6750127112177489,
          "cv": 1.0,
          "lambda": 0.375
        },
        "MS3_4": {
          "meanserv": 0.24991894083668553,
          "stddevserv": 0.24991894083668553,
          "rate": 4.001297367267052,
          "cv": 1.0,
          "lambda": 0.375
        },
        "MS3_5": {
          "meanserv": 0.7477431730879434,
          "stddevserv": 0.7477431730879434,
          "rate": 1.3373575794350827,
          "cv": 1.0,
          "lambda": 0.375
        },
        "MS3_6": {
          "meanserv": 4.711854204770901,
          "stddevserv": 4.711854204770901,
          "rate": 0.21223067534378895,
          "cv": 1.0,
          "lambda": 0.375
        },
        "MS3_7": {
          "meanserv": 0.15713105664992177,
          "stddevserv": 0.15713105664992177,
          "rate": 6.364114270725856,
          "cv": 1.0,
          "lambda": 0.375
        },
        "MS3_8": {
          "meanserv": 0.5567895414116872,
          "stddevserv": 0.5567895414116872,
          "rate": 1.796010746654103,
          "cv": 1.0,
          "lambda": 0.375
        },
        "MS3_9": {
          "meanserv": 0.1497318289098839,
          "stddevserv": 0.1497318289098839,
          "rate": 6.67860672831192,
          "cv": 1.0,
          "lambda": 0.375
        },
        "MS3_10": {
          "meanserv": 0.8379801517448175,
          "stddevserv": 0.8379801517448175,
          "rate": 1.1933456871476364,
          "cv": 1.0,
          "lambda": 0.375
        }
      },
      "sensors": [
        "S3"
      ],
      "sources": [
        {
          "startTime": 0,
          "stopTime": -1,
          "lambda": 0.375
        }
      ]
    },
    "SC4": {
      "resptime": 60.3883608371039,
      "resptime_old": 50.38836083710391,
      "waittime": 46.12450642652334,
      "servicetime": 10.0,
      "networktime": 4.26385441058056,
      "services": {
        "MS4_1": {
          "meanserv": 1.7558314051406076,
          "stddevserv": 1.7558314051406076,
          "rate": 0.5695307630745559,
          "cv": 1.0,
          "lambda": 0.375
        },
        "MS4_2": {
          "meanserv": 0.14918749591479763,
          "stddevserv": 0.14918749591479763,
          "rate": 6.702974628457531,
          "cv": 1.0,
          "lambda": 0.375
        },
        "MS4_3": {
          "meanserv": 0.7568138621462508,
          "stddevserv": 0.7568138621462508,
          "rate": 1.3213288630365423,
          "cv": 1.0,
          "lambda": 0.375
        },
        "MS4_4": {
          "meanserv": 2.480012089677607,
          "stddevserv": 2.480012089677607,
          "rate": 0.40322384078780704,
          "cv": 1.0,
          "lambda": 0.375
        },
        "MS4_5": {
          "meanserv": 0.4199116066687578,
          "stddevserv": 0.4199116066687578,
          "rate": 2.3814535824174965,
          "cv": 1.0,
          "lambda": 0.375
        },
        "MS4_6": {
          "meanserv": 0.4396036477652183,
          "stddevserv": 0.4396036477652183,
          "rate": 2.2747763925154594,
          "cv": 1.0,
          "lambda": 0.375
        },
        "MS4_7": {
          "meanserv": 0.4434655807153378,
          "stddevserv": 0.4434655807153378,
          "rate": 2.254966435922574,
          "cv": 1.0,
          "lambda": 0.375
        },
        "MS4_8": {
          "meanserv": 0.7802104222356299,
          "stddevserv": 0.7802104222356299,
          "rate": 1.2817055136671731,
          "cv": 1.0,
          "lambda": 0.375
        },
        "MS4_9": {
          "meanserv": 0.808226740743879,
          "stddevserv": 0.808226740743879,
          "rate": 1.2372765581594294,
          "cv": 1.0,
          "lambda": 0.375
        },
        "MS4_10": {
          "meanserv": 1.966737148991914,
          "stddevserv": 1.966737148991914,
          "rate": 0.5084563539731619,
          "cv": 1.0,
          "lambda": 0.375
        }
      },
      "sensors": [
        "S4"
      ],
      "sources": [
        {
          "startTime": 0,
          "stopTime": -1,
          "lambda": 0.375
        }
      ]
    }
  },
  "microservice": {
    "MS1_1": "F20",
    "MS1_2": "F24",
    "MS1_3": "F2",
    "MS1_4": "F2",
    "MS1_5": "F2",
    "MS1_6": "F17",
    "MS1_7": "F7",
    "MS1_8": "F4",
    "MS1_9": "F4",
    "MS1_10": "F4",
    "MS2_1": "F22",
    "MS2_2": "F4",
    "MS2_3": "F4",
    "MS2_4": "F6",
    "MS2_5": "F6",
    "MS2_6": "F15",
    "MS2_7": "F3",
    "MS2_8": "F8",
    "MS2_9": "F21",
    "MS2_10": "F1",
    "MS3_1": "F5",
    "MS3_2": "F5",
    "MS3_3": "F11",
    "MS3_4": "F12",
    "MS3_5": "F12",
    "MS3_6": "F23",
    "MS3_7": "F19",
    "MS3_8": "F19",
    "MS3_9": "F19",
    "MS3_10": "F14",
    "MS4_1": "F9",
    "MS4_2": "F18",
    "MS4_3": "F18",
    "MS4_4": "F13",
    "MS4_5": "F25",
    "MS4_6": "F25",
    "MS4_7": "F25",
    "MS4_8": "F16",
    "MS4_9": "F16",
    "MS4_10": "F10"
  },
  "sensor": {
    "S1": "F20",
    "S2": "F22",
    "S3": "F5",
    "S4": "F9"
  },
  "fog": {
    "F1": {
      "rho": 0.4453146742766707,
      "capacity": 1.0,
      "tserv": 1.1875057980711219,
      "stddev": 1.1875057980711219,
      "mu": 0.8421011515264266,
      "cv": 1.0,
      "lambda": 0.375,
      "twait": 0.9533581170190643
    },
    "F2": {
      "rho": 0.47276980362602694,
      "capacity": 1.0,
      "tserv": 0.42023982544535726,
      "stddev": 0.49370715894458145,
      "mu": 2.3795936021537956,
      "cv": 1.174822396762053,
      "lambda": 1.125,
      "twait": 0.4484680568812479
    },
    "F3": {
      "rho": 0.3352567528902584,
      "capacity": 1.0,
      "tserv": 0.8940180077073556,
      "stddev": 0.8940180077073556,
      "mu": 1.1185457019645806,
      "cv": 1.0,
      "lambda": 0.375,
      "twait": 0.45088923519354646
    },
    "F4": {
      "rho": 0.40692941631680324,
      "capacity": 1.0,
      "tserv": 0.2170290220356284,
      "stddev": 0.3286441000978781,
      "mu": 4.6076786902529365,
      "cv": 1.5142864166983458,
      "lambda": 1.875,
      "twait": 0.24518878718174908
    },
    "F5": {
      "rho": 0.4152740696256073,
      "capacity": 1.0,
      "tserv": 0.5536987595008097,
      "stddev": 0.6256696995150601,
      "mu": 1.8060361935821487,
      "cv": 1.129982122551866,
      "lambda": 0.75,
      "twait": 0.4476744058004995
    },
    "F6": {
      "rho": 0.3988385215733272,
      "capacity": 1.0,
      "tserv": 0.531784695431103,
      "stddev": 0.5341854924334448,
      "mu": 1.8804602851334937,
      "cv": 1.0045146034155714,
      "lambda": 0.75,
      "twait": 0.3544071287476963
    },
    "F7": {
      "rho": 1.266498229383493,
      "capacity": 1.0,
      "tserv": 3.3773286116893146,
      "stddev": 3.377328611689315,
      "mu": 0.29609200494701265,
      "cv": 1.0000000000000002,
      "lambda": 0.375,
      "twait": 4273.1033260439735
    },
    "F8": {
      "rho": 0.40864064612556095,
      "capacity": 1.0,
      "tserv": 1.0897083896681625,
      "stddev": 1.0897083896681625,
      "mu": 0.9176767009241065,
      "cv": 1.0,
      "lambda": 0.375,
      "twait": 0.753009380041008
    },
    "F9": {
      "rho": 0.658436776927728,
      "capacity": 1.0,
      "tserv": 1.7558314051406076,
      "stddev": 1.7558314051406076,
      "mu": 0.5695307630745559,
      "cv": 1.0,
      "lambda": 0.375,
      "twait": 3.384743711077592
    },
    "F10": {
      "rho": 0.7375264308719678,
      "capacity": 1.0,
      "tserv": 1.966737148991914,
      "stddev": 1.9667371489919139,
      "mu": 0.5084563539731619,
      "cv": 0.9999999999999999,
      "lambda": 0.375,
      "twait": 5.526349318821375
    },
    "F11": {
      "rho": 0.5555450938449523,
      "capacity": 1.0,
      "tserv": 1.4814535835865394,
      "stddev": 1.4814535835865394,
      "mu": 0.6750127112177489,
      "cv": 1.0,
      "lambda": 0.375,
      "twait": 1.8517385199780363
    },
    "F12": {
      "rho": 0.3741232927217358,
      "capacity": 1.0,
      "tserv": 0.49883105696231445,
      "stddev": 0.6105300209640939,
      "mu": 2.004686729189654,
      "cv": 1.2239214307986002,
      "lambda": 0.75,
      "twait": 0.37242518534017927
    },
    "F13": {
      "rho": 0.9300045336291026,
      "capacity": 1.0,
      "tserv": 2.480012089677607,
      "stddev": 2.4800120896776074,
      "mu": 0.40322384078780704,
      "cv": 1.0000000000000002,
      "lambda": 0.375,
      "twait": 32.95102677984472
    },
    "F14": {
      "rho": 0.3142425569043066,
      "capacity": 1.0,
      "tserv": 0.8379801517448175,
      "stddev": 0.8379801517448175,
      "mu": 1.1933456871476364,
      "cv": 1.0,
      "lambda": 0.375,
      "twait": 0.3839973275836603
    },
    "F15": {
      "rho": 0.4324476728526282,
      "capacity": 1.0,
      "tserv": 1.1531937942736752,
      "stddev": 1.1531937942736752,
      "mu": 0.8671569383789804,
      "cv": 1.0,
      "lambda": 0.375,
      "twait": 0.8786784034316026
    },
    "F16": {
      "rho": 0.5956639361173158,
      "capacity": 1.0,
      "tserv": 0.7942185814897544,
      "stddev": 0.7944656142558818,
      "mu": 1.2590992244531114,
      "cv": 1.0003110387642455,
      "lambda": 0.75,
      "twait": 1.1703990320271587
    },
    "F17": {
      "rho": 0.5801508844944427,
      "capacity": 1.0,
      "tserv": 1.547069025318514,
      "stddev": 1.547069025318514,
      "mu": 0.6463835702444614,
      "cv": 1.0,
      "lambda": 0.375,
      "twait": 2.1377524216806676
    },
    "F18": {
      "rho": 0.3397505092728932,
      "capacity": 1.0,
      "tserv": 0.45300067903052427,
      "stddev": 0.6243512758631441,
      "mu": 2.207502209798272,
      "cv": 1.378256821158261,
      "lambda": 0.75,
      "twait": 0.33795414038417615
    },
    "F19": {
      "rho": 0.32386966011430984,
      "capacity": 1.0,
      "tserv": 0.28788414232383097,
      "stddev": 0.3939614734765867,
      "mu": 3.4736196024133013,
      "cv": 1.3684722968638996,
      "lambda": 1.125,
      "twait": 0.19807075014473202
    },
    "F20": {
      "rho": 0.5130265860810597,
      "capacity": 1.0,
      "tserv": 1.3680708962161592,
      "stddev": 1.3680708962161592,
      "mu": 0.7309562704431636,
      "cv": 1.0,
      "lambda": 0.375,
      "twait": 1.4412629546948124
    },
    "F21": {
      "rho": 0.7399895780164676,
      "capacity": 1.0,
      "tserv": 1.973305541377247,
      "stddev": 1.9733055413772471,
      "mu": 0.5067638938985906,
      "cv": 1.0000000000000002,
      "lambda": 0.375,
      "twait": 5.616026941234644
    },
    "F22": {
      "rho": 0.6867816207162546,
      "capacity": 1.0,
      "tserv": 1.8314176552433459,
      "stddev": 1.8314176552433459,
      "mu": 0.5460250954428673,
      "cv": 1.0,
      "lambda": 0.375,
      "twait": 4.015677459134535
    },
    "F23": {
      "rho": 1.766945326789088,
      "capacity": 1.0,
      "tserv": 4.711854204770901,
      "stddev": 4.711854204770901,
      "mu": 0.21223067534378895,
      "cv": 1.0,
      "lambda": 0.375,
      "twait": 8317.26317886382
    },
    "F24": {
      "rho": 0.8133556136470066,
      "capacity": 1.0,
      "tserv": 2.1689483030586842,
      "stddev": 2.1689483030586842,
      "mu": 0.4610529437653192,
      "cv": 1.0,
      "lambda": 0.375,
      "twait": 9.451804645581491
    },
    "F25": {
      "rho": 0.4886178131809927,
      "capacity": 1.0,
      "tserv": 0.4343269450497713,
      "stddev": 0.43457182224070856,
      "mu": 2.3024129895634404,
      "cv": 1.0005638084252617,
      "lambda": 1.125,
      "twait": 0.41522675731900066
    }
  },
  "extra": {
    "conv_gen": 6,
    "max_gen": 600,
    "population": 600,
    "deltatime": 83.1515073,
    "obj_func": 3182.7251980384635
  },
  "network": [
    [
      0.0,
      0.7411558963365158,
      0.8966202574468652,
      1.3036182324772445,
      1.1402017155144617,
      1.2872600021527032,
      0.7619179433037477,
      1.1544947569740602,
      1.0267864018338282,
      0.7494965853366827,
      0.7791748399341166,
      0.7655950366591072,
      0.9150575223341207,
      1.1658478098260727,
      1.0766099265950102,
      1.0551407622901803,
      0.7403368542848732,
      1.0494548427531805,
      1.1449707115897139,
      1.176362661507099,
      0.9962261179744644,
      1.323531701944266,
      0.8133488536683425,
      1.1725866707518202,
      1.1725866707518202
    ],
    [
      0.7411558963365158,
      0.0,
      1.1797161379852628,
      1.1081530811946205,
      1.0595899589650766,
      0.9510089160298475,
      0.9008644839067103,
      1.2075556285535352,
      0.8868346532188824,
      0.6041590847146232,
      1.1790259208674136,
      1.1619579567951575,
      0.7388564784971468,
      1.0949813544978297,
      1.345087455210513,
      0.9697133117357009,
      0.8909756330475928,
      0.8148230034791037,
      1.1517368704431898,
      1.0234553881278627,
      0.793733235389756,
      1.6586790600134693,
      1.1725866707518202,
      1.012524386939574,
      1.012524386939574
    ],
    [
      0.8966202574468652,
      1.1797161379852628,
      0.0,
      1.0550142577523518,
      0.8985495118500453,
      0.9883751326478762,
      1.3312087034961873,
      0.7337943443895563,
      0.8109928016757191,
      0.9818681852969382,
      0.7849122794115126,
      1.0227604744674463,
      1.0433091072648069,
      0.8589476704912603,
      1.2365339551533607,
      0.7699094240099782,
      1.0958516631004547,
      0.8292556229364729,
      0.8639552928004964,
      1.1469494999599652,
      1.0502943339237978,
      0.8133488536683425,
      1.012524386939574,
      0.942419573711743,
      0.942419573711743
    ],
    [
      1.3036182324772445,
      1.1081530811946205,
      1.0550142577523518,
      0.0,
      0.8164111082316068,
      0.603070876853148,
      0.781076028084379,
      1.1150333962535766,
      0.8402714864928934,
      0.7850145843610254,
      1.1421444984997504,
      1.004477053289091,
      0.6588926675012915,
      1.0620382527192829,
      1.3451557290724785,
      0.9882408484756363,
      0.6973405976792014,
      0.8492607561477312,
      0.9356748524036599,
      1.121737790088149,
      1.323531701944266,
      1.1725866707518202,
      0.942419573711743,
      1.1026029733966698,
      1.1026029733966698
    ],
    [
      1.1402017155144617,
      1.0595899589650766,
      0.8985495118500453,
      0.8164111082316068,
      0.0,
      1.1911184505864314,
      1.2433309603403158,
      0.8190976101481745,
      0.850021964300498,
      1.0486148970487335,
      0.9252618442631455,
      1.0936525862607533,
      0.8960204577793646,
      1.2658710369678075,
      0.8392592155359941,
      0.707200245119126,
      1.0544820370709698,
      0.7215753607131957,
      0.9904606739262516,
      0.9962261179744644,
      1.6586790600134693,
      1.012524386939574,
      1.1026029733966698,
      1.1416720154878979,
      1.1416720154878979
    ],
    [
      1.2872600021527032,
      0.9510089160298475,
      0.9883751326478762,
      0.603070876853148,
      1.1911184505864314,
      0.0,
      1.3014033083317915,
      1.1185366022375196,
      1.2139908604504048,
      1.1972490907587034,
      1.1240184942707387,
      0.856661546617827,
      0.8779852393779091,
      1.0140016212514145,
      0.9127901483864488,
      1.032097060912376,
      0.8554108775645709,
      0.9631581298925312,
      1.176362661507099,
      0.793733235389756,
      0.8133488536683425,
      0.942419573711743,
      1.1416720154878979,
      0.8802137244922337,
      0.8802137244922337
    ],
    [
      0.7619179433037477,
      0.9008644839067103,
      1.3312087034961873,
      0.781076028084379,
      1.2433309603403158,
      1.3014033083317915,
      0.0,
      1.1619167501374383,
      1.3409449082580678,
      0.9252885113435481,
      0.8160143277380021,
      1.0342045538651385,
      1.2382100501081525,
      0.7142728534457342,
      0.9733790028296408,
      0.9347749784697332,
      0.8246432907137727,
      1.1449707115897139,
      1.0234553881278627,
      1.0502943339237978,
      1.1725866707518202,
      1.1026029733966698,
      0.8802137244922337,
      1.3916838225838306,
      1.3916838225838306
    ],
    [
      1.1544947569740602,
      1.2075556285535352,
      0.7337943443895563,
      1.1150333962535766,
      0.8190976101481745,
      1.1185366022375196,
      1.1619167501374383,
      0.0,
      0.9368185870912075,
      0.52442858516544,
      0.8935259004614831,
      0.7379198681122736,
      0.9498388339927977,
      1.2514452295405096,
      1.2365514164285467,
      0.7852333131920195,
      1.0494548427531805,
      1.1517368704431898,
      1.1469494999599652,
      1.323531701944266,
      1.012524386939574,
      1.1416720154878979,
      1.3916838225838306,
      1.1767242473944715,
      1.1767242473944715
    ],
    [
      1.0267864018338282,
      0.8868346532188824,
      0.8109928016757191,
      0.8402714864928934,
      0.850021964300498,
      1.2139908604504048,
      1.3409449082580678,
      0.9368185870912075,
      0.0,
      0.9496294949029102,
      0.6121852321964911,
      1.1520441281281855,
      0.7847923168730905,
      1.2951522295740103,
      0.6672937248500538,
      0.7403368542848732,
      0.8148230034791037,
      0.8639552928004964,
      1.121737790088149,
      1.6586790600134693,
      0.942419573711743,
      0.8802137244922337,
      1.1767242473944715,
      1.2000959858655273,
      1.2000959858655273
    ],
    [
      0.7494965853366827,
      0.6041590847146232,
      0.9818681852969382,
      0.7850145843610254,
      1.0486148970487335,
      1.1972490907587034,
      0.9252885113435481,
      0.52442858516544,
      0.9496294949029102,
      0.0,
      0.9666428353938522,
      0.9761004121721599,
      1.121324611003072,
      1.3271684610752073,
      1.0551407622901803,
      0.8909756330475928,
      0.8292556229364729,
      0.9356748524036599,
      0.9962261179744644,
      0.8133488536683425,
      1.1026029733966698,
      1.3916838225838306,
      1.2000959858655273,
      0.736917867049198,
      0.736917867049198
    ],
    [
      0.7791748399341166,
      1.1790259208674136,
      0.7849122794115126,
      1.1421444984997504,
      0.9252618442631455,
      1.1240184942707387,
      0.8160143277380021,
      0.8935259004614831,
      0.6121852321964911,
      0.9666428353938522,
      0.0,
      0.9118769370117621,
      0.917369158728623,
      1.0766099265950102,
      0.9697133117357009,
      1.0958516631004547,
      0.8492607561477312,
      0.9904606739262516,
      0.793733235389756,
      1.1725866707518202,
      1.1416720154878979,
      1.1767242473944715,
      0.736917867049198,
      1.0752397120106425,
      1.0752397120106425
    ],
    [
      0.7655950366591072,
      1.1619579567951575,
      1.0227604744674463,
      1.004477053289091,
      1.0936525862607533,
      0.856661546617827,
      1.0342045538651385,
      0.7379198681122736,
      1.1520441281281855,
      0.9761004121721599,
      0.9118769370117621,
      0.0,
      1.1658478098260727,
      1.345087455210513,
      0.7699094240099782,
      0.6973405976792014,
      0.7215753607131957,
      1.176362661507099,
      1.0502943339237978,
      1.012524386939574,
      0.8802137244922337,
      1.2000959858655273,
      1.0752397120106425,
      0.8545211105406603,
      0.8545211105406603
    ],
    [
      0.9150575223341207,
      0.7388564784971468,
      1.0433091072648069,
      0.6588926675012915,
      0.8960204577793646,
      0.8779852393779091,
      1.2382100501081525,
      0.9498388339927977,
      0.7847923168730905,
      1.121324611003072,
      0.917369158728623,
      1.1658478098260727,
      0.0,
      1.2365339551533607,
      0.9882408484756363,
      1.0544820370709698,
      0.9631581298925312,
      1.0234553881278627,
      1.323531701944266,
      0.942419573711743,
      1.3916838225838306,
      0.736917867049198,
      0.8545211105406603,
      0.8758501202482363,
      0.8758501202482363
    ],
    [
      1.1658478098260727,
      1.0949813544978297,
      0.8589476704912603,
      1.0620382527192829,
      1.2658710369678075,
      1.0140016212514145,
      0.7142728534457342,
      1.2514452295405096,
      1.2951522295740103,
      1.3271684610752073,
      1.0766099265950102,
      1.345087455210513,
      1.2365339551533607,
      0.0,
      0.707200245119126,
      0.8554108775645709,
      1.1449707115897139,
      1.1469494999599652,
      1.6586790600134693,
      1.1026029733966698,
      1.1767242473944715,
      1.0752397120106425,
      0.8758501202482363,
      0.7511098064363014,
      0.7511098064363014
    ],
    [
      1.0766099265950102,
      1.345087455210513,
      1.2365339551533607,
      1.3451557290724785,
      0.8392592155359941,
      0.9127901483864488,
      0.9733790028296408,
      1.2365514164285467,
      0.6672937248500538,
      1.0551407622901803,
      0.9697133117357009,
      0.7699094240099782,
      0.9882408484756363,
      0.707200245119126,
      0.0,
      0.8246432907137727,
      1.1517368704431898,
      1.121737790088149,
      0.8133488536683425,
      1.1416720154878979,
      1.2000959858655273,
      0.8545211105406603,
      0.7511098064363014,
      1.1700859692794348,
      1.1700859692794348
    ],
    [
      1.0551407622901803,
      0.9697133117357009,
      0.7699094240099782,
      0.9882408484756363,
      0.707200245119126,
      1.032097060912376,
      0.9347749784697332,
      0.7852333131920195,
      0.7403368542848732,
      0.8909756330475928,
      1.0958516631004547,
      0.6973405976792014,
      1.0544820370709698,
      0.8554108775645709,
      0.8246432907137727,
      0.0,
      0.8639552928004964,
      0.9962261179744644,
      1.1725866707518202,
      0.8802137244922337,
      0.736917867049198,
      0.8758501202482363,
      1.1700859692794348,
      0.6096179763563723,
      0.6096179763563723
    ],
    [
      0.7403368542848732,
      0.8909756330475928,
      1.0958516631004547,
      0.6973405976792014,
      1.0544820370709698,
      0.8554108775645709,
      0.8246432907137727,
      1.0494548427531805,
      0.8148230034791037,
      0.8292556229364729,
      0.8492607561477312,
      0.7215753607131957,
      0.9631581298925312,
      1.1449707115897139,
      1.1517368704431898,
      0.8639552928004964,
      0.0,
      0.793733235389756,
      1.012524386939574,
      1.3916838225838306,
      1.0752397120106425,
      0.7511098064363014,
      0.6096179763563723,
      0.9431764712527706,
      0.9431764712527706
    ],
    [
      1.0494548427531805,
      0.8148230034791037,
      0.8292556229364729,
      0.8492607561477312,
      0.7215753607131957,
      0.9631581298925312,
      1.1449707115897139,
      1.1517368704431898,
      0.8639552928004964,
      0.9356748524036599,
      0.9904606739262516,
      1.176362661507099,
      1.0234553881278627,
      1.1469494999599652,
      1.121737790088149,
      0.9962261179744644,
      0.793733235389756,
      0.0,
      0.942419573711743,
      1.1767242473944715,
      0.8545211105406603,
      1.1700859692794348,
      0.9431764712527706,
      0.8132132006380018,
      0.8132132006380018
    ],
    [
      1.1449707115897139,
      1.1517368704431898,
      0.8639552928004964,
      0.9356748524036599,
      0.9904606739262516,
      1.176362661507099,
      1.0234553881278627,
      1.1469494999599652,
      1.121737790088149,
      0.9962261179744644,
      0.793733235389756,
      1.0502943339237978,
      1.323531701944266,
      1.6586790600134693,
      0.8133488536683425,
      1.1725866707518202,
      1.012524386939574,
      0.942419573711743,
      0.0,
      1.2000959858655273,
      0.8758501202482363,
      0.6096179763563723,
      0.8132132006380018,
      1.3327316709135089,
      1.3327316709135089
    ],
    [
      1.176362661507099,
      1.0234553881278627,
      1.1469494999599652,
      1.121737790088149,
      0.9962261179744644,
      0.793733235389756,
      1.0502943339237978,
      1.323531701944266,
      1.6586790600134693,
      0.8133488536683425,
      1.1725866707518202,
      1.012524386939574,
      0.942419573711743,
      1.1026029733966698,
      1.1416720154878979,
      0.8802137244922337,
      1.3916838225838306,
      1.1767242473944715,
      1.2000959858655273,
      0.0,
      0.7511098064363014,
      0.9431764712527706,
      1.3327316709135089,
      1.136140613450213,
      1.136140613450213
    ],
    [
      0.9962261179744644,
      0.793733235389756,
      1.0502943339237978,
      1.323531701944266,
      1.6586790600134693,
      0.8133488536683425,
      1.1725866707518202,
      1.012524386939574,
      0.942419573711743,
      1.1026029733966698,
      1.1416720154878979,
      0.8802137244922337,
      1.3916838225838306,
      1.1767242473944715,
      1.2000959858655273,
      0.736917867049198,
      1.0752397120106425,
      0.8545211105406603,
      0.8758501202482363,
      0.7511098064363014,
      0.0,
      0.8132132006380018,
      1.136140613450213,
      0.8981570596979833,
      0.8981570596979833
    ],
    [
      1.323531701944266,
      1.6586790600134693,
      0.8133488536683425,
      1.1725866707518202,
      1.012524386939574,
      0.942419573711743,
      1.1026029733966698,
      1.1416720154878979,
      0.8802137244922337,
      1.3916838225838306,
      1.1767242473944715,
      1.2000959858655273,
      0.736917867049198,
      1.0752397120106425,
      0.8545211105406603,
      0.8758501202482363,
      0.7511098064363014,
      1.1700859692794348,
      0.6096179763563723,
      0.9431764712527706,
      0.8132132006380018,
      0.0,
      0.8981570596979833,
      0.9237934887911986,
      0.9237934887911986
    ],
    [
      0.8133488536683425,
      1.1725866707518202,
      1.012524386939574,
      0.942419573711743,
      1.1026029733966698,
      1.1416720154878979,
      0.8802137244922337,
      1.3916838225838306,
      1.1767242473944715,
      1.2000959858655273,
      0.736917867049198,
      1.0752397120106425,
      0.8545211105406603,
      0.8758501202482363,
      0.7511098064363014,
      1.1700859692794348,
      0.6096179763563723,
      0.9431764712527706,
      0.8132132006380018,
      1.3327316709135089,
      1.136140613450213,
      0.8981570596979833,
      0.0,
      0.9731893721551773,
      0.9731893721551773
    ],
    [
      1.1725866707518202,
      1.012524386939574,
      0.942419573711743,
      1.1026029733966698,
      1.1416720154878979,
      0.8802137244922337,
      1.3916838225838306,
      1.1767242473944715,
      1.2000959858655273,
      0.736917867049198,
      1.0752397120106425,
      0.8545211105406603,
      0.8758501202482363,
      0.7511098064363014,
      1.1700859692794348,
      0.6096179763563723,
      0.9431764712527706,
      0.8132132006380018,
      1.3327316709135089,
      1.136140613450213,
      0.8981570596979833,
      0.9237934887911986,
      0.9731893721551773,
      0.0,
      1.2095088958388875
    ],
    [
      1.1725866707518202,
      1.012524386939574,
      0.942419573711743,
      1.1026029733966698,
      1.1416720154878979,
      0.8802137244922337,
      1.3916838225838306,
      1.1767242473944715,
      1.2000959858655273,
      0.736917867049198,
      1.0752397120106425,
      0.8545211105406603,
      0.8758501202482363,
      0.7511098064363014,
      1.1700859692794348,
      0.6096179763563723,
      0.9431764712527706,
      0.8132132006380018,
      1.3327316709135089,
      1.136140613450213,
      0.8981570596979833,
      0.9237934887911986,
      0.9731893721551773,
      1.2095088958388875,
      0.0
    ]
  ]
}