{
  "servicechain": {
    "SC1": {
      "resptime": 34.32699370825272,
      "resptime_old": 24.32699370825272,
      "waittime": 17.721944442143045,
      "servicetime": 10.0,
      "networktime": 6.605049266109676,
      "services": {
        "MS1_1": {
          "meanserv": 0.7057916631965999,
          "stddevserv": 0.7057916631965999,
          "rate": 1.4168486993327487,
          "cv": 1.0,
          "lambda": 0.15
        },
        "MS1_2": {
          "meanserv": 3.8932255128631446,
          "stddevserv": 3.8932255128631446,
          "rate": 0.25685642835125233,
          "cv": 1.0,
          "lambda": 0.15
        },
        "MS1_3": {
          "meanserv": 4.153349573926281,
          "stddevserv": 4.153349573926281,
          "rate": 0.24076952401930166,
          "cv": 1.0,
          "lambda": 0.15
        },
        "MS1_4": {
          "meanserv": 0.15232754561423079,
          "stddevserv": 0.15232754561423079,
          "rate": 6.564800843916294,
          "cv": 1.0,
          "lambda": 0.15
        },
        "MS1_5": {
          "meanserv": 1.0953057043997436,
          "stddevserv": 1.0953057043997436,
          "rate": 0.9129871194709301,
          "cv": 1.0,
          "lambda": 0.15
        }
      },
      "sensors": [
        "S1"
      ],
      "sources": [
        {
          "startTime": 0,
          "stopTime": -1,
          "lambda": 0.15
        }
      ]
    },
    "SC2": {
      "resptime": 30.1071152618838,
      "resptime_old": 20.107115261883802,
      "waittime": 14.971273578567633,
      "servicetime": 10.0,
      "networktime": 5.135841683316167,
      "services": {
        "MS2_1": {
          "meanserv": 1.5297198539461276,
          "stddevserv": 1.5297198539461276,
          "rate": 0.6537144676656704,
          "cv": 1.0,
          "lambda": 0.15
        },
        "MS2_2": {
          "meanserv": 1.3168038254084924,
          "stddevserv": 1.3168038254084924,
          "rate": 0.7594145617626717,
          "cv": 1.0,
          "lambda": 0.15
        },
        "MS2_3": {
          "meanserv": 2.9319628947729983,
          "stddevserv": 2.9319628947729983,
          "rate": 0.34106843636485484,
          "cv": 1.0,
          "lambda": 0.15
        },
        "MS2_4": {
          "meanserv": 4.219041758851104,
          "stddevserv": 4.219041758851104,
          "rate": 0.23702064524535826,
          "cv": 1.0,
          "lambda": 0.15
        },
        "MS2_5": {
          "meanserv": 0.002471667021277213,
          "stddevserv": 0.002471667021277213,
          "rate": 404.58524202149954,
          "cv": 1.0,
          "lambda": 0.15
        }
      },
      "sensors": [
        "S2"
      ],
      "sources": [
        {
          "startTime": 0,
          "stopTime": -1,
          "lambda": 0.15
        }
      ]
    },
    "SC3": {
      "resptime": 40.36231985057263,
      "resptime_old": 30.36231985057263,
      "waittime": 24.305516694995116,
      "servicetime": 10.0,
      "networktime": 6.05680315557751,
      "services": {
        "MS3_1": {
          "meanserv": 0.9930048661135737,
          "stddevserv": 0.9930048661135737,
          "rate": 1.007044410480891,
          "cv": 1.0,
          "lambda": 0.15
        },
        "MS3_2": {
          "meanserv": 0.5570588389726705,
          "stddevserv": 0.5570588389726705,
          "rate": 1.7951425056717578,
          "cv": 1.0,
          "lambda": 0.15
        },
        "MS3_3": {
          "meanserv": 2.4890106670431136,
          "stddevserv": 2.4890106670431136,
          "rate": 0.40176605638575935,
          "cv": 1.0,
          "lambda": 0.15
        },
        "MS3_4": {
          "meanserv": 5.077524231450953,
          "stddevserv": 5.077524231450953,
          "rate": 0.19694637670182819,
          "cv": 1.0,
          "lambda": 0.15
        },
        "MS3_5": {
          "meanserv": 0.8834013964196892,
          "stddevserv": 0.8834013964196892,
          "rate": 1.1319882491162792,
          "cv": 1.0,
          "lambda": 0.15
        }
      },
      "sensors": [
        "S3"
      ],
      "sources": [
        {
          "startTime": 0,
          "stopTime": -1,
          "lambda": 0.15
        }
      ]
    },
    "SC4": {
      "resptime": 39.29481245089398,
      "resptime_old": 29.29481245089398,
      "waittime": 23.884494876411914,
      "servicetime": 10.0,
      "networktime": 5.410317574482066,
      "services": {
        "MS4_1": {
          "meanserv": 4.924608784501956,
          "stddevserv": 4.924608784501956,
          "rate": 0.20306181541710702,
          "cv": 1.0,
          "lambda": 0.15
        },
        "MS4_2": {
          "meanserv": 0.14377176423258575,
          "stddevserv": 0.14377176423258575,
          "rate": 6.955468657825309,
          "cv": 1.0,
          "lambda": 0.15
        },
        "MS4_3": {
          "meanserv": 0.2672363710686616,
          "stddevserv": 0.2672363710686616,
          "rate": 3.742005610991731,
          "cv": 1.0,
          "lambda": 0.15
        },
        "MS4_4": {
          "meanserv": 3.207903244847464,
          "stddevserv": 3.207903244847464,
          "rate": 0.31173010021614606,
          "cv": 1.0,
          "lambda": 0.15
        },
        "MS4_5": {
          "meanserv": 1.4564798353493327,
          "stddevserv": 1.4564798353493327,
          "rate": 0.6865869171200388,
          "cv": 1.0,
          "lambda": 0.15
        }
      },
      "sensors": [
        "S4"
      ],
      "sources": [
        {
          "startTime": 0,
          "stopTime": -1,
          "lambda": 0.15
        }
      ]
    }
  },
  "microservice": {
    "MS1_1": "F6",
    "MS1_2": "F7",
    "MS1_3": "F4",
    "MS1_4": "F10",
    "MS1_5": "F10",
    "MS2_1": "F6",
    "MS2_2": "F6",
    "MS2_3": "F8",
    "MS2_4": "F3",
    "MS2_5": "F8",
    "MS3_1": "F10",
    "MS3_2": "F10",
    "MS3_3": "F9",
    "MS3_4": "F1",
    "MS3_5": "F9",
    "MS4_1": "F2",
    "MS4_2": "F6",
    "MS4_3": "F5",
    "MS4_4": "F5",
    "MS4_5": "F10"
  },
  "sensor": {
    "S1": "F6",
    "S2": "F6",
    "S3": "F10",
    "S4": "F2"
  },
  "fog": {
    "F1": {
      "rho": 0.7616286347176429,
      "capacity": 1.0,
      "tserv": 5.077524231450953,
      "stddev": 5.077524231450953,
      "mu": 0.19694637670182819,
      "cv": 1.0,
      "lambda": 0.15,
      "twait": 16.22337416058742
    },
    "F2": {
      "rho": 0.7386913176752934,
      "capacity": 1.0,
      "tserv": 4.924608784501956,
      "stddev": 4.924608784501956,
      "mu": 0.20306181541710702,
      "cv": 1.0,
      "lambda": 0.15,
      "twait": 13.921335179895497
    },
    "F3": {
      "rho": 0.6328562638276657,
      "capacity": 1.0,
      "tserv": 4.219041758851104,
      "stddev": 4.219041758851104,
      "mu": 0.23702064524535826,
      "cv": 1.0,
      "lambda": 0.15,
      "twait": 7.272484156412557
    },
    "F4": {
      "rho": 0.6230024360889421,
      "capacity": 1.0,
      "tserv": 4.153349573926281,
      "stddev": 4.153349573926281,
      "mu": 0.24076952401930166,
      "cv": 1.0,
      "lambda": 0.15,
      "twait": 6.863563986040777
    },
    "F5": {
      "rho": 0.5212709423874188,
      "capacity": 1.0,
      "tserv": 1.7375698079580626,
      "stddev": 2.7097803727972893,
      "mu": 0.5755164456817816,
      "cv": 1.559523168730549,
      "lambda": 0.3,
      "twait": 3.2467399904657
    },
    "F6": {
      "rho": 0.5544130660175709,
      "capacity": 1.0,
      "tserv": 0.9240217766959515,
      "stddev": 1.201081772940354,
      "mu": 1.0822255765180402,
      "cv": 1.2998414141656844,
      "lambda": 0.6,
      "twait": 1.5461048073652277
    },
    "F7": {
      "rho": 0.5839838269294717,
      "capacity": 1.0,
      "tserv": 3.893225512863145,
      "stddev": 3.8932255128631446,
      "mu": 0.25685642835125233,
      "cv": 0.9999999999999999,
      "lambda": 0.15,
      "twait": 5.465125832297458
    },
    "F8": {
      "rho": 0.4401651842691413,
      "capacity": 1.0,
      "tserv": 1.4672172808971378,
      "stddev": 2.5384416432331736,
      "mu": 0.6815623105178701,
      "cv": 1.7301061514767806,
      "lambda": 0.3,
      "twait": 2.3032899037123107
    },
    "F9": {
      "rho": 0.5058618095194204,
      "capacity": 1.0,
      "tserv": 1.6862060317314014,
      "stddev": 2.0328013543883974,
      "mu": 0.5930473389264282,
      "cv": 1.2055474337860783,
      "lambda": 0.3,
      "twait": 2.11749635898406
    },
    "F10": {
      "rho": 0.6381265185674327,
      "capacity": 1.0,
      "tserv": 0.8508353580899103,
      "stddev": 1.0641058172541948,
      "mu": 1.1753155184393818,
      "cv": 1.2506600802804761,
      "lambda": 0.75,
      "twait": 1.9235749082197904
    }
  },
  "extra": {
    "deltatime": 0.0143663,
    "obj_func": 36.022810317900785
  },
  "network": [
    [
      0.0,
      2.156929265448638,
      2.0792456762698657,
      2.1763908330886306,
      2.1924807714671317,
      2.1393689649721557,
      1.9939605694689198,
      1.824200305633937,
      1.9230161028543669,
      1.9230161028543669
    ],
    [
      2.156929265448638,
      0.0,
      2.4978097442152842,
      2.3005709927801257,
      1.8806384590087166,
      1.432065772653501,
      1.9184156667747856,
      1.9230161028543669,
      1.538002774131194,
      1.538002774131194
    ],
    [
      2.0792456762698657,
      2.4978097442152842,
      0.0,
      1.9031670782592085,
      2.377008245397173,
      2.3448211806218984,
      1.824200305633937,
      1.538002774131194,
      2.156462876937292,
      2.156462876937292
    ],
    [
      2.1763908330886306,
      2.3005709927801257,
      1.9031670782592085,
      0.0,
      2.1014426348469897,
      1.9939605694689198,
      1.9230161028543669,
      2.156462876937292,
      2.525570286318016,
      2.525570286318016
    ],
    [
      2.1924807714671317,
      1.8806384590087166,
      2.377008245397173,
      2.1014426348469897,
      0.0,
      1.9184156667747856,
      1.538002774131194,
      2.525570286318016,
      2.059836135053779,
      2.059836135053779
    ],
    [
      2.1393689649721557,
      1.432065772653501,
      2.3448211806218984,
      1.9939605694689198,
      1.9184156667747856,
      0.0,
      2.156462876937292,
      2.059836135053779,
      2.1421008622947344,
      2.1421008622947344
    ],
    [
      1.9939605694689198,
      1.9184156667747856,
      1.824200305633937,
      1.9230161028543669,
      1.538002774131194,
      2.156462876937292,
      0.0,
      2.1421008622947344,
      2.348511701116183,
      2.348511701116183
    ],
    [
      1.824200305633937,
      1.9230161028543669,
      1.538002774131194,
      2.156462876937292,
      2.525570286318016,
      2.059836135053779,
      2.1421008622947344,
      0.0,
      2.3505332969563804,
      2.3505332969563804
    ],
    [
      1.9230161028543669,
      1.538002774131194,
      2.156462876937292,
      2.525570286318016,
      2.059836135053779,
      2.1421008622947344,
      2.348511701116183,
      2.3505332969563804,
      0.0,
      2.210770949868777
    ],
    [
      1.9230161028543669,
      1.538002774131194,
      2.156462876937292,
      2.525570286318016,
      2.059836135053779,
      2.1421008622947344,
      2.348511701116183,
      2.3505332969563804,
      2.210770949868777,
      0.0
    ]
  ]
}