{
  "servicechain": {
    "SC1": {
      "resptime": 39.569762524145816,
      "resptime_old": 29.569762524145823,
      "waittime": 24.826803382569516,
      "servicetime": 10.0,
      "networktime": 4.742959141576302,
      "services": {
        "MS1_1": {
          "meanserv": 0.7623184340042344,
          "stddevserv": 0.7623184340042344,
          "rate": 1.3117877718728306,
          "cv": 1.0,
          "lambda": 0.15
        },
        "MS1_2": {
          "meanserv": 0.9280615005008508,
          "stddevserv": 0.9280615005008508,
          "rate": 1.0775147977373545,
          "cv": 1.0,
          "lambda": 0.15
        },
        "MS1_3": {
          "meanserv": 0.13028965090362554,
          "stddevserv": 0.13028965090362554,
          "rate": 7.6752066880560905,
          "cv": 1.0,
          "lambda": 0.15
        },
        "MS1_4": {
          "meanserv": 0.19205786788086399,
          "stddevserv": 0.19205786788086399,
          "rate": 5.206764039577452,
          "cv": 1.0,
          "lambda": 0.15
        },
        "MS1_5": {
          "meanserv": 3.3602827805925912,
          "stddevserv": 3.3602827805925912,
          "rate": 0.29759400184279977,
          "cv": 1.0,
          "lambda": 0.15
        },
        "MS1_6": {
          "meanserv": 0.12990622634519244,
          "stddevserv": 0.12990622634519244,
          "rate": 7.697860434670442,
          "cv": 1.0,
          "lambda": 0.15
        },
        "MS1_7": {
          "meanserv": 1.2507516706968564,
          "stddevserv": 1.2507516706968564,
          "rate": 0.7995192198646833,
          "cv": 1.0,
          "lambda": 0.15
        },
        "MS1_8": {
          "meanserv": 0.03462889524146462,
          "stddevserv": 0.03462889524146462,
          "rate": 28.877617753239804,
          "cv": 1.0,
          "lambda": 0.15
        },
        "MS1_9": {
          "meanserv": 0.8043207600042903,
          "stddevserv": 0.8043207600042903,
          "rate": 1.243285079443512,
          "cv": 1.0,
          "lambda": 0.15
        },
        "MS1_10": {
          "meanserv": 0.03965259248910247,
          "stddevserv": 0.03965259248910247,
          "rate": 25.219032028607593,
          "cv": 1.0,
          "lambda": 0.15
        },
        "MS1_11": {
          "meanserv": 2.0983047421457073,
          "stddevserv": 2.0983047421457073,
          "rate": 0.47657519897582135,
          "cv": 1.0,
          "lambda": 0.15
        },
        "MS1_12": {
          "meanserv": 0.2694248791952205,
          "stddevserv": 0.2694248791952205,
          "rate": 3.7116097184010153,
          "cv": 1.0,
          "lambda": 0.15
        }
      },
      "sensors": [
        "S1"
      ],
      "sources": [
        {
          "startTime": 0,
          "stopTime": -1,
          "lambda": 0.15
        }
      ]
    },
    "SC2": {
      "resptime": 37.52991260935947,
      "resptime_old": 27.529912609359474,
      "waittime": 23.116387369187144,
      "servicetime": 10.0,
      "networktime": 4.413525240172326,
      "services": {
        "MS2_1": {
          "meanserv": 1.6365887794116663,
          "stddevserv": 1.6365887794116663,
          "rate": 0.611027041477999,
          "cv": 1.0,
          "lambda": 0.15
        },
        "MS2_2": {
          "meanserv": 0.9614947766845294,
          "stddevserv": 0.9614947766845294,
          "rate": 1.0400472516847632,
          "cv": 1.0,
          "lambda": 0.15
        },
        "MS2_3": {
          "meanserv": 0.5365412650139021,
          "stddevserv": 0.5365412650139021,
          "rate": 1.8637895446384527,
          "cv": 1.0,
          "lambda": 0.15
        },
        "MS2_4": {
          "meanserv": 0.23270668145555273,
          "stddevserv": 0.23270668145555273,
          "rate": 4.2972552130652995,
          "cv": 1.0,
          "lambda": 0.15
        },
        "MS2_5": {
          "meanserv": 2.4631854380442855,
          "stddevserv": 2.4631854380442855,
          "rate": 0.4059783662873461,
          "cv": 1.0,
          "lambda": 0.15
        },
        "MS2_6": {
          "meanserv": 1.361535003030375,
          "stddevserv": 1.361535003030375,
          "rate": 0.7344651424857203,
          "cv": 1.0,
          "lambda": 0.15
        },
        "MS2_7": {
          "meanserv": 0.08839571366264476,
          "stddevserv": 0.08839571366264476,
          "rate": 11.312765727718663,
          "cv": 1.0,
          "lambda": 0.15
        },
        "MS2_8": {
          "meanserv": 1.1094874815713265,
          "stddevserv": 1.1094874815713265,
          "rate": 0.9013170645095847,
          "cv": 1.0,
          "lambda": 0.15
        },
        "MS2_9": {
          "meanserv": 0.8572139019701286,
          "stddevserv": 0.8572139019701286,
          "rate": 1.1665699747772489,
          "cv": 1.0,
          "lambda": 0.15
        },
        "MS2_10": {
          "meanserv": 0.09023020636171886,
          "stddevserv": 0.09023020636171886,
          "rate": 11.082763082588503,
          "cv": 1.0,
          "lambda": 0.15
        },
        "MS2_11": {
          "meanserv": 0.08593013851666065,
          "stddevserv": 0.08593013851666065,
          "rate": 11.637360503103507,
          "cv": 1.0,
          "lambda": 0.15
        },
        "MS2_12": {
          "meanserv": 0.5766906142772097,
          "stddevserv": 0.5766906142772097,
          "rate": 1.7340320359701735,
          "cv": 1.0,
          "lambda": 0.15
        }
      },
      "sensors": [
        "S2"
      ],
      "sources": [
        {
          "startTime": 0,
          "stopTime": -1,
          "lambda": 0.15
        }
      ]
    },
    "SC3": {
      "resptime": 36.502317363176594,
      "resptime_old": 26.502317363176594,
      "waittime": 23.009951002848496,
      "servicetime": 10.0,
      "networktime": 3.4923663603281,
      "services": {
        "MS3_1": {
          "meanserv": 1.5235491678406876,
          "stddevserv": 1.5235491678406876,
          "rate": 0.6563621451201939,
          "cv": 1.0,
          "lambda": 0.15
        },
        "MS3_2": {
          "meanserv": 0.8223079858837443,
          "stddevserv": 0.8223079858837443,
          "rate": 1.2160893693927683,
          "cv": 1.0,
          "lambda": 0.15
        },
        "MS3_3": {
          "meanserv": 1.6600607653943564,
          "stddevserv": 1.6600607653943564,
          "rate": 0.6023875877594423,
          "cv": 1.0,
          "lambda": 0.15
        },
        "MS3_4": {
          "meanserv": 0.23247990327610069,
          "stddevserv": 0.23247990327610069,
          "rate": 4.301447075244037,
          "cv": 1.0,
          "lambda": 0.15
        },
        "MS3_5": {
          "meanserv": 0.06351196638624312,
          "stddevserv": 0.06351196638624312,
          "rate": 15.745064385482527,
          "cv": 1.0,
          "lambda": 0.15
        },
        "MS3_6": {
          "meanserv": 0.8974435103221241,
          "stddevserv": 0.8974435103221241,
          "rate": 1.1142762619577746,
          "cv": 1.0,
          "lambda": 0.15
        },
        "MS3_7": {
          "meanserv": 0.026515168486763052,
          "stddevserv": 0.026515168486763052,
          "rate": 37.71426157443509,
          "cv": 1.0,
          "lambda": 0.15
        },
        "MS3_8": {
          "meanserv": 0.2923015034348815,
          "stddevserv": 0.2923015034348815,
          "rate": 3.421125065211232,
          "cv": 1.0,
          "lambda": 0.15
        },
        "MS3_9": {
          "meanserv": 1.2106861707086063,
          "stddevserv": 1.2106861707086063,
          "rate": 0.8259778827858477,
          "cv": 1.0,
          "lambda": 0.15
        },
        "MS3_10": {
          "meanserv": 0.5925021431475397,
          "stddevserv": 0.5925021431475397,
          "rate": 1.6877576082471466,
          "cv": 1.0,
          "lambda": 0.15
        },
        "MS3_11": {
          "meanserv": 0.49766919952441047,
          "stddevserv": 0.49766919952441047,
          "rate": 2.009366866496126,
          "cv": 1.0,
          "lambda": 0.15
        },
        "MS3_12": {
          "meanserv": 2.1809725155945427,
          "stddevserv": 2.1809725155945427,
          "rate": 0.4585110508498983,
          "cv": 1.0,
          "lambda": 0.15
        }
      },
      "sensors": [
        "S3"
      ],
      "sources": [
        {
          "startTime": 0,
          "stopTime": -1,
          "lambda": 0.15
        }
      ]
    },
    "SC4": {
      "resptime": 40.527000554745804,
      "resptime_old": 30.527000554745808,
      "waittime": 24.112031701726405,
      "servicetime": 10.0,
      "networktime": 6.414968853019393,
      "services": {
        "MS4_1": {
          "meanserv": 0.19946923845444609,
          "stddevserv": 0.19946923845444609,
          "rate": 5.013304345814584,
          "cv": 1.0,
          "lambda": 0.15
        },
        "MS4_2": {
          "meanserv": 0.9218107238594064,
          "stddevserv": 0.9218107238594064,
          "rate": 1.084821400008489,
          "cv": 1.0,
          "lambda": 0.15
        },
        "MS4_3": {
          "meanserv": 0.3148507282459245,
          "stddevserv": 0.3148507282459245,
          "rate": 3.176108264291252,
          "cv": 1.0,
          "lambda": 0.15
        },
        "MS4_4": {
          "meanserv": 1.0101073789786896,
          "stddevserv": 1.0101073789786896,
          "rate": 0.9899937579023439,
          "cv": 1.0,
          "lambda": 0.15
        },
        "MS4_5": {
          "meanserv": 1.3860353247393453,
          "stddevserv": 1.3860353247393453,
          "rate": 0.721482333206809,
          "cv": 1.0,
          "lambda": 0.15
        },
        "MS4_6": {
          "meanserv": 0.7316010647853561,
          "stddevserv": 0.7316010647853561,
          "rate": 1.3668651511509065,
          "cv": 1.0,
          "lambda": 0.15
        },
        "MS4_7": {
          "meanserv": 0.39380316623121914,
          "stddevserv": 0.39380316623121914,
          "rate": 2.539339664457792,
          "cv": 1.0,
          "lambda": 0.15
        },
        "MS4_8": {
          "meanserv": 0.4971214230012997,
          "stddevserv": 0.4971214230012997,
          "rate": 2.0115809814886725,
          "cv": 1.0,
          "lambda": 0.15
        },
        "MS4_9": {
          "meanserv": 0.8652490510629116,
          "stddevserv": 0.8652490510629116,
          "rate": 1.1557366041275101,
          "cv": 1.0,
          "lambda": 0.15
        },
        "MS4_10": {
          "meanserv": 1.1841083257799152,
          "stddevserv": 1.1841083257799152,
          "rate": 0.844517328548761,
          "cv": 1.0,
          "lambda": 0.15
        },
        "MS4_11": {
          "meanserv": 1.3643912732502992,
          "stddevserv": 1.3643912732502992,
          "rate": 0.7329275843415255,
          "cv": 1.0,
          "lambda": 0.15
        },
        "MS4_12": {
          "meanserv": 1.131452301611187,
          "stddevserv": 1.131452301611187,
          "rate": 0.8838198469135649,
          "cv": 1.0,
          "lambda": 0.15
        }
      },
      "sensors": [
        "S4"
      ],
      "sources": [
        {
          "startTime": 0,
          "stopTime": -1,
          "lambda": 0.15
        }
      ]
    }
  },
  "microservice": {
    "MS1_1": "F2",
    "MS1_2": "F3",
    "MS1_3": "F6",
    "MS1_4": "F6",
    "MS1_5": "F1",
    "MS1_6": "F10",
    "MS1_7": "F10",
    "MS1_8": "F10",
    "MS1_9": "F5",
    "MS1_10": "F5",
    "MS1_11": "F4",
    "MS1_12": "F4",
    "MS2_1": "F6",
    "MS2_2": "F4",
    "MS2_3": "F3",
    "MS2_4": "F2",
    "MS2_5": "F2",
    "MS2_6": "F10",
    "MS2_7": "F10",
    "MS2_8": "F6",
    "MS2_9": "F6",
    "MS2_10": "F6",
    "MS2_11": "F6",
    "MS2_12": "F4",
    "MS3_1": "F7",
    "MS3_2": "F7",
    "MS3_3": "F5",
    "MS3_4": "F7",
    "MS3_5": "F7",
    "MS3_6": "F9",
    "MS3_7": "F9",
    "MS3_8": "F9",
    "MS3_9": "F9",
    "MS3_10": "F9",
    "MS3_11": "F10",
    "MS3_12": "F3",
    "MS4_1": "F8",
    "MS4_2": "F8",
    "MS4_3": "F5",
    "MS4_4": "F5",
    "MS4_5": "F8",
    "MS4_6": "F8",
    "MS4_7": "F7",
    "MS4_8": "F5",
    "MS4_9": "F10",
    "MS4_10": "F8",
    "MS4_11": "F9",
    "MS4_12": "F7"
  },
  "sensor": {
    "S1": "F2",
    "S2": "F6",
    "S3": "F7",
    "S4": "F8"
  },
  "fog": {
    "F1": {
      "rho": 0.5040424170888888,
      "capacity": 1.0,
      "tserv": 3.3602827805925912,
      "stddev": 3.3602827805925912,
      "mu": 0.29759400184279977,
      "cv": 1.0,
      "lambda": 0.15,
      "twait": 3.415060305944798
    },
    "F2": {
      "rho": 0.5187315830256108,
      "capacity": 1.0,
      "tserv": 1.1527368511680243,
      "stddev": 1.7718842935415744,
      "mu": 0.8675006780487136,
      "cv": 1.5371108260711814,
      "lambda": 0.44999999999999996,
      "twait": 2.0890310043865257
    },
    "F3": {
      "rho": 0.5468362921663943,
      "capacity": 1.0,
      "tserv": 1.2151917603697653,
      "stddev": 1.568604320162257,
      "mu": 0.8229153888401238,
      "cv": 1.2908286340626218,
      "lambda": 0.44999999999999996,
      "twait": 1.9548616833594439
    },
    "F4": {
      "rho": 0.5858872518454,
      "capacity": 1.0,
      "tserv": 0.9764787530756668,
      "stddev": 1.3830212066724001,
      "mu": 1.0240878225463146,
      "cv": 1.4163351760765148,
      "lambda": 0.6,
      "twait": 2.0764333574032374
    },
    "F5": {
      "rho": 0.6489170472170495,
      "capacity": 1.0,
      "tserv": 0.7210189413522772,
      "stddev": 1.034614038156489,
      "mu": 1.386926116149586,
      "cv": 1.434933229654219,
      "lambda": 0.9,
      "twait": 2.038357399896543
    },
    "F6": {
      "rho": 0.6152697039923986,
      "capacity": 1.0,
      "tserv": 0.5859711466594272,
      "stddev": 1.001687209301363,
      "mu": 1.7065686692952664,
      "cv": 1.7094480078275158,
      "lambda": 1.05,
      "twait": 1.8377502852896501
    },
    "F7": {
      "rho": 0.6250656736843774,
      "capacity": 1.0,
      "tserv": 0.6945174152048637,
      "stddev": 1.0072528795796012,
      "mu": 1.4398487037290884,
      "cv": 1.4502917529900803,
      "lambda": 0.9,
      "twait": 1.7966100041287203
    },
    "F8": {
      "rho": 0.6634537016427704,
      "capacity": 1.0,
      "tserv": 0.8846049355236939,
      "stddev": 1.0567222576308848,
      "mu": 1.1304481354809435,
      "cv": 1.1945697058600468,
      "lambda": 0.75,
      "twait": 2.116188579768769
    },
    "F9": {
      "rho": 0.657575965402532,
      "capacity": 1.0,
      "tserv": 0.730639961558369,
      "stddev": 0.994723941120097,
      "mu": 1.3686631619041447,
      "cv": 1.3614420144751842,
      "lambda": 0.9,
      "twait": 2.001873827035533
    },
    "F10": {
      "rho": 0.6342203639345783,
      "capacity": 1.0,
      "tserv": 0.6040193942234079,
      "stddev": 0.9507047684861724,
      "mu": 1.6555759791218414,
      "cv": 1.5739639779422983,
      "lambda": 1.05,
      "twait": 1.8209227678999622
    }
  },
  "extra": {
    "deltatime": 0.0574942,
    "obj_func": 38.53224826285692
  },
  "network": [
    [
      0.0,
      0.9596287355671882,
      0.7519827649240286,
      1.0466970918068603,
      1.0575305419985794,
      0.6062448785905741,
      0.7401724237782997,
      0.9329838344344064,
      0.8152157154401025,
      0.8152157154401025
    ],
    [
      0.9596287355671882,
      0.0,
      0.7981811681115447,
      1.1017679229062467,
      0.905113347698157,
      0.7203680968916374,
      0.9766658171091267,
      0.8152157154401025,
      0.5403799242618165,
      0.5403799242618165
    ],
    [
      0.7519827649240286,
      0.7981811681115447,
      0.0,
      0.6776077705163246,
      0.6517436929712185,
      0.7705758039384482,
      0.9329838344344064,
      0.5403799242618165,
      0.9230374446026346,
      0.9230374446026346
    ],
    [
      1.0466970918068603,
      1.1017679229062467,
      0.6776077705163246,
      0.0,
      0.8723297240171486,
      0.7401724237782997,
      0.8152157154401025,
      0.9230374446026346,
      0.828942161919087,
      0.828942161919087
    ],
    [
      1.0575305419985794,
      0.905113347698157,
      0.6517436929712185,
      0.8723297240171486,
      0.0,
      0.9766658171091267,
      0.5403799242618165,
      0.828942161919087,
      0.8804118514784842,
      0.8804118514784842
    ],
    [
      0.6062448785905741,
      0.7203680968916374,
      0.7705758039384482,
      0.7401724237782997,
      0.9766658171091267,
      0.0,
      0.9230374446026346,
      0.8804118514784842,
      0.9170115297260408,
      0.9170115297260408
    ],
    [
      0.7401724237782997,
      0.9766658171091267,
      0.9329838344344064,
      0.8152157154401025,
      0.5403799242618165,
      0.9230374446026346,
      0.0,
      0.9170115297260408,
      0.965756646762781,
      0.965756646762781
    ],
    [
      0.9329838344344064,
      0.8152157154401025,
      0.5403799242618165,
      0.9230374446026346,
      0.828942161919087,
      0.8804118514784842,
      0.9170115297260408,
      0.0,
      0.7267622884760486,
      0.7267622884760486
    ],
    [
      0.8152157154401025,
      0.5403799242618165,
      0.9230374446026346,
      0.828942161919087,
      0.8804118514784842,
      0.9170115297260408,
      0.965756646762781,
      0.7267622884760486,
      0.0,
      0.5228124204390511
    ],
    [
      0.8152157154401025,
      0.5403799242618165,
      0.9230374446026346,
      0.828942161919087,
      0.8804118514784842,
      0.9170115297260408,
      0.965756646762781,
      0.7267622884760486,
      0.5228124204390511,
      0.0
    ]
  ]
}