{
  "servicechain": {
    "SC1": {
      "resptime": 32.914934022887735,
      "resptime_old": 22.914934022887742,
      "waittime": 19.129376129262806,
      "servicetime": 10.0,
      "networktime": 3.785557893624931,
      "services": {
        "MS1_1": {
          "meanserv": 0.6919563318768984,
          "stddevserv": 0.6919563318768984,
          "rate": 1.4451779020325572,
          "cv": 1.0,
          "lambda": 0.15
        },
        "MS1_2": {
          "meanserv": 4.347113752650601,
          "stddevserv": 4.347113752650601,
          "rate": 0.230037688659576,
          "cv": 1.0,
          "lambda": 0.15
        },
        "MS1_3": {
          "meanserv": 0.12140601505708393,
          "stddevserv": 0.12140601505708393,
          "rate": 8.236824176543557,
          "cv": 1.0,
          "lambda": 0.15
        },
        "MS1_4": {
          "meanserv": 0.8716428764891218,
          "stddevserv": 0.8716428764891218,
          "rate": 1.1472588453058736,
          "cv": 1.0,
          "lambda": 0.15
        },
        "MS1_5": {
          "meanserv": 0.39360992952851337,
          "stddevserv": 0.39360992952851337,
          "rate": 2.5405863139627916,
          "cv": 1.0,
          "lambda": 0.15
        },
        "MS1_6": {
          "meanserv": 1.8165105583484547,
          "stddevserv": 1.8165105583484547,
          "rate": 0.5505060212307192,
          "cv": 1.0,
          "lambda": 0.15
        },
        "MS1_7": {
          "meanserv": 0.23624792345259849,
          "stddevserv": 0.23624792345259849,
          "rate": 4.232841437866196,
          "cv": 1.0,
          "lambda": 0.15
        },
        "MS1_8": {
          "meanserv": 0.5983041467705608,
          "stddevserv": 0.5983041467705608,
          "rate": 1.6713907222566562,
          "cv": 1.0,
          "lambda": 0.15
        },
        "MS1_9": {
          "meanserv": 0.11529087831865326,
          "stddevserv": 0.11529087831865326,
          "rate": 8.673713086269437,
          "cv": 1.0,
          "lambda": 0.15
        },
        "MS1_10": {
          "meanserv": 0.8079175875075144,
          "stddevserv": 0.8079175875075144,
          "rate": 1.2377500075039511,
          "cv": 1.0,
          "lambda": 0.15
        }
      },
      "sensors": [
        "S1"
      ],
      "sources": [
        {
          "startTime": 0,
          "stopTime": -1,
          "lambda": 0.15
        }
      ]
    },
    "SC2": {
      "resptime": 30.550830589507665,
      "resptime_old": 20.550830589507672,
      "waittime": 15.078543555315422,
      "servicetime": 10.0,
      "networktime": 5.472287034192244,
      "services": {
        "MS2_1": {
          "meanserv": 0.52577116932634,
          "stddevserv": 0.52577116932634,
          "rate": 1.901968115294872,
          "cv": 1.0,
          "lambda": 0.15
        },
        "MS2_2": {
          "meanserv": 1.4161948147731318,
          "stddevserv": 1.4161948147731318,
          "rate": 0.7061175408696829,
          "cv": 1.0,
          "lambda": 0.15
        },
        "MS2_3": {
          "meanserv": 1.8734353810391502,
          "stddevserv": 1.8734353810391502,
          "rate": 0.5337787521901736,
          "cv": 1.0,
          "lambda": 0.15
        },
        "MS2_4": {
          "meanserv": 0.3976363194565167,
          "stddevserv": 0.3976363194565167,
          "rate": 2.5148608189684105,
          "cv": 1.0,
          "lambda": 0.15
        },
        "MS2_5": {
          "meanserv": 0.4049473307379641,
          "stddevserv": 0.4049473307379641,
          "rate": 2.4694569493213585,
          "cv": 1.0,
          "lambda": 0.15
        },
        "MS2_6": {
          "meanserv": 0.7293028108263444,
          "stddevserv": 0.7293028108263444,
          "rate": 1.371172557071238,
          "cv": 1.0,
          "lambda": 0.15
        },
        "MS2_7": {
          "meanserv": 0.455472585527283,
          "stddevserv": 0.455472585527283,
          "rate": 2.1955218201383926,
          "cv": 1.0,
          "lambda": 0.15
        },
        "MS2_8": {
          "meanserv": 1.9579048302239777,
          "stddevserv": 1.9579048302239777,
          "rate": 0.510750055142161,
          "cv": 1.0,
          "lambda": 0.15
        },
        "MS2_9": {
          "meanserv": 0.21658215938075642,
          "stddevserv": 0.21658215938075642,
          "rate": 4.617185472982459,
          "cv": 1.0,
          "lambda": 0.15
        },
        "MS2_10": {
          "meanserv": 2.0227525987085357,
          "stddevserv": 2.0227525987085357,
          "rate": 0.49437583253556006,
          "cv": 1.0,
          "lambda": 0.15
        }
      },
      "sensors": [
        "S2"
      ],
      "sources": [
        {
          "startTime": 0,
          "stopTime": -1,
          "lambda": 0.15
        }
      ]
    },
    "SC3": {
      "resptime": 31.021922454397743,
      "resptime_old": 21.021922454397743,
      "waittime": 15.502032730009603,
      "servicetime": 10.0,
      "networktime": 5.51988972438814,
      "services": {
        "MS3_1": {
          "meanserv": 0.1420926696494229,
          "stddevserv": 0.1420926696494229,
          "rate": 7.037660721466087,
          "cv": 1.0,
          "lambda": 0.15
        },
        "MS3_2": {
          "meanserv": 0.44409318076209625,
          "stddevserv": 0.44409318076209625,
          "rate": 2.251779678949195,
          "cv": 1.0,
          "lambda": 0.15
        },
        "MS3_3": {
          "meanserv": 1.1928880399934783,
          "stddevserv": 1.1928880399934783,
          "rate": 0.838301639779595,
          "cv": 1.0,
          "lambda": 0.15
        },
        "MS3_4": {
          "meanserv": 0.7349897571996211,
          "stddevserv": 0.7349897571996211,
          "rate": 1.3605631782000505,
          "cv": 1.0,
          "lambda": 0.15
        },
        "MS3_5": {
          "meanserv": 1.4756818423142124,
          "stddevserv": 1.4756818423142124,
          "rate": 0.6776528458409214,
          "cv": 1.0,
          "lambda": 0.15
        },
        "MS3_6": {
          "meanserv": 0.424810625999128,
          "stddevserv": 0.424810625999128,
          "rate": 2.35399008122281,
          "cv": 1.0,
          "lambda": 0.15
        },
        "MS3_7": {
          "meanserv": 1.0862885904183042,
          "stddevserv": 1.0862885904183042,
          "rate": 0.9205656846813824,
          "cv": 1.0,
          "lambda": 0.15
        },
        "MS3_8": {
          "meanserv": 0.8139538434051463,
          "stddevserv": 0.8139538434051463,
          "rate": 1.228570892689119,
          "cv": 1.0,
          "lambda": 0.15
        },
        "MS3_9": {
          "meanserv": 0.21780376955169345,
          "stddevserv": 0.21780376955169345,
          "rate": 4.591288764461262,
          "cv": 1.0,
          "lambda": 0.15
        },
        "MS3_10": {
          "meanserv": 3.467397680706897,
          "stddevserv": 3.467397680706897,
          "rate": 0.2884007235639987,
          "cv": 1.0,
          "lambda": 0.15
        }
      },
      "sensors": [
        "S3"
      ],
      "sources": [
        {
          "startTime": 0,
          "stopTime": -1,
          "lambda": 0.15
        }
      ]
    },
    "SC4": {
      "resptime": 33.36090583967239,
      "resptime_old": 23.36090583967239,
      "waittime": 19.472699561146992,
      "servicetime": 10.0,
      "networktime": 3.8882062785253995,
      "services": {
        "MS4_1": {
          "meanserv": 1.8035390627872638,
          "stddevserv": 1.8035390627872638,
          "rate": 0.5544653956397033,
          "cv": 1.0,
          "lambda": 0.15
        },
        "MS4_2": {
          "meanserv": 0.6251623046086527,
          "stddevserv": 0.6251623046086527,
          "rate": 1.5995846080738874,
          "cv": 1.0,
          "lambda": 0.15
        },
        "MS4_3": {
          "meanserv": 0.4395866301347118,
          "stddevserv": 0.4395866301347118,
          "rate": 2.2748644554852566,
          "cv": 1.0,
          "lambda": 0.15
        },
        "MS4_4": {
          "meanserv": 0.5337584191922042,
          "stddevserv": 0.5337584191922042,
          "rate": 1.8735067477032228,
          "cv": 1.0,
          "lambda": 0.15
        },
        "MS4_5": {
          "meanserv": 1.4655405274496127,
          "stddevserv": 1.4655405274496127,
          "rate": 0.6823420992254896,
          "cv": 1.0,
          "lambda": 0.15
        },
        "MS4_6": {
          "meanserv": 0.2832691727050838,
          "stddevserv": 0.2832691727050838,
          "rate": 3.530211178471992,
          "cv": 1.0,
          "lambda": 0.15
        },
        "MS4_7": {
          "meanserv": 1.4164318720929696,
          "stddevserv": 1.4164318720929696,
          "rate": 0.7059993634020426,
          "cv": 1.0,
          "lambda": 0.15
        },
        "MS4_8": {
          "meanserv": 1.9303637191687404,
          "stddevserv": 1.9303637191687404,
          "rate": 0.5180370880730307,
          "cv": 1.0,
          "lambda": 0.15
        },
        "MS4_9": {
          "meanserv": 1.2839104480605368,
          "stddevserv": 1.2839104480605368,
          "rate": 0.7788705213129083,
          "cv": 1.0,
          "lambda": 0.15
        },
        "MS4_10": {
          "meanserv": 0.21843784380022413,
          "stddevserv": 0.21843784380022413,
          "rate": 4.577961321182817,
          "cv": 1.0,
          "lambda": 0.15
        }
      },
      "sensors": [
        "S4"
      ],
      "sources": [
        {
          "startTime": 0,
          "stopTime": -1,
          "lambda": 0.15
        }
      ]
    }
  },
  "microservice": {
    "MS1_1": "F5",
    "MS1_2": "F8",
    "MS1_3": "F4",
    "MS1_4": "F10",
    "MS1_5": "F10",
    "MS1_6": "F10",
    "MS1_7": "F4",
    "MS1_8": "F4",
    "MS1_9": "F4",
    "MS1_10": "F9",
    "MS2_1": "F4",
    "MS2_2": "F5",
    "MS2_3": "F5",
    "MS2_4": "F4",
    "MS2_5": "F4",
    "MS2_6": "F7",
    "MS2_7": "F7",
    "MS2_8": "F6",
    "MS2_9": "F4",
    "MS2_10": "F6",
    "MS3_1": "F4",
    "MS3_2": "F4",
    "MS3_3": "F1",
    "MS3_4": "F7",
    "MS3_5": "F7",
    "MS3_6": "F7",
    "MS3_7": "F1",
    "MS3_8": "F10",
    "MS3_9": "F4",
    "MS3_10": "F3",
    "MS4_1": "F1",
    "MS4_2": "F9",
    "MS4_3": "F9",
    "MS4_4": "F9",
    "MS4_5": "F9",
    "MS4_6": "F4",
    "MS4_7": "F2",
    "MS4_8": "F2",
    "MS4_9": "F2",
    "MS4_10": "F4"
  },
  "sensor": {
    "S1": "F5",
    "S2": "F4",
    "S3": "F4",
    "S4": "F1"
  },
  "fog": {
    "F1": {
      "rho": 0.6124073539798569,
      "capacity": 1.0,
      "tserv": 1.3609052310663488,
      "stddev": 1.4324020284627734,
      "mu": 0.7348050232832463,
      "cv": 1.0525362058755574,
      "lambda": 0.44999999999999996,
      "twait": 2.2662031860355683
    },
    "F2": {
      "rho": 0.6946059058983369,
      "capacity": 1.0,
      "tserv": 1.5435686797740822,
      "stddev": 1.593131710695116,
      "mu": 0.6478493721098051,
      "cv": 1.0321093784620505,
      "lambda": 0.44999999999999996,
      "twait": 3.6253202915962572
    },
    "F3": {
      "rho": 0.5201096521060345,
      "capacity": 1.0,
      "tserv": 3.467397680706897,
      "stddev": 3.467397680706897,
      "mu": 0.2884007235639987,
      "cv": 1.0,
      "lambda": 0.15,
      "twait": 3.7579980704763267
    },
    "F4": {
      "rho": 0.5882823868453491,
      "capacity": 1.0,
      "tserv": 0.3016832753053073,
      "stddev": 0.36971368649642045,
      "mu": 3.3147346301779153,
      "cv": 1.225502759880426,
      "lambda": 1.9499999999999995,
      "twait": 0.5392251297341918
    },
    "F5": {
      "rho": 0.5972379791533771,
      "capacity": 1.0,
      "tserv": 1.327195509229727,
      "stddev": 1.4948800544892806,
      "mu": 0.7534684928073456,
      "cv": 1.1263450215838011,
      "lambda": 0.44999999999999996,
      "twait": 2.2323994574801787
    },
    "F6": {
      "rho": 0.597098614339877,
      "capacity": 1.0,
      "tserv": 1.9903287144662567,
      "stddev": 1.9908568527565251,
      "mu": 0.5024295699156249,
      "cv": 1.0002653522940355,
      "lambda": 0.3,
      "twait": 2.950443836329383
    },
    "F7": {
      "rho": 0.5730386432799883,
      "capacity": 1.0,
      "tserv": 0.7640515243733178,
      "stddev": 0.9334263649992185,
      "mu": 1.3088122568961686,
      "cv": 1.2216798674210139,
      "lambda": 0.75,
      "twait": 1.2779782243797666
    },
    "F8": {
      "rho": 0.6520670628975901,
      "capacity": 1.0,
      "tserv": 4.347113752650601,
      "stddev": 4.347113752650601,
      "mu": 0.230037688659576,
      "cv": 1.0,
      "lambda": 0.15,
      "twait": 8.1470001672715
    },
    "F9": {
      "rho": 0.5807948203339044,
      "capacity": 1.0,
      "tserv": 0.7743930937785392,
      "stddev": 0.9317275501189952,
      "mu": 1.2913338303685593,
      "cv": 1.203171306155076,
      "lambda": 0.75,
      "twait": 1.3130213102135675
    },
    "F10": {
      "rho": 0.5843575811656854,
      "capacity": 1.0,
      "tserv": 0.973929301942809,
      "stddev": 1.2206238114541026,
      "mu": 1.0267685734531087,
      "cv": 1.2532981696096253,
      "lambda": 0.6,
      "twait": 1.760018225120265
    }
  },
  "extra": {
    "deltatime": 3.8174205,
    "conv": 4,
    "obj_func": 31.962148226616385
  },
  "network": [
    [
      0.0,
      0.9438685962150241,
      0.9532132651804213,
      1.1431612384545016,
      0.9815161449711179,
      1.191322628235792,
      0.9162377732778888,
      0.9990168710395851,
      0.8394853482120896,
      0.8394853482120896
    ],
    [
      0.9438685962150241,
      0.0,
      1.1539035154653268,
      1.192863067076982,
      1.0934388062004459,
      1.0143507741777291,
      1.0391988618330292,
      0.8394853482120896,
      1.3458628412172162,
      1.3458628412172162
    ],
    [
      0.9532132651804213,
      1.1539035154653268,
      0.0,
      1.0417727950064257,
      0.8155075550685017,
      0.8459881897355108,
      0.9990168710395851,
      1.3458628412172162,
      1.1335787089875489,
      1.1335787089875489
    ],
    [
      1.1431612384545016,
      1.192863067076982,
      1.0417727950064257,
      0.0,
      0.8333737152184145,
      0.9162377732778888,
      0.8394853482120896,
      1.1335787089875489,
      0.6629947961593455,
      0.6629947961593455
    ],
    [
      0.9815161449711179,
      1.0934388062004459,
      0.8155075550685017,
      0.8333737152184145,
      0.0,
      1.0391988618330292,
      1.3458628412172162,
      0.6629947961593455,
      0.8324785330673252,
      0.8324785330673252
    ],
    [
      1.191322628235792,
      1.0143507741777291,
      0.8459881897355108,
      0.9162377732778888,
      1.0391988618330292,
      0.0,
      1.1335787089875489,
      0.8324785330673252,
      0.7305216331723163,
      0.7305216331723163
    ],
    [
      0.9162377732778888,
      1.0391988618330292,
      0.9990168710395851,
      0.8394853482120896,
      1.3458628412172162,
      1.1335787089875489,
      0.0,
      0.7305216331723163,
      1.3343513197108834,
      1.3343513197108834
    ],
    [
      0.9990168710395851,
      0.8394853482120896,
      1.3458628412172162,
      1.1335787089875489,
      0.6629947961593455,
      0.8324785330673252,
      0.7305216331723163,
      0.0,
      0.9686880595814494,
      0.9686880595814494
    ],
    [
      0.8394853482120896,
      1.3458628412172162,
      1.1335787089875489,
      0.6629947961593455,
      0.8324785330673252,
      0.7305216331723163,
      1.3343513197108834,
      0.9686880595814494,
      0.0,
      1.4896912602801322
    ],
    [
      0.8394853482120896,
      1.3458628412172162,
      1.1335787089875489,
      0.6629947961593455,
      0.8324785330673252,
      0.7305216331723163,
      1.3343513197108834,
      0.9686880595814494,
      1.4896912602801322,
      0.0
    ]
  ]
}