{
  "servicechain": {
    "SC1": {
      "resptime": 42.5507559452348,
      "resptime_old": 32.55075594523479,
      "waittime": 27.172317618671965,
      "servicetime": 10.0,
      "networktime": 5.378438326562826,
      "services": {
        "MS1_1": {
          "meanserv": 0.10263030769783188,
          "stddevserv": 0.10263030769783188,
          "rate": 9.743710434389797,
          "cv": 1.0,
          "lambda": 0.15
        },
        "MS1_2": {
          "meanserv": 4.291250841633083,
          "stddevserv": 4.291250841633083,
          "rate": 0.23303228753214503,
          "cv": 1.0,
          "lambda": 0.15
        },
        "MS1_3": {
          "meanserv": 0.4321611533920322,
          "stddevserv": 0.4321611533920322,
          "rate": 2.313951617703261,
          "cv": 1.0,
          "lambda": 0.15
        },
        "MS1_4": {
          "meanserv": 0.7837727354140318,
          "stddevserv": 0.7837727354140318,
          "rate": 1.2758800540206914,
          "cv": 1.0,
          "lambda": 0.15
        },
        "MS1_5": {
          "meanserv": 0.6493676764868805,
          "stddevserv": 0.6493676764868805,
          "rate": 1.539959619502563,
          "cv": 1.0,
          "lambda": 0.15
        },
        "MS1_6": {
          "meanserv": 1.603599436174913,
          "stddevserv": 1.603599436174913,
          "rate": 0.6235971262158293,
          "cv": 1.0,
          "lambda": 0.15
        },
        "MS1_7": {
          "meanserv": 0.26504434462491755,
          "stddevserv": 0.26504434462491755,
          "rate": 3.772953546377942,
          "cv": 1.0,
          "lambda": 0.15
        },
        "MS1_8": {
          "meanserv": 0.7326544453526651,
          "stddevserv": 0.7326544453526651,
          "rate": 1.364899928394821,
          "cv": 1.0,
          "lambda": 0.15
        },
        "MS1_9": {
          "meanserv": 0.30916991065180355,
          "stddevserv": 0.30916991065180355,
          "rate": 3.234467409495842,
          "cv": 1.0,
          "lambda": 0.15
        },
        "MS1_10": {
          "meanserv": 0.8303491485718411,
          "stddevserv": 0.8303491485718411,
          "rate": 1.2043126698208217,
          "cv": 1.0,
          "lambda": 0.15
        }
      },
      "sensors": [
        "S1"
      ],
      "sources": [
        {
          "startTime": 0,
          "stopTime": -1,
          "lambda": 0.15
        }
      ]
    },
    "SC2": {
      "resptime": 30.81491853088569,
      "resptime_old": 20.81491853088569,
      "waittime": 17.57235664349109,
      "servicetime": 10.0,
      "networktime": 3.242561887394599,
      "services": {
        "MS2_1": {
          "meanserv": 1.1155184092548853,
          "stddevserv": 1.1155184092548853,
          "rate": 0.8964441928555476,
          "cv": 1.0,
          "lambda": 0.15
        },
        "MS2_2": {
          "meanserv": 1.31299572200145,
          "stddevserv": 1.31299572200145,
          "rate": 0.7616171044911414,
          "cv": 1.0,
          "lambda": 0.15
        },
        "MS2_3": {
          "meanserv": 0.040722839212152806,
          "stddevserv": 0.040722839212152806,
          "rate": 24.55624458771953,
          "cv": 1.0,
          "lambda": 0.15
        },
        "MS2_4": {
          "meanserv": 1.0401424974381044,
          "stddevserv": 1.0401424974381044,
          "rate": 0.9614067326957833,
          "cv": 1.0,
          "lambda": 0.15
        },
        "MS2_5": {
          "meanserv": 0.07735991376433216,
          "stddevserv": 0.07735991376433216,
          "rate": 12.92659145208437,
          "cv": 1.0,
          "lambda": 0.15
        },
        "MS2_6": {
          "meanserv": 2.0264323188747113,
          "stddevserv": 2.0264323188747113,
          "rate": 0.49347811455914076,
          "cv": 1.0,
          "lambda": 0.15
        },
        "MS2_7": {
          "meanserv": 3.017275349680598,
          "stddevserv": 3.017275349680598,
          "rate": 0.33142483999872857,
          "cv": 1.0,
          "lambda": 0.15
        },
        "MS2_8": {
          "meanserv": 0.9575864421338736,
          "stddevserv": 0.9575864421338736,
          "rate": 1.0442921453353209,
          "cv": 1.0,
          "lambda": 0.15
        },
        "MS2_9": {
          "meanserv": 0.2639215200205385,
          "stddevserv": 0.2639215200205385,
          "rate": 3.7890051554802335,
          "cv": 1.0,
          "lambda": 0.15
        },
        "MS2_10": {
          "meanserv": 0.14804498761935392,
          "stddevserv": 0.14804498761935392,
          "rate": 6.754703526816804,
          "cv": 1.0,
          "lambda": 0.15
        }
      },
      "sensors": [
        "S2"
      ],
      "sources": [
        {
          "startTime": 0,
          "stopTime": -1,
          "lambda": 0.15
        }
      ]
    },
    "SC3": {
      "resptime": 34.628224532131256,
      "resptime_old": 24.628224532131263,
      "waittime": 20.380984199517584,
      "servicetime": 10.0,
      "networktime": 4.247240332613674,
      "services": {
        "MS3_1": {
          "meanserv": 2.433067972043096,
          "stddevserv": 2.433067972043096,
          "rate": 0.4110037251282708,
          "cv": 1.0,
          "lambda": 0.15
        },
        "MS3_2": {
          "meanserv": 0.0721381670395882,
          "stddevserv": 0.0721381670395882,
          "rate": 13.862287344384798,
          "cv": 1.0,
          "lambda": 0.15
        },
        "MS3_3": {
          "meanserv": 3.195302268627663,
          "stddevserv": 3.195302268627663,
          "rate": 0.31295943730215103,
          "cv": 1.0,
          "lambda": 0.15
        },
        "MS3_4": {
          "meanserv": 0.9788218772248314,
          "stddevserv": 0.9788218772248314,
          "rate": 1.0216363398366342,
          "cv": 1.0,
          "lambda": 0.15
        },
        "MS3_5": {
          "meanserv": 0.01647081118136917,
          "stddevserv": 0.01647081118136917,
          "rate": 60.71346389612809,
          "cv": 1.0,
          "lambda": 0.15
        },
        "MS3_6": {
          "meanserv": 1.149124560780777,
          "stddevserv": 1.149124560780777,
          "rate": 0.8702276795133038,
          "cv": 1.0,
          "lambda": 0.15
        },
        "MS3_7": {
          "meanserv": 1.9560657617519572,
          "stddevserv": 1.9560657617519572,
          "rate": 0.5112302559318591,
          "cv": 1.0,
          "lambda": 0.15
        },
        "MS3_8": {
          "meanserv": 0.0937147885981986,
          "stddevserv": 0.0937147885981986,
          "rate": 10.670674446991413,
          "cv": 1.0,
          "lambda": 0.15
        },
        "MS3_9": {
          "meanserv": 0.024116159463952513,
          "stddevserv": 0.024116159463952513,
          "rate": 41.46597228695324,
          "cv": 1.0,
          "lambda": 0.15
        },
        "MS3_10": {
          "meanserv": 0.08117763328856675,
          "stddevserv": 0.08117763328856675,
          "rate": 12.318664138005145,
          "cv": 1.0,
          "lambda": 0.15
        }
      },
      "sensors": [
        "S3"
      ],
      "sources": [
        {
          "startTime": 0,
          "stopTime": -1,
          "lambda": 0.15
        }
      ]
    },
    "SC4": {
      "resptime": 30.422407235653182,
      "resptime_old": 20.422407235653182,
      "waittime": 18.205798360760546,
      "servicetime": 10.0,
      "networktime": 2.2166088748926365,
      "services": {
        "MS4_1": {
          "meanserv": 1.0034143001066842,
          "stddevserv": 1.0034143001066842,
          "rate": 0.9965973176719515,
          "cv": 1.0,
          "lambda": 0.15
        },
        "MS4_2": {
          "meanserv": 2.325061732425121,
          "stddevserv": 2.325061732425121,
          "rate": 0.4300961071502239,
          "cv": 1.0,
          "lambda": 0.15
        },
        "MS4_3": {
          "meanserv": 0.6770517905302054,
          "stddevserv": 0.6770517905302054,
          "rate": 1.4769918845010233,
          "cv": 1.0,
          "lambda": 0.15
        },
        "MS4_4": {
          "meanserv": 0.7000483222894758,
          "stddevserv": 0.7000483222894758,
          "rate": 1.4284728184613686,
          "cv": 1.0,
          "lambda": 0.15
        },
        "MS4_5": {
          "meanserv": 0.15123802278850107,
          "stddevserv": 0.15123802278850107,
          "rate": 6.6120938475799225,
          "cv": 1.0,
          "lambda": 0.15
        },
        "MS4_6": {
          "meanserv": 1.4829233857765987,
          "stddevserv": 1.4829233857765987,
          "rate": 0.6743436711508232,
          "cv": 1.0,
          "lambda": 0.15
        },
        "MS4_7": {
          "meanserv": 1.5239201646439513,
          "stddevserv": 1.5239201646439513,
          "rate": 0.6562023544282191,
          "cv": 1.0,
          "lambda": 0.15
        },
        "MS4_8": {
          "meanserv": 1.3067308429886655,
          "stddevserv": 1.3067308429886655,
          "rate": 0.7652685366428394,
          "cv": 1.0,
          "lambda": 0.15
        },
        "MS4_9": {
          "meanserv": 0.5518306789436203,
          "stddevserv": 0.5518306789436203,
          "rate": 1.8121500637012764,
          "cv": 1.0,
          "lambda": 0.15
        },
        "MS4_10": {
          "meanserv": 0.27778075950717707,
          "stddevserv": 0.27778075950717707,
          "rate": 3.599961357201786,
          "cv": 1.0,
          "lambda": 0.15
        }
      },
      "sensors": [
        "S4"
      ],
      "sources": [
        {
          "startTime": 0,
          "stopTime": -1,
          "lambda": 0.15
        }
      ]
    }
  },
  "microservice": {
    "MS1_1": "F7",
    "MS1_2": "F3",
    "MS1_3": "F2",
    "MS1_4": "F5",
    "MS1_5": "F5",
    "MS1_6": "F1",
    "MS1_7": "F7",
    "MS1_8": "F10",
    "MS1_9": "F10",
    "MS1_10": "F10",
    "MS2_1": "F2",
    "MS2_2": "F2",
    "MS2_3": "F2",
    "MS2_4": "F2",
    "MS2_5": "F2",
    "MS2_6": "F10",
    "MS2_7": "F1",
    "MS2_8": "F7",
    "MS2_9": "F7",
    "MS2_10": "F7",
    "MS3_1": "F5",
    "MS3_2": "F7",
    "MS3_3": "F4",
    "MS3_4": "F4",
    "MS3_5": "F7",
    "MS3_6": "F9",
    "MS3_7": "F9",
    "MS3_8": "F9",
    "MS3_9": "F9",
    "MS3_10": "F9",
    "MS4_1": "F8",
    "MS4_2": "F8",
    "MS4_3": "F8",
    "MS4_4": "F7",
    "MS4_5": "F7",
    "MS4_6": "F6",
    "MS4_7": "F6",
    "MS4_8": "F6",
    "MS4_9": "F7",
    "MS4_10": "F7"
  },
  "sensor": {
    "S1": "F7",
    "S2": "F2",
    "S3": "F5",
    "S4": "F8"
  },
  "fog": {
    "F1": {
      "rho": 0.6931312178783267,
      "capacity": 1.0,
      "tserv": 2.3104373929277555,
      "stddev": 2.517411515992542,
      "mu": 0.43281847976534576,
      "cv": 1.0895822252956666,
      "lambda": 0.3,
      "twait": 5.707072061925161
    },
    "F2": {
      "rho": 0.6028350802594435,
      "capacity": 1.0,
      "tserv": 0.6698167558438262,
      "stddev": 0.9829679905812883,
      "mu": 1.4929456321829593,
      "cv": 1.4675177681139946,
      "lambda": 0.9,
      "twait": 1.6031029402807484
    },
    "F3": {
      "rho": 0.6436876262449625,
      "capacity": 1.0,
      "tserv": 4.291250841633083,
      "stddev": 4.291250841633083,
      "mu": 0.23303228753214503,
      "cv": 1.0,
      "lambda": 0.15,
      "twait": 7.752256927713401
    },
    "F4": {
      "rho": 0.6261186218778741,
      "capacity": 1.0,
      "tserv": 2.0870620729262472,
      "stddev": 2.610023133802425,
      "mu": 0.47914243326644845,
      "cv": 1.250572835211815,
      "lambda": 0.3,
      "twait": 4.480585090112352
    },
    "F5": {
      "rho": 0.5799312575916012,
      "capacity": 1.0,
      "tserv": 1.2887361279813363,
      "stddev": 1.7252123782846325,
      "mu": 0.7759540361193957,
      "cv": 1.3386855080931024,
      "lambda": 0.44999999999999996,
      "twait": 2.4838069824285003
    },
    "F6": {
      "rho": 0.6470361590113823,
      "capacity": 1.0,
      "tserv": 1.4378581311364051,
      "stddev": 1.44401891132511,
      "mu": 0.6954789059819512,
      "cv": 1.0042846926656357,
      "lambda": 0.44999999999999996,
      "twait": 2.647129482808829
    },
    "F7": {
      "rho": 0.5260101545769371,
      "capacity": 1.0,
      "tserv": 0.3187940330769316,
      "stddev": 0.5099834605074638,
      "mu": 3.1368215720608523,
      "cv": 1.5997271203140562,
      "lambda": 1.6499999999999997,
      "twait": 0.6295768452272725
    },
    "F8": {
      "rho": 0.6008291734593015,
      "capacity": 1.0,
      "tserv": 1.3351759410206703,
      "stddev": 1.6727441035786674,
      "mu": 0.7489649635504619,
      "cv": 1.2528267265660467,
      "lambda": 0.44999999999999996,
      "twait": 2.5820341771416557
    },
    "F9": {
      "rho": 0.4956298355825177,
      "capacity": 1.0,
      "tserv": 0.6608397807766904,
      "stddev": 1.2760660390028482,
      "mu": 1.5132260936602393,
      "cv": 1.9309764274527745,
      "lambda": 0.75,
      "twait": 1.535370669281968
    },
    "F10": {
      "rho": 0.5847908735176532,
      "capacity": 1.0,
      "tserv": 0.9746514558627553,
      "stddev": 1.3282291407416509,
      "mu": 1.0260078041075784,
      "cv": 1.362773464044037,
      "lambda": 0.6,
      "twait": 1.9610393444803689
    }
  },
  "extra": {
    "deltatime": 4.2881396,
    "conv": 8,
    "obj_func": 34.60407656097623
  },
  "network": [
    [
      0.0,
      1.0726815393685196,
      1.1271480594282317,
      1.0688144447260786,
      0.8498285445588492,
      0.9454865421432848,
      0.9607448611036606,
      1.0340730122044743,
      1.080443141861088,
      1.080443141861088
    ],
    [
      1.0726815393685196,
      0.0,
      0.6449608781737667,
      1.02329256314142,
      1.0038508660604277,
      0.848046372003253,
      1.3357978811310536,
      1.080443141861088,
      1.2013738844298505,
      1.2013738844298505
    ],
    [
      1.1271480594282317,
      0.6449608781737667,
      0.0,
      0.775654976290371,
      0.7711821487121653,
      0.7091019898130839,
      1.0340730122044743,
      1.2013738844298505,
      0.701295269602866,
      0.701295269602866
    ],
    [
      1.0688144447260786,
      1.02329256314142,
      0.775654976290371,
      0.0,
      1.189257755253309,
      0.9607448611036606,
      1.080443141861088,
      0.701295269602866,
      1.2841127143026172,
      1.2841127143026172
    ],
    [
      0.8498285445588492,
      1.0038508660604277,
      0.7711821487121653,
      1.189257755253309,
      0.0,
      1.3357978811310536,
      1.2013738844298505,
      1.2841127143026172,
      1.0990104277323143,
      1.0990104277323143
    ],
    [
      0.9454865421432848,
      0.848046372003253,
      0.7091019898130839,
      0.9607448611036606,
      1.3357978811310536,
      0.0,
      0.701295269602866,
      1.0990104277323143,
      0.8140183356869044,
      0.8140183356869044
    ],
    [
      0.9607448611036606,
      1.3357978811310536,
      1.0340730122044743,
      1.080443141861088,
      1.2013738844298505,
      0.701295269602866,
      0.0,
      0.8140183356869044,
      0.8849801644616477,
      0.8849801644616477
    ],
    [
      1.0340730122044743,
      1.080443141861088,
      1.2013738844298505,
      0.701295269602866,
      1.2841127143026172,
      1.0990104277323143,
      0.8140183356869044,
      0.0,
      1.0759262282065314,
      1.0759262282065314
    ],
    [
      1.080443141861088,
      1.2013738844298505,
      0.701295269602866,
      1.2841127143026172,
      1.0990104277323143,
      0.8140183356869044,
      0.8849801644616477,
      1.0759262282065314,
      0.0,
      1.0480559473206867
    ],
    [
      1.080443141861088,
      1.2013738844298505,
      0.701295269602866,
      1.2841127143026172,
      1.0990104277323143,
      0.8140183356869044,
      0.8849801644616477,
      1.0759262282065314,
      1.0480559473206867,
      0.0
    ]
  ]
}