{
  "servicechain": {
    "SC1": {
      "resptime": 14.412808419654102,
      "resptime_old": 4.412808419654102,
      "waittime": 2.0669648203025663,
      "servicetime": 10.0,
      "networktime": 2.345843599351536,
      "services": {
        "MS1_1": {
          "meanserv": 2.571260430404193,
          "stddevserv": 2.571260430404193,
          "rate": 0.3889143192869046,
          "cv": 1.0,
          "lambda": 0.025
        },
        "MS1_2": {
          "meanserv": 1.180160660788279,
          "stddevserv": 1.180160660788279,
          "rate": 0.8473422587498026,
          "cv": 1.0,
          "lambda": 0.025
        },
        "MS1_3": {
          "meanserv": 2.3722049811185517,
          "stddevserv": 2.3722049811185517,
          "rate": 0.42154873122662273,
          "cv": 1.0,
          "lambda": 0.025
        },
        "MS1_4": {
          "meanserv": 3.5421409160365753,
          "stddevserv": 3.5421409160365753,
          "rate": 0.282315137569099,
          "cv": 1.0,
          "lambda": 0.025
        },
        "MS1_5": {
          "meanserv": 0.33423301165240105,
          "stddevserv": 0.33423301165240105,
          "rate": 2.9919246906705608,
          "cv": 1.0,
          "lambda": 0.025
        }
      },
      "sensors": [
        "S1"
      ],
      "sources": [
        {
          "startTime": 0,
          "stopTime": -1,
          "lambda": 0.025
        }
      ]
    },
    "SC2": {
      "resptime": 16.447323211315833,
      "resptime_old": 6.447323211315836,
      "waittime": 1.3671607930058538,
      "servicetime": 10.0,
      "networktime": 5.080162418309982,
      "services": {
        "MS2_1": {
          "meanserv": 2.8075802147857774,
          "stddevserv": 2.8075802147857774,
          "rate": 0.35617860345845953,
          "cv": 1.0,
          "lambda": 0.025
        },
        "MS2_2": {
          "meanserv": 0.27274157460678516,
          "stddevserv": 0.27274157460678516,
          "rate": 3.6664743959248316,
          "cv": 1.0,
          "lambda": 0.025
        },
        "MS2_3": {
          "meanserv": 3.7316923014572403,
          "stddevserv": 3.7316923014572403,
          "rate": 0.267974934484683,
          "cv": 1.0,
          "lambda": 0.025
        },
        "MS2_4": {
          "meanserv": 1.8508151891971636e-05,
          "stddevserv": 1.8508151891971636e-05,
          "rate": 54030.24601466419,
          "cv": 1.0,
          "lambda": 0.025
        },
        "MS2_5": {
          "meanserv": 3.1879674009983052,
          "stddevserv": 3.1879674009983052,
          "rate": 0.3136794936130313,
          "cv": 1.0,
          "lambda": 0.025
        }
      },
      "sensors": [
        "S2"
      ],
      "sources": [
        {
          "startTime": 0,
          "stopTime": -1,
          "lambda": 0.025
        }
      ]
    },
    "SC3": {
      "resptime": 16.032370396914573,
      "resptime_old": 6.032370396914572,
      "waittime": 3.686526797563036,
      "servicetime": 10.0,
      "networktime": 2.345843599351536,
      "services": {
        "MS3_1": {
          "meanserv": 1.876973809086847,
          "stddevserv": 1.876973809086847,
          "rate": 0.5327724847085121,
          "cv": 1.0,
          "lambda": 0.025
        },
        "MS3_2": {
          "meanserv": 5.77326285907358,
          "stddevserv": 5.77326285907358,
          "rate": 0.17321227604046202,
          "cv": 1.0,
          "lambda": 0.025
        },
        "MS3_3": {
          "meanserv": 1.0143379467508575,
          "stddevserv": 1.0143379467508575,
          "rate": 0.9858647240825554,
          "cv": 1.0,
          "lambda": 0.025
        },
        "MS3_4": {
          "meanserv": 0.30514639932306586,
          "stddevserv": 0.30514639932306586,
          "rate": 3.277115516415699,
          "cv": 1.0,
          "lambda": 0.025
        },
        "MS3_5": {
          "meanserv": 1.0302789857656496,
          "stddevserv": 1.0302789857656496,
          "rate": 0.9706108867753448,
          "cv": 1.0,
          "lambda": 0.025
        }
      },
      "sensors": [
        "S3"
      ],
      "sources": [
        {
          "startTime": 0,
          "stopTime": -1,
          "lambda": 0.025
        }
      ]
    },
    "SC4": {
      "resptime": 14.200076980197458,
      "resptime_old": 4.2000769801974585,
      "waittime": 1.8542333808459222,
      "servicetime": 10.0,
      "networktime": 2.345843599351536,
      "services": {
        "MS4_1": {
          "meanserv": 0.8292751792685038,
          "stddevserv": 0.8292751792685038,
          "rate": 1.2058723388804318,
          "cv": 1.0,
          "lambda": 0.025
        },
        "MS4_2": {
          "meanserv": 4.019208415760495,
          "stddevserv": 4.019208415760495,
          "rate": 0.24880521151346785,
          "cv": 1.0,
          "lambda": 0.025
        },
        "MS4_3": {
          "meanserv": 0.7114512420492707,
          "stddevserv": 0.7114512420492707,
          "rate": 1.4055776993509643,
          "cv": 1.0,
          "lambda": 0.025
        },
        "MS4_4": {
          "meanserv": 2.0703802885680123,
          "stddevserv": 2.0703802885680123,
          "rate": 0.4830030528795531,
          "cv": 1.0,
          "lambda": 0.025
        },
        "MS4_5": {
          "meanserv": 2.3696848743537178,
          "stddevserv": 2.3696848743537178,
          "rate": 0.4219970388563708,
          "cv": 1.0,
          "lambda": 0.025
        }
      },
      "sensors": [
        "S4"
      ],
      "sources": [
        {
          "startTime": 0,
          "stopTime": -1,
          "lambda": 0.025
        }
      ]
    }
  },
  "microservice": {
    "MS1_1": "F7",
    "MS1_2": "F7",
    "MS1_3": "F4",
    "MS1_4": "F4",
    "MS1_5": "F4",
    "MS2_1": "F6",
    "MS2_2": "F6",
    "MS2_3": "F3",
    "MS2_4": "F5",
    "MS2_5": "F5",
    "MS3_1": "F1",
    "MS3_2": "F1",
    "MS3_3": "F1",
    "MS3_4": "F9",
    "MS3_5": "F9",
    "MS4_1": "F2",
    "MS4_2": "F2",
    "MS4_3": "F8",
    "MS4_4": "F8",
    "MS4_5": "F8"
  },
  "sensor": {
    "S1": "F7",
    "S2": "F6",
    "S3": "F1",
    "S4": "F2"
  },
  "fog": {
    "F1": {
      "rho": 0.2166143653727821,
      "capacity": 1.0,
      "tserv": 2.888191538303761,
      "stddev": 4.112582371801689,
      "mu": 0.3462374246090692,
      "cv": 1.423929928905274,
      "lambda": 0.07500000000000001,
      "twait": 1.2089344798938628
    },
    "F2": {
      "rho": 0.12121208987572499,
      "capacity": 1.0,
      "tserv": 2.4242417975144996,
      "stddev": 3.3113117218791808,
      "mu": 0.412500106641701,
      "cv": 1.3659164383990765,
      "lambda": 0.05,
      "twait": 0.47911826671264457
    },
    "F3": {
      "rho": 0.09329230753643102,
      "capacity": 1.0,
      "tserv": 3.7316923014572403,
      "stddev": 3.7316923014572403,
      "mu": 0.267974934484683,
      "cv": 1.0,
      "lambda": 0.025,
      "twait": 0.3839585664846104
    },
    "F4": {
      "rho": 0.15621447272018818,
      "capacity": 1.0,
      "tserv": 2.0828596362691756,
      "stddev": 2.802186533284712,
      "mu": 0.4801091646248439,
      "cv": 1.3453554356183102,
      "lambda": 0.07500000000000001,
      "twait": 0.5417795712416408
    },
    "F5": {
      "rho": 0.07969964772875494,
      "capacity": 1.0,
      "tserv": 1.5939929545750988,
      "stddev": 2.7608554128993044,
      "mu": 0.6273553450344854,
      "cv": 1.7320374001497698,
      "lambda": 0.05,
      "twait": 0.2760820455269968
    },
    "F6": {
      "rho": 0.07700804473481405,
      "capacity": 1.0,
      "tserv": 1.5401608946962813,
      "stddev": 2.363217943276475,
      "mu": 0.6492828141810466,
      "cv": 1.5343967967336944,
      "lambda": 0.05,
      "twait": 0.2155190677336249
    },
    "F7": {
      "rho": 0.0937855272798118,
      "capacity": 1.0,
      "tserv": 1.875710545596236,
      "stddev": 2.117987095185817,
      "mu": 0.5331312991483598,
      "cv": 1.1291652116358752,
      "lambda": 0.05,
      "twait": 0.22081305328882195
    },
    "F8": {
      "rho": 0.12878791012427504,
      "capacity": 1.0,
      "tserv": 1.7171721349903337,
      "stddev": 1.9975023739767819,
      "mu": 0.5823527994796103,
      "cv": 1.1632510994525462,
      "lambda": 0.07500000000000001,
      "twait": 0.29866561580687767
    },
    "F9": {
      "rho": 0.033385634627217886,
      "capacity": 1.0,
      "tserv": 0.6677126925443577,
      "stddev": 0.8418722431255774,
      "mu": 1.4976501288142994,
      "cv": 1.2608300733622042,
      "lambda": 0.05,
      "twait": 0.029861678940723467
    },
    "F10": {
      "rho": 0,
      "capacity": 1.0,
      "tserv": 0,
      "stddev": 0,
      "mu": 0,
      "cv": 0,
      "lambda": 0.0,
      "twait": 0
    }
  },
  "extra": {
    "deltatime": 0.0127425,
    "obj_func": 15.27314475202049
  },
  "network": [
    [
      0.0,
      2.507520456476207,
      1.8989969096524173,
      1.6485436169533643,
      2.128623210785013,
      1.7534676593160534,
      1.2010717331328644,
      2.4258447665733827,
      2.345843599351536,
      2.345843599351536
    ],
    [
      2.507520456476207,
      0.0,
      1.4817614773084993,
      1.6851054257331397,
      2.0328419401703406,
      2.168764991790859,
      2.839962098059287,
      2.345843599351536,
      1.9443181999307917,
      1.9443181999307917
    ],
    [
      1.8989969096524173,
      1.4817614773084993,
      0.0,
      2.0072490924707616,
      2.430302150713652,
      2.6498602675963294,
      2.4258447665733827,
      1.9443181999307917,
      1.9377087000350712,
      1.9377087000350712
    ],
    [
      1.6485436169533643,
      1.6851054257331397,
      2.0072490924707616,
      0.0,
      1.9941010508317454,
      1.2010717331328644,
      2.345843599351536,
      1.9377087000350712,
      1.9825085597176282,
      1.9825085597176282
    ],
    [
      2.128623210785013,
      2.0328419401703406,
      2.430302150713652,
      1.9941010508317454,
      0.0,
      2.839962098059287,
      1.9443181999307917,
      1.9825085597176282,
      1.6842741134110377,
      1.6842741134110377
    ],
    [
      1.7534676593160534,
      2.168764991790859,
      2.6498602675963294,
      1.2010717331328644,
      2.839962098059287,
      0.0,
      1.9377087000350712,
      1.6842741134110377,
      1.4364733731139536,
      1.4364733731139536
    ],
    [
      1.2010717331328644,
      2.839962098059287,
      2.4258447665733827,
      2.345843599351536,
      1.9443181999307917,
      1.9377087000350712,
      0.0,
      1.4364733731139536,
      1.8494053348861514,
      1.8494053348861514
    ],
    [
      2.4258447665733827,
      2.345843599351536,
      1.9443181999307917,
      1.9377087000350712,
      1.9825085597176282,
      1.6842741134110377,
      1.4364733731139536,
      0.0,
      2.312655680422888,
      2.312655680422888
    ],
    [
      2.345843599351536,
      1.9443181999307917,
      1.9377087000350712,
      1.9825085597176282,
      1.6842741134110377,
      1.4364733731139536,
      1.8494053348861514,
      2.312655680422888,
      0.0,
      1.9999282042025486
    ],
    [
      2.345843599351536,
      1.9443181999307917,
      1.9377087000350712,
      1.9825085597176282,
      1.6842741134110377,
      1.4364733731139536,
      1.8494053348861514,
      2.312655680422888,
      1.9999282042025486,
      0.0
    ]
  ]
}