{
  "servicechain": {
    "SC1": {
      "resptime": 36.28325949663732,
      "resptime_old": 26.283259496637324,
      "waittime": 21.00264501326567,
      "servicetime": 10.0,
      "networktime": 5.280614483371653,
      "services": {
        "MS1_1": {
          "meanserv": 0.33224714803731903,
          "stddevserv": 0.33224714803731903,
          "rate": 3.0098076263627607,
          "cv": 1.0,
          "lambda": 0.15
        },
        "MS1_2": {
          "meanserv": 1.6655046185140454,
          "stddevserv": 1.6655046185140454,
          "rate": 0.6004186292153274,
          "cv": 1.0,
          "lambda": 0.15
        },
        "MS1_3": {
          "meanserv": 4.2974909033300674,
          "stddevserv": 4.2974909033300674,
          "rate": 0.23269391896213523,
          "cv": 1.0,
          "lambda": 0.15
        },
        "MS1_4": {
          "meanserv": 1.5120892810498523,
          "stddevserv": 1.5120892810498523,
          "rate": 0.6613366105642215,
          "cv": 1.0,
          "lambda": 0.15
        },
        "MS1_5": {
          "meanserv": 1.0726968688040808,
          "stddevserv": 1.0726968688040808,
          "rate": 0.9322298116847041,
          "cv": 1.0,
          "lambda": 0.15
        },
        "MS1_6": {
          "meanserv": 1.1199711802646348,
          "stddevserv": 1.1199711802646348,
          "rate": 0.8928801183649322,
          "cv": 1.0,
          "lambda": 0.15
        }
      },
      "sensors": [
        "S1"
      ],
      "sources": [
        {
          "startTime": 0,
          "stopTime": -1,
          "lambda": 0.15
        }
      ]
    },
    "SC2": {
      "resptime": 31.163473020416212,
      "resptime_old": 21.16347302041622,
      "waittime": 15.561632367097554,
      "servicetime": 10.0,
      "networktime": 5.6018406533186615,
      "services": {
        "MS2_1": {
          "meanserv": 2.151622011595895,
          "stddevserv": 2.151622011595895,
          "rate": 0.46476564871089177,
          "cv": 1.0,
          "lambda": 0.15
        },
        "MS2_2": {
          "meanserv": 3.755815717668909,
          "stddevserv": 3.755815717668909,
          "rate": 0.2662537449043591,
          "cv": 1.0,
          "lambda": 0.15
        },
        "MS2_3": {
          "meanserv": 1.0270773840657297,
          "stddevserv": 1.0270773840657297,
          "rate": 0.9736364713255171,
          "cv": 1.0,
          "lambda": 0.15
        },
        "MS2_4": {
          "meanserv": 1.1603751898815187,
          "stddevserv": 1.1603751898815187,
          "rate": 0.8617902284709362,
          "cv": 1.0,
          "lambda": 0.15
        },
        "MS2_5": {
          "meanserv": 0.2506933428854836,
          "stddevserv": 0.2506933428854836,
          "rate": 3.988937195100544,
          "cv": 1.0,
          "lambda": 0.15
        },
        "MS2_6": {
          "meanserv": 1.654416353902464,
          "stddevserv": 1.654416353902464,
          "rate": 0.60444276777196,
          "cv": 1.0,
          "lambda": 0.15
        }
      },
      "sensors": [
        "S2"
      ],
      "sources": [
        {
          "startTime": 0,
          "stopTime": -1,
          "lambda": 0.15
        }
      ]
    },
    "SC3": {
      "resptime": 30.435843873799655,
      "resptime_old": 20.435843873799662,
      "waittime": 15.057226740767918,
      "servicetime": 10.0,
      "networktime": 5.378617133031739,
      "services": {
        "MS3_1": {
          "meanserv": 2.760867713782452,
          "stddevserv": 2.760867713782452,
          "rate": 0.36220496730355006,
          "cv": 1.0,
          "lambda": 0.15
        },
        "MS3_2": {
          "meanserv": 2.7765974709875554,
          "stddevserv": 2.7765974709875554,
          "rate": 0.36015303278524163,
          "cv": 1.0,
          "lambda": 0.15
        },
        "MS3_3": {
          "meanserv": 2.045857853364839,
          "stddevserv": 2.045857853364839,
          "rate": 0.488792512322052,
          "cv": 1.0,
          "lambda": 0.15
        },
        "MS3_4": {
          "meanserv": 0.07785316809888165,
          "stddevserv": 0.07785316809888165,
          "rate": 12.844692443728116,
          "cv": 1.0,
          "lambda": 0.15
        },
        "MS3_5": {
          "meanserv": 1.8717666404815976,
          "stddevserv": 1.8717666404815976,
          "rate": 0.5342546332285868,
          "cv": 1.0,
          "lambda": 0.15
        },
        "MS3_6": {
          "meanserv": 0.46705715328467434,
          "stddevserv": 0.46705715328467434,
          "rate": 2.1410655911536667,
          "cv": 1.0,
          "lambda": 0.15
        }
      },
      "sensors": [
        "S3"
      ],
      "sources": [
        {
          "startTime": 0,
          "stopTime": -1,
          "lambda": 0.15
        }
      ]
    },
    "SC4": {
      "resptime": 42.81316242011436,
      "resptime_old": 32.81316242011436,
      "waittime": 29.508170342446977,
      "servicetime": 10.0,
      "networktime": 3.304992077667384,
      "services": {
        "MS4_1": {
          "meanserv": 2.3068431381772037,
          "stddevserv": 2.3068431381772037,
          "rate": 0.43349284719470316,
          "cv": 1.0,
          "lambda": 0.15
        },
        "MS4_2": {
          "meanserv": 0.9188770384708365,
          "stddevserv": 0.9188770384708365,
          "rate": 1.088284893552423,
          "cv": 1.0,
          "lambda": 0.15
        },
        "MS4_3": {
          "meanserv": 5.1061768235169245,
          "stddevserv": 5.1061768235169245,
          "rate": 0.19584123984786747,
          "cv": 1.0,
          "lambda": 0.15
        },
        "MS4_4": {
          "meanserv": 1.3784244419977174,
          "stddevserv": 1.3784244419977174,
          "rate": 0.725465951946357,
          "cv": 1.0,
          "lambda": 0.15
        },
        "MS4_5": {
          "meanserv": 0.19515222631268792,
          "stddevserv": 0.19515222631268792,
          "rate": 5.124204929118887,
          "cv": 1.0,
          "lambda": 0.15
        },
        "MS4_6": {
          "meanserv": 0.09452633152463008,
          "stddevserv": 0.09452633152463008,
          "rate": 10.579062826948244,
          "cv": 1.0,
          "lambda": 0.15
        }
      },
      "sensors": [
        "S4"
      ],
      "sources": [
        {
          "startTime": 0,
          "stopTime": -1,
          "lambda": 0.15
        }
      ]
    }
  },
  "microservice": {
    "MS1_1": "F8",
    "MS1_2": "F8",
    "MS1_3": "F2",
    "MS1_4": "F6",
    "MS1_5": "F6",
    "MS1_6": "F5",
    "MS2_1": "F7",
    "MS2_2": "F3",
    "MS2_3": "F9",
    "MS2_4": "F7",
    "MS2_5": "F7",
    "MS2_6": "F8",
    "MS3_1": "F9",
    "MS3_2": "F4",
    "MS3_3": "F10",
    "MS3_4": "F10",
    "MS3_5": "F6",
    "MS3_6": "F4",
    "MS4_1": "F5",
    "MS4_2": "F5",
    "MS4_3": "F1",
    "MS4_4": "F10",
    "MS4_5": "F10",
    "MS4_6": "F10"
  },
  "sensor": {
    "S1": "F8",
    "S2": "F7",
    "S3": "F9",
    "S4": "F5"
  },
  "fog": {
    "F1": {
      "rho": 0.7659265235275386,
      "capacity": 1.0,
      "tserv": 5.1061768235169245,
      "stddev": 5.1061768235169245,
      "mu": 0.19584123984786747,
      "cv": 1.0,
      "lambda": 0.15,
      "twait": 16.708241881533
    },
    "F2": {
      "rho": 0.6446236354995101,
      "capacity": 1.0,
      "tserv": 4.2974909033300674,
      "stddev": 4.2974909033300674,
      "mu": 0.23269391896213523,
      "cv": 1.0,
      "lambda": 0.15,
      "twait": 7.795296723023578
    },
    "F3": {
      "rho": 0.5633723576503362,
      "capacity": 1.0,
      "tserv": 3.755815717668909,
      "stddev": 3.7558157176689093,
      "mu": 0.2662537449043591,
      "cv": 1.0000000000000002,
      "lambda": 0.15,
      "twait": 4.8460577172272385
    },
    "F4": {
      "rho": 0.48654819364083435,
      "capacity": 1.0,
      "tserv": 1.6218273121361146,
      "stddev": 2.3015890315037173,
      "mu": 0.6165884570552067,
      "cv": 1.4191332297100645,
      "lambda": 0.3,
      "twait": 2.3159824745411637
    },
    "F5": {
      "rho": 0.6518537035369012,
      "capacity": 1.0,
      "tserv": 1.4485637856375584,
      "stddev": 1.6877381627524697,
      "mu": 0.6903389480773666,
      "cv": 1.1651113879045671,
      "lambda": 0.44999999999999996,
      "twait": 3.1970162239227067
    },
    "F6": {
      "rho": 0.6684829185503296,
      "capacity": 1.0,
      "tserv": 1.4855175967785104,
      "stddev": 1.5557332948634017,
      "mu": 0.6731660413640319,
      "cv": 1.0472668235214184,
      "lambda": 0.44999999999999996,
      "twait": 3.1403824920321943
    },
    "F7": {
      "rho": 0.5344035816544345,
      "capacity": 1.0,
      "tserv": 1.1875635147876324,
      "stddev": 1.6172681413959578,
      "mu": 0.8420602246093981,
      "cv": 1.361837174397504,
      "lambda": 0.44999999999999996,
      "twait": 1.945503050378378
    },
    "F8": {
      "rho": 0.5478252180680743,
      "capacity": 1.0,
      "tserv": 1.2173893734846095,
      "stddev": 1.5051759462425198,
      "mu": 0.8214298742707419,
      "cv": 1.236396488277338,
      "lambda": 0.44999999999999996,
      "twait": 1.8647835411274982
    },
    "F9": {
      "rho": 0.5681917646772273,
      "capacity": 1.0,
      "tserv": 1.8939725489240908,
      "stddev": 2.2561352950981526,
      "mu": 0.5279907570825512,
      "cv": 1.1912185825395387,
      "lambda": 0.3,
      "twait": 3.0142819576076847
    },
    "F10": {
      "rho": 0.5687721031948134,
      "capacity": 1.0,
      "tserv": 0.7583628042597512,
      "stddev": 1.3712598113893453,
      "mu": 1.3186300730771128,
      "cv": 1.8081844253000403,
      "lambda": 0.75,
      "twait": 2.135298671022856
    }
  },
  "extra": {
    "deltatime": 0.0190757,
    "obj_func": 35.17393470274189
  },
  "network": [
    [
      0.0,
      1.895091326418117,
      1.4457153052731764,
      1.392428862922461,
      1.5240306524830423,
      1.9024948857200683,
      1.5711421787536817,
      1.4415237664434164,
      1.780961425184342,
      1.780961425184342
    ],
    [
      1.895091326418117,
      0.0,
      2.2676419649270416,
      1.10248005188217,
      1.589337373995412,
      1.8877879342037271,
      1.6118651239835837,
      1.780961425184342,
      1.8781214849566747,
      1.8781214849566747
    ],
    [
      1.4457153052731764,
      2.2676419649270416,
      0.0,
      1.960042391916885,
      1.2850217151157406,
      1.7944941362113158,
      1.4415237664434164,
      1.8781214849566747,
      1.6235660858705494,
      1.6235660858705494
    ],
    [
      1.392428862922461,
      1.10248005188217,
      1.960042391916885,
      0.0,
      2.0528007736064846,
      1.5711421787536817,
      1.780961425184342,
      1.6235660858705494,
      1.0559860472809295,
      1.0559860472809295
    ],
    [
      1.5240306524830423,
      1.589337373995412,
      1.2850217151157406,
      2.0528007736064846,
      0.0,
      1.6118651239835837,
      1.8781214849566747,
      1.0559860472809295,
      1.7768871295330348,
      1.7768871295330348
    ],
    [
      1.9024948857200683,
      1.8877879342037271,
      1.7944941362113158,
      1.5711421787536817,
      1.6118651239835837,
      0.0,
      1.6235660858705494,
      1.7768871295330348,
      1.6955028597161987,
      1.6955028597161987
    ],
    [
      1.5711421787536817,
      1.6118651239835837,
      1.4415237664434164,
      1.780961425184342,
      1.8781214849566747,
      1.6235660858705494,
      0.0,
      1.6955028597161987,
      0.841247941288497,
      0.841247941288497
    ],
    [
      1.4415237664434164,
      1.780961425184342,
      1.8781214849566747,
      1.6235660858705494,
      1.0559860472809295,
      1.7768871295330348,
      1.6955028597161987,
      0.0,
      1.2137456068976782,
      1.2137456068976782
    ],
    [
      1.780961425184342,
      1.8781214849566747,
      1.6235660858705494,
      1.0559860472809295,
      1.7768871295330348,
      1.6955028597161987,
      0.841247941288497,
      1.2137456068976782,
      0.0,
      1.7394396638286767
    ],
    [
      1.780961425184342,
      1.8781214849566747,
      1.6235660858705494,
      1.0559860472809295,
      1.7768871295330348,
      1.6955028597161987,
      0.841247941288497,
      1.2137456068976782,
      1.7394396638286767,
      0.0
    ]
  ]
}