{
  "servicechain": {
    "SC1": {
      "resptime": 42.42243056285608,
      "resptime_old": 32.422430562856086,
      "waittime": 26.838602288709723,
      "servicetime": 10.0,
      "networktime": 5.583828274146358,
      "services": {
        "MS1_1": {
          "meanserv": 0.6925252019172345,
          "stddevserv": 0.6925252019172345,
          "rate": 1.4439907706340953,
          "cv": 1.0,
          "lambda": 0.225
        },
        "MS1_2": {
          "meanserv": 1.2009472494416262,
          "stddevserv": 1.2009472494416262,
          "rate": 0.8326760400716555,
          "cv": 1.0,
          "lambda": 0.225
        },
        "MS1_3": {
          "meanserv": 3.375536127211035,
          "stddevserv": 3.375536127211035,
          "rate": 0.2962492363624112,
          "cv": 1.0,
          "lambda": 0.225
        },
        "MS1_4": {
          "meanserv": 3.0950115519028127,
          "stddevserv": 3.0950115519028127,
          "rate": 0.32310057110617246,
          "cv": 1.0,
          "lambda": 0.225
        },
        "MS1_5": {
          "meanserv": 1.6359798695272918,
          "stddevserv": 1.6359798695272918,
          "rate": 0.6112544650619356,
          "cv": 1.0,
          "lambda": 0.225
        }
      },
      "sensors": [
        "S1"
      ],
      "sources": [
        {
          "startTime": 0,
          "stopTime": -1,
          "lambda": 0.225
        }
      ]
    },
    "SC2": {
      "resptime": 16220.435715053656,
      "resptime_old": 16210.435715053656,
      "waittime": 16202.257632564293,
      "servicetime": 10.0,
      "networktime": 8.17808248936305,
      "services": {
        "MS2_1": {
          "meanserv": 0.40227675618006,
          "stddevserv": 0.40227675618006,
          "rate": 2.4858508095168137,
          "cv": 1.0,
          "lambda": 0.225
        },
        "MS2_2": {
          "meanserv": 6.031912568390618,
          "stddevserv": 6.031912568390618,
          "rate": 0.16578489635946617,
          "cv": 1.0,
          "lambda": 0.225
        },
        "MS2_3": {
          "meanserv": 0.346075470462301,
          "stddevserv": 0.346075470462301,
          "rate": 2.8895431353865133,
          "cv": 1.0,
          "lambda": 0.225
        },
        "MS2_4": {
          "meanserv": 2.5192986103634407,
          "stddevserv": 2.5192986103634407,
          "rate": 0.39693587567840455,
          "cv": 1.0,
          "lambda": 0.225
        },
        "MS2_5": {
          "meanserv": 0.7004365946035804,
          "stddevserv": 0.7004365946035804,
          "rate": 1.4276809745583905,
          "cv": 1.0,
          "lambda": 0.225
        }
      },
      "sensors": [
        "S2"
      ],
      "sources": [
        {
          "startTime": 0,
          "stopTime": -1,
          "lambda": 0.225
        }
      ]
    },
    "SC3": {
      "resptime": 16214.765941593745,
      "resptime_old": 16204.765941593745,
      "waittime": 16199.803276031018,
      "servicetime": 10.0,
      "networktime": 4.9626655627275476,
      "services": {
        "MS3_1": {
          "meanserv": 0.22737767742099124,
          "stddevserv": 0.22737767742099124,
          "rate": 4.39796910295857,
          "cv": 1.0,
          "lambda": 0.225
        },
        "MS3_2": {
          "meanserv": 1.9686184315630315,
          "stddevserv": 1.9686184315630315,
          "rate": 0.5079704547955625,
          "cv": 1.0,
          "lambda": 0.225
        },
        "MS3_3": {
          "meanserv": 1.3221843952980743,
          "stddevserv": 1.3221843952980743,
          "rate": 0.7563241583822801,
          "cv": 1.0,
          "lambda": 0.225
        },
        "MS3_4": {
          "meanserv": 0.5128574001645729,
          "stddevserv": 0.5128574001645729,
          "rate": 1.9498597459627294,
          "cv": 1.0,
          "lambda": 0.225
        },
        "MS3_5": {
          "meanserv": 5.96896209555333,
          "stddevserv": 5.96896209555333,
          "rate": 0.16753331383105372,
          "cv": 1.0,
          "lambda": 0.225
        }
      },
      "sensors": [
        "S3"
      ],
      "sources": [
        {
          "startTime": 0,
          "stopTime": -1,
          "lambda": 0.225
        }
      ]
    },
    "SC4": {
      "resptime": 46.805497046149924,
      "resptime_old": 36.80549704614992,
      "waittime": 31.69493937293305,
      "servicetime": 10.0,
      "networktime": 5.110557673216874,
      "services": {
        "MS4_1": {
          "meanserv": 2.51701659786662,
          "stddevserv": 2.51701659786662,
          "rate": 0.3972957511871725,
          "cv": 1.0,
          "lambda": 0.225
        },
        "MS4_2": {
          "meanserv": 2.199332170401812,
          "stddevserv": 2.199332170401812,
          "rate": 0.4546834777655723,
          "cv": 1.0,
          "lambda": 0.225
        },
        "MS4_3": {
          "meanserv": 0.5422171725071223,
          "stddevserv": 0.5422171725071223,
          "rate": 1.8442794708551296,
          "cv": 1.0,
          "lambda": 0.225
        },
        "MS4_4": {
          "meanserv": 3.7246838365355384,
          "stddevserv": 3.7246838365355384,
          "rate": 0.2684791633026592,
          "cv": 1.0,
          "lambda": 0.225
        },
        "MS4_5": {
          "meanserv": 1.0167502226889074,
          "stddevserv": 1.0167502226889074,
          "rate": 0.9835257250845645,
          "cv": 1.0,
          "lambda": 0.225
        }
      },
      "sensors": [
        "S4"
      ],
      "sources": [
        {
          "startTime": 0,
          "stopTime": -1,
          "lambda": 0.225
        }
      ]
    }
  },
  "microservice": {
    "MS1_1": "F7",
    "MS1_2": "F7",
    "MS1_3": "F3",
    "MS1_4": "F9",
    "MS1_5": "F8",
    "MS2_1": "F4",
    "MS2_2": "F1",
    "MS2_3": "F6",
    "MS2_4": "F4",
    "MS2_5": "F6",
    "MS3_1": "F6",
    "MS3_2": "F6",
    "MS3_3": "F7",
    "MS3_4": "F8",
    "MS3_5": "F1",
    "MS4_1": "F5",
    "MS4_2": "F10",
    "MS4_3": "F10",
    "MS4_4": "F2",
    "MS4_5": "F8"
  },
  "sensor": {
    "S1": "F7",
    "S2": "F4",
    "S3": "F6",
    "S4": "F5"
  },
  "fog": {
    "F1": {
      "rho": 2.7001967993873888,
      "capacity": 1.0,
      "tserv": 6.000437331971974,
      "stddev": 6.000602432751079,
      "mu": 0.16665451944172902,
      "cv": 1.0000275147910012,
      "lambda": 0.45,
      "twait": 16186.159317036598
    },
    "F2": {
      "rho": 0.8380538632204961,
      "capacity": 1.0,
      "tserv": 3.7246838365355384,
      "stddev": 3.7246838365355384,
      "mu": 0.2684791633026592,
      "cv": 1.0,
      "lambda": 0.225,
      "twait": 19.274838786266166
    },
    "F3": {
      "rho": 0.7594956286224829,
      "capacity": 1.0,
      "tserv": 3.375536127211035,
      "stddev": 3.375536127211035,
      "mu": 0.2962492363624112,
      "cv": 1.0,
      "lambda": 0.225,
      "twait": 10.659702017847428
    },
    "F4": {
      "rho": 0.6573544574722876,
      "capacity": 1.0,
      "tserv": 1.4607876832717501,
      "stddev": 2.091600205857579,
      "mu": 0.6845621793307317,
      "cv": 1.4318303952104716,
      "lambda": 0.45,
      "twait": 4.273966929391732
    },
    "F5": {
      "rho": 0.5663287345199896,
      "capacity": 1.0,
      "tserv": 2.51701659786662,
      "stddev": 2.51701659786662,
      "mu": 0.3972957511871725,
      "cv": 1.0,
      "lambda": 0.225,
      "twait": 3.2869570527294187
    },
    "F6": {
      "rho": 0.7295643391612286,
      "capacity": 1.0,
      "tserv": 0.8106270435124762,
      "stddev": 1.2695090358573786,
      "mu": 1.2336129271816099,
      "cv": 1.5660827578075243,
      "lambda": 0.9,
      "twait": 3.77519083445677
    },
    "F7": {
      "rho": 0.7235227904978103,
      "capacity": 1.0,
      "tserv": 1.0718856155523115,
      "stddev": 1.1391894390778359,
      "mu": 0.9329353668812218,
      "cv": 1.062790117293294,
      "lambda": 0.675,
      "twait": 2.986713922739556
    },
    "F8": {
      "rho": 0.7122571857856738,
      "capacity": 1.0,
      "tserv": 1.0551958307935907,
      "stddev": 1.239106263872952,
      "mu": 0.9476913865816935,
      "cv": 1.1742903333318195,
      "lambda": 0.675,
      "twait": 3.106863402766427
    },
    "F9": {
      "rho": 0.6963775991781329,
      "capacity": 1.0,
      "tserv": 3.0950115519028127,
      "stddev": 3.0950115519028127,
      "mu": 0.32310057110617246,
      "cv": 1.0,
      "lambda": 0.225,
      "twait": 7.09860902261676
    },
    "F10": {
      "rho": 0.6168486021545102,
      "capacity": 1.0,
      "tserv": 1.370774671454467,
      "stddev": 1.8033408601883507,
      "mu": 0.729514500686641,
      "cv": 1.3155633071881225,
      "lambda": 0.45,
      "twait": 3.0131400655855174
    }
  },
  "extra": {
    "deltatime": 0.0160792,
    "obj_func": 8131.1073960641015
  },
  "network": [
    [
      0.0,
      1.571909017792254,
      2.798192857822556,
      1.6579537767573085,
      1.9612094533426743,
      2.205983064007936,
      2.1570728242989023,
      2.267098159599303,
      1.6363426424962326,
      1.6363426424962326
    ],
    [
      1.571909017792254,
      0.0,
      1.8415873612566187,
      1.7880995892889022,
      1.8982033345289309,
      1.3224880692902066,
      1.690429422062557,
      1.6363426424962326,
      1.789411036125915,
      1.789411036125915
    ],
    [
      2.798192857822556,
      1.8415873612566187,
      0.0,
      2.6162351255190237,
      2.1369516461972786,
      1.4837388448353266,
      2.267098159599303,
      1.789411036125915,
      0.9497078213239252,
      0.9497078213239252
    ],
    [
      1.6579537767573085,
      1.7880995892889022,
      2.6162351255190237,
      0.0,
      2.4120116690699267,
      2.1570728242989023,
      1.6363426424962326,
      0.9497078213239252,
      1.8690962386517125,
      1.8690962386517125
    ],
    [
      1.9612094533426743,
      1.8982033345289309,
      2.1369516461972786,
      2.4120116690699267,
      0.0,
      1.690429422062557,
      1.789411036125915,
      1.8690962386517125,
      1.6848039945947273,
      1.6848039945947273
    ],
    [
      2.205983064007936,
      1.3224880692902066,
      1.4837388448353266,
      2.1570728242989023,
      1.690429422062557,
      0.0,
      0.9497078213239252,
      1.6848039945947273,
      1.7458595818043199,
      1.7458595818043199
    ],
    [
      2.1570728242989023,
      1.690429422062557,
      2.267098159599303,
      1.6363426424962326,
      1.789411036125915,
      0.9497078213239252,
      0.0,
      1.7458595818043199,
      2.81345198251535,
      2.81345198251535
    ],
    [
      2.267098159599303,
      1.6363426424962326,
      1.789411036125915,
      0.9497078213239252,
      1.8690962386517125,
      1.6848039945947273,
      1.7458595818043199,
      0.0,
      2.3670222932231297,
      2.3670222932231297
    ],
    [
      1.6363426424962326,
      1.789411036125915,
      0.9497078213239252,
      1.8690962386517125,
      1.6848039945947273,
      1.7458595818043199,
      2.81345198251535,
      2.3670222932231297,
      0.0,
      2.488120468166919
    ],
    [
      1.6363426424962326,
      1.789411036125915,
      0.9497078213239252,
      1.8690962386517125,
      1.6848039945947273,
      1.7458595818043199,
      2.81345198251535,
      2.3670222932231297,
      2.488120468166919,
      0.0
    ]
  ]
}