{
  "servicechain": {
    "SC1": {
      "resptime": 71.33070609270655,
      "resptime_old": 61.33070609270655,
      "waittime": 52.484980624209236,
      "servicetime": 10.0,
      "networktime": 8.845725468497314,
      "services": {
        "MS1_1": {
          "meanserv": 0.5633208694680958,
          "stddevserv": 0.5633208694680958,
          "rate": 1.7751872053741407,
          "cv": 1.0,
          "lambda": 0.225
        },
        "MS1_2": {
          "meanserv": 2.022962738665072,
          "stddevserv": 2.022962738665072,
          "rate": 0.4943244780968569,
          "cv": 1.0,
          "lambda": 0.225
        },
        "MS1_3": {
          "meanserv": 3.99882989200104,
          "stddevserv": 3.99882989200104,
          "rate": 0.25007315314920625,
          "cv": 1.0,
          "lambda": 0.225
        },
        "MS1_4": {
          "meanserv": 0.34626260427619737,
          "stddevserv": 0.34626260427619737,
          "rate": 2.8879815135981217,
          "cv": 1.0,
          "lambda": 0.225
        },
        "MS1_5": {
          "meanserv": 3.068623895589595,
          "stddevserv": 3.068623895589595,
          "rate": 0.32587897182097103,
          "cv": 1.0,
          "lambda": 0.225
        }
      },
      "sensors": [
        "S1"
      ],
      "sources": [
        {
          "startTime": 0,
          "stopTime": -1,
          "lambda": 0.225
        }
      ]
    },
    "SC2": {
      "resptime": 9186.093344822757,
      "resptime_old": 9176.093344822755,
      "waittime": 9170.82230714195,
      "servicetime": 10.0,
      "networktime": 5.271037680805875,
      "services": {
        "MS2_1": {
          "meanserv": 0.9604203499121855,
          "stddevserv": 0.9604203499121855,
          "rate": 1.0412107574474379,
          "cv": 1.0,
          "lambda": 0.225
        },
        "MS2_2": {
          "meanserv": 0.5541586729115622,
          "stddevserv": 0.5541586729115622,
          "rate": 1.8045373083235843,
          "cv": 1.0,
          "lambda": 0.225
        },
        "MS2_3": {
          "meanserv": 0.09827540425436099,
          "stddevserv": 0.09827540425436099,
          "rate": 10.175485998630474,
          "cv": 1.0,
          "lambda": 0.225
        },
        "MS2_4": {
          "meanserv": 6.378780046700635,
          "stddevserv": 6.378780046700635,
          "rate": 0.15676978868666913,
          "cv": 1.0,
          "lambda": 0.225
        },
        "MS2_5": {
          "meanserv": 2.0083655262212563,
          "stddevserv": 2.0083655262212563,
          "rate": 0.4979173297609335,
          "cv": 1.0,
          "lambda": 0.225
        }
      },
      "sensors": [
        "S2"
      ],
      "sources": [
        {
          "startTime": 0,
          "stopTime": -1,
          "lambda": 0.225
        }
      ]
    },
    "SC3": {
      "resptime": 4507.637681050567,
      "resptime_old": 4497.637681050567,
      "waittime": 4490.724251182026,
      "servicetime": 10.0,
      "networktime": 6.913429868541279,
      "services": {
        "MS3_1": {
          "meanserv": 1.0714298425077684,
          "stddevserv": 1.0714298425077684,
          "rate": 0.9333322260834354,
          "cv": 1.0,
          "lambda": 0.225
        },
        "MS3_2": {
          "meanserv": 4.459043199003847,
          "stddevserv": 4.459043199003847,
          "rate": 0.22426335771391512,
          "cv": 1.0,
          "lambda": 0.225
        },
        "MS3_3": {
          "meanserv": 0.4973777891749842,
          "stddevserv": 0.4973777891749842,
          "rate": 2.0105441412225717,
          "cv": 1.0,
          "lambda": 0.225
        },
        "MS3_4": {
          "meanserv": 2.5801502620077716,
          "stddevserv": 2.5801502620077716,
          "rate": 0.38757432647424156,
          "cv": 1.0,
          "lambda": 0.225
        },
        "MS3_5": {
          "meanserv": 1.391998907305629,
          "stddevserv": 1.391998907305629,
          "rate": 0.7183913685216987,
          "cv": 1.0,
          "lambda": 0.225
        }
      },
      "sensors": [
        "S3"
      ],
      "sources": [
        {
          "startTime": 0,
          "stopTime": -1,
          "lambda": 0.225
        }
      ]
    },
    "SC4": {
      "resptime": 4735.935436508866,
      "resptime_old": 4725.935436508866,
      "waittime": 4719.813725762123,
      "servicetime": 10.0,
      "networktime": 6.121710746742921,
      "services": {
        "MS4_1": {
          "meanserv": 1.8493915502973268,
          "stddevserv": 1.8493915502973268,
          "rate": 0.5407183783440721,
          "cv": 1.0,
          "lambda": 0.225
        },
        "MS4_2": {
          "meanserv": 4.571698920545794,
          "stddevserv": 4.571698920545794,
          "rate": 0.2187370641373327,
          "cv": 1.0,
          "lambda": 0.225
        },
        "MS4_3": {
          "meanserv": 0.4605012281548273,
          "stddevserv": 0.4605012281548273,
          "rate": 2.171546868630251,
          "cv": 1.0,
          "lambda": 0.225
        },
        "MS4_4": {
          "meanserv": 0.8930237614976084,
          "stddevserv": 0.8930237614976084,
          "rate": 1.1197910325734128,
          "cv": 1.0,
          "lambda": 0.225
        },
        "MS4_5": {
          "meanserv": 2.225384539504444,
          "stddevserv": 2.225384539504444,
          "rate": 0.449360540728248,
          "cv": 1.0,
          "lambda": 0.225
        }
      },
      "sensors": [
        "S4"
      ],
      "sources": [
        {
          "startTime": 0,
          "stopTime": -1,
          "lambda": 0.225
        }
      ]
    }
  },
  "microservice": {
    "MS1_1": "F5",
    "MS1_2": "F9",
    "MS1_3": "F1",
    "MS1_4": "F5",
    "MS1_5": "F4",
    "MS2_1": "F3",
    "MS2_2": "F5",
    "MS2_3": "F5",
    "MS2_4": "F7",
    "MS2_5": "F8",
    "MS3_1": "F10",
    "MS3_2": "F6",
    "MS3_3": "F5",
    "MS3_4": "F3",
    "MS3_5": "F9",
    "MS4_1": "F8",
    "MS4_2": "F2",
    "MS4_3": "F5",
    "MS4_4": "F5",
    "MS4_5": "F10"
  },
  "sensor": {
    "S1": "F5",
    "S2": "F3",
    "S3": "F10",
    "S4": "F8"
  },
  "fog": {
    "F1": {
      "rho": 0.899736725700234,
      "capacity": 1.0,
      "tserv": 3.99882989200104,
      "stddev": 3.9988298920010394,
      "mu": 0.25007315314920625,
      "cv": 0.9999999999999999,
      "lambda": 0.225,
      "twait": 35.88446655855555
    },
    "F2": {
      "rho": 1.0286322571228037,
      "capacity": 1.0,
      "tserv": 4.571698920545794,
      "stddev": 4.571698920545794,
      "mu": 0.2187370641373327,
      "cv": 1.0,
      "lambda": 0.225,
      "twait": 4697.894382547373
    },
    "F3": {
      "rho": 0.7966283876819904,
      "capacity": 1.0,
      "tserv": 1.7702853059599786,
      "stddev": 2.1084763594990585,
      "mu": 0.5648806984011691,
      "cv": 1.1910375985161827,
      "lambda": 0.45,
      "twait": 8.38566440395195
    },
    "F4": {
      "rho": 0.6904403765076589,
      "capacity": 1.0,
      "tserv": 3.068623895589595,
      "stddev": 3.068623895589595,
      "mu": 0.32587897182097103,
      "cv": 1.0,
      "lambda": 0.225,
      "twait": 6.844244782083791
    },
    "F5": {
      "rho": 0.7679070741909682,
      "capacity": 1.0,
      "tserv": 0.48756004710537654,
      "stddev": 0.5803727298585268,
      "mu": 2.0510294187084397,
      "cv": 1.1903615427559646,
      "lambda": 1.5750000000000002,
      "twait": 1.9494605498490851
    },
    "F6": {
      "rho": 1.0032847197758654,
      "capacity": 1.0,
      "tserv": 4.459043199003847,
      "stddev": 4.459043199003847,
      "mu": 0.22426335771391512,
      "cv": 1.0,
      "lambda": 0.225,
      "twait": 4469.216216474667
    },
    "F7": {
      "rho": 1.4352255105076428,
      "capacity": 1.0,
      "tserv": 6.378780046700635,
      "stddev": 6.378780046700635,
      "mu": 0.15676978868666913,
      "cv": 1.0,
      "lambda": 0.225,
      "twait": 9145.832861092935
    },
    "F8": {
      "rho": 0.8679953422166813,
      "capacity": 1.0,
      "tserv": 1.9288785382592917,
      "stddev": 1.9321513341008854,
      "mu": 0.5184359617078045,
      "cv": 1.00169673505961,
      "lambda": 0.45,
      "twait": 12.7048605453647
    },
    "F9": {
      "rho": 0.7683663703434078,
      "capacity": 1.0,
      "tserv": 1.7074808229853504,
      "stddev": 1.7648083292824246,
      "mu": 0.5856581148897504,
      "cv": 1.0335743192692748,
      "lambda": 0.45,
      "twait": 5.85734818387172
    },
    "F10": {
      "rho": 0.7417832359527478,
      "capacity": 1.0,
      "tserv": 1.648407191006106,
      "stddev": 1.8393074753072107,
      "mu": 0.6066462251900573,
      "cv": 1.1158089368589739,
      "lambda": 0.45,
      "twait": 5.315561569686443
    }
  },
  "extra": {
    "deltatime": 0.5466478,
    "conv": 6,
    "obj_func": 4625.249292118724
  },
  "network": [
    [
      0.0,
      2.4078385704205036,
      2.1292912041674925,
      2.017556965626,
      2.8039736153031085,
      2.663978049673813,
      1.6306449326686963,
      2.2557299455397,
      1.428558303057216,
      1.428558303057216
    ],
    [
      2.4078385704205036,
      0.0,
      1.7547286179913153,
      1.7370258379525096,
      2.145113737632322,
      1.370786952848829,
      1.3234769232468777,
      1.428558303057216,
      1.7951196020389528,
      1.7951196020389528
    ],
    [
      2.1292912041674925,
      1.7547286179913153,
      0.0,
      2.342670822773513,
      1.6012001539992242,
      2.26686789361401,
      2.2557299455397,
      1.7951196020389528,
      2.1140348665274784,
      2.1140348665274784
    ],
    [
      2.017556965626,
      1.7370258379525096,
      2.342670822773513,
      0.0,
      2.065154844083606,
      1.6306449326686963,
      1.428558303057216,
      2.1140348665274784,
      2.704978993039887,
      2.704978993039887
    ],
    [
      2.8039736153031085,
      2.145113737632322,
      1.6012001539992242,
      2.065154844083606,
      0.0,
      1.3234769232468777,
      1.7951196020389528,
      2.704978993039887,
      2.548038706053383,
      2.548038706053383
    ],
    [
      2.663978049673813,
      1.370786952848829,
      2.26686789361401,
      1.6306449326686963,
      1.3234769232468777,
      0.0,
      2.1140348665274784,
      2.548038706053383,
      1.8747179247676986,
      1.8747179247676986
    ],
    [
      1.6306449326686963,
      1.3234769232468777,
      2.2557299455397,
      1.428558303057216,
      1.7951196020389528,
      2.1140348665274784,
      0.0,
      1.8747179247676986,
      2.4480721782329016,
      2.4480721782329016
    ],
    [
      2.2557299455397,
      1.428558303057216,
      1.7951196020389528,
      2.1140348665274784,
      2.704978993039887,
      2.548038706053383,
      1.8747179247676986,
      0.0,
      1.5048457272783862,
      1.5048457272783862
    ],
    [
      1.428558303057216,
      1.7951196020389528,
      2.1140348665274784,
      2.704978993039887,
      2.548038706053383,
      1.8747179247676986,
      2.4480721782329016,
      1.5048457272783862,
      0.0,
      1.7008803769898573
    ],
    [
      1.428558303057216,
      1.7951196020389528,
      2.1140348665274784,
      2.704978993039887,
      2.548038706053383,
      1.8747179247676986,
      2.4480721782329016,
      1.5048457272783862,
      1.7008803769898573,
      0.0
    ]
  ]
}