{
  "servicechain": {
    "SC1": {
      "resptime": 27.205098213421252,
      "resptime_old": 17.205098213421252,
      "waittime": 13.958898657291265,
      "servicetime": 10.0,
      "networktime": 3.246199556129988,
      "services": {
        "MS1_1": {
          "meanserv": 1.549339024043308,
          "stddevserv": 1.549339024043308,
          "rate": 0.6454365277589803,
          "cv": 1.0,
          "lambda": 0.15
        },
        "MS1_2": {
          "meanserv": 1.5480502277700139,
          "stddevserv": 1.5480502277700139,
          "rate": 0.6459738722047235,
          "cv": 1.0,
          "lambda": 0.15
        },
        "MS1_3": {
          "meanserv": 3.789489014065545,
          "stddevserv": 3.789489014065545,
          "rate": 0.2638878213627943,
          "cv": 1.0,
          "lambda": 0.15
        },
        "MS1_4": {
          "meanserv": 0.36952062785918827,
          "stddevserv": 0.36952062785918827,
          "rate": 2.7062088679419163,
          "cv": 1.0,
          "lambda": 0.15
        },
        "MS1_5": {
          "meanserv": 2.743601106261945,
          "stddevserv": 2.743601106261945,
          "rate": 0.36448447178331367,
          "cv": 1.0,
          "lambda": 0.15
        }
      },
      "sensors": [
        "S1"
      ],
      "sources": [
        {
          "startTime": 0,
          "stopTime": -1,
          "lambda": 0.15
        }
      ]
    },
    "SC2": {
      "resptime": 29.668103751426862,
      "resptime_old": 19.66810375142686,
      "waittime": 15.565933747409112,
      "servicetime": 10.0,
      "networktime": 4.102170004017751,
      "services": {
        "MS2_1": {
          "meanserv": 3.077947911326077,
          "stddevserv": 3.077947911326077,
          "rate": 0.32489178790851225,
          "cv": 1.0,
          "lambda": 0.15
        },
        "MS2_2": {
          "meanserv": 1.1547206600015976,
          "stddevserv": 1.1547206600015976,
          "rate": 0.8660103128306516,
          "cv": 1.0,
          "lambda": 0.15
        },
        "MS2_3": {
          "meanserv": 0.599957825661412,
          "stddevserv": 0.599957825661412,
          "rate": 1.6667838258423735,
          "cv": 1.0,
          "lambda": 0.15
        },
        "MS2_4": {
          "meanserv": 2.1237778716323685,
          "stddevserv": 2.1237778716323685,
          "rate": 0.4708590353808445,
          "cv": 1.0,
          "lambda": 0.15
        },
        "MS2_5": {
          "meanserv": 3.043595731378545,
          "stddevserv": 3.043595731378545,
          "rate": 0.3285587470406482,
          "cv": 1.0,
          "lambda": 0.15
        }
      },
      "sensors": [
        "S2"
      ],
      "sources": [
        {
          "startTime": 0,
          "stopTime": -1,
          "lambda": 0.15
        }
      ]
    },
    "SC3": {
      "resptime": 33.85944801597483,
      "resptime_old": 23.85944801597483,
      "waittime": 17.51886575223975,
      "servicetime": 10.0,
      "networktime": 6.340582263735076,
      "services": {
        "MS3_1": {
          "meanserv": 3.9308881352561222,
          "stddevserv": 3.9308881352561222,
          "rate": 0.25439543573652057,
          "cv": 1.0,
          "lambda": 0.15
        },
        "MS3_2": {
          "meanserv": 3.3876664717500518,
          "stddevserv": 3.3876664717500518,
          "rate": 0.2951884455978941,
          "cv": 1.0,
          "lambda": 0.15
        },
        "MS3_3": {
          "meanserv": 1.0417402332197199,
          "stddevserv": 1.0417402332197199,
          "rate": 0.9599322058525926,
          "cv": 1.0,
          "lambda": 0.15
        },
        "MS3_4": {
          "meanserv": 0.3974219803714618,
          "stddevserv": 0.3974219803714618,
          "rate": 2.5162171429605413,
          "cv": 1.0,
          "lambda": 0.15
        },
        "MS3_5": {
          "meanserv": 1.2422831794026443,
          "stddevserv": 1.2422831794026443,
          "rate": 0.804969443827496,
          "cv": 1.0,
          "lambda": 0.15
        }
      },
      "sensors": [
        "S3"
      ],
      "sources": [
        {
          "startTime": 0,
          "stopTime": -1,
          "lambda": 0.15
        }
      ]
    },
    "SC4": {
      "resptime": 55.11566416794276,
      "resptime_old": 45.11566416794276,
      "waittime": 42.364037796475266,
      "servicetime": 10.0,
      "networktime": 2.751626371467497,
      "services": {
        "MS4_1": {
          "meanserv": 1.8485553722331416,
          "stddevserv": 1.8485553722331416,
          "rate": 0.5409629676345336,
          "cv": 1.0,
          "lambda": 0.15
        },
        "MS4_2": {
          "meanserv": 0.9707236976965417,
          "stddevserv": 0.9707236976965417,
          "rate": 1.0301592537329922,
          "cv": 1.0,
          "lambda": 0.15
        },
        "MS4_3": {
          "meanserv": 0.36081911019232304,
          "stddevserv": 0.36081911019232304,
          "rate": 2.771471831042935,
          "cv": 1.0,
          "lambda": 0.15
        },
        "MS4_4": {
          "meanserv": 5.697597611178655,
          "stddevserv": 5.697597611178655,
          "rate": 0.17551257007655394,
          "cv": 1.0,
          "lambda": 0.15
        },
        "MS4_5": {
          "meanserv": 1.1223042086993384,
          "stddevserv": 1.1223042086993384,
          "rate": 0.8910240131407158,
          "cv": 1.0,
          "lambda": 0.15
        }
      },
      "sensors": [
        "S4"
      ],
      "sources": [
        {
          "startTime": 0,
          "stopTime": -1,
          "lambda": 0.15
        }
      ]
    }
  },
  "microservice": {
    "MS1_1": "F10",
    "MS1_2": "F10",
    "MS1_3": "F8",
    "MS1_4": "F2",
    "MS1_5": "F2",
    "MS2_1": "F3",
    "MS2_2": "F6",
    "MS2_3": "F6",
    "MS2_4": "F6",
    "MS2_5": "F1",
    "MS3_1": "F7",
    "MS3_2": "F4",
    "MS3_3": "F10",
    "MS3_4": "F5",
    "MS3_5": "F1",
    "MS4_1": "F5",
    "MS4_2": "F5",
    "MS4_3": "F5",
    "MS4_4": "F9",
    "MS4_5": "F3"
  },
  "sensor": {
    "S1": "F10",
    "S2": "F3",
    "S3": "F7",
    "S4": "F5"
  },
  "fog": {
    "F1": {
      "rho": 0.6428818366171783,
      "capacity": 1.0,
      "tserv": 2.1429394553905947,
      "stddev": 2.4929005123395327,
      "mu": 0.46664874151459845,
      "cv": 1.1633088868043406,
      "lambda": 0.3,
      "twait": 4.539145687043039
    },
    "F2": {
      "rho": 0.46696826011817,
      "capacity": 1.0,
      "tserv": 1.5565608670605666,
      "stddev": 2.2893254010364874,
      "mu": 0.642441950817134,
      "cv": 1.4707586766970986,
      "lambda": 0.3,
      "twait": 2.156689353919409
    },
    "F3": {
      "rho": 0.6300378180038123,
      "capacity": 1.0,
      "tserv": 2.1001260600127076,
      "stddev": 2.514517968469565,
      "mu": 0.47616189286939714,
      "cv": 1.1973176355205792,
      "lambda": 0.3,
      "twait": 4.351794833645216
    },
    "F4": {
      "rho": 0.5081499707625079,
      "capacity": 1.0,
      "tserv": 3.387666471750052,
      "stddev": 3.3876664717500518,
      "mu": 0.29518844559789403,
      "cv": 0.9999999999999999,
      "lambda": 0.15,
      "twait": 3.499933955969556
    },
    "F5": {
      "rho": 0.5366280240740201,
      "capacity": 1.0,
      "tserv": 0.894380040123367,
      "stddev": 1.2344563195799716,
      "mu": 1.1180929304527685,
      "cv": 1.3802368838751096,
      "lambda": 0.6,
      "twait": 1.5044919730923991
    },
    "F6": {
      "rho": 0.5817684535943066,
      "capacity": 1.0,
      "tserv": 1.2928187857651259,
      "stddev": 1.5698600837869567,
      "mu": 0.7735036116513208,
      "cv": 1.214292444596456,
      "lambda": 0.44999999999999996,
      "twait": 2.224997742240286
    },
    "F7": {
      "rho": 0.5896332202884185,
      "capacity": 1.0,
      "tserv": 3.9308881352561227,
      "stddev": 3.9308881352561222,
      "mu": 0.2543954357365205,
      "cv": 0.9999999999999999,
      "lambda": 0.15,
      "twait": 5.648074708712077
    },
    "F8": {
      "rho": 0.5684233521098317,
      "capacity": 1.0,
      "tserv": 3.7894890140655453,
      "stddev": 3.789489014065545,
      "mu": 0.26388782136279426,
      "cv": 0.9999999999999999,
      "lambda": 0.15,
      "twait": 4.991081094607087
    },
    "F9": {
      "rho": 0.8546396416767982,
      "capacity": 1.0,
      "tserv": 5.697597611178655,
      "stddev": 5.697597611178655,
      "mu": 0.17551257007655394,
      "cv": 1.0,
      "lambda": 0.15,
      "twait": 33.49876704355285
    },
    "F10": {
      "rho": 0.6208694227549563,
      "capacity": 1.0,
      "tserv": 1.3797098283443474,
      "stddev": 1.4205010423523,
      "mu": 0.7247900822740392,
      "cv": 1.029565067356882,
      "lambda": 0.44999999999999996,
      "twait": 2.32721942742268
    }
  },
  "extra": {
    "deltatime": 0.7324399,
    "conv": 127,
    "obj_func": 36.462078537191424
  },
  "network": [
    [
      0.0,
      1.8809536196214542,
      1.4112754880875213,
      1.96572064180395,
      2.042577693399642,
      1.8804799895605748,
      2.028461221101707,
      2.0686011257265533,
      1.6587477005380404,
      1.6587477005380404
    ],
    [
      1.8809536196214542,
      0.0,
      1.8854319493977454,
      2.2611310674780096,
      2.34681543448808,
      1.8960784786181017,
      2.100904116710151,
      1.6587477005380404,
      2.3025150317014482,
      2.3025150317014482
    ],
    [
      1.4112754880875213,
      1.8854319493977454,
      0.0,
      2.440048473578494,
      2.6415978894141285,
      2.221690014457176,
      2.0686011257265533,
      2.3025150317014482,
      1.4174318089612064,
      1.4174318089612064
    ],
    [
      1.96572064180395,
      2.2611310674780096,
      2.440048473578494,
      0.0,
      2.0698682951189187,
      2.028461221101707,
      1.6587477005380404,
      1.4174318089612064,
      1.3050623072911038,
      1.3050623072911038
    ],
    [
      2.042577693399642,
      2.34681543448808,
      2.6415978894141285,
      2.0698682951189187,
      0.0,
      2.100904116710151,
      2.3025150317014482,
      1.3050623072911038,
      1.3341945625062908,
      1.3341945625062908
    ],
    [
      1.8804799895605748,
      1.8960784786181017,
      2.221690014457176,
      2.028461221101707,
      2.100904116710151,
      0.0,
      1.4174318089612064,
      1.3341945625062908,
      1.539930440646737,
      1.539930440646737
    ],
    [
      2.028461221101707,
      2.100904116710151,
      2.0686011257265533,
      1.6587477005380404,
      2.3025150317014482,
      1.4174318089612064,
      0.0,
      1.539930440646737,
      1.9749341766477415,
      1.9749341766477415
    ],
    [
      2.0686011257265533,
      1.6587477005380404,
      2.3025150317014482,
      1.4174318089612064,
      1.3050623072911038,
      1.3341945625062908,
      1.539930440646737,
      0.0,
      1.5874518555919477,
      1.5874518555919477
    ],
    [
      1.6587477005380404,
      2.3025150317014482,
      1.4174318089612064,
      1.3050623072911038,
      1.3341945625062908,
      1.539930440646737,
      1.9749341766477415,
      1.5874518555919477,
      0.0,
      2.674295976794271
    ],
    [
      1.6587477005380404,
      2.3025150317014482,
      1.4174318089612064,
      1.3050623072911038,
      1.3341945625062908,
      1.539930440646737,
      1.9749341766477415,
      1.5874518555919477,
      2.674295976794271,
      0.0
    ]
  ]
}