{
  "servicechain": {
    "SC1": {
      "resptime": 26.604257502990635,
      "resptime_old": 16.604257502990635,
      "waittime": 11.821507916511347,
      "servicetime": 10.0,
      "networktime": 4.782749586479289,
      "services": {
        "MS1_1": {
          "meanserv": 2.416028345586372,
          "stddevserv": 2.416028345586372,
          "rate": 0.41390242868086025,
          "cv": 1.0,
          "lambda": 0.1
        },
        "MS1_2": {
          "meanserv": 0.053117630437145014,
          "stddevserv": 0.053117630437145014,
          "rate": 18.826140996317914,
          "cv": 1.0,
          "lambda": 0.1
        },
        "MS1_3": {
          "meanserv": 1.3140530174114584,
          "stddevserv": 1.3140530174114584,
          "rate": 0.7610043025279842,
          "cv": 1.0,
          "lambda": 0.1
        },
        "MS1_4": {
          "meanserv": 5.877153655258972,
          "stddevserv": 5.877153655258972,
          "rate": 0.1701503922915447,
          "cv": 1.0,
          "lambda": 0.1
        },
        "MS1_5": {
          "meanserv": 0.33964735130605206,
          "stddevserv": 0.33964735130605206,
          "rate": 2.9442302321943097,
          "cv": 1.0,
          "lambda": 0.1
        }
      },
      "sensors": [
        "S1"
      ],
      "sources": [
        {
          "startTime": 0,
          "stopTime": -1,
          "lambda": 0.1
        }
      ]
    },
    "SC2": {
      "resptime": 22.94106696534811,
      "resptime_old": 12.94106696534811,
      "waittime": 9.724046424318498,
      "servicetime": 10.0,
      "networktime": 3.217020541029612,
      "services": {
        "MS2_1": {
          "meanserv": 0.8985692381938248,
          "stddevserv": 0.8985692381938248,
          "rate": 1.112880296247462,
          "cv": 1.0,
          "lambda": 0.1
        },
        "MS2_2": {
          "meanserv": 0.08906012213367731,
          "stddevserv": 0.08906012213367731,
          "rate": 11.228369960003217,
          "cv": 1.0,
          "lambda": 0.1
        },
        "MS2_3": {
          "meanserv": 1.4407389185401085,
          "stddevserv": 1.4407389185401085,
          "rate": 0.6940882814585821,
          "cv": 1.0,
          "lambda": 0.1
        },
        "MS2_4": {
          "meanserv": 2.2667215761780994,
          "stddevserv": 2.2667215761780994,
          "rate": 0.4411657834422222,
          "cv": 1.0,
          "lambda": 0.1
        },
        "MS2_5": {
          "meanserv": 5.30491014495429,
          "stddevserv": 5.30491014495429,
          "rate": 0.1885046066145229,
          "cv": 1.0,
          "lambda": 0.1
        }
      },
      "sensors": [
        "S2"
      ],
      "sources": [
        {
          "startTime": 0,
          "stopTime": -1,
          "lambda": 0.1
        }
      ]
    },
    "SC3": {
      "resptime": 27.148683202716192,
      "resptime_old": 17.148683202716196,
      "waittime": 11.387529613041597,
      "servicetime": 10.0,
      "networktime": 5.761153589674597,
      "services": {
        "MS3_1": {
          "meanserv": 2.0353558523288475,
          "stddevserv": 2.0353558523288475,
          "rate": 0.4913145771810877,
          "cv": 1.0,
          "lambda": 0.1
        },
        "MS3_2": {
          "meanserv": 2.0328293281884173,
          "stddevserv": 2.0328293281884173,
          "rate": 0.4919252128712464,
          "cv": 1.0,
          "lambda": 0.1
        },
        "MS3_3": {
          "meanserv": 5.858067254814397,
          "stddevserv": 5.858067254814397,
          "rate": 0.17070476600932832,
          "cv": 1.0,
          "lambda": 0.1
        },
        "MS3_4": {
          "meanserv": 0.024061623282527478,
          "stddevserv": 0.024061623282527478,
          "rate": 41.559955795923265,
          "cv": 1.0,
          "lambda": 0.1
        },
        "MS3_5": {
          "meanserv": 0.049685941385810395,
          "stddevserv": 0.049685941385810395,
          "rate": 20.12641749574631,
          "cv": 1.0,
          "lambda": 0.1
        }
      },
      "sensors": [
        "S3"
      ],
      "sources": [
        {
          "startTime": 0,
          "stopTime": -1,
          "lambda": 0.1
        }
      ]
    },
    "SC4": {
      "resptime": 21.816158547260805,
      "resptime_old": 11.816158547260807,
      "waittime": 6.497348562767612,
      "servicetime": 10.0,
      "networktime": 5.318809984493194,
      "services": {
        "MS4_1": {
          "meanserv": 0.763994482522149,
          "stddevserv": 0.763994482522149,
          "rate": 1.3089099762850827,
          "cv": 1.0,
          "lambda": 0.1
        },
        "MS4_2": {
          "meanserv": 0.02292667845739671,
          "stddevserv": 0.02292667845739671,
          "rate": 43.6173081878494,
          "cv": 1.0,
          "lambda": 0.1
        },
        "MS4_3": {
          "meanserv": 4.131587882613638,
          "stddevserv": 4.131587882613638,
          "rate": 0.2420376931126541,
          "cv": 1.0,
          "lambda": 0.1
        },
        "MS4_4": {
          "meanserv": 2.8042789383782365,
          "stddevserv": 2.8042789383782365,
          "rate": 0.3565979069750877,
          "cv": 1.0,
          "lambda": 0.1
        },
        "MS4_5": {
          "meanserv": 2.27721201802858,
          "stddevserv": 2.27721201802858,
          "rate": 0.43913346323620606,
          "cv": 1.0,
          "lambda": 0.1
        }
      },
      "sensors": [
        "S4"
      ],
      "sources": [
        {
          "startTime": 0,
          "stopTime": -1,
          "lambda": 0.1
        }
      ]
    }
  },
  "microservice": {
    "MS1_1": "F5",
    "MS1_2": "F5",
    "MS1_3": "F7",
    "MS1_4": "F1",
    "MS1_5": "F7",
    "MS2_1": "F6",
    "MS2_2": "F6",
    "MS2_3": "F10",
    "MS2_4": "F10",
    "MS2_5": "F3",
    "MS3_1": "F6",
    "MS3_2": "F7",
    "MS3_3": "F2",
    "MS3_4": "F6",
    "MS3_5": "F6",
    "MS4_1": "F9",
    "MS4_2": "F9",
    "MS4_3": "F4",
    "MS4_4": "F8",
    "MS4_5": "F9"
  },
  "sensor": {
    "S1": "F5",
    "S2": "F6",
    "S3": "F6",
    "S4": "F9"
  },
  "fog": {
    "F1": {
      "rho": 0.5877153655258972,
      "capacity": 1.0,
      "tserv": 5.877153655258971,
      "stddev": 5.877153655258973,
      "mu": 0.17015039229154472,
      "cv": 1.0000000000000002,
      "lambda": 0.1,
      "twait": 8.377934125918424
    },
    "F2": {
      "rho": 0.5858067254814397,
      "capacity": 1.0,
      "tserv": 5.858067254814397,
      "stddev": 5.858067254814397,
      "mu": 0.17070476600932832,
      "cv": 1.0,
      "lambda": 0.1,
      "twait": 8.285250889652223
    },
    "F3": {
      "rho": 0.530491014495429,
      "capacity": 1.0,
      "tserv": 5.30491014495429,
      "stddev": 5.30491014495429,
      "mu": 0.1885046066145229,
      "cv": 1.0,
      "lambda": 0.1,
      "twait": 5.993936754116703
    },
    "F4": {
      "rho": 0.41315878826136376,
      "capacity": 1.0,
      "tserv": 4.131587882613638,
      "stddev": 4.131587882613638,
      "mu": 0.2420376931126541,
      "cv": 1.0,
      "lambda": 0.1,
      "twait": 2.9087968074338963
    },
    "F5": {
      "rho": 0.2469145976023517,
      "capacity": 1.0,
      "tserv": 1.2345729880117584,
      "stddev": 2.077460947072603,
      "mu": 0.8099966625792364,
      "cv": 1.6827364337675081,
      "lambda": 0.2,
      "twait": 0.7754783761239873
    },
    "F6": {
      "rho": 0.3096732777324687,
      "capacity": 1.0,
      "tserv": 0.6193465554649374,
      "stddev": 1.26524370646333,
      "mu": 1.6146049270417104,
      "cv": 2.0428687223642084,
      "lambda": 0.5,
      "twait": 0.718656734738966
    },
    "F7": {
      "rho": 0.3686529696905928,
      "capacity": 1.0,
      "tserv": 1.2288432323019758,
      "stddev": 1.572557831262769,
      "mu": 0.8137734527183855,
      "cv": 1.27970581594604,
      "lambda": 0.30000000000000004,
      "twait": 0.9463085191724748
    },
    "F8": {
      "rho": 0.2804278938378236,
      "capacity": 1.0,
      "tserv": 2.8042789383782365,
      "stddev": 2.8042789383782365,
      "mu": 0.3565979069750877,
      "cv": 1.0,
      "lambda": 0.1,
      "twait": 1.0928689837873444
    },
    "F9": {
      "rho": 0.3064133179008126,
      "capacity": 1.0,
      "tserv": 1.021377726336042,
      "stddev": 1.6743335165930149,
      "mu": 0.9790697155569178,
      "cv": 1.639289239838137,
      "lambda": 0.30000000000000004,
      "twait": 0.8318942571821235
    },
    "F10": {
      "rho": 0.3707460494718208,
      "capacity": 1.0,
      "tserv": 1.8537302473591037,
      "stddev": 1.9435636097986106,
      "mu": 0.5394528148983051,
      "cv": 1.0484608602397716,
      "lambda": 0.2,
      "twait": 1.1463981003619312
    }
  },
  "extra": {
    "deltatime": 0.0135704,
    "obj_func": 24.62754155457894
  },
  "network": [
    [
      0.0,
      1.8772945561657406,
      2.2022125912912465,
      2.335596302475092,
      2.153917800107179,
      2.3051896807387804,
      1.4824590884170463,
      1.801469154793044,
      2.2520409812525743,
      2.2520409812525743
    ],
    [
      1.8772945561657406,
      0.0,
      1.6342086667410374,
      1.8116069834803425,
      2.0533481961709072,
      2.207536102836379,
      2.2169341923867303,
      2.2520409812525743,
      1.817831409645196,
      1.817831409645196
    ],
    [
      2.2022125912912465,
      1.6342086667410374,
      0.0,
      1.955840844704638,
      2.1683639359710996,
      1.816252886664072,
      1.801469154793044,
      1.817831409645196,
      1.3366832944514873,
      1.3366832944514873
    ],
    [
      2.335596302475092,
      1.8116069834803425,
      1.955840844704638,
      0.0,
      1.8812117684735732,
      1.4824590884170463,
      2.2520409812525743,
      1.3366832944514873,
      2.569797009529182,
      2.569797009529182
    ],
    [
      2.153917800107179,
      2.0533481961709072,
      2.1683639359710996,
      1.8812117684735732,
      0.0,
      2.2169341923867303,
      1.817831409645196,
      2.569797009529182,
      2.615692449546939,
      2.615692449546939
    ],
    [
      2.3051896807387804,
      2.207536102836379,
      1.816252886664072,
      1.4824590884170463,
      2.2169341923867303,
      0.0,
      1.3366832944514873,
      2.615692449546939,
      1.8803372465781245,
      1.8803372465781245
    ],
    [
      1.4824590884170463,
      2.2169341923867303,
      1.801469154793044,
      2.2520409812525743,
      1.817831409645196,
      1.3366832944514873,
      0.0,
      1.8803372465781245,
      2.1478777739569925,
      2.1478777739569925
    ],
    [
      1.801469154793044,
      2.2520409812525743,
      1.817831409645196,
      1.3366832944514873,
      2.569797009529182,
      2.615692449546939,
      1.8803372465781245,
      0.0,
      1.4123296805125254,
      1.4123296805125254
    ],
    [
      2.2520409812525743,
      1.817831409645196,
      1.3366832944514873,
      2.569797009529182,
      2.615692449546939,
      1.8803372465781245,
      2.1478777739569925,
      1.4123296805125254,
      0.0,
      2.2618067528820176
    ],
    [
      2.2520409812525743,
      1.817831409645196,
      1.3366832944514873,
      2.569797009529182,
      2.615692449546939,
      1.8803372465781245,
      2.1478777739569925,
      1.4123296805125254,
      2.2618067528820176,
      0.0
    ]
  ]
}