{
  "servicechain": {
    "SC1": {
      "resptime": 29.08982287810572,
      "resptime_old": 19.089822878105718,
      "waittime": 15.517387271968316,
      "servicetime": 10.0,
      "networktime": 3.572435606137402,
      "services": {
        "MS1_1": {
          "meanserv": 0.6148371076357728,
          "stddevserv": 0.6148371076357728,
          "rate": 1.6264470500898853,
          "cv": 1.0,
          "lambda": 0.15
        },
        "MS1_2": {
          "meanserv": 2.6504809719489977,
          "stddevserv": 2.6504809719489977,
          "rate": 0.3772900128630852,
          "cv": 1.0,
          "lambda": 0.15
        },
        "MS1_3": {
          "meanserv": 0.7993941876428465,
          "stddevserv": 0.7993941876428465,
          "rate": 1.2509472991649773,
          "cv": 1.0,
          "lambda": 0.15
        },
        "MS1_4": {
          "meanserv": 0.32851100783176435,
          "stddevserv": 0.32851100783176435,
          "rate": 3.0440380266104072,
          "cv": 1.0,
          "lambda": 0.15
        },
        "MS1_5": {
          "meanserv": 0.3279027075273291,
          "stddevserv": 0.3279027075273291,
          "rate": 3.0496850957433916,
          "cv": 1.0,
          "lambda": 0.15
        },
        "MS1_6": {
          "meanserv": 0.7883108704980453,
          "stddevserv": 0.7883108704980453,
          "rate": 1.2685350886614213,
          "cv": 1.0,
          "lambda": 0.15
        },
        "MS1_7": {
          "meanserv": 1.6072861036196215,
          "stddevserv": 1.6072861036196215,
          "rate": 0.6221667677882561,
          "cv": 1.0,
          "lambda": 0.15
        },
        "MS1_8": {
          "meanserv": 1.3245839183090098,
          "stddevserv": 1.3245839183090098,
          "rate": 0.7549540547620568,
          "cv": 1.0,
          "lambda": 0.15
        },
        "MS1_9": {
          "meanserv": 1.0335195775556087,
          "stddevserv": 1.0335195775556087,
          "rate": 0.9675675446469177,
          "cv": 1.0,
          "lambda": 0.15
        },
        "MS1_10": {
          "meanserv": 0.5251735474310042,
          "stddevserv": 0.5251735474310042,
          "rate": 1.9041324622911955,
          "cv": 1.0,
          "lambda": 0.15
        }
      },
      "sensors": [
        "S1"
      ],
      "sources": [
        {
          "startTime": 0,
          "stopTime": -1,
          "lambda": 0.15
        }
      ]
    },
    "SC2": {
      "resptime": 34.28851419633073,
      "resptime_old": 24.288514196330734,
      "waittime": 21.408568742149246,
      "servicetime": 10.0,
      "networktime": 2.879945454181487,
      "services": {
        "MS2_1": {
          "meanserv": 0.6324026105785929,
          "stddevserv": 0.6324026105785929,
          "rate": 1.5812711447934849,
          "cv": 1.0,
          "lambda": 0.15
        },
        "MS2_2": {
          "meanserv": 1.973670645401786,
          "stddevserv": 1.973670645401786,
          "rate": 0.5066701490087911,
          "cv": 1.0,
          "lambda": 0.15
        },
        "MS2_3": {
          "meanserv": 0.12513130817505358,
          "stddevserv": 0.12513130817505358,
          "rate": 7.991605095353442,
          "cv": 1.0,
          "lambda": 0.15
        },
        "MS2_4": {
          "meanserv": 2.887543133017494,
          "stddevserv": 2.887543133017494,
          "rate": 0.3463151731191617,
          "cv": 1.0,
          "lambda": 0.15
        },
        "MS2_5": {
          "meanserv": 1.5058598555885663,
          "stddevserv": 1.5058598555885663,
          "rate": 0.664072421008361,
          "cv": 1.0,
          "lambda": 0.15
        },
        "MS2_6": {
          "meanserv": 0.4812012802537877,
          "stddevserv": 0.4812012802537877,
          "rate": 2.0781324593995167,
          "cv": 1.0,
          "lambda": 0.15
        },
        "MS2_7": {
          "meanserv": 0.6086422783774532,
          "stddevserv": 0.6086422783774532,
          "rate": 1.6430012102771538,
          "cv": 1.0,
          "lambda": 0.15
        },
        "MS2_8": {
          "meanserv": 0.16438785365627062,
          "stddevserv": 0.16438785365627062,
          "rate": 6.08317450321461,
          "cv": 1.0,
          "lambda": 0.15
        },
        "MS2_9": {
          "meanserv": 0.16673858557039622,
          "stddevserv": 0.16673858557039622,
          "rate": 5.99741203620685,
          "cv": 1.0,
          "lambda": 0.15
        },
        "MS2_10": {
          "meanserv": 1.4544224493805995,
          "stddevserv": 1.4544224493805995,
          "rate": 0.687558144076966,
          "cv": 1.0,
          "lambda": 0.15
        }
      },
      "sensors": [
        "S2"
      ],
      "sources": [
        {
          "startTime": 0,
          "stopTime": -1,
          "lambda": 0.15
        }
      ]
    },
    "SC3": {
      "resptime": 31.932118941749497,
      "resptime_old": 21.9321189417495,
      "waittime": 19.274370715581803,
      "servicetime": 10.0,
      "networktime": 2.657748226167695,
      "services": {
        "MS3_1": {
          "meanserv": 1.2408411436129607,
          "stddevserv": 1.2408411436129607,
          "rate": 0.8059049340419976,
          "cv": 1.0,
          "lambda": 0.15
        },
        "MS3_2": {
          "meanserv": 2.502222242028058,
          "stddevserv": 2.502222242028058,
          "rate": 0.3996447570498363,
          "cv": 1.0,
          "lambda": 0.15
        },
        "MS3_3": {
          "meanserv": 0.222292731900684,
          "stddevserv": 0.222292731900684,
          "rate": 4.4985726319058434,
          "cv": 1.0,
          "lambda": 0.15
        },
        "MS3_4": {
          "meanserv": 0.1810012287313838,
          "stddevserv": 0.1810012287313838,
          "rate": 5.52482437278952,
          "cv": 1.0,
          "lambda": 0.15
        },
        "MS3_5": {
          "meanserv": 0.15979517311243008,
          "stddevserv": 0.15979517311243008,
          "rate": 6.258011306113804,
          "cv": 1.0,
          "lambda": 0.15
        },
        "MS3_6": {
          "meanserv": 0.011207828751413018,
          "stddevserv": 0.011207828751413018,
          "rate": 89.22334755283674,
          "cv": 1.0,
          "lambda": 0.15
        },
        "MS3_7": {
          "meanserv": 0.760228199674458,
          "stddevserv": 0.760228199674458,
          "rate": 1.3153945097382815,
          "cv": 1.0,
          "lambda": 0.15
        },
        "MS3_8": {
          "meanserv": 1.675760892856733,
          "stddevserv": 1.675760892856733,
          "rate": 0.5967438458927528,
          "cv": 1.0,
          "lambda": 0.15
        },
        "MS3_9": {
          "meanserv": 0.7566013690484175,
          "stddevserv": 0.7566013690484175,
          "rate": 1.3216999610477926,
          "cv": 1.0,
          "lambda": 0.15
        },
        "MS3_10": {
          "meanserv": 2.490049190283462,
          "stddevserv": 2.490049190283462,
          "rate": 0.40159849207081816,
          "cv": 1.0,
          "lambda": 0.15
        }
      },
      "sensors": [
        "S3"
      ],
      "sources": [
        {
          "startTime": 0,
          "stopTime": -1,
          "lambda": 0.15
        }
      ]
    },
    "SC4": {
      "resptime": 31.596841983858845,
      "resptime_old": 21.596841983858848,
      "waittime": 18.227608677659525,
      "servicetime": 10.0,
      "networktime": 3.3692333061993187,
      "services": {
        "MS4_1": {
          "meanserv": 0.06439689367169765,
          "stddevserv": 0.06439689367169765,
          "rate": 15.52869933599761,
          "cv": 1.0,
          "lambda": 0.15
        },
        "MS4_2": {
          "meanserv": 1.259244665037823,
          "stddevserv": 1.259244665037823,
          "rate": 0.7941268506148197,
          "cv": 1.0,
          "lambda": 0.15
        },
        "MS4_3": {
          "meanserv": 0.8045304944279632,
          "stddevserv": 0.8045304944279632,
          "rate": 1.2429609653404368,
          "cv": 1.0,
          "lambda": 0.15
        },
        "MS4_4": {
          "meanserv": 0.04835984526326165,
          "stddevserv": 0.04835984526326165,
          "rate": 20.678312648772827,
          "cv": 1.0,
          "lambda": 0.15
        },
        "MS4_5": {
          "meanserv": 1.5237643621459238,
          "stddevserv": 1.5237643621459238,
          "rate": 0.6562694500819639,
          "cv": 1.0,
          "lambda": 0.15
        },
        "MS4_6": {
          "meanserv": 2.1547952890854916,
          "stddevserv": 2.1547952890854916,
          "rate": 0.46408120765124106,
          "cv": 1.0,
          "lambda": 0.15
        },
        "MS4_7": {
          "meanserv": 0.20660812642680515,
          "stddevserv": 0.20660812642680515,
          "rate": 4.84008067492093,
          "cv": 1.0,
          "lambda": 0.15
        },
        "MS4_8": {
          "meanserv": 1.285983965776878,
          "stddevserv": 1.285983965776878,
          "rate": 0.7776146721984114,
          "cv": 1.0,
          "lambda": 0.15
        },
        "MS4_9": {
          "meanserv": 0.8857744098496623,
          "stddevserv": 0.8857744098496623,
          "rate": 1.1289556221992512,
          "cv": 1.0,
          "lambda": 0.15
        },
        "MS4_10": {
          "meanserv": 1.7665419483144937,
          "stddevserv": 1.7665419483144937,
          "rate": 0.5660776982704133,
          "cv": 1.0,
          "lambda": 0.15
        }
      },
      "sensors": [
        "S4"
      ],
      "sources": [
        {
          "startTime": 0,
          "stopTime": -1,
          "lambda": 0.15
        }
      ]
    }
  },
  "microservice": {
    "MS1_1": "F10",
    "MS1_2": "F9",
    "MS1_3": "F8",
    "MS1_4": "F10",
    "MS1_5": "F10",
    "MS1_6": "F10",
    "MS1_7": "F7",
    "MS1_8": "F7",
    "MS1_9": "F7",
    "MS1_10": "F10",
    "MS2_1": "F8",
    "MS2_2": "F8",
    "MS2_3": "F8",
    "MS2_4": "F6",
    "MS2_5": "F6",
    "MS2_6": "F3",
    "MS2_7": "F3",
    "MS2_8": "F3",
    "MS2_9": "F3",
    "MS2_10": "F9",
    "MS3_1": "F2",
    "MS3_2": "F2",
    "MS3_3": "F10",
    "MS3_4": "F10",
    "MS3_5": "F10",
    "MS3_6": "F10",
    "MS3_7": "F10",
    "MS3_8": "F5",
    "MS3_9": "F5",
    "MS3_10": "F1",
    "MS4_1": "F3",
    "MS4_2": "F3",
    "MS4_3": "F3",
    "MS4_4": "F3",
    "MS4_5": "F5",
    "MS4_6": "F1",
    "MS4_7": "F10",
    "MS4_8": "F4",
    "MS4_9": "F4",
    "MS4_10": "F4"
  },
  "sensor": {
    "S1": "F10",
    "S2": "F8",
    "S3": "F2",
    "S4": "F3"
  },
  "fog": {
    "F1": {
      "rho": 0.696726671905343,
      "capacity": 1.0,
      "tserv": 2.3224222396844767,
      "stddev": 2.3344898047571956,
      "mu": 0.430584922462618,
      "cv": 1.0051961115711492,
      "lambda": 0.3,
      "twait": 5.363225201514541
    },
    "F2": {
      "rho": 0.5614595078461527,
      "capacity": 1.0,
      "tserv": 1.8715316928205095,
      "stddev": 2.073203322144512,
      "mu": 0.5343217022913145,
      "cv": 1.107757528284264,
      "lambda": 0.3,
      "twait": 2.668215261219022
    },
    "F3": {
      "rho": 0.539625284438798,
      "capacity": 1.0,
      "tserv": 0.44968773703233167,
      "stddev": 0.7223920423814635,
      "mu": 2.2237653323601796,
      "cv": 1.606430380220764,
      "lambda": 1.2,
      "twait": 0.9436695360439238
    },
    "F4": {
      "rho": 0.590745048591155,
      "capacity": 1.0,
      "tserv": 1.3127667746470113,
      "stddev": 1.4080687988894187,
      "mu": 0.7617499309950841,
      "cv": 1.0725963103903458,
      "lambda": 0.44999999999999996,
      "twait": 2.037490872644711
    },
    "F5": {
      "rho": 0.593418993607661,
      "capacity": 1.0,
      "tserv": 1.3187088746836912,
      "stddev": 1.4361959914453688,
      "mu": 0.7583174870494919,
      "cv": 1.0890925351434055,
      "lambda": 0.44999999999999996,
      "twait": 2.103816192848855
    },
    "F6": {
      "rho": 0.6590104482909089,
      "capacity": 1.0,
      "tserv": 2.19670149430303,
      "stddev": 2.404167588716838,
      "mu": 0.4552279873225471,
      "cv": 1.0944443725976674,
      "lambda": 0.3,
      "twait": 4.665327367020443
    },
    "F7": {
      "rho": 0.5948084399226359,
      "capacity": 1.0,
      "tserv": 1.3217965331614132,
      "stddev": 1.3626774575826865,
      "mu": 0.7565460908028296,
      "cv": 1.0309283035593202,
      "lambda": 0.44999999999999996,
      "twait": 2.001295593998846
    },
    "F8": {
      "rho": 0.5295898127697418,
      "capacity": 1.0,
      "tserv": 0.8826496879495698,
      "stddev": 1.302278166643967,
      "mu": 1.1329523067334217,
      "cv": 1.4754190529078537,
      "lambda": 0.6,
      "twait": 1.5784089899461973
    },
    "F9": {
      "rho": 0.6157355131994395,
      "capacity": 1.0,
      "tserv": 2.0524517106647986,
      "stddev": 2.2198729736890597,
      "mu": 0.4872221815518843,
      "cv": 1.0815713530088522,
      "lambda": 0.3,
      "twait": 3.5680088940940755
    },
    "F10": {
      "rho": 0.6188802794281635,
      "capacity": 1.0,
      "tserv": 0.37507895722919005,
      "stddev": 0.5126423238519094,
      "mu": 2.6661053112317235,
      "cv": 1.366758422383749,
      "lambda": 1.6499999999999997,
      "twait": 0.8734165211863011
    }
  },
  "extra": {
    "deltatime": 3.7308657,
    "conv": 9,
    "obj_func": 31.726824500011197
  },
  "network": [
    [
      0.0,
      0.9910529883719942,
      1.119903167535254,
      1.463447468054332,
      0.6418288973064281,
      1.2443627890224842,
      0.9678870343946981,
      1.0087321633464095,
      0.9945987476576578,
      0.9945987476576578
    ],
    [
      0.9910529883719942,
      0.0,
      1.4009780225919855,
      0.9751326492886532,
      0.9861394965240978,
      0.9830676411667941,
      1.0546889579106506,
      0.9945987476576578,
      1.0380284760496346,
      1.0380284760496346
    ],
    [
      1.119903167535254,
      1.4009780225919855,
      0.0,
      1.1803372397570118,
      0.6210582975082614,
      0.9058926256625806,
      1.0087321633464095,
      1.0380284760496346,
      0.996161975707274,
      0.996161975707274
    ],
    [
      1.463447468054332,
      0.9751326492886532,
      1.1803372397570118,
      0.0,
      1.0593015008457825,
      0.9678870343946981,
      0.9945987476576578,
      0.996161975707274,
      1.1117473637269717,
      1.1117473637269717
    ],
    [
      0.6418288973064281,
      0.9861394965240978,
      0.6210582975082614,
      1.0593015008457825,
      0.0,
      1.0546889579106506,
      1.0380284760496346,
      1.1117473637269717,
      0.9778908528116325,
      0.9778908528116325
    ],
    [
      1.2443627890224842,
      0.9830676411667941,
      0.9058926256625806,
      0.9678870343946981,
      1.0546889579106506,
      0.0,
      0.996161975707274,
      0.9778908528116325,
      1.2161766033659411,
      1.2161766033659411
    ],
    [
      0.9678870343946981,
      1.0546889579106506,
      1.0087321633464095,
      0.9945987476576578,
      1.0380284760496346,
      0.996161975707274,
      0.0,
      1.2161766033659411,
      0.6179529751125423,
      0.6179529751125423
    ],
    [
      1.0087321633464095,
      0.9945987476576578,
      1.0380284760496346,
      0.996161975707274,
      1.1117473637269717,
      0.9778908528116325,
      1.2161766033659411,
      0.0,
      0.8328215590855083,
      0.8328215590855083
    ],
    [
      0.9945987476576578,
      1.0380284760496346,
      0.996161975707274,
      1.1117473637269717,
      0.9778908528116325,
      1.2161766033659411,
      0.6179529751125423,
      0.8328215590855083,
      0.0,
      0.670886537741301
    ],
    [
      0.9945987476576578,
      1.0380284760496346,
      0.996161975707274,
      1.1117473637269717,
      0.9778908528116325,
      1.2161766033659411,
      0.6179529751125423,
      0.8328215590855083,
      0.670886537741301,
      0.0
    ]
  ]
}