{
  "servicechain": {
    "SC1": {
      "resptime": 31.852380595273093,
      "resptime_old": 21.852380595273093,
      "waittime": 16.84428476662655,
      "servicetime": 10.0,
      "networktime": 5.008095828646542,
      "services": {
        "MS1_1": {
          "meanserv": 0.2885005215093528,
          "stddevserv": 0.2885005215093528,
          "rate": 3.4661982403646414,
          "cv": 1.0,
          "lambda": 0.15
        },
        "MS1_2": {
          "meanserv": 0.2584862619472761,
          "stddevserv": 0.2584862619472761,
          "rate": 3.8686775554979853,
          "cv": 1.0,
          "lambda": 0.15
        },
        "MS1_3": {
          "meanserv": 1.4032838262563074,
          "stddevserv": 1.4032838262563074,
          "rate": 0.7126142133824834,
          "cv": 1.0,
          "lambda": 0.15
        },
        "MS1_4": {
          "meanserv": 1.7913065512555657,
          "stddevserv": 1.7913065512555657,
          "rate": 0.5582517404958287,
          "cv": 1.0,
          "lambda": 0.15
        },
        "MS1_5": {
          "meanserv": 1.1314366251128476,
          "stddevserv": 1.1314366251128476,
          "rate": 0.8838320925842945,
          "cv": 1.0,
          "lambda": 0.15
        },
        "MS1_6": {
          "meanserv": 0.36900820979790616,
          "stddevserv": 0.36900820979790616,
          "rate": 2.7099668068297658,
          "cv": 1.0,
          "lambda": 0.15
        },
        "MS1_7": {
          "meanserv": 0.35770481945759336,
          "stddevserv": 0.35770481945759336,
          "rate": 2.795601137039061,
          "cv": 1.0,
          "lambda": 0.15
        },
        "MS1_8": {
          "meanserv": 0.9504410313640843,
          "stddevserv": 0.9504410313640843,
          "rate": 1.0521431282957008,
          "cv": 1.0,
          "lambda": 0.15
        },
        "MS1_9": {
          "meanserv": 0.7235452594404261,
          "stddevserv": 0.7235452594404261,
          "rate": 1.3820835489591596,
          "cv": 1.0,
          "lambda": 0.15
        },
        "MS1_10": {
          "meanserv": 0.5954558485630903,
          "stddevserv": 0.5954558485630903,
          "rate": 1.6793856377649585,
          "cv": 1.0,
          "lambda": 0.15
        },
        "MS1_11": {
          "meanserv": 1.3197536476819538,
          "stddevserv": 1.3197536476819538,
          "rate": 0.7577171707435122,
          "cv": 1.0,
          "lambda": 0.15
        },
        "MS1_12": {
          "meanserv": 0.8110773976135963,
          "stddevserv": 0.8110773976135963,
          "rate": 1.2329279584689006,
          "cv": 1.0,
          "lambda": 0.15
        }
      },
      "sensors": [
        "S1"
      ],
      "sources": [
        {
          "startTime": 0,
          "stopTime": -1,
          "lambda": 0.15
        }
      ]
    },
    "SC2": {
      "resptime": 33.74400540096988,
      "resptime_old": 23.744005400969883,
      "waittime": 18.91516151738145,
      "servicetime": 10.0,
      "networktime": 4.8288438835884335,
      "services": {
        "MS2_1": {
          "meanserv": 0.15262880157204672,
          "stddevserv": 0.15262880157204672,
          "rate": 6.551843359183825,
          "cv": 1.0,
          "lambda": 0.15
        },
        "MS2_2": {
          "meanserv": 1.8364106892805876,
          "stddevserv": 1.8364106892805876,
          "rate": 0.544540502752001,
          "cv": 1.0,
          "lambda": 0.15
        },
        "MS2_3": {
          "meanserv": 1.6674726151844321,
          "stddevserv": 1.6674726151844321,
          "rate": 0.5997099987692417,
          "cv": 1.0,
          "lambda": 0.15
        },
        "MS2_4": {
          "meanserv": 0.6646011840532626,
          "stddevserv": 0.6646011840532626,
          "rate": 1.5046617791157257,
          "cv": 1.0,
          "lambda": 0.15
        },
        "MS2_5": {
          "meanserv": 0.0853710440859814,
          "stddevserv": 0.0853710440859814,
          "rate": 11.713573503831704,
          "cv": 1.0,
          "lambda": 0.15
        },
        "MS2_6": {
          "meanserv": 2.3556623744273946,
          "stddevserv": 2.3556623744273946,
          "rate": 0.4245090514055845,
          "cv": 1.0,
          "lambda": 0.15
        },
        "MS2_7": {
          "meanserv": 0.8319387673322085,
          "stddevserv": 0.8319387673322085,
          "rate": 1.2020115413141716,
          "cv": 1.0,
          "lambda": 0.15
        },
        "MS2_8": {
          "meanserv": 1.5857519521593053,
          "stddevserv": 1.5857519521593053,
          "rate": 0.6306156512298838,
          "cv": 1.0,
          "lambda": 0.15
        },
        "MS2_9": {
          "meanserv": 0.31853726720419573,
          "stddevserv": 0.31853726720419573,
          "rate": 3.1393500948162467,
          "cv": 1.0,
          "lambda": 0.15
        },
        "MS2_10": {
          "meanserv": 0.16624602912181707,
          "stddevserv": 0.16624602912181707,
          "rate": 6.015181266478541,
          "cv": 1.0,
          "lambda": 0.15
        },
        "MS2_11": {
          "meanserv": 0.0592110802230188,
          "stddevserv": 0.0592110802230188,
          "rate": 16.88873089687767,
          "cv": 1.0,
          "lambda": 0.15
        },
        "MS2_12": {
          "meanserv": 0.27616819535574955,
          "stddevserv": 0.27616819535574955,
          "rate": 3.620981766969355,
          "cv": 1.0,
          "lambda": 0.15
        }
      },
      "sensors": [
        "S2"
      ],
      "sources": [
        {
          "startTime": 0,
          "stopTime": -1,
          "lambda": 0.15
        }
      ]
    },
    "SC3": {
      "resptime": 30.67049622673819,
      "resptime_old": 20.670496226738194,
      "waittime": 15.59727477963396,
      "servicetime": 10.0,
      "networktime": 5.073221447104231,
      "services": {
        "MS3_1": {
          "meanserv": 0.6993524885016822,
          "stddevserv": 0.6993524885016822,
          "rate": 1.4298941041054072,
          "cv": 1.0,
          "lambda": 0.15
        },
        "MS3_2": {
          "meanserv": 0.45495886509847927,
          "stddevserv": 0.45495886509847927,
          "rate": 2.1980009111011443,
          "cv": 1.0,
          "lambda": 0.15
        },
        "MS3_3": {
          "meanserv": 0.4063483497467313,
          "stddevserv": 0.4063483497467313,
          "rate": 2.460942687778306,
          "cv": 1.0,
          "lambda": 0.15
        },
        "MS3_4": {
          "meanserv": 0.8387277631046894,
          "stddevserv": 0.8387277631046894,
          "rate": 1.19228198229463,
          "cv": 1.0,
          "lambda": 0.15
        },
        "MS3_5": {
          "meanserv": 0.02556542802996109,
          "stddevserv": 0.02556542802996109,
          "rate": 39.11532397689811,
          "cv": 1.0,
          "lambda": 0.15
        },
        "MS3_6": {
          "meanserv": 0.4713636868990325,
          "stddevserv": 0.4713636868990325,
          "rate": 2.121504111991985,
          "cv": 1.0,
          "lambda": 0.15
        },
        "MS3_7": {
          "meanserv": 1.5189507101120374,
          "stddevserv": 1.5189507101120374,
          "rate": 0.6583492099794602,
          "cv": 1.0,
          "lambda": 0.15
        },
        "MS3_8": {
          "meanserv": 1.5849671803547158,
          "stddevserv": 1.5849671803547158,
          "rate": 0.6309278907442107,
          "cv": 1.0,
          "lambda": 0.15
        },
        "MS3_9": {
          "meanserv": 0.6023223059393787,
          "stddevserv": 0.6023223059393787,
          "rate": 1.6602406886465964,
          "cv": 1.0,
          "lambda": 0.15
        },
        "MS3_10": {
          "meanserv": 0.7578175776085878,
          "stddevserv": 0.7578175776085878,
          "rate": 1.3195787872269429,
          "cv": 1.0,
          "lambda": 0.15
        },
        "MS3_11": {
          "meanserv": 1.4695533198770203,
          "stddevserv": 1.4695533198770203,
          "rate": 0.6804788818984023,
          "cv": 1.0,
          "lambda": 0.15
        },
        "MS3_12": {
          "meanserv": 1.170072324727684,
          "stddevserv": 1.170072324727684,
          "rate": 0.8546480237730042,
          "cv": 1.0,
          "lambda": 0.15
        }
      },
      "sensors": [
        "S3"
      ],
      "sources": [
        {
          "startTime": 0,
          "stopTime": -1,
          "lambda": 0.15
        }
      ]
    },
    "SC4": {
      "resptime": 32.59797450466418,
      "resptime_old": 22.59797450466418,
      "waittime": 18.602665006994847,
      "servicetime": 10.0,
      "networktime": 3.9953094976693313,
      "services": {
        "MS4_1": {
          "meanserv": 1.5750042709521883,
          "stddevserv": 1.5750042709521883,
          "rate": 0.6349189132010655,
          "cv": 1.0,
          "lambda": 0.15
        },
        "MS4_2": {
          "meanserv": 0.055314226521742116,
          "stddevserv": 0.055314226521742116,
          "rate": 18.07853174276846,
          "cv": 1.0,
          "lambda": 0.15
        },
        "MS4_3": {
          "meanserv": 0.5933223679838817,
          "stddevserv": 0.5933223679838817,
          "rate": 1.6854244066307746,
          "cv": 1.0,
          "lambda": 0.15
        },
        "MS4_4": {
          "meanserv": 0.5241337111983535,
          "stddevserv": 0.5241337111983535,
          "rate": 1.9079100974322931,
          "cv": 1.0,
          "lambda": 0.15
        },
        "MS4_5": {
          "meanserv": 0.11140164386901441,
          "stddevserv": 0.11140164386901441,
          "rate": 8.976528220497318,
          "cv": 1.0,
          "lambda": 0.15
        },
        "MS4_6": {
          "meanserv": 0.1063494363946651,
          "stddevserv": 0.1063494363946651,
          "rate": 9.402964734942064,
          "cv": 1.0,
          "lambda": 0.15
        },
        "MS4_7": {
          "meanserv": 1.5378666808534938,
          "stddevserv": 1.5378666808534938,
          "rate": 0.6502514245545749,
          "cv": 1.0,
          "lambda": 0.15
        },
        "MS4_8": {
          "meanserv": 1.0796763473387978,
          "stddevserv": 1.0796763473387978,
          "rate": 0.9262034890963526,
          "cv": 1.0,
          "lambda": 0.15
        },
        "MS4_9": {
          "meanserv": 0.9709108042327452,
          "stddevserv": 0.9709108042327452,
          "rate": 1.0299607292868085,
          "cv": 1.0,
          "lambda": 0.15
        },
        "MS4_10": {
          "meanserv": 0.04260278628501446,
          "stddevserv": 0.04260278628501446,
          "rate": 23.472643157890126,
          "cv": 1.0,
          "lambda": 0.15
        },
        "MS4_11": {
          "meanserv": 3.0343810838114136,
          "stddevserv": 3.0343810838114136,
          "rate": 0.3295564968207368,
          "cv": 1.0,
          "lambda": 0.15
        },
        "MS4_12": {
          "meanserv": 0.36903664055869,
          "stddevserv": 0.36903664055869,
          "rate": 2.7097580296798855,
          "cv": 1.0,
          "lambda": 0.15
        }
      },
      "sensors": [
        "S4"
      ],
      "sources": [
        {
          "startTime": 0,
          "stopTime": -1,
          "lambda": 0.15
        }
      ]
    }
  },
  "microservice": {
    "MS1_1": "F7",
    "MS1_2": "F7",
    "MS1_3": "F4",
    "MS1_4": "F9",
    "MS1_5": "F9",
    "MS1_6": "F7",
    "MS1_7": "F7",
    "MS1_8": "F3",
    "MS1_9": "F6",
    "MS1_10": "F6",
    "MS1_11": "F4",
    "MS1_12": "F10",
    "MS2_1": "F6",
    "MS2_2": "F3",
    "MS2_3": "F1",
    "MS2_4": "F7",
    "MS2_5": "F7",
    "MS2_6": "F1",
    "MS2_7": "F8",
    "MS2_8": "F2",
    "MS2_9": "F6",
    "MS2_10": "F6",
    "MS2_11": "F6",
    "MS2_12": "F6",
    "MS3_1": "F7",
    "MS3_2": "F7",
    "MS3_3": "F7",
    "MS3_4": "F8",
    "MS3_5": "F8",
    "MS3_6": "F8",
    "MS3_7": "F4",
    "MS3_8": "F10",
    "MS3_9": "F8",
    "MS3_10": "F8",
    "MS3_11": "F5",
    "MS3_12": "F9",
    "MS4_1": "F10",
    "MS4_2": "F6",
    "MS4_3": "F6",
    "MS4_4": "F6",
    "MS4_5": "F6",
    "MS4_6": "F6",
    "MS4_7": "F5",
    "MS4_8": "F5",
    "MS4_9": "F3",
    "MS4_10": "F6",
    "MS4_11": "F2",
    "MS4_12": "F8"
  },
  "sensor": {
    "S1": "F7",
    "S2": "F6",
    "S3": "F7",
    "S4": "F10"
  },
  "fog": {
    "F1": {
      "rho": 0.603470248441774,
      "capacity": 1.0,
      "tserv": 2.0115674948059135,
      "stddev": 2.069590867423603,
      "mu": 0.49712475598363415,
      "cv": 1.0288448549539164,
      "lambda": 0.3,
      "twait": 3.1509401672700754
    },
    "F2": {
      "rho": 0.6930199553956078,
      "capacity": 1.0,
      "tserv": 2.3100665179853594,
      "stddev": 2.5269884245980583,
      "mu": 0.4328879676036834,
      "cv": 1.0939028832822872,
      "lambda": 0.3,
      "twait": 5.727771896708752
    },
    "F3": {
      "rho": 0.5636643787316126,
      "capacity": 1.0,
      "tserv": 1.2525875082924725,
      "stddev": 1.3820147043802362,
      "mu": 0.7983474155535849,
      "cv": 1.1033278674990132,
      "lambda": 0.44999999999999996,
      "twait": 1.7939436671744333
    },
    "F4": {
      "rho": 0.6362982276075447,
      "capacity": 1.0,
      "tserv": 1.4139960613500997,
      "stddev": 1.4187057846459536,
      "mu": 0.7072155484260604,
      "cv": 1.0033307895436123,
      "lambda": 0.44999999999999996,
      "twait": 2.4820472035773906
    },
    "F5": {
      "rho": 0.6130644522103967,
      "capacity": 1.0,
      "tserv": 1.3623654493564372,
      "stddev": 1.3919440785327337,
      "mu": 0.7340174403809098,
      "cv": 1.0217112296779614,
      "lambda": 0.44999999999999996,
      "twait": 2.2059185058920523
    },
    "F6": {
      "rho": 0.5587374980599524,
      "capacity": 1.0,
      "tserv": 0.28653205028715517,
      "stddev": 0.43535101391974623,
      "mu": 3.49001097433193,
      "cv": 1.5193798162664471,
      "lambda": 1.9499999999999995,
      "twait": 0.6001877385212913
    },
    "F7": {
      "rho": 0.5376497616297398,
      "capacity": 1.0,
      "tserv": 0.39825908268869614,
      "stddev": 0.4738974482359178,
      "mu": 2.51092829634638,
      "cv": 1.18992251234191,
      "lambda": 1.3499999999999999,
      "twait": 0.559430088268151
    },
    "F8": {
      "rho": 0.5845158254208822,
      "capacity": 1.0,
      "tserv": 0.5566817384960783,
      "stddev": 0.6776135476713638,
      "mu": 1.7963585489647687,
      "cv": 1.2172368892538004,
      "lambda": 1.05,
      "twait": 0.9717667498153522
    },
    "F9": {
      "rho": 0.6139223251644146,
      "capacity": 1.0,
      "tserv": 1.3642718336986992,
      "stddev": 1.4297181046103902,
      "mu": 0.7329917508366965,
      "cv": 1.0479715767012932,
      "lambda": 0.44999999999999996,
      "twait": 2.275965805898846
    },
    "F10": {
      "rho": 0.595657327338075,
      "capacity": 1.0,
      "tserv": 1.3236829496401668,
      "stddev": 1.4194837405401348,
      "mu": 0.7554679164461872,
      "cv": 1.0723744238950956,
      "lambda": 0.44999999999999996,
      "twait": 2.0962192503844577
    }
  },
  "extra": {
    "conv_gen": 198,
    "max_gen": 600,
    "population": 600,
    "deltatime": 71.4381219,
    "obj_func": 32.21621418191134
  },
  "network": [
    [
      0.0,
      1.0790646890991797,
      0.7552955532248185,
      0.5375756864332562,
      0.8600819160772529,
      0.6980759497568146,
      0.7598643905246419,
      0.9031893961394705,
      0.5838412776014331,
      0.5838412776014331
    ],
    [
      1.0790646890991797,
      0.0,
      0.692089832316268,
      1.0388912244764683,
      0.9529142075457182,
      0.6510597682433651,
      0.6878047924761114,
      0.5838412776014331,
      1.0166314479959928,
      1.0166314479959928
    ],
    [
      0.7552955532248185,
      0.692089832316268,
      0.0,
      0.576750152726273,
      0.889861565321307,
      0.4157291073300625,
      0.9031893961394705,
      1.0166314479959928,
      0.7818731021273189,
      0.7818731021273189
    ],
    [
      0.5375756864332562,
      1.0388912244764683,
      0.576750152726273,
      0.0,
      1.0682416458263664,
      0.7598643905246419,
      0.5838412776014331,
      0.7818731021273189,
      0.7114162499229438,
      0.7114162499229438
    ],
    [
      0.8600819160772529,
      0.9529142075457182,
      0.889861565321307,
      1.0682416458263664,
      0.0,
      0.6878047924761114,
      1.0166314479959928,
      0.7114162499229438,
      1.080816168189549,
      1.080816168189549
    ],
    [
      0.6980759497568146,
      0.6510597682433651,
      0.4157291073300625,
      0.7598643905246419,
      0.6878047924761114,
      0.0,
      0.7818731021273189,
      1.080816168189549,
      0.7670129866970524,
      0.7670129866970524
    ],
    [
      0.7598643905246419,
      0.6878047924761114,
      0.9031893961394705,
      0.5838412776014331,
      1.0166314479959928,
      0.7818731021273189,
      0.0,
      0.7670129866970524,
      0.9226391572050466,
      0.9226391572050466
    ],
    [
      0.9031893961394705,
      0.5838412776014331,
      1.0166314479959928,
      0.7818731021273189,
      0.7114162499229438,
      1.080816168189549,
      0.7670129866970524,
      0.0,
      1.0206866902444234,
      1.0206866902444234
    ],
    [
      0.5838412776014331,
      1.0166314479959928,
      0.7818731021273189,
      0.7114162499229438,
      1.080816168189549,
      0.7670129866970524,
      0.9226391572050466,
      1.0206866902444234,
      0.0,
      1.0021535452345358
    ],
    [
      0.5838412776014331,
      1.0166314479959928,
      0.7818731021273189,
      0.7114162499229438,
      1.080816168189549,
      0.7670129866970524,
      0.9226391572050466,
      1.0206866902444234,
      1.0021535452345358,
      0.0
    ]
  ]
}