{
  "servicechain": {
    "SC1": {
      "resptime": 51.20192691590337,
      "resptime_old": 41.20192691590337,
      "waittime": 36.44059385775067,
      "servicetime": 10.0,
      "networktime": 4.761333058152703,
      "services": {
        "MS1_1": {
          "meanserv": 0.798419312381633,
          "stddevserv": 0.798419312381633,
          "rate": 1.252474714091102,
          "cv": 1.0,
          "lambda": 0.15
        },
        "MS1_2": {
          "meanserv": 3.53030333040132,
          "stddevserv": 3.53030333040132,
          "rate": 0.2832617784960482,
          "cv": 1.0,
          "lambda": 0.15
        },
        "MS1_3": {
          "meanserv": 5.671277357217047,
          "stddevserv": 5.671277357217047,
          "rate": 0.17632711944998403,
          "cv": 1.0,
          "lambda": 0.15
        }
      },
      "sensors": [
        "S1"
      ],
      "sources": [
        {
          "startTime": 0,
          "stopTime": -1,
          "lambda": 0.15
        }
      ]
    },
    "SC2": {
      "resptime": 41.08864811284485,
      "resptime_old": 31.08864811284485,
      "waittime": 26.669787559094278,
      "servicetime": 10.0,
      "networktime": 4.418860553750573,
      "services": {
        "MS2_1": {
          "meanserv": 5.444216028614041,
          "stddevserv": 5.444216028614041,
          "rate": 0.18368117553457455,
          "cv": 1.0,
          "lambda": 0.15
        },
        "MS2_2": {
          "meanserv": 2.0408549072439763,
          "stddevserv": 2.0408549072439763,
          "rate": 0.48999073694583517,
          "cv": 1.0,
          "lambda": 0.15
        },
        "MS2_3": {
          "meanserv": 2.514929064141983,
          "stddevserv": 2.514929064141983,
          "rate": 0.3976255291881044,
          "cv": 1.0,
          "lambda": 0.15
        }
      },
      "sensors": [
        "S2"
      ],
      "sources": [
        {
          "startTime": 0,
          "stopTime": -1,
          "lambda": 0.15
        }
      ]
    },
    "SC3": {
      "resptime": 52.4819883717191,
      "resptime_old": 42.4819883717191,
      "waittime": 37.55336985091388,
      "servicetime": 10.0,
      "networktime": 4.9286185208052125,
      "services": {
        "MS3_1": {
          "meanserv": 3.934179860994964,
          "stddevserv": 3.934179860994964,
          "rate": 0.25418258324038534,
          "cv": 1.0,
          "lambda": 0.15
        },
        "MS3_2": {
          "meanserv": 5.6579206502177435,
          "stddevserv": 5.6579206502177435,
          "rate": 0.17674337655504505,
          "cv": 1.0,
          "lambda": 0.15
        },
        "MS3_3": {
          "meanserv": 0.407899488787292,
          "stddevserv": 0.407899488787292,
          "rate": 2.4515843424394963,
          "cv": 1.0,
          "lambda": 0.15
        }
      },
      "sensors": [
        "S3"
      ],
      "sources": [
        {
          "startTime": 0,
          "stopTime": -1,
          "lambda": 0.15
        }
      ]
    },
    "SC4": {
      "resptime": 108.79788603018864,
      "resptime_old": 98.79788603018864,
      "waittime": 93.19627407431427,
      "servicetime": 10.0,
      "networktime": 5.601611955874367,
      "services": {
        "MS4_1": {
          "meanserv": 3.634235283321734,
          "stddevserv": 3.634235283321734,
          "rate": 0.2751610509614524,
          "cv": 1.0,
          "lambda": 0.15
        },
        "MS4_2": {
          "meanserv": 0.1366203944853206,
          "stddevserv": 0.1366203944853206,
          "rate": 7.319551402023266,
          "cv": 1.0,
          "lambda": 0.15
        },
        "MS4_3": {
          "meanserv": 6.229144322192946,
          "stddevserv": 6.229144322192946,
          "rate": 0.1605356929100583,
          "cv": 1.0,
          "lambda": 0.15
        }
      },
      "sensors": [
        "S4"
      ],
      "sources": [
        {
          "startTime": 0,
          "stopTime": -1,
          "lambda": 0.15
        }
      ]
    }
  },
  "microservice": {
    "MS1_1": "F10",
    "MS1_2": "F8",
    "MS1_3": "F9",
    "MS2_1": "F1",
    "MS2_2": "F7",
    "MS2_3": "F5",
    "MS3_1": "F4",
    "MS3_2": "F6",
    "MS3_3": "F10",
    "MS4_1": "F2",
    "MS4_2": "F10",
    "MS4_3": "F3"
  },
  "sensor": {
    "S1": "F10",
    "S2": "F1",
    "S3": "F4",
    "S4": "F2"
  },
  "fog": {
    "F1": {
      "rho": 0.8166324042921062,
      "capacity": 1.0,
      "tserv": 5.444216028614041,
      "stddev": 5.444216028614041,
      "mu": 0.18368117553457455,
      "cv": 1.0,
      "lambda": 0.15,
      "twait": 24.245959095276024
    },
    "F2": {
      "rho": 0.5451352924982601,
      "capacity": 1.0,
      "tserv": 3.634235283321734,
      "stddev": 3.634235283321734,
      "mu": 0.2751610509614524,
      "cv": 1.0,
      "lambda": 0.15,
      "twait": 4.355470718012372
    },
    "F3": {
      "rho": 0.9343716483289419,
      "capacity": 1.0,
      "tserv": 6.229144322192946,
      "stddev": 6.229144322192946,
      "mu": 0.1605356929100583,
      "cv": 1.0,
      "lambda": 0.15,
      "twait": 88.68630248675048
    },
    "F4": {
      "rho": 0.5901269791492445,
      "capacity": 1.0,
      "tserv": 3.934179860994964,
      "stddev": 3.9341798609949636,
      "mu": 0.25418258324038534,
      "cv": 0.9999999999999999,
      "lambda": 0.15,
      "twait": 5.664353491673524
    },
    "F5": {
      "rho": 0.3772393596212974,
      "capacity": 1.0,
      "tserv": 2.514929064141983,
      "stddev": 2.514929064141983,
      "mu": 0.3976255291881044,
      "cv": 1.0,
      "lambda": 0.15,
      "twait": 1.5234267680645082
    },
    "F6": {
      "rho": 0.8486880975326615,
      "capacity": 1.0,
      "tserv": 5.6579206502177435,
      "stddev": 5.6579206502177435,
      "mu": 0.17674337655504505,
      "cv": 1.0,
      "lambda": 0.15,
      "twait": 31.73451548968894
    },
    "F7": {
      "rho": 0.30612823608659645,
      "capacity": 1.0,
      "tserv": 2.0408549072439763,
      "stddev": 2.0408549072439763,
      "mu": 0.48999073694583517,
      "cv": 1.0,
      "lambda": 0.15,
      "twait": 0.900401695753748
    },
    "F8": {
      "rho": 0.529545499560198,
      "capacity": 1.0,
      "tserv": 3.5303033304013205,
      "stddev": 3.5303033304013196,
      "mu": 0.28326177849604817,
      "cv": 0.9999999999999998,
      "lambda": 0.15,
      "twait": 3.9737237903957685
    },
    "F9": {
      "rho": 0.850691603582557,
      "capacity": 1.0,
      "tserv": 5.671277357217047,
      "stddev": 5.671277357217047,
      "mu": 0.17632711944998403,
      "cv": 1.0,
      "lambda": 0.15,
      "twait": 32.31236919780348
    },
    "F10": {
      "rho": 0.20144087934813684,
      "capacity": 1.0,
      "tserv": 0.44764639855141525,
      "stddev": 0.5898811045864185,
      "mu": 2.233906054501951,
      "cv": 1.317738970971899,
      "lambda": 0.44999999999999996,
      "twait": 0.15450086955142325
    }
  },
  "extra": {
    "deltatime": 0.1962157,
    "conv": 33,
    "obj_func": 63.39261235766399
  },
  "network": [
    [
      0.0,
      2.9647115801758606,
      3.8135486836930244,
      3.2951786708568713,
      3.3000254518437995,
      3.0247452758502176,
      1.7985692714533386,
      3.4351339939571983,
      4.06484926762082,
      4.06484926762082
    ],
    [
      2.9647115801758606,
      0.0,
      3.832078521984091,
      3.336497403355153,
      3.948292091540487,
      3.624087284362821,
      2.625282109491012,
      4.06484926762082,
      2.6202912822972344,
      2.6202912822972344
    ],
    [
      3.8135486836930244,
      3.832078521984091,
      0.0,
      4.425407541924856,
      2.4396434508625706,
      3.5579422109131484,
      3.4351339939571983,
      2.6202912822972344,
      2.981320673577133,
      2.981320673577133
    ],
    [
      3.2951786708568713,
      3.336497403355153,
      4.425407541924856,
      0.0,
      3.3232112770751883,
      1.7985692714533386,
      4.06484926762082,
      2.981320673577133,
      3.378701397922419,
      3.378701397922419
    ],
    [
      3.3000254518437995,
      3.948292091540487,
      2.4396434508625706,
      3.3232112770751883,
      0.0,
      2.625282109491012,
      2.6202912822972344,
      3.378701397922419,
      2.9728761842203957,
      2.9728761842203957
    ],
    [
      3.0247452758502176,
      3.624087284362821,
      3.5579422109131484,
      1.7985692714533386,
      2.625282109491012,
      0.0,
      2.981320673577133,
      2.9728761842203957,
      3.130049249351874,
      3.130049249351874
    ],
    [
      1.7985692714533386,
      2.625282109491012,
      3.4351339939571983,
      4.06484926762082,
      2.6202912822972344,
      2.981320673577133,
      0.0,
      3.130049249351874,
      3.163213566070516,
      3.163213566070516
    ],
    [
      3.4351339939571983,
      4.06484926762082,
      2.6202912822972344,
      2.981320673577133,
      3.378701397922419,
      2.9728761842203957,
      3.130049249351874,
      0.0,
      2.3806665290763513,
      2.3806665290763513
    ],
    [
      4.06484926762082,
      2.6202912822972344,
      2.981320673577133,
      3.378701397922419,
      2.9728761842203957,
      3.130049249351874,
      3.163213566070516,
      2.3806665290763513,
      0.0,
      4.821271516264339
    ],
    [
      4.06484926762082,
      2.6202912822972344,
      2.981320673577133,
      3.378701397922419,
      2.9728761842203957,
      3.130049249351874,
      3.163213566070516,
      2.3806665290763513,
      4.821271516264339,
      0.0
    ]
  ]
}