{
  "servicechain": {
    "SC1": {
      "resptime": 13460.1441750592,
      "resptime_old": 13450.1441750592,
      "waittime": 13444.647055980236,
      "servicetime": 10.0,
      "networktime": 5.497119078964197,
      "services": {
        "MS1_1": {
          "meanserv": 0.20096890560558966,
          "stddevserv": 0.20096890560558966,
          "rate": 4.975894141368038,
          "cv": 1.0,
          "lambda": 0.375
        },
        "MS1_2": {
          "meanserv": 1.2399674511127856,
          "stddevserv": 1.2399674511127856,
          "rate": 0.8064727820900207,
          "cv": 1.0,
          "lambda": 0.375
        },
        "MS1_3": {
          "meanserv": 1.4725425167400366,
          "stddevserv": 1.4725425167400366,
          "rate": 0.6790975395493728,
          "cv": 1.0,
          "lambda": 0.375
        },
        "MS1_4": {
          "meanserv": 0.04281620147539389,
          "stddevserv": 0.04281620147539389,
          "rate": 23.355644955442664,
          "cv": 1.0,
          "lambda": 0.375
        },
        "MS1_5": {
          "meanserv": 0.32969861609736917,
          "stddevserv": 0.32969861609736917,
          "rate": 3.033073089104724,
          "cv": 1.0,
          "lambda": 0.375
        },
        "MS1_6": {
          "meanserv": 3.3874636147067996,
          "stddevserv": 3.3874636147067996,
          "rate": 0.2952061228520545,
          "cv": 1.0,
          "lambda": 0.375
        },
        "MS1_7": {
          "meanserv": 1.5845941230416098,
          "stddevserv": 1.5845941230416098,
          "rate": 0.6310764286317759,
          "cv": 1.0,
          "lambda": 0.375
        },
        "MS1_8": {
          "meanserv": 0.9280622985573252,
          "stddevserv": 0.9280622985573252,
          "rate": 1.0775138711641472,
          "cv": 1.0,
          "lambda": 0.375
        },
        "MS1_9": {
          "meanserv": 0.7120212152642171,
          "stddevserv": 0.7120212152642171,
          "rate": 1.4044525339443987,
          "cv": 1.0,
          "lambda": 0.375
        },
        "MS1_10": {
          "meanserv": 0.1018650573988733,
          "stddevserv": 0.1018650573988733,
          "rate": 9.816909012128635,
          "cv": 1.0,
          "lambda": 0.375
        }
      },
      "sensors": [
        "S1"
      ],
      "sources": [
        {
          "startTime": 0,
          "stopTime": -1,
          "lambda": 0.375
        }
      ]
    },
    "SC2": {
      "resptime": 13459.800325166225,
      "resptime_old": 13449.800325166225,
      "waittime": 13441.837571627835,
      "servicetime": 10.0,
      "networktime": 7.9627535383904995,
      "services": {
        "MS2_1": {
          "meanserv": 0.2910334709931306,
          "stddevserv": 0.2910334709931306,
          "rate": 3.436030902519812,
          "cv": 1.0,
          "lambda": 0.375
        },
        "MS2_2": {
          "meanserv": 2.681270991065414,
          "stddevserv": 2.681270991065414,
          "rate": 0.3729574531377919,
          "cv": 1.0,
          "lambda": 0.375
        },
        "MS2_3": {
          "meanserv": 1.03710080223117,
          "stddevserv": 1.03710080223117,
          "rate": 0.9642264260606557,
          "cv": 1.0,
          "lambda": 0.375
        },
        "MS2_4": {
          "meanserv": 1.0397572945556792,
          "stddevserv": 1.0397572945556792,
          "rate": 0.961762908744325,
          "cv": 1.0,
          "lambda": 0.375
        },
        "MS2_5": {
          "meanserv": 1.3714636409858514,
          "stddevserv": 1.3714636409858514,
          "rate": 0.7291480212199927,
          "cv": 1.0,
          "lambda": 0.375
        },
        "MS2_6": {
          "meanserv": 0.7566777619391587,
          "stddevserv": 0.7566777619391587,
          "rate": 1.3215665244836492,
          "cv": 1.0,
          "lambda": 0.375
        },
        "MS2_7": {
          "meanserv": 0.4676321108411239,
          "stddevserv": 0.4676321108411239,
          "rate": 2.1384331332621977,
          "cv": 1.0,
          "lambda": 0.375
        },
        "MS2_8": {
          "meanserv": 0.9380672540722665,
          "stddevserv": 0.9380672540722665,
          "rate": 1.0660216478710622,
          "cv": 1.0,
          "lambda": 0.375
        },
        "MS2_9": {
          "meanserv": 0.700280638644097,
          "stddevserv": 0.700280638644097,
          "rate": 1.4279989261679833,
          "cv": 1.0,
          "lambda": 0.375
        },
        "MS2_10": {
          "meanserv": 0.7167160346721086,
          "stddevserv": 0.7167160346721086,
          "rate": 1.3952527244035935,
          "cv": 1.0,
          "lambda": 0.375
        }
      },
      "sensors": [
        "S2"
      ],
      "sources": [
        {
          "startTime": 0,
          "stopTime": -1,
          "lambda": 0.375
        }
      ]
    },
    "SC3": {
      "resptime": 13498.206194062142,
      "resptime_old": 13488.206194062144,
      "waittime": 13482.544384032688,
      "servicetime": 10.0,
      "networktime": 5.661810029454417,
      "services": {
        "MS3_1": {
          "meanserv": 0.3538589910385148,
          "stddevserv": 0.3538589910385148,
          "rate": 2.82598443257065,
          "cv": 1.0,
          "lambda": 0.375
        },
        "MS3_2": {
          "meanserv": 1.088041313635757,
          "stddevserv": 1.088041313635757,
          "rate": 0.9190827475644638,
          "cv": 1.0,
          "lambda": 0.375
        },
        "MS3_3": {
          "meanserv": 0.45232987444714934,
          "stddevserv": 0.45232987444714934,
          "rate": 2.210775932547522,
          "cv": 1.0,
          "lambda": 0.375
        },
        "MS3_4": {
          "meanserv": 0.5586374417410331,
          "stddevserv": 0.5586374417410331,
          "rate": 1.79006977563736,
          "cv": 1.0,
          "lambda": 0.375
        },
        "MS3_5": {
          "meanserv": 1.2714166855892342,
          "stddevserv": 1.2714166855892342,
          "rate": 0.7865242066856729,
          "cv": 1.0,
          "lambda": 0.375
        },
        "MS3_6": {
          "meanserv": 2.5650175277398577,
          "stddevserv": 2.5650175277398577,
          "rate": 0.38986088367245625,
          "cv": 1.0,
          "lambda": 0.375
        },
        "MS3_7": {
          "meanserv": 2.5130811156376947,
          "stddevserv": 2.5130811156376947,
          "rate": 0.3979179158911669,
          "cv": 1.0,
          "lambda": 0.375
        },
        "MS3_8": {
          "meanserv": 0.6727335582781926,
          "stddevserv": 0.6727335582781926,
          "rate": 1.4864725977984798,
          "cv": 1.0,
          "lambda": 0.375
        },
        "MS3_9": {
          "meanserv": 0.23516655531638264,
          "stddevserv": 0.23516655531638264,
          "rate": 4.252305344417042,
          "cv": 1.0,
          "lambda": 0.375
        },
        "MS3_10": {
          "meanserv": 0.289716936576184,
          "stddevserv": 0.289716936576184,
          "rate": 3.451644946332089,
          "cv": 1.0,
          "lambda": 0.375
        }
      },
      "sensors": [
        "S3"
      ],
      "sources": [
        {
          "startTime": 0,
          "stopTime": -1,
          "lambda": 0.375
        }
      ]
    },
    "SC4": {
      "resptime": 13461.384093776485,
      "resptime_old": 13451.384093776487,
      "waittime": 13445.693990583584,
      "servicetime": 10.0,
      "networktime": 5.690103192901914,
      "services": {
        "MS4_1": {
          "meanserv": 1.3850585396472648,
          "stddevserv": 1.3850585396472648,
          "rate": 0.7219911443271356,
          "cv": 1.0,
          "lambda": 0.375
        },
        "MS4_2": {
          "meanserv": 0.053060787149208366,
          "stddevserv": 0.053060787149208366,
          "rate": 18.84630918097715,
          "cv": 1.0,
          "lambda": 0.375
        },
        "MS4_3": {
          "meanserv": 0.10589540393408425,
          "stddevserv": 0.10589540393408425,
          "rate": 9.443280471572315,
          "cv": 1.0,
          "lambda": 0.375
        },
        "MS4_4": {
          "meanserv": 0.5907508551080698,
          "stddevserv": 0.5907508551080698,
          "rate": 1.6927609860455701,
          "cv": 1.0,
          "lambda": 0.375
        },
        "MS4_5": {
          "meanserv": 0.18933080414715953,
          "stddevserv": 0.18933080414715953,
          "rate": 5.281760696599263,
          "cv": 1.0,
          "lambda": 0.375
        },
        "MS4_6": {
          "meanserv": 3.3443695212293534,
          "stddevserv": 3.3443695212293534,
          "rate": 0.2990100207684021,
          "cv": 1.0,
          "lambda": 0.375
        },
        "MS4_7": {
          "meanserv": 0.5973642005804827,
          "stddevserv": 0.5973642005804827,
          "rate": 1.6740206377085538,
          "cv": 1.0,
          "lambda": 0.375
        },
        "MS4_8": {
          "meanserv": 1.4813458542724875,
          "stddevserv": 1.4813458542724875,
          "rate": 0.6750618008048606,
          "cv": 1.0,
          "lambda": 0.375
        },
        "MS4_9": {
          "meanserv": 0.592703211160651,
          "stddevserv": 0.592703211160651,
          "rate": 1.6871850551336933,
          "cv": 1.0,
          "lambda": 0.375
        },
        "MS4_10": {
          "meanserv": 1.6601208227712387,
          "stddevserv": 1.6601208227712387,
          "rate": 0.6023657954790909,
          "cv": 1.0,
          "lambda": 0.375
        }
      },
      "sensors": [
        "S4"
      ],
      "sources": [
        {
          "startTime": 0,
          "stopTime": -1,
          "lambda": 0.375
        }
      ]
    }
  },
  "microservice": {
    "MS1_1": "F12",
    "MS1_2": "F23",
    "MS1_3": "F4",
    "MS1_4": "F15",
    "MS1_5": "F15",
    "MS1_6": "F1",
    "MS1_7": "F25",
    "MS1_8": "F22",
    "MS1_9": "F14",
    "MS1_10": "F14",
    "MS2_1": "F18",
    "MS2_2": "F1",
    "MS2_3": "F21",
    "MS2_4": "F9",
    "MS2_5": "F6",
    "MS2_6": "F11",
    "MS2_7": "F18",
    "MS2_8": "F10",
    "MS2_9": "F16",
    "MS2_10": "F12",
    "MS3_1": "F17",
    "MS3_2": "F7",
    "MS3_3": "F19",
    "MS3_4": "F19",
    "MS3_5": "F8",
    "MS3_6": "F1",
    "MS3_7": "F24",
    "MS3_8": "F15",
    "MS3_9": "F13",
    "MS3_10": "F13",
    "MS4_1": "F5",
    "MS4_2": "F13",
    "MS4_3": "F13",
    "MS4_4": "F13",
    "MS4_5": "F13",
    "MS4_6": "F1",
    "MS4_7": "F17",
    "MS4_8": "F3",
    "MS4_9": "F20",
    "MS4_10": "F2"
  },
  "sensor": {
    "S1": "F12",
    "S2": "F18",
    "S3": "F17",
    "S4": "F5"
  },
  "fog": {
    "F1": {
      "rho": 4.491795620528034,
      "capacity": 1.0,
      "tserv": 2.994530413685356,
      "stddev": 3.0408733518233486,
      "mu": 0.33394217518375585,
      "cv": 1.0154758615662076,
      "lambda": 1.5,
      "twait": 13437.36777913214
    },
    "F2": {
      "rho": 0.6225453085392145,
      "capacity": 1.0,
      "tserv": 1.6601208227712387,
      "stddev": 1.6601208227712387,
      "mu": 0.6023657954790909,
      "cv": 1.0,
      "lambda": 0.375,
      "twait": 2.738078114289031
    },
    "F3": {
      "rho": 0.5555046953521828,
      "capacity": 1.0,
      "tserv": 1.4813458542724875,
      "stddev": 1.4813458542724875,
      "mu": 0.6750618008048606,
      "cv": 1.0,
      "lambda": 0.375,
      "twait": 1.8513009448791673
    },
    "F4": {
      "rho": 0.5522034437775137,
      "capacity": 1.0,
      "tserv": 1.4725425167400366,
      "stddev": 1.4725425167400366,
      "mu": 0.6790975395493728,
      "cv": 1.0,
      "lambda": 0.375,
      "twait": 1.8158760659352813
    },
    "F5": {
      "rho": 0.5193969523677243,
      "capacity": 1.0,
      "tserv": 1.3850585396472648,
      "stddev": 1.3850585396472646,
      "mu": 0.7219911443271356,
      "cv": 0.9999999999999999,
      "lambda": 0.375,
      "twait": 1.496859389235733
    },
    "F6": {
      "rho": 0.5142988653696943,
      "capacity": 1.0,
      "tserv": 1.3714636409858514,
      "stddev": 1.3714636409858514,
      "mu": 0.7291480212199927,
      "cv": 1.0,
      "lambda": 0.375,
      "twait": 1.452214426041414
    },
    "F7": {
      "rho": 0.40801549261340886,
      "capacity": 1.0,
      "tserv": 1.088041313635757,
      "stddev": 1.088041313635757,
      "mu": 0.9190827475644638,
      "cv": 1.0,
      "lambda": 0.375,
      "twait": 0.7499144099676981
    },
    "F8": {
      "rho": 0.4767812570959628,
      "capacity": 1.0,
      "tserv": 1.2714166855892342,
      "stddev": 1.271416685589234,
      "mu": 0.7865242066856729,
      "cv": 0.9999999999999998,
      "lambda": 0.375,
      "twait": 1.158574026388037
    },
    "F9": {
      "rho": 0.3899089854583797,
      "capacity": 1.0,
      "tserv": 1.0397572945556792,
      "stddev": 1.0397572945556792,
      "mu": 0.961762908744325,
      "cv": 1.0,
      "lambda": 0.375,
      "twait": 0.6645085768846339
    },
    "F10": {
      "rho": 0.35177522027709995,
      "capacity": 1.0,
      "tserv": 0.9380672540722665,
      "stddev": 0.9380672540722665,
      "mu": 1.0660216478710622,
      "cv": 1.0,
      "lambda": 0.375,
      "twait": 0.5090654125827585
    },
    "F11": {
      "rho": 0.2837541607271845,
      "capacity": 1.0,
      "tserv": 0.7566777619391587,
      "stddev": 0.7566777619391587,
      "mu": 1.3215665244836492,
      "cv": 1.0,
      "lambda": 0.375,
      "twait": 0.2997720217096966
    },
    "F12": {
      "rho": 0.34413185260413687,
      "capacity": 1.0,
      "tserv": 0.45884247013884916,
      "stddev": 0.5861177040265027,
      "mu": 2.179397211634295,
      "cv": 1.2773832898448547,
      "lambda": 0.75,
      "twait": 0.31679597734870557
    },
    "F13": {
      "rho": 0.5489705033366582,
      "capacity": 1.0,
      "tserv": 0.2439868903718481,
      "stddev": 0.34617549209212345,
      "mu": 4.09858086422574,
      "cv": 1.418828247552706,
      "lambda": 2.25,
      "twait": 0.4473941499196125
    },
    "F14": {
      "rho": 0.3052073522486589,
      "capacity": 1.0,
      "tserv": 0.4069431363315452,
      "stddev": 0.5930834550869328,
      "mu": 2.4573457830365735,
      "cv": 1.4574111273466352,
      "lambda": 0.75,
      "twait": 0.27922936931952974
    },
    "F15": {
      "rho": 0.39196814094410837,
      "capacity": 1.0,
      "tserv": 0.3484161252836519,
      "stddev": 0.5039934857134764,
      "mu": 2.87013122365069,
      "cv": 1.4465274398627965,
      "lambda": 1.125,
      "twait": 0.3472915337075979
    },
    "F16": {
      "rho": 0.26260523949153636,
      "capacity": 1.0,
      "tserv": 0.700280638644097,
      "stddev": 0.700280638644097,
      "mu": 1.4279989261679833,
      "cv": 1.0,
      "lambda": 0.375,
      "twait": 0.24938794614653134
    },
    "F17": {
      "rho": 0.35670869685712403,
      "capacity": 1.0,
      "tserv": 0.4756115958094987,
      "stddev": 0.505819912227165,
      "mu": 2.1025559696415383,
      "cv": 1.0635146760167848,
      "lambda": 0.75,
      "twait": 0.28101198359832835
    },
    "F18": {
      "rho": 0.2844995931878455,
      "capacity": 1.0,
      "tserv": 0.3793327909171273,
      "stddev": 0.3993581175624925,
      "mu": 2.636207635997568,
      "cv": 1.0527909190158573,
      "lambda": 0.75,
      "twait": 0.15900424519658063
    },
    "F19": {
      "rho": 0.3791127435705684,
      "capacity": 1.0,
      "tserv": 0.5054836580940912,
      "stddev": 0.511042442495881,
      "mu": 1.9783033219520205,
      "cv": 1.0109969616480758,
      "lambda": 0.75,
      "twait": 0.31206034264797167
    },
    "F20": {
      "rho": 0.2222637041852441,
      "capacity": 1.0,
      "tserv": 0.592703211160651,
      "stddev": 0.592703211160651,
      "mu": 1.6871850551336933,
      "cv": 1.0,
      "lambda": 0.375,
      "twait": 0.16938441976280436
    },
    "F21": {
      "rho": 0.3889128008366888,
      "capacity": 1.0,
      "tserv": 1.03710080223117,
      "stddev": 1.03710080223117,
      "mu": 0.9642264260606557,
      "cv": 1.0,
      "lambda": 0.375,
      "twait": 0.6600396445841918
    },
    "F22": {
      "rho": 0.34802336195899697,
      "capacity": 1.0,
      "tserv": 0.9280622985573252,
      "stddev": 0.9280622985573252,
      "mu": 1.0775138711641472,
      "cv": 1.0,
      "lambda": 0.375,
      "twait": 0.49539713910884314
    },
    "F23": {
      "rho": 0.46498779416729463,
      "capacity": 1.0,
      "tserv": 1.2399674511127856,
      "stddev": 1.2399674511127856,
      "mu": 0.8064727820900207,
      "cv": 1.0,
      "lambda": 0.375,
      "twait": 1.0776758429927602
    },
    "F24": {
      "rho": 0.9424054183641355,
      "capacity": 1.0,
      "tserv": 2.5130811156376947,
      "stddev": 2.5130811156376947,
      "mu": 0.3979179158911669,
      "cv": 1.0,
      "lambda": 0.375,
      "twait": 41.12090396174992
    },
    "F25": {
      "rho": 0.5942227961406037,
      "capacity": 1.0,
      "tserv": 1.5845941230416098,
      "stddev": 1.5845941230416098,
      "mu": 0.6310764286317759,
      "cv": 1.0,
      "lambda": 0.375,
      "twait": 2.3204900166546136
    }
  },
  "extra": {
    "deltatime": 0.1929108,
    "obj_func": 13469.883697016014
  },
  "network": [
    [
      0.0,
      0.952226187286615,
      0.8024720442671031,
      1.2698776286107532,
      1.0774681649613391,
      1.0281447709940246,
      1.1039418282856934,
      0.7694497930909462,
      0.790802341741247,
      1.1117183046622165,
      1.234762741597235,
      0.928591294379295,
      1.134446004411773,
      0.9307276758804129,
      0.8871561903833497,
      1.0755169034121121,
      0.7797646546507193,
      1.1324712902651783,
      0.9940742370090332,
      1.1282739883766089,
      0.9910347668141865,
      1.2003197066063196,
      1.2331909007675728,
      0.7559226804164175,
      0.7559226804164175
    ],
    [
      0.952226187286615,
      0.0,
      1.3030230042416358,
      0.9958981859320952,
      0.8537894428551893,
      1.0335754004773,
      0.9092433300543952,
      1.317791690218296,
      0.7271680998777007,
      0.9925715926265911,
      1.1443573825919116,
      1.1911416088187945,
      0.9963121007380339,
      0.6566453428245528,
      1.2803921805315517,
      0.9711385652025171,
      0.7542373953771287,
      1.1412184147236266,
      1.0273177565118443,
      0.8042934636045228,
      1.2964688892627863,
      0.8623646011857792,
      0.7559226804164175,
      0.8242326739173856,
      0.8242326739173856
    ],
    [
      0.8024720442671031,
      1.3030230042416358,
      0.0,
      1.4109474197227978,
      0.9997164966799705,
      1.406141010668629,
      1.048220594808813,
      0.9226154570759428,
      0.815967649088767,
      0.9392163798126241,
      1.0799544268090613,
      1.0171998110654243,
      1.1198819255017214,
      1.0009466183954054,
      1.069371818374753,
      1.1670710887365057,
      0.9879101112286857,
      1.3257135541348457,
      1.0357527676800287,
      0.85524039067116,
      1.3073002687059276,
      1.2331909007675728,
      0.8242326739173856,
      0.7507844729656732,
      0.7507844729656732
    ],
    [
      1.2698776286107532,
      0.9958981859320952,
      1.4109474197227978,
      0.0,
      1.0624743720417849,
      0.9049687459853571,
      0.8705272294381746,
      0.8028733072173746,
      0.8425905385864376,
      0.8944997772104292,
      1.1422220768396107,
      0.87983346163277,
      1.2446876589744504,
      0.924108876291438,
      1.1447873227404715,
      1.03357709214955,
      0.883735522952414,
      1.2628972177518831,
      1.1344519644571656,
      0.8025039441875447,
      1.2003197066063196,
      0.7559226804164175,
      0.7507844729656732,
      0.8941136194720528,
      0.8941136194720528
    ],
    [
      1.0774681649613391,
      0.8537894428551893,
      0.9997164966799705,
      1.0624743720417849,
      0.0,
      1.0378495462784874,
      0.9007388613599588,
      0.8072272915249173,
      1.3638246757140935,
      1.5402214486586778,
      1.1540781158394382,
      0.9908826898548192,
      1.1284485683350527,
      1.0383411073598838,
      0.8578381699993262,
      1.0222780830329283,
      0.8643790981872527,
      1.054815956818664,
      0.7286361405043065,
      0.9910347668141865,
      0.8623646011857792,
      0.8242326739173856,
      0.8941136194720528,
      1.0890497631989804,
      1.0890497631989804
    ],
    [
      1.0281447709940246,
      1.0335754004773,
      1.406141010668629,
      0.9049687459853571,
      1.0378495462784874,
      0.0,
      1.1904048772879225,
      1.1357158086667982,
      0.6792465922079249,
      1.0345462186088357,
      0.9081553928465204,
      1.058887700421432,
      1.1808438237038295,
      1.5527832767379384,
      0.9141800244966892,
      1.024634895937597,
      1.1069070990062215,
      1.1795035492275332,
      1.1282739883766089,
      1.2964688892627863,
      1.2331909007675728,
      0.7507844729656732,
      1.0890497631989804,
      1.1493778419010166,
      1.1493778419010166
    ],
    [
      1.1039418282856934,
      0.9092433300543952,
      1.048220594808813,
      0.8705272294381746,
      0.9007388613599588,
      1.1904048772879225,
      0.0,
      0.9523039827083354,
      0.7627339540304026,
      0.7536963397598198,
      0.8618297336434874,
      0.8985094668453376,
      0.8822116685479539,
      0.6553777514750244,
      0.8043787811946331,
      0.8292365074803337,
      0.5735889279588541,
      0.9940742370090332,
      0.8042934636045228,
      1.3073002687059276,
      0.7559226804164175,
      0.8941136194720528,
      1.1493778419010166,
      1.2716556461231494,
      1.2716556461231494
    ],
    [
      0.7694497930909462,
      1.317791690218296,
      0.9226154570759428,
      0.8028733072173746,
      0.8072272915249173,
      1.1357158086667982,
      0.9523039827083354,
      0.0,
      1.1646163639027778,
      1.1935192629912459,
      1.1823970175438023,
      1.0617688128939968,
      1.0385331497462449,
      0.9563085666822754,
      0.9981476610654109,
      0.687062029193281,
      1.1324712902651783,
      1.0273177565118443,
      0.85524039067116,
      1.2003197066063196,
      0.8242326739173856,
      1.0890497631989804,
      1.2716556461231494,
      1.0758484568460545,
      1.0758484568460545
    ],
    [
      0.790802341741247,
      0.7271680998777007,
      0.815967649088767,
      0.8425905385864376,
      1.3638246757140935,
      0.6792465922079249,
      0.7627339540304026,
      1.1646163639027778,
      0.0,
      1.2166397940258025,
      0.9724167780791402,
      1.2889423470754124,
      0.686139538678762,
      0.8714289575387543,
      1.1471958267969384,
      0.7797646546507193,
      1.1412184147236266,
      1.0357527676800287,
      0.8025039441875447,
      0.8623646011857792,
      0.7507844729656732,
      1.1493778419010166,
      1.0758484568460545,
      0.9705224709525146,
      0.9705224709525146
    ],
    [
      1.1117183046622165,
      0.9925715926265911,
      0.9392163798126241,
      0.8944997772104292,
      1.5402214486586778,
      1.0345462186088357,
      0.7536963397598198,
      1.1935192629912459,
      1.2166397940258025,
      0.0,
      1.2826867070670653,
      0.6646205856857378,
      0.8689174620845714,
      0.9084406573908236,
      1.0755169034121121,
      0.7542373953771287,
      1.3257135541348457,
      1.1344519644571656,
      0.9910347668141865,
      1.2331909007675728,
      0.8941136194720528,
      1.2716556461231494,
      0.9705224709525146,
      1.216466320632838,
      1.216466320632838
    ],
    [
      1.234762741597235,
      1.1443573825919116,
      1.0799544268090613,
      1.1422220768396107,
      1.1540781158394382,
      0.9081553928465204,
      0.8618297336434874,
      1.1823970175438023,
      0.9724167780791402,
      1.2826867070670653,
      0.0,
      1.0719574169358297,
      0.8212861005704875,
      0.8871561903833497,
      0.9711385652025171,
      0.9879101112286857,
      1.2628972177518831,
      0.7286361405043065,
      1.2964688892627863,
      0.7559226804164175,
      1.0890497631989804,
      1.0758484568460545,
      1.216466320632838,
      0.7193543302153155,
      0.7193543302153155
    ],
    [
      0.928591294379295,
      1.1911416088187945,
      1.0171998110654243,
      0.87983346163277,
      0.9908826898548192,
      1.058887700421432,
      0.8985094668453376,
      1.0617688128939968,
      1.2889423470754124,
      0.6646205856857378,
      1.0719574169358297,
      0.0,
      0.9307276758804129,
      1.2803921805315517,
      1.1670710887365057,
      0.883735522952414,
      1.054815956818664,
      1.1282739883766089,
      1.3073002687059276,
      0.8242326739173856,
      1.1493778419010166,
      0.9705224709525146,
      0.7193543302153155,
      1.0665693177129023,
      1.0665693177129023
    ],
    [
      1.134446004411773,
      0.9963121007380339,
      1.1198819255017214,
      1.2446876589744504,
      1.1284485683350527,
      1.1808438237038295,
      0.8822116685479539,
      1.0385331497462449,
      0.686139538678762,
      0.8689174620845714,
      0.8212861005704875,
      0.9307276758804129,
      0.0,
      1.069371818374753,
      1.03357709214955,
      0.8643790981872527,
      1.1795035492275332,
      0.8042934636045228,
      1.2003197066063196,
      0.7507844729656732,
      1.2716556461231494,
      1.216466320632838,
      1.0665693177129023,
      0.9166825404983084,
      0.9166825404983084
    ],
    [
      0.9307276758804129,
      0.6566453428245528,
      1.0009466183954054,
      0.924108876291438,
      1.0383411073598838,
      1.5527832767379384,
      0.6553777514750244,
      0.9563085666822754,
      0.8714289575387543,
      0.9084406573908236,
      0.8871561903833497,
      1.2803921805315517,
      1.069371818374753,
      0.0,
      1.0222780830329283,
      1.1069070990062215,
      0.9940742370090332,
      0.85524039067116,
      0.8623646011857792,
      0.8941136194720528,
      1.0758484568460545,
      0.7193543302153155,
      0.9166825404983084,
      0.9130359653217094,
      0.9130359653217094
    ],
    [
      0.8871561903833497,
      1.2803921805315517,
      1.069371818374753,
      1.1447873227404715,
      0.8578381699993262,
      0.9141800244966892,
      0.8043787811946331,
      0.9981476610654109,
      1.1471958267969384,
      1.0755169034121121,
      0.9711385652025171,
      1.1670710887365057,
      1.03357709214955,
      1.0222780830329283,
      0.0,
      0.5735889279588541,
      1.0273177565118443,
      0.8025039441875447,
      1.2331909007675728,
      1.0890497631989804,
      0.9705224709525146,
      1.0665693177129023,
      0.9130359653217094,
      0.869737681562967,
      0.869737681562967
    ],
    [
      1.0755169034121121,
      0.9711385652025171,
      1.1670710887365057,
      1.03357709214955,
      1.0222780830329283,
      1.024634895937597,
      0.8292365074803337,
      0.687062029193281,
      0.7797646546507193,
      0.7542373953771287,
      0.9879101112286857,
      0.883735522952414,
      0.8643790981872527,
      1.1069070990062215,
      0.5735889279588541,
      0.0,
      1.0357527676800287,
      0.9910347668141865,
      0.7559226804164175,
      1.1493778419010166,
      1.216466320632838,
      0.9166825404983084,
      0.869737681562967,
      1.0292153553289827,
      1.0292153553289827
    ],
    [
      0.7797646546507193,
      0.7542373953771287,
      0.9879101112286857,
      0.883735522952414,
      0.8643790981872527,
      1.1069070990062215,
      0.5735889279588541,
      1.1324712902651783,
      1.1412184147236266,
      1.3257135541348457,
      1.2628972177518831,
      1.054815956818664,
      1.1795035492275332,
      0.9940742370090332,
      1.0273177565118443,
      1.0357527676800287,
      0.0,
      1.2964688892627863,
      0.8242326739173856,
      1.2716556461231494,
      0.7193543302153155,
      0.9130359653217094,
      1.0292153553289827,
      0.9676406656765155,
      0.9676406656765155
    ],
    [
      1.1324712902651783,
      1.1412184147236266,
      1.3257135541348457,
      1.2628972177518831,
      1.054815956818664,
      1.1795035492275332,
      0.9940742370090332,
      1.0273177565118443,
      1.0357527676800287,
      1.1344519644571656,
      0.7286361405043065,
      1.1282739883766089,
      0.8042934636045228,
      0.85524039067116,
      0.8025039441875447,
      0.9910347668141865,
      1.2964688892627863,
      0.0,
      0.7507844729656732,
      1.0758484568460545,
      1.0665693177129023,
      0.869737681562967,
      0.9676406656765155,
      1.048067000734251,
      1.048067000734251
    ],
    [
      0.9940742370090332,
      1.0273177565118443,
      1.0357527676800287,
      1.1344519644571656,
      0.7286361405043065,
      1.1282739883766089,
      0.8042934636045228,
      0.85524039067116,
      0.8025039441875447,
      0.9910347668141865,
      1.2964688892627863,
      1.3073002687059276,
      1.2003197066063196,
      0.8623646011857792,
      1.2331909007675728,
      0.7559226804164175,
      0.8242326739173856,
      0.7507844729656732,
      0.0,
      0.9705224709525146,
      0.9166825404983084,
      1.0292153553289827,
      1.048067000734251,
      1.1631366187054368,
      1.1631366187054368
    ],
    [
      1.1282739883766089,
      0.8042934636045228,
      0.85524039067116,
      0.8025039441875447,
      0.9910347668141865,
      1.2964688892627863,
      1.3073002687059276,
      1.2003197066063196,
      0.8623646011857792,
      1.2331909007675728,
      0.7559226804164175,
      0.8242326739173856,
      0.7507844729656732,
      0.8941136194720528,
      1.0890497631989804,
      1.1493778419010166,
      1.2716556461231494,
      1.0758484568460545,
      0.9705224709525146,
      0.0,
      0.9130359653217094,
      0.9676406656765155,
      1.1631366187054368,
      0.9613971218917929,
      0.9613971218917929
    ],
    [
      0.9910347668141865,
      1.2964688892627863,
      1.3073002687059276,
      1.2003197066063196,
      0.8623646011857792,
      1.2331909007675728,
      0.7559226804164175,
      0.8242326739173856,
      0.7507844729656732,
      0.8941136194720528,
      1.0890497631989804,
      1.1493778419010166,
      1.2716556461231494,
      1.0758484568460545,
      0.9705224709525146,
      1.216466320632838,
      0.7193543302153155,
      1.0665693177129023,
      0.9166825404983084,
      0.9130359653217094,
      0.0,
      1.048067000734251,
      0.9613971218917929,
      0.8976948542503965,
      0.8976948542503965
    ],
    [
      1.2003197066063196,
      0.8623646011857792,
      1.2331909007675728,
      0.7559226804164175,
      0.8242326739173856,
      0.7507844729656732,
      0.8941136194720528,
      1.0890497631989804,
      1.1493778419010166,
      1.2716556461231494,
      1.0758484568460545,
      0.9705224709525146,
      1.216466320632838,
      0.7193543302153155,
      1.0665693177129023,
      0.9166825404983084,
      0.9130359653217094,
      0.869737681562967,
      1.0292153553289827,
      0.9676406656765155,
      1.048067000734251,
      0.0,
      0.8976948542503965,
      0.5197597520276529,
      0.5197597520276529
    ],
    [
      1.2331909007675728,
      0.7559226804164175,
      0.8242326739173856,
      0.7507844729656732,
      0.8941136194720528,
      1.0890497631989804,
      1.1493778419010166,
      1.2716556461231494,
      1.0758484568460545,
      0.9705224709525146,
      1.216466320632838,
      0.7193543302153155,
      1.0665693177129023,
      0.9166825404983084,
      0.9130359653217094,
      0.869737681562967,
      1.0292153553289827,
      0.9676406656765155,
      1.048067000734251,
      1.1631366187054368,
      0.9613971218917929,
      0.8976948542503965,
      0.0,
      0.9478571211689513,
      0.9478571211689513
    ],
    [
      0.7559226804164175,
      0.8242326739173856,
      0.7507844729656732,
      0.8941136194720528,
      1.0890497631989804,
      1.1493778419010166,
      1.2716556461231494,
      1.0758484568460545,
      0.9705224709525146,
      1.216466320632838,
      0.7193543302153155,
      1.0665693177129023,
      0.9166825404983084,
      0.9130359653217094,
      0.869737681562967,
      1.0292153553289827,
      0.9676406656765155,
      1.048067000734251,
      1.1631366187054368,
      0.9613971218917929,
      0.8976948542503965,
      0.5197597520276529,
      0.9478571211689513,
      0.0,
      0.5156018915584182
    ],
    [
      0.7559226804164175,
      0.8242326739173856,
      0.7507844729656732,
      0.8941136194720528,
      1.0890497631989804,
      1.1493778419010166,
      1.2716556461231494,
      1.0758484568460545,
      0.9705224709525146,
      1.216466320632838,
      0.7193543302153155,
      1.0665693177129023,
      0.9166825404983084,
      0.9130359653217094,
      0.869737681562967,
      1.0292153553289827,
      0.9676406656765155,
      1.048067000734251,
      1.1631366187054368,
      0.9613971218917929,
      0.8976948542503965,
      0.5197597520276529,
      0.9478571211689513,
      0.5156018915584182,
      0.0
    ]
  ]
}