{
  "servicechain": {
    "SC1": {
      "resptime": 13725.776609509143,
      "resptime_old": 13715.776609509143,
      "waittime": 13709.150288912317,
      "servicetime": 10.0,
      "networktime": 6.62632059682617,
      "services": {
        "MS1_1": {
          "meanserv": 0.74519616250879,
          "stddevserv": 0.74519616250879,
          "rate": 1.3419285421886542,
          "cv": 1.0,
          "lambda": 0.2
        },
        "MS1_2": {
          "meanserv": 1.0842438146070066,
          "stddevserv": 1.0842438146070066,
          "rate": 0.9223017798468682,
          "cv": 1.0,
          "lambda": 0.2
        },
        "MS1_3": {
          "meanserv": 1.208517774972616,
          "stddevserv": 1.208517774972616,
          "rate": 0.827459902294494,
          "cv": 1.0,
          "lambda": 0.2
        },
        "MS1_4": {
          "meanserv": 0.1152007887772788,
          "stddevserv": 0.1152007887772788,
          "rate": 8.6804961199817,
          "cv": 1.0,
          "lambda": 0.2
        },
        "MS1_5": {
          "meanserv": 6.846841459134309,
          "stddevserv": 6.846841459134309,
          "rate": 0.14605274650633382,
          "cv": 1.0,
          "lambda": 0.2
        }
      },
      "sensors": [
        "S1"
      ],
      "sources": [
        {
          "startTime": 0,
          "stopTime": -1,
          "lambda": 0.2
        }
      ]
    },
    "SC2": {
      "resptime": 31.129141592479243,
      "resptime_old": 21.129141592479243,
      "waittime": 14.984127789181422,
      "servicetime": 10.0,
      "networktime": 6.145013803297823,
      "services": {
        "MS2_1": {
          "meanserv": 0.15525409368168375,
          "stddevserv": 0.15525409368168375,
          "rate": 6.441053992755207,
          "cv": 1.0,
          "lambda": 0.2
        },
        "MS2_2": {
          "meanserv": 2.3225968878528294,
          "stddevserv": 2.3225968878528294,
          "rate": 0.43055254453753694,
          "cv": 1.0,
          "lambda": 0.2
        },
        "MS2_3": {
          "meanserv": 2.72475091950079,
          "stddevserv": 2.72475091950079,
          "rate": 0.3670060235022191,
          "cv": 1.0,
          "lambda": 0.2
        },
        "MS2_4": {
          "meanserv": 2.637740579683725,
          "stddevserv": 2.637740579683725,
          "rate": 0.37911233868188193,
          "cv": 1.0,
          "lambda": 0.2
        },
        "MS2_5": {
          "meanserv": 2.159657519280972,
          "stddevserv": 2.159657519280972,
          "rate": 0.4630363801075904,
          "cv": 1.0,
          "lambda": 0.2
        }
      },
      "sensors": [
        "S2"
      ],
      "sources": [
        {
          "startTime": 0,
          "stopTime": -1,
          "lambda": 0.2
        }
      ]
    },
    "SC3": {
      "resptime": 49.41140487162135,
      "resptime_old": 39.41140487162134,
      "waittime": 34.43778457901563,
      "servicetime": 10.0,
      "networktime": 4.9736202926057205,
      "services": {
        "MS3_1": {
          "meanserv": 0.3829227836120086,
          "stddevserv": 0.3829227836120086,
          "rate": 2.611492558805894,
          "cv": 1.0,
          "lambda": 0.2
        },
        "MS3_2": {
          "meanserv": 3.8986952664746815,
          "stddevserv": 3.8986952664746815,
          "rate": 0.25649606641460604,
          "cv": 1.0,
          "lambda": 0.2
        },
        "MS3_3": {
          "meanserv": 3.8823203899376413,
          "stddevserv": 3.8823203899376413,
          "rate": 0.2575779172146228,
          "cv": 1.0,
          "lambda": 0.2
        },
        "MS3_4": {
          "meanserv": 1.634412075170097,
          "stddevserv": 1.634412075170097,
          "rate": 0.6118408051384029,
          "cv": 1.0,
          "lambda": 0.2
        },
        "MS3_5": {
          "meanserv": 0.20164948480557143,
          "stddevserv": 0.20164948480557143,
          "rate": 4.959100197871523,
          "cv": 1.0,
          "lambda": 0.2
        }
      },
      "sensors": [
        "S3"
      ],
      "sources": [
        {
          "startTime": 0,
          "stopTime": -1,
          "lambda": 0.2
        }
      ]
    },
    "SC4": {
      "resptime": 13725.08986410875,
      "resptime_old": 13715.089864108751,
      "waittime": 13709.55920673486,
      "servicetime": 10.0,
      "networktime": 5.530657373888608,
      "services": {
        "MS4_1": {
          "meanserv": 0.48803362967822506,
          "stddevserv": 0.48803362967822506,
          "rate": 2.049039121872256,
          "cv": 1.0,
          "lambda": 0.2
        },
        "MS4_2": {
          "meanserv": 2.3142688890723626,
          "stddevserv": 2.3142688890723626,
          "rate": 0.43210190687946975,
          "cv": 1.0,
          "lambda": 0.2
        },
        "MS4_3": {
          "meanserv": 2.1609311161066107,
          "stddevserv": 2.1609311161066107,
          "rate": 0.46276347845909976,
          "cv": 1.0,
          "lambda": 0.2
        },
        "MS4_4": {
          "meanserv": 4.863193921604545,
          "stddevserv": 4.863193921604545,
          "rate": 0.20562618232383043,
          "cv": 1.0,
          "lambda": 0.2
        },
        "MS4_5": {
          "meanserv": 0.17357244353825685,
          "stddevserv": 0.17357244353825685,
          "rate": 5.761283183062359,
          "cv": 1.0,
          "lambda": 0.2
        }
      },
      "sensors": [
        "S4"
      ],
      "sources": [
        {
          "startTime": 0,
          "stopTime": -1,
          "lambda": 0.2
        }
      ]
    }
  },
  "microservice": {
    "MS1_1": "F9",
    "MS1_2": "F10",
    "MS1_3": "F8",
    "MS1_4": "F8",
    "MS1_5": "F1",
    "MS2_1": "F7",
    "MS2_2": "F7",
    "MS2_3": "F3",
    "MS2_4": "F6",
    "MS2_5": "F10",
    "MS3_1": "F7",
    "MS3_2": "F2",
    "MS3_3": "F5",
    "MS3_4": "F8",
    "MS3_5": "F8",
    "MS4_1": "F4",
    "MS4_2": "F4",
    "MS4_3": "F9",
    "MS4_4": "F1",
    "MS4_5": "F6"
  },
  "sensor": {
    "S1": "F9",
    "S2": "F7",
    "S3": "F7",
    "S4": "F4"
  },
  "fog": {
    "F1": {
      "rho": 2.3420070761477705,
      "capacity": 1.0,
      "tserv": 5.855017690369427,
      "stddev": 6.02068608475088,
      "mu": 0.1707936769593098,
      "cv": 1.0282951142323533,
      "lambda": 0.4,
      "twait": 13698.780368953745
    },
    "F2": {
      "rho": 0.7797390532949363,
      "capacity": 1.0,
      "tserv": 3.8986952664746815,
      "stddev": 3.8986952664746815,
      "mu": 0.25649606641460604,
      "cv": 1.0,
      "lambda": 0.2,
      "twait": 13.801652093310148
    },
    "F3": {
      "rho": 0.544950183900158,
      "capacity": 1.0,
      "tserv": 2.72475091950079,
      "stddev": 2.72475091950079,
      "mu": 0.3670060235022191,
      "cv": 1.0,
      "lambda": 0.2,
      "twait": 3.2630570590941415
    },
    "F4": {
      "rho": 0.5604605037501177,
      "capacity": 1.0,
      "tserv": 1.401151259375294,
      "stddev": 1.9054638445733254,
      "mu": 0.7136988196733677,
      "cv": 1.3599272968022598,
      "lambda": 0.4,
      "twait": 2.5453991563228624
    },
    "F5": {
      "rho": 0.7764640779875284,
      "capacity": 1.0,
      "tserv": 3.8823203899376413,
      "stddev": 3.8823203899376413,
      "mu": 0.2575779172146228,
      "cv": 1.0,
      "lambda": 0.2,
      "twait": 13.485449206042718
    },
    "F6": {
      "rho": 0.5622626046443964,
      "capacity": 1.0,
      "tserv": 1.405656511610991,
      "stddev": 2.2387345823548834,
      "mu": 0.7114113524462123,
      "cv": 1.592661197001194,
      "lambda": 0.4,
      "twait": 3.1926917064919302
    },
    "F7": {
      "rho": 0.5721547530293042,
      "capacity": 1.0,
      "tserv": 0.9535912550488403,
      "stddev": 1.6735562081426696,
      "mu": 1.0486673348832072,
      "cv": 1.7550037285702191,
      "lambda": 0.6000000000000001,
      "twait": 2.6014967022218256
    },
    "F8": {
      "rho": 0.6319560247451128,
      "capacity": 1.0,
      "tserv": 0.789945030931391,
      "stddev": 1.2119664757239474,
      "mu": 1.265910868280217,
      "cv": 1.5342415336102166,
      "lambda": 0.8,
      "twait": 2.2745932887204687
    },
    "F9": {
      "rho": 0.5812254557230802,
      "capacity": 1.0,
      "tserv": 1.4530636393077003,
      "stddev": 1.7645244881546562,
      "mu": 0.6882011034812222,
      "cv": 1.2143476998676732,
      "lambda": 0.4,
      "twait": 2.4953477619788336
    },
    "F10": {
      "rho": 0.6487802667775957,
      "capacity": 1.0,
      "tserv": 1.6219506669439891,
      "stddev": 1.791362968273137,
      "mu": 0.6165415634275472,
      "cv": 1.1044497251253316,
      "lambda": 0.4,
      "twait": 3.3253856191516986
    }
  },
  "extra": {
    "deltatime": 0.0141764,
    "obj_func": 6882.851755020498
  },
  "network": [
    [
      0.0,
      1.0870332684517061,
      1.7569454720602233,
      1.8052440108840437,
      2.3065538674518544,
      1.5020269322774167,
      2.1580595298866,
      2.372665629919033,
      2.0514661002119032,
      2.0514661002119032
    ],
    [
      1.0870332684517061,
      0.0,
      2.3876227312372214,
      1.4722194162264564,
      1.3201319158272244,
      2.0446375828096546,
      1.6763240353792082,
      2.0514661002119032,
      2.780593104477347,
      2.780593104477347
    ],
    [
      1.7569454720602233,
      2.3876227312372214,
      0.0,
      2.4626973614324332,
      2.537856773988312,
      1.8043886590715232,
      2.372665629919033,
      2.780593104477347,
      2.7406825869779543,
      2.7406825869779543
    ],
    [
      1.8052440108840437,
      1.4722194162264564,
      2.4626973614324332,
      0.0,
      1.7485635780251725,
      2.1580595298866,
      2.0514661002119032,
      2.7406825869779543,
      1.9771643413992874,
      1.9771643413992874
    ],
    [
      2.3065538674518544,
      1.3201319158272244,
      2.537856773988312,
      1.7485635780251725,
      0.0,
      1.6763240353792082,
      2.780593104477347,
      1.9771643413992874,
      2.2859231961366517,
      2.2859231961366517
    ],
    [
      1.5020269322774167,
      2.0446375828096546,
      1.8043886590715232,
      2.1580595298866,
      1.6763240353792082,
      0.0,
      2.7406825869779543,
      2.2859231961366517,
      1.9679595143072675,
      1.9679595143072675
    ],
    [
      2.1580595298866,
      1.6763240353792082,
      2.372665629919033,
      2.0514661002119032,
      2.780593104477347,
      2.7406825869779543,
      0.0,
      1.9679595143072675,
      1.2831887690802035,
      1.2831887690802035
    ],
    [
      2.372665629919033,
      2.0514661002119032,
      2.780593104477347,
      2.7406825869779543,
      1.9771643413992874,
      2.2859231961366517,
      1.9679595143072675,
      0.0,
      2.3737291065084714,
      2.3737291065084714
    ],
    [
      2.0514661002119032,
      2.780593104477347,
      2.7406825869779543,
      1.9771643413992874,
      2.2859231961366517,
      1.9679595143072675,
      1.2831887690802035,
      2.3737291065084714,
      0.0,
      1.8799258603986648
    ],
    [
      2.0514661002119032,
      2.780593104477347,
      2.7406825869779543,
      1.9771643413992874,
      2.2859231961366517,
      1.9679595143072675,
      1.2831887690802035,
      2.3737291065084714,
      1.8799258603986648,
      0.0
    ]
  ]
}