{
  "servicechain": {
    "SC1": {
      "resptime": 34.67548696133995,
      "resptime_old": 24.675486961339942,
      "waittime": 19.979646461423716,
      "servicetime": 10.0,
      "networktime": 4.695840499916232,
      "services": {
        "MS1_1": {
          "meanserv": 0.9496732800626595,
          "stddevserv": 0.9496732800626595,
          "rate": 1.0529937200444557,
          "cv": 1.0,
          "lambda": 0.225
        },
        "MS1_2": {
          "meanserv": 0.8118164461972521,
          "stddevserv": 0.8118164461972521,
          "rate": 1.2318055450640917,
          "cv": 1.0,
          "lambda": 0.225
        },
        "MS1_3": {
          "meanserv": 0.10860781835506317,
          "stddevserv": 0.10860781835506317,
          "rate": 9.207440266692192,
          "cv": 1.0,
          "lambda": 0.225
        },
        "MS1_4": {
          "meanserv": 2.7743736836102943,
          "stddevserv": 2.7743736836102943,
          "rate": 0.36044171191052365,
          "cv": 1.0,
          "lambda": 0.225
        },
        "MS1_5": {
          "meanserv": 0.035440189146264345,
          "stddevserv": 0.035440189146264345,
          "rate": 28.21655369481591,
          "cv": 1.0,
          "lambda": 0.225
        },
        "MS1_6": {
          "meanserv": 0.1687469404760673,
          "stddevserv": 0.1687469404760673,
          "rate": 5.926033367946164,
          "cv": 1.0,
          "lambda": 0.225
        },
        "MS1_7": {
          "meanserv": 0.8818065979796863,
          "stddevserv": 0.8818065979796863,
          "rate": 1.1340355156007083,
          "cv": 1.0,
          "lambda": 0.225
        },
        "MS1_8": {
          "meanserv": 0.5481656154010528,
          "stddevserv": 0.5481656154010528,
          "rate": 1.8242661923775956,
          "cv": 1.0,
          "lambda": 0.225
        },
        "MS1_9": {
          "meanserv": 3.092290020648183,
          "stddevserv": 3.092290020648183,
          "rate": 0.32338493263008605,
          "cv": 1.0,
          "lambda": 0.225
        },
        "MS1_10": {
          "meanserv": 0.6290794081234772,
          "stddevserv": 0.6290794081234772,
          "rate": 1.5896244370531323,
          "cv": 1.0,
          "lambda": 0.225
        }
      },
      "sensors": [
        "S1"
      ],
      "sources": [
        {
          "startTime": 0,
          "stopTime": -1,
          "lambda": 0.225
        }
      ]
    },
    "SC2": {
      "resptime": 4916.482509112875,
      "resptime_old": 4906.482509112875,
      "waittime": 4901.793412340428,
      "servicetime": 9.999999999999998,
      "networktime": 4.6890967724469785,
      "services": {
        "MS2_1": {
          "meanserv": 0.010538210631882983,
          "stddevserv": 0.010538210631882983,
          "rate": 94.89277021798516,
          "cv": 1.0,
          "lambda": 0.225
        },
        "MS2_2": {
          "meanserv": 0.3977688722312156,
          "stddevserv": 0.3977688722312156,
          "rate": 2.514022765005902,
          "cv": 1.0,
          "lambda": 0.225
        },
        "MS2_3": {
          "meanserv": 0.7832720862320486,
          "stddevserv": 0.7832720862320486,
          "rate": 1.2766955666842756,
          "cv": 1.0,
          "lambda": 0.225
        },
        "MS2_4": {
          "meanserv": 0.7121103231826931,
          "stddevserv": 0.7121103231826931,
          "rate": 1.4042767917344858,
          "cv": 1.0,
          "lambda": 0.225
        },
        "MS2_5": {
          "meanserv": 4.665438183848474,
          "stddevserv": 4.665438183848474,
          "rate": 0.21434213906465477,
          "cv": 1.0,
          "lambda": 0.225
        },
        "MS2_6": {
          "meanserv": 0.6968515625855245,
          "stddevserv": 0.6968515625855245,
          "rate": 1.435025841500169,
          "cv": 1.0,
          "lambda": 0.225
        },
        "MS2_7": {
          "meanserv": 0.1066236708930921,
          "stddevserv": 0.1066236708930921,
          "rate": 9.378780449255641,
          "cv": 1.0,
          "lambda": 0.225
        },
        "MS2_8": {
          "meanserv": 1.5359083354105385,
          "stddevserv": 1.5359083354105385,
          "rate": 0.6510805215030664,
          "cv": 1.0,
          "lambda": 0.225
        },
        "MS2_9": {
          "meanserv": 1.0329045262506096,
          "stddevserv": 1.0329045262506096,
          "rate": 0.9681436905208932,
          "cv": 1.0,
          "lambda": 0.225
        },
        "MS2_10": {
          "meanserv": 0.05858422873392044,
          "stddevserv": 0.05858422873392044,
          "rate": 17.069440387136087,
          "cv": 1.0,
          "lambda": 0.225
        }
      },
      "sensors": [
        "S2"
      ],
      "sources": [
        {
          "startTime": 0,
          "stopTime": -1,
          "lambda": 0.225
        }
      ]
    },
    "SC3": {
      "resptime": 33.2413519824365,
      "resptime_old": 23.241351982436502,
      "waittime": 17.999443699481557,
      "servicetime": 10.0,
      "networktime": 5.241908282954943,
      "services": {
        "MS3_1": {
          "meanserv": 0.3549407792774728,
          "stddevserv": 0.3549407792774728,
          "rate": 2.817371399351823,
          "cv": 1.0,
          "lambda": 0.225
        },
        "MS3_2": {
          "meanserv": 3.207036294254407,
          "stddevserv": 3.207036294254407,
          "rate": 0.3118143694823655,
          "cv": 1.0,
          "lambda": 0.225
        },
        "MS3_3": {
          "meanserv": 1.1025253258970888,
          "stddevserv": 1.1025253258970888,
          "rate": 0.9070086432584509,
          "cv": 1.0,
          "lambda": 0.225
        },
        "MS3_4": {
          "meanserv": 0.09529532076597924,
          "stddevserv": 0.09529532076597924,
          "rate": 10.49369467421955,
          "cv": 1.0,
          "lambda": 0.225
        },
        "MS3_5": {
          "meanserv": 0.811595458814014,
          "stddevserv": 0.811595458814014,
          "rate": 1.2321409504450678,
          "cv": 1.0,
          "lambda": 0.225
        },
        "MS3_6": {
          "meanserv": 0.5671174935033703,
          "stddevserv": 0.5671174935033703,
          "rate": 1.7633030394151599,
          "cv": 1.0,
          "lambda": 0.225
        },
        "MS3_7": {
          "meanserv": 0.6398211631979489,
          "stddevserv": 0.6398211631979489,
          "rate": 1.5629367353243024,
          "cv": 1.0,
          "lambda": 0.225
        },
        "MS3_8": {
          "meanserv": 1.9828629521436323,
          "stddevserv": 1.9828629521436323,
          "rate": 0.5043212890325681,
          "cv": 1.0,
          "lambda": 0.225
        },
        "MS3_9": {
          "meanserv": 0.3998050138661231,
          "stddevserv": 0.3998050138661231,
          "rate": 2.501219257682585,
          "cv": 1.0,
          "lambda": 0.225
        },
        "MS3_10": {
          "meanserv": 0.8390001982799635,
          "stddevserv": 0.8390001982799635,
          "rate": 1.191894831550818,
          "cv": 1.0,
          "lambda": 0.225
        }
      },
      "sensors": [
        "S3"
      ],
      "sources": [
        {
          "startTime": 0,
          "stopTime": -1,
          "lambda": 0.225
        }
      ]
    },
    "SC4": {
      "resptime": 29.607576123161927,
      "resptime_old": 19.607576123161927,
      "waittime": 15.994663407666819,
      "servicetime": 10.0,
      "networktime": 3.6129127154951055,
      "services": {
        "MS4_1": {
          "meanserv": 2.926065577392609,
          "stddevserv": 2.926065577392609,
          "rate": 0.3417558402402898,
          "cv": 1.0,
          "lambda": 0.225
        },
        "MS4_2": {
          "meanserv": 0.1886965861599763,
          "stddevserv": 0.1886965861599763,
          "rate": 5.29951293953036,
          "cv": 1.0,
          "lambda": 0.225
        },
        "MS4_3": {
          "meanserv": 2.16698583006505,
          "stddevserv": 2.16698583006505,
          "rate": 0.4614704840824831,
          "cv": 1.0,
          "lambda": 0.225
        },
        "MS4_4": {
          "meanserv": 0.29004069236660435,
          "stddevserv": 0.29004069236660435,
          "rate": 3.447792073037891,
          "cv": 1.0,
          "lambda": 0.225
        },
        "MS4_5": {
          "meanserv": 1.6315570510407316,
          "stddevserv": 1.6315570510407316,
          "rate": 0.6129114512803114,
          "cv": 1.0,
          "lambda": 0.225
        },
        "MS4_6": {
          "meanserv": 0.014768037766537567,
          "stddevserv": 0.014768037766537567,
          "rate": 67.71380299865352,
          "cv": 1.0,
          "lambda": 0.225
        },
        "MS4_7": {
          "meanserv": 0.8491626782081498,
          "stddevserv": 0.8491626782081498,
          "rate": 1.177630653893242,
          "cv": 1.0,
          "lambda": 0.225
        },
        "MS4_8": {
          "meanserv": 1.015210126014951,
          "stddevserv": 1.015210126014951,
          "rate": 0.9850177558072081,
          "cv": 1.0,
          "lambda": 0.225
        },
        "MS4_9": {
          "meanserv": 0.7861117013674779,
          "stddevserv": 0.7861117013674779,
          "rate": 1.2720838505017207,
          "cv": 1.0,
          "lambda": 0.225
        },
        "MS4_10": {
          "meanserv": 0.13140171961791225,
          "stddevserv": 0.13140171961791225,
          "rate": 7.610250481559781,
          "cv": 1.0,
          "lambda": 0.225
        }
      },
      "sensors": [
        "S4"
      ],
      "sources": [
        {
          "startTime": 0,
          "stopTime": -1,
          "lambda": 0.225
        }
      ]
    }
  },
  "microservice": {
    "MS1_1": "F13",
    "MS1_2": "F13",
    "MS1_3": "F13",
    "MS1_4": "F5",
    "MS1_5": "F13",
    "MS1_6": "F14",
    "MS1_7": "F14",
    "MS1_8": "F8",
    "MS1_9": "F3",
    "MS1_10": "F9",
    "MS2_1": "F13",
    "MS2_2": "F13",
    "MS2_3": "F14",
    "MS2_4": "F14",
    "MS2_5": "F1",
    "MS2_6": "F12",
    "MS2_7": "F12",
    "MS2_8": "F9",
    "MS2_9": "F12",
    "MS2_10": "F12",
    "MS3_1": "F10",
    "MS3_2": "F2",
    "MS3_3": "F10",
    "MS3_4": "F10",
    "MS3_5": "F15",
    "MS3_6": "F15",
    "MS3_7": "F12",
    "MS3_8": "F7",
    "MS3_9": "F15",
    "MS3_10": "F15",
    "MS4_1": "F4",
    "MS4_2": "F14",
    "MS4_3": "F6",
    "MS4_4": "F8",
    "MS4_5": "F8",
    "MS4_6": "F11",
    "MS4_7": "F11",
    "MS4_8": "F11",
    "MS4_9": "F10",
    "MS4_10": "F10"
  },
  "sensor": {
    "S1": "F13",
    "S2": "F13",
    "S3": "F10",
    "S4": "F4"
  },
  "fog": {
    "F1": {
      "rho": 1.0497235913659066,
      "capacity": 1.0,
      "tserv": 4.665438183848474,
      "stddev": 4.665438183848474,
      "mu": 0.21434213906465477,
      "cv": 1.0,
      "lambda": 0.225,
      "twait": 4892.523105119403
    },
    "F2": {
      "rho": 0.7215831662072416,
      "capacity": 1.0,
      "tserv": 3.207036294254407,
      "stddev": 3.207036294254407,
      "mu": 0.3118143694823655,
      "cv": 1.0,
      "lambda": 0.225,
      "twait": 8.31179412474816
    },
    "F3": {
      "rho": 0.6957652546458412,
      "capacity": 1.0,
      "tserv": 3.092290020648183,
      "stddev": 3.092290020648183,
      "mu": 0.32338493263008605,
      "cv": 1.0,
      "lambda": 0.225,
      "twait": 7.071867978624571
    },
    "F4": {
      "rho": 0.6583647549133371,
      "capacity": 1.0,
      "tserv": 2.926065577392609,
      "stddev": 2.926065577392609,
      "mu": 0.3417558402402898,
      "cv": 1.0,
      "lambda": 0.225,
      "twait": 5.638816469980319
    },
    "F5": {
      "rho": 0.6242340788123163,
      "capacity": 1.0,
      "tserv": 2.774373683610295,
      "stddev": 2.774373683610294,
      "mu": 0.3604417119105236,
      "cv": 0.9999999999999997,
      "lambda": 0.225,
      "twait": 4.608876172686755
    },
    "F6": {
      "rho": 0.4875718117646362,
      "capacity": 1.0,
      "tserv": 2.16698583006505,
      "stddev": 2.16698583006505,
      "mu": 0.4614704840824831,
      "cv": 1.0,
      "lambda": 0.225,
      "twait": 2.0618717539165123
    },
    "F7": {
      "rho": 0.44614416423231723,
      "capacity": 1.0,
      "tserv": 1.9828629521436323,
      "stddev": 1.982862952143632,
      "mu": 0.5043212890325681,
      "cv": 0.9999999999999999,
      "lambda": 0.225,
      "twait": 1.5972436822754956
    },
    "F8": {
      "rho": 0.5556967557318875,
      "capacity": 1.0,
      "tserv": 0.8232544529361295,
      "stddev": 1.1633187337723323,
      "mu": 1.2146912736803415,
      "cv": 1.4130731144221165,
      "lambda": 0.675,
      "twait": 1.542825106341625
    },
    "F9": {
      "rho": 0.48712224229515355,
      "capacity": 1.0,
      "tserv": 1.0824938717670078,
      "stddev": 1.2581583104265648,
      "mu": 0.9237927586302646,
      "cv": 1.162277536382549,
      "lambda": 0.45,
      "twait": 1.2085139916929724
    },
    "F10": {
      "rho": 0.5558118405583344,
      "capacity": 1.0,
      "tserv": 0.49405496938518617,
      "stddev": 0.7417920156508546,
      "mu": 2.024066271905784,
      "cv": 1.5014361996479022,
      "lambda": 1.125,
      "twait": 1.0059238429363282
    },
    "F11": {
      "rho": 0.4228066894476687,
      "capacity": 1.0,
      "tserv": 0.6263802806632128,
      "stddev": 0.880688580963334,
      "mu": 1.596474267901917,
      "cv": 1.405996657543017,
      "lambda": 0.675,
      "twait": 0.6829394178871931
    },
    "F12": {
      "rho": 0.5703266591237466,
      "capacity": 1.0,
      "tserv": 0.5069570303322192,
      "stddev": 0.7305209439970275,
      "mu": 1.9725537672190478,
      "cv": 1.4409918401137516,
      "lambda": 1.125,
      "twait": 1.0350881479349732
    },
    "F13": {
      "rho": 0.5206150837404759,
      "capacity": 1.0,
      "tserv": 0.3856408027707229,
      "stddev": 0.6547649933908471,
      "mu": 2.593086604983901,
      "cv": 1.6978623337741783,
      "lambda": 1.35,
      "twait": 0.8130612872431963
    },
    "F14": {
      "rho": 0.6152923201568561,
      "capacity": 1.0,
      "tserv": 0.5469265068060943,
      "stddev": 0.6969819428435272,
      "mu": 1.8283992228494002,
      "cv": 1.27436124263517,
      "lambda": 1.125,
      "twait": 1.1476590315525035
    },
    "F15": {
      "rho": 0.5889415870042811,
      "capacity": 1.0,
      "tserv": 0.6543795411158678,
      "stddev": 0.7027267087457814,
      "mu": 1.5281651353200463,
      "cv": 1.0738824559635078,
      "lambda": 0.9,
      "twait": 1.009386553928487
    }
  },
  "extra": {
    "deltatime": 0.0892768,
    "obj_func": 1253.5017310449534
  },
  "network": [
    [
      0.0,
      0.909455541773649,
      0.712177507317382,
      0.9532693998106018,
      0.8990461130280059,
      0.9965885729981582,
      0.9214818137427261,
      0.9181241828871736,
      0.8788630972310486,
      1.026378785436829,
      1.0346201447344971,
      1.0032114147784825,
      1.335812428748474,
      1.063927590868134,
      1.063927590868134
    ],
    [
      0.909455541773649,
      0.0,
      0.8994818028034762,
      0.6440899343913482,
      0.9311856692804685,
      1.1523179131984755,
      1.2712477726289897,
      0.7992533975603635,
      0.9731120447755456,
      0.8478502427704454,
      1.179219603753887,
      1.0500751902454803,
      1.063927590868134,
      1.2172371635689994,
      1.2172371635689994
    ],
    [
      0.712177507317382,
      0.8994818028034762,
      0.0,
      0.9591604749371698,
      0.9937583232635634,
      1.0589878144167857,
      0.8825151347620545,
      0.8886682576660415,
      0.881481533416381,
      1.326568519631028,
      1.4330902012409497,
      1.335812428748474,
      1.2172371635689994,
      1.08968531016336,
      1.08968531016336
    ],
    [
      0.9532693998106018,
      0.6440899343913482,
      0.9591604749371698,
      0.0,
      1.2081686890418382,
      0.7974322549934103,
      0.8270085364749129,
      1.023038098578014,
      1.1038105818108506,
      1.0358404450073493,
      1.0032114147784825,
      1.063927590868134,
      1.08968531016336,
      0.5297836538170227,
      0.5297836538170227
    ],
    [
      0.8990461130280059,
      0.9311856692804685,
      0.9937583232635634,
      1.2081686890418382,
      0.0,
      0.966866093457613,
      0.9574039757841035,
      0.7080821661933154,
      0.8057268087603036,
      1.0346201447344971,
      1.0500751902454803,
      1.2172371635689994,
      0.5297836538170227,
      1.0958519160746194,
      1.0958519160746194
    ],
    [
      0.9965885729981582,
      1.1523179131984755,
      1.0589878144167857,
      0.7974322549934103,
      0.966866093457613,
      0.0,
      1.1669765423295313,
      0.4927883911099407,
      1.026378785436829,
      1.179219603753887,
      1.335812428748474,
      1.08968531016336,
      1.0958519160746194,
      0.8433198531821201,
      0.8433198531821201
    ],
    [
      0.9214818137427261,
      1.2712477726289897,
      0.8825151347620545,
      0.8270085364749129,
      0.9574039757841035,
      1.1669765423295313,
      0.0,
      0.8788630972310486,
      0.8478502427704454,
      1.4330902012409497,
      1.063927590868134,
      0.5297836538170227,
      0.8433198531821201,
      0.9255632201586831,
      0.9255632201586831
    ],
    [
      0.9181241828871736,
      0.7992533975603635,
      0.8886682576660415,
      1.023038098578014,
      0.7080821661933154,
      0.4927883911099407,
      0.8788630972310486,
      0.0,
      1.326568519631028,
      1.0032114147784825,
      1.2172371635689994,
      1.0958519160746194,
      0.9255632201586831,
      0.9308053407636427,
      0.9308053407636427
    ],
    [
      0.8788630972310486,
      0.9731120447755456,
      0.881481533416381,
      1.1038105818108506,
      0.8057268087603036,
      1.026378785436829,
      0.8478502427704454,
      1.326568519631028,
      0.0,
      1.0500751902454803,
      1.08968531016336,
      0.8433198531821201,
      0.9308053407636427,
      0.916253021794242,
      0.916253021794242
    ],
    [
      1.026378785436829,
      0.8478502427704454,
      1.326568519631028,
      1.0358404450073493,
      1.0346201447344971,
      1.179219603753887,
      1.4330902012409497,
      1.0032114147784825,
      1.0500751902454803,
      0.0,
      0.5297836538170227,
      0.9255632201586831,
      0.916253021794242,
      1.0725155721435273,
      1.0725155721435273
    ],
    [
      1.0346201447344971,
      1.179219603753887,
      1.4330902012409497,
      1.0032114147784825,
      1.0500751902454803,
      1.335812428748474,
      1.063927590868134,
      1.2172371635689994,
      1.08968531016336,
      0.5297836538170227,
      0.0,
      0.9308053407636427,
      1.0725155721435273,
      1.0881290010497335,
      1.0881290010497335
    ],
    [
      1.0032114147784825,
      1.0500751902454803,
      1.335812428748474,
      1.063927590868134,
      1.2172371635689994,
      1.08968531016336,
      0.5297836538170227,
      1.0958519160746194,
      0.8433198531821201,
      0.9255632201586831,
      0.9308053407636427,
      0.0,
      1.0881290010497335,
      1.0183453512948193,
      1.0183453512948193
    ],
    [
      1.335812428748474,
      1.063927590868134,
      1.2172371635689994,
      1.08968531016336,
      0.5297836538170227,
      1.0958519160746194,
      0.8433198531821201,
      0.9255632201586831,
      0.9308053407636427,
      0.916253021794242,
      1.0725155721435273,
      1.0881290010497335,
      0.0,
      0.9353180604361218,
      0.9353180604361218
    ],
    [
      1.063927590868134,
      1.2172371635689994,
      1.08968531016336,
      0.5297836538170227,
      1.0958519160746194,
      0.8433198531821201,
      0.9255632201586831,
      0.9308053407636427,
      0.916253021794242,
      1.0725155721435273,
      1.0881290010497335,
      1.0183453512948193,
      0.9353180604361218,
      0.0,
      0.8351423030716414
    ],
    [
      1.063927590868134,
      1.2172371635689994,
      1.08968531016336,
      0.5297836538170227,
      1.0958519160746194,
      0.8433198531821201,
      0.9255632201586831,
      0.9308053407636427,
      0.916253021794242,
      1.0725155721435273,
      1.0881290010497335,
      1.0183453512948193,
      0.9353180604361218,
      0.8351423030716414,
      0.0
    ]
  ]
}