{
  "servicechain": {
    "SC1": {
      "resptime": 38.008159111362275,
      "resptime_old": 28.008159111362275,
      "waittime": 24.024064004103344,
      "servicetime": 10.0,
      "networktime": 3.9840951072589297,
      "services": {
        "MS1_1": {
          "meanserv": 4.653221014386245,
          "stddevserv": 4.653221014386245,
          "rate": 0.21490490069315973,
          "cv": 1.0,
          "lambda": 0.15
        },
        "MS1_2": {
          "meanserv": 0.16607037301168415,
          "stddevserv": 0.16607037301168415,
          "rate": 6.0215436496288435,
          "cv": 1.0,
          "lambda": 0.15
        },
        "MS1_3": {
          "meanserv": 2.1528993565001846,
          "stddevserv": 2.1528993565001846,
          "rate": 0.46448989683643593,
          "cv": 1.0,
          "lambda": 0.15
        },
        "MS1_4": {
          "meanserv": 1.7537501575724477,
          "stddevserv": 1.7537501575724477,
          "rate": 0.5702066486963038,
          "cv": 1.0,
          "lambda": 0.15
        },
        "MS1_5": {
          "meanserv": 0.3274131469874284,
          "stddevserv": 0.3274131469874284,
          "rate": 3.0542451004216904,
          "cv": 1.0,
          "lambda": 0.15
        },
        "MS1_6": {
          "meanserv": 0.29715676144080483,
          "stddevserv": 0.29715676144080483,
          "rate": 3.3652271452662377,
          "cv": 1.0,
          "lambda": 0.15
        },
        "MS1_7": {
          "meanserv": 0.649489190101205,
          "stddevserv": 0.649489190101205,
          "rate": 1.539671506840903,
          "cv": 1.0,
          "lambda": 0.15
        }
      },
      "sensors": [
        "S1"
      ],
      "sources": [
        {
          "startTime": 0,
          "stopTime": -1,
          "lambda": 0.15
        }
      ]
    },
    "SC2": {
      "resptime": 34.12547989659489,
      "resptime_old": 24.125479896594886,
      "waittime": 19.841600015225865,
      "servicetime": 10.0,
      "networktime": 4.283879881369025,
      "services": {
        "MS2_1": {
          "meanserv": 3.92418642529051,
          "stddevserv": 3.92418642529051,
          "rate": 0.25482989124961597,
          "cv": 1.0,
          "lambda": 0.15
        },
        "MS2_2": {
          "meanserv": 0.8488286556010216,
          "stddevserv": 0.8488286556010216,
          "rate": 1.1780940633913213,
          "cv": 1.0,
          "lambda": 0.15
        },
        "MS2_3": {
          "meanserv": 1.1363469617057618,
          "stddevserv": 1.1363469617057618,
          "rate": 0.8800129130445402,
          "cv": 1.0,
          "lambda": 0.15
        },
        "MS2_4": {
          "meanserv": 1.2926895179099773,
          "stddevserv": 1.2926895179099773,
          "rate": 0.7735809613562905,
          "cv": 1.0,
          "lambda": 0.15
        },
        "MS2_5": {
          "meanserv": 2.1268110751906795,
          "stddevserv": 2.1268110751906795,
          "rate": 0.47018750826767486,
          "cv": 1.0,
          "lambda": 0.15
        },
        "MS2_6": {
          "meanserv": 0.5781874478830673,
          "stddevserv": 0.5781874478830673,
          "rate": 1.729542908033244,
          "cv": 1.0,
          "lambda": 0.15
        },
        "MS2_7": {
          "meanserv": 0.09294991641898243,
          "stddevserv": 0.09294991641898243,
          "rate": 10.758481971004526,
          "cv": 1.0,
          "lambda": 0.15
        }
      },
      "sensors": [
        "S2"
      ],
      "sources": [
        {
          "startTime": 0,
          "stopTime": -1,
          "lambda": 0.15
        }
      ]
    },
    "SC3": {
      "resptime": 32.340056795379965,
      "resptime_old": 22.340056795379965,
      "waittime": 16.294777941299248,
      "servicetime": 10.0,
      "networktime": 6.045278854080717,
      "services": {
        "MS3_1": {
          "meanserv": 0.7512767449471314,
          "stddevserv": 0.7512767449471314,
          "rate": 1.331067421859799,
          "cv": 1.0,
          "lambda": 0.15
        },
        "MS3_2": {
          "meanserv": 1.2874860218875819,
          "stddevserv": 1.2874860218875819,
          "rate": 0.776707461673177,
          "cv": 1.0,
          "lambda": 0.15
        },
        "MS3_3": {
          "meanserv": 3.4542330433170365,
          "stddevserv": 3.4542330433170365,
          "rate": 0.28949986508140124,
          "cv": 1.0,
          "lambda": 0.15
        },
        "MS3_4": {
          "meanserv": 0.42568845562057867,
          "stddevserv": 0.42568845562057867,
          "rate": 2.3491358217412226,
          "cv": 1.0,
          "lambda": 0.15
        },
        "MS3_5": {
          "meanserv": 0.20344129664916277,
          "stddevserv": 0.20344129664916277,
          "rate": 4.915422858931701,
          "cv": 1.0,
          "lambda": 0.15
        },
        "MS3_6": {
          "meanserv": 1.5884891682353341,
          "stddevserv": 1.5884891682353341,
          "rate": 0.6295290015171513,
          "cv": 1.0,
          "lambda": 0.15
        },
        "MS3_7": {
          "meanserv": 2.2893852693431747,
          "stddevserv": 2.2893852693431747,
          "rate": 0.4367984774737807,
          "cv": 1.0,
          "lambda": 0.15
        }
      },
      "sensors": [
        "S3"
      ],
      "sources": [
        {
          "startTime": 0,
          "stopTime": -1,
          "lambda": 0.15
        }
      ]
    },
    "SC4": {
      "resptime": 34.738531825914805,
      "resptime_old": 24.73853182591481,
      "waittime": 20.707842071834115,
      "servicetime": 10.0,
      "networktime": 4.030689754080694,
      "services": {
        "MS4_1": {
          "meanserv": 1.2134231458733635,
          "stddevserv": 1.2134231458733635,
          "rate": 0.8241148221053985,
          "cv": 1.0,
          "lambda": 0.15
        },
        "MS4_2": {
          "meanserv": 0.40873341988554635,
          "stddevserv": 0.40873341988554635,
          "rate": 2.4465824210802736,
          "cv": 1.0,
          "lambda": 0.15
        },
        "MS4_3": {
          "meanserv": 4.263281228355023,
          "stddevserv": 4.263281228355023,
          "rate": 0.23456111535617546,
          "cv": 1.0,
          "lambda": 0.15
        },
        "MS4_4": {
          "meanserv": 2.253740594354456,
          "stddevserv": 2.253740594354456,
          "rate": 0.44370678795286655,
          "cv": 1.0,
          "lambda": 0.15
        },
        "MS4_5": {
          "meanserv": 0.011223002892307932,
          "stddevserv": 0.011223002892307932,
          "rate": 89.10271249109132,
          "cv": 1.0,
          "lambda": 0.15
        },
        "MS4_6": {
          "meanserv": 1.2973873413676262,
          "stddevserv": 1.2973873413676262,
          "rate": 0.7707798342982608,
          "cv": 1.0,
          "lambda": 0.15
        },
        "MS4_7": {
          "meanserv": 0.5522112672716766,
          "stddevserv": 0.5522112672716766,
          "rate": 1.81090111569205,
          "cv": 1.0,
          "lambda": 0.15
        }
      },
      "sensors": [
        "S4"
      ],
      "sources": [
        {
          "startTime": 0,
          "stopTime": -1,
          "lambda": 0.15
        }
      ]
    }
  },
  "microservice": {
    "MS1_1": "F1",
    "MS1_2": "F7",
    "MS1_3": "F7",
    "MS1_4": "F9",
    "MS1_5": "F9",
    "MS1_6": "F10",
    "MS1_7": "F10",
    "MS2_1": "F3",
    "MS2_2": "F6",
    "MS2_3": "F5",
    "MS2_4": "F8",
    "MS2_5": "F8",
    "MS2_6": "F8",
    "MS2_7": "F8",
    "MS3_1": "F9",
    "MS3_2": "F9",
    "MS3_3": "F4",
    "MS3_4": "F6",
    "MS3_5": "F6",
    "MS3_6": "F10",
    "MS3_7": "F5",
    "MS4_1": "F7",
    "MS4_2": "F7",
    "MS4_3": "F2",
    "MS4_4": "F6",
    "MS4_5": "F6",
    "MS4_6": "F10",
    "MS4_7": "F10"
  },
  "sensor": {
    "S1": "F1",
    "S2": "F3",
    "S3": "F9",
    "S4": "F7"
  },
  "fog": {
    "F1": {
      "rho": 0.6979831521579367,
      "capacity": 1.0,
      "tserv": 4.653221014386245,
      "stddev": 4.653221014386245,
      "mu": 0.21490490069315973,
      "cv": 1.0,
      "lambda": 0.15,
      "twait": 10.753936061895807
    },
    "F2": {
      "rho": 0.6394921842532534,
      "capacity": 1.0,
      "tserv": 4.263281228355023,
      "stddev": 4.263281228355023,
      "mu": 0.23456111535617546,
      "cv": 1.0,
      "lambda": 0.15,
      "twait": 7.562485210367456
    },
    "F3": {
      "rho": 0.5886279637935765,
      "capacity": 1.0,
      "tserv": 3.92418642529051,
      "stddev": 3.9241864252905105,
      "mu": 0.25482989124961597,
      "cv": 1.0000000000000002,
      "lambda": 0.15,
      "twait": 5.61507750105324
    },
    "F4": {
      "rho": 0.5181349564975554,
      "capacity": 1.0,
      "tserv": 3.4542330433170365,
      "stddev": 3.4542330433170365,
      "mu": 0.28949986508140124,
      "cv": 1.0,
      "lambda": 0.15,
      "twait": 3.714232671086901
    },
    "F5": {
      "rho": 0.5138598346573404,
      "capacity": 1.0,
      "tserv": 1.7128661155244682,
      "stddev": 1.8970131784338122,
      "mu": 0.5838167915965847,
      "cv": 1.1075081474496677,
      "lambda": 0.3,
      "twait": 2.01564377763116
    },
    "F6": {
      "rho": 0.561438300767629,
      "capacity": 1.0,
      "tserv": 0.7485844010235053,
      "stddev": 1.359652193437154,
      "mu": 1.3358547127521567,
      "cv": 1.8162977903068291,
      "lambda": 0.75,
      "twait": 2.0598863541812875
    },
    "F7": {
      "rho": 0.5911689442906166,
      "capacity": 1.0,
      "tserv": 0.9852815738176945,
      "stddev": 1.4765592077655314,
      "mu": 1.0149382943652094,
      "cv": 1.4986164838587932,
      "lambda": 0.6,
      "twait": 2.3122070814368847
    },
    "F8": {
      "rho": 0.613595693610406,
      "capacity": 1.0,
      "tserv": 1.0226594893506766,
      "stddev": 1.4909136609478635,
      "mu": 0.9778425863284523,
      "cv": 1.45787887021368,
      "lambda": 0.6,
      "twait": 2.5377480955900444
    },
    "F9": {
      "rho": 0.6179889107091884,
      "capacity": 1.0,
      "tserv": 1.0299815178486473,
      "stddev": 1.2812400504667847,
      "mu": 0.9708912079206328,
      "cv": 1.2439447002339892,
      "lambda": 0.6,
      "twait": 2.122271894551727
    },
    "F10": {
      "rho": 0.657710059262497,
      "capacity": 1.0,
      "tserv": 0.8769467456833294,
      "stddev": 1.113372964798514,
      "mu": 1.1403200991649565,
      "cv": 1.269601569626623,
      "lambda": 0.75,
      "twait": 2.2005849951151575
    }
  },
  "extra": {
    "deltatime": 0.0276791,
    "obj_func": 34.80305690731298
  },
  "network": [
    [
      0.0,
      1.3009086649392703,
      1.3964362156710353,
      1.494688066514968,
      1.7144934758264996,
      1.4247204926961374,
      1.2980381799256573,
      1.7808536922364737,
      1.3027651431370095,
      1.3027651431370095
    ],
    [
      1.3009086649392703,
      0.0,
      1.1522838803190585,
      1.5983178390788064,
      1.0620375797180506,
      1.224578251633621,
      1.6128924454720948,
      1.3027651431370095,
      1.428239068922288,
      1.428239068922288
    ],
    [
      1.3964362156710353,
      1.1522838803190585,
      0.0,
      2.1578266970187876,
      1.5238504096434324,
      1.0287291561690968,
      1.7808536922364737,
      1.428239068922288,
      1.2593218930429617,
      1.2593218930429617
    ],
    [
      1.494688066514968,
      1.5983178390788064,
      2.1578266970187876,
      0.0,
      1.7118023580183688,
      1.2980381799256573,
      1.3027651431370095,
      1.2593218930429617,
      1.642258279727833,
      1.642258279727833
    ],
    [
      1.7144934758264996,
      1.0620375797180506,
      1.5238504096434324,
      1.7118023580183688,
      0.0,
      1.6128924454720948,
      1.428239068922288,
      1.642258279727833,
      1.9117633374522485,
      1.9117633374522485
    ],
    [
      1.4247204926961374,
      1.224578251633621,
      1.0287291561690968,
      1.2980381799256573,
      1.6128924454720948,
      0.0,
      1.2593218930429617,
      1.9117633374522485,
      1.1932190569749777,
      1.1932190569749777
    ],
    [
      1.2980381799256573,
      1.6128924454720948,
      1.7808536922364737,
      1.3027651431370095,
      1.428239068922288,
      1.2593218930429617,
      0.0,
      1.1932190569749777,
      1.2033980301772957,
      1.2033980301772957
    ],
    [
      1.7808536922364737,
      1.3027651431370095,
      1.428239068922288,
      1.2593218930429617,
      1.642258279727833,
      1.9117633374522485,
      1.1932190569749777,
      0.0,
      1.1892889493817105,
      1.1892889493817105
    ],
    [
      1.3027651431370095,
      1.428239068922288,
      1.2593218930429617,
      1.642258279727833,
      1.9117633374522485,
      1.1932190569749777,
      1.2033980301772957,
      1.1892889493817105,
      0.0,
      1.482658897155977
    ],
    [
      1.3027651431370095,
      1.428239068922288,
      1.2593218930429617,
      1.642258279727833,
      1.9117633374522485,
      1.1932190569749777,
      1.2033980301772957,
      1.1892889493817105,
      1.482658897155977,
      0.0
    ]
  ]
}