{
  "servicechain": {
    "SC1": {
      "resptime": 26.50806719326163,
      "resptime_old": 16.50806719326163,
      "waittime": 11.508754292044044,
      "servicetime": 10.0,
      "networktime": 4.999312901217587,
      "services": {
        "MS1_1": {
          "meanserv": 1.6788212752087994,
          "stddevserv": 1.6788212752087994,
          "rate": 0.5956560205466942,
          "cv": 1.0,
          "lambda": 0.375
        },
        "MS1_2": {
          "meanserv": 0.036359667279495245,
          "stddevserv": 0.036359667279495245,
          "rate": 27.503001947543737,
          "cv": 1.0,
          "lambda": 0.375
        },
        "MS1_3": {
          "meanserv": 1.6667321735726102,
          "stddevserv": 1.6667321735726102,
          "rate": 0.5999764184407134,
          "cv": 1.0,
          "lambda": 0.375
        },
        "MS1_4": {
          "meanserv": 1.455858276209863,
          "stddevserv": 1.455858276209863,
          "rate": 0.6868800461837326,
          "cv": 1.0,
          "lambda": 0.375
        },
        "MS1_5": {
          "meanserv": 1.437537889600355,
          "stddevserv": 1.437537889600355,
          "rate": 0.6956338384082569,
          "cv": 1.0,
          "lambda": 0.375
        },
        "MS1_6": {
          "meanserv": 0.5683710681903014,
          "stddevserv": 0.5683710681903014,
          "rate": 1.759413974367149,
          "cv": 1.0,
          "lambda": 0.375
        },
        "MS1_7": {
          "meanserv": 0.36212595712760987,
          "stddevserv": 0.36212595712760987,
          "rate": 2.7614700916002253,
          "cv": 1.0,
          "lambda": 0.375
        },
        "MS1_8": {
          "meanserv": 0.6115550084405577,
          "stddevserv": 0.6115550084405577,
          "rate": 1.6351758814795132,
          "cv": 1.0,
          "lambda": 0.375
        },
        "MS1_9": {
          "meanserv": 1.3085794833728066,
          "stddevserv": 1.3085794833728066,
          "rate": 0.7641874358464978,
          "cv": 1.0,
          "lambda": 0.375
        },
        "MS1_10": {
          "meanserv": 0.8740592009976016,
          "stddevserv": 0.8740592009976016,
          "rate": 1.144087264179196,
          "cv": 1.0,
          "lambda": 0.375
        }
      },
      "sensors": [
        "S1"
      ],
      "sources": [
        {
          "startTime": 0,
          "stopTime": -1,
          "lambda": 0.375
        }
      ]
    },
    "SC2": {
      "resptime": 29026.18897219923,
      "resptime_old": 29016.18897219923,
      "waittime": 29010.92899869987,
      "servicetime": 10.0,
      "networktime": 5.259973499360728,
      "services": {
        "MS2_1": {
          "meanserv": 0.4323260447665689,
          "stddevserv": 0.4323260447665689,
          "rate": 2.3130690646684084,
          "cv": 1.0,
          "lambda": 0.375
        },
        "MS2_2": {
          "meanserv": 0.8401725316030328,
          "stddevserv": 0.8401725316030328,
          "rate": 1.1902317231105133,
          "cv": 1.0,
          "lambda": 0.375
        },
        "MS2_3": {
          "meanserv": 0.05836525573346241,
          "stddevserv": 0.05836525573346241,
          "rate": 17.13348099709726,
          "cv": 1.0,
          "lambda": 0.375
        },
        "MS2_4": {
          "meanserv": 1.6520100630202816,
          "stddevserv": 1.6520100630202816,
          "rate": 0.6053231892375724,
          "cv": 1.0,
          "lambda": 0.375
        },
        "MS2_5": {
          "meanserv": 0.2045965283397111,
          "stddevserv": 0.2045965283397111,
          "rate": 4.8876684668842705,
          "cv": 1.0,
          "lambda": 0.375
        },
        "MS2_6": {
          "meanserv": 0.06320456643489791,
          "stddevserv": 0.06320456643489791,
          "rate": 15.821641637713343,
          "cv": 1.0,
          "lambda": 0.375
        },
        "MS2_7": {
          "meanserv": 2.6269950226934977,
          "stddevserv": 2.6269950226934977,
          "rate": 0.38066307372546326,
          "cv": 1.0,
          "lambda": 0.375
        },
        "MS2_8": {
          "meanserv": 0.8440678847460079,
          "stddevserv": 0.8440678847460079,
          "rate": 1.1847388321152799,
          "cv": 1.0,
          "lambda": 0.375
        },
        "MS2_9": {
          "meanserv": 0.3507304313528907,
          "stddevserv": 0.3507304313528907,
          "rate": 2.8511925701532315,
          "cv": 1.0,
          "lambda": 0.375
        },
        "MS2_10": {
          "meanserv": 2.927531671309649,
          "stddevserv": 2.927531671309649,
          "rate": 0.34158469054329443,
          "cv": 1.0,
          "lambda": 0.375
        }
      },
      "sensors": [
        "S2"
      ],
      "sources": [
        {
          "startTime": 0,
          "stopTime": -1,
          "lambda": 0.375
        }
      ]
    },
    "SC3": {
      "resptime": 14532.883201741095,
      "resptime_old": 14522.883201741095,
      "waittime": 14518.31160899036,
      "servicetime": 10.0,
      "networktime": 4.571592750736249,
      "services": {
        "MS3_1": {
          "meanserv": 2.1893894214839538,
          "stddevserv": 2.1893894214839538,
          "rate": 0.45674834736444764,
          "cv": 1.0,
          "lambda": 0.375
        },
        "MS3_2": {
          "meanserv": 3.270011240172721,
          "stddevserv": 3.270011240172721,
          "rate": 0.3058093463761856,
          "cv": 1.0,
          "lambda": 0.375
        },
        "MS3_3": {
          "meanserv": 1.6929370331322469,
          "stddevserv": 1.6929370331322469,
          "rate": 0.59068942342753,
          "cv": 1.0,
          "lambda": 0.375
        },
        "MS3_4": {
          "meanserv": 0.1575875969633369,
          "stddevserv": 0.1575875969633369,
          "rate": 6.345677066404231,
          "cv": 1.0,
          "lambda": 0.375
        },
        "MS3_5": {
          "meanserv": 0.6974222185003454,
          "stddevserv": 0.6974222185003454,
          "rate": 1.4338516518018056,
          "cv": 1.0,
          "lambda": 0.375
        },
        "MS3_6": {
          "meanserv": 0.3637259480591055,
          "stddevserv": 0.3637259480591055,
          "rate": 2.7493226846644987,
          "cv": 1.0,
          "lambda": 0.375
        },
        "MS3_7": {
          "meanserv": 1.1575121544366525,
          "stddevserv": 1.1575121544366525,
          "rate": 0.8639218138376165,
          "cv": 1.0,
          "lambda": 0.375
        },
        "MS3_8": {
          "meanserv": 0.10675780079636077,
          "stddevserv": 0.10675780079636077,
          "rate": 9.366997002003517,
          "cv": 1.0,
          "lambda": 0.375
        },
        "MS3_9": {
          "meanserv": 0.05579441852207978,
          "stddevserv": 0.05579441852207978,
          "rate": 17.922939722084664,
          "cv": 1.0,
          "lambda": 0.375
        },
        "MS3_10": {
          "meanserv": 0.30886216793319754,
          "stddevserv": 0.30886216793319754,
          "rate": 3.237690153804417,
          "cv": 1.0,
          "lambda": 0.375
        }
      },
      "sensors": [
        "S3"
      ],
      "sources": [
        {
          "startTime": 0,
          "stopTime": -1,
          "lambda": 0.375
        }
      ]
    },
    "SC4": {
      "resptime": 14527.099318986964,
      "resptime_old": 14517.099318986966,
      "waittime": 14510.639348585726,
      "servicetime": 10.0,
      "networktime": 6.459970401238822,
      "services": {
        "MS4_1": {
          "meanserv": 0.02575921065617659,
          "stddevserv": 0.02575921065617659,
          "rate": 38.82106534037828,
          "cv": 1.0,
          "lambda": 0.375
        },
        "MS4_2": {
          "meanserv": 0.4119568359349479,
          "stddevserv": 0.4119568359349479,
          "rate": 2.4274387818579855,
          "cv": 1.0,
          "lambda": 0.375
        },
        "MS4_3": {
          "meanserv": 0.23676259497154017,
          "stddevserv": 0.23676259497154017,
          "rate": 4.223640140961472,
          "cv": 1.0,
          "lambda": 0.375
        },
        "MS4_4": {
          "meanserv": 3.619423502569985,
          "stddevserv": 3.619423502569985,
          "rate": 0.2762870935909949,
          "cv": 1.0,
          "lambda": 0.375
        },
        "MS4_5": {
          "meanserv": 0.12564465711098993,
          "stddevserv": 0.12564465711098993,
          "rate": 7.9589536315629905,
          "cv": 1.0,
          "lambda": 0.375
        },
        "MS4_6": {
          "meanserv": 1.8662901083164023,
          "stddevserv": 1.8662901083164023,
          "rate": 0.5358223759231673,
          "cv": 1.0,
          "lambda": 0.375
        },
        "MS4_7": {
          "meanserv": 0.8063907027795354,
          "stddevserv": 0.8063907027795354,
          "rate": 1.240093662480378,
          "cv": 1.0,
          "lambda": 0.375
        },
        "MS4_8": {
          "meanserv": 1.493031619568244,
          "stddevserv": 1.493031619568244,
          "rate": 0.6697781794394821,
          "cv": 1.0,
          "lambda": 0.375
        },
        "MS4_9": {
          "meanserv": 0.9085352226850212,
          "stddevserv": 0.9085352226850212,
          "rate": 1.1006727917985064,
          "cv": 1.0,
          "lambda": 0.375
        },
        "MS4_10": {
          "meanserv": 0.5062055454071572,
          "stddevserv": 0.5062055454071572,
          "rate": 1.9754821121046158,
          "cv": 1.0,
          "lambda": 0.375
        }
      },
      "sensors": [
        "S4"
      ],
      "sources": [
        {
          "startTime": 0,
          "stopTime": -1,
          "lambda": 0.375
        }
      ]
    }
  },
  "microservice": {
    "MS1_1": "F3",
    "MS1_2": "F25",
    "MS1_3": "F4",
    "MS1_4": "F23",
    "MS1_5": "F20",
    "MS1_6": "F13",
    "MS1_7": "F13",
    "MS1_8": "F15",
    "MS1_9": "F8",
    "MS1_10": "F14",
    "MS2_1": "F24",
    "MS2_2": "F10",
    "MS2_3": "F10",
    "MS2_4": "F5",
    "MS2_5": "F15",
    "MS2_6": "F15",
    "MS2_7": "F1",
    "MS2_8": "F16",
    "MS2_9": "F16",
    "MS2_10": "F1",
    "MS3_1": "F17",
    "MS3_2": "F1",
    "MS3_3": "F6",
    "MS3_4": "F12",
    "MS3_5": "F12",
    "MS3_6": "F12",
    "MS3_7": "F9",
    "MS3_8": "F21",
    "MS3_9": "F22",
    "MS3_10": "F22",
    "MS4_1": "F21",
    "MS4_2": "F21",
    "MS4_3": "F21",
    "MS4_4": "F1",
    "MS4_5": "F21",
    "MS4_6": "F2",
    "MS4_7": "F18",
    "MS4_8": "F7",
    "MS4_9": "F11",
    "MS4_10": "F19"
  },
  "sensor": {
    "S1": "F3",
    "S2": "F24",
    "S3": "F17",
    "S4": "F21"
  },
  "fog": {
    "F1": {
      "rho": 4.666485538779694,
      "capacity": 1.0,
      "tserv": 3.110990359186463,
      "stddev": 3.1550136693592283,
      "mu": 0.32144104755808506,
      "cv": 1.0141508989389083,
      "lambda": 1.5,
      "twait": 14502.874130904238
    },
    "F2": {
      "rho": 0.699858790618651,
      "capacity": 1.0,
      "tserv": 1.8662901083164023,
      "stddev": 1.8662901083164023,
      "mu": 0.5358223759231673,
      "cv": 1.0,
      "lambda": 0.375,
      "twait": 4.35175010070121
    },
    "F3": {
      "rho": 0.6295579782033,
      "capacity": 1.0,
      "tserv": 1.6788212752087996,
      "stddev": 1.6788212752087992,
      "mu": 0.5956560205466941,
      "cv": 0.9999999999999998,
      "lambda": 0.375,
      "twait": 2.8531194238141175
    },
    "F4": {
      "rho": 0.6250245650897288,
      "capacity": 1.0,
      "tserv": 1.6667321735726102,
      "stddev": 1.6667321735726102,
      "mu": 0.5999764184407134,
      "cv": 1.0,
      "lambda": 0.375,
      "twait": 2.778178128275421
    },
    "F5": {
      "rho": 0.6195037736326057,
      "capacity": 1.0,
      "tserv": 1.6520100630202819,
      "stddev": 1.6520100630202814,
      "mu": 0.6053231892375724,
      "cv": 0.9999999999999998,
      "lambda": 0.375,
      "twait": 2.6897151593086157
    },
    "F6": {
      "rho": 0.6348513874245926,
      "capacity": 1.0,
      "tserv": 1.6929370331322469,
      "stddev": 1.6929370331322469,
      "mu": 0.59068942342753,
      "cv": 1.0,
      "lambda": 0.375,
      "twait": 2.9433589155005464
    },
    "F7": {
      "rho": 0.5598868573380915,
      "capacity": 1.0,
      "tserv": 1.493031619568244,
      "stddev": 1.493031619568244,
      "mu": 0.6697781794394821,
      "cv": 1.0,
      "lambda": 0.375,
      "twait": 1.8993497361395981
    },
    "F8": {
      "rho": 0.49071730626480253,
      "capacity": 1.0,
      "tserv": 1.3085794833728066,
      "stddev": 1.3085794833728066,
      "mu": 0.7641874358464978,
      "cv": 1.0,
      "lambda": 0.375,
      "twait": 1.2608765367707033
    },
    "F9": {
      "rho": 0.43406705791374467,
      "capacity": 1.0,
      "tserv": 1.1575121544366525,
      "stddev": 1.1575121544366525,
      "mu": 0.8639218138376165,
      "cv": 1.0,
      "lambda": 0.375,
      "twait": 0.88780464611855
    },
    "F10": {
      "rho": 0.3369516702511858,
      "capacity": 1.0,
      "tserv": 0.4492688936682477,
      "stddev": 0.7123579487302647,
      "mu": 2.22583849915598,
      "cv": 1.585593747463605,
      "lambda": 0.75,
      "twait": 0.4011564961292799
    },
    "F11": {
      "rho": 0.34070070850688294,
      "capacity": 1.0,
      "tserv": 0.9085352226850212,
      "stddev": 0.9085352226850212,
      "mu": 1.1006727917985064,
      "cv": 1.0,
      "lambda": 0.375,
      "twait": 0.4694963244556693
    },
    "F12": {
      "rho": 0.4570259113210454,
      "capacity": 1.0,
      "tserv": 0.4062452545075959,
      "stddev": 0.5137933155470239,
      "mu": 2.4615672156271358,
      "cv": 1.264736781158922,
      "lambda": 1.125,
      "twait": 0.4444467380790278
    },
    "F13": {
      "rho": 0.3489363844942167,
      "capacity": 1.0,
      "tserv": 0.4652485126589556,
      "stddev": 0.48757020156076125,
      "mu": 2.149388923964249,
      "cv": 1.0479779908897167,
      "lambda": 0.75,
      "twait": 0.26159936746073853
    },
    "F14": {
      "rho": 0.3277722003741006,
      "capacity": 1.0,
      "tserv": 0.8740592009976016,
      "stddev": 0.8740592009976015,
      "mu": 1.144087264179196,
      "cv": 0.9999999999999999,
      "lambda": 0.375,
      "twait": 0.4261833677923579
    },
    "F15": {
      "rho": 0.3297585387056875,
      "capacity": 1.0,
      "tserv": 0.2931187010717222,
      "stddev": 0.44043631821082124,
      "mu": 3.4115871704661838,
      "cv": 1.5025868926153993,
      "lambda": 1.125,
      "twait": 0.23490829940871055
    },
    "F16": {
      "rho": 0.448049368537087,
      "capacity": 1.0,
      "tserv": 0.5973991580494493,
      "stddev": 0.6917923644406563,
      "mu": 1.6739226805492513,
      "cv": 1.158006929068008,
      "lambda": 0.75,
      "twait": 0.5676203508379728
    },
    "F17": {
      "rho": 0.8210210330564827,
      "capacity": 1.0,
      "tserv": 2.1893894214839538,
      "stddev": 2.1893894214839538,
      "mu": 0.45674834736444764,
      "cv": 1.0,
      "lambda": 0.375,
      "twait": 10.043273772816901
    },
    "F18": {
      "rho": 0.3023965135423258,
      "capacity": 1.0,
      "tserv": 0.8063907027795354,
      "stddev": 0.8063907027795354,
      "mu": 1.240093662480378,
      "cv": 1.0,
      "lambda": 0.375,
      "twait": 0.349553495369855
    },
    "F19": {
      "rho": 0.18982707952768396,
      "capacity": 1.0,
      "tserv": 0.5062055454071572,
      "stddev": 0.5062055454071572,
      "mu": 1.9754821121046158,
      "cv": 1.0,
      "lambda": 0.375,
      "twait": 0.11860618628099723
    },
    "F20": {
      "rho": 0.5390767086001331,
      "capacity": 1.0,
      "tserv": 1.437537889600355,
      "stddev": 1.437537889600355,
      "mu": 0.6956338384082569,
      "cv": 1.0,
      "lambda": 0.375,
      "twait": 1.6812845184285792
    },
    "F21": {
      "rho": 0.34008041230125574,
      "capacity": 1.0,
      "tserv": 0.18137621989400307,
      "stddev": 0.26181594528877705,
      "mu": 5.513401925480659,
      "cv": 1.4434965368766823,
      "lambda": 1.875,
      "twait": 0.1441154596353691
    },
    "F22": {
      "rho": 0.136746219920729,
      "capacity": 1.0,
      "tserv": 0.18232829322763866,
      "stddev": 0.25547064294612787,
      "mu": 5.484612301786263,
      "cv": 1.401157431047579,
      "lambda": 0.75,
      "twait": 0.04279253890563583
    },
    "F23": {
      "rho": 0.5459468535786987,
      "capacity": 1.0,
      "tserv": 1.455858276209863,
      "stddev": 1.455858276209863,
      "mu": 0.6868800461837326,
      "cv": 1.0,
      "lambda": 0.375,
      "twait": 1.750502670046016
    },
    "F24": {
      "rho": 0.16212226678746333,
      "capacity": 1.0,
      "tserv": 0.4323260447665689,
      "stddev": 0.4323260447665689,
      "mu": 2.3130690646684084,
      "cv": 1.0,
      "lambda": 0.375,
      "twait": 0.08365143933361396
    },
    "F25": {
      "rho": 0.013634875229810717,
      "capacity": 1.0,
      "tserv": 0.036359667279495245,
      "stddev": 0.036359667279495245,
      "mu": 27.503001947543737,
      "cv": 1.0,
      "lambda": 0.375,
      "twait": 0.0005026125866614097
    }
  },
  "extra": {
    "deltatime": 0.1931791,
    "obj_func": 14528.169890030138
  },
  "network": [
    [
      0.0,
      0.878230335960656,
      0.9078922823463178,
      1.1267465771534284,
      0.8759632115948486,
      0.7904345359420657,
      1.0688911771039369,
      1.1780921536256987,
      1.0367235422193886,
      1.0025335575537582,
      0.9591417174818405,
      1.1782808164721255,
      0.9800973252571182,
      0.9543617849923077,
      1.3080201032082914,
      0.917620665581455,
      0.7003445383988575,
      1.1191982585088869,
      0.9987291320928887,
      1.153989518791715,
      0.9365964424991642,
      0.9911846872643635,
      0.9398457656146657,
      1.5102947777281717,
      1.5102947777281717
    ],
    [
      0.878230335960656,
      0.0,
      1.2475499427050258,
      1.267043255973494,
      0.860363586714554,
      1.1388260119769054,
      0.9433078370055955,
      1.350037879508683,
      1.02227020560955,
      0.8403033829893536,
      0.798450415289496,
      1.0404843598809095,
      1.0987082872606642,
      1.1097183294014348,
      1.099540424755041,
      0.9364986923503952,
      0.9553908217488809,
      0.9892136654495313,
      0.9380173505095578,
      1.2918739033623259,
      0.8858090678980288,
      1.1616598662380175,
      1.5102947777281717,
      1.3651259643963396,
      1.3651259643963396
    ],
    [
      0.9078922823463178,
      1.2475499427050258,
      0.0,
      0.9148022035649048,
      1.0828616452966495,
      1.0810815212397766,
      1.2746566587764572,
      0.958182457297392,
      0.9659005465266854,
      1.2196681564265934,
      1.3371421798090701,
      1.031878396313467,
      1.0725945709742357,
      1.0759958533415548,
      0.6980575342410408,
      1.335403413854813,
      0.85657556792184,
      1.1346633189883861,
      1.225478602302545,
      1.2757874198229626,
      0.6866872223370238,
      0.9398457656146657,
      1.3651259643963396,
      0.516720287102981,
      0.516720287102981
    ],
    [
      1.1267465771534284,
      1.267043255973494,
      0.9148022035649048,
      0.0,
      1.084051760736621,
      0.816433514918478,
      0.8402101266864738,
      1.2438798434881044,
      0.8415275169803543,
      1.0042326197520257,
      0.7088870477715913,
      0.7279557218428084,
      0.7175522231608201,
      0.9706794847894954,
      0.6792043540003825,
      0.7320644515427533,
      0.9575451975436589,
      0.8486148832016392,
      0.7138191265585215,
      1.099839726396229,
      0.9911846872643635,
      1.5102947777281717,
      0.516720287102981,
      1.0738261463497532,
      1.0738261463497532
    ],
    [
      0.8759632115948486,
      0.860363586714554,
      1.0828616452966495,
      1.084051760736621,
      0.0,
      1.373231882799366,
      1.0021774285508114,
      0.9384124889257779,
      0.890497464170665,
      0.6648743541355266,
      1.0758512103112337,
      0.8919229826053174,
      1.1325968513906228,
      1.2718860693513452,
      0.6673791350147594,
      0.8637574124249694,
      1.1499605767688417,
      1.1569399658957653,
      1.036093662422803,
      0.9365964424991642,
      1.1616598662380175,
      1.3651259643963396,
      1.0738261463497532,
      1.0798473516388456,
      1.0798473516388456
    ],
    [
      0.7904345359420657,
      1.1388260119769054,
      1.0810815212397766,
      0.816433514918478,
      1.373231882799366,
      0.0,
      1.189491058371779,
      0.47379734842118826,
      1.275267558298687,
      0.7494781564539519,
      0.8827423904657247,
      0.896041593664702,
      0.9360251552041537,
      0.8395759812331098,
      0.9931427284215744,
      0.9900919613457224,
      0.8624590122817455,
      1.074860625389556,
      1.153989518791715,
      0.8858090678980288,
      0.9398457656146657,
      0.516720287102981,
      1.0798473516388456,
      0.8221012618773184,
      0.8221012618773184
    ],
    [
      1.0688911771039369,
      0.9433078370055955,
      1.2746566587764572,
      0.8402101266864738,
      1.0021774285508114,
      1.189491058371779,
      0.0,
      0.40417426660290495,
      0.9849156681771359,
      1.1163439037467158,
      0.8272165829020164,
      1.1041060515292893,
      1.1653575297401921,
      0.8905088640493478,
      1.179908191313076,
      1.1332869599308635,
      1.0868250520927063,
      0.9987291320928887,
      1.2918739033623259,
      0.6866872223370238,
      1.5102947777281717,
      1.0738261463497532,
      0.8221012618773184,
      1.048618670166067,
      1.048618670166067
    ],
    [
      1.1780921536256987,
      1.350037879508683,
      0.958182457297392,
      1.2438798434881044,
      0.9384124889257779,
      0.47379734842118826,
      0.40417426660290495,
      0.0,
      1.1834007224736103,
      1.2535310647244209,
      0.916311555702392,
      1.065721005730316,
      1.0712046484712763,
      0.34554381450345084,
      0.6389423802052453,
      1.0488991834089993,
      1.1191982585088869,
      0.9380173505095578,
      1.2757874198229626,
      0.9911846872643635,
      1.3651259643963396,
      1.0798473516388456,
      1.048618670166067,
      0.8875841607746856,
      0.8875841607746856
    ],
    [
      1.0367235422193886,
      1.02227020560955,
      0.9659005465266854,
      0.8415275169803543,
      0.890497464170665,
      1.275267558298687,
      0.9849156681771359,
      1.1834007224736103,
      0.0,
      0.8105615939911709,
      0.5872292023643729,
      0.70872927904434,
      0.6173236402001069,
      0.9173679008011055,
      0.9349836830498038,
      0.7003445383988575,
      0.9892136654495313,
      1.225478602302545,
      1.099839726396229,
      1.1616598662380175,
      0.516720287102981,
      0.8221012618773184,
      0.8875841607746856,
      0.9817522531437668,
      0.9817522531437668
    ],
    [
      1.0025335575537582,
      0.8403033829893536,
      1.2196681564265934,
      1.0042326197520257,
      0.6648743541355266,
      0.7494781564539519,
      1.1163439037467158,
      1.2535310647244209,
      0.8105615939911709,
      0.0,
      0.8007407631583826,
      0.7838981309503706,
      1.3399314557164244,
      0.9695872970705298,
      0.917620665581455,
      0.9553908217488809,
      1.1346633189883861,
      0.7138191265585215,
      0.9365964424991642,
      0.9398457656146657,
      1.0738261463497532,
      1.048618670166067,
      0.9817522531437668,
      0.7844585758392402,
      0.7844585758392402
    ],
    [
      0.9591417174818405,
      0.798450415289496,
      1.3371421798090701,
      0.7088870477715913,
      1.0758512103112337,
      0.8827423904657247,
      0.8272165829020164,
      0.916311555702392,
      0.5872292023643729,
      0.8007407631583826,
      0.0,
      0.8222305090619092,
      1.0911845095915584,
      1.3080201032082914,
      0.9364986923503952,
      0.85657556792184,
      0.8486148832016392,
      1.036093662422803,
      0.8858090678980288,
      1.5102947777281717,
      1.0798473516388456,
      0.8875841607746856,
      0.7844585758392402,
      1.0859011694551337,
      1.0859011694551337
    ],
    [
      1.1782808164721255,
      1.0404843598809095,
      1.031878396313467,
      0.7279557218428084,
      0.8919229826053174,
      0.896041593664702,
      1.1041060515292893,
      1.065721005730316,
      0.70872927904434,
      0.7838981309503706,
      0.8222305090619092,
      0.0,
      0.9543617849923077,
      1.099540424755041,
      1.335403413854813,
      0.9575451975436589,
      1.1569399658957653,
      1.153989518791715,
      0.6866872223370238,
      1.3651259643963396,
      0.8221012618773184,
      0.9817522531437668,
      1.0859011694551337,
      0.903455255317212,
      0.903455255317212
    ],
    [
      0.9800973252571182,
      1.0987082872606642,
      1.0725945709742357,
      0.7175522231608201,
      1.1325968513906228,
      0.9360251552041537,
      1.1653575297401921,
      1.0712046484712763,
      0.6173236402001069,
      1.3399314557164244,
      1.0911845095915584,
      0.9543617849923077,
      0.0,
      0.6980575342410408,
      0.7320644515427533,
      1.1499605767688417,
      1.074860625389556,
      1.2918739033623259,
      0.9911846872643635,
      0.516720287102981,
      1.048618670166067,
      0.7844585758392402,
      0.903455255317212,
      0.9954602053791994,
      0.9954602053791994
    ],
    [
      0.9543617849923077,
      1.1097183294014348,
      1.0759958533415548,
      0.9706794847894954,
      1.2718860693513452,
      0.8395759812331098,
      0.8905088640493478,
      0.34554381450345084,
      0.9173679008011055,
      0.9695872970705298,
      1.3080201032082914,
      1.099540424755041,
      0.6980575342410408,
      0.0,
      0.8637574124249694,
      0.8624590122817455,
      0.9987291320928887,
      1.2757874198229626,
      1.1616598662380175,
      1.0738261463497532,
      0.8875841607746856,
      1.0859011694551337,
      0.9954602053791994,
      1.0599524951873625,
      1.0599524951873625
    ],
    [
      1.3080201032082914,
      1.099540424755041,
      0.6980575342410408,
      0.6792043540003825,
      0.6673791350147594,
      0.9931427284215744,
      1.179908191313076,
      0.6389423802052453,
      0.9349836830498038,
      0.917620665581455,
      0.9364986923503952,
      1.335403413854813,
      0.7320644515427533,
      0.8637574124249694,
      0.0,
      1.0868250520927063,
      0.9380173505095578,
      1.099839726396229,
      0.9398457656146657,
      1.0798473516388456,
      0.9817522531437668,
      0.903455255317212,
      1.0599524951873625,
      1.0826625679981479,
      1.0826625679981479
    ],
    [
      0.917620665581455,
      0.9364986923503952,
      1.335403413854813,
      0.7320644515427533,
      0.8637574124249694,
      0.9900919613457224,
      1.1332869599308635,
      1.0488991834089993,
      0.7003445383988575,
      0.9553908217488809,
      0.85657556792184,
      0.9575451975436589,
      1.1499605767688417,
      0.8624590122817455,
      1.0868250520927063,
      0.0,
      1.225478602302545,
      0.9365964424991642,
      1.5102947777281717,
      0.8221012618773184,
      0.7844585758392402,
      0.9954602053791994,
      1.0826625679981479,
      0.7495649026060841,
      0.7495649026060841
    ],
    [
      0.7003445383988575,
      0.9553908217488809,
      0.85657556792184,
      0.9575451975436589,
      1.1499605767688417,
      0.8624590122817455,
      1.0868250520927063,
      1.1191982585088869,
      0.9892136654495313,
      1.1346633189883861,
      0.8486148832016392,
      1.1569399658957653,
      1.074860625389556,
      0.9987291320928887,
      0.9380173505095578,
      1.225478602302545,
      0.0,
      0.8858090678980288,
      1.3651259643963396,
      1.048618670166067,
      1.0859011694551337,
      1.0599524951873625,
      0.7495649026060841,
      1.2875986071087107,
      1.2875986071087107
    ],
    [
      1.1191982585088869,
      0.9892136654495313,
      1.1346633189883861,
      0.8486148832016392,
      1.1569399658957653,
      1.074860625389556,
      0.9987291320928887,
      0.9380173505095578,
      1.225478602302545,
      0.7138191265585215,
      1.036093662422803,
      1.153989518791715,
      1.2918739033623259,
      1.2757874198229626,
      1.099839726396229,
      0.9365964424991642,
      0.8858090678980288,
      0.0,
      0.516720287102981,
      0.8875841607746856,
      0.903455255317212,
      1.0826625679981479,
      1.2875986071087107,
      0.9593225165833029,
      0.9593225165833029
    ],
    [
      0.9987291320928887,
      0.9380173505095578,
      1.225478602302545,
      0.7138191265585215,
      1.036093662422803,
      1.153989518791715,
      1.2918739033623259,
      1.2757874198229626,
      1.099839726396229,
      0.9365964424991642,
      0.8858090678980288,
      0.6866872223370238,
      0.9911846872643635,
      1.1616598662380175,
      0.9398457656146657,
      1.5102947777281717,
      1.3651259643963396,
      0.516720287102981,
      0.0,
      0.9817522531437668,
      0.9954602053791994,
      0.7495649026060841,
      0.9593225165833029,
      0.6587752473074419,
      0.6587752473074419
    ],
    [
      1.153989518791715,
      1.2918739033623259,
      1.2757874198229626,
      1.099839726396229,
      0.9365964424991642,
      0.8858090678980288,
      0.6866872223370238,
      0.9911846872643635,
      1.1616598662380175,
      0.9398457656146657,
      1.5102947777281717,
      1.3651259643963396,
      0.516720287102981,
      1.0738261463497532,
      1.0798473516388456,
      0.8221012618773184,
      1.048618670166067,
      0.8875841607746856,
      0.9817522531437668,
      0.0,
      1.0599524951873625,
      1.2875986071087107,
      0.6587752473074419,
      0.7934272647956266,
      0.7934272647956266
    ],
    [
      0.9365964424991642,
      0.8858090678980288,
      0.6866872223370238,
      0.9911846872643635,
      1.1616598662380175,
      0.9398457656146657,
      1.5102947777281717,
      1.3651259643963396,
      0.516720287102981,
      1.0738261463497532,
      1.0798473516388456,
      0.8221012618773184,
      1.048618670166067,
      0.8875841607746856,
      0.9817522531437668,
      0.7844585758392402,
      1.0859011694551337,
      0.903455255317212,
      0.9954602053791994,
      1.0599524951873625,
      0.0,
      0.9593225165833029,
      0.7934272647956266,
      0.9742521388148275,
      0.9742521388148275
    ],
    [
      0.9911846872643635,
      1.1616598662380175,
      0.9398457656146657,
      1.5102947777281717,
      1.3651259643963396,
      0.516720287102981,
      1.0738261463497532,
      1.0798473516388456,
      0.8221012618773184,
      1.048618670166067,
      0.8875841607746856,
      0.9817522531437668,
      0.7844585758392402,
      1.0859011694551337,
      0.903455255317212,
      0.9954602053791994,
      1.0599524951873625,
      1.0826625679981479,
      0.7495649026060841,
      1.2875986071087107,
      0.9593225165833029,
      0.0,
      0.9742521388148275,
      1.17141443164971,
      1.17141443164971
    ],
    [
      0.9398457656146657,
      1.5102947777281717,
      1.3651259643963396,
      0.516720287102981,
      1.0738261463497532,
      1.0798473516388456,
      0.8221012618773184,
      1.048618670166067,
      0.8875841607746856,
      0.9817522531437668,
      0.7844585758392402,
      1.0859011694551337,
      0.903455255317212,
      0.9954602053791994,
      1.0599524951873625,
      1.0826625679981479,
      0.7495649026060841,
      1.2875986071087107,
      0.9593225165833029,
      0.6587752473074419,
      0.7934272647956266,
      0.9742521388148275,
      0.0,
      1.0016380027632266,
      1.0016380027632266
    ],
    [
      1.5102947777281717,
      1.3651259643963396,
      0.516720287102981,
      1.0738261463497532,
      1.0798473516388456,
      0.8221012618773184,
      1.048618670166067,
      0.8875841607746856,
      0.9817522531437668,
      0.7844585758392402,
      1.0859011694551337,
      0.903455255317212,
      0.9954602053791994,
      1.0599524951873625,
      1.0826625679981479,
      0.7495649026060841,
      1.2875986071087107,
      0.9593225165833029,
      0.6587752473074419,
      0.7934272647956266,
      0.9742521388148275,
      1.17141443164971,
      1.0016380027632266,
      0.0,
      1.1031987041853015
    ],
    [
      1.5102947777281717,
      1.3651259643963396,
      0.516720287102981,
      1.0738261463497532,
      1.0798473516388456,
      0.8221012618773184,
      1.048618670166067,
      0.8875841607746856,
      0.9817522531437668,
      0.7844585758392402,
      1.0859011694551337,
      0.903455255317212,
      0.9954602053791994,
      1.0599524951873625,
      1.0826625679981479,
      0.7495649026060841,
      1.2875986071087107,
      0.9593225165833029,
      0.6587752473074419,
      0.7934272647956266,
      0.9742521388148275,
      1.17141443164971,
      1.0016380027632266,
      1.1031987041853015,
      0.0
    ]
  ]
}