{
  "servicechain": {
    "SC1": {
      "resptime": 39.52906498568238,
      "resptime_old": 29.529064985682375,
      "waittime": 24.35635785976984,
      "servicetime": 10.0,
      "networktime": 5.172707125912539,
      "services": {
        "MS1_1": {
          "meanserv": 0.8601419654654385,
          "stddevserv": 0.8601419654654385,
          "rate": 1.1625987803756113,
          "cv": 1.0,
          "lambda": 0.375
        },
        "MS1_2": {
          "meanserv": 0.41871757346725325,
          "stddevserv": 0.41871757346725325,
          "rate": 2.3882446387892227,
          "cv": 1.0,
          "lambda": 0.375
        },
        "MS1_3": {
          "meanserv": 0.7608036447921942,
          "stddevserv": 0.7608036447921942,
          "rate": 1.3143995915965148,
          "cv": 1.0,
          "lambda": 0.375
        },
        "MS1_4": {
          "meanserv": 2.3319884217637377,
          "stddevserv": 2.3319884217637377,
          "rate": 0.4288185956102117,
          "cv": 1.0,
          "lambda": 0.375
        },
        "MS1_5": {
          "meanserv": 1.0174530473398935,
          "stddevserv": 1.0174530473398935,
          "rate": 0.9828463363636051,
          "cv": 1.0,
          "lambda": 0.375
        },
        "MS1_6": {
          "meanserv": 0.6256201649449009,
          "stddevserv": 0.6256201649449009,
          "rate": 1.598413951519723,
          "cv": 1.0,
          "lambda": 0.375
        },
        "MS1_7": {
          "meanserv": 0.7916749424710972,
          "stddevserv": 0.7916749424710972,
          "rate": 1.2631446902672538,
          "cv": 1.0,
          "lambda": 0.375
        },
        "MS1_8": {
          "meanserv": 1.315261566036808,
          "stddevserv": 1.315261566036808,
          "rate": 0.7603050418429201,
          "cv": 1.0,
          "lambda": 0.375
        },
        "MS1_9": {
          "meanserv": 1.6780514958593056,
          "stddevserv": 1.6780514958593056,
          "rate": 0.5959292682421016,
          "cv": 1.0,
          "lambda": 0.375
        },
        "MS1_10": {
          "meanserv": 0.2002871778593711,
          "stddevserv": 0.2002871778593711,
          "rate": 4.9928308476248855,
          "cv": 1.0,
          "lambda": 0.375
        }
      },
      "sensors": [
        "S1"
      ],
      "sources": [
        {
          "startTime": 0,
          "stopTime": -1,
          "lambda": 0.375
        }
      ]
    },
    "SC2": {
      "resptime": 6405.544155546813,
      "resptime_old": 6395.544155546813,
      "waittime": 6391.434837926585,
      "servicetime": 10.0,
      "networktime": 4.1093176202285235,
      "services": {
        "MS2_1": {
          "meanserv": 0.20871358800214623,
          "stddevserv": 0.20871358800214623,
          "rate": 4.791254894193649,
          "cv": 1.0,
          "lambda": 0.375
        },
        "MS2_2": {
          "meanserv": 0.14098972230051077,
          "stddevserv": 0.14098972230051077,
          "rate": 7.092715580136845,
          "cv": 1.0,
          "lambda": 0.375
        },
        "MS2_3": {
          "meanserv": 0.178814717666419,
          "stddevserv": 0.178814717666419,
          "rate": 5.592380834476455,
          "cv": 1.0,
          "lambda": 0.375
        },
        "MS2_4": {
          "meanserv": 0.7608892512063337,
          "stddevserv": 0.7608892512063337,
          "rate": 1.314251710632755,
          "cv": 1.0,
          "lambda": 0.375
        },
        "MS2_5": {
          "meanserv": 0.908492825666054,
          "stddevserv": 0.908492825666054,
          "rate": 1.1007241573612407,
          "cv": 1.0,
          "lambda": 0.375
        },
        "MS2_6": {
          "meanserv": 1.4421525108977296,
          "stddevserv": 1.4421525108977296,
          "rate": 0.6934079387883235,
          "cv": 1.0,
          "lambda": 0.375
        },
        "MS2_7": {
          "meanserv": 0.2038260324713117,
          "stddevserv": 0.2038260324713117,
          "rate": 4.906144656182468,
          "cv": 1.0,
          "lambda": 0.375
        },
        "MS2_8": {
          "meanserv": 0.7771199077443676,
          "stddevserv": 0.7771199077443676,
          "rate": 1.2868027057787697,
          "cv": 1.0,
          "lambda": 0.375
        },
        "MS2_9": {
          "meanserv": 4.12810507816456,
          "stddevserv": 4.12810507816456,
          "rate": 0.2422418957524745,
          "cv": 1.0,
          "lambda": 0.375
        },
        "MS2_10": {
          "meanserv": 1.2508963658805676,
          "stddevserv": 1.2508963658805676,
          "rate": 0.7994267369192097,
          "cv": 1.0,
          "lambda": 0.375
        }
      },
      "sensors": [
        "S2"
      ],
      "sources": [
        {
          "startTime": 0,
          "stopTime": -1,
          "lambda": 0.375
        }
      ]
    },
    "SC3": {
      "resptime": 5962.752253629675,
      "resptime_old": 5952.752253629675,
      "waittime": 5949.2483953113215,
      "servicetime": 10.0,
      "networktime": 3.5038583183530942,
      "services": {
        "MS3_1": {
          "meanserv": 1.2926240507105868,
          "stddevserv": 1.2926240507105868,
          "rate": 0.7736201407132072,
          "cv": 1.0,
          "lambda": 0.375
        },
        "MS3_2": {
          "meanserv": 0.07950337496516302,
          "stddevserv": 0.07950337496516302,
          "rate": 12.578082382517502,
          "cv": 1.0,
          "lambda": 0.375
        },
        "MS3_3": {
          "meanserv": 1.1047438485213779,
          "stddevserv": 1.1047438485213779,
          "rate": 0.9051872081826297,
          "cv": 1.0,
          "lambda": 0.375
        },
        "MS3_4": {
          "meanserv": 0.5953774406266277,
          "stddevserv": 0.5953774406266277,
          "rate": 1.6796068036227774,
          "cv": 1.0,
          "lambda": 0.375
        },
        "MS3_5": {
          "meanserv": 0.3979867641942856,
          "stddevserv": 0.3979867641942856,
          "rate": 2.5126463741186855,
          "cv": 1.0,
          "lambda": 0.375
        },
        "MS3_6": {
          "meanserv": 3.9828695141541752,
          "stddevserv": 3.9828695141541752,
          "rate": 0.25107526029819377,
          "cv": 1.0,
          "lambda": 0.375
        },
        "MS3_7": {
          "meanserv": 0.4868187448822603,
          "stddevserv": 0.4868187448822603,
          "rate": 2.054152619455636,
          "cv": 1.0,
          "lambda": 0.375
        },
        "MS3_8": {
          "meanserv": 0.3641400934114074,
          "stddevserv": 0.3641400934114074,
          "rate": 2.7461958133519637,
          "cv": 1.0,
          "lambda": 0.375
        },
        "MS3_9": {
          "meanserv": 0.15674959332810268,
          "stddevserv": 0.15674959332810268,
          "rate": 6.379601878180542,
          "cv": 1.0,
          "lambda": 0.375
        },
        "MS3_10": {
          "meanserv": 1.5391865752060134,
          "stddevserv": 1.5391865752060134,
          "rate": 0.6496938162718541,
          "cv": 1.0,
          "lambda": 0.375
        }
      },
      "sensors": [
        "S3"
      ],
      "sources": [
        {
          "startTime": 0,
          "stopTime": -1,
          "lambda": 0.375
        }
      ]
    },
    "SC4": {
      "resptime": 4378.654599541331,
      "resptime_old": 4368.654599541331,
      "waittime": 4363.7274548555615,
      "servicetime": 10.0,
      "networktime": 4.927144685769291,
      "services": {
        "MS4_1": {
          "meanserv": 3.4098784674979243,
          "stddevserv": 3.4098784674979243,
          "rate": 0.2932655839590004,
          "cv": 1.0,
          "lambda": 0.375
        },
        "MS4_2": {
          "meanserv": 1.0602470761490994,
          "stddevserv": 1.0602470761490994,
          "rate": 0.9431763807659611,
          "cv": 1.0,
          "lambda": 0.375
        },
        "MS4_3": {
          "meanserv": 0.32393658817400794,
          "stddevserv": 0.32393658817400794,
          "rate": 3.087023931556732,
          "cv": 1.0,
          "lambda": 0.375
        },
        "MS4_4": {
          "meanserv": 0.4805785140620573,
          "stddevserv": 0.4805785140620573,
          "rate": 2.080825444207998,
          "cv": 1.0,
          "lambda": 0.375
        },
        "MS4_5": {
          "meanserv": 1.1110695113545797,
          "stddevserv": 1.1110695113545797,
          "rate": 0.9000336970644012,
          "cv": 1.0,
          "lambda": 0.375
        },
        "MS4_6": {
          "meanserv": 0.13140353056084653,
          "stddevserv": 0.13140353056084653,
          "rate": 7.610145600592893,
          "cv": 1.0,
          "lambda": 0.375
        },
        "MS4_7": {
          "meanserv": 0.5750281154463819,
          "stddevserv": 0.5750281154463819,
          "rate": 1.7390454016734844,
          "cv": 1.0,
          "lambda": 0.375
        },
        "MS4_8": {
          "meanserv": 1.8605854280032519,
          "stddevserv": 1.8605854280032519,
          "rate": 0.5374652434385573,
          "cv": 1.0,
          "lambda": 0.375
        },
        "MS4_9": {
          "meanserv": 0.9230269769742439,
          "stddevserv": 0.9230269769742439,
          "rate": 1.0833919538062473,
          "cv": 1.0,
          "lambda": 0.375
        },
        "MS4_10": {
          "meanserv": 0.1242457917776072,
          "stddevserv": 0.1242457917776072,
          "rate": 8.048562335132786,
          "cv": 1.0,
          "lambda": 0.375
        }
      },
      "sensors": [
        "S4"
      ],
      "sources": [
        {
          "startTime": 0,
          "stopTime": -1,
          "lambda": 0.375
        }
      ]
    }
  },
  "microservice": {
    "MS1_1": "F11",
    "MS1_2": "F10",
    "MS1_3": "F10",
    "MS1_4": "F15",
    "MS1_5": "F24",
    "MS1_6": "F21",
    "MS1_7": "F21",
    "MS1_8": "F23",
    "MS1_9": "F2",
    "MS1_10": "F13",
    "MS2_1": "F9",
    "MS2_2": "F9",
    "MS2_3": "F9",
    "MS2_4": "F5",
    "MS2_5": "F5",
    "MS2_6": "F16",
    "MS2_7": "F12",
    "MS2_8": "F12",
    "MS2_9": "F22",
    "MS2_10": "F18",
    "MS3_1": "F17",
    "MS3_2": "F7",
    "MS3_3": "F7",
    "MS3_4": "F14",
    "MS3_5": "F14",
    "MS3_6": "F8",
    "MS3_7": "F13",
    "MS3_8": "F13",
    "MS3_9": "F13",
    "MS3_10": "F20",
    "MS4_1": "F25",
    "MS4_2": "F1",
    "MS4_3": "F9",
    "MS4_4": "F9",
    "MS4_5": "F4",
    "MS4_6": "F19",
    "MS4_7": "F19",
    "MS4_8": "F3",
    "MS4_9": "F6",
    "MS4_10": "F6"
  },
  "sensor": {
    "S1": "F11",
    "S2": "F9",
    "S3": "F17",
    "S4": "F25"
  },
  "fog": {
    "F1": {
      "rho": 0.3975926535559123,
      "capacity": 1.0,
      "tserv": 1.0602470761490994,
      "stddev": 1.0602470761490994,
      "mu": 0.9431763807659611,
      "cv": 1.0,
      "lambda": 0.375,
      "twait": 0.6997697669514452
    },
    "F2": {
      "rho": 0.6292693109472397,
      "capacity": 1.0,
      "tserv": 1.6780514958593056,
      "stddev": 1.6780514958593058,
      "mu": 0.5959292682421016,
      "cv": 1.0000000000000002,
      "lambda": 0.375,
      "twait": 2.848284050158832
    },
    "F3": {
      "rho": 0.6977195355012195,
      "capacity": 1.0,
      "tserv": 1.8605854280032519,
      "stddev": 1.8605854280032519,
      "mu": 0.5374652434385573,
      "cv": 1.0,
      "lambda": 0.375,
      "twait": 4.294577232237922
    },
    "F4": {
      "rho": 0.41665106675796737,
      "capacity": 1.0,
      "tserv": 1.1110695113545797,
      "stddev": 1.1110695113545797,
      "mu": 0.9000336970644012,
      "cv": 1.0,
      "lambda": 0.375,
      "twait": 0.7935701443308705
    },
    "F5": {
      "rho": 0.6260182788271453,
      "capacity": 1.0,
      "tserv": 0.8346910384361937,
      "stddev": 0.8411911419186099,
      "mu": 1.1980480848021504,
      "cv": 1.0077874365281245,
      "lambda": 0.75,
      "twait": 1.408135331939411
    },
    "F6": {
      "rho": 0.39272728828194414,
      "capacity": 1.0,
      "tserv": 0.5236363843759255,
      "stddev": 0.7702082536264876,
      "mu": 1.909722146584235,
      "cv": 1.4708837594324706,
      "lambda": 0.75,
      "twait": 0.5356422659820866
    },
    "F7": {
      "rho": 0.4440927088074529,
      "capacity": 1.0,
      "tserv": 0.5921236117432706,
      "stddev": 0.9360392010449035,
      "mu": 1.6888365540024675,
      "cv": 1.5808172187038976,
      "lambda": 0.75,
      "twait": 0.8275523928942513
    },
    "F8": {
      "rho": 1.4935760678078158,
      "capacity": 1.0,
      "tserv": 3.9828695141541757,
      "stddev": 3.9828695141541743,
      "mu": 0.2510752602981937,
      "cv": 0.9999999999999997,
      "lambda": 0.375,
      "twait": 5942.769868954472
    },
    "F9": {
      "rho": 0.49988742382692797,
      "capacity": 1.0,
      "tserv": 0.26660662604102825,
      "stddev": 0.31850089832129896,
      "mu": 3.7508445114417728,
      "cv": 1.1946473463577183,
      "lambda": 1.875,
      "twait": 0.3234057755817245
    },
    "F10": {
      "rho": 0.4423204568472928,
      "capacity": 1.0,
      "tserv": 0.5897606091297237,
      "stddev": 0.6374394215753596,
      "mu": 1.6956032405684796,
      "cv": 1.080844348889277,
      "lambda": 0.75,
      "twait": 0.5071101774659008
    },
    "F11": {
      "rho": 0.3225532370495394,
      "capacity": 1.0,
      "tserv": 0.8601419654654384,
      "stddev": 0.8601419654654386,
      "mu": 1.1625987803756115,
      "cv": 1.0000000000000002,
      "lambda": 0.375,
      "twait": 0.409540041308484
    },
    "F12": {
      "rho": 0.3678547275808798,
      "capacity": 1.0,
      "tserv": 0.49047297010783963,
      "stddev": 0.636314912695911,
      "mu": 2.038848338125812,
      "cv": 1.2973496022747295,
      "lambda": 0.75,
      "twait": 0.3828987758159227
    },
    "F13": {
      "rho": 0.45299835355542806,
      "capacity": 1.0,
      "tserv": 0.30199890237028537,
      "stddev": 0.3548726620606963,
      "mu": 3.3112703130751284,
      "cv": 1.175079310803526,
      "lambda": 1.5,
      "twait": 0.2977202327300102
    },
    "F14": {
      "rho": 0.3725115768078424,
      "capacity": 1.0,
      "tserv": 0.4966821024104566,
      "stddev": 0.515921166871529,
      "mu": 2.0133602462156026,
      "cv": 1.0387351675603025,
      "lambda": 0.75,
      "twait": 0.30650033271045757
    },
    "F15": {
      "rho": 0.8744956581614016,
      "capacity": 1.0,
      "tserv": 2.3319884217637377,
      "stddev": 2.3319884217637377,
      "mu": 0.4288185956102117,
      "cv": 1.0,
      "lambda": 0.375,
      "twait": 16.248949795997138
    },
    "F16": {
      "rho": 0.5408071915866486,
      "capacity": 1.0,
      "tserv": 1.4421525108977296,
      "stddev": 1.4421525108977296,
      "mu": 0.6934079387883235,
      "cv": 1.0,
      "lambda": 0.375,
      "twait": 1.6984727002870845
    },
    "F17": {
      "rho": 0.48473401901647006,
      "capacity": 1.0,
      "tserv": 1.2926240507105868,
      "stddev": 1.2926240507105868,
      "mu": 0.7736201407132072,
      "cv": 1.0,
      "lambda": 0.375,
      "twait": 1.216029922996838
    },
    "F18": {
      "rho": 0.4690861372052128,
      "capacity": 1.0,
      "tserv": 1.2508963658805676,
      "stddev": 1.2508963658805674,
      "mu": 0.7994267369192097,
      "cv": 0.9999999999999998,
      "lambda": 0.375,
      "twait": 1.1052228721738235
    },
    "F19": {
      "rho": 0.26491186725271065,
      "capacity": 1.0,
      "tserv": 0.3532158230036142,
      "stddev": 0.4724011047590303,
      "mu": 2.831130246364325,
      "cv": 1.3374290560992126,
      "lambda": 0.75,
      "twait": 0.1774910751674197
    },
    "F20": {
      "rho": 0.577194965702255,
      "capacity": 1.0,
      "tserv": 1.5391865752060134,
      "stddev": 1.5391865752060134,
      "mu": 0.6496938162718541,
      "cv": 1.0,
      "lambda": 0.375,
      "twait": 2.101230284452516
    },
    "F21": {
      "rho": 0.5314856652809993,
      "capacity": 1.0,
      "tserv": 0.708647553707999,
      "stddev": 0.7183094388534572,
      "mu": 1.4111387173602716,
      "cv": 1.013634260211444,
      "lambda": 0.75,
      "twait": 0.8149295522085938
    },
    "F22": {
      "rho": 1.54803940431171,
      "capacity": 1.0,
      "tserv": 4.12810507816456,
      "stddev": 4.12810507816456,
      "mu": 0.2422418957524745,
      "cv": 1.0,
      "lambda": 0.375,
      "twait": 6384.078856811868
    },
    "F23": {
      "rho": 0.49322308726380304,
      "capacity": 1.0,
      "tserv": 1.315261566036808,
      "stddev": 1.315261566036808,
      "mu": 0.7603050418429201,
      "cv": 1.0,
      "lambda": 0.375,
      "twait": 1.280084695763931
    },
    "F24": {
      "rho": 0.38154489275246006,
      "capacity": 1.0,
      "tserv": 1.0174530473398935,
      "stddev": 1.0174530473398935,
      "mu": 0.9828463363636051,
      "cv": 1.0,
      "lambda": 0.375,
      "twait": 0.6276995844624542
    },
    "F25": {
      "rho": 1.2787044253117215,
      "capacity": 1.0,
      "tserv": 3.4098784674979243,
      "stddev": 3.4098784674979243,
      "mu": 0.2932655839590004,
      "cv": 1.0,
      "lambda": 0.375,
      "twait": 4355.866459478578
    }
  },
  "extra": {
    "deltatime": 7.0756698,
    "conv": 7,
    "obj_func": 4196.620018425876
  },
  "network": [
    [
      0.0,
      0.9086433591807458,
      1.1320708228415102,
      1.0294017065486478,
      0.8950609607270098,
      1.204582461032714,
      0.9326544409808153,
      1.0972390043510047,
      0.8485289683570629,
      0.9871717577147231,
      1.3904943906591223,
      0.8008851190147671,
      1.1171286210885019,
      1.307625265495054,
      1.314361471361509,
      0.7141318319797207,
      1.0131839183957148,
      1.2976964845396244,
      1.010035871120181,
      1.0477638000982916,
      1.0590632823010655,
      0.9886719044918562,
      1.0410916499341412,
      0.7821355498298581,
      0.7821355498298581
    ],
    [
      0.9086433591807458,
      0.0,
      1.1855217168291063,
      1.0420445887718395,
      0.7681938386813215,
      1.286900526004384,
      0.666085497772892,
      1.1632822260095892,
      1.1682827712139696,
      1.0434670901490368,
      1.29647767813287,
      1.041153572103893,
      0.7015526357516478,
      1.2284013275890713,
      1.0061126657100696,
      1.2967914650893748,
      1.404183035844497,
      0.9061433427058598,
      1.0991566925678449,
      1.0643898080666387,
      1.1556711317233967,
      1.436560928408429,
      0.7821355498298581,
      0.8940442287520669,
      0.8940442287520669
    ],
    [
      1.1320708228415102,
      1.1855217168291063,
      0.0,
      0.9976538227111542,
      0.9624646153534929,
      0.9539096082614511,
      1.2945868176494002,
      0.8693490078217255,
      0.889175152347633,
      0.7549436218219567,
      1.1744121651698132,
      1.1381434598056572,
      1.1896033354021671,
      1.3798334886460049,
      0.8604717541231348,
      1.2509511852849384,
      0.7541954676103778,
      0.8655126000533442,
      0.8484487080998554,
      0.8970381460554523,
      1.0600911777934467,
      1.0410916499341412,
      0.8940442287520669,
      0.9322869396490221,
      0.9322869396490221
    ],
    [
      1.0294017065486478,
      1.0420445887718395,
      0.9976538227111542,
      0.0,
      1.2244645333085271,
      0.7277528611431442,
      0.9824685245763616,
      1.05856011624651,
      0.5962352531338699,
      1.032593239123593,
      1.1218365980080587,
      1.2550685850764989,
      0.8825888504094564,
      1.222929144277828,
      0.8417925406843423,
      0.9968813411883334,
      0.9230493868778968,
      1.2605525329129272,
      0.8978865980871941,
      0.6853017829139292,
      0.9886719044918562,
      0.7821355498298581,
      0.9322869396490221,
      1.1309126379391874,
      1.1309126379391874
    ],
    [
      0.8950609607270098,
      0.7681938386813215,
      0.9624646153534929,
      1.2244645333085271,
      0.0,
      0.9406358696167533,
      1.1989611661761683,
      1.2397322476250023,
      0.7122822593236806,
      0.9165099580171288,
      0.710182999328655,
      0.9489316350099207,
      1.0506435245383117,
      1.1744566875494535,
      0.9828016449446219,
      0.6609584901682009,
      1.0037377567916586,
      1.2563107157450302,
      1.3096837973538926,
      1.0590632823010655,
      1.436560928408429,
      0.8940442287520669,
      1.1309126379391874,
      0.7746969535441516,
      0.7746969535441516
    ],
    [
      1.204582461032714,
      1.286900526004384,
      0.9539096082614511,
      0.7277528611431442,
      0.9406358696167533,
      0.0,
      0.9849249656645711,
      0.9822965787735078,
      0.9058649476445272,
      1.1058192640723483,
      0.9960885873846703,
      1.221281272356087,
      1.0079851659332268,
      0.9666158678157993,
      1.3014607406893797,
      0.7771282256727226,
      0.9601600663583499,
      1.2815117393287725,
      1.0477638000982916,
      1.1556711317233967,
      1.0410916499341412,
      0.9322869396490221,
      0.7746969535441516,
      0.961525986661288,
      0.961525986661288
    ],
    [
      0.9326544409808153,
      0.666085497772892,
      1.2945868176494002,
      0.9824685245763616,
      1.1989611661761683,
      0.9849249656645711,
      0.0,
      0.7706461429099634,
      1.0507812385898252,
      1.2396315271746,
      1.0287889602424822,
      0.9813897921769446,
      0.8660831649432502,
      0.793096827265061,
      1.0254414231167817,
      0.6068316766259241,
      0.4983029207782536,
      1.010035871120181,
      1.0643898080666387,
      1.0600911777934467,
      0.7821355498298581,
      1.1309126379391874,
      0.961525986661288,
      1.1165643629468744,
      1.1165643629468744
    ],
    [
      1.0972390043510047,
      1.1632822260095892,
      0.8693490078217255,
      1.05856011624651,
      1.2397322476250023,
      0.9822965787735078,
      0.7706461429099634,
      0.0,
      0.8916179950753319,
      0.9756345554373732,
      0.9441668298187335,
      0.767910839760432,
      0.5806098784436076,
      0.6995617522171501,
      0.8513711753438721,
      1.382895008303396,
      1.2976964845396244,
      1.0991566925678449,
      0.8970381460554523,
      0.9886719044918562,
      0.8940442287520669,
      0.7746969535441516,
      1.1165643629468744,
      1.2404221083381877,
      1.2404221083381877
    ],
    [
      0.8485289683570629,
      1.1682827712139696,
      0.889175152347633,
      0.5962352531338699,
      0.7122822593236806,
      0.9058649476445272,
      1.0507812385898252,
      0.8916179950753319,
      0.0,
      1.1261466648179679,
      0.8924515480578074,
      1.123229451867523,
      1.0161920061391838,
      1.132674099876375,
      1.3040563597906965,
      1.0131839183957148,
      0.9061433427058598,
      0.8484487080998554,
      0.6853017829139292,
      1.436560928408429,
      0.9322869396490221,
      0.961525986661288,
      1.2404221083381877,
      1.0066387030644104,
      1.0066387030644104
    ],
    [
      0.9871717577147231,
      1.0434670901490368,
      0.7549436218219567,
      1.032593239123593,
      0.9165099580171288,
      1.1058192640723483,
      1.2396315271746,
      0.9756345554373732,
      1.1261466648179679,
      0.0,
      0.6247752167853325,
      1.182618263538757,
      1.2911491505659052,
      0.8140263918649615,
      0.7141318319797207,
      1.404183035844497,
      0.8655126000533442,
      0.8978865980871941,
      1.0590632823010655,
      1.0410916499341412,
      1.1309126379391874,
      1.1165643629468744,
      1.0066387030644104,
      1.2152277181465612,
      1.2152277181465612
    ],
    [
      1.3904943906591223,
      1.29647767813287,
      1.1744121651698132,
      1.1218365980080587,
      0.710182999328655,
      0.9960885873846703,
      1.0287889602424822,
      0.9441668298187335,
      0.8924515480578074,
      0.6247752167853325,
      0.0,
      0.9879081233034263,
      1.0077919613524697,
      1.314361471361509,
      1.2967914650893748,
      0.7541954676103778,
      1.2605525329129272,
      1.3096837973538926,
      1.1556711317233967,
      0.7821355498298581,
      0.7746969535441516,
      1.2404221083381877,
      1.2152277181465612,
      1.0069336979649215,
      1.0069336979649215
    ],
    [
      0.8008851190147671,
      1.041153572103893,
      1.1381434598056572,
      1.2550685850764989,
      0.9489316350099207,
      1.221281272356087,
      0.9813897921769446,
      0.767910839760432,
      1.123229451867523,
      1.182618263538757,
      0.9879081233034263,
      0.0,
      1.307625265495054,
      1.0061126657100696,
      1.2509511852849384,
      0.9230493868778968,
      1.2563107157450302,
      1.0477638000982916,
      1.0600911777934467,
      0.8940442287520669,
      0.961525986661288,
      1.0066387030644104,
      1.0069336979649215,
      1.089996616934401,
      1.089996616934401
    ],
    [
      1.1171286210885019,
      0.7015526357516478,
      1.1896033354021671,
      0.8825888504094564,
      1.0506435245383117,
      1.0079851659332268,
      0.8660831649432502,
      0.5806098784436076,
      1.0161920061391838,
      1.2911491505659052,
      1.0077919613524697,
      1.307625265495054,
      0.0,
      0.8604717541231348,
      0.9968813411883334,
      1.0037377567916586,
      1.2815117393287725,
      1.0643898080666387,
      0.9886719044918562,
      0.9322869396490221,
      1.1165643629468744,
      1.2152277181465612,
      1.089996616934401,
      1.059129253898806,
      1.059129253898806
    ],
    [
      1.307625265495054,
      1.2284013275890713,
      1.3798334886460049,
      1.222929144277828,
      1.1744566875494535,
      0.9666158678157993,
      0.793096827265061,
      0.6995617522171501,
      1.132674099876375,
      0.8140263918649615,
      1.314361471361509,
      1.0061126657100696,
      0.8604717541231348,
      0.0,
      0.6609584901682009,
      0.9601600663583499,
      1.010035871120181,
      0.8970381460554523,
      1.436560928408429,
      1.1309126379391874,
      1.2404221083381877,
      1.0069336979649215,
      1.059129253898806,
      0.9424435194939065,
      0.9424435194939065
    ],
    [
      1.314361471361509,
      1.0061126657100696,
      0.8604717541231348,
      0.8417925406843423,
      0.9828016449446219,
      1.3014607406893797,
      1.0254414231167817,
      0.8513711753438721,
      1.3040563597906965,
      0.7141318319797207,
      1.2967914650893748,
      1.2509511852849384,
      0.9968813411883334,
      0.6609584901682009,
      0.0,
      0.4983029207782536,
      1.0991566925678449,
      0.6853017829139292,
      1.0410916499341412,
      0.7746969535441516,
      1.0066387030644104,
      1.089996616934401,
      0.9424435194939065,
      0.8063887807943347,
      0.8063887807943347
    ],
    [
      0.7141318319797207,
      1.2967914650893748,
      1.2509511852849384,
      0.9968813411883334,
      0.6609584901682009,
      0.7771282256727226,
      0.6068316766259241,
      1.382895008303396,
      1.0131839183957148,
      1.404183035844497,
      0.7541954676103778,
      0.9230493868778968,
      1.0037377567916586,
      0.9601600663583499,
      0.4983029207782536,
      0.0,
      0.8484487080998554,
      1.0590632823010655,
      0.7821355498298581,
      0.961525986661288,
      1.2152277181465612,
      1.059129253898806,
      0.8063887807943347,
      1.0759705107968234,
      1.0759705107968234
    ],
    [
      1.0131839183957148,
      1.404183035844497,
      0.7541954676103778,
      0.9230493868778968,
      1.0037377567916586,
      0.9601600663583499,
      0.4983029207782536,
      1.2976964845396244,
      0.9061433427058598,
      0.8655126000533442,
      1.2605525329129272,
      1.2563107157450302,
      1.2815117393287725,
      1.010035871120181,
      1.0991566925678449,
      0.8484487080998554,
      0.0,
      1.1556711317233967,
      0.8940442287520669,
      1.1165643629468744,
      1.0069336979649215,
      0.9424435194939065,
      1.0759705107968234,
      1.4508125475963032,
      1.4508125475963032
    ],
    [
      1.2976964845396244,
      0.9061433427058598,
      0.8655126000533442,
      1.2605525329129272,
      1.2563107157450302,
      1.2815117393287725,
      1.010035871120181,
      1.0991566925678449,
      0.8484487080998554,
      0.8978865980871941,
      1.3096837973538926,
      1.0477638000982916,
      1.0643898080666387,
      0.8970381460554523,
      0.6853017829139292,
      1.0590632823010655,
      1.1556711317233967,
      0.0,
      0.9322869396490221,
      1.2404221083381877,
      1.089996616934401,
      0.8063887807943347,
      1.4508125475963032,
      1.1885490232919123,
      1.1885490232919123
    ],
    [
      1.010035871120181,
      1.0991566925678449,
      0.8484487080998554,
      0.8978865980871941,
      1.3096837973538926,
      1.0477638000982916,
      1.0643898080666387,
      0.8970381460554523,
      0.6853017829139292,
      1.0590632823010655,
      1.1556711317233967,
      1.0600911777934467,
      0.9886719044918562,
      1.436560928408429,
      1.0410916499341412,
      0.7821355498298581,
      0.8940442287520669,
      0.9322869396490221,
      0.0,
      1.0066387030644104,
      1.059129253898806,
      1.0759705107968234,
      1.1885490232919123,
      0.8875789353631889,
      0.8875789353631889
    ],
    [
      1.0477638000982916,
      1.0643898080666387,
      0.8970381460554523,
      0.6853017829139292,
      1.0590632823010655,
      1.1556711317233967,
      1.0600911777934467,
      0.9886719044918562,
      1.436560928408429,
      1.0410916499341412,
      0.7821355498298581,
      0.8940442287520669,
      0.9322869396490221,
      1.1309126379391874,
      0.7746969535441516,
      0.961525986661288,
      1.1165643629468744,
      1.2404221083381877,
      1.0066387030644104,
      0.0,
      0.9424435194939065,
      1.4508125475963032,
      0.8875789353631889,
      0.6908806482025793,
      0.6908806482025793
    ],
    [
      1.0590632823010655,
      1.1556711317233967,
      1.0600911777934467,
      0.9886719044918562,
      1.436560928408429,
      1.0410916499341412,
      0.7821355498298581,
      0.8940442287520669,
      0.9322869396490221,
      1.1309126379391874,
      0.7746969535441516,
      0.961525986661288,
      1.1165643629468744,
      1.2404221083381877,
      1.0066387030644104,
      1.2152277181465612,
      1.0069336979649215,
      1.089996616934401,
      1.059129253898806,
      0.9424435194939065,
      0.0,
      1.1885490232919123,
      0.6908806482025793,
      0.8528424625690649,
      0.8528424625690649
    ],
    [
      0.9886719044918562,
      1.436560928408429,
      1.0410916499341412,
      0.7821355498298581,
      0.8940442287520669,
      0.9322869396490221,
      1.1309126379391874,
      0.7746969535441516,
      0.961525986661288,
      1.1165643629468744,
      1.2404221083381877,
      1.0066387030644104,
      1.2152277181465612,
      1.0069336979649215,
      1.089996616934401,
      1.059129253898806,
      0.9424435194939065,
      0.8063887807943347,
      1.0759705107968234,
      1.4508125475963032,
      1.1885490232919123,
      0.0,
      0.8528424625690649,
      0.7283938216998824,
      0.7283938216998824
    ],
    [
      1.0410916499341412,
      0.7821355498298581,
      0.8940442287520669,
      0.9322869396490221,
      1.1309126379391874,
      0.7746969535441516,
      0.961525986661288,
      1.1165643629468744,
      1.2404221083381877,
      1.0066387030644104,
      1.2152277181465612,
      1.0069336979649215,
      1.089996616934401,
      1.059129253898806,
      0.9424435194939065,
      0.8063887807943347,
      1.0759705107968234,
      1.4508125475963032,
      1.1885490232919123,
      0.8875789353631889,
      0.6908806482025793,
      0.8528424625690649,
      0.0,
      0.9673001720850283,
      0.9673001720850283
    ],
    [
      0.7821355498298581,
      0.8940442287520669,
      0.9322869396490221,
      1.1309126379391874,
      0.7746969535441516,
      0.961525986661288,
      1.1165643629468744,
      1.2404221083381877,
      1.0066387030644104,
      1.2152277181465612,
      1.0069336979649215,
      1.089996616934401,
      1.059129253898806,
      0.9424435194939065,
      0.8063887807943347,
      1.0759705107968234,
      1.4508125475963032,
      1.1885490232919123,
      0.8875789353631889,
      0.6908806482025793,
      0.8528424625690649,
      0.7283938216998824,
      0.9673001720850283,
      0.0,
      0.907555474597421
    ],
    [
      0.7821355498298581,
      0.8940442287520669,
      0.9322869396490221,
      1.1309126379391874,
      0.7746969535441516,
      0.961525986661288,
      1.1165643629468744,
      1.2404221083381877,
      1.0066387030644104,
      1.2152277181465612,
      1.0069336979649215,
      1.089996616934401,
      1.059129253898806,
      0.9424435194939065,
      0.8063887807943347,
      1.0759705107968234,
      1.4508125475963032,
      1.1885490232919123,
      0.8875789353631889,
      0.6908806482025793,
      0.8528424625690649,
      0.7283938216998824,
      0.9673001720850283,
      0.907555474597421,
      0.0
    ]
  ]
}