{
  "servicechain": {
    "SC1": {
      "resptime": 15264.827016192328,
      "resptime_old": 15254.82701619233,
      "waittime": 15250.059034237502,
      "servicetime": 10.0,
      "networktime": 4.767981954826923,
      "services": {
        "MS1_1": {
          "meanserv": 0.013526197033888465,
          "stddevserv": 0.013526197033888465,
          "rate": 73.9306101703683,
          "cv": 1.0,
          "lambda": 0.375
        },
        "MS1_2": {
          "meanserv": 0.758569208394464,
          "stddevserv": 0.758569208394464,
          "rate": 1.318271278261521,
          "cv": 1.0,
          "lambda": 0.375
        },
        "MS1_3": {
          "meanserv": 2.1003924231661286,
          "stddevserv": 2.1003924231661286,
          "rate": 0.47610150797087786,
          "cv": 1.0,
          "lambda": 0.375
        },
        "MS1_4": {
          "meanserv": 0.21759098611311556,
          "stddevserv": 0.21759098611311556,
          "rate": 4.595778611344433,
          "cv": 1.0,
          "lambda": 0.375
        },
        "MS1_5": {
          "meanserv": 0.4051152882422233,
          "stddevserv": 0.4051152882422233,
          "rate": 2.4684331325508704,
          "cv": 1.0,
          "lambda": 0.375
        },
        "MS1_6": {
          "meanserv": 0.016555069242853104,
          "stddevserv": 0.016555069242853104,
          "rate": 60.40445892014039,
          "cv": 1.0,
          "lambda": 0.375
        },
        "MS1_7": {
          "meanserv": 1.8958922251870622,
          "stddevserv": 1.8958922251870622,
          "rate": 0.5274561426619769,
          "cv": 1.0,
          "lambda": 0.375
        },
        "MS1_8": {
          "meanserv": 0.24837590316017444,
          "stddevserv": 0.24837590316017444,
          "rate": 4.026155465472481,
          "cv": 1.0,
          "lambda": 0.375
        },
        "MS1_9": {
          "meanserv": 3.384594546525012,
          "stddevserv": 3.384594546525012,
          "rate": 0.2954563644932618,
          "cv": 1.0,
          "lambda": 0.375
        },
        "MS1_10": {
          "meanserv": 0.9593881529350785,
          "stddevserv": 0.9593881529350785,
          "rate": 1.0423309866196249,
          "cv": 1.0,
          "lambda": 0.375
        }
      },
      "sensors": [
        "S1"
      ],
      "sources": [
        {
          "startTime": 0,
          "stopTime": -1,
          "lambda": 0.375
        }
      ]
    },
    "SC2": {
      "resptime": 30489.92641099346,
      "resptime_old": 30479.926410993456,
      "waittime": 30475.381193240122,
      "servicetime": 10.0,
      "networktime": 4.545217753335377,
      "services": {
        "MS2_1": {
          "meanserv": 0.18961539050785237,
          "stddevserv": 0.18961539050785237,
          "rate": 5.273833507510499,
          "cv": 1.0,
          "lambda": 0.375
        },
        "MS2_2": {
          "meanserv": 2.9614685968665277,
          "stddevserv": 2.9614685968665277,
          "rate": 0.33767030353051203,
          "cv": 1.0,
          "lambda": 0.375
        },
        "MS2_3": {
          "meanserv": 0.16393288013736473,
          "stddevserv": 0.16393288013736473,
          "rate": 6.100057530631239,
          "cv": 1.0,
          "lambda": 0.375
        },
        "MS2_4": {
          "meanserv": 0.7991690297626173,
          "stddevserv": 0.7991690297626173,
          "rate": 1.2512997410535753,
          "cv": 1.0,
          "lambda": 0.375
        },
        "MS2_5": {
          "meanserv": 2.873076085114228,
          "stddevserv": 2.873076085114228,
          "rate": 0.34805900379078963,
          "cv": 1.0,
          "lambda": 0.375
        },
        "MS2_6": {
          "meanserv": 1.3498506222422346,
          "stddevserv": 1.3498506222422346,
          "rate": 0.7408227129153755,
          "cv": 1.0,
          "lambda": 0.375
        },
        "MS2_7": {
          "meanserv": 0.4629094959582716,
          "stddevserv": 0.4629094959582716,
          "rate": 2.1602494844697326,
          "cv": 1.0,
          "lambda": 0.375
        },
        "MS2_8": {
          "meanserv": 0.15467886548140442,
          "stddevserv": 0.15467886548140442,
          "rate": 6.465007335602811,
          "cv": 1.0,
          "lambda": 0.375
        },
        "MS2_9": {
          "meanserv": 0.6884369504846912,
          "stddevserv": 0.6884369504846912,
          "rate": 1.452565843968651,
          "cv": 1.0,
          "lambda": 0.375
        },
        "MS2_10": {
          "meanserv": 0.35686208344480796,
          "stddevserv": 0.35686208344480796,
          "rate": 2.8022029977153884,
          "cv": 1.0,
          "lambda": 0.375
        }
      },
      "sensors": [
        "S2"
      ],
      "sources": [
        {
          "startTime": 0,
          "stopTime": -1,
          "lambda": 0.375
        }
      ]
    },
    "SC3": {
      "resptime": 42.83351460867334,
      "resptime_old": 32.83351460867333,
      "waittime": 27.279448421156726,
      "servicetime": 10.0,
      "networktime": 5.554066187516613,
      "services": {
        "MS3_1": {
          "meanserv": 2.038479304402742,
          "stddevserv": 2.038479304402742,
          "rate": 0.4905617623098666,
          "cv": 1.0,
          "lambda": 0.375
        },
        "MS3_2": {
          "meanserv": 1.7877490256227766,
          "stddevserv": 1.7877490256227766,
          "rate": 0.5593626318166456,
          "cv": 1.0,
          "lambda": 0.375
        },
        "MS3_3": {
          "meanserv": 0.15984056058589102,
          "stddevserv": 0.15984056058589102,
          "rate": 6.256234314585288,
          "cv": 1.0,
          "lambda": 0.375
        },
        "MS3_4": {
          "meanserv": 2.261609620582137,
          "stddevserv": 2.261609620582137,
          "rate": 0.4421629581424404,
          "cv": 1.0,
          "lambda": 0.375
        },
        "MS3_5": {
          "meanserv": 0.9172603847145142,
          "stddevserv": 0.9172603847145142,
          "rate": 1.0902029747106514,
          "cv": 1.0,
          "lambda": 0.375
        },
        "MS3_6": {
          "meanserv": 1.5854959581125998,
          "stddevserv": 1.5854959581125998,
          "rate": 0.6307174703809503,
          "cv": 1.0,
          "lambda": 0.375
        },
        "MS3_7": {
          "meanserv": 0.1672424735759268,
          "stddevserv": 0.1672424735759268,
          "rate": 5.979342320274925,
          "cv": 1.0,
          "lambda": 0.375
        },
        "MS3_8": {
          "meanserv": 0.45563234708892786,
          "stddevserv": 0.45563234708892786,
          "rate": 2.194751988942579,
          "cv": 1.0,
          "lambda": 0.375
        },
        "MS3_9": {
          "meanserv": 0.5619381027711245,
          "stddevserv": 0.5619381027711245,
          "rate": 1.7795554262446882,
          "cv": 1.0,
          "lambda": 0.375
        },
        "MS3_10": {
          "meanserv": 0.0647522225433601,
          "stddevserv": 0.0647522225433601,
          "rate": 15.44348534647392,
          "cv": 1.0,
          "lambda": 0.375
        }
      },
      "sensors": [
        "S3"
      ],
      "sources": [
        {
          "startTime": 0,
          "stopTime": -1,
          "lambda": 0.375
        }
      ]
    },
    "SC4": {
      "resptime": 15259.324507599984,
      "resptime_old": 15249.324507599982,
      "waittime": 15242.951077153886,
      "servicetime": 10.0,
      "networktime": 6.37343044609727,
      "services": {
        "MS4_1": {
          "meanserv": 0.5698595248716798,
          "stddevserv": 0.5698595248716798,
          "rate": 1.7548184356928642,
          "cv": 1.0,
          "lambda": 0.375
        },
        "MS4_2": {
          "meanserv": 0.6877778984128358,
          "stddevserv": 0.6877778984128358,
          "rate": 1.4539577417472556,
          "cv": 1.0,
          "lambda": 0.375
        },
        "MS4_3": {
          "meanserv": 0.002674921679318709,
          "stddevserv": 0.002674921679318709,
          "rate": 373.84272135201195,
          "cv": 1.0,
          "lambda": 0.375
        },
        "MS4_4": {
          "meanserv": 0.9541746859759606,
          "stddevserv": 0.9541746859759606,
          "rate": 1.048026126345165,
          "cv": 1.0,
          "lambda": 0.375
        },
        "MS4_5": {
          "meanserv": 0.7527061300433475,
          "stddevserv": 0.7527061300433475,
          "rate": 1.3285397316246264,
          "cv": 1.0,
          "lambda": 0.375
        },
        "MS4_6": {
          "meanserv": 3.5355133772255165,
          "stddevserv": 3.5355133772255165,
          "rate": 0.28284435478073255,
          "cv": 1.0,
          "lambda": 0.375
        },
        "MS4_7": {
          "meanserv": 0.29212151192797275,
          "stddevserv": 0.29212151192797275,
          "rate": 3.423233001226442,
          "cv": 1.0,
          "lambda": 0.375
        },
        "MS4_8": {
          "meanserv": 1.6643687193982508,
          "stddevserv": 1.6643687193982508,
          "rate": 0.600828403192742,
          "cv": 1.0,
          "lambda": 0.375
        },
        "MS4_9": {
          "meanserv": 1.3899013657278552,
          "stddevserv": 1.3899013657278552,
          "rate": 0.719475514347974,
          "cv": 1.0,
          "lambda": 0.375
        },
        "MS4_10": {
          "meanserv": 0.15090186473726241,
          "stddevserv": 0.15090186473726241,
          "rate": 6.626823344702304,
          "cv": 1.0,
          "lambda": 0.375
        }
      },
      "sensors": [
        "S4"
      ],
      "sources": [
        {
          "startTime": 0,
          "stopTime": -1,
          "lambda": 0.375
        }
      ]
    }
  },
  "microservice": {
    "MS1_1": "F19",
    "MS1_2": "F19",
    "MS1_3": "F3",
    "MS1_4": "F18",
    "MS1_5": "F18",
    "MS1_6": "F18",
    "MS1_7": "F5",
    "MS1_8": "F24",
    "MS1_9": "F1",
    "MS1_10": "F15",
    "MS2_1": "F25",
    "MS2_2": "F1",
    "MS2_3": "F17",
    "MS2_4": "F17",
    "MS2_5": "F1",
    "MS2_6": "F8",
    "MS2_7": "F22",
    "MS2_8": "F22",
    "MS2_9": "F12",
    "MS2_10": "F12",
    "MS3_1": "F4",
    "MS3_2": "F16",
    "MS3_3": "F25",
    "MS3_4": "F2",
    "MS3_5": "F11",
    "MS3_6": "F7",
    "MS3_7": "F14",
    "MS3_8": "F14",
    "MS3_9": "F14",
    "MS3_10": "F14",
    "MS4_1": "F13",
    "MS4_2": "F13",
    "MS4_3": "F9",
    "MS4_4": "F9",
    "MS4_5": "F10",
    "MS4_6": "F1",
    "MS4_7": "F21",
    "MS4_8": "F6",
    "MS4_9": "F23",
    "MS4_10": "F24"
  },
  "sensor": {
    "S1": "F19",
    "S2": "F25",
    "S3": "F4",
    "S4": "F13"
  },
  "fog": {
    "F1": {
      "rho": 4.782994727149232,
      "capacity": 1.0,
      "tserv": 3.1886631514328214,
      "stddev": 3.212868822359414,
      "mu": 0.3136110503082307,
      "cv": 1.0075911658827041,
      "lambda": 1.5,
      "twait": 15236.107680918265
    },
    "F2": {
      "rho": 0.8481036077183014,
      "capacity": 1.0,
      "tserv": 2.261609620582137,
      "stddev": 2.261609620582137,
      "mu": 0.4421629581424404,
      "cv": 1.0,
      "lambda": 0.375,
      "twait": 12.627549934885659
    },
    "F3": {
      "rho": 0.7876471586872982,
      "capacity": 1.0,
      "tserv": 2.1003924231661286,
      "stddev": 2.1003924231661286,
      "mu": 0.47610150797087786,
      "cv": 1.0,
      "lambda": 0.375,
      "twait": 7.790656880352158
    },
    "F4": {
      "rho": 0.7644297391510282,
      "capacity": 1.0,
      "tserv": 2.038479304402742,
      "stddev": 2.038479304402742,
      "mu": 0.4905617623098666,
      "cv": 1.0,
      "lambda": 0.375,
      "twait": 6.614902056454376
    },
    "F5": {
      "rho": 0.7109595844451485,
      "capacity": 1.0,
      "tserv": 1.8958922251870625,
      "stddev": 1.8958922251870622,
      "mu": 0.5274561426619768,
      "cv": 0.9999999999999999,
      "lambda": 0.375,
      "twait": 4.6633711966691695
    },
    "F6": {
      "rho": 0.6241382697743441,
      "capacity": 1.0,
      "tserv": 1.6643687193982508,
      "stddev": 1.6643687193982508,
      "mu": 0.600828403192742,
      "cv": 1.0,
      "lambda": 0.375,
      "twait": 2.7637722312620214
    },
    "F7": {
      "rho": 0.5945609842922249,
      "capacity": 1.0,
      "tserv": 1.5854959581125998,
      "stddev": 1.5854959581125998,
      "mu": 0.6307174703809503,
      "cv": 1.0,
      "lambda": 0.375,
      "twait": 2.325069864825774
    },
    "F8": {
      "rho": 0.506193983340838,
      "capacity": 1.0,
      "tserv": 1.3498506222422346,
      "stddev": 1.3498506222422346,
      "mu": 0.7408227129153755,
      "cv": 1.0,
      "lambda": 0.375,
      "twait": 1.3837139288230418
    },
    "F9": {
      "rho": 0.35881860287072975,
      "capacity": 1.0,
      "tserv": 0.4784248038276397,
      "stddev": 0.8255702233279723,
      "mu": 2.0901926321534665,
      "cv": 1.7256007981254193,
      "lambda": 0.75,
      "twait": 0.5324876610423676
    },
    "F10": {
      "rho": 0.2822647987662553,
      "capacity": 1.0,
      "tserv": 0.7527061300433475,
      "stddev": 0.7527061300433475,
      "mu": 1.3285397316246264,
      "cv": 1.0,
      "lambda": 0.375,
      "twait": 0.2960178683748572
    },
    "F11": {
      "rho": 0.34397264426794283,
      "capacity": 1.0,
      "tserv": 0.9172603847145142,
      "stddev": 0.9172603847145142,
      "mu": 1.0902029747106514,
      "cv": 1.0,
      "lambda": 0.375,
      "twait": 0.48094409060183696
    },
    "F12": {
      "rho": 0.3919871377235622,
      "capacity": 1.0,
      "tserv": 0.5226495169647496,
      "stddev": 0.5728293496406623,
      "mu": 1.913328086109081,
      "cv": 1.096010483215078,
      "lambda": 0.75,
      "twait": 0.3708572745948628
    },
    "F13": {
      "rho": 0.47161403373169336,
      "capacity": 1.0,
      "tserv": 0.6288187116422578,
      "stddev": 0.6343227439724393,
      "mu": 1.5902834656245273,
      "cv": 1.0087529716089505,
      "lambda": 0.75,
      "twait": 0.566190034294259
    },
    "F14": {
      "rho": 0.46858692974225225,
      "capacity": 1.0,
      "tserv": 0.31239128649483483,
      "stddev": 0.4244770492005897,
      "mu": 3.2011136137004073,
      "cv": 1.3587992608993853,
      "lambda": 1.5,
      "twait": 0.3920242510800685
    },
    "F15": {
      "rho": 0.35977055735065444,
      "capacity": 1.0,
      "tserv": 0.9593881529350785,
      "stddev": 0.9593881529350785,
      "mu": 1.0423309866196249,
      "cv": 1.0,
      "lambda": 0.375,
      "twait": 0.5391186151464022
    },
    "F16": {
      "rho": 0.6704058846085412,
      "capacity": 1.0,
      "tserv": 1.7877490256227766,
      "stddev": 1.7877490256227766,
      "mu": 0.5593626318166456,
      "cv": 1.0,
      "lambda": 0.375,
      "twait": 3.6363436451443203
    },
    "F17": {
      "rho": 0.36116321621249325,
      "capacity": 1.0,
      "tserv": 0.481550954949991,
      "stddev": 0.6585239594036093,
      "mu": 2.0766234387466844,
      "cv": 1.3675062890738052,
      "lambda": 0.75,
      "twait": 0.39067791504740895
    },
    "F18": {
      "rho": 0.23972300384932196,
      "capacity": 1.0,
      "tserv": 0.21308711453273066,
      "stddev": 0.30943941437494754,
      "mu": 4.692916332331291,
      "cv": 1.4521732815872213,
      "lambda": 1.125,
      "twait": 0.1044380726013029
    },
    "F19": {
      "rho": 0.28953577703563216,
      "capacity": 1.0,
      "tserv": 0.3860477027141762,
      "stddev": 0.653128910062562,
      "mu": 2.5903534536517747,
      "cv": 1.691834727860377,
      "lambda": 0.75,
      "twait": 0.30382082411309114
    },
    "F20": {
      "rho": 0,
      "capacity": 1.0,
      "tserv": 0,
      "stddev": 0,
      "mu": 0,
      "cv": 0,
      "lambda": 0.0,
      "twait": 0
    },
    "F21": {
      "rho": 0.10954556697298978,
      "capacity": 1.0,
      "tserv": 0.29212151192797275,
      "stddev": 0.29212151192797275,
      "mu": 3.423233001226442,
      "cv": 1.0,
      "lambda": 0.375,
      "twait": 0.03593739944712712
    },
    "F22": {
      "rho": 0.2315956355398785,
      "capacity": 1.0,
      "tserv": 0.308794180719838,
      "stddev": 0.3779641607725784,
      "mu": 3.238402996030801,
      "cv": 1.2240002706381852,
      "lambda": 0.75,
      "twait": 0.11625263527865384
    },
    "F23": {
      "rho": 0.5212130121479457,
      "capacity": 1.0,
      "tserv": 1.3899013657278552,
      "stddev": 1.3899013657278554,
      "mu": 0.719475514347974,
      "cv": 1.0000000000000002,
      "lambda": 0.375,
      "twait": 1.5130625848240682
    },
    "F24": {
      "rho": 0.14972916296153882,
      "capacity": 1.0,
      "tserv": 0.19963888394871843,
      "stddev": 0.21120198405205745,
      "mu": 5.009044231367631,
      "cv": 1.0579200798693569,
      "lambda": 0.75,
      "twait": 0.03725076103956517
    },
    "F25": {
      "rho": 0.13104598166015377,
      "capacity": 1.0,
      "tserv": 0.1747279755468717,
      "stddev": 0.17599186255946342,
      "mu": 5.7231819739807195,
      "cv": 1.0072334553676132,
      "lambda": 0.75,
      "twait": 0.026541824924476414
    }
  },
  "extra": {
    "deltatime": 0.1624456,
    "obj_func": 15264.227862348613
  },
  "network": [
    [
      0.0,
      0.8684189642546082,
      0.9473045043170875,
      0.6745250855714306,
      1.0896992175120803,
      1.2489868760012208,
      0.8594572107154329,
      0.6572821266001998,
      0.8692937585447252,
      0.8536083396972765,
      1.1228482863560973,
      0.7536600763006376,
      1.0330812915832857,
      1.1398134405915057,
      0.6874243913353466,
      1.0457601921388788,
      0.6959649667840276,
      1.2963759817368767,
      1.4082849752602964,
      1.1504922662592154,
      1.0990457661448447,
      1.1846814030186814,
      0.9068639325075967,
      0.8952313484000497,
      0.8952313484000497
    ],
    [
      0.8684189642546082,
      0.0,
      1.06096099678761,
      1.0503545213549974,
      1.3946961991505655,
      1.0834670573758292,
      0.8764784279042839,
      0.8580295721183053,
      0.8906228967815677,
      0.8854340530159696,
      1.116091723853014,
      1.1777786600989826,
      0.9284329780446071,
      0.9803778035143188,
      0.7651885067733715,
      0.986630633314221,
      1.204704695521137,
      0.9784603014509982,
      1.20153602951628,
      1.1459863245983497,
      1.1865311395106486,
      1.1449775949033194,
      0.8952313484000497,
      1.0961397761092924,
      1.0961397761092924
    ],
    [
      0.9473045043170875,
      1.06096099678761,
      0.0,
      0.7928834229420834,
      0.8096378993845694,
      0.5444509368756607,
      0.9675073247124005,
      1.0654569540712842,
      1.0855397221898486,
      0.9905927619930437,
      1.0709808665244862,
      0.9603336719587179,
      1.1021379724013498,
      0.8472155678172832,
      1.1143042169516983,
      1.227876593009401,
      0.9102445325545115,
      0.9321510499166762,
      0.7845578632165138,
      1.3339295237596345,
      0.8588954133857793,
      0.9068639325075967,
      1.0961397761092924,
      1.2326200645121428,
      1.2326200645121428
    ],
    [
      0.6745250855714306,
      1.0503545213549974,
      0.7928834229420834,
      0.0,
      0.8013654452192635,
      1.329693938840449,
      0.761723094003285,
      1.1221428572304304,
      0.8512985485843543,
      1.3276063155292164,
      1.1861633852240832,
      0.9389585269172444,
      1.0223930266684316,
      1.1118725755581214,
      1.2661994180272453,
      0.7439284549532575,
      0.9064016365057935,
      0.7883201734314758,
      1.0373446741479728,
      1.1712251831756435,
      1.1846814030186814,
      0.8952313484000497,
      1.2326200645121428,
      1.107440754621913,
      1.107440754621913
    ],
    [
      1.0896992175120803,
      1.3946961991505655,
      0.8096378993845694,
      0.8013654452192635,
      0.0,
      0.9849333332759088,
      1.023873356966543,
      0.6620102967754325,
      0.7913652972698131,
      0.851055783565075,
      1.0807642518514684,
      0.9489174874243382,
      0.9254750018400384,
      1.1467124801381214,
      1.3293620113976954,
      0.8345104012004453,
      1.2758221671690517,
      0.874139696064645,
      0.8821931435531224,
      1.0990457661448447,
      1.1449775949033194,
      1.0961397761092924,
      1.107440754621913,
      0.5944776058936914,
      0.5944776058936914
    ],
    [
      1.2489868760012208,
      1.0834670573758292,
      0.5444509368756607,
      1.329693938840449,
      0.9849333332759088,
      0.0,
      1.1411350888863236,
      0.7829028226608037,
      1.1395242018864504,
      1.3600387158242195,
      0.9668350074064431,
      1.2165921674248557,
      1.2425311217660393,
      0.7432353536834387,
      0.8576130796286968,
      0.8089910951780832,
      0.929218973165087,
      0.9018990302557242,
      1.1504922662592154,
      1.1865311395106486,
      0.9068639325075967,
      1.2326200645121428,
      0.5944776058936914,
      1.1349940739214186,
      1.1349940739214186
    ],
    [
      0.8594572107154329,
      0.8764784279042839,
      0.9675073247124005,
      0.761723094003285,
      1.023873356966543,
      1.1411350888863236,
      0.0,
      1.0244913794018735,
      1.2016264688533191,
      1.1049194715645327,
      0.7419877295053889,
      1.1868380346550294,
      1.1848618205050339,
      1.1070011480647846,
      1.3971435324267922,
      1.2314404730290542,
      1.2152574648975327,
      1.4082849752602964,
      1.1459863245983497,
      0.8588954133857793,
      0.8952313484000497,
      1.107440754621913,
      1.1349940739214186,
      1.1417467066862863,
      1.1417467066862863
    ],
    [
      0.6572821266001998,
      0.8580295721183053,
      1.0654569540712842,
      1.1221428572304304,
      0.6620102967754325,
      0.7829028226608037,
      1.0244913794018735,
      0.0,
      1.3776424168802675,
      0.9514083442869072,
      0.8411209067259243,
      0.7279715032164583,
      0.8576775983574749,
      0.998831754006293,
      0.7871486461505697,
      1.0055476371509164,
      1.2963759817368767,
      1.20153602951628,
      1.3339295237596345,
      1.1846814030186814,
      1.0961397761092924,
      0.5944776058936914,
      1.1417467066862863,
      0.787522439947878,
      0.787522439947878
    ],
    [
      0.8692937585447252,
      0.8906228967815677,
      1.0855397221898486,
      0.8512985485843543,
      0.7913652972698131,
      1.1395242018864504,
      1.2016264688533191,
      1.3776424168802675,
      0.0,
      1.0168188931481115,
      0.9459453353517973,
      1.1952201432599163,
      1.0268125758296824,
      0.8131720858606347,
      1.0355574049090428,
      0.6959649667840276,
      0.9784603014509982,
      0.7845578632165138,
      1.1712251831756435,
      1.1449775949033194,
      1.2326200645121428,
      1.1349940739214186,
      0.787522439947878,
      1.006296738873381,
      1.006296738873381
    ],
    [
      0.8536083396972765,
      0.8854340530159696,
      0.9905927619930437,
      1.3276063155292164,
      0.851055783565075,
      1.3600387158242195,
      1.1049194715645327,
      0.9514083442869072,
      1.0168188931481115,
      0.0,
      0.9335316739029689,
      1.0339484853128764,
      1.0640851270414808,
      0.8369291435186144,
      1.0457601921388788,
      1.204704695521137,
      0.9321510499166762,
      1.0373446741479728,
      1.0990457661448447,
      0.9068639325075967,
      1.107440754621913,
      1.1417467066862863,
      1.006296738873381,
      1.0036639501445581,
      1.0036639501445581
    ],
    [
      1.1228482863560973,
      1.116091723853014,
      1.0709808665244862,
      1.1861633852240832,
      1.0807642518514684,
      0.9668350074064431,
      0.7419877295053889,
      0.8411209067259243,
      0.9459453353517973,
      0.9335316739029689,
      0.0,
      0.95076211158864,
      0.8212622092476354,
      0.6874243913353466,
      0.986630633314221,
      0.9102445325545115,
      0.7883201734314758,
      0.8821931435531224,
      1.1865311395106486,
      0.8952313484000497,
      0.5944776058936914,
      0.787522439947878,
      1.0036639501445581,
      0.7564413505616804,
      0.7564413505616804
    ],
    [
      0.7536600763006376,
      1.1777786600989826,
      0.9603336719587179,
      0.9389585269172444,
      0.9489174874243382,
      1.2165921674248557,
      1.1868380346550294,
      0.7279715032164583,
      1.1952201432599163,
      1.0339484853128764,
      0.95076211158864,
      0.0,
      1.1398134405915057,
      0.7651885067733715,
      1.227876593009401,
      0.9064016365057935,
      0.874139696064645,
      1.1504922662592154,
      0.8588954133857793,
      1.0961397761092924,
      1.1349940739214186,
      1.006296738873381,
      0.7564413505616804,
      1.1516897210234103,
      1.1516897210234103
    ],
    [
      1.0330812915832857,
      0.9284329780446071,
      1.1021379724013498,
      1.0223930266684316,
      0.9254750018400384,
      1.2425311217660393,
      1.1848618205050339,
      0.8576775983574749,
      1.0268125758296824,
      1.0640851270414808,
      0.8212622092476354,
      1.1398134405915057,
      0.0,
      1.1143042169516983,
      0.7439284549532575,
      1.2758221671690517,
      0.9018990302557242,
      1.1459863245983497,
      1.1846814030186814,
      1.2326200645121428,
      1.1417467066862863,
      1.0036639501445581,
      1.1516897210234103,
      1.0091735424864405,
      1.0091735424864405
    ],
    [
      1.1398134405915057,
      0.9803778035143188,
      0.8472155678172832,
      1.1118725755581214,
      1.1467124801381214,
      0.7432353536834387,
      1.1070011480647846,
      0.998831754006293,
      0.8131720858606347,
      0.8369291435186144,
      0.6874243913353466,
      0.7651885067733715,
      1.1143042169516983,
      0.0,
      0.8345104012004453,
      0.929218973165087,
      1.4082849752602964,
      1.3339295237596345,
      1.1449775949033194,
      1.107440754621913,
      0.787522439947878,
      0.7564413505616804,
      1.0091735424864405,
      0.7562357737920733,
      0.7562357737920733
    ],
    [
      0.6874243913353466,
      0.7651885067733715,
      1.1143042169516983,
      1.2661994180272453,
      1.3293620113976954,
      0.8576130796286968,
      1.3971435324267922,
      0.7871486461505697,
      1.0355574049090428,
      1.0457601921388788,
      0.986630633314221,
      1.227876593009401,
      0.7439284549532575,
      0.8345104012004453,
      0.0,
      1.2152574648975327,
      1.20153602951628,
      1.1712251831756435,
      0.9068639325075967,
      0.5944776058936914,
      1.006296738873381,
      1.1516897210234103,
      0.7562357737920733,
      1.1985220401842034,
      1.1985220401842034
    ],
    [
      1.0457601921388788,
      0.986630633314221,
      1.227876593009401,
      0.7439284549532575,
      0.8345104012004453,
      0.8089910951780832,
      1.2314404730290542,
      1.0055476371509164,
      0.6959649667840276,
      1.204704695521137,
      0.9102445325545115,
      0.9064016365057935,
      1.2758221671690517,
      0.929218973165087,
      1.2152574648975327,
      0.0,
      0.7845578632165138,
      1.0990457661448447,
      0.8952313484000497,
      1.1349940739214186,
      1.0036639501445581,
      1.0091735424864405,
      1.1985220401842034,
      0.7489173550308751,
      0.7489173550308751
    ],
    [
      0.6959649667840276,
      1.204704695521137,
      0.9102445325545115,
      0.9064016365057935,
      1.2758221671690517,
      0.929218973165087,
      1.2152574648975327,
      1.2963759817368767,
      0.9784603014509982,
      0.9321510499166762,
      0.7883201734314758,
      0.874139696064645,
      0.9018990302557242,
      1.4082849752602964,
      1.20153602951628,
      0.7845578632165138,
      0.0,
      1.1865311395106486,
      1.0961397761092924,
      1.1417467066862863,
      0.7564413505616804,
      0.7562357737920733,
      0.7489173550308751,
      1.0552068311907983,
      1.0552068311907983
    ],
    [
      1.2963759817368767,
      0.9784603014509982,
      0.9321510499166762,
      0.7883201734314758,
      0.874139696064645,
      0.9018990302557242,
      1.4082849752602964,
      1.20153602951628,
      0.7845578632165138,
      1.0373446741479728,
      0.8821931435531224,
      1.1504922662592154,
      1.1459863245983497,
      1.3339295237596345,
      1.1712251831756435,
      1.0990457661448447,
      1.1865311395106486,
      0.0,
      1.2326200645121428,
      0.787522439947878,
      1.1516897210234103,
      1.1985220401842034,
      1.0552068311907983,
      0.8657485434193852,
      0.8657485434193852
    ],
    [
      1.4082849752602964,
      1.20153602951628,
      0.7845578632165138,
      1.0373446741479728,
      0.8821931435531224,
      1.1504922662592154,
      1.1459863245983497,
      1.3339295237596345,
      1.1712251831756435,
      1.0990457661448447,
      1.1865311395106486,
      0.8588954133857793,
      1.1846814030186814,
      1.1449775949033194,
      0.9068639325075967,
      0.8952313484000497,
      1.0961397761092924,
      1.2326200645121428,
      0.0,
      1.006296738873381,
      1.0091735424864405,
      0.7489173550308751,
      0.8657485434193852,
      0.926735636293674,
      0.926735636293674
    ],
    [
      1.1504922662592154,
      1.1459863245983497,
      1.3339295237596345,
      1.1712251831756435,
      1.0990457661448447,
      1.1865311395106486,
      0.8588954133857793,
      1.1846814030186814,
      1.1449775949033194,
      0.9068639325075967,
      0.8952313484000497,
      1.0961397761092924,
      1.2326200645121428,
      1.107440754621913,
      0.5944776058936914,
      1.1349940739214186,
      1.1417467066862863,
      0.787522439947878,
      1.006296738873381,
      0.0,
      0.7562357737920733,
      1.0552068311907983,
      0.926735636293674,
      1.1207716682919175,
      1.1207716682919175
    ],
    [
      1.0990457661448447,
      1.1865311395106486,
      0.8588954133857793,
      1.1846814030186814,
      1.1449775949033194,
      0.9068639325075967,
      0.8952313484000497,
      1.0961397761092924,
      1.2326200645121428,
      1.107440754621913,
      0.5944776058936914,
      1.1349940739214186,
      1.1417467066862863,
      0.787522439947878,
      1.006296738873381,
      1.0036639501445581,
      0.7564413505616804,
      1.1516897210234103,
      1.0091735424864405,
      0.7562357737920733,
      0.0,
      0.8657485434193852,
      1.1207716682919175,
      0.9559599333886419,
      0.9559599333886419
    ],
    [
      1.1846814030186814,
      1.1449775949033194,
      0.9068639325075967,
      0.8952313484000497,
      1.0961397761092924,
      1.2326200645121428,
      1.107440754621913,
      0.5944776058936914,
      1.1349940739214186,
      1.1417467066862863,
      0.787522439947878,
      1.006296738873381,
      1.0036639501445581,
      0.7564413505616804,
      1.1516897210234103,
      1.0091735424864405,
      0.7562357737920733,
      1.1985220401842034,
      0.7489173550308751,
      1.0552068311907983,
      0.8657485434193852,
      0.0,
      0.9559599333886419,
      0.8948389983770006,
      0.8948389983770006
    ],
    [
      0.9068639325075967,
      0.8952313484000497,
      1.0961397761092924,
      1.2326200645121428,
      1.107440754621913,
      0.5944776058936914,
      1.1349940739214186,
      1.1417467066862863,
      0.787522439947878,
      1.006296738873381,
      1.0036639501445581,
      0.7564413505616804,
      1.1516897210234103,
      1.0091735424864405,
      0.7562357737920733,
      1.1985220401842034,
      0.7489173550308751,
      1.0552068311907983,
      0.8657485434193852,
      0.926735636293674,
      1.1207716682919175,
      0.9559599333886419,
      0.0,
      0.8758033328760673,
      0.8758033328760673
    ],
    [
      0.8952313484000497,
      1.0961397761092924,
      1.2326200645121428,
      1.107440754621913,
      0.5944776058936914,
      1.1349940739214186,
      1.1417467066862863,
      0.787522439947878,
      1.006296738873381,
      1.0036639501445581,
      0.7564413505616804,
      1.1516897210234103,
      1.0091735424864405,
      0.7562357737920733,
      1.1985220401842034,
      0.7489173550308751,
      1.0552068311907983,
      0.8657485434193852,
      0.926735636293674,
      1.1207716682919175,
      0.9559599333886419,
      0.8948389983770006,
      0.8758033328760673,
      0.0,
      0.6801432221741331
    ],
    [
      0.8952313484000497,
      1.0961397761092924,
      1.2326200645121428,
      1.107440754621913,
      0.5944776058936914,
      1.1349940739214186,
      1.1417467066862863,
      0.787522439947878,
      1.006296738873381,
      1.0036639501445581,
      0.7564413505616804,
      1.1516897210234103,
      1.0091735424864405,
      0.7562357737920733,
      1.1985220401842034,
      0.7489173550308751,
      1.0552068311907983,
      0.8657485434193852,
      0.926735636293674,
      1.1207716682919175,
      0.9559599333886419,
      0.8948389983770006,
      0.8758033328760673,
      0.6801432221741331,
      0.0
    ]
  ]
}