{
  "servicechain": {
    "SC1": {
      "resptime": 12321.12954652638,
      "resptime_old": 12311.12954652638,
      "waittime": 12305.663453703306,
      "servicetime": 10.0,
      "networktime": 5.466092823073312,
      "services": {
        "MS1_1": {
          "meanserv": 2.510932804255429,
          "stddevserv": 2.510932804255429,
          "rate": 0.398258367689187,
          "cv": 1.0,
          "lambda": 0.375
        },
        "MS1_2": {
          "meanserv": 1.0457723098533624,
          "stddevserv": 1.0457723098533624,
          "rate": 0.9562310940707728,
          "cv": 1.0,
          "lambda": 0.375
        },
        "MS1_3": {
          "meanserv": 1.4798072373980973,
          "stddevserv": 1.4798072373980973,
          "rate": 0.675763690518416,
          "cv": 1.0,
          "lambda": 0.375
        },
        "MS1_4": {
          "meanserv": 1.067725211668571,
          "stddevserv": 1.067725211668571,
          "rate": 0.9365705605445671,
          "cv": 1.0,
          "lambda": 0.375
        },
        "MS1_5": {
          "meanserv": 0.42192250557765565,
          "stddevserv": 0.42192250557765565,
          "rate": 2.370103482939115,
          "cv": 1.0,
          "lambda": 0.375
        },
        "MS1_6": {
          "meanserv": 0.11432737165152673,
          "stddevserv": 0.11432737165152673,
          "rate": 8.746811770046023,
          "cv": 1.0,
          "lambda": 0.375
        },
        "MS1_7": {
          "meanserv": 0.9859312647114438,
          "stddevserv": 0.9859312647114438,
          "rate": 1.0142694889513153,
          "cv": 1.0,
          "lambda": 0.375
        },
        "MS1_8": {
          "meanserv": 0.20795011725561086,
          "stddevserv": 0.20795011725561086,
          "rate": 4.808845569299713,
          "cv": 1.0,
          "lambda": 0.375
        },
        "MS1_9": {
          "meanserv": 1.9807502598348945,
          "stddevserv": 1.9807502598348945,
          "rate": 0.5048592042508958,
          "cv": 1.0,
          "lambda": 0.375
        },
        "MS1_10": {
          "meanserv": 0.18488091779340898,
          "stddevserv": 0.18488091779340898,
          "rate": 5.408887038939451,
          "cv": 1.0,
          "lambda": 0.375
        }
      },
      "sensors": [
        "S1"
      ],
      "sources": [
        {
          "startTime": 0,
          "stopTime": -1,
          "lambda": 0.375
        }
      ]
    },
    "SC2": {
      "resptime": 12318.323118208285,
      "resptime_old": 12308.323118208284,
      "waittime": 12302.5828910738,
      "servicetime": 10.0,
      "networktime": 5.740227134485475,
      "services": {
        "MS2_1": {
          "meanserv": 1.5564227846266154,
          "stddevserv": 1.5564227846266154,
          "rate": 0.6424989468654555,
          "cv": 1.0,
          "lambda": 0.375
        },
        "MS2_2": {
          "meanserv": 1.767488608078944,
          "stddevserv": 1.767488608078944,
          "rate": 0.5657745093400542,
          "cv": 1.0,
          "lambda": 0.375
        },
        "MS2_3": {
          "meanserv": 0.31896865572277466,
          "stddevserv": 0.31896865572277466,
          "rate": 3.1351042870780708,
          "cv": 1.0,
          "lambda": 0.375
        },
        "MS2_4": {
          "meanserv": 0.22256641701541202,
          "stddevserv": 0.22256641701541202,
          "rate": 4.49304083432656,
          "cv": 1.0,
          "lambda": 0.375
        },
        "MS2_5": {
          "meanserv": 0.38586995971473215,
          "stddevserv": 0.38586995971473215,
          "rate": 2.5915466462828176,
          "cv": 1.0,
          "lambda": 0.375
        },
        "MS2_6": {
          "meanserv": 1.0483622627391673,
          "stddevserv": 1.0483622627391673,
          "rate": 0.9538687489448484,
          "cv": 1.0,
          "lambda": 0.375
        },
        "MS2_7": {
          "meanserv": 2.8729245539424513,
          "stddevserv": 2.8729245539424513,
          "rate": 0.34807736201346534,
          "cv": 1.0,
          "lambda": 0.375
        },
        "MS2_8": {
          "meanserv": 0.7928712432867133,
          "stddevserv": 0.7928712432867133,
          "rate": 1.2612388309792515,
          "cv": 1.0,
          "lambda": 0.375
        },
        "MS2_9": {
          "meanserv": 0.41307056964810407,
          "stddevserv": 0.41307056964810407,
          "rate": 2.420893845939939,
          "cv": 1.0,
          "lambda": 0.375
        },
        "MS2_10": {
          "meanserv": 0.6214549452250857,
          "stddevserv": 0.6214549452250857,
          "rate": 1.6091271099915514,
          "cv": 1.0,
          "lambda": 0.375
        }
      },
      "sensors": [
        "S2"
      ],
      "sources": [
        {
          "startTime": 0,
          "stopTime": -1,
          "lambda": 0.375
        }
      ]
    },
    "SC3": {
      "resptime": 39.59536369109888,
      "resptime_old": 29.59536369109889,
      "waittime": 24.654078210867823,
      "servicetime": 10.0,
      "networktime": 4.941285480231062,
      "services": {
        "MS3_1": {
          "meanserv": 0.40259412861690436,
          "stddevserv": 0.40259412861690436,
          "rate": 2.48389116710534,
          "cv": 1.0,
          "lambda": 0.375
        },
        "MS3_2": {
          "meanserv": 2.3180317449246535,
          "stddevserv": 2.3180317449246535,
          "rate": 0.4314004768008492,
          "cv": 1.0,
          "lambda": 0.375
        },
        "MS3_3": {
          "meanserv": 1.7338770347584362,
          "stddevserv": 1.7338770347584362,
          "rate": 0.5767421679584792,
          "cv": 1.0,
          "lambda": 0.375
        },
        "MS3_4": {
          "meanserv": 1.5050786663104114,
          "stddevserv": 1.5050786663104114,
          "rate": 0.6644170981782804,
          "cv": 1.0,
          "lambda": 0.375
        },
        "MS3_5": {
          "meanserv": 0.2755361688624154,
          "stddevserv": 0.2755361688624154,
          "rate": 3.629287596356666,
          "cv": 1.0,
          "lambda": 0.375
        },
        "MS3_6": {
          "meanserv": 0.19842617487858583,
          "stddevserv": 0.19842617487858583,
          "rate": 5.039657699453643,
          "cv": 1.0,
          "lambda": 0.375
        },
        "MS3_7": {
          "meanserv": 0.3418374138671485,
          "stddevserv": 0.3418374138671485,
          "rate": 2.9253673221054717,
          "cv": 1.0,
          "lambda": 0.375
        },
        "MS3_8": {
          "meanserv": 0.8004398965891646,
          "stddevserv": 0.8004398965891646,
          "rate": 1.249313039319006,
          "cv": 1.0,
          "lambda": 0.375
        },
        "MS3_9": {
          "meanserv": 0.9476793556504903,
          "stddevserv": 0.9476793556504903,
          "rate": 1.0552092266625315,
          "cv": 1.0,
          "lambda": 0.375
        },
        "MS3_10": {
          "meanserv": 1.4764994155417899,
          "stddevserv": 1.4764994155417899,
          "rate": 0.6772776131665842,
          "cv": 1.0,
          "lambda": 0.375
        }
      },
      "sensors": [
        "S3"
      ],
      "sources": [
        {
          "startTime": 0,
          "stopTime": -1,
          "lambda": 0.375
        }
      ]
    },
    "SC4": {
      "resptime": 12314.6423993175,
      "resptime_old": 12304.642399317498,
      "waittime": 12298.07093182017,
      "servicetime": 10.0,
      "networktime": 6.571467497329488,
      "services": {
        "MS4_1": {
          "meanserv": 0.4364791206459695,
          "stddevserv": 0.4364791206459695,
          "rate": 2.291060334157668,
          "cv": 1.0,
          "lambda": 0.375
        },
        "MS4_2": {
          "meanserv": 1.0468323036842841,
          "stddevserv": 1.0468323036842841,
          "rate": 0.955262840552914,
          "cv": 1.0,
          "lambda": 0.375
        },
        "MS4_3": {
          "meanserv": 0.449334279943705,
          "stddevserv": 0.449334279943705,
          "rate": 2.2255145993430223,
          "cv": 1.0,
          "lambda": 0.375
        },
        "MS4_4": {
          "meanserv": 1.0503312849372795,
          "stddevserv": 1.0503312849372795,
          "rate": 0.9520805619530937,
          "cv": 1.0,
          "lambda": 0.375
        },
        "MS4_5": {
          "meanserv": 4.538636012414548,
          "stddevserv": 4.538636012414548,
          "rate": 0.220330512793865,
          "cv": 1.0,
          "lambda": 0.375
        },
        "MS4_6": {
          "meanserv": 0.6446456548352817,
          "stddevserv": 0.6446456548352817,
          "rate": 1.5512398051539145,
          "cv": 1.0,
          "lambda": 0.375
        },
        "MS4_7": {
          "meanserv": 0.0693230962966993,
          "stddevserv": 0.0693230962966993,
          "rate": 14.425206798612273,
          "cv": 1.0,
          "lambda": 0.375
        },
        "MS4_8": {
          "meanserv": 0.32823032271517505,
          "stddevserv": 0.32823032271517505,
          "rate": 3.046641126047819,
          "cv": 1.0,
          "lambda": 0.375
        },
        "MS4_9": {
          "meanserv": 1.0642325680683111,
          "stddevserv": 1.0642325680683111,
          "rate": 0.9396442375514784,
          "cv": 1.0,
          "lambda": 0.375
        },
        "MS4_10": {
          "meanserv": 0.3719553564587468,
          "stddevserv": 0.3719553564587468,
          "rate": 2.688494687966428,
          "cv": 1.0,
          "lambda": 0.375
        }
      },
      "sensors": [
        "S4"
      ],
      "sources": [
        {
          "startTime": 0,
          "stopTime": -1,
          "lambda": 0.375
        }
      ]
    }
  },
  "microservice": {
    "MS1_1": "F1",
    "MS1_2": "F18",
    "MS1_3": "F5",
    "MS1_4": "F22",
    "MS1_5": "F23",
    "MS1_6": "F23",
    "MS1_7": "F10",
    "MS1_8": "F10",
    "MS1_9": "F3",
    "MS1_10": "F23",
    "MS2_1": "F9",
    "MS2_2": "F4",
    "MS2_3": "F15",
    "MS2_4": "F14",
    "MS2_5": "F14",
    "MS2_6": "F12",
    "MS2_7": "F1",
    "MS2_8": "F13",
    "MS2_9": "F11",
    "MS2_10": "F11",
    "MS3_1": "F25",
    "MS3_2": "F2",
    "MS3_3": "F24",
    "MS3_4": "F21",
    "MS3_5": "F16",
    "MS3_6": "F16",
    "MS3_7": "F17",
    "MS3_8": "F17",
    "MS3_9": "F19",
    "MS3_10": "F6",
    "MS4_1": "F15",
    "MS4_2": "F8",
    "MS4_3": "F16",
    "MS4_4": "F20",
    "MS4_5": "F1",
    "MS4_6": "F25",
    "MS4_7": "F23",
    "MS4_8": "F23",
    "MS4_9": "F7",
    "MS4_10": "F14"
  },
  "sensor": {
    "S1": "F1",
    "S2": "F9",
    "S3": "F25",
    "S4": "F15"
  },
  "fog": {
    "F1": {
      "rho": 3.720935013979661,
      "capacity": 1.0,
      "tserv": 3.307497790204143,
      "stddev": 3.535381492381433,
      "mu": 0.30234336148665386,
      "cv": 1.0688991245443054,
      "lambda": 1.125,
      "twait": 12294.677351894708
    },
    "F2": {
      "rho": 0.8692619043467451,
      "capacity": 1.0,
      "tserv": 2.3180317449246535,
      "stddev": 2.318031744924654,
      "mu": 0.4314004768008492,
      "cv": 1.0000000000000002,
      "lambda": 0.375,
      "twait": 15.412314818119714
    },
    "F3": {
      "rho": 0.7427813474380854,
      "capacity": 1.0,
      "tserv": 1.9807502598348945,
      "stddev": 1.9807502598348945,
      "mu": 0.5048592042508958,
      "cv": 1.0,
      "lambda": 0.375,
      "twait": 5.719897574630036
    },
    "F4": {
      "rho": 0.662808228029604,
      "capacity": 1.0,
      "tserv": 1.767488608078944,
      "stddev": 1.7674886080789443,
      "mu": 0.5657745093400542,
      "cv": 1.0000000000000002,
      "lambda": 0.375,
      "twait": 3.474301835829404
    },
    "F5": {
      "rho": 0.5549277140242865,
      "capacity": 1.0,
      "tserv": 1.4798072373980975,
      "stddev": 1.479807237398097,
      "mu": 0.6757636905184159,
      "cv": 0.9999999999999997,
      "lambda": 0.375,
      "twait": 1.8450621917418846
    },
    "F6": {
      "rho": 0.5536872808281712,
      "capacity": 1.0,
      "tserv": 1.4764994155417899,
      "stddev": 1.4764994155417899,
      "mu": 0.6772776131665842,
      "cv": 1.0,
      "lambda": 0.375,
      "twait": 1.8317177875922819
    },
    "F7": {
      "rho": 0.39908721302561667,
      "capacity": 1.0,
      "tserv": 1.0642325680683111,
      "stddev": 1.0642325680683111,
      "mu": 0.9396442375514784,
      "cv": 1.0,
      "lambda": 0.375,
      "twait": 0.7067940952629169
    },
    "F8": {
      "rho": 0.39256211388160656,
      "capacity": 1.0,
      "tserv": 1.0468323036842841,
      "stddev": 1.0468323036842841,
      "mu": 0.955262840552914,
      "cv": 1.0,
      "lambda": 0.375,
      "twait": 0.6765246478777559
    },
    "F9": {
      "rho": 0.5836585442349808,
      "capacity": 1.0,
      "tserv": 1.5564227846266154,
      "stddev": 1.5564227846266154,
      "mu": 0.6424989468654555,
      "cv": 1.0,
      "lambda": 0.375,
      "twait": 2.1819096900166293
    },
    "F10": {
      "rho": 0.4477055182376455,
      "capacity": 1.0,
      "tserv": 0.5969406909835273,
      "stddev": 0.8117669132517278,
      "mu": 1.6752082997598754,
      "cv": 1.3598786705497492,
      "lambda": 0.75,
      "twait": 0.6893765985781217
    },
    "F11": {
      "rho": 0.38794706807744617,
      "capacity": 1.0,
      "tserv": 0.5172627574365949,
      "stddev": 0.537840853992344,
      "mu": 1.9332534299505955,
      "cv": 1.0397826757482567,
      "lambda": 0.75,
      "twait": 0.3411675171857823
    },
    "F12": {
      "rho": 0.39313584852718775,
      "capacity": 1.0,
      "tserv": 1.0483622627391673,
      "stddev": 1.0483622627391673,
      "mu": 0.9538687489448484,
      "cv": 1.0,
      "lambda": 0.375,
      "twait": 0.6791450553234887
    },
    "F13": {
      "rho": 0.2973267162325175,
      "capacity": 1.0,
      "tserv": 0.7928712432867133,
      "stddev": 0.7928712432867133,
      "mu": 1.2612388309792515,
      "cv": 1.0,
      "lambda": 0.375,
      "twait": 0.3354927654253038
    },
    "F14": {
      "rho": 0.3676468999458341,
      "capacity": 1.0,
      "tserv": 0.326797244396297,
      "stddev": 0.3431108320199768,
      "mu": 3.060001322371405,
      "cv": 1.049919599701082,
      "lambda": 1.125,
      "twait": 0.19971964019953764
    },
    "F15": {
      "rho": 0.28329291613827906,
      "capacity": 1.0,
      "tserv": 0.3777238881843721,
      "stddev": 0.38675533659970707,
      "mu": 2.647436477493546,
      "cv": 1.0239101859793591,
      "lambda": 0.75,
      "twait": 0.15291551772383108
    },
    "F16": {
      "rho": 0.34623623388176483,
      "capacity": 1.0,
      "tserv": 0.3077655412282354,
      "stddev": 0.3416772159115379,
      "mu": 3.249226654839865,
      "cv": 1.1101867172912447,
      "lambda": 1.125,
      "twait": 0.18194325618805804
    },
    "F17": {
      "rho": 0.4283539914211174,
      "capacity": 1.0,
      "tserv": 0.5711386552281565,
      "stddev": 0.6567781071832599,
      "mu": 1.7508883190554199,
      "cv": 1.1499451160784984,
      "lambda": 0.75,
      "twait": 0.49695758008593444
    },
    "F18": {
      "rho": 0.3921646161950109,
      "capacity": 1.0,
      "tserv": 1.0457723098533624,
      "stddev": 1.0457723098533624,
      "mu": 0.9562310940707728,
      "cv": 1.0,
      "lambda": 0.375,
      "twait": 0.6747137587708953
    },
    "F19": {
      "rho": 0.3553797583689339,
      "capacity": 1.0,
      "tserv": 0.9476793556504903,
      "stddev": 0.9476793556504903,
      "mu": 1.0552092266625315,
      "cv": 1.0,
      "lambda": 0.375,
      "twait": 0.5224565390161144
    },
    "F20": {
      "rho": 0.3938742318514798,
      "capacity": 1.0,
      "tserv": 1.0503312849372795,
      "stddev": 1.0503312849372795,
      "mu": 0.9520805619530937,
      "cv": 1.0,
      "lambda": 0.375,
      "twait": 0.6825290224963334
    },
    "F21": {
      "rho": 0.5644044998664043,
      "capacity": 1.0,
      "tserv": 1.5050786663104114,
      "stddev": 1.5050786663104114,
      "mu": 0.6644170981782804,
      "cv": 1.0,
      "lambda": 0.375,
      "twait": 1.9501422114277853
    },
    "F22": {
      "rho": 0.4003969543757141,
      "capacity": 1.0,
      "tserv": 1.067725211668571,
      "stddev": 1.067725211668571,
      "mu": 0.9365705605445671,
      "cv": 1.0,
      "lambda": 0.375,
      "twait": 0.7129949155230655
    },
    "F23": {
      "rho": 0.41950658026292464,
      "capacity": 1.0,
      "tserv": 0.22373684280689315,
      "stddev": 0.291661243049319,
      "mu": 4.469536565612031,
      "cv": 1.303590590580789,
      "lambda": 1.875,
      "twait": 0.21822672359189813
    },
    "F24": {
      "rho": 0.6502038880344136,
      "capacity": 1.0,
      "tserv": 1.7338770347584365,
      "stddev": 1.733877034758436,
      "mu": 0.5767421679584792,
      "cv": 0.9999999999999998,
      "lambda": 0.375,
      "twait": 3.222944883631035
    },
    "F25": {
      "rho": 0.39271491879456977,
      "capacity": 1.0,
      "tserv": 0.523619891726093,
      "stddev": 0.5508831651843866,
      "mu": 1.9097822978106085,
      "cv": 1.0520669170310188,
      "lambda": 0.75,
      "twait": 0.35670029853290286
    }
  },
  "extra": {
    "deltatime": 0.1699515,
    "obj_func": 9248.422606935816
  },
  "network": [
    [
      0.0,
      0.8619869647693833,
      0.7513898675650047,
      1.006077165020269,
      1.0226483247457014,
      1.0948224212052644,
      1.0108000609299728,
      0.9100505730332313,
      0.9505667290061983,
      1.1995057518967815,
      1.1627707731684713,
      0.6677583265507785,
      0.8063902545960931,
      0.9269883561507308,
      1.0359792506879406,
      0.9856441605038354,
      1.2227123541575668,
      1.011809057918524,
      0.9877172566748794,
      0.5954070885805282,
      1.3606483215323366,
      1.006739669611473,
      1.2153423979132125,
      0.8855771406125095,
      0.8855771406125095
    ],
    [
      0.8619869647693833,
      0.0,
      0.9959768786941694,
      0.880067732053405,
      1.2287158312055677,
      0.7992142816629985,
      1.0086560224574428,
      0.839430584276118,
      0.7552438046246321,
      0.9227005464528372,
      0.8488717124066386,
      1.0725743178152964,
      0.9325786320005632,
      1.0390985083296278,
      1.0419165946034221,
      0.9858396682507774,
      1.264825315564533,
      0.845720939492466,
      0.9141315166356655,
      1.0322804717939709,
      1.0022637221317168,
      0.9502958630801039,
      0.8855771406125095,
      0.5626724386857085,
      0.5626724386857085
    ],
    [
      0.7513898675650047,
      0.9959768786941694,
      0.0,
      1.3432870809872024,
      1.151399506499626,
      1.0212501193139565,
      0.812290315829295,
      1.261782308027382,
      0.5893835203459583,
      0.7427891317873184,
      1.188895709829256,
      0.9943849343612415,
      0.9669774253449531,
      0.9628966066984922,
      0.7382758018882202,
      1.1009201300832183,
      0.999410078849537,
      0.7843494051688096,
      0.8637278300662262,
      1.0889726754441662,
      0.980878066644503,
      1.2153423979132125,
      0.5626724386857085,
      1.2343482648479023,
      1.2343482648479023
    ],
    [
      1.006077165020269,
      0.880067732053405,
      1.3432870809872024,
      0.0,
      0.9753682098315417,
      0.8873076486679521,
      1.2853285893709674,
      0.9786017015266263,
      0.6340167218487052,
      1.0906014737923548,
      1.4242656118853954,
      1.0158614180687304,
      1.1460945422252173,
      1.0597629087654765,
      0.8899482481152902,
      0.9219876986491436,
      0.8871789207347541,
      1.028937519855763,
      1.356704278360609,
      1.1008033524673488,
      1.006739669611473,
      0.8855771406125095,
      1.2343482648479023,
      0.8241707781044106,
      0.8241707781044106
    ],
    [
      1.0226483247457014,
      1.2287158312055677,
      1.151399506499626,
      0.9753682098315417,
      0.0,
      1.028491082537895,
      1.2887820481384473,
      0.8807249744362625,
      0.6407679822620695,
      1.1068194018256539,
      1.2555937551785823,
      0.9905714296477548,
      0.9775887949633364,
      1.2032293050571807,
      1.018506957875243,
      0.8025772977955545,
      0.7726366113464893,
      0.745382434719873,
      1.4375824257854966,
      1.3606483215323366,
      0.9502958630801039,
      0.5626724386857085,
      0.8241707781044106,
      1.2156795434645944,
      1.2156795434645944
    ],
    [
      1.0948224212052644,
      0.7992142816629985,
      1.0212501193139565,
      0.8873076486679521,
      1.028491082537895,
      0.0,
      0.8496165318733718,
      0.9382584858968851,
      1.3240386669524675,
      1.1605942450017175,
      0.7777643011989149,
      0.9693533980181043,
      0.8711546036247209,
      1.0039159544908671,
      0.7877121357035081,
      1.168286068701879,
      0.9549803476019181,
      1.0491854005125387,
      0.5954070885805282,
      1.0022637221317168,
      1.2153423979132125,
      1.2343482648479023,
      1.2156795434645944,
      0.8658008181064099,
      0.8658008181064099
    ],
    [
      1.0108000609299728,
      1.0086560224574428,
      0.812290315829295,
      1.2853285893709674,
      1.2887820481384473,
      0.8496165318733718,
      0.0,
      1.026563806981941,
      1.0654317237652975,
      0.7806099005007148,
      0.9879333473157874,
      0.8703953661816194,
      1.0301042288962934,
      0.8560297395527621,
      1.0790740094836897,
      1.088102027523922,
      0.6325796943119393,
      0.9877172566748794,
      1.0322804717939709,
      0.980878066644503,
      0.8855771406125095,
      0.8241707781044106,
      0.8658008181064099,
      0.8974547152551506,
      0.8974547152551506
    ],
    [
      0.9100505730332313,
      0.839430584276118,
      1.261782308027382,
      0.9786017015266263,
      0.8807249744362625,
      0.9382584858968851,
      1.026563806981941,
      0.0,
      0.8449842701401166,
      1.1187023440249764,
      0.9411101550103811,
      1.224967847908997,
      1.2299283882849463,
      1.0499703979410202,
      0.832548779311665,
      0.6333303390621694,
      1.011809057918524,
      0.9141315166356655,
      1.0889726754441662,
      1.006739669611473,
      0.5626724386857085,
      1.2156795434645944,
      0.8974547152551506,
      1.4061142628125072,
      1.4061142628125072
    ],
    [
      0.9505667290061983,
      0.7552438046246321,
      0.5893835203459583,
      0.6340167218487052,
      0.6407679822620695,
      1.3240386669524675,
      1.0654317237652975,
      0.8449842701401166,
      0.0,
      1.0534176388827905,
      0.8054902898883503,
      0.8619355331514768,
      0.6843276897381145,
      0.9815945401490533,
      0.7860071609109103,
      1.2227123541575668,
      0.845720939492466,
      0.8637278300662262,
      1.1008033524673488,
      0.9502958630801039,
      1.2343482648479023,
      0.8658008181064099,
      1.4061142628125072,
      1.1025290592024175,
      1.1025290592024175
    ],
    [
      1.1995057518967815,
      0.9227005464528372,
      0.7427891317873184,
      1.0906014737923548,
      1.1068194018256539,
      1.1605942450017175,
      0.7806099005007148,
      1.1187023440249764,
      1.0534176388827905,
      0.0,
      1.1222993144455418,
      0.7898490128880683,
      0.8455912352497199,
      0.9296194572602917,
      0.9856441605038354,
      1.264825315564533,
      0.7843494051688096,
      1.356704278360609,
      1.3606483215323366,
      1.2153423979132125,
      0.8241707781044106,
      0.8974547152551506,
      1.1025290592024175,
      1.0558949834534188,
      1.0558949834534188
    ],
    [
      1.1627707731684713,
      0.8488717124066386,
      1.188895709829256,
      1.4242656118853954,
      1.2555937551785823,
      0.7777643011989149,
      0.9879333473157874,
      0.9411101550103811,
      0.8054902898883503,
      1.1222993144455418,
      0.0,
      0.8891414551554362,
      0.8976196909756319,
      1.0359792506879406,
      0.9858396682507774,
      0.999410078849537,
      1.028937519855763,
      1.4375824257854966,
      1.0022637221317168,
      0.8855771406125095,
      1.2156795434645944,
      1.4061142628125072,
      1.0558949834534188,
      1.1157297410290676,
      1.1157297410290676
    ],
    [
      0.6677583265507785,
      1.0725743178152964,
      0.9943849343612415,
      1.0158614180687304,
      0.9905714296477548,
      0.9693533980181043,
      0.8703953661816194,
      1.224967847908997,
      0.8619355331514768,
      0.7898490128880683,
      0.8891414551554362,
      0.0,
      0.9269883561507308,
      1.0419165946034221,
      1.1009201300832183,
      0.8871789207347541,
      0.745382434719873,
      0.5954070885805282,
      0.980878066644503,
      0.5626724386857085,
      0.8658008181064099,
      1.1025290592024175,
      1.1157297410290676,
      0.8006577309050391,
      0.8006577309050391
    ],
    [
      0.8063902545960931,
      0.9325786320005632,
      0.9669774253449531,
      1.1460945422252173,
      0.9775887949633364,
      0.8711546036247209,
      1.0301042288962934,
      1.2299283882849463,
      0.6843276897381145,
      0.8455912352497199,
      0.8976196909756319,
      0.9269883561507308,
      0.0,
      0.7382758018882202,
      0.9219876986491436,
      0.7726366113464893,
      1.0491854005125387,
      1.0322804717939709,
      1.006739669611473,
      1.2343482648479023,
      0.8974547152551506,
      1.0558949834534188,
      0.8006577309050391,
      0.8840884874779875,
      0.8840884874779875
    ],
    [
      0.9269883561507308,
      1.0390985083296278,
      0.9628966066984922,
      1.0597629087654765,
      1.2032293050571807,
      1.0039159544908671,
      0.8560297395527621,
      1.0499703979410202,
      0.9815945401490533,
      0.9296194572602917,
      1.0359792506879406,
      1.0419165946034221,
      0.7382758018882202,
      0.0,
      0.8025772977955545,
      0.9549803476019181,
      0.9877172566748794,
      1.0889726754441662,
      0.9502958630801039,
      0.8241707781044106,
      1.4061142628125072,
      1.1157297410290676,
      0.8840884874779875,
      0.9812008568406627,
      0.9812008568406627
    ],
    [
      1.0359792506879406,
      1.0419165946034221,
      0.7382758018882202,
      0.8899482481152902,
      1.018506957875243,
      0.7877121357035081,
      1.0790740094836897,
      0.832548779311665,
      0.7860071609109103,
      0.9856441605038354,
      0.9858396682507774,
      1.1009201300832183,
      0.9219876986491436,
      0.8025772977955545,
      0.0,
      0.6325796943119393,
      0.9141315166356655,
      1.1008033524673488,
      1.2153423979132125,
      1.2156795434645944,
      1.1025290592024175,
      0.8006577309050391,
      0.9812008568406627,
      1.0323834108255254,
      1.0323834108255254
    ],
    [
      0.9856441605038354,
      0.9858396682507774,
      1.1009201300832183,
      0.9219876986491436,
      0.8025772977955545,
      1.168286068701879,
      1.088102027523922,
      0.6333303390621694,
      1.2227123541575668,
      1.264825315564533,
      0.999410078849537,
      0.8871789207347541,
      0.7726366113464893,
      0.9549803476019181,
      0.6325796943119393,
      0.0,
      0.8637278300662262,
      1.3606483215323366,
      0.8855771406125095,
      0.8658008181064099,
      1.0558949834534188,
      0.8840884874779875,
      1.0323834108255254,
      1.0103603813501778,
      1.0103603813501778
    ],
    [
      1.2227123541575668,
      1.264825315564533,
      0.999410078849537,
      0.8871789207347541,
      0.7726366113464893,
      0.9549803476019181,
      0.6325796943119393,
      1.011809057918524,
      0.845720939492466,
      0.7843494051688096,
      1.028937519855763,
      0.745382434719873,
      1.0491854005125387,
      0.9877172566748794,
      0.9141315166356655,
      0.8637278300662262,
      0.0,
      1.0022637221317168,
      0.5626724386857085,
      0.8974547152551506,
      1.1157297410290676,
      0.9812008568406627,
      1.0103603813501778,
      1.105303422783301,
      1.105303422783301
    ],
    [
      1.011809057918524,
      0.845720939492466,
      0.7843494051688096,
      1.028937519855763,
      0.745382434719873,
      1.0491854005125387,
      0.9877172566748794,
      0.9141315166356655,
      0.8637278300662262,
      1.356704278360609,
      1.4375824257854966,
      0.5954070885805282,
      1.0322804717939709,
      1.0889726754441662,
      1.1008033524673488,
      1.3606483215323366,
      1.0022637221317168,
      0.0,
      1.2343482648479023,
      1.4061142628125072,
      0.8006577309050391,
      1.0323834108255254,
      1.105303422783301,
      0.9262758370897718,
      0.9262758370897718
    ],
    [
      0.9877172566748794,
      0.9141315166356655,
      0.8637278300662262,
      1.356704278360609,
      1.4375824257854966,
      0.5954070885805282,
      1.0322804717939709,
      1.0889726754441662,
      1.1008033524673488,
      1.3606483215323366,
      1.0022637221317168,
      0.980878066644503,
      1.006739669611473,
      0.9502958630801039,
      1.2153423979132125,
      0.8855771406125095,
      0.5626724386857085,
      1.2343482648479023,
      0.0,
      1.1025290592024175,
      0.8840884874779875,
      1.0103603813501778,
      0.9262758370897718,
      1.0743422532632585,
      1.0743422532632585
    ],
    [
      0.5954070885805282,
      1.0322804717939709,
      1.0889726754441662,
      1.1008033524673488,
      1.3606483215323366,
      1.0022637221317168,
      0.980878066644503,
      1.006739669611473,
      0.9502958630801039,
      1.2153423979132125,
      0.8855771406125095,
      0.5626724386857085,
      1.2343482648479023,
      0.8241707781044106,
      1.2156795434645944,
      0.8658008181064099,
      0.8974547152551506,
      1.4061142628125072,
      1.1025290592024175,
      0.0,
      0.9812008568406627,
      1.105303422783301,
      1.0743422532632585,
      0.9975565154203948,
      0.9975565154203948
    ],
    [
      1.3606483215323366,
      1.0022637221317168,
      0.980878066644503,
      1.006739669611473,
      0.9502958630801039,
      1.2153423979132125,
      0.8855771406125095,
      0.5626724386857085,
      1.2343482648479023,
      0.8241707781044106,
      1.2156795434645944,
      0.8658008181064099,
      0.8974547152551506,
      1.4061142628125072,
      1.1025290592024175,
      1.0558949834534188,
      1.1157297410290676,
      0.8006577309050391,
      0.8840884874779875,
      0.9812008568406627,
      0.0,
      0.9262758370897718,
      0.9975565154203948,
      0.738238262073763,
      0.738238262073763
    ],
    [
      1.006739669611473,
      0.9502958630801039,
      1.2153423979132125,
      0.8855771406125095,
      0.5626724386857085,
      1.2343482648479023,
      0.8241707781044106,
      1.2156795434645944,
      0.8658008181064099,
      0.8974547152551506,
      1.4061142628125072,
      1.1025290592024175,
      1.0558949834534188,
      1.1157297410290676,
      0.8006577309050391,
      0.8840884874779875,
      0.9812008568406627,
      1.0323834108255254,
      1.0103603813501778,
      1.105303422783301,
      0.9262758370897718,
      0.0,
      0.738238262073763,
      1.0877483593239394,
      1.0877483593239394
    ],
    [
      1.2153423979132125,
      0.8855771406125095,
      0.5626724386857085,
      1.2343482648479023,
      0.8241707781044106,
      1.2156795434645944,
      0.8658008181064099,
      0.8974547152551506,
      1.4061142628125072,
      1.1025290592024175,
      1.0558949834534188,
      1.1157297410290676,
      0.8006577309050391,
      0.8840884874779875,
      0.9812008568406627,
      1.0323834108255254,
      1.0103603813501778,
      1.105303422783301,
      0.9262758370897718,
      1.0743422532632585,
      0.9975565154203948,
      0.738238262073763,
      0.0,
      1.036972773997034,
      1.036972773997034
    ],
    [
      0.8855771406125095,
      0.5626724386857085,
      1.2343482648479023,
      0.8241707781044106,
      1.2156795434645944,
      0.8658008181064099,
      0.8974547152551506,
      1.4061142628125072,
      1.1025290592024175,
      1.0558949834534188,
      1.1157297410290676,
      0.8006577309050391,
      0.8840884874779875,
      0.9812008568406627,
      1.0323834108255254,
      1.0103603813501778,
      1.105303422783301,
      0.9262758370897718,
      1.0743422532632585,
      0.9975565154203948,
      0.738238262073763,
      1.0877483593239394,
      1.036972773997034,
      0.0,
      0.9811996004753101
    ],
    [
      0.8855771406125095,
      0.5626724386857085,
      1.2343482648479023,
      0.8241707781044106,
      1.2156795434645944,
      0.8658008181064099,
      0.8974547152551506,
      1.4061142628125072,
      1.1025290592024175,
      1.0558949834534188,
      1.1157297410290676,
      0.8006577309050391,
      0.8840884874779875,
      0.9812008568406627,
      1.0323834108255254,
      1.0103603813501778,
      1.105303422783301,
      0.9262758370897718,
      1.0743422532632585,
      0.9975565154203948,
      0.738238262073763,
      1.0877483593239394,
      1.036972773997034,
      0.9811996004753101,
      0.0
    ]
  ]
}