{
  "servicechain": {
    "SC1": {
      "resptime": 14.13498617022784,
      "resptime_old": 4.134986170227839,
      "waittime": 2.0423896871250165,
      "servicetime": 10.0,
      "networktime": 2.092596483102823,
      "services": {
        "MS1_1": {
          "meanserv": 2.7323525072709556,
          "stddevserv": 2.7323525072709556,
          "rate": 0.3659849881517628,
          "cv": 1.0,
          "lambda": 0.025
        },
        "MS1_2": {
          "meanserv": 0.13665346923874733,
          "stddevserv": 0.13665346923874733,
          "rate": 7.3177798234518265,
          "cv": 1.0,
          "lambda": 0.025
        },
        "MS1_3": {
          "meanserv": 3.196494933823928,
          "stddevserv": 3.196494933823928,
          "rate": 0.31284266695324064,
          "cv": 1.0,
          "lambda": 0.025
        },
        "MS1_4": {
          "meanserv": 2.6265268477202,
          "stddevserv": 2.6265268477202,
          "rate": 0.380730926420185,
          "cv": 1.0,
          "lambda": 0.025
        },
        "MS1_5": {
          "meanserv": 1.3079722419461692,
          "stddevserv": 1.3079722419461692,
          "rate": 0.7645422188104477,
          "cv": 1.0,
          "lambda": 0.025
        }
      },
      "sensors": [
        "S1"
      ],
      "sources": [
        {
          "startTime": 0,
          "stopTime": -1,
          "lambda": 0.025
        }
      ]
    },
    "SC2": {
      "resptime": 14.009858733180074,
      "resptime_old": 4.009858733180074,
      "waittime": 1.3085901480716733,
      "servicetime": 10.0,
      "networktime": 2.7012685851084015,
      "services": {
        "MS2_1": {
          "meanserv": 0.2242466478669103,
          "stddevserv": 0.2242466478669103,
          "rate": 4.459375466756128,
          "cv": 1.0,
          "lambda": 0.025
        },
        "MS2_2": {
          "meanserv": 0.33724755411317364,
          "stddevserv": 0.33724755411317364,
          "rate": 2.9651808821255963,
          "cv": 1.0,
          "lambda": 0.025
        },
        "MS2_3": {
          "meanserv": 5.2166879507146025,
          "stddevserv": 5.2166879507146025,
          "rate": 0.19169250862762763,
          "cv": 1.0,
          "lambda": 0.025
        },
        "MS2_4": {
          "meanserv": 2.5308584538231234,
          "stddevserv": 2.5308584538231234,
          "rate": 0.39512284793699015,
          "cv": 1.0,
          "lambda": 0.025
        },
        "MS2_5": {
          "meanserv": 1.6909593934821903,
          "stddevserv": 1.6909593934821903,
          "rate": 0.5913802565895455,
          "cv": 1.0,
          "lambda": 0.025
        }
      },
      "sensors": [
        "S2"
      ],
      "sources": [
        {
          "startTime": 0,
          "stopTime": -1,
          "lambda": 0.025
        }
      ]
    },
    "SC3": {
      "resptime": 13.900645180647302,
      "resptime_old": 3.9006451806473024,
      "waittime": 2.5015682130801253,
      "servicetime": 10.0,
      "networktime": 1.399076967567177,
      "services": {
        "MS3_1": {
          "meanserv": 1.1076393794087425,
          "stddevserv": 1.1076393794087425,
          "rate": 0.90282091679857,
          "cv": 1.0,
          "lambda": 0.025
        },
        "MS3_2": {
          "meanserv": 0.6585152350519674,
          "stddevserv": 0.6585152350519674,
          "rate": 1.5185677517712768,
          "cv": 1.0,
          "lambda": 0.025
        },
        "MS3_3": {
          "meanserv": 4.746847871630089,
          "stddevserv": 4.746847871630089,
          "rate": 0.21066611508166902,
          "cv": 1.0,
          "lambda": 0.025
        },
        "MS3_4": {
          "meanserv": 1.8470372271402296,
          "stddevserv": 1.8470372271402296,
          "rate": 0.5414076041923105,
          "cv": 1.0,
          "lambda": 0.025
        },
        "MS3_5": {
          "meanserv": 1.6399602867689715,
          "stddevserv": 1.6399602867689715,
          "rate": 0.6097708633970564,
          "cv": 1.0,
          "lambda": 0.025
        }
      },
      "sensors": [
        "S3"
      ],
      "sources": [
        {
          "startTime": 0,
          "stopTime": -1,
          "lambda": 0.025
        }
      ]
    },
    "SC4": {
      "resptime": 14.169972130843108,
      "resptime_old": 4.169972130843109,
      "waittime": 2.343463276147555,
      "servicetime": 10.0,
      "networktime": 1.8265088546955541,
      "services": {
        "MS4_1": {
          "meanserv": 0.25097018753587497,
          "stddevserv": 0.25097018753587497,
          "rate": 3.98453700743661,
          "cv": 1.0,
          "lambda": 0.025
        },
        "MS4_2": {
          "meanserv": 4.078556667184218,
          "stddevserv": 4.078556667184218,
          "rate": 0.24518477530199106,
          "cv": 1.0,
          "lambda": 0.025
        },
        "MS4_3": {
          "meanserv": 1.1384618568447218,
          "stddevserv": 1.1384618568447218,
          "rate": 0.8783781327303555,
          "cv": 1.0,
          "lambda": 0.025
        },
        "MS4_4": {
          "meanserv": 3.772281535801305,
          "stddevserv": 3.772281535801305,
          "rate": 0.2650915607728045,
          "cv": 1.0,
          "lambda": 0.025
        },
        "MS4_5": {
          "meanserv": 0.7597297526338807,
          "stddevserv": 0.7597297526338807,
          "rate": 1.3162575199051172,
          "cv": 1.0,
          "lambda": 0.025
        }
      },
      "sensors": [
        "S4"
      ],
      "sources": [
        {
          "startTime": 0,
          "stopTime": -1,
          "lambda": 0.025
        }
      ]
    }
  },
  "microservice": {
    "MS1_1": "F5",
    "MS1_2": "F5",
    "MS1_3": "F5",
    "MS1_4": "F9",
    "MS1_5": "F9",
    "MS2_1": "F6",
    "MS2_2": "F6",
    "MS2_3": "F1",
    "MS2_4": "F4",
    "MS2_5": "F4",
    "MS3_1": "F8",
    "MS3_2": "F8",
    "MS3_3": "F8",
    "MS3_4": "F2",
    "MS3_5": "F2",
    "MS4_1": "F3",
    "MS4_2": "F3",
    "MS4_3": "F7",
    "MS4_4": "F7",
    "MS4_5": "F7"
  },
  "sensor": {
    "S1": "F5",
    "S2": "F6",
    "S3": "F8",
    "S4": "F3"
  },
  "fog": {
    "F1": {
      "rho": 0.13041719876786506,
      "capacity": 1.0,
      "tserv": 5.2166879507146025,
      "stddev": 5.2166879507146025,
      "mu": 0.19169250862762763,
      "cv": 1.0,
      "lambda": 0.025,
      "twait": 0.7823818829147413
    },
    "F2": {
      "rho": 0.08717493784773003,
      "capacity": 1.0,
      "tserv": 1.7434987569546005,
      "stddev": 1.7496366323094052,
      "mu": 0.5735593421051343,
      "cv": 1.003520435750425,
      "lambda": 0.05,
      "twait": 0.16709160696782863
    },
    "F3": {
      "rho": 0.10823817136800234,
      "capacity": 1.0,
      "tserv": 2.1647634273600467,
      "stddev": 3.4657480903881357,
      "mu": 0.4619442417407759,
      "cv": 1.6009823736788895,
      "lambda": 0.05,
      "twait": 0.468107346220445
    },
    "F4": {
      "rho": 0.10554544618263285,
      "capacity": 1.0,
      "tserv": 2.110908923652657,
      "stddev": 2.192863812400854,
      "mu": 0.4737295810326238,
      "cv": 1.0388244551102588,
      "lambda": 0.05,
      "twait": 0.25894519023225027
    },
    "F5": {
      "rho": 0.15163752275834078,
      "capacity": 1.0,
      "tserv": 2.0218336367778766,
      "stddev": 2.7773233366435406,
      "mu": 0.4946005357758633,
      "cv": 1.3736656103267035,
      "lambda": 0.07500000000000001,
      "twait": 0.5216521455004314
    },
    "F6": {
      "rho": 0.0140373550495021,
      "capacity": 1.0,
      "tserv": 0.28074710099004196,
      "stddev": 0.2918964493113118,
      "mu": 3.5619245807830078,
      "cv": 1.0397131378452429,
      "lambda": 0.05,
      "twait": 0.004158942346215843
    },
    "F7": {
      "rho": 0.14176182863199768,
      "capacity": 1.0,
      "tserv": 1.8901577150933022,
      "stddev": 2.6763592683575226,
      "mu": 0.529056380859011,
      "cv": 1.4159449483957014,
      "lambda": 0.07500000000000001,
      "twait": 0.469082861235555
    },
    "F8": {
      "rho": 0.16282506215227,
      "capacity": 1.0,
      "tserv": 2.1710008286969327,
      "stddev": 3.3786787485354366,
      "mu": 0.46061705126119873,
      "cv": 1.55627704230927,
      "lambda": 0.07500000000000001,
      "twait": 0.7224616663814895
    },
    "F9": {
      "rho": 0.09836247724165922,
      "capacity": 1.0,
      "tserv": 1.9672495448331846,
      "stddev": 2.177008014649998,
      "mu": 0.5083239198740271,
      "cv": 1.1066252476040603,
      "lambda": 0.05,
      "twait": 0.238716625311861
    },
    "F10": {
      "rho": 0,
      "capacity": 1.0,
      "tserv": 0,
      "stddev": 0,
      "mu": 0,
      "cv": 0,
      "lambda": 0.0,
      "twait": 0
    }
  },
  "extra": {
    "conv_gen": 221,
    "max_gen": 600,
    "population": 600,
    "deltatime": 38.353706,
    "obj_func": 14.053865553724581
  },
  "network": [
    [
      0.0,
      1.8227834313692317,
      1.9820012471360464,
      1.2987630118141171,
      2.2007554559127325,
      1.4025055732942844,
      2.1206054340126483,
      1.8265088546955541,
      1.399076967567177,
      1.399076967567177
    ],
    [
      1.8227834313692317,
      0.0,
      1.8608460736722021,
      1.87133718598597,
      1.8046932857233169,
      1.9445119252989536,
      1.9915431308475584,
      1.399076967567177,
      2.7621860360434427,
      2.7621860360434427
    ],
    [
      1.9820012471360464,
      1.8608460736722021,
      0.0,
      1.8404253725984205,
      1.47559504724636,
      2.047113849317412,
      1.8265088546955541,
      2.7621860360434427,
      2.7633583386017047,
      2.7633583386017047
    ],
    [
      1.2987630118141171,
      1.87133718598597,
      1.8404253725984205,
      0.0,
      1.8412184048797344,
      2.1206054340126483,
      1.399076967567177,
      2.7633583386017047,
      2.1643515912173616,
      2.1643515912173616
    ],
    [
      2.2007554559127325,
      1.8046932857233169,
      1.47559504724636,
      1.8412184048797344,
      0.0,
      1.9915431308475584,
      2.7621860360434427,
      2.1643515912173616,
      2.092596483102823,
      2.092596483102823
    ],
    [
      1.4025055732942844,
      1.9445119252989536,
      2.047113849317412,
      2.1206054340126483,
      1.9915431308475584,
      0.0,
      2.7633583386017047,
      2.092596483102823,
      1.7834993604538731,
      1.7834993604538731
    ],
    [
      2.1206054340126483,
      1.9915431308475584,
      1.8265088546955541,
      1.399076967567177,
      2.7621860360434427,
      2.7633583386017047,
      0.0,
      1.7834993604538731,
      2.672104239713295,
      2.672104239713295
    ],
    [
      1.8265088546955541,
      1.399076967567177,
      2.7621860360434427,
      2.7633583386017047,
      2.1643515912173616,
      2.092596483102823,
      1.7834993604538731,
      0.0,
      2.408511778844366,
      2.408511778844366
    ],
    [
      1.399076967567177,
      2.7621860360434427,
      2.7633583386017047,
      2.1643515912173616,
      2.092596483102823,
      1.7834993604538731,
      2.672104239713295,
      2.408511778844366,
      0.0,
      2.2865590441654406
    ],
    [
      1.399076967567177,
      2.7621860360434427,
      2.7633583386017047,
      2.1643515912173616,
      2.092596483102823,
      1.7834993604538731,
      2.672104239713295,
      2.408511778844366,
      2.2865590441654406,
      0.0
    ]
  ]
}