{
  "servicechain": {
    "SC1": {
      "resptime": 30.14971783483621,
      "resptime_old": 20.14971783483621,
      "waittime": 16.850010583323375,
      "servicetime": 10.0,
      "networktime": 3.2997072515128365,
      "services": {
        "MS1_1": {
          "meanserv": 4.726787435788362,
          "stddevserv": 4.726787435788362,
          "rate": 0.21156017984405387,
          "cv": 1.0,
          "lambda": 0.15
        },
        "MS1_2": {
          "meanserv": 0.8277853792713668,
          "stddevserv": 0.8277853792713668,
          "rate": 1.2080425978050253,
          "cv": 1.0,
          "lambda": 0.15
        },
        "MS1_3": {
          "meanserv": 0.141210857585933,
          "stddevserv": 0.141210857585933,
          "rate": 7.08160843362527,
          "cv": 1.0,
          "lambda": 0.15
        },
        "MS1_4": {
          "meanserv": 0.7070736607657073,
          "stddevserv": 0.7070736607657073,
          "rate": 1.4142798063175988,
          "cv": 1.0,
          "lambda": 0.15
        },
        "MS1_5": {
          "meanserv": 3.5971426665886312,
          "stddevserv": 3.5971426665886312,
          "rate": 0.27799842616427417,
          "cv": 1.0,
          "lambda": 0.15
        }
      },
      "sensors": [
        "S1"
      ],
      "sources": [
        {
          "startTime": 0,
          "stopTime": -1,
          "lambda": 0.15
        }
      ]
    },
    "SC2": {
      "resptime": 7294.96904401074,
      "resptime_old": 7284.96904401074,
      "waittime": 7281.245076342816,
      "servicetime": 10.0,
      "networktime": 3.72396766792361,
      "services": {
        "MS2_1": {
          "meanserv": 0.6530030042838053,
          "stddevserv": 0.6530030042838053,
          "rate": 1.531386522634411,
          "cv": 1.0,
          "lambda": 0.15
        },
        "MS2_2": {
          "meanserv": 1.6112988821669916,
          "stddevserv": 1.6112988821669916,
          "rate": 0.6206173237426489,
          "cv": 1.0,
          "lambda": 0.15
        },
        "MS2_3": {
          "meanserv": 0.2512817500675881,
          "stddevserv": 0.2512817500675881,
          "rate": 3.979596607119405,
          "cv": 1.0,
          "lambda": 0.15
        },
        "MS2_4": {
          "meanserv": 6.9691725185630125,
          "stddevserv": 6.9691725185630125,
          "rate": 0.14348905803901552,
          "cv": 1.0,
          "lambda": 0.15
        },
        "MS2_5": {
          "meanserv": 0.5152438449186025,
          "stddevserv": 0.5152438449186025,
          "rate": 1.9408286190356694,
          "cv": 1.0,
          "lambda": 0.15
        }
      },
      "sensors": [
        "S2"
      ],
      "sources": [
        {
          "startTime": 0,
          "stopTime": -1,
          "lambda": 0.15
        }
      ]
    },
    "SC3": {
      "resptime": 532.5105571602728,
      "resptime_old": 522.5105571602728,
      "waittime": 515.95230672752,
      "servicetime": 10.0,
      "networktime": 6.558250432752834,
      "services": {
        "MS3_1": {
          "meanserv": 2.5296222848299053,
          "stddevserv": 2.5296222848299053,
          "rate": 0.39531593550427674,
          "cv": 1.0,
          "lambda": 0.15
        },
        "MS3_2": {
          "meanserv": 0.056452332283043916,
          "stddevserv": 0.056452332283043916,
          "rate": 17.714059978711653,
          "cv": 1.0,
          "lambda": 0.15
        },
        "MS3_3": {
          "meanserv": 0.24237848188882838,
          "stddevserv": 0.24237848188882838,
          "rate": 4.125778791116736,
          "cv": 1.0,
          "lambda": 0.15
        },
        "MS3_4": {
          "meanserv": 6.5823750636486515,
          "stddevserv": 6.5823750636486515,
          "rate": 0.15192084776853992,
          "cv": 1.0,
          "lambda": 0.15
        },
        "MS3_5": {
          "meanserv": 0.5891718373495713,
          "stddevserv": 0.5891718373495713,
          "rate": 1.6972976924670509,
          "cv": 1.0,
          "lambda": 0.15
        }
      },
      "sensors": [
        "S3"
      ],
      "sources": [
        {
          "startTime": 0,
          "stopTime": -1,
          "lambda": 0.15
        }
      ]
    },
    "SC4": {
      "resptime": 34.778871140479936,
      "resptime_old": 24.77887114047994,
      "waittime": 18.440189297694427,
      "servicetime": 10.0,
      "networktime": 6.338681842785512,
      "services": {
        "MS4_1": {
          "meanserv": 0.37308330868102146,
          "stddevserv": 0.37308330868102146,
          "rate": 2.6803664938411367,
          "cv": 1.0,
          "lambda": 0.15
        },
        "MS4_2": {
          "meanserv": 0.39450260892537337,
          "stddevserv": 0.39450260892537337,
          "rate": 2.5348374823781366,
          "cv": 1.0,
          "lambda": 0.15
        },
        "MS4_3": {
          "meanserv": 4.571756982599586,
          "stddevserv": 4.571756982599586,
          "rate": 0.2187342861412072,
          "cv": 1.0,
          "lambda": 0.15
        },
        "MS4_4": {
          "meanserv": 4.017478423712793,
          "stddevserv": 4.017478423712793,
          "rate": 0.24891235111496626,
          "cv": 1.0,
          "lambda": 0.15
        },
        "MS4_5": {
          "meanserv": 0.6431786760812255,
          "stddevserv": 0.6431786760812255,
          "rate": 1.5547779134918218,
          "cv": 1.0,
          "lambda": 0.15
        }
      },
      "sensors": [
        "S4"
      ],
      "sources": [
        {
          "startTime": 0,
          "stopTime": -1,
          "lambda": 0.15
        }
      ]
    }
  },
  "microservice": {
    "MS1_1": "F6",
    "MS1_2": "F7",
    "MS1_3": "F7",
    "MS1_4": "F7",
    "MS1_5": "F9",
    "MS2_1": "F10",
    "MS2_2": "F10",
    "MS2_3": "F10",
    "MS2_4": "F2",
    "MS2_5": "F5",
    "MS3_1": "F8",
    "MS3_2": "F5",
    "MS3_3": "F5",
    "MS3_4": "F3",
    "MS3_5": "F5",
    "MS4_1": "F10",
    "MS4_2": "F10",
    "MS4_3": "F1",
    "MS4_4": "F4",
    "MS4_5": "F7"
  },
  "sensor": {
    "S1": "F6",
    "S2": "F10",
    "S3": "F8",
    "S4": "F10"
  },
  "fog": {
    "F1": {
      "rho": 0.6857635473899379,
      "capacity": 1.0,
      "tserv": 4.571756982599586,
      "stddev": 4.571756982599586,
      "mu": 0.2187342861412072,
      "cv": 1.0,
      "lambda": 0.15,
      "twait": 9.977022907913968
    },
    "F2": {
      "rho": 1.0453758777844515,
      "capacity": 1.0,
      "tserv": 6.969172518563012,
      "stddev": 6.9691725185630125,
      "mu": 0.14348905803901554,
      "cv": 1.0000000000000002,
      "lambda": 0.15,
      "twait": 7278.119434185054
    },
    "F3": {
      "rho": 0.9873562595472977,
      "capacity": 1.0,
      "tserv": 6.5823750636486515,
      "stddev": 6.5823750636486515,
      "mu": 0.15192084776853992,
      "cv": 1.0,
      "lambda": 0.15,
      "twait": 514.0210878334251
    },
    "F4": {
      "rho": 0.602621763556919,
      "capacity": 1.0,
      "tserv": 4.017478423712793,
      "stddev": 4.017478423712793,
      "mu": 0.24891235111496626,
      "cv": 1.0,
      "lambda": 0.15,
      "twait": 6.092482453040562
    },
    "F5": {
      "rho": 0.21048697446600692,
      "capacity": 1.0,
      "tserv": 0.35081162411001154,
      "stddev": 0.4628154474160812,
      "mu": 2.8505326827095345,
      "cv": 1.3192705589223754,
      "lambda": 0.6,
      "twait": 0.12815504864515886
    },
    "F6": {
      "rho": 0.7090181153682542,
      "capacity": 1.0,
      "tserv": 4.726787435788362,
      "stddev": 4.726787435788362,
      "mu": 0.21156017984405387,
      "cv": 1.0,
      "lambda": 0.15,
      "twait": 11.517479597433935
    },
    "F7": {
      "rho": 0.34788728605563496,
      "capacity": 1.0,
      "tserv": 0.5798121434260582,
      "stddev": 0.6879087396672511,
      "mu": 1.7246965441101132,
      "cv": 1.1864338259672516,
      "lambda": 0.6,
      "twait": 0.372359197329172
    },
    "F8": {
      "rho": 0.37944334272448577,
      "capacity": 1.0,
      "tserv": 2.5296222848299053,
      "stddev": 2.5296222848299053,
      "mu": 0.39531593550427674,
      "cv": 1.0,
      "lambda": 0.15,
      "twait": 1.5467537481594655
    },
    "F9": {
      "rho": 0.5395713999882946,
      "capacity": 1.0,
      "tserv": 3.597142666588631,
      "stddev": 3.5971426665886317,
      "mu": 0.2779984261642742,
      "cv": 1.0000000000000002,
      "lambda": 0.15,
      "twait": 4.2154533939019245
    },
    "F10": {
      "rho": 0.492475433118717,
      "capacity": 1.0,
      "tserv": 0.656633910824956,
      "stddev": 0.9597380394139673,
      "mu": 1.5229186058083097,
      "cv": 1.4616029169255196,
      "lambda": 0.75,
      "twait": 0.999162369705363
    }
  },
  "extra": {
    "deltatime": 0.6202786,
    "conv": 13,
    "obj_func": 1973.1020475365822
  },
  "network": [
    [
      0.0,
      1.4801747580645797,
      2.0578512830682216,
      1.9092709434926574,
      2.8989681510397003,
      2.1320106184397707,
      2.44991131867856,
      2.2539770729326807,
      2.214705449646427,
      2.214705449646427
    ],
    [
      1.4801747580645797,
      0.0,
      1.3044135411069757,
      2.5265106392356453,
      2.0465751406978447,
      2.031436392153893,
      3.090361960110778,
      2.214705449646427,
      1.6773925272257653,
      1.6773925272257653
    ],
    [
      2.0578512830682216,
      1.3044135411069757,
      0.0,
      1.5532696568244353,
      2.112891358136413,
      2.1676982508896585,
      2.2539770729326807,
      1.6773925272257653,
      1.9205934124300188,
      1.9205934124300188
    ],
    [
      1.9092709434926574,
      2.5265106392356453,
      1.5532696568244353,
      0.0,
      2.49426796604858,
      2.44991131867856,
      2.214705449646427,
      1.9205934124300188,
      2.3324677164800076,
      2.3324677164800076
    ],
    [
      2.8989681510397003,
      2.0465751406978447,
      2.112891358136413,
      2.49426796604858,
      0.0,
      3.090361960110778,
      1.6773925272257653,
      2.3324677164800076,
      2.527616879536585,
      2.527616879536585
    ],
    [
      2.1320106184397707,
      2.031436392153893,
      2.1676982508896585,
      2.44991131867856,
      3.090361960110778,
      0.0,
      1.9205934124300188,
      2.527616879536585,
      2.2776829751224144,
      2.2776829751224144
    ],
    [
      2.44991131867856,
      3.090361960110778,
      2.2539770729326807,
      2.214705449646427,
      1.6773925272257653,
      1.9205934124300188,
      0.0,
      2.2776829751224144,
      1.3791138390828177,
      1.3791138390828177
    ],
    [
      2.2539770729326807,
      2.214705449646427,
      1.6773925272257653,
      1.9205934124300188,
      2.3324677164800076,
      2.527616879536585,
      2.2776829751224144,
      0.0,
      2.3464210362162765,
      2.3464210362162765
    ],
    [
      2.214705449646427,
      1.6773925272257653,
      1.9205934124300188,
      2.3324677164800076,
      2.527616879536585,
      2.2776829751224144,
      1.3791138390828177,
      2.3464210362162765,
      0.0,
      1.1665949861547193
    ],
    [
      2.214705449646427,
      1.6773925272257653,
      1.9205934124300188,
      2.3324677164800076,
      2.527616879536585,
      2.2776829751224144,
      1.3791138390828177,
      2.3464210362162765,
      1.1665949861547193,
      0.0
    ]
  ]
}