{
  "servicechain": {
    "SC1": {
      "resptime": 31.863224658241922,
      "resptime_old": 21.863224658241915,
      "waittime": 17.04068755583309,
      "servicetime": 10.0,
      "networktime": 4.822537102408831,
      "services": {
        "MS1_1": {
          "meanserv": 0.2260812664565537,
          "stddevserv": 0.2260812664565537,
          "rate": 4.423188244091738,
          "cv": 1.0,
          "lambda": 0.15
        },
        "MS1_2": {
          "meanserv": 2.2932177883691542,
          "stddevserv": 2.2932177883691542,
          "rate": 0.43606848205689197,
          "cv": 1.0,
          "lambda": 0.15
        },
        "MS1_3": {
          "meanserv": 0.3784785318707726,
          "stddevserv": 0.3784785318707726,
          "rate": 2.6421577864855994,
          "cv": 1.0,
          "lambda": 0.15
        },
        "MS1_4": {
          "meanserv": 0.8306060219578018,
          "stddevserv": 0.8306060219578018,
          "rate": 1.2039402238415315,
          "cv": 1.0,
          "lambda": 0.15
        },
        "MS1_5": {
          "meanserv": 0.39959748044406984,
          "stddevserv": 0.39959748044406984,
          "rate": 2.502518281368309,
          "cv": 1.0,
          "lambda": 0.15
        },
        "MS1_6": {
          "meanserv": 1.1428598248223985,
          "stddevserv": 1.1428598248223985,
          "rate": 0.8749979466251698,
          "cv": 1.0,
          "lambda": 0.15
        },
        "MS1_7": {
          "meanserv": 1.0592387789255167,
          "stddevserv": 1.0592387789255167,
          "rate": 0.9440741973347992,
          "cv": 1.0,
          "lambda": 0.15
        },
        "MS1_8": {
          "meanserv": 0.7633039724070407,
          "stddevserv": 0.7633039724070407,
          "rate": 1.3100940597054018,
          "cv": 1.0,
          "lambda": 0.15
        },
        "MS1_9": {
          "meanserv": 0.45078319938849987,
          "stddevserv": 0.45078319938849987,
          "rate": 2.218361290652642,
          "cv": 1.0,
          "lambda": 0.15
        },
        "MS1_10": {
          "meanserv": 0.7880388498264921,
          "stddevserv": 0.7880388498264921,
          "rate": 1.2689729703303039,
          "cv": 1.0,
          "lambda": 0.15
        },
        "MS1_11": {
          "meanserv": 0.013725133508438958,
          "stddevserv": 0.013725133508438958,
          "rate": 72.85903626257229,
          "cv": 1.0,
          "lambda": 0.15
        },
        "MS1_12": {
          "meanserv": 0.013720876047861097,
          "stddevserv": 0.013720876047861097,
          "rate": 72.8816437457641,
          "cv": 1.0,
          "lambda": 0.15
        },
        "MS1_13": {
          "meanserv": 0.48127963714340183,
          "stddevserv": 0.48127963714340183,
          "rate": 2.0777941197251204,
          "cv": 1.0,
          "lambda": 0.15
        },
        "MS1_14": {
          "meanserv": 1.030723327493197,
          "stddevserv": 1.030723327493197,
          "rate": 0.970192459340259,
          "cv": 1.0,
          "lambda": 0.15
        },
        "MS1_15": {
          "meanserv": 0.12834531133880134,
          "stddevserv": 0.12834531133880134,
          "rate": 7.791480573530543,
          "cv": 1.0,
          "lambda": 0.15
        }
      },
      "sensors": [
        "S1"
      ],
      "sources": [
        {
          "startTime": 0,
          "stopTime": -1,
          "lambda": 0.15
        }
      ]
    },
    "SC2": {
      "resptime": 32.26988918650988,
      "resptime_old": 22.26988918650988,
      "waittime": 17.94235011741707,
      "servicetime": 10.0,
      "networktime": 4.327539069092805,
      "services": {
        "MS2_1": {
          "meanserv": 0.1588224899923396,
          "stddevserv": 0.1588224899923396,
          "rate": 6.296337502630971,
          "cv": 1.0,
          "lambda": 0.15
        },
        "MS2_2": {
          "meanserv": 0.8119151789990875,
          "stddevserv": 0.8119151789990875,
          "rate": 1.231655751568507,
          "cv": 1.0,
          "lambda": 0.15
        },
        "MS2_3": {
          "meanserv": 0.41936072646895695,
          "stddevserv": 0.41936072646895695,
          "rate": 2.384581904986815,
          "cv": 1.0,
          "lambda": 0.15
        },
        "MS2_4": {
          "meanserv": 0.9569544870442992,
          "stddevserv": 0.9569544870442992,
          "rate": 1.0449817766032463,
          "cv": 1.0,
          "lambda": 0.15
        },
        "MS2_5": {
          "meanserv": 0.3933526924761255,
          "stddevserv": 0.3933526924761255,
          "rate": 2.5422477566000006,
          "cv": 1.0,
          "lambda": 0.15
        },
        "MS2_6": {
          "meanserv": 0.050291595957760116,
          "stddevserv": 0.050291595957760116,
          "rate": 19.884037898496988,
          "cv": 1.0,
          "lambda": 0.15
        },
        "MS2_7": {
          "meanserv": 0.6567259606098705,
          "stddevserv": 0.6567259606098705,
          "rate": 1.5227051464074102,
          "cv": 1.0,
          "lambda": 0.15
        },
        "MS2_8": {
          "meanserv": 0.9442693227026364,
          "stddevserv": 0.9442693227026364,
          "rate": 1.0590198960799173,
          "cv": 1.0,
          "lambda": 0.15
        },
        "MS2_9": {
          "meanserv": 0.056968741064212125,
          "stddevserv": 0.056968741064212125,
          "rate": 17.553486022674317,
          "cv": 1.0,
          "lambda": 0.15
        },
        "MS2_10": {
          "meanserv": 1.1931396239819279,
          "stddevserv": 1.1931396239819279,
          "rate": 0.8381248765024224,
          "cv": 1.0,
          "lambda": 0.15
        },
        "MS2_11": {
          "meanserv": 0.4869393209429571,
          "stddevserv": 0.4869393209429571,
          "rate": 2.0536439695679163,
          "cv": 1.0,
          "lambda": 0.15
        },
        "MS2_12": {
          "meanserv": 0.13415228853194705,
          "stddevserv": 0.13415228853194705,
          "rate": 7.4542149891230505,
          "cv": 1.0,
          "lambda": 0.15
        },
        "MS2_13": {
          "meanserv": 2.112289027442615,
          "stddevserv": 2.112289027442615,
          "rate": 0.4734200608951311,
          "cv": 1.0,
          "lambda": 0.15
        },
        "MS2_14": {
          "meanserv": 1.5589093748490122,
          "stddevserv": 1.5589093748490122,
          "rate": 0.6414741075611626,
          "cv": 1.0,
          "lambda": 0.15
        },
        "MS2_15": {
          "meanserv": 0.06590916893625298,
          "stddevserv": 0.06590916893625298,
          "rate": 15.172395831105002,
          "cv": 1.0,
          "lambda": 0.15
        }
      },
      "sensors": [
        "S2"
      ],
      "sources": [
        {
          "startTime": 0,
          "stopTime": -1,
          "lambda": 0.15
        }
      ]
    },
    "SC3": {
      "resptime": 34.331175112056464,
      "resptime_old": 24.331175112056464,
      "waittime": 20.108688701128617,
      "servicetime": 10.0,
      "networktime": 4.222486410927846,
      "services": {
        "MS3_1": {
          "meanserv": 0.38459006565249587,
          "stddevserv": 0.38459006565249587,
          "rate": 2.6001711674569625,
          "cv": 1.0,
          "lambda": 0.15
        },
        "MS3_2": {
          "meanserv": 0.6882710751336896,
          "stddevserv": 0.6882710751336896,
          "rate": 1.452915916604167,
          "cv": 1.0,
          "lambda": 0.15
        },
        "MS3_3": {
          "meanserv": 0.0804593857275715,
          "stddevserv": 0.0804593857275715,
          "rate": 12.428630804936956,
          "cv": 1.0,
          "lambda": 0.15
        },
        "MS3_4": {
          "meanserv": 1.3315364216472236,
          "stddevserv": 1.3315364216472236,
          "rate": 0.7510121268503607,
          "cv": 1.0,
          "lambda": 0.15
        },
        "MS3_5": {
          "meanserv": 0.23387295908688355,
          "stddevserv": 0.23387295908688355,
          "rate": 4.275825661522934,
          "cv": 1.0,
          "lambda": 0.15
        },
        "MS3_6": {
          "meanserv": 0.15720766155754795,
          "stddevserv": 0.15720766155754795,
          "rate": 6.361013134426255,
          "cv": 1.0,
          "lambda": 0.15
        },
        "MS3_7": {
          "meanserv": 1.524121017793048,
          "stddevserv": 1.524121017793048,
          "rate": 0.6561158781525211,
          "cv": 1.0,
          "lambda": 0.15
        },
        "MS3_8": {
          "meanserv": 0.23722112413527263,
          "stddevserv": 0.23722112413527263,
          "rate": 4.2154761876508156,
          "cv": 1.0,
          "lambda": 0.15
        },
        "MS3_9": {
          "meanserv": 0.46366065846504956,
          "stddevserv": 0.46366065846504956,
          "rate": 2.156749730094643,
          "cv": 1.0,
          "lambda": 0.15
        },
        "MS3_10": {
          "meanserv": 1.3296790451442506,
          "stddevserv": 1.3296790451442506,
          "rate": 0.7520611862327383,
          "cv": 1.0,
          "lambda": 0.15
        },
        "MS3_11": {
          "meanserv": 0.4039428186986793,
          "stddevserv": 0.4039428186986793,
          "rate": 2.4755979156197077,
          "cv": 1.0,
          "lambda": 0.15
        },
        "MS3_12": {
          "meanserv": 0.0856188747235791,
          "stddevserv": 0.0856188747235791,
          "rate": 11.679667634368055,
          "cv": 1.0,
          "lambda": 0.15
        },
        "MS3_13": {
          "meanserv": 1.2354508779301145,
          "stddevserv": 1.2354508779301145,
          "rate": 0.8094210930307557,
          "cv": 1.0,
          "lambda": 0.15
        },
        "MS3_14": {
          "meanserv": 1.7855710584009135,
          "stddevserv": 1.7855710584009135,
          "rate": 0.5600449196883602,
          "cv": 1.0,
          "lambda": 0.15
        },
        "MS3_15": {
          "meanserv": 0.058796955903680725,
          "stddevserv": 0.058796955903680725,
          "rate": 17.007683214725738,
          "cv": 1.0,
          "lambda": 0.15
        }
      },
      "sensors": [
        "S3"
      ],
      "sources": [
        {
          "startTime": 0,
          "stopTime": -1,
          "lambda": 0.15
        }
      ]
    },
    "SC4": {
      "resptime": 34.12452393311565,
      "resptime_old": 24.12452393311564,
      "waittime": 21.358746717745223,
      "servicetime": 10.0,
      "networktime": 2.7657772153704205,
      "services": {
        "MS4_1": {
          "meanserv": 1.2649824622657968,
          "stddevserv": 1.2649824622657968,
          "rate": 0.7905247936867295,
          "cv": 1.0,
          "lambda": 0.15
        },
        "MS4_2": {
          "meanserv": 1.3817593034847333,
          "stddevserv": 1.3817593034847333,
          "rate": 0.7237150475325522,
          "cv": 1.0,
          "lambda": 0.15
        },
        "MS4_3": {
          "meanserv": 0.17861228135630824,
          "stddevserv": 0.17861228135630824,
          "rate": 5.598719149693465,
          "cv": 1.0,
          "lambda": 0.15
        },
        "MS4_4": {
          "meanserv": 1.6889987548556054,
          "stddevserv": 1.6889987548556054,
          "rate": 0.5920667479032519,
          "cv": 1.0,
          "lambda": 0.15
        },
        "MS4_5": {
          "meanserv": 1.6295010428125583,
          "stddevserv": 1.6295010428125583,
          "rate": 0.6136847867700507,
          "cv": 1.0,
          "lambda": 0.15
        },
        "MS4_6": {
          "meanserv": 0.31189465466043664,
          "stddevserv": 0.31189465466043664,
          "rate": 3.206210767185836,
          "cv": 1.0,
          "lambda": 0.15
        },
        "MS4_7": {
          "meanserv": 0.5353921592436262,
          "stddevserv": 0.5353921592436262,
          "rate": 1.8677897737851583,
          "cv": 1.0,
          "lambda": 0.15
        },
        "MS4_8": {
          "meanserv": 0.5212979859597713,
          "stddevserv": 0.5212979859597713,
          "rate": 1.9182886313264411,
          "cv": 1.0,
          "lambda": 0.15
        },
        "MS4_9": {
          "meanserv": 0.20476516374954024,
          "stddevserv": 0.20476516374954024,
          "rate": 4.8836432022351035,
          "cv": 1.0,
          "lambda": 0.15
        },
        "MS4_10": {
          "meanserv": 0.16075136316654604,
          "stddevserv": 0.16075136316654604,
          "rate": 6.220787060847208,
          "cv": 1.0,
          "lambda": 0.15
        },
        "MS4_11": {
          "meanserv": 1.205629440469001,
          "stddevserv": 1.205629440469001,
          "rate": 0.8294422535094953,
          "cv": 1.0,
          "lambda": 0.15
        },
        "MS4_12": {
          "meanserv": 0.3078554523156445,
          "stddevserv": 0.3078554523156445,
          "rate": 3.248277698114955,
          "cv": 1.0,
          "lambda": 0.15
        },
        "MS4_13": {
          "meanserv": 0.000507252787441459,
          "stddevserv": 0.000507252787441459,
          "rate": 1971.4036566342338,
          "cv": 1.0,
          "lambda": 0.15
        },
        "MS4_14": {
          "meanserv": 0.17080473554141662,
          "stddevserv": 0.17080473554141662,
          "rate": 5.854638613093492,
          "cv": 1.0,
          "lambda": 0.15
        },
        "MS4_15": {
          "meanserv": 0.43724794733157424,
          "stddevserv": 0.43724794733157424,
          "rate": 2.2870318914080094,
          "cv": 1.0,
          "lambda": 0.15
        }
      },
      "sensors": [
        "S4"
      ],
      "sources": [
        {
          "startTime": 0,
          "stopTime": -1,
          "lambda": 0.15
        }
      ]
    }
  },
  "microservice": {
    "MS1_1": "F9",
    "MS1_2": "F4",
    "MS1_3": "F9",
    "MS1_4": "F6",
    "MS1_5": "F9",
    "MS1_6": "F10",
    "MS1_7": "F10",
    "MS1_8": "F1",
    "MS1_9": "F1",
    "MS1_10": "F1",
    "MS1_11": "F9",
    "MS1_12": "F9",
    "MS1_13": "F9",
    "MS1_14": "F6",
    "MS1_15": "F9",
    "MS2_1": "F9",
    "MS2_2": "F6",
    "MS2_3": "F6",
    "MS2_4": "F6",
    "MS2_5": "F9",
    "MS2_6": "F9",
    "MS2_7": "F3",
    "MS2_8": "F3",
    "MS2_9": "F2",
    "MS2_10": "F2",
    "MS2_11": "F2",
    "MS2_12": "F2",
    "MS2_13": "F4",
    "MS2_14": "F10",
    "MS2_15": "F9",
    "MS3_1": "F2",
    "MS3_2": "F2",
    "MS3_3": "F2",
    "MS3_4": "F5",
    "MS3_5": "F9",
    "MS3_6": "F9",
    "MS3_7": "F1",
    "MS3_8": "F1",
    "MS3_9": "F3",
    "MS3_10": "F3",
    "MS3_11": "F3",
    "MS3_12": "F3",
    "MS3_13": "F5",
    "MS3_14": "F5",
    "MS3_15": "F9",
    "MS4_1": "F7",
    "MS4_2": "F7",
    "MS4_3": "F7",
    "MS4_4": "F8",
    "MS4_5": "F8",
    "MS4_6": "F7",
    "MS4_7": "F7",
    "MS4_8": "F9",
    "MS4_9": "F9",
    "MS4_10": "F9",
    "MS4_11": "F8",
    "MS4_12": "F2",
    "MS4_13": "F2",
    "MS4_14": "F2",
    "MS4_15": "F2"
  },
  "sensor": {
    "S1": "F9",
    "S2": "F9",
    "S3": "F2",
    "S4": "F7"
  },
  "fog": {
    "F1": {
      "rho": 0.564520224532553,
      "capacity": 1.0,
      "tserv": 0.7526936327100707,
      "stddev": 0.9735898834289463,
      "mu": 1.3285617900067834,
      "cv": 1.2934743182608566,
      "lambda": 0.75,
      "twait": 1.3041004294159335
    },
    "F2": {
      "rho": 0.5911403833516318,
      "capacity": 1.0,
      "tserv": 0.358266899000989,
      "stddev": 0.5907185862358968,
      "mu": 2.7912151605087008,
      "cv": 1.6488226734959015,
      "lambda": 1.6499999999999997,
      "twait": 0.9631068212105285
    },
    "F3": {
      "rho": 0.5825845020516098,
      "capacity": 1.0,
      "tserv": 0.6473161133906776,
      "stddev": 0.8601176374895375,
      "mu": 1.5448402709488331,
      "cv": 1.3287443641472074,
      "lambda": 0.9,
      "twait": 1.249280939500678
    },
    "F4": {
      "rho": 0.6608260223717654,
      "capacity": 1.0,
      "tserv": 2.2027534079058846,
      "stddev": 2.206465541155401,
      "mu": 0.4539772797131572,
      "cv": 1.0016852241545482,
      "lambda": 0.3,
      "twait": 4.298949831729951
    },
    "F5": {
      "rho": 0.6528837536967378,
      "capacity": 1.0,
      "tserv": 1.4508527859927507,
      "stddev": 1.489995840847876,
      "mu": 0.6892498051177168,
      "cv": 1.026979342930607,
      "lambda": 0.44999999999999996,
      "twait": 2.8034954518733675
    },
    "F6": {
      "rho": 0.6074339612945014,
      "capacity": 1.0,
      "tserv": 0.8099119483926686,
      "stddev": 0.863304140670274,
      "mu": 1.234702120378117,
      "cv": 1.0659234530167956,
      "lambda": 0.75,
      "twait": 1.3385500132044619
    },
    "F7": {
      "rho": 0.5508961291516351,
      "capacity": 1.0,
      "tserv": 0.7345281722021803,
      "stddev": 1.0151720445415298,
      "mu": 1.3614181699823873,
      "cv": 1.382073667097008,
      "lambda": 0.75,
      "twait": 1.3110323838987528
    },
    "F8": {
      "rho": 0.6786193857205746,
      "capacity": 1.0,
      "tserv": 1.508043079379055,
      "stddev": 1.538449846709777,
      "mu": 0.6631110302311494,
      "cv": 1.020163062810674,
      "lambda": 0.44999999999999996,
      "twait": 3.2492000827890024
    },
    "F9": {
      "rho": 0.5469444410394521,
      "capacity": 1.0,
      "tserv": 0.2144880160939028,
      "stddev": 0.31072706950730167,
      "mu": 4.662265138217327,
      "cv": 1.4486919836643248,
      "lambda": 2.5499999999999994,
      "twait": 0.4011857550141156
    },
    "F10": {
      "rho": 0.5641511967895391,
      "capacity": 1.0,
      "tserv": 1.2536693261989758,
      "stddev": 1.2911967678053695,
      "mu": 0.7976585046009854,
      "cv": 1.0299340829532568,
      "lambda": 0.44999999999999996,
      "twait": 1.6720180621738028
    }
  },
  "extra": {
    "deltatime": 7.9333606,
    "conv": 13,
    "obj_func": 33.14720322248098
  },
  "network": [
    [
      0.0,
      0.5525122657606027,
      0.5908923140360012,
      0.7065088572938222,
      0.7109547840621843,
      0.8330019492896523,
      0.6846812442075743,
      0.6549238242846833,
      0.6534972531108226,
      0.6534972531108226
    ],
    [
      0.5525122657606027,
      0.0,
      0.8175892496156977,
      0.7367934631445104,
      0.7534203222173189,
      0.6313281685679724,
      0.6670842138067317,
      0.6534972531108226,
      0.8712677727669957,
      0.8712677727669957
    ],
    [
      0.5908923140360012,
      0.8175892496156977,
      0.0,
      0.7045409368002409,
      0.5025797668757149,
      0.808565169015326,
      0.6549238242846833,
      0.8712677727669957,
      0.6524784275369141,
      0.6524784275369141
    ],
    [
      0.7065088572938222,
      0.7367934631445104,
      0.7045409368002409,
      0.0,
      0.5978439160049619,
      0.6846812442075743,
      0.6534972531108226,
      0.6524784275369141,
      0.562706592146788,
      0.562706592146788
    ],
    [
      0.7109547840621843,
      0.7534203222173189,
      0.5025797668757149,
      0.5978439160049619,
      0.0,
      0.6670842138067317,
      0.8712677727669957,
      0.562706592146788,
      0.8610483773439941,
      0.8610483773439941
    ],
    [
      0.8330019492896523,
      0.6313281685679724,
      0.808565169015326,
      0.6846812442075743,
      0.6670842138067317,
      0.0,
      0.6524784275369141,
      0.8610483773439941,
      0.4160790376223572,
      0.4160790376223572
    ],
    [
      0.6846812442075743,
      0.6670842138067317,
      0.6549238242846833,
      0.6534972531108226,
      0.8712677727669957,
      0.6524784275369141,
      0.0,
      0.4160790376223572,
      0.5956029803901264,
      0.5956029803901264
    ],
    [
      0.6549238242846833,
      0.6534972531108226,
      0.8712677727669957,
      0.6524784275369141,
      0.562706592146788,
      0.8610483773439941,
      0.4160790376223572,
      0.0,
      0.6845189066247571,
      0.6845189066247571
    ],
    [
      0.6534972531108226,
      0.8712677727669957,
      0.6524784275369141,
      0.562706592146788,
      0.8610483773439941,
      0.4160790376223572,
      0.5956029803901264,
      0.6845189066247571,
      0.0,
      0.7258132614041805
    ],
    [
      0.6534972531108226,
      0.8712677727669957,
      0.6524784275369141,
      0.562706592146788,
      0.8610483773439941,
      0.4160790376223572,
      0.5956029803901264,
      0.6845189066247571,
      0.7258132614041805,
      0.0
    ]
  ]
}