{
  "servicechain": {
    "SC1": {
      "resptime": 20.676575417491286,
      "resptime_old": 10.676575417491287,
      "waittime": 6.620945963966314,
      "servicetime": 10.0,
      "networktime": 4.055629453524974,
      "services": {
        "MS1_1": {
          "meanserv": 2.025794582962429,
          "stddevserv": 2.025794582962429,
          "rate": 0.4936334653129766,
          "cv": 1.0,
          "lambda": 0.1
        },
        "MS1_2": {
          "meanserv": 1.498278477754214,
          "stddevserv": 1.498278477754214,
          "rate": 0.667432666788961,
          "cv": 1.0,
          "lambda": 0.1
        },
        "MS1_3": {
          "meanserv": 1.267141832257919,
          "stddevserv": 1.267141832257919,
          "rate": 0.7891776394265989,
          "cv": 1.0,
          "lambda": 0.1
        },
        "MS1_4": {
          "meanserv": 2.947147668968533,
          "stddevserv": 2.947147668968533,
          "rate": 0.3393111280202624,
          "cv": 1.0,
          "lambda": 0.1
        },
        "MS1_5": {
          "meanserv": 2.261637438056905,
          "stddevserv": 2.261637438056905,
          "rate": 0.4421575196682074,
          "cv": 1.0,
          "lambda": 0.1
        }
      },
      "sensors": [
        "S1"
      ],
      "sources": [
        {
          "startTime": 0,
          "stopTime": -1,
          "lambda": 0.1
        }
      ]
    },
    "SC2": {
      "resptime": 24.21192435360865,
      "resptime_old": 14.211924353608653,
      "waittime": 10.587299718378844,
      "servicetime": 10.0,
      "networktime": 3.624624635229809,
      "services": {
        "MS2_1": {
          "meanserv": 1.2056247668375208,
          "stddevserv": 1.2056247668375208,
          "rate": 0.8294454688610156,
          "cv": 1.0,
          "lambda": 0.1
        },
        "MS2_2": {
          "meanserv": 3.1009548107837723,
          "stddevserv": 3.1009548107837723,
          "rate": 0.3224813197929989,
          "cv": 1.0,
          "lambda": 0.1
        },
        "MS2_3": {
          "meanserv": 0.6365549109570736,
          "stddevserv": 0.6365549109570736,
          "rate": 1.5709563822176458,
          "cv": 1.0,
          "lambda": 0.1
        },
        "MS2_4": {
          "meanserv": 0.42609931183396643,
          "stddevserv": 0.42609931183396643,
          "rate": 2.3468707229211843,
          "cv": 1.0,
          "lambda": 0.1
        },
        "MS2_5": {
          "meanserv": 4.630766199587667,
          "stddevserv": 4.630766199587667,
          "rate": 0.21594698520712233,
          "cv": 1.0,
          "lambda": 0.1
        }
      },
      "sensors": [
        "S2"
      ],
      "sources": [
        {
          "startTime": 0,
          "stopTime": -1,
          "lambda": 0.1
        }
      ]
    },
    "SC3": {
      "resptime": 20.980774560068777,
      "resptime_old": 10.980774560068776,
      "waittime": 7.229841162958645,
      "servicetime": 10.0,
      "networktime": 3.7509333971101304,
      "services": {
        "MS3_1": {
          "meanserv": 3.1682808236247526,
          "stddevserv": 3.1682808236247526,
          "rate": 0.3156285871326029,
          "cv": 1.0,
          "lambda": 0.1
        },
        "MS3_2": {
          "meanserv": 2.6217981492561586,
          "stddevserv": 2.6217981492561586,
          "rate": 0.38141761610584485,
          "cv": 1.0,
          "lambda": 0.1
        },
        "MS3_3": {
          "meanserv": 2.1003006116720258,
          "stddevserv": 2.1003006116720258,
          "rate": 0.47612232003489785,
          "cv": 1.0,
          "lambda": 0.1
        },
        "MS3_4": {
          "meanserv": 2.023743127871807,
          "stddevserv": 2.023743127871807,
          "rate": 0.49413385830819956,
          "cv": 1.0,
          "lambda": 0.1
        },
        "MS3_5": {
          "meanserv": 0.08587728757525603,
          "stddevserv": 0.08587728757525603,
          "rate": 11.644522413725275,
          "cv": 1.0,
          "lambda": 0.1
        }
      },
      "sensors": [
        "S3"
      ],
      "sources": [
        {
          "startTime": 0,
          "stopTime": -1,
          "lambda": 0.1
        }
      ]
    },
    "SC4": {
      "resptime": 24.327537463336956,
      "resptime_old": 14.327537463336954,
      "waittime": 9.792056343192812,
      "servicetime": 10.0,
      "networktime": 4.535481120144144,
      "services": {
        "MS4_1": {
          "meanserv": 0.8395437360451707,
          "stddevserv": 0.8395437360451707,
          "rate": 1.1911231744884296,
          "cv": 1.0,
          "lambda": 0.1
        },
        "MS4_2": {
          "meanserv": 3.962292054357045,
          "stddevserv": 3.962292054357045,
          "rate": 0.2523791750535836,
          "cv": 1.0,
          "lambda": 0.1
        },
        "MS4_3": {
          "meanserv": 1.1230243476706896,
          "stddevserv": 1.1230243476706896,
          "rate": 0.8904526443029848,
          "cv": 1.0,
          "lambda": 0.1
        },
        "MS4_4": {
          "meanserv": 3.5590795162401996,
          "stddevserv": 3.5590795162401996,
          "rate": 0.28097152520390917,
          "cv": 1.0,
          "lambda": 0.1
        },
        "MS4_5": {
          "meanserv": 0.5160603456868955,
          "stddevserv": 0.5160603456868955,
          "rate": 1.9377578772671689,
          "cv": 1.0,
          "lambda": 0.1
        }
      },
      "sensors": [
        "S4"
      ],
      "sources": [
        {
          "startTime": 0,
          "stopTime": -1,
          "lambda": 0.1
        }
      ]
    }
  },
  "microservice": {
    "MS1_1": "F10",
    "MS1_2": "F10",
    "MS1_3": "F4",
    "MS1_4": "F4",
    "MS1_5": "F3",
    "MS2_1": "F6",
    "MS2_2": "F1",
    "MS2_3": "F1",
    "MS2_4": "F1",
    "MS2_5": "F5",
    "MS3_1": "F9",
    "MS3_2": "F6",
    "MS3_3": "F2",
    "MS3_4": "F2",
    "MS3_5": "F2",
    "MS4_1": "F3",
    "MS4_2": "F7",
    "MS4_3": "F8",
    "MS4_4": "F8",
    "MS4_5": "F10"
  },
  "sensor": {
    "S1": "F10",
    "S2": "F6",
    "S3": "F9",
    "S4": "F3"
  },
  "fog": {
    "F1": {
      "rho": 0.4163609033574812,
      "capacity": 1.0,
      "tserv": 1.3878696778582704,
      "stddev": 2.208077618299734,
      "mu": 0.7205287470097176,
      "cv": 1.5909833996137088,
      "lambda": 0.30000000000000004,
      "twait": 1.7481151580530858
    },
    "F2": {
      "rho": 0.4209921027119089,
      "capacity": 1.0,
      "tserv": 1.4033070090396962,
      "stddev": 1.9253169389461788,
      "mu": 0.7126024409186945,
      "cv": 1.3719855502351561,
      "lambda": 0.30000000000000004,
      "twait": 1.4704762845891237
    },
    "F3": {
      "rho": 0.31011811741020756,
      "capacity": 1.0,
      "tserv": 1.5505905870510377,
      "stddev": 1.8481088759329092,
      "mu": 0.6449155620774351,
      "cv": 1.191874174502569,
      "lambda": 0.2,
      "twait": 0.8435991338264772
    },
    "F4": {
      "rho": 0.42142895012264525,
      "capacity": 1.0,
      "tserv": 2.107144750613226,
      "stddev": 2.4189396035717263,
      "mu": 0.474575844734434,
      "cv": 1.1479703057266288,
      "lambda": 0.2,
      "twait": 1.778749180061147
    },
    "F5": {
      "rho": 0.4630766199587667,
      "capacity": 1.0,
      "tserv": 4.630766199587667,
      "stddev": 4.630766199587667,
      "mu": 0.21594698520712233,
      "cv": 1.0,
      "lambda": 0.1,
      "twait": 3.9938651197488926
    },
    "F6": {
      "rho": 0.382742291609368,
      "capacity": 1.0,
      "tserv": 1.9137114580468397,
      "stddev": 2.1598761698753206,
      "mu": 0.522544815100085,
      "cv": 1.1286320938265793,
      "lambda": 0.2,
      "twait": 1.3490891244706944
    },
    "F7": {
      "rho": 0.3962292054357045,
      "capacity": 1.0,
      "tserv": 3.962292054357045,
      "stddev": 3.962292054357045,
      "mu": 0.2523791750535836,
      "cv": 1.0,
      "lambda": 0.1,
      "twait": 2.6002844896382458
    },
    "F8": {
      "rho": 0.468210386391089,
      "capacity": 1.0,
      "tserv": 2.3410519319554446,
      "stddev": 2.906493856912385,
      "mu": 0.4271584010375692,
      "cv": 1.2415332685442118,
      "lambda": 0.2,
      "twait": 2.619124242359659
    },
    "F9": {
      "rho": 0.3168280823624752,
      "capacity": 1.0,
      "tserv": 3.1682808236247526,
      "stddev": 3.1682808236247526,
      "mu": 0.3156285871326029,
      "cv": 1.0,
      "lambda": 0.1,
      "twait": 1.46932318472058
    },
    "F10": {
      "rho": 0.4040133406403539,
      "capacity": 1.0,
      "tserv": 1.346711135467846,
      "stddev": 1.6113253439456272,
      "mu": 0.7425497374034863,
      "cv": 1.1964892110184078,
      "lambda": 0.30000000000000004,
      "twait": 1.1099242350087715
    }
  },
  "extra": {
    "deltatime": 0.5529196,
    "conv": 11,
    "obj_func": 22.549202948626416
  },
  "network": [
    [
      0.0,
      2.1178195478388777,
      1.8570833694593958,
      2.2446893302564748,
      2.1521522028753584,
      1.4724724323544507,
      2.3529243058330147,
      1.2099519893276487,
      2.344493203634333,
      2.344493203634333
    ],
    [
      2.1178195478388777,
      0.0,
      2.543587725372239,
      1.3734513200328313,
      2.465983255724924,
      2.1243515150411794,
      2.2458758504435297,
      2.344493203634333,
      2.1943356529944804,
      2.1943356529944804
    ],
    [
      1.8570833694593958,
      2.543587725372239,
      0.0,
      1.555126024251025,
      1.9292529972417838,
      1.4231820737981473,
      1.2099519893276487,
      2.1943356529944804,
      2.566621720220044,
      2.566621720220044
    ],
    [
      2.2446893302564748,
      1.3734513200328313,
      1.555126024251025,
      0.0,
      1.5952364902725835,
      2.3529243058330147,
      2.344493203634333,
      2.566621720220044,
      2.5005034292739485,
      2.5005034292739485
    ],
    [
      2.1521522028753584,
      2.465983255724924,
      1.9292529972417838,
      1.5952364902725835,
      0.0,
      2.2458758504435297,
      2.1943356529944804,
      2.5005034292739485,
      1.4627049055317178,
      1.4627049055317178
    ],
    [
      1.4724724323544507,
      2.1243515150411794,
      1.4231820737981473,
      2.3529243058330147,
      2.2458758504435297,
      0.0,
      2.566621720220044,
      1.4627049055317178,
      1.6265818820689508,
      1.6265818820689508
    ],
    [
      2.3529243058330147,
      2.2458758504435297,
      1.2099519893276487,
      2.344493203634333,
      2.1943356529944804,
      2.566621720220044,
      0.0,
      1.6265818820689508,
      1.9566210232241692,
      1.9566210232241692
    ],
    [
      1.2099519893276487,
      2.344493203634333,
      2.1943356529944804,
      2.566621720220044,
      2.5005034292739485,
      1.4627049055317178,
      1.6265818820689508,
      0.0,
      1.6989472487475443,
      1.6989472487475443
    ],
    [
      2.344493203634333,
      2.1943356529944804,
      2.566621720220044,
      2.5005034292739485,
      1.4627049055317178,
      1.6265818820689508,
      1.9566210232241692,
      1.6989472487475443,
      0.0,
      1.6976602447387106
    ],
    [
      2.344493203634333,
      2.1943356529944804,
      2.566621720220044,
      2.5005034292739485,
      1.4627049055317178,
      1.6265818820689508,
      1.9566210232241692,
      1.6989472487475443,
      1.6976602447387106,
      0.0
    ]
  ]
}