{
  "servicechain": {
    "SC1": {
      "resptime": 35.877301263037495,
      "resptime_old": 25.8773012630375,
      "waittime": 19.768227491515344,
      "servicetime": 10.0,
      "networktime": 6.109073771522155,
      "services": {
        "MS1_1": {
          "meanserv": 0.6128048845183232,
          "stddevserv": 0.6128048845183232,
          "rate": 1.6318407787921272,
          "cv": 1.0,
          "lambda": 0.15
        },
        "MS1_2": {
          "meanserv": 0.5702018816636345,
          "stddevserv": 0.5702018816636345,
          "rate": 1.7537648193695474,
          "cv": 1.0,
          "lambda": 0.15
        },
        "MS1_3": {
          "meanserv": 3.2235625988242065,
          "stddevserv": 3.2235625988242065,
          "rate": 0.31021578435137254,
          "cv": 1.0,
          "lambda": 0.15
        },
        "MS1_4": {
          "meanserv": 0.25144778767845377,
          "stddevserv": 0.25144778767845377,
          "rate": 3.9769687744430637,
          "cv": 1.0,
          "lambda": 0.15
        },
        "MS1_5": {
          "meanserv": 1.2661488728480954,
          "stddevserv": 1.2661488728480954,
          "rate": 0.7897965408685189,
          "cv": 1.0,
          "lambda": 0.15
        },
        "MS1_6": {
          "meanserv": 0.08662393482791853,
          "stddevserv": 0.08662393482791853,
          "rate": 11.544153495065018,
          "cv": 1.0,
          "lambda": 0.15
        },
        "MS1_7": {
          "meanserv": 2.7720013800702974,
          "stddevserv": 2.7720013800702974,
          "rate": 0.36075018114696616,
          "cv": 1.0,
          "lambda": 0.15
        },
        "MS1_8": {
          "meanserv": 0.45359057872852127,
          "stddevserv": 0.45359057872852127,
          "rate": 2.2046313281090226,
          "cv": 1.0,
          "lambda": 0.15
        },
        "MS1_9": {
          "meanserv": 0.14156922679759987,
          "stddevserv": 0.14156922679759987,
          "rate": 7.063682006469458,
          "cv": 1.0,
          "lambda": 0.15
        },
        "MS1_10": {
          "meanserv": 0.6220488540429496,
          "stddevserv": 0.6220488540429496,
          "rate": 1.6075907760308399,
          "cv": 1.0,
          "lambda": 0.15
        }
      },
      "sensors": [
        "S1"
      ],
      "sources": [
        {
          "startTime": 0,
          "stopTime": -1,
          "lambda": 0.15
        }
      ]
    },
    "SC2": {
      "resptime": 34.01954984271105,
      "resptime_old": 24.019549842711058,
      "waittime": 20.500990140685268,
      "servicetime": 10.0,
      "networktime": 3.518559702025786,
      "services": {
        "MS2_1": {
          "meanserv": 0.4118834357324319,
          "stddevserv": 0.4118834357324319,
          "rate": 2.4278713666203875,
          "cv": 1.0,
          "lambda": 0.15
        },
        "MS2_2": {
          "meanserv": 0.6677625430620238,
          "stddevserv": 0.6677625430620238,
          "rate": 1.497538324648313,
          "cv": 1.0,
          "lambda": 0.15
        },
        "MS2_3": {
          "meanserv": 2.615683542353411,
          "stddevserv": 2.615683542353411,
          "rate": 0.3823092449097528,
          "cv": 1.0,
          "lambda": 0.15
        },
        "MS2_4": {
          "meanserv": 0.09768435199763692,
          "stddevserv": 0.09768435199763692,
          "rate": 10.237054139686476,
          "cv": 1.0,
          "lambda": 0.15
        },
        "MS2_5": {
          "meanserv": 2.8115988664157734,
          "stddevserv": 2.8115988664157734,
          "rate": 0.35566951315313344,
          "cv": 1.0,
          "lambda": 0.15
        },
        "MS2_6": {
          "meanserv": 1.6951841986147445,
          "stddevserv": 1.6951841986147445,
          "rate": 0.5899063953151351,
          "cv": 1.0,
          "lambda": 0.15
        },
        "MS2_7": {
          "meanserv": 0.00887030740536865,
          "stddevserv": 0.00887030740536865,
          "rate": 112.73566453793492,
          "cv": 1.0,
          "lambda": 0.15
        },
        "MS2_8": {
          "meanserv": 0.4560961821784293,
          "stddevserv": 0.4560961821784293,
          "rate": 2.1925199970404274,
          "cv": 1.0,
          "lambda": 0.15
        },
        "MS2_9": {
          "meanserv": 0.3569370301692292,
          "stddevserv": 0.3569370301692292,
          "rate": 2.8016146140003606,
          "cv": 1.0,
          "lambda": 0.15
        },
        "MS2_10": {
          "meanserv": 0.8782995420709518,
          "stddevserv": 0.8782995420709518,
          "rate": 1.1385637269513875,
          "cv": 1.0,
          "lambda": 0.15
        }
      },
      "sensors": [
        "S2"
      ],
      "sources": [
        {
          "startTime": 0,
          "stopTime": -1,
          "lambda": 0.15
        }
      ]
    },
    "SC3": {
      "resptime": 31.223044517396787,
      "resptime_old": 21.223044517396787,
      "waittime": 16.13325047257878,
      "servicetime": 10.0,
      "networktime": 5.089794044818005,
      "services": {
        "MS3_1": {
          "meanserv": 1.324787733868933,
          "stddevserv": 1.324787733868933,
          "rate": 0.7548379068091028,
          "cv": 1.0,
          "lambda": 0.15
        },
        "MS3_2": {
          "meanserv": 0.9868476772257408,
          "stddevserv": 0.9868476772257408,
          "rate": 1.0133276118268155,
          "cv": 1.0,
          "lambda": 0.15
        },
        "MS3_3": {
          "meanserv": 0.7894343407372739,
          "stddevserv": 0.7894343407372739,
          "rate": 1.266729794229718,
          "cv": 1.0,
          "lambda": 0.15
        },
        "MS3_4": {
          "meanserv": 0.5949705343765652,
          "stddevserv": 0.5949705343765652,
          "rate": 1.6807555033760477,
          "cv": 1.0,
          "lambda": 0.15
        },
        "MS3_5": {
          "meanserv": 0.17690585354506716,
          "stddevserv": 0.17690585354506716,
          "rate": 5.65272420307589,
          "cv": 1.0,
          "lambda": 0.15
        },
        "MS3_6": {
          "meanserv": 2.0451867186484645,
          "stddevserv": 2.0451867186484645,
          "rate": 0.4889529111849686,
          "cv": 1.0,
          "lambda": 0.15
        },
        "MS3_7": {
          "meanserv": 3.3375854920993646,
          "stddevserv": 3.3375854920993646,
          "rate": 0.29961779327216365,
          "cv": 1.0,
          "lambda": 0.15
        },
        "MS3_8": {
          "meanserv": 0.036485257838245744,
          "stddevserv": 0.036485257838245744,
          "rate": 27.40833035724769,
          "cv": 1.0,
          "lambda": 0.15
        },
        "MS3_9": {
          "meanserv": 0.632563286580023,
          "stddevserv": 0.632563286580023,
          "rate": 1.5808694896071778,
          "cv": 1.0,
          "lambda": 0.15
        },
        "MS3_10": {
          "meanserv": 0.0752331050803221,
          "stddevserv": 0.0752331050803221,
          "rate": 13.29202083221684,
          "cv": 1.0,
          "lambda": 0.15
        }
      },
      "sensors": [
        "S3"
      ],
      "sources": [
        {
          "startTime": 0,
          "stopTime": -1,
          "lambda": 0.15
        }
      ]
    },
    "SC4": {
      "resptime": 35.3212860464342,
      "resptime_old": 25.321286046434206,
      "waittime": 21.639207898601995,
      "servicetime": 10.0,
      "networktime": 3.6820781478322093,
      "services": {
        "MS4_1": {
          "meanserv": 1.4127922954941108,
          "stddevserv": 1.4127922954941108,
          "rate": 0.7078181295221881,
          "cv": 1.0,
          "lambda": 0.15
        },
        "MS4_2": {
          "meanserv": 0.10212695878904499,
          "stddevserv": 0.10212695878904499,
          "rate": 9.791733856146791,
          "cv": 1.0,
          "lambda": 0.15
        },
        "MS4_3": {
          "meanserv": 3.254758677749463,
          "stddevserv": 3.254758677749463,
          "rate": 0.3072424406873263,
          "cv": 1.0,
          "lambda": 0.15
        },
        "MS4_4": {
          "meanserv": 0.9815826356056458,
          "stddevserv": 0.9815826356056458,
          "rate": 1.0187629280778694,
          "cv": 1.0,
          "lambda": 0.15
        },
        "MS4_5": {
          "meanserv": 1.7776272375950581,
          "stddevserv": 1.7776272375950581,
          "rate": 0.562547635888441,
          "cv": 1.0,
          "lambda": 0.15
        },
        "MS4_6": {
          "meanserv": 0.7335765401030354,
          "stddevserv": 0.7335765401030354,
          "rate": 1.363184269578119,
          "cv": 1.0,
          "lambda": 0.15
        },
        "MS4_7": {
          "meanserv": 0.14334475523807555,
          "stddevserv": 0.14334475523807555,
          "rate": 6.976188269596192,
          "cv": 1.0,
          "lambda": 0.15
        },
        "MS4_8": {
          "meanserv": 0.2543175892644154,
          "stddevserv": 0.2543175892644154,
          "rate": 3.9320913779199698,
          "cv": 1.0,
          "lambda": 0.15
        },
        "MS4_9": {
          "meanserv": 0.6223219495877217,
          "stddevserv": 0.6223219495877217,
          "rate": 1.6068853117947774,
          "cv": 1.0,
          "lambda": 0.15
        },
        "MS4_10": {
          "meanserv": 0.7175513605734292,
          "stddevserv": 0.7175513605734292,
          "rate": 1.393628463335158,
          "cv": 1.0,
          "lambda": 0.15
        }
      },
      "sensors": [
        "S4"
      ],
      "sources": [
        {
          "startTime": 0,
          "stopTime": -1,
          "lambda": 0.15
        }
      ]
    }
  },
  "microservice": {
    "MS1_1": "F1",
    "MS1_2": "F1",
    "MS1_3": "F8",
    "MS1_4": "F1",
    "MS1_5": "F8",
    "MS1_6": "F1",
    "MS1_7": "F7",
    "MS1_8": "F9",
    "MS1_9": "F9",
    "MS1_10": "F9",
    "MS2_1": "F9",
    "MS2_2": "F9",
    "MS2_3": "F2",
    "MS2_4": "F1",
    "MS2_5": "F4",
    "MS2_6": "F4",
    "MS2_7": "F5",
    "MS2_8": "F5",
    "MS2_9": "F5",
    "MS2_10": "F5",
    "MS3_1": "F6",
    "MS3_2": "F7",
    "MS3_3": "F1",
    "MS3_4": "F1",
    "MS3_5": "F1",
    "MS3_6": "F6",
    "MS3_7": "F10",
    "MS3_8": "F1",
    "MS3_9": "F1",
    "MS3_10": "F1",
    "MS4_1": "F5",
    "MS4_2": "F5",
    "MS4_3": "F3",
    "MS4_4": "F3",
    "MS4_5": "F2",
    "MS4_6": "F9",
    "MS4_7": "F9",
    "MS4_8": "F9",
    "MS4_9": "F9",
    "MS4_10": "F6"
  },
  "sensor": {
    "S1": "F1",
    "S2": "F9",
    "S3": "F6",
    "S4": "F5"
  },
  "fog": {
    "F1": {
      "rho": 0.5886532828265195,
      "capacity": 1.0,
      "tserv": 0.35675956534940584,
      "stddev": 0.5216278735761902,
      "mu": 2.803008236150901,
      "cv": 1.4621272258399418,
      "lambda": 1.6499999999999997,
      "twait": 0.8009854768768562
    },
    "F2": {
      "rho": 0.6589966169922703,
      "capacity": 1.0,
      "tserv": 2.1966553899742345,
      "stddev": 2.2751844073119587,
      "mu": 0.4552375418393367,
      "cv": 1.0357493568158842,
      "lambda": 0.3,
      "twait": 4.399557081235002
    },
    "F3": {
      "rho": 0.6354511970032664,
      "capacity": 1.0,
      "tserv": 2.1181706566775547,
      "stddev": 2.659005752174698,
      "mu": 0.472105491994939,
      "cv": 1.2553312188478087,
      "lambda": 0.3,
      "twait": 4.755313318507113
    },
    "F4": {
      "rho": 0.6760174597545776,
      "capacity": 1.0,
      "tserv": 2.2533915325152587,
      "stddev": 2.3876692095120946,
      "mu": 0.4437755203969324,
      "cv": 1.059589145986962,
      "lambda": 0.3,
      "twait": 4.990425245461605
    },
    "F5": {
      "rho": 0.48226834741607016,
      "capacity": 1.0,
      "tserv": 0.5358537193511891,
      "stddev": 0.8663930784485733,
      "mu": 1.8661809443271171,
      "cv": 1.6168462532976364,
      "lambda": 0.9,
      "twait": 0.9020102912116982
    },
    "F6": {
      "rho": 0.6131288719636239,
      "capacity": 1.0,
      "tserv": 1.3625086043636088,
      "stddev": 1.5637746349904198,
      "mu": 0.7339403192004598,
      "cv": 1.1477172547624512,
      "lambda": 0.44999999999999996,
      "twait": 2.501891744322559
    },
    "F7": {
      "rho": 0.5638273585944057,
      "capacity": 1.0,
      "tserv": 1.8794245286480191,
      "stddev": 2.263983973060243,
      "mu": 0.5320777635691277,
      "cv": 1.2046155291422425,
      "lambda": 0.3,
      "twait": 2.977442588302981
    },
    "F8": {
      "rho": 0.6734567207508453,
      "capacity": 1.0,
      "tserv": 2.244855735836151,
      "stddev": 2.6372545425188503,
      "mu": 0.44546292398051396,
      "cv": 1.1747991197913397,
      "lambda": 0.3,
      "twait": 5.509754552749913
    },
    "F9": {
      "rho": 0.6075623208835161,
      "capacity": 1.0,
      "tserv": 0.4500461636174194,
      "stddev": 0.5431376225030571,
      "mu": 2.2219942771250727,
      "cv": 1.206848688893111,
      "lambda": 1.3499999999999999,
      "twait": 0.8557779634017026
    },
    "F10": {
      "rho": 0.5006378238149046,
      "capacity": 1.0,
      "tserv": 3.337585492099364,
      "stddev": 3.3375854920993646,
      "mu": 0.2996177932721637,
      "cv": 1.0000000000000002,
      "lambda": 0.15,
      "twait": 3.3461115343695433
    }
  },
  "extra": {
    "conv_gen": 468,
    "max_gen": 600,
    "population": 600,
    "deltatime": 62.2384828,
    "obj_func": 34.11029541739488
  },
  "network": [
    [
      0.0,
      0.7750859193869455,
      0.7179991330303502,
      0.7124479739852312,
      0.9452233534678898,
      0.7172209052790159,
      0.9930863314566913,
      0.9565575536961692,
      1.1407291090943021,
      1.1407291090943021
    ],
    [
      0.7750859193869455,
      0.0,
      0.8633016012321866,
      1.0183850409290094,
      1.3734547538389243,
      0.9898715749399701,
      0.9243758108090191,
      1.1407291090943021,
      1.081279393417022,
      1.081279393417022
    ],
    [
      0.7179991330303502,
      0.8633016012321866,
      0.0,
      1.1486273104996019,
      0.6352983042845005,
      1.0652325897602546,
      0.9565575536961692,
      1.081279393417022,
      1.1365588500894952,
      1.1365588500894952
    ],
    [
      0.7124479739852312,
      1.0183850409290094,
      1.1486273104996019,
      0.0,
      0.9497464152365876,
      0.9930863314566913,
      1.1407291090943021,
      1.1365588500894952,
      1.1377689474469694,
      1.1377689474469694
    ],
    [
      0.9452233534678898,
      1.3734547538389243,
      0.6352983042845005,
      0.9497464152365876,
      0.0,
      0.9243758108090191,
      1.081279393417022,
      1.1377689474469694,
      1.3496248539595626,
      1.3496248539595626
    ],
    [
      0.7172209052790159,
      0.9898715749399701,
      1.0652325897602546,
      0.9930863314566913,
      0.9243758108090191,
      0.0,
      1.1365588500894952,
      1.3496248539595626,
      1.1021988488985002,
      1.1021988488985002
    ],
    [
      0.9930863314566913,
      0.9243758108090191,
      0.9565575536961692,
      1.1407291090943021,
      1.081279393417022,
      1.1365588500894952,
      0.0,
      1.1021988488985002,
      1.2897572252807865,
      1.2897572252807865
    ],
    [
      0.9565575536961692,
      1.1407291090943021,
      1.081279393417022,
      1.1365588500894952,
      1.1377689474469694,
      1.3496248539595626,
      1.1021988488985002,
      0.0,
      1.0426478365964065,
      1.0426478365964065
    ],
    [
      1.1407291090943021,
      1.081279393417022,
      1.1365588500894952,
      1.1377689474469694,
      1.3496248539595626,
      1.1021988488985002,
      1.2897572252807865,
      1.0426478365964065,
      0.0,
      0.7429259446232056
    ],
    [
      1.1407291090943021,
      1.081279393417022,
      1.1365588500894952,
      1.1377689474469694,
      1.3496248539595626,
      1.1021988488985002,
      1.2897572252807865,
      1.0426478365964065,
      0.7429259446232056,
      0.0
    ]
  ]
}