{
  "servicechain": {
    "SC1": {
      "resptime": 32.89188231140071,
      "resptime_old": 22.8918823114007,
      "waittime": 16.900619634548537,
      "servicetime": 10.0,
      "networktime": 5.99126267685217,
      "services": {
        "MS1_1": {
          "meanserv": 0.24860613778997287,
          "stddevserv": 0.24860613778997287,
          "rate": 4.0224268350317995,
          "cv": 1.0,
          "lambda": 0.15
        },
        "MS1_2": {
          "meanserv": 0.9484865669618336,
          "stddevserv": 0.9484865669618336,
          "rate": 1.054311188827031,
          "cv": 1.0,
          "lambda": 0.15
        },
        "MS1_3": {
          "meanserv": 0.047997672929607216,
          "stddevserv": 0.047997672929607216,
          "rate": 20.8343433954931,
          "cv": 1.0,
          "lambda": 0.15
        },
        "MS1_4": {
          "meanserv": 0.8514794536738959,
          "stddevserv": 0.8514794536738959,
          "rate": 1.1744264593646734,
          "cv": 1.0,
          "lambda": 0.15
        },
        "MS1_5": {
          "meanserv": 0.12042787822659662,
          "stddevserv": 0.12042787822659662,
          "rate": 8.303725140107542,
          "cv": 1.0,
          "lambda": 0.15
        },
        "MS1_6": {
          "meanserv": 0.6776168986313555,
          "stddevserv": 0.6776168986313555,
          "rate": 1.4757601264369158,
          "cv": 1.0,
          "lambda": 0.15
        },
        "MS1_7": {
          "meanserv": 1.337616279267694,
          "stddevserv": 1.337616279267694,
          "rate": 0.7475985568503031,
          "cv": 1.0,
          "lambda": 0.15
        },
        "MS1_8": {
          "meanserv": 1.1614091308452386,
          "stddevserv": 1.1614091308452386,
          "rate": 0.8610230223282558,
          "cv": 1.0,
          "lambda": 0.15
        },
        "MS1_9": {
          "meanserv": 1.1062077894111608,
          "stddevserv": 1.1062077894111608,
          "rate": 0.9039892952953299,
          "cv": 1.0,
          "lambda": 0.15
        },
        "MS1_10": {
          "meanserv": 0.7815637164212941,
          "stddevserv": 0.7815637164212941,
          "rate": 1.2794862133299956,
          "cv": 1.0,
          "lambda": 0.15
        },
        "MS1_11": {
          "meanserv": 1.0982492075715324,
          "stddevserv": 1.0982492075715324,
          "rate": 0.910540151639369,
          "cv": 1.0,
          "lambda": 0.15
        },
        "MS1_12": {
          "meanserv": 0.027004828220423605,
          "stddevserv": 0.027004828220423605,
          "rate": 37.03041514789957,
          "cv": 1.0,
          "lambda": 0.15
        },
        "MS1_13": {
          "meanserv": 0.2365718132514676,
          "stddevserv": 0.2365718132514676,
          "rate": 4.227046266653225,
          "cv": 1.0,
          "lambda": 0.15
        },
        "MS1_14": {
          "meanserv": 1.0021677132641447,
          "stddevserv": 1.0021677132641447,
          "rate": 0.9978369755526405,
          "cv": 1.0,
          "lambda": 0.15
        },
        "MS1_15": {
          "meanserv": 0.3545949135337825,
          "stddevserv": 0.3545949135337825,
          "rate": 2.8201194146704234,
          "cv": 1.0,
          "lambda": 0.15
        }
      },
      "sensors": [
        "S1"
      ],
      "sources": [
        {
          "startTime": 0,
          "stopTime": -1,
          "lambda": 0.15
        }
      ]
    },
    "SC2": {
      "resptime": 32.270727733082154,
      "resptime_old": 22.27072773308215,
      "waittime": 18.997417228867587,
      "servicetime": 10.0,
      "networktime": 3.27331050421457,
      "services": {
        "MS2_1": {
          "meanserv": 0.8911091793094372,
          "stddevserv": 0.8911091793094372,
          "rate": 1.1221969464784858,
          "cv": 1.0,
          "lambda": 0.15
        },
        "MS2_2": {
          "meanserv": 1.7723186277373917,
          "stddevserv": 1.7723186277373917,
          "rate": 0.5642326297030672,
          "cv": 1.0,
          "lambda": 0.15
        },
        "MS2_3": {
          "meanserv": 0.18431067336306128,
          "stddevserv": 0.18431067336306128,
          "rate": 5.42562176000609,
          "cv": 1.0,
          "lambda": 0.15
        },
        "MS2_4": {
          "meanserv": 0.5629500838676993,
          "stddevserv": 0.5629500838676993,
          "rate": 1.7763564277841253,
          "cv": 1.0,
          "lambda": 0.15
        },
        "MS2_5": {
          "meanserv": 0.2818321718283938,
          "stddevserv": 0.2818321718283938,
          "rate": 3.5482109565862303,
          "cv": 1.0,
          "lambda": 0.15
        },
        "MS2_6": {
          "meanserv": 0.18752688603001832,
          "stddevserv": 0.18752688603001832,
          "rate": 5.332568684790751,
          "cv": 1.0,
          "lambda": 0.15
        },
        "MS2_7": {
          "meanserv": 0.0730518291508897,
          "stddevserv": 0.0730518291508897,
          "rate": 13.688911169280708,
          "cv": 1.0,
          "lambda": 0.15
        },
        "MS2_8": {
          "meanserv": 0.5074239371626907,
          "stddevserv": 0.5074239371626907,
          "rate": 1.9707387191696064,
          "cv": 1.0,
          "lambda": 0.15
        },
        "MS2_9": {
          "meanserv": 2.0152418338595215,
          "stddevserv": 2.0152418338595215,
          "rate": 0.4962183610911027,
          "cv": 1.0,
          "lambda": 0.15
        },
        "MS2_10": {
          "meanserv": 0.2063468305504621,
          "stddevserv": 0.2063468305504621,
          "rate": 4.846209642921799,
          "cv": 1.0,
          "lambda": 0.15
        },
        "MS2_11": {
          "meanserv": 0.08435570181013041,
          "stddevserv": 0.08435570181013041,
          "rate": 11.85456321910309,
          "cv": 1.0,
          "lambda": 0.15
        },
        "MS2_12": {
          "meanserv": 1.1975877017564764,
          "stddevserv": 1.1975877017564764,
          "rate": 0.8350119148128535,
          "cv": 1.0,
          "lambda": 0.15
        },
        "MS2_13": {
          "meanserv": 1.6316589661986969,
          "stddevserv": 1.6316589661986969,
          "rate": 0.6128731681778556,
          "cv": 1.0,
          "lambda": 0.15
        },
        "MS2_14": {
          "meanserv": 0.07844648433410484,
          "stddevserv": 0.07844648433410484,
          "rate": 12.747543863673787,
          "cv": 1.0,
          "lambda": 0.15
        },
        "MS2_15": {
          "meanserv": 0.32583909304102576,
          "stddevserv": 0.32583909304102576,
          "rate": 3.0689994581899107,
          "cv": 1.0,
          "lambda": 0.15
        }
      },
      "sensors": [
        "S2"
      ],
      "sources": [
        {
          "startTime": 0,
          "stopTime": -1,
          "lambda": 0.15
        }
      ]
    },
    "SC3": {
      "resptime": 28.995773219898396,
      "resptime_old": 18.995773219898393,
      "waittime": 14.111373209704912,
      "servicetime": 10.0,
      "networktime": 4.884400010193485,
      "services": {
        "MS3_1": {
          "meanserv": 0.2866705701700256,
          "stddevserv": 0.2866705701700256,
          "rate": 3.488324592953143,
          "cv": 1.0,
          "lambda": 0.15
        },
        "MS3_2": {
          "meanserv": 1.4382430509741406,
          "stddevserv": 1.4382430509741406,
          "rate": 0.6952927735841915,
          "cv": 1.0,
          "lambda": 0.15
        },
        "MS3_3": {
          "meanserv": 1.1142753936976026,
          "stddevserv": 1.1142753936976026,
          "rate": 0.8974442096236263,
          "cv": 1.0,
          "lambda": 0.15
        },
        "MS3_4": {
          "meanserv": 0.07991708895625838,
          "stddevserv": 0.07991708895625838,
          "rate": 12.512968290766166,
          "cv": 1.0,
          "lambda": 0.15
        },
        "MS3_5": {
          "meanserv": 1.0176624375814156,
          "stddevserv": 1.0176624375814156,
          "rate": 0.9826441097468506,
          "cv": 1.0,
          "lambda": 0.15
        },
        "MS3_6": {
          "meanserv": 0.9954024558205297,
          "stddevserv": 0.9954024558205297,
          "rate": 1.0046187792209942,
          "cv": 1.0,
          "lambda": 0.15
        },
        "MS3_7": {
          "meanserv": 0.16601366286418084,
          "stddevserv": 0.16601366286418084,
          "rate": 6.023600604596745,
          "cv": 1.0,
          "lambda": 0.15
        },
        "MS3_8": {
          "meanserv": 0.20205289570033536,
          "stddevserv": 0.20205289570033536,
          "rate": 4.949199052722808,
          "cv": 1.0,
          "lambda": 0.15
        },
        "MS3_9": {
          "meanserv": 0.010218282973878168,
          "stddevserv": 0.010218282973878168,
          "rate": 97.86379987287314,
          "cv": 1.0,
          "lambda": 0.15
        },
        "MS3_10": {
          "meanserv": 0.47023797009129886,
          "stddevserv": 0.47023797009129886,
          "rate": 2.1265828444390515,
          "cv": 1.0,
          "lambda": 0.15
        },
        "MS3_11": {
          "meanserv": 1.5390442234642823,
          "stddevserv": 1.5390442234642823,
          "rate": 0.6497539087922172,
          "cv": 1.0,
          "lambda": 0.15
        },
        "MS3_12": {
          "meanserv": 1.100571866801081,
          "stddevserv": 1.100571866801081,
          "rate": 0.9086185374759733,
          "cv": 1.0,
          "lambda": 0.15
        },
        "MS3_13": {
          "meanserv": 0.10984728378333486,
          "stddevserv": 0.10984728378333486,
          "rate": 9.10354781254693,
          "cv": 1.0,
          "lambda": 0.15
        },
        "MS3_14": {
          "meanserv": 0.9693019449943083,
          "stddevserv": 0.9693019449943083,
          "rate": 1.0316702707182455,
          "cv": 1.0,
          "lambda": 0.15
        },
        "MS3_15": {
          "meanserv": 0.5005408721273277,
          "stddevserv": 0.5005408721273277,
          "rate": 1.9978388493030392,
          "cv": 1.0,
          "lambda": 0.15
        }
      },
      "sensors": [
        "S3"
      ],
      "sources": [
        {
          "startTime": 0,
          "stopTime": -1,
          "lambda": 0.15
        }
      ]
    },
    "SC4": {
      "resptime": 31.619230510418735,
      "resptime_old": 21.61923051041874,
      "waittime": 19.152255322530433,
      "servicetime": 10.0,
      "networktime": 2.466975187888303,
      "services": {
        "MS4_1": {
          "meanserv": 0.06866834612561212,
          "stddevserv": 0.06866834612561212,
          "rate": 14.562750618323353,
          "cv": 1.0,
          "lambda": 0.15
        },
        "MS4_2": {
          "meanserv": 1.1726593693608856,
          "stddevserv": 1.1726593693608856,
          "rate": 0.8527625550333622,
          "cv": 1.0,
          "lambda": 0.15
        },
        "MS4_3": {
          "meanserv": 1.1820764652935023,
          "stddevserv": 1.1820764652935023,
          "rate": 0.8459689617047795,
          "cv": 1.0,
          "lambda": 0.15
        },
        "MS4_4": {
          "meanserv": 2.0015037284589554,
          "stddevserv": 2.0015037284589554,
          "rate": 0.4996243503228162,
          "cv": 1.0,
          "lambda": 0.15
        },
        "MS4_5": {
          "meanserv": 0.1740590443163148,
          "stddevserv": 0.1740590443163148,
          "rate": 5.745176896310631,
          "cv": 1.0,
          "lambda": 0.15
        },
        "MS4_6": {
          "meanserv": 0.1760115282128174,
          "stddevserv": 0.1760115282128174,
          "rate": 5.6814460402326,
          "cv": 1.0,
          "lambda": 0.15
        },
        "MS4_7": {
          "meanserv": 0.4201991750032228,
          "stddevserv": 0.4201991750032228,
          "rate": 2.3798238061565216,
          "cv": 1.0,
          "lambda": 0.15
        },
        "MS4_8": {
          "meanserv": 0.034480686141897365,
          "stddevserv": 0.034480686141897365,
          "rate": 29.001743059425472,
          "cv": 1.0,
          "lambda": 0.15
        },
        "MS4_9": {
          "meanserv": 0.053489388940638705,
          "stddevserv": 0.053489388940638705,
          "rate": 18.695296764555994,
          "cv": 1.0,
          "lambda": 0.15
        },
        "MS4_10": {
          "meanserv": 2.4919517001541305,
          "stddevserv": 2.4919517001541305,
          "rate": 0.40129188697282886,
          "cv": 1.0,
          "lambda": 0.15
        },
        "MS4_11": {
          "meanserv": 0.1371220268850344,
          "stddevserv": 0.1371220268850344,
          "rate": 7.29277434644704,
          "cv": 1.0,
          "lambda": 0.15
        },
        "MS4_12": {
          "meanserv": 0.11581035286445385,
          "stddevserv": 0.11581035286445385,
          "rate": 8.634806606369768,
          "cv": 1.0,
          "lambda": 0.15
        },
        "MS4_13": {
          "meanserv": 0.15299283342571357,
          "stddevserv": 0.15299283342571357,
          "rate": 6.536253872868856,
          "cv": 1.0,
          "lambda": 0.15
        },
        "MS4_14": {
          "meanserv": 0.569209974451212,
          "stddevserv": 0.569209974451212,
          "rate": 1.7568209358314957,
          "cv": 1.0,
          "lambda": 0.15
        },
        "MS4_15": {
          "meanserv": 1.2497653803656092,
          "stddevserv": 1.2497653803656092,
          "rate": 0.800150184755044,
          "cv": 1.0,
          "lambda": 0.15
        }
      },
      "sensors": [
        "S4"
      ],
      "sources": [
        {
          "startTime": 0,
          "stopTime": -1,
          "lambda": 0.15
        }
      ]
    }
  },
  "microservice": {
    "MS1_1": "F10",
    "MS1_2": "F9",
    "MS1_3": "F6",
    "MS1_4": "F5",
    "MS1_5": "F6",
    "MS1_6": "F9",
    "MS1_7": "F9",
    "MS1_8": "F9",
    "MS1_9": "F8",
    "MS1_10": "F8",
    "MS1_11": "F8",
    "MS1_12": "F10",
    "MS1_13": "F10",
    "MS1_14": "F7",
    "MS1_15": "F10",
    "MS2_1": "F1",
    "MS2_2": "F1",
    "MS2_3": "F6",
    "MS2_4": "F6",
    "MS2_5": "F6",
    "MS2_6": "F6",
    "MS2_7": "F6",
    "MS2_8": "F6",
    "MS2_9": "F4",
    "MS2_10": "F10",
    "MS2_11": "F10",
    "MS2_12": "F5",
    "MS2_13": "F1",
    "MS2_14": "F6",
    "MS2_15": "F6",
    "MS3_1": "F6",
    "MS3_2": "F2",
    "MS3_3": "F2",
    "MS3_4": "F6",
    "MS3_5": "F5",
    "MS3_6": "F5",
    "MS3_7": "F10",
    "MS3_8": "F10",
    "MS3_9": "F10",
    "MS3_10": "F10",
    "MS3_11": "F7",
    "MS3_12": "F7",
    "MS3_13": "F10",
    "MS3_14": "F8",
    "MS3_15": "F10",
    "MS4_1": "F10",
    "MS4_2": "F3",
    "MS4_3": "F3",
    "MS4_4": "F3",
    "MS4_5": "F10",
    "MS4_6": "F10",
    "MS4_7": "F10",
    "MS4_8": "F10",
    "MS4_9": "F10",
    "MS4_10": "F4",
    "MS4_11": "F6",
    "MS4_12": "F6",
    "MS4_13": "F6",
    "MS4_14": "F6",
    "MS4_15": "F2"
  },
  "sensor": {
    "S1": "F10",
    "S2": "F1",
    "S3": "F6",
    "S4": "F10"
  },
  "fog": {
    "F1": {
      "rho": 0.6442630159868288,
      "capacity": 1.0,
      "tserv": 1.4316955910818419,
      "stddev": 1.532508068791442,
      "mu": 0.69847250087874,
      "cv": 1.0704147434256066,
      "lambda": 0.44999999999999996,
      "twait": 2.7819007438681784
    },
    "F2": {
      "rho": 0.5703425737556028,
      "capacity": 1.0,
      "tserv": 1.2674279416791174,
      "stddev": 1.2812769285917602,
      "mu": 0.7889994903183034,
      "cv": 1.0109268436155001,
      "lambda": 0.44999999999999996,
      "twait": 1.7009130769211096
    },
    "F3": {
      "rho": 0.6534359344670015,
      "capacity": 1.0,
      "tserv": 1.4520798543711146,
      "stddev": 1.552556619725476,
      "mu": 0.6886673601246901,
      "cv": 1.0691950687504561,
      "lambda": 0.44999999999999996,
      "twait": 2.933852330143127
    },
    "F4": {
      "rho": 0.6760790301020477,
      "capacity": 1.0,
      "tserv": 2.253596767006826,
      "stddev": 2.2786672720199697,
      "mu": 0.4437351058717467,
      "cv": 1.0111246631962654,
      "lambda": 0.3,
      "twait": 4.7562633540247425
    },
    "F5": {
      "rho": 0.6093198073248477,
      "capacity": 1.0,
      "tserv": 1.0155330122080795,
      "stddev": 1.0303110820465864,
      "mu": 0.9847045718638866,
      "cv": 1.0145520329333015,
      "lambda": 0.6,
      "twait": 1.6070803669429519
    },
    "F6": {
      "rho": 0.5567294335030177,
      "capacity": 1.0,
      "tserv": 0.2319705972929241,
      "stddev": 0.3345017466311243,
      "mu": 4.310891171855009,
      "cv": 1.4420006265221947,
      "lambda": 2.3999999999999995,
      "twait": 0.448579596386543
    },
    "F7": {
      "rho": 0.5462675705294262,
      "capacity": 1.0,
      "tserv": 1.2139279345098362,
      "stddev": 1.2579942066657546,
      "mu": 0.8237721297712647,
      "cv": 1.0363005668649612,
      "lambda": 0.44999999999999996,
      "twait": 1.5155151087495222
    },
    "F8": {
      "rho": 0.5932983987597443,
      "capacity": 1.0,
      "tserv": 0.9888306645995739,
      "stddev": 1.006146841215677,
      "mu": 1.0112954986129492,
      "cv": 1.017511771465052,
      "lambda": 0.6,
      "twait": 1.4679933960956355
    },
    "F9": {
      "rho": 0.6187693313559182,
      "capacity": 1.0,
      "tserv": 1.0312822189265303,
      "stddev": 1.088529714487025,
      "mu": 0.9696666747933537,
      "cv": 1.0555109886603922,
      "lambda": 0.6,
      "twait": 1.7693539418475137
    },
    "F10": {
      "rho": 0.5314949042155648,
      "capacity": 1.0,
      "tserv": 0.1968499645242833,
      "stddev": 0.287520967573019,
      "mu": 5.080011075524682,
      "cv": 1.4606096997165094,
      "lambda": 2.6999999999999993,
      "twait": 0.3498672526015031
    }
  },
  "extra": {
    "deltatime": 10.5453954,
    "conv": 5,
    "obj_func": 31.444403443699997
  },
  "network": [
    [
      0.0,
      0.726586871788708,
      0.700244859779564,
      0.7415558052040876,
      0.43585002139109813,
      0.5209689589981792,
      0.40113473686796974,
      0.47279293129603683,
      0.719957892768472,
      0.719957892768472
    ],
    [
      0.726586871788708,
      0.0,
      0.6539781724066868,
      0.7952618830496906,
      0.7924435836509481,
      0.5152334099490254,
      0.6812176427070845,
      0.719957892768472,
      0.8651346425396179,
      0.8651346425396179
    ],
    [
      0.700244859779564,
      0.6539781724066868,
      0.0,
      0.6374526803218993,
      0.5887914029452592,
      0.5882958174896867,
      0.47279293129603683,
      0.8651346425396179,
      0.508796615611359,
      0.508796615611359
    ],
    [
      0.7415558052040876,
      0.7952618830496906,
      0.6374526803218993,
      0.0,
      0.6657717201960067,
      0.40113473686796974,
      0.719957892768472,
      0.508796615611359,
      0.5330138098485897,
      0.5330138098485897
    ],
    [
      0.43585002139109813,
      0.7924435836509481,
      0.5887914029452592,
      0.6657717201960067,
      0.0,
      0.6812176427070845,
      0.8651346425396179,
      0.5330138098485897,
      0.8613740181105538,
      0.8613740181105538
    ],
    [
      0.5209689589981792,
      0.5152334099490254,
      0.5882958174896867,
      0.40113473686796974,
      0.6812176427070845,
      0.0,
      0.508796615611359,
      0.8613740181105538,
      0.7964976905933574,
      0.7964976905933574
    ],
    [
      0.40113473686796974,
      0.6812176427070845,
      0.47279293129603683,
      0.719957892768472,
      0.8651346425396179,
      0.508796615611359,
      0.0,
      0.7964976905933574,
      0.47449702347851713,
      0.47449702347851713
    ],
    [
      0.47279293129603683,
      0.719957892768472,
      0.8651346425396179,
      0.508796615611359,
      0.5330138098485897,
      0.8613740181105538,
      0.7964976905933574,
      0.0,
      0.6811737412603809,
      0.6811737412603809
    ],
    [
      0.719957892768472,
      0.8651346425396179,
      0.508796615611359,
      0.5330138098485897,
      0.8613740181105538,
      0.7964976905933574,
      0.47449702347851713,
      0.6811737412603809,
      0.0,
      0.7244904807734901
    ],
    [
      0.719957892768472,
      0.8651346425396179,
      0.508796615611359,
      0.5330138098485897,
      0.8613740181105538,
      0.7964976905933574,
      0.47449702347851713,
      0.6811737412603809,
      0.7244904807734901,
      0.0
    ]
  ]
}