{
  "servicechain": {
    "SC1": {
      "resptime": 45.039747925723916,
      "resptime_old": 35.03974792572392,
      "waittime": 31.379774621774406,
      "servicetime": 10.0,
      "networktime": 3.659973303949517,
      "services": {
        "MS1_1": {
          "meanserv": 2.6763005603147025,
          "stddevserv": 2.6763005603147025,
          "rate": 0.3736501104653251,
          "cv": 1.0,
          "lambda": 0.15
        },
        "MS1_2": {
          "meanserv": 1.6659825715450394,
          "stddevserv": 1.6659825715450394,
          "rate": 0.6002463753702991,
          "cv": 1.0,
          "lambda": 0.15
        },
        "MS1_3": {
          "meanserv": 0.0852290123828805,
          "stddevserv": 0.0852290123828805,
          "rate": 11.733093837901432,
          "cv": 1.0,
          "lambda": 0.15
        },
        "MS1_4": {
          "meanserv": 5.572487855757378,
          "stddevserv": 5.572487855757378,
          "rate": 0.17945306044351825,
          "cv": 1.0,
          "lambda": 0.15
        }
      },
      "sensors": [
        "S1"
      ],
      "sources": [
        {
          "startTime": 0,
          "stopTime": -1,
          "lambda": 0.15
        }
      ]
    },
    "SC2": {
      "resptime": 15691.092764164221,
      "resptime_old": 15681.092764164221,
      "waittime": 15676.622429813835,
      "servicetime": 10.0,
      "networktime": 4.470334350386537,
      "services": {
        "MS2_1": {
          "meanserv": 0.09317789102916585,
          "stddevserv": 0.09317789102916585,
          "rate": 10.732159624507787,
          "cv": 1.0,
          "lambda": 0.15
        },
        "MS2_2": {
          "meanserv": 7.400284457796344,
          "stddevserv": 7.400284457796344,
          "rate": 0.13512994070741166,
          "cv": 1.0,
          "lambda": 0.15
        },
        "MS2_3": {
          "meanserv": 1.1105557199885716,
          "stddevserv": 1.1105557199885716,
          "rate": 0.9004500917885423,
          "cv": 1.0,
          "lambda": 0.15
        },
        "MS2_4": {
          "meanserv": 1.3959819311859185,
          "stddevserv": 1.3959819311859185,
          "rate": 0.7163416500315855,
          "cv": 1.0,
          "lambda": 0.15
        }
      },
      "sensors": [
        "S2"
      ],
      "sources": [
        {
          "startTime": 0,
          "stopTime": -1,
          "lambda": 0.15
        }
      ]
    },
    "SC3": {
      "resptime": 15690.04544574263,
      "resptime_old": 15680.045445742628,
      "waittime": 15676.071302251561,
      "servicetime": 10.0,
      "networktime": 3.974143491067795,
      "services": {
        "MS3_1": {
          "meanserv": 1.2976547456773846,
          "stddevserv": 1.2976547456773846,
          "rate": 0.7706210017195237,
          "cv": 1.0,
          "lambda": 0.15
        },
        "MS3_2": {
          "meanserv": 0.39726344010256764,
          "stddevserv": 0.39726344010256764,
          "rate": 2.5172213172745384,
          "cv": 1.0,
          "lambda": 0.15
        },
        "MS3_3": {
          "meanserv": 1.2412622795455275,
          "stddevserv": 1.2412622795455275,
          "rate": 0.8056315063131841,
          "cv": 1.0,
          "lambda": 0.15
        },
        "MS3_4": {
          "meanserv": 7.06381953467452,
          "stddevserv": 7.06381953467452,
          "rate": 0.14156647053216048,
          "cv": 1.0,
          "lambda": 0.15
        }
      },
      "sensors": [
        "S3"
      ],
      "sources": [
        {
          "startTime": 0,
          "stopTime": -1,
          "lambda": 0.15
        }
      ]
    },
    "SC4": {
      "resptime": 41.239992304305446,
      "resptime_old": 31.239992304305442,
      "waittime": 24.616963560168767,
      "servicetime": 10.0,
      "networktime": 6.623028744136674,
      "services": {
        "MS4_1": {
          "meanserv": 4.7843671289637255,
          "stddevserv": 4.7843671289637255,
          "rate": 0.2090140603855783,
          "cv": 1.0,
          "lambda": 0.15
        },
        "MS4_2": {
          "meanserv": 0.21785214494502636,
          "stddevserv": 0.21785214494502636,
          "rate": 4.590269240875934,
          "cv": 1.0,
          "lambda": 0.15
        },
        "MS4_3": {
          "meanserv": 4.756412076277099,
          "stddevserv": 4.756412076277099,
          "rate": 0.21024250715945367,
          "cv": 1.0,
          "lambda": 0.15
        },
        "MS4_4": {
          "meanserv": 0.24136864981414874,
          "stddevserv": 0.24136864981414874,
          "rate": 4.143040120454704,
          "cv": 1.0,
          "lambda": 0.15
        }
      },
      "sensors": [
        "S4"
      ],
      "sources": [
        {
          "startTime": 0,
          "stopTime": -1,
          "lambda": 0.15
        }
      ]
    }
  },
  "microservice": {
    "MS1_1": "F5",
    "MS1_2": "F7",
    "MS1_3": "F7",
    "MS1_4": "F2",
    "MS2_1": "F10",
    "MS2_2": "F1",
    "MS2_3": "F6",
    "MS2_4": "F6",
    "MS3_1": "F8",
    "MS3_2": "F9",
    "MS3_3": "F9",
    "MS3_4": "F1",
    "MS4_1": "F3",
    "MS4_2": "F7",
    "MS4_3": "F4",
    "MS4_4": "F10"
  },
  "sensor": {
    "S1": "F5",
    "S2": "F10",
    "S3": "F8",
    "S4": "F3"
  },
  "fog": {
    "F1": {
      "rho": 2.16961559887063,
      "capacity": 1.0,
      "tserv": 7.232051996235433,
      "stddev": 7.2359643723900815,
      "mu": 0.1382733421331234,
      "cv": 1.0005409773265852,
      "lambda": 0.3,
      "twait": 15675.08205005298
    },
    "F2": {
      "rho": 0.8358731783636065,
      "capacity": 1.0,
      "tserv": 5.572487855757378,
      "stddev": 5.5724878557573785,
      "mu": 0.17945306044351825,
      "cv": 1.0000000000000002,
      "lambda": 0.15,
      "twait": 28.379841204161096
    },
    "F3": {
      "rho": 0.7176550693445588,
      "capacity": 1.0,
      "tserv": 4.7843671289637255,
      "stddev": 4.7843671289637255,
      "mu": 0.2090140603855783,
      "cv": 1.0,
      "lambda": 0.15,
      "twait": 12.160747195763832
    },
    "F4": {
      "rho": 0.713461811441565,
      "capacity": 1.0,
      "tserv": 4.756412076277099,
      "stddev": 4.756412076277099,
      "mu": 0.21024250715945367,
      "cv": 1.0,
      "lambda": 0.15,
      "twait": 11.843162661758567
    },
    "F5": {
      "rho": 0.40144508404720536,
      "capacity": 1.0,
      "tserv": 2.6763005603147025,
      "stddev": 2.676300560314702,
      "mu": 0.3736501104653251,
      "cv": 0.9999999999999999,
      "lambda": 0.15,
      "twait": 1.7949693081392226
    },
    "F6": {
      "rho": 0.3759806476761735,
      "capacity": 1.0,
      "tserv": 1.253268825587245,
      "stddev": 1.2694159327060885,
      "mu": 0.7979134081879276,
      "cv": 1.012883993273572,
      "lambda": 0.3,
      "twait": 0.7649040564720165
    },
    "F7": {
      "rho": 0.29535955933094193,
      "capacity": 1.0,
      "tserv": 0.6563545762909822,
      "stddev": 1.2066536303826823,
      "mu": 1.5235667368252939,
      "cv": 1.8384173341205374,
      "lambda": 0.44999999999999996,
      "twait": 0.6024820547370434
    },
    "F8": {
      "rho": 0.1946482118516077,
      "capacity": 1.0,
      "tserv": 1.2976547456773846,
      "stddev": 1.2976547456773844,
      "mu": 0.7706210017195237,
      "cv": 0.9999999999999998,
      "lambda": 0.15,
      "twait": 0.3136345874733622
    },
    "F9": {
      "rho": 0.24577885794721424,
      "capacity": 1.0,
      "tserv": 0.8192628598240476,
      "stddev": 1.0135870233865507,
      "mu": 1.220609463749851,
      "cv": 1.2371939130796652,
      "lambda": 0.3,
      "twait": 0.33780880555304194
    },
    "F10": {
      "rho": 0.05018198112649719,
      "capacity": 1.0,
      "tserv": 0.1672732704216573,
      "stddev": 0.19738439019383314,
      "mu": 5.978241457701107,
      "cv": 1.1800115445598252,
      "lambda": 0.3,
      "twait": 0.010571647909323906
    }
  },
  "extra": {
    "deltatime": 0.0104301,
    "obj_func": 7866.8544875342195
  },
  "network": [
    [
      0.0,
      3.202122796856728,
      2.5828154830464305,
      2.1527848177558955,
      2.997689579039842,
      2.5664182600699355,
      3.1808794537163823,
      2.2841566347243574,
      1.9039160903166017,
      1.9039160903166017
    ],
    [
      3.202122796856728,
      0.0,
      3.4764466619468117,
      2.5408818523031393,
      2.8911605669684666,
      1.9146700510659487,
      1.9495738988413691,
      1.9039160903166017,
      1.710399405108148,
      1.710399405108148
    ],
    [
      2.5828154830464305,
      3.4764466619468117,
      0.0,
      2.895947795864238,
      2.6549670671692183,
      2.437052732658252,
      2.2841566347243574,
      1.710399405108148,
      2.857693038917398,
      2.857693038917398
    ],
    [
      2.1527848177558955,
      2.5408818523031393,
      2.895947795864238,
      0.0,
      2.654639634544916,
      3.1808794537163823,
      1.9039160903166017,
      2.857693038917398,
      2.4349560190957145,
      2.4349560190957145
    ],
    [
      2.997689579039842,
      2.8911605669684666,
      2.6549670671692183,
      2.654639634544916,
      0.0,
      1.9495738988413691,
      1.710399405108148,
      2.4349560190957145,
      1.964922095938481,
      1.964922095938481
    ],
    [
      2.5664182600699355,
      1.9146700510659487,
      2.437052732658252,
      3.1808794537163823,
      1.9495738988413691,
      0.0,
      2.857693038917398,
      1.964922095938481,
      1.7362387559004886,
      1.7362387559004886
    ],
    [
      3.1808794537163823,
      1.9495738988413691,
      2.2841566347243574,
      1.9039160903166017,
      1.710399405108148,
      2.857693038917398,
      0.0,
      1.7362387559004886,
      2.6325977036017476,
      2.6325977036017476
    ],
    [
      2.2841566347243574,
      1.9039160903166017,
      1.710399405108148,
      2.857693038917398,
      2.4349560190957145,
      1.964922095938481,
      1.7362387559004886,
      0.0,
      2.070227400751193,
      2.070227400751193
    ],
    [
      1.9039160903166017,
      1.710399405108148,
      2.857693038917398,
      2.4349560190957145,
      1.964922095938481,
      1.7362387559004886,
      2.6325977036017476,
      2.070227400751193,
      0.0,
      2.5046660470903332
    ],
    [
      1.9039160903166017,
      1.710399405108148,
      2.857693038917398,
      2.4349560190957145,
      1.964922095938481,
      1.7362387559004886,
      2.6325977036017476,
      2.070227400751193,
      2.5046660470903332,
      0.0
    ]
  ]
}