{
  "servicechain": {
    "SC1": {
      "resptime": 32.823691090350195,
      "resptime_old": 22.82369109035019,
      "waittime": 16.47381091460864,
      "servicetime": 10.0,
      "networktime": 6.349880175741551,
      "services": {
        "MS1_1": {
          "meanserv": 0.2905706394513219,
          "stddevserv": 0.2905706394513219,
          "rate": 3.4415039382102677,
          "cv": 1.0,
          "lambda": 0.15
        },
        "MS1_2": {
          "meanserv": 0.7567945294036837,
          "stddevserv": 0.7567945294036837,
          "rate": 1.3213626171266724,
          "cv": 1.0,
          "lambda": 0.15
        },
        "MS1_3": {
          "meanserv": 0.9762383913952402,
          "stddevserv": 0.9762383913952402,
          "rate": 1.0243399653344913,
          "cv": 1.0,
          "lambda": 0.15
        },
        "MS1_4": {
          "meanserv": 3.2696253605454544,
          "stddevserv": 3.2696253605454544,
          "rate": 0.3058454378495447,
          "cv": 1.0,
          "lambda": 0.15
        },
        "MS1_5": {
          "meanserv": 3.5782405091616987,
          "stddevserv": 3.5782405091616987,
          "rate": 0.2794669607701349,
          "cv": 1.0,
          "lambda": 0.15
        },
        "MS1_6": {
          "meanserv": 1.1285305700426012,
          "stddevserv": 1.1285305700426012,
          "rate": 0.8861080298092863,
          "cv": 1.0,
          "lambda": 0.15
        }
      },
      "sensors": [
        "S1"
      ],
      "sources": [
        {
          "startTime": 0,
          "stopTime": -1,
          "lambda": 0.15
        }
      ]
    },
    "SC2": {
      "resptime": 39.502688527895806,
      "resptime_old": 29.502688527895813,
      "waittime": 24.44356767910795,
      "servicetime": 10.0,
      "networktime": 5.059120848787859,
      "services": {
        "MS2_1": {
          "meanserv": 1.7013950211327533,
          "stddevserv": 1.7013950211327533,
          "rate": 0.5877529836276474,
          "cv": 1.0,
          "lambda": 0.15
        },
        "MS2_2": {
          "meanserv": 4.676165910715294,
          "stddevserv": 4.676165910715294,
          "rate": 0.21385041059140564,
          "cv": 1.0,
          "lambda": 0.15
        },
        "MS2_3": {
          "meanserv": 2.4115784292082063,
          "stddevserv": 2.4115784292082063,
          "rate": 0.41466617377579135,
          "cv": 1.0,
          "lambda": 0.15
        },
        "MS2_4": {
          "meanserv": 0.39999307517437366,
          "stddevserv": 0.39999307517437366,
          "rate": 2.5000432809094466,
          "cv": 1.0,
          "lambda": 0.15
        },
        "MS2_5": {
          "meanserv": 0.3902785113107008,
          "stddevserv": 0.3902785113107008,
          "rate": 2.562272764241175,
          "cv": 1.0,
          "lambda": 0.15
        },
        "MS2_6": {
          "meanserv": 0.42058905245867173,
          "stddevserv": 0.42058905245867173,
          "rate": 2.377617758128079,
          "cv": 1.0,
          "lambda": 0.15
        }
      },
      "sensors": [
        "S2"
      ],
      "sources": [
        {
          "startTime": 0,
          "stopTime": -1,
          "lambda": 0.15
        }
      ]
    },
    "SC3": {
      "resptime": 30.5199142362243,
      "resptime_old": 20.5199142362243,
      "waittime": 15.940845708512231,
      "servicetime": 10.0,
      "networktime": 4.579068527712066,
      "services": {
        "MS3_1": {
          "meanserv": 3.427052363407077,
          "stddevserv": 3.427052363407077,
          "rate": 0.2917959499766233,
          "cv": 1.0,
          "lambda": 0.15
        },
        "MS3_2": {
          "meanserv": 1.26964053265174,
          "stddevserv": 1.26964053265174,
          "rate": 0.7876245081050025,
          "cv": 1.0,
          "lambda": 0.15
        },
        "MS3_3": {
          "meanserv": 0.4292977082477645,
          "stddevserv": 0.4292977082477645,
          "rate": 2.3293858336249516,
          "cv": 1.0,
          "lambda": 0.15
        },
        "MS3_4": {
          "meanserv": 1.7286066707937247,
          "stddevserv": 1.7286066707937247,
          "rate": 0.5785006021877896,
          "cv": 1.0,
          "lambda": 0.15
        },
        "MS3_5": {
          "meanserv": 3.0837863112418455,
          "stddevserv": 3.0837863112418455,
          "rate": 0.3242766842678209,
          "cv": 1.0,
          "lambda": 0.15
        },
        "MS3_6": {
          "meanserv": 0.06161641365784831,
          "stddevserv": 0.06161641365784831,
          "rate": 16.22944180998477,
          "cv": 1.0,
          "lambda": 0.15
        }
      },
      "sensors": [
        "S3"
      ],
      "sources": [
        {
          "startTime": 0,
          "stopTime": -1,
          "lambda": 0.15
        }
      ]
    },
    "SC4": {
      "resptime": 42.28297968310714,
      "resptime_old": 32.282979683107136,
      "waittime": 26.024708481486044,
      "servicetime": 10.0,
      "networktime": 6.258271201621097,
      "services": {
        "MS4_1": {
          "meanserv": 1.0015352522465437,
          "stddevserv": 1.0015352522465437,
          "rate": 0.998467101139875,
          "cv": 1.0,
          "lambda": 0.15
        },
        "MS4_2": {
          "meanserv": 1.9469501250116674,
          "stddevserv": 1.9469501250116674,
          "rate": 0.5136238402583668,
          "cv": 1.0,
          "lambda": 0.15
        },
        "MS4_3": {
          "meanserv": 4.957339432830945,
          "stddevserv": 4.957339432830945,
          "rate": 0.20172110737007548,
          "cv": 1.0,
          "lambda": 0.15
        },
        "MS4_4": {
          "meanserv": 0.25907617727369114,
          "stddevserv": 0.25907617727369114,
          "rate": 3.8598685935665484,
          "cv": 1.0,
          "lambda": 0.15
        },
        "MS4_5": {
          "meanserv": 1.1519508253331328,
          "stddevserv": 1.1519508253331328,
          "rate": 0.8680926112543128,
          "cv": 1.0,
          "lambda": 0.15
        },
        "MS4_6": {
          "meanserv": 0.6831481873040204,
          "stddevserv": 0.6831481873040204,
          "rate": 1.4638112470830162,
          "cv": 1.0,
          "lambda": 0.15
        }
      },
      "sensors": [
        "S4"
      ],
      "sources": [
        {
          "startTime": 0,
          "stopTime": -1,
          "lambda": 0.15
        }
      ]
    }
  },
  "microservice": {
    "MS1_1": "F8",
    "MS1_2": "F8",
    "MS1_3": "F10",
    "MS1_4": "F9",
    "MS1_5": "F3",
    "MS1_6": "F6",
    "MS2_1": "F8",
    "MS2_2": "F2",
    "MS2_3": "F7",
    "MS2_4": "F6",
    "MS2_5": "F7",
    "MS2_6": "F7",
    "MS3_1": "F4",
    "MS3_2": "F8",
    "MS3_3": "F8",
    "MS3_4": "F10",
    "MS3_5": "F5",
    "MS3_6": "F5",
    "MS4_1": "F7",
    "MS4_2": "F6",
    "MS4_3": "F1",
    "MS4_4": "F10",
    "MS4_5": "F10",
    "MS4_6": "F6"
  },
  "sensor": {
    "S1": "F8",
    "S2": "F8",
    "S3": "F4",
    "S4": "F7"
  },
  "fog": {
    "F1": {
      "rho": 0.7436009149246416,
      "capacity": 1.0,
      "tserv": 4.957339432830945,
      "stddev": 4.957339432830945,
      "mu": 0.20172110737007548,
      "cv": 1.0,
      "lambda": 0.15,
      "twait": 14.377126723216106
    },
    "F2": {
      "rho": 0.7014248866072942,
      "capacity": 1.0,
      "tserv": 4.676165910715294,
      "stddev": 4.676165910715294,
      "mu": 0.21385041059140564,
      "cv": 1.0,
      "lambda": 0.15,
      "twait": 10.985440502425009
    },
    "F3": {
      "rho": 0.5367360763742548,
      "capacity": 1.0,
      "tserv": 3.5782405091616987,
      "stddev": 3.5782405091616987,
      "mu": 0.2794669607701349,
      "cv": 1.0,
      "lambda": 0.15,
      "twait": 4.145737825167729
    },
    "F4": {
      "rho": 0.5140578545110616,
      "capacity": 1.0,
      "tserv": 3.427052363407077,
      "stddev": 3.427052363407077,
      "mu": 0.2917959499766233,
      "cv": 1.0,
      "lambda": 0.15,
      "twait": 3.62533524120971
    },
    "F5": {
      "rho": 0.47181040873495406,
      "capacity": 1.0,
      "tserv": 1.572701362449847,
      "stddev": 2.6533271604502597,
      "mu": 0.6358486257316317,
      "cv": 1.6871144285887103,
      "lambda": 0.3,
      "twait": 2.7017385669364913
    },
    "F6": {
      "rho": 0.6237932936298994,
      "capacity": 1.0,
      "tserv": 1.0396554893831658,
      "stddev": 1.3283664535057234,
      "mu": 0.9618570865174831,
      "cv": 1.277698686796577,
      "lambda": 0.6,
      "twait": 2.2690512342472697
    },
    "F7": {
      "rho": 0.6335971867836183,
      "capacity": 1.0,
      "tserv": 1.0559953113060305,
      "stddev": 1.5680790244999145,
      "mu": 0.9469739015822174,
      "cv": 1.4849299118199215,
      "lambda": 0.6,
      "twait": 2.926285876358385
    },
    "F8": {
      "rho": 0.6671547646330895,
      "capacity": 1.0,
      "tserv": 0.8895396861774527,
      "stddev": 1.1610332890023591,
      "mu": 1.1241769372845178,
      "cv": 1.3052068469160427,
      "lambda": 0.75,
      "twait": 2.410218313360516
    },
    "F9": {
      "rho": 0.49044380408181815,
      "capacity": 1.0,
      "tserv": 3.2696253605454544,
      "stddev": 3.2696253605454544,
      "mu": 0.3058454378495447,
      "cv": 1.0,
      "lambda": 0.15,
      "twait": 3.1469885217641034
    },
    "F10": {
      "rho": 0.6173808097193683,
      "capacity": 1.0,
      "tserv": 1.0289680161989472,
      "stddev": 1.2684012046750373,
      "mu": 0.9718475057116388,
      "cv": 1.232692547005073,
      "lambda": 0.6,
      "twait": 2.091596706708507
    }
  },
  "extra": {
    "deltatime": 0.0184497,
    "obj_func": 36.28231838439436
  },
  "network": [
    [
      0.0,
      1.2720600479608672,
      2.1133971027504304,
      1.516475364523814,
      2.338682821680311,
      1.646678981867791,
      1.6960970622922544,
      2.576278846237167,
      1.8616217887909974,
      1.8616217887909974
    ],
    [
      1.2720600479608672,
      0.0,
      1.6547589112049088,
      1.9120702202240245,
      1.8503432616999858,
      1.9269836842361896,
      1.258647017104515,
      1.8616217887909974,
      1.5616715919996862,
      1.5616715919996862
    ],
    [
      2.1133971027504304,
      1.6547589112049088,
      0.0,
      2.2019005367034556,
      1.0890877544292075,
      2.121894501276638,
      2.576278846237167,
      1.5616715919996862,
      0.9694260214461735,
      0.9694260214461735
    ],
    [
      1.516475364523814,
      1.9120702202240245,
      2.2019005367034556,
      0.0,
      1.4528240522775224,
      1.6960970622922544,
      1.8616217887909974,
      0.9694260214461735,
      2.097060322126972,
      2.097060322126972
    ],
    [
      2.338682821680311,
      1.8503432616999858,
      1.0890877544292075,
      1.4528240522775224,
      0.0,
      1.258647017104515,
      1.5616715919996862,
      2.097060322126972,
      1.7590820200094701,
      1.7590820200094701
    ],
    [
      1.646678981867791,
      1.9269836842361896,
      2.121894501276638,
      1.6960970622922544,
      1.258647017104515,
      0.0,
      0.9694260214461735,
      1.7590820200094701,
      1.7805444095161354,
      1.7805444095161354
    ],
    [
      1.6960970622922544,
      1.258647017104515,
      2.576278846237167,
      1.8616217887909974,
      1.5616715919996862,
      0.9694260214461735,
      0.0,
      1.7805444095161354,
      1.990019797976671,
      1.990019797976671
    ],
    [
      2.576278846237167,
      1.8616217887909974,
      1.5616715919996862,
      0.9694260214461735,
      2.097060322126972,
      1.7590820200094701,
      1.7805444095161354,
      0.0,
      1.850560486256423,
      1.850560486256423
    ],
    [
      1.8616217887909974,
      1.5616715919996862,
      0.9694260214461735,
      2.097060322126972,
      1.7590820200094701,
      1.7805444095161354,
      1.990019797976671,
      1.850560486256423,
      0.0,
      1.4079991667623166
    ],
    [
      1.8616217887909974,
      1.5616715919996862,
      0.9694260214461735,
      2.097060322126972,
      1.7590820200094701,
      1.7805444095161354,
      1.990019797976671,
      1.850560486256423,
      1.4079991667623166,
      0.0
    ]
  ]
}