{
  "servicechain": {
    "SC1": {
      "resptime": 38.442916952976404,
      "resptime_old": 28.442916952976404,
      "waittime": 21.125644981384568,
      "servicetime": 10.0,
      "networktime": 7.317271971591834,
      "services": {
        "MS1_1": {
          "meanserv": 0.47793981093455673,
          "stddevserv": 0.47793981093455673,
          "rate": 2.092313670302154,
          "cv": 1.0,
          "lambda": 0.175
        },
        "MS1_2": {
          "meanserv": 4.209044922981411,
          "stddevserv": 4.209044922981411,
          "rate": 0.23758358922234207,
          "cv": 1.0,
          "lambda": 0.175
        },
        "MS1_3": {
          "meanserv": 0.12847719255647938,
          "stddevserv": 0.12847719255647938,
          "rate": 7.783482656350805,
          "cv": 1.0,
          "lambda": 0.175
        },
        "MS1_4": {
          "meanserv": 1.3711504861624553,
          "stddevserv": 1.3711504861624553,
          "rate": 0.7293145501474293,
          "cv": 1.0,
          "lambda": 0.175
        },
        "MS1_5": {
          "meanserv": 3.8133875873650975,
          "stddevserv": 3.8133875873650975,
          "rate": 0.2622340313146509,
          "cv": 1.0,
          "lambda": 0.175
        }
      },
      "sensors": [
        "S1"
      ],
      "sources": [
        {
          "startTime": 0,
          "stopTime": -1,
          "lambda": 0.175
        }
      ]
    },
    "SC2": {
      "resptime": 30.74441226408748,
      "resptime_old": 20.74441226408748,
      "waittime": 15.34279256673899,
      "servicetime": 10.0,
      "networktime": 5.40161969734849,
      "services": {
        "MS2_1": {
          "meanserv": 0.709449581807039,
          "stddevserv": 0.709449581807039,
          "rate": 1.409543434295782,
          "cv": 1.0,
          "lambda": 0.175
        },
        "MS2_2": {
          "meanserv": 1.1085663966921455,
          "stddevserv": 1.1085663966921455,
          "rate": 0.9020659502073154,
          "cv": 1.0,
          "lambda": 0.175
        },
        "MS2_3": {
          "meanserv": 1.515344169735856,
          "stddevserv": 1.515344169735856,
          "rate": 0.6599160903323453,
          "cv": 1.0,
          "lambda": 0.175
        },
        "MS2_4": {
          "meanserv": 2.6018714215619343,
          "stddevserv": 2.6018714215619343,
          "rate": 0.38433874622431885,
          "cv": 1.0,
          "lambda": 0.175
        },
        "MS2_5": {
          "meanserv": 4.064768430203025,
          "stddevserv": 4.064768430203025,
          "rate": 0.24601647478108674,
          "cv": 1.0,
          "lambda": 0.175
        }
      },
      "sensors": [
        "S2"
      ],
      "sources": [
        {
          "startTime": 0,
          "stopTime": -1,
          "lambda": 0.175
        }
      ]
    },
    "SC3": {
      "resptime": 12589.377337275067,
      "resptime_old": 12579.377337275067,
      "waittime": 12575.747572985883,
      "servicetime": 10.0,
      "networktime": 3.6297642891838913,
      "services": {
        "MS3_1": {
          "meanserv": 1.2512994825515311,
          "stddevserv": 1.2512994825515311,
          "rate": 0.7991691948604461,
          "cv": 1.0,
          "lambda": 0.175
        },
        "MS3_2": {
          "meanserv": 5.7817996519577175,
          "stddevserv": 5.7817996519577175,
          "rate": 0.1729565291425136,
          "cv": 1.0,
          "lambda": 0.175
        },
        "MS3_3": {
          "meanserv": 0.16546029768067871,
          "stddevserv": 0.16546029768067871,
          "rate": 6.043745925864927,
          "cv": 1.0,
          "lambda": 0.175
        },
        "MS3_4": {
          "meanserv": 0.5777809201441206,
          "stddevserv": 0.5777809201441206,
          "rate": 1.7307598176668102,
          "cv": 1.0,
          "lambda": 0.175
        },
        "MS3_5": {
          "meanserv": 2.2236596476659525,
          "stddevserv": 2.2236596476659525,
          "rate": 0.4497091095076724,
          "cv": 1.0,
          "lambda": 0.175
        }
      },
      "sensors": [
        "S3"
      ],
      "sources": [
        {
          "startTime": 0,
          "stopTime": -1,
          "lambda": 0.175
        }
      ]
    },
    "SC4": {
      "resptime": 12590.40201554814,
      "resptime_old": 12580.402015548138,
      "waittime": 12574.766803684162,
      "servicetime": 10.0,
      "networktime": 5.635211863976361,
      "services": {
        "MS4_1": {
          "meanserv": 6.20946653093714,
          "stddevserv": 6.20946653093714,
          "rate": 0.16104443030939064,
          "cv": 1.0,
          "lambda": 0.175
        },
        "MS4_2": {
          "meanserv": 0.02218336677077737,
          "stddevserv": 0.02218336677077737,
          "rate": 45.07882010576148,
          "cv": 1.0,
          "lambda": 0.175
        },
        "MS4_3": {
          "meanserv": 0.2084638757942887,
          "stddevserv": 0.2084638757942887,
          "rate": 4.79699418515463,
          "cv": 1.0,
          "lambda": 0.175
        },
        "MS4_4": {
          "meanserv": 2.926858786257524,
          "stddevserv": 2.926858786257524,
          "rate": 0.3416632208889949,
          "cv": 1.0,
          "lambda": 0.175
        },
        "MS4_5": {
          "meanserv": 0.6330274402402694,
          "stddevserv": 0.6330274402402694,
          "rate": 1.579710351292898,
          "cv": 1.0,
          "lambda": 0.175
        }
      },
      "sensors": [
        "S4"
      ],
      "sources": [
        {
          "startTime": 0,
          "stopTime": -1,
          "lambda": 0.175
        }
      ]
    }
  },
  "microservice": {
    "MS1_1": "F10",
    "MS1_2": "F2",
    "MS1_3": "F10",
    "MS1_4": "F10",
    "MS1_5": "F4",
    "MS2_1": "F8",
    "MS2_2": "F9",
    "MS2_3": "F9",
    "MS2_4": "F6",
    "MS2_5": "F3",
    "MS3_1": "F8",
    "MS3_2": "F1",
    "MS3_3": "F7",
    "MS3_4": "F7",
    "MS3_5": "F7",
    "MS4_1": "F1",
    "MS4_2": "F8",
    "MS4_3": "F8",
    "MS4_4": "F5",
    "MS4_5": "F8"
  },
  "sensor": {
    "S1": "F10",
    "S2": "F8",
    "S3": "F8",
    "S4": "F1"
  },
  "fog": {
    "F1": {
      "rho": 2.0984715820066002,
      "capacity": 1.0,
      "tserv": 5.99563309144743,
      "stddev": 6.003254587883762,
      "mu": 0.16678805803284838,
      "cv": 1.00127117458992,
      "lambda": 0.35,
      "twait": 12569.083992882259
    },
    "F2": {
      "rho": 0.7365828615217469,
      "capacity": 1.0,
      "tserv": 4.209044922981411,
      "stddev": 4.209044922981411,
      "mu": 0.23758358922234207,
      "cv": 1.0,
      "lambda": 0.175,
      "twait": 11.76958481727331
    },
    "F3": {
      "rho": 0.7113344752855293,
      "capacity": 1.0,
      "tserv": 4.064768430203025,
      "stddev": 4.064768430203025,
      "mu": 0.24601647478108674,
      "cv": 1.0,
      "lambda": 0.175,
      "twait": 10.016471212887819
    },
    "F4": {
      "rho": 0.667342827788892,
      "capacity": 1.0,
      "tserv": 3.813387587365097,
      "stddev": 3.813387587365098,
      "mu": 0.2622340313146509,
      "cv": 1.0000000000000002,
      "lambda": 0.175,
      "twait": 7.6500285236366485
    },
    "F5": {
      "rho": 0.5122002875950667,
      "capacity": 1.0,
      "tserv": 2.9268587862575246,
      "stddev": 2.9268587862575233,
      "mu": 0.34166322088899487,
      "cv": 0.9999999999999996,
      "lambda": 0.175,
      "twait": 3.0732652643033624
    },
    "F6": {
      "rho": 0.4553274987733385,
      "capacity": 1.0,
      "tserv": 2.6018714215619343,
      "stddev": 2.6018714215619343,
      "mu": 0.38433874622431885,
      "cv": 1.0,
      "lambda": 0.175,
      "twait": 2.1750751209975627
    },
    "F7": {
      "rho": 0.5192076514608815,
      "capacity": 1.0,
      "tserv": 0.988966955163584,
      "stddev": 1.5997472035378462,
      "mu": 1.0111561309291583,
      "cv": 1.6175941927940694,
      "lambda": 0.5249999999999999,
      "twait": 1.9312438636968736
    },
    "F8": {
      "rho": 0.49427415575368344,
      "capacity": 1.0,
      "tserv": 0.5648847494327811,
      "stddev": 0.8284938583176542,
      "mu": 1.7702726104822835,
      "cv": 1.4666599853325328,
      "lambda": 0.875,
      "twait": 0.8698485125340131
    },
    "F9": {
      "rho": 0.4591843491249003,
      "capacity": 1.0,
      "tserv": 1.311955283214001,
      "stddev": 1.3431160573361964,
      "mu": 0.7622211006690873,
      "cv": 1.0237513995491208,
      "lambda": 0.35,
      "twait": 1.1406988601597976
    },
    "F10": {
      "rho": 0.346074310689361,
      "capacity": 1.0,
      "tserv": 0.6591891632178306,
      "stddev": 0.991023369462482,
      "mu": 1.517015229920501,
      "cv": 1.503397544681717,
      "lambda": 0.5249999999999999,
      "twait": 0.5686772134915359
    }
  },
  "extra": {
    "deltatime": 0.0134417,
    "obj_func": 6312.241670510068
  },
  "network": [
    [
      0.0,
      2.61219672288372,
      1.6643551074361074,
      1.856452356460263,
      2.1346875568251424,
      2.2287952136169027,
      1.9001517771370688,
      1.7296125120468224,
      2.009003870666696,
      2.009003870666696
    ],
    [
      2.61219672288372,
      0.0,
      2.2765098140366637,
      1.4703153319130928,
      1.6012330058291802,
      1.8814973734093388,
      2.3032250436950146,
      2.009003870666696,
      2.6822361478135326,
      2.6822361478135326
    ],
    [
      1.6643551074361074,
      2.2765098140366637,
      0.0,
      2.262263386908846,
      2.7896305336249836,
      1.56833249149927,
      1.7296125120468224,
      2.6822361478135326,
      2.1977120581076335,
      2.1977120581076335
    ],
    [
      1.856452356460263,
      1.4703153319130928,
      2.262263386908846,
      0.0,
      1.4026850559633584,
      1.9001517771370688,
      2.009003870666696,
      2.1977120581076335,
      1.952799675964769,
      1.952799675964769
    ],
    [
      2.1346875568251424,
      1.6012330058291802,
      2.7896305336249836,
      1.4026850559633584,
      0.0,
      2.3032250436950146,
      2.6822361478135326,
      1.952799675964769,
      2.4316006690678824,
      2.4316006690678824
    ],
    [
      2.2287952136169027,
      1.8814973734093388,
      1.56833249149927,
      1.9001517771370688,
      2.3032250436950146,
      0.0,
      2.1977120581076335,
      2.4316006690678824,
      2.240739744963842,
      2.240739744963842
    ],
    [
      1.9001517771370688,
      2.3032250436950146,
      1.7296125120468224,
      2.009003870666696,
      2.6822361478135326,
      2.1977120581076335,
      0.0,
      2.240739744963842,
      2.138744878200006,
      2.138744878200006
    ],
    [
      1.7296125120468224,
      2.009003870666696,
      2.6822361478135326,
      2.1977120581076335,
      1.952799675964769,
      2.4316006690678824,
      2.240739744963842,
      0.0,
      1.5925474608853782,
      1.5925474608853782
    ],
    [
      2.009003870666696,
      2.6822361478135326,
      2.1977120581076335,
      1.952799675964769,
      2.4316006690678824,
      2.240739744963842,
      2.138744878200006,
      1.5925474608853782,
      0.0,
      2.0455462413485397
    ],
    [
      2.009003870666696,
      2.6822361478135326,
      2.1977120581076335,
      1.952799675964769,
      2.4316006690678824,
      2.240739744963842,
      2.138744878200006,
      1.5925474608853782,
      2.0455462413485397,
      0.0
    ]
  ]
}