{
  "servicechain": {
    "SC1": {
      "resptime": 36.31368200640004,
      "resptime_old": 26.313682006400047,
      "waittime": 21.925316200411604,
      "servicetime": 10.0,
      "networktime": 4.3883658059884425,
      "services": {
        "MS1_1": {
          "meanserv": 0.9797016647368761,
          "stddevserv": 0.9797016647368761,
          "rate": 1.0207188943264431,
          "cv": 1.0,
          "lambda": 0.3
        },
        "MS1_2": {
          "meanserv": 0.22155174674857503,
          "stddevserv": 0.22155174674857503,
          "rate": 4.51361821640177,
          "cv": 1.0,
          "lambda": 0.3
        },
        "MS1_3": {
          "meanserv": 0.3866502091948265,
          "stddevserv": 0.3866502091948265,
          "rate": 2.586316976479681,
          "cv": 1.0,
          "lambda": 0.3
        },
        "MS1_4": {
          "meanserv": 0.8417763126558975,
          "stddevserv": 0.8417763126558975,
          "rate": 1.1879640528787145,
          "cv": 1.0,
          "lambda": 0.3
        },
        "MS1_5": {
          "meanserv": 0.01746685851063745,
          "stddevserv": 0.01746685851063745,
          "rate": 57.25127958132782,
          "cv": 1.0,
          "lambda": 0.3
        },
        "MS1_6": {
          "meanserv": 2.6797375004886095,
          "stddevserv": 2.6797375004886095,
          "rate": 0.37317087954236755,
          "cv": 1.0,
          "lambda": 0.3
        },
        "MS1_7": {
          "meanserv": 1.5027445283739977,
          "stddevserv": 1.5027445283739977,
          "rate": 0.6654491040350163,
          "cv": 1.0,
          "lambda": 0.3
        },
        "MS1_8": {
          "meanserv": 2.124877792100368,
          "stddevserv": 2.124877792100368,
          "rate": 0.47061530019170406,
          "cv": 1.0,
          "lambda": 0.3
        },
        "MS1_9": {
          "meanserv": 0.07794938061911161,
          "stddevserv": 0.07794938061911161,
          "rate": 12.828838305802012,
          "cv": 1.0,
          "lambda": 0.3
        },
        "MS1_10": {
          "meanserv": 1.1675440065711005,
          "stddevserv": 1.1675440065711005,
          "rate": 0.8564987652472716,
          "cv": 1.0,
          "lambda": 0.3
        }
      },
      "sensors": [
        "S1"
      ],
      "sources": [
        {
          "startTime": 0,
          "stopTime": -1,
          "lambda": 0.3
        }
      ]
    },
    "SC2": {
      "resptime": 3642.7841471567035,
      "resptime_old": 3632.784147156704,
      "waittime": 3629.4736663466706,
      "servicetime": 10.0,
      "networktime": 3.3104808100328986,
      "services": {
        "MS2_1": {
          "meanserv": 1.1510027522298716,
          "stddevserv": 1.1510027522298716,
          "rate": 0.868807653207319,
          "cv": 1.0,
          "lambda": 0.3
        },
        "MS2_2": {
          "meanserv": 1.125793813450169,
          "stddevserv": 1.125793813450169,
          "rate": 0.8882621205168516,
          "cv": 1.0,
          "lambda": 0.3
        },
        "MS2_3": {
          "meanserv": 0.9714876084220911,
          "stddevserv": 0.9714876084220911,
          "rate": 1.029349207679776,
          "cv": 1.0,
          "lambda": 0.3
        },
        "MS2_4": {
          "meanserv": 0.519452045580926,
          "stddevserv": 0.519452045580926,
          "rate": 1.9251055193779365,
          "cv": 1.0,
          "lambda": 0.3
        },
        "MS2_5": {
          "meanserv": 0.4982562549127598,
          "stddevserv": 0.4982562549127598,
          "rate": 2.0069993906550976,
          "cv": 1.0,
          "lambda": 0.3
        },
        "MS2_6": {
          "meanserv": 0.4884539846890048,
          "stddevserv": 0.4884539846890048,
          "rate": 2.0472757544125533,
          "cv": 1.0,
          "lambda": 0.3
        },
        "MS2_7": {
          "meanserv": 0.011862420405571505,
          "stddevserv": 0.011862420405571505,
          "rate": 84.29982801236103,
          "cv": 1.0,
          "lambda": 0.3
        },
        "MS2_8": {
          "meanserv": 3.474657407897661,
          "stddevserv": 3.474657407897661,
          "rate": 0.28779815751822546,
          "cv": 1.0,
          "lambda": 0.3
        },
        "MS2_9": {
          "meanserv": 0.41296846285400335,
          "stddevserv": 0.41296846285400335,
          "rate": 2.421492413946219,
          "cv": 1.0,
          "lambda": 0.3
        },
        "MS2_10": {
          "meanserv": 1.3460652495579417,
          "stddevserv": 1.3460652495579417,
          "rate": 0.7429060369312763,
          "cv": 1.0,
          "lambda": 0.3
        }
      },
      "sensors": [
        "S2"
      ],
      "sources": [
        {
          "startTime": 0,
          "stopTime": -1,
          "lambda": 0.3
        }
      ]
    },
    "SC3": {
      "resptime": 33.008830949748166,
      "resptime_old": 23.008830949748166,
      "waittime": 17.647395562522348,
      "servicetime": 10.0,
      "networktime": 5.361435387225817,
      "services": {
        "MS3_1": {
          "meanserv": 1.3677936362329524,
          "stddevserv": 1.3677936362329524,
          "rate": 0.7311044396683298,
          "cv": 1.0,
          "lambda": 0.3
        },
        "MS3_2": {
          "meanserv": 0.05453015839436692,
          "stddevserv": 0.05453015839436692,
          "rate": 18.338475981821137,
          "cv": 1.0,
          "lambda": 0.3
        },
        "MS3_3": {
          "meanserv": 0.4587750708652827,
          "stddevserv": 0.4587750708652827,
          "rate": 2.1797173898615028,
          "cv": 1.0,
          "lambda": 0.3
        },
        "MS3_4": {
          "meanserv": 1.0735638349972045,
          "stddevserv": 1.0735638349972045,
          "rate": 0.9314769810614978,
          "cv": 1.0,
          "lambda": 0.3
        },
        "MS3_5": {
          "meanserv": 0.7588487175129499,
          "stddevserv": 0.7588487175129499,
          "rate": 1.317785715283804,
          "cv": 1.0,
          "lambda": 0.3
        },
        "MS3_6": {
          "meanserv": 0.8884664427887712,
          "stddevserv": 0.8884664427887712,
          "rate": 1.1255349125636538,
          "cv": 1.0,
          "lambda": 0.3
        },
        "MS3_7": {
          "meanserv": 1.633079666456334,
          "stddevserv": 1.633079666456334,
          "rate": 0.6123399981887769,
          "cv": 1.0,
          "lambda": 0.3
        },
        "MS3_8": {
          "meanserv": 2.3541037189409666,
          "stddevserv": 2.3541037189409666,
          "rate": 0.42479011946417844,
          "cv": 1.0,
          "lambda": 0.3
        },
        "MS3_9": {
          "meanserv": 0.5302678596446544,
          "stddevserv": 0.5302678596446544,
          "rate": 1.885839357999417,
          "cv": 1.0,
          "lambda": 0.3
        },
        "MS3_10": {
          "meanserv": 0.8805708941665173,
          "stddevserv": 0.8805708941665173,
          "rate": 1.1356269059364326,
          "cv": 1.0,
          "lambda": 0.3
        }
      },
      "sensors": [
        "S3"
      ],
      "sources": [
        {
          "startTime": 0,
          "stopTime": -1,
          "lambda": 0.3
        }
      ]
    },
    "SC4": {
      "resptime": 30.051988755690733,
      "resptime_old": 20.051988755690736,
      "waittime": 14.404420027117256,
      "servicetime": 10.0,
      "networktime": 5.6475687285734795,
      "services": {
        "MS4_1": {
          "meanserv": 1.6294200936073855,
          "stddevserv": 1.6294200936073855,
          "rate": 0.6137152744852264,
          "cv": 1.0,
          "lambda": 0.3
        },
        "MS4_2": {
          "meanserv": 0.00852288152062286,
          "stddevserv": 0.00852288152062286,
          "rate": 117.33120982384828,
          "cv": 1.0,
          "lambda": 0.3
        },
        "MS4_3": {
          "meanserv": 1.9561555249839921,
          "stddevserv": 1.9561555249839921,
          "rate": 0.5112067968154952,
          "cv": 1.0,
          "lambda": 0.3
        },
        "MS4_4": {
          "meanserv": 0.5222545063194364,
          "stddevserv": 0.5222545063194364,
          "rate": 1.9147752444444226,
          "cv": 1.0,
          "lambda": 0.3
        },
        "MS4_5": {
          "meanserv": 0.8539215654679477,
          "stddevserv": 0.8539215654679477,
          "rate": 1.171067742564859,
          "cv": 1.0,
          "lambda": 0.3
        },
        "MS4_6": {
          "meanserv": 1.814904970979451,
          "stddevserv": 1.814904970979451,
          "rate": 0.5509930359936859,
          "cv": 1.0,
          "lambda": 0.3
        },
        "MS4_7": {
          "meanserv": 1.7949480323856521,
          "stddevserv": 1.7949480323856521,
          "rate": 0.5571191934013306,
          "cv": 1.0,
          "lambda": 0.3
        },
        "MS4_8": {
          "meanserv": 1.0906004270704166,
          "stddevserv": 1.0906004270704166,
          "rate": 0.9169261034366285,
          "cv": 1.0,
          "lambda": 0.3
        },
        "MS4_9": {
          "meanserv": 0.2646617809956133,
          "stddevserv": 0.2646617809956133,
          "rate": 3.778407279805068,
          "cv": 1.0,
          "lambda": 0.3
        },
        "MS4_10": {
          "meanserv": 0.06461021666948241,
          "stddevserv": 0.06461021666948241,
          "rate": 15.4774283626932,
          "cv": 1.0,
          "lambda": 0.3
        }
      },
      "sensors": [
        "S4"
      ],
      "sources": [
        {
          "startTime": 0,
          "stopTime": -1,
          "lambda": 0.3
        }
      ]
    }
  },
  "microservice": {
    "MS1_1": "F8",
    "MS1_2": "F6",
    "MS1_3": "F6",
    "MS1_4": "F6",
    "MS1_5": "F6",
    "MS1_6": "F2",
    "MS1_7": "F11",
    "MS1_8": "F20",
    "MS1_9": "F13",
    "MS1_10": "F17",
    "MS2_1": "F3",
    "MS2_2": "F3",
    "MS2_3": "F17",
    "MS2_4": "F13",
    "MS2_5": "F13",
    "MS2_6": "F13",
    "MS2_7": "F13",
    "MS2_8": "F15",
    "MS2_9": "F16",
    "MS2_10": "F16",
    "MS3_1": "F14",
    "MS3_2": "F14",
    "MS3_3": "F14",
    "MS3_4": "F8",
    "MS3_5": "F19",
    "MS3_6": "F19",
    "MS3_7": "F12",
    "MS3_8": "F18",
    "MS3_9": "F9",
    "MS3_10": "F1",
    "MS4_1": "F4",
    "MS4_2": "F13",
    "MS4_3": "F5",
    "MS4_4": "F9",
    "MS4_5": "F9",
    "MS4_6": "F7",
    "MS4_7": "F10",
    "MS4_8": "F1",
    "MS4_9": "F19",
    "MS4_10": "F19"
  },
  "sensor": {
    "S1": "F8",
    "S2": "F3",
    "S3": "F14",
    "S4": "F4"
  },
  "fog": {
    "F1": {
      "rho": 0.5913513963710801,
      "capacity": 1.0,
      "tserv": 0.985585660618467,
      "stddev": 0.9967122437106182,
      "mu": 1.0146251512755247,
      "cv": 1.0112893110530536,
      "lambda": 0.6,
      "twait": 1.4424234222737564
    },
    "F2": {
      "rho": 0.8039212501465828,
      "capacity": 1.0,
      "tserv": 2.6797375004886095,
      "stddev": 2.6797375004886095,
      "mu": 0.37317087954236755,
      "cv": 1.0,
      "lambda": 0.3,
      "twait": 10.986901553931633
    },
    "F3": {
      "rho": 0.6830389697040122,
      "capacity": 1.0,
      "tserv": 1.1383982828400205,
      "stddev": 1.1385378323403688,
      "mu": 0.8784271858749196,
      "cv": 1.000122584074881,
      "lambda": 0.6,
      "twait": 2.4535057609032127
    },
    "F4": {
      "rho": 0.48882602808221565,
      "capacity": 1.0,
      "tserv": 1.6294200936073855,
      "stddev": 1.6294200936073855,
      "mu": 0.6137152744852264,
      "cv": 1.0,
      "lambda": 0.3,
      "twait": 1.55818370299096
    },
    "F5": {
      "rho": 0.5868466574951976,
      "capacity": 1.0,
      "tserv": 1.9561555249839921,
      "stddev": 1.9561555249839924,
      "mu": 0.5112067968154952,
      "cv": 1.0000000000000002,
      "lambda": 0.3,
      "twait": 2.7785405883876537
    },
    "F6": {
      "rho": 0.44023353813298094,
      "capacity": 1.0,
      "tserv": 0.3668612817774841,
      "stddev": 0.5649343379180011,
      "mu": 2.725825944768245,
      "cv": 1.5399126753873582,
      "lambda": 1.2,
      "twait": 0.486350687798864
    },
    "F7": {
      "rho": 0.5444714912938351,
      "capacity": 1.0,
      "tserv": 1.8149049709794507,
      "stddev": 1.8149049709794511,
      "mu": 0.550993035993686,
      "cv": 1.0000000000000002,
      "lambda": 0.3,
      "twait": 2.1692693151356277
    },
    "F8": {
      "rho": 0.6159796499202241,
      "capacity": 1.0,
      "tserv": 1.0266327498670402,
      "stddev": 1.0287759020323866,
      "mu": 0.9740581528589561,
      "cv": 1.002087554839473,
      "lambda": 0.6,
      "twait": 1.650189626094003
    },
    "F9": {
      "rho": 0.5719331794296115,
      "capacity": 1.0,
      "tserv": 0.6354813104773462,
      "stddev": 0.6719925933943536,
      "mu": 1.5736104013017205,
      "cv": 1.0574545345630726,
      "lambda": 0.8999999999999999,
      "twait": 0.899239850407881
    },
    "F10": {
      "rho": 0.5384844097156957,
      "capacity": 1.0,
      "tserv": 1.7949480323856524,
      "stddev": 1.794948032385652,
      "mu": 0.5571191934013305,
      "cv": 0.9999999999999998,
      "lambda": 0.3,
      "twait": 2.0942987670126567
    },
    "F11": {
      "rho": 0.4508233585121993,
      "capacity": 1.0,
      "tserv": 1.5027445283739977,
      "stddev": 1.5027445283739977,
      "mu": 0.6654491040350163,
      "cv": 1.0,
      "lambda": 0.3,
      "twait": 1.2336146224865352
    },
    "F12": {
      "rho": 0.48992389993690016,
      "capacity": 1.0,
      "tserv": 1.633079666456334,
      "stddev": 1.633079666456334,
      "mu": 0.6123399981887769,
      "cv": 1.0,
      "lambda": 0.3,
      "twait": 1.5685595914001136
    },
    "F13": {
      "rho": 0.4813490903183989,
      "capacity": 1.0,
      "tserv": 0.2674161612879994,
      "stddev": 0.4275637460810697,
      "mu": 3.7394897719851317,
      "cv": 1.598870255341808,
      "lambda": 1.8,
      "twait": 0.4413179269141033
    },
    "F14": {
      "rho": 0.5643296596477806,
      "capacity": 1.0,
      "tserv": 0.6270329551642008,
      "stddev": 0.9981823630474197,
      "mu": 1.5948125082805744,
      "cv": 1.5919137181330865,
      "lambda": 0.8999999999999999,
      "twait": 1.4352417473194907
    },
    "F15": {
      "rho": 1.0423972223692983,
      "capacity": 1.0,
      "tserv": 3.474657407897661,
      "stddev": 3.474657407897661,
      "mu": 0.28779815751822546,
      "cv": 1.0,
      "lambda": 0.3,
      "twait": 3618.3512574467472
    },
    "F16": {
      "rho": 0.5277101137235836,
      "capacity": 1.0,
      "tserv": 0.8795168562059726,
      "stddev": 1.0994929317776647,
      "mu": 1.1369878734487968,
      "cv": 1.25011013037387,
      "lambda": 0.6,
      "twait": 1.2592486087363886
    },
    "F17": {
      "rho": 0.6417094844979575,
      "capacity": 1.0,
      "tserv": 1.0695158074965958,
      "stddev": 1.0784633132901078,
      "mu": 0.935002543198206,
      "cv": 1.0083659406722143,
      "lambda": 0.6,
      "twait": 1.931628452987577
    },
    "F18": {
      "rho": 0.70623111568229,
      "capacity": 1.0,
      "tserv": 2.3541037189409666,
      "stddev": 2.3541037189409666,
      "mu": 0.42479011946417844,
      "cv": 1.0,
      "lambda": 0.3,
      "twait": 5.6593512268013875
    },
    "F19": {
      "rho": 0.5929761473900451,
      "capacity": 1.0,
      "tserv": 0.49414678949170426,
      "stddev": 0.6895948938763655,
      "mu": 2.023690169126937,
      "cv": 1.3955264074177345,
      "lambda": 1.2,
      "twait": 1.0609533017933679
    },
    "F20": {
      "rho": 0.6374633376301104,
      "capacity": 1.0,
      "tserv": 2.124877792100368,
      "stddev": 2.124877792100368,
      "mu": 0.47061530019170406,
      "cv": 1.0,
      "lambda": 0.3,
      "twait": 3.736261266802298
    }
  },
  "extra": {
    "deltatime": 4.8220986,
    "conv": 13,
    "obj_func": 935.5396622171356
  },
  "network": [
    [
      0.0,
      1.0642164699209187,
      0.9470358778153596,
      0.9448383423231932,
      1.078185021589587,
      1.0553773662873194,
      0.9572916745358034,
      0.7544541222763396,
      1.2458219938768649,
      0.5450163699635723,
      1.1240293599423774,
      1.0557100390515584,
      1.3170241021598232,
      0.9960605857565668,
      0.9013906562324402,
      1.2718912791308477,
      1.4692998752989253,
      0.9617962688661015,
      1.1519391726625272,
      1.1519391726625272
    ],
    [
      1.0642164699209187,
      0.0,
      0.941484925114995,
      1.5786512584998422,
      1.4340986296918783,
      0.6231872321269344,
      0.8624630688787551,
      0.7992129190668653,
      0.7893095380998886,
      1.0385589241622486,
      0.7230611293717386,
      1.3023067769634145,
      0.8387215960070824,
      1.1090416095242859,
      1.135183092667727,
      0.9823189703299535,
      0.9208003176724784,
      1.1519391726625272,
      0.9537577166002679,
      0.9537577166002679
    ],
    [
      0.9470358778153596,
      0.941484925114995,
      0.0,
      0.7900526033018666,
      0.922396352790502,
      1.2296560667148457,
      0.8743432834603904,
      0.8193379120601938,
      0.9932623600560176,
      1.1511499221746722,
      0.9011378115541547,
      0.9044628113154756,
      0.9901691107160785,
      1.213077148285598,
      0.7976656295417364,
      1.0337837821943916,
      0.9617962688661015,
      0.9537577166002679,
      0.8496041884048773,
      0.8496041884048773
    ],
    [
      0.9448383423231932,
      1.5786512584998422,
      0.7900526033018666,
      0.0,
      1.0118817019665154,
      0.8134486405463914,
      1.2822590919060712,
      1.2262640482015785,
      0.9262059089749719,
      0.8959161115752869,
      0.9762866459828713,
      0.9894979367170033,
      0.6720272389892022,
      0.9574375130473689,
      1.0992203437055676,
      1.4692998752989253,
      1.1519391726625272,
      0.8496041884048773,
      1.3977244596355072,
      1.3977244596355072
    ],
    [
      1.078185021589587,
      1.4340986296918783,
      0.922396352790502,
      1.0118817019665154,
      0.0,
      1.321557165225541,
      1.0687724573191322,
      0.9655804062906191,
      0.8154266036017864,
      0.9886826509874242,
      0.7164157426480995,
      0.8966821174209181,
      0.7591149743259195,
      0.8850300239243413,
      1.2718912791308477,
      0.9208003176724784,
      0.9537577166002679,
      1.3977244596355072,
      1.3320250970893572,
      1.3320250970893572
    ],
    [
      1.0553773662873194,
      0.6231872321269344,
      1.2296560667148457,
      0.8134486405463914,
      1.321557165225541,
      0.0,
      1.432082185209743,
      0.6764154685185473,
      0.7308297094371277,
      1.0145041450232362,
      0.6774395317369561,
      0.879089469485556,
      1.1577092307476562,
      0.9013906562324402,
      0.9823189703299535,
      0.9617962688661015,
      0.8496041884048773,
      1.3320250970893572,
      1.1542850969369296,
      1.1542850969369296
    ],
    [
      0.9572916745358034,
      0.8624630688787551,
      0.8743432834603904,
      1.2822590919060712,
      1.0687724573191322,
      1.432082185209743,
      0.0,
      0.8512103538930021,
      0.7753829608810214,
      0.9286614081494501,
      1.3039346568374093,
      1.0627739662795455,
      0.9960605857565668,
      1.135183092667727,
      1.0337837821943916,
      1.1519391726625272,
      1.3977244596355072,
      1.1542850969369296,
      0.9714782096008635,
      0.9714782096008635
    ],
    [
      0.7544541222763396,
      0.7992129190668653,
      0.8193379120601938,
      1.2262640482015785,
      0.9655804062906191,
      0.6764154685185473,
      0.8512103538930021,
      0.0,
      0.9932681952204949,
      0.7160848961323822,
      1.117726133294293,
      1.3170241021598232,
      1.1090416095242859,
      0.7976656295417364,
      1.4692998752989253,
      0.9537577166002679,
      1.3320250970893572,
      0.9714782096008635,
      0.7608400005539782,
      0.7608400005539782
    ],
    [
      1.2458219938768649,
      0.7893095380998886,
      0.9932623600560176,
      0.9262059089749719,
      0.8154266036017864,
      0.7308297094371277,
      0.7753829608810214,
      0.9932681952204949,
      0.0,
      0.7847428429131232,
      1.0557100390515584,
      0.8387215960070824,
      1.213077148285598,
      1.0992203437055676,
      0.9208003176724784,
      0.8496041884048773,
      1.1542850969369296,
      0.7608400005539782,
      0.9037246141259434,
      0.9037246141259434
    ],
    [
      0.5450163699635723,
      1.0385589241622486,
      1.1511499221746722,
      0.8959161115752869,
      0.9886826509874242,
      1.0145041450232362,
      0.9286614081494501,
      0.7160848961323822,
      0.7847428429131232,
      0.0,
      1.3023067769634145,
      0.9901691107160785,
      0.9574375130473689,
      1.2718912791308477,
      0.9617962688661015,
      1.3977244596355072,
      0.9714782096008635,
      0.9037246141259434,
      0.5953557386359767,
      0.5953557386359767
    ],
    [
      1.1240293599423774,
      0.7230611293717386,
      0.9011378115541547,
      0.9762866459828713,
      0.7164157426480995,
      0.6774395317369561,
      1.3039346568374093,
      1.117726133294293,
      1.0557100390515584,
      1.3023067769634145,
      0.0,
      0.6720272389892022,
      0.8850300239243413,
      0.9823189703299535,
      1.1519391726625272,
      1.3320250970893572,
      0.7608400005539782,
      0.5953557386359767,
      0.7379044822128948,
      0.7379044822128948
    ],
    [
      1.0557100390515584,
      1.3023067769634145,
      0.9044628113154756,
      0.9894979367170033,
      0.8966821174209181,
      0.879089469485556,
      1.0627739662795455,
      1.3170241021598232,
      0.8387215960070824,
      0.9901691107160785,
      0.6720272389892022,
      0.0,
      0.9013906562324402,
      1.0337837821943916,
      0.9537577166002679,
      1.1542850969369296,
      0.9037246141259434,
      0.7379044822128948,
      1.0583632804863647,
      1.0583632804863647
    ],
    [
      1.3170241021598232,
      0.8387215960070824,
      0.9901691107160785,
      0.6720272389892022,
      0.7591149743259195,
      1.1577092307476562,
      0.9960605857565668,
      1.1090416095242859,
      1.213077148285598,
      0.9574375130473689,
      0.8850300239243413,
      0.9013906562324402,
      0.0,
      1.4692998752989253,
      0.8496041884048773,
      0.9714782096008635,
      0.5953557386359767,
      1.0583632804863647,
      1.0324417551223506,
      1.0324417551223506
    ],
    [
      0.9960605857565668,
      1.1090416095242859,
      1.213077148285598,
      0.9574375130473689,
      0.8850300239243413,
      0.9013906562324402,
      1.135183092667727,
      0.7976656295417364,
      1.0992203437055676,
      1.2718912791308477,
      0.9823189703299535,
      1.0337837821943916,
      1.4692998752989253,
      0.0,
      1.3977244596355072,
      0.7608400005539782,
      0.7379044822128948,
      1.0324417551223506,
      1.1323794282970694,
      1.1323794282970694
    ],
    [
      0.9013906562324402,
      1.135183092667727,
      0.7976656295417364,
      1.0992203437055676,
      1.2718912791308477,
      0.9823189703299535,
      1.0337837821943916,
      1.4692998752989253,
      0.9208003176724784,
      0.9617962688661015,
      1.1519391726625272,
      0.9537577166002679,
      0.8496041884048773,
      1.3977244596355072,
      0.0,
      0.9037246141259434,
      1.0583632804863647,
      1.1323794282970694,
      1.0689783385978375,
      1.0689783385978375
    ],
    [
      1.2718912791308477,
      0.9823189703299535,
      1.0337837821943916,
      1.4692998752989253,
      0.9208003176724784,
      0.9617962688661015,
      1.1519391726625272,
      0.9537577166002679,
      0.8496041884048773,
      1.3977244596355072,
      1.3320250970893572,
      1.1542850969369296,
      0.9714782096008635,
      0.7608400005539782,
      0.9037246141259434,
      0.0,
      1.0324417551223506,
      1.0689783385978375,
      0.8191628298029909,
      0.8191628298029909
    ],
    [
      1.4692998752989253,
      0.9208003176724784,
      0.9617962688661015,
      1.1519391726625272,
      0.9537577166002679,
      0.8496041884048773,
      1.3977244596355072,
      1.3320250970893572,
      1.1542850969369296,
      0.9714782096008635,
      0.7608400005539782,
      0.9037246141259434,
      0.5953557386359767,
      0.7379044822128948,
      1.0583632804863647,
      1.0324417551223506,
      0.0,
      0.8191628298029909,
      1.03832506687051,
      1.03832506687051
    ],
    [
      0.9617962688661015,
      1.1519391726625272,
      0.9537577166002679,
      0.8496041884048773,
      1.3977244596355072,
      1.3320250970893572,
      1.1542850969369296,
      0.9714782096008635,
      0.7608400005539782,
      0.9037246141259434,
      0.5953557386359767,
      0.7379044822128948,
      1.0583632804863647,
      1.0324417551223506,
      1.1323794282970694,
      1.0689783385978375,
      0.8191628298029909,
      0.0,
      1.1419683358827604,
      1.1419683358827604
    ],
    [
      1.1519391726625272,
      0.9537577166002679,
      0.8496041884048773,
      1.3977244596355072,
      1.3320250970893572,
      1.1542850969369296,
      0.9714782096008635,
      0.7608400005539782,
      0.9037246141259434,
      0.5953557386359767,
      0.7379044822128948,
      1.0583632804863647,
      1.0324417551223506,
      1.1323794282970694,
      1.0689783385978375,
      0.8191628298029909,
      1.03832506687051,
      1.1419683358827604,
      0.0,
      1.0505199223695654
    ],
    [
      1.1519391726625272,
      0.9537577166002679,
      0.8496041884048773,
      1.3977244596355072,
      1.3320250970893572,
      1.1542850969369296,
      0.9714782096008635,
      0.7608400005539782,
      0.9037246141259434,
      0.5953557386359767,
      0.7379044822128948,
      1.0583632804863647,
      1.0324417551223506,
      1.1323794282970694,
      1.0689783385978375,
      0.8191628298029909,
      1.03832506687051,
      1.1419683358827604,
      1.0505199223695654,
      0.0
    ]
  ]
}