{
  "servicechain": {
    "SC1": {
      "resptime": 67.31790385849598,
      "resptime_old": 57.31790385849599,
      "waittime": 50.66893467877292,
      "servicetime": 10.0,
      "networktime": 6.648969179723068,
      "services": {
        "MS1_1": {
          "meanserv": 0.5247900042851406,
          "stddevserv": 0.5247900042851406,
          "rate": 1.9055240988482276,
          "cv": 1.0,
          "lambda": 0.2
        },
        "MS1_2": {
          "meanserv": 2.746278904066548,
          "stddevserv": 2.746278904066548,
          "rate": 0.3641290760815486,
          "cv": 1.0,
          "lambda": 0.2
        },
        "MS1_3": {
          "meanserv": 1.0310115340807222,
          "stddevserv": 1.0310115340807222,
          "rate": 0.9699212539766852,
          "cv": 1.0,
          "lambda": 0.2
        },
        "MS1_4": {
          "meanserv": 2.8396352322913545,
          "stddevserv": 2.8396352322913545,
          "rate": 0.3521579069833844,
          "cv": 1.0,
          "lambda": 0.2
        },
        "MS1_5": {
          "meanserv": 2.8582843252762347,
          "stddevserv": 2.8582843252762347,
          "rate": 0.3498602259953115,
          "cv": 1.0,
          "lambda": 0.2
        }
      },
      "sensors": [
        "S1"
      ],
      "sources": [
        {
          "startTime": 0,
          "stopTime": -1,
          "lambda": 0.2
        }
      ]
    },
    "SC2": {
      "resptime": 56.89649635975194,
      "resptime_old": 46.89649635975194,
      "waittime": 40.068985314435324,
      "servicetime": 10.0,
      "networktime": 6.827511045316621,
      "services": {
        "MS2_1": {
          "meanserv": 3.065140435596696,
          "stddevserv": 3.065140435596696,
          "rate": 0.3262493256056401,
          "cv": 1.0,
          "lambda": 0.2
        },
        "MS2_2": {
          "meanserv": 1.4559766603544784,
          "stddevserv": 1.4559766603544784,
          "rate": 0.686824196588794,
          "cv": 1.0,
          "lambda": 0.2
        },
        "MS2_3": {
          "meanserv": 0.33977725310472007,
          "stddevserv": 0.33977725310472007,
          "rate": 2.9431046100422678,
          "cv": 1.0,
          "lambda": 0.2
        },
        "MS2_4": {
          "meanserv": 2.982233707456838,
          "stddevserv": 2.982233707456838,
          "rate": 0.3353191258953246,
          "cv": 1.0,
          "lambda": 0.2
        },
        "MS2_5": {
          "meanserv": 2.1568719434872676,
          "stddevserv": 2.1568719434872676,
          "rate": 0.46363438637121074,
          "cv": 1.0,
          "lambda": 0.2
        }
      },
      "sensors": [
        "S2"
      ],
      "sources": [
        {
          "startTime": 0,
          "stopTime": -1,
          "lambda": 0.2
        }
      ]
    },
    "SC3": {
      "resptime": 71.15517883159293,
      "resptime_old": 61.155178831592934,
      "waittime": 53.18580874256121,
      "servicetime": 10.0,
      "networktime": 7.969370089031734,
      "services": {
        "MS3_1": {
          "meanserv": 3.5915894131856865,
          "stddevserv": 3.5915894131856865,
          "rate": 0.2784282625204129,
          "cv": 1.0,
          "lambda": 0.2
        },
        "MS3_2": {
          "meanserv": 1.4757167336892563,
          "stddevserv": 1.4757167336892563,
          "rate": 0.677636823633506,
          "cv": 1.0,
          "lambda": 0.2
        },
        "MS3_3": {
          "meanserv": 0.6775028444034268,
          "stddevserv": 0.6775028444034268,
          "rate": 1.4760085633006415,
          "cv": 1.0,
          "lambda": 0.2
        },
        "MS3_4": {
          "meanserv": 4.20268889582352,
          "stddevserv": 4.20268889582352,
          "rate": 0.23794290388559663,
          "cv": 1.0,
          "lambda": 0.2
        },
        "MS3_5": {
          "meanserv": 0.05250211289811091,
          "stddevserv": 0.05250211289811091,
          "rate": 19.046852494120884,
          "cv": 1.0,
          "lambda": 0.2
        }
      },
      "sensors": [
        "S3"
      ],
      "sources": [
        {
          "startTime": 0,
          "stopTime": -1,
          "lambda": 0.2
        }
      ]
    },
    "SC4": {
      "resptime": 132.9961616954663,
      "resptime_old": 122.99616169546628,
      "waittime": 117.48456429109844,
      "servicetime": 10.0,
      "networktime": 5.5115974043678575,
      "services": {
        "MS4_1": {
          "meanserv": 1.077940711925196,
          "stddevserv": 1.077940711925196,
          "rate": 0.9276948063442243,
          "cv": 1.0,
          "lambda": 0.2
        },
        "MS4_2": {
          "meanserv": 2.0374208562001495,
          "stddevserv": 2.0374208562001495,
          "rate": 0.4908166110879172,
          "cv": 1.0,
          "lambda": 0.2
        },
        "MS4_3": {
          "meanserv": 0.35974962220309026,
          "stddevserv": 0.35974962220309026,
          "rate": 2.779711049801931,
          "cv": 1.0,
          "lambda": 0.2
        },
        "MS4_4": {
          "meanserv": 4.757219888852308,
          "stddevserv": 4.757219888852308,
          "rate": 0.21020680636253974,
          "cv": 1.0,
          "lambda": 0.2
        },
        "MS4_5": {
          "meanserv": 1.767668920819256,
          "stddevserv": 1.767668920819256,
          "rate": 0.565716796976061,
          "cv": 1.0,
          "lambda": 0.2
        }
      },
      "sensors": [
        "S4"
      ],
      "sources": [
        {
          "startTime": 0,
          "stopTime": -1,
          "lambda": 0.2
        }
      ]
    }
  },
  "microservice": {
    "MS1_1": "F6",
    "MS1_2": "F3",
    "MS1_3": "F4",
    "MS1_4": "F4",
    "MS1_5": "F7",
    "MS2_1": "F6",
    "MS2_2": "F3",
    "MS2_3": "F5",
    "MS2_4": "F10",
    "MS2_5": "F9",
    "MS3_1": "F2",
    "MS3_2": "F7",
    "MS3_3": "F5",
    "MS3_4": "F1",
    "MS3_5": "F5",
    "MS4_1": "F10",
    "MS4_2": "F5",
    "MS4_3": "F5",
    "MS4_4": "F8",
    "MS4_5": "F9"
  },
  "sensor": {
    "S1": "F6",
    "S2": "F6",
    "S3": "F2",
    "S4": "F10"
  },
  "fog": {
    "F1": {
      "rho": 0.840537779164704,
      "capacity": 1.0,
      "tserv": 4.20268889582352,
      "stddev": 4.20268889582352,
      "mu": 0.23794290388559663,
      "cv": 1.0,
      "lambda": 0.2,
      "twait": 22.15270032307088
    },
    "F2": {
      "rho": 0.7183178826371373,
      "capacity": 1.0,
      "tserv": 3.5915894131856865,
      "stddev": 3.5915894131856865,
      "mu": 0.2784282625204129,
      "cv": 1.0,
      "lambda": 0.2,
      "twait": 9.158916180887942
    },
    "F3": {
      "rho": 0.8404511128842054,
      "capacity": 1.0,
      "tserv": 2.101127782210513,
      "stddev": 2.290671931386306,
      "mu": 0.47593488052779903,
      "cv": 1.0902106719927243,
      "lambda": 0.4,
      "twait": 12.111542774229045
    },
    "F4": {
      "rho": 0.7741293532744156,
      "capacity": 1.0,
      "tserv": 1.9353233831860386,
      "stddev": 2.319706110344844,
      "mu": 0.5167095115410343,
      "cv": 1.198614211195037,
      "lambda": 0.4,
      "twait": 8.08118555304433
    },
    "F5": {
      "rho": 0.6933905377618996,
      "capacity": 1.0,
      "tserv": 0.6933905377618996,
      "stddev": 1.2092547455472176,
      "mu": 1.4421887025279623,
      "cv": 1.7439735325065229,
      "lambda": 1.0,
      "twait": 3.1686684802592295
    },
    "F6": {
      "rho": 0.7179860879763673,
      "capacity": 1.0,
      "tserv": 1.7949652199409183,
      "stddev": 2.5394074698106155,
      "mu": 0.5571138587481462,
      "cv": 1.4147390944400586,
      "lambda": 0.4,
      "twait": 6.858165520371291
    },
    "F7": {
      "rho": 0.8668002117930983,
      "capacity": 1.0,
      "tserv": 2.1670005294827455,
      "stddev": 2.377317367839601,
      "mu": 0.4614673537891087,
      "cv": 1.0970543548538298,
      "lambda": 0.4,
      "twait": 15.536855278083927
    },
    "F8": {
      "rho": 0.9514439777704617,
      "capacity": 1.0,
      "tserv": 4.757219888852308,
      "stddev": 4.757219888852308,
      "mu": 0.21020680636253974,
      "cv": 1.0,
      "lambda": 0.2,
      "twait": 93.21661879100421
    },
    "F9": {
      "rho": 0.7849081728613047,
      "capacity": 1.0,
      "tserv": 1.9622704321532618,
      "stddev": 1.9814753960950178,
      "mu": 0.5096137533411581,
      "cv": 1.00978711375714,
      "lambda": 0.4,
      "twait": 7.231097617873001
    },
    "F10": {
      "rho": 0.8120348838764069,
      "capacity": 1.0,
      "tserv": 2.030087209691017,
      "stddev": 2.4360664985518143,
      "mu": 0.4925896755697514,
      "cv": 1.1999812061879787,
      "lambda": 0.4,
      "twait": 10.699510921702757
    }
  },
  "extra": {
    "deltatime": 0.5404135,
    "conv": 17,
    "obj_func": 82.09143518632679
  },
  "network": [
    [
      0.0,
      1.5677394937924027,
      1.6235984708299822,
      2.3663023403722145,
      1.9931471485617847,
      1.975363913982621,
      1.9578785835980599,
      2.137303101032773,
      2.602575424588623,
      2.602575424588623
    ],
    [
      1.5677394937924027,
      0.0,
      1.7305899159307494,
      1.4130952165786863,
      2.5397346350938794,
      1.8506382476621177,
      1.9760619310899985,
      2.602575424588623,
      2.0070138608181662,
      2.0070138608181662
    ],
    [
      1.6235984708299822,
      1.7305899159307494,
      0.0,
      2.5837212512959815,
      1.5297172046182541,
      1.4626725038384634,
      2.137303101032773,
      2.0070138608181662,
      2.5484667526160876,
      2.5484667526160876
    ],
    [
      2.3663023403722145,
      1.4130952165786863,
      2.5837212512959815,
      0.0,
      1.9831380962990717,
      1.9578785835980599,
      2.602575424588623,
      2.5484667526160876,
      1.5433948912536621,
      1.5433948912536621
    ],
    [
      1.9931471485617847,
      2.5397346350938794,
      1.5297172046182541,
      1.9831380962990717,
      0.0,
      1.9760619310899985,
      2.0070138608181662,
      1.5433948912536621,
      2.086860980674114,
      2.086860980674114
    ],
    [
      1.975363913982621,
      1.8506382476621177,
      1.4626725038384634,
      1.9578785835980599,
      1.9760619310899985,
      0.0,
      2.5484667526160876,
      2.086860980674114,
      1.8529168636973083,
      1.8529168636973083
    ],
    [
      1.9578785835980599,
      1.9760619310899985,
      2.137303101032773,
      2.602575424588623,
      2.0070138608181662,
      2.5484667526160876,
      0.0,
      1.8529168636973083,
      2.6919175308016277,
      2.6919175308016277
    ],
    [
      2.137303101032773,
      2.602575424588623,
      2.0070138608181662,
      2.5484667526160876,
      1.5433948912536621,
      2.086860980674114,
      1.8529168636973083,
      0.0,
      1.881341532440081,
      1.881341532440081
    ],
    [
      2.602575424588623,
      2.0070138608181662,
      2.5484667526160876,
      1.5433948912536621,
      2.086860980674114,
      1.8529168636973083,
      2.6919175308016277,
      1.881341532440081,
      0.0,
      1.7482603561857897
    ],
    [
      2.602575424588623,
      2.0070138608181662,
      2.5484667526160876,
      1.5433948912536621,
      2.086860980674114,
      1.8529168636973083,
      2.6919175308016277,
      1.881341532440081,
      1.7482603561857897,
      0.0
    ]
  ]
}