{
  "servicechain": {
    "SC1": {
      "resptime": 36.519814765358404,
      "resptime_old": 26.5198147653584,
      "waittime": 22.41975055465783,
      "servicetime": 10.0,
      "networktime": 4.1000642107005705,
      "services": {
        "MS1_1": {
          "meanserv": 1.2462497841820297,
          "stddevserv": 1.2462497841820297,
          "rate": 0.8024073606210054,
          "cv": 1.0,
          "lambda": 0.15
        },
        "MS1_2": {
          "meanserv": 0.9542507915973277,
          "stddevserv": 0.9542507915973277,
          "rate": 1.0479425417359018,
          "cv": 1.0,
          "lambda": 0.15
        },
        "MS1_3": {
          "meanserv": 0.11514211490482484,
          "stddevserv": 0.11514211490482484,
          "rate": 8.684919508614103,
          "cv": 1.0,
          "lambda": 0.15
        },
        "MS1_4": {
          "meanserv": 0.45452451464072485,
          "stddevserv": 0.45452451464072485,
          "rate": 2.2001013538080376,
          "cv": 1.0,
          "lambda": 0.15
        },
        "MS1_5": {
          "meanserv": 2.2016850121563767,
          "stddevserv": 2.2016850121563767,
          "rate": 0.45419757798168364,
          "cv": 1.0,
          "lambda": 0.15
        },
        "MS1_6": {
          "meanserv": 0.34849994331649814,
          "stddevserv": 0.34849994331649814,
          "rate": 2.8694409258248497,
          "cv": 1.0,
          "lambda": 0.15
        },
        "MS1_7": {
          "meanserv": 2.5767300044080192,
          "stddevserv": 2.5767300044080192,
          "rate": 0.3880887785252227,
          "cv": 1.0,
          "lambda": 0.15
        },
        "MS1_8": {
          "meanserv": 0.10226540219882185,
          "stddevserv": 0.10226540219882185,
          "rate": 9.778478141178429,
          "cv": 1.0,
          "lambda": 0.15
        },
        "MS1_9": {
          "meanserv": 0.7681187671751797,
          "stddevserv": 0.7681187671751797,
          "rate": 1.3018820041041084,
          "cv": 1.0,
          "lambda": 0.15
        },
        "MS1_10": {
          "meanserv": 0.07647967605701922,
          "stddevserv": 0.07647967605701922,
          "rate": 13.075369190299037,
          "cv": 1.0,
          "lambda": 0.15
        },
        "MS1_11": {
          "meanserv": 0.32856701046901016,
          "stddevserv": 0.32856701046901016,
          "rate": 3.0435191852418737,
          "cv": 1.0,
          "lambda": 0.15
        },
        "MS1_12": {
          "meanserv": 0.8274869788941679,
          "stddevserv": 0.8274869788941679,
          "rate": 1.208478230480888,
          "cv": 1.0,
          "lambda": 0.15
        }
      },
      "sensors": [
        "S1"
      ],
      "sources": [
        {
          "startTime": 0,
          "stopTime": -1,
          "lambda": 0.15
        }
      ]
    },
    "SC2": {
      "resptime": 32.915482155327,
      "resptime_old": 22.915482155327002,
      "waittime": 20.383964905380214,
      "servicetime": 10.0,
      "networktime": 2.5315172499467877,
      "services": {
        "MS2_1": {
          "meanserv": 1.8131431325818204,
          "stddevserv": 1.8131431325818204,
          "rate": 0.5515284381195282,
          "cv": 1.0,
          "lambda": 0.15
        },
        "MS2_2": {
          "meanserv": 0.6440303695555603,
          "stddevserv": 0.6440303695555603,
          "rate": 1.5527218082744938,
          "cv": 1.0,
          "lambda": 0.15
        },
        "MS2_3": {
          "meanserv": 0.46940784216359877,
          "stddevserv": 0.46940784216359877,
          "rate": 2.130343616311971,
          "cv": 1.0,
          "lambda": 0.15
        },
        "MS2_4": {
          "meanserv": 1.5665326228428302,
          "stddevserv": 1.5665326228428302,
          "rate": 0.6383524897076654,
          "cv": 1.0,
          "lambda": 0.15
        },
        "MS2_5": {
          "meanserv": 0.8480501701120531,
          "stddevserv": 0.8480501701120531,
          "rate": 1.1791755196132674,
          "cv": 1.0,
          "lambda": 0.15
        },
        "MS2_6": {
          "meanserv": 1.5178208709043952,
          "stddevserv": 1.5178208709043952,
          "rate": 0.6588392735726113,
          "cv": 1.0,
          "lambda": 0.15
        },
        "MS2_7": {
          "meanserv": 0.3229103722187894,
          "stddevserv": 0.3229103722187894,
          "rate": 3.096834558545693,
          "cv": 1.0,
          "lambda": 0.15
        },
        "MS2_8": {
          "meanserv": 0.07357262756210847,
          "stddevserv": 0.07357262756210847,
          "rate": 13.5920115012315,
          "cv": 1.0,
          "lambda": 0.15
        },
        "MS2_9": {
          "meanserv": 0.2577149165321089,
          "stddevserv": 0.2577149165321089,
          "rate": 3.880256577524915,
          "cv": 1.0,
          "lambda": 0.15
        },
        "MS2_10": {
          "meanserv": 1.0859158505119506,
          "stddevserv": 1.0859158505119506,
          "rate": 0.9208816682513236,
          "cv": 1.0,
          "lambda": 0.15
        },
        "MS2_11": {
          "meanserv": 0.49087935717643916,
          "stddevserv": 0.49087935717643916,
          "rate": 2.0371604252255513,
          "cv": 1.0,
          "lambda": 0.15
        },
        "MS2_12": {
          "meanserv": 0.9100218678383456,
          "stddevserv": 0.9100218678383456,
          "rate": 1.0988746922921615,
          "cv": 1.0,
          "lambda": 0.15
        }
      },
      "sensors": [
        "S2"
      ],
      "sources": [
        {
          "startTime": 0,
          "stopTime": -1,
          "lambda": 0.15
        }
      ]
    },
    "SC3": {
      "resptime": 30.636097831008346,
      "resptime_old": 20.636097831008342,
      "waittime": 17.575670971148867,
      "servicetime": 10.0,
      "networktime": 3.0604268598594784,
      "services": {
        "MS3_1": {
          "meanserv": 0.038539587231049,
          "stddevserv": 0.038539587231049,
          "rate": 25.947345881129753,
          "cv": 1.0,
          "lambda": 0.15
        },
        "MS3_2": {
          "meanserv": 0.49511994122472314,
          "stddevserv": 0.49511994122472314,
          "rate": 2.0197126327136234,
          "cv": 1.0,
          "lambda": 0.15
        },
        "MS3_3": {
          "meanserv": 3.0096335983898084,
          "stddevserv": 3.0096335983898084,
          "rate": 0.33226635977715446,
          "cv": 1.0,
          "lambda": 0.15
        },
        "MS3_4": {
          "meanserv": 0.5793854026337986,
          "stddevserv": 0.5793854026337986,
          "rate": 1.7259668528999021,
          "cv": 1.0,
          "lambda": 0.15
        },
        "MS3_5": {
          "meanserv": 0.5841105417837626,
          "stddevserv": 0.5841105417837626,
          "rate": 1.7120047122351019,
          "cv": 1.0,
          "lambda": 0.15
        },
        "MS3_6": {
          "meanserv": 2.7435762235770618,
          "stddevserv": 2.7435762235770618,
          "rate": 0.36448777745136046,
          "cv": 1.0,
          "lambda": 0.15
        },
        "MS3_7": {
          "meanserv": 0.03455689909389381,
          "stddevserv": 0.03455689909389381,
          "rate": 28.9377816361046,
          "cv": 1.0,
          "lambda": 0.15
        },
        "MS3_8": {
          "meanserv": 0.29259696839553406,
          "stddevserv": 0.29259696839553406,
          "rate": 3.4176704067835555,
          "cv": 1.0,
          "lambda": 0.15
        },
        "MS3_9": {
          "meanserv": 1.0928837260903483,
          "stddevserv": 1.0928837260903483,
          "rate": 0.9150104225427275,
          "cv": 1.0,
          "lambda": 0.15
        },
        "MS3_10": {
          "meanserv": 0.03258670016263565,
          "stddevserv": 0.03258670016263565,
          "rate": 30.687366165004136,
          "cv": 1.0,
          "lambda": 0.15
        },
        "MS3_11": {
          "meanserv": 0.8169353091124432,
          "stddevserv": 0.8169353091124432,
          "rate": 1.2240871325373939,
          "cv": 1.0,
          "lambda": 0.15
        },
        "MS3_12": {
          "meanserv": 0.2800751023049415,
          "stddevserv": 0.2800751023049415,
          "rate": 3.5704708907370684,
          "cv": 1.0,
          "lambda": 0.15
        }
      },
      "sensors": [
        "S3"
      ],
      "sources": [
        {
          "startTime": 0,
          "stopTime": -1,
          "lambda": 0.15
        }
      ]
    },
    "SC4": {
      "resptime": 32.49800588811484,
      "resptime_old": 22.498005888114843,
      "waittime": 19.3462664855558,
      "servicetime": 10.0,
      "networktime": 3.1517394025590404,
      "services": {
        "MS4_1": {
          "meanserv": 0.10429376506517873,
          "stddevserv": 0.10429376506517873,
          "rate": 9.588300886203951,
          "cv": 1.0,
          "lambda": 0.15
        },
        "MS4_2": {
          "meanserv": 0.045417707815158526,
          "stddevserv": 0.045417707815158526,
          "rate": 22.01784387864334,
          "cv": 1.0,
          "lambda": 0.15
        },
        "MS4_3": {
          "meanserv": 0.6435520189762867,
          "stddevserv": 0.6435520189762867,
          "rate": 1.5538759424463053,
          "cv": 1.0,
          "lambda": 0.15
        },
        "MS4_4": {
          "meanserv": 0.37611488148385663,
          "stddevserv": 0.37611488148385663,
          "rate": 2.658762120910447,
          "cv": 1.0,
          "lambda": 0.15
        },
        "MS4_5": {
          "meanserv": 4.2314706775571445,
          "stddevserv": 4.2314706775571445,
          "rate": 0.23632445459300844,
          "cv": 1.0,
          "lambda": 0.15
        },
        "MS4_6": {
          "meanserv": 0.11445170859954246,
          "stddevserv": 0.11445170859954246,
          "rate": 8.737309492678012,
          "cv": 1.0,
          "lambda": 0.15
        },
        "MS4_7": {
          "meanserv": 0.5919313716207553,
          "stddevserv": 0.5919313716207553,
          "rate": 1.6893850333729066,
          "cv": 1.0,
          "lambda": 0.15
        },
        "MS4_8": {
          "meanserv": 0.4853412824762655,
          "stddevserv": 0.4853412824762655,
          "rate": 2.060405813611997,
          "cv": 1.0,
          "lambda": 0.15
        },
        "MS4_9": {
          "meanserv": 0.1846103416629603,
          "stddevserv": 0.1846103416629603,
          "rate": 5.416814632333445,
          "cv": 1.0,
          "lambda": 0.15
        },
        "MS4_10": {
          "meanserv": 0.18416776115005362,
          "stddevserv": 0.18416776115005362,
          "rate": 5.429831984465697,
          "cv": 1.0,
          "lambda": 0.15
        },
        "MS4_11": {
          "meanserv": 2.7104978059272824,
          "stddevserv": 2.7104978059272824,
          "rate": 0.36893591937732345,
          "cv": 1.0,
          "lambda": 0.15
        },
        "MS4_12": {
          "meanserv": 0.32815067766551564,
          "stddevserv": 0.32815067766551564,
          "rate": 3.047380572589587,
          "cv": 1.0,
          "lambda": 0.15
        }
      },
      "sensors": [
        "S4"
      ],
      "sources": [
        {
          "startTime": 0,
          "stopTime": -1,
          "lambda": 0.15
        }
      ]
    }
  },
  "microservice": {
    "MS1_1": "F6",
    "MS1_2": "F10",
    "MS1_3": "F10",
    "MS1_4": "F10",
    "MS1_5": "F5",
    "MS1_6": "F10",
    "MS1_7": "F5",
    "MS1_8": "F4",
    "MS1_9": "F4",
    "MS1_10": "F4",
    "MS1_11": "F4",
    "MS1_12": "F10",
    "MS2_1": "F7",
    "MS2_2": "F3",
    "MS2_3": "F3",
    "MS2_4": "F3",
    "MS2_5": "F3",
    "MS2_6": "F1",
    "MS2_7": "F1",
    "MS2_8": "F1",
    "MS2_9": "F1",
    "MS2_10": "F1",
    "MS2_11": "F1",
    "MS2_12": "F10",
    "MS3_1": "F4",
    "MS3_2": "F4",
    "MS3_3": "F2",
    "MS3_4": "F2",
    "MS3_5": "F3",
    "MS3_6": "F6",
    "MS3_7": "F9",
    "MS3_8": "F9",
    "MS3_9": "F9",
    "MS3_10": "F9",
    "MS3_11": "F9",
    "MS3_12": "F9",
    "MS4_1": "F9",
    "MS4_2": "F9",
    "MS4_3": "F9",
    "MS4_4": "F9",
    "MS4_5": "F8",
    "MS4_6": "F4",
    "MS4_7": "F4",
    "MS4_8": "F4",
    "MS4_9": "F4",
    "MS4_10": "F4",
    "MS4_11": "F7",
    "MS4_12": "F4"
  },
  "sensor": {
    "S1": "F6",
    "S2": "F7",
    "S3": "F4",
    "S4": "F9"
  },
  "fog": {
    "F1": {
      "rho": 0.5623220992358687,
      "capacity": 1.0,
      "tserv": 0.6248023324842986,
      "stddev": 0.9537510381000177,
      "mu": 1.6005061889315693,
      "cv": 1.5264844391789874,
      "lambda": 0.9,
      "twait": 1.3366188875158067
    },
    "F2": {
      "rho": 0.5383528501535411,
      "capacity": 1.0,
      "tserv": 1.7945095005118037,
      "stddev": 2.48461616631519,
      "mu": 0.5572553389741289,
      "cv": 1.384565623980572,
      "lambda": 0.3,
      "twait": 3.052195332885569
    },
    "F3": {
      "rho": 0.6168197319686707,
      "capacity": 1.0,
      "tserv": 0.822426309291561,
      "stddev": 0.9916763440030324,
      "mu": 1.2159144092330914,
      "cv": 1.2057935559688788,
      "lambda": 0.75,
      "twait": 1.624372857843554
    },
    "F4": {
      "rho": 0.5546615291296344,
      "capacity": 1.0,
      "tserv": 0.30814529396090806,
      "stddev": 0.4408132086585136,
      "mu": 3.2452223661960646,
      "cv": 1.430536884053261,
      "lambda": 1.7999999999999996,
      "twait": 0.5845954109858283
    },
    "F5": {
      "rho": 0.7167622524846593,
      "capacity": 1.0,
      "tserv": 2.389207508282198,
      "stddev": 2.4038805899500386,
      "mu": 0.41854882697860935,
      "cv": 1.006141401120236,
      "lambda": 0.3,
      "twait": 6.083381104286824
    },
    "F6": {
      "rho": 0.5984739011638638,
      "capacity": 1.0,
      "tserv": 1.994913003879546,
      "stddev": 2.258466543056021,
      "mu": 0.5012749919697153,
      "cv": 1.1321127982342776,
      "lambda": 0.3,
      "twait": 3.392188843566371
    },
    "F7": {
      "rho": 0.6785461407763653,
      "capacity": 1.0,
      "tserv": 2.2618204692545514,
      "stddev": 2.349139106146409,
      "mu": 0.44212173936580346,
      "cv": 1.0386054676216792,
      "lambda": 0.3,
      "twait": 4.962276577196254
    },
    "F8": {
      "rho": 0.6347206016335716,
      "capacity": 1.0,
      "tserv": 4.2314706775571445,
      "stddev": 4.2314706775571445,
      "mu": 0.23632445459300844,
      "cv": 1.0,
      "lambda": 0.15,
      "twait": 7.352732254447148
    },
    "F9": {
      "rho": 0.5578519617750415,
      "capacity": 1.0,
      "tserv": 0.37190130785002773,
      "stddev": 0.6172678362088116,
      "mu": 2.688885408284873,
      "cv": 1.6597624777854505,
      "lambda": 1.4999999999999998,
      "twait": 0.8809212969993576
    },
    "F10": {
      "rho": 0.5414889316787833,
      "capacity": 1.0,
      "tserv": 0.6016543685319814,
      "stddev": 0.7480658588324979,
      "mu": 1.6620838346773248,
      "cv": 1.2433481712395045,
      "lambda": 0.9,
      "twait": 0.904483571714901
    }
  },
  "extra": {
    "deltatime": 4.5852579,
    "conv": 5,
    "obj_func": 33.142350159952144
  },
  "network": [
    [
      0.0,
      1.0440982420168958,
      0.8107292567533075,
      0.9344211160774654,
      1.0001429781289497,
      0.8614856456780512,
      1.007473344490496,
      0.8706584269961802,
      0.8501295661973,
      0.8501295661973
    ],
    [
      1.0440982420168958,
      0.0,
      0.7872125980364107,
      0.8086816248366531,
      0.8833093775033503,
      0.8495804599942609,
      0.9926575629874672,
      0.8501295661973,
      0.9418904462033012,
      0.9418904462033012
    ],
    [
      0.8107292567533075,
      0.7872125980364107,
      0.0,
      0.8268562692571485,
      0.7383537219707716,
      0.7237229750217876,
      0.8706584269961802,
      0.9418904462033012,
      0.7913992306885104,
      0.7913992306885104
    ],
    [
      0.9344211160774654,
      0.8086816248366531,
      0.8268562692571485,
      0.0,
      0.9915182773627828,
      1.007473344490496,
      0.8501295661973,
      0.7913992306885104,
      0.7568631111472152,
      0.7568631111472152
    ],
    [
      1.0001429781289497,
      0.8833093775033503,
      0.7383537219707716,
      0.9915182773627828,
      0.0,
      0.9926575629874672,
      0.9418904462033012,
      0.7568631111472152,
      0.5369577200753153,
      0.5369577200753153
    ],
    [
      0.8614856456780512,
      0.8495804599942609,
      0.7237229750217876,
      1.007473344490496,
      0.9926575629874672,
      0.0,
      0.7913992306885104,
      0.5369577200753153,
      0.7408096619646268,
      0.7408096619646268
    ],
    [
      1.007473344490496,
      0.9926575629874672,
      0.8706584269961802,
      0.8501295661973,
      0.9418904462033012,
      0.7913992306885104,
      0.0,
      0.7408096619646268,
      0.8493273654548676,
      0.8493273654548676
    ],
    [
      0.8706584269961802,
      0.8501295661973,
      0.9418904462033012,
      0.7913992306885104,
      0.7568631111472152,
      0.5369577200753153,
      0.7408096619646268,
      0.0,
      0.6600810394759298,
      0.6600810394759298
    ],
    [
      0.8501295661973,
      0.9418904462033012,
      0.7913992306885104,
      0.7568631111472152,
      0.5369577200753153,
      0.7408096619646268,
      0.8493273654548676,
      0.6600810394759298,
      0.0,
      0.6321920388562161
    ],
    [
      0.8501295661973,
      0.9418904462033012,
      0.7913992306885104,
      0.7568631111472152,
      0.5369577200753153,
      0.7408096619646268,
      0.8493273654548676,
      0.6600810394759298,
      0.6321920388562161,
      0.0
    ]
  ]
}