{
  "servicechain": {
    "SC1": {
      "resptime": 30.324324173900646,
      "resptime_old": 20.324324173900646,
      "waittime": 14.352857425318145,
      "servicetime": 10.0,
      "networktime": 5.971466748582501,
      "services": {
        "MS1_1": {
          "meanserv": 1.8923358445394467,
          "stddevserv": 1.8923358445394467,
          "rate": 0.5284474227371506,
          "cv": 1.0,
          "lambda": 0.15
        },
        "MS1_2": {
          "meanserv": 0.39677788017294513,
          "stddevserv": 0.39677788017294513,
          "rate": 2.520301785886164,
          "cv": 1.0,
          "lambda": 0.15
        },
        "MS1_3": {
          "meanserv": 0.25467053543987905,
          "stddevserv": 0.25467053543987905,
          "rate": 3.926641919029826,
          "cv": 1.0,
          "lambda": 0.15
        },
        "MS1_4": {
          "meanserv": 0.5786338520228318,
          "stddevserv": 0.5786338520228318,
          "rate": 1.7282086011803919,
          "cv": 1.0,
          "lambda": 0.15
        },
        "MS1_5": {
          "meanserv": 3.118828566201991,
          "stddevserv": 3.118828566201991,
          "rate": 0.3206332053120085,
          "cv": 1.0,
          "lambda": 0.15
        },
        "MS1_6": {
          "meanserv": 0.38248876347409055,
          "stddevserv": 0.38248876347409055,
          "rate": 2.6144558886309324,
          "cv": 1.0,
          "lambda": 0.15
        },
        "MS1_7": {
          "meanserv": 0.5409498531101775,
          "stddevserv": 0.5409498531101775,
          "rate": 1.848600187707835,
          "cv": 1.0,
          "lambda": 0.15
        },
        "MS1_8": {
          "meanserv": 1.7580609519194832,
          "stddevserv": 1.7580609519194832,
          "rate": 0.5688084926226145,
          "cv": 1.0,
          "lambda": 0.15
        },
        "MS1_9": {
          "meanserv": 0.5319057688505335,
          "stddevserv": 0.5319057688505335,
          "rate": 1.8800322511279282,
          "cv": 1.0,
          "lambda": 0.15
        },
        "MS1_10": {
          "meanserv": 0.5453479842686217,
          "stddevserv": 0.5453479842686217,
          "rate": 1.8336915673047223,
          "cv": 1.0,
          "lambda": 0.15
        }
      },
      "sensors": [
        "S1"
      ],
      "sources": [
        {
          "startTime": 0,
          "stopTime": -1,
          "lambda": 0.15
        }
      ]
    },
    "SC2": {
      "resptime": 31.252736512419553,
      "resptime_old": 21.252736512419553,
      "waittime": 16.557033670184488,
      "servicetime": 10.0,
      "networktime": 4.695702842235065,
      "services": {
        "MS2_1": {
          "meanserv": 0.2476730562166951,
          "stddevserv": 0.2476730562166951,
          "rate": 4.03758089505334,
          "cv": 1.0,
          "lambda": 0.15
        },
        "MS2_2": {
          "meanserv": 0.578079908777076,
          "stddevserv": 0.578079908777076,
          "rate": 1.7298646516110427,
          "cv": 1.0,
          "lambda": 0.15
        },
        "MS2_3": {
          "meanserv": 0.4924327810767759,
          "stddevserv": 0.4924327810767759,
          "rate": 2.030734017774679,
          "cv": 1.0,
          "lambda": 0.15
        },
        "MS2_4": {
          "meanserv": 2.399079160980647,
          "stddevserv": 2.399079160980647,
          "rate": 0.41682659591409243,
          "cv": 1.0,
          "lambda": 0.15
        },
        "MS2_5": {
          "meanserv": 0.7291548963397938,
          "stddevserv": 0.7291548963397938,
          "rate": 1.3714507096088806,
          "cv": 1.0,
          "lambda": 0.15
        },
        "MS2_6": {
          "meanserv": 0.26681379854435683,
          "stddevserv": 0.26681379854435683,
          "rate": 3.7479320989231133,
          "cv": 1.0,
          "lambda": 0.15
        },
        "MS2_7": {
          "meanserv": 0.27052506268225684,
          "stddevserv": 0.27052506268225684,
          "rate": 3.6965151771336706,
          "cv": 1.0,
          "lambda": 0.15
        },
        "MS2_8": {
          "meanserv": 0.06797107817975068,
          "stddevserv": 0.06797107817975068,
          "rate": 14.712139733247763,
          "cv": 1.0,
          "lambda": 0.15
        },
        "MS2_9": {
          "meanserv": 2.3608269353694196,
          "stddevserv": 2.3608269353694196,
          "rate": 0.4235803925388208,
          "cv": 1.0,
          "lambda": 0.15
        },
        "MS2_10": {
          "meanserv": 2.587443321833228,
          "stddevserv": 2.587443321833228,
          "rate": 0.3864818956851548,
          "cv": 1.0,
          "lambda": 0.15
        }
      },
      "sensors": [
        "S2"
      ],
      "sources": [
        {
          "startTime": 0,
          "stopTime": -1,
          "lambda": 0.15
        }
      ]
    },
    "SC3": {
      "resptime": 36.54792418545393,
      "resptime_old": 26.54792418545393,
      "waittime": 20.742700555929673,
      "servicetime": 10.0,
      "networktime": 5.805223629524255,
      "services": {
        "MS3_1": {
          "meanserv": 0.6973596410203442,
          "stddevserv": 0.6973596410203442,
          "rate": 1.4339803183001048,
          "cv": 1.0,
          "lambda": 0.15
        },
        "MS3_2": {
          "meanserv": 1.918785332988224,
          "stddevserv": 1.918785332988224,
          "rate": 0.5211630414344726,
          "cv": 1.0,
          "lambda": 0.15
        },
        "MS3_3": {
          "meanserv": 1.350190767369046,
          "stddevserv": 1.350190767369046,
          "rate": 0.7406360820764457,
          "cv": 1.0,
          "lambda": 0.15
        },
        "MS3_4": {
          "meanserv": 3.3143780927725235,
          "stddevserv": 3.3143780927725235,
          "rate": 0.30171572826306187,
          "cv": 1.0,
          "lambda": 0.15
        },
        "MS3_5": {
          "meanserv": 0.7588989809801063,
          "stddevserv": 0.7588989809801063,
          "rate": 1.317698435579022,
          "cv": 1.0,
          "lambda": 0.15
        },
        "MS3_6": {
          "meanserv": 0.39609338055123366,
          "stddevserv": 0.39609338055123366,
          "rate": 2.5246571871721866,
          "cv": 1.0,
          "lambda": 0.15
        },
        "MS3_7": {
          "meanserv": 0.1765978881055119,
          "stddevserv": 0.1765978881055119,
          "rate": 5.662581873020645,
          "cv": 1.0,
          "lambda": 0.15
        },
        "MS3_8": {
          "meanserv": 0.6955557357758693,
          "stddevserv": 0.6955557357758693,
          "rate": 1.4376993079994276,
          "cv": 1.0,
          "lambda": 0.15
        },
        "MS3_9": {
          "meanserv": 0.21096273078727812,
          "stddevserv": 0.21096273078727812,
          "rate": 4.740173756132966,
          "cv": 1.0,
          "lambda": 0.15
        },
        "MS3_10": {
          "meanserv": 0.48117744964986287,
          "stddevserv": 0.48117744964986287,
          "rate": 2.0782353801651916,
          "cv": 1.0,
          "lambda": 0.15
        }
      },
      "sensors": [
        "S3"
      ],
      "sources": [
        {
          "startTime": 0,
          "stopTime": -1,
          "lambda": 0.15
        }
      ]
    },
    "SC4": {
      "resptime": 34.508251515127604,
      "resptime_old": 24.5082515151276,
      "waittime": 19.976486983212688,
      "servicetime": 10.0,
      "networktime": 4.5317645319149165,
      "services": {
        "MS4_1": {
          "meanserv": 0.3362471296446867,
          "stddevserv": 0.3362471296446867,
          "rate": 2.9740030823659453,
          "cv": 1.0,
          "lambda": 0.15
        },
        "MS4_2": {
          "meanserv": 0.005750399866540912,
          "stddevserv": 0.005750399866540912,
          "rate": 173.9009500571547,
          "cv": 1.0,
          "lambda": 0.15
        },
        "MS4_3": {
          "meanserv": 1.6776783503038193,
          "stddevserv": 1.6776783503038193,
          "rate": 0.5960618135287404,
          "cv": 1.0,
          "lambda": 0.15
        },
        "MS4_4": {
          "meanserv": 0.5191269658745261,
          "stddevserv": 0.5191269658745261,
          "rate": 1.926311029355585,
          "cv": 1.0,
          "lambda": 0.15
        },
        "MS4_5": {
          "meanserv": 1.7943865234576748,
          "stddevserv": 1.7943865234576748,
          "rate": 0.5572935300879658,
          "cv": 1.0,
          "lambda": 0.15
        },
        "MS4_6": {
          "meanserv": 1.6276655204180175,
          "stddevserv": 1.6276655204180175,
          "rate": 0.6143768406073871,
          "cv": 1.0,
          "lambda": 0.15
        },
        "MS4_7": {
          "meanserv": 0.7652014823741728,
          "stddevserv": 0.7652014823741728,
          "rate": 1.3068453512365439,
          "cv": 1.0,
          "lambda": 0.15
        },
        "MS4_8": {
          "meanserv": 1.7829823844686272,
          "stddevserv": 1.7829823844686272,
          "rate": 0.5608580369110179,
          "cv": 1.0,
          "lambda": 0.15
        },
        "MS4_9": {
          "meanserv": 1.3007795271723577,
          "stddevserv": 1.3007795271723577,
          "rate": 0.7687697869705914,
          "cv": 1.0,
          "lambda": 0.15
        },
        "MS4_10": {
          "meanserv": 0.19018171641957693,
          "stddevserv": 0.19018171641957693,
          "rate": 5.258129008541548,
          "cv": 1.0,
          "lambda": 0.15
        }
      },
      "sensors": [
        "S4"
      ],
      "sources": [
        {
          "startTime": 0,
          "stopTime": -1,
          "lambda": 0.15
        }
      ]
    }
  },
  "microservice": {
    "MS1_1": "F8",
    "MS1_2": "F9",
    "MS1_3": "F9",
    "MS1_4": "F10",
    "MS1_5": "F1",
    "MS1_6": "F10",
    "MS1_7": "F10",
    "MS1_8": "F4",
    "MS1_9": "F9",
    "MS1_10": "F9",
    "MS2_1": "F9",
    "MS2_2": "F9",
    "MS2_3": "F9",
    "MS2_4": "F2",
    "MS2_5": "F10",
    "MS2_6": "F10",
    "MS2_7": "F10",
    "MS2_8": "F10",
    "MS2_9": "F3",
    "MS2_10": "F7",
    "MS3_1": "F4",
    "MS3_2": "F3",
    "MS3_3": "F1",
    "MS3_4": "F5",
    "MS3_5": "F10",
    "MS3_6": "F9",
    "MS3_7": "F9",
    "MS3_8": "F4",
    "MS3_9": "F4",
    "MS3_10": "F4",
    "MS4_1": "F9",
    "MS4_2": "F9",
    "MS4_3": "F7",
    "MS4_4": "F10",
    "MS4_5": "F8",
    "MS4_6": "F2",
    "MS4_7": "F6",
    "MS4_8": "F6",
    "MS4_9": "F6",
    "MS4_10": "F6"
  },
  "sensor": {
    "S1": "F8",
    "S2": "F9",
    "S3": "F4",
    "S4": "F9"
  },
  "fog": {
    "F1": {
      "rho": 0.6703529000356555,
      "capacity": 1.0,
      "tserv": 2.2345096667855184,
      "stddev": 2.5606782856673447,
      "mu": 0.4475254749909238,
      "cv": 1.1459687660922229,
      "lambda": 0.3,
      "twait": 5.255668896326771
    },
    "F2": {
      "rho": 0.6040117022097997,
      "capacity": 1.0,
      "tserv": 2.0133723406993322,
      "stddev": 2.08595486162001,
      "mu": 0.496679118802564,
      "cv": 1.036050222531351,
      "lambda": 0.3,
      "twait": 3.1837591845184816
    },
    "F3": {
      "rho": 0.6419418402536465,
      "capacity": 1.0,
      "tserv": 2.139806134178822,
      "stddev": 2.162514897286764,
      "mu": 0.46733205594055505,
      "cv": 1.0106125329511015,
      "lambda": 0.3,
      "twait": 3.877264372111863
    },
    "F4": {
      "rho": 0.5764674763729255,
      "capacity": 1.0,
      "tserv": 0.7686233018305674,
      "stddev": 1.0695735828262096,
      "mu": 1.3010274312766497,
      "cv": 1.3915445710257464,
      "lambda": 0.75,
      "twait": 1.5359824798757102
    },
    "F5": {
      "rho": 0.4971567139158785,
      "capacity": 1.0,
      "tserv": 3.3143780927725235,
      "stddev": 3.3143780927725235,
      "mu": 0.30171572826306187,
      "cv": 1.0,
      "lambda": 0.15,
      "twait": 3.2768963350579714
    },
    "F6": {
      "rho": 0.6058717665652102,
      "capacity": 1.0,
      "tserv": 1.0097862776086837,
      "stddev": 1.314043245603146,
      "mu": 0.9903085654601497,
      "cv": 1.3013082815058505,
      "lambda": 0.6,
      "twait": 2.0904703683577526
    },
    "F7": {
      "rho": 0.6397682508205572,
      "capacity": 1.0,
      "tserv": 2.132560836068524,
      "stddev": 2.227476570301971,
      "mu": 0.4689197996543662,
      "cv": 1.0445078670807952,
      "lambda": 0.3,
      "twait": 3.9597290962437692
    },
    "F8": {
      "rho": 0.5530083551995683,
      "capacity": 1.0,
      "tserv": 1.8433611839985606,
      "stddev": 1.8446618902722434,
      "mu": 0.5424872828399433,
      "cv": 1.000705616612183,
      "lambda": 0.3,
      "twait": 2.282176196089194
    },
    "F9": {
      "rho": 0.5942365069455748,
      "capacity": 1.0,
      "tserv": 0.3601433375427727,
      "stddev": 0.43242036704762643,
      "mu": 2.776672218408689,
      "cv": 1.2006896198552324,
      "lambda": 1.6499999999999997,
      "twait": 0.6438966228821088
    },
    "F10": {
      "rho": 0.6171844876811836,
      "capacity": 1.0,
      "tserv": 0.4571736945786546,
      "stddev": 0.5496033527096027,
      "mu": 2.187352448004759,
      "cv": 1.2021762389809723,
      "lambda": 1.3499999999999999,
      "twait": 0.9011477871660121
    }
  },
  "extra": {
    "conv_gen": 456,
    "max_gen": 600,
    "population": 600,
    "deltatime": 62.0815737,
    "obj_func": 33.15830909672543
  },
  "network": [
    [
      0.0,
      1.2392617263830394,
      0.8886324163709499,
      1.147438353453779,
      0.9780471328708954,
      1.070973404354009,
      0.5423284143762627,
      1.1326142298737139,
      1.0925934541866362,
      1.0925934541866362
    ],
    [
      1.2392617263830394,
      0.0,
      0.9133181827079749,
      0.8117352225197828,
      0.9007941381741167,
      1.0900963003518773,
      0.8462369234778713,
      1.0925934541866362,
      1.136834898325347,
      1.136834898325347
    ],
    [
      0.8886324163709499,
      0.9133181827079749,
      0.0,
      0.8984123762902737,
      0.5131049900788817,
      1.106776718780405,
      1.1326142298737139,
      1.136834898325347,
      1.2894188157106572,
      1.2894188157106572
    ],
    [
      1.147438353453779,
      0.8117352225197828,
      0.8984123762902737,
      0.0,
      1.1322578395092548,
      0.5423284143762627,
      1.0925934541866362,
      1.2894188157106572,
      0.8151534941545165,
      0.8151534941545165
    ],
    [
      0.9780471328708954,
      0.9007941381741167,
      0.5131049900788817,
      1.1322578395092548,
      0.0,
      0.8462369234778713,
      1.136834898325347,
      0.8151534941545165,
      0.9307220686902894,
      0.9307220686902894
    ],
    [
      1.070973404354009,
      1.0900963003518773,
      1.106776718780405,
      0.5423284143762627,
      0.8462369234778713,
      0.0,
      1.2894188157106572,
      0.9307220686902894,
      1.2760819189856798,
      1.2760819189856798
    ],
    [
      0.5423284143762627,
      0.8462369234778713,
      1.1326142298737139,
      1.0925934541866362,
      1.136834898325347,
      1.2894188157106572,
      0.0,
      1.2760819189856798,
      0.7436790333117688,
      0.7436790333117688
    ],
    [
      1.1326142298737139,
      1.0925934541866362,
      1.136834898325347,
      1.2894188157106572,
      0.8151534941545165,
      0.9307220686902894,
      1.2760819189856798,
      0.0,
      0.8617167107528654,
      0.8617167107528654
    ],
    [
      1.0925934541866362,
      1.136834898325347,
      1.2894188157106572,
      0.8151534941545165,
      0.9307220686902894,
      1.2760819189856798,
      0.7436790333117688,
      0.8617167107528654,
      0.0,
      1.2942561411473297
    ],
    [
      1.0925934541866362,
      1.136834898325347,
      1.2894188157106572,
      0.8151534941545165,
      0.9307220686902894,
      1.2760819189856798,
      0.7436790333117688,
      0.8617167107528654,
      1.2942561411473297,
      0.0
    ]
  ]
}