{
  "servicechain": {
    "SC1": {
      "resptime": 39.33566851428567,
      "resptime_old": 29.335668514285672,
      "waittime": 23.126399729780406,
      "servicetime": 10.0,
      "networktime": 6.209268784505268,
      "services": {
        "MS1_1": {
          "meanserv": 0.23400023924586177,
          "stddevserv": 0.23400023924586177,
          "rate": 4.27349990420014,
          "cv": 1.0,
          "lambda": 0.15
        },
        "MS1_2": {
          "meanserv": 0.13961676996569028,
          "stddevserv": 0.13961676996569028,
          "rate": 7.162463364864709,
          "cv": 1.0,
          "lambda": 0.15
        },
        "MS1_3": {
          "meanserv": 0.6817781734610495,
          "stddevserv": 0.6817781734610495,
          "rate": 1.466752734138578,
          "cv": 1.0,
          "lambda": 0.15
        },
        "MS1_4": {
          "meanserv": 1.3781410477035283,
          "stddevserv": 1.3781410477035283,
          "rate": 0.72561513327417,
          "cv": 1.0,
          "lambda": 0.15
        },
        "MS1_5": {
          "meanserv": 2.874679718557122,
          "stddevserv": 2.874679718557122,
          "rate": 0.34786483987924977,
          "cv": 1.0,
          "lambda": 0.15
        },
        "MS1_6": {
          "meanserv": 4.465937382664207,
          "stddevserv": 4.465937382664207,
          "rate": 0.22391715653734454,
          "cv": 1.0,
          "lambda": 0.15
        },
        "MS1_7": {
          "meanserv": 0.22584666840254108,
          "stddevserv": 0.22584666840254108,
          "rate": 4.4277828274962,
          "cv": 1.0,
          "lambda": 0.15
        }
      },
      "sensors": [
        "S1"
      ],
      "sources": [
        {
          "startTime": 0,
          "stopTime": -1,
          "lambda": 0.15
        }
      ]
    },
    "SC2": {
      "resptime": 32.18772484521928,
      "resptime_old": 22.187724845219275,
      "waittime": 16.30922551813771,
      "servicetime": 10.0,
      "networktime": 5.8784993270815695,
      "services": {
        "MS2_1": {
          "meanserv": 1.6896481852471035,
          "stddevserv": 1.6896481852471035,
          "rate": 0.5918391821039091,
          "cv": 1.0,
          "lambda": 0.15
        },
        "MS2_2": {
          "meanserv": 0.04254235102467585,
          "stddevserv": 0.04254235102467585,
          "rate": 23.505988172115117,
          "cv": 1.0,
          "lambda": 0.15
        },
        "MS2_3": {
          "meanserv": 3.319561280302076,
          "stddevserv": 3.319561280302076,
          "rate": 0.30124462709391564,
          "cv": 1.0,
          "lambda": 0.15
        },
        "MS2_4": {
          "meanserv": 1.1373734491606413,
          "stddevserv": 1.1373734491606413,
          "rate": 0.8792186952649368,
          "cv": 1.0,
          "lambda": 0.15
        },
        "MS2_5": {
          "meanserv": 0.9218674498253643,
          "stddevserv": 0.9218674498253643,
          "rate": 1.0847546468740565,
          "cv": 1.0,
          "lambda": 0.15
        },
        "MS2_6": {
          "meanserv": 0.3422336129284833,
          "stddevserv": 0.3422336129284833,
          "rate": 2.9219806653210605,
          "cv": 1.0,
          "lambda": 0.15
        },
        "MS2_7": {
          "meanserv": 2.546773671511656,
          "stddevserv": 2.546773671511656,
          "rate": 0.39265365870004565,
          "cv": 1.0,
          "lambda": 0.15
        }
      },
      "sensors": [
        "S2"
      ],
      "sources": [
        {
          "startTime": 0,
          "stopTime": -1,
          "lambda": 0.15
        }
      ]
    },
    "SC3": {
      "resptime": 35.71773943099295,
      "resptime_old": 25.717739430992953,
      "waittime": 19.253963246143623,
      "servicetime": 10.0,
      "networktime": 6.463776184849328,
      "services": {
        "MS3_1": {
          "meanserv": 3.3967889577773125,
          "stddevserv": 3.3967889577773125,
          "rate": 0.29439568145980716,
          "cv": 1.0,
          "lambda": 0.15
        },
        "MS3_2": {
          "meanserv": 1.4478778803968808,
          "stddevserv": 1.4478778803968808,
          "rate": 0.6906659833258092,
          "cv": 1.0,
          "lambda": 0.15
        },
        "MS3_3": {
          "meanserv": 1.4863133561146444,
          "stddevserv": 1.4863133561146444,
          "rate": 0.6728056340784618,
          "cv": 1.0,
          "lambda": 0.15
        },
        "MS3_4": {
          "meanserv": 0.10747341685837597,
          "stddevserv": 0.10747341685837597,
          "rate": 9.304626476310498,
          "cv": 1.0,
          "lambda": 0.15
        },
        "MS3_5": {
          "meanserv": 0.7256752160884314,
          "stddevserv": 0.7256752160884314,
          "rate": 1.3780269434999404,
          "cv": 1.0,
          "lambda": 0.15
        },
        "MS3_6": {
          "meanserv": 0.04726907959700277,
          "stddevserv": 0.04726907959700277,
          "rate": 21.155478560733552,
          "cv": 1.0,
          "lambda": 0.15
        },
        "MS3_7": {
          "meanserv": 2.788602093167352,
          "stddevserv": 2.788602093167352,
          "rate": 0.35860261399437565,
          "cv": 1.0,
          "lambda": 0.15
        }
      },
      "sensors": [
        "S3"
      ],
      "sources": [
        {
          "startTime": 0,
          "stopTime": -1,
          "lambda": 0.15
        }
      ]
    },
    "SC4": {
      "resptime": 36.590006118636474,
      "resptime_old": 26.590006118636477,
      "waittime": 19.706075070643138,
      "servicetime": 10.0,
      "networktime": 6.883931047993336,
      "services": {
        "MS4_1": {
          "meanserv": 2.4694413842749974,
          "stddevserv": 2.4694413842749974,
          "rate": 0.4049498831467869,
          "cv": 1.0,
          "lambda": 0.15
        },
        "MS4_2": {
          "meanserv": 0.9098257387315192,
          "stddevserv": 0.9098257387315192,
          "rate": 1.0991115742605853,
          "cv": 1.0,
          "lambda": 0.15
        },
        "MS4_3": {
          "meanserv": 1.7367511021630921,
          "stddevserv": 1.7367511021630921,
          "rate": 0.5757877445734844,
          "cv": 1.0,
          "lambda": 0.15
        },
        "MS4_4": {
          "meanserv": 2.6731718550066903,
          "stddevserv": 2.6731718550066903,
          "rate": 0.3740874340447136,
          "cv": 1.0,
          "lambda": 0.15
        },
        "MS4_5": {
          "meanserv": 0.7812942901057518,
          "stddevserv": 0.7812942901057518,
          "rate": 1.2799274392043047,
          "cv": 1.0,
          "lambda": 0.15
        },
        "MS4_6": {
          "meanserv": 0.08338783133222805,
          "stddevserv": 0.08338783133222805,
          "rate": 11.992157417020104,
          "cv": 1.0,
          "lambda": 0.15
        },
        "MS4_7": {
          "meanserv": 1.3461277983857212,
          "stddevserv": 1.3461277983857212,
          "rate": 0.7428715172505922,
          "cv": 1.0,
          "lambda": 0.15
        }
      },
      "sensors": [
        "S4"
      ],
      "sources": [
        {
          "startTime": 0,
          "stopTime": -1,
          "lambda": 0.15
        }
      ]
    }
  },
  "microservice": {
    "MS1_1": "F10",
    "MS1_2": "F10",
    "MS1_3": "F10",
    "MS1_4": "F4",
    "MS1_5": "F7",
    "MS1_6": "F2",
    "MS1_7": "F1",
    "MS2_1": "F8",
    "MS2_2": "F1",
    "MS2_3": "F9",
    "MS2_4": "F1",
    "MS2_5": "F1",
    "MS2_6": "F1",
    "MS2_7": "F5",
    "MS3_1": "F6",
    "MS3_2": "F8",
    "MS3_3": "F8",
    "MS3_4": "F1",
    "MS3_5": "F7",
    "MS3_6": "F1",
    "MS3_7": "F4",
    "MS4_1": "F10",
    "MS4_2": "F9",
    "MS4_3": "F5",
    "MS4_4": "F3",
    "MS4_5": "F1",
    "MS4_6": "F1",
    "MS4_7": "F3"
  },
  "sensor": {
    "S1": "F10",
    "S2": "F8",
    "S3": "F6",
    "S4": "F10"
  },
  "fog": {
    "F1": {
      "rho": 0.5533932223852597,
      "capacity": 1.0,
      "tserv": 0.40992090547056276,
      "stddev": 0.6973600063454536,
      "mu": 2.4394950017298203,
      "cv": 1.7012062498860099,
      "lambda": 1.3499999999999999,
      "twait": 0.9889765628133176
    },
    "F2": {
      "rho": 0.669890607399631,
      "capacity": 1.0,
      "tserv": 4.465937382664207,
      "stddev": 4.465937382664207,
      "mu": 0.22391715653734454,
      "cv": 1.0,
      "lambda": 0.15,
      "twait": 9.062721549105962
    },
    "F3": {
      "rho": 0.6028949480088617,
      "capacity": 1.0,
      "tserv": 2.0096498266962057,
      "stddev": 2.2179304294875006,
      "mu": 0.49759912732854816,
      "cv": 1.1036402461884123,
      "lambda": 0.3,
      "twait": 3.3837045528899243
    },
    "F4": {
      "rho": 0.625011471130632,
      "capacity": 1.0,
      "tserv": 2.0833715704354403,
      "stddev": 2.3097916098393125,
      "mu": 0.4799911903333655,
      "cv": 1.1086796242287922,
      "lambda": 0.3,
      "twait": 3.8703481452708615
    },
    "F5": {
      "rho": 0.6425287160512122,
      "capacity": 1.0,
      "tserv": 2.141762386837374,
      "stddev": 2.2170282819798106,
      "mu": 0.4669052020642899,
      "cv": 1.035142037980029,
      "lambda": 0.3,
      "twait": 3.987324696323443
    },
    "F6": {
      "rho": 0.5095183436665969,
      "capacity": 1.0,
      "tserv": 3.3967889577773125,
      "stddev": 3.3967889577773125,
      "mu": 0.29439568145980716,
      "cv": 1.0,
      "lambda": 0.15,
      "twait": 3.528625915370069
    },
    "F7": {
      "rho": 0.540053240196833,
      "capacity": 1.0,
      "tserv": 1.8001774673227766,
      "stddev": 2.3557905445247034,
      "mu": 0.5555007870902859,
      "cv": 1.3086435017033262,
      "lambda": 0.3,
      "twait": 2.866762668560966
    },
    "F8": {
      "rho": 0.6935759132637943,
      "capacity": 1.0,
      "tserv": 1.5412798072528764,
      "stddev": 1.5485635435564096,
      "mu": 0.6488114586944244,
      "cv": 1.0047257715758409,
      "lambda": 0.44999999999999996,
      "twait": 3.5051366956575474
    },
    "F9": {
      "rho": 0.6344080528550393,
      "capacity": 1.0,
      "tserv": 2.1146935095167976,
      "stddev": 2.7157579658995097,
      "mu": 0.4728817653715207,
      "cv": 1.2842324212363303,
      "lambda": 0.3,
      "twait": 4.860857874903448
    },
    "F10": {
      "rho": 0.5287254850421399,
      "capacity": 1.0,
      "tserv": 0.8812091417368999,
      "stddev": 1.594388923638035,
      "mu": 1.1348043871049254,
      "cv": 1.809319545295942,
      "lambda": 0.6,
      "twait": 2.112530268009766
    }
  },
  "extra": {
    "conv_gen": 519,
    "max_gen": 600,
    "population": 600,
    "deltatime": 48.101715,
    "obj_func": 35.957784727283595
  },
  "network": [
    [
      0.0,
      1.035398882210911,
      1.4912856649100399,
      1.2434163704234829,
      1.1672872704345723,
      1.232641439681959,
      1.4521865698807614,
      1.076897460424373,
      1.817157298111312,
      1.817157298111312
    ],
    [
      1.035398882210911,
      0.0,
      1.7797585910108347,
      1.6571751970745379,
      1.6955845612816942,
      1.8253944789749212,
      1.8501416476321213,
      1.817157298111312,
      1.3533176262530284,
      1.3533176262530284
    ],
    [
      1.4912856649100399,
      1.7797585910108347,
      0.0,
      1.0543211516092905,
      1.4711551202044633,
      0.9742873358354077,
      1.076897460424373,
      1.3533176262530284,
      1.453607195940085,
      1.453607195940085
    ],
    [
      1.2434163704234829,
      1.6571751970745379,
      1.0543211516092905,
      0.0,
      1.2096498642156934,
      1.4521865698807614,
      1.817157298111312,
      1.453607195940085,
      1.5065709565509235,
      1.5065709565509235
    ],
    [
      1.1672872704345723,
      1.6955845612816942,
      1.4711551202044633,
      1.2096498642156934,
      0.0,
      1.8501416476321213,
      1.3533176262530284,
      1.5065709565509235,
      1.239089214239949,
      1.239089214239949
    ],
    [
      1.232641439681959,
      1.8253944789749212,
      0.9742873358354077,
      1.4521865698807614,
      1.8501416476321213,
      0.0,
      1.453607195940085,
      1.239089214239949,
      1.2462682597817551,
      1.2462682597817551
    ],
    [
      1.4521865698807614,
      1.8501416476321213,
      1.076897460424373,
      1.817157298111312,
      1.3533176262530284,
      1.453607195940085,
      0.0,
      1.2462682597817551,
      1.2415258934109754,
      1.2415258934109754
    ],
    [
      1.076897460424373,
      1.817157298111312,
      1.3533176262530284,
      1.453607195940085,
      1.5065709565509235,
      1.239089214239949,
      1.2462682597817551,
      0.0,
      1.6433957755348871,
      1.6433957755348871
    ],
    [
      1.817157298111312,
      1.3533176262530284,
      1.453607195940085,
      1.5065709565509235,
      1.239089214239949,
      1.2462682597817551,
      1.2415258934109754,
      1.6433957755348871,
      0.0,
      1.1911153837288444
    ],
    [
      1.817157298111312,
      1.3533176262530284,
      1.453607195940085,
      1.5065709565509235,
      1.239089214239949,
      1.2462682597817551,
      1.2415258934109754,
      1.6433957755348871,
      1.1911153837288444,
      0.0
    ]
  ]
}