{
  "servicechain": {
    "SC1": {
      "resptime": 15.519405328673376,
      "resptime_old": 5.5194053286733755,
      "waittime": 3.69285211248412,
      "servicetime": 10.0,
      "networktime": 1.826553216189256,
      "services": {
        "MS1_1": {
          "meanserv": 1.710683030079967,
          "stddevserv": 1.710683030079967,
          "rate": 0.5845618284722532,
          "cv": 1.0,
          "lambda": 0.05
        },
        "MS1_2": {
          "meanserv": 2.8363754726023305,
          "stddevserv": 2.8363754726023305,
          "rate": 0.35256263130865234,
          "cv": 1.0,
          "lambda": 0.05
        },
        "MS1_3": {
          "meanserv": 1.247969965940766,
          "stddevserv": 1.247969965940766,
          "rate": 0.8013013352017354,
          "cv": 1.0,
          "lambda": 0.05
        },
        "MS1_4": {
          "meanserv": 2.660545618757621,
          "stddevserv": 2.660545618757621,
          "rate": 0.37586275271873143,
          "cv": 1.0,
          "lambda": 0.05
        },
        "MS1_5": {
          "meanserv": 1.5444259126193156,
          "stddevserv": 1.5444259126193156,
          "rate": 0.6474897836335962,
          "cv": 1.0,
          "lambda": 0.05
        }
      },
      "sensors": [
        "S1"
      ],
      "sources": [
        {
          "startTime": 0,
          "stopTime": -1,
          "lambda": 0.05
        }
      ]
    },
    "SC2": {
      "resptime": 17.142975083368007,
      "resptime_old": 7.14297508336801,
      "waittime": 3.1846173658835726,
      "servicetime": 10.0,
      "networktime": 3.9583577174844375,
      "services": {
        "MS2_1": {
          "meanserv": 0.8900932907401904,
          "stddevserv": 0.8900932907401904,
          "rate": 1.1234777414942794,
          "cv": 1.0,
          "lambda": 0.05
        },
        "MS2_2": {
          "meanserv": 5.71034520974015,
          "stddevserv": 5.71034520974015,
          "rate": 0.17512076122723677,
          "cv": 1.0,
          "lambda": 0.05
        },
        "MS2_3": {
          "meanserv": 0.6960826915527392,
          "stddevserv": 0.6960826915527392,
          "rate": 1.4366109258791049,
          "cv": 1.0,
          "lambda": 0.05
        },
        "MS2_4": {
          "meanserv": 0.8155822769843901,
          "stddevserv": 0.8155822769843901,
          "rate": 1.2261178647695645,
          "cv": 1.0,
          "lambda": 0.05
        },
        "MS2_5": {
          "meanserv": 1.8878965309825304,
          "stddevserv": 1.8878965309825304,
          "rate": 0.5296900458202354,
          "cv": 1.0,
          "lambda": 0.05
        }
      },
      "sensors": [
        "S2"
      ],
      "sources": [
        {
          "startTime": 0,
          "stopTime": -1,
          "lambda": 0.05
        }
      ]
    },
    "SC3": {
      "resptime": 15.767569098650176,
      "resptime_old": 5.767569098650176,
      "waittime": 2.1228672791008867,
      "servicetime": 10.0,
      "networktime": 3.6447018195492884,
      "services": {
        "MS3_1": {
          "meanserv": 1.4647135423696533,
          "stddevserv": 1.4647135423696533,
          "rate": 0.6827273532148633,
          "cv": 1.0,
          "lambda": 0.05
        },
        "MS3_2": {
          "meanserv": 1.4302258748951089,
          "stddevserv": 1.4302258748951089,
          "rate": 0.6991902590724272,
          "cv": 1.0,
          "lambda": 0.05
        },
        "MS3_3": {
          "meanserv": 0.4363187774443613,
          "stddevserv": 0.4363187774443613,
          "rate": 2.291902278094182,
          "cv": 1.0,
          "lambda": 0.05
        },
        "MS3_4": {
          "meanserv": 3.312348957105611,
          "stddevserv": 3.312348957105611,
          "rate": 0.3019005584706926,
          "cv": 1.0,
          "lambda": 0.05
        },
        "MS3_5": {
          "meanserv": 3.3563928481852656,
          "stddevserv": 3.3563928481852656,
          "rate": 0.2979389020390387,
          "cv": 1.0,
          "lambda": 0.05
        }
      },
      "sensors": [
        "S3"
      ],
      "sources": [
        {
          "startTime": 0,
          "stopTime": -1,
          "lambda": 0.05
        }
      ]
    },
    "SC4": {
      "resptime": 17.590515426358127,
      "resptime_old": 7.590515426358129,
      "waittime": 3.7166802634248395,
      "servicetime": 10.0,
      "networktime": 3.8738351629332892,
      "services": {
        "MS4_1": {
          "meanserv": 0.39796704972206776,
          "stddevserv": 0.39796704972206776,
          "rate": 2.5127708454717044,
          "cv": 1.0,
          "lambda": 0.05
        },
        "MS4_2": {
          "meanserv": 6.2192870349323695,
          "stddevserv": 6.2192870349323695,
          "rate": 0.16079013468637476,
          "cv": 1.0,
          "lambda": 0.05
        },
        "MS4_3": {
          "meanserv": 1.9189556913993702,
          "stddevserv": 1.9189556913993702,
          "rate": 0.5211167743382156,
          "cv": 1.0,
          "lambda": 0.05
        },
        "MS4_4": {
          "meanserv": 0.781055610050716,
          "stddevserv": 0.781055610050716,
          "rate": 1.280318567758661,
          "cv": 1.0,
          "lambda": 0.05
        },
        "MS4_5": {
          "meanserv": 0.6827346138954766,
          "stddevserv": 0.6827346138954766,
          "rate": 1.4646979655745054,
          "cv": 1.0,
          "lambda": 0.05
        }
      },
      "sensors": [
        "S4"
      ],
      "sources": [
        {
          "startTime": 0,
          "stopTime": -1,
          "lambda": 0.05
        }
      ]
    }
  },
  "microservice": {
    "MS1_1": "F4",
    "MS1_2": "F4",
    "MS1_3": "F6",
    "MS1_4": "F6",
    "MS1_5": "F6",
    "MS2_1": "F10",
    "MS2_2": "F2",
    "MS2_3": "F8",
    "MS2_4": "F8",
    "MS2_5": "F8",
    "MS3_1": "F9",
    "MS3_2": "F9",
    "MS3_3": "F9",
    "MS3_4": "F5",
    "MS3_5": "F3",
    "MS4_1": "F10",
    "MS4_2": "F1",
    "MS4_3": "F7",
    "MS4_4": "F7",
    "MS4_5": "F7"
  },
  "sensor": {
    "S1": "F4",
    "S2": "F10",
    "S3": "F9",
    "S4": "F10"
  },
  "fog": {
    "F1": {
      "rho": 0.3109643517466185,
      "capacity": 1.0,
      "tserv": 6.21928703493237,
      "stddev": 6.219287034932369,
      "mu": 0.16079013468637474,
      "cv": 0.9999999999999997,
      "lambda": 0.05,
      "twait": 2.806787378920496
    },
    "F2": {
      "rho": 0.28551726048700743,
      "capacity": 1.0,
      "tserv": 5.710345209740149,
      "stddev": 5.710345209740151,
      "mu": 0.1751207612272368,
      "cv": 1.0000000000000002,
      "lambda": 0.05,
      "twait": 2.2819335311465077
    },
    "F3": {
      "rho": 0.16781964240926328,
      "capacity": 1.0,
      "tserv": 3.3563928481852656,
      "stddev": 3.3563928481852656,
      "mu": 0.2979389020390387,
      "cv": 1.0,
      "lambda": 0.05,
      "twait": 0.6768588592960679
    },
    "F4": {
      "rho": 0.22735292513411487,
      "capacity": 1.0,
      "tserv": 2.2735292513411487,
      "stddev": 2.408843497257517,
      "mu": 0.4398447917087949,
      "cv": 1.0595172663103176,
      "lambda": 0.1,
      "twait": 0.7099918324862667
    },
    "F5": {
      "rho": 0.16561744785528054,
      "capacity": 1.0,
      "tserv": 3.312348957105611,
      "stddev": 3.312348957105611,
      "mu": 0.3019005584706926,
      "cv": 1.0,
      "lambda": 0.05,
      "twait": 0.657471539010301
    },
    "F6": {
      "rho": 0.27264707486588513,
      "capacity": 1.0,
      "tserv": 1.8176471657725672,
      "stddev": 2.010874038171628,
      "mu": 0.5501617799266135,
      "cv": 1.10630604004872,
      "lambda": 0.15000000000000002,
      "twait": 0.7576228158371955
    },
    "F7": {
      "rho": 0.16913729576727815,
      "capacity": 1.0,
      "tserv": 1.127581971781854,
      "stddev": 1.378744286159343,
      "mu": 0.8868534838489449,
      "cv": 1.2227441735172402,
      "lambda": 0.15000000000000002,
      "twait": 0.2863629177428981
    },
    "F8": {
      "rho": 0.169978074975983,
      "capacity": 1.0,
      "tserv": 1.1331871665065532,
      "stddev": 1.3632532521395266,
      "mu": 0.8824667535574469,
      "cv": 1.2030256716921996,
      "lambda": 0.15000000000000002,
      "twait": 0.2839599011538052
    },
    "F9": {
      "rho": 0.16656290973545618,
      "capacity": 1.0,
      "tserv": 1.1104193982363744,
      "stddev": 1.2991687162699161,
      "mu": 0.900560636448041,
      "cv": 1.16998020597742,
      "lambda": 0.15000000000000002,
      "twait": 0.26284562693150587
    },
    "F10": {
      "rho": 0.06440301702311291,
      "capacity": 1.0,
      "tserv": 0.6440301702311291,
      "stddev": 0.7320307225227988,
      "mu": 1.552722288834886,
      "cv": 1.1366404189730555,
      "lambda": 0.1,
      "twait": 0.05080413127564951
    }
  },
  "extra": {
    "deltatime": 0.0142008,
    "obj_func": 16.505116234262424
  },
  "network": [
    [
      0.0,
      2.41667813034834,
      1.5181046632342676,
      2.281246064853577,
      2.383980000004968,
      1.6615637419029203,
      1.826553216189256,
      2.5931582190301325,
      2.0472819467440333,
      2.0472819467440333
    ],
    [
      2.41667813034834,
      0.0,
      1.823345342939616,
      1.9959261785096445,
      2.5438017961582795,
      2.0076543032888647,
      1.8722772303306496,
      2.0472819467440333,
      1.911075770740404,
      1.911075770740404
    ],
    [
      1.5181046632342676,
      1.823345342939616,
      0.0,
      1.8157653107188076,
      1.5856179120355607,
      2.2223635180417194,
      2.5931582190301325,
      1.911075770740404,
      1.7704641055655217,
      1.7704641055655217
    ],
    [
      2.281246064853577,
      1.9959261785096445,
      1.8157653107188076,
      0.0,
      2.207288515309913,
      1.826553216189256,
      2.0472819467440333,
      1.7704641055655217,
      1.6484532987312026,
      1.6484532987312026
    ],
    [
      2.383980000004968,
      2.5438017961582795,
      1.5856179120355607,
      2.207288515309913,
      0.0,
      1.8722772303306496,
      1.911075770740404,
      1.6484532987312026,
      2.059083907513728,
      2.059083907513728
    ],
    [
      1.6615637419029203,
      2.0076543032888647,
      2.2223635180417194,
      1.826553216189256,
      1.8722772303306496,
      0.0,
      1.7704641055655217,
      2.059083907513728,
      2.2576804784667783,
      2.2576804784667783
    ],
    [
      1.826553216189256,
      1.8722772303306496,
      2.5931582190301325,
      2.0472819467440333,
      1.911075770740404,
      1.7704641055655217,
      0.0,
      2.2576804784667783,
      1.4614454840269875,
      1.4614454840269875
    ],
    [
      2.5931582190301325,
      2.0472819467440333,
      1.911075770740404,
      1.7704641055655217,
      1.6484532987312026,
      2.059083907513728,
      2.2576804784667783,
      0.0,
      2.1120587441543455,
      2.1120587441543455
    ],
    [
      2.0472819467440333,
      1.911075770740404,
      1.7704641055655217,
      1.6484532987312026,
      2.059083907513728,
      2.2576804784667783,
      1.4614454840269875,
      2.1120587441543455,
      0.0,
      2.0873962495776515
    ],
    [
      2.0472819467440333,
      1.911075770740404,
      1.7704641055655217,
      1.6484532987312026,
      2.059083907513728,
      2.2576804784667783,
      1.4614454840269875,
      2.1120587441543455,
      2.0873962495776515,
      0.0
    ]
  ]
}