{
  "servicechain": {
    "SC1": {
      "resptime": 45.64078037367961,
      "resptime_old": 35.640780373679604,
      "waittime": 30.767334357082245,
      "servicetime": 10.0,
      "networktime": 4.873446016597361,
      "services": {
        "MS1_1": {
          "meanserv": 0.16005683853232755,
          "stddevserv": 0.16005683853232755,
          "rate": 6.24778053327615,
          "cv": 1.0,
          "lambda": 0.15
        },
        "MS1_2": {
          "meanserv": 0.19055123522018214,
          "stddevserv": 0.19055123522018214,
          "rate": 5.247932393849345,
          "cv": 1.0,
          "lambda": 0.15
        },
        "MS1_3": {
          "meanserv": 0.32465724303341714,
          "stddevserv": 0.32465724303341714,
          "rate": 3.080171539241062,
          "cv": 1.0,
          "lambda": 0.15
        },
        "MS1_4": {
          "meanserv": 0.056745371675204215,
          "stddevserv": 0.056745371675204215,
          "rate": 17.62258260856481,
          "cv": 1.0,
          "lambda": 0.15
        },
        "MS1_5": {
          "meanserv": 0.07321764521109775,
          "stddevserv": 0.07321764521109775,
          "rate": 13.657909881106473,
          "cv": 1.0,
          "lambda": 0.15
        },
        "MS1_6": {
          "meanserv": 0.6740872276071141,
          "stddevserv": 0.6740872276071141,
          "rate": 1.4834875355075579,
          "cv": 1.0,
          "lambda": 0.15
        },
        "MS1_7": {
          "meanserv": 0.2529235394948215,
          "stddevserv": 0.2529235394948215,
          "rate": 3.9537640584872276,
          "cv": 1.0,
          "lambda": 0.15
        },
        "MS1_8": {
          "meanserv": 3.8336276913503666,
          "stddevserv": 3.8336276913503666,
          "rate": 0.26084953482996087,
          "cv": 1.0,
          "lambda": 0.15
        },
        "MS1_9": {
          "meanserv": 0.4252750855106342,
          "stddevserv": 0.4252750855106342,
          "rate": 2.3514191968224165,
          "cv": 1.0,
          "lambda": 0.15
        },
        "MS1_10": {
          "meanserv": 0.36657745863791824,
          "stddevserv": 0.36657745863791824,
          "rate": 2.727936419537831,
          "cv": 1.0,
          "lambda": 0.15
        },
        "MS1_11": {
          "meanserv": 0.4268612255695672,
          "stddevserv": 0.4268612255695672,
          "rate": 2.342681743148925,
          "cv": 1.0,
          "lambda": 0.15
        },
        "MS1_12": {
          "meanserv": 0.5026861380545391,
          "stddevserv": 0.5026861380545391,
          "rate": 1.9893128620377925,
          "cv": 1.0,
          "lambda": 0.15
        },
        "MS1_13": {
          "meanserv": 2.0201380647879805,
          "stddevserv": 2.0201380647879805,
          "rate": 0.4950156711714419,
          "cv": 1.0,
          "lambda": 0.15
        },
        "MS1_14": {
          "meanserv": 0.13908942396213497,
          "stddevserv": 0.13908942396213497,
          "rate": 7.189619250074938,
          "cv": 1.0,
          "lambda": 0.15
        },
        "MS1_15": {
          "meanserv": 0.5535058113526947,
          "stddevserv": 0.5535058113526947,
          "rate": 1.8066657648203055,
          "cv": 1.0,
          "lambda": 0.15
        }
      },
      "sensors": [
        "S1"
      ],
      "sources": [
        {
          "startTime": 0,
          "stopTime": -1,
          "lambda": 0.15
        }
      ]
    },
    "SC2": {
      "resptime": 40.89196021402691,
      "resptime_old": 30.891960214026906,
      "waittime": 26.93032536761451,
      "servicetime": 10.0,
      "networktime": 3.9616348464123936,
      "services": {
        "MS2_1": {
          "meanserv": 0.8820792723877846,
          "stddevserv": 0.8820792723877846,
          "rate": 1.1336849547467593,
          "cv": 1.0,
          "lambda": 0.15
        },
        "MS2_2": {
          "meanserv": 0.7899842677779689,
          "stddevserv": 0.7899842677779689,
          "rate": 1.2658479931666913,
          "cv": 1.0,
          "lambda": 0.15
        },
        "MS2_3": {
          "meanserv": 0.9831640525496734,
          "stddevserv": 0.9831640525496734,
          "rate": 1.017124250430704,
          "cv": 1.0,
          "lambda": 0.15
        },
        "MS2_4": {
          "meanserv": 0.24286802636867666,
          "stddevserv": 0.24286802636867666,
          "rate": 4.117462536966425,
          "cv": 1.0,
          "lambda": 0.15
        },
        "MS2_5": {
          "meanserv": 0.3132021615210441,
          "stddevserv": 0.3132021615210441,
          "rate": 3.192825985438833,
          "cv": 1.0,
          "lambda": 0.15
        },
        "MS2_6": {
          "meanserv": 0.19081046867049078,
          "stddevserv": 0.19081046867049078,
          "rate": 5.240802598346387,
          "cv": 1.0,
          "lambda": 0.15
        },
        "MS2_7": {
          "meanserv": 0.5580486699499252,
          "stddevserv": 0.5580486699499252,
          "rate": 1.7919583969078037,
          "cv": 1.0,
          "lambda": 0.15
        },
        "MS2_8": {
          "meanserv": 0.06676885409667044,
          "stddevserv": 0.06676885409667044,
          "rate": 14.97704301697559,
          "cv": 1.0,
          "lambda": 0.15
        },
        "MS2_9": {
          "meanserv": 1.9271449948349142,
          "stddevserv": 1.9271449948349142,
          "rate": 0.5189023154356185,
          "cv": 1.0,
          "lambda": 0.15
        },
        "MS2_10": {
          "meanserv": 0.4576120237214969,
          "stddevserv": 0.4576120237214969,
          "rate": 2.185257266335731,
          "cv": 1.0,
          "lambda": 0.15
        },
        "MS2_11": {
          "meanserv": 0.43937300489425635,
          "stddevserv": 0.43937300489425635,
          "rate": 2.2759705053811157,
          "cv": 1.0,
          "lambda": 0.15
        },
        "MS2_12": {
          "meanserv": 0.17360442521916042,
          "stddevserv": 0.17360442521916042,
          "rate": 5.760221830391635,
          "cv": 1.0,
          "lambda": 0.15
        },
        "MS2_13": {
          "meanserv": 2.37635630437856,
          "stddevserv": 2.37635630437856,
          "rate": 0.42081231596349755,
          "cv": 1.0,
          "lambda": 0.15
        },
        "MS2_14": {
          "meanserv": 0.36038913789041516,
          "stddevserv": 0.36038913789041516,
          "rate": 2.7747784127280597,
          "cv": 1.0,
          "lambda": 0.15
        },
        "MS2_15": {
          "meanserv": 0.23859433573896283,
          "stddevserv": 0.23859433573896283,
          "rate": 4.191214334166184,
          "cv": 1.0,
          "lambda": 0.15
        }
      },
      "sensors": [
        "S2"
      ],
      "sources": [
        {
          "startTime": 0,
          "stopTime": -1,
          "lambda": 0.15
        }
      ]
    },
    "SC3": {
      "resptime": 39.81787788135131,
      "resptime_old": 29.81787788135131,
      "waittime": 26.171842492016555,
      "servicetime": 10.0,
      "networktime": 3.6460353893347524,
      "services": {
        "MS3_1": {
          "meanserv": 0.14754123960773913,
          "stddevserv": 0.14754123960773913,
          "rate": 6.777766017546365,
          "cv": 1.0,
          "lambda": 0.15
        },
        "MS3_2": {
          "meanserv": 0.5621526388252418,
          "stddevserv": 0.5621526388252418,
          "rate": 1.7788762889910994,
          "cv": 1.0,
          "lambda": 0.15
        },
        "MS3_3": {
          "meanserv": 2.4046493482833693,
          "stddevserv": 2.4046493482833693,
          "rate": 0.4158610488110792,
          "cv": 1.0,
          "lambda": 0.15
        },
        "MS3_4": {
          "meanserv": 0.06377781818474171,
          "stddevserv": 0.06377781818474171,
          "rate": 15.679432574870386,
          "cv": 1.0,
          "lambda": 0.15
        },
        "MS3_5": {
          "meanserv": 2.5358340476278705,
          "stddevserv": 2.5358340476278705,
          "rate": 0.3943475721273809,
          "cv": 1.0,
          "lambda": 0.15
        },
        "MS3_6": {
          "meanserv": 0.2854769639343253,
          "stddevserv": 0.2854769639343253,
          "rate": 3.502909608601738,
          "cv": 1.0,
          "lambda": 0.15
        },
        "MS3_7": {
          "meanserv": 0.6875903831116297,
          "stddevserv": 0.6875903831116297,
          "rate": 1.4543542559082752,
          "cv": 1.0,
          "lambda": 0.15
        },
        "MS3_8": {
          "meanserv": 1.133434650624987,
          "stddevserv": 1.133434650624987,
          "rate": 0.8822740679831785,
          "cv": 1.0,
          "lambda": 0.15
        },
        "MS3_9": {
          "meanserv": 0.047142644817943946,
          "stddevserv": 0.047142644817943946,
          "rate": 21.212216749013816,
          "cv": 1.0,
          "lambda": 0.15
        },
        "MS3_10": {
          "meanserv": 0.2636667213851078,
          "stddevserv": 0.2636667213851078,
          "rate": 3.7926667223938906,
          "cv": 1.0,
          "lambda": 0.15
        },
        "MS3_11": {
          "meanserv": 0.1697586345066746,
          "stddevserv": 0.1697586345066746,
          "rate": 5.890716562995691,
          "cv": 1.0,
          "lambda": 0.15
        },
        "MS3_12": {
          "meanserv": 0.017943597598007344,
          "stddevserv": 0.017943597598007344,
          "rate": 55.73018423635688,
          "cv": 1.0,
          "lambda": 0.15
        },
        "MS3_13": {
          "meanserv": 0.9029386744711179,
          "stddevserv": 0.9029386744711179,
          "rate": 1.1074949254839863,
          "cv": 1.0,
          "lambda": 0.15
        },
        "MS3_14": {
          "meanserv": 0.744853314734236,
          "stddevserv": 0.744853314734236,
          "rate": 1.342546217112292,
          "cv": 1.0,
          "lambda": 0.15
        },
        "MS3_15": {
          "meanserv": 0.033239322287007766,
          "stddevserv": 0.033239322287007766,
          "rate": 30.084849244681184,
          "cv": 1.0,
          "lambda": 0.15
        }
      },
      "sensors": [
        "S3"
      ],
      "sources": [
        {
          "startTime": 0,
          "stopTime": -1,
          "lambda": 0.15
        }
      ]
    },
    "SC4": {
      "resptime": 38.69017900874971,
      "resptime_old": 28.690179008749713,
      "waittime": 24.914514655094585,
      "servicetime": 10.0,
      "networktime": 3.7756643536551238,
      "services": {
        "MS4_1": {
          "meanserv": 0.6776786199199825,
          "stddevserv": 0.6776786199199825,
          "rate": 1.475625717863249,
          "cv": 1.0,
          "lambda": 0.15
        },
        "MS4_2": {
          "meanserv": 0.5902673459375052,
          "stddevserv": 0.5902673459375052,
          "rate": 1.6941475873304965,
          "cv": 1.0,
          "lambda": 0.15
        },
        "MS4_3": {
          "meanserv": 0.7307077348521462,
          "stddevserv": 0.7307077348521462,
          "rate": 1.3685362181123528,
          "cv": 1.0,
          "lambda": 0.15
        },
        "MS4_4": {
          "meanserv": 0.645574321010467,
          "stddevserv": 0.645574321010467,
          "rate": 1.5490083286379457,
          "cv": 1.0,
          "lambda": 0.15
        },
        "MS4_5": {
          "meanserv": 0.4190611273415601,
          "stddevserv": 0.4190611273415601,
          "rate": 2.38628671273759,
          "cv": 1.0,
          "lambda": 0.15
        },
        "MS4_6": {
          "meanserv": 0.37109500316858757,
          "stddevserv": 0.37109500316858757,
          "rate": 2.694727742118647,
          "cv": 1.0,
          "lambda": 0.15
        },
        "MS4_7": {
          "meanserv": 1.599679938875762,
          "stddevserv": 1.599679938875762,
          "rate": 0.6251250488912109,
          "cv": 1.0,
          "lambda": 0.15
        },
        "MS4_8": {
          "meanserv": 0.36456572625368544,
          "stddevserv": 0.36456572625368544,
          "rate": 2.742989611986025,
          "cv": 1.0,
          "lambda": 0.15
        },
        "MS4_9": {
          "meanserv": 0.7765980674319168,
          "stddevserv": 0.7765980674319168,
          "rate": 1.2876673815411837,
          "cv": 1.0,
          "lambda": 0.15
        },
        "MS4_10": {
          "meanserv": 0.5611688429956141,
          "stddevserv": 0.5611688429956141,
          "rate": 1.7819948710299578,
          "cv": 1.0,
          "lambda": 0.15
        },
        "MS4_11": {
          "meanserv": 0.09392485514578297,
          "stddevserv": 0.09392485514578297,
          "rate": 10.646809073571383,
          "cv": 1.0,
          "lambda": 0.15
        },
        "MS4_12": {
          "meanserv": 0.8405726616715157,
          "stddevserv": 0.8405726616715157,
          "rate": 1.1896651480568687,
          "cv": 1.0,
          "lambda": 0.15
        },
        "MS4_13": {
          "meanserv": 0.04475364743579213,
          "stddevserv": 0.04475364743579213,
          "rate": 22.344547479279665,
          "cv": 1.0,
          "lambda": 0.15
        },
        "MS4_14": {
          "meanserv": 1.1962737470676892,
          "stddevserv": 1.1962737470676892,
          "rate": 0.835929069288032,
          "cv": 1.0,
          "lambda": 0.15
        },
        "MS4_15": {
          "meanserv": 1.088078360891993,
          "stddevserv": 1.088078360891993,
          "rate": 0.919051454327437,
          "cv": 1.0,
          "lambda": 0.15
        }
      },
      "sensors": [
        "S4"
      ],
      "sources": [
        {
          "startTime": 0,
          "stopTime": -1,
          "lambda": 0.15
        }
      ]
    }
  },
  "microservice": {
    "MS1_1": "F7",
    "MS1_2": "F8",
    "MS1_3": "F8",
    "MS1_4": "F6",
    "MS1_5": "F6",
    "MS1_6": "F5",
    "MS1_7": "F5",
    "MS1_8": "F1",
    "MS1_9": "F9",
    "MS1_10": "F2",
    "MS1_11": "F2",
    "MS1_12": "F7",
    "MS1_13": "F5",
    "MS1_14": "F5",
    "MS1_15": "F5",
    "MS2_1": "F9",
    "MS2_2": "F10",
    "MS2_3": "F10",
    "MS2_4": "F10",
    "MS2_5": "F3",
    "MS2_6": "F3",
    "MS2_7": "F4",
    "MS2_8": "F6",
    "MS2_9": "F6",
    "MS2_10": "F6",
    "MS2_11": "F10",
    "MS2_12": "F10",
    "MS2_13": "F4",
    "MS2_14": "F4",
    "MS2_15": "F4",
    "MS3_1": "F3",
    "MS3_2": "F3",
    "MS3_3": "F3",
    "MS3_4": "F2",
    "MS3_5": "F2",
    "MS3_6": "F10",
    "MS3_7": "F9",
    "MS3_8": "F9",
    "MS3_9": "F9",
    "MS3_10": "F8",
    "MS3_11": "F8",
    "MS3_12": "F10",
    "MS3_13": "F10",
    "MS3_14": "F10",
    "MS3_15": "F10",
    "MS4_1": "F8",
    "MS4_2": "F8",
    "MS4_3": "F6",
    "MS4_4": "F6",
    "MS4_5": "F5",
    "MS4_6": "F7",
    "MS4_7": "F7",
    "MS4_8": "F9",
    "MS4_9": "F9",
    "MS4_10": "F7",
    "MS4_11": "F7",
    "MS4_12": "F7",
    "MS4_13": "F7",
    "MS4_14": "F8",
    "MS4_15": "F8"
  },
  "sensor": {
    "S1": "F7",
    "S2": "F9",
    "S3": "F3",
    "S4": "F8"
  },
  "fog": {
    "F1": {
      "rho": 0.575044153702555,
      "capacity": 1.0,
      "tserv": 3.833627691350367,
      "stddev": 3.833627691350366,
      "mu": 0.26084953482996087,
      "cv": 0.9999999999999998,
      "lambda": 0.15,
      "twait": 5.187609984874104
    },
    "F2": {
      "rho": 0.5089575825030147,
      "capacity": 1.0,
      "tserv": 0.8482626375050244,
      "stddev": 1.6297258146546278,
      "mu": 1.1788801672808285,
      "cv": 1.9212514410019323,
      "lambda": 0.6,
      "twait": 2.062279517731925
    },
    "F3": {
      "rho": 0.5427533785361828,
      "capacity": 1.0,
      "tserv": 0.723671171381577,
      "stddev": 1.4064674632762113,
      "mu": 1.3818430794899255,
      "cv": 1.9435173306559836,
      "lambda": 0.75,
      "twait": 2.0518336594270887
    },
    "F4": {
      "rho": 0.5300082671936795,
      "capacity": 1.0,
      "tserv": 0.8833471119894658,
      "stddev": 1.5140493635658752,
      "mu": 1.1320578133184922,
      "cv": 1.7139914117746395,
      "lambda": 0.6,
      "twait": 1.961298921511396
    },
    "F5": {
      "rho": 0.6088207791819459,
      "capacity": 1.0,
      "tserv": 0.6764675324243843,
      "stddev": 1.1147232123258306,
      "mu": 1.478267547322059,
      "cv": 1.6478591490278724,
      "lambda": 0.9,
      "twait": 1.9558740148187026
    },
    "F6": {
      "rho": 0.5936656418102995,
      "capacity": 1.0,
      "tserv": 0.5653958493431424,
      "stddev": 1.037604645484181,
      "mu": 1.7686723402051252,
      "cv": 1.8351826365362156,
      "lambda": 1.05,
      "twait": 1.8040692727238938
    },
    "F7": {
      "rho": 0.6260906888819883,
      "capacity": 1.0,
      "tserv": 0.5217422407349902,
      "stddev": 0.8541716348858508,
      "mu": 1.91665524070138,
      "cv": 1.6371525404624316,
      "lambda": 1.2,
      "twait": 1.6075943302110667
    },
    "F8": {
      "rho": 0.6751397861943826,
      "capacity": 1.0,
      "tserv": 0.5626164884953189,
      "stddev": 0.7740397646580989,
      "mu": 1.7774096928343406,
      "cv": 1.3757857803425169,
      "lambda": 1.2,
      "twait": 1.6912040899166612
    },
    "F9": {
      "rho": 0.6475028745207873,
      "capacity": 1.0,
      "tserv": 0.6166694043055116,
      "stddev": 0.7789422314271944,
      "mu": 1.6216144226032947,
      "cv": 1.2631439568571319,
      "lambda": 1.05,
      "twait": 1.4700598769475257
    },
    "F10": {
      "rho": 0.6920168474751646,
      "capacity": 1.0,
      "tserv": 0.46134456498344306,
      "stddev": 0.6725612691771266,
      "mu": 2.167577285831661,
      "cv": 1.4578285303984533,
      "lambda": 1.4999999999999998,
      "twait": 1.6198389335191081
    }
  },
  "extra": {
    "deltatime": 0.1019925,
    "obj_func": 41.26019936945188
  },
  "network": [
    [
      0.0,
      0.6780182886090993,
      0.7549362431797173,
      0.6612335042505535,
      0.8024175268815905,
      0.6349517046497399,
      0.719091762558041,
      1.0879122901440241,
      0.703380005124466,
      0.703380005124466
    ],
    [
      0.6780182886090993,
      0.0,
      0.47474784980689205,
      0.6717246364124063,
      0.6014346815876955,
      0.6244610016904314,
      0.43513441801357466,
      0.703380005124466,
      0.5770845026065587,
      0.5770845026065587
    ],
    [
      0.7549362431797173,
      0.47474784980689205,
      0.0,
      0.3577928698386239,
      0.9070185056077315,
      0.6103162109148751,
      1.0879122901440241,
      0.5770845026065587,
      0.8149421283831443,
      0.8149421283831443
    ],
    [
      0.6612335042505535,
      0.6717246364124063,
      0.3577928698386239,
      0.0,
      0.5920637512184782,
      0.719091762558041,
      0.703380005124466,
      0.8149421283831443,
      0.6967837974051995,
      0.6967837974051995
    ],
    [
      0.8024175268815905,
      0.6014346815876955,
      0.9070185056077315,
      0.5920637512184782,
      0.0,
      0.43513441801357466,
      0.5770845026065587,
      0.6967837974051995,
      0.7011063109115977,
      0.7011063109115977
    ],
    [
      0.6349517046497399,
      0.6244610016904314,
      0.6103162109148751,
      0.719091762558041,
      0.43513441801357466,
      0.0,
      0.8149421283831443,
      0.7011063109115977,
      0.6421043324394409,
      0.6421043324394409
    ],
    [
      0.719091762558041,
      0.43513441801357466,
      1.0879122901440241,
      0.703380005124466,
      0.5770845026065587,
      0.8149421283831443,
      0.0,
      0.6421043324394409,
      0.7101173948419759,
      0.7101173948419759
    ],
    [
      1.0879122901440241,
      0.703380005124466,
      0.5770845026065587,
      0.8149421283831443,
      0.6967837974051995,
      0.7011063109115977,
      0.6421043324394409,
      0.0,
      0.9316415405666791,
      0.9316415405666791
    ],
    [
      0.703380005124466,
      0.5770845026065587,
      0.8149421283831443,
      0.6967837974051995,
      0.7011063109115977,
      0.6421043324394409,
      0.7101173948419759,
      0.9316415405666791,
      0.0,
      0.7309199557879436
    ],
    [
      0.703380005124466,
      0.5770845026065587,
      0.8149421283831443,
      0.6967837974051995,
      0.7011063109115977,
      0.6421043324394409,
      0.7101173948419759,
      0.9316415405666791,
      0.7309199557879436,
      0.0
    ]
  ]
}