{
  "servicechain": {
    "SC1": {
      "resptime": 16.9864820143676,
      "resptime_old": 6.986482014367597,
      "waittime": 3.892957669640145,
      "servicetime": 10.0,
      "networktime": 3.093524344727453,
      "services": {
        "MS1_1": {
          "meanserv": 1.079947609404256,
          "stddevserv": 1.079947609404256,
          "rate": 0.9259708445964723,
          "cv": 1.0,
          "lambda": 0.05
        },
        "MS1_2": {
          "meanserv": 1.589899373412418,
          "stddevserv": 1.589899373412418,
          "rate": 0.6289706233757985,
          "cv": 1.0,
          "lambda": 0.05
        },
        "MS1_3": {
          "meanserv": 6.225479199919674,
          "stddevserv": 6.225479199919674,
          "rate": 0.1606302049829197,
          "cv": 1.0,
          "lambda": 0.05
        },
        "MS1_4": {
          "meanserv": 0.3601412787384728,
          "stddevserv": 0.3601412787384728,
          "rate": 2.7766880916924257,
          "cv": 1.0,
          "lambda": 0.05
        },
        "MS1_5": {
          "meanserv": 0.7445325385251795,
          "stddevserv": 0.7445325385251795,
          "rate": 1.3431246429885626,
          "cv": 1.0,
          "lambda": 0.05
        }
      },
      "sensors": [
        "S1"
      ],
      "sources": [
        {
          "startTime": 0,
          "stopTime": -1,
          "lambda": 0.05
        }
      ]
    },
    "SC2": {
      "resptime": 15.722467648029172,
      "resptime_old": 5.722467648029172,
      "waittime": 4.1757054756654455,
      "servicetime": 10.0,
      "networktime": 1.5467621723637266,
      "services": {
        "MS2_1": {
          "meanserv": 2.5309541074255417,
          "stddevserv": 2.5309541074255417,
          "rate": 0.3951079148634539,
          "cv": 1.0,
          "lambda": 0.05
        },
        "MS2_2": {
          "meanserv": 0.10186862942324293,
          "stddevserv": 0.10186862942324293,
          "rate": 9.816564782129426,
          "cv": 1.0,
          "lambda": 0.05
        },
        "MS2_3": {
          "meanserv": 0.9296806296966498,
          "stddevserv": 0.9296806296966498,
          "rate": 1.0756382009661696,
          "cv": 1.0,
          "lambda": 0.05
        },
        "MS2_4": {
          "meanserv": 1.5230839366824425,
          "stddevserv": 1.5230839366824425,
          "rate": 0.656562633165303,
          "cv": 1.0,
          "lambda": 0.05
        },
        "MS2_5": {
          "meanserv": 4.914412696772123,
          "stddevserv": 4.914412696772123,
          "rate": 0.20348311419934642,
          "cv": 1.0,
          "lambda": 0.05
        }
      },
      "sensors": [
        "S2"
      ],
      "sources": [
        {
          "startTime": 0,
          "stopTime": -1,
          "lambda": 0.05
        }
      ]
    },
    "SC3": {
      "resptime": 15.124572511955893,
      "resptime_old": 5.1245725119558925,
      "waittime": 2.191373599621371,
      "servicetime": 10.0,
      "networktime": 2.9331989123345217,
      "services": {
        "MS3_1": {
          "meanserv": 1.9716579379143706,
          "stddevserv": 1.9716579379143706,
          "rate": 0.507187367935538,
          "cv": 1.0,
          "lambda": 0.05
        },
        "MS3_2": {
          "meanserv": 0.636359687522412,
          "stddevserv": 0.636359687522412,
          "rate": 1.5714383227092474,
          "cv": 1.0,
          "lambda": 0.05
        },
        "MS3_3": {
          "meanserv": 0.8353987526400095,
          "stddevserv": 0.8353987526400095,
          "rate": 1.197033149546634,
          "cv": 1.0,
          "lambda": 0.05
        },
        "MS3_4": {
          "meanserv": 3.3789104065008093,
          "stddevserv": 3.3789104065008093,
          "rate": 0.2959533931636848,
          "cv": 1.0,
          "lambda": 0.05
        },
        "MS3_5": {
          "meanserv": 3.1776732154223986,
          "stddevserv": 3.1776732154223986,
          "rate": 0.3146956695064294,
          "cv": 1.0,
          "lambda": 0.05
        }
      },
      "sensors": [
        "S3"
      ],
      "sources": [
        {
          "startTime": 0,
          "stopTime": -1,
          "lambda": 0.05
        }
      ]
    },
    "SC4": {
      "resptime": 16.175884927661325,
      "resptime_old": 6.1758849276613255,
      "waittime": 4.629122755297599,
      "servicetime": 10.0,
      "networktime": 1.5467621723637266,
      "services": {
        "MS4_1": {
          "meanserv": 5.17692868472603,
          "stddevserv": 5.17692868472603,
          "rate": 0.19316472389322115,
          "cv": 1.0,
          "lambda": 0.05
        },
        "MS4_2": {
          "meanserv": 0.055626295587775765,
          "stddevserv": 0.055626295587775765,
          "rate": 17.977109376662437,
          "cv": 1.0,
          "lambda": 0.05
        },
        "MS4_3": {
          "meanserv": 2.4429347618529844,
          "stddevserv": 2.4429347618529844,
          "rate": 0.4093437187170289,
          "cv": 1.0,
          "lambda": 0.05
        },
        "MS4_4": {
          "meanserv": 2.1700184801727156,
          "stddevserv": 2.1700184801727156,
          "rate": 0.4608255686008758,
          "cv": 1.0,
          "lambda": 0.05
        },
        "MS4_5": {
          "meanserv": 0.15449177766049438,
          "stddevserv": 0.15449177766049438,
          "rate": 6.472836387432633,
          "cv": 1.0,
          "lambda": 0.05
        }
      },
      "sensors": [
        "S4"
      ],
      "sources": [
        {
          "startTime": 0,
          "stopTime": -1,
          "lambda": 0.05
        }
      ]
    }
  },
  "microservice": {
    "MS1_1": "F7",
    "MS1_2": "F7",
    "MS1_3": "F4",
    "MS1_4": "F7",
    "MS1_5": "F7",
    "MS2_1": "F8",
    "MS2_2": "F8",
    "MS2_3": "F8",
    "MS2_4": "F8",
    "MS2_5": "F2",
    "MS3_1": "F6",
    "MS3_2": "F6",
    "MS3_3": "F6",
    "MS3_4": "F5",
    "MS3_5": "F9",
    "MS4_1": "F10",
    "MS4_2": "F1",
    "MS4_3": "F1",
    "MS4_4": "F1",
    "MS4_5": "F1"
  },
  "sensor": {
    "S1": "F7",
    "S2": "F8",
    "S3": "F6",
    "S4": "F10"
  },
  "fog": {
    "F1": {
      "rho": 0.2411535657636985,
      "capacity": 1.0,
      "tserv": 1.2057678288184925,
      "stddev": 1.9743505685489335,
      "mu": 0.829347056787773,
      "cv": 1.6374218330933241,
      "lambda": 0.2,
      "twait": 0.7052726326544996
    },
    "F2": {
      "rho": 0.24572063483860618,
      "capacity": 1.0,
      "tserv": 4.914412696772123,
      "stddev": 4.914412696772123,
      "mu": 0.20348311419934642,
      "cv": 1.0,
      "lambda": 0.05,
      "twait": 1.6009620088856167
    },
    "F3": {
      "rho": 0,
      "capacity": 1.0,
      "tserv": 0,
      "stddev": 0,
      "mu": 0,
      "cv": 0,
      "lambda": 0.0,
      "twait": 0
    },
    "F4": {
      "rho": 0.31127395999598373,
      "capacity": 1.0,
      "tserv": 6.225479199919675,
      "stddev": 6.225479199919672,
      "mu": 0.16063020498291966,
      "cv": 0.9999999999999996,
      "lambda": 0.05,
      "twait": 2.813643525690308
    },
    "F5": {
      "rho": 0.16894552032504048,
      "capacity": 1.0,
      "tserv": 3.3789104065008093,
      "stddev": 3.378910406500809,
      "mu": 0.2959533931636848,
      "cv": 0.9999999999999999,
      "lambda": 0.05,
      "twait": 0.6869005470992031
    },
    "F6": {
      "rho": 0.17217081890383962,
      "capacity": 1.0,
      "tserv": 1.1478054593589306,
      "stddev": 1.417531585340189,
      "mu": 0.8712277780578928,
      "cv": 1.234992893422815,
      "lambda": 0.15000000000000002,
      "twait": 0.3014075769441367
    },
    "F7": {
      "rho": 0.18872604000401627,
      "capacity": 1.0,
      "tserv": 0.9436302000200815,
      "stddev": 1.1395660115652404,
      "mu": 1.0597371724418305,
      "cv": 1.2076404629069621,
      "lambda": 0.2,
      "twait": 0.2698285359874592
    },
    "F8": {
      "rho": 0.2542793651613939,
      "capacity": 1.0,
      "tserv": 1.2713968258069692,
      "stddev": 1.7842781293318541,
      "mu": 0.7865364925425933,
      "cv": 1.4033998615651362,
      "lambda": 0.2,
      "twait": 0.6436858666949572
    },
    "F9": {
      "rho": 0.15888366077111993,
      "capacity": 1.0,
      "tserv": 3.1776732154223986,
      "stddev": 3.1776732154223986,
      "mu": 0.3146956695064294,
      "cv": 1.0,
      "lambda": 0.05,
      "twait": 0.6002503216897572
    },
    "F10": {
      "rho": 0.2588464342363015,
      "capacity": 1.0,
      "tserv": 5.17692868472603,
      "stddev": 5.17692868472603,
      "mu": 0.19316472389322115,
      "cv": 1.0,
      "lambda": 0.05,
      "twait": 1.8080322246796012
    }
  },
  "extra": {
    "conv_gen": 22,
    "max_gen": 600,
    "population": 600,
    "deltatime": 38.4850141,
    "obj_func": 16.0023517755035
  },
  "network": [
    [
      0.0,
      1.623232286610245,
      2.1286513452886604,
      2.51266582242963,
      2.7244703326930595,
      2.1088671485396993,
      1.6051364144965958,
      2.4549010777608307,
      1.5467621723637266,
      1.5467621723637266
    ],
    [
      1.623232286610245,
      0.0,
      1.6457015119509442,
      2.767612917720005,
      1.8091310473222357,
      2.3340942147364583,
      1.3777497428038972,
      1.5467621723637266,
      2.5044814016375274,
      2.5044814016375274
    ],
    [
      2.1286513452886604,
      1.6457015119509442,
      0.0,
      2.1576862581319585,
      1.820587452387219,
      1.751298210740495,
      2.4549010777608307,
      2.5044814016375274,
      2.0054247072983418,
      2.0054247072983418
    ],
    [
      2.51266582242963,
      2.767612917720005,
      2.1576862581319585,
      0.0,
      2.0679695501035686,
      1.6051364144965958,
      1.5467621723637266,
      2.0054247072983418,
      2.3576859481195775,
      2.3576859481195775
    ],
    [
      2.7244703326930595,
      1.8091310473222357,
      1.820587452387219,
      2.0679695501035686,
      0.0,
      1.3777497428038972,
      2.5044814016375274,
      2.3576859481195775,
      1.5554491695306245,
      1.5554491695306245
    ],
    [
      2.1088671485396993,
      2.3340942147364583,
      1.751298210740495,
      1.6051364144965958,
      1.3777497428038972,
      0.0,
      2.0054247072983418,
      1.5554491695306245,
      1.8631515521177733,
      1.8631515521177733
    ],
    [
      1.6051364144965958,
      1.3777497428038972,
      2.4549010777608307,
      1.5467621723637266,
      2.5044814016375274,
      2.0054247072983418,
      0.0,
      1.8631515521177733,
      2.03018544096472,
      2.03018544096472
    ],
    [
      2.4549010777608307,
      1.5467621723637266,
      2.5044814016375274,
      2.0054247072983418,
      2.3576859481195775,
      1.5554491695306245,
      1.8631515521177733,
      0.0,
      1.6638536181240737,
      1.6638536181240737
    ],
    [
      1.5467621723637266,
      2.5044814016375274,
      2.0054247072983418,
      2.3576859481195775,
      1.5554491695306245,
      1.8631515521177733,
      2.03018544096472,
      1.6638536181240737,
      0.0,
      1.3083555064870993
    ],
    [
      1.5467621723637266,
      2.5044814016375274,
      2.0054247072983418,
      2.3576859481195775,
      1.5554491695306245,
      1.8631515521177733,
      2.03018544096472,
      1.6638536181240737,
      1.3083555064870993,
      0.0
    ]
  ]
}