{
  "servicechain": {
    "SC1": {
      "resptime": 37.507276638527834,
      "resptime_old": 27.507276638527834,
      "waittime": 24.418478888392414,
      "servicetime": 10.0,
      "networktime": 3.0887977501354205,
      "services": {
        "MS1_1": {
          "meanserv": 0.4371290154511831,
          "stddevserv": 0.4371290154511831,
          "rate": 2.2876541356282405,
          "cv": 1.0,
          "lambda": 0.15
        },
        "MS1_2": {
          "meanserv": 1.0390955683769132,
          "stddevserv": 1.0390955683769132,
          "rate": 0.9623753872437535,
          "cv": 1.0,
          "lambda": 0.15
        },
        "MS1_3": {
          "meanserv": 0.6868187510018906,
          "stddevserv": 0.6868187510018906,
          "rate": 1.455988204371618,
          "cv": 1.0,
          "lambda": 0.15
        },
        "MS1_4": {
          "meanserv": 0.32801852379918417,
          "stddevserv": 0.32801852379918417,
          "rate": 3.0486083176577212,
          "cv": 1.0,
          "lambda": 0.15
        },
        "MS1_5": {
          "meanserv": 0.09393550912592641,
          "stddevserv": 0.09393550912592641,
          "rate": 10.645601533488659,
          "cv": 1.0,
          "lambda": 0.15
        },
        "MS1_6": {
          "meanserv": 2.5949187590217115,
          "stddevserv": 2.5949187590217115,
          "rate": 0.3853685193508723,
          "cv": 1.0,
          "lambda": 0.15
        },
        "MS1_7": {
          "meanserv": 0.12202618764049156,
          "stddevserv": 0.12202618764049156,
          "rate": 8.194962239959164,
          "cv": 1.0,
          "lambda": 0.15
        },
        "MS1_8": {
          "meanserv": 0.7206744118405615,
          "stddevserv": 0.7206744118405615,
          "rate": 1.3875891575587607,
          "cv": 1.0,
          "lambda": 0.15
        },
        "MS1_9": {
          "meanserv": 0.9473586608281508,
          "stddevserv": 0.9473586608281508,
          "rate": 1.0555664304856112,
          "cv": 1.0,
          "lambda": 0.15
        },
        "MS1_10": {
          "meanserv": 0.6246551736189421,
          "stddevserv": 0.6246551736189421,
          "rate": 1.6008832428401998,
          "cv": 1.0,
          "lambda": 0.15
        },
        "MS1_11": {
          "meanserv": 2.233474537741415,
          "stddevserv": 2.233474537741415,
          "rate": 0.4477328857356228,
          "cv": 1.0,
          "lambda": 0.15
        },
        "MS1_12": {
          "meanserv": 0.17189490155362996,
          "stddevserv": 0.17189490155362996,
          "rate": 5.81750820391847,
          "cv": 1.0,
          "lambda": 0.15
        }
      },
      "sensors": [
        "S1"
      ],
      "sources": [
        {
          "startTime": 0,
          "stopTime": -1,
          "lambda": 0.15
        }
      ]
    },
    "SC2": {
      "resptime": 35.72158640315747,
      "resptime_old": 25.721586403157463,
      "waittime": 21.35957853874011,
      "servicetime": 10.0,
      "networktime": 4.362007864417355,
      "services": {
        "MS2_1": {
          "meanserv": 1.9201658652103415,
          "stddevserv": 1.9201658652103415,
          "rate": 0.52078834340202,
          "cv": 1.0,
          "lambda": 0.15
        },
        "MS2_2": {
          "meanserv": 0.026345039501065592,
          "stddevserv": 0.026345039501065592,
          "rate": 37.95780985485152,
          "cv": 1.0,
          "lambda": 0.15
        },
        "MS2_3": {
          "meanserv": 1.6379828231643634,
          "stddevserv": 1.6379828231643634,
          "rate": 0.6105070125632538,
          "cv": 1.0,
          "lambda": 0.15
        },
        "MS2_4": {
          "meanserv": 0.6352669213283804,
          "stddevserv": 0.6352669213283804,
          "rate": 1.574141461527607,
          "cv": 1.0,
          "lambda": 0.15
        },
        "MS2_5": {
          "meanserv": 0.5114067158543811,
          "stddevserv": 0.5114067158543811,
          "rate": 1.9553908249510392,
          "cv": 1.0,
          "lambda": 0.15
        },
        "MS2_6": {
          "meanserv": 0.33019607883003577,
          "stddevserv": 0.33019607883003577,
          "rate": 3.0285035592888954,
          "cv": 1.0,
          "lambda": 0.15
        },
        "MS2_7": {
          "meanserv": 1.2553618759468153,
          "stddevserv": 1.2553618759468153,
          "rate": 0.7965830563763002,
          "cv": 1.0,
          "lambda": 0.15
        },
        "MS2_8": {
          "meanserv": 0.9066273843214292,
          "stddevserv": 0.9066273843214292,
          "rate": 1.1029889646984976,
          "cv": 1.0,
          "lambda": 0.15
        },
        "MS2_9": {
          "meanserv": 0.2070832400304452,
          "stddevserv": 0.2070832400304452,
          "rate": 4.828976018788294,
          "cv": 1.0,
          "lambda": 0.15
        },
        "MS2_10": {
          "meanserv": 0.4537742743477766,
          "stddevserv": 0.4537742743477766,
          "rate": 2.2037388554856485,
          "cv": 1.0,
          "lambda": 0.15
        },
        "MS2_11": {
          "meanserv": 1.6408022196738932,
          "stddevserv": 1.6408022196738932,
          "rate": 0.6094579761104592,
          "cv": 1.0,
          "lambda": 0.15
        },
        "MS2_12": {
          "meanserv": 0.4749875617910728,
          "stddevserv": 0.4749875617910728,
          "rate": 2.105318287134134,
          "cv": 1.0,
          "lambda": 0.15
        }
      },
      "sensors": [
        "S2"
      ],
      "sources": [
        {
          "startTime": 0,
          "stopTime": -1,
          "lambda": 0.15
        }
      ]
    },
    "SC3": {
      "resptime": 39.298989176658516,
      "resptime_old": 29.298989176658512,
      "waittime": 25.935982892225223,
      "servicetime": 10.0,
      "networktime": 3.36300628443329,
      "services": {
        "MS3_1": {
          "meanserv": 0.1888534754247495,
          "stddevserv": 0.1888534754247495,
          "rate": 5.295110390480792,
          "cv": 1.0,
          "lambda": 0.15
        },
        "MS3_2": {
          "meanserv": 1.0154370245843136,
          "stddevserv": 1.0154370245843136,
          "rate": 0.9847976543984763,
          "cv": 1.0,
          "lambda": 0.15
        },
        "MS3_3": {
          "meanserv": 3.787172746809552,
          "stddevserv": 3.787172746809552,
          "rate": 0.26404921741223325,
          "cv": 1.0,
          "lambda": 0.15
        },
        "MS3_4": {
          "meanserv": 0.19830517393096336,
          "stddevserv": 0.19830517393096336,
          "rate": 5.042732774829835,
          "cv": 1.0,
          "lambda": 0.15
        },
        "MS3_5": {
          "meanserv": 0.3682611326732115,
          "stddevserv": 0.3682611326732115,
          "rate": 2.7154644117368276,
          "cv": 1.0,
          "lambda": 0.15
        },
        "MS3_6": {
          "meanserv": 0.01533805868518634,
          "stddevserv": 0.01533805868518634,
          "rate": 65.19729911881291,
          "cv": 1.0,
          "lambda": 0.15
        },
        "MS3_7": {
          "meanserv": 0.11811970801427663,
          "stddevserv": 0.11811970801427663,
          "rate": 8.465987740836052,
          "cv": 1.0,
          "lambda": 0.15
        },
        "MS3_8": {
          "meanserv": 0.5524562687506336,
          "stddevserv": 0.5524562687506336,
          "rate": 1.8100980232543575,
          "cv": 1.0,
          "lambda": 0.15
        },
        "MS3_9": {
          "meanserv": 1.0425241700790302,
          "stddevserv": 1.0425241700790302,
          "rate": 0.9592103748771535,
          "cv": 1.0,
          "lambda": 0.15
        },
        "MS3_10": {
          "meanserv": 0.23120483051004115,
          "stddevserv": 0.23120483051004115,
          "rate": 4.325169148905695,
          "cv": 1.0,
          "lambda": 0.15
        },
        "MS3_11": {
          "meanserv": 1.2850383635508766,
          "stddevserv": 1.2850383635508766,
          "rate": 0.7781868840372628,
          "cv": 1.0,
          "lambda": 0.15
        },
        "MS3_12": {
          "meanserv": 1.1972890469871658,
          "stddevserv": 1.1972890469871658,
          "rate": 0.8352202022697693,
          "cv": 1.0,
          "lambda": 0.15
        }
      },
      "sensors": [
        "S3"
      ],
      "sources": [
        {
          "startTime": 0,
          "stopTime": -1,
          "lambda": 0.15
        }
      ]
    },
    "SC4": {
      "resptime": 34.59859930969049,
      "resptime_old": 24.598599309690492,
      "waittime": 21.17079126345477,
      "servicetime": 10.0,
      "networktime": 3.427808046235719,
      "services": {
        "MS4_1": {
          "meanserv": 0.7978542457656035,
          "stddevserv": 0.7978542457656035,
          "rate": 1.253361757873986,
          "cv": 1.0,
          "lambda": 0.15
        },
        "MS4_2": {
          "meanserv": 0.39852444834635903,
          "stddevserv": 0.39852444834635903,
          "rate": 2.509256343367161,
          "cv": 1.0,
          "lambda": 0.15
        },
        "MS4_3": {
          "meanserv": 1.4489097953681986,
          "stddevserv": 1.4489097953681986,
          "rate": 0.6901740903379556,
          "cv": 1.0,
          "lambda": 0.15
        },
        "MS4_4": {
          "meanserv": 1.0320504115678606,
          "stddevserv": 1.0320504115678606,
          "rate": 0.9689449166352537,
          "cv": 1.0,
          "lambda": 0.15
        },
        "MS4_5": {
          "meanserv": 0.2912527353992864,
          "stddevserv": 0.2912527353992864,
          "rate": 3.4334441481865308,
          "cv": 1.0,
          "lambda": 0.15
        },
        "MS4_6": {
          "meanserv": 0.6198254869139737,
          "stddevserv": 0.6198254869139737,
          "rate": 1.6133573418848315,
          "cv": 1.0,
          "lambda": 0.15
        },
        "MS4_7": {
          "meanserv": 1.0685567572860437,
          "stddevserv": 1.0685567572860437,
          "rate": 0.9358417259367987,
          "cv": 1.0,
          "lambda": 0.15
        },
        "MS4_8": {
          "meanserv": 1.4032066894835173,
          "stddevserv": 1.4032066894835173,
          "rate": 0.7126533870559534,
          "cv": 1.0,
          "lambda": 0.15
        },
        "MS4_9": {
          "meanserv": 0.7134587181584404,
          "stddevserv": 0.7134587181584404,
          "rate": 1.4016227912683887,
          "cv": 1.0,
          "lambda": 0.15
        },
        "MS4_10": {
          "meanserv": 0.49966563597243585,
          "stddevserv": 0.49966563597243585,
          "rate": 2.001338351103187,
          "cv": 1.0,
          "lambda": 0.15
        },
        "MS4_11": {
          "meanserv": 0.06490478978932934,
          "stddevserv": 0.06490478978932934,
          "rate": 15.407183402732548,
          "cv": 1.0,
          "lambda": 0.15
        },
        "MS4_12": {
          "meanserv": 1.6617902859489515,
          "stddevserv": 1.6617902859489515,
          "rate": 0.6017606484135622,
          "cv": 1.0,
          "lambda": 0.15
        }
      },
      "sensors": [
        "S4"
      ],
      "sources": [
        {
          "startTime": 0,
          "stopTime": -1,
          "lambda": 0.15
        }
      ]
    }
  },
  "microservice": {
    "MS1_1": "F10",
    "MS1_2": "F6",
    "MS1_3": "F6",
    "MS1_4": "F6",
    "MS1_5": "F5",
    "MS1_6": "F2",
    "MS1_7": "F2",
    "MS1_8": "F7",
    "MS1_9": "F3",
    "MS1_10": "F3",
    "MS1_11": "F3",
    "MS1_12": "F3",
    "MS2_1": "F4",
    "MS2_2": "F4",
    "MS2_3": "F7",
    "MS2_4": "F5",
    "MS2_5": "F5",
    "MS2_6": "F10",
    "MS2_7": "F10",
    "MS2_8": "F10",
    "MS2_9": "F4",
    "MS2_10": "F4",
    "MS2_11": "F6",
    "MS2_12": "F6",
    "MS3_1": "F4",
    "MS3_2": "F4",
    "MS3_3": "F1",
    "MS3_4": "F2",
    "MS3_5": "F2",
    "MS3_6": "F7",
    "MS3_7": "F7",
    "MS3_8": "F7",
    "MS3_9": "F7",
    "MS3_10": "F7",
    "MS3_11": "F10",
    "MS3_12": "F9",
    "MS4_1": "F8",
    "MS4_2": "F8",
    "MS4_3": "F8",
    "MS4_4": "F5",
    "MS4_5": "F9",
    "MS4_6": "F8",
    "MS4_7": "F8",
    "MS4_8": "F9",
    "MS4_9": "F9",
    "MS4_10": "F9",
    "MS4_11": "F5",
    "MS4_12": "F5"
  },
  "sensor": {
    "S1": "F10",
    "S2": "F4",
    "S3": "F4",
    "S4": "F8"
  },
  "fog": {
    "F1": {
      "rho": 0.5680759120214328,
      "capacity": 1.0,
      "tserv": 3.7871727468095524,
      "stddev": 3.787172746809552,
      "mu": 0.26404921741223325,
      "cv": 0.9999999999999999,
      "lambda": 0.15,
      "twait": 4.980971592011111
    },
    "F2": {
      "rho": 0.4925266879899567,
      "capacity": 1.0,
      "tserv": 0.8208778133165945,
      "stddev": 1.6696937131473442,
      "mu": 1.218208098425389,
      "cv": 2.034034403246053,
      "lambda": 0.6,
      "twait": 2.0464430728826324
    },
    "F3": {
      "rho": 0.5966074910613207,
      "capacity": 1.0,
      "tserv": 0.9943458184355346,
      "stddev": 1.471086617574559,
      "mu": 1.0056863331243868,
      "cv": 1.4794517061369152,
      "lambda": 0.6,
      "twait": 2.3447283029689014
    },
    "F4": {
      "rho": 0.5717488378648038,
      "capacity": 1.0,
      "tserv": 0.6352764865164486,
      "stddev": 1.1243627698243497,
      "mu": 1.5741177601008343,
      "cv": 1.7698794047766753,
      "lambda": 0.9,
      "twait": 1.7524658424220887
    },
    "F5": {
      "rho": 0.5999031950422243,
      "capacity": 1.0,
      "tserv": 0.6665591056024714,
      "stddev": 1.028252447063193,
      "mu": 1.5002420514474062,
      "cv": 1.5426275605879,
      "lambda": 0.9,
      "twait": 1.688895919426719
    },
    "F6": {
      "rho": 0.625458393696443,
      "capacity": 1.0,
      "tserv": 0.8339445249285907,
      "stddev": 1.0654993533927282,
      "mu": 1.199120529133072,
      "cv": 1.2776621484312343,
      "lambda": 0.75,
      "twait": 1.8329929625244157
    },
    "F7": {
      "rho": 0.6477450406566139,
      "capacity": 1.0,
      "tserv": 0.6169000387205846,
      "stddev": 0.9754247871500848,
      "mu": 1.6210081653973354,
      "cv": 1.5811715447012453,
      "lambda": 1.05,
      "twait": 1.9852383830526186
    },
    "F8": {
      "rho": 0.6500506100520268,
      "capacity": 1.0,
      "tserv": 0.8667341467360358,
      "stddev": 1.0084958509590576,
      "mu": 1.153756320511681,
      "cv": 1.1635584622538189,
      "lambda": 0.75,
      "twait": 1.894872530120822
    },
    "F9": {
      "rho": 0.6157309239001268,
      "capacity": 1.0,
      "tserv": 0.8209745652001691,
      "stddev": 1.012128298161513,
      "mu": 1.2180645325548924,
      "cv": 1.232837582385682,
      "lambda": 0.75,
      "twait": 1.6574352136426258
    },
    "F10": {
      "rho": 0.632152907715051,
      "capacity": 1.0,
      "tserv": 0.842870543620068,
      "stddev": 1.0145471093542808,
      "mu": 1.1864218147962229,
      "cv": 1.2036808226763678,
      "lambda": 0.75,
      "twait": 1.7735663406989561
    }
  },
  "extra": {
    "deltatime": 0.0648789,
    "obj_func": 36.781612882008574
  },
  "network": [
    [
      0.0,
      0.770168487330851,
      0.8326049686576622,
      0.837117950295332,
      0.9779963102777807,
      0.8177501288841322,
      1.0264932329127148,
      0.5079785332945485,
      0.9223391532200745,
      0.9223391532200745
    ],
    [
      0.770168487330851,
      0.0,
      1.1497680604952543,
      0.9406953409844053,
      0.7656752911522149,
      1.037245472455226,
      0.5575405936894745,
      0.9223391532200745,
      0.7677345155022406,
      0.7677345155022406
    ],
    [
      0.8326049686576622,
      1.1497680604952543,
      0.0,
      0.7866703408915443,
      1.1557944784365088,
      0.7894568868044123,
      0.5079785332945485,
      0.7677345155022406,
      0.9151340523980447,
      0.9151340523980447
    ],
    [
      0.837117950295332,
      0.9406953409844053,
      0.7866703408915443,
      0.0,
      0.5509959749656057,
      1.0264932329127148,
      0.9223391532200745,
      0.9151340523980447,
      1.0504815891445793,
      1.0504815891445793
    ],
    [
      0.9779963102777807,
      0.7656752911522149,
      1.1557944784365088,
      0.5509959749656057,
      0.0,
      0.5575405936894745,
      0.7677345155022406,
      1.0504815891445793,
      0.5949593736377452,
      0.5949593736377452
    ],
    [
      0.8177501288841322,
      1.037245472455226,
      0.7894568868044123,
      1.0264932329127148,
      0.5575405936894745,
      0.0,
      0.9151340523980447,
      0.5949593736377452,
      0.7000627383097083,
      0.7000627383097083
    ],
    [
      1.0264932329127148,
      0.5575405936894745,
      0.5079785332945485,
      0.9223391532200745,
      0.7677345155022406,
      0.9151340523980447,
      0.0,
      0.7000627383097083,
      0.6057844578317885,
      0.6057844578317885
    ],
    [
      0.5079785332945485,
      0.9223391532200745,
      0.7677345155022406,
      0.9151340523980447,
      1.0504815891445793,
      0.5949593736377452,
      0.7000627383097083,
      0.0,
      0.5937038549078245,
      0.5937038549078245
    ],
    [
      0.9223391532200745,
      0.7677345155022406,
      0.9151340523980447,
      1.0504815891445793,
      0.5949593736377452,
      0.7000627383097083,
      0.6057844578317885,
      0.5937038549078245,
      0.0,
      0.5923947952858445
    ],
    [
      0.9223391532200745,
      0.7677345155022406,
      0.9151340523980447,
      1.0504815891445793,
      0.5949593736377452,
      0.7000627383097083,
      0.6057844578317885,
      0.5937038549078245,
      0.5923947952858445,
      0.0
    ]
  ]
}