{
  "servicechain": {
    "SC1": {
      "resptime": 60.03294943090504,
      "resptime_old": 50.03294943090504,
      "waittime": 44.15855708417969,
      "servicetime": 10.0,
      "networktime": 5.874392346725348,
      "services": {
        "MS1_1": {
          "meanserv": 1.3211162742654747,
          "stddevserv": 1.3211162742654747,
          "rate": 0.7569356456198288,
          "cv": 1.0,
          "lambda": 0.375
        },
        "MS1_2": {
          "meanserv": 1.720447310401688,
          "stddevserv": 1.720447310401688,
          "rate": 0.581244188039982,
          "cv": 1.0,
          "lambda": 0.375
        },
        "MS1_3": {
          "meanserv": 2.4554285825491666,
          "stddevserv": 2.4554285825491666,
          "rate": 0.4072608778390224,
          "cv": 1.0,
          "lambda": 0.375
        },
        "MS1_4": {
          "meanserv": 2.148585424187922,
          "stddevserv": 2.148585424187922,
          "rate": 0.46542250019124065,
          "cv": 1.0,
          "lambda": 0.375
        },
        "MS1_5": {
          "meanserv": 0.8324160186000924,
          "stddevserv": 0.8324160186000924,
          "rate": 1.2013223888720215,
          "cv": 1.0,
          "lambda": 0.375
        },
        "MS1_6": {
          "meanserv": 0.0224141461921743,
          "stddevserv": 0.0224141461921743,
          "rate": 44.61468179185612,
          "cv": 1.0,
          "lambda": 0.375
        },
        "MS1_7": {
          "meanserv": 0.08871173651759712,
          "stddevserv": 0.08871173651759712,
          "rate": 11.272465620167823,
          "cv": 1.0,
          "lambda": 0.375
        },
        "MS1_8": {
          "meanserv": 0.14666571231440706,
          "stddevserv": 0.14666571231440706,
          "rate": 6.818226184019763,
          "cv": 1.0,
          "lambda": 0.375
        },
        "MS1_9": {
          "meanserv": 1.2417292303865022,
          "stddevserv": 1.2417292303865022,
          "rate": 0.8053285495169819,
          "cv": 1.0,
          "lambda": 0.375
        },
        "MS1_10": {
          "meanserv": 0.022485564584975748,
          "stddevserv": 0.022485564584975748,
          "rate": 44.47297715033463,
          "cv": 1.0,
          "lambda": 0.375
        }
      },
      "sensors": [
        "S1"
      ],
      "sources": [
        {
          "startTime": 0,
          "stopTime": -1,
          "lambda": 0.375
        }
      ]
    },
    "SC2": {
      "resptime": 32.29492755131486,
      "resptime_old": 22.294927551314863,
      "waittime": 15.150143240289541,
      "servicetime": 10.0,
      "networktime": 7.144784311025325,
      "services": {
        "MS2_1": {
          "meanserv": 0.9502609452949906,
          "stddevserv": 0.9502609452949906,
          "rate": 1.0523425222843068,
          "cv": 1.0,
          "lambda": 0.375
        },
        "MS2_2": {
          "meanserv": 1.9239754832878406,
          "stddevserv": 1.9239754832878406,
          "rate": 0.5197571427943153,
          "cv": 1.0,
          "lambda": 0.375
        },
        "MS2_3": {
          "meanserv": 1.8507336784573862,
          "stddevserv": 1.8507336784573862,
          "rate": 0.5403262563598641,
          "cv": 1.0,
          "lambda": 0.375
        },
        "MS2_4": {
          "meanserv": 0.02890065673665454,
          "stddevserv": 0.02890065673665454,
          "rate": 34.601289829227504,
          "cv": 1.0,
          "lambda": 0.375
        },
        "MS2_5": {
          "meanserv": 1.4163514849325418,
          "stddevserv": 1.4163514849325418,
          "rate": 0.7060394334585868,
          "cv": 1.0,
          "lambda": 0.375
        },
        "MS2_6": {
          "meanserv": 0.5696087171076618,
          "stddevserv": 0.5696087171076618,
          "rate": 1.7555911101181232,
          "cv": 1.0,
          "lambda": 0.375
        },
        "MS2_7": {
          "meanserv": 1.044214719722408,
          "stddevserv": 1.044214719722408,
          "rate": 0.9576574445012975,
          "cv": 1.0,
          "lambda": 0.375
        },
        "MS2_8": {
          "meanserv": 0.3044960632487719,
          "stddevserv": 0.3044960632487719,
          "rate": 3.284114708514325,
          "cv": 1.0,
          "lambda": 0.375
        },
        "MS2_9": {
          "meanserv": 1.262291178770262,
          "stddevserv": 1.262291178770262,
          "rate": 0.7922102418351771,
          "cv": 1.0,
          "lambda": 0.375
        },
        "MS2_10": {
          "meanserv": 0.6491670724414824,
          "stddevserv": 0.6491670724414824,
          "rate": 1.5404354941156424,
          "cv": 1.0,
          "lambda": 0.375
        }
      },
      "sensors": [
        "S2"
      ],
      "sources": [
        {
          "startTime": 0,
          "stopTime": -1,
          "lambda": 0.375
        }
      ]
    },
    "SC3": {
      "resptime": 6710.689200008505,
      "resptime_old": 6700.6892000085045,
      "waittime": 6694.398643481999,
      "servicetime": 10.0,
      "networktime": 6.290556526506636,
      "services": {
        "MS3_1": {
          "meanserv": 0.057548919011767286,
          "stddevserv": 0.057548919011767286,
          "rate": 17.376521004600026,
          "cv": 1.0,
          "lambda": 0.375
        },
        "MS3_2": {
          "meanserv": 0.12568381996485467,
          "stddevserv": 0.12568381996485467,
          "rate": 7.956473635823871,
          "cv": 1.0,
          "lambda": 0.375
        },
        "MS3_3": {
          "meanserv": 4.224981608501086,
          "stddevserv": 4.224981608501086,
          "rate": 0.236687420837028,
          "cv": 1.0,
          "lambda": 0.375
        },
        "MS3_4": {
          "meanserv": 0.6357379212035097,
          "stddevserv": 0.6357379212035097,
          "rate": 1.5729752255566398,
          "cv": 1.0,
          "lambda": 0.375
        },
        "MS3_5": {
          "meanserv": 1.650768856516498,
          "stddevserv": 1.650768856516498,
          "rate": 0.6057783293236039,
          "cv": 1.0,
          "lambda": 0.375
        },
        "MS3_6": {
          "meanserv": 0.6269231858006323,
          "stddevserv": 0.6269231858006323,
          "rate": 1.5950917475207398,
          "cv": 1.0,
          "lambda": 0.375
        },
        "MS3_7": {
          "meanserv": 1.563613683790157,
          "stddevserv": 1.563613683790157,
          "rate": 0.6395441600229714,
          "cv": 1.0,
          "lambda": 0.375
        },
        "MS3_8": {
          "meanserv": 0.845165236452571,
          "stddevserv": 0.845165236452571,
          "rate": 1.1832005824060157,
          "cv": 1.0,
          "lambda": 0.375
        },
        "MS3_9": {
          "meanserv": 0.2199209821560224,
          "stddevserv": 0.2199209821560224,
          "rate": 4.547087732131682,
          "cv": 1.0,
          "lambda": 0.375
        },
        "MS3_10": {
          "meanserv": 0.049655786602901486,
          "stddevserv": 0.049655786602901486,
          "rate": 20.138639792317136,
          "cv": 1.0,
          "lambda": 0.375
        }
      },
      "sensors": [
        "S3"
      ],
      "sources": [
        {
          "startTime": 0,
          "stopTime": -1,
          "lambda": 0.375
        }
      ]
    },
    "SC4": {
      "resptime": 271.5723368390804,
      "resptime_old": 261.57233683908044,
      "waittime": 255.24132455034504,
      "servicetime": 10.0,
      "networktime": 6.331012288735361,
      "services": {
        "MS4_1": {
          "meanserv": 0.5888492432923231,
          "stddevserv": 0.5888492432923231,
          "rate": 1.6982275368290978,
          "cv": 1.0,
          "lambda": 0.375
        },
        "MS4_2": {
          "meanserv": 2.4591808655316107,
          "stddevserv": 2.4591808655316107,
          "rate": 0.40663946845724425,
          "cv": 1.0,
          "lambda": 0.375
        },
        "MS4_3": {
          "meanserv": 2.635278493339989,
          "stddevserv": 2.635278493339989,
          "rate": 0.3794665355207244,
          "cv": 1.0,
          "lambda": 0.375
        },
        "MS4_4": {
          "meanserv": 0.8008020101623572,
          "stddevserv": 0.8008020101623572,
          "rate": 1.2487481141527814,
          "cv": 1.0,
          "lambda": 0.375
        },
        "MS4_5": {
          "meanserv": 0.44962216456609383,
          "stddevserv": 0.44962216456609383,
          "rate": 2.2240896441683344,
          "cv": 1.0,
          "lambda": 0.375
        },
        "MS4_6": {
          "meanserv": 1.5833736423869578,
          "stddevserv": 1.5833736423869578,
          "rate": 0.631562868820076,
          "cv": 1.0,
          "lambda": 0.375
        },
        "MS4_7": {
          "meanserv": 0.821887547697413,
          "stddevserv": 0.821887547697413,
          "rate": 1.2167114622938187,
          "cv": 1.0,
          "lambda": 0.375
        },
        "MS4_8": {
          "meanserv": 0.06628245644351338,
          "stddevserv": 0.06628245644351338,
          "rate": 15.086948397155599,
          "cv": 1.0,
          "lambda": 0.375
        },
        "MS4_9": {
          "meanserv": 0.36768737430668885,
          "stddevserv": 0.36768737430668885,
          "rate": 2.7197017626335405,
          "cv": 1.0,
          "lambda": 0.375
        },
        "MS4_10": {
          "meanserv": 0.22703620227305343,
          "stddevserv": 0.22703620227305343,
          "rate": 4.404583894498523,
          "cv": 1.0,
          "lambda": 0.375
        }
      },
      "sensors": [
        "S4"
      ],
      "sources": [
        {
          "startTime": 0,
          "stopTime": -1,
          "lambda": 0.375
        }
      ]
    }
  },
  "microservice": {
    "MS1_1": "F8",
    "MS1_2": "F20",
    "MS1_3": "F1",
    "MS1_4": "F15",
    "MS1_5": "F9",
    "MS1_6": "F11",
    "MS1_7": "F11",
    "MS1_8": "F11",
    "MS1_9": "F19",
    "MS1_10": "F4",
    "MS2_1": "F3",
    "MS2_2": "F12",
    "MS2_3": "F21",
    "MS2_4": "F4",
    "MS2_5": "F18",
    "MS2_6": "F11",
    "MS2_7": "F17",
    "MS2_8": "F17",
    "MS2_9": "F13",
    "MS2_10": "F5",
    "MS3_1": "F11",
    "MS3_2": "F11",
    "MS3_3": "F22",
    "MS3_4": "F14",
    "MS3_5": "F6",
    "MS3_6": "F14",
    "MS3_7": "F16",
    "MS3_8": "F25",
    "MS3_9": "F4",
    "MS3_10": "F4",
    "MS4_1": "F5",
    "MS4_2": "F24",
    "MS4_3": "F10",
    "MS4_4": "F7",
    "MS4_5": "F7",
    "MS4_6": "F23",
    "MS4_7": "F2",
    "MS4_8": "F4",
    "MS4_9": "F4",
    "MS4_10": "F4"
  },
  "sensor": {
    "S1": "F8",
    "S2": "F3",
    "S3": "F11",
    "S4": "F5"
  },
  "fog": {
    "F1": {
      "rho": 0.9207857184559375,
      "capacity": 1.0,
      "tserv": 2.4554285825491666,
      "stddev": 2.4554285825491666,
      "mu": 0.4072608778390224,
      "cv": 1.0,
      "lambda": 0.375,
      "twait": 28.54186804991916
    },
    "F2": {
      "rho": 0.3082078303865299,
      "capacity": 1.0,
      "tserv": 0.821887547697413,
      "stddev": 0.821887547697413,
      "mu": 1.2167114622938187,
      "cv": 1.0,
      "lambda": 0.375,
      "twait": 0.3661680328631938
    },
    "F3": {
      "rho": 0.35634785448562145,
      "capacity": 1.0,
      "tserv": 0.9502609452949905,
      "stddev": 0.9502609452949907,
      "mu": 1.0523425222843068,
      "cv": 1.0000000000000002,
      "lambda": 0.375,
      "twait": 0.5260969786510001
    },
    "F4": {
      "rho": 0.3682383836639287,
      "capacity": 1.0,
      "tserv": 0.14028128901482997,
      "stddev": 0.22324147742019101,
      "mu": 7.128534439787504,
      "cv": 1.591384560178876,
      "lambda": 2.625,
      "twait": 0.14442033051989836
    },
    "F5": {
      "rho": 0.46425611840017705,
      "capacity": 1.0,
      "tserv": 0.6190081578669028,
      "stddev": 0.6204758011094469,
      "mu": 1.6154875946158644,
      "cv": 1.0023709594516519,
      "lambda": 0.75,
      "twait": 0.5376832188271976
    },
    "F6": {
      "rho": 0.6190383211936867,
      "capacity": 1.0,
      "tserv": 1.650768856516498,
      "stddev": 1.650768856516498,
      "mu": 0.6057783293236039,
      "cv": 1.0,
      "lambda": 0.375,
      "twait": 2.682393632920593
    },
    "F7": {
      "rho": 0.4689090655231691,
      "capacity": 1.0,
      "tserv": 0.6252120873642255,
      "stddev": 0.672721187538225,
      "mu": 1.5994572405274643,
      "cv": 1.075988774264248,
      "lambda": 0.75,
      "twait": 0.595550518467262
    },
    "F8": {
      "rho": 0.495418602849553,
      "capacity": 1.0,
      "tserv": 1.3211162742654747,
      "stddev": 1.3211162742654747,
      "mu": 0.7569356456198288,
      "cv": 1.0,
      "lambda": 0.375,
      "twait": 1.2971258601578208
    },
    "F9": {
      "rho": 0.31215600697503465,
      "capacity": 1.0,
      "tserv": 0.8324160186000924,
      "stddev": 0.8324160186000924,
      "mu": 1.2013223888720215,
      "cv": 1.0,
      "lambda": 0.375,
      "twait": 0.37776539904860373
    },
    "F10": {
      "rho": 0.9882294350024958,
      "capacity": 1.0,
      "tserv": 2.635278493339989,
      "stddev": 2.635278493339989,
      "mu": 0.3794665355207244,
      "cv": 1.0,
      "lambda": 0.375,
      "twait": 221.2518920799309
    },
    "F11": {
      "rho": 0.37898739416567334,
      "capacity": 1.0,
      "tserv": 0.16843884185141036,
      "stddev": 0.3100163749798109,
      "mu": 5.93687292674547,
      "cv": 1.840527823465411,
      "lambda": 2.25,
      "twait": 0.22550592276094772
    },
    "F12": {
      "rho": 0.7214908062329403,
      "capacity": 1.0,
      "tserv": 1.9239754832878406,
      "stddev": 1.9239754832878406,
      "mu": 0.5197571427943153,
      "cv": 1.0,
      "lambda": 0.375,
      "twait": 4.98414649740706
    },
    "F13": {
      "rho": 0.47335919203884824,
      "capacity": 1.0,
      "tserv": 1.262291178770262,
      "stddev": 1.262291178770262,
      "mu": 0.7922102418351771,
      "cv": 1.0,
      "lambda": 0.375,
      "twait": 1.1345819075694055
    },
    "F14": {
      "rho": 0.4734979151265532,
      "capacity": 1.0,
      "tserv": 0.631330553502071,
      "stddev": 0.6313613209291037,
      "mu": 1.583956287958618,
      "cv": 1.0000487342595128,
      "lambda": 0.75,
      "twait": 0.5678007325998002
    },
    "F15": {
      "rho": 0.8057195340704707,
      "capacity": 1.0,
      "tserv": 2.148585424187922,
      "stddev": 2.148585424187922,
      "mu": 0.46542250019124065,
      "cv": 1.0,
      "lambda": 0.375,
      "twait": 8.910608890114737
    },
    "F16": {
      "rho": 0.5863551314213089,
      "capacity": 1.0,
      "tserv": 1.563613683790157,
      "stddev": 1.563613683790157,
      "mu": 0.6395441600229714,
      "cv": 1.0,
      "lambda": 0.375,
      "twait": 2.216473542150367
    },
    "F17": {
      "rho": 0.5057665436141925,
      "capacity": 1.0,
      "tserv": 0.67435539148559,
      "stddev": 0.8534325042985321,
      "mu": 1.482897612484453,
      "cv": 1.2655530230409209,
      "lambda": 0.75,
      "twait": 0.8976796932698415
    },
    "F18": {
      "rho": 0.5311318068497032,
      "capacity": 1.0,
      "tserv": 1.4163514849325418,
      "stddev": 1.4163514849325418,
      "mu": 0.7060394334585868,
      "cv": 1.0,
      "lambda": 0.375,
      "twait": 1.6044366717904863
    },
    "F19": {
      "rho": 0.4656484613949383,
      "capacity": 1.0,
      "tserv": 1.2417292303865022,
      "stddev": 1.2417292303865022,
      "mu": 0.8053285495169819,
      "cv": 1.0,
      "lambda": 0.375,
      "twait": 1.0820766177786738
    },
    "F20": {
      "rho": 0.6451677414006328,
      "capacity": 1.0,
      "tserv": 1.7204473104016877,
      "stddev": 1.7204473104016882,
      "mu": 0.5812441880399821,
      "cv": 1.0000000000000002,
      "lambda": 0.375,
      "twait": 3.1281741683579556
    },
    "F21": {
      "rho": 0.6940251294215198,
      "capacity": 1.0,
      "tserv": 1.8507336784573862,
      "stddev": 1.8507336784573862,
      "mu": 0.5403262563598641,
      "cv": 1.0,
      "lambda": 0.375,
      "twait": 4.197912326223863
    },
    "F22": {
      "rho": 1.584368103187907,
      "capacity": 1.0,
      "tserv": 4.224981608501086,
      "stddev": 4.224981608501086,
      "mu": 0.236687420837028,
      "cv": 1.0,
      "lambda": 0.375,
      "twait": 6687.232170967587
    },
    "F23": {
      "rho": 0.5937651158951092,
      "capacity": 1.0,
      "tserv": 1.5833736423869578,
      "stddev": 1.5833736423869578,
      "mu": 0.631562868820076,
      "cv": 1.0,
      "lambda": 0.375,
      "twait": 2.3143065036098758
    },
    "F24": {
      "rho": 0.922192824574354,
      "capacity": 1.0,
      "tserv": 2.4591808655316107,
      "stddev": 2.459180865531611,
      "mu": 0.40663946845724425,
      "cv": 1.0000000000000002,
      "lambda": 0.375,
      "twait": 29.14691268661965
    },
    "F25": {
      "rho": 0.31693696366971413,
      "capacity": 1.0,
      "tserv": 0.845165236452571,
      "stddev": 0.845165236452571,
      "mu": 1.1832005824060157,
      "cv": 1.0,
      "lambda": 0.375,
      "twait": 0.39215136758030017
    }
  },
  "extra": {
    "conv_gen": 11,
    "max_gen": 600,
    "population": 600,
    "deltatime": 82.5274149,
    "obj_func": 1768.6473534574513
  },
  "network": [
    [
      0.0,
      0.9040135849745218,
      0.844275932195858,
      1.0039363448778862,
      1.2910651825950588,
      1.1634561470792442,
      1.149773713770821,
      0.7884028659048243,
      0.8404176202252336,
      0.8949911790635715,
      1.1663657907526646,
      1.0906444129570059,
      1.0557214791191292,
      1.1796144320470041,
      0.9295367346423582,
      1.312074780881696,
      0.9154419045173138,
      0.7838016914717679,
      1.2862560593057677,
      0.9047366769248163,
      0.9200686072498052,
      1.1432033476829586,
      1.1547463157791287,
      0.9527080990912123,
      0.9527080990912123
    ],
    [
      0.9040135849745218,
      0.0,
      1.260366412535869,
      0.791382322332743,
      0.8235336176110163,
      0.9789711360378868,
      1.0207860886978422,
      0.8961550560335804,
      1.0916798706163178,
      1.0949916789562397,
      0.7419359975747422,
      0.8222620193638659,
      0.8932914564419994,
      1.0469489767067486,
      1.3088042567115294,
      1.0622821374479108,
      1.118125424875459,
      1.0406261573387028,
      1.0706640718518299,
      0.8437784807307838,
      0.7265339587018119,
      0.9490850185874261,
      0.9527080990912123,
      1.1630295609417023,
      1.1630295609417023
    ],
    [
      0.844275932195858,
      1.260366412535869,
      0.0,
      1.0891556953762833,
      1.0998859465525452,
      1.0082652882514074,
      0.6840443756803575,
      0.6957132517424126,
      0.7928360290427673,
      0.9081034559738456,
      0.8139330622270842,
      0.868920606306715,
      0.8779137889785442,
      1.0879297524437812,
      0.8248567456300888,
      0.9378139034537731,
      1.1148899764385667,
      0.6573069419017937,
      1.1611426462249688,
      0.96471440782961,
      1.2711678050054867,
      1.1547463157791287,
      1.1630295609417023,
      0.9173986535626093,
      0.9173986535626093
    ],
    [
      1.0039363448778862,
      0.791382322332743,
      1.0891556953762833,
      0.0,
      0.7072698855592515,
      1.284780838535478,
      1.1383632380007258,
      1.1010849681817922,
      1.2616660015078345,
      0.9725095273652733,
      1.0046309524408013,
      0.9358914279714461,
      1.066161954474695,
      1.0822604026837992,
      1.1081643240226429,
      0.95175666478264,
      0.7795399440525651,
      0.6185305075712223,
      0.5543505724269496,
      0.9416358470864882,
      1.1432033476829586,
      0.9527080990912123,
      0.9173986535626093,
      0.8568955455382825,
      0.8568955455382825
    ],
    [
      1.2910651825950588,
      0.8235336176110163,
      1.0998859465525452,
      0.7072698855592515,
      0.0,
      0.9666812635763802,
      1.1460002351928722,
      0.9698340362759389,
      0.8589471064287062,
      1.320331260562523,
      1.2212421725168898,
      1.1801274295522022,
      0.7623358786510818,
      1.0760293927481446,
      0.9808887649070678,
      1.1039369786741449,
      1.34047454449438,
      0.9958739666697708,
      0.9020360954002441,
      0.9200686072498052,
      0.9490850185874261,
      1.1630295609417023,
      0.8568955455382825,
      0.8519342443934241,
      0.8519342443934241
    ],
    [
      1.1634561470792442,
      0.9789711360378868,
      1.0082652882514074,
      1.284780838535478,
      0.9666812635763802,
      0.0,
      1.135977701695744,
      1.0811961315123857,
      1.092853470148113,
      0.7345390005653907,
      1.341458220713033,
      1.267839443826927,
      0.7938387710599203,
      1.0378534396270913,
      0.5425047037533992,
      0.644794241999344,
      0.6656514077594771,
      1.0215664429415052,
      0.9047366769248163,
      0.7265339587018119,
      1.1547463157791287,
      0.9173986535626093,
      0.8519342443934241,
      1.2096609249003758,
      1.2096609249003758
    ],
    [
      1.149773713770821,
      1.0207860886978422,
      0.6840443756803575,
      1.1383632380007258,
      1.1460002351928722,
      1.135977701695744,
      0.0,
      1.3347695951571172,
      0.9083776252731044,
      1.1355766850240623,
      1.0074888939496616,
      1.1992309239474195,
      1.2611740349791778,
      0.7002886157517859,
      0.8861519576682926,
      1.2009960834853883,
      0.790202879365551,
      1.2862560593057677,
      0.8437784807307838,
      1.2711678050054867,
      0.9527080990912123,
      0.8568955455382825,
      1.2096609249003758,
      1.2708048443772935,
      1.2708048443772935
    ],
    [
      0.7884028659048243,
      0.8961550560335804,
      0.6957132517424126,
      1.1010849681817922,
      0.9698340362759389,
      1.0811961315123857,
      1.3347695951571172,
      0.0,
      1.062985205528675,
      0.8253044138077197,
      1.0156667772708183,
      0.8192842802734696,
      1.1439284837722528,
      1.101252400810779,
      1.1343436090004513,
      1.0976658304685116,
      0.7838016914717679,
      1.0706640718518299,
      0.96471440782961,
      1.1432033476829586,
      1.1630295609417023,
      0.8519342443934241,
      1.2708048443772935,
      0.9696363404785902,
      0.9696363404785902
    ],
    [
      0.8404176202252336,
      1.0916798706163178,
      0.7928360290427673,
      1.2616660015078345,
      0.8589471064287062,
      1.092853470148113,
      0.9083776252731044,
      1.062985205528675,
      0.0,
      1.0963987306477803,
      0.7285170639508928,
      1.4316242692708974,
      1.0823692691693387,
      0.7047728246187537,
      0.8875139923955603,
      0.9154419045173138,
      1.0406261573387028,
      1.1611426462249688,
      0.9416358470864882,
      0.9490850185874261,
      0.9173986535626093,
      1.2096609249003758,
      0.9696363404785902,
      1.1605977419111737,
      1.1605977419111737
    ],
    [
      0.8949911790635715,
      1.0949916789562397,
      0.9081034559738456,
      0.9725095273652733,
      1.320331260562523,
      0.7345390005653907,
      1.1355766850240623,
      0.8253044138077197,
      1.0963987306477803,
      0.0,
      1.0289167392109035,
      0.849983124580217,
      1.162101995117429,
      1.2020886907590884,
      1.312074780881696,
      1.118125424875459,
      0.6573069419017937,
      0.5543505724269496,
      0.9200686072498052,
      1.1547463157791287,
      0.8568955455382825,
      1.2708048443772935,
      1.1605977419111737,
      1.3897500129935436,
      1.3897500129935436
    ],
    [
      1.1663657907526646,
      0.7419359975747422,
      0.8139330622270842,
      1.0046309524408013,
      1.2212421725168898,
      1.341458220713033,
      1.0074888939496616,
      1.0156667772708183,
      0.7285170639508928,
      1.0289167392109035,
      0.0,
      1.1700880024264029,
      1.1905620991930133,
      0.9295367346423582,
      1.0622821374479108,
      1.1148899764385667,
      0.6185305075712223,
      0.9020360954002441,
      0.7265339587018119,
      0.9527080990912123,
      0.8519342443934241,
      0.9696363404785902,
      1.3897500129935436,
      0.7571771345760226,
      0.7571771345760226
    ],
    [
      1.0906444129570059,
      0.8222620193638659,
      0.868920606306715,
      0.9358914279714461,
      1.1801274295522022,
      1.267839443826927,
      1.1992309239474195,
      0.8192842802734696,
      1.4316242692708974,
      0.849983124580217,
      1.1700880024264029,
      0.0,
      1.1796144320470041,
      1.3088042567115294,
      0.9378139034537731,
      0.7795399440525651,
      0.9958739666697708,
      0.9047366769248163,
      1.2711678050054867,
      1.1630295609417023,
      1.2096609249003758,
      1.1605977419111737,
      0.7571771345760226,
      0.8555099767084288,
      0.8555099767084288
    ],
    [
      1.0557214791191292,
      0.8932914564419994,
      0.8779137889785442,
      1.066161954474695,
      0.7623358786510818,
      0.7938387710599203,
      1.2611740349791778,
      1.1439284837722528,
      1.0823692691693387,
      1.162101995117429,
      1.1905620991930133,
      1.1796144320470041,
      0.0,
      0.8248567456300888,
      0.95175666478264,
      1.34047454449438,
      1.0215664429415052,
      0.8437784807307838,
      1.1432033476829586,
      0.9173986535626093,
      1.2708048443772935,
      1.3897500129935436,
      0.8555099767084288,
      1.0519772120113646,
      1.0519772120113646
    ],
    [
      1.1796144320470041,
      1.0469489767067486,
      1.0879297524437812,
      1.0822604026837992,
      1.0760293927481446,
      1.0378534396270913,
      0.7002886157517859,
      1.101252400810779,
      0.7047728246187537,
      1.2020886907590884,
      0.9295367346423582,
      1.3088042567115294,
      0.8248567456300888,
      0.0,
      1.1039369786741449,
      0.6656514077594771,
      1.2862560593057677,
      0.96471440782961,
      0.9490850185874261,
      0.8568955455382825,
      0.9696363404785902,
      0.7571771345760226,
      1.0519772120113646,
      1.1080473176369305,
      1.1080473176369305
    ],
    [
      0.9295367346423582,
      1.3088042567115294,
      0.8248567456300888,
      1.1081643240226429,
      0.9808887649070678,
      0.5425047037533992,
      0.8861519576682926,
      1.1343436090004513,
      0.8875139923955603,
      1.312074780881696,
      1.0622821374479108,
      0.9378139034537731,
      0.95175666478264,
      1.1039369786741449,
      0.0,
      0.790202879365551,
      1.0706640718518299,
      0.9416358470864882,
      1.1547463157791287,
      0.8519342443934241,
      1.1605977419111737,
      0.8555099767084288,
      1.1080473176369305,
      1.0575961700386804,
      1.0575961700386804
    ],
    [
      1.312074780881696,
      1.0622821374479108,
      0.9378139034537731,
      0.95175666478264,
      1.1039369786741449,
      0.644794241999344,
      1.2009960834853883,
      1.0976658304685116,
      0.9154419045173138,
      1.118125424875459,
      1.1148899764385667,
      0.7795399440525651,
      1.34047454449438,
      0.6656514077594771,
      0.790202879365551,
      0.0,
      1.1611426462249688,
      0.9200686072498052,
      0.9527080990912123,
      1.2096609249003758,
      1.3897500129935436,
      1.0519772120113646,
      1.0575961700386804,
      0.9654892189000807,
      0.9654892189000807
    ],
    [
      0.9154419045173138,
      1.118125424875459,
      1.1148899764385667,
      0.7795399440525651,
      1.34047454449438,
      0.6656514077594771,
      0.790202879365551,
      0.7838016914717679,
      1.0406261573387028,
      0.6573069419017937,
      0.6185305075712223,
      0.9958739666697708,
      1.0215664429415052,
      1.2862560593057677,
      1.0706640718518299,
      1.1611426462249688,
      0.0,
      0.7265339587018119,
      1.1630295609417023,
      1.2708048443772935,
      0.7571771345760226,
      1.1080473176369305,
      0.9654892189000807,
      1.0498418318014096,
      1.0498418318014096
    ],
    [
      0.7838016914717679,
      1.0406261573387028,
      0.6573069419017937,
      0.6185305075712223,
      0.9958739666697708,
      1.0215664429415052,
      1.2862560593057677,
      1.0706640718518299,
      1.1611426462249688,
      0.5543505724269496,
      0.9020360954002441,
      0.9047366769248163,
      0.8437784807307838,
      0.96471440782961,
      0.9416358470864882,
      0.9200686072498052,
      0.7265339587018119,
      0.0,
      0.9173986535626093,
      0.9696363404785902,
      0.8555099767084288,
      1.0575961700386804,
      1.0498418318014096,
      0.9279383032387254,
      0.9279383032387254
    ],
    [
      1.2862560593057677,
      1.0706640718518299,
      1.1611426462249688,
      0.5543505724269496,
      0.9020360954002441,
      0.9047366769248163,
      0.8437784807307838,
      0.96471440782961,
      0.9416358470864882,
      0.9200686072498052,
      0.7265339587018119,
      1.2711678050054867,
      1.1432033476829586,
      0.9490850185874261,
      1.1547463157791287,
      0.9527080990912123,
      1.1630295609417023,
      0.9173986535626093,
      0.0,
      1.1605977419111737,
      1.0519772120113646,
      0.9654892189000807,
      0.9279383032387254,
      0.9637897744593855,
      0.9637897744593855
    ],
    [
      0.9047366769248163,
      0.8437784807307838,
      0.96471440782961,
      0.9416358470864882,
      0.9200686072498052,
      0.7265339587018119,
      1.2711678050054867,
      1.1432033476829586,
      0.9490850185874261,
      1.1547463157791287,
      0.9527080990912123,
      1.1630295609417023,
      0.9173986535626093,
      0.8568955455382825,
      0.8519342443934241,
      1.2096609249003758,
      1.2708048443772935,
      0.9696363404785902,
      1.1605977419111737,
      0.0,
      1.1080473176369305,
      1.0498418318014096,
      0.9637897744593855,
      1.0588956020917637,
      1.0588956020917637
    ],
    [
      0.9200686072498052,
      0.7265339587018119,
      1.2711678050054867,
      1.1432033476829586,
      0.9490850185874261,
      1.1547463157791287,
      0.9527080990912123,
      1.1630295609417023,
      0.9173986535626093,
      0.8568955455382825,
      0.8519342443934241,
      1.2096609249003758,
      1.2708048443772935,
      0.9696363404785902,
      1.1605977419111737,
      1.3897500129935436,
      0.7571771345760226,
      0.8555099767084288,
      1.0519772120113646,
      1.1080473176369305,
      0.0,
      0.9279383032387254,
      1.0588956020917637,
      1.2806713724034564,
      1.2806713724034564
    ],
    [
      1.1432033476829586,
      0.9490850185874261,
      1.1547463157791287,
      0.9527080990912123,
      1.1630295609417023,
      0.9173986535626093,
      0.8568955455382825,
      0.8519342443934241,
      1.2096609249003758,
      1.2708048443772935,
      0.9696363404785902,
      1.1605977419111737,
      1.3897500129935436,
      0.7571771345760226,
      0.8555099767084288,
      1.0519772120113646,
      1.1080473176369305,
      1.0575961700386804,
      0.9654892189000807,
      1.0498418318014096,
      0.9279383032387254,
      0.0,
      1.2806713724034564,
      1.0905150299626851,
      1.0905150299626851
    ],
    [
      1.1547463157791287,
      0.9527080990912123,
      1.1630295609417023,
      0.9173986535626093,
      0.8568955455382825,
      0.8519342443934241,
      1.2096609249003758,
      1.2708048443772935,
      0.9696363404785902,
      1.1605977419111737,
      1.3897500129935436,
      0.7571771345760226,
      0.8555099767084288,
      1.0519772120113646,
      1.1080473176369305,
      1.0575961700386804,
      0.9654892189000807,
      1.0498418318014096,
      0.9279383032387254,
      0.9637897744593855,
      1.0588956020917637,
      1.2806713724034564,
      0.0,
      0.9235828310248545,
      0.9235828310248545
    ],
    [
      0.9527080990912123,
      1.1630295609417023,
      0.9173986535626093,
      0.8568955455382825,
      0.8519342443934241,
      1.2096609249003758,
      1.2708048443772935,
      0.9696363404785902,
      1.1605977419111737,
      1.3897500129935436,
      0.7571771345760226,
      0.8555099767084288,
      1.0519772120113646,
      1.1080473176369305,
      1.0575961700386804,
      0.9654892189000807,
      1.0498418318014096,
      0.9279383032387254,
      0.9637897744593855,
      1.0588956020917637,
      1.2806713724034564,
      1.0905150299626851,
      0.9235828310248545,
      0.0,
      1.0095913992388743
    ],
    [
      0.9527080990912123,
      1.1630295609417023,
      0.9173986535626093,
      0.8568955455382825,
      0.8519342443934241,
      1.2096609249003758,
      1.2708048443772935,
      0.9696363404785902,
      1.1605977419111737,
      1.3897500129935436,
      0.7571771345760226,
      0.8555099767084288,
      1.0519772120113646,
      1.1080473176369305,
      1.0575961700386804,
      0.9654892189000807,
      1.0498418318014096,
      0.9279383032387254,
      0.9637897744593855,
      1.0588956020917637,
      1.2806713724034564,
      1.0905150299626851,
      0.9235828310248545,
      1.0095913992388743,
      0.0
    ]
  ]
}