{
  "servicechain": {
    "SC1": {
      "resptime": 688.2116172530485,
      "resptime_old": 678.2116172530485,
      "waittime": 674.0024603456147,
      "servicetime": 10.0,
      "networktime": 4.209156907433841,
      "services": {
        "MS1_1": {
          "meanserv": 1.234422381393251,
          "stddevserv": 1.234422381393251,
          "rate": 0.8100954868230222,
          "cv": 1.0,
          "lambda": 0.15
        },
        "MS1_2": {
          "meanserv": 0.36842162927639754,
          "stddevserv": 0.36842162927639754,
          "rate": 2.7142814659499246,
          "cv": 1.0,
          "lambda": 0.15
        },
        "MS1_3": {
          "meanserv": 1.1993573419327062,
          "stddevserv": 1.1993573419327062,
          "rate": 0.8337798627959775,
          "cv": 1.0,
          "lambda": 0.15
        },
        "MS1_4": {
          "meanserv": 0.59605324054708,
          "stddevserv": 0.59605324054708,
          "rate": 1.6777024802048934,
          "cv": 1.0,
          "lambda": 0.15
        },
        "MS1_5": {
          "meanserv": 6.601745406850565,
          "stddevserv": 6.601745406850565,
          "rate": 0.15147509308103732,
          "cv": 1.0,
          "lambda": 0.15
        }
      },
      "sensors": [
        "S1"
      ],
      "sources": [
        {
          "startTime": 0,
          "stopTime": -1,
          "lambda": 0.15
        }
      ]
    },
    "SC2": {
      "resptime": 23.594602889728765,
      "resptime_old": 13.594602889728769,
      "waittime": 9.00397195393751,
      "servicetime": 10.0,
      "networktime": 4.590630935791258,
      "services": {
        "MS2_1": {
          "meanserv": 3.0994592370439156,
          "stddevserv": 3.0994592370439156,
          "rate": 0.3226369258379865,
          "cv": 1.0,
          "lambda": 0.15
        },
        "MS2_2": {
          "meanserv": 3.080265330625484,
          "stddevserv": 3.080265330625484,
          "rate": 0.3246473575044064,
          "cv": 1.0,
          "lambda": 0.15
        },
        "MS2_3": {
          "meanserv": 2.959454863179724,
          "stddevserv": 2.959454863179724,
          "rate": 0.33790006816511164,
          "cv": 1.0,
          "lambda": 0.15
        },
        "MS2_4": {
          "meanserv": 0.23999763432265553,
          "stddevserv": 0.23999763432265553,
          "rate": 4.166707737858736,
          "cv": 1.0,
          "lambda": 0.15
        },
        "MS2_5": {
          "meanserv": 0.6208229348282206,
          "stddevserv": 0.6208229348282206,
          "rate": 1.6107652341753391,
          "cv": 1.0,
          "lambda": 0.15
        }
      },
      "sensors": [
        "S2"
      ],
      "sources": [
        {
          "startTime": 0,
          "stopTime": -1,
          "lambda": 0.15
        }
      ]
    },
    "SC3": {
      "resptime": 42.41105148022852,
      "resptime_old": 32.41105148022852,
      "waittime": 28.75346713543839,
      "servicetime": 10.0,
      "networktime": 3.657584344790134,
      "services": {
        "MS3_1": {
          "meanserv": 1.7002566515217532,
          "stddevserv": 1.7002566515217532,
          "rate": 0.5881465007679789,
          "cv": 1.0,
          "lambda": 0.15
        },
        "MS3_2": {
          "meanserv": 1.3115050866865332,
          "stddevserv": 1.3115050866865332,
          "rate": 0.7624827460840897,
          "cv": 1.0,
          "lambda": 0.15
        },
        "MS3_3": {
          "meanserv": 5.4624116789686985,
          "stddevserv": 5.4624116789686985,
          "rate": 0.1830693215324993,
          "cv": 1.0,
          "lambda": 0.15
        },
        "MS3_4": {
          "meanserv": 1.0373146489537888,
          "stddevserv": 1.0373146489537888,
          "rate": 0.9640276467787056,
          "cv": 1.0,
          "lambda": 0.15
        },
        "MS3_5": {
          "meanserv": 0.4885119338692263,
          "stddevserv": 0.4885119338692263,
          "rate": 2.047032898622489,
          "cv": 1.0,
          "lambda": 0.15
        }
      },
      "sensors": [
        "S3"
      ],
      "sources": [
        {
          "startTime": 0,
          "stopTime": -1,
          "lambda": 0.15
        }
      ]
    },
    "SC4": {
      "resptime": 84.42874554706964,
      "resptime_old": 74.42874554706964,
      "waittime": 72.25101363645736,
      "servicetime": 10.0,
      "networktime": 2.177731910612281,
      "services": {
        "MS4_1": {
          "meanserv": 0.550227408029289,
          "stddevserv": 0.550227408029289,
          "rate": 1.8174303668034821,
          "cv": 1.0,
          "lambda": 0.15
        },
        "MS4_2": {
          "meanserv": 0.43271615450904855,
          "stddevserv": 0.43271615450904855,
          "rate": 2.3109837466885903,
          "cv": 1.0,
          "lambda": 0.15
        },
        "MS4_3": {
          "meanserv": 1.6475326003096658,
          "stddevserv": 1.6475326003096658,
          "rate": 0.6069682626080011,
          "cv": 1.0,
          "lambda": 0.15
        },
        "MS4_4": {
          "meanserv": 1.2724098757606073,
          "stddevserv": 1.2724098757606073,
          "rate": 0.7859102786374013,
          "cv": 1.0,
          "lambda": 0.15
        },
        "MS4_5": {
          "meanserv": 6.09711396139139,
          "stddevserv": 6.09711396139139,
          "rate": 0.16401202377588417,
          "cv": 1.0,
          "lambda": 0.15
        }
      },
      "sensors": [
        "S4"
      ],
      "sources": [
        {
          "startTime": 0,
          "stopTime": -1,
          "lambda": 0.15
        }
      ]
    }
  },
  "microservice": {
    "MS1_1": "F5",
    "MS1_2": "F7",
    "MS1_3": "F7",
    "MS1_4": "F7",
    "MS1_5": "F3",
    "MS2_1": "F10",
    "MS2_2": "F4",
    "MS2_3": "F1",
    "MS2_4": "F7",
    "MS2_5": "F7",
    "MS3_1": "F2",
    "MS3_2": "F2",
    "MS3_3": "F6",
    "MS3_4": "F5",
    "MS3_5": "F5",
    "MS4_1": "F8",
    "MS4_2": "F8",
    "MS4_3": "F8",
    "MS4_4": "F8",
    "MS4_5": "F9"
  },
  "sensor": {
    "S1": "F5",
    "S2": "F10",
    "S3": "F2",
    "S4": "F8"
  },
  "fog": {
    "F1": {
      "rho": 0.44391822947695864,
      "capacity": 1.0,
      "tserv": 2.959454863179724,
      "stddev": 2.959454863179724,
      "mu": 0.33790006816511164,
      "cv": 1.0,
      "lambda": 0.15,
      "twait": 2.362522982625416
    },
    "F2": {
      "rho": 0.451764260731243,
      "capacity": 1.0,
      "tserv": 1.5058808691041434,
      "stddev": 1.5307648681344777,
      "mu": 0.6640631543416216,
      "cv": 1.0165245468887176,
      "lambda": 0.3,
      "twait": 1.2615699624760077
    },
    "F3": {
      "rho": 0.9902618110275848,
      "capacity": 1.0,
      "tserv": 6.601745406850565,
      "stddev": 6.601745406850565,
      "mu": 0.15147509308103732,
      "cv": 1.0,
      "lambda": 0.15,
      "twait": 671.3215754026917
    },
    "F4": {
      "rho": 0.4620397995938226,
      "capacity": 1.0,
      "tserv": 3.080265330625484,
      "stddev": 3.080265330625484,
      "mu": 0.3246473575044064,
      "cv": 1.0,
      "lambda": 0.15,
      "twait": 2.6455584910992154
    },
    "F5": {
      "rho": 0.41403734463243985,
      "capacity": 1.0,
      "tserv": 0.9200829880720888,
      "stddev": 1.022622494290004,
      "mu": 1.0868584822933927,
      "cv": 1.1114459321031172,
      "lambda": 0.44999999999999996,
      "twait": 0.7266156418374968
    },
    "F6": {
      "rho": 0.8193617518453047,
      "capacity": 1.0,
      "tserv": 5.4624116789686985,
      "stddev": 5.4624116789686985,
      "mu": 0.1830693215324993,
      "cv": 1.0,
      "lambda": 0.15,
      "twait": 24.77709592681138
    },
    "F7": {
      "rho": 0.4536979171360589,
      "capacity": 1.0,
      "tserv": 0.6049305561814119,
      "stddev": 0.7635809145120253,
      "mu": 1.6530823080130725,
      "cv": 1.2622621005162713,
      "lambda": 0.75,
      "twait": 0.6514231003618501
    },
    "F8": {
      "rho": 0.5854329057912916,
      "capacity": 1.0,
      "tserv": 0.9757215096521527,
      "stddev": 1.2081637105831788,
      "mu": 1.0248826023692996,
      "cv": 1.2382259677906378,
      "lambda": 0.6,
      "twait": 1.7452123308806484
    },
    "F9": {
      "rho": 0.9145670942087085,
      "capacity": 1.0,
      "tserv": 6.09711396139139,
      "stddev": 6.09711396139139,
      "mu": 0.16401202377588417,
      "cv": 1.0,
      "lambda": 0.15,
      "twait": 65.27016431293477
    },
    "F10": {
      "rho": 0.46491888555658734,
      "capacity": 1.0,
      "tserv": 3.0994592370439156,
      "stddev": 3.0994592370439156,
      "mu": 0.3226369258379865,
      "cv": 1.0,
      "lambda": 0.15,
      "twait": 2.69304427948918
    }
  },
  "extra": {
    "conv_gen": 13,
    "max_gen": 600,
    "population": 600,
    "deltatime": 39.1810593,
    "obj_func": 209.66150429251886
  },
  "network": [
    [
      0.0,
      2.0091840016038334,
      1.8985172109391428,
      1.669074437565395,
      2.0066572994749334,
      2.2987356739675566,
      1.412160644965873,
      1.9367502269705503,
      2.2720875934253986,
      2.2720875934253986
    ],
    [
      2.0091840016038334,
      0.0,
      1.9776833265906417,
      2.0735708338675174,
      2.054324623336939,
      2.1224583628289313,
      1.5351259819612026,
      2.2720875934253986,
      2.2724066804632908,
      2.2724066804632908
    ],
    [
      1.8985172109391428,
      1.9776833265906417,
      0.0,
      2.3143568327419546,
      2.2609299067487405,
      0.9021335106500206,
      1.9367502269705503,
      2.2724066804632908,
      2.197627456175247,
      2.197627456175247
    ],
    [
      1.669074437565395,
      2.0735708338675174,
      2.3143568327419546,
      0.0,
      2.163894267845071,
      1.412160644965873,
      2.2720875934253986,
      2.197627456175247,
      1.5093958532599896,
      1.5093958532599896
    ],
    [
      2.0066572994749334,
      2.054324623336939,
      2.2609299067487405,
      2.163894267845071,
      0.0,
      1.5351259819612026,
      2.2724066804632908,
      1.5093958532599896,
      2.455072056447042,
      2.455072056447042
    ],
    [
      2.2987356739675566,
      2.1224583628289313,
      0.9021335106500206,
      1.412160644965873,
      1.5351259819612026,
      0.0,
      2.197627456175247,
      2.455072056447042,
      2.3338145475177585,
      2.3338145475177585
    ],
    [
      1.412160644965873,
      1.5351259819612026,
      1.9367502269705503,
      2.2720875934253986,
      2.2724066804632908,
      2.197627456175247,
      0.0,
      2.3338145475177585,
      1.9922658484347726,
      1.9922658484347726
    ],
    [
      1.9367502269705503,
      2.2720875934253986,
      2.2724066804632908,
      2.197627456175247,
      1.5093958532599896,
      2.455072056447042,
      2.3338145475177585,
      0.0,
      2.177731910612281,
      2.177731910612281
    ],
    [
      2.2720875934253986,
      2.2724066804632908,
      2.197627456175247,
      1.5093958532599896,
      2.455072056447042,
      2.3338145475177585,
      1.9922658484347726,
      2.177731910612281,
      0.0,
      2.126655628287886
    ],
    [
      2.2720875934253986,
      2.2724066804632908,
      2.197627456175247,
      1.5093958532599896,
      2.455072056447042,
      2.3338145475177585,
      1.9922658484347726,
      2.177731910612281,
      2.126655628287886,
      0.0
    ]
  ]
}