{
  "servicechain": {
    "SC1": {
      "resptime": 36.2336898816241,
      "resptime_old": 26.2336898816241,
      "waittime": 22.5950587440534,
      "servicetime": 10.0,
      "networktime": 3.638631137570701,
      "services": {
        "MS1_1": {
          "meanserv": 0.07623074597672086,
          "stddevserv": 0.07623074597672086,
          "rate": 13.118066564708384,
          "cv": 1.0,
          "lambda": 0.15
        },
        "MS1_2": {
          "meanserv": 0.16789590070586224,
          "stddevserv": 0.16789590070586224,
          "rate": 5.956071564557765,
          "cv": 1.0,
          "lambda": 0.15
        },
        "MS1_3": {
          "meanserv": 0.12608912518464632,
          "stddevserv": 0.12608912518464632,
          "rate": 7.930898073371425,
          "cv": 1.0,
          "lambda": 0.15
        },
        "MS1_4": {
          "meanserv": 3.3669952465995063,
          "stddevserv": 3.3669952465995063,
          "rate": 0.2970007162944317,
          "cv": 1.0,
          "lambda": 0.15
        },
        "MS1_5": {
          "meanserv": 2.497991305249178,
          "stddevserv": 2.497991305249178,
          "rate": 0.4003216495984756,
          "cv": 1.0,
          "lambda": 0.15
        },
        "MS1_6": {
          "meanserv": 2.2032520380999046,
          "stddevserv": 2.2032520380999046,
          "rate": 0.4538745375959824,
          "cv": 1.0,
          "lambda": 0.15
        },
        "MS1_7": {
          "meanserv": 1.5615456381841817,
          "stddevserv": 1.5615456381841817,
          "rate": 0.6403911455081351,
          "cv": 1.0,
          "lambda": 0.15
        }
      },
      "sensors": [
        "S1"
      ],
      "sources": [
        {
          "startTime": 0,
          "stopTime": -1,
          "lambda": 0.15
        }
      ]
    },
    "SC2": {
      "resptime": 30.675143122658117,
      "resptime_old": 20.675143122658117,
      "waittime": 16.362724113505976,
      "servicetime": 10.0,
      "networktime": 4.312419009152141,
      "services": {
        "MS2_1": {
          "meanserv": 3.460980907259248,
          "stddevserv": 3.460980907259248,
          "rate": 0.28893542807547595,
          "cv": 1.0,
          "lambda": 0.15
        },
        "MS2_2": {
          "meanserv": 0.8950840699378229,
          "stddevserv": 0.8950840699378229,
          "rate": 1.1172134926604884,
          "cv": 1.0,
          "lambda": 0.15
        },
        "MS2_3": {
          "meanserv": 2.9826213170854796,
          "stddevserv": 2.9826213170854796,
          "rate": 0.3352755491525714,
          "cv": 1.0,
          "lambda": 0.15
        },
        "MS2_4": {
          "meanserv": 0.6726573499495379,
          "stddevserv": 0.6726573499495379,
          "rate": 1.4866410068588696,
          "cv": 1.0,
          "lambda": 0.15
        },
        "MS2_5": {
          "meanserv": 0.1779465779378775,
          "stddevserv": 0.1779465779378775,
          "rate": 5.619664123853552,
          "cv": 1.0,
          "lambda": 0.15
        },
        "MS2_6": {
          "meanserv": 1.215930208260799,
          "stddevserv": 1.215930208260799,
          "rate": 0.8224156232045144,
          "cv": 1.0,
          "lambda": 0.15
        },
        "MS2_7": {
          "meanserv": 0.5947795695692353,
          "stddevserv": 0.5947795695692353,
          "rate": 1.6812951405244847,
          "cv": 1.0,
          "lambda": 0.15
        }
      },
      "sensors": [
        "S2"
      ],
      "sources": [
        {
          "startTime": 0,
          "stopTime": -1,
          "lambda": 0.15
        }
      ]
    },
    "SC3": {
      "resptime": 35.20367941395243,
      "resptime_old": 25.20367941395243,
      "waittime": 19.87201731707367,
      "servicetime": 10.0,
      "networktime": 5.331662096878756,
      "services": {
        "MS3_1": {
          "meanserv": 2.475548923038949,
          "stddevserv": 2.475548923038949,
          "rate": 0.40395081296652946,
          "cv": 1.0,
          "lambda": 0.15
        },
        "MS3_2": {
          "meanserv": 0.22707739415021067,
          "stddevserv": 0.22707739415021067,
          "rate": 4.403784902245728,
          "cv": 1.0,
          "lambda": 0.15
        },
        "MS3_3": {
          "meanserv": 2.818737940522902,
          "stddevserv": 2.818737940522902,
          "rate": 0.3547687018448018,
          "cv": 1.0,
          "lambda": 0.15
        },
        "MS3_4": {
          "meanserv": 0.04047097476497541,
          "stddevserv": 0.04047097476497541,
          "rate": 24.70906633228476,
          "cv": 1.0,
          "lambda": 0.15
        },
        "MS3_5": {
          "meanserv": 1.0829333544924697,
          "stddevserv": 1.0829333544924697,
          "rate": 0.9234178593276984,
          "cv": 1.0,
          "lambda": 0.15
        },
        "MS3_6": {
          "meanserv": 1.4226906862965514,
          "stddevserv": 1.4226906862965514,
          "rate": 0.7028934747602305,
          "cv": 1.0,
          "lambda": 0.15
        },
        "MS3_7": {
          "meanserv": 1.9325407267339418,
          "stddevserv": 1.9325407267339418,
          "rate": 0.5174535191762987,
          "cv": 1.0,
          "lambda": 0.15
        }
      },
      "sensors": [
        "S3"
      ],
      "sources": [
        {
          "startTime": 0,
          "stopTime": -1,
          "lambda": 0.15
        }
      ]
    },
    "SC4": {
      "resptime": 29.694863858278904,
      "resptime_old": 19.694863858278904,
      "waittime": 14.91740780448005,
      "servicetime": 10.0,
      "networktime": 4.777456053798855,
      "services": {
        "MS4_1": {
          "meanserv": 0.9363750006890248,
          "stddevserv": 0.9363750006890248,
          "rate": 1.067948203726239,
          "cv": 1.0,
          "lambda": 0.15
        },
        "MS4_2": {
          "meanserv": 0.9021109439817276,
          "stddevserv": 0.9021109439817276,
          "rate": 1.1085111057252124,
          "cv": 1.0,
          "lambda": 0.15
        },
        "MS4_3": {
          "meanserv": 0.901078133313318,
          "stddevserv": 0.901078133313318,
          "rate": 1.1097816748953173,
          "cv": 1.0,
          "lambda": 0.15
        },
        "MS4_4": {
          "meanserv": 1.9500073936230509,
          "stddevserv": 1.9500073936230509,
          "rate": 0.5128185684168265,
          "cv": 1.0,
          "lambda": 0.15
        },
        "MS4_5": {
          "meanserv": 3.260522077643593,
          "stddevserv": 3.260522077643593,
          "rate": 0.306699349425264,
          "cv": 1.0,
          "lambda": 0.15
        },
        "MS4_6": {
          "meanserv": 1.75515418310676,
          "stddevserv": 1.75515418310676,
          "rate": 0.5697505151541284,
          "cv": 1.0,
          "lambda": 0.15
        },
        "MS4_7": {
          "meanserv": 0.2947522676425258,
          "stddevserv": 0.2947522676425258,
          "rate": 3.3926795813927217,
          "cv": 1.0,
          "lambda": 0.15
        }
      },
      "sensors": [
        "S4"
      ],
      "sources": [
        {
          "startTime": 0,
          "stopTime": -1,
          "lambda": 0.15
        }
      ]
    }
  },
  "microservice": {
    "MS1_1": "F4",
    "MS1_2": "F4",
    "MS1_3": "F4",
    "MS1_4": "F8",
    "MS1_5": "F5",
    "MS1_6": "F5",
    "MS1_7": "F2",
    "MS2_1": "F7",
    "MS2_2": "F10",
    "MS2_3": "F10",
    "MS2_4": "F4",
    "MS2_5": "F4",
    "MS2_6": "F3",
    "MS2_7": "F4",
    "MS3_1": "F6",
    "MS3_2": "F4",
    "MS3_3": "F2",
    "MS3_4": "F4",
    "MS3_5": "F9",
    "MS3_6": "F9",
    "MS3_7": "F9",
    "MS4_1": "F4",
    "MS4_2": "F4",
    "MS4_3": "F3",
    "MS4_4": "F3",
    "MS4_5": "F1",
    "MS4_6": "F6",
    "MS4_7": "F4"
  },
  "sensor": {
    "S1": "F4",
    "S2": "F7",
    "S3": "F6",
    "S4": "F4"
  },
  "fog": {
    "F1": {
      "rho": 0.48907831164653887,
      "capacity": 1.0,
      "tserv": 3.260522077643593,
      "stddev": 3.260522077643593,
      "mu": 0.306699349425264,
      "cv": 1.0,
      "lambda": 0.15,
      "twait": 3.1211253488949504
    },
    "F2": {
      "rho": 0.6570425368060625,
      "capacity": 1.0,
      "tserv": 2.1901417893535418,
      "stddev": 2.3636808794764574,
      "mu": 0.4565914430111702,
      "cv": 1.0792364635780676,
      "lambda": 0.3,
      "twait": 4.541543546292574
    },
    "F3": {
      "rho": 0.6100523602795751,
      "capacity": 1.0,
      "tserv": 1.3556719117323892,
      "stddev": 1.491350039503559,
      "mu": 0.7376416014418398,
      "cv": 1.1000818314497562,
      "lambda": 0.44999999999999996,
      "twait": 2.3437596313890396
    },
    "F4": {
      "rho": 0.6324578775828514,
      "capacity": 1.0,
      "tserv": 0.38330780459566766,
      "stddev": 0.5893587727108578,
      "mu": 2.6088693942844454,
      "cv": 1.5375600643783995,
      "lambda": 1.6499999999999997,
      "twait": 1.109455487842646
    },
    "F5": {
      "rho": 0.7051865015023623,
      "capacity": 1.0,
      "tserv": 2.350621671674541,
      "stddev": 2.3598427619538254,
      "mu": 0.4254193739682566,
      "cv": 1.0039228304539178,
      "lambda": 0.3,
      "twait": 5.644728020101547
    },
    "F6": {
      "rho": 0.6346054659218563,
      "capacity": 1.0,
      "tserv": 2.1153515530728546,
      "stddev": 2.1758208758417408,
      "mu": 0.472734661313083,
      "cv": 1.028585944818981,
      "lambda": 0.3,
      "twait": 3.780396729279082
    },
    "F7": {
      "rho": 0.5191471360888872,
      "capacity": 1.0,
      "tserv": 3.460980907259248,
      "stddev": 3.460980907259248,
      "mu": 0.28893542807547595,
      "cv": 1.0,
      "lambda": 0.15,
      "twait": 3.7366073094535914
    },
    "F8": {
      "rho": 0.5050492869899259,
      "capacity": 1.0,
      "tserv": 3.3669952465995063,
      "stddev": 3.3669952465995063,
      "mu": 0.2970007162944317,
      "cv": 1.0,
      "lambda": 0.15,
      "twait": 3.4356926940297963
    },
    "F9": {
      "rho": 0.6657247151284446,
      "capacity": 1.0,
      "tserv": 1.4793882558409879,
      "stddev": 1.55962018503486,
      "mu": 0.6759550753845412,
      "cv": 1.054233179746491,
      "lambda": 0.44999999999999996,
      "twait": 3.1103886886055756
    },
    "F10": {
      "rho": 0.5816558080534954,
      "capacity": 1.0,
      "tserv": 1.9388526935116512,
      "stddev": 2.4368125997400356,
      "mu": 0.5157689407485616,
      "cv": 1.2568322533706668,
      "lambda": 0.3,
      "twait": 3.476995354567704
    }
  },
  "extra": {
    "deltatime": 1.3523351,
    "conv": 17,
    "obj_func": 32.951844069128384
  },
  "network": [
    [
      0.0,
      1.7369547145158222,
      0.9645155439430555,
      1.472344506627123,
      1.8326347545588426,
      1.5076524768059514,
      1.3382870351742433,
      1.154902059003406,
      1.6294434196872574,
      1.6294434196872574
    ],
    [
      1.7369547145158222,
      0.0,
      1.6611683011111211,
      1.4865604523370934,
      1.2179621846870357,
      1.320813336903441,
      1.3801108066810601,
      1.6294434196872574,
      1.6283201274196197,
      1.6283201274196197
    ],
    [
      0.9645155439430555,
      1.6611683011111211,
      0.0,
      0.9670009978756047,
      1.7874982331811042,
      1.6196389507743736,
      1.154902059003406,
      1.6283201274196197,
      1.4004147958533397,
      1.4004147958533397
    ],
    [
      1.472344506627123,
      1.4865604523370934,
      0.9670009978756047,
      0.0,
      1.4296645571248727,
      1.3382870351742433,
      1.6294434196872574,
      1.4004147958533397,
      1.0202541570303258,
      1.0202541570303258
    ],
    [
      1.8326347545588426,
      1.2179621846870357,
      1.7874982331811042,
      1.4296645571248727,
      0.0,
      1.3801108066810601,
      1.6283201274196197,
      1.0202541570303258,
      0.9424296253571646,
      0.9424296253571646
    ],
    [
      1.5076524768059514,
      1.320813336903441,
      1.6196389507743736,
      1.3382870351742433,
      1.3801108066810601,
      0.0,
      1.4004147958533397,
      0.9424296253571646,
      1.6313195012952697,
      1.6313195012952697
    ],
    [
      1.3382870351742433,
      1.3801108066810601,
      1.154902059003406,
      1.6294434196872574,
      1.6283201274196197,
      1.4004147958533397,
      0.0,
      1.6313195012952697,
      1.358162856370605,
      1.358162856370605
    ],
    [
      1.154902059003406,
      1.6294434196872574,
      1.6283201274196197,
      1.4004147958533397,
      1.0202541570303258,
      0.9424296253571646,
      1.6313195012952697,
      0.0,
      1.7577225257631537,
      1.7577225257631537
    ],
    [
      1.6294434196872574,
      1.6283201274196197,
      1.4004147958533397,
      1.0202541570303258,
      0.9424296253571646,
      1.6313195012952697,
      1.358162856370605,
      1.7577225257631537,
      0.0,
      1.325716017625616
    ],
    [
      1.6294434196872574,
      1.6283201274196197,
      1.4004147958533397,
      1.0202541570303258,
      0.9424296253571646,
      1.6313195012952697,
      1.358162856370605,
      1.7577225257631537,
      1.325716017625616,
      0.0
    ]
  ]
}