{
  "servicechain": {
    "SC1": {
      "resptime": 10047.733667125256,
      "resptime_old": 10037.733667125254,
      "waittime": 10032.956807438126,
      "servicetime": 10.0,
      "networktime": 4.776859687129977,
      "services": {
        "MS1_1": {
          "meanserv": 1.949942813858051,
          "stddevserv": 1.949942813858051,
          "rate": 0.5128355523521504,
          "cv": 1.0,
          "lambda": 0.375
        },
        "MS1_2": {
          "meanserv": 0.9996711572417227,
          "stddevserv": 0.9996711572417227,
          "rate": 1.0003289509314088,
          "cv": 1.0,
          "lambda": 0.375
        },
        "MS1_3": {
          "meanserv": 1.6215106906926455,
          "stddevserv": 1.6215106906926455,
          "rate": 0.6167088541197587,
          "cv": 1.0,
          "lambda": 0.375
        },
        "MS1_4": {
          "meanserv": 1.1582673656842815,
          "stddevserv": 1.1582673656842815,
          "rate": 0.8633585212074242,
          "cv": 1.0,
          "lambda": 0.375
        },
        "MS1_5": {
          "meanserv": 0.5657323957329368,
          "stddevserv": 0.5657323957329368,
          "rate": 1.7676201814542478,
          "cv": 1.0,
          "lambda": 0.375
        },
        "MS1_6": {
          "meanserv": 0.10598517514569394,
          "stddevserv": 0.10598517514569394,
          "rate": 9.43528185546079,
          "cv": 1.0,
          "lambda": 0.375
        },
        "MS1_7": {
          "meanserv": 3.0140713267779216,
          "stddevserv": 3.0140713267779216,
          "rate": 0.33177715176004546,
          "cv": 1.0,
          "lambda": 0.375
        },
        "MS1_8": {
          "meanserv": 0.28671354913492664,
          "stddevserv": 0.28671354913492664,
          "rate": 3.487801685749433,
          "cv": 1.0,
          "lambda": 0.375
        },
        "MS1_9": {
          "meanserv": 0.2167131589853799,
          "stddevserv": 0.2167131589853799,
          "rate": 4.614394458932985,
          "cv": 1.0,
          "lambda": 0.375
        },
        "MS1_10": {
          "meanserv": 0.08139236674644046,
          "stddevserv": 0.08139236674644046,
          "rate": 12.286164415334847,
          "cv": 1.0,
          "lambda": 0.375
        }
      },
      "sensors": [
        "S1"
      ],
      "sources": [
        {
          "startTime": 0,
          "stopTime": -1,
          "lambda": 0.375
        }
      ]
    },
    "SC2": {
      "resptime": 56.85252898835754,
      "resptime_old": 46.85252898835754,
      "waittime": 42.018286505054725,
      "servicetime": 10.0,
      "networktime": 4.834242483302814,
      "services": {
        "MS2_1": {
          "meanserv": 0.3052953990973728,
          "stddevserv": 0.3052953990973728,
          "rate": 3.275516116379644,
          "cv": 1.0,
          "lambda": 0.375
        },
        "MS2_2": {
          "meanserv": 0.43608755830905066,
          "stddevserv": 0.43608755830905066,
          "rate": 2.29311747365035,
          "cv": 1.0,
          "lambda": 0.375
        },
        "MS2_3": {
          "meanserv": 2.128810585925163,
          "stddevserv": 2.128810585925163,
          "rate": 0.46974587904231435,
          "cv": 1.0,
          "lambda": 0.375
        },
        "MS2_4": {
          "meanserv": 1.6267868356797939,
          "stddevserv": 1.6267868356797939,
          "rate": 0.614708687129328,
          "cv": 1.0,
          "lambda": 0.375
        },
        "MS2_5": {
          "meanserv": 2.2769159913468764,
          "stddevserv": 2.2769159913468764,
          "rate": 0.4391905559099985,
          "cv": 1.0,
          "lambda": 0.375
        },
        "MS2_6": {
          "meanserv": 0.516737777528232,
          "stddevserv": 0.516737777528232,
          "rate": 1.9352175193836392,
          "cv": 1.0,
          "lambda": 0.375
        },
        "MS2_7": {
          "meanserv": 2.343228401127962,
          "stddevserv": 2.343228401127962,
          "rate": 0.4267616419801967,
          "cv": 1.0,
          "lambda": 0.375
        },
        "MS2_8": {
          "meanserv": 0.12616778092825243,
          "stddevserv": 0.12616778092825243,
          "rate": 7.925953778712079,
          "cv": 1.0,
          "lambda": 0.375
        },
        "MS2_9": {
          "meanserv": 0.11329291566103805,
          "stddevserv": 0.11329291566103805,
          "rate": 8.826677238953826,
          "cv": 1.0,
          "lambda": 0.375
        },
        "MS2_10": {
          "meanserv": 0.12667675439625903,
          "stddevserv": 0.12667675439625903,
          "rate": 7.894108155564899,
          "cv": 1.0,
          "lambda": 0.375
        }
      },
      "sensors": [
        "S2"
      ],
      "sources": [
        {
          "startTime": 0,
          "stopTime": -1,
          "lambda": 0.375
        }
      ]
    },
    "SC3": {
      "resptime": 10051.118615207391,
      "resptime_old": 10041.11861520739,
      "waittime": 10036.256199560365,
      "servicetime": 10.0,
      "networktime": 4.862415647027058,
      "services": {
        "MS3_1": {
          "meanserv": 1.6973143992193174,
          "stddevserv": 1.6973143992193174,
          "rate": 0.5891660381011036,
          "cv": 1.0,
          "lambda": 0.375
        },
        "MS3_2": {
          "meanserv": 0.9159483781173015,
          "stddevserv": 0.9159483781173015,
          "rate": 1.0917645839992245,
          "cv": 1.0,
          "lambda": 0.375
        },
        "MS3_3": {
          "meanserv": 0.15674335792499594,
          "stddevserv": 0.15674335792499594,
          "rate": 6.379855664943168,
          "cv": 1.0,
          "lambda": 0.375
        },
        "MS3_4": {
          "meanserv": 0.8180098884682518,
          "stddevserv": 0.8180098884682518,
          "rate": 1.2224791094793854,
          "cv": 1.0,
          "lambda": 0.375
        },
        "MS3_5": {
          "meanserv": 2.666008671278205,
          "stddevserv": 2.666008671278205,
          "rate": 0.3750925534389034,
          "cv": 1.0,
          "lambda": 0.375
        },
        "MS3_6": {
          "meanserv": 2.136763284977027,
          "stddevserv": 2.136763284977027,
          "rate": 0.46799755828393097,
          "cv": 1.0,
          "lambda": 0.375
        },
        "MS3_7": {
          "meanserv": 0.30826911944091506,
          "stddevserv": 0.30826911944091506,
          "rate": 3.2439188259064875,
          "cv": 1.0,
          "lambda": 0.375
        },
        "MS3_8": {
          "meanserv": 0.6561657254330147,
          "stddevserv": 0.6561657254330147,
          "rate": 1.5240052341046668,
          "cv": 1.0,
          "lambda": 0.375
        },
        "MS3_9": {
          "meanserv": 0.05547983247804389,
          "stddevserv": 0.05547983247804389,
          "rate": 18.024567763353456,
          "cv": 1.0,
          "lambda": 0.375
        },
        "MS3_10": {
          "meanserv": 0.5892973426629275,
          "stddevserv": 0.5892973426629275,
          "rate": 1.6969362113210655,
          "cv": 1.0,
          "lambda": 0.375
        }
      },
      "sensors": [
        "S3"
      ],
      "sources": [
        {
          "startTime": 0,
          "stopTime": -1,
          "lambda": 0.375
        }
      ]
    },
    "SC4": {
      "resptime": 10045.872726707605,
      "resptime_old": 10035.872726707606,
      "waittime": 10030.136668358578,
      "servicetime": 10.0,
      "networktime": 5.736058349026962,
      "services": {
        "MS4_1": {
          "meanserv": 1.679786948167581,
          "stddevserv": 1.679786948167581,
          "rate": 0.5953135908639271,
          "cv": 1.0,
          "lambda": 0.375
        },
        "MS4_2": {
          "meanserv": 1.5420103061420178,
          "stddevserv": 1.5420103061420178,
          "rate": 0.6485040962546594,
          "cv": 1.0,
          "lambda": 0.375
        },
        "MS4_3": {
          "meanserv": 1.1651387021875337,
          "stddevserv": 1.1651387021875337,
          "rate": 0.8582669154517931,
          "cv": 1.0,
          "lambda": 0.375
        },
        "MS4_4": {
          "meanserv": 0.25010031040793024,
          "stddevserv": 0.25010031040793024,
          "rate": 3.9983956771942166,
          "cv": 1.0,
          "lambda": 0.375
        },
        "MS4_5": {
          "meanserv": 3.2787765990273066,
          "stddevserv": 3.2787765990273066,
          "rate": 0.3049918070955684,
          "cv": 1.0,
          "lambda": 0.375
        },
        "MS4_6": {
          "meanserv": 0.40404163011100547,
          "stddevserv": 0.40404163011100547,
          "rate": 2.474992489574063,
          "cv": 1.0,
          "lambda": 0.375
        },
        "MS4_7": {
          "meanserv": 0.127748304141722,
          "stddevserv": 0.127748304141722,
          "rate": 7.827892563572628,
          "cv": 1.0,
          "lambda": 0.375
        },
        "MS4_8": {
          "meanserv": 0.40732797376067076,
          "stddevserv": 0.40732797376067076,
          "rate": 2.4550241191820503,
          "cv": 1.0,
          "lambda": 0.375
        },
        "MS4_9": {
          "meanserv": 0.12952079561985208,
          "stddevserv": 0.12952079561985208,
          "rate": 7.720767890702539,
          "cv": 1.0,
          "lambda": 0.375
        },
        "MS4_10": {
          "meanserv": 1.0155484304343805,
          "stddevserv": 1.0155484304343805,
          "rate": 0.9846896219142105,
          "cv": 1.0,
          "lambda": 0.375
        }
      },
      "sensors": [
        "S4"
      ],
      "sources": [
        {
          "startTime": 0,
          "stopTime": -1,
          "lambda": 0.375
        }
      ]
    }
  },
  "microservice": {
    "MS1_1": "F5",
    "MS1_2": "F20",
    "MS1_3": "F8",
    "MS1_4": "F16",
    "MS1_5": "F19",
    "MS1_6": "F19",
    "MS1_7": "F1",
    "MS1_8": "F13",
    "MS1_9": "F13",
    "MS1_10": "F13",
    "MS2_1": "F21",
    "MS2_2": "F21",
    "MS2_3": "F4",
    "MS2_4": "F22",
    "MS2_5": "F3",
    "MS2_6": "F14",
    "MS2_7": "F2",
    "MS2_8": "F18",
    "MS2_9": "F18",
    "MS2_10": "F18",
    "MS3_1": "F6",
    "MS3_2": "F24",
    "MS3_3": "F11",
    "MS3_4": "F25",
    "MS3_5": "F1",
    "MS3_6": "F17",
    "MS3_7": "F10",
    "MS3_8": "F10",
    "MS3_9": "F11",
    "MS3_10": "F11",
    "MS4_1": "F7",
    "MS4_2": "F23",
    "MS4_3": "F12",
    "MS4_4": "F15",
    "MS4_5": "F1",
    "MS4_6": "F21",
    "MS4_7": "F13",
    "MS4_8": "F13",
    "MS4_9": "F13",
    "MS4_10": "F9"
  },
  "sensor": {
    "S1": "F5",
    "S2": "F21",
    "S3": "F6",
    "S4": "F7"
  },
  "fog": {
    "F1": {
      "rho": 3.3595712239062876,
      "capacity": 1.0,
      "tserv": 2.9862855323611446,
      "stddev": 3.0072969328374435,
      "mu": 0.33486416123421975,
      "cv": 1.007035964996852,
      "lambda": 1.125,
      "twait": 10022.606301947273
    },
    "F2": {
      "rho": 0.8787106504229857,
      "capacity": 1.0,
      "tserv": 2.343228401127962,
      "stddev": 2.3432284011279623,
      "mu": 0.4267616419801967,
      "cv": 1.0000000000000002,
      "lambda": 0.375,
      "twait": 16.9760969089653
    },
    "F3": {
      "rho": 0.8538434967550786,
      "capacity": 1.0,
      "tserv": 2.2769159913468764,
      "stddev": 2.2769159913468764,
      "mu": 0.4391905559099985,
      "cv": 1.0,
      "lambda": 0.375,
      "twait": 13.301699676074646
    },
    "F4": {
      "rho": 0.7983039697219362,
      "capacity": 1.0,
      "tserv": 2.128810585925163,
      "stddev": 2.128810585925163,
      "mu": 0.46974587904231435,
      "cv": 1.0,
      "lambda": 0.375,
      "twait": 8.425738172373773
    },
    "F5": {
      "rho": 0.7312285551967691,
      "capacity": 1.0,
      "tserv": 1.949942813858051,
      "stddev": 1.949942813858051,
      "mu": 0.5128355523521504,
      "cv": 1.0,
      "lambda": 0.375,
      "twait": 5.305079442265977
    },
    "F6": {
      "rho": 0.636492899707244,
      "capacity": 1.0,
      "tserv": 1.6973143992193174,
      "stddev": 1.6973143992193171,
      "mu": 0.5891660381011036,
      "cv": 0.9999999999999999,
      "lambda": 0.375,
      "twait": 2.9719600051935786
    },
    "F7": {
      "rho": 0.6299201055628428,
      "capacity": 1.0,
      "tserv": 1.679786948167581,
      "stddev": 1.679786948167581,
      "mu": 0.5953135908639271,
      "cv": 1.0,
      "lambda": 0.375,
      "twait": 2.859197669525082
    },
    "F8": {
      "rho": 0.6080665090097422,
      "capacity": 1.0,
      "tserv": 1.6215106906926458,
      "stddev": 1.6215106906926453,
      "mu": 0.6167088541197586,
      "cv": 0.9999999999999998,
      "lambda": 0.375,
      "twait": 2.515698116331583
    },
    "F9": {
      "rho": 0.3808306614128927,
      "capacity": 1.0,
      "tserv": 1.0155484304343805,
      "stddev": 1.0155484304343805,
      "mu": 0.9846896219142105,
      "cv": 1.0,
      "lambda": 0.375,
      "twait": 0.624630381959297
    },
    "F10": {
      "rho": 0.3616630668277236,
      "capacity": 1.0,
      "tserv": 0.48221742243696486,
      "stddev": 0.5413406198800911,
      "mu": 2.0737533599394564,
      "cv": 1.122606929348047,
      "lambda": 0.75,
      "twait": 0.3087612994335775
    },
    "F11": {
      "rho": 0.3005701998997377,
      "capacity": 1.0,
      "tserv": 0.2671735110219891,
      "stddev": 0.42256780335409505,
      "mu": 3.742886022550706,
      "cv": 1.5816231247539976,
      "lambda": 1.125,
      "twait": 0.20101258736826005
    },
    "F12": {
      "rho": 0.4369270133203252,
      "capacity": 1.0,
      "tserv": 1.1651387021875337,
      "stddev": 1.1651387021875337,
      "mu": 0.8582669154517931,
      "cv": 1.0,
      "lambda": 0.375,
      "twait": 0.9041111637279244
    },
    "F13": {
      "rho": 0.4685310556458719,
      "capacity": 1.0,
      "tserv": 0.20823602473149863,
      "stddev": 0.2612269688914749,
      "mu": 4.80224303786729,
      "cv": 1.2544753926622603,
      "lambda": 2.25,
      "twait": 0.23623580270303204
    },
    "F14": {
      "rho": 0.193776666573087,
      "capacity": 1.0,
      "tserv": 0.516737777528232,
      "stddev": 0.516737777528232,
      "mu": 1.9352175193836392,
      "cv": 1.0,
      "lambda": 0.375,
      "twait": 0.12419849422639356
    },
    "F15": {
      "rho": 0.09378761640297384,
      "capacity": 1.0,
      "tserv": 0.25010031040793024,
      "stddev": 0.25010031040793024,
      "mu": 3.9983956771942166,
      "cv": 1.0,
      "lambda": 0.375,
      "twait": 0.025883901389317347
    },
    "F16": {
      "rho": 0.43435026213160555,
      "capacity": 1.0,
      "tserv": 1.1582673656842815,
      "stddev": 1.1582673656842815,
      "mu": 0.8633585212074242,
      "cv": 1.0,
      "lambda": 0.375,
      "twait": 0.8894085866623401
    },
    "F17": {
      "rho": 0.8012862318663851,
      "capacity": 1.0,
      "tserv": 2.136763284977027,
      "stddev": 2.136763284977027,
      "mu": 0.46799755828393097,
      "cv": 1.0,
      "lambda": 0.375,
      "twait": 8.616207206429841
    },
    "F18": {
      "rho": 0.13730154411958106,
      "capacity": 1.0,
      "tserv": 0.12204581699518317,
      "stddev": 0.12235963827634255,
      "mu": 8.193644195437418,
      "cv": 1.0025713399187763,
      "lambda": 1.125,
      "twait": 0.019474038183185865
    },
    "F19": {
      "rho": 0.2518940890794865,
      "capacity": 1.0,
      "tserv": 0.33585878543931535,
      "stddev": 0.46742365919540213,
      "mu": 2.9774418397064233,
      "cv": 1.3917267597570664,
      "lambda": 0.75,
      "twait": 0.16606238306122215
    },
    "F20": {
      "rho": 0.37487668396564594,
      "capacity": 1.0,
      "tserv": 0.9996711572417226,
      "stddev": 0.9996711572417228,
      "mu": 1.000328950931409,
      "cv": 1.0000000000000002,
      "lambda": 0.375,
      "twait": 0.5994871713636131
    },
    "F21": {
      "rho": 0.4295342203190359,
      "capacity": 1.0,
      "tserv": 0.381808195839143,
      "stddev": 0.3898384541232605,
      "mu": 2.619116118767925,
      "cv": 1.0210321789098018,
      "lambda": 1.125,
      "twait": 0.29359382323588556
    },
    "F22": {
      "rho": 0.6100450633799227,
      "capacity": 1.0,
      "tserv": 1.6267868356797939,
      "stddev": 1.6267868356797939,
      "mu": 0.614708687129328,
      "cv": 1.0,
      "lambda": 0.375,
      "twait": 2.5449434923932905
    },
    "F23": {
      "rho": 0.5782538648032567,
      "capacity": 1.0,
      "tserv": 1.5420103061420178,
      "stddev": 1.5420103061420178,
      "mu": 0.6485040962546594,
      "cv": 1.0,
      "lambda": 0.375,
      "twait": 2.1142420633614387
    },
    "F24": {
      "rho": 0.34348064179398813,
      "capacity": 1.0,
      "tserv": 0.9159483781173016,
      "stddev": 0.9159483781173013,
      "mu": 1.0917645839992243,
      "cv": 0.9999999999999998,
      "lambda": 0.375,
      "twait": 0.47920984024841246
    },
    "F25": {
      "rho": 0.30675370817559444,
      "capacity": 1.0,
      "tserv": 0.8180098884682518,
      "stddev": 0.8180098884682518,
      "mu": 1.2224791094793854,
      "cv": 1.0,
      "lambda": 0.375,
      "twait": 0.3619602002508784
    }
  },
  "extra": {
    "deltatime": 0.1784651,
    "obj_func": 7550.394384507152
  },
  "network": [
    [
      0.0,
      1.1593708177084687,
      0.9822534944055382,
      1.1668869480158286,
      1.2884709255558715,
      1.0950809357442783,
      0.9558148531385211,
      0.9640873093771691,
      1.0664793796985452,
      1.1399669276161828,
      0.9772353419589155,
      0.8841665991372845,
      0.8672843909178032,
      1.026094836902675,
      1.2057321816519657,
      0.9655347218846955,
      0.643321118190826,
      1.181168688474644,
      1.2295789169770317,
      0.7826422812709006,
      0.7667308521594146,
      0.7719357229444397,
      0.7193283540222727,
      0.7163160000971887,
      0.7163160000971887
    ],
    [
      1.1593708177084687,
      0.0,
      0.9709925871930106,
      1.3425064857530222,
      0.9446906738124653,
      0.8443207184271643,
      0.871856691050155,
      0.9558488109105007,
      0.9899434810702832,
      1.1720939253530025,
      0.8732793940289075,
      0.7028430224978018,
      0.8120576159890238,
      1.1067131371775456,
      0.961887296130401,
      0.7666752433033687,
      1.3054235692476939,
      0.9300851587953574,
      1.060405773751625,
      0.9438360221625907,
      0.9572666038283096,
      1.1795162679936193,
      0.7163160000971887,
      1.153065318875977,
      1.153065318875977
    ],
    [
      0.9822534944055382,
      0.9709925871930106,
      0.0,
      0.8460586415393556,
      1.351796830581415,
      1.0525282002779646,
      0.9505024655398365,
      0.8836836434454968,
      0.9509102778168739,
      1.0742090090757783,
      1.1433477464103823,
      0.8274631093623422,
      1.0940794025912017,
      0.58986411026601,
      1.2018815284286406,
      0.6894652123077574,
      0.985981455073316,
      0.841751471548177,
      1.05383985048709,
      1.0352865858717581,
      1.2723364647336008,
      0.7193283540222727,
      1.153065318875977,
      1.1769566533946405,
      1.1769566533946405
    ],
    [
      1.1668869480158286,
      1.3425064857530222,
      0.8460586415393556,
      0.0,
      0.5960786278898851,
      1.2160772939009525,
      0.7966848324757767,
      1.2991453656046796,
      1.1924905482363022,
      1.1056459255971545,
      1.3280904333807946,
      1.1260453844542784,
      1.1909119223374385,
      1.1398186535798032,
      0.8440962760216918,
      0.7801018384726708,
      1.0414487689362617,
      1.2249390432793117,
      1.034748683771798,
      1.0776421751192404,
      0.7719357229444397,
      0.7163160000971887,
      1.1769566533946405,
      1.0825965884193454,
      1.0825965884193454
    ],
    [
      1.2884709255558715,
      0.9446906738124653,
      1.351796830581415,
      0.5960786278898851,
      0.0,
      1.2083096368403798,
      0.9288451886589703,
      1.1412858602103626,
      0.9827253530020525,
      0.8903058970351421,
      0.560806435965607,
      1.2810562406463717,
      1.030496030435995,
      0.6834027968748934,
      0.9428494479932092,
      1.0587258380163536,
      1.0650856167435314,
      0.5362165039903192,
      1.2147180041025456,
      0.7667308521594146,
      1.1795162679936193,
      1.153065318875977,
      1.0825965884193454,
      0.9740344410594295,
      0.9740344410594295
    ],
    [
      1.0950809357442783,
      0.8443207184271643,
      1.0525282002779646,
      1.2160772939009525,
      1.2083096368403798,
      0.0,
      0.8803573224690763,
      0.9471456179956463,
      0.8004345310213052,
      0.9338341894328491,
      0.6882898396821865,
      1.1080862296371838,
      1.032268215163974,
      1.2280557674202268,
      1.104971233914753,
      0.6182408610176533,
      1.0103607826619574,
      0.8877699279530415,
      0.7826422812709006,
      0.9572666038283096,
      0.7193283540222727,
      1.1769566533946405,
      0.9740344410594295,
      0.5988412330485496,
      0.5988412330485496
    ],
    [
      0.9558148531385211,
      0.871856691050155,
      0.9505024655398365,
      0.7966848324757767,
      0.9288451886589703,
      0.8803573224690763,
      0.0,
      1.0809652209976088,
      0.7551506745440688,
      1.0739310048684456,
      1.2280947043741033,
      0.9600855952469923,
      1.1696946426466048,
      0.7166914482408613,
      0.7906959186331008,
      1.0523922434701833,
      0.9108706316720072,
      1.2295789169770317,
      0.9438360221625907,
      1.2723364647336008,
      0.7163160000971887,
      1.0825965884193454,
      0.5988412330485496,
      0.8782124405610017,
      0.8782124405610017
    ],
    [
      0.9640873093771691,
      0.9558488109105007,
      0.8836836434454968,
      1.2991453656046796,
      1.1412858602103626,
      0.9471456179956463,
      1.0809652209976088,
      0.0,
      1.110774165031407,
      1.021164441888024,
      1.189833540367401,
      1.1086024565955823,
      0.5715795669212907,
      1.2648530693698943,
      1.2229473088679725,
      0.4250138040340992,
      1.181168688474644,
      1.060405773751625,
      1.0352865858717581,
      0.7719357229444397,
      1.153065318875977,
      0.9740344410594295,
      0.8782124405610017,
      1.214017615748066,
      1.214017615748066
    ],
    [
      1.0664793796985452,
      0.9899434810702832,
      0.9509102778168739,
      1.1924905482363022,
      0.9827253530020525,
      0.8004345310213052,
      0.7551506745440688,
      1.110774165031407,
      0.0,
      0.9558478563953113,
      1.362097101935357,
      0.9261232765085894,
      0.9061654241049371,
      1.1822673545020475,
      0.8312329961359093,
      0.643321118190826,
      0.9300851587953574,
      1.05383985048709,
      1.0776421751192404,
      1.1795162679936193,
      1.1769566533946405,
      0.5988412330485496,
      1.214017615748066,
      1.0003816564519978,
      1.0003816564519978
    ],
    [
      1.1399669276161828,
      1.1720939253530025,
      1.0742090090757783,
      1.1056459255971545,
      0.8903058970351421,
      0.9338341894328491,
      1.0739310048684456,
      1.021164441888024,
      0.9558478563953113,
      0.0,
      0.6803638137556445,
      0.8878722307344233,
      1.155439798968615,
      1.1290100493992938,
      0.9655347218846955,
      1.3054235692476939,
      0.841751471548177,
      1.034748683771798,
      0.7667308521594146,
      0.7193283540222727,
      1.0825965884193454,
      0.8782124405610017,
      1.0003816564519978,
      1.1200948596241205,
      1.1200948596241205
    ],
    [
      0.9772353419589155,
      0.8732793940289075,
      1.1433477464103823,
      1.3280904333807946,
      0.560806435965607,
      0.6882898396821865,
      1.2280947043741033,
      1.189833540367401,
      1.362097101935357,
      0.6803638137556445,
      0.0,
      0.868648430003873,
      1.329845720744035,
      1.2057321816519657,
      0.7666752433033687,
      0.985981455073316,
      1.2249390432793117,
      1.2147180041025456,
      0.9572666038283096,
      0.7163160000971887,
      0.9740344410594295,
      1.214017615748066,
      1.1200948596241205,
      0.6909110051933361,
      0.6909110051933361
    ],
    [
      0.8841665991372845,
      0.7028430224978018,
      0.8274631093623422,
      1.1260453844542784,
      1.2810562406463717,
      1.1080862296371838,
      0.9600855952469923,
      1.1086024565955823,
      0.9261232765085894,
      0.8878722307344233,
      0.868648430003873,
      0.0,
      1.026094836902675,
      0.961887296130401,
      0.6894652123077574,
      1.0414487689362617,
      0.5362165039903192,
      0.7826422812709006,
      1.2723364647336008,
      1.153065318875977,
      0.5988412330485496,
      1.0003816564519978,
      0.6909110051933361,
      0.7429499173679167,
      0.7429499173679167
    ],
    [
      0.8672843909178032,
      0.8120576159890238,
      1.0940794025912017,
      1.1909119223374385,
      1.030496030435995,
      1.032268215163974,
      1.1696946426466048,
      0.5715795669212907,
      0.9061654241049371,
      1.155439798968615,
      1.329845720744035,
      1.026094836902675,
      0.0,
      1.2018815284286406,
      0.7801018384726708,
      1.0650856167435314,
      0.8877699279530415,
      0.9438360221625907,
      0.7719357229444397,
      1.1769566533946405,
      0.8782124405610017,
      1.1200948596241205,
      0.7429499173679167,
      0.9640374304631396,
      0.9640374304631396
    ],
    [
      1.026094836902675,
      1.1067131371775456,
      0.58986411026601,
      1.1398186535798032,
      0.6834027968748934,
      1.2280557674202268,
      0.7166914482408613,
      1.2648530693698943,
      1.1822673545020475,
      1.1290100493992938,
      1.2057321816519657,
      0.961887296130401,
      1.2018815284286406,
      0.0,
      1.0587258380163536,
      1.0103607826619574,
      1.2295789169770317,
      1.0352865858717581,
      1.1795162679936193,
      1.0825965884193454,
      1.214017615748066,
      0.6909110051933361,
      0.9640374304631396,
      0.8988828497022308,
      0.8988828497022308
    ],
    [
      1.2057321816519657,
      0.961887296130401,
      1.2018815284286406,
      0.8440962760216918,
      0.9428494479932092,
      1.104971233914753,
      0.7906959186331008,
      1.2229473088679725,
      0.8312329961359093,
      0.9655347218846955,
      0.7666752433033687,
      0.6894652123077574,
      0.7801018384726708,
      1.0587258380163536,
      0.0,
      0.9108706316720072,
      1.060405773751625,
      1.0776421751192404,
      0.7193283540222727,
      0.9740344410594295,
      1.0003816564519978,
      0.7429499173679167,
      0.8988828497022308,
      1.2821610950009443,
      1.2821610950009443
    ],
    [
      0.9655347218846955,
      0.7666752433033687,
      0.6894652123077574,
      0.7801018384726708,
      1.0587258380163536,
      0.6182408610176533,
      1.0523922434701833,
      0.4250138040340992,
      0.643321118190826,
      1.3054235692476939,
      0.985981455073316,
      1.0414487689362617,
      1.0650856167435314,
      1.0103607826619574,
      0.9108706316720072,
      0.0,
      1.05383985048709,
      0.7667308521594146,
      0.7163160000971887,
      0.5988412330485496,
      1.1200948596241205,
      0.9640374304631396,
      1.2821610950009443,
      0.5716967069497277,
      0.5716967069497277
    ],
    [
      0.643321118190826,
      1.3054235692476939,
      0.985981455073316,
      1.0414487689362617,
      1.0650856167435314,
      1.0103607826619574,
      0.9108706316720072,
      1.181168688474644,
      0.9300851587953574,
      0.841751471548177,
      1.2249390432793117,
      0.5362165039903192,
      0.8877699279530415,
      1.2295789169770317,
      1.060405773751625,
      1.05383985048709,
      0.0,
      0.9572666038283096,
      1.153065318875977,
      0.8782124405610017,
      0.6909110051933361,
      0.8988828497022308,
      0.5716967069497277,
      1.0673059652126924,
      1.0673059652126924
    ],
    [
      1.181168688474644,
      0.9300851587953574,
      0.841751471548177,
      1.2249390432793117,
      0.5362165039903192,
      0.8877699279530415,
      1.2295789169770317,
      1.060405773751625,
      1.05383985048709,
      1.034748683771798,
      1.2147180041025456,
      0.7826422812709006,
      0.9438360221625907,
      1.0352865858717581,
      1.0776421751192404,
      0.7667308521594146,
      0.9572666038283096,
      0.0,
      1.1769566533946405,
      1.214017615748066,
      0.7429499173679167,
      1.2821610950009443,
      1.0673059652126924,
      1.0206686056477503,
      1.0206686056477503
    ],
    [
      1.2295789169770317,
      1.060405773751625,
      1.05383985048709,
      1.034748683771798,
      1.2147180041025456,
      0.7826422812709006,
      0.9438360221625907,
      1.0352865858717581,
      1.0776421751192404,
      0.7667308521594146,
      0.9572666038283096,
      1.2723364647336008,
      0.7719357229444397,
      1.1795162679936193,
      0.7193283540222727,
      0.7163160000971887,
      1.153065318875977,
      1.1769566533946405,
      0.0,
      1.0003816564519978,
      0.9640374304631396,
      0.5716967069497277,
      1.0206686056477503,
      0.9099077999570068,
      0.9099077999570068
    ],
    [
      0.7826422812709006,
      0.9438360221625907,
      1.0352865858717581,
      1.0776421751192404,
      0.7667308521594146,
      0.9572666038283096,
      1.2723364647336008,
      0.7719357229444397,
      1.1795162679936193,
      0.7193283540222727,
      0.7163160000971887,
      1.153065318875977,
      1.1769566533946405,
      1.0825965884193454,
      0.9740344410594295,
      0.5988412330485496,
      0.8782124405610017,
      1.214017615748066,
      1.0003816564519978,
      0.0,
      0.8988828497022308,
      1.0673059652126924,
      0.9099077999570068,
      1.0574666619067907,
      1.0574666619067907
    ],
    [
      0.7667308521594146,
      0.9572666038283096,
      1.2723364647336008,
      0.7719357229444397,
      1.1795162679936193,
      0.7193283540222727,
      0.7163160000971887,
      1.153065318875977,
      1.1769566533946405,
      1.0825965884193454,
      0.9740344410594295,
      0.5988412330485496,
      0.8782124405610017,
      1.214017615748066,
      1.0003816564519978,
      1.1200948596241205,
      0.6909110051933361,
      0.7429499173679167,
      0.9640374304631396,
      0.8988828497022308,
      0.0,
      1.0206686056477503,
      1.0574666619067907,
      0.8355767617076537,
      0.8355767617076537
    ],
    [
      0.7719357229444397,
      1.1795162679936193,
      0.7193283540222727,
      0.7163160000971887,
      1.153065318875977,
      1.1769566533946405,
      1.0825965884193454,
      0.9740344410594295,
      0.5988412330485496,
      0.8782124405610017,
      1.214017615748066,
      1.0003816564519978,
      1.1200948596241205,
      0.6909110051933361,
      0.7429499173679167,
      0.9640374304631396,
      0.8988828497022308,
      1.2821610950009443,
      0.5716967069497277,
      1.0673059652126924,
      1.0206686056477503,
      0.0,
      0.8355767617076537,
      1.2796828204273072,
      1.2796828204273072
    ],
    [
      0.7193283540222727,
      0.7163160000971887,
      1.153065318875977,
      1.1769566533946405,
      1.0825965884193454,
      0.9740344410594295,
      0.5988412330485496,
      0.8782124405610017,
      1.214017615748066,
      1.0003816564519978,
      1.1200948596241205,
      0.6909110051933361,
      0.7429499173679167,
      0.9640374304631396,
      0.8988828497022308,
      1.2821610950009443,
      0.5716967069497277,
      1.0673059652126924,
      1.0206686056477503,
      0.9099077999570068,
      1.0574666619067907,
      0.8355767617076537,
      0.0,
      1.1839053079723443,
      1.1839053079723443
    ],
    [
      0.7163160000971887,
      1.153065318875977,
      1.1769566533946405,
      1.0825965884193454,
      0.9740344410594295,
      0.5988412330485496,
      0.8782124405610017,
      1.214017615748066,
      1.0003816564519978,
      1.1200948596241205,
      0.6909110051933361,
      0.7429499173679167,
      0.9640374304631396,
      0.8988828497022308,
      1.2821610950009443,
      0.5716967069497277,
      1.0673059652126924,
      1.0206686056477503,
      0.9099077999570068,
      1.0574666619067907,
      0.8355767617076537,
      1.2796828204273072,
      1.1839053079723443,
      0.0,
      1.3661254562799496
    ],
    [
      0.7163160000971887,
      1.153065318875977,
      1.1769566533946405,
      1.0825965884193454,
      0.9740344410594295,
      0.5988412330485496,
      0.8782124405610017,
      1.214017615748066,
      1.0003816564519978,
      1.1200948596241205,
      0.6909110051933361,
      0.7429499173679167,
      0.9640374304631396,
      0.8988828497022308,
      1.2821610950009443,
      0.5716967069497277,
      1.0673059652126924,
      1.0206686056477503,
      0.9099077999570068,
      1.0574666619067907,
      0.8355767617076537,
      1.2796828204273072,
      1.1839053079723443,
      1.3661254562799496,
      0.0
    ]
  ]
}