{
  "servicechain": {
    "SC1": {
      "resptime": 50.90374219777777,
      "resptime_old": 40.903742197777774,
      "waittime": 35.02033980138512,
      "servicetime": 10.0,
      "networktime": 5.883402396392648,
      "services": {
        "MS1_1": {
          "meanserv": 0.7645154349798555,
          "stddevserv": 0.7645154349798555,
          "rate": 1.3080180650981224,
          "cv": 1.0,
          "lambda": 0.225
        },
        "MS1_2": {
          "meanserv": 1.0280926791156508,
          "stddevserv": 1.0280926791156508,
          "rate": 0.9726749546161386,
          "cv": 1.0,
          "lambda": 0.225
        },
        "MS1_3": {
          "meanserv": 0.25722749490969,
          "stddevserv": 0.25722749490969,
          "rate": 3.8876092944538843,
          "cv": 1.0,
          "lambda": 0.225
        },
        "MS1_4": {
          "meanserv": 2.199999070097559,
          "stddevserv": 2.199999070097559,
          "rate": 0.45454564667413927,
          "cv": 1.0,
          "lambda": 0.225
        },
        "MS1_5": {
          "meanserv": 3.753567018238944,
          "stddevserv": 3.753567018238944,
          "rate": 0.2664132530845736,
          "cv": 1.0,
          "lambda": 0.225
        },
        "MS1_6": {
          "meanserv": 1.177776858200108,
          "stddevserv": 1.177776858200108,
          "rate": 0.8490572666949929,
          "cv": 1.0,
          "lambda": 0.225
        },
        "MS1_7": {
          "meanserv": 0.1924215201849453,
          "stddevserv": 0.1924215201849453,
          "rate": 5.196923914949084,
          "cv": 1.0,
          "lambda": 0.225
        },
        "MS1_8": {
          "meanserv": 0.13224822225814492,
          "stddevserv": 0.13224822225814492,
          "rate": 7.561538317301743,
          "cv": 1.0,
          "lambda": 0.225
        },
        "MS1_9": {
          "meanserv": 0.30500971454653936,
          "stddevserv": 0.30500971454653936,
          "rate": 3.27858409849899,
          "cv": 1.0,
          "lambda": 0.225
        },
        "MS1_10": {
          "meanserv": 0.18914198746856314,
          "stddevserv": 0.18914198746856314,
          "rate": 5.287033373096007,
          "cv": 1.0,
          "lambda": 0.225
        }
      },
      "sensors": [
        "S1"
      ],
      "sources": [
        {
          "startTime": 0,
          "stopTime": -1,
          "lambda": 0.225
        }
      ]
    },
    "SC2": {
      "resptime": 33.18670476434075,
      "resptime_old": 23.186704764340757,
      "waittime": 18.496306567418756,
      "servicetime": 10.0,
      "networktime": 4.690398196921998,
      "services": {
        "MS2_1": {
          "meanserv": 0.8747521826986904,
          "stddevserv": 0.8747521826986904,
          "rate": 1.1431809142961022,
          "cv": 1.0,
          "lambda": 0.225
        },
        "MS2_2": {
          "meanserv": 0.7302421785557167,
          "stddevserv": 0.7302421785557167,
          "rate": 1.3694087103785406,
          "cv": 1.0,
          "lambda": 0.225
        },
        "MS2_3": {
          "meanserv": 1.239444928988468,
          "stddevserv": 1.239444928988468,
          "rate": 0.8068127728886809,
          "cv": 1.0,
          "lambda": 0.225
        },
        "MS2_4": {
          "meanserv": 2.5261415488309154,
          "stddevserv": 2.5261415488309154,
          "rate": 0.39586063594211285,
          "cv": 1.0,
          "lambda": 0.225
        },
        "MS2_5": {
          "meanserv": 0.12518547416014236,
          "stddevserv": 0.12518547416014236,
          "rate": 7.988147240795359,
          "cv": 1.0,
          "lambda": 0.225
        },
        "MS2_6": {
          "meanserv": 0.032487283059923655,
          "stddevserv": 0.032487283059923655,
          "rate": 30.781275188678396,
          "cv": 1.0,
          "lambda": 0.225
        },
        "MS2_7": {
          "meanserv": 1.1021385477449002,
          "stddevserv": 1.1021385477449002,
          "rate": 0.9073269436461622,
          "cv": 1.0,
          "lambda": 0.225
        },
        "MS2_8": {
          "meanserv": 1.7946761649633753,
          "stddevserv": 1.7946761649633753,
          "rate": 0.5572035888827929,
          "cv": 1.0,
          "lambda": 0.225
        },
        "MS2_9": {
          "meanserv": 1.0616523594033218,
          "stddevserv": 1.0616523594033218,
          "rate": 0.9419279212660798,
          "cv": 1.0,
          "lambda": 0.225
        },
        "MS2_10": {
          "meanserv": 0.5132793315945463,
          "stddevserv": 0.5132793315945463,
          "rate": 1.9482569011563629,
          "cv": 1.0,
          "lambda": 0.225
        }
      },
      "sensors": [
        "S2"
      ],
      "sources": [
        {
          "startTime": 0,
          "stopTime": -1,
          "lambda": 0.225
        }
      ]
    },
    "SC3": {
      "resptime": 36.596587440214805,
      "resptime_old": 26.596587440214797,
      "waittime": 20.324058746141343,
      "servicetime": 10.0,
      "networktime": 6.27252869407346,
      "services": {
        "MS3_1": {
          "meanserv": 0.26436234254843316,
          "stddevserv": 0.26436234254843316,
          "rate": 3.7826870134379766,
          "cv": 1.0,
          "lambda": 0.225
        },
        "MS3_2": {
          "meanserv": 0.013749370445663711,
          "stddevserv": 0.013749370445663711,
          "rate": 72.73060275391597,
          "cv": 1.0,
          "lambda": 0.225
        },
        "MS3_3": {
          "meanserv": 0.38448938948656863,
          "stddevserv": 0.38448938948656863,
          "rate": 2.600852006177229,
          "cv": 1.0,
          "lambda": 0.225
        },
        "MS3_4": {
          "meanserv": 0.02756006257333632,
          "stddevserv": 0.02756006257333632,
          "rate": 36.284387865195754,
          "cv": 1.0,
          "lambda": 0.225
        },
        "MS3_5": {
          "meanserv": 3.063569767803167,
          "stddevserv": 3.063569767803167,
          "rate": 0.32641659103363024,
          "cv": 1.0,
          "lambda": 0.225
        },
        "MS3_6": {
          "meanserv": 0.9828700620866972,
          "stddevserv": 0.9828700620866972,
          "rate": 1.0174284868102859,
          "cv": 1.0,
          "lambda": 0.225
        },
        "MS3_7": {
          "meanserv": 0.06984947695836574,
          "stddevserv": 0.06984947695836574,
          "rate": 14.316499472087054,
          "cv": 1.0,
          "lambda": 0.225
        },
        "MS3_8": {
          "meanserv": 1.6852105566494497,
          "stddevserv": 1.6852105566494497,
          "rate": 0.593397659452246,
          "cv": 1.0,
          "lambda": 0.225
        },
        "MS3_9": {
          "meanserv": 2.3599396595802586,
          "stddevserv": 2.3599396595802586,
          "rate": 0.42373964772381556,
          "cv": 1.0,
          "lambda": 0.225
        },
        "MS3_10": {
          "meanserv": 1.1483993118680598,
          "stddevserv": 1.1483993118680598,
          "rate": 0.8707772546235125,
          "cv": 1.0,
          "lambda": 0.225
        }
      },
      "sensors": [
        "S3"
      ],
      "sources": [
        {
          "startTime": 0,
          "stopTime": -1,
          "lambda": 0.225
        }
      ]
    },
    "SC4": {
      "resptime": 32.20704756739872,
      "resptime_old": 22.207047567398714,
      "waittime": 18.435303520936277,
      "servicetime": 10.0,
      "networktime": 3.771744046462438,
      "services": {
        "MS4_1": {
          "meanserv": 2.8914454723933245,
          "stddevserv": 2.8914454723933245,
          "rate": 0.3458477808237117,
          "cv": 1.0,
          "lambda": 0.225
        },
        "MS4_2": {
          "meanserv": 2.2095565137041806,
          "stddevserv": 2.2095565137041806,
          "rate": 0.4525795080586392,
          "cv": 1.0,
          "lambda": 0.225
        },
        "MS4_3": {
          "meanserv": 0.8981253788601045,
          "stddevserv": 0.8981253788601045,
          "rate": 1.1134302888414023,
          "cv": 1.0,
          "lambda": 0.225
        },
        "MS4_4": {
          "meanserv": 0.8297841111207944,
          "stddevserv": 0.8297841111207944,
          "rate": 1.2051327406706955,
          "cv": 1.0,
          "lambda": 0.225
        },
        "MS4_5": {
          "meanserv": 0.030406514873767776,
          "stddevserv": 0.030406514873767776,
          "rate": 32.887688844035104,
          "cv": 1.0,
          "lambda": 0.225
        },
        "MS4_6": {
          "meanserv": 1.31371357419727,
          "stddevserv": 1.31371357419727,
          "rate": 0.7612009342379208,
          "cv": 1.0,
          "lambda": 0.225
        },
        "MS4_7": {
          "meanserv": 1.2198323040029067,
          "stddevserv": 1.2198323040029067,
          "rate": 0.8197848152721303,
          "cv": 1.0,
          "lambda": 0.225
        },
        "MS4_8": {
          "meanserv": 0.26616437432990026,
          "stddevserv": 0.26616437432990026,
          "rate": 3.7570768158496652,
          "cv": 1.0,
          "lambda": 0.225
        },
        "MS4_9": {
          "meanserv": 0.21509855968892388,
          "stddevserv": 0.21509855968892388,
          "rate": 4.649031594847509,
          "cv": 1.0,
          "lambda": 0.225
        },
        "MS4_10": {
          "meanserv": 0.12587319682882736,
          "stddevserv": 0.12587319682882736,
          "rate": 7.944503080825711,
          "cv": 1.0,
          "lambda": 0.225
        }
      },
      "sensors": [
        "S4"
      ],
      "sources": [
        {
          "startTime": 0,
          "stopTime": -1,
          "lambda": 0.225
        }
      ]
    }
  },
  "microservice": {
    "MS1_1": "F7",
    "MS1_2": "F12",
    "MS1_3": "F12",
    "MS1_4": "F8",
    "MS1_5": "F1",
    "MS1_6": "F15",
    "MS1_7": "F9",
    "MS1_8": "F9",
    "MS1_9": "F12",
    "MS1_10": "F12",
    "MS2_1": "F10",
    "MS2_2": "F10",
    "MS2_3": "F10",
    "MS2_4": "F4",
    "MS2_5": "F7",
    "MS2_6": "F12",
    "MS2_7": "F12",
    "MS2_8": "F6",
    "MS2_9": "F15",
    "MS2_10": "F15",
    "MS3_1": "F13",
    "MS3_2": "F13",
    "MS3_3": "F6",
    "MS3_4": "F6",
    "MS3_5": "F2",
    "MS3_6": "F13",
    "MS3_7": "F13",
    "MS3_8": "F7",
    "MS3_9": "F5",
    "MS3_10": "F13",
    "MS4_1": "F3",
    "MS4_2": "F11",
    "MS4_3": "F14",
    "MS4_4": "F9",
    "MS4_5": "F9",
    "MS4_6": "F9",
    "MS4_7": "F14",
    "MS4_8": "F14",
    "MS4_9": "F14",
    "MS4_10": "F14"
  },
  "sensor": {
    "S1": "F7",
    "S2": "F10",
    "S3": "F13",
    "S4": "F3"
  },
  "fog": {
    "F1": {
      "rho": 0.8445525791037624,
      "capacity": 1.0,
      "tserv": 3.753567018238944,
      "stddev": 3.753567018238944,
      "mu": 0.2664132530845736,
      "cv": 1.0,
      "lambda": 0.225,
      "twait": 20.393292393114553
    },
    "F2": {
      "rho": 0.6893031977557127,
      "capacity": 1.0,
      "tserv": 3.063569767803167,
      "stddev": 3.063569767803167,
      "mu": 0.32641659103363024,
      "cv": 1.0,
      "lambda": 0.225,
      "twait": 6.796749828902615
    },
    "F3": {
      "rho": 0.650575231288498,
      "capacity": 1.0,
      "tserv": 2.8914454723933245,
      "stddev": 2.8914454723933245,
      "mu": 0.3458477808237117,
      "cv": 1.0,
      "lambda": 0.225,
      "twait": 5.383427207798986
    },
    "F4": {
      "rho": 0.5683818484869559,
      "capacity": 1.0,
      "tserv": 2.5261415488309154,
      "stddev": 2.5261415488309154,
      "mu": 0.39586063594211285,
      "cv": 1.0,
      "lambda": 0.225,
      "twait": 3.326581604668277
    },
    "F5": {
      "rho": 0.5309864234055582,
      "capacity": 1.0,
      "tserv": 2.3599396595802586,
      "stddev": 2.3599396595802586,
      "mu": 0.42373964772381556,
      "cv": 1.0,
      "lambda": 0.225,
      "twait": 2.6717689675260936
    },
    "F6": {
      "rho": 0.496513263830238,
      "capacity": 1.0,
      "tserv": 0.7355752056744267,
      "stddev": 1.3058452843426707,
      "mu": 1.3594802982560161,
      "cv": 1.7752709366343862,
      "lambda": 0.675,
      "twait": 1.5057540489336374
    },
    "F7": {
      "rho": 0.5793550798026258,
      "capacity": 1.0,
      "tserv": 0.8583038219298158,
      "stddev": 1.247680968142335,
      "mu": 1.1650886020192635,
      "cv": 1.4536588749389945,
      "lambda": 0.675,
      "twait": 1.8400798021657796
    },
    "F8": {
      "rho": 0.4949997907719508,
      "capacity": 1.0,
      "tserv": 2.199999070097559,
      "stddev": 2.199999070097559,
      "mu": 0.45454564667413927,
      "cv": 1.0,
      "lambda": 0.225,
      "twait": 2.156432927149551
    },
    "F9": {
      "rho": 0.5621791370928575,
      "capacity": 1.0,
      "tserv": 0.4997147885269844,
      "stddev": 0.859194516110238,
      "mu": 2.00114149702816,
      "cv": 1.7193698002072273,
      "lambda": 1.125,
      "twait": 1.2692649452619913
    },
    "F10": {
      "rho": 0.6399988403046468,
      "capacity": 1.0,
      "tserv": 0.9481464300809583,
      "stddev": 0.9953881230154237,
      "mu": 1.0546894111225142,
      "cv": 1.0498253133014819,
      "lambda": 0.675,
      "twait": 1.7716622631054582
    },
    "F11": {
      "rho": 0.49715021558344064,
      "capacity": 1.0,
      "tserv": 2.2095565137041806,
      "stddev": 2.2095565137041806,
      "mu": 0.4525795080586392,
      "cv": 1.0,
      "lambda": 0.225,
      "twait": 2.18451221651882
    },
    "F12": {
      "rho": 0.6556719840401851,
      "capacity": 1.0,
      "tserv": 0.48568295114087784,
      "stddev": 0.7659519509036118,
      "mu": 2.058956357539383,
      "cv": 1.577061638882685,
      "lambda": 1.35,
      "twait": 1.6125175424213032
    },
    "F13": {
      "rho": 0.5578268768791244,
      "capacity": 1.0,
      "tserv": 0.49584611278144386,
      "stddev": 0.8355002243736084,
      "mu": 2.0167547435040074,
      "cv": 1.6849990407041373,
      "lambda": 1.125,
      "twait": 1.2007904099359157
    },
    "F14": {
      "rho": 0.6131461080848993,
      "capacity": 1.0,
      "tserv": 0.5450187627421327,
      "stddev": 0.8209656126566613,
      "mu": 1.8347992185970572,
      "cv": 1.5063070645974967,
      "lambda": 1.125,
      "twait": 1.4119138521664987
    },
    "F15": {
      "rho": 0.6193594235695447,
      "capacity": 1.0,
      "tserv": 0.9175695163993254,
      "stddev": 1.0049275284127257,
      "mu": 1.0898356823406075,
      "cv": 1.0952058786305432,
      "lambda": 0.675,
      "twait": 1.6419346187460413
    }
  },
  "extra": {
    "deltatime": 0.0914008,
    "obj_func": 38.22352049243301
  },
  "network": [
    [
      0.0,
      1.2752467223184973,
      1.0684345681429768,
      0.8342020741992076,
      0.8870841497188877,
      1.1304635400298662,
      1.0915648918592566,
      0.5765416350141053,
      0.870480565630361,
      0.9550729355576791,
      0.9943302341637095,
      1.1852247146692612,
      1.0569697967336342,
      0.8460288307661844,
      0.8460288307661844
    ],
    [
      1.2752467223184973,
      0.0,
      0.9687544159170014,
      1.417847962532523,
      1.1206012253543927,
      1.3046429087459666,
      1.154859514408519,
      0.8847528545262597,
      0.9624788239935255,
      1.2876571652323499,
      1.0864032315775904,
      0.8528976403092491,
      0.8460288307661844,
      1.1393261186792965,
      1.1393261186792965
    ],
    [
      1.0684345681429768,
      0.9687544159170014,
      0.0,
      0.6225053833952877,
      0.8203618910434078,
      1.0089708221773466,
      0.9396181734085849,
      1.0949895254418474,
      0.9812123243320026,
      0.9597336272476475,
      0.825823287497424,
      1.0569697967336342,
      1.1393261186792965,
      1.221119825905938,
      1.221119825905938
    ],
    [
      0.8342020741992076,
      1.417847962532523,
      0.6225053833952877,
      0.0,
      0.9572052038090899,
      1.1346580530090344,
      0.5646735215183667,
      0.9111652226658599,
      1.0836334154309921,
      0.8021381359907486,
      1.1852247146692612,
      0.8460288307661844,
      1.221119825905938,
      1.1094804292672134,
      1.1094804292672134
    ],
    [
      0.8870841497188877,
      1.1206012253543927,
      0.8203618910434078,
      0.9572052038090899,
      0.0,
      0.97017924542952,
      0.6058758616164365,
      0.7763285306417265,
      0.8018207088032285,
      0.9943302341637095,
      0.8528976403092491,
      1.1393261186792965,
      1.1094804292672134,
      1.413514379437929,
      1.413514379437929
    ],
    [
      1.1304635400298662,
      1.3046429087459666,
      1.0089708221773466,
      1.1346580530090344,
      0.97017924542952,
      0.0,
      0.8744662342034226,
      1.110652745106598,
      0.9550729355576791,
      1.0864032315775904,
      1.0569697967336342,
      1.221119825905938,
      1.413514379437929,
      0.9929862842397312,
      0.9929862842397312
    ],
    [
      1.0915648918592566,
      1.154859514408519,
      0.9396181734085849,
      0.5646735215183667,
      0.6058758616164365,
      0.8744662342034226,
      0.0,
      0.870480565630361,
      1.2876571652323499,
      0.825823287497424,
      0.8460288307661844,
      1.1094804292672134,
      0.9929862842397312,
      1.1204232431268735,
      1.1204232431268735
    ],
    [
      0.5765416350141053,
      0.8847528545262597,
      1.0949895254418474,
      0.9111652226658599,
      0.7763285306417265,
      1.110652745106598,
      0.870480565630361,
      0.0,
      0.9597336272476475,
      1.1852247146692612,
      1.1393261186792965,
      1.413514379437929,
      1.1204232431268735,
      1.2823112556987462,
      1.2823112556987462
    ],
    [
      0.870480565630361,
      0.9624788239935255,
      0.9812123243320026,
      1.0836334154309921,
      0.8018207088032285,
      0.9550729355576791,
      1.2876571652323499,
      0.9597336272476475,
      0.0,
      0.8528976403092491,
      1.221119825905938,
      0.9929862842397312,
      1.2823112556987462,
      0.9448508376674845,
      0.9448508376674845
    ],
    [
      0.9550729355576791,
      1.2876571652323499,
      0.9597336272476475,
      0.8021381359907486,
      0.9943302341637095,
      1.0864032315775904,
      0.825823287497424,
      1.1852247146692612,
      0.8528976403092491,
      0.0,
      1.1094804292672134,
      1.1204232431268735,
      0.9448508376674845,
      0.9484519228406535,
      0.9484519228406535
    ],
    [
      0.9943302341637095,
      1.0864032315775904,
      0.825823287497424,
      1.1852247146692612,
      0.8528976403092491,
      1.0569697967336342,
      0.8460288307661844,
      1.1393261186792965,
      1.221119825905938,
      1.1094804292672134,
      0.0,
      1.2823112556987462,
      0.9484519228406535,
      1.056219083630045,
      1.056219083630045
    ],
    [
      1.1852247146692612,
      0.8528976403092491,
      1.0569697967336342,
      0.8460288307661844,
      1.1393261186792965,
      1.221119825905938,
      1.1094804292672134,
      1.413514379437929,
      0.9929862842397312,
      1.1204232431268735,
      1.2823112556987462,
      0.0,
      1.056219083630045,
      0.8446728736327688,
      0.8446728736327688
    ],
    [
      1.0569697967336342,
      0.8460288307661844,
      1.1393261186792965,
      1.221119825905938,
      1.1094804292672134,
      1.413514379437929,
      0.9929862842397312,
      1.1204232431268735,
      1.2823112556987462,
      0.9448508376674845,
      0.9484519228406535,
      1.056219083630045,
      0.0,
      0.9682900608533916,
      0.9682900608533916
    ],
    [
      0.8460288307661844,
      1.1393261186792965,
      1.221119825905938,
      1.1094804292672134,
      1.413514379437929,
      0.9929862842397312,
      1.1204232431268735,
      1.2823112556987462,
      0.9448508376674845,
      0.9484519228406535,
      1.056219083630045,
      0.8446728736327688,
      0.9682900608533916,
      0.0,
      1.0671972473270037
    ],
    [
      0.8460288307661844,
      1.1393261186792965,
      1.221119825905938,
      1.1094804292672134,
      1.413514379437929,
      0.9929862842397312,
      1.1204232431268735,
      1.2823112556987462,
      0.9448508376674845,
      0.9484519228406535,
      1.056219083630045,
      0.8446728736327688,
      0.9682900608533916,
      1.0671972473270037,
      0.0
    ]
  ]
}