{
  "servicechain": {
    "SC1": {
      "resptime": 37.41100087728121,
      "resptime_old": 27.4110008772812,
      "waittime": 23.818516920250044,
      "servicetime": 10.0,
      "networktime": 3.5924839570311597,
      "services": {
        "MS1_1": {
          "meanserv": 2.2602472079117044,
          "stddevserv": 2.2602472079117044,
          "rate": 0.44242948138576554,
          "cv": 1.0,
          "lambda": 0.15
        },
        "MS1_2": {
          "meanserv": 1.104617155731586,
          "stddevserv": 1.104617155731586,
          "rate": 0.9052910275847579,
          "cv": 1.0,
          "lambda": 0.15
        },
        "MS1_3": {
          "meanserv": 0.3661125935774847,
          "stddevserv": 0.3661125935774847,
          "rate": 2.731400169080385,
          "cv": 1.0,
          "lambda": 0.15
        },
        "MS1_4": {
          "meanserv": 1.2764347356229968,
          "stddevserv": 1.2764347356229968,
          "rate": 0.7834321427424367,
          "cv": 1.0,
          "lambda": 0.15
        },
        "MS1_5": {
          "meanserv": 0.1889266963827847,
          "stddevserv": 0.1889266963827847,
          "rate": 5.293058202711057,
          "cv": 1.0,
          "lambda": 0.15
        },
        "MS1_6": {
          "meanserv": 0.9670553235586619,
          "stddevserv": 0.9670553235586619,
          "rate": 1.034067002826793,
          "cv": 1.0,
          "lambda": 0.15
        },
        "MS1_7": {
          "meanserv": 1.151650782317244,
          "stddevserv": 1.151650782317244,
          "rate": 0.8683187780134995,
          "cv": 1.0,
          "lambda": 0.15
        },
        "MS1_8": {
          "meanserv": 0.3315437356592881,
          "stddevserv": 0.3315437356592881,
          "rate": 3.0161933176371427,
          "cv": 1.0,
          "lambda": 0.15
        },
        "MS1_9": {
          "meanserv": 0.22466528414714482,
          "stddevserv": 0.22466528414714482,
          "rate": 4.451065965959604,
          "cv": 1.0,
          "lambda": 0.15
        },
        "MS1_10": {
          "meanserv": 2.1287464850911046,
          "stddevserv": 2.1287464850911046,
          "rate": 0.4697600240346152,
          "cv": 1.0,
          "lambda": 0.15
        }
      },
      "sensors": [
        "S1"
      ],
      "sources": [
        {
          "startTime": 0,
          "stopTime": -1,
          "lambda": 0.15
        }
      ]
    },
    "SC2": {
      "resptime": 36.88221372987767,
      "resptime_old": 26.882213729877666,
      "waittime": 22.3891206321718,
      "servicetime": 10.0,
      "networktime": 4.493093097705872,
      "services": {
        "MS2_1": {
          "meanserv": 1.3119862932486814,
          "stddevserv": 1.3119862932486814,
          "rate": 0.762203084853764,
          "cv": 1.0,
          "lambda": 0.15
        },
        "MS2_2": {
          "meanserv": 0.6579915992109886,
          "stddevserv": 0.6579915992109886,
          "rate": 1.5197762421269827,
          "cv": 1.0,
          "lambda": 0.15
        },
        "MS2_3": {
          "meanserv": 0.27517681391455384,
          "stddevserv": 0.27517681391455384,
          "rate": 3.634027103426358,
          "cv": 1.0,
          "lambda": 0.15
        },
        "MS2_4": {
          "meanserv": 0.5654185391419451,
          "stddevserv": 0.5654185391419451,
          "rate": 1.7686013647829042,
          "cv": 1.0,
          "lambda": 0.15
        },
        "MS2_5": {
          "meanserv": 0.10317348493120182,
          "stddevserv": 0.10317348493120182,
          "rate": 9.692412742157739,
          "cv": 1.0,
          "lambda": 0.15
        },
        "MS2_6": {
          "meanserv": 1.2752186423537957,
          "stddevserv": 1.2752186423537957,
          "rate": 0.7841792511393986,
          "cv": 1.0,
          "lambda": 0.15
        },
        "MS2_7": {
          "meanserv": 1.1958824791127611,
          "stddevserv": 1.1958824791127611,
          "rate": 0.8362025679495793,
          "cv": 1.0,
          "lambda": 0.15
        },
        "MS2_8": {
          "meanserv": 0.2344596711342284,
          "stddevserv": 0.2344596711342284,
          "rate": 4.265125832354764,
          "cv": 1.0,
          "lambda": 0.15
        },
        "MS2_9": {
          "meanserv": 2.179170585339315,
          "stddevserv": 2.179170585339315,
          "rate": 0.45889018818794847,
          "cv": 1.0,
          "lambda": 0.15
        },
        "MS2_10": {
          "meanserv": 2.201521891612529,
          "stddevserv": 2.201521891612529,
          "rate": 0.45423123149937833,
          "cv": 1.0,
          "lambda": 0.15
        }
      },
      "sensors": [
        "S2"
      ],
      "sources": [
        {
          "startTime": 0,
          "stopTime": -1,
          "lambda": 0.15
        }
      ]
    },
    "SC3": {
      "resptime": 36.36891865614899,
      "resptime_old": 26.368918656148995,
      "waittime": 23.25900848126736,
      "servicetime": 10.0,
      "networktime": 3.109910174881633,
      "services": {
        "MS3_1": {
          "meanserv": 1.0235775390247326,
          "stddevserv": 1.0235775390247326,
          "rate": 0.9769655564665894,
          "cv": 1.0,
          "lambda": 0.15
        },
        "MS3_2": {
          "meanserv": 0.16718935886528175,
          "stddevserv": 0.16718935886528175,
          "rate": 5.981241909096514,
          "cv": 1.0,
          "lambda": 0.15
        },
        "MS3_3": {
          "meanserv": 0.8667443091253402,
          "stddevserv": 0.8667443091253402,
          "rate": 1.1537427929687043,
          "cv": 1.0,
          "lambda": 0.15
        },
        "MS3_4": {
          "meanserv": 2.0044611620857835,
          "stddevserv": 2.0044611620857835,
          "rate": 0.49888719168768,
          "cv": 1.0,
          "lambda": 0.15
        },
        "MS3_5": {
          "meanserv": 2.151172379461773,
          "stddevserv": 2.151172379461773,
          "rate": 0.46486279274848336,
          "cv": 1.0,
          "lambda": 0.15
        },
        "MS3_6": {
          "meanserv": 1.4227216816004624,
          "stddevserv": 1.4227216816004624,
          "rate": 0.702878161577653,
          "cv": 1.0,
          "lambda": 0.15
        },
        "MS3_7": {
          "meanserv": 0.07547546299677421,
          "stddevserv": 0.07547546299677421,
          "rate": 13.249339060599596,
          "cv": 1.0,
          "lambda": 0.15
        },
        "MS3_8": {
          "meanserv": 1.4850012378098612,
          "stddevserv": 1.4850012378098612,
          "rate": 0.6734001120934012,
          "cv": 1.0,
          "lambda": 0.15
        },
        "MS3_9": {
          "meanserv": 0.40528166548329736,
          "stddevserv": 0.40528166548329736,
          "rate": 2.4674197852190094,
          "cv": 1.0,
          "lambda": 0.15
        },
        "MS3_10": {
          "meanserv": 0.39837520354669387,
          "stddevserv": 0.39837520354669387,
          "rate": 2.5101963955012807,
          "cv": 1.0,
          "lambda": 0.15
        }
      },
      "sensors": [
        "S3"
      ],
      "sources": [
        {
          "startTime": 0,
          "stopTime": -1,
          "lambda": 0.15
        }
      ]
    },
    "SC4": {
      "resptime": 38.850238134179214,
      "resptime_old": 28.850238134179218,
      "waittime": 23.606284719885796,
      "servicetime": 10.0,
      "networktime": 5.24395341429342,
      "services": {
        "MS4_1": {
          "meanserv": 0.8087655290959328,
          "stddevserv": 0.8087655290959328,
          "rate": 1.2364523017169586,
          "cv": 1.0,
          "lambda": 0.15
        },
        "MS4_2": {
          "meanserv": 0.931616302894348,
          "stddevserv": 0.931616302894348,
          "rate": 1.0734032851219941,
          "cv": 1.0,
          "lambda": 0.15
        },
        "MS4_3": {
          "meanserv": 0.13838865279321988,
          "stddevserv": 0.13838865279321988,
          "rate": 7.226025976957796,
          "cv": 1.0,
          "lambda": 0.15
        },
        "MS4_4": {
          "meanserv": 2.6589559332675874,
          "stddevserv": 2.6589559332675874,
          "rate": 0.3760874663203242,
          "cv": 1.0,
          "lambda": 0.15
        },
        "MS4_5": {
          "meanserv": 1.7751292228231774,
          "stddevserv": 1.7751292228231774,
          "rate": 0.5633392696953032,
          "cv": 1.0,
          "lambda": 0.15
        },
        "MS4_6": {
          "meanserv": 0.1577442475754589,
          "stddevserv": 0.1577442475754589,
          "rate": 6.339375383699096,
          "cv": 1.0,
          "lambda": 0.15
        },
        "MS4_7": {
          "meanserv": 0.649915132427668,
          "stddevserv": 0.649915132427668,
          "rate": 1.5386624346853388,
          "cv": 1.0,
          "lambda": 0.15
        },
        "MS4_8": {
          "meanserv": 0.23014905294293087,
          "stddevserv": 0.23014905294293087,
          "rate": 4.345010275788386,
          "cv": 1.0,
          "lambda": 0.15
        },
        "MS4_9": {
          "meanserv": 0.718839785176729,
          "stddevserv": 0.718839785176729,
          "rate": 1.3911305698725995,
          "cv": 1.0,
          "lambda": 0.15
        },
        "MS4_10": {
          "meanserv": 1.9304961410029478,
          "stddevserv": 1.9304961410029478,
          "rate": 0.5180015534661838,
          "cv": 1.0,
          "lambda": 0.15
        }
      },
      "sensors": [
        "S4"
      ],
      "sources": [
        {
          "startTime": 0,
          "stopTime": -1,
          "lambda": 0.15
        }
      ]
    }
  },
  "microservice": {
    "MS1_1": "F2",
    "MS1_2": "F2",
    "MS1_3": "F2",
    "MS1_4": "F7",
    "MS1_5": "F3",
    "MS1_6": "F3",
    "MS1_7": "F5",
    "MS1_8": "F5",
    "MS1_9": "F5",
    "MS1_10": "F5",
    "MS2_1": "F9",
    "MS2_2": "F9",
    "MS2_3": "F9",
    "MS2_4": "F8",
    "MS2_5": "F8",
    "MS2_6": "F6",
    "MS2_7": "F4",
    "MS2_8": "F4",
    "MS2_9": "F8",
    "MS2_10": "F3",
    "MS3_1": "F8",
    "MS3_2": "F8",
    "MS3_3": "F6",
    "MS3_4": "F6",
    "MS3_5": "F4",
    "MS3_6": "F10",
    "MS3_7": "F10",
    "MS3_8": "F10",
    "MS3_9": "F10",
    "MS3_10": "F5",
    "MS4_1": "F1",
    "MS4_2": "F10",
    "MS4_3": "F1",
    "MS4_4": "F1",
    "MS4_5": "F9",
    "MS4_6": "F9",
    "MS4_7": "F3",
    "MS4_8": "F7",
    "MS4_9": "F7",
    "MS4_10": "F7"
  },
  "sensor": {
    "S1": "F2",
    "S2": "F9",
    "S3": "F8",
    "S4": "F1"
  },
  "fog": {
    "F1": {
      "rho": 0.540916517273511,
      "capacity": 1.0,
      "tserv": 1.2020367050522467,
      "stddev": 1.928032052792927,
      "mu": 0.8319213513172502,
      "cv": 1.603971030742464,
      "lambda": 0.44999999999999996,
      "twait": 2.5300299553408006
    },
    "F2": {
      "rho": 0.5596465435831163,
      "capacity": 1.0,
      "tserv": 1.2436589857402585,
      "stddev": 1.6619072223535816,
      "mu": 0.8040789408237772,
      "cv": 1.3363045990974534,
      "lambda": 0.44999999999999996,
      "twait": 2.2015047816497946
    },
    "F3": {
      "rho": 0.6011128565972466,
      "capacity": 1.0,
      "tserv": 1.001854760995411,
      "stddev": 1.45474253560185,
      "mu": 0.9981486727741173,
      "cv": 1.4520493311390408,
      "lambda": 0.6,
      "twait": 2.346519955797303
    },
    "F4": {
      "rho": 0.5372271794563144,
      "capacity": 1.0,
      "tserv": 1.1938381765695876,
      "stddev": 1.6278358761750693,
      "mu": 0.8376344630504543,
      "cv": 1.36353143007417,
      "lambda": 0.44999999999999996,
      "twait": 1.9813119664898668
    },
    "F5": {
      "rho": 0.6352472236142214,
      "capacity": 1.0,
      "tserv": 0.8469962981522952,
      "stddev": 1.3241529882679157,
      "mu": 1.1806427043205256,
      "cv": 1.5633515650027372,
      "lambda": 0.75,
      "twait": 2.5401971129988046
    },
    "F6": {
      "rho": 0.6219636170347378,
      "capacity": 1.0,
      "tserv": 1.3821413711883064,
      "stddev": 1.5340188348675676,
      "mu": 0.7235149897439526,
      "cv": 1.1098856215762383,
      "lambda": 0.44999999999999996,
      "twait": 2.5375703722037426
    },
    "F7": {
      "rho": 0.6233879572118406,
      "capacity": 1.0,
      "tserv": 1.038979928686401,
      "stddev": 1.3723777948562996,
      "mu": 0.9624825007585238,
      "cv": 1.3208896119787596,
      "lambda": 0.6,
      "twait": 2.3601742117108353
    },
    "F8": {
      "rho": 0.6057794260953713,
      "capacity": 1.0,
      "tserv": 0.807705901460495,
      "stddev": 1.3451867579462395,
      "mu": 1.238074400833024,
      "cv": 1.6654412893528088,
      "lambda": 0.75,
      "twait": 2.3418833262146235
    },
    "F9": {
      "rho": 0.6267042265159292,
      "capacity": 1.0,
      "tserv": 0.8356056353545721,
      "stddev": 1.2100179036682033,
      "mu": 1.1967367831066271,
      "cv": 1.4480729335373104,
      "lambda": 0.75,
      "twait": 2.1722521308490497
    },
    "F10": {
      "rho": 0.6480144526177114,
      "capacity": 1.0,
      "tserv": 0.8640192701569486,
      "stddev": 1.1663449097580918,
      "mu": 1.1573815938368488,
      "cv": 1.3499061306193159,
      "lambda": 0.75,
      "twait": 2.2446480012354897
    }
  },
  "extra": {
    "deltatime": 0.0493316,
    "obj_func": 37.378092849371775
  },
  "network": [
    [
      0.0,
      1.0053462785593577,
      1.001851351259889,
      1.2835961491696455,
      1.0972658179259553,
      1.2765865857946126,
      0.767521919218923,
      1.0468827243945322,
      0.9330872581876778,
      0.9330872581876778
    ],
    [
      1.0053462785593577,
      0.0,
      1.014219240013495,
      1.2403013404244838,
      0.9017326603681629,
      1.0720296272504632,
      1.3814719396517734,
      0.9330872581876778,
      0.7040390635355328,
      0.7040390635355328
    ],
    [
      1.001851351259889,
      1.014219240013495,
      0.0,
      1.0453372148658688,
      1.1641292929848541,
      1.0145609693321163,
      1.0468827243945322,
      0.7040390635355328,
      1.3978089153358555,
      1.3978089153358555
    ],
    [
      1.2835961491696455,
      1.2403013404244838,
      1.0453372148658688,
      0.0,
      1.0164998738637812,
      0.767521919218923,
      0.9330872581876778,
      1.3978089153358555,
      0.853177104460193,
      0.853177104460193
    ],
    [
      1.0972658179259553,
      0.9017326603681629,
      1.1641292929848541,
      1.0164998738637812,
      0.0,
      1.3814719396517734,
      0.7040390635355328,
      0.853177104460193,
      0.7446055756012584,
      0.7446055756012584
    ],
    [
      1.2765865857946126,
      1.0720296272504632,
      1.0145609693321163,
      0.767521919218923,
      1.3814719396517734,
      0.0,
      1.3978089153358555,
      0.7446055756012584,
      1.0924853089350606,
      1.0924853089350606
    ],
    [
      0.767521919218923,
      1.3814719396517734,
      1.0468827243945322,
      0.9330872581876778,
      0.7040390635355328,
      1.3978089153358555,
      0.0,
      1.0924853089350606,
      0.6994414941271335,
      0.6994414941271335
    ],
    [
      1.0468827243945322,
      0.9330872581876778,
      0.7040390635355328,
      1.3978089153358555,
      0.853177104460193,
      0.7446055756012584,
      1.0924853089350606,
      0.0,
      0.8791176240143024,
      0.8791176240143024
    ],
    [
      0.9330872581876778,
      0.7040390635355328,
      1.3978089153358555,
      0.853177104460193,
      0.7446055756012584,
      1.0924853089350606,
      0.6994414941271335,
      0.8791176240143024,
      0.0,
      0.8919800747466491
    ],
    [
      0.9330872581876778,
      0.7040390635355328,
      1.3978089153358555,
      0.853177104460193,
      0.7446055756012584,
      1.0924853089350606,
      0.6994414941271335,
      0.8791176240143024,
      0.8919800747466491,
      0.0
    ]
  ]
}