{
  "servicechain": {
    "SC1": {
      "resptime": 36.8035611000565,
      "resptime_old": 26.80356110005649,
      "waittime": 21.96225226834995,
      "servicetime": 10.0,
      "networktime": 4.841308831706546,
      "services": {
        "MS1_1": {
          "meanserv": 0.28126617712894597,
          "stddevserv": 0.28126617712894597,
          "rate": 3.5553510564533743,
          "cv": 1.0,
          "lambda": 0.15
        },
        "MS1_2": {
          "meanserv": 0.7862175276498029,
          "stddevserv": 0.7862175276498029,
          "rate": 1.2719126257452507,
          "cv": 1.0,
          "lambda": 0.15
        },
        "MS1_3": {
          "meanserv": 0.5921157855227444,
          "stddevserv": 0.5921157855227444,
          "rate": 1.6888588760003393,
          "cv": 1.0,
          "lambda": 0.15
        },
        "MS1_4": {
          "meanserv": 0.11336606205347821,
          "stddevserv": 0.11336606205347821,
          "rate": 8.820982063646788,
          "cv": 1.0,
          "lambda": 0.15
        },
        "MS1_5": {
          "meanserv": 2.9023006321207685,
          "stddevserv": 2.9023006321207685,
          "rate": 0.3445542439444946,
          "cv": 1.0,
          "lambda": 0.15
        },
        "MS1_6": {
          "meanserv": 3.6029536318705073,
          "stddevserv": 3.6029536318705073,
          "rate": 0.27755006091511664,
          "cv": 1.0,
          "lambda": 0.15
        },
        "MS1_7": {
          "meanserv": 1.243623819583778,
          "stddevserv": 1.243623819583778,
          "rate": 0.8041016778970065,
          "cv": 1.0,
          "lambda": 0.15
        },
        "MS1_8": {
          "meanserv": 0.3750256428111367,
          "stddevserv": 0.3750256428111367,
          "rate": 2.6664843302557872,
          "cv": 1.0,
          "lambda": 0.15
        },
        "MS1_9": {
          "meanserv": 0.10313072125883771,
          "stddevserv": 0.10313072125883771,
          "rate": 9.69643174985849,
          "cv": 1.0,
          "lambda": 0.15
        }
      },
      "sensors": [
        "S1"
      ],
      "sources": [
        {
          "startTime": 0,
          "stopTime": -1,
          "lambda": 0.15
        }
      ]
    },
    "SC2": {
      "resptime": 32.10136151144721,
      "resptime_old": 22.10136151144721,
      "waittime": 18.295394497748127,
      "servicetime": 10.0,
      "networktime": 3.8059670136990844,
      "services": {
        "MS2_1": {
          "meanserv": 1.4848514085923092,
          "stddevserv": 1.4848514085923092,
          "rate": 0.673468061661493,
          "cv": 1.0,
          "lambda": 0.15
        },
        "MS2_2": {
          "meanserv": 1.6986538476645419,
          "stddevserv": 1.6986538476645419,
          "rate": 0.5887014599089082,
          "cv": 1.0,
          "lambda": 0.15
        },
        "MS2_3": {
          "meanserv": 1.0890484272195518,
          "stddevserv": 1.0890484272195518,
          "rate": 0.9182328122479354,
          "cv": 1.0,
          "lambda": 0.15
        },
        "MS2_4": {
          "meanserv": 2.4563467132353427,
          "stddevserv": 2.4563467132353427,
          "rate": 0.40710865229724186,
          "cv": 1.0,
          "lambda": 0.15
        },
        "MS2_5": {
          "meanserv": 0.09822632229361794,
          "stddevserv": 0.09822632229361794,
          "rate": 10.18057050950968,
          "cv": 1.0,
          "lambda": 0.15
        },
        "MS2_6": {
          "meanserv": 1.1656327272573206,
          "stddevserv": 1.1656327272573206,
          "rate": 0.8579031599026508,
          "cv": 1.0,
          "lambda": 0.15
        },
        "MS2_7": {
          "meanserv": 1.355019308466324,
          "stddevserv": 1.355019308466324,
          "rate": 0.7379968637729953,
          "cv": 1.0,
          "lambda": 0.15
        },
        "MS2_8": {
          "meanserv": 0.09569187567958792,
          "stddevserv": 0.09569187567958792,
          "rate": 10.450207950237832,
          "cv": 1.0,
          "lambda": 0.15
        },
        "MS2_9": {
          "meanserv": 0.556529369591404,
          "stddevserv": 0.556529369591404,
          "rate": 1.7968503634124213,
          "cv": 1.0,
          "lambda": 0.15
        }
      },
      "sensors": [
        "S2"
      ],
      "sources": [
        {
          "startTime": 0,
          "stopTime": -1,
          "lambda": 0.15
        }
      ]
    },
    "SC3": {
      "resptime": 37.98452728790783,
      "resptime_old": 27.984527287907838,
      "waittime": 22.424018990543622,
      "servicetime": 10.0,
      "networktime": 5.56050829736421,
      "services": {
        "MS3_1": {
          "meanserv": 1.7260432346868626,
          "stddevserv": 1.7260432346868626,
          "rate": 0.5793597633615587,
          "cv": 1.0,
          "lambda": 0.15
        },
        "MS3_2": {
          "meanserv": 0.989196672044482,
          "stddevserv": 0.989196672044482,
          "rate": 1.0109213144977425,
          "cv": 1.0,
          "lambda": 0.15
        },
        "MS3_3": {
          "meanserv": 1.4213112920710884,
          "stddevserv": 1.4213112920710884,
          "rate": 0.7035756386222983,
          "cv": 1.0,
          "lambda": 0.15
        },
        "MS3_4": {
          "meanserv": 3.189147998670969,
          "stddevserv": 3.189147998670969,
          "rate": 0.31356337191523737,
          "cv": 1.0,
          "lambda": 0.15
        },
        "MS3_5": {
          "meanserv": 0.48778626996294516,
          "stddevserv": 0.48778626996294516,
          "rate": 2.0500782034639173,
          "cv": 1.0,
          "lambda": 0.15
        },
        "MS3_6": {
          "meanserv": 0.38767974650373027,
          "stddevserv": 0.38767974650373027,
          "rate": 2.5794486532207275,
          "cv": 1.0,
          "lambda": 0.15
        },
        "MS3_7": {
          "meanserv": 0.7019581701587274,
          "stddevserv": 0.7019581701587274,
          "rate": 1.4245863108536496,
          "cv": 1.0,
          "lambda": 0.15
        },
        "MS3_8": {
          "meanserv": 0.06005336018249707,
          "stddevserv": 0.06005336018249707,
          "rate": 16.651857564024475,
          "cv": 1.0,
          "lambda": 0.15
        },
        "MS3_9": {
          "meanserv": 1.0368232557186978,
          "stddevserv": 1.0368232557186978,
          "rate": 0.9644845391771494,
          "cv": 1.0,
          "lambda": 0.15
        }
      },
      "sensors": [
        "S3"
      ],
      "sources": [
        {
          "startTime": 0,
          "stopTime": -1,
          "lambda": 0.15
        }
      ]
    },
    "SC4": {
      "resptime": 37.33853056535538,
      "resptime_old": 27.338530565355384,
      "waittime": 21.13118682627637,
      "servicetime": 10.0,
      "networktime": 6.20734373907901,
      "services": {
        "MS4_1": {
          "meanserv": 2.3321609139049917,
          "stddevserv": 2.3321609139049917,
          "rate": 0.4287868791718968,
          "cv": 1.0,
          "lambda": 0.15
        },
        "MS4_2": {
          "meanserv": 0.7320104995197072,
          "stddevserv": 0.7320104995197072,
          "rate": 1.3661006237699163,
          "cv": 1.0,
          "lambda": 0.15
        },
        "MS4_3": {
          "meanserv": 0.8806931543595464,
          "stddevserv": 0.8806931543595464,
          "rate": 1.1354692551541579,
          "cv": 1.0,
          "lambda": 0.15
        },
        "MS4_4": {
          "meanserv": 0.2043855299560713,
          "stddevserv": 0.2043855299560713,
          "rate": 4.8927142749045425,
          "cv": 1.0,
          "lambda": 0.15
        },
        "MS4_5": {
          "meanserv": 0.04268560146173517,
          "stddevserv": 0.04268560146173517,
          "rate": 23.427103420258334,
          "cv": 1.0,
          "lambda": 0.15
        },
        "MS4_6": {
          "meanserv": 2.8067787602269973,
          "stddevserv": 2.8067787602269973,
          "rate": 0.35628030757904317,
          "cv": 1.0,
          "lambda": 0.15
        },
        "MS4_7": {
          "meanserv": 1.4359164131035733,
          "stddevserv": 1.4359164131035733,
          "rate": 0.696419367363182,
          "cv": 1.0,
          "lambda": 0.15
        },
        "MS4_8": {
          "meanserv": 0.5933907211997695,
          "stddevserv": 0.5933907211997695,
          "rate": 1.6852302610632537,
          "cv": 1.0,
          "lambda": 0.15
        },
        "MS4_9": {
          "meanserv": 0.971978406267608,
          "stddevserv": 0.971978406267608,
          "rate": 1.0288294406045446,
          "cv": 1.0,
          "lambda": 0.15
        }
      },
      "sensors": [
        "S4"
      ],
      "sources": [
        {
          "startTime": 0,
          "stopTime": -1,
          "lambda": 0.15
        }
      ]
    }
  },
  "microservice": {
    "MS1_1": "F2",
    "MS1_2": "F10",
    "MS1_3": "F10",
    "MS1_4": "F10",
    "MS1_5": "F1",
    "MS1_6": "F3",
    "MS1_7": "F7",
    "MS1_8": "F7",
    "MS1_9": "F7",
    "MS2_1": "F4",
    "MS2_2": "F10",
    "MS2_3": "F10",
    "MS2_4": "F9",
    "MS2_5": "F9",
    "MS2_6": "F9",
    "MS2_7": "F2",
    "MS2_8": "F2",
    "MS2_9": "F2",
    "MS3_1": "F4",
    "MS3_2": "F7",
    "MS3_3": "F7",
    "MS3_4": "F8",
    "MS3_5": "F8",
    "MS3_6": "F6",
    "MS3_7": "F6",
    "MS3_8": "F2",
    "MS3_9": "F4",
    "MS4_1": "F6",
    "MS4_2": "F6",
    "MS4_3": "F2",
    "MS4_4": "F2",
    "MS4_5": "F2",
    "MS4_6": "F5",
    "MS4_7": "F1",
    "MS4_8": "F2",
    "MS4_9": "F5"
  },
  "sensor": {
    "S1": "F2",
    "S2": "F4",
    "S3": "F4",
    "S4": "F6"
  },
  "fog": {
    "F1": {
      "rho": 0.6507325567836513,
      "capacity": 1.0,
      "tserv": 2.169108522612171,
      "stddev": 2.4041990603442325,
      "mu": 0.46101888843981853,
      "cv": 1.1083811783879542,
      "lambda": 0.3,
      "twait": 4.503084287532893
    },
    "F2": {
      "rho": 0.6104572647038823,
      "capacity": 1.0,
      "tserv": 0.45219056644732025,
      "stddev": 0.7436936894706249,
      "mu": 2.2114570143658647,
      "cv": 1.6446466261194426,
      "lambda": 1.3499999999999999,
      "twait": 1.3126947748297586
    },
    "F3": {
      "rho": 0.540443044780576,
      "capacity": 1.0,
      "tserv": 3.602953631870507,
      "stddev": 3.6029536318705073,
      "mu": 0.27755006091511664,
      "cv": 1.0000000000000002,
      "lambda": 0.15,
      "twait": 4.237105344388945
    },
    "F4": {
      "rho": 0.6371576848496805,
      "capacity": 1.0,
      "tserv": 1.4159059663326234,
      "stddev": 1.4723737883570855,
      "mu": 0.7062615906550116,
      "cv": 1.0398810538038208,
      "lambda": 0.44999999999999996,
      "twait": 2.5874923441383775
    },
    "F5": {
      "rho": 0.5668135749741908,
      "capacity": 1.0,
      "tserv": 1.889378583247303,
      "stddev": 2.2919418841406807,
      "mu": 0.5292745503028224,
      "cv": 1.2130665100487623,
      "lambda": 0.3,
      "twait": 3.0550642361148292
    },
    "F6": {
      "rho": 0.6230713995130734,
      "capacity": 1.0,
      "tserv": 1.0384523325217891,
      "stddev": 1.4935006301329694,
      "mu": 0.9629714996851024,
      "cv": 1.438198541579791,
      "lambda": 0.6,
      "twait": 2.633597483597392
    },
    "F7": {
      "rho": 0.6198432221653984,
      "capacity": 1.0,
      "tserv": 0.8264576295538646,
      "stddev": 1.093423192437878,
      "mu": 1.2099833847983428,
      "cv": 1.3230238954029936,
      "lambda": 0.75,
      "twait": 1.853123435589031
    },
    "F8": {
      "rho": 0.5515401402950871,
      "capacity": 1.0,
      "tserv": 1.8384671343169572,
      "stddev": 2.651158048594577,
      "mu": 0.5439313987908347,
      "cv": 1.442048105787628,
      "lambda": 0.3,
      "twait": 3.481448844532133
    },
    "F9": {
      "rho": 0.5580308644179421,
      "capacity": 1.0,
      "tserv": 1.2400685875954272,
      "stddev": 1.8430648547017843,
      "mu": 0.8064070084535118,
      "cv": 1.486260415865872,
      "lambda": 0.44999999999999996,
      "twait": 2.5121620419665436
    },
    "F10": {
      "rho": 0.6419102475165178,
      "capacity": 1.0,
      "tserv": 0.8558803300220238,
      "stddev": 1.1352029758581343,
      "mu": 1.168387641265535,
      "cv": 1.3263571273205017,
      "lambda": 0.75,
      "twait": 2.116665851610421
    }
  },
  "extra": {
    "conv_gen": 506,
    "max_gen": 600,
    "population": 600,
    "deltatime": 57.9633891,
    "obj_func": 36.05699511619173
  },
  "network": [
    [
      0.0,
      1.4110715541755063,
      1.1934992823411805,
      0.9388892673190952,
      1.1424208208737765,
      1.0294675255309724,
      1.4112821104744542,
      1.1513262421543171,
      1.218589679031199,
      1.218589679031199
    ],
    [
      1.4110715541755063,
      0.0,
      1.131904914485258,
      0.6627552800025509,
      1.186248934825277,
      1.281353494379174,
      1.561499965398196,
      1.218589679031199,
      1.277893628179849,
      1.277893628179849
    ],
    [
      1.1934992823411805,
      1.131904914485258,
      0.0,
      1.000606817625315,
      0.8364594286237204,
      1.1379927361017572,
      1.1513262421543171,
      1.277893628179849,
      0.9253624099400384,
      0.9253624099400384
    ],
    [
      0.9388892673190952,
      0.6627552800025509,
      1.000606817625315,
      0.0,
      1.4623163462132729,
      1.4112821104744542,
      1.218589679031199,
      0.9253624099400384,
      1.0098153355780113,
      1.0098153355780113
    ],
    [
      1.1424208208737765,
      1.186248934825277,
      0.8364594286237204,
      1.4623163462132729,
      0.0,
      1.561499965398196,
      1.277893628179849,
      1.0098153355780113,
      1.3651628510434959,
      1.3651628510434959
    ],
    [
      1.0294675255309724,
      1.281353494379174,
      1.1379927361017572,
      1.4112821104744542,
      1.561499965398196,
      0.0,
      0.9253624099400384,
      1.3651628510434959,
      1.0326469929077908,
      1.0326469929077908
    ],
    [
      1.4112821104744542,
      1.561499965398196,
      1.1513262421543171,
      1.218589679031199,
      1.277893628179849,
      0.9253624099400384,
      0.0,
      1.0326469929077908,
      1.3920744795548792,
      1.3920744795548792
    ],
    [
      1.1513262421543171,
      1.218589679031199,
      1.277893628179849,
      0.9253624099400384,
      1.0098153355780113,
      1.3651628510434959,
      1.0326469929077908,
      0.0,
      1.103464534202357,
      1.103464534202357
    ],
    [
      1.218589679031199,
      1.277893628179849,
      0.9253624099400384,
      1.0098153355780113,
      1.3651628510434959,
      1.0326469929077908,
      1.3920744795548792,
      1.103464534202357,
      0.0,
      1.5182580499412242
    ],
    [
      1.218589679031199,
      1.277893628179849,
      0.9253624099400384,
      1.0098153355780113,
      1.3651628510434959,
      1.0326469929077908,
      1.3920744795548792,
      1.103464534202357,
      1.5182580499412242,
      0.0
    ]
  ]
}