{
  "servicechain": {
    "SC1": {
      "resptime": 39.96809817112809,
      "resptime_old": 29.968098171128087,
      "waittime": 25.655483354410787,
      "servicetime": 10.0,
      "networktime": 4.312614816717298,
      "services": {
        "MS1_1": {
          "meanserv": 0.25101144647828644,
          "stddevserv": 0.25101144647828644,
          "rate": 3.9838820660575105,
          "cv": 1.0,
          "lambda": 0.15
        },
        "MS1_2": {
          "meanserv": 0.9210967797896952,
          "stddevserv": 0.9210967797896952,
          "rate": 1.0856622473789561,
          "cv": 1.0,
          "lambda": 0.15
        },
        "MS1_3": {
          "meanserv": 0.7181062689254536,
          "stddevserv": 0.7181062689254536,
          "rate": 1.3925515529844368,
          "cv": 1.0,
          "lambda": 0.15
        },
        "MS1_4": {
          "meanserv": 0.040613469008929926,
          "stddevserv": 0.040613469008929926,
          "rate": 24.62237342444508,
          "cv": 1.0,
          "lambda": 0.15
        },
        "MS1_5": {
          "meanserv": 3.044703064725873,
          "stddevserv": 3.044703064725873,
          "rate": 0.32843925293911513,
          "cv": 1.0,
          "lambda": 0.15
        },
        "MS1_6": {
          "meanserv": 0.35283986494135267,
          "stddevserv": 0.35283986494135267,
          "rate": 2.8341468733024686,
          "cv": 1.0,
          "lambda": 0.15
        },
        "MS1_7": {
          "meanserv": 3.058599866447172,
          "stddevserv": 3.058599866447172,
          "rate": 0.32694698347763496,
          "cv": 1.0,
          "lambda": 0.15
        },
        "MS1_8": {
          "meanserv": 0.7784394191467161,
          "stddevserv": 0.7784394191467161,
          "rate": 1.2846214816512591,
          "cv": 1.0,
          "lambda": 0.15
        },
        "MS1_9": {
          "meanserv": 0.5304178568562303,
          "stddevserv": 0.5304178568562303,
          "rate": 1.88530606025779,
          "cv": 1.0,
          "lambda": 0.15
        },
        "MS1_10": {
          "meanserv": 0.3041719636802913,
          "stddevserv": 0.3041719636802913,
          "rate": 3.2876139796075314,
          "cv": 1.0,
          "lambda": 0.15
        }
      },
      "sensors": [
        "S1"
      ],
      "sources": [
        {
          "startTime": 0,
          "stopTime": -1,
          "lambda": 0.15
        }
      ]
    },
    "SC2": {
      "resptime": 38.7527531187457,
      "resptime_old": 28.752753118745694,
      "waittime": 25.310398095172445,
      "servicetime": 10.0,
      "networktime": 3.4423550235732527,
      "services": {
        "MS2_1": {
          "meanserv": 0.04899817506485826,
          "stddevserv": 0.04899817506485826,
          "rate": 20.40892336656034,
          "cv": 1.0,
          "lambda": 0.15
        },
        "MS2_2": {
          "meanserv": 0.9294051846501639,
          "stddevserv": 0.9294051846501639,
          "rate": 1.0759569846561687,
          "cv": 1.0,
          "lambda": 0.15
        },
        "MS2_3": {
          "meanserv": 0.6218898492005687,
          "stddevserv": 0.6218898492005687,
          "rate": 1.6080018049586868,
          "cv": 1.0,
          "lambda": 0.15
        },
        "MS2_4": {
          "meanserv": 3.379447825988539,
          "stddevserv": 3.379447825988539,
          "rate": 0.2959063289303734,
          "cv": 1.0,
          "lambda": 0.15
        },
        "MS2_5": {
          "meanserv": 1.3502599115893803,
          "stddevserv": 1.3502599115893803,
          "rate": 0.7405981555231895,
          "cv": 1.0,
          "lambda": 0.15
        },
        "MS2_6": {
          "meanserv": 0.9645092079943316,
          "stddevserv": 0.9645092079943316,
          "rate": 1.0367967373577185,
          "cv": 1.0,
          "lambda": 0.15
        },
        "MS2_7": {
          "meanserv": 0.9855152482049299,
          "stddevserv": 0.9855152482049299,
          "rate": 1.0146976435133332,
          "cv": 1.0,
          "lambda": 0.15
        },
        "MS2_8": {
          "meanserv": 0.13822613402627404,
          "stddevserv": 0.13822613402627404,
          "rate": 7.234521945104244,
          "cv": 1.0,
          "lambda": 0.15
        },
        "MS2_9": {
          "meanserv": 0.6137507523974701,
          "stddevserv": 0.6137507523974701,
          "rate": 1.6293259048461282,
          "cv": 1.0,
          "lambda": 0.15
        },
        "MS2_10": {
          "meanserv": 0.9679977108834841,
          "stddevserv": 0.9679977108834841,
          "rate": 1.0330602942101048,
          "cv": 1.0,
          "lambda": 0.15
        }
      },
      "sensors": [
        "S2"
      ],
      "sources": [
        {
          "startTime": 0,
          "stopTime": -1,
          "lambda": 0.15
        }
      ]
    },
    "SC3": {
      "resptime": 39.38522768962647,
      "resptime_old": 29.385227689626472,
      "waittime": 25.118996699338044,
      "servicetime": 10.0,
      "networktime": 4.266230990288427,
      "services": {
        "MS3_1": {
          "meanserv": 0.13904527107667763,
          "stddevserv": 0.13904527107667763,
          "rate": 7.191902265043893,
          "cv": 1.0,
          "lambda": 0.15
        },
        "MS3_2": {
          "meanserv": 0.6670580630871226,
          "stddevserv": 0.6670580630871226,
          "rate": 1.4991198747707706,
          "cv": 1.0,
          "lambda": 0.15
        },
        "MS3_3": {
          "meanserv": 0.3088606552121531,
          "stddevserv": 0.3088606552121531,
          "rate": 3.237706011188478,
          "cv": 1.0,
          "lambda": 0.15
        },
        "MS3_4": {
          "meanserv": 0.4707766618977849,
          "stddevserv": 0.4707766618977849,
          "rate": 2.1241494766729114,
          "cv": 1.0,
          "lambda": 0.15
        },
        "MS3_5": {
          "meanserv": 0.014841049082127133,
          "stddevserv": 0.014841049082127133,
          "rate": 67.38068141047293,
          "cv": 1.0,
          "lambda": 0.15
        },
        "MS3_6": {
          "meanserv": 2.883121699029443,
          "stddevserv": 2.883121699029443,
          "rate": 0.34684626748036135,
          "cv": 1.0,
          "lambda": 0.15
        },
        "MS3_7": {
          "meanserv": 0.7882345762434451,
          "stddevserv": 0.7882345762434451,
          "rate": 1.2686578718302146,
          "cv": 1.0,
          "lambda": 0.15
        },
        "MS3_8": {
          "meanserv": 1.7052230555207606,
          "stddevserv": 1.7052230555207606,
          "rate": 0.5864335441410089,
          "cv": 1.0,
          "lambda": 0.15
        },
        "MS3_9": {
          "meanserv": 1.9406328501384298,
          "stddevserv": 1.9406328501384298,
          "rate": 0.5152958221482583,
          "cv": 1.0,
          "lambda": 0.15
        },
        "MS3_10": {
          "meanserv": 1.0822061187120564,
          "stddevserv": 1.0822061187120564,
          "rate": 0.9240383903854742,
          "cv": 1.0,
          "lambda": 0.15
        }
      },
      "sensors": [
        "S3"
      ],
      "sources": [
        {
          "startTime": 0,
          "stopTime": -1,
          "lambda": 0.15
        }
      ]
    },
    "SC4": {
      "resptime": 39.27385132644581,
      "resptime_old": 29.273851326445808,
      "waittime": 24.754831894939883,
      "servicetime": 10.0,
      "networktime": 4.519019431505927,
      "services": {
        "MS4_1": {
          "meanserv": 2.3763004087908746,
          "stddevserv": 2.3763004087908746,
          "rate": 0.4208222143549716,
          "cv": 1.0,
          "lambda": 0.15
        },
        "MS4_2": {
          "meanserv": 1.765674858013564,
          "stddevserv": 1.765674858013564,
          "rate": 0.5663556885694285,
          "cv": 1.0,
          "lambda": 0.15
        },
        "MS4_3": {
          "meanserv": 0.9227830152048693,
          "stddevserv": 0.9227830152048693,
          "rate": 1.0836783767395064,
          "cv": 1.0,
          "lambda": 0.15
        },
        "MS4_4": {
          "meanserv": 0.12070314428120721,
          "stddevserv": 0.12070314428120721,
          "rate": 8.28478832059468,
          "cv": 1.0,
          "lambda": 0.15
        },
        "MS4_5": {
          "meanserv": 0.2504930644659593,
          "stddevserv": 0.2504930644659593,
          "rate": 3.9921264971226167,
          "cv": 1.0,
          "lambda": 0.15
        },
        "MS4_6": {
          "meanserv": 1.1118840921549484,
          "stddevserv": 1.1118840921549484,
          "rate": 0.8993743206289557,
          "cv": 1.0,
          "lambda": 0.15
        },
        "MS4_7": {
          "meanserv": 0.7948894011919991,
          "stddevserv": 0.7948894011919991,
          "rate": 1.2580366507597427,
          "cv": 1.0,
          "lambda": 0.15
        },
        "MS4_8": {
          "meanserv": 0.1334424081770491,
          "stddevserv": 0.1334424081770491,
          "rate": 7.493869555120866,
          "cv": 1.0,
          "lambda": 0.15
        },
        "MS4_9": {
          "meanserv": 2.237323817037085,
          "stddevserv": 2.237323817037085,
          "rate": 0.4469625685763772,
          "cv": 1.0,
          "lambda": 0.15
        },
        "MS4_10": {
          "meanserv": 0.286505790682444,
          "stddevserv": 0.286505790682444,
          "rate": 3.4903308502702326,
          "cv": 1.0,
          "lambda": 0.15
        }
      },
      "sensors": [
        "S4"
      ],
      "sources": [
        {
          "startTime": 0,
          "stopTime": -1,
          "lambda": 0.15
        }
      ]
    }
  },
  "microservice": {
    "MS1_1": "F7",
    "MS1_2": "F5",
    "MS1_3": "F5",
    "MS1_4": "F5",
    "MS1_5": "F3",
    "MS1_6": "F2",
    "MS1_7": "F2",
    "MS1_8": "F7",
    "MS1_9": "F8",
    "MS1_10": "F8",
    "MS2_1": "F6",
    "MS2_2": "F6",
    "MS2_3": "F6",
    "MS2_4": "F1",
    "MS2_5": "F10",
    "MS2_6": "F10",
    "MS2_7": "F8",
    "MS2_8": "F8",
    "MS2_9": "F9",
    "MS2_10": "F9",
    "MS3_1": "F10",
    "MS3_2": "F10",
    "MS3_3": "F10",
    "MS3_4": "F3",
    "MS3_5": "F8",
    "MS3_6": "F4",
    "MS3_7": "F4",
    "MS3_8": "F8",
    "MS3_9": "F7",
    "MS3_10": "F7",
    "MS4_1": "F5",
    "MS4_2": "F9",
    "MS4_3": "F9",
    "MS4_4": "F9",
    "MS4_5": "F10",
    "MS4_6": "F10",
    "MS4_7": "F8",
    "MS4_8": "F9",
    "MS4_9": "F6",
    "MS4_10": "F6"
  },
  "sensor": {
    "S1": "F7",
    "S2": "F6",
    "S3": "F10",
    "S4": "F5"
  },
  "fog": {
    "F1": {
      "rho": 0.506917173898281,
      "capacity": 1.0,
      "tserv": 3.379447825988539,
      "stddev": 3.379447825988539,
      "mu": 0.2959063289303734,
      "cv": 1.0,
      "lambda": 0.15,
      "twait": 3.4742644655269364
    },
    "F2": {
      "rho": 0.5117159597082787,
      "capacity": 1.0,
      "tserv": 1.7057198656942623,
      "stddev": 2.56321065328202,
      "mu": 0.58626273874871,
      "cv": 1.5027148975829872,
      "lambda": 0.3,
      "twait": 2.9120947023966903
    },
    "F3": {
      "rho": 0.5273219589935486,
      "capacity": 1.0,
      "tserv": 1.7577398633118289,
      "stddev": 2.530256506890805,
      "mu": 0.5689123976035109,
      "cv": 1.4394942958871322,
      "lambda": 0.3,
      "twait": 3.0121498972730554
    },
    "F4": {
      "rho": 0.5507034412909332,
      "capacity": 1.0,
      "tserv": 1.835678137636444,
      "stddev": 2.358811194988633,
      "mu": 0.5447578088430935,
      "cv": 1.284980818056567,
      "lambda": 0.3,
      "twait": 2.9825638452257612
    },
    "F5": {
      "rho": 0.608417538977243,
      "capacity": 1.0,
      "tserv": 1.0140292316287385,
      "stddev": 1.5741725465619167,
      "mu": 0.9861648646891523,
      "cv": 1.552393656377611,
      "lambda": 0.6,
      "twait": 2.686234577352302
    },
    "F6": {
      "rho": 0.6186184224952679,
      "capacity": 1.0,
      "tserv": 0.8248245633270238,
      "stddev": 1.3623224776329461,
      "mu": 1.2123790251424935,
      "cv": 1.6516511973623376,
      "lambda": 0.75,
      "twait": 2.49381942154126
    },
    "F7": {
      "rho": 0.6078434751713232,
      "capacity": 1.0,
      "tserv": 1.013072458618872,
      "stddev": 1.3329608030873688,
      "mu": 0.9870962254400897,
      "cv": 1.3157605773871324,
      "lambda": 0.6,
      "twait": 2.144373584147819
    },
    "F8": {
      "rho": 0.6709927062843917,
      "capacity": 1.0,
      "tserv": 0.6390406726518016,
      "stddev": 0.9963877768242517,
      "mu": 1.5648456237540247,
      "cv": 1.559193052125432,
      "lambda": 1.05,
      "twait": 2.235846575995905
    },
    "F9": {
      "rho": 0.6786527833436466,
      "capacity": 1.0,
      "tserv": 0.7540586481596073,
      "stddev": 1.096875645103326,
      "mu": 1.326156794886776,
      "cv": 1.4546290898995915,
      "lambda": 0.9,
      "twait": 2.4810648427396185
    },
    "F10": {
      "rho": 0.7188165398370859,
      "capacity": 1.0,
      "tserv": 0.6845871807972246,
      "stddev": 0.921473846426595,
      "mu": 1.4607343345744024,
      "cv": 1.3460284858876674,
      "lambda": 1.05,
      "twait": 2.4604262637753407
    }
  },
  "extra": {
    "deltatime": 0.0433035,
    "obj_func": 39.344982576486515
  },
  "network": [
    [
      0.0,
      1.044897352033503,
      1.0218002936857429,
      0.8401937414184405,
      0.9113015972895976,
      0.9355293634973447,
      0.9133376827828432,
      0.9487696479373859,
      0.9934778806613915,
      0.9934778806613915
    ],
    [
      1.044897352033503,
      0.0,
      1.0069265810569474,
      1.105336313981317,
      1.076242501879103,
      1.1158262342044096,
      0.8954508486670969,
      0.9934778806613915,
      0.7820757901341301,
      0.7820757901341301
    ],
    [
      1.0218002936857429,
      1.0069265810569474,
      0.0,
      1.2629657834077905,
      0.8280841856132519,
      0.8799746822748241,
      0.9487696479373859,
      0.7820757901341301,
      0.8946925963028082,
      0.8946925963028082
    ],
    [
      0.8401937414184405,
      1.105336313981317,
      1.2629657834077905,
      0.0,
      0.595844012779988,
      0.9133376827828432,
      0.9934778806613915,
      0.8946925963028082,
      1.3497489907306515,
      1.3497489907306515
    ],
    [
      0.9113015972895976,
      1.076242501879103,
      0.8280841856132519,
      0.595844012779988,
      0.0,
      0.8954508486670969,
      0.7820757901341301,
      1.3497489907306515,
      1.314181694293014,
      1.314181694293014
    ],
    [
      0.9355293634973447,
      1.1158262342044096,
      0.8799746822748241,
      0.9133376827828432,
      0.8954508486670969,
      0.0,
      0.8946925963028082,
      1.314181694293014,
      0.8000774112458718,
      0.8000774112458718
    ],
    [
      0.9133376827828432,
      0.8954508486670969,
      0.9487696479373859,
      0.9934778806613915,
      0.7820757901341301,
      0.8946925963028082,
      0.0,
      0.8000774112458718,
      0.9402449434545144,
      0.9402449434545144
    ],
    [
      0.9487696479373859,
      0.9934778806613915,
      0.7820757901341301,
      0.8946925963028082,
      1.3497489907306515,
      1.314181694293014,
      0.8000774112458718,
      0.0,
      0.7566738897072582,
      0.7566738897072582
    ],
    [
      0.9934778806613915,
      0.7820757901341301,
      0.8946925963028082,
      1.3497489907306515,
      1.314181694293014,
      0.8000774112458718,
      0.9402449434545144,
      0.7566738897072582,
      0.0,
      0.8914125465525249
    ],
    [
      0.9934778806613915,
      0.7820757901341301,
      0.8946925963028082,
      1.3497489907306515,
      1.314181694293014,
      0.8000774112458718,
      0.9402449434545144,
      0.7566738897072582,
      0.8914125465525249,
      0.0
    ]
  ]
}