{
  "servicechain": {
    "SC1": {
      "resptime": 37.600270178127026,
      "resptime_old": 27.600270178127026,
      "waittime": 21.876297109799783,
      "servicetime": 10.0,
      "networktime": 5.723973068327242,
      "services": {
        "MS1_1": {
          "meanserv": 0.4397440108549411,
          "stddevserv": 0.4397440108549411,
          "rate": 2.274050300436886,
          "cv": 1.0,
          "lambda": 0.15
        },
        "MS1_2": {
          "meanserv": 0.5126040397396336,
          "stddevserv": 0.5126040397396336,
          "rate": 1.9508234865022305,
          "cv": 1.0,
          "lambda": 0.15
        },
        "MS1_3": {
          "meanserv": 1.2890027627993972,
          "stddevserv": 1.2890027627993972,
          "rate": 0.7757935272599772,
          "cv": 1.0,
          "lambda": 0.15
        },
        "MS1_4": {
          "meanserv": 1.599374749340646,
          "stddevserv": 1.599374749340646,
          "rate": 0.6252443340200646,
          "cv": 1.0,
          "lambda": 0.15
        },
        "MS1_5": {
          "meanserv": 0.4392002700527957,
          "stddevserv": 0.4392002700527957,
          "rate": 2.276865630979214,
          "cv": 1.0,
          "lambda": 0.15
        },
        "MS1_6": {
          "meanserv": 0.5351516439651265,
          "stddevserv": 0.5351516439651265,
          "rate": 1.8686292217859013,
          "cv": 1.0,
          "lambda": 0.15
        },
        "MS1_7": {
          "meanserv": 1.7846133987643524,
          "stddevserv": 1.7846133987643524,
          "rate": 0.5603454511169699,
          "cv": 1.0,
          "lambda": 0.15
        },
        "MS1_8": {
          "meanserv": 0.43586853102328416,
          "stddevserv": 0.43586853102328416,
          "rate": 2.2942697827996668,
          "cv": 1.0,
          "lambda": 0.15
        },
        "MS1_9": {
          "meanserv": 0.803183905403202,
          "stddevserv": 0.803183905403202,
          "rate": 1.245044868644368,
          "cv": 1.0,
          "lambda": 0.15
        },
        "MS1_10": {
          "meanserv": 2.1612566880566213,
          "stddevserv": 2.1612566880566213,
          "rate": 0.4626937677167765,
          "cv": 1.0,
          "lambda": 0.15
        }
      },
      "sensors": [
        "S1"
      ],
      "sources": [
        {
          "startTime": 0,
          "stopTime": -1,
          "lambda": 0.15
        }
      ]
    },
    "SC2": {
      "resptime": 38.30965205328816,
      "resptime_old": 28.30965205328817,
      "waittime": 24.90124737105242,
      "servicetime": 10.0,
      "networktime": 3.408404682235744,
      "services": {
        "MS2_1": {
          "meanserv": 1.4336743108289762,
          "stddevserv": 1.4336743108289762,
          "rate": 0.697508487420537,
          "cv": 1.0,
          "lambda": 0.15
        },
        "MS2_2": {
          "meanserv": 1.0538426866464534,
          "stddevserv": 1.0538426866464534,
          "rate": 0.9489082314384208,
          "cv": 1.0,
          "lambda": 0.15
        },
        "MS2_3": {
          "meanserv": 0.04572164565110004,
          "stddevserv": 0.04572164565110004,
          "rate": 21.871478722156198,
          "cv": 1.0,
          "lambda": 0.15
        },
        "MS2_4": {
          "meanserv": 1.3398860815181513,
          "stddevserv": 1.3398860815181513,
          "rate": 0.7463321052390924,
          "cv": 1.0,
          "lambda": 0.15
        },
        "MS2_5": {
          "meanserv": 1.6934994082766144,
          "stddevserv": 1.6934994082766144,
          "rate": 0.5904932680299236,
          "cv": 1.0,
          "lambda": 0.15
        },
        "MS2_6": {
          "meanserv": 0.1768016938222603,
          "stddevserv": 0.1768016938222603,
          "rate": 5.656054409780177,
          "cv": 1.0,
          "lambda": 0.15
        },
        "MS2_7": {
          "meanserv": 3.142886071526812,
          "stddevserv": 3.142886071526812,
          "rate": 0.31817888947982154,
          "cv": 1.0,
          "lambda": 0.15
        },
        "MS2_8": {
          "meanserv": 0.8079992901420017,
          "stddevserv": 0.8079992901420017,
          "rate": 1.237624849675617,
          "cv": 1.0,
          "lambda": 0.15
        },
        "MS2_9": {
          "meanserv": 0.1684023122872027,
          "stddevserv": 0.1684023122872027,
          "rate": 5.938160743865228,
          "cv": 1.0,
          "lambda": 0.15
        },
        "MS2_10": {
          "meanserv": 0.13728649930042813,
          "stddevserv": 0.13728649930042813,
          "rate": 7.2840374333653175,
          "cv": 1.0,
          "lambda": 0.15
        }
      },
      "sensors": [
        "S2"
      ],
      "sources": [
        {
          "startTime": 0,
          "stopTime": -1,
          "lambda": 0.15
        }
      ]
    },
    "SC3": {
      "resptime": 37.51993725379067,
      "resptime_old": 27.519937253790673,
      "waittime": 22.525211289013257,
      "servicetime": 10.0,
      "networktime": 4.994725964777416,
      "services": {
        "MS3_1": {
          "meanserv": 0.04428124510603815,
          "stddevserv": 0.04428124510603815,
          "rate": 22.582924161354285,
          "cv": 1.0,
          "lambda": 0.15
        },
        "MS3_2": {
          "meanserv": 1.327703364353967,
          "stddevserv": 1.327703364353967,
          "rate": 0.7531802862355322,
          "cv": 1.0,
          "lambda": 0.15
        },
        "MS3_3": {
          "meanserv": 0.5653362052658495,
          "stddevserv": 0.5653362052658495,
          "rate": 1.7688589386022955,
          "cv": 1.0,
          "lambda": 0.15
        },
        "MS3_4": {
          "meanserv": 1.2095862521450431,
          "stddevserv": 1.2095862521450431,
          "rate": 0.8267289730076137,
          "cv": 1.0,
          "lambda": 0.15
        },
        "MS3_5": {
          "meanserv": 1.0530237734901222,
          "stddevserv": 1.0530237734901222,
          "rate": 0.9496461762545196,
          "cv": 1.0,
          "lambda": 0.15
        },
        "MS3_6": {
          "meanserv": 0.22206057196619788,
          "stddevserv": 0.22206057196619788,
          "rate": 4.5032758005875095,
          "cv": 1.0,
          "lambda": 0.15
        },
        "MS3_7": {
          "meanserv": 1.3309451414007114,
          "stddevserv": 1.3309451414007114,
          "rate": 0.7513457684270753,
          "cv": 1.0,
          "lambda": 0.15
        },
        "MS3_8": {
          "meanserv": 0.4751172253987406,
          "stddevserv": 0.4751172253987406,
          "rate": 2.1047437275311442,
          "cv": 1.0,
          "lambda": 0.15
        },
        "MS3_9": {
          "meanserv": 2.663400414890022,
          "stddevserv": 2.663400414890022,
          "rate": 0.3754598799374642,
          "cv": 1.0,
          "lambda": 0.15
        },
        "MS3_10": {
          "meanserv": 1.108545805983308,
          "stddevserv": 1.108545805983308,
          "rate": 0.9020827056514592,
          "cv": 1.0,
          "lambda": 0.15
        }
      },
      "sensors": [
        "S3"
      ],
      "sources": [
        {
          "startTime": 0,
          "stopTime": -1,
          "lambda": 0.15
        }
      ]
    },
    "SC4": {
      "resptime": 35.471297020683835,
      "resptime_old": 25.471297020683835,
      "waittime": 21.732802565544844,
      "servicetime": 10.0,
      "networktime": 3.7384944551389916,
      "services": {
        "MS4_1": {
          "meanserv": 0.07177144527604096,
          "stddevserv": 0.07177144527604096,
          "rate": 13.93311777621154,
          "cv": 1.0,
          "lambda": 0.15
        },
        "MS4_2": {
          "meanserv": 0.683005355104841,
          "stddevserv": 0.683005355104841,
          "rate": 1.4641173638331144,
          "cv": 1.0,
          "lambda": 0.15
        },
        "MS4_3": {
          "meanserv": 0.6388469555283482,
          "stddevserv": 0.6388469555283482,
          "rate": 1.5653201308175066,
          "cv": 1.0,
          "lambda": 0.15
        },
        "MS4_4": {
          "meanserv": 0.9913767806455742,
          "stddevserv": 0.9913767806455742,
          "rate": 1.0086982260657855,
          "cv": 1.0,
          "lambda": 0.15
        },
        "MS4_5": {
          "meanserv": 1.5809644124627353,
          "stddevserv": 1.5809644124627353,
          "rate": 0.6325253067792067,
          "cv": 1.0,
          "lambda": 0.15
        },
        "MS4_6": {
          "meanserv": 1.0090282587884127,
          "stddevserv": 1.0090282587884127,
          "rate": 0.991052521364215,
          "cv": 1.0,
          "lambda": 0.15
        },
        "MS4_7": {
          "meanserv": 0.10527110104371484,
          "stddevserv": 0.10527110104371484,
          "rate": 9.499283184895543,
          "cv": 1.0,
          "lambda": 0.15
        },
        "MS4_8": {
          "meanserv": 1.308065488558535,
          "stddevserv": 1.308065488558535,
          "rate": 0.7644877177380334,
          "cv": 1.0,
          "lambda": 0.15
        },
        "MS4_9": {
          "meanserv": 0.885882266089224,
          "stddevserv": 0.885882266089224,
          "rate": 1.1288181717583703,
          "cv": 1.0,
          "lambda": 0.15
        },
        "MS4_10": {
          "meanserv": 2.7257879365025737,
          "stddevserv": 2.7257879365025737,
          "rate": 0.3668663972748695,
          "cv": 1.0,
          "lambda": 0.15
        }
      },
      "sensors": [
        "S4"
      ],
      "sources": [
        {
          "startTime": 0,
          "stopTime": -1,
          "lambda": 0.15
        }
      ]
    }
  },
  "microservice": {
    "MS1_1": "F4",
    "MS1_2": "F7",
    "MS1_3": "F7",
    "MS1_4": "F7",
    "MS1_5": "F9",
    "MS1_6": "F5",
    "MS1_7": "F5",
    "MS1_8": "F4",
    "MS1_9": "F7",
    "MS1_10": "F4",
    "MS2_1": "F9",
    "MS2_2": "F9",
    "MS2_3": "F9",
    "MS2_4": "F10",
    "MS2_5": "F6",
    "MS2_6": "F1",
    "MS2_7": "F1",
    "MS2_8": "F6",
    "MS2_9": "F6",
    "MS2_10": "F6",
    "MS3_1": "F9",
    "MS3_2": "F9",
    "MS3_3": "F6",
    "MS3_4": "F6",
    "MS3_5": "F4",
    "MS3_6": "F10",
    "MS3_7": "F10",
    "MS3_8": "F10",
    "MS3_9": "F3",
    "MS3_10": "F5",
    "MS4_1": "F5",
    "MS4_2": "F5",
    "MS4_3": "F3",
    "MS4_4": "F10",
    "MS4_5": "F8",
    "MS4_6": "F8",
    "MS4_7": "F8",
    "MS4_8": "F8",
    "MS4_9": "F2",
    "MS4_10": "F2"
  },
  "sensor": {
    "S1": "F4",
    "S2": "F9",
    "S3": "F9",
    "S4": "F5"
  },
  "fog": {
    "F1": {
      "rho": 0.49795316480236074,
      "capacity": 1.0,
      "tserv": 1.659843882674536,
      "stddev": 2.6746794168056063,
      "mu": 0.6024662984501182,
      "cv": 1.6114042077835944,
      "lambda": 0.3,
      "twait": 2.9605778792435204
    },
    "F2": {
      "rho": 0.5417505303887696,
      "capacity": 1.0,
      "tserv": 1.8058351012958989,
      "stddev": 2.225683457071551,
      "mu": 0.5537604177050177,
      "cv": 1.23249540086709,
      "lambda": 0.3,
      "twait": 2.6889416602457397
    },
    "F3": {
      "rho": 0.4953371055627556,
      "capacity": 1.0,
      "tserv": 1.6511236852091853,
      "stddev": 2.1853186904352,
      "mu": 0.6056481467488047,
      "cv": 1.323534214917604,
      "lambda": 0.3,
      "twait": 2.2297539462425378
    },
    "F4": {
      "rho": 0.6134839505137453,
      "capacity": 1.0,
      "tserv": 1.0224732508562422,
      "stddev": 1.4269447454598538,
      "mu": 0.97802069556595,
      "cv": 1.3955814924888237,
      "lambda": 0.6,
      "twait": 2.3918459733364377
    },
    "F5": {
      "rho": 0.6274631473640502,
      "capacity": 1.0,
      "tserv": 0.8366175298187336,
      "stddev": 1.1699455195024964,
      "mu": 1.195289322011536,
      "cv": 1.398423386796573,
      "lambda": 0.75,
      "twait": 2.082379295329951
    },
    "F6": {
      "rho": 0.687316495112571,
      "capacity": 1.0,
      "tserv": 0.7636849945695232,
      "stddev": 1.095607842546439,
      "mu": 1.309440419951794,
      "cv": 1.4346331934464882,
      "lambda": 0.9,
      "twait": 2.566835408538462
    },
    "F7": {
      "rho": 0.6306248185924318,
      "capacity": 1.0,
      "tserv": 1.0510413643207197,
      "stddev": 1.2078946766508132,
      "mu": 0.9514373400958321,
      "cv": 1.149236098268565,
      "lambda": 0.6,
      "twait": 2.0821898398466714
    },
    "F8": {
      "rho": 0.6004993891280097,
      "capacity": 1.0,
      "tserv": 1.0008323152133496,
      "stddev": 1.2720796321829513,
      "mu": 0.999168376959159,
      "cv": 1.2710217414510434,
      "lambda": 0.6,
      "twait": 1.9673451122427619
    },
    "F9": {
      "rho": 0.6516635283958996,
      "capacity": 1.0,
      "tserv": 0.724070587106555,
      "stddev": 1.0882579643434942,
      "mu": 1.381080819752783,
      "cv": 1.502972201498008,
      "lambda": 0.9,
      "twait": 2.2072412397438836
    },
    "F10": {
      "rho": 0.6539078701394063,
      "capacity": 1.0,
      "tserv": 0.8718771601858751,
      "stddev": 1.081510133364546,
      "mu": 1.146950563295878,
      "cv": 1.2404386566726664,
      "lambda": 0.75,
      "twait": 2.091026259179879
    }
  },
  "extra": {
    "deltatime": 0.0458773,
    "obj_func": 37.22528912647242
  },
  "network": [
    [
      0.0,
      0.8032215803574426,
      1.3153055475729742,
      0.7703023337329112,
      0.8881911354572202,
      0.7666571272281238,
      0.9342552679518963,
      1.3079157687343221,
      0.9094120324857285,
      0.9094120324857285
    ],
    [
      0.8032215803574426,
      0.0,
      1.3439674852759824,
      1.224747857333893,
      1.0381670926961097,
      1.1536309682923334,
      0.8960536604080013,
      0.9094120324857285,
      1.287810805774093,
      1.287810805774093
    ],
    [
      1.3153055475729742,
      1.3439674852759824,
      0.0,
      1.3892208569026103,
      0.9744075394387876,
      0.92989161894003,
      1.3079157687343221,
      1.287810805774093,
      0.8441008801151854,
      0.8441008801151854
    ],
    [
      0.7703023337329112,
      1.224747857333893,
      1.3892208569026103,
      0.0,
      0.8951332160130071,
      0.9342552679518963,
      0.9094120324857285,
      0.8441008801151854,
      1.1737699532558423,
      1.1737699532558423
    ],
    [
      0.8881911354572202,
      1.0381670926961097,
      0.9744075394387876,
      0.8951332160130071,
      0.0,
      0.8960536604080013,
      1.287810805774093,
      1.1737699532558423,
      1.0967620253518313,
      1.0967620253518313
    ],
    [
      0.7666571272281238,
      1.1536309682923334,
      0.92989161894003,
      0.9342552679518963,
      0.8960536604080013,
      0.0,
      0.8441008801151854,
      1.0967620253518313,
      1.0681923240157045,
      1.0681923240157045
    ],
    [
      0.9342552679518963,
      0.8960536604080013,
      1.3079157687343221,
      0.9094120324857285,
      1.287810805774093,
      0.8441008801151854,
      0.0,
      1.0681923240157045,
      1.0038417295052176,
      1.0038417295052176
    ],
    [
      1.3079157687343221,
      0.9094120324857285,
      1.287810805774093,
      0.8441008801151854,
      1.1737699532558423,
      1.0967620253518313,
      1.0681923240157045,
      0.0,
      1.0105740030992905,
      1.0105740030992905
    ],
    [
      0.9094120324857285,
      1.287810805774093,
      0.8441008801151854,
      1.1737699532558423,
      1.0967620253518313,
      1.0681923240157045,
      1.0038417295052176,
      1.0105740030992905,
      0.0,
      0.8068981037637917
    ],
    [
      0.9094120324857285,
      1.287810805774093,
      0.8441008801151854,
      1.1737699532558423,
      1.0967620253518313,
      1.0681923240157045,
      1.0038417295052176,
      1.0105740030992905,
      0.8068981037637917,
      0.0
    ]
  ]
}