{
  "servicechain": {
    "SC1": {
      "resptime": 30.21735988615883,
      "resptime_old": 20.21735988615883,
      "waittime": 16.065825580803374,
      "servicetime": 10.0,
      "networktime": 4.151534305355459,
      "services": {
        "MS1_1": {
          "meanserv": 2.188274208926523,
          "stddevserv": 2.188274208926523,
          "rate": 0.4569811205198816,
          "cv": 1.0,
          "lambda": 0.125
        },
        "MS1_2": {
          "meanserv": 1.6380471120831905,
          "stddevserv": 1.6380471120831905,
          "rate": 0.6104830518142104,
          "cv": 1.0,
          "lambda": 0.125
        },
        "MS1_3": {
          "meanserv": 0.020736749859800785,
          "stddevserv": 0.020736749859800785,
          "rate": 48.22356477080092,
          "cv": 1.0,
          "lambda": 0.125
        },
        "MS1_4": {
          "meanserv": 5.212684222035347,
          "stddevserv": 5.212684222035347,
          "rate": 0.1918397427131198,
          "cv": 1.0,
          "lambda": 0.125
        },
        "MS1_5": {
          "meanserv": 0.9402577070951388,
          "stddevserv": 0.9402577070951388,
          "rate": 1.0635382113372205,
          "cv": 1.0,
          "lambda": 0.125
        }
      },
      "sensors": [
        "S1"
      ],
      "sources": [
        {
          "startTime": 0,
          "stopTime": -1,
          "lambda": 0.125
        }
      ]
    },
    "SC2": {
      "resptime": 25.926241327811873,
      "resptime_old": 15.926241327811875,
      "waittime": 9.373923219817685,
      "servicetime": 10.0,
      "networktime": 6.5523181079941875,
      "services": {
        "MS2_1": {
          "meanserv": 2.935332744126742,
          "stddevserv": 2.935332744126742,
          "rate": 0.3406768796487837,
          "cv": 1.0,
          "lambda": 0.125
        },
        "MS2_2": {
          "meanserv": 0.4265752787187105,
          "stddevserv": 0.4265752787187105,
          "rate": 2.3442521165400527,
          "cv": 1.0,
          "lambda": 0.125
        },
        "MS2_3": {
          "meanserv": 1.1616429954707366,
          "stddevserv": 1.1616429954707366,
          "rate": 0.8608496792035203,
          "cv": 1.0,
          "lambda": 0.125
        },
        "MS2_4": {
          "meanserv": 3.831169038725113,
          "stddevserv": 3.831169038725113,
          "rate": 0.26101693501176526,
          "cv": 1.0,
          "lambda": 0.125
        },
        "MS2_5": {
          "meanserv": 1.6452799429586982,
          "stddevserv": 1.6452799429586982,
          "rate": 0.6077993014378485,
          "cv": 1.0,
          "lambda": 0.125
        }
      },
      "sensors": [
        "S2"
      ],
      "sources": [
        {
          "startTime": 0,
          "stopTime": -1,
          "lambda": 0.125
        }
      ]
    },
    "SC3": {
      "resptime": 44.653203325770065,
      "resptime_old": 34.65320332577006,
      "waittime": 30.980048433658766,
      "servicetime": 10.0,
      "networktime": 3.673154892111298,
      "services": {
        "MS3_1": {
          "meanserv": 0.12213075257200168,
          "stddevserv": 0.12213075257200168,
          "rate": 8.187945942693297,
          "cv": 1.0,
          "lambda": 0.125
        },
        "MS3_2": {
          "meanserv": 1.1551175231615585,
          "stddevserv": 1.1551175231615585,
          "rate": 0.8657127780929151,
          "cv": 1.0,
          "lambda": 0.125
        },
        "MS3_3": {
          "meanserv": 0.29639501062788787,
          "stddevserv": 0.29639501062788787,
          "rate": 3.373875956554006,
          "cv": 1.0,
          "lambda": 0.125
        },
        "MS3_4": {
          "meanserv": 6.473791282020545,
          "stddevserv": 6.473791282020545,
          "rate": 0.1544689898757268,
          "cv": 1.0,
          "lambda": 0.125
        },
        "MS3_5": {
          "meanserv": 1.952565431618007,
          "stddevserv": 1.952565431618007,
          "rate": 0.512146729531795,
          "cv": 1.0,
          "lambda": 0.125
        }
      },
      "sensors": [
        "S3"
      ],
      "sources": [
        {
          "startTime": 0,
          "stopTime": -1,
          "lambda": 0.125
        }
      ]
    },
    "SC4": {
      "resptime": 25.326112908867543,
      "resptime_old": 15.326112908867543,
      "waittime": 9.648076255054024,
      "servicetime": 10.0,
      "networktime": 5.67803665381352,
      "services": {
        "MS4_1": {
          "meanserv": 0.8472625166495706,
          "stddevserv": 0.8472625166495706,
          "rate": 1.18027173437864,
          "cv": 1.0,
          "lambda": 0.125
        },
        "MS4_2": {
          "meanserv": 0.7042837772481259,
          "stddevserv": 0.7042837772481259,
          "rate": 1.4198822013298917,
          "cv": 1.0,
          "lambda": 0.125
        },
        "MS4_3": {
          "meanserv": 2.8756606105114217,
          "stddevserv": 2.8756606105114217,
          "rate": 0.34774618268396945,
          "cv": 1.0,
          "lambda": 0.125
        },
        "MS4_4": {
          "meanserv": 4.145046749967607,
          "stddevserv": 4.145046749967607,
          "rate": 0.2412518025298062,
          "cv": 1.0,
          "lambda": 0.125
        },
        "MS4_5": {
          "meanserv": 1.4277463456232748,
          "stddevserv": 1.4277463456232748,
          "rate": 0.7004045242808556,
          "cv": 1.0,
          "lambda": 0.125
        }
      },
      "sensors": [
        "S4"
      ],
      "sources": [
        {
          "startTime": 0,
          "stopTime": -1,
          "lambda": 0.125
        }
      ]
    }
  },
  "microservice": {
    "MS1_1": "F6",
    "MS1_2": "F6",
    "MS1_3": "F6",
    "MS1_4": "F2",
    "MS1_5": "F8",
    "MS2_1": "F5",
    "MS2_2": "F5",
    "MS2_3": "F10",
    "MS2_4": "F4",
    "MS2_5": "F9",
    "MS3_1": "F9",
    "MS3_2": "F9",
    "MS3_3": "F9",
    "MS3_4": "F1",
    "MS3_5": "F8",
    "MS4_1": "F10",
    "MS4_2": "F10",
    "MS4_3": "F7",
    "MS4_4": "F3",
    "MS4_5": "F10"
  },
  "sensor": {
    "S1": "F6",
    "S2": "F5",
    "S3": "F9",
    "S4": "F10"
  },
  "fog": {
    "F1": {
      "rho": 0.8092239102525681,
      "capacity": 1.0,
      "tserv": 6.473791282020545,
      "stddev": 6.473791282020545,
      "mu": 0.1544689898757268,
      "cv": 1.0,
      "lambda": 0.125,
      "twait": 27.460184881298378
    },
    "F2": {
      "rho": 0.6515855277544184,
      "capacity": 1.0,
      "tserv": 5.212684222035347,
      "stddev": 5.212684222035347,
      "mu": 0.1918397427131198,
      "cv": 1.0,
      "lambda": 0.125,
      "twait": 9.748474504922358
    },
    "F3": {
      "rho": 0.5181308437459509,
      "capacity": 1.0,
      "tserv": 4.145046749967607,
      "stddev": 4.145046749967607,
      "mu": 0.2412518025298062,
      "cv": 1.0,
      "lambda": 0.125,
      "twait": 4.4569704079479155
    },
    "F4": {
      "rho": 0.4788961298406391,
      "capacity": 1.0,
      "tserv": 3.831169038725113,
      "stddev": 3.831169038725113,
      "mu": 0.26101693501176526,
      "cv": 1.0,
      "lambda": 0.125,
      "twait": 3.5208566477344556
    },
    "F5": {
      "rho": 0.42023850285568154,
      "capacity": 1.0,
      "tserv": 1.6809540114227262,
      "stddev": 2.4438777380708756,
      "mu": 0.5949002728240137,
      "cv": 1.4538635331268974,
      "lambda": 0.25,
      "twait": 1.8969319346172613
    },
    "F6": {
      "rho": 0.4808822588586893,
      "capacity": 1.0,
      "tserv": 1.2823526902898381,
      "stddev": 1.826751166089031,
      "mu": 0.77981666632912,
      "cv": 1.4245310045523807,
      "lambda": 0.375,
      "twait": 1.7992479777381096
    },
    "F7": {
      "rho": 0.3594575763139277,
      "capacity": 1.0,
      "tserv": 2.8756606105114217,
      "stddev": 2.8756606105114217,
      "mu": 0.34774618268396945,
      "cv": 1.0,
      "lambda": 0.125,
      "twait": 1.61375414825368
    },
    "F8": {
      "rho": 0.3616028923391432,
      "capacity": 1.0,
      "tserv": 1.446411569356573,
      "stddev": 1.6138432056841452,
      "mu": 0.6913661513678598,
      "cv": 1.1157565660250168,
      "lambda": 0.25,
      "twait": 0.9196071426666869
    },
    "F9": {
      "rho": 0.4023654036650183,
      "capacity": 1.0,
      "tserv": 0.8047308073300365,
      "stddev": 1.1934875704283383,
      "mu": 1.2426515685634483,
      "cv": 1.4830892014537536,
      "lambda": 0.5,
      "twait": 0.8667521365645663
    },
    "F10": {
      "rho": 0.5176169543739635,
      "capacity": 1.0,
      "tserv": 1.035233908747927,
      "stddev": 1.1086760112264697,
      "mu": 0.9659652678972418,
      "cv": 1.0709425201956222,
      "lambda": 0.5,
      "twait": 1.1924505662841425
    }
  },
  "extra": {
    "deltatime": 0.0140239,
    "obj_func": 31.53072936215208
  },
  "network": [
    [
      0.0,
      2.408279598188194,
      1.7272730457950267,
      1.3077557308026302,
      2.4809813148803723,
      2.0137462259424566,
      1.1820154533489768,
      1.594854493604389,
      2.0783003985069093,
      2.0783003985069093
    ],
    [
      2.408279598188194,
      0.0,
      2.0469980453441408,
      1.8663975362658574,
      2.441153791116564,
      2.0732339068485497,
      1.8603863494465505,
      2.0783003985069093,
      1.9474138525577835,
      1.9474138525577835
    ],
    [
      1.7272730457950267,
      2.0469980453441408,
      0.0,
      1.9364324219404305,
      2.5302294857919807,
      1.7562391074119417,
      1.594854493604389,
      1.9474138525577835,
      1.8251493290465948,
      1.8251493290465948
    ],
    [
      1.3077557308026302,
      1.8663975362658574,
      1.9364324219404305,
      0.0,
      2.535336018394118,
      1.1820154533489768,
      2.0783003985069093,
      1.8251493290465948,
      2.106025655116198,
      2.106025655116198
    ],
    [
      2.4809813148803723,
      2.441153791116564,
      2.5302294857919807,
      2.535336018394118,
      0.0,
      1.8603863494465505,
      1.9474138525577835,
      2.106025655116198,
      2.340266797761791,
      2.340266797761791
    ],
    [
      2.0137462259424566,
      2.0732339068485497,
      1.7562391074119417,
      1.1820154533489768,
      1.8603863494465505,
      0.0,
      1.8251493290465948,
      2.340266797761791,
      2.34305350431908,
      2.34305350431908
    ],
    [
      1.1820154533489768,
      1.8603863494465505,
      1.594854493604389,
      2.0783003985069093,
      1.9474138525577835,
      1.8251493290465948,
      0.0,
      2.34305350431908,
      2.2580328311625366,
      2.2580328311625366
    ],
    [
      1.594854493604389,
      2.0783003985069093,
      1.9474138525577835,
      1.8251493290465948,
      2.106025655116198,
      2.340266797761791,
      2.34305350431908,
      0.0,
      2.625244311712562,
      2.625244311712562
    ],
    [
      2.0783003985069093,
      1.9474138525577835,
      1.8251493290465948,
      2.106025655116198,
      2.340266797761791,
      2.34305350431908,
      2.2580328311625366,
      2.625244311712562,
      0.0,
      2.424524226512258
    ],
    [
      2.0783003985069093,
      1.9474138525577835,
      1.8251493290465948,
      2.106025655116198,
      2.340266797761791,
      2.34305350431908,
      2.2580328311625366,
      2.625244311712562,
      2.424524226512258,
      0.0
    ]
  ]
}