{
  "servicechain": {
    "SC1": {
      "resptime": 27.820911334584117,
      "resptime_old": 17.820911334584117,
      "waittime": 13.449134228289806,
      "servicetime": 10.0,
      "networktime": 4.371777106294312,
      "services": {
        "MS1_1": {
          "meanserv": 0.8135831650897929,
          "stddevserv": 0.8135831650897929,
          "rate": 1.2291306444248178,
          "cv": 1.0,
          "lambda": 0.15
        },
        "MS1_2": {
          "meanserv": 0.5246183023335038,
          "stddevserv": 0.5246183023335038,
          "rate": 1.9061477564774179,
          "cv": 1.0,
          "lambda": 0.15
        },
        "MS1_3": {
          "meanserv": 3.4429724802556927,
          "stddevserv": 3.4429724802556927,
          "rate": 0.2904467014286838,
          "cv": 1.0,
          "lambda": 0.15
        },
        "MS1_4": {
          "meanserv": 3.6295995560623515,
          "stddevserv": 3.6295995560623515,
          "rate": 0.27551248686091184,
          "cv": 1.0,
          "lambda": 0.15
        },
        "MS1_5": {
          "meanserv": 0.1174903932995317,
          "stddevserv": 0.1174903932995317,
          "rate": 8.511334177344914,
          "cv": 1.0,
          "lambda": 0.15
        },
        "MS1_6": {
          "meanserv": 1.4717361029591274,
          "stddevserv": 1.4717361029591274,
          "rate": 0.6794696399642319,
          "cv": 1.0,
          "lambda": 0.15
        }
      },
      "sensors": [
        "S1"
      ],
      "sources": [
        {
          "startTime": 0,
          "stopTime": -1,
          "lambda": 0.15
        }
      ]
    },
    "SC2": {
      "resptime": 34.76331210535635,
      "resptime_old": 24.763312105356345,
      "waittime": 19.292263568786176,
      "servicetime": 10.0,
      "networktime": 5.471048536570171,
      "services": {
        "MS2_1": {
          "meanserv": 0.2620467420711148,
          "stddevserv": 0.2620467420711148,
          "rate": 3.8161130800421015,
          "cv": 1.0,
          "lambda": 0.15
        },
        "MS2_2": {
          "meanserv": 1.009997568974802,
          "stddevserv": 1.009997568974802,
          "rate": 0.9901013930311238,
          "cv": 1.0,
          "lambda": 0.15
        },
        "MS2_3": {
          "meanserv": 2.5531675490076524,
          "stddevserv": 2.5531675490076524,
          "rate": 0.39167033921791505,
          "cv": 1.0,
          "lambda": 0.15
        },
        "MS2_4": {
          "meanserv": 0.08599529481238388,
          "stddevserv": 0.08599529481238388,
          "rate": 11.62854319159789,
          "cv": 1.0,
          "lambda": 0.15
        },
        "MS2_5": {
          "meanserv": 1.4593284590911137,
          "stddevserv": 1.4593284590911137,
          "rate": 0.6852466925936682,
          "cv": 1.0,
          "lambda": 0.15
        },
        "MS2_6": {
          "meanserv": 4.629464386042933,
          "stddevserv": 4.629464386042933,
          "rate": 0.21600770987996668,
          "cv": 1.0,
          "lambda": 0.15
        }
      },
      "sensors": [
        "S2"
      ],
      "sources": [
        {
          "startTime": 0,
          "stopTime": -1,
          "lambda": 0.15
        }
      ]
    },
    "SC3": {
      "resptime": 34.765588954356346,
      "resptime_old": 24.765588954356346,
      "waittime": 20.187032064329152,
      "servicetime": 10.0,
      "networktime": 4.578556890027194,
      "services": {
        "MS3_1": {
          "meanserv": 1.035415229951523,
          "stddevserv": 1.035415229951523,
          "rate": 0.965796108723279,
          "cv": 1.0,
          "lambda": 0.15
        },
        "MS3_2": {
          "meanserv": 0.9687103672281727,
          "stddevserv": 0.9687103672281727,
          "rate": 1.0323002972099473,
          "cv": 1.0,
          "lambda": 0.15
        },
        "MS3_3": {
          "meanserv": 2.146665868660872,
          "stddevserv": 2.146665868660872,
          "rate": 0.46583868248849436,
          "cv": 1.0,
          "lambda": 0.15
        },
        "MS3_4": {
          "meanserv": 0.6521530455818532,
          "stddevserv": 0.6521530455818532,
          "rate": 1.5333823966240878,
          "cv": 1.0,
          "lambda": 0.15
        },
        "MS3_5": {
          "meanserv": 4.6158045171925295,
          "stddevserv": 4.6158045171925295,
          "rate": 0.2166469564027876,
          "cv": 1.0,
          "lambda": 0.15
        },
        "MS3_6": {
          "meanserv": 0.5812509713850496,
          "stddevserv": 0.5812509713850496,
          "rate": 1.7204272323487444,
          "cv": 1.0,
          "lambda": 0.15
        }
      },
      "sensors": [
        "S3"
      ],
      "sources": [
        {
          "startTime": 0,
          "stopTime": -1,
          "lambda": 0.15
        }
      ]
    },
    "SC4": {
      "resptime": 34.58219250372883,
      "resptime_old": 24.58219250372882,
      "waittime": 17.799615890223084,
      "servicetime": 10.0,
      "networktime": 6.782576613505741,
      "services": {
        "MS4_1": {
          "meanserv": 0.47781827411391586,
          "stddevserv": 0.47781827411391586,
          "rate": 2.0928458666727168,
          "cv": 1.0,
          "lambda": 0.15
        },
        "MS4_2": {
          "meanserv": 1.5113452633467883,
          "stddevserv": 1.5113452633467883,
          "rate": 0.661662178889261,
          "cv": 1.0,
          "lambda": 0.15
        },
        "MS4_3": {
          "meanserv": 4.221684728128646,
          "stddevserv": 4.221684728128646,
          "rate": 0.23687225939376857,
          "cv": 1.0,
          "lambda": 0.15
        },
        "MS4_4": {
          "meanserv": 1.2915118745606673,
          "stddevserv": 1.2915118745606673,
          "rate": 0.7742863381261356,
          "cv": 1.0,
          "lambda": 0.15
        },
        "MS4_5": {
          "meanserv": 1.5103092322811538,
          "stddevserv": 1.5103092322811538,
          "rate": 0.662116061152332,
          "cv": 1.0,
          "lambda": 0.15
        },
        "MS4_6": {
          "meanserv": 0.987330627568829,
          "stddevserv": 0.987330627568829,
          "rate": 1.0128319451229502,
          "cv": 1.0,
          "lambda": 0.15
        }
      },
      "sensors": [
        "S4"
      ],
      "sources": [
        {
          "startTime": 0,
          "stopTime": -1,
          "lambda": 0.15
        }
      ]
    }
  },
  "microservice": {
    "MS1_1": "F6",
    "MS1_2": "F6",
    "MS1_3": "F1",
    "MS1_4": "F5",
    "MS1_5": "F9",
    "MS1_6": "F9",
    "MS2_1": "F10",
    "MS2_2": "F10",
    "MS2_3": "F8",
    "MS2_4": "F10",
    "MS2_5": "F10",
    "MS2_6": "F2",
    "MS3_1": "F6",
    "MS3_2": "F6",
    "MS3_3": "F7",
    "MS3_4": "F7",
    "MS3_5": "F4",
    "MS3_6": "F6",
    "MS4_1": "F9",
    "MS4_2": "F9",
    "MS4_3": "F3",
    "MS4_4": "F8",
    "MS4_5": "F7",
    "MS4_6": "F10"
  },
  "sensor": {
    "S1": "F6",
    "S2": "F10",
    "S3": "F6",
    "S4": "F9"
  },
  "fog": {
    "F1": {
      "rho": 0.5164458720383539,
      "capacity": 1.0,
      "tserv": 3.4429724802556927,
      "stddev": 3.4429724802556927,
      "mu": 0.2904467014286838,
      "cv": 1.0,
      "lambda": 0.15,
      "twait": 3.6771662615415397
    },
    "F2": {
      "rho": 0.69441965790644,
      "capacity": 1.0,
      "tserv": 4.629464386042933,
      "stddev": 4.629464386042933,
      "mu": 0.21600770987996668,
      "cv": 1.0,
      "lambda": 0.15,
      "twait": 10.520281027310661
    },
    "F3": {
      "rho": 0.6332527092192969,
      "capacity": 1.0,
      "tserv": 4.221684728128646,
      "stddev": 4.221684728128646,
      "mu": 0.23687225939376857,
      "cv": 1.0,
      "lambda": 0.15,
      "twait": 7.289469775949221
    },
    "F4": {
      "rho": 0.6923706775788794,
      "capacity": 1.0,
      "tserv": 4.6158045171925295,
      "stddev": 4.6158045171925295,
      "mu": 0.2166469564027876,
      "cv": 1.0,
      "lambda": 0.15,
      "twait": 10.388631603736972
    },
    "F5": {
      "rho": 0.5444399334093527,
      "capacity": 1.0,
      "tserv": 3.6295995560623515,
      "stddev": 3.6295995560623515,
      "mu": 0.27551248686091184,
      "cv": 1.0,
      "lambda": 0.15,
      "twait": 4.337735208869539
    },
    "F6": {
      "rho": 0.5885367053982062,
      "capacity": 1.0,
      "tserv": 0.7847156071976084,
      "stddev": 0.8357111067681235,
      "mu": 1.2743470256329161,
      "cv": 1.0649859631983507,
      "lambda": 0.75,
      "twait": 1.1977298358657023
    },
    "F7": {
      "rho": 0.6463692219785818,
      "capacity": 1.0,
      "tserv": 1.436376048841293,
      "stddev": 1.6772492744811915,
      "mu": 0.6961965153948979,
      "cv": 1.1676951003424263,
      "lambda": 0.44999999999999996,
      "twait": 3.1026054764975366
    },
    "F8": {
      "rho": 0.5767019135352479,
      "capacity": 1.0,
      "tserv": 1.9223397117841599,
      "stddev": 2.119263430518855,
      "mu": 0.5201994183805739,
      "cv": 1.1024396039511282,
      "lambda": 0.3,
      "twait": 2.9010292216801643
    },
    "F9": {
      "rho": 0.5367585050579045,
      "capacity": 1.0,
      "tserv": 0.8945975084298408,
      "stddev": 1.2433174480419742,
      "mu": 1.1178211324947207,
      "cv": 1.3898065178207255,
      "lambda": 0.6,
      "twait": 1.519386543073662
    },
    "F10": {
      "rho": 0.5707048038777364,
      "capacity": 1.0,
      "tserv": 0.7609397385036486,
      "stddev": 1.0493897046681302,
      "mu": 1.3141645118527414,
      "cv": 1.3790707089784857,
      "lambda": 0.75,
      "twait": 1.4677383299488374
    }
  },
  "extra": {
    "conv_gen": 32,
    "max_gen": 600,
    "population": 600,
    "deltatime": 42.5949487,
    "obj_func": 32.98300122450641
  },
  "network": [
    [
      0.0,
      1.4667830907882302,
      1.2832190864809008,
      1.6862175749045076,
      1.3333268223385784,
      1.607821050671614,
      1.6516356370293883,
      1.768642727031793,
      1.797694261813663,
      1.797694261813663
    ],
    [
      1.4667830907882302,
      0.0,
      1.3987365069843374,
      2.0581295419515513,
      1.8038993081443073,
      1.258500276223011,
      1.7747900572454998,
      1.797694261813663,
      1.723298770999731,
      1.723298770999731
    ],
    [
      1.2832190864809008,
      1.3987365069843374,
      0.0,
      1.6649925449586969,
      1.8304284983600423,
      1.651307765704869,
      1.768642727031793,
      1.723298770999731,
      1.1292269911841424,
      1.1292269911841424
    ],
    [
      1.6862175749045076,
      2.0581295419515513,
      1.6649925449586969,
      0.0,
      1.7477388124754196,
      1.6516356370293883,
      1.797694261813663,
      1.1292269911841424,
      2.275555318471979,
      2.275555318471979
    ],
    [
      1.3333268223385784,
      1.8038993081443073,
      1.8304284983600423,
      1.7477388124754196,
      0.0,
      1.7747900572454998,
      1.723298770999731,
      2.275555318471979,
      1.4306292332841193,
      1.4306292332841193
    ],
    [
      1.607821050671614,
      1.258500276223011,
      1.651307765704869,
      1.6516356370293883,
      1.7747900572454998,
      0.0,
      1.1292269911841424,
      1.4306292332841193,
      1.9599634861576096,
      1.9599634861576096
    ],
    [
      1.6516356370293883,
      1.7747900572454998,
      1.768642727031793,
      1.797694261813663,
      1.723298770999731,
      1.1292269911841424,
      0.0,
      1.9599634861576096,
      1.9700873651642588,
      1.9700873651642588
    ],
    [
      1.768642727031793,
      1.797694261813663,
      1.723298770999731,
      1.1292269911841424,
      2.275555318471979,
      1.4306292332841193,
      1.9599634861576096,
      0.0,
      1.8738748827852199,
      1.8738748827852199
    ],
    [
      1.797694261813663,
      1.723298770999731,
      1.1292269911841424,
      2.275555318471979,
      1.4306292332841193,
      1.9599634861576096,
      1.9700873651642588,
      1.8738748827852199,
      0.0,
      1.6736693887534768
    ],
    [
      1.797694261813663,
      1.723298770999731,
      1.1292269911841424,
      2.275555318471979,
      1.4306292332841193,
      1.9599634861576096,
      1.9700873651642588,
      1.8738748827852199,
      1.6736693887534768,
      0.0
    ]
  ]
}