{
  "servicechain": {
    "SC1": {
      "resptime": 4460.782259489526,
      "resptime_old": 4450.782259489525,
      "waittime": 4446.515398307305,
      "servicetime": 10.0,
      "networktime": 4.266861182221001,
      "services": {
        "MS1_1": {
          "meanserv": 0.6790198718402518,
          "stddevserv": 0.6790198718402518,
          "rate": 1.472710949224271,
          "cv": 1.0,
          "lambda": 0.3
        },
        "MS1_2": {
          "meanserv": 0.06737071157654873,
          "stddevserv": 0.06737071157654873,
          "rate": 14.843245330187266,
          "cv": 1.0,
          "lambda": 0.3
        },
        "MS1_3": {
          "meanserv": 0.3384795470329316,
          "stddevserv": 0.3384795470329316,
          "rate": 2.9543882599875593,
          "cv": 1.0,
          "lambda": 0.3
        },
        "MS1_4": {
          "meanserv": 2.3132475065138154,
          "stddevserv": 2.3132475065138154,
          "rate": 0.432292695521826,
          "cv": 1.0,
          "lambda": 0.3
        },
        "MS1_5": {
          "meanserv": 0.09171492594536446,
          "stddevserv": 0.09171492594536446,
          "rate": 10.903350678118745,
          "cv": 1.0,
          "lambda": 0.3
        },
        "MS1_6": {
          "meanserv": 3.8454977515831734,
          "stddevserv": 3.8454977515831734,
          "rate": 0.26004435956003474,
          "cv": 1.0,
          "lambda": 0.3
        },
        "MS1_7": {
          "meanserv": 0.20354645577159047,
          "stddevserv": 0.20354645577159047,
          "rate": 4.912883381875975,
          "cv": 1.0,
          "lambda": 0.3
        },
        "MS1_8": {
          "meanserv": 0.11534375668645058,
          "stddevserv": 0.11534375668645058,
          "rate": 8.669736696008531,
          "cv": 1.0,
          "lambda": 0.3
        },
        "MS1_9": {
          "meanserv": 0.02500677181818567,
          "stddevserv": 0.02500677181818567,
          "rate": 39.989168024989546,
          "cv": 1.0,
          "lambda": 0.3
        },
        "MS1_10": {
          "meanserv": 2.3207727012316877,
          "stddevserv": 2.3207727012316877,
          "rate": 0.43089096983486447,
          "cv": 1.0,
          "lambda": 0.3
        }
      },
      "sensors": [
        "S1"
      ],
      "sources": [
        {
          "startTime": 0,
          "stopTime": -1,
          "lambda": 0.3
        }
      ]
    },
    "SC2": {
      "resptime": 3918.1371413864813,
      "resptime_old": 3908.1371413864813,
      "waittime": 3903.685799479225,
      "servicetime": 10.0,
      "networktime": 4.451341907256443,
      "services": {
        "MS2_1": {
          "meanserv": 0.6501296653189259,
          "stddevserv": 0.6501296653189259,
          "rate": 1.5381546995082014,
          "cv": 1.0,
          "lambda": 0.3
        },
        "MS2_2": {
          "meanserv": 3.6036345780968295,
          "stddevserv": 3.6036345780968295,
          "rate": 0.2774976147909329,
          "cv": 1.0,
          "lambda": 0.3
        },
        "MS2_3": {
          "meanserv": 2.5058303063492744,
          "stddevserv": 2.5058303063492744,
          "rate": 0.3990693214405618,
          "cv": 1.0,
          "lambda": 0.3
        },
        "MS2_4": {
          "meanserv": 0.028373222096882422,
          "stddevserv": 0.028373222096882422,
          "rate": 35.24449907682066,
          "cv": 1.0,
          "lambda": 0.3
        },
        "MS2_5": {
          "meanserv": 0.11555234280639848,
          "stddevserv": 0.11555234280639848,
          "rate": 8.654086760278364,
          "cv": 1.0,
          "lambda": 0.3
        },
        "MS2_6": {
          "meanserv": 0.626724986121129,
          "stddevserv": 0.626724986121129,
          "rate": 1.5955961899478617,
          "cv": 1.0,
          "lambda": 0.3
        },
        "MS2_7": {
          "meanserv": 0.48973337802791583,
          "stddevserv": 0.48973337802791583,
          "rate": 2.0419273932825504,
          "cv": 1.0,
          "lambda": 0.3
        },
        "MS2_8": {
          "meanserv": 0.2560909301125296,
          "stddevserv": 0.2560909301125296,
          "rate": 3.9048630092467054,
          "cv": 1.0,
          "lambda": 0.3
        },
        "MS2_9": {
          "meanserv": 0.2273254216548395,
          "stddevserv": 0.2273254216548395,
          "rate": 4.398980073237714,
          "cv": 1.0,
          "lambda": 0.3
        },
        "MS2_10": {
          "meanserv": 1.4966051694152753,
          "stddevserv": 1.4966051694152753,
          "rate": 0.6681789027834915,
          "cv": 1.0,
          "lambda": 0.3
        }
      },
      "sensors": [
        "S2"
      ],
      "sources": [
        {
          "startTime": 0,
          "stopTime": -1,
          "lambda": 0.3
        }
      ]
    },
    "SC3": {
      "resptime": 26.694578240700256,
      "resptime_old": 16.694578240700256,
      "waittime": 11.423977548584153,
      "servicetime": 10.0,
      "networktime": 5.270600692116101,
      "services": {
        "MS3_1": {
          "meanserv": 0.0752823907769784,
          "stddevserv": 0.0752823907769784,
          "rate": 13.283318843612006,
          "cv": 1.0,
          "lambda": 0.3
        },
        "MS3_2": {
          "meanserv": 1.5602271320544436,
          "stddevserv": 1.5602271320544436,
          "rate": 0.6409323229004745,
          "cv": 1.0,
          "lambda": 0.3
        },
        "MS3_3": {
          "meanserv": 1.1085129389569262,
          "stddevserv": 1.1085129389569262,
          "rate": 0.9021094520926086,
          "cv": 1.0,
          "lambda": 0.3
        },
        "MS3_4": {
          "meanserv": 0.050737614406842546,
          "stddevserv": 0.050737614406842546,
          "rate": 19.709243560042875,
          "cv": 1.0,
          "lambda": 0.3
        },
        "MS3_5": {
          "meanserv": 1.1328440741099466,
          "stddevserv": 1.1328440741099466,
          "rate": 0.8827340168466524,
          "cv": 1.0,
          "lambda": 0.3
        },
        "MS3_6": {
          "meanserv": 1.4189784559279075,
          "stddevserv": 1.4189784559279075,
          "rate": 0.7047323346048081,
          "cv": 1.0,
          "lambda": 0.3
        },
        "MS3_7": {
          "meanserv": 1.6924962553521112,
          "stddevserv": 1.6924962553521112,
          "rate": 0.5908432570162215,
          "cv": 1.0,
          "lambda": 0.3
        },
        "MS3_8": {
          "meanserv": 2.0051659711109435,
          "stddevserv": 2.0051659711109435,
          "rate": 0.49871183453505313,
          "cv": 1.0,
          "lambda": 0.3
        },
        "MS3_9": {
          "meanserv": 0.12194030047863613,
          "stddevserv": 0.12194030047863613,
          "rate": 8.200734261559404,
          "cv": 1.0,
          "lambda": 0.3
        },
        "MS3_10": {
          "meanserv": 0.8338148668252643,
          "stddevserv": 0.8338148668252643,
          "rate": 1.1993069922193673,
          "cv": 1.0,
          "lambda": 0.3
        }
      },
      "sensors": [
        "S3"
      ],
      "sources": [
        {
          "startTime": 0,
          "stopTime": -1,
          "lambda": 0.3
        }
      ]
    },
    "SC4": {
      "resptime": 39.548047938794376,
      "resptime_old": 29.548047938794372,
      "waittime": 24.970226525697267,
      "servicetime": 10.0,
      "networktime": 4.577821413097107,
      "services": {
        "MS4_1": {
          "meanserv": 1.4217943414965672,
          "stddevserv": 1.4217943414965672,
          "rate": 0.7033366013733108,
          "cv": 1.0,
          "lambda": 0.3
        },
        "MS4_2": {
          "meanserv": 2.408175071923828,
          "stddevserv": 2.408175071923828,
          "rate": 0.41525220141122304,
          "cv": 1.0,
          "lambda": 0.3
        },
        "MS4_3": {
          "meanserv": 1.1770682426957122,
          "stddevserv": 1.1770682426957122,
          "rate": 0.8495684139008016,
          "cv": 1.0,
          "lambda": 0.3
        },
        "MS4_4": {
          "meanserv": 2.80709135576413,
          "stddevserv": 2.80709135576413,
          "rate": 0.3562406324776651,
          "cv": 1.0,
          "lambda": 0.3
        },
        "MS4_5": {
          "meanserv": 1.0538509604254065,
          "stddevserv": 1.0538509604254065,
          "rate": 0.9489007815643413,
          "cv": 1.0,
          "lambda": 0.3
        },
        "MS4_6": {
          "meanserv": 0.5300258042172796,
          "stddevserv": 0.5300258042172796,
          "rate": 1.8867005946564412,
          "cv": 1.0,
          "lambda": 0.3
        },
        "MS4_7": {
          "meanserv": 0.14021658116643287,
          "stddevserv": 0.14021658116643287,
          "rate": 7.131824151474853,
          "cv": 1.0,
          "lambda": 0.3
        },
        "MS4_8": {
          "meanserv": 0.055619001307732674,
          "stddevserv": 0.055619001307732674,
          "rate": 17.979467025434896,
          "cv": 1.0,
          "lambda": 0.3
        },
        "MS4_9": {
          "meanserv": 0.22774364073874764,
          "stddevserv": 0.22774364073874764,
          "rate": 4.390901966598196,
          "cv": 1.0,
          "lambda": 0.3
        },
        "MS4_10": {
          "meanserv": 0.17841500026416313,
          "stddevserv": 0.17841500026416313,
          "rate": 5.604909892774652,
          "cv": 1.0,
          "lambda": 0.3
        }
      },
      "sensors": [
        "S4"
      ],
      "sources": [
        {
          "startTime": 0,
          "stopTime": -1,
          "lambda": 0.3
        }
      ]
    }
  },
  "microservice": {
    "MS1_1": "F13",
    "MS1_2": "F20",
    "MS1_3": "F20",
    "MS1_4": "F9",
    "MS1_5": "F20",
    "MS1_6": "F3",
    "MS1_7": "F12",
    "MS1_8": "F12",
    "MS1_9": "F12",
    "MS1_10": "F7",
    "MS2_1": "F19",
    "MS2_2": "F6",
    "MS2_3": "F5",
    "MS2_4": "F12",
    "MS2_5": "F12",
    "MS2_6": "F1",
    "MS2_7": "F1",
    "MS2_8": "F1",
    "MS2_9": "F1",
    "MS2_10": "F11",
    "MS3_1": "F10",
    "MS3_2": "F18",
    "MS3_3": "F10",
    "MS3_4": "F10",
    "MS3_5": "F13",
    "MS3_6": "F15",
    "MS3_7": "F17",
    "MS3_8": "F14",
    "MS3_9": "F19",
    "MS3_10": "F19",
    "MS4_1": "F2",
    "MS4_2": "F16",
    "MS4_3": "F8",
    "MS4_4": "F4",
    "MS4_5": "F20",
    "MS4_6": "F12",
    "MS4_7": "F12",
    "MS4_8": "F12",
    "MS4_9": "F12",
    "MS4_10": "F12"
  },
  "sensor": {
    "S1": "F13",
    "S2": "F19",
    "S3": "F10",
    "S4": "F2"
  },
  "fog": {
    "F1": {
      "rho": 0.47996241477492413,
      "capacity": 1.0,
      "tserv": 0.39996867897910343,
      "stddev": 0.46364453694130586,
      "mu": 2.500195771710028,
      "cv": 1.159202110837107,
      "lambda": 1.2,
      "twait": 0.432593194937089
    },
    "F2": {
      "rho": 0.4265383024489702,
      "capacity": 1.0,
      "tserv": 1.4217943414965672,
      "stddev": 1.4217943414965672,
      "mu": 0.7033366013733108,
      "cv": 1.0,
      "lambda": 0.3,
      "twait": 1.0575244126039156
    },
    "F3": {
      "rho": 1.153649325474952,
      "capacity": 1.0,
      "tserv": 3.8454977515831734,
      "stddev": 3.8454977515831734,
      "mu": 0.26004435956003474,
      "cv": 1.0,
      "lambda": 0.3,
      "twait": 4431.91953134214
    },
    "F4": {
      "rho": 0.8421274067292389,
      "capacity": 1.0,
      "tserv": 2.80709135576413,
      "stddev": 2.80709135576413,
      "mu": 0.3562406324776651,
      "cv": 1.0,
      "lambda": 0.3,
      "twait": 14.973647514786999
    },
    "F5": {
      "rho": 0.7517490919047823,
      "capacity": 1.0,
      "tserv": 2.5058303063492744,
      "stddev": 2.5058303063492744,
      "mu": 0.3990693214405618,
      "cv": 1.0,
      "lambda": 0.3,
      "twait": 7.5881118490935275
    },
    "F6": {
      "rho": 1.081090373429049,
      "capacity": 1.0,
      "tserv": 3.60363457809683,
      "stddev": 3.603634578096829,
      "mu": 0.2774976147909329,
      "cv": 0.9999999999999998,
      "lambda": 0.3,
      "twait": 3891.9587970847947
    },
    "F7": {
      "rho": 0.6962318103695062,
      "capacity": 1.0,
      "tserv": 2.3207727012316877,
      "stddev": 2.3207727012316877,
      "mu": 0.43089096983486447,
      "cv": 1.0,
      "lambda": 0.3,
      "twait": 5.319173746270585
    },
    "F8": {
      "rho": 0.3531204728087136,
      "capacity": 1.0,
      "tserv": 1.1770682426957122,
      "stddev": 1.1770682426957122,
      "mu": 0.8495684139008016,
      "cv": 1.0,
      "lambda": 0.3,
      "twait": 0.6425414268303503
    },
    "F9": {
      "rho": 0.6939742519541446,
      "capacity": 1.0,
      "tserv": 2.3132475065138154,
      "stddev": 2.3132475065138154,
      "mu": 0.432292695521826,
      "cv": 1.0,
      "lambda": 0.3,
      "twait": 5.245748823975326
    },
    "F10": {
      "rho": 0.3703598832422241,
      "capacity": 1.0,
      "tserv": 0.41151098138024905,
      "stddev": 0.8095392714447371,
      "mu": 2.430068807996083,
      "cv": 1.9672361323857297,
      "lambda": 0.8999999999999999,
      "twait": 0.5894046361348402
    },
    "F11": {
      "rho": 0.4489815508245826,
      "capacity": 1.0,
      "tserv": 1.4966051694152753,
      "stddev": 1.4966051694152753,
      "mu": 0.6681789027834915,
      "cv": 1.0,
      "lambda": 0.3,
      "twait": 1.219465720143686
    },
    "F12": {
      "rho": 0.48595277306215906,
      "capacity": 1.0,
      "tserv": 0.16198425768738636,
      "stddev": 0.25522702041941875,
      "mu": 6.173439408722675,
      "cv": 1.5756285460281068,
      "lambda": 2.9999999999999996,
      "twait": 0.2666478688204977
    },
    "F13": {
      "rho": 0.5435591837850595,
      "capacity": 1.0,
      "tserv": 0.9059319729750992,
      "stddev": 0.9610884157773509,
      "mu": 1.1038356408991499,
      "cv": 1.060883647390341,
      "lambda": 0.6,
      "twait": 1.1465256528100622
    },
    "F14": {
      "rho": 0.601549791333283,
      "capacity": 1.0,
      "tserv": 2.0051659711109435,
      "stddev": 2.0051659711109435,
      "mu": 0.49871183453505313,
      "cv": 1.0,
      "lambda": 0.3,
      "twait": 3.027246931421029
    },
    "F15": {
      "rho": 0.4256935367783722,
      "capacity": 1.0,
      "tserv": 1.4189784559279075,
      "stddev": 1.4189784559279075,
      "mu": 0.7047323346048081,
      "cv": 1.0,
      "lambda": 0.3,
      "twait": 1.0517902830620913
    },
    "F16": {
      "rho": 0.7224525215771485,
      "capacity": 1.0,
      "tserv": 2.408175071923828,
      "stddev": 2.408175071923828,
      "mu": 0.41525220141122304,
      "cv": 1.0,
      "lambda": 0.3,
      "twait": 6.268448782157471
    },
    "F17": {
      "rho": 0.5077488766056335,
      "capacity": 1.0,
      "tserv": 1.6924962553521115,
      "stddev": 1.6924962553521112,
      "mu": 0.5908432570162214,
      "cv": 0.9999999999999999,
      "lambda": 0.3,
      "twait": 1.7457818407573202
    },
    "F18": {
      "rho": 0.4680681396163331,
      "capacity": 1.0,
      "tserv": 1.5602271320544436,
      "stddev": 1.5602271320544436,
      "mu": 0.6409323229004745,
      "cv": 1.0,
      "lambda": 0.3,
      "twait": 1.372906316521277
    },
    "F19": {
      "rho": 0.4817654497868479,
      "capacity": 1.0,
      "tserv": 0.5352949442076088,
      "stddev": 0.6845797907261609,
      "mu": 1.8681289835088746,
      "cv": 1.278883348579981,
      "lambda": 0.8999999999999999,
      "twait": 0.6557563078039271
    },
    "F20": {
      "rho": 0.46542484349407537,
      "capacity": 1.0,
      "tserv": 0.3878540362450628,
      "stddev": 0.6845652577021023,
      "mu": 2.578289527888675,
      "cv": 1.7650074350897424,
      "lambda": 1.2,
      "twait": 0.6948250452160373
    }
  },
  "extra": {
    "conv_gen": 11,
    "max_gen": 600,
    "population": 600,
    "deltatime": 75.7143231,
    "obj_func": 2111.290506763876
  },
  "network": [
    [
      0.0,
      1.1651929646210695,
      0.8668741432075078,
      0.9268157311490653,
      0.9595745319074975,
      1.2972334626923454,
      1.2047911363504227,
      0.9705989438915422,
      1.110715382834417,
      0.9695344263359892,
      0.9967797557950506,
      0.8204405705201537,
      1.1596356520542386,
      1.122761232978891,
      1.17870249840965,
      1.296072180236447,
      0.7594567737812895,
      1.146795475642391,
      1.4630808787674674,
      1.4630808787674674
    ],
    [
      1.1651929646210695,
      0.0,
      1.2224261634679514,
      1.2480959950864297,
      0.6457497740371636,
      1.026717869488602,
      1.313936851544966,
      1.0909340288532083,
      0.9842920938486072,
      0.7645505732218532,
      0.8289898399112701,
      0.854686429017692,
      1.4295953161545574,
      0.7246902700233859,
      1.00045685293629,
      1.2254066155486818,
      1.093777391261386,
      1.4630808787674674,
      0.9204640222436997,
      0.9204640222436997
    ],
    [
      0.8668741432075078,
      1.2224261634679514,
      0.0,
      1.0446920542013811,
      1.022973363008894,
      1.0989897388002423,
      0.9321080259141828,
      1.2618481962998278,
      1.2153903871523428,
      1.343504797384699,
      1.1501694288182185,
      0.9559122169350281,
      1.2465095595548414,
      0.9952950749329237,
      0.6418573521126936,
      1.5671915627311284,
      1.146795475642391,
      0.9204640222436997,
      0.6087079220173292,
      0.6087079220173292
    ],
    [
      0.9268157311490653,
      1.2480959950864297,
      1.0446920542013811,
      0.0,
      0.6707790570711937,
      1.2345913445294425,
      1.0346525316376758,
      1.0443369578894919,
      1.2682339206856423,
      0.7788775213509757,
      0.705963325934859,
      1.1254187955174109,
      0.7054563805159231,
      1.0638490034384567,
      0.7545854136630861,
      0.7594567737812895,
      1.4630808787674674,
      0.6087079220173292,
      0.7636276772812887,
      0.7636276772812887
    ],
    [
      0.9595745319074975,
      0.6457497740371636,
      1.022973363008894,
      0.6707790570711937,
      0.0,
      1.1518517425605956,
      0.9506011780629073,
      0.650566153031836,
      1.1366322946102685,
      0.756653934072707,
      0.8399979888330679,
      0.8523837897377559,
      1.020857708836214,
      0.9471718060596432,
      1.296072180236447,
      1.093777391261386,
      0.9204640222436997,
      0.7636276772812887,
      0.6375458807156239,
      0.6375458807156239
    ],
    [
      1.2972334626923454,
      1.026717869488602,
      1.0989897388002423,
      1.2345913445294425,
      1.1518517425605956,
      0.0,
      0.9823795166211144,
      1.125220189341068,
      1.0233376463655386,
      1.1649713762342941,
      1.040026058447255,
      0.558417357799584,
      1.2006355177943207,
      1.17870249840965,
      1.2254066155486818,
      1.146795475642391,
      0.6087079220173292,
      0.6375458807156239,
      0.6298860486428869,
      0.6298860486428869
    ],
    [
      1.2047911363504227,
      1.313936851544966,
      0.9321080259141828,
      1.0346525316376758,
      0.9506011780629073,
      0.9823795166211144,
      0.0,
      0.9800437714059875,
      1.1637702738957854,
      1.064077506252028,
      0.9047569647516199,
      0.5980870818397344,
      1.122761232978891,
      1.00045685293629,
      1.5671915627311284,
      1.4630808787674674,
      0.7636276772812887,
      0.6298860486428869,
      1.6320241047726107,
      1.6320241047726107
    ],
    [
      0.9705989438915422,
      1.0909340288532083,
      1.2618481962998278,
      1.0443369578894919,
      0.650566153031836,
      1.125220189341068,
      0.9800437714059875,
      0.0,
      0.7711964930557994,
      0.7904564132918577,
      0.9684078188416856,
      1.1596356520542386,
      0.7246902700233859,
      0.6418573521126936,
      0.7594567737812895,
      0.9204640222436997,
      0.6375458807156239,
      1.6320241047726107,
      1.1579822751631919,
      1.1579822751631919
    ],
    [
      1.110715382834417,
      0.9842920938486072,
      1.2153903871523428,
      1.2682339206856423,
      1.1366322946102685,
      1.0233376463655386,
      1.1637702738957854,
      0.7711964930557994,
      0.0,
      1.038849106514635,
      0.8204405705201537,
      1.4295953161545574,
      0.9952950749329237,
      0.7545854136630861,
      1.093777391261386,
      0.6087079220173292,
      0.6298860486428869,
      1.1579822751631919,
      0.6487698427550654,
      0.6487698427550654
    ],
    [
      0.9695344263359892,
      0.7645505732218532,
      1.343504797384699,
      0.7788775213509757,
      0.756653934072707,
      1.1649713762342941,
      1.064077506252028,
      0.7904564132918577,
      1.038849106514635,
      0.0,
      0.854686429017692,
      1.2465095595548414,
      1.0638490034384567,
      1.296072180236447,
      1.146795475642391,
      0.7636276772812887,
      1.6320241047726107,
      0.6487698427550654,
      0.8814078755355002,
      0.8814078755355002
    ],
    [
      0.9967797557950506,
      0.8289898399112701,
      1.1501694288182185,
      0.705963325934859,
      0.8399979888330679,
      1.040026058447255,
      0.9047569647516199,
      0.9684078188416856,
      0.8204405705201537,
      0.854686429017692,
      0.0,
      0.7054563805159231,
      0.9471718060596432,
      1.2254066155486818,
      1.4630808787674674,
      0.6375458807156239,
      1.1579822751631919,
      0.8814078755355002,
      0.9764093387749808,
      0.9764093387749808
    ],
    [
      0.8204405705201537,
      0.854686429017692,
      0.9559122169350281,
      1.1254187955174109,
      0.8523837897377559,
      0.558417357799584,
      0.5980870818397344,
      1.1596356520542386,
      1.4295953161545574,
      1.2465095595548414,
      0.7054563805159231,
      0.0,
      1.17870249840965,
      1.5671915627311284,
      0.9204640222436997,
      0.6298860486428869,
      0.6487698427550654,
      0.9764093387749808,
      0.6239861401339444,
      0.6239861401339444
    ],
    [
      1.1596356520542386,
      1.4295953161545574,
      1.2465095595548414,
      0.7054563805159231,
      1.020857708836214,
      1.2006355177943207,
      1.122761232978891,
      0.7246902700233859,
      0.9952950749329237,
      1.0638490034384567,
      0.9471718060596432,
      1.17870249840965,
      0.0,
      0.7594567737812895,
      0.6087079220173292,
      1.6320241047726107,
      0.8814078755355002,
      0.6239861401339444,
      0.8066142759187787,
      0.8066142759187787
    ],
    [
      1.122761232978891,
      0.7246902700233859,
      0.9952950749329237,
      1.0638490034384567,
      0.9471718060596432,
      1.17870249840965,
      1.00045685293629,
      0.6418573521126936,
      0.7545854136630861,
      1.296072180236447,
      1.2254066155486818,
      1.5671915627311284,
      0.7594567737812895,
      0.0,
      0.7636276772812887,
      1.1579822751631919,
      0.9764093387749808,
      0.8066142759187787,
      0.7001086022412599,
      0.7001086022412599
    ],
    [
      1.17870249840965,
      1.00045685293629,
      0.6418573521126936,
      0.7545854136630861,
      1.296072180236447,
      1.2254066155486818,
      1.5671915627311284,
      0.7594567737812895,
      1.093777391261386,
      1.146795475642391,
      1.4630808787674674,
      0.9204640222436997,
      0.6087079220173292,
      0.7636276772812887,
      0.0,
      0.6487698427550654,
      0.6239861401339444,
      0.7001086022412599,
      0.8512168001520571,
      0.8512168001520571
    ],
    [
      1.296072180236447,
      1.2254066155486818,
      1.5671915627311284,
      0.7594567737812895,
      1.093777391261386,
      1.146795475642391,
      1.4630808787674674,
      0.9204640222436997,
      0.6087079220173292,
      0.7636276772812887,
      0.6375458807156239,
      0.6298860486428869,
      1.6320241047726107,
      1.1579822751631919,
      0.6487698427550654,
      0.0,
      0.8066142759187787,
      0.8512168001520571,
      0.9060828309420147,
      0.9060828309420147
    ],
    [
      0.7594567737812895,
      1.093777391261386,
      1.146795475642391,
      1.4630808787674674,
      0.9204640222436997,
      0.6087079220173292,
      0.7636276772812887,
      0.6375458807156239,
      0.6298860486428869,
      1.6320241047726107,
      1.1579822751631919,
      0.6487698427550654,
      0.8814078755355002,
      0.9764093387749808,
      0.6239861401339444,
      0.8066142759187787,
      0.0,
      0.9060828309420147,
      0.8503850147277191,
      0.8503850147277191
    ],
    [
      1.146795475642391,
      1.4630808787674674,
      0.9204640222436997,
      0.6087079220173292,
      0.7636276772812887,
      0.6375458807156239,
      0.6298860486428869,
      1.6320241047726107,
      1.1579822751631919,
      0.6487698427550654,
      0.8814078755355002,
      0.9764093387749808,
      0.6239861401339444,
      0.8066142759187787,
      0.7001086022412599,
      0.8512168001520571,
      0.9060828309420147,
      0.0,
      0.9334933654491893,
      0.9334933654491893
    ],
    [
      1.4630808787674674,
      0.9204640222436997,
      0.6087079220173292,
      0.7636276772812887,
      0.6375458807156239,
      0.6298860486428869,
      1.6320241047726107,
      1.1579822751631919,
      0.6487698427550654,
      0.8814078755355002,
      0.9764093387749808,
      0.6239861401339444,
      0.8066142759187787,
      0.7001086022412599,
      0.8512168001520571,
      0.9060828309420147,
      0.8503850147277191,
      0.9334933654491893,
      0.0,
      1.1670139905675794
    ],
    [
      1.4630808787674674,
      0.9204640222436997,
      0.6087079220173292,
      0.7636276772812887,
      0.6375458807156239,
      0.6298860486428869,
      1.6320241047726107,
      1.1579822751631919,
      0.6487698427550654,
      0.8814078755355002,
      0.9764093387749808,
      0.6239861401339444,
      0.8066142759187787,
      0.7001086022412599,
      0.8512168001520571,
      0.9060828309420147,
      0.8503850147277191,
      0.9334933654491893,
      1.1670139905675794,
      0.0
    ]
  ]
}