{
  "servicechain": {
    "SC1": {
      "resptime": 4720.021939742141,
      "resptime_old": 4710.021939742141,
      "waittime": 4705.911476309785,
      "servicetime": 10.0,
      "networktime": 4.110463432355575,
      "services": {
        "MS1_1": {
          "meanserv": 0.1058792334229186,
          "stddevserv": 0.1058792334229186,
          "rate": 9.444722705968704,
          "cv": 1.0,
          "lambda": 0.375
        },
        "MS1_2": {
          "meanserv": 0.1844158858407896,
          "stddevserv": 0.1844158858407896,
          "rate": 5.422526348209083,
          "cv": 1.0,
          "lambda": 0.375
        },
        "MS1_3": {
          "meanserv": 0.9499443689080245,
          "stddevserv": 0.9499443689080245,
          "rate": 1.0526932236563655,
          "cv": 1.0,
          "lambda": 0.375
        },
        "MS1_4": {
          "meanserv": 0.1816363642768548,
          "stddevserv": 0.1816363642768548,
          "rate": 5.50550548609184,
          "cv": 1.0,
          "lambda": 0.375
        },
        "MS1_5": {
          "meanserv": 1.4570801647787615,
          "stddevserv": 1.4570801647787615,
          "rate": 0.6863040374664883,
          "cv": 1.0,
          "lambda": 0.375
        },
        "MS1_6": {
          "meanserv": 3.5420823777261807,
          "stddevserv": 3.5420823777261807,
          "rate": 0.2823198032570728,
          "cv": 1.0,
          "lambda": 0.375
        },
        "MS1_7": {
          "meanserv": 0.37545273753626596,
          "stddevserv": 0.37545273753626596,
          "rate": 2.663451081917887,
          "cv": 1.0,
          "lambda": 0.375
        },
        "MS1_8": {
          "meanserv": 1.0639653524729553,
          "stddevserv": 1.0639653524729553,
          "rate": 0.9398802298173697,
          "cv": 1.0,
          "lambda": 0.375
        },
        "MS1_9": {
          "meanserv": 1.0504328251483441,
          "stddevserv": 1.0504328251483441,
          "rate": 0.9519885289749757,
          "cv": 1.0,
          "lambda": 0.375
        },
        "MS1_10": {
          "meanserv": 1.089110689888905,
          "stddevserv": 1.089110689888905,
          "rate": 0.9181803183861921,
          "cv": 1.0,
          "lambda": 0.375
        }
      },
      "sensors": [
        "S1"
      ],
      "sources": [
        {
          "startTime": 0,
          "stopTime": -1,
          "lambda": 0.375
        }
      ]
    },
    "SC2": {
      "resptime": 4557.663960372123,
      "resptime_old": 4547.663960372123,
      "waittime": 4542.536517381157,
      "servicetime": 10.0,
      "networktime": 5.127442990966086,
      "services": {
        "MS2_1": {
          "meanserv": 0.6620169334483972,
          "stddevserv": 0.6620169334483972,
          "rate": 1.5105353797992358,
          "cv": 1.0,
          "lambda": 0.375
        },
        "MS2_2": {
          "meanserv": 0.37856760229634023,
          "stddevserv": 0.37856760229634023,
          "rate": 2.6415361323423725,
          "cv": 1.0,
          "lambda": 0.375
        },
        "MS2_3": {
          "meanserv": 0.5962211660894245,
          "stddevserv": 0.5962211660894245,
          "rate": 1.6772299557208514,
          "cv": 1.0,
          "lambda": 0.375
        },
        "MS2_4": {
          "meanserv": 1.5837536691261989,
          "stddevserv": 1.5837536691261989,
          "rate": 0.6314113232973458,
          "cv": 1.0,
          "lambda": 0.375
        },
        "MS2_5": {
          "meanserv": 0.1548220291416258,
          "stddevserv": 0.1548220291416258,
          "rate": 6.459029154599407,
          "cv": 1.0,
          "lambda": 0.375
        },
        "MS2_6": {
          "meanserv": 2.019747221107709,
          "stddevserv": 2.019747221107709,
          "rate": 0.49511146224108205,
          "cv": 1.0,
          "lambda": 0.375
        },
        "MS2_7": {
          "meanserv": 3.478083332594964,
          "stddevserv": 3.478083332594964,
          "rate": 0.28751467528925184,
          "cv": 1.0,
          "lambda": 0.375
        },
        "MS2_8": {
          "meanserv": 0.37942827886924135,
          "stddevserv": 0.37942827886924135,
          "rate": 2.6355442008175154,
          "cv": 1.0,
          "lambda": 0.375
        },
        "MS2_9": {
          "meanserv": 0.18680194949703122,
          "stddevserv": 0.18680194949703122,
          "rate": 5.3532631896643705,
          "cv": 1.0,
          "lambda": 0.375
        },
        "MS2_10": {
          "meanserv": 0.5605578178290678,
          "stddevserv": 0.5605578178290678,
          "rate": 1.7839372999431298,
          "cv": 1.0,
          "lambda": 0.375
        }
      },
      "sensors": [
        "S2"
      ],
      "sources": [
        {
          "startTime": 0,
          "stopTime": -1,
          "lambda": 0.375
        }
      ]
    },
    "SC3": {
      "resptime": 3297.830199031969,
      "resptime_old": 3287.83019903197,
      "waittime": 3282.3920894982602,
      "servicetime": 10.0,
      "networktime": 5.4381095337091185,
      "services": {
        "MS3_1": {
          "meanserv": 0.5108630053880581,
          "stddevserv": 0.5108630053880581,
          "rate": 1.957471943462391,
          "cv": 1.0,
          "lambda": 0.375
        },
        "MS3_2": {
          "meanserv": 1.8993276750490296,
          "stddevserv": 1.8993276750490296,
          "rate": 0.5265020949974764,
          "cv": 1.0,
          "lambda": 0.375
        },
        "MS3_3": {
          "meanserv": 0.4394836739578598,
          "stddevserv": 0.4394836739578598,
          "rate": 2.275397379370879,
          "cv": 1.0,
          "lambda": 0.375
        },
        "MS3_4": {
          "meanserv": 0.99018451480182,
          "stddevserv": 0.99018451480182,
          "rate": 1.0099127839826343,
          "cv": 1.0,
          "lambda": 0.375
        },
        "MS3_5": {
          "meanserv": 0.44523029758015564,
          "stddevserv": 0.44523029758015564,
          "rate": 2.2460286405373573,
          "cv": 1.0,
          "lambda": 0.375
        },
        "MS3_6": {
          "meanserv": 0.622951803987486,
          "stddevserv": 0.622951803987486,
          "rate": 1.6052606214462273,
          "cv": 1.0,
          "lambda": 0.375
        },
        "MS3_7": {
          "meanserv": 2.956182395166734,
          "stddevserv": 2.956182395166734,
          "rate": 0.33827412058030276,
          "cv": 1.0,
          "lambda": 0.375
        },
        "MS3_8": {
          "meanserv": 0.6276071782288204,
          "stddevserv": 0.6276071782288204,
          "rate": 1.5933533501355337,
          "cv": 1.0,
          "lambda": 0.375
        },
        "MS3_9": {
          "meanserv": 0.9151868483703609,
          "stddevserv": 0.9151868483703609,
          "rate": 1.0926730446145099,
          "cv": 1.0,
          "lambda": 0.375
        },
        "MS3_10": {
          "meanserv": 0.5929826074696756,
          "stddevserv": 0.5929826074696756,
          "rate": 1.6863901021770504,
          "cv": 1.0,
          "lambda": 0.375
        }
      },
      "sensors": [
        "S3"
      ],
      "sources": [
        {
          "startTime": 0,
          "stopTime": -1,
          "lambda": 0.375
        }
      ]
    },
    "SC4": {
      "resptime": 3500.549186680351,
      "resptime_old": 3490.5491866803513,
      "waittime": 3486.7986116416178,
      "servicetime": 10.0,
      "networktime": 3.750575038733035,
      "services": {
        "MS4_1": {
          "meanserv": 1.8702344909374014,
          "stddevserv": 1.8702344909374014,
          "rate": 0.5346923098925305,
          "cv": 1.0,
          "lambda": 0.375
        },
        "MS4_2": {
          "meanserv": 2.043464153348027,
          "stddevserv": 2.043464153348027,
          "rate": 0.48936508054794725,
          "cv": 1.0,
          "lambda": 0.375
        },
        "MS4_3": {
          "meanserv": 3.044400870925038,
          "stddevserv": 3.044400870925038,
          "rate": 0.3284718545281953,
          "cv": 1.0,
          "lambda": 0.375
        },
        "MS4_4": {
          "meanserv": 0.3022652264163588,
          "stddevserv": 0.3022652264163588,
          "rate": 3.308352773013123,
          "cv": 1.0,
          "lambda": 0.375
        },
        "MS4_5": {
          "meanserv": 0.03827882505189528,
          "stddevserv": 0.03827882505189528,
          "rate": 26.12410382618281,
          "cv": 1.0,
          "lambda": 0.375
        },
        "MS4_6": {
          "meanserv": 0.1828894481284875,
          "stddevserv": 0.1828894481284875,
          "rate": 5.467784009591729,
          "cv": 1.0,
          "lambda": 0.375
        },
        "MS4_7": {
          "meanserv": 0.7517842353147932,
          "stddevserv": 0.7517842353147932,
          "rate": 1.3301688875948188,
          "cv": 1.0,
          "lambda": 0.375
        },
        "MS4_8": {
          "meanserv": 0.288739295443488,
          "stddevserv": 0.288739295443488,
          "rate": 3.4633318560400794,
          "cv": 1.0,
          "lambda": 0.375
        },
        "MS4_9": {
          "meanserv": 0.07233109883068956,
          "stddevserv": 0.07233109883068956,
          "rate": 13.825311880589146,
          "cv": 1.0,
          "lambda": 0.375
        },
        "MS4_10": {
          "meanserv": 1.4056123556038216,
          "stddevserv": 1.4056123556038216,
          "rate": 0.7114337007733693,
          "cv": 1.0,
          "lambda": 0.375
        }
      },
      "sensors": [
        "S4"
      ],
      "sources": [
        {
          "startTime": 0,
          "stopTime": -1,
          "lambda": 0.375
        }
      ]
    }
  },
  "microservice": {
    "MS1_1": "F25",
    "MS1_2": "F25",
    "MS1_3": "F8",
    "MS1_4": "F8",
    "MS1_5": "F23",
    "MS1_6": "F21",
    "MS1_7": "F14",
    "MS1_8": "F11",
    "MS1_9": "F22",
    "MS1_10": "F16",
    "MS2_1": "F15",
    "MS2_2": "F15",
    "MS2_3": "F7",
    "MS2_4": "F9",
    "MS2_5": "F25",
    "MS2_6": "F2",
    "MS2_7": "F18",
    "MS2_8": "F25",
    "MS2_9": "F25",
    "MS2_10": "F7",
    "MS3_1": "F12",
    "MS3_2": "F24",
    "MS3_3": "F19",
    "MS3_4": "F19",
    "MS3_5": "F10",
    "MS3_6": "F10",
    "MS3_7": "F13",
    "MS3_8": "F14",
    "MS3_9": "F6",
    "MS3_10": "F5",
    "MS4_1": "F1",
    "MS4_2": "F4",
    "MS4_3": "F3",
    "MS4_4": "F12",
    "MS4_5": "F12",
    "MS4_6": "F12",
    "MS4_7": "F20",
    "MS4_8": "F20",
    "MS4_9": "F20",
    "MS4_10": "F17"
  },
  "sensor": {
    "S1": "F25",
    "S2": "F15",
    "S3": "F12",
    "S4": "F1"
  },
  "fog": {
    "F1": {
      "rho": 0.7013379341015256,
      "capacity": 1.0,
      "tserv": 1.8702344909374016,
      "stddev": 1.8702344909374011,
      "mu": 0.5346923098925305,
      "cv": 0.9999999999999998,
      "lambda": 0.375,
      "twait": 4.391807811994898
    },
    "F2": {
      "rho": 0.757405207915391,
      "capacity": 1.0,
      "tserv": 2.019747221107709,
      "stddev": 2.019747221107709,
      "mu": 0.49511146224108205,
      "cv": 1.0,
      "lambda": 0.375,
      "twait": 6.305852861862285
    },
    "F3": {
      "rho": 1.1416503265968891,
      "capacity": 1.0,
      "tserv": 3.044400870925038,
      "stddev": 3.044400870925038,
      "mu": 0.3284718545281953,
      "cv": 1.0,
      "lambda": 0.375,
      "twait": 3472.1656073348367
    },
    "F4": {
      "rho": 0.7662990575055101,
      "capacity": 1.0,
      "tserv": 2.043464153348027,
      "stddev": 2.043464153348027,
      "mu": 0.48936508054794725,
      "cv": 1.0,
      "lambda": 0.375,
      "twait": 6.700463584111597
    },
    "F5": {
      "rho": 0.22236847780112834,
      "capacity": 1.0,
      "tserv": 0.5929826074696756,
      "stddev": 0.5929826074696757,
      "mu": 1.6863901021770504,
      "cv": 1.0000000000000002,
      "lambda": 0.375,
      "twait": 0.16956699416289056
    },
    "F6": {
      "rho": 0.34319506813888534,
      "capacity": 1.0,
      "tserv": 0.9151868483703609,
      "stddev": 0.9151868483703609,
      "mu": 1.0926730446145099,
      "cv": 1.0,
      "lambda": 0.375,
      "twait": 0.47820532025586776
    },
    "F7": {
      "rho": 0.4337921189694346,
      "capacity": 1.0,
      "tserv": 0.5783894919592462,
      "stddev": 0.5789389791795372,
      "mu": 1.7289387409383656,
      "cv": 1.0009500297428118,
      "lambda": 0.75,
      "twait": 0.4435460688065072
    },
    "F8": {
      "rho": 0.42434277494432976,
      "capacity": 1.0,
      "tserv": 0.5657903665924396,
      "stddev": 0.7843897844305292,
      "mu": 1.7674390711574948,
      "cv": 1.3863611520193222,
      "lambda": 0.75,
      "twait": 0.6093379220316315
    },
    "F9": {
      "rho": 0.5939076259223246,
      "capacity": 1.0,
      "tserv": 1.5837536691261989,
      "stddev": 1.5837536691261989,
      "mu": 0.6314113232973458,
      "cv": 1.0,
      "lambda": 0.375,
      "twait": 2.316230103588691
    },
    "F10": {
      "rho": 0.4005682880878656,
      "capacity": 1.0,
      "tserv": 0.5340910507838208,
      "stddev": 0.5486763321369087,
      "mu": 1.8723399288050624,
      "cv": 1.0273086046502424,
      "lambda": 0.75,
      "twait": 0.36678425352093175
    },
    "F11": {
      "rho": 0.39898700717735824,
      "capacity": 1.0,
      "tserv": 1.0639653524729553,
      "stddev": 1.0639653524729553,
      "mu": 0.9398802298173697,
      "cv": 1.0,
      "lambda": 0.375,
      "twait": 0.7063214219877264
    },
    "F12": {
      "rho": 0.38786118936929986,
      "capacity": 1.0,
      "tserv": 0.2585741262461999,
      "stddev": 0.3560463021369388,
      "mu": 3.8673629667333986,
      "cv": 1.3769602833267676,
      "lambda": 1.5,
      "twait": 0.2372373038598956
    },
    "F13": {
      "rho": 1.1085683981875252,
      "capacity": 1.0,
      "tserv": 2.9561823951667336,
      "stddev": 2.956182395166735,
      "mu": 0.3382741205803028,
      "cv": 1.0000000000000004,
      "lambda": 0.375,
      "twait": 3273.853252177584
    },
    "F14": {
      "rho": 0.3761474684119074,
      "capacity": 1.0,
      "tserv": 0.5015299578825432,
      "stddev": 0.5322811565649802,
      "mu": 1.9938988375131064,
      "cv": 1.0613147793050457,
      "lambda": 0.75,
      "twait": 0.3215035812988599
    },
    "F15": {
      "rho": 0.39021920090427653,
      "capacity": 1.0,
      "tserv": 0.5202922678723687,
      "stddev": 0.5575623782798181,
      "mu": 1.92199665793478,
      "cv": 1.071633027643978,
      "lambda": 0.75,
      "twait": 0.35765711867892247
    },
    "F16": {
      "rho": 0.40841650870833934,
      "capacity": 1.0,
      "tserv": 1.089110689888905,
      "stddev": 1.089110689888905,
      "mu": 0.9181803183861921,
      "cv": 1.0,
      "lambda": 0.375,
      "twait": 0.7518985774774742
    },
    "F17": {
      "rho": 0.5271046333514331,
      "capacity": 1.0,
      "tserv": 1.4056123556038216,
      "stddev": 1.4056123556038214,
      "mu": 0.7114337007733693,
      "cv": 0.9999999999999999,
      "lambda": 0.375,
      "twait": 1.5667414772650992
    },
    "F18": {
      "rho": 1.3042812497231115,
      "capacity": 1.0,
      "tserv": 3.4780833325949643,
      "stddev": 3.4780833325949634,
      "mu": 0.28751467528925184,
      "cv": 0.9999999999999998,
      "lambda": 0.375,
      "twait": 4531.862476802402
    },
    "F19": {
      "rho": 0.53612557078488,
      "capacity": 1.0,
      "tserv": 0.71483409437984,
      "stddev": 0.8140168859065321,
      "mu": 1.3989259995601608,
      "cv": 1.1387493857756448,
      "lambda": 0.75,
      "twait": 0.948757249091022
    },
    "F20": {
      "rho": 0.417320486095864,
      "capacity": 1.0,
      "tserv": 0.37095154319632356,
      "stddev": 0.5461221682368054,
      "mu": 2.6957698878496292,
      "cv": 1.472219696219929,
      "lambda": 1.125,
      "twait": 0.4207598406102538
    },
    "F21": {
      "rho": 1.3282808916473177,
      "capacity": 1.0,
      "tserv": 3.5420823777261803,
      "stddev": 3.5420823777261803,
      "mu": 0.28231980325707284,
      "cv": 1.0,
      "lambda": 0.375,
      "twait": 4700.175458635404
    },
    "F22": {
      "rho": 0.39391230943062905,
      "capacity": 1.0,
      "tserv": 1.0504328251483441,
      "stddev": 1.0504328251483441,
      "mu": 0.9519885289749757,
      "cv": 1.0,
      "lambda": 0.375,
      "twait": 0.6827038834384058
    },
    "F23": {
      "rho": 0.5464050617920355,
      "capacity": 1.0,
      "tserv": 1.4570801647787615,
      "stddev": 1.4570801647787615,
      "mu": 0.6863040374664883,
      "cv": 1.0,
      "lambda": 0.375,
      "twait": 1.7552135405595428
    },
    "F24": {
      "rho": 0.7122478781433861,
      "capacity": 1.0,
      "tserv": 1.8993276750490296,
      "stddev": 1.8993276750490296,
      "mu": 0.5265020949974764,
      "cv": 1.0,
      "lambda": 0.375,
      "twait": 4.701241115875331
    },
    "F25": {
      "rho": 0.3792552662893525,
      "capacity": 1.0,
      "tserv": 0.20226947535432133,
      "stddev": 0.24146877828778082,
      "mu": 4.943899707300228,
      "cv": 1.1937974222991035,
      "lambda": 1.875,
      "twait": 0.14985041277776087
    }
  },
  "extra": {
    "deltatime": 7.9375083,
    "conv": 13,
    "obj_func": 4019.016321456646
  },
  "network": [
    [
      0.0,
      0.8523290605067751,
      1.1732698366224092,
      0.6677107632054728,
      1.1298770385245922,
      0.586417176607052,
      1.2604893823980188,
      1.4077516831100205,
      0.5715201568221594,
      0.8500625171232112,
      1.408397903047539,
      1.3630461868857138,
      0.960551338472752,
      1.1050520400673263,
      0.16180249758586937,
      1.2364388645939042,
      0.5917059662338274,
      0.8291881867744169,
      0.959120681956122,
      0.7981310042616648,
      1.1445689111394244,
      0.9589568404347851,
      0.7503534647541081,
      0.850266998951218,
      0.850266998951218
    ],
    [
      0.8523290605067751,
      0.0,
      1.3105232520770627,
      0.8375426034578963,
      0.9386034922832541,
      1.3611688376674127,
      1.1219058526104062,
      1.065246000375438,
      0.6780812502222893,
      1.0974179360069638,
      0.9440777753819642,
      1.2280644505156724,
      0.6672623566630076,
      1.214629041293326,
      0.9641657611681526,
      1.1455450851280893,
      0.9598370077635713,
      0.6809465332761395,
      1.112642328050944,
      0.9665586433685961,
      1.0397602654883398,
      0.7932284908012645,
      0.850266998951218,
      0.8875923150872568,
      0.8875923150872568
    ],
    [
      1.1732698366224092,
      1.3105232520770627,
      0.0,
      0.7660992496965494,
      1.1769514058428319,
      1.2656685678313684,
      1.494254254313783,
      1.1952233593444204,
      1.456188336685855,
      1.020413253134639,
      0.9499810218864673,
      0.8225943479695802,
      0.4816808673751485,
      0.8978473776804576,
      0.8177419044252985,
      1.3145914783556256,
      0.7294283199943407,
      0.9227339157403213,
      0.8618729032420186,
      1.1320260539785718,
      1.1121378466956928,
      0.7503534647541081,
      0.8875923150872568,
      1.2678877524000869,
      1.2678877524000869
    ],
    [
      0.6677107632054728,
      0.8375426034578963,
      0.7660992496965494,
      0.0,
      0.783611875357555,
      0.7709369540898299,
      0.9903269315485254,
      0.9379284108212892,
      0.6809161495715309,
      0.765599172552294,
      0.9858439731672478,
      0.7207763278626345,
      0.7150757767161123,
      1.318637515850557,
      1.0994835545140589,
      0.9977593518107637,
      0.9355233735939199,
      1.1702771960233336,
      1.1863460518292643,
      0.9389529506291688,
      0.9589568404347851,
      0.850266998951218,
      1.2678877524000869,
      1.1035143458383447,
      1.1035143458383447
    ],
    [
      1.1298770385245922,
      0.9386034922832541,
      1.1769514058428319,
      0.783611875357555,
      0.0,
      0.5914877167018905,
      0.9496716833063689,
      0.78966681841654,
      1.0961929730459257,
      0.8154321588883169,
      0.899655992129594,
      1.1937717263507326,
      1.2189350057705532,
      1.1225839022799142,
      0.9621350815290423,
      1.1276450677849947,
      0.9932892055260579,
      1.0756927555456037,
      0.9526421580276274,
      1.1445689111394244,
      0.7932284908012645,
      0.8875923150872568,
      1.1035143458383447,
      1.1965506851432148,
      1.1965506851432148
    ],
    [
      0.586417176607052,
      1.3611688376674127,
      1.2656685678313684,
      0.7709369540898299,
      0.5914877167018905,
      0.0,
      0.8910968704789106,
      1.1084054415800757,
      0.9416089709120288,
      1.2440157657503381,
      1.415007674031102,
      1.0591192064535206,
      1.1334944917718017,
      0.7611637337081173,
      0.9022003280279474,
      0.8000957432980077,
      1.0794398590233902,
      1.278637049699307,
      0.7981310042616648,
      1.0397602654883398,
      0.7503534647541081,
      1.2678877524000869,
      1.1965506851432148,
      1.0536247672365735,
      1.0536247672365735
    ],
    [
      1.2604893823980188,
      1.1219058526104062,
      1.494254254313783,
      0.9903269315485254,
      0.9496716833063689,
      0.8910968704789106,
      0.0,
      0.8191488590867897,
      0.7391066791966722,
      0.6699135141309905,
      1.1035911150855688,
      1.2857711742865492,
      1.2409340450476116,
      0.792301261923506,
      0.7030088065445463,
      1.0135903989690958,
      1.0537558993159335,
      0.959120681956122,
      0.9665586433685961,
      1.1121378466956928,
      0.850266998951218,
      1.1035143458383447,
      1.0536247672365735,
      0.6065783627741754,
      0.6065783627741754
    ],
    [
      1.4077516831100205,
      1.065246000375438,
      1.1952233593444204,
      0.9379284108212892,
      0.78966681841654,
      1.1084054415800757,
      0.8191488590867897,
      0.0,
      1.1412470306707387,
      0.7107239385333669,
      0.8582295441780743,
      0.8503789219828022,
      1.018144172767099,
      0.9946814232556341,
      0.8588935515427926,
      1.2245527255790816,
      0.8291881867744169,
      1.112642328050944,
      1.1320260539785718,
      0.9589568404347851,
      0.8875923150872568,
      1.1965506851432148,
      0.6065783627741754,
      0.6510222426626423,
      0.6510222426626423
    ],
    [
      0.5715201568221594,
      0.6780812502222893,
      1.456188336685855,
      0.6809161495715309,
      1.0961929730459257,
      0.9416089709120288,
      0.7391066791966722,
      1.1412470306707387,
      0.0,
      0.8209357272051236,
      1.2151863235334945,
      0.9434047250241734,
      0.833208262467593,
      0.9522761220573854,
      0.8880431579982504,
      0.5917059662338274,
      0.6809465332761395,
      0.8618729032420186,
      0.9389529506291688,
      0.7932284908012645,
      1.2678877524000869,
      1.0536247672365735,
      0.6510222426626423,
      0.7880990928214712,
      0.7880990928214712
    ],
    [
      0.8500625171232112,
      1.0974179360069638,
      1.020413253134639,
      0.765599172552294,
      0.8154321588883169,
      1.2440157657503381,
      0.6699135141309905,
      0.7107239385333669,
      0.8209357272051236,
      0.0,
      1.2643932673482015,
      1.2934303118884907,
      0.8053019002703944,
      0.8517484542019754,
      1.2364388645939042,
      0.9598370077635713,
      0.9227339157403213,
      1.1863460518292643,
      1.1445689111394244,
      0.7503534647541081,
      1.1035143458383447,
      0.6065783627741754,
      0.7880990928214712,
      0.7892892442860308,
      0.7892892442860308
    ],
    [
      1.408397903047539,
      0.9440777753819642,
      0.9499810218864673,
      0.9858439731672478,
      0.899655992129594,
      1.415007674031102,
      1.1035911150855688,
      0.8582295441780743,
      1.2151863235334945,
      1.2643932673482015,
      0.0,
      0.8782002197317019,
      1.3287419354436396,
      0.16180249758586937,
      1.1455450851280893,
      0.7294283199943407,
      1.1702771960233336,
      0.9526421580276274,
      1.0397602654883398,
      0.850266998951218,
      1.1965506851432148,
      0.6510222426626423,
      0.7892892442860308,
      1.2452526206265604,
      1.2452526206265604
    ],
    [
      1.3630461868857138,
      1.2280644505156724,
      0.8225943479695802,
      0.7207763278626345,
      1.1937717263507326,
      1.0591192064535206,
      1.2857711742865492,
      0.8503789219828022,
      0.9434047250241734,
      1.2934303118884907,
      0.8782002197317019,
      0.0,
      1.1050520400673263,
      0.9641657611681526,
      1.3145914783556256,
      0.9355233735939199,
      1.0756927555456037,
      0.7981310042616648,
      1.1121378466956928,
      0.8875923150872568,
      1.0536247672365735,
      0.7880990928214712,
      1.2452526206265604,
      0.6521817009482924,
      0.6521817009482924
    ],
    [
      0.960551338472752,
      0.6672623566630076,
      0.4816808673751485,
      0.7150757767161123,
      1.2189350057705532,
      1.1334944917718017,
      1.2409340450476116,
      1.018144172767099,
      0.833208262467593,
      0.8053019002703944,
      1.3287419354436396,
      1.1050520400673263,
      0.0,
      0.8177419044252985,
      0.9977593518107637,
      0.9932892055260579,
      1.278637049699307,
      0.9665586433685961,
      0.9589568404347851,
      1.2678877524000869,
      0.6065783627741754,
      0.7892892442860308,
      0.6521817009482924,
      0.719872665800501,
      0.719872665800501
    ],
    [
      1.1050520400673263,
      1.214629041293326,
      0.8978473776804576,
      1.318637515850557,
      1.1225839022799142,
      0.7611637337081173,
      0.792301261923506,
      0.9946814232556341,
      0.9522761220573854,
      0.8517484542019754,
      0.16180249758586937,
      0.9641657611681526,
      0.8177419044252985,
      0.0,
      1.1276450677849947,
      1.0794398590233902,
      0.959120681956122,
      1.1320260539785718,
      0.7932284908012645,
      1.1035143458383447,
      0.6510222426626423,
      1.2452526206265604,
      0.719872665800501,
      1.1977732586071106,
      1.1977732586071106
    ],
    [
      0.16180249758586937,
      0.9641657611681526,
      0.8177419044252985,
      1.0994835545140589,
      0.9621350815290423,
      0.9022003280279474,
      0.7030088065445463,
      0.8588935515427926,
      0.8880431579982504,
      1.2364388645939042,
      1.1455450851280893,
      1.3145914783556256,
      0.9977593518107637,
      1.1276450677849947,
      0.0,
      1.0537558993159335,
      1.112642328050944,
      0.9389529506291688,
      0.7503534647541081,
      1.1965506851432148,
      0.7880990928214712,
      0.6521817009482924,
      1.1977732586071106,
      1.0890991404277068,
      1.0890991404277068
    ],
    [
      1.2364388645939042,
      1.1455450851280893,
      1.3145914783556256,
      0.9977593518107637,
      1.1276450677849947,
      0.8000957432980077,
      1.0135903989690958,
      1.2245527255790816,
      0.5917059662338274,
      0.9598370077635713,
      0.7294283199943407,
      0.9355233735939199,
      0.9932892055260579,
      1.0794398590233902,
      1.0537558993159335,
      0.0,
      0.8618729032420186,
      1.1445689111394244,
      0.850266998951218,
      1.0536247672365735,
      0.7892892442860308,
      0.719872665800501,
      1.0890991404277068,
      1.2226826255993137,
      1.2226826255993137
    ],
    [
      0.5917059662338274,
      0.9598370077635713,
      0.7294283199943407,
      0.9355233735939199,
      0.9932892055260579,
      1.0794398590233902,
      1.0537558993159335,
      0.8291881867744169,
      0.6809465332761395,
      0.9227339157403213,
      1.1702771960233336,
      1.0756927555456037,
      1.278637049699307,
      0.959120681956122,
      1.112642328050944,
      0.8618729032420186,
      0.0,
      1.0397602654883398,
      0.8875923150872568,
      0.6065783627741754,
      1.2452526206265604,
      1.1977732586071106,
      1.2226826255993137,
      1.2231653405826197,
      1.2231653405826197
    ],
    [
      0.8291881867744169,
      0.6809465332761395,
      0.9227339157403213,
      1.1702771960233336,
      1.0756927555456037,
      1.278637049699307,
      0.959120681956122,
      1.112642328050944,
      0.8618729032420186,
      1.1863460518292643,
      0.9526421580276274,
      0.7981310042616648,
      0.9665586433685961,
      1.1320260539785718,
      0.9389529506291688,
      1.1445689111394244,
      1.0397602654883398,
      0.0,
      1.2678877524000869,
      0.6510222426626423,
      0.6521817009482924,
      1.0890991404277068,
      1.2231653405826197,
      0.7221112012658241,
      0.7221112012658241
    ],
    [
      0.959120681956122,
      1.112642328050944,
      0.8618729032420186,
      1.1863460518292643,
      0.9526421580276274,
      0.7981310042616648,
      0.9665586433685961,
      1.1320260539785718,
      0.9389529506291688,
      1.1445689111394244,
      1.0397602654883398,
      1.1121378466956928,
      0.9589568404347851,
      0.7932284908012645,
      0.7503534647541081,
      0.850266998951218,
      0.8875923150872568,
      1.2678877524000869,
      0.0,
      0.7880990928214712,
      0.719872665800501,
      1.2226826255993137,
      0.7221112012658241,
      0.6656636665157016,
      0.6656636665157016
    ],
    [
      0.7981310042616648,
      0.9665586433685961,
      1.1320260539785718,
      0.9389529506291688,
      1.1445689111394244,
      1.0397602654883398,
      1.1121378466956928,
      0.9589568404347851,
      0.7932284908012645,
      0.7503534647541081,
      0.850266998951218,
      0.8875923150872568,
      1.2678877524000869,
      1.1035143458383447,
      1.1965506851432148,
      1.0536247672365735,
      0.6065783627741754,
      0.6510222426626423,
      0.7880990928214712,
      0.0,
      1.1977732586071106,
      1.2231653405826197,
      0.6656636665157016,
      0.6691431782071022,
      0.6691431782071022
    ],
    [
      1.1445689111394244,
      1.0397602654883398,
      1.1121378466956928,
      0.9589568404347851,
      0.7932284908012645,
      0.7503534647541081,
      0.850266998951218,
      0.8875923150872568,
      1.2678877524000869,
      1.1035143458383447,
      1.1965506851432148,
      1.0536247672365735,
      0.6065783627741754,
      0.6510222426626423,
      0.7880990928214712,
      0.7892892442860308,
      1.2452526206265604,
      0.6521817009482924,
      0.719872665800501,
      1.1977732586071106,
      0.0,
      0.7221112012658241,
      0.6691431782071022,
      1.142954755115997,
      1.142954755115997
    ],
    [
      0.9589568404347851,
      0.7932284908012645,
      0.7503534647541081,
      0.850266998951218,
      0.8875923150872568,
      1.2678877524000869,
      1.1035143458383447,
      1.1965506851432148,
      1.0536247672365735,
      0.6065783627741754,
      0.6510222426626423,
      0.7880990928214712,
      0.7892892442860308,
      1.2452526206265604,
      0.6521817009482924,
      0.719872665800501,
      1.1977732586071106,
      1.0890991404277068,
      1.2226826255993137,
      1.2231653405826197,
      0.7221112012658241,
      0.0,
      1.142954755115997,
      0.9943211531834869,
      0.9943211531834869
    ],
    [
      0.7503534647541081,
      0.850266998951218,
      0.8875923150872568,
      1.2678877524000869,
      1.1035143458383447,
      1.1965506851432148,
      1.0536247672365735,
      0.6065783627741754,
      0.6510222426626423,
      0.7880990928214712,
      0.7892892442860308,
      1.2452526206265604,
      0.6521817009482924,
      0.719872665800501,
      1.1977732586071106,
      1.0890991404277068,
      1.2226826255993137,
      1.2231653405826197,
      0.7221112012658241,
      0.6656636665157016,
      0.6691431782071022,
      1.142954755115997,
      0.0,
      0.7318541164492492,
      0.7318541164492492
    ],
    [
      0.850266998951218,
      0.8875923150872568,
      1.2678877524000869,
      1.1035143458383447,
      1.1965506851432148,
      1.0536247672365735,
      0.6065783627741754,
      0.6510222426626423,
      0.7880990928214712,
      0.7892892442860308,
      1.2452526206265604,
      0.6521817009482924,
      0.719872665800501,
      1.1977732586071106,
      1.0890991404277068,
      1.2226826255993137,
      1.2231653405826197,
      0.7221112012658241,
      0.6656636665157016,
      0.6691431782071022,
      1.142954755115997,
      0.9943211531834869,
      0.7318541164492492,
      0.0,
      1.3445977806205789
    ],
    [
      0.850266998951218,
      0.8875923150872568,
      1.2678877524000869,
      1.1035143458383447,
      1.1965506851432148,
      1.0536247672365735,
      0.6065783627741754,
      0.6510222426626423,
      0.7880990928214712,
      0.7892892442860308,
      1.2452526206265604,
      0.6521817009482924,
      0.719872665800501,
      1.1977732586071106,
      1.0890991404277068,
      1.2226826255993137,
      1.2231653405826197,
      0.7221112012658241,
      0.6656636665157016,
      0.6691431782071022,
      1.142954755115997,
      0.9943211531834869,
      0.7318541164492492,
      1.3445977806205789,
      0.0
    ]
  ]
}