{
  "servicechain": {
    "SC1": {
      "resptime": 12.816801999641937,
      "resptime_old": 2.8168019996419362,
      "waittime": 1.6389388441237034,
      "servicetime": 10.0,
      "networktime": 1.1778631555182333,
      "services": {
        "MS1_1": {
          "meanserv": 1.1622119353860927,
          "stddevserv": 1.1622119353860927,
          "rate": 0.860428265751543,
          "cv": 1.0,
          "lambda": 0.025
        },
        "MS1_2": {
          "meanserv": 3.1356410707284206,
          "stddevserv": 3.1356410707284206,
          "rate": 0.3189140521646811,
          "cv": 1.0,
          "lambda": 0.025
        },
        "MS1_3": {
          "meanserv": 1.9614567314145486,
          "stddevserv": 1.9614567314145486,
          "rate": 0.5098251641160738,
          "cv": 1.0,
          "lambda": 0.025
        },
        "MS1_4": {
          "meanserv": 2.4751552136458503,
          "stddevserv": 2.4751552136458503,
          "rate": 0.4040150672114908,
          "cv": 1.0,
          "lambda": 0.025
        },
        "MS1_5": {
          "meanserv": 1.2655350488250878,
          "stddevserv": 1.2655350488250878,
          "rate": 0.790179616857227,
          "cv": 1.0,
          "lambda": 0.025
        }
      },
      "sensors": [
        "S1"
      ],
      "sources": [
        {
          "startTime": 0,
          "stopTime": -1,
          "lambda": 0.025
        }
      ]
    },
    "SC2": {
      "resptime": 12.778907817275677,
      "resptime_old": 2.7789078172756776,
      "waittime": 1.601044661757444,
      "servicetime": 10.0,
      "networktime": 1.1778631555182333,
      "services": {
        "MS2_1": {
          "meanserv": 0.9780558309152854,
          "stddevserv": 0.9780558309152854,
          "rate": 1.0224365198704237,
          "cv": 1.0,
          "lambda": 0.025
        },
        "MS2_2": {
          "meanserv": 1.7506010063332744,
          "stddevserv": 1.7506010063332744,
          "rate": 0.5712323918369911,
          "cv": 1.0,
          "lambda": 0.025
        },
        "MS2_3": {
          "meanserv": 0.954831608380736,
          "stddevserv": 0.954831608380736,
          "rate": 1.047305086282034,
          "cv": 1.0,
          "lambda": 0.025
        },
        "MS2_4": {
          "meanserv": 2.882263699670597,
          "stddevserv": 2.882263699670597,
          "rate": 0.34694951753175335,
          "cv": 1.0,
          "lambda": 0.025
        },
        "MS2_5": {
          "meanserv": 3.434247854700107,
          "stddevserv": 3.434247854700107,
          "rate": 0.29118457441311385,
          "cv": 1.0,
          "lambda": 0.025
        }
      },
      "sensors": [
        "S2"
      ],
      "sources": [
        {
          "startTime": 0,
          "stopTime": -1,
          "lambda": 0.025
        }
      ]
    },
    "SC3": {
      "resptime": 13.08127959933328,
      "resptime_old": 3.081279599333281,
      "waittime": 1.5550033780012251,
      "servicetime": 10.0,
      "networktime": 1.5262762213320558,
      "services": {
        "MS3_1": {
          "meanserv": 0.9058970640158004,
          "stddevserv": 0.9058970640158004,
          "rate": 1.1038781774686912,
          "cv": 1.0,
          "lambda": 0.025
        },
        "MS3_2": {
          "meanserv": 1.2323122538933198,
          "stddevserv": 1.2323122538933198,
          "rate": 0.8114826391124803,
          "cv": 1.0,
          "lambda": 0.025
        },
        "MS3_3": {
          "meanserv": 1.9571845134560606,
          "stddevserv": 1.9571845134560606,
          "rate": 0.5109380301779352,
          "cv": 1.0,
          "lambda": 0.025
        },
        "MS3_4": {
          "meanserv": 0.576397775357151,
          "stddevserv": 0.576397775357151,
          "rate": 1.734913011037168,
          "cv": 1.0,
          "lambda": 0.025
        },
        "MS3_5": {
          "meanserv": 5.328208393277668,
          "stddevserv": 5.328208393277668,
          "rate": 0.18768034697397526,
          "cv": 1.0,
          "lambda": 0.025
        }
      },
      "sensors": [
        "S3"
      ],
      "sources": [
        {
          "startTime": 0,
          "stopTime": -1,
          "lambda": 0.025
        }
      ]
    },
    "SC4": {
      "resptime": 14.285667816284217,
      "resptime_old": 4.285667816284216,
      "waittime": 1.5815284394339273,
      "servicetime": 10.0,
      "networktime": 2.7041393768502893,
      "services": {
        "MS4_1": {
          "meanserv": 0.9067410083850014,
          "stddevserv": 0.9067410083850014,
          "rate": 1.1028507487282422,
          "cv": 1.0,
          "lambda": 0.025
        },
        "MS4_2": {
          "meanserv": 0.253317639483267,
          "stddevserv": 0.253317639483267,
          "rate": 3.947612973339961,
          "cv": 1.0,
          "lambda": 0.025
        },
        "MS4_3": {
          "meanserv": 1.7069435421208266,
          "stddevserv": 1.7069435421208266,
          "rate": 0.5858424577754515,
          "cv": 1.0,
          "lambda": 0.025
        },
        "MS4_4": {
          "meanserv": 6.508001169999496,
          "stddevserv": 6.508001169999496,
          "rate": 0.15365700986806635,
          "cv": 1.0,
          "lambda": 0.025
        },
        "MS4_5": {
          "meanserv": 0.6249966400114086,
          "stddevserv": 0.6249966400114086,
          "rate": 1.600008601617036,
          "cv": 1.0,
          "lambda": 0.025
        }
      },
      "sensors": [
        "S4"
      ],
      "sources": [
        {
          "startTime": 0,
          "stopTime": -1,
          "lambda": 0.025
        }
      ]
    }
  },
  "microservice": {
    "MS1_1": "F2",
    "MS1_2": "F2",
    "MS1_3": "F9",
    "MS1_4": "F9",
    "MS1_5": "F9",
    "MS2_1": "F8",
    "MS2_2": "F8",
    "MS2_3": "F8",
    "MS2_4": "F3",
    "MS2_5": "F3",
    "MS3_1": "F6",
    "MS3_2": "F6",
    "MS3_3": "F6",
    "MS3_4": "F6",
    "MS3_5": "F4",
    "MS4_1": "F1",
    "MS4_2": "F1",
    "MS4_3": "F1",
    "MS4_4": "F7",
    "MS4_5": "F5"
  },
  "sensor": {
    "S1": "F2",
    "S2": "F8",
    "S3": "F6",
    "S4": "F1"
  },
  "fog": {
    "F1": {
      "rho": 0.07167505474972738,
      "capacity": 1.0,
      "tserv": 0.9556673966630316,
      "stddev": 1.2728066308179922,
      "mu": 1.0463891553607119,
      "cv": 1.3318510553591523,
      "lambda": 0.07500000000000001,
      "twait": 0.10233500021169721
    },
    "F2": {
      "rho": 0.10744632515286283,
      "capacity": 1.0,
      "tserv": 2.1489265030572566,
      "stddev": 2.5622444051360267,
      "mu": 0.4653486280602477,
      "cv": 1.1923369186850954,
      "lambda": 0.05,
      "twait": 0.3132299441013452
    },
    "F3": {
      "rho": 0.15791278885926766,
      "capacity": 1.0,
      "tserv": 3.1582557771853526,
      "stddev": 3.18228264109687,
      "mu": 0.3166304664821046,
      "cv": 1.007607637128406,
      "lambda": 0.05,
      "twait": 0.5967761443235986
    },
    "F4": {
      "rho": 0.1332052098319417,
      "capacity": 1.0,
      "tserv": 5.328208393277667,
      "stddev": 5.328208393277669,
      "mu": 0.1876803469739753,
      "cv": 1.0000000000000004,
      "lambda": 0.025,
      "twait": 0.8188156240732092
    },
    "F5": {
      "rho": 0.015624916000285217,
      "capacity": 1.0,
      "tserv": 0.6249966400114086,
      "stddev": 0.6249966400114088,
      "mu": 1.600008601617036,
      "cv": 1.0000000000000002,
      "lambda": 0.025,
      "twait": 0.009920527408068355
    },
    "F6": {
      "rho": 0.11679479016805829,
      "capacity": 1.0,
      "tserv": 1.1679479016805827,
      "stddev": 1.373652793604854,
      "mu": 0.8562025742424647,
      "cv": 1.176125057999829,
      "lambda": 0.1,
      "twait": 0.18404693848200399
    },
    "F7": {
      "rho": 0.16270002924998742,
      "capacity": 1.0,
      "tserv": 6.508001169999496,
      "stddev": 6.508001169999496,
      "mu": 0.15365700986806635,
      "cv": 1.0,
      "lambda": 0.025,
      "twait": 1.2646029113907675
    },
    "F8": {
      "rho": 0.09208721114073241,
      "capacity": 1.0,
      "tserv": 1.227829481876432,
      "stddev": 1.3345542669815478,
      "mu": 0.8144453401393724,
      "cv": 1.0869215039062374,
      "lambda": 0.07500000000000001,
      "twait": 0.13583079103674894
    },
    "F9": {
      "rho": 0.14255367484713719,
      "capacity": 1.0,
      "tserv": 1.9007156646284955,
      "stddev": 2.0258668505125046,
      "mu": 0.526117619068213,
      "cv": 1.0658442439408582,
      "lambda": 0.07500000000000001,
      "twait": 0.33749298530700433
    },
    "F10": {
      "rho": 0,
      "capacity": 1.0,
      "tserv": 0,
      "stddev": 0,
      "mu": 0,
      "cv": 0,
      "lambda": 0.0,
      "twait": 0
    }
  },
  "extra": {
    "deltatime": 0.5496198,
    "conv": 19,
    "obj_func": 13.240664308133777
  },
  "network": [
    [
      0.0,
      2.434852481578782,
      2.350676401847097,
      2.5351603535903138,
      1.718862338857305,
      2.3517982452981974,
      1.5262762213320558,
      2.231246221858242,
      1.8097615842484212,
      1.8097615842484212
    ],
    [
      2.434852481578782,
      0.0,
      2.060290266405402,
      1.7862432127997137,
      1.8046316055991916,
      1.7975157175193262,
      2.136146096297554,
      1.8097615842484212,
      1.1778631555182333,
      1.1778631555182333
    ],
    [
      2.350676401847097,
      2.060290266405402,
      0.0,
      1.8238205345406522,
      2.8769771384880216,
      1.4083485767127923,
      2.231246221858242,
      1.1778631555182333,
      2.5578195490348783,
      2.5578195490348783
    ],
    [
      2.5351603535903138,
      1.7862432127997137,
      1.8238205345406522,
      0.0,
      1.6211414996595168,
      1.5262762213320558,
      1.8097615842484212,
      2.5578195490348783,
      1.8728259403952532,
      1.8728259403952532
    ],
    [
      1.718862338857305,
      1.8046316055991916,
      2.8769771384880216,
      1.6211414996595168,
      0.0,
      2.136146096297554,
      1.1778631555182333,
      1.8728259403952532,
      2.7161829496450443,
      2.7161829496450443
    ],
    [
      2.3517982452981974,
      1.7975157175193262,
      1.4083485767127923,
      1.5262762213320558,
      2.136146096297554,
      0.0,
      2.5578195490348783,
      2.7161829496450443,
      2.2250061708182334,
      2.2250061708182334
    ],
    [
      1.5262762213320558,
      2.136146096297554,
      2.231246221858242,
      1.8097615842484212,
      1.1778631555182333,
      2.5578195490348783,
      0.0,
      2.2250061708182334,
      1.6537139114252892,
      1.6537139114252892
    ],
    [
      2.231246221858242,
      1.8097615842484212,
      1.1778631555182333,
      2.5578195490348783,
      1.8728259403952532,
      2.7161829496450443,
      2.2250061708182334,
      0.0,
      2.2184683384101263,
      2.2184683384101263
    ],
    [
      1.8097615842484212,
      1.1778631555182333,
      2.5578195490348783,
      1.8728259403952532,
      2.7161829496450443,
      2.2250061708182334,
      1.6537139114252892,
      2.2184683384101263,
      0.0,
      2.2934296203714766
    ],
    [
      1.8097615842484212,
      1.1778631555182333,
      2.5578195490348783,
      1.8728259403952532,
      2.7161829496450443,
      2.2250061708182334,
      1.6537139114252892,
      2.2184683384101263,
      2.2934296203714766,
      0.0
    ]
  ]
}