{
  "servicechain": {
    "SC1": {
      "resptime": 93.3205234388023,
      "resptime_old": 83.3205234388023,
      "waittime": 79.05917471984745,
      "servicetime": 10.0,
      "networktime": 4.261348718954851,
      "services": {
        "MS1_1": {
          "meanserv": 1.1742277113239663,
          "stddevserv": 1.1742277113239663,
          "rate": 0.85162357382324,
          "cv": 1.0,
          "lambda": 0.225
        },
        "MS1_2": {
          "meanserv": 0.07136154275015572,
          "stddevserv": 0.07136154275015572,
          "rate": 14.013149960912497,
          "cv": 1.0,
          "lambda": 0.225
        },
        "MS1_3": {
          "meanserv": 4.190812832838656,
          "stddevserv": 4.190812832838656,
          "rate": 0.2386171942979968,
          "cv": 1.0,
          "lambda": 0.225
        },
        "MS1_4": {
          "meanserv": 1.4503526704497443,
          "stddevserv": 1.4503526704497443,
          "rate": 0.6894874745808597,
          "cv": 1.0,
          "lambda": 0.225
        },
        "MS1_5": {
          "meanserv": 0.006603382953958459,
          "stddevserv": 0.006603382953958459,
          "rate": 151.4375293652386,
          "cv": 1.0,
          "lambda": 0.225
        },
        "MS1_6": {
          "meanserv": 0.037080294151574655,
          "stddevserv": 0.037080294151574655,
          "rate": 26.968502350932237,
          "cv": 1.0,
          "lambda": 0.225
        },
        "MS1_7": {
          "meanserv": 0.05932274234851764,
          "stddevserv": 0.05932274234851764,
          "rate": 16.85694154402132,
          "cv": 1.0,
          "lambda": 0.225
        },
        "MS1_8": {
          "meanserv": 0.2696738383596662,
          "stddevserv": 0.2696738383596662,
          "rate": 3.708183211551622,
          "cv": 1.0,
          "lambda": 0.225
        },
        "MS1_9": {
          "meanserv": 0.20762884245602464,
          "stddevserv": 0.20762884245602464,
          "rate": 4.816286543676117,
          "cv": 1.0,
          "lambda": 0.225
        },
        "MS1_10": {
          "meanserv": 2.5329361423677357,
          "stddevserv": 2.5329361423677357,
          "rate": 0.3947987409841375,
          "cv": 1.0,
          "lambda": 0.225
        }
      },
      "sensors": [
        "S1"
      ],
      "sources": [
        {
          "startTime": 0,
          "stopTime": -1,
          "lambda": 0.225
        }
      ]
    },
    "SC2": {
      "resptime": 30.29829739617548,
      "resptime_old": 20.29829739617548,
      "waittime": 14.87330946728605,
      "servicetime": 10.0,
      "networktime": 5.424987928889434,
      "services": {
        "MS2_1": {
          "meanserv": 2.3644901255408324,
          "stddevserv": 2.3644901255408324,
          "rate": 0.4229241599269817,
          "cv": 1.0,
          "lambda": 0.225
        },
        "MS2_2": {
          "meanserv": 2.5412471144280047,
          "stddevserv": 2.5412471144280047,
          "rate": 0.3935075791419381,
          "cv": 1.0,
          "lambda": 0.225
        },
        "MS2_3": {
          "meanserv": 0.14380088466086516,
          "stddevserv": 0.14380088466086516,
          "rate": 6.95406013918735,
          "cv": 1.0,
          "lambda": 0.225
        },
        "MS2_4": {
          "meanserv": 1.3307453680711623,
          "stddevserv": 1.3307453680711623,
          "rate": 0.7514585614898225,
          "cv": 1.0,
          "lambda": 0.225
        },
        "MS2_5": {
          "meanserv": 1.2191612576089303,
          "stddevserv": 1.2191612576089303,
          "rate": 0.8202360383082067,
          "cv": 1.0,
          "lambda": 0.225
        },
        "MS2_6": {
          "meanserv": 0.018421177338989736,
          "stddevserv": 0.018421177338989736,
          "rate": 54.28534678309777,
          "cv": 1.0,
          "lambda": 0.225
        },
        "MS2_7": {
          "meanserv": 0.28733872838018115,
          "stddevserv": 0.28733872838018115,
          "rate": 3.480213076870336,
          "cv": 1.0,
          "lambda": 0.225
        },
        "MS2_8": {
          "meanserv": 0.829442595917822,
          "stddevserv": 0.829442595917822,
          "rate": 1.2056289427642033,
          "cv": 1.0,
          "lambda": 0.225
        },
        "MS2_9": {
          "meanserv": 0.8154034250674513,
          "stddevserv": 0.8154034250674513,
          "rate": 1.2263868034614627,
          "cv": 1.0,
          "lambda": 0.225
        },
        "MS2_10": {
          "meanserv": 0.44994932298576096,
          "stddevserv": 0.44994932298576096,
          "rate": 2.2224725072686593,
          "cv": 1.0,
          "lambda": 0.225
        }
      },
      "sensors": [
        "S2"
      ],
      "sources": [
        {
          "startTime": 0,
          "stopTime": -1,
          "lambda": 0.225
        }
      ]
    },
    "SC3": {
      "resptime": 32.28610783484248,
      "resptime_old": 22.286107834842486,
      "waittime": 17.14644242888976,
      "servicetime": 10.0,
      "networktime": 5.139665405952725,
      "services": {
        "MS3_1": {
          "meanserv": 2.067981212439861,
          "stddevserv": 2.067981212439861,
          "rate": 0.48356338731925547,
          "cv": 1.0,
          "lambda": 0.225
        },
        "MS3_2": {
          "meanserv": 0.5842217433566459,
          "stddevserv": 0.5842217433566459,
          "rate": 1.7116788468955302,
          "cv": 1.0,
          "lambda": 0.225
        },
        "MS3_3": {
          "meanserv": 0.18059440466306897,
          "stddevserv": 0.18059440466306897,
          "rate": 5.5372701156809265,
          "cv": 1.0,
          "lambda": 0.225
        },
        "MS3_4": {
          "meanserv": 1.600703858224246,
          "stddevserv": 1.600703858224246,
          "rate": 0.624725176279239,
          "cv": 1.0,
          "lambda": 0.225
        },
        "MS3_5": {
          "meanserv": 0.5983140751103821,
          "stddevserv": 0.5983140751103821,
          "rate": 1.6713629874335003,
          "cv": 1.0,
          "lambda": 0.225
        },
        "MS3_6": {
          "meanserv": 0.23820414385565591,
          "stddevserv": 0.23820414385565591,
          "rate": 4.19807978070259,
          "cv": 1.0,
          "lambda": 0.225
        },
        "MS3_7": {
          "meanserv": 0.3133552406300355,
          "stddevserv": 0.3133552406300355,
          "rate": 3.1912662382457335,
          "cv": 1.0,
          "lambda": 0.225
        },
        "MS3_8": {
          "meanserv": 1.3323872861101327,
          "stddevserv": 1.3323872861101327,
          "rate": 0.7505325294115287,
          "cv": 1.0,
          "lambda": 0.225
        },
        "MS3_9": {
          "meanserv": 2.8154983225741903,
          "stddevserv": 2.8154983225741903,
          "rate": 0.3551769120166646,
          "cv": 1.0,
          "lambda": 0.225
        },
        "MS3_10": {
          "meanserv": 0.2687397130357816,
          "stddevserv": 0.2687397130357816,
          "rate": 3.721072664339915,
          "cv": 1.0,
          "lambda": 0.225
        }
      },
      "sensors": [
        "S3"
      ],
      "sources": [
        {
          "startTime": 0,
          "stopTime": -1,
          "lambda": 0.225
        }
      ]
    },
    "SC4": {
      "resptime": 29.48084369410375,
      "resptime_old": 19.480843694103744,
      "waittime": 15.852512351314731,
      "servicetime": 10.0,
      "networktime": 3.6283313427890214,
      "services": {
        "MS4_1": {
          "meanserv": 0.3868109640321393,
          "stddevserv": 0.3868109640321393,
          "rate": 2.5852421285476077,
          "cv": 1.0,
          "lambda": 0.225
        },
        "MS4_2": {
          "meanserv": 0.8941217334856155,
          "stddevserv": 0.8941217334856155,
          "rate": 1.118415941084031,
          "cv": 1.0,
          "lambda": 0.225
        },
        "MS4_3": {
          "meanserv": 2.61777699247219,
          "stddevserv": 2.61777699247219,
          "rate": 0.3820035101827428,
          "cv": 1.0,
          "lambda": 0.225
        },
        "MS4_4": {
          "meanserv": 0.8849040782067128,
          "stddevserv": 0.8849040782067128,
          "rate": 1.130065986390901,
          "cv": 1.0,
          "lambda": 0.225
        },
        "MS4_5": {
          "meanserv": 0.7094629955851168,
          "stddevserv": 0.7094629955851168,
          "rate": 1.4095167841351162,
          "cv": 1.0,
          "lambda": 0.225
        },
        "MS4_6": {
          "meanserv": 0.09248813922656485,
          "stddevserv": 0.09248813922656485,
          "rate": 10.812197200230575,
          "cv": 1.0,
          "lambda": 0.225
        },
        "MS4_7": {
          "meanserv": 2.8289133408613347,
          "stddevserv": 2.8289133408613347,
          "rate": 0.3534926240248577,
          "cv": 1.0,
          "lambda": 0.225
        },
        "MS4_8": {
          "meanserv": 0.3537688312816716,
          "stddevserv": 0.3537688312816716,
          "rate": 2.8267046488439727,
          "cv": 1.0,
          "lambda": 0.225
        },
        "MS4_9": {
          "meanserv": 0.7145995976186068,
          "stddevserv": 0.7145995976186068,
          "rate": 1.3993850588951995,
          "cv": 1.0,
          "lambda": 0.225
        },
        "MS4_10": {
          "meanserv": 0.5171533272300479,
          "stddevserv": 0.5171533272300479,
          "rate": 1.9336625084791632,
          "cv": 1.0,
          "lambda": 0.225
        }
      },
      "sensors": [
        "S4"
      ],
      "sources": [
        {
          "startTime": 0,
          "stopTime": -1,
          "lambda": 0.225
        }
      ]
    }
  },
  "microservice": {
    "MS1_1": "F6",
    "MS1_2": "F3",
    "MS1_3": "F9",
    "MS1_4": "F11",
    "MS1_5": "F3",
    "MS1_6": "F3",
    "MS1_7": "F3",
    "MS1_8": "F3",
    "MS1_9": "F3",
    "MS1_10": "F14",
    "MS2_1": "F7",
    "MS2_2": "F1",
    "MS2_3": "F3",
    "MS2_4": "F15",
    "MS2_5": "F15",
    "MS2_6": "F2",
    "MS2_7": "F2",
    "MS2_8": "F3",
    "MS2_9": "F11",
    "MS2_10": "F11",
    "MS3_1": "F5",
    "MS3_2": "F5",
    "MS3_3": "F3",
    "MS3_4": "F6",
    "MS3_5": "F13",
    "MS3_6": "F13",
    "MS3_7": "F13",
    "MS3_8": "F4",
    "MS3_9": "F12",
    "MS3_10": "F3",
    "MS4_1": "F4",
    "MS4_2": "F4",
    "MS4_3": "F10",
    "MS4_4": "F2",
    "MS4_5": "F2",
    "MS4_6": "F2",
    "MS4_7": "F8",
    "MS4_8": "F13",
    "MS4_9": "F13",
    "MS4_10": "F13"
  },
  "sensor": {
    "S1": "F6",
    "S2": "F7",
    "S3": "F5",
    "S4": "F4"
  },
  "fog": {
    "F1": {
      "rho": 0.5717806007463011,
      "capacity": 1.0,
      "tserv": 2.5412471144280047,
      "stddev": 2.541247114428004,
      "mu": 0.3935075791419381,
      "cv": 0.9999999999999998,
      "lambda": 0.225,
      "twait": 3.3932040544281747
    },
    "F2": {
      "rho": 0.44833840171595224,
      "capacity": 1.0,
      "tserv": 0.3985230237475131,
      "stddev": 0.6263540242031223,
      "mu": 2.5092653131969525,
      "cv": 1.5716884267142193,
      "lambda": 1.125,
      "twait": 0.5619681173498985
    },
    "F3": {
      "rho": 0.4667058542919229,
      "capacity": 1.0,
      "tserv": 0.20742482412974347,
      "stddev": 0.3805857916747626,
      "mu": 4.821023733275549,
      "cv": 1.8348131342114942,
      "lambda": 2.2500000000000004,
      "twait": 0.39631867235403784
    },
    "F4": {
      "rho": 0.5879969963162746,
      "capacity": 1.0,
      "tserv": 0.8711066612092957,
      "stddev": 1.0282969913307825,
      "mu": 1.1479650478298156,
      "cv": 1.180449004836297,
      "lambda": 0.675,
      "twait": 1.4877919740965344
    },
    "F5": {
      "rho": 0.596745665054214,
      "capacity": 1.0,
      "tserv": 1.3261014778982534,
      "stddev": 1.690951273907969,
      "mu": 0.7540901029572084,
      "cv": 1.275129620236883,
      "lambda": 0.45,
      "twait": 2.5765843328951266
    },
    "F6": {
      "rho": 0.6243596031483478,
      "capacity": 1.0,
      "tserv": 1.3874657847741063,
      "stddev": 1.4198599423380747,
      "mu": 0.7207384938597317,
      "cv": 1.0233477163325093,
      "lambda": 0.45,
      "twait": 2.3606068686472765
    },
    "F7": {
      "rho": 0.5320102782466873,
      "capacity": 1.0,
      "tserv": 2.3644901255408324,
      "stddev": 2.364490125540833,
      "mu": 0.4229241599269817,
      "cv": 1.0000000000000002,
      "lambda": 0.225,
      "twait": 2.6879501645628157
    },
    "F8": {
      "rho": 0.6365055016938005,
      "capacity": 1.0,
      "tserv": 2.828913340861335,
      "stddev": 2.828913340861334,
      "mu": 0.35349262402485765,
      "cv": 0.9999999999999996,
      "lambda": 0.225,
      "twait": 4.953634549253694
    },
    "F9": {
      "rho": 0.9429328873886976,
      "capacity": 1.0,
      "tserv": 4.190812832838656,
      "stddev": 4.190812832838656,
      "mu": 0.2386171942979968,
      "cv": 1.0,
      "lambda": 0.225,
      "twait": 69.245754063112
    },
    "F10": {
      "rho": 0.5889998233062428,
      "capacity": 1.0,
      "tserv": 2.6177769924721903,
      "stddev": 2.6177769924721894,
      "mu": 0.38200351018274276,
      "cv": 0.9999999999999997,
      "lambda": 0.225,
      "twait": 3.751507355604227
    },
    "F11": {
      "rho": 0.6110337191631652,
      "capacity": 1.0,
      "tserv": 0.9052351395009854,
      "stddev": 1.0775540267558827,
      "mu": 1.1046853534113292,
      "cv": 1.1903581508666232,
      "lambda": 0.675,
      "twait": 1.7185127211030709
    },
    "F12": {
      "rho": 0.6334871225791928,
      "capacity": 1.0,
      "tserv": 2.8154983225741903,
      "stddev": 2.8154983225741903,
      "mu": 0.3551769120166646,
      "cv": 1.0,
      "lambda": 0.225,
      "twait": 4.866355429433576
    },
    "F13": {
      "rho": 0.6154639235384399,
      "capacity": 1.0,
      "tserv": 0.4558992026210666,
      "stddev": 0.5140145067252856,
      "mu": 2.1934673152547233,
      "cv": 1.127474020068693,
      "lambda": 1.35,
      "twait": 0.8286273820713476
    },
    "F14": {
      "rho": 0.5699106320327405,
      "capacity": 1.0,
      "tserv": 2.5329361423677357,
      "stddev": 2.5329361423677357,
      "mu": 0.3947987409841375,
      "cv": 1.0,
      "lambda": 0.225,
      "twait": 3.356389032860858
    },
    "F15": {
      "rho": 0.5737289907780209,
      "capacity": 1.0,
      "tserv": 1.2749533128400463,
      "stddev": 1.2773924443081823,
      "mu": 0.7843424460558726,
      "cv": 1.0019131143419697,
      "lambda": 0.45,
      "twait": 1.719278113340522
    }
  },
  "extra": {
    "deltatime": 5.0907982,
    "conv": 50,
    "obj_func": 46.346443090981005
  },
  "network": [
    [
      0.0,
      1.3120690486533437,
      0.7826993310179198,
      0.9491636729643117,
      0.8602388425334259,
      0.9747179699497739,
      0.8262620498639032,
      0.8812725252283815,
      1.168123876503225,
      1.061693769432826,
      0.9716248429070702,
      0.7900672133602028,
      0.7098441838017657,
      1.069764418746629,
      1.069764418746629
    ],
    [
      1.3120690486533437,
      0.0,
      1.1745532177154954,
      1.0287353851786507,
      1.2472883871588056,
      0.6640204884403863,
      1.300663073266217,
      1.1405737050485585,
      1.42702108518487,
      0.7775595294169678,
      1.1428884581140941,
      0.9996511636426678,
      1.069764418746629,
      1.299276708131155,
      1.299276708131155
    ],
    [
      0.7826993310179198,
      1.1745532177154954,
      0.0,
      1.139333962981126,
      0.8224425630458121,
      0.9001837902009365,
      1.1956891244068946,
      0.9333166246064822,
      1.3052155676179937,
      0.9124523377937565,
      0.6284438831859988,
      0.7098441838017657,
      1.299276708131155,
      0.7137527389749612,
      0.7137527389749612
    ],
    [
      0.9491636729643117,
      1.0287353851786507,
      1.139333962981126,
      0.0,
      1.1666457011037223,
      1.3365724385662148,
      0.9724005114278893,
      1.4650519407825975,
      0.9829243169295349,
      0.662648636614418,
      0.7900672133602028,
      1.069764418746629,
      0.7137527389749612,
      1.1144896701317955,
      1.1144896701317955
    ],
    [
      0.8602388425334259,
      1.2472883871588056,
      0.8224425630458121,
      1.1666457011037223,
      0.0,
      0.8924225649024401,
      0.731949034671543,
      1.055166177369799,
      1.167840268238259,
      0.9716248429070702,
      0.9996511636426678,
      1.299276708131155,
      1.1144896701317955,
      0.9236777111826195,
      0.9236777111826195
    ],
    [
      0.9747179699497739,
      0.6640204884403863,
      0.9001837902009365,
      1.3365724385662148,
      0.8924225649024401,
      0.0,
      0.9042735793757007,
      0.3802050862520866,
      1.061693769432826,
      1.1428884581140941,
      0.7098441838017657,
      0.7137527389749612,
      0.9236777111826195,
      0.9891992420513005,
      0.9891992420513005
    ],
    [
      0.8262620498639032,
      1.300663073266217,
      1.1956891244068946,
      0.9724005114278893,
      0.731949034671543,
      0.9042735793757007,
      0.0,
      1.168123876503225,
      0.7775595294169678,
      0.6284438831859988,
      1.069764418746629,
      1.1144896701317955,
      0.9891992420513005,
      1.047549471709077,
      1.047549471709077
    ],
    [
      0.8812725252283815,
      1.1405737050485585,
      0.9333166246064822,
      1.4650519407825975,
      1.055166177369799,
      0.3802050862520866,
      1.168123876503225,
      0.0,
      0.9124523377937565,
      0.7900672133602028,
      1.299276708131155,
      0.9236777111826195,
      1.047549471709077,
      1.4092199654508402,
      1.4092199654508402
    ],
    [
      1.168123876503225,
      1.42702108518487,
      1.3052155676179937,
      0.9829243169295349,
      1.167840268238259,
      1.061693769432826,
      0.7775595294169678,
      0.9124523377937565,
      0.0,
      0.9996511636426678,
      0.7137527389749612,
      0.9891992420513005,
      1.4092199654508402,
      0.8863441229399794,
      0.8863441229399794
    ],
    [
      1.061693769432826,
      0.7775595294169678,
      0.9124523377937565,
      0.662648636614418,
      0.9716248429070702,
      1.1428884581140941,
      0.6284438831859988,
      0.7900672133602028,
      0.9996511636426678,
      0.0,
      1.1144896701317955,
      1.047549471709077,
      0.8863441229399794,
      1.0407271078379583,
      1.0407271078379583
    ],
    [
      0.9716248429070702,
      1.1428884581140941,
      0.6284438831859988,
      0.7900672133602028,
      0.9996511636426678,
      0.7098441838017657,
      1.069764418746629,
      1.299276708131155,
      0.7137527389749612,
      1.1144896701317955,
      0.0,
      1.4092199654508402,
      1.0407271078379583,
      1.1044142545170401,
      1.1044142545170401
    ],
    [
      0.7900672133602028,
      0.9996511636426678,
      0.7098441838017657,
      1.069764418746629,
      1.299276708131155,
      0.7137527389749612,
      1.1144896701317955,
      0.9236777111826195,
      0.9891992420513005,
      1.047549471709077,
      1.4092199654508402,
      0.0,
      1.1044142545170401,
      0.7572298385178097,
      0.7572298385178097
    ],
    [
      0.7098441838017657,
      1.069764418746629,
      1.299276708131155,
      0.7137527389749612,
      1.1144896701317955,
      0.9236777111826195,
      0.9891992420513005,
      1.047549471709077,
      1.4092199654508402,
      0.8863441229399794,
      1.0407271078379583,
      1.1044142545170401,
      0.0,
      0.9757748186038183,
      0.9757748186038183
    ],
    [
      1.069764418746629,
      1.299276708131155,
      0.7137527389749612,
      1.1144896701317955,
      0.9236777111826195,
      0.9891992420513005,
      1.047549471709077,
      1.4092199654508402,
      0.8863441229399794,
      1.0407271078379583,
      1.1044142545170401,
      0.7572298385178097,
      0.9757748186038183,
      0.0,
      1.0007738609868702
    ],
    [
      1.069764418746629,
      1.299276708131155,
      0.7137527389749612,
      1.1144896701317955,
      0.9236777111826195,
      0.9891992420513005,
      1.047549471709077,
      1.4092199654508402,
      0.8863441229399794,
      1.0407271078379583,
      1.1044142545170401,
      0.7572298385178097,
      0.9757748186038183,
      1.0007738609868702,
      0.0
    ]
  ]
}