{
  "servicechain": {
    "SC1": {
      "resptime": 41.31279279707956,
      "resptime_old": 31.31279279707957,
      "waittime": 27.15220880682905,
      "servicetime": 10.0,
      "networktime": 4.16058399025051,
      "services": {
        "MS1_1": {
          "meanserv": 1.3791994810712938,
          "stddevserv": 1.3791994810712938,
          "rate": 0.7250582774460222,
          "cv": 1.0,
          "lambda": 0.15
        },
        "MS1_2": {
          "meanserv": 0.9092871510954326,
          "stddevserv": 0.9092871510954326,
          "rate": 1.0997625984215045,
          "cv": 1.0,
          "lambda": 0.15
        },
        "MS1_3": {
          "meanserv": 4.099266092595137,
          "stddevserv": 4.099266092595137,
          "rate": 0.24394610581791396,
          "cv": 1.0,
          "lambda": 0.15
        },
        "MS1_4": {
          "meanserv": 0.26978034094707937,
          "stddevserv": 0.26978034094707937,
          "rate": 3.7067193127914457,
          "cv": 1.0,
          "lambda": 0.15
        },
        "MS1_5": {
          "meanserv": 0.0009003134621110576,
          "stddevserv": 0.0009003134621110576,
          "rate": 1110.7242555889336,
          "cv": 1.0,
          "lambda": 0.15
        },
        "MS1_6": {
          "meanserv": 0.15605093845143436,
          "stddevserv": 0.15605093845143436,
          "rate": 6.408163961866955,
          "cv": 1.0,
          "lambda": 0.15
        },
        "MS1_7": {
          "meanserv": 0.4578235150011416,
          "stddevserv": 0.4578235150011416,
          "rate": 2.1842477881406035,
          "cv": 1.0,
          "lambda": 0.15
        },
        "MS1_8": {
          "meanserv": 0.45643765066516373,
          "stddevserv": 0.45643765066516373,
          "rate": 2.1908797368987996,
          "cv": 1.0,
          "lambda": 0.15
        },
        "MS1_9": {
          "meanserv": 0.22490872536578177,
          "stddevserv": 0.22490872536578177,
          "rate": 4.4462481318750235,
          "cv": 1.0,
          "lambda": 0.15
        },
        "MS1_10": {
          "meanserv": 0.05328644589419529,
          "stddevserv": 0.05328644589419529,
          "rate": 18.766498369690183,
          "cv": 1.0,
          "lambda": 0.15
        },
        "MS1_11": {
          "meanserv": 0.2338183573618693,
          "stddevserv": 0.2338183573618693,
          "rate": 4.2768241607837005,
          "cv": 1.0,
          "lambda": 0.15
        },
        "MS1_12": {
          "meanserv": 0.6117801162338985,
          "stddevserv": 0.6117801162338985,
          "rate": 1.6345742096947713,
          "cv": 1.0,
          "lambda": 0.15
        },
        "MS1_13": {
          "meanserv": 0.644499029590893,
          "stddevserv": 0.644499029590893,
          "rate": 1.5515927163377847,
          "cv": 1.0,
          "lambda": 0.15
        },
        "MS1_14": {
          "meanserv": 0.05922607829518256,
          "stddevserv": 0.05922607829518256,
          "rate": 16.88445409159127,
          "cv": 1.0,
          "lambda": 0.15
        },
        "MS1_15": {
          "meanserv": 0.44373576396938574,
          "stddevserv": 0.44373576396938574,
          "rate": 2.253593424732364,
          "cv": 1.0,
          "lambda": 0.15
        }
      },
      "sensors": [
        "S1"
      ],
      "sources": [
        {
          "startTime": 0,
          "stopTime": -1,
          "lambda": 0.15
        }
      ]
    },
    "SC2": {
      "resptime": 35.125663973708555,
      "resptime_old": 25.12566397370856,
      "waittime": 21.82937162830458,
      "servicetime": 10.0,
      "networktime": 3.2962923454039723,
      "services": {
        "MS2_1": {
          "meanserv": 2.253517031162869,
          "stddevserv": 2.253517031162869,
          "rate": 0.4437508064822461,
          "cv": 1.0,
          "lambda": 0.15
        },
        "MS2_2": {
          "meanserv": 0.20500300302392738,
          "stddevserv": 0.20500300302392738,
          "rate": 4.877977323499416,
          "cv": 1.0,
          "lambda": 0.15
        },
        "MS2_3": {
          "meanserv": 0.6834043684425759,
          "stddevserv": 0.6834043684425759,
          "rate": 1.4632625224198088,
          "cv": 1.0,
          "lambda": 0.15
        },
        "MS2_4": {
          "meanserv": 0.46091035972144256,
          "stddevserv": 0.46091035972144256,
          "rate": 2.1696192739177387,
          "cv": 1.0,
          "lambda": 0.15
        },
        "MS2_5": {
          "meanserv": 0.9110259430349874,
          "stddevserv": 0.9110259430349874,
          "rate": 1.0976635820804452,
          "cv": 1.0,
          "lambda": 0.15
        },
        "MS2_6": {
          "meanserv": 0.5353635742473148,
          "stddevserv": 0.5353635742473148,
          "rate": 1.867889501832344,
          "cv": 1.0,
          "lambda": 0.15
        },
        "MS2_7": {
          "meanserv": 0.6271335813651939,
          "stddevserv": 0.6271335813651939,
          "rate": 1.5945566139563456,
          "cv": 1.0,
          "lambda": 0.15
        },
        "MS2_8": {
          "meanserv": 0.9720878427382571,
          "stddevserv": 0.9720878427382571,
          "rate": 1.0287136162336088,
          "cv": 1.0,
          "lambda": 0.15
        },
        "MS2_9": {
          "meanserv": 0.7456865427646253,
          "stddevserv": 0.7456865427646253,
          "rate": 1.3410460597726628,
          "cv": 1.0,
          "lambda": 0.15
        },
        "MS2_10": {
          "meanserv": 0.3110045848661809,
          "stddevserv": 0.3110045848661809,
          "rate": 3.2153866812937184,
          "cv": 1.0,
          "lambda": 0.15
        },
        "MS2_11": {
          "meanserv": 0.7775447550367236,
          "stddevserv": 0.7775447550367236,
          "rate": 1.286099602012967,
          "cv": 1.0,
          "lambda": 0.15
        },
        "MS2_12": {
          "meanserv": 0.42805978475025164,
          "stddevserv": 0.42805978475025164,
          "rate": 2.3361222792359313,
          "cv": 1.0,
          "lambda": 0.15
        },
        "MS2_13": {
          "meanserv": 0.7365858334408752,
          "stddevserv": 0.7365858334408752,
          "rate": 1.3576150322205032,
          "cv": 1.0,
          "lambda": 0.15
        },
        "MS2_14": {
          "meanserv": 0.2558515031084063,
          "stddevserv": 0.2558515031084063,
          "rate": 3.9085171978696254,
          "cv": 1.0,
          "lambda": 0.15
        },
        "MS2_15": {
          "meanserv": 0.09682129229636871,
          "stddevserv": 0.09682129229636871,
          "rate": 10.32830668009484,
          "cv": 1.0,
          "lambda": 0.15
        }
      },
      "sensors": [
        "S2"
      ],
      "sources": [
        {
          "startTime": 0,
          "stopTime": -1,
          "lambda": 0.15
        }
      ]
    },
    "SC3": {
      "resptime": 33.65129979487913,
      "resptime_old": 23.65129979487913,
      "waittime": 21.086596755526823,
      "servicetime": 10.0,
      "networktime": 2.564703039352309,
      "services": {
        "MS3_1": {
          "meanserv": 0.9873360000214837,
          "stddevserv": 0.9873360000214837,
          "rate": 1.012826433937627,
          "cv": 1.0,
          "lambda": 0.15
        },
        "MS3_2": {
          "meanserv": 0.37558481584364367,
          "stddevserv": 0.37558481584364367,
          "rate": 2.6625144516393364,
          "cv": 1.0,
          "lambda": 0.15
        },
        "MS3_3": {
          "meanserv": 0.18880442129224018,
          "stddevserv": 0.18880442129224018,
          "rate": 5.296486137113039,
          "cv": 1.0,
          "lambda": 0.15
        },
        "MS3_4": {
          "meanserv": 0.8907492879092016,
          "stddevserv": 0.8907492879092016,
          "rate": 1.1226503501869034,
          "cv": 1.0,
          "lambda": 0.15
        },
        "MS3_5": {
          "meanserv": 0.7745621715954019,
          "stddevserv": 0.7745621715954019,
          "rate": 1.291051947373383,
          "cv": 1.0,
          "lambda": 0.15
        },
        "MS3_6": {
          "meanserv": 0.2885022033700704,
          "stddevserv": 0.2885022033700704,
          "rate": 3.4661780337159858,
          "cv": 1.0,
          "lambda": 0.15
        },
        "MS3_7": {
          "meanserv": 1.0538983888725983,
          "stddevserv": 1.0538983888725983,
          "rate": 0.9488580783103238,
          "cv": 1.0,
          "lambda": 0.15
        },
        "MS3_8": {
          "meanserv": 1.5997787889816593,
          "stddevserv": 1.5997787889816593,
          "rate": 0.6250864225025454,
          "cv": 1.0,
          "lambda": 0.15
        },
        "MS3_9": {
          "meanserv": 0.6415943849372878,
          "stddevserv": 0.6415943849372878,
          "rate": 1.558617131753334,
          "cv": 1.0,
          "lambda": 0.15
        },
        "MS3_10": {
          "meanserv": 0.2149904478790825,
          "stddevserv": 0.2149904478790825,
          "rate": 4.651369443922606,
          "cv": 1.0,
          "lambda": 0.15
        },
        "MS3_11": {
          "meanserv": 0.08338116464057777,
          "stddevserv": 0.08338116464057777,
          "rate": 11.993116242866032,
          "cv": 1.0,
          "lambda": 0.15
        },
        "MS3_12": {
          "meanserv": 0.6521459959253662,
          "stddevserv": 0.6521459959253662,
          "rate": 1.5333989723896786,
          "cv": 1.0,
          "lambda": 0.15
        },
        "MS3_13": {
          "meanserv": 0.1320473298737932,
          "stddevserv": 0.1320473298737932,
          "rate": 7.573042188401458,
          "cv": 1.0,
          "lambda": 0.15
        },
        "MS3_14": {
          "meanserv": 1.9341085753411127,
          "stddevserv": 1.9341085753411127,
          "rate": 0.517034055248751,
          "cv": 1.0,
          "lambda": 0.15
        },
        "MS3_15": {
          "meanserv": 0.18251602351648089,
          "stddevserv": 0.18251602351648089,
          "rate": 5.4789710006458785,
          "cv": 1.0,
          "lambda": 0.15
        }
      },
      "sensors": [
        "S3"
      ],
      "sources": [
        {
          "startTime": 0,
          "stopTime": -1,
          "lambda": 0.15
        }
      ]
    },
    "SC4": {
      "resptime": 34.52043640935506,
      "resptime_old": 24.520436409355064,
      "waittime": 21.161459026983135,
      "servicetime": 10.0,
      "networktime": 3.3589773823719256,
      "services": {
        "MS4_1": {
          "meanserv": 0.8651829886852458,
          "stddevserv": 0.8651829886852458,
          "rate": 1.1558248521733252,
          "cv": 1.0,
          "lambda": 0.15
        },
        "MS4_2": {
          "meanserv": 0.4987701934352584,
          "stddevserv": 0.4987701934352584,
          "rate": 2.004931355485665,
          "cv": 1.0,
          "lambda": 0.15
        },
        "MS4_3": {
          "meanserv": 0.3022036493241165,
          "stddevserv": 0.3022036493241165,
          "rate": 3.3090268838133383,
          "cv": 1.0,
          "lambda": 0.15
        },
        "MS4_4": {
          "meanserv": 1.2217101935710515,
          "stddevserv": 1.2217101935710515,
          "rate": 0.8185247248179259,
          "cv": 1.0,
          "lambda": 0.15
        },
        "MS4_5": {
          "meanserv": 0.3629477047781142,
          "stddevserv": 0.3629477047781142,
          "rate": 2.755217864268748,
          "cv": 1.0,
          "lambda": 0.15
        },
        "MS4_6": {
          "meanserv": 1.4030270100400948,
          "stddevserv": 1.4030270100400948,
          "rate": 0.7127446534129251,
          "cv": 1.0,
          "lambda": 0.15
        },
        "MS4_7": {
          "meanserv": 0.1639175854352981,
          "stddevserv": 0.1639175854352981,
          "rate": 6.100626710333786,
          "cv": 1.0,
          "lambda": 0.15
        },
        "MS4_8": {
          "meanserv": 1.1123080996971764,
          "stddevserv": 1.1123080996971764,
          "rate": 0.8990314826191125,
          "cv": 1.0,
          "lambda": 0.15
        },
        "MS4_9": {
          "meanserv": 0.6004785603455485,
          "stddevserv": 0.6004785603455485,
          "rate": 1.66533839180627,
          "cv": 1.0,
          "lambda": 0.15
        },
        "MS4_10": {
          "meanserv": 1.3960033590350358,
          "stddevserv": 1.3960033590350358,
          "rate": 0.7163306545990215,
          "cv": 1.0,
          "lambda": 0.15
        },
        "MS4_11": {
          "meanserv": 0.930957440674339,
          "stddevserv": 0.930957440674339,
          "rate": 1.0741629598831606,
          "cv": 1.0,
          "lambda": 0.15
        },
        "MS4_12": {
          "meanserv": 0.27837357406537677,
          "stddevserv": 0.27837357406537677,
          "rate": 3.592295006296637,
          "cv": 1.0,
          "lambda": 0.15
        },
        "MS4_13": {
          "meanserv": 0.08410323796967312,
          "stddevserv": 0.08410323796967312,
          "rate": 11.890148633285571,
          "cv": 1.0,
          "lambda": 0.15
        },
        "MS4_14": {
          "meanserv": 0.2453476769976728,
          "stddevserv": 0.2453476769976728,
          "rate": 4.075848657859864,
          "cv": 1.0,
          "lambda": 0.15
        },
        "MS4_15": {
          "meanserv": 0.5346687259459983,
          "stddevserv": 0.5346687259459983,
          "rate": 1.8703169859630058,
          "cv": 1.0,
          "lambda": 0.15
        }
      },
      "sensors": [
        "S4"
      ],
      "sources": [
        {
          "startTime": 0,
          "stopTime": -1,
          "lambda": 0.15
        }
      ]
    }
  },
  "microservice": {
    "MS1_1": "F7",
    "MS1_2": "F7",
    "MS1_3": "F1",
    "MS1_4": "F3",
    "MS1_5": "F7",
    "MS1_6": "F7",
    "MS1_7": "F2",
    "MS1_8": "F2",
    "MS1_9": "F2",
    "MS1_10": "F8",
    "MS1_11": "F6",
    "MS1_12": "F8",
    "MS1_13": "F6",
    "MS1_14": "F7",
    "MS1_15": "F7",
    "MS2_1": "F2",
    "MS2_2": "F3",
    "MS2_3": "F3",
    "MS2_4": "F3",
    "MS2_5": "F8",
    "MS2_6": "F5",
    "MS2_7": "F9",
    "MS2_8": "F9",
    "MS2_9": "F5",
    "MS2_10": "F5",
    "MS2_11": "F10",
    "MS2_12": "F10",
    "MS2_13": "F8",
    "MS2_14": "F8",
    "MS2_15": "F8",
    "MS3_1": "F10",
    "MS3_2": "F10",
    "MS3_3": "F5",
    "MS3_4": "F5",
    "MS3_5": "F9",
    "MS3_6": "F9",
    "MS3_7": "F10",
    "MS3_8": "F4",
    "MS3_9": "F4",
    "MS3_10": "F4",
    "MS3_11": "F7",
    "MS3_12": "F7",
    "MS3_13": "F7",
    "MS3_14": "F3",
    "MS3_15": "F3",
    "MS4_1": "F4",
    "MS4_2": "F4",
    "MS4_3": "F7",
    "MS4_4": "F8",
    "MS4_5": "F8",
    "MS4_6": "F5",
    "MS4_7": "F9",
    "MS4_8": "F9",
    "MS4_9": "F6",
    "MS4_10": "F6",
    "MS4_11": "F6",
    "MS4_12": "F6",
    "MS4_13": "F9",
    "MS4_14": "F9",
    "MS4_15": "F10"
  },
  "sensor": {
    "S1": "F7",
    "S2": "F2",
    "S3": "F10",
    "S4": "F4"
  },
  "fog": {
    "F1": {
      "rho": 0.6148899138892705,
      "capacity": 1.0,
      "tserv": 4.099266092595137,
      "stddev": 4.099266092595137,
      "mu": 0.24394610581791396,
      "cv": 1.0,
      "lambda": 0.15,
      "twait": 6.545134665624651
    },
    "F2": {
      "rho": 0.5089030383292434,
      "capacity": 1.0,
      "tserv": 0.8481717305487391,
      "stddev": 1.433190509896612,
      "mu": 1.1790065195323511,
      "cv": 1.6897409549000002,
      "lambda": 0.6,
      "twait": 1.6942257060953654
    },
    "F3": {
      "rho": 0.5603584006488928,
      "capacity": 1.0,
      "tserv": 0.6226204451654364,
      "stddev": 1.0654274538027098,
      "mu": 1.606114941719092,
      "cv": 1.7111989528702598,
      "lambda": 0.9,
      "twait": 1.558670394557633
    },
    "F4": {
      "rho": 0.5730475205877801,
      "capacity": 1.0,
      "tserv": 0.7640633607837067,
      "stddev": 1.0109377196796006,
      "mu": 1.308791981563271,
      "cv": 1.323107181376519,
      "lambda": 0.75,
      "twait": 1.4103922302199927
    },
    "F5": {
      "rho": 0.6111953131679487,
      "capacity": 1.0,
      "tserv": 0.6791059035199429,
      "stddev": 0.885700878443034,
      "mu": 1.4725243806846593,
      "cv": 1.3042161375011874,
      "lambda": 0.9,
      "twait": 1.4417081696955296
    },
    "F6": {
      "rho": 0.6126195481609593,
      "capacity": 1.0,
      "tserv": 0.6806883868455104,
      "stddev": 0.8819700422691216,
      "mu": 1.4691010149802377,
      "cv": 1.2957030842797297,
      "lambda": 0.9,
      "twait": 1.4418474739737808
    },
    "F7": {
      "rho": 0.6177266799163041,
      "capacity": 1.0,
      "tserv": 0.4118177866108695,
      "stddev": 0.727570905002494,
      "mu": 2.428258400953695,
      "cv": 1.766730162361789,
      "lambda": 1.4999999999999998,
      "twait": 1.3713093638516152
    },
    "F8": {
      "rho": 0.6375013548536848,
      "capacity": 1.0,
      "tserv": 0.5312511290447373,
      "stddev": 0.7615562116748883,
      "mu": 1.8823489406942773,
      "cv": 1.4335145283253727,
      "lambda": 1.2,
      "twait": 1.4270877486517075
    },
    "F9": {
      "rho": 0.6401943598753116,
      "capacity": 1.0,
      "tserv": 0.533495299896093,
      "stddev": 0.7440311758519522,
      "mu": 1.8744307591740104,
      "cv": 1.3946349218013065,
      "lambda": 1.2,
      "twait": 1.3977540074586736
    },
    "F10": {
      "rho": 0.6235638705706048,
      "capacity": 1.0,
      "tserv": 0.6928487450784498,
      "stddev": 0.787435006024604,
      "mu": 1.4433164627970454,
      "cv": 1.1365179075780016,
      "lambda": 0.9,
      "twait": 1.315075609962775
    }
  },
  "extra": {
    "deltatime": 0.0907988,
    "obj_func": 36.152548243755575
  },
  "network": [
    [
      0.0,
      0.6837913126769269,
      0.6112065961734127,
      0.8707536525697559,
      0.724060665520316,
      0.5843928350889317,
      0.6344684390149379,
      0.5988701758771969,
      0.5334724421374497,
      0.5334724421374497
    ],
    [
      0.6837913126769269,
      0.0,
      0.7420101372996447,
      0.6625856605085475,
      0.7048907846256485,
      0.8238011809826563,
      0.5486523328364777,
      0.5334724421374497,
      0.8055178594596022,
      0.8055178594596022
    ],
    [
      0.6112065961734127,
      0.7420101372996447,
      0.0,
      0.5614097757577381,
      0.47301853723074005,
      0.752079850906049,
      0.5988701758771969,
      0.8055178594596022,
      0.6217722785051468,
      0.6217722785051468
    ],
    [
      0.8707536525697559,
      0.6625856605085475,
      0.5614097757577381,
      0.0,
      0.9575588806526335,
      0.6344684390149379,
      0.5334724421374497,
      0.6217722785051468,
      0.5050655467081244,
      0.5050655467081244
    ],
    [
      0.724060665520316,
      0.7048907846256485,
      0.47301853723074005,
      0.9575588806526335,
      0.0,
      0.5486523328364777,
      0.8055178594596022,
      0.5050655467081244,
      0.20404724190196283,
      0.20404724190196283
    ],
    [
      0.5843928350889317,
      0.8238011809826563,
      0.752079850906049,
      0.6344684390149379,
      0.5486523328364777,
      0.0,
      0.6217722785051468,
      0.20404724190196283,
      0.532397253599592,
      0.532397253599592
    ],
    [
      0.6344684390149379,
      0.5486523328364777,
      0.5988701758771969,
      0.5334724421374497,
      0.8055178594596022,
      0.6217722785051468,
      0.0,
      0.532397253599592,
      0.5008056969539886,
      0.5008056969539886
    ],
    [
      0.5988701758771969,
      0.5334724421374497,
      0.8055178594596022,
      0.6217722785051468,
      0.5050655467081244,
      0.20404724190196283,
      0.532397253599592,
      0.0,
      0.6315570762307117,
      0.6315570762307117
    ],
    [
      0.5334724421374497,
      0.8055178594596022,
      0.6217722785051468,
      0.5050655467081244,
      0.20404724190196283,
      0.532397253599592,
      0.5008056969539886,
      0.6315570762307117,
      0.0,
      0.5192003908256126
    ],
    [
      0.5334724421374497,
      0.8055178594596022,
      0.6217722785051468,
      0.5050655467081244,
      0.20404724190196283,
      0.532397253599592,
      0.5008056969539886,
      0.6315570762307117,
      0.5192003908256126,
      0.0
    ]
  ]
}