{
  "servicechain": {
    "SC1": {
      "resptime": 23.814537165268924,
      "resptime_old": 13.814537165268925,
      "waittime": 10.710736460358174,
      "servicetime": 10.0,
      "networktime": 3.1038007049107508,
      "services": {
        "MS1_1": {
          "meanserv": 1.2692596876589513,
          "stddevserv": 1.2692596876589513,
          "rate": 0.7878608370871848,
          "cv": 1.0,
          "lambda": 0.1
        },
        "MS1_2": {
          "meanserv": 0.7985326919022542,
          "stddevserv": 0.7985326919022542,
          "rate": 1.2522968816941145,
          "cv": 1.0,
          "lambda": 0.1
        },
        "MS1_3": {
          "meanserv": 2.0507318631724623,
          "stddevserv": 2.0507318631724623,
          "rate": 0.4876307907231761,
          "cv": 1.0,
          "lambda": 0.1
        },
        "MS1_4": {
          "meanserv": 5.44436936717046,
          "stddevserv": 5.44436936717046,
          "rate": 0.1836760022253447,
          "cv": 1.0,
          "lambda": 0.1
        },
        "MS1_5": {
          "meanserv": 0.43710639009587204,
          "stddevserv": 0.43710639009587204,
          "rate": 2.287772548419314,
          "cv": 1.0,
          "lambda": 0.1
        }
      },
      "sensors": [
        "S1"
      ],
      "sources": [
        {
          "startTime": 0,
          "stopTime": -1,
          "lambda": 0.1
        }
      ]
    },
    "SC2": {
      "resptime": 24.782572449124316,
      "resptime_old": 14.782572449124313,
      "waittime": 11.155383087157714,
      "servicetime": 10.0,
      "networktime": 3.6271893619665994,
      "services": {
        "MS2_1": {
          "meanserv": 1.7276393882290686,
          "stddevserv": 1.7276393882290686,
          "rate": 0.5788244970642041,
          "cv": 1.0,
          "lambda": 0.1
        },
        "MS2_2": {
          "meanserv": 2.1182630313459017,
          "stddevserv": 2.1182630313459017,
          "rate": 0.47208490409456855,
          "cv": 1.0,
          "lambda": 0.1
        },
        "MS2_3": {
          "meanserv": 0.5049066823695103,
          "stddevserv": 0.5049066823695103,
          "rate": 1.9805640030491043,
          "cv": 1.0,
          "lambda": 0.1
        },
        "MS2_4": {
          "meanserv": 5.3278222130922055,
          "stddevserv": 5.3278222130922055,
          "rate": 0.18769395073707082,
          "cv": 1.0,
          "lambda": 0.1
        },
        "MS2_5": {
          "meanserv": 0.32136868496331417,
          "stddevserv": 0.32136868496331417,
          "rate": 3.111690860962869,
          "cv": 1.0,
          "lambda": 0.1
        }
      },
      "sensors": [
        "S2"
      ],
      "sources": [
        {
          "startTime": 0,
          "stopTime": -1,
          "lambda": 0.1
        }
      ]
    },
    "SC3": {
      "resptime": 20.591086285240294,
      "resptime_old": 10.591086285240296,
      "waittime": 5.394477820354581,
      "servicetime": 10.0,
      "networktime": 5.196608464885714,
      "services": {
        "MS3_1": {
          "meanserv": 2.3551976436594146,
          "stddevserv": 2.3551976436594146,
          "rate": 0.4245928161027874,
          "cv": 1.0,
          "lambda": 0.1
        },
        "MS3_2": {
          "meanserv": 3.015242129082367,
          "stddevserv": 3.015242129082367,
          "rate": 0.331648324476128,
          "cv": 1.0,
          "lambda": 0.1
        },
        "MS3_3": {
          "meanserv": 1.1731319649103265,
          "stddevserv": 1.1731319649103265,
          "rate": 0.8524190201197351,
          "cv": 1.0,
          "lambda": 0.1
        },
        "MS3_4": {
          "meanserv": 1.7373237905805254,
          "stddevserv": 1.7373237905805254,
          "rate": 0.5755979428946004,
          "cv": 1.0,
          "lambda": 0.1
        },
        "MS3_5": {
          "meanserv": 1.7191044717673662,
          "stddevserv": 1.7191044717673662,
          "rate": 0.5816982134726961,
          "cv": 1.0,
          "lambda": 0.1
        }
      },
      "sensors": [
        "S3"
      ],
      "sources": [
        {
          "startTime": 0,
          "stopTime": -1,
          "lambda": 0.1
        }
      ]
    },
    "SC4": {
      "resptime": 21.047795939685013,
      "resptime_old": 11.047795939685013,
      "waittime": 6.190656249985789,
      "servicetime": 10.0,
      "networktime": 4.857139689699223,
      "services": {
        "MS4_1": {
          "meanserv": 0.3810406787977516,
          "stddevserv": 0.3810406787977516,
          "rate": 2.624391713648975,
          "cv": 1.0,
          "lambda": 0.1
        },
        "MS4_2": {
          "meanserv": 4.408299603320268,
          "stddevserv": 4.408299603320268,
          "rate": 0.22684483587431634,
          "cv": 1.0,
          "lambda": 0.1
        },
        "MS4_3": {
          "meanserv": 1.7638511066489633,
          "stddevserv": 1.7638511066489633,
          "rate": 0.5669412776568432,
          "cv": 1.0,
          "lambda": 0.1
        },
        "MS4_4": {
          "meanserv": 0.9466060740770024,
          "stddevserv": 0.9466060740770024,
          "rate": 1.0564056447398775,
          "cv": 1.0,
          "lambda": 0.1
        },
        "MS4_5": {
          "meanserv": 2.5002025371560146,
          "stddevserv": 2.5002025371560146,
          "rate": 0.39996759668018816,
          "cv": 1.0,
          "lambda": 0.1
        }
      },
      "sensors": [
        "S4"
      ],
      "sources": [
        {
          "startTime": 0,
          "stopTime": -1,
          "lambda": 0.1
        }
      ]
    }
  },
  "microservice": {
    "MS1_1": "F3",
    "MS1_2": "F3",
    "MS1_3": "F3",
    "MS1_4": "F7",
    "MS1_5": "F9",
    "MS2_1": "F5",
    "MS2_2": "F5",
    "MS2_3": "F5",
    "MS2_4": "F6",
    "MS2_5": "F4",
    "MS3_1": "F2",
    "MS3_2": "F10",
    "MS3_3": "F2",
    "MS3_4": "F4",
    "MS3_5": "F4",
    "MS4_1": "F8",
    "MS4_2": "F1",
    "MS4_3": "F8",
    "MS4_4": "F8",
    "MS4_5": "F9"
  },
  "sensor": {
    "S1": "F3",
    "S2": "F5",
    "S3": "F2",
    "S4": "F8"
  },
  "fog": {
    "F1": {
      "rho": 0.4408299603320268,
      "capacity": 1.0,
      "tserv": 4.408299603320268,
      "stddev": 4.408299603320268,
      "mu": 0.22684483587431634,
      "cv": 1.0,
      "lambda": 0.1,
      "twait": 3.4753481077370885
    },
    "F2": {
      "rho": 0.3528329608569741,
      "capacity": 1.0,
      "tserv": 1.7641648042848705,
      "stddev": 1.952157035465064,
      "mu": 0.5668404661351151,
      "cv": 1.106561603951961,
      "lambda": 0.2,
      "twait": 1.0697693375980435
    },
    "F3": {
      "rho": 0.41185242427336677,
      "capacity": 1.0,
      "tserv": 1.3728414142445557,
      "stddev": 1.5550210001553182,
      "mu": 0.7284162537814157,
      "cv": 1.132702571484567,
      "lambda": 0.30000000000000004,
      "twait": 1.0973735259232644
    },
    "F4": {
      "rho": 0.37777969473112055,
      "capacity": 1.0,
      "tserv": 1.259265649103735,
      "stddev": 1.5701946816289403,
      "mu": 0.794113617497417,
      "cv": 1.2469129788035627,
      "lambda": 0.30000000000000004,
      "twait": 0.9766463611657111
    },
    "F5": {
      "rho": 0.43508091019444806,
      "capacity": 1.0,
      "tserv": 1.45026970064816,
      "stddev": 1.7458109055109543,
      "mu": 0.6895269200984315,
      "cv": 1.2037836167512221,
      "lambda": 0.30000000000000004,
      "twait": 1.3677546082374725
    },
    "F6": {
      "rho": 0.5327822213092206,
      "capacity": 1.0,
      "tserv": 5.3278222130922055,
      "stddev": 5.3278222130922055,
      "mu": 0.18769395073707082,
      "cv": 1.0,
      "lambda": 0.1,
      "twait": 6.075472901279586
    },
    "F7": {
      "rho": 0.5444369367170461,
      "capacity": 1.0,
      "tserv": 5.44436936717046,
      "stddev": 5.44436936717046,
      "mu": 0.1836760022253447,
      "cv": 1.0,
      "lambda": 0.1,
      "twait": 6.506488386608665
    },
    "F8": {
      "rho": 0.30914978595237175,
      "capacity": 1.0,
      "tserv": 1.0304992865079057,
      "stddev": 1.3062752684803063,
      "mu": 0.9704033890103313,
      "cv": 1.2676139475136696,
      "lambda": 0.30000000000000004,
      "twait": 0.6010602154229954
    },
    "F9": {
      "rho": 0.2937308927251887,
      "capacity": 1.0,
      "tserv": 1.4686544636259435,
      "stddev": 2.070055262435187,
      "mu": 0.6808953533774799,
      "cv": 1.4094910094267183,
      "lambda": 0.2,
      "twait": 0.9121274959797143
    },
    "F10": {
      "rho": 0.3015242129082367,
      "capacity": 1.0,
      "tserv": 3.015242129082367,
      "stddev": 3.015242129082367,
      "mu": 0.331648324476128,
      "cv": 1.0,
      "lambda": 0.1,
      "twait": 1.3016464228270712
    }
  },
  "extra": {
    "conv_gen": 28,
    "max_gen": 600,
    "population": 600,
    "deltatime": 39.3282076,
    "obj_func": 22.55899795982964
  },
  "network": [
    [
      0.0,
      2.794924416235249,
      1.760590571915297,
      2.4576794296880604,
      2.097174916787176,
      1.4941614369792355,
      1.4381517473131973,
      1.5144543356606581,
      2.2121572527399227,
      2.2121572527399227
    ],
    [
      2.794924416235249,
      0.0,
      2.689443548099188,
      1.553158792878379,
      1.8176377286034204,
      2.007065716286807,
      2.189037614653402,
      2.2121572527399227,
      1.8217248360036677,
      1.8217248360036677
    ],
    [
      1.760590571915297,
      2.689443548099188,
      0.0,
      1.0852189570858388,
      2.082916062400818,
      2.120969237902762,
      1.5144543356606581,
      1.8217248360036677,
      2.4627991539738017,
      2.4627991539738017
    ],
    [
      2.4576794296880604,
      1.553158792878379,
      1.0852189570858388,
      0.0,
      1.8295141084260658,
      1.4381517473131973,
      2.2121572527399227,
      2.4627991539738017,
      2.602385853334577,
      2.602385853334577
    ],
    [
      2.097174916787176,
      1.8176377286034204,
      2.082916062400818,
      1.8295141084260658,
      0.0,
      2.189037614653402,
      1.8217248360036677,
      2.602385853334577,
      2.559897554103136,
      2.559897554103136
    ],
    [
      1.4941614369792355,
      2.007065716286807,
      2.120969237902762,
      1.4381517473131973,
      2.189037614653402,
      0.0,
      2.4627991539738017,
      2.559897554103136,
      1.9690926189481064,
      1.9690926189481064
    ],
    [
      1.4381517473131973,
      2.189037614653402,
      1.5144543356606581,
      2.2121572527399227,
      1.8217248360036677,
      2.4627991539738017,
      0.0,
      1.9690926189481064,
      1.5893463692500929,
      1.5893463692500929
    ],
    [
      1.5144543356606581,
      2.2121572527399227,
      1.8217248360036677,
      2.4627991539738017,
      2.602385853334577,
      2.559897554103136,
      1.9690926189481064,
      0.0,
      1.828231018377907,
      1.828231018377907
    ],
    [
      2.2121572527399227,
      1.8217248360036677,
      2.4627991539738017,
      2.602385853334577,
      2.559897554103136,
      1.9690926189481064,
      1.5893463692500929,
      1.828231018377907,
      0.0,
      1.6851186452658906
    ],
    [
      2.2121572527399227,
      1.8217248360036677,
      2.4627991539738017,
      2.602385853334577,
      2.559897554103136,
      1.9690926189481064,
      1.5893463692500929,
      1.828231018377907,
      1.6851186452658906,
      0.0
    ]
  ]
}