{
  "servicechain": {
    "SC1": {
      "resptime": 31.487622493053195,
      "resptime_old": 21.487622493053195,
      "waittime": 16.494301053835215,
      "servicetime": 10.0,
      "networktime": 4.99332143921798,
      "services": {
        "MS1_1": {
          "meanserv": 2.1363967630906675,
          "stddevserv": 2.1363967630906675,
          "rate": 0.4680778483081612,
          "cv": 1.0,
          "lambda": 0.15
        },
        "MS1_2": {
          "meanserv": 1.6473037363304304,
          "stddevserv": 1.6473037363304304,
          "rate": 0.6070525902087868,
          "cv": 1.0,
          "lambda": 0.15
        },
        "MS1_3": {
          "meanserv": 1.8114735623189588,
          "stddevserv": 1.8114735623189588,
          "rate": 0.5520367621152855,
          "cv": 1.0,
          "lambda": 0.15
        },
        "MS1_4": {
          "meanserv": 4.404825938259943,
          "stddevserv": 4.404825938259943,
          "rate": 0.22702372670712936,
          "cv": 1.0,
          "lambda": 0.15
        }
      },
      "sensors": [
        "S1"
      ],
      "sources": [
        {
          "startTime": 0,
          "stopTime": -1,
          "lambda": 0.15
        }
      ]
    },
    "SC2": {
      "resptime": 42.55398075414961,
      "resptime_old": 32.55398075414961,
      "waittime": 29.4724013711235,
      "servicetime": 10.0,
      "networktime": 3.081579383026114,
      "services": {
        "MS2_1": {
          "meanserv": 2.514271750932463,
          "stddevserv": 2.514271750932463,
          "rate": 0.3977294815602697,
          "cv": 1.0,
          "lambda": 0.15
        },
        "MS2_2": {
          "meanserv": 0.7805907390311719,
          "stddevserv": 0.7805907390311719,
          "rate": 1.2810810454158696,
          "cv": 1.0,
          "lambda": 0.15
        },
        "MS2_3": {
          "meanserv": 1.3325524033620026,
          "stddevserv": 1.3325524033620026,
          "rate": 0.750439530540803,
          "cv": 1.0,
          "lambda": 0.15
        },
        "MS2_4": {
          "meanserv": 5.372585106674363,
          "stddevserv": 5.372585106674363,
          "rate": 0.18613013663714698,
          "cv": 1.0,
          "lambda": 0.15
        }
      },
      "sensors": [
        "S2"
      ],
      "sources": [
        {
          "startTime": 0,
          "stopTime": -1,
          "lambda": 0.15
        }
      ]
    },
    "SC3": {
      "resptime": 37.47478826616584,
      "resptime_old": 27.474788266165834,
      "waittime": 22.8529058976912,
      "servicetime": 10.0,
      "networktime": 4.621882368474634,
      "services": {
        "MS3_1": {
          "meanserv": 1.2588733168563737,
          "stddevserv": 1.2588733168563737,
          "rate": 0.7943611057681121,
          "cv": 1.0,
          "lambda": 0.15
        },
        "MS3_2": {
          "meanserv": 2.32008284567205,
          "stddevserv": 2.32008284567205,
          "rate": 0.43101909135073735,
          "cv": 1.0,
          "lambda": 0.15
        },
        "MS3_3": {
          "meanserv": 1.4022802215410057,
          "stddevserv": 1.4022802215410057,
          "rate": 0.7131242276961387,
          "cv": 1.0,
          "lambda": 0.15
        },
        "MS3_4": {
          "meanserv": 5.01876361593057,
          "stddevserv": 5.01876361593057,
          "rate": 0.19925226141868843,
          "cv": 1.0,
          "lambda": 0.15
        }
      },
      "sensors": [
        "S3"
      ],
      "sources": [
        {
          "startTime": 0,
          "stopTime": -1,
          "lambda": 0.15
        }
      ]
    },
    "SC4": {
      "resptime": 27.38749189286609,
      "resptime_old": 17.38749189286609,
      "waittime": 10.246500888157815,
      "servicetime": 10.0,
      "networktime": 7.140991004708277,
      "services": {
        "MS4_1": {
          "meanserv": 3.006557297575686,
          "stddevserv": 3.006557297575686,
          "rate": 0.3326063337646491,
          "cv": 1.0,
          "lambda": 0.15
        },
        "MS4_2": {
          "meanserv": 2.4542412810509076,
          "stddevserv": 2.4542412810509076,
          "rate": 0.40745790062328324,
          "cv": 1.0,
          "lambda": 0.15
        },
        "MS4_3": {
          "meanserv": 1.9610316025270933,
          "stddevserv": 1.9610316025270933,
          "rate": 0.5099356882935211,
          "cv": 1.0,
          "lambda": 0.15
        },
        "MS4_4": {
          "meanserv": 2.5781698188463134,
          "stddevserv": 2.5781698188463134,
          "rate": 0.3878720450026379,
          "cv": 1.0,
          "lambda": 0.15
        }
      },
      "sensors": [
        "S4"
      ],
      "sources": [
        {
          "startTime": 0,
          "stopTime": -1,
          "lambda": 0.15
        }
      ]
    }
  },
  "microservice": {
    "MS1_1": "F8",
    "MS1_2": "F10",
    "MS1_3": "F8",
    "MS1_4": "F3",
    "MS2_1": "F6",
    "MS2_2": "F6",
    "MS2_3": "F5",
    "MS2_4": "F1",
    "MS3_1": "F9",
    "MS3_2": "F7",
    "MS3_3": "F7",
    "MS3_4": "F2",
    "MS4_1": "F4",
    "MS4_2": "F9",
    "MS4_3": "F10",
    "MS4_4": "F5"
  },
  "sensor": {
    "S1": "F8",
    "S2": "F6",
    "S3": "F9",
    "S4": "F4"
  },
  "fog": {
    "F1": {
      "rho": 0.8058877660011544,
      "capacity": 1.0,
      "tserv": 5.372585106674363,
      "stddev": 5.372585106674363,
      "mu": 0.18613013663714698,
      "cv": 1.0,
      "lambda": 0.15,
      "twait": 22.305140279281037
    },
    "F2": {
      "rho": 0.7528145423895855,
      "capacity": 1.0,
      "tserv": 5.01876361593057,
      "stddev": 5.01876361593057,
      "mu": 0.19925226141868843,
      "cv": 1.0,
      "lambda": 0.15,
      "twait": 15.284872627268541
    },
    "F3": {
      "rho": 0.6607238907389914,
      "capacity": 1.0,
      "tserv": 4.404825938259943,
      "stddev": 4.404825938259943,
      "mu": 0.22702372670712936,
      "cv": 1.0,
      "lambda": 0.15,
      "twait": 8.578186475594595
    },
    "F4": {
      "rho": 0.45098359463635285,
      "capacity": 1.0,
      "tserv": 3.006557297575686,
      "stddev": 3.006557297575686,
      "mu": 0.3326063337646491,
      "cv": 1.0,
      "lambda": 0.15,
      "twait": 2.4697040093778995
    },
    "F5": {
      "rho": 0.5866083333312474,
      "capacity": 1.0,
      "tserv": 1.955361111104158,
      "stddev": 2.144578850892966,
      "mu": 0.5114144872377653,
      "cv": 1.0967686933703822,
      "lambda": 0.3,
      "twait": 3.05617754358298
    },
    "F6": {
      "rho": 0.49422937349454515,
      "capacity": 1.0,
      "tserv": 1.6474312449818174,
      "stddev": 2.053498145228255,
      "mu": 0.6070056052694551,
      "cv": 1.2464848845639804,
      "lambda": 0.3,
      "twait": 2.0555417741297415
    },
    "F7": {
      "rho": 0.5583544600819583,
      "capacity": 1.0,
      "tserv": 1.8611815336065278,
      "stddev": 1.9710853683868852,
      "mu": 0.5372931022275068,
      "cv": 1.0590505723358377,
      "lambda": 0.3,
      "twait": 2.496065362237315
    },
    "F8": {
      "rho": 0.592180548811444,
      "capacity": 1.0,
      "tserv": 1.9739351627048134,
      "stddev": 1.9872613239738608,
      "mu": 0.506602252644274,
      "cv": 1.0067510633180003,
      "lambda": 0.3,
      "twait": 2.885698894495856
    },
    "F9": {
      "rho": 0.5569671896860922,
      "capacity": 1.0,
      "tserv": 1.8565572989536405,
      "stddev": 2.0399160005277985,
      "mu": 0.5386313692357365,
      "cv": 1.0987627484901756,
      "lambda": 0.3,
      "twait": 2.5759025459480283
    },
    "F10": {
      "rho": 0.5412503008286285,
      "capacity": 1.0,
      "tserv": 1.8041676694287616,
      "stddev": 1.8177550897813948,
      "mu": 0.5542722092545986,
      "cv": 1.007531129496925,
      "lambda": 0.3,
      "twait": 2.144716789248908
    }
  },
  "extra": {
    "deltatime": 0.009786,
    "obj_func": 34.72597085155868
  },
  "network": [
    [
      0.0,
      3.2038766868068236,
      1.569995297301931,
      2.679756260203123,
      1.3775187503317639,
      1.9948820497476523,
      2.444939719892119,
      3.08755895312583,
      2.0465094964059265,
      2.0465094964059265
    ],
    [
      3.2038766868068236,
      0.0,
      2.5732683816010633,
      2.445687952413202,
      2.7756204355656857,
      1.8385673716774433,
      1.7040606326943502,
      2.0465094964059265,
      1.5908754523049848,
      1.5908754523049848
    ],
    [
      1.569995297301931,
      2.5732683816010633,
      0.0,
      1.699042133047529,
      3.4656471863315508,
      3.176033311401878,
      3.08755895312583,
      1.5908754523049848,
      2.8767331330521273,
      2.8767331330521273
    ],
    [
      2.679756260203123,
      2.445687952413202,
      1.699042133047529,
      0.0,
      2.74905448057689,
      2.444939719892119,
      2.0465094964059265,
      2.8767331330521273,
      2.0077484238226058,
      2.0077484238226058
    ],
    [
      1.3775187503317639,
      2.7756204355656857,
      3.4656471863315508,
      2.74905448057689,
      0.0,
      1.7040606326943502,
      1.5908754523049848,
      2.0077484238226058,
      2.5520916466110437,
      2.5520916466110437
    ],
    [
      1.9948820497476523,
      1.8385673716774433,
      3.176033311401878,
      2.444939719892119,
      1.7040606326943502,
      0.0,
      2.8767331330521273,
      2.5520916466110437,
      2.4309276527389376,
      2.4309276527389376
    ],
    [
      2.444939719892119,
      1.7040606326943502,
      3.08755895312583,
      2.0465094964059265,
      1.5908754523049848,
      2.8767331330521273,
      0.0,
      2.4309276527389376,
      2.9178217357802843,
      2.9178217357802843
    ],
    [
      3.08755895312583,
      2.0465094964059265,
      1.5908754523049848,
      2.8767331330521273,
      2.0077484238226058,
      2.5520916466110437,
      2.4309276527389376,
      0.0,
      1.7012229934564975,
      1.7012229934564975
    ],
    [
      2.0465094964059265,
      1.5908754523049848,
      2.8767331330521273,
      2.0077484238226058,
      2.5520916466110437,
      2.4309276527389376,
      2.9178217357802843,
      1.7012229934564975,
      0.0,
      2.5811509342746275
    ],
    [
      2.0465094964059265,
      1.5908754523049848,
      2.8767331330521273,
      2.0077484238226058,
      2.5520916466110437,
      2.4309276527389376,
      2.9178217357802843,
      1.7012229934564975,
      2.5811509342746275,
      0.0
    ]
  ]
}