{
  "servicechain": {
    "SC1": {
      "resptime": 16.7043473073578,
      "resptime_old": 6.704347307357797,
      "waittime": 4.22203044159674,
      "servicetime": 10.0,
      "networktime": 2.4823168657610584,
      "services": {
        "MS1_1": {
          "meanserv": 2.7435476806019397,
          "stddevserv": 2.7435476806019397,
          "rate": 0.3644915694633009,
          "cv": 1.0,
          "lambda": 0.05
        },
        "MS1_2": {
          "meanserv": 1.9418572101772913,
          "stddevserv": 1.9418572101772913,
          "rate": 0.5149709230725055,
          "cv": 1.0,
          "lambda": 0.05
        },
        "MS1_3": {
          "meanserv": 0.2708485752971823,
          "stddevserv": 0.2708485752971823,
          "rate": 3.6920999082338652,
          "cv": 1.0,
          "lambda": 0.05
        },
        "MS1_4": {
          "meanserv": 4.358974388088816,
          "stddevserv": 4.358974388088816,
          "rate": 0.22941176317359555,
          "cv": 1.0,
          "lambda": 0.05
        },
        "MS1_5": {
          "meanserv": 0.6847721458347706,
          "stddevserv": 0.6847721458347706,
          "rate": 1.4603397729925933,
          "cv": 1.0,
          "lambda": 0.05
        }
      },
      "sensors": [
        "S1"
      ],
      "sources": [
        {
          "startTime": 0,
          "stopTime": -1,
          "lambda": 0.05
        }
      ]
    },
    "SC2": {
      "resptime": 17.469081845612862,
      "resptime_old": 7.46908184561286,
      "waittime": 3.789207771775912,
      "servicetime": 10.0,
      "networktime": 3.679874073836949,
      "services": {
        "MS2_1": {
          "meanserv": 0.10997890043464742,
          "stddevserv": 0.10997890043464742,
          "rate": 9.092653191183961,
          "cv": 1.0,
          "lambda": 0.05
        },
        "MS2_2": {
          "meanserv": 4.682062249391326,
          "stddevserv": 4.682062249391326,
          "rate": 0.21358109882669782,
          "cv": 1.0,
          "lambda": 0.05
        },
        "MS2_3": {
          "meanserv": 3.1239965160228556,
          "stddevserv": 3.1239965160228556,
          "rate": 0.3201027897665824,
          "cv": 1.0,
          "lambda": 0.05
        },
        "MS2_4": {
          "meanserv": 0.4286328500769372,
          "stddevserv": 0.4286328500769372,
          "rate": 2.3329989752780396,
          "cv": 1.0,
          "lambda": 0.05
        },
        "MS2_5": {
          "meanserv": 1.6553294840742332,
          "stddevserv": 1.6553294840742332,
          "rate": 0.6041093387273678,
          "cv": 1.0,
          "lambda": 0.05
        }
      },
      "sensors": [
        "S2"
      ],
      "sources": [
        {
          "startTime": 0,
          "stopTime": -1,
          "lambda": 0.05
        }
      ]
    },
    "SC3": {
      "resptime": 16.765441687789238,
      "resptime_old": 6.76544168778924,
      "waittime": 3.1970864726474577,
      "servicetime": 10.0,
      "networktime": 3.5683552151417817,
      "services": {
        "MS3_1": {
          "meanserv": 2.2789773078044218,
          "stddevserv": 2.2789773078044218,
          "rate": 0.4387933116207309,
          "cv": 1.0,
          "lambda": 0.05
        },
        "MS3_2": {
          "meanserv": 3.5231445156955217,
          "stddevserv": 3.5231445156955217,
          "rate": 0.283837349147906,
          "cv": 1.0,
          "lambda": 0.05
        },
        "MS3_3": {
          "meanserv": 0.04999273457319653,
          "stddevserv": 0.04999273457319653,
          "rate": 20.002906593074172,
          "cv": 1.0,
          "lambda": 0.05
        },
        "MS3_4": {
          "meanserv": 0.9070213127961972,
          "stddevserv": 0.9070213127961972,
          "rate": 1.102509925502373,
          "cv": 1.0,
          "lambda": 0.05
        },
        "MS3_5": {
          "meanserv": 3.240864129130663,
          "stddevserv": 3.240864129130663,
          "rate": 0.308559680429504,
          "cv": 1.0,
          "lambda": 0.05
        }
      },
      "sensors": [
        "S3"
      ],
      "sources": [
        {
          "startTime": 0,
          "stopTime": -1,
          "lambda": 0.05
        }
      ]
    },
    "SC4": {
      "resptime": 17.257779521859042,
      "resptime_old": 7.257779521859043,
      "waittime": 5.320483903517254,
      "servicetime": 10.0,
      "networktime": 1.937295618341789,
      "services": {
        "MS4_1": {
          "meanserv": 0.08050458872477462,
          "stddevserv": 0.08050458872477462,
          "rate": 12.421652179588843,
          "cv": 1.0,
          "lambda": 0.05
        },
        "MS4_2": {
          "meanserv": 0.2203325466001993,
          "stddevserv": 0.2203325466001993,
          "rate": 4.538594117983545,
          "cv": 1.0,
          "lambda": 0.05
        },
        "MS4_3": {
          "meanserv": 1.3898832501180347,
          "stddevserv": 1.3898832501180347,
          "rate": 0.7194848919253296,
          "cv": 1.0,
          "lambda": 0.05
        },
        "MS4_4": {
          "meanserv": 0.653373171306878,
          "stddevserv": 0.653373171306878,
          "rate": 1.5305189192262034,
          "cv": 1.0,
          "lambda": 0.05
        },
        "MS4_5": {
          "meanserv": 7.655906443250114,
          "stddevserv": 7.655906443250114,
          "rate": 0.13061810608744537,
          "cv": 1.0,
          "lambda": 0.05
        }
      },
      "sensors": [
        "S4"
      ],
      "sources": [
        {
          "startTime": 0,
          "stopTime": -1,
          "lambda": 0.05
        }
      ]
    }
  },
  "microservice": {
    "MS1_1": "F6",
    "MS1_2": "F6",
    "MS1_3": "F10",
    "MS1_4": "F3",
    "MS1_5": "F3",
    "MS2_1": "F2",
    "MS2_2": "F2",
    "MS2_3": "F9",
    "MS2_4": "F7",
    "MS2_5": "F7",
    "MS3_1": "F8",
    "MS3_2": "F4",
    "MS3_3": "F5",
    "MS3_4": "F5",
    "MS3_5": "F5",
    "MS4_1": "F10",
    "MS4_2": "F10",
    "MS4_3": "F10",
    "MS4_4": "F10",
    "MS4_5": "F1"
  },
  "sensor": {
    "S1": "F6",
    "S2": "F2",
    "S3": "F8",
    "S4": "F10"
  },
  "fog": {
    "F1": {
      "rho": 0.3827953221625057,
      "capacity": 1.0,
      "tserv": 7.655906443250114,
      "stddev": 7.655906443250114,
      "mu": 0.13061810608744537,
      "cv": 1.0,
      "lambda": 0.05,
      "twait": 4.748254960830919
    },
    "F2": {
      "rho": 0.23960205749129873,
      "capacity": 1.0,
      "tserv": 2.396020574912987,
      "stddev": 4.0240387262438,
      "mu": 0.41735868651141095,
      "cv": 1.6794675172561637,
      "lambda": 0.1,
      "twait": 1.4422581282474471
    },
    "F3": {
      "rho": 0.25218732669617944,
      "capacity": 1.0,
      "tserv": 2.521873266961794,
      "stddev": 3.620735537581953,
      "mu": 0.3965306318523856,
      "cv": 1.435732550487759,
      "lambda": 0.1,
      "twait": 1.3017678960767862
    },
    "F4": {
      "rho": 0.1761572257847761,
      "capacity": 1.0,
      "tserv": 3.523144515695522,
      "stddev": 3.5231445156955212,
      "mu": 0.283837349147906,
      "cv": 0.9999999999999998,
      "lambda": 0.05,
      "twait": 0.753332290272217
    },
    "F5": {
      "rho": 0.20989390882500283,
      "capacity": 1.0,
      "tserv": 1.3992927255000187,
      "stddev": 2.3652141610442783,
      "mu": 0.7146467510167777,
      "cv": 1.6902926156491669,
      "lambda": 0.15000000000000002,
      "twait": 0.7168902610290987
    },
    "F6": {
      "rho": 0.23427024453896156,
      "capacity": 1.0,
      "tserv": 2.3427024453896155,
      "stddev": 2.4103129574433546,
      "mu": 0.42685745343715203,
      "cv": 1.028860051000841,
      "lambda": 0.1,
      "twait": 0.7377187068857917
    },
    "F7": {
      "rho": 0.10419811670755852,
      "capacity": 1.0,
      "tserv": 1.0419811670755852,
      "stddev": 1.355771761201105,
      "mu": 0.9597102439064142,
      "cv": 1.3011480476237414,
      "lambda": 0.1,
      "twait": 0.16319690076248894
    },
    "F8": {
      "rho": 0.1139488653902211,
      "capacity": 1.0,
      "tserv": 2.2789773078044218,
      "stddev": 2.2789773078044218,
      "mu": 0.4387933116207309,
      "cv": 1.0,
      "lambda": 0.05,
      "twait": 0.29308339928794497
    },
    "F9": {
      "rho": 0.15619982580114278,
      "capacity": 1.0,
      "tserv": 3.1239965160228556,
      "stddev": 3.1239965160228556,
      "mu": 0.3201027897665824,
      "cv": 1.0,
      "lambda": 0.05,
      "twait": 0.5782977137560396
    },
    "F10": {
      "rho": 0.13074710660235345,
      "capacity": 1.0,
      "tserv": 0.5229884264094138,
      "stddev": 0.8492976121912457,
      "mu": 1.912088202152995,
      "cv": 1.6239319443875906,
      "lambda": 0.25,
      "twait": 0.14305723567158388
    }
  },
  "extra": {
    "deltatime": 0.0135947,
    "obj_func": 17.04916259065474
  },
  "network": [
    [
      0.0,
      1.998594716251619,
      2.627244703888275,
      2.4894427447149616,
      1.1698749890745206,
      2.608299206376349,
      2.725894494287181,
      2.2306518013665015,
      1.937295618341789,
      1.937295618341789
    ],
    [
      1.998594716251619,
      0.0,
      2.2428602428737974,
      2.11343125488947,
      1.9339510082037512,
      2.2110198652879873,
      2.5742198435520125,
      1.937295618341789,
      1.718522216621209,
      1.718522216621209
    ],
    [
      2.627244703888275,
      2.2428602428737974,
      0.0,
      1.9267189414721084,
      1.6407498108353802,
      2.3095058294175614,
      2.2306518013665015,
      1.718522216621209,
      1.3256959174566028,
      1.3256959174566028
    ],
    [
      2.4894427447149616,
      2.11343125488947,
      1.9267189414721084,
      0.0,
      2.242659297685179,
      2.725894494287181,
      1.937295618341789,
      1.3256959174566028,
      2.0725993837855627,
      2.0725993837855627
    ],
    [
      1.1698749890745206,
      1.9339510082037512,
      1.6407498108353802,
      2.242659297685179,
      0.0,
      2.5742198435520125,
      1.718522216621209,
      2.0725993837855627,
      2.1791318342576442,
      2.1791318342576442
    ],
    [
      2.608299206376349,
      2.2110198652879873,
      2.3095058294175614,
      2.725894494287181,
      2.5742198435520125,
      0.0,
      1.3256959174566028,
      2.1791318342576442,
      1.1566209483044556,
      1.1566209483044556
    ],
    [
      2.725894494287181,
      2.5742198435520125,
      2.2306518013665015,
      1.937295618341789,
      1.718522216621209,
      1.3256959174566028,
      0.0,
      1.1566209483044556,
      1.9613518572157398,
      1.9613518572157398
    ],
    [
      2.2306518013665015,
      1.937295618341789,
      1.718522216621209,
      1.3256959174566028,
      2.0725993837855627,
      2.1791318342576442,
      1.1566209483044556,
      0.0,
      2.0444668292442563,
      2.0444668292442563
    ],
    [
      1.937295618341789,
      1.718522216621209,
      1.3256959174566028,
      2.0725993837855627,
      2.1791318342576442,
      1.1566209483044556,
      1.9613518572157398,
      2.0444668292442563,
      0.0,
      2.888388408323866
    ],
    [
      1.937295618341789,
      1.718522216621209,
      1.3256959174566028,
      2.0725993837855627,
      2.1791318342576442,
      1.1566209483044556,
      1.9613518572157398,
      2.0444668292442563,
      2.888388408323866,
      0.0
    ]
  ]
}