{
  "servicechain": {
    "SC1": {
      "resptime": 4316.23071476554,
      "resptime_old": 4306.23071476554,
      "waittime": 4300.906298903706,
      "servicetime": 10.0,
      "networktime": 5.324415861834225,
      "services": {
        "MS1_1": {
          "meanserv": 1.0739981210778782,
          "stddevserv": 1.0739981210778782,
          "rate": 0.9311003253864051,
          "cv": 1.0,
          "lambda": 0.375
        },
        "MS1_2": {
          "meanserv": 3.3858740933579012,
          "stddevserv": 3.3858740933579012,
          "rate": 0.2953447093504477,
          "cv": 1.0,
          "lambda": 0.375
        },
        "MS1_3": {
          "meanserv": 0.7179224894503173,
          "stddevserv": 0.7179224894503173,
          "rate": 1.392908029341242,
          "cv": 1.0,
          "lambda": 0.375
        },
        "MS1_4": {
          "meanserv": 0.5724504843316423,
          "stddevserv": 0.5724504843316423,
          "rate": 1.7468759785705101,
          "cv": 1.0,
          "lambda": 0.375
        },
        "MS1_5": {
          "meanserv": 1.394597696214599,
          "stddevserv": 1.394597696214599,
          "rate": 0.7170526688193534,
          "cv": 1.0,
          "lambda": 0.375
        },
        "MS1_6": {
          "meanserv": 0.32691757430677715,
          "stddevserv": 0.32691757430677715,
          "rate": 3.0588750149651087,
          "cv": 1.0,
          "lambda": 0.375
        },
        "MS1_7": {
          "meanserv": 0.32264164164242626,
          "stddevserv": 0.32264164164242626,
          "rate": 3.099413934634851,
          "cv": 1.0,
          "lambda": 0.375
        },
        "MS1_8": {
          "meanserv": 0.6753834750648959,
          "stddevserv": 0.6753834750648959,
          "rate": 1.4806403131256838,
          "cv": 1.0,
          "lambda": 0.375
        },
        "MS1_9": {
          "meanserv": 1.1613776393500412,
          "stddevserv": 1.1613776393500412,
          "rate": 0.8610463695165034,
          "cv": 1.0,
          "lambda": 0.375
        },
        "MS1_10": {
          "meanserv": 0.3688367852035217,
          "stddevserv": 0.3688367852035217,
          "rate": 2.7112263204664,
          "cv": 1.0,
          "lambda": 0.375
        }
      },
      "sensors": [
        "S1"
      ],
      "sources": [
        {
          "startTime": 0,
          "stopTime": -1,
          "lambda": 0.375
        }
      ]
    },
    "SC2": {
      "resptime": 36.75425734676312,
      "resptime_old": 26.754257346763122,
      "waittime": 21.222550961848565,
      "servicetime": 10.0,
      "networktime": 5.531706384914552,
      "services": {
        "MS2_1": {
          "meanserv": 1.3712417328956616,
          "stddevserv": 1.3712417328956616,
          "rate": 0.7292660192658317,
          "cv": 1.0,
          "lambda": 0.375
        },
        "MS2_2": {
          "meanserv": 0.41272053405382536,
          "stddevserv": 0.41272053405382536,
          "rate": 2.4229470488851033,
          "cv": 1.0,
          "lambda": 0.375
        },
        "MS2_3": {
          "meanserv": 0.8618675881622806,
          "stddevserv": 0.8618675881622806,
          "rate": 1.1602710366823894,
          "cv": 1.0,
          "lambda": 0.375
        },
        "MS2_4": {
          "meanserv": 0.47826405588752063,
          "stddevserv": 0.47826405588752063,
          "rate": 2.090895160716787,
          "cv": 1.0,
          "lambda": 0.375
        },
        "MS2_5": {
          "meanserv": 0.49559869734657536,
          "stddevserv": 0.49559869734657536,
          "rate": 2.0177615586037216,
          "cv": 1.0,
          "lambda": 0.375
        },
        "MS2_6": {
          "meanserv": 0.24885718993960948,
          "stddevserv": 0.24885718993960948,
          "rate": 4.018368929757148,
          "cv": 1.0,
          "lambda": 0.375
        },
        "MS2_7": {
          "meanserv": 1.9658219183846795,
          "stddevserv": 1.9658219183846795,
          "rate": 0.5086930767471055,
          "cv": 1.0,
          "lambda": 0.375
        },
        "MS2_8": {
          "meanserv": 1.9993119446778618,
          "stddevserv": 1.9993119446778618,
          "rate": 0.500172073028416,
          "cv": 1.0,
          "lambda": 0.375
        },
        "MS2_9": {
          "meanserv": 1.9791771550166546,
          "stddevserv": 1.9791771550166546,
          "rate": 0.5052604803290512,
          "cv": 1.0,
          "lambda": 0.375
        },
        "MS2_10": {
          "meanserv": 0.1871391836353311,
          "stddevserv": 0.1871391836353311,
          "rate": 5.343616342522102,
          "cv": 1.0,
          "lambda": 0.375
        }
      },
      "sensors": [
        "S2"
      ],
      "sources": [
        {
          "startTime": 0,
          "stopTime": -1,
          "lambda": 0.375
        }
      ]
    },
    "SC3": {
      "resptime": 3362.826324958793,
      "resptime_old": 3352.8263249587935,
      "waittime": 3347.632399533482,
      "servicetime": 10.0,
      "networktime": 5.19392542531127,
      "services": {
        "MS3_1": {
          "meanserv": 0.01361245308718062,
          "stddevserv": 0.01361245308718062,
          "rate": 73.4621448166267,
          "cv": 1.0,
          "lambda": 0.375
        },
        "MS3_2": {
          "meanserv": 0.7566031823177954,
          "stddevserv": 0.7566031823177954,
          "rate": 1.3216967934718133,
          "cv": 1.0,
          "lambda": 0.375
        },
        "MS3_3": {
          "meanserv": 0.9617586445467463,
          "stddevserv": 0.9617586445467463,
          "rate": 1.0397619045797877,
          "cv": 1.0,
          "lambda": 0.375
        },
        "MS3_4": {
          "meanserv": 0.8271650346462134,
          "stddevserv": 0.8271650346462134,
          "rate": 1.2089485871797154,
          "cv": 1.0,
          "lambda": 0.375
        },
        "MS3_5": {
          "meanserv": 1.7184858862795322,
          "stddevserv": 1.7184858862795322,
          "rate": 0.5819076013274502,
          "cv": 1.0,
          "lambda": 0.375
        },
        "MS3_6": {
          "meanserv": 0.3712698216772363,
          "stddevserv": 0.3712698216772363,
          "rate": 2.693458885191457,
          "cv": 1.0,
          "lambda": 0.375
        },
        "MS3_7": {
          "meanserv": 1.8522410788752506,
          "stddevserv": 1.8522410788752506,
          "rate": 0.539886525250394,
          "cv": 1.0,
          "lambda": 0.375
        },
        "MS3_8": {
          "meanserv": 2.983629201160541,
          "stddevserv": 2.983629201160541,
          "rate": 0.33516229148415305,
          "cv": 1.0,
          "lambda": 0.375
        },
        "MS3_9": {
          "meanserv": 0.20101126618249232,
          "stddevserv": 0.20101126618249232,
          "rate": 4.974845534737983,
          "cv": 1.0,
          "lambda": 0.375
        },
        "MS3_10": {
          "meanserv": 0.3142234312270116,
          "stddevserv": 0.3142234312270116,
          "rate": 3.1824488584288524,
          "cv": 1.0,
          "lambda": 0.375
        }
      },
      "sensors": [
        "S3"
      ],
      "sources": [
        {
          "startTime": 0,
          "stopTime": -1,
          "lambda": 0.375
        }
      ]
    },
    "SC4": {
      "resptime": 2847.7394364942825,
      "resptime_old": 2837.7394364942825,
      "waittime": 2833.46592278074,
      "servicetime": 10.0,
      "networktime": 4.2735137135421875,
      "services": {
        "MS4_1": {
          "meanserv": 0.7594739836704967,
          "stddevserv": 0.7594739836704967,
          "rate": 1.3167007975270648,
          "cv": 1.0,
          "lambda": 0.375
        },
        "MS4_2": {
          "meanserv": 0.6537342162970372,
          "stddevserv": 0.6537342162970372,
          "rate": 1.5296736426989008,
          "cv": 1.0,
          "lambda": 0.375
        },
        "MS4_3": {
          "meanserv": 0.5323245693063028,
          "stddevserv": 0.5323245693063028,
          "rate": 1.8785531565885585,
          "cv": 1.0,
          "lambda": 0.375
        },
        "MS4_4": {
          "meanserv": 0.13185538527056284,
          "stddevserv": 0.13185538527056284,
          "rate": 7.584066422073193,
          "cv": 1.0,
          "lambda": 0.375
        },
        "MS4_5": {
          "meanserv": 2.741718984230369,
          "stddevserv": 2.741718984230369,
          "rate": 0.36473468132647124,
          "cv": 1.0,
          "lambda": 0.375
        },
        "MS4_6": {
          "meanserv": 2.270395916068958,
          "stddevserv": 2.270395916068958,
          "rate": 0.4404518141185853,
          "cv": 1.0,
          "lambda": 0.375
        },
        "MS4_7": {
          "meanserv": 0.9385580980218915,
          "stddevserv": 0.9385580980218915,
          "rate": 1.065464143463898,
          "cv": 1.0,
          "lambda": 0.375
        },
        "MS4_8": {
          "meanserv": 0.9079226077416838,
          "stddevserv": 0.9079226077416838,
          "rate": 1.1014154636895148,
          "cv": 1.0,
          "lambda": 0.375
        },
        "MS4_9": {
          "meanserv": 0.9759936754781489,
          "stddevserv": 0.9759936754781489,
          "rate": 1.024596803365647,
          "cv": 1.0,
          "lambda": 0.375
        },
        "MS4_10": {
          "meanserv": 0.08802256391454932,
          "stddevserv": 0.08802256391454932,
          "rate": 11.360723381913546,
          "cv": 1.0,
          "lambda": 0.375
        }
      },
      "sensors": [
        "S4"
      ],
      "sources": [
        {
          "startTime": 0,
          "stopTime": -1,
          "lambda": 0.375
        }
      ]
    }
  },
  "microservice": {
    "MS1_1": "F15",
    "MS1_2": "F4",
    "MS1_3": "F21",
    "MS1_4": "F21",
    "MS1_5": "F1",
    "MS1_6": "F10",
    "MS1_7": "F10",
    "MS1_8": "F10",
    "MS1_9": "F25",
    "MS1_10": "F23",
    "MS2_1": "F13",
    "MS2_2": "F19",
    "MS2_3": "F16",
    "MS2_4": "F16",
    "MS2_5": "F23",
    "MS2_6": "F23",
    "MS2_7": "F24",
    "MS2_8": "F20",
    "MS2_9": "F11",
    "MS2_10": "F8",
    "MS3_1": "F18",
    "MS3_2": "F18",
    "MS3_3": "F12",
    "MS3_4": "F12",
    "MS3_5": "F5",
    "MS3_6": "F2",
    "MS3_7": "F9",
    "MS3_8": "F22",
    "MS3_9": "F19",
    "MS3_10": "F19",
    "MS4_1": "F8",
    "MS4_2": "F3",
    "MS4_3": "F3",
    "MS4_4": "F3",
    "MS4_5": "F17",
    "MS4_6": "F7",
    "MS4_7": "F2",
    "MS4_8": "F6",
    "MS4_9": "F14",
    "MS4_10": "F14"
  },
  "sensor": {
    "S1": "F15",
    "S2": "F13",
    "S3": "F18",
    "S4": "F8"
  },
  "fog": {
    "F1": {
      "rho": 0.5229741360804746,
      "capacity": 1.0,
      "tserv": 1.394597696214599,
      "stddev": 1.394597696214599,
      "mu": 0.7170526688193534,
      "cv": 1.0,
      "lambda": 0.375,
      "twait": 1.528928681906208
    },
    "F2": {
      "rho": 0.49118546988717293,
      "capacity": 1.0,
      "tserv": 0.6549139598495639,
      "stddev": 0.7679975840097943,
      "mu": 1.5269181317034433,
      "cv": 1.1726694361289933,
      "lambda": 0.75,
      "twait": 0.7508133049174263
    },
    "F3": {
      "rho": 0.4942178140777136,
      "capacity": 1.0,
      "tserv": 0.4393047236246343,
      "stddev": 0.5407653557512205,
      "mu": 2.276324260183585,
      "cv": 1.2309572983633104,
      "lambda": 1.125,
      "twait": 0.5398497630519804
    },
    "F4": {
      "rho": 1.2697027850092126,
      "capacity": 1.0,
      "tserv": 3.385874093357901,
      "stddev": 3.3858740933579026,
      "mu": 0.29534470935044776,
      "cv": 1.0000000000000004,
      "lambda": 0.375,
      "twait": 4294.754712261039
    },
    "F5": {
      "rho": 0.6444322073548244,
      "capacity": 1.0,
      "tserv": 1.718485886279532,
      "stddev": 1.7184858862795327,
      "mu": 0.5819076013274503,
      "cv": 1.0000000000000004,
      "lambda": 0.375,
      "twait": 3.114589329828203
    },
    "F6": {
      "rho": 0.34047097790313136,
      "capacity": 1.0,
      "tserv": 0.9079226077416838,
      "stddev": 0.9079226077416837,
      "mu": 1.1014154636895148,
      "cv": 0.9999999999999999,
      "lambda": 0.375,
      "twait": 0.46870006893005206
    },
    "F7": {
      "rho": 0.8513984685258593,
      "capacity": 1.0,
      "tserv": 2.270395916068958,
      "stddev": 2.270395916068958,
      "mu": 0.4404518141185853,
      "cv": 1.0,
      "lambda": 0.375,
      "twait": 13.008019410788206
    },
    "F8": {
      "rho": 0.3549799377396854,
      "capacity": 1.0,
      "tserv": 0.47330658365291384,
      "stddev": 0.6227380539158012,
      "mu": 2.1127954576125694,
      "cv": 1.3157181315957962,
      "lambda": 0.75,
      "twait": 0.35569928851130583
    },
    "F9": {
      "rho": 0.694590404578219,
      "capacity": 1.0,
      "tserv": 1.8522410788752506,
      "stddev": 1.8522410788752506,
      "mu": 0.539886525250394,
      "cv": 1.0,
      "lambda": 0.375,
      "twait": 4.2125358850483705
    },
    "F10": {
      "rho": 0.49685350913028725,
      "capacity": 1.0,
      "tserv": 0.4416475636713664,
      "stddev": 0.49969104585253565,
      "mu": 2.26424887683544,
      "cv": 1.1314248893363303,
      "lambda": 1.125,
      "twait": 0.49720775644530046
    },
    "F11": {
      "rho": 0.7421914331312455,
      "capacity": 1.0,
      "tserv": 1.9791771550166546,
      "stddev": 1.9791771550166546,
      "mu": 0.5052604803290512,
      "cv": 1.0,
      "lambda": 0.375,
      "twait": 5.697748321335791
    },
    "F12": {
      "rho": 0.6708463796973597,
      "capacity": 1.0,
      "tserv": 0.8944618395964797,
      "stddev": 0.8995108128351474,
      "mu": 1.1179906796819101,
      "cv": 1.005644705022794,
      "lambda": 0.75,
      "twait": 1.8333176201534376
    },
    "F13": {
      "rho": 0.5142156498358731,
      "capacity": 1.0,
      "tserv": 1.3712417328956616,
      "stddev": 1.3712417328956616,
      "mu": 0.7292660192658317,
      "cv": 1.0,
      "lambda": 0.375,
      "twait": 1.4514958304539491
    },
    "F14": {
      "rho": 0.3990060897722618,
      "capacity": 1.0,
      "tserv": 0.5320081196963491,
      "stddev": 0.8229696148149044,
      "mu": 1.8796705594846252,
      "cv": 1.546911756317978,
      "lambda": 0.75,
      "twait": 0.5992021778354254
    },
    "F15": {
      "rho": 0.4027492954042043,
      "capacity": 1.0,
      "tserv": 1.0739981210778782,
      "stddev": 1.0739981210778782,
      "mu": 0.9311003253864051,
      "cv": 1.0,
      "lambda": 0.375,
      "twait": 0.7242385537615984
    },
    "F16": {
      "rho": 0.5025493665186754,
      "capacity": 1.0,
      "tserv": 0.6700658220249006,
      "stddev": 0.7228859113530586,
      "mu": 1.492390698242237,
      "cv": 1.078828209993667,
      "lambda": 0.75,
      "twait": 0.7323984893833105
    },
    "F17": {
      "rho": 1.0281446190863883,
      "capacity": 1.0,
      "tserv": 2.741718984230369,
      "stddev": 2.741718984230369,
      "mu": 0.36473468132647124,
      "cv": 1.0,
      "lambda": 0.375,
      "twait": 2816.064737062766
    },
    "F18": {
      "rho": 0.288830863276866,
      "capacity": 1.0,
      "tserv": 0.38510781770248803,
      "stddev": 0.6514028270716156,
      "mu": 2.5966754088917043,
      "cv": 1.6914817023393995,
      "lambda": 0.75,
      "twait": 0.3019501505353914
    },
    "F19": {
      "rho": 0.34798321179874847,
      "capacity": 1.0,
      "tserv": 0.3093184104877764,
      "stddev": 0.33262923753433865,
      "mu": 3.2329145828179464,
      "cv": 1.075361912696378,
      "lambda": 1.125,
      "twait": 0.17799395968074902
    },
    "F20": {
      "rho": 0.7497419792541982,
      "capacity": 1.0,
      "tserv": 1.9993119446778618,
      "stddev": 1.9993119446778618,
      "mu": 0.500172073028416,
      "cv": 1.0,
      "lambda": 0.375,
      "twait": 5.989690520536437
    },
    "F21": {
      "rho": 0.48388986516823485,
      "capacity": 1.0,
      "tserv": 0.6451864868909798,
      "stddev": 0.6533350250854062,
      "mu": 1.5499394676084943,
      "cv": 1.0126297409508567,
      "lambda": 0.75,
      "twait": 0.6125961793103275
    },
    "F22": {
      "rho": 1.118860950435203,
      "capacity": 1.0,
      "tserv": 2.983629201160541,
      "stddev": 2.983629201160541,
      "mu": 0.33516229148415305,
      "cv": 1.0,
      "lambda": 0.375,
      "twait": 3334.9279375529486
    },
    "F23": {
      "rho": 0.41748475218363995,
      "capacity": 1.0,
      "tserv": 0.37109755749656886,
      "stddev": 0.39750760843506816,
      "mu": 2.6947091938465424,
      "cv": 1.0711674070739297,
      "lambda": 1.125,
      "twait": 0.28556454889703564
    },
    "F24": {
      "rho": 0.7371832193942548,
      "capacity": 1.0,
      "tserv": 1.9658219183846795,
      "stddev": 1.9658219183846795,
      "mu": 0.5086930767471055,
      "cv": 1.0,
      "lambda": 0.375,
      "twait": 5.5139969647696425
    },
    "F25": {
      "rho": 0.43551661475626546,
      "capacity": 1.0,
      "tserv": 1.1613776393500412,
      "stddev": 1.1613776393500415,
      "mu": 0.8610463695165034,
      "cv": 1.0000000000000002,
      "lambda": 0.375,
      "twait": 0.8960392301448471
    }
  },
  "extra": {
    "deltatime": 6.951619,
    "conv": 12,
    "obj_func": 2640.887683391345
  },
  "network": [
    [
      0.0,
      0.8343226268180531,
      1.0257197492197503,
      0.9996931632741943,
      0.813414688276036,
      1.01551726741335,
      1.1263643580587135,
      1.1676245094427091,
      1.2988714468070268,
      0.9144129692412266,
      1.099585621269231,
      1.0157357627682808,
      1.1699954009382336,
      1.3169323227109562,
      1.0762759499946442,
      1.083323918447624,
      0.9947180436734279,
      1.0266313020118734,
      1.2769398477187988,
      0.9914043515621127,
      0.8743351978847888,
      0.8188202127514803,
      1.2679669277855938,
      0.7755944045786711,
      0.7755944045786711
    ],
    [
      0.8343226268180531,
      0.0,
      1.1651821985997783,
      0.965679076449281,
      0.8269477417869677,
      0.8004657036490844,
      0.6605008960632356,
      1.0610439725500906,
      0.9511993942359587,
      0.7811849988172563,
      1.14249879772933,
      1.2730489997333134,
      0.8860018461020537,
      0.8172133479155079,
      1.0988596044489476,
      0.7495193753672637,
      0.7985482783928622,
      0.8247249312283128,
      1.0160755111920452,
      1.0448024456312293,
      1.099071315119044,
      0.8724692279127719,
      0.7755944045786711,
      1.1781345710497102,
      1.1781345710497102
    ],
    [
      1.0257197492197503,
      1.1651821985997783,
      0.0,
      0.9729691808384833,
      1.0781183360602804,
      1.0199427196922242,
      1.5194838511832136,
      0.7221447575967813,
      0.9433691285721908,
      1.0265104920707102,
      0.7429491529242624,
      0.7577094845479474,
      0.9837929009264381,
      0.8057691775668451,
      1.2151784981993698,
      0.8788777982054683,
      0.7081485775499756,
      1.198520643055964,
      1.2374185115409049,
      1.1066730053755298,
      1.1230662906695845,
      1.2679669277855938,
      1.1781345710497102,
      0.904110857478903,
      0.904110857478903
    ],
    [
      0.9996931632741943,
      0.965679076449281,
      0.9729691808384833,
      0.0,
      0.9719567887286734,
      1.2684232332446124,
      1.1385983100239692,
      0.8861344987016199,
      1.149927117671051,
      1.0099856410047379,
      1.2014347395196951,
      1.1154087675652498,
      1.1043058141191622,
      1.1060923958125934,
      0.8266465325792631,
      0.8882223244693135,
      1.1738852051104631,
      1.1472598109436805,
      1.0570274368634687,
      1.0813250145128297,
      0.8188202127514803,
      0.7755944045786711,
      0.904110857478903,
      1.1918860911989724,
      1.1918860911989724
    ],
    [
      0.813414688276036,
      0.8269477417869677,
      1.0781183360602804,
      0.9719567887286734,
      0.0,
      1.0796468819204916,
      0.9941672285776355,
      0.8756284240831566,
      1.0459632758000053,
      0.9797442032162728,
      0.7917056077598924,
      0.7486298525738674,
      1.258301752090787,
      0.9865712224853328,
      1.177563719993236,
      0.9972784279622907,
      0.9686881750269224,
      1.1267520565562033,
      1.02285817599685,
      0.8743351978847888,
      0.8724692279127719,
      1.1781345710497102,
      1.1918860911989724,
      1.0343103360859964,
      1.0343103360859964
    ],
    [
      1.01551726741335,
      0.8004657036490844,
      1.0199427196922242,
      1.2684232332446124,
      1.0796468819204916,
      0.0,
      0.7466857758901918,
      1.3451730367887242,
      0.8036400456084009,
      1.1582998719795394,
      0.7843111003175257,
      0.7680064536154897,
      0.7441367387572912,
      0.790650833231478,
      1.130464885704542,
      0.7993347377538017,
      1.1501246061406976,
      0.9964288287105123,
      0.9914043515621127,
      1.099071315119044,
      1.2679669277855938,
      0.904110857478903,
      1.0343103360859964,
      0.6907447882303449,
      0.6907447882303449
    ],
    [
      1.1263643580587135,
      0.6605008960632356,
      1.5194838511832136,
      1.1385983100239692,
      0.9941672285776355,
      0.7466857758901918,
      0.0,
      0.9679338973413445,
      1.2906953052951107,
      1.0835300333259066,
      0.6995742345176015,
      0.955226897629465,
      0.9454654882522847,
      0.9450576198421321,
      0.587020134473346,
      0.8795673552317805,
      0.5916029454516324,
      1.2769398477187988,
      1.0448024456312293,
      1.1230662906695845,
      0.7755944045786711,
      1.1918860911989724,
      0.6907447882303449,
      1.2306956350622593,
      1.2306956350622593
    ],
    [
      1.1676245094427091,
      1.0610439725500906,
      0.7221447575967813,
      0.8861344987016199,
      0.8756284240831566,
      1.3451730367887242,
      0.9679338973413445,
      0.0,
      0.9592300853185779,
      1.1556402728614097,
      0.49278670098816096,
      1.1316512505172696,
      0.8176061209069423,
      1.2757052441987378,
      0.8770543535635503,
      0.9671412597541705,
      1.0266313020118734,
      1.0160755111920452,
      1.1066730053755298,
      0.8188202127514803,
      1.1781345710497102,
      1.0343103360859964,
      1.2306956350622593,
      1.0131504874071664,
      1.0131504874071664
    ],
    [
      1.2988714468070268,
      0.9511993942359587,
      0.9433691285721908,
      1.149927117671051,
      1.0459632758000053,
      0.8036400456084009,
      1.2906953052951107,
      0.9592300853185779,
      0.0,
      0.9824267751261102,
      0.7939088014434857,
      1.0689752551845615,
      1.1903922888026983,
      0.8629358119770472,
      0.8818070614823702,
      0.9947180436734279,
      0.8247249312283128,
      1.2374185115409049,
      1.0813250145128297,
      0.8724692279127719,
      0.904110857478903,
      0.6907447882303449,
      1.0131504874071664,
      1.0322790005349936,
      1.0322790005349936
    ],
    [
      0.9144129692412266,
      0.7811849988172563,
      1.0265104920707102,
      1.0099856410047379,
      0.9797442032162728,
      1.1582998719795394,
      1.0835300333259066,
      1.1556402728614097,
      0.9824267751261102,
      0.0,
      0.7282305357760637,
      1.0150538554226156,
      0.9547702470615863,
      0.7643184449684278,
      1.083323918447624,
      0.7985482783928622,
      1.198520643055964,
      1.0570274368634687,
      0.8743351978847888,
      1.2679669277855938,
      1.1918860911989724,
      1.2306956350622593,
      1.0322790005349936,
      0.9995632516673173,
      0.9995632516673173
    ],
    [
      1.099585621269231,
      1.14249879772933,
      0.7429491529242624,
      1.2014347395196951,
      0.7917056077598924,
      0.7843111003175257,
      0.6995742345176015,
      0.49278670098816096,
      0.7939088014434857,
      0.7282305357760637,
      0.0,
      0.7509268268224817,
      0.8751671760521343,
      1.0762759499946442,
      0.7495193753672637,
      0.7081485775499756,
      1.1472598109436805,
      1.02285817599685,
      1.099071315119044,
      0.7755944045786711,
      1.0343103360859964,
      1.0131504874071664,
      0.9995632516673173,
      0.8957675806941422,
      0.8957675806941422
    ],
    [
      1.0157357627682808,
      1.2730489997333134,
      0.7577094845479474,
      1.1154087675652498,
      0.7486298525738674,
      0.7680064536154897,
      0.955226897629465,
      1.1316512505172696,
      1.0689752551845615,
      1.0150538554226156,
      0.7509268268224817,
      0.0,
      1.3169323227109562,
      1.0988596044489476,
      0.8788777982054683,
      1.1738852051104631,
      1.1267520565562033,
      0.9914043515621127,
      1.1230662906695845,
      1.1781345710497102,
      0.6907447882303449,
      1.0322790005349936,
      0.8957675806941422,
      1.0603141704476369,
      1.0603141704476369
    ],
    [
      1.1699954009382336,
      0.8860018461020537,
      0.9837929009264381,
      1.1043058141191622,
      1.258301752090787,
      0.7441367387572912,
      0.9454654882522847,
      0.8176061209069423,
      1.1903922888026983,
      0.9547702470615863,
      0.8751671760521343,
      1.3169323227109562,
      0.0,
      1.2151784981993698,
      0.8882223244693135,
      0.9686881750269224,
      0.9964288287105123,
      1.0448024456312293,
      0.8188202127514803,
      0.904110857478903,
      1.2306956350622593,
      0.9995632516673173,
      1.0603141704476369,
      1.1407976875998442,
      1.1407976875998442
    ],
    [
      1.3169323227109562,
      0.8172133479155079,
      0.8057691775668451,
      1.1060923958125934,
      0.9865712224853328,
      0.790650833231478,
      0.9450576198421321,
      1.2757052441987378,
      0.8629358119770472,
      0.7643184449684278,
      1.0762759499946442,
      1.0988596044489476,
      1.2151784981993698,
      0.0,
      0.9972784279622907,
      1.1501246061406976,
      1.2769398477187988,
      1.1066730053755298,
      0.8724692279127719,
      1.1918860911989724,
      1.0131504874071664,
      0.8957675806941422,
      1.1407976875998442,
      1.4344407201856453,
      1.4344407201856453
    ],
    [
      1.0762759499946442,
      1.0988596044489476,
      1.2151784981993698,
      0.8266465325792631,
      1.177563719993236,
      1.130464885704542,
      0.587020134473346,
      0.8770543535635503,
      0.8818070614823702,
      1.083323918447624,
      0.7495193753672637,
      0.8788777982054683,
      0.8882223244693135,
      0.9972784279622907,
      0.0,
      0.5916029454516324,
      1.0160755111920452,
      1.0813250145128297,
      1.2679669277855938,
      1.0343103360859964,
      1.0322790005349936,
      1.0603141704476369,
      1.4344407201856453,
      0.9324899603779113,
      0.9324899603779113
    ],
    [
      1.083323918447624,
      0.7495193753672637,
      0.8788777982054683,
      0.8882223244693135,
      0.9972784279622907,
      0.7993347377538017,
      0.8795673552317805,
      0.9671412597541705,
      0.9947180436734279,
      0.7985482783928622,
      0.7081485775499756,
      1.1738852051104631,
      0.9686881750269224,
      1.1501246061406976,
      0.5916029454516324,
      0.0,
      1.2374185115409049,
      0.8743351978847888,
      0.7755944045786711,
      0.6907447882303449,
      0.9995632516673173,
      1.1407976875998442,
      0.9324899603779113,
      0.9849992969220184,
      0.9849992969220184
    ],
    [
      0.9947180436734279,
      0.7985482783928622,
      0.7081485775499756,
      1.1738852051104631,
      0.9686881750269224,
      1.1501246061406976,
      0.5916029454516324,
      1.0266313020118734,
      0.8247249312283128,
      1.198520643055964,
      1.1472598109436805,
      1.1267520565562033,
      0.9964288287105123,
      1.2769398477187988,
      1.0160755111920452,
      1.2374185115409049,
      0.0,
      1.099071315119044,
      1.1781345710497102,
      1.2306956350622593,
      0.8957675806941422,
      1.4344407201856453,
      0.9849992969220184,
      1.0947813633156736,
      1.0947813633156736
    ],
    [
      1.0266313020118734,
      0.8247249312283128,
      1.198520643055964,
      1.1472598109436805,
      1.1267520565562033,
      0.9964288287105123,
      1.2769398477187988,
      1.0160755111920452,
      1.2374185115409049,
      1.0570274368634687,
      1.02285817599685,
      0.9914043515621127,
      1.0448024456312293,
      1.1066730053755298,
      1.0813250145128297,
      0.8743351978847888,
      1.099071315119044,
      0.0,
      0.904110857478903,
      1.0131504874071664,
      1.0603141704476369,
      0.9324899603779113,
      1.0947813633156736,
      1.250962338285963,
      1.250962338285963
    ],
    [
      1.2769398477187988,
      1.0160755111920452,
      1.2374185115409049,
      1.0570274368634687,
      1.02285817599685,
      0.9914043515621127,
      1.0448024456312293,
      1.1066730053755298,
      1.0813250145128297,
      0.8743351978847888,
      1.099071315119044,
      1.1230662906695845,
      0.8188202127514803,
      0.8724692279127719,
      1.2679669277855938,
      0.7755944045786711,
      1.1781345710497102,
      0.904110857478903,
      0.0,
      1.0322790005349936,
      1.1407976875998442,
      0.9849992969220184,
      1.250962338285963,
      1.1197437626785938,
      1.1197437626785938
    ],
    [
      0.9914043515621127,
      1.0448024456312293,
      1.1066730053755298,
      1.0813250145128297,
      0.8743351978847888,
      1.099071315119044,
      1.1230662906695845,
      0.8188202127514803,
      0.8724692279127719,
      1.2679669277855938,
      0.7755944045786711,
      1.1781345710497102,
      0.904110857478903,
      1.1918860911989724,
      1.0343103360859964,
      0.6907447882303449,
      1.2306956350622593,
      1.0131504874071664,
      1.0322790005349936,
      0.0,
      1.4344407201856453,
      1.0947813633156736,
      1.1197437626785938,
      0.8457830039295073,
      0.8457830039295073
    ],
    [
      0.8743351978847888,
      1.099071315119044,
      1.1230662906695845,
      0.8188202127514803,
      0.8724692279127719,
      1.2679669277855938,
      0.7755944045786711,
      1.1781345710497102,
      0.904110857478903,
      1.1918860911989724,
      1.0343103360859964,
      0.6907447882303449,
      1.2306956350622593,
      1.0131504874071664,
      1.0322790005349936,
      0.9995632516673173,
      0.8957675806941422,
      1.0603141704476369,
      1.1407976875998442,
      1.4344407201856453,
      0.0,
      1.250962338285963,
      0.8457830039295073,
      1.2944033398173593,
      1.2944033398173593
    ],
    [
      0.8188202127514803,
      0.8724692279127719,
      1.2679669277855938,
      0.7755944045786711,
      1.1781345710497102,
      0.904110857478903,
      1.1918860911989724,
      1.0343103360859964,
      0.6907447882303449,
      1.2306956350622593,
      1.0131504874071664,
      1.0322790005349936,
      0.9995632516673173,
      0.8957675806941422,
      1.0603141704476369,
      1.1407976875998442,
      1.4344407201856453,
      0.9324899603779113,
      0.9849992969220184,
      1.0947813633156736,
      1.250962338285963,
      0.0,
      1.2944033398173593,
      0.9917514287830732,
      0.9917514287830732
    ],
    [
      1.2679669277855938,
      0.7755944045786711,
      1.1781345710497102,
      0.904110857478903,
      1.1918860911989724,
      1.0343103360859964,
      0.6907447882303449,
      1.2306956350622593,
      1.0131504874071664,
      1.0322790005349936,
      0.9995632516673173,
      0.8957675806941422,
      1.0603141704476369,
      1.1407976875998442,
      1.4344407201856453,
      0.9324899603779113,
      0.9849992969220184,
      1.0947813633156736,
      1.250962338285963,
      1.1197437626785938,
      0.8457830039295073,
      1.2944033398173593,
      0.0,
      0.8906376977101494,
      0.8906376977101494
    ],
    [
      0.7755944045786711,
      1.1781345710497102,
      0.904110857478903,
      1.1918860911989724,
      1.0343103360859964,
      0.6907447882303449,
      1.2306956350622593,
      1.0131504874071664,
      1.0322790005349936,
      0.9995632516673173,
      0.8957675806941422,
      1.0603141704476369,
      1.1407976875998442,
      1.4344407201856453,
      0.9324899603779113,
      0.9849992969220184,
      1.0947813633156736,
      1.250962338285963,
      1.1197437626785938,
      0.8457830039295073,
      1.2944033398173593,
      0.9917514287830732,
      0.8906376977101494,
      0.0,
      1.0498285536286003
    ],
    [
      0.7755944045786711,
      1.1781345710497102,
      0.904110857478903,
      1.1918860911989724,
      1.0343103360859964,
      0.6907447882303449,
      1.2306956350622593,
      1.0131504874071664,
      1.0322790005349936,
      0.9995632516673173,
      0.8957675806941422,
      1.0603141704476369,
      1.1407976875998442,
      1.4344407201856453,
      0.9324899603779113,
      0.9849992969220184,
      1.0947813633156736,
      1.250962338285963,
      1.1197437626785938,
      0.8457830039295073,
      1.2944033398173593,
      0.9917514287830732,
      0.8906376977101494,
      1.0498285536286003,
      0.0
    ]
  ]
}