{
  "servicechain": {
    "SC1": {
      "resptime": 36.656375987698624,
      "resptime_old": 26.65637598769862,
      "waittime": 22.28369721770716,
      "servicetime": 10.0,
      "networktime": 4.372678769991465,
      "services": {
        "MS1_1": {
          "meanserv": 0.36684606752038107,
          "stddevserv": 0.36684606752038107,
          "rate": 2.72593899332025,
          "cv": 1.0,
          "lambda": 0.15
        },
        "MS1_2": {
          "meanserv": 0.08727541648191228,
          "stddevserv": 0.08727541648191228,
          "rate": 11.457980268787932,
          "cv": 1.0,
          "lambda": 0.15
        },
        "MS1_3": {
          "meanserv": 3.37579254771524,
          "stddevserv": 3.37579254771524,
          "rate": 0.2962267336826746,
          "cv": 1.0,
          "lambda": 0.15
        },
        "MS1_4": {
          "meanserv": 0.367525975261791,
          "stddevserv": 0.367525975261791,
          "rate": 2.7208961197577777,
          "cv": 1.0,
          "lambda": 0.15
        },
        "MS1_5": {
          "meanserv": 2.2961604482090534,
          "stddevserv": 2.2961604482090534,
          "rate": 0.4355096355657439,
          "cv": 1.0,
          "lambda": 0.15
        },
        "MS1_6": {
          "meanserv": 0.10261809458990001,
          "stddevserv": 0.10261809458990001,
          "rate": 9.744870083549799,
          "cv": 1.0,
          "lambda": 0.15
        },
        "MS1_7": {
          "meanserv": 1.691482862709079,
          "stddevserv": 1.691482862709079,
          "rate": 0.591197240034936,
          "cv": 1.0,
          "lambda": 0.15
        },
        "MS1_8": {
          "meanserv": 0.3754616987466086,
          "stddevserv": 0.3754616987466086,
          "rate": 2.663387512862875,
          "cv": 1.0,
          "lambda": 0.15
        },
        "MS1_9": {
          "meanserv": 0.9256066469030575,
          "stddevserv": 0.9256066469030575,
          "rate": 1.0803725355104694,
          "cv": 1.0,
          "lambda": 0.15
        },
        "MS1_10": {
          "meanserv": 0.4112302418629774,
          "stddevserv": 0.4112302418629774,
          "rate": 2.431727772426819,
          "cv": 1.0,
          "lambda": 0.15
        }
      },
      "sensors": [
        "S1"
      ],
      "sources": [
        {
          "startTime": 0,
          "stopTime": -1,
          "lambda": 0.15
        }
      ]
    },
    "SC2": {
      "resptime": 39.63509377778931,
      "resptime_old": 29.6350937777893,
      "waittime": 25.76444437333731,
      "servicetime": 10.0,
      "networktime": 3.8706494044519966,
      "services": {
        "MS2_1": {
          "meanserv": 0.6974754530803573,
          "stddevserv": 0.6974754530803573,
          "rate": 1.4337422135554185,
          "cv": 1.0,
          "lambda": 0.15
        },
        "MS2_2": {
          "meanserv": 2.0883450162433927,
          "stddevserv": 2.0883450162433927,
          "rate": 0.4788480793268749,
          "cv": 1.0,
          "lambda": 0.15
        },
        "MS2_3": {
          "meanserv": 1.0089025112222902,
          "stddevserv": 1.0089025112222902,
          "rate": 0.991176044143745,
          "cv": 1.0,
          "lambda": 0.15
        },
        "MS2_4": {
          "meanserv": 4.246438881296046,
          "stddevserv": 4.246438881296046,
          "rate": 0.23549143834487316,
          "cv": 1.0,
          "lambda": 0.15
        },
        "MS2_5": {
          "meanserv": 0.5493867430264441,
          "stddevserv": 0.5493867430264441,
          "rate": 1.8202113769459234,
          "cv": 1.0,
          "lambda": 0.15
        },
        "MS2_6": {
          "meanserv": 0.03227458650253645,
          "stddevserv": 0.03227458650253645,
          "rate": 30.98413049912848,
          "cv": 1.0,
          "lambda": 0.15
        },
        "MS2_7": {
          "meanserv": 0.7127749087344242,
          "stddevserv": 0.7127749087344242,
          "rate": 1.402967455427916,
          "cv": 1.0,
          "lambda": 0.15
        },
        "MS2_8": {
          "meanserv": 0.1230083221225815,
          "stddevserv": 0.1230083221225815,
          "rate": 8.129531260522924,
          "cv": 1.0,
          "lambda": 0.15
        },
        "MS2_9": {
          "meanserv": 0.15753676773664793,
          "stddevserv": 0.15753676773664793,
          "rate": 6.347724498649651,
          "cv": 1.0,
          "lambda": 0.15
        },
        "MS2_10": {
          "meanserv": 0.3838568100352795,
          "stddevserv": 0.3838568100352795,
          "rate": 2.605138098000898,
          "cv": 1.0,
          "lambda": 0.15
        }
      },
      "sensors": [
        "S2"
      ],
      "sources": [
        {
          "startTime": 0,
          "stopTime": -1,
          "lambda": 0.15
        }
      ]
    },
    "SC3": {
      "resptime": 36.04923985282573,
      "resptime_old": 26.04923985282573,
      "waittime": 21.14386727870824,
      "servicetime": 10.0,
      "networktime": 4.905372574117488,
      "services": {
        "MS3_1": {
          "meanserv": 1.76737890392888,
          "stddevserv": 1.76737890392888,
          "rate": 0.565809627905483,
          "cv": 1.0,
          "lambda": 0.15
        },
        "MS3_2": {
          "meanserv": 0.9104053487227226,
          "stddevserv": 0.9104053487227226,
          "rate": 1.0984118243626058,
          "cv": 1.0,
          "lambda": 0.15
        },
        "MS3_3": {
          "meanserv": 1.5430697549923345,
          "stddevserv": 1.5430697549923345,
          "rate": 0.6480588429425653,
          "cv": 1.0,
          "lambda": 0.15
        },
        "MS3_4": {
          "meanserv": 2.017925081237405,
          "stddevserv": 2.017925081237405,
          "rate": 0.4955585364877834,
          "cv": 1.0,
          "lambda": 0.15
        },
        "MS3_5": {
          "meanserv": 0.1278383120796267,
          "stddevserv": 0.1278383120796267,
          "rate": 7.822381129196462,
          "cv": 1.0,
          "lambda": 0.15
        },
        "MS3_6": {
          "meanserv": 0.9542817265801169,
          "stddevserv": 0.9542817265801169,
          "rate": 1.0479085705473212,
          "cv": 1.0,
          "lambda": 0.15
        },
        "MS3_7": {
          "meanserv": 1.1338753022307788,
          "stddevserv": 1.1338753022307788,
          "rate": 0.8819311947553726,
          "cv": 1.0,
          "lambda": 0.15
        },
        "MS3_8": {
          "meanserv": 0.7232650848989355,
          "stddevserv": 0.7232650848989355,
          "rate": 1.3826189330565206,
          "cv": 1.0,
          "lambda": 0.15
        },
        "MS3_9": {
          "meanserv": 0.6574862143443667,
          "stddevserv": 0.6574862143443667,
          "rate": 1.5209444368307885,
          "cv": 1.0,
          "lambda": 0.15
        },
        "MS3_10": {
          "meanserv": 0.16447427098483303,
          "stddevserv": 0.16447427098483303,
          "rate": 6.079978309143653,
          "cv": 1.0,
          "lambda": 0.15
        }
      },
      "sensors": [
        "S3"
      ],
      "sources": [
        {
          "startTime": 0,
          "stopTime": -1,
          "lambda": 0.15
        }
      ]
    },
    "SC4": {
      "resptime": 34.6497250581885,
      "resptime_old": 24.64972505818851,
      "waittime": 20.152025010213073,
      "servicetime": 10.0,
      "networktime": 4.49770004797543,
      "services": {
        "MS4_1": {
          "meanserv": 0.8615872907969591,
          "stddevserv": 0.8615872907969591,
          "rate": 1.1606485038503884,
          "cv": 1.0,
          "lambda": 0.15
        },
        "MS4_2": {
          "meanserv": 1.6436975066456307,
          "stddevserv": 1.6436975066456307,
          "rate": 0.6083844478420766,
          "cv": 1.0,
          "lambda": 0.15
        },
        "MS4_3": {
          "meanserv": 0.8740137020005951,
          "stddevserv": 0.8740137020005951,
          "rate": 1.1441468225395386,
          "cv": 1.0,
          "lambda": 0.15
        },
        "MS4_4": {
          "meanserv": 1.1485978560131267,
          "stddevserv": 1.1485978560131267,
          "rate": 0.870626733947666,
          "cv": 1.0,
          "lambda": 0.15
        },
        "MS4_5": {
          "meanserv": 0.41378396532350603,
          "stddevserv": 0.41378396532350603,
          "rate": 2.416720037032311,
          "cv": 1.0,
          "lambda": 0.15
        },
        "MS4_6": {
          "meanserv": 1.4005413125700503,
          "stddevserv": 1.4005413125700503,
          "rate": 0.7140096411472213,
          "cv": 1.0,
          "lambda": 0.15
        },
        "MS4_7": {
          "meanserv": 2.157641628002618,
          "stddevserv": 2.157641628002618,
          "rate": 0.46346899643650497,
          "cv": 1.0,
          "lambda": 0.15
        },
        "MS4_8": {
          "meanserv": 0.21698471647411743,
          "stddevserv": 0.21698471647411743,
          "rate": 4.608619520533295,
          "cv": 1.0,
          "lambda": 0.15
        },
        "MS4_9": {
          "meanserv": 0.5421817159704059,
          "stddevserv": 0.5421817159704059,
          "rate": 1.8444000794275832,
          "cv": 1.0,
          "lambda": 0.15
        },
        "MS4_10": {
          "meanserv": 0.7409703062029909,
          "stddevserv": 0.7409703062029909,
          "rate": 1.3495817465673816,
          "cv": 1.0,
          "lambda": 0.15
        }
      },
      "sensors": [
        "S4"
      ],
      "sources": [
        {
          "startTime": 0,
          "stopTime": -1,
          "lambda": 0.15
        }
      ]
    }
  },
  "microservice": {
    "MS1_1": "F10",
    "MS1_2": "F10",
    "MS1_3": "F2",
    "MS1_4": "F3",
    "MS1_5": "F3",
    "MS1_6": "F8",
    "MS1_7": "F8",
    "MS1_8": "F9",
    "MS1_9": "F6",
    "MS1_10": "F6",
    "MS2_1": "F5",
    "MS2_2": "F5",
    "MS2_3": "F5",
    "MS2_4": "F1",
    "MS2_5": "F4",
    "MS2_6": "F10",
    "MS2_7": "F10",
    "MS2_8": "F8",
    "MS2_9": "F7",
    "MS2_10": "F7",
    "MS3_1": "F7",
    "MS3_2": "F7",
    "MS3_3": "F10",
    "MS3_4": "F6",
    "MS3_5": "F7",
    "MS3_6": "F7",
    "MS3_7": "F8",
    "MS3_8": "F8",
    "MS3_9": "F6",
    "MS3_10": "F6",
    "MS4_1": "F4",
    "MS4_2": "F9",
    "MS4_3": "F9",
    "MS4_4": "F9",
    "MS4_5": "F8",
    "MS4_6": "F10",
    "MS4_7": "F4",
    "MS4_8": "F4",
    "MS4_9": "F3",
    "MS4_10": "F3"
  },
  "sensor": {
    "S1": "F10",
    "S2": "F5",
    "S3": "F7",
    "S4": "F4"
  },
  "fog": {
    "F1": {
      "rho": 0.636965832194407,
      "capacity": 1.0,
      "tserv": 4.246438881296046,
      "stddev": 4.246438881296046,
      "mu": 0.23549143834487316,
      "cv": 1.0,
      "lambda": 0.15,
      "twait": 7.4506388537397354
    },
    "F2": {
      "rho": 0.5063688821572859,
      "capacity": 1.0,
      "tserv": 3.3757925477152395,
      "stddev": 3.3757925477152404,
      "mu": 0.29622673368267466,
      "cv": 1.0000000000000002,
      "lambda": 0.15,
      "twait": 3.462902230013239
    },
    "F3": {
      "rho": 0.5920257668466362,
      "capacity": 1.0,
      "tserv": 0.9867096114110604,
      "stddev": 1.4668391935922913,
      "mu": 1.0134694021779451,
      "cv": 1.4865966406211588,
      "lambda": 0.6,
      "twait": 2.2980959260247946
    },
    "F4": {
      "rho": 0.5678400567450206,
      "capacity": 1.0,
      "tserv": 0.9464000945750345,
      "stddev": 1.406291565985859,
      "mu": 1.0566355664292635,
      "cv": 1.485937685390164,
      "lambda": 0.6,
      "twait": 1.9946289463569942
    },
    "F5": {
      "rho": 0.5692084470819061,
      "capacity": 1.0,
      "tserv": 1.2649076601820135,
      "stddev": 1.5199899360386577,
      "mu": 0.7905715424761561,
      "cv": 1.2016607882823156,
      "lambda": 0.44999999999999996,
      "twait": 2.04235940280291
    },
    "F6": {
      "rho": 0.6265083682998959,
      "capacity": 1.0,
      "tserv": 0.8353444910665279,
      "stddev": 1.2349442855581267,
      "mu": 1.1971109053741982,
      "cv": 1.4783652717711815,
      "lambda": 0.75,
      "twait": 2.2318650725882336
    },
    "F7": {
      "rho": 0.6451946803624911,
      "capacity": 1.0,
      "tserv": 0.7168829781805456,
      "stddev": 1.0816442125055468,
      "mu": 1.3949278061225663,
      "cv": 1.5088155883555332,
      "lambda": 0.9,
      "twait": 2.1356611390647893
    },
    "F8": {
      "rho": 0.6282050447812171,
      "capacity": 1.0,
      "tserv": 0.6980056053124634,
      "stddev": 1.0653861701039,
      "mu": 1.4326532514768966,
      "cv": 1.5263289606778705,
      "lambda": 0.9,
      "twait": 1.9634929742221625
    },
    "F9": {
      "rho": 0.6062656145108941,
      "capacity": 1.0,
      "tserv": 1.0104426908514903,
      "stddev": 1.200812454905238,
      "mu": 0.9896652319364195,
      "cv": 1.1884023366959335,
      "lambda": 0.6,
      "twait": 1.8766039295434287
    },
    "F10": {
      "rho": 0.6214173070202458,
      "capacity": 1.0,
      "tserv": 0.6904636744669398,
      "stddev": 1.0898994960920192,
      "mu": 1.4483021149114503,
      "cv": 1.5785037452309953,
      "lambda": 0.9,
      "twait": 1.9786415562400543
    }
  },
  "extra": {
    "deltatime": 0.0487121,
    "obj_func": 36.74760866912554
  },
  "network": [
    [
      0.0,
      0.6248108448103031,
      0.8958079436268838,
      0.5211160921924127,
      0.9944834727831402,
      0.9419420770443877,
      0.9589967347110827,
      0.8061532371834059,
      1.1773449414998025,
      1.1773449414998025
    ],
    [
      0.6248108448103031,
      0.0,
      1.0472503791036236,
      1.1286369739154394,
      1.1149207268261936,
      1.3176461506616632,
      1.2510721088660146,
      1.1773449414998025,
      1.0393418380201185,
      1.0393418380201185
    ],
    [
      0.8958079436268838,
      1.0472503791036236,
      0.0,
      1.3262334408858056,
      1.0482781910156505,
      1.1007153682887285,
      0.8061532371834059,
      1.0393418380201185,
      0.9659365151413647,
      0.9659365151413647
    ],
    [
      0.5211160921924127,
      1.1286369739154394,
      1.3262334408858056,
      0.0,
      1.028501499494954,
      0.9589967347110827,
      1.1773449414998025,
      0.9659365151413647,
      1.1083051246288396,
      1.1083051246288396
    ],
    [
      0.9944834727831402,
      1.1149207268261936,
      1.0482781910156505,
      1.028501499494954,
      0.0,
      1.2510721088660146,
      1.0393418380201185,
      1.1083051246288396,
      1.1259963577585457,
      1.1259963577585457
    ],
    [
      0.9419420770443877,
      1.3176461506616632,
      1.1007153682887285,
      0.9589967347110827,
      1.2510721088660146,
      0.0,
      0.9659365151413647,
      1.1259963577585457,
      0.769316535931631,
      0.769316535931631
    ],
    [
      0.9589967347110827,
      1.2510721088660146,
      0.8061532371834059,
      1.1773449414998025,
      1.0393418380201185,
      0.9659365151413647,
      0.0,
      0.769316535931631,
      1.2748066293543159,
      1.2748066293543159
    ],
    [
      0.8061532371834059,
      1.1773449414998025,
      1.0393418380201185,
      0.9659365151413647,
      1.1083051246288396,
      1.1259963577585457,
      0.769316535931631,
      0.0,
      0.47742817891597283,
      0.47742817891597283
    ],
    [
      1.1773449414998025,
      1.0393418380201185,
      0.9659365151413647,
      1.1083051246288396,
      1.1259963577585457,
      0.769316535931631,
      1.2748066293543159,
      0.47742817891597283,
      0.0,
      1.1569775337916095
    ],
    [
      1.1773449414998025,
      1.0393418380201185,
      0.9659365151413647,
      1.1083051246288396,
      1.1259963577585457,
      0.769316535931631,
      1.2748066293543159,
      0.47742817891597283,
      1.1569775337916095,
      0.0
    ]
  ]
}