{
  "servicechain": {
    "SC1": {
      "resptime": 17.77324018724773,
      "resptime_old": 7.773240187247728,
      "waittime": 3.9813097456436854,
      "servicetime": 10.0,
      "networktime": 3.791930441604043,
      "services": {
        "MS1_1": {
          "meanserv": 1.3919994841944605,
          "stddevserv": 1.3919994841944605,
          "rate": 0.7183910707974812,
          "cv": 1.0,
          "lambda": 0.075
        },
        "MS1_2": {
          "meanserv": 1.0687778612574272,
          "stddevserv": 1.0687778612574272,
          "rate": 0.9356481231969855,
          "cv": 1.0,
          "lambda": 0.075
        },
        "MS1_3": {
          "meanserv": 3.8529148941644173,
          "stddevserv": 3.8529148941644173,
          "rate": 0.2595437551747092,
          "cv": 1.0,
          "lambda": 0.075
        },
        "MS1_4": {
          "meanserv": 0.8126771727005409,
          "stddevserv": 0.8126771727005409,
          "rate": 1.230500909330309,
          "cv": 1.0,
          "lambda": 0.075
        },
        "MS1_5": {
          "meanserv": 2.873630587683154,
          "stddevserv": 2.873630587683154,
          "rate": 0.34799184150049134,
          "cv": 1.0,
          "lambda": 0.075
        }
      },
      "sensors": [
        "S1"
      ],
      "sources": [
        {
          "startTime": 0,
          "stopTime": -1,
          "lambda": 0.075
        }
      ]
    },
    "SC2": {
      "resptime": 21.874305734133273,
      "resptime_old": 11.874305734133275,
      "waittime": 6.522803056262998,
      "servicetime": 10.0,
      "networktime": 5.351502677870277,
      "services": {
        "MS2_1": {
          "meanserv": 0.3421866176512911,
          "stddevserv": 0.3421866176512911,
          "rate": 2.9223819647414166,
          "cv": 1.0,
          "lambda": 0.075
        },
        "MS2_2": {
          "meanserv": 5.906452626428216,
          "stddevserv": 5.906452626428216,
          "rate": 0.16930636089850867,
          "cv": 1.0,
          "lambda": 0.075
        },
        "MS2_3": {
          "meanserv": 3.4489933891116538,
          "stddevserv": 3.4489933891116538,
          "rate": 0.28993966852965375,
          "cv": 1.0,
          "lambda": 0.075
        },
        "MS2_4": {
          "meanserv": 0.11093734415366008,
          "stddevserv": 0.11093734415366008,
          "rate": 9.014097170154832,
          "cv": 1.0,
          "lambda": 0.075
        },
        "MS2_5": {
          "meanserv": 0.1914300226551795,
          "stddevserv": 0.1914300226551795,
          "rate": 5.223840994896017,
          "cv": 1.0,
          "lambda": 0.075
        }
      },
      "sensors": [
        "S2"
      ],
      "sources": [
        {
          "startTime": 0,
          "stopTime": -1,
          "lambda": 0.075
        }
      ]
    },
    "SC3": {
      "resptime": 20.956113848015193,
      "resptime_old": 10.956113848015189,
      "waittime": 6.690914422164464,
      "servicetime": 10.0,
      "networktime": 4.265199425850726,
      "services": {
        "MS3_1": {
          "meanserv": 6.28718112991654,
          "stddevserv": 6.28718112991654,
          "rate": 0.15905379204706874,
          "cv": 1.0,
          "lambda": 0.075
        },
        "MS3_2": {
          "meanserv": 1.3108888703851136,
          "stddevserv": 1.3108888703851136,
          "rate": 0.7628411702864023,
          "cv": 1.0,
          "lambda": 0.075
        },
        "MS3_3": {
          "meanserv": 1.6619248194052272,
          "stddevserv": 1.6619248194052272,
          "rate": 0.6017119356565611,
          "cv": 1.0,
          "lambda": 0.075
        },
        "MS3_4": {
          "meanserv": 0.6165648350002666,
          "stddevserv": 0.6165648350002666,
          "rate": 1.6218894481706334,
          "cv": 1.0,
          "lambda": 0.075
        },
        "MS3_5": {
          "meanserv": 0.12344034529285253,
          "stddevserv": 0.12344034529285253,
          "rate": 8.101079089073986,
          "cv": 1.0,
          "lambda": 0.075
        }
      },
      "sensors": [
        "S3"
      ],
      "sources": [
        {
          "startTime": 0,
          "stopTime": -1,
          "lambda": 0.075
        }
      ]
    },
    "SC4": {
      "resptime": 19.35758382628272,
      "resptime_old": 9.35758382628272,
      "waittime": 6.2195471614481965,
      "servicetime": 10.0,
      "networktime": 3.138036664834524,
      "services": {
        "MS4_1": {
          "meanserv": 4.5674365926237614,
          "stddevserv": 4.5674365926237614,
          "rate": 0.2189411893785154,
          "cv": 1.0,
          "lambda": 0.075
        },
        "MS4_2": {
          "meanserv": 0.5991870284656438,
          "stddevserv": 0.5991870284656438,
          "rate": 1.6689279849077008,
          "cv": 1.0,
          "lambda": 0.075
        },
        "MS4_3": {
          "meanserv": 3.9690870672479956,
          "stddevserv": 3.9690870672479956,
          "rate": 0.25194710598610265,
          "cv": 1.0,
          "lambda": 0.075
        },
        "MS4_4": {
          "meanserv": 0.1932020457217618,
          "stddevserv": 0.1932020457217618,
          "rate": 5.175928630901461,
          "cv": 1.0,
          "lambda": 0.075
        },
        "MS4_5": {
          "meanserv": 0.6710872659408373,
          "stddevserv": 0.6710872659408373,
          "rate": 1.4901191704152519,
          "cv": 1.0,
          "lambda": 0.075
        }
      },
      "sensors": [
        "S4"
      ],
      "sources": [
        {
          "startTime": 0,
          "stopTime": -1,
          "lambda": 0.075
        }
      ]
    }
  },
  "microservice": {
    "MS1_1": "F10",
    "MS1_2": "F10",
    "MS1_3": "F7",
    "MS1_4": "F8",
    "MS1_5": "F8",
    "MS2_1": "F6",
    "MS2_2": "F3",
    "MS2_3": "F5",
    "MS2_4": "F1",
    "MS2_5": "F1",
    "MS3_1": "F9",
    "MS3_2": "F6",
    "MS3_3": "F6",
    "MS3_4": "F1",
    "MS3_5": "F1",
    "MS4_1": "F2",
    "MS4_2": "F4",
    "MS4_3": "F4",
    "MS4_4": "F1",
    "MS4_5": "F1"
  },
  "sensor": {
    "S1": "F10",
    "S2": "F6",
    "S3": "F9",
    "S4": "F2"
  },
  "fog": {
    "F1": {
      "rho": 0.14299963940734184,
      "capacity": 1.0,
      "tserv": 0.31777697646075964,
      "stddev": 0.4579231344450544,
      "mu": 3.146861082062954,
      "cv": 1.4410204903614234,
      "lambda": 0.45,
      "twait": 0.0815659585173074
    },
    "F2": {
      "rho": 0.3425577444467821,
      "capacity": 1.0,
      "tserv": 4.5674365926237614,
      "stddev": 4.5674365926237614,
      "mu": 0.2189411893785154,
      "cv": 1.0,
      "lambda": 0.075,
      "twait": 2.3798451709744737
    },
    "F3": {
      "rho": 0.4429839469821162,
      "capacity": 1.0,
      "tserv": 5.906452626428216,
      "stddev": 5.906452626428216,
      "mu": 0.16930636089850867,
      "cv": 1.0,
      "lambda": 0.075,
      "twait": 4.697285981152956
    },
    "F4": {
      "rho": 0.3426205571785229,
      "capacity": 1.0,
      "tserv": 2.2841370478568197,
      "stddev": 3.300817351669843,
      "mu": 0.43780210164634775,
      "cv": 1.4451047737117888,
      "lambda": 0.15,
      "twait": 1.8382850367195536
    },
    "F5": {
      "rho": 0.258674504183374,
      "capacity": 1.0,
      "tserv": 3.4489933891116538,
      "stddev": 3.4489933891116538,
      "mu": 0.28993966852965375,
      "cv": 1.0,
      "lambda": 0.075,
      "twait": 1.2034749376552911
    },
    "F6": {
      "rho": 0.24862502305812237,
      "capacity": 1.0,
      "tserv": 1.105000102480544,
      "stddev": 1.3579341116640549,
      "mu": 0.9049772916356876,
      "cv": 1.2288995345934497,
      "lambda": 0.22499999999999998,
      "twait": 0.4589102204201358
    },
    "F7": {
      "rho": 0.2889686170623313,
      "capacity": 1.0,
      "tserv": 3.8529148941644173,
      "stddev": 3.852914894164418,
      "mu": 0.2595437551747092,
      "cv": 1.0000000000000002,
      "lambda": 0.075,
      "twait": 1.5658542159216509
    },
    "F8": {
      "rho": 0.27647308202877713,
      "capacity": 1.0,
      "tserv": 1.8431538801918477,
      "stddev": 2.3496767257285653,
      "mu": 0.5425482976472444,
      "cv": 1.2748131075653844,
      "lambda": 0.15,
      "twait": 0.9244504302448925
    },
    "F9": {
      "rho": 0.4715385847437405,
      "capacity": 1.0,
      "tserv": 6.28718112991654,
      "stddev": 6.28718112991654,
      "mu": 0.15905379204706874,
      "cv": 1.0,
      "lambda": 0.075,
      "twait": 5.609962064289577
    },
    "F10": {
      "rho": 0.18455830090889158,
      "capacity": 1.0,
      "tserv": 1.2303886727259439,
      "stddev": 1.251436132904646,
      "mu": 0.8127513054752735,
      "cv": 1.017106350737179,
      "lambda": 0.15,
      "twait": 0.28327733461612487
    }
  },
  "extra": {
    "deltatime": 0.4629392,
    "conv": 16,
    "obj_func": 19.99031089891973
  },
  "network": [
    [
      0.0,
      2.282105330757336,
      2.1287206323285557,
      1.60605814684055,
      2.091110235784106,
      2.0398307117944694,
      1.8748296890641918,
      2.139623955625292,
      2.3064526922023463,
      2.3064526922023463
    ],
    [
      2.282105330757336,
      0.0,
      1.4634868857471612,
      1.531978517993974,
      2.2256417113343403,
      1.8321585904447444,
      1.985001027445885,
      2.3064526922023463,
      2.3551040857080796,
      2.3551040857080796
    ],
    [
      2.1287206323285557,
      1.4634868857471612,
      0.0,
      2.3035240705428617,
      1.7107838440428296,
      1.5496085980433414,
      2.139623955625292,
      2.3551040857080796,
      2.645044115649742,
      2.645044115649742
    ],
    [
      1.60605814684055,
      1.531978517993974,
      2.3035240705428617,
      0.0,
      2.2246499304585967,
      1.8748296890641918,
      2.3064526922023463,
      2.645044115649742,
      2.317722913783883,
      2.317722913783883
    ],
    [
      2.091110235784106,
      2.2256417113343403,
      1.7107838440428296,
      2.2246499304585967,
      0.0,
      1.985001027445885,
      2.3551040857080796,
      2.317722913783883,
      2.476499912337112,
      2.476499912337112
    ],
    [
      2.0398307117944694,
      1.8321585904447444,
      1.5496085980433414,
      1.8748296890641918,
      1.985001027445885,
      0.0,
      2.645044115649742,
      2.476499912337112,
      2.2253687140562572,
      2.2253687140562572
    ],
    [
      1.8748296890641918,
      1.985001027445885,
      2.139623955625292,
      2.3064526922023463,
      2.3551040857080796,
      2.645044115649742,
      0.0,
      2.2253687140562572,
      1.5665617275477854,
      1.5665617275477854
    ],
    [
      2.139623955625292,
      2.3064526922023463,
      2.3551040857080796,
      2.645044115649742,
      2.317722913783883,
      2.476499912337112,
      2.2253687140562572,
      0.0,
      2.4416694520237225,
      2.4416694520237225
    ],
    [
      2.3064526922023463,
      2.3551040857080796,
      2.645044115649742,
      2.317722913783883,
      2.476499912337112,
      2.2253687140562572,
      1.5665617275477854,
      2.4416694520237225,
      0.0,
      1.828249495037661
    ],
    [
      2.3064526922023463,
      2.3551040857080796,
      2.645044115649742,
      2.317722913783883,
      2.476499912337112,
      2.2253687140562572,
      1.5665617275477854,
      2.4416694520237225,
      1.828249495037661,
      0.0
    ]
  ]
}