{
  "servicechain": {
    "SC1": {
      "resptime": 22.471063137531754,
      "resptime_old": 12.471063137531756,
      "waittime": 9.076392020323741,
      "servicetime": 10.0,
      "networktime": 3.3946711172080137,
      "services": {
        "MS1_1": {
          "meanserv": 5.4143594884454735,
          "stddevserv": 5.4143594884454735,
          "rate": 0.1846940533102858,
          "cv": 1.0,
          "lambda": 0.1
        },
        "MS1_2": {
          "meanserv": 0.07029943192332766,
          "stddevserv": 0.07029943192332766,
          "rate": 14.22486601443172,
          "cv": 1.0,
          "lambda": 0.1
        },
        "MS1_3": {
          "meanserv": 1.1134086597604647,
          "stddevserv": 1.1134086597604647,
          "rate": 0.8981428258471934,
          "cv": 1.0,
          "lambda": 0.1
        },
        "MS1_4": {
          "meanserv": 1.8866434114980084,
          "stddevserv": 1.8866434114980084,
          "rate": 0.5300418690175229,
          "cv": 1.0,
          "lambda": 0.1
        },
        "MS1_5": {
          "meanserv": 1.5152890083727257,
          "stddevserv": 1.5152890083727257,
          "rate": 0.6599401133872829,
          "cv": 1.0,
          "lambda": 0.1
        }
      },
      "sensors": [
        "S1"
      ],
      "sources": [
        {
          "startTime": 0,
          "stopTime": -1,
          "lambda": 0.1
        }
      ]
    },
    "SC2": {
      "resptime": 19.55451789150025,
      "resptime_old": 9.55451789150025,
      "waittime": 6.213862961141363,
      "servicetime": 10.0,
      "networktime": 3.3406549303588866,
      "services": {
        "MS2_1": {
          "meanserv": 3.422478322588123,
          "stddevserv": 3.422478322588123,
          "rate": 0.29218592661349185,
          "cv": 1.0,
          "lambda": 0.1
        },
        "MS2_2": {
          "meanserv": 0.7822662879868418,
          "stddevserv": 0.7822662879868418,
          "rate": 1.2783370769734879,
          "cv": 1.0,
          "lambda": 0.1
        },
        "MS2_3": {
          "meanserv": 1.2997288651056262,
          "stddevserv": 1.2997288651056262,
          "rate": 0.7693912375476343,
          "cv": 1.0,
          "lambda": 0.1
        },
        "MS2_4": {
          "meanserv": 2.2010483680449795,
          "stddevserv": 2.2010483680449795,
          "rate": 0.4543289527472867,
          "cv": 1.0,
          "lambda": 0.1
        },
        "MS2_5": {
          "meanserv": 2.2944781562744296,
          "stddevserv": 2.2944781562744296,
          "rate": 0.435828947538865,
          "cv": 1.0,
          "lambda": 0.1
        }
      },
      "sensors": [
        "S2"
      ],
      "sources": [
        {
          "startTime": 0,
          "stopTime": -1,
          "lambda": 0.1
        }
      ]
    },
    "SC3": {
      "resptime": 19.543571097094823,
      "resptime_old": 9.543571097094823,
      "waittime": 6.148899979886811,
      "servicetime": 10.0,
      "networktime": 3.3946711172080137,
      "services": {
        "MS3_1": {
          "meanserv": 4.429372405872233,
          "stddevserv": 4.429372405872233,
          "rate": 0.22576561832422395,
          "cv": 1.0,
          "lambda": 0.1
        },
        "MS3_2": {
          "meanserv": 3.6710020921799895,
          "stddevserv": 3.6710020921799895,
          "rate": 0.2724051838952125,
          "cv": 1.0,
          "lambda": 0.1
        },
        "MS3_3": {
          "meanserv": 0.4342772892053155,
          "stddevserv": 0.4342772892053155,
          "rate": 2.302676250535461,
          "cv": 1.0,
          "lambda": 0.1
        },
        "MS3_4": {
          "meanserv": 0.530689921923031,
          "stddevserv": 0.530689921923031,
          "rate": 1.8843395336703526,
          "cv": 1.0,
          "lambda": 0.1
        },
        "MS3_5": {
          "meanserv": 0.9346582908194314,
          "stddevserv": 0.9346582908194314,
          "rate": 1.0699097304569805,
          "cv": 1.0,
          "lambda": 0.1
        }
      },
      "sensors": [
        "S3"
      ],
      "sources": [
        {
          "startTime": 0,
          "stopTime": -1,
          "lambda": 0.1
        }
      ]
    },
    "SC4": {
      "resptime": 44.993966108877125,
      "resptime_old": 34.99396610887713,
      "waittime": 31.838978987276345,
      "servicetime": 10.0,
      "networktime": 3.154987121600779,
      "services": {
        "MS4_1": {
          "meanserv": 0.18910769585131826,
          "stddevserv": 0.18910769585131826,
          "rate": 5.287992090952384,
          "cv": 1.0,
          "lambda": 0.1
        },
        "MS4_2": {
          "meanserv": 0.8954047538307552,
          "stddevserv": 0.8954047538307552,
          "rate": 1.1168133692855229,
          "cv": 1.0,
          "lambda": 0.1
        },
        "MS4_3": {
          "meanserv": 7.913867519590454,
          "stddevserv": 7.913867519590454,
          "rate": 0.12636046756210426,
          "cv": 1.0,
          "lambda": 0.1
        },
        "MS4_4": {
          "meanserv": 0.987557315717897,
          "stddevserv": 0.987557315717897,
          "rate": 1.0125994553268616,
          "cv": 1.0,
          "lambda": 0.1
        },
        "MS4_5": {
          "meanserv": 0.01406271500957601,
          "stddevserv": 0.01406271500957601,
          "rate": 71.11002386943416,
          "cv": 1.0,
          "lambda": 0.1
        }
      },
      "sensors": [
        "S4"
      ],
      "sources": [
        {
          "startTime": 0,
          "stopTime": -1,
          "lambda": 0.1
        }
      ]
    }
  },
  "microservice": {
    "MS1_1": "F2",
    "MS1_2": "F10",
    "MS1_3": "F10",
    "MS1_4": "F6",
    "MS1_5": "F6",
    "MS2_1": "F4",
    "MS2_2": "F9",
    "MS2_3": "F9",
    "MS2_4": "F9",
    "MS2_5": "F5",
    "MS3_1": "F3",
    "MS3_2": "F8",
    "MS3_3": "F7",
    "MS3_4": "F7",
    "MS3_5": "F7",
    "MS4_1": "F10",
    "MS4_2": "F10",
    "MS4_3": "F1",
    "MS4_4": "F10",
    "MS4_5": "F10"
  },
  "sensor": {
    "S1": "F2",
    "S2": "F4",
    "S3": "F3",
    "S4": "F10"
  },
  "fog": {
    "F1": {
      "rho": 0.7913867519590454,
      "capacity": 1.0,
      "tserv": 7.913867519590454,
      "stddev": 7.913867519590454,
      "mu": 0.12636046756210426,
      "cv": 1.0,
      "lambda": 0.1,
      "twait": 30.021726666819113
    },
    "F2": {
      "rho": 0.5414359488445474,
      "capacity": 1.0,
      "tserv": 5.4143594884454735,
      "stddev": 5.4143594884454735,
      "mu": 0.1846940533102858,
      "cv": 1.0,
      "lambda": 0.1,
      "twait": 6.392844924553776
    },
    "F3": {
      "rho": 0.4429372405872233,
      "capacity": 1.0,
      "tserv": 4.429372405872233,
      "stddev": 4.429372405872233,
      "mu": 0.22576561832422395,
      "cv": 1.0,
      "lambda": 0.1,
      "twait": 3.5219263141165533
    },
    "F4": {
      "rho": 0.34224783225881233,
      "capacity": 1.0,
      "tserv": 3.422478322588123,
      "stddev": 3.422478322588123,
      "mu": 0.29218592661349185,
      "cv": 1.0,
      "lambda": 0.1,
      "twait": 1.7808163078824826
    },
    "F5": {
      "rho": 0.22944781562744296,
      "capacity": 1.0,
      "tserv": 2.2944781562744296,
      "stddev": 2.2944781562744296,
      "mu": 0.435828947538865,
      "cv": 1.0,
      "lambda": 0.1,
      "twait": 0.6832282246928381
    },
    "F6": {
      "rho": 0.3401932419870735,
      "capacity": 1.0,
      "tserv": 1.7009662099353673,
      "stddev": 1.7211153632752667,
      "mu": 0.5879011553310031,
      "cv": 1.0118457105274683,
      "lambda": 0.2,
      "twait": 0.8874604677706749
    },
    "F7": {
      "rho": 0.1899625501947778,
      "capacity": 1.0,
      "tserv": 0.6332085006492593,
      "stddev": 0.7035079576929539,
      "mu": 1.5792586469932917,
      "cv": 1.1110210254151882,
      "lambda": 0.30000000000000004,
      "twait": 0.165895376574357
    },
    "F8": {
      "rho": 0.367100209217999,
      "capacity": 1.0,
      "tserv": 3.6710020921799895,
      "stddev": 3.6710020921799895,
      "mu": 0.2724051838952125,
      "cv": 1.0,
      "lambda": 0.1,
      "twait": 2.129287536047186
    },
    "F9": {
      "rho": 0.4283043521137448,
      "capacity": 1.0,
      "tserv": 1.4276811737124824,
      "stddev": 1.6509470586955763,
      "mu": 0.7004364968963216,
      "cv": 1.1563835743540154,
      "lambda": 0.30000000000000004,
      "twait": 1.2499394761886806
    },
    "F10": {
      "rho": 0.32698405720933393,
      "capacity": 1.0,
      "tserv": 0.5449734286822232,
      "stddev": 0.8498257361450937,
      "mu": 1.8349518478690914,
      "cv": 1.5593893049061507,
      "lambda": 0.6,
      "twait": 0.45431308011430827
    }
  },
  "extra": {
    "deltatime": 0.0145352,
    "obj_func": 26.640779558750985
  },
  "network": [
    [
      0.0,
      1.5645291244636323,
      3.0811463943178072,
      2.3992562749296455,
      2.0215434939679495,
      1.8436061405768427,
      2.153214401603472,
      2.165392576719626,
      1.5774935608003895,
      1.5774935608003895
    ],
    [
      1.5645291244636323,
      0.0,
      2.9064861973510006,
      2.267410234544627,
      2.32616222026254,
      1.7074037566372993,
      1.6311389029053946,
      1.5774935608003895,
      1.7011688543427121,
      1.7011688543427121
    ],
    [
      3.0811463943178072,
      2.9064861973510006,
      0.0,
      2.2476261969738687,
      2.409805201780334,
      2.0640569146854264,
      2.165392576719626,
      1.7011688543427121,
      2.4221090132464926,
      2.4221090132464926
    ],
    [
      2.3992562749296455,
      2.267410234544627,
      2.2476261969738687,
      0.0,
      1.2715537506598846,
      2.153214401603472,
      1.5774935608003895,
      2.4221090132464926,
      1.88490950542157,
      1.88490950542157
    ],
    [
      2.0215434939679495,
      2.32616222026254,
      2.409805201780334,
      1.2715537506598846,
      0.0,
      1.6311389029053946,
      1.7011688543427121,
      1.88490950542157,
      1.4557454249373167,
      1.4557454249373167
    ],
    [
      1.8436061405768427,
      1.7074037566372993,
      2.0640569146854264,
      2.153214401603472,
      1.6311389029053946,
      0.0,
      2.4221090132464926,
      1.4557454249373167,
      1.6935022628653018,
      1.6935022628653018
    ],
    [
      2.153214401603472,
      1.6311389029053946,
      2.165392576719626,
      1.5774935608003895,
      1.7011688543427121,
      2.4221090132464926,
      0.0,
      1.6935022628653018,
      1.8539359154274921,
      1.8539359154274921
    ],
    [
      2.165392576719626,
      1.5774935608003895,
      1.7011688543427121,
      2.4221090132464926,
      1.88490950542157,
      1.4557454249373167,
      1.6935022628653018,
      0.0,
      2.092920841398258,
      2.092920841398258
    ],
    [
      1.5774935608003895,
      1.7011688543427121,
      2.4221090132464926,
      1.88490950542157,
      1.4557454249373167,
      1.6935022628653018,
      1.8539359154274921,
      2.092920841398258,
      0.0,
      2.2917330692788322
    ],
    [
      1.5774935608003895,
      1.7011688543427121,
      2.4221090132464926,
      1.88490950542157,
      1.4557454249373167,
      1.6935022628653018,
      1.8539359154274921,
      2.092920841398258,
      2.2917330692788322,
      0.0
    ]
  ]
}