{
  "servicechain": {
    "SC1": {
      "resptime": 33.41926766722352,
      "resptime_old": 23.419267667223526,
      "waittime": 17.288421915159205,
      "servicetime": 10.0,
      "networktime": 6.130845752064316,
      "services": {
        "MS1_1": {
          "meanserv": 0.05362486877206862,
          "stddevserv": 0.05362486877206862,
          "rate": 18.64806428245967,
          "cv": 1.0,
          "lambda": 0.15
        },
        "MS1_2": {
          "meanserv": 0.25818652029396927,
          "stddevserv": 0.25818652029396927,
          "rate": 3.873168896894413,
          "cv": 1.0,
          "lambda": 0.15
        },
        "MS1_3": {
          "meanserv": 0.3125570300856517,
          "stddevserv": 0.3125570300856517,
          "rate": 3.1994161184791285,
          "cv": 1.0,
          "lambda": 0.15
        },
        "MS1_4": {
          "meanserv": 1.419908453979376,
          "stddevserv": 1.419908453979376,
          "rate": 0.7042707557641775,
          "cv": 1.0,
          "lambda": 0.15
        },
        "MS1_5": {
          "meanserv": 1.0910118584034891,
          "stddevserv": 1.0910118584034891,
          "rate": 0.9165803215588605,
          "cv": 1.0,
          "lambda": 0.15
        },
        "MS1_6": {
          "meanserv": 0.3536435422774806,
          "stddevserv": 0.3536435422774806,
          "rate": 2.827706095126053,
          "cv": 1.0,
          "lambda": 0.15
        },
        "MS1_7": {
          "meanserv": 1.3137569101204285,
          "stddevserv": 1.3137569101204285,
          "rate": 0.7611758250682257,
          "cv": 1.0,
          "lambda": 0.15
        },
        "MS1_8": {
          "meanserv": 1.0160283034944584,
          "stddevserv": 1.0160283034944584,
          "rate": 0.9842245502026551,
          "cv": 1.0,
          "lambda": 0.15
        },
        "MS1_9": {
          "meanserv": 0.8099954214867839,
          "stddevserv": 0.8099954214867839,
          "rate": 1.2345748796511145,
          "cv": 1.0,
          "lambda": 0.15
        },
        "MS1_10": {
          "meanserv": 0.052106911029354386,
          "stddevserv": 0.052106911029354386,
          "rate": 19.19131225101121,
          "cv": 1.0,
          "lambda": 0.15
        },
        "MS1_11": {
          "meanserv": 0.41058116905717945,
          "stddevserv": 0.41058116905717945,
          "rate": 2.4355720022335836,
          "cv": 1.0,
          "lambda": 0.15
        },
        "MS1_12": {
          "meanserv": 0.8086069947702175,
          "stddevserv": 0.8086069947702175,
          "rate": 1.236694718778893,
          "cv": 1.0,
          "lambda": 0.15
        },
        "MS1_13": {
          "meanserv": 0.9846086033828545,
          "stddevserv": 0.9846086033828545,
          "rate": 1.0156319948497958,
          "cv": 1.0,
          "lambda": 0.15
        },
        "MS1_14": {
          "meanserv": 0.5828933096101157,
          "stddevserv": 0.5828933096101157,
          "rate": 1.7155798214065585,
          "cv": 1.0,
          "lambda": 0.15
        },
        "MS1_15": {
          "meanserv": 0.5324901032365723,
          "stddevserv": 0.5324901032365723,
          "rate": 1.8779691752425387,
          "cv": 1.0,
          "lambda": 0.15
        }
      },
      "sensors": [
        "S1"
      ],
      "sources": [
        {
          "startTime": 0,
          "stopTime": -1,
          "lambda": 0.15
        }
      ]
    },
    "SC2": {
      "resptime": 31.89708047391599,
      "resptime_old": 21.897080473915995,
      "waittime": 17.53638429452162,
      "servicetime": 10.0,
      "networktime": 4.360696179394372,
      "services": {
        "MS2_1": {
          "meanserv": 1.6680432826664504,
          "stddevserv": 1.6680432826664504,
          "rate": 0.5995048272377261,
          "cv": 1.0,
          "lambda": 0.15
        },
        "MS2_2": {
          "meanserv": 0.7844826343021805,
          "stddevserv": 0.7844826343021805,
          "rate": 1.2747254767335015,
          "cv": 1.0,
          "lambda": 0.15
        },
        "MS2_3": {
          "meanserv": 0.5523151357940139,
          "stddevserv": 0.5523151357940139,
          "rate": 1.8105605571760943,
          "cv": 1.0,
          "lambda": 0.15
        },
        "MS2_4": {
          "meanserv": 0.7496794515796044,
          "stddevserv": 0.7496794515796044,
          "rate": 1.3339034408545682,
          "cv": 1.0,
          "lambda": 0.15
        },
        "MS2_5": {
          "meanserv": 0.05774153782601488,
          "stddevserv": 0.05774153782601488,
          "rate": 17.318555023823073,
          "cv": 1.0,
          "lambda": 0.15
        },
        "MS2_6": {
          "meanserv": 3.7810745752659605,
          "stddevserv": 3.7810745752659605,
          "rate": 0.2644750797938599,
          "cv": 1.0,
          "lambda": 0.15
        },
        "MS2_7": {
          "meanserv": 0.5512826716924915,
          "stddevserv": 0.5512826716924915,
          "rate": 1.813951446958967,
          "cv": 1.0,
          "lambda": 0.15
        },
        "MS2_8": {
          "meanserv": 0.24942871930648813,
          "stddevserv": 0.24942871930648813,
          "rate": 4.009161426079567,
          "cv": 1.0,
          "lambda": 0.15
        },
        "MS2_9": {
          "meanserv": 0.11265823363613414,
          "stddevserv": 0.11265823363613414,
          "rate": 8.876404038339713,
          "cv": 1.0,
          "lambda": 0.15
        },
        "MS2_10": {
          "meanserv": 0.1457721932757181,
          "stddevserv": 0.1457721932757181,
          "rate": 6.8600188933740505,
          "cv": 1.0,
          "lambda": 0.15
        },
        "MS2_11": {
          "meanserv": 0.12286515628520434,
          "stddevserv": 0.12286515628520434,
          "rate": 8.13900401248602,
          "cv": 1.0,
          "lambda": 0.15
        },
        "MS2_12": {
          "meanserv": 0.05639366294957604,
          "stddevserv": 0.05639366294957604,
          "rate": 17.732488859504343,
          "cv": 1.0,
          "lambda": 0.15
        },
        "MS2_13": {
          "meanserv": 0.8965570435590635,
          "stddevserv": 0.8965570435590635,
          "rate": 1.115377997623329,
          "cv": 1.0,
          "lambda": 0.15
        },
        "MS2_14": {
          "meanserv": 0.08877610537026293,
          "stddevserv": 0.08877610537026293,
          "rate": 11.264292298352695,
          "cv": 1.0,
          "lambda": 0.15
        },
        "MS2_15": {
          "meanserv": 0.18292959649083684,
          "stddevserv": 0.18292959649083684,
          "rate": 5.466583971009258,
          "cv": 1.0,
          "lambda": 0.15
        }
      },
      "sensors": [
        "S2"
      ],
      "sources": [
        {
          "startTime": 0,
          "stopTime": -1,
          "lambda": 0.15
        }
      ]
    },
    "SC3": {
      "resptime": 36.258525594413356,
      "resptime_old": 26.25852559441336,
      "waittime": 21.982856021092175,
      "servicetime": 10.0,
      "networktime": 4.275669573321181,
      "services": {
        "MS3_1": {
          "meanserv": 0.31828379146876085,
          "stddevserv": 0.31828379146876085,
          "rate": 3.1418502192190605,
          "cv": 1.0,
          "lambda": 0.15
        },
        "MS3_2": {
          "meanserv": 0.8976104676657293,
          "stddevserv": 0.8976104676657293,
          "rate": 1.1140690043427621,
          "cv": 1.0,
          "lambda": 0.15
        },
        "MS3_3": {
          "meanserv": 0.15238121889959988,
          "stddevserv": 0.15238121889959988,
          "rate": 6.562488522019729,
          "cv": 1.0,
          "lambda": 0.15
        },
        "MS3_4": {
          "meanserv": 0.5198679401122641,
          "stddevserv": 0.5198679401122641,
          "rate": 1.9235654342986657,
          "cv": 1.0,
          "lambda": 0.15
        },
        "MS3_5": {
          "meanserv": 0.166115347183329,
          "stddevserv": 0.166115347183329,
          "rate": 6.019913373183848,
          "cv": 1.0,
          "lambda": 0.15
        },
        "MS3_6": {
          "meanserv": 0.5718763604991262,
          "stddevserv": 0.5718763604991262,
          "rate": 1.7486297197653233,
          "cv": 1.0,
          "lambda": 0.15
        },
        "MS3_7": {
          "meanserv": 1.1354772596350902,
          "stddevserv": 1.1354772596350902,
          "rate": 0.8806869459643527,
          "cv": 1.0,
          "lambda": 0.15
        },
        "MS3_8": {
          "meanserv": 1.9784161447332709,
          "stddevserv": 1.9784161447332709,
          "rate": 0.5054548319685389,
          "cv": 1.0,
          "lambda": 0.15
        },
        "MS3_9": {
          "meanserv": 0.5160329079514625,
          "stddevserv": 0.5160329079514625,
          "rate": 1.9378609088512992,
          "cv": 1.0,
          "lambda": 0.15
        },
        "MS3_10": {
          "meanserv": 1.2890531061866222,
          "stddevserv": 1.2890531061866222,
          "rate": 0.7757632289939382,
          "cv": 1.0,
          "lambda": 0.15
        },
        "MS3_11": {
          "meanserv": 0.14890450202136218,
          "stddevserv": 0.14890450202136218,
          "rate": 6.715713671682926,
          "cv": 1.0,
          "lambda": 0.15
        },
        "MS3_12": {
          "meanserv": 0.9397145830106339,
          "stddevserv": 0.9397145830106339,
          "rate": 1.0641529014014288,
          "cv": 1.0,
          "lambda": 0.15
        },
        "MS3_13": {
          "meanserv": 0.402876981630488,
          "stddevserv": 0.402876981630488,
          "rate": 2.4821472697518945,
          "cv": 1.0,
          "lambda": 0.15
        },
        "MS3_14": {
          "meanserv": 0.0029224029325956025,
          "stddevserv": 0.0029224029325956025,
          "rate": 342.1841625076067,
          "cv": 1.0,
          "lambda": 0.15
        },
        "MS3_15": {
          "meanserv": 0.9604669860696653,
          "stddevserv": 0.9604669860696653,
          "rate": 1.0411602007187233,
          "cv": 1.0,
          "lambda": 0.15
        }
      },
      "sensors": [
        "S3"
      ],
      "sources": [
        {
          "startTime": 0,
          "stopTime": -1,
          "lambda": 0.15
        }
      ]
    },
    "SC4": {
      "resptime": 31.991338388411183,
      "resptime_old": 21.99133838841119,
      "waittime": 17.526348430114453,
      "servicetime": 10.0,
      "networktime": 4.46498995829673,
      "services": {
        "MS4_1": {
          "meanserv": 1.2069259699443924,
          "stddevserv": 1.2069259699443924,
          "rate": 0.828551232554946,
          "cv": 1.0,
          "lambda": 0.15
        },
        "MS4_2": {
          "meanserv": 0.3193223219017538,
          "stddevserv": 0.3193223219017538,
          "rate": 3.131631995046281,
          "cv": 1.0,
          "lambda": 0.15
        },
        "MS4_3": {
          "meanserv": 0.21128166619406974,
          "stddevserv": 0.21128166619406974,
          "rate": 4.733018335256142,
          "cv": 1.0,
          "lambda": 0.15
        },
        "MS4_4": {
          "meanserv": 0.09241621309891812,
          "stddevserv": 0.09241621309891812,
          "rate": 10.82061216823119,
          "cv": 1.0,
          "lambda": 0.15
        },
        "MS4_5": {
          "meanserv": 2.7306020545021634,
          "stddevserv": 2.7306020545021634,
          "rate": 0.36621960287154237,
          "cv": 1.0,
          "lambda": 0.15
        },
        "MS4_6": {
          "meanserv": 1.5714636335235088,
          "stddevserv": 1.5714636335235088,
          "rate": 0.6363494379808313,
          "cv": 1.0,
          "lambda": 0.15
        },
        "MS4_7": {
          "meanserv": 0.13200982611965362,
          "stddevserv": 0.13200982611965362,
          "rate": 7.5751936760646945,
          "cv": 1.0,
          "lambda": 0.15
        },
        "MS4_8": {
          "meanserv": 0.0324183813211274,
          "stddevserv": 0.0324183813211274,
          "rate": 30.846697436688164,
          "cv": 1.0,
          "lambda": 0.15
        },
        "MS4_9": {
          "meanserv": 0.2552562886222054,
          "stddevserv": 0.2552562886222054,
          "rate": 3.9176311988146937,
          "cv": 1.0,
          "lambda": 0.15
        },
        "MS4_10": {
          "meanserv": 1.0356987611646273,
          "stddevserv": 1.0356987611646273,
          "rate": 0.965531713946935,
          "cv": 1.0,
          "lambda": 0.15
        },
        "MS4_11": {
          "meanserv": 0.2847382209851066,
          "stddevserv": 0.2847382209851066,
          "rate": 3.5119977800672766,
          "cv": 1.0,
          "lambda": 0.15
        },
        "MS4_12": {
          "meanserv": 0.7458535556185844,
          "stddevserv": 0.7458535556185844,
          "rate": 1.3407457703551948,
          "cv": 1.0,
          "lambda": 0.15
        },
        "MS4_13": {
          "meanserv": 0.15763873601716227,
          "stddevserv": 0.15763873601716227,
          "rate": 6.343618486582695,
          "cv": 1.0,
          "lambda": 0.15
        },
        "MS4_14": {
          "meanserv": 1.1266836662207425,
          "stddevserv": 1.1266836662207425,
          "rate": 0.8875605726621741,
          "cv": 1.0,
          "lambda": 0.15
        },
        "MS4_15": {
          "meanserv": 0.0976907047659843,
          "stddevserv": 0.0976907047659843,
          "rate": 10.236388430152855,
          "cv": 1.0,
          "lambda": 0.15
        }
      },
      "sensors": [
        "S4"
      ],
      "sources": [
        {
          "startTime": 0,
          "stopTime": -1,
          "lambda": 0.15
        }
      ]
    }
  },
  "microservice": {
    "MS1_1": "F1",
    "MS1_2": "F1",
    "MS1_3": "F1",
    "MS1_4": "F2",
    "MS1_5": "F5",
    "MS1_6": "F7",
    "MS1_7": "F9",
    "MS1_8": "F2",
    "MS1_9": "F8",
    "MS1_10": "F1",
    "MS1_11": "F7",
    "MS1_12": "F9",
    "MS1_13": "F9",
    "MS1_14": "F1",
    "MS1_15": "F8",
    "MS2_1": "F5",
    "MS2_2": "F8",
    "MS2_3": "F8",
    "MS2_4": "F2",
    "MS2_5": "F1",
    "MS2_6": "F4",
    "MS2_7": "F1",
    "MS2_8": "F1",
    "MS2_9": "F1",
    "MS2_10": "F1",
    "MS2_11": "F1",
    "MS2_12": "F1",
    "MS2_13": "F9",
    "MS2_14": "F1",
    "MS2_15": "F1",
    "MS3_1": "F1",
    "MS3_2": "F2",
    "MS3_3": "F7",
    "MS3_4": "F7",
    "MS3_5": "F7",
    "MS3_6": "F7",
    "MS3_7": "F3",
    "MS3_8": "F10",
    "MS3_9": "F3",
    "MS3_10": "F3",
    "MS3_11": "F6",
    "MS3_12": "F6",
    "MS3_13": "F6",
    "MS3_14": "F6",
    "MS3_15": "F5",
    "MS4_1": "F7",
    "MS4_2": "F7",
    "MS4_3": "F1",
    "MS4_4": "F1",
    "MS4_5": "F10",
    "MS4_6": "F8",
    "MS4_7": "F1",
    "MS4_8": "F1",
    "MS4_9": "F1",
    "MS4_10": "F6",
    "MS4_11": "F6",
    "MS4_12": "F6",
    "MS4_13": "F6",
    "MS4_14": "F3",
    "MS4_15": "F1"
  },
  "sensor": {
    "S1": "F1",
    "S2": "F5",
    "S3": "F1",
    "S4": "F7"
  },
  "fog": {
    "F1": {
      "rho": 0.5949860082321907,
      "capacity": 1.0,
      "tserv": 0.18888444705783838,
      "stddev": 0.283814306707164,
      "mu": 5.294242144213121,
      "cv": 1.5025816636996963,
      "lambda": 3.149999999999999,
      "twait": 0.45198175469544566
    },
    "F2": {
      "rho": 0.6124840015078753,
      "capacity": 1.0,
      "tserv": 1.0208066691797921,
      "stddev": 1.0798344436263903,
      "mu": 0.9796174243292218,
      "cv": 1.0578246363672628,
      "lambda": 0.6,
      "twait": 1.7094174357258682
    },
    "F3": {
      "rho": 0.6100870409990876,
      "capacity": 1.0,
      "tserv": 1.0168117349984793,
      "stddev": 1.099740959197668,
      "mu": 0.9834662264214481,
      "cv": 1.0815580911832343,
      "lambda": 0.6,
      "twait": 1.7260285122473003
    },
    "F4": {
      "rho": 0.5671611862898941,
      "capacity": 1.0,
      "tserv": 3.781074575265961,
      "stddev": 3.7810745752659605,
      "mu": 0.2644750797938599,
      "cv": 0.9999999999999999,
      "lambda": 0.15,
      "twait": 4.9544511112043335
    },
    "F5": {
      "rho": 0.5579283190709406,
      "capacity": 1.0,
      "tserv": 1.2398407090465349,
      "stddev": 1.3138657018234217,
      "mu": 0.8065552233472172,
      "cv": 1.059705244582438,
      "lambda": 0.44999999999999996,
      "twait": 1.6609881306130285
    },
    "F6": {
      "rho": 0.557752161507084,
      "capacity": 1.0,
      "tserv": 0.46479346792257,
      "stddev": 0.6961174210590115,
      "mu": 2.151493230895814,
      "cv": 1.4976919193171145,
      "lambda": 1.2,
      "twait": 0.9505246209178169
    },
    "F7": {
      "rho": 0.5551070804812688,
      "capacity": 1.0,
      "tserv": 0.46258923373439065,
      "stddev": 0.6411790093646709,
      "mu": 2.161745079813465,
      "cv": 1.3860655687737489,
      "lambda": 1.2,
      "twait": 0.8430334048377854
    },
    "F8": {
      "rho": 0.6376120392514589,
      "capacity": 1.0,
      "tserv": 0.8501493856686119,
      "stddev": 1.0045329884535221,
      "mu": 1.176263862395826,
      "cv": 1.1815958529023616,
      "lambda": 0.75,
      "twait": 1.7921130360541244
    },
    "F9": {
      "rho": 0.6005294327748845,
      "capacity": 1.0,
      "tserv": 1.0008823879581408,
      "stddev": 1.0367111497523842,
      "mu": 0.9991183899639389,
      "cv": 1.035797174798266,
      "lambda": 0.6,
      "twait": 1.5594657526111309
    },
    "F10": {
      "rho": 0.7063527298853152,
      "capacity": 1.0,
      "tserv": 2.3545090996177174,
      "stddev": 2.4138361422453807,
      "mu": 0.4247169824751843,
      "cv": 1.0251972025239977,
      "lambda": 0.3,
      "twait": 5.808151060293518
    }
  },
  "extra": {
    "conv_gen": 535,
    "max_gen": 600,
    "population": 600,
    "deltatime": 85.1316958,
    "obj_func": 33.39155303099101
  },
  "network": [
    [
      0.0,
      0.5250853830597173,
      0.860994901955229,
      0.7010420692912483,
      0.7766177682359714,
      0.7500057139279547,
      0.554287435079472,
      0.47525678132024685,
      0.5400162133303527,
      0.5400162133303527
    ],
    [
      0.5250853830597173,
      0.0,
      0.7799988218639122,
      0.7690742266598303,
      0.5865699228591852,
      0.61382500995241,
      0.6768780886097765,
      0.5400162133303527,
      0.6579581191648151,
      0.6579581191648151
    ],
    [
      0.860994901955229,
      0.7799988218639122,
      0.0,
      0.550870974717118,
      0.6742795035159279,
      0.5966037407207613,
      0.47525678132024685,
      0.6579581191648151,
      0.6624837455004513,
      0.6624837455004513
    ],
    [
      0.7010420692912483,
      0.7690742266598303,
      0.550870974717118,
      0.0,
      0.7989613976593034,
      0.554287435079472,
      0.5400162133303527,
      0.6624837455004513,
      0.8134780177611001,
      0.8134780177611001
    ],
    [
      0.7766177682359714,
      0.5865699228591852,
      0.6742795035159279,
      0.7989613976593034,
      0.0,
      0.6768780886097765,
      0.6579581191648151,
      0.8134780177611001,
      0.9969449532321557,
      0.9969449532321557
    ],
    [
      0.7500057139279547,
      0.61382500995241,
      0.5966037407207613,
      0.554287435079472,
      0.6768780886097765,
      0.0,
      0.6624837455004513,
      0.9969449532321557,
      0.8144256012225538,
      0.8144256012225538
    ],
    [
      0.554287435079472,
      0.6768780886097765,
      0.47525678132024685,
      0.5400162133303527,
      0.6579581191648151,
      0.6624837455004513,
      0.0,
      0.8144256012225538,
      0.559220391717556,
      0.559220391717556
    ],
    [
      0.47525678132024685,
      0.5400162133303527,
      0.6579581191648151,
      0.6624837455004513,
      0.8134780177611001,
      0.9969449532321557,
      0.8144256012225538,
      0.0,
      0.6878251719627135,
      0.6878251719627135
    ],
    [
      0.5400162133303527,
      0.6579581191648151,
      0.6624837455004513,
      0.8134780177611001,
      0.9969449532321557,
      0.8144256012225538,
      0.559220391717556,
      0.6878251719627135,
      0.0,
      0.7236407246616704
    ],
    [
      0.5400162133303527,
      0.6579581191648151,
      0.6624837455004513,
      0.8134780177611001,
      0.9969449532321557,
      0.8144256012225538,
      0.559220391717556,
      0.6878251719627135,
      0.7236407246616704,
      0.0
    ]
  ]
}