{
  "servicechain": {
    "SC1": {
      "resptime": 31.529601745830767,
      "resptime_old": 21.529601745830764,
      "waittime": 17.124929174475575,
      "servicetime": 10.0,
      "networktime": 4.40467257135519,
      "services": {
        "MS1_1": {
          "meanserv": 1.4407461144293432,
          "stddevserv": 1.4407461144293432,
          "rate": 0.6940848147947872,
          "cv": 1.0,
          "lambda": 0.15
        },
        "MS1_2": {
          "meanserv": 2.1645937731656497,
          "stddevserv": 2.1645937731656497,
          "rate": 0.46198044750795514,
          "cv": 1.0,
          "lambda": 0.15
        },
        "MS1_3": {
          "meanserv": 0.007556045211399631,
          "stddevserv": 0.007556045211399631,
          "rate": 132.34436428349093,
          "cv": 1.0,
          "lambda": 0.15
        },
        "MS1_4": {
          "meanserv": 2.342606705227347,
          "stddevserv": 2.342606705227347,
          "rate": 0.4268748987051803,
          "cv": 1.0,
          "lambda": 0.15
        },
        "MS1_5": {
          "meanserv": 0.7704018015508955,
          "stddevserv": 0.7704018015508955,
          "rate": 1.2980239635822508,
          "cv": 1.0,
          "lambda": 0.15
        },
        "MS1_6": {
          "meanserv": 1.253149693593854,
          "stddevserv": 1.253149693593854,
          "rate": 0.7979892626651355,
          "cv": 1.0,
          "lambda": 0.15
        },
        "MS1_7": {
          "meanserv": 2.020945866821511,
          "stddevserv": 2.020945866821511,
          "rate": 0.49481780606660836,
          "cv": 1.0,
          "lambda": 0.15
        }
      },
      "sensors": [
        "S1"
      ],
      "sources": [
        {
          "startTime": 0,
          "stopTime": -1,
          "lambda": 0.15
        }
      ]
    },
    "SC2": {
      "resptime": 34.283680908147026,
      "resptime_old": 24.283680908147026,
      "waittime": 19.008508231471563,
      "servicetime": 10.0,
      "networktime": 5.275172676675464,
      "services": {
        "MS2_1": {
          "meanserv": 0.45279033107460953,
          "stddevserv": 0.45279033107460953,
          "rate": 2.2085277254633398,
          "cv": 1.0,
          "lambda": 0.15
        },
        "MS2_2": {
          "meanserv": 1.938072897902494,
          "stddevserv": 1.938072897902494,
          "rate": 0.5159764635696953,
          "cv": 1.0,
          "lambda": 0.15
        },
        "MS2_3": {
          "meanserv": 1.2375724098241951,
          "stddevserv": 1.2375724098241951,
          "rate": 0.8080335276236937,
          "cv": 1.0,
          "lambda": 0.15
        },
        "MS2_4": {
          "meanserv": 0.583864386513814,
          "stddevserv": 0.583864386513814,
          "rate": 1.712726487688148,
          "cv": 1.0,
          "lambda": 0.15
        },
        "MS2_5": {
          "meanserv": 0.5479730902760487,
          "stddevserv": 0.5479730902760487,
          "rate": 1.8249071309254197,
          "cv": 1.0,
          "lambda": 0.15
        },
        "MS2_6": {
          "meanserv": 3.3335439045278594,
          "stddevserv": 3.3335439045278594,
          "rate": 0.29998104978960316,
          "cv": 1.0,
          "lambda": 0.15
        },
        "MS2_7": {
          "meanserv": 1.9061829798809793,
          "stddevserv": 1.9061829798809793,
          "rate": 0.5246086081738277,
          "cv": 1.0,
          "lambda": 0.15
        }
      },
      "sensors": [
        "S2"
      ],
      "sources": [
        {
          "startTime": 0,
          "stopTime": -1,
          "lambda": 0.15
        }
      ]
    },
    "SC3": {
      "resptime": 31.845725877615408,
      "resptime_old": 21.84572587761541,
      "waittime": 19.311642572315687,
      "servicetime": 10.0,
      "networktime": 2.5340833052997205,
      "services": {
        "MS3_1": {
          "meanserv": 1.7039680674012625,
          "stddevserv": 1.7039680674012625,
          "rate": 0.5868654578281559,
          "cv": 1.0,
          "lambda": 0.15
        },
        "MS3_2": {
          "meanserv": 1.9474615625681833,
          "stddevserv": 1.9474615625681833,
          "rate": 0.5134889536311393,
          "cv": 1.0,
          "lambda": 0.15
        },
        "MS3_3": {
          "meanserv": 2.123239589644392,
          "stddevserv": 2.123239589644392,
          "rate": 0.4709784071836583,
          "cv": 1.0,
          "lambda": 0.15
        },
        "MS3_4": {
          "meanserv": 1.0397104634344867,
          "stddevserv": 1.0397104634344867,
          "rate": 0.9618062289155861,
          "cv": 1.0,
          "lambda": 0.15
        },
        "MS3_5": {
          "meanserv": 0.6471622797311145,
          "stddevserv": 0.6471622797311145,
          "rate": 1.545207487085749,
          "cv": 1.0,
          "lambda": 0.15
        },
        "MS3_6": {
          "meanserv": 0.6004781602609057,
          "stddevserv": 0.6004781602609057,
          "rate": 1.6653395013825372,
          "cv": 1.0,
          "lambda": 0.15
        },
        "MS3_7": {
          "meanserv": 1.9379798769596555,
          "stddevserv": 1.9379798769596555,
          "rate": 0.5160012298831614,
          "cv": 1.0,
          "lambda": 0.15
        }
      },
      "sensors": [
        "S3"
      ],
      "sources": [
        {
          "startTime": 0,
          "stopTime": -1,
          "lambda": 0.15
        }
      ]
    },
    "SC4": {
      "resptime": 32.751287258839966,
      "resptime_old": 22.751287258839966,
      "waittime": 20.17732741338478,
      "servicetime": 10.0,
      "networktime": 2.5739598454551857,
      "services": {
        "MS4_1": {
          "meanserv": 0.02913651192701927,
          "stddevserv": 0.02913651192701927,
          "rate": 34.32119817584157,
          "cv": 1.0,
          "lambda": 0.15
        },
        "MS4_2": {
          "meanserv": 1.4657933022205194,
          "stddevserv": 1.4657933022205194,
          "rate": 0.6822244299282221,
          "cv": 1.0,
          "lambda": 0.15
        },
        "MS4_3": {
          "meanserv": 1.8486907762966212,
          "stddevserv": 1.8486907762966212,
          "rate": 0.5409233457653984,
          "cv": 1.0,
          "lambda": 0.15
        },
        "MS4_4": {
          "meanserv": 0.45305698407657724,
          "stddevserv": 0.45305698407657724,
          "rate": 2.207227865691563,
          "cv": 1.0,
          "lambda": 0.15
        },
        "MS4_5": {
          "meanserv": 0.5606164638018183,
          "stddevserv": 0.5606164638018183,
          "rate": 1.7837506826298037,
          "cv": 1.0,
          "lambda": 0.15
        },
        "MS4_6": {
          "meanserv": 2.4994029633436545,
          "stddevserv": 2.4994029633436545,
          "rate": 0.4000955486834419,
          "cv": 1.0,
          "lambda": 0.15
        },
        "MS4_7": {
          "meanserv": 3.14330299833379,
          "stddevserv": 3.14330299833379,
          "rate": 0.3181366863232983,
          "cv": 1.0,
          "lambda": 0.15
        }
      },
      "sensors": [
        "S4"
      ],
      "sources": [
        {
          "startTime": 0,
          "stopTime": -1,
          "lambda": 0.15
        }
      ]
    }
  },
  "microservice": {
    "MS1_1": "F7",
    "MS1_2": "F7",
    "MS1_3": "F7",
    "MS1_4": "F10",
    "MS1_5": "F3",
    "MS1_6": "F3",
    "MS1_7": "F1",
    "MS2_1": "F6",
    "MS2_2": "F1",
    "MS2_3": "F3",
    "MS2_4": "F3",
    "MS2_5": "F3",
    "MS2_6": "F4",
    "MS2_7": "F10",
    "MS3_1": "F8",
    "MS3_2": "F5",
    "MS3_3": "F5",
    "MS3_4": "F9",
    "MS3_5": "F9",
    "MS3_6": "F9",
    "MS3_7": "F9",
    "MS4_1": "F2",
    "MS4_2": "F2",
    "MS4_3": "F2",
    "MS4_4": "F2",
    "MS4_5": "F2",
    "MS4_6": "F8",
    "MS4_7": "F6"
  },
  "sensor": {
    "S1": "F7",
    "S2": "F6",
    "S3": "F8",
    "S4": "F2"
  },
  "fog": {
    "F1": {
      "rho": 0.5938528147086006,
      "capacity": 1.0,
      "tserv": 1.9795093823620022,
      "stddev": 1.980376570086589,
      "mu": 0.5051756808582407,
      "cv": 1.0004380821492,
      "lambda": 0.3,
      "twait": 2.8956308346376516
    },
    "F2": {
      "rho": 0.6535941057483833,
      "capacity": 1.0,
      "tserv": 0.8714588076645109,
      "stddev": 1.294296232582341,
      "mu": 1.147501168391397,
      "cv": 1.4852064391328197,
      "lambda": 0.75,
      "twait": 2.6356110326796895
    },
    "F3": {
      "rho": 0.6589442072638211,
      "capacity": 1.0,
      "tserv": 0.8785922763517614,
      "stddev": 0.9811930940011167,
      "mu": 1.1381843739309525,
      "cv": 1.1167786474010353,
      "lambda": 0.75,
      "twait": 1.907309939523176
    },
    "F4": {
      "rho": 0.5000315856791789,
      "capacity": 1.0,
      "tserv": 3.33354390452786,
      "stddev": 3.333543904527859,
      "mu": 0.29998104978960316,
      "cv": 0.9999999999999998,
      "lambda": 0.15,
      "twait": 3.3339651001285464
    },
    "F5": {
      "rho": 0.6106051728318862,
      "capacity": 1.0,
      "tserv": 2.0353505761062873,
      "stddev": 2.0391422032456687,
      "mu": 0.4913158508118256,
      "cv": 1.0018628865139463,
      "lambda": 0.3,
      "twait": 3.1975589993380042
    },
    "F6": {
      "rho": 0.5394139994112599,
      "capacity": 1.0,
      "tserv": 1.7980466647041997,
      "stddev": 2.617709115771833,
      "mu": 0.5561590917689069,
      "cv": 1.455862724342851,
      "lambda": 0.3,
      "twait": 3.2845243267350632
    },
    "F7": {
      "rho": 0.5419343899209587,
      "capacity": 1.0,
      "tserv": 1.2042986442687973,
      "stddev": 1.7484793061416724,
      "mu": 0.8303588190179859,
      "cv": 1.4518652117251865,
      "lambda": 0.44999999999999996,
      "twait": 2.2140734364635994
    },
    "F8": {
      "rho": 0.6305056546117376,
      "capacity": 1.0,
      "tserv": 2.1016855153724587,
      "stddev": 2.175647108877687,
      "mu": 0.475808579678383,
      "cv": 1.0351915607564726,
      "lambda": 0.3,
      "twait": 3.7147479232512692
    },
    "F9": {
      "rho": 0.6337996170579243,
      "capacity": 1.0,
      "tserv": 1.0563326950965406,
      "stddev": 1.300861130765496,
      "mu": 0.9466714460718342,
      "cv": 1.2314880878004135,
      "lambda": 0.6,
      "twait": 2.300444162597103
    },
    "F10": {
      "rho": 0.637318452766249,
      "capacity": 1.0,
      "tserv": 2.1243948425541634,
      "stddev": 2.146691939029289,
      "mu": 0.4707222875751752,
      "cv": 1.0104957402590555,
      "lambda": 0.3,
      "twait": 3.772458151400774
    }
  },
  "extra": {
    "deltatime": 1.3858548,
    "conv": 5,
    "obj_func": 32.60257394760829
  },
  "network": [
    [
      0.0,
      1.5764594829225087,
      1.3955913608611554,
      1.8940448859332861,
      1.365908303758359,
      0.9844480151391891,
      1.3364056573070018,
      1.227471939043411,
      1.1927864927280707,
      1.1927864927280707
    ],
    [
      1.5764594829225087,
      0.0,
      1.1359693416331829,
      1.1630664126642614,
      1.4501107475071042,
      1.1594576544359907,
      1.3690874215353805,
      1.1927864927280707,
      1.8645195782402695,
      1.8645195782402695
    ],
    [
      1.3955913608611554,
      1.1359693416331829,
      0.0,
      1.7422233481025131,
      1.700476122804305,
      1.959172039642338,
      1.227471939043411,
      1.8645195782402695,
      1.7336094830112339,
      1.7336094830112339
    ],
    [
      1.8940448859332861,
      1.1630664126642614,
      1.7422233481025131,
      0.0,
      1.280112402492259,
      1.3364056573070018,
      1.1927864927280707,
      1.7336094830112339,
      1.1529099525726054,
      1.1529099525726054
    ],
    [
      1.365908303758359,
      1.4501107475071042,
      1.700476122804305,
      1.280112402492259,
      0.0,
      1.3690874215353805,
      1.8645195782402695,
      1.1529099525726054,
      1.381173352727115,
      1.381173352727115
    ],
    [
      0.9844480151391891,
      1.1594576544359907,
      1.959172039642338,
      1.3364056573070018,
      1.3690874215353805,
      0.0,
      1.7336094830112339,
      1.381173352727115,
      1.696953077317226,
      1.696953077317226
    ],
    [
      1.3364056573070018,
      1.3690874215353805,
      1.227471939043411,
      1.1927864927280707,
      1.8645195782402695,
      1.7336094830112339,
      0.0,
      1.696953077317226,
      1.2754717274828007,
      1.2754717274828007
    ],
    [
      1.227471939043411,
      1.1927864927280707,
      1.8645195782402695,
      1.7336094830112339,
      1.1529099525726054,
      1.381173352727115,
      1.696953077317226,
      0.0,
      1.2287423302102758,
      1.2287423302102758
    ],
    [
      1.1927864927280707,
      1.8645195782402695,
      1.7336094830112339,
      1.1529099525726054,
      1.381173352727115,
      1.696953077317226,
      1.2754717274828007,
      1.2287423302102758,
      0.0,
      1.7807671066676418
    ],
    [
      1.1927864927280707,
      1.8645195782402695,
      1.7336094830112339,
      1.1529099525726054,
      1.381173352727115,
      1.696953077317226,
      1.2754717274828007,
      1.2287423302102758,
      1.7807671066676418,
      0.0
    ]
  ]
}