{
  "servicechain": {
    "SC1": {
      "resptime": 6787.680468219856,
      "resptime_old": 6777.680468219856,
      "waittime": 6776.132025792007,
      "servicetime": 10.0,
      "networktime": 1.5484424278490878,
      "services": {
        "MS1_1": {
          "meanserv": 2.1646143249081984,
          "stddevserv": 2.1646143249081984,
          "rate": 0.46197606127475394,
          "cv": 1.0,
          "lambda": 0.15
        },
        "MS1_2": {
          "meanserv": 1.1125805702438996,
          "stddevserv": 1.1125805702438996,
          "rate": 0.898811310160468,
          "cv": 1.0,
          "lambda": 0.15
        },
        "MS1_3": {
          "meanserv": 6.722805104847902,
          "stddevserv": 6.722805104847902,
          "rate": 0.14874743271657348,
          "cv": 1.0,
          "lambda": 0.15
        }
      },
      "sensors": [
        "S1"
      ],
      "sources": [
        {
          "startTime": 0,
          "stopTime": -1,
          "lambda": 0.15
        }
      ]
    },
    "SC2": {
      "resptime": 8518.433561556307,
      "resptime_old": 8508.433561556307,
      "waittime": 8504.446913993128,
      "servicetime": 10.0,
      "networktime": 3.986647563178226,
      "services": {
        "MS2_1": {
          "meanserv": 0.037824909950624486,
          "stddevserv": 0.037824909950624486,
          "rate": 26.437604248241975,
          "cv": 1.0,
          "lambda": 0.15
        },
        "MS2_2": {
          "meanserv": 7.532844181858013,
          "stddevserv": 7.532844181858013,
          "rate": 0.13275198263205612,
          "cv": 1.0,
          "lambda": 0.15
        },
        "MS2_3": {
          "meanserv": 2.4293309081913623,
          "stddevserv": 2.4293309081913623,
          "rate": 0.41163597623861803,
          "cv": 1.0,
          "lambda": 0.15
        }
      },
      "sensors": [
        "S2"
      ],
      "sources": [
        {
          "startTime": 0,
          "stopTime": -1,
          "lambda": 0.15
        }
      ]
    },
    "SC3": {
      "resptime": 7904.985161849775,
      "resptime_old": 7894.985161849775,
      "waittime": 7892.32128026263,
      "servicetime": 10.0,
      "networktime": 2.6638815871442953,
      "services": {
        "MS3_1": {
          "meanserv": 0.24652561535795647,
          "stddevserv": 0.24652561535795647,
          "rate": 4.056373608673463,
          "cv": 1.0,
          "lambda": 0.15
        },
        "MS3_2": {
          "meanserv": 2.4976691353788327,
          "stddevserv": 2.4976691353788327,
          "rate": 0.4003732863713854,
          "cv": 1.0,
          "lambda": 0.15
        },
        "MS3_3": {
          "meanserv": 7.255805249263211,
          "stddevserv": 7.255805249263211,
          "rate": 0.13782067815306162,
          "cv": 1.0,
          "lambda": 0.15
        }
      },
      "sensors": [
        "S3"
      ],
      "sources": [
        {
          "startTime": 0,
          "stopTime": -1,
          "lambda": 0.15
        }
      ]
    },
    "SC4": {
      "resptime": 45.95961829420585,
      "resptime_old": 35.959618294205846,
      "waittime": 31.892696570103933,
      "servicetime": 10.0,
      "networktime": 4.066921724101915,
      "services": {
        "MS4_1": {
          "meanserv": 4.430843879993499,
          "stddevserv": 4.430843879993499,
          "rate": 0.22569064202764627,
          "cv": 1.0,
          "lambda": 0.15
        },
        "MS4_2": {
          "meanserv": 5.403224821165359,
          "stddevserv": 5.403224821165359,
          "rate": 0.185074660614311,
          "cv": 1.0,
          "lambda": 0.15
        },
        "MS4_3": {
          "meanserv": 0.16593129884114255,
          "stddevserv": 0.16593129884114255,
          "rate": 6.0265905647937394,
          "cv": 1.0,
          "lambda": 0.15
        }
      },
      "sensors": [
        "S4"
      ],
      "sources": [
        {
          "startTime": 0,
          "stopTime": -1,
          "lambda": 0.15
        }
      ]
    }
  },
  "microservice": {
    "MS1_1": "F8",
    "MS1_2": "F8",
    "MS1_3": "F2",
    "MS2_1": "F7",
    "MS2_2": "F10",
    "MS2_3": "F1",
    "MS3_1": "F5",
    "MS3_2": "F5",
    "MS3_3": "F3",
    "MS4_1": "F6",
    "MS4_2": "F4",
    "MS4_3": "F7"
  },
  "sensor": {
    "S1": "F8",
    "S2": "F7",
    "S3": "F5",
    "S4": "F6"
  },
  "fog": {
    "F1": {
      "rho": 0.36439963622870436,
      "capacity": 1.0,
      "tserv": 2.4293309081913623,
      "stddev": 2.4293309081913623,
      "mu": 0.41163597623861803,
      "cv": 1.0,
      "lambda": 0.15,
      "twait": 1.3927734307317259
    },
    "F2": {
      "rho": 1.0084207657271853,
      "capacity": 1.0,
      "tserv": 6.722805104847902,
      "stddev": 6.722805104847902,
      "mu": 0.14874743271657348,
      "cv": 1.0,
      "lambda": 0.15,
      "twait": 6772.63685539368
    },
    "F3": {
      "rho": 1.0883707873894812,
      "capacity": 1.0,
      "tserv": 7.25580524926321,
      "stddev": 7.2558052492632115,
      "mu": 0.13782067815306165,
      "cv": 1.0000000000000002,
      "lambda": 0.15,
      "twait": 7889.109465813038
    },
    "F4": {
      "rho": 0.8104837231748038,
      "capacity": 1.0,
      "tserv": 5.403224821165359,
      "stddev": 5.403224821165359,
      "mu": 0.185074660614311,
      "cv": 1.0,
      "lambda": 0.15,
      "twait": 23.107386043932635
    },
    "F5": {
      "rho": 0.4116292126105184,
      "capacity": 1.0,
      "tserv": 1.3720973753683947,
      "stddev": 2.1015410491729223,
      "mu": 0.72881124762119,
      "cv": 1.531626753974862,
      "lambda": 0.3,
      "twait": 1.6059072247961184
    },
    "F6": {
      "rho": 0.6646265819990248,
      "capacity": 1.0,
      "tserv": 4.430843879993499,
      "stddev": 4.430843879993499,
      "mu": 0.22569064202764627,
      "cv": 1.0,
      "lambda": 0.15,
      "twait": 8.780828966363735
    },
    "F7": {
      "rho": 0.03056343131876505,
      "capacity": 1.0,
      "tserv": 0.10187810439588352,
      "stddev": 0.1363259754873695,
      "mu": 9.815651811837265,
      "cv": 1.3381283082930808,
      "lambda": 0.3,
      "twait": 0.004481559807561556
    },
    "F8": {
      "rho": 0.4915792342728147,
      "capacity": 1.0,
      "tserv": 1.638597447576049,
      "stddev": 1.7995524737220847,
      "mu": 0.6102780164092676,
      "cv": 1.0982273140875045,
      "lambda": 0.3,
      "twait": 1.7475851991636975
    },
    "F9": {
      "rho": 0,
      "capacity": 1.0,
      "tserv": 0,
      "stddev": 0,
      "mu": 0,
      "cv": 0,
      "lambda": 0.0,
      "twait": 0
    },
    "F10": {
      "rho": 1.129926627278702,
      "capacity": 1.0,
      "tserv": 7.532844181858013,
      "stddev": 7.532844181858012,
      "mu": 0.13275198263205612,
      "cv": 0.9999999999999999,
      "lambda": 0.15,
      "twait": 8503.049659002589
    }
  },
  "extra": {
    "conv_gen": 0,
    "max_gen": 600,
    "population": 600,
    "deltatime": 28.0448946,
    "obj_func": 5814.264702480035
  },
  "network": [
    [
      0.0,
      2.76610079967624,
      4.105116747538207,
      3.0977269098253806,
      3.7352712411218545,
      3.8370080885599718,
      2.5184792962528277,
      2.4888551679916957,
      1.5484424278490878,
      1.5484424278490878
    ],
    [
      2.76610079967624,
      0.0,
      3.273165220681741,
      3.904011702092837,
      3.751943570915876,
      4.235065155171834,
      2.953287437970485,
      1.5484424278490878,
      3.216735036040124,
      3.216735036040124
    ],
    [
      4.105116747538207,
      3.273165220681741,
      0.0,
      3.467722918220878,
      2.6638815871442953,
      3.1676279145839232,
      2.4888551679916957,
      3.216735036040124,
      3.3798493805302257,
      3.3798493805302257
    ],
    [
      3.0977269098253806,
      3.904011702092837,
      3.467722918220878,
      0.0,
      2.0264689404575877,
      2.5184792962528277,
      1.5484424278490878,
      3.3798493805302257,
      3.7019624876323984,
      3.7019624876323984
    ],
    [
      3.7352712411218545,
      3.751943570915876,
      2.6638815871442953,
      2.0264689404575877,
      0.0,
      2.953287437970485,
      3.216735036040124,
      3.7019624876323984,
      3.0624730707267407,
      3.0624730707267407
    ],
    [
      3.8370080885599718,
      4.235065155171834,
      3.1676279145839232,
      2.5184792962528277,
      2.953287437970485,
      0.0,
      3.3798493805302257,
      3.0624730707267407,
      2.768165998546478,
      2.768165998546478
    ],
    [
      2.5184792962528277,
      2.953287437970485,
      2.4888551679916957,
      1.5484424278490878,
      3.216735036040124,
      3.3798493805302257,
      0.0,
      2.768165998546478,
      2.438205135329138,
      2.438205135329138
    ],
    [
      2.4888551679916957,
      1.5484424278490878,
      3.216735036040124,
      3.3798493805302257,
      3.7019624876323984,
      3.0624730707267407,
      2.768165998546478,
      0.0,
      2.943126304281558,
      2.943126304281558
    ],
    [
      1.5484424278490878,
      3.216735036040124,
      3.3798493805302257,
      3.7019624876323984,
      3.0624730707267407,
      2.768165998546478,
      2.438205135329138,
      2.943126304281558,
      0.0,
      2.5511083309561187
    ],
    [
      1.5484424278490878,
      3.216735036040124,
      3.3798493805302257,
      3.7019624876323984,
      3.0624730707267407,
      2.768165998546478,
      2.438205135329138,
      2.943126304281558,
      2.5511083309561187,
      0.0
    ]
  ]
}