{
  "servicechain": {
    "SC1": {
      "resptime": 3890.137948710592,
      "resptime_old": 3880.137948710592,
      "waittime": 3875.565528954616,
      "servicetime": 10.0,
      "networktime": 4.57241975597559,
      "services": {
        "MS1_1": {
          "meanserv": 1.703716411970605,
          "stddevserv": 1.703716411970605,
          "rate": 0.5869521435456205,
          "cv": 1.0,
          "lambda": 0.375
        },
        "MS1_2": {
          "meanserv": 1.2601032025222383,
          "stddevserv": 1.2601032025222383,
          "rate": 0.793585793606736,
          "cv": 1.0,
          "lambda": 0.375
        },
        "MS1_3": {
          "meanserv": 0.33476493814195596,
          "stddevserv": 0.33476493814195596,
          "rate": 2.9871706563724825,
          "cv": 1.0,
          "lambda": 0.375
        },
        "MS1_4": {
          "meanserv": 1.0908491023263274,
          "stddevserv": 1.0908491023263274,
          "rate": 0.9167170765116972,
          "cv": 1.0,
          "lambda": 0.375
        },
        "MS1_5": {
          "meanserv": 0.002890960411458643,
          "stddevserv": 0.002890960411458643,
          "rate": 345.9058090302409,
          "cv": 1.0,
          "lambda": 0.375
        },
        "MS1_6": {
          "meanserv": 0.7976003718940676,
          "stddevserv": 0.7976003718940676,
          "rate": 1.2537606992650874,
          "cv": 1.0,
          "lambda": 0.375
        },
        "MS1_7": {
          "meanserv": 0.5005161825115652,
          "stddevserv": 0.5005161825115652,
          "rate": 1.9979373993105478,
          "cv": 1.0,
          "lambda": 0.375
        },
        "MS1_8": {
          "meanserv": 3.2131424091673555,
          "stddevserv": 3.2131424091673555,
          "rate": 0.3112218111301009,
          "cv": 1.0,
          "lambda": 0.375
        },
        "MS1_9": {
          "meanserv": 0.3452883780749918,
          "stddevserv": 0.3452883780749918,
          "rate": 2.8961299119740835,
          "cv": 1.0,
          "lambda": 0.375
        },
        "MS1_10": {
          "meanserv": 0.7511280429794347,
          "stddevserv": 0.7511280429794347,
          "rate": 1.3313309353134872,
          "cv": 1.0,
          "lambda": 0.375
        }
      },
      "sensors": [
        "S1"
      ],
      "sources": [
        {
          "startTime": 0,
          "stopTime": -1,
          "lambda": 0.375
        }
      ]
    },
    "SC2": {
      "resptime": 12817.700439561062,
      "resptime_old": 12807.700439561062,
      "waittime": 12803.992353338752,
      "servicetime": 10.0,
      "networktime": 3.7080862223099893,
      "services": {
        "MS2_1": {
          "meanserv": 0.1986264166908136,
          "stddevserv": 0.1986264166908136,
          "rate": 5.034577055058204,
          "cv": 1.0,
          "lambda": 0.375
        },
        "MS2_2": {
          "meanserv": 0.18784397497619176,
          "stddevserv": 0.18784397497619176,
          "rate": 5.323567072762088,
          "cv": 1.0,
          "lambda": 0.375
        },
        "MS2_3": {
          "meanserv": 0.19778422465170808,
          "stddevserv": 0.19778422465170808,
          "rate": 5.056014966618137,
          "cv": 1.0,
          "lambda": 0.375
        },
        "MS2_4": {
          "meanserv": 0.24272478469640646,
          "stddevserv": 0.24272478469640646,
          "rate": 4.119892417458615,
          "cv": 1.0,
          "lambda": 0.375
        },
        "MS2_5": {
          "meanserv": 1.130851976301771,
          "stddevserv": 1.130851976301771,
          "rate": 0.8842890324782412,
          "cv": 1.0,
          "lambda": 0.375
        },
        "MS2_6": {
          "meanserv": 0.25034883738384583,
          "stddevserv": 0.25034883738384583,
          "rate": 3.9944263790079284,
          "cv": 1.0,
          "lambda": 0.375
        },
        "MS2_7": {
          "meanserv": 0.29036698712476827,
          "stddevserv": 0.29036698712476827,
          "rate": 3.443917677770677,
          "cv": 1.0,
          "lambda": 0.375
        },
        "MS2_8": {
          "meanserv": 5.845473405523472,
          "stddevserv": 5.845473405523472,
          "rate": 0.1710725429107394,
          "cv": 1.0,
          "lambda": 0.375
        },
        "MS2_9": {
          "meanserv": 1.4462517958736125,
          "stddevserv": 1.4462517958736125,
          "rate": 0.6914425294773426,
          "cv": 1.0,
          "lambda": 0.375
        },
        "MS2_10": {
          "meanserv": 0.2097275967774106,
          "stddevserv": 0.2097275967774106,
          "rate": 4.768089728607944,
          "cv": 1.0,
          "lambda": 0.375
        }
      },
      "sensors": [
        "S2"
      ],
      "sources": [
        {
          "startTime": 0,
          "stopTime": -1,
          "lambda": 0.375
        }
      ]
    },
    "SC3": {
      "resptime": 5306.344138905585,
      "resptime_old": 5296.344138905586,
      "waittime": 5291.442916154357,
      "servicetime": 10.0,
      "networktime": 4.901222751228829,
      "services": {
        "MS3_1": {
          "meanserv": 0.8122217523543962,
          "stddevserv": 0.8122217523543962,
          "rate": 1.2311908627185728,
          "cv": 1.0,
          "lambda": 0.375
        },
        "MS3_2": {
          "meanserv": 0.6342546543054484,
          "stddevserv": 0.6342546543054484,
          "rate": 1.5766537828485745,
          "cv": 1.0,
          "lambda": 0.375
        },
        "MS3_3": {
          "meanserv": 0.024852539598236856,
          "stddevserv": 0.024852539598236856,
          "rate": 40.237336552556755,
          "cv": 1.0,
          "lambda": 0.375
        },
        "MS3_4": {
          "meanserv": 3.7562340177077855,
          "stddevserv": 3.7562340177077855,
          "rate": 0.26622409447488116,
          "cv": 1.0,
          "lambda": 0.375
        },
        "MS3_5": {
          "meanserv": 0.7799674954541365,
          "stddevserv": 0.7799674954541365,
          "rate": 1.2821047105530334,
          "cv": 1.0,
          "lambda": 0.375
        },
        "MS3_6": {
          "meanserv": 1.0447729615267995,
          "stddevserv": 1.0447729615267995,
          "rate": 0.9571457501528661,
          "cv": 1.0,
          "lambda": 0.375
        },
        "MS3_7": {
          "meanserv": 0.45918485719770086,
          "stddevserv": 0.45918485719770086,
          "rate": 2.1777721637049816,
          "cv": 1.0,
          "lambda": 0.375
        },
        "MS3_8": {
          "meanserv": 0.22724285134394506,
          "stddevserv": 0.22724285134394506,
          "rate": 4.400578474023998,
          "cv": 1.0,
          "lambda": 0.375
        },
        "MS3_9": {
          "meanserv": 0.6571465115947612,
          "stddevserv": 0.6571465115947612,
          "rate": 1.521730667904183,
          "cv": 1.0,
          "lambda": 0.375
        },
        "MS3_10": {
          "meanserv": 1.60412235891679,
          "stddevserv": 1.60412235891679,
          "rate": 0.623393841773558,
          "cv": 1.0,
          "lambda": 0.375
        }
      },
      "sensors": [
        "S3"
      ],
      "sources": [
        {
          "startTime": 0,
          "stopTime": -1,
          "lambda": 0.375
        }
      ]
    },
    "SC4": {
      "resptime": 3330.030071183527,
      "resptime_old": 3320.0300711835275,
      "waittime": 3315.155311574621,
      "servicetime": 10.0,
      "networktime": 4.874759608906058,
      "services": {
        "MS4_1": {
          "meanserv": 0.17973682762019272,
          "stddevserv": 0.17973682762019272,
          "rate": 5.563690053065418,
          "cv": 1.0,
          "lambda": 0.375
        },
        "MS4_2": {
          "meanserv": 2.966453365085285,
          "stddevserv": 2.966453365085285,
          "rate": 0.33710288918405096,
          "cv": 1.0,
          "lambda": 0.375
        },
        "MS4_3": {
          "meanserv": 0.03275162826013478,
          "stddevserv": 0.03275162826013478,
          "rate": 30.53283311771092,
          "cv": 1.0,
          "lambda": 0.375
        },
        "MS4_4": {
          "meanserv": 0.6213163950597989,
          "stddevserv": 0.6213163950597989,
          "rate": 1.6094859365553271,
          "cv": 1.0,
          "lambda": 0.375
        },
        "MS4_5": {
          "meanserv": 0.846339955574948,
          "stddevserv": 0.846339955574948,
          "rate": 1.1815583010265247,
          "cv": 1.0,
          "lambda": 0.375
        },
        "MS4_6": {
          "meanserv": 0.37564628824919755,
          "stddevserv": 0.37564628824919755,
          "rate": 2.6620787461012165,
          "cv": 1.0,
          "lambda": 0.375
        },
        "MS4_7": {
          "meanserv": 0.8304207425799452,
          "stddevserv": 0.8304207425799452,
          "rate": 1.204208841042683,
          "cv": 1.0,
          "lambda": 0.375
        },
        "MS4_8": {
          "meanserv": 1.5126906467802135,
          "stddevserv": 1.5126906467802135,
          "rate": 0.661073698134193,
          "cv": 1.0,
          "lambda": 0.375
        },
        "MS4_9": {
          "meanserv": 2.29554346186137,
          "stddevserv": 2.29554346186137,
          "rate": 0.43562668998178655,
          "cv": 1.0,
          "lambda": 0.375
        },
        "MS4_10": {
          "meanserv": 0.3391006889289141,
          "stddevserv": 0.3391006889289141,
          "rate": 2.9489766097456402,
          "cv": 1.0,
          "lambda": 0.375
        }
      },
      "sensors": [
        "S4"
      ],
      "sources": [
        {
          "startTime": 0,
          "stopTime": -1,
          "lambda": 0.375
        }
      ]
    }
  },
  "microservice": {
    "MS1_1": "F3",
    "MS1_2": "F8",
    "MS1_3": "F22",
    "MS1_4": "F16",
    "MS1_5": "F17",
    "MS1_6": "F17",
    "MS1_7": "F17",
    "MS1_8": "F10",
    "MS1_9": "F6",
    "MS1_10": "F6",
    "MS2_1": "F2",
    "MS2_2": "F2",
    "MS2_3": "F2",
    "MS2_4": "F2",
    "MS2_5": "F23",
    "MS2_6": "F5",
    "MS2_7": "F5",
    "MS2_8": "F24",
    "MS2_9": "F18",
    "MS2_10": "F5",
    "MS3_1": "F7",
    "MS3_2": "F1",
    "MS3_3": "F1",
    "MS3_4": "F12",
    "MS3_5": "F14",
    "MS3_6": "F4",
    "MS3_7": "F25",
    "MS3_8": "F25",
    "MS3_9": "F25",
    "MS3_10": "F19",
    "MS4_1": "F11",
    "MS4_2": "F21",
    "MS4_3": "F11",
    "MS4_4": "F11",
    "MS4_5": "F20",
    "MS4_6": "F15",
    "MS4_7": "F15",
    "MS4_8": "F13",
    "MS4_9": "F9",
    "MS4_10": "F22"
  },
  "sensor": {
    "S1": "F3",
    "S2": "F2",
    "S3": "F7",
    "S4": "F11"
  },
  "fog": {
    "F1": {
      "rho": 0.24716519771388198,
      "capacity": 1.0,
      "tserv": 0.3295535969518426,
      "stddev": 0.5424859832002189,
      "mu": 3.0344077844980375,
      "cv": 1.646123690403816,
      "lambda": 0.75,
      "twait": 0.20068975325453434
    },
    "F2": {
      "rho": 0.31011727538066997,
      "capacity": 1.0,
      "tserv": 0.20674485025377998,
      "stddev": 0.2089077149800448,
      "mu": 4.836879848627411,
      "cv": 1.0104615168097772,
      "lambda": 1.5,
      "twait": 0.0939136429300085
    },
    "F3": {
      "rho": 0.6388936544889768,
      "capacity": 1.0,
      "tserv": 1.703716411970605,
      "stddev": 1.703716411970605,
      "mu": 0.5869521435456205,
      "cv": 1.0,
      "lambda": 0.375,
      "twait": 3.014329762376107
    },
    "F4": {
      "rho": 0.39178986057254983,
      "capacity": 1.0,
      "tserv": 1.0447729615267995,
      "stddev": 1.0447729615267995,
      "mu": 0.9571457501528661,
      "cv": 1.0,
      "lambda": 0.375,
      "twait": 0.6730099128434236
    },
    "F5": {
      "rho": 0.28141628298225924,
      "capacity": 1.0,
      "tserv": 0.25014780709534157,
      "stddev": 0.25444358163055114,
      "mu": 3.9976364838523613,
      "cv": 1.0171729450083578,
      "lambda": 1.125,
      "twait": 0.09966124401306461
    },
    "F6": {
      "rho": 0.41115615789540993,
      "capacity": 1.0,
      "tserv": 0.5482082105272132,
      "stddev": 0.6187771480059074,
      "mu": 1.824124449063427,
      "cv": 1.1287265241993145,
      "lambda": 0.75,
      "twait": 0.43522833567035035
    },
    "F7": {
      "rho": 0.3045831571328986,
      "capacity": 1.0,
      "tserv": 0.8122217523543962,
      "stddev": 0.8122217523543962,
      "mu": 1.2311908627185728,
      "cv": 1.0,
      "lambda": 0.375,
      "twait": 0.35574212526140225
    },
    "F8": {
      "rho": 0.47253870094583933,
      "capacity": 1.0,
      "tserv": 1.2601032025222383,
      "stddev": 1.2601032025222383,
      "mu": 0.793585793606736,
      "cv": 1.0,
      "lambda": 0.375,
      "twait": 1.1288933073294705
    },
    "F9": {
      "rho": 0.8608287981980137,
      "capacity": 1.0,
      "tserv": 2.29554346186137,
      "stddev": 2.29554346186137,
      "mu": 0.43562668998178655,
      "cv": 1.0,
      "lambda": 0.375,
      "twait": 14.19884210166552
    },
    "F10": {
      "rho": 1.2049284034377583,
      "capacity": 1.0,
      "tserv": 3.2131424091673555,
      "stddev": 3.2131424091673555,
      "mu": 0.3112218111301009,
      "cv": 1.0,
      "lambda": 0.375,
      "twait": 3867.734946543074
    },
    "F11": {
      "rho": 0.3126768191025474,
      "capacity": 1.0,
      "tserv": 0.27793495031337545,
      "stddev": 0.4498446429737103,
      "mu": 3.5979641958396607,
      "cv": 1.6185249191096849,
      "lambda": 1.125,
      "twait": 0.2288290669422406
    },
    "F12": {
      "rho": 1.4085877566404195,
      "capacity": 1.0,
      "tserv": 3.756234017707785,
      "stddev": 3.756234017707786,
      "mu": 0.2662240944748812,
      "cv": 1.0000000000000002,
      "lambda": 0.375,
      "twait": 5285.694263171014
    },
    "F13": {
      "rho": 0.56725899254258,
      "capacity": 1.0,
      "tserv": 1.5126906467802135,
      "stddev": 1.5126906467802135,
      "mu": 0.661073698134193,
      "cv": 1.0,
      "lambda": 0.375,
      "twait": 1.9829120825937907
    },
    "F14": {
      "rho": 0.2924878107953012,
      "capacity": 1.0,
      "tserv": 0.7799674954541365,
      "stddev": 0.7799674954541365,
      "mu": 1.2821047105530334,
      "cv": 1.0,
      "lambda": 0.375,
      "twait": 0.3224410670483461
    },
    "F15": {
      "rho": 0.45227513656092855,
      "capacity": 1.0,
      "tserv": 0.6030335154145714,
      "stddev": 0.683417385547932,
      "mu": 1.658282623499829,
      "cv": 1.1332991750518187,
      "lambda": 0.75,
      "twait": 0.5687450025318467
    },
    "F16": {
      "rho": 0.40906841337237276,
      "capacity": 1.0,
      "tserv": 1.0908491023263274,
      "stddev": 1.0908491023263274,
      "mu": 0.9167170765116972,
      "cv": 1.0,
      "lambda": 0.375,
      "twait": 0.7551329487460597
    },
    "F17": {
      "rho": 0.4878778180564093,
      "capacity": 1.0,
      "tserv": 0.4336691716056971,
      "stddev": 0.634868875832823,
      "mu": 2.3059052048763684,
      "cv": 1.4639474451969154,
      "lambda": 1.125,
      "twait": 0.6492770605701426
    },
    "F18": {
      "rho": 0.5423444234526047,
      "capacity": 1.0,
      "tserv": 1.4462517958736125,
      "stddev": 1.4462517958736125,
      "mu": 0.6914425294773426,
      "cv": 1.0,
      "lambda": 0.375,
      "twait": 1.7138796872480337
    },
    "F19": {
      "rho": 0.6015458845937962,
      "capacity": 1.0,
      "tserv": 1.60412235891679,
      "stddev": 1.60412235891679,
      "mu": 0.623393841773558,
      "cv": 1.0,
      "lambda": 0.375,
      "twait": 2.421742343927271
    },
    "F20": {
      "rho": 0.3173774833406055,
      "capacity": 1.0,
      "tserv": 0.846339955574948,
      "stddev": 0.846339955574948,
      "mu": 1.1815583010265247,
      "cv": 1.0,
      "lambda": 0.375,
      "twait": 0.3934960224656694
    },
    "F21": {
      "rho": 1.1124200119069818,
      "capacity": 1.0,
      "tserv": 2.9664533650852847,
      "stddev": 2.966453365085286,
      "mu": 0.337102889184051,
      "cv": 1.0000000000000004,
      "lambda": 0.375,
      "twait": 3296.642145621966
    },
    "F22": {
      "rho": 0.25269961015157627,
      "capacity": 1.0,
      "tserv": 0.336932813535435,
      "stddev": 0.3369467616766001,
      "mu": 2.9679507599957478,
      "cv": 1.0000413973961715,
      "lambda": 0.75,
      "twait": 0.11393854003975538
    },
    "F23": {
      "rho": 0.4240694911131641,
      "capacity": 1.0,
      "tserv": 1.130851976301771,
      "stddev": 1.130851976301771,
      "mu": 0.8842890324782412,
      "cv": 1.0,
      "lambda": 0.375,
      "twait": 0.8326695924504953
    },
    "F24": {
      "rho": 2.1920525270713016,
      "capacity": 1.0,
      "tserv": 5.845473405523472,
      "stddev": 5.845473405523472,
      "mu": 0.1710725429107394,
      "cv": 1.0,
      "lambda": 0.375,
      "twait": 12800.771165755295
    },
    "F25": {
      "rho": 0.5038403325511527,
      "capacity": 1.0,
      "tserv": 0.4478580733788024,
      "stddev": 0.5121629320388215,
      "mu": 2.2328502251966573,
      "cv": 1.1435831181402627,
      "lambda": 1.125,
      "twait": 0.5247793425838163
    }
  },
  "extra": {
    "deltatime": 7.9186714,
    "conv": 10,
    "obj_func": 6336.053149590191
  },
  "network": [
    [
      0.0,
      0.9116805746470569,
      1.2319524163064617,
      1.341780130292905,
      1.0919338379393788,
      1.2192656922183707,
      0.6588133978331755,
      1.153067099251864,
      1.0329813330701234,
      0.9755581916862742,
      0.8107700122930226,
      0.8105921641879246,
      1.3061656314961096,
      1.1212834783764445,
      1.1055976409999397,
      0.9309931516542611,
      1.029450391695443,
      1.3182072767942803,
      1.0109546140434627,
      0.7184812387378646,
      0.833745022015984,
      0.846570946925487,
      1.1123613468108355,
      0.8883274335175538,
      0.8883274335175538
    ],
    [
      0.9116805746470569,
      0.0,
      1.2952983036231438,
      0.9798508273713074,
      1.1301524548724753,
      1.123669308205768,
      1.2412962969092558,
      1.0156313371348855,
      0.8822981361881843,
      1.0363948323329824,
      1.3339042660415845,
      0.8716084031456365,
      0.9713498444124861,
      0.9981783150296358,
      0.7722448651466453,
      0.9815345459842021,
      0.8344023002613771,
      1.266907007716398,
      1.0316195351918411,
      0.8552650780571519,
      0.970311405748994,
      1.2540841787310035,
      0.8883274335175538,
      0.9011486979001556,
      0.9011486979001556
    ],
    [
      1.2319524163064617,
      1.2952983036231438,
      0.0,
      0.9679184010482688,
      0.9470367789781621,
      1.202525263849406,
      1.1333241837467052,
      0.8719776651039984,
      0.8454697829822525,
      0.979935260912322,
      0.811397653723765,
      0.7857826922500676,
      0.7881201863040184,
      1.152521985579927,
      1.0456412568805469,
      1.3145567103220963,
      0.9030280475429547,
      0.8398880864351084,
      0.7632421899456494,
      1.06371230039931,
      0.89184850080977,
      1.1123613468108355,
      0.9011486979001556,
      1.1249655440510355,
      1.1249655440510355
    ],
    [
      1.341780130292905,
      0.9798508273713074,
      0.9679184010482688,
      0.0,
      0.8560926986924232,
      0.9252349859807333,
      1.0395407570261532,
      1.071249795800681,
      1.0128117440820048,
      1.1909384828366525,
      1.1879996764065297,
      0.9132731381361556,
      0.969015237483827,
      1.015645752901173,
      1.003318816861769,
      0.9738801516719626,
      0.7399496705094066,
      1.202166530186135,
      0.8711065635947723,
      1.102250702741475,
      0.846570946925487,
      0.8883274335175538,
      1.1249655440510355,
      0.7388892796082587,
      0.7388892796082587
    ],
    [
      1.0919338379393788,
      1.1301524548724753,
      0.9470367789781621,
      0.8560926986924232,
      0.0,
      0.9413370919755366,
      0.8178723578732041,
      1.3236387770746905,
      1.0659093911648083,
      1.0366959443918735,
      1.257934111981177,
      0.751918361147003,
      1.113336358634215,
      0.9989716933197724,
      1.273820549530783,
      0.8285897217450489,
      0.8171785654774896,
      0.7146857028320629,
      1.2248573646413874,
      0.833745022015984,
      1.2540841787310035,
      0.9011486979001556,
      0.7388892796082587,
      0.5322768166978419,
      0.5322768166978419
    ],
    [
      1.2192656922183707,
      1.123669308205768,
      1.202525263849406,
      0.9252349859807333,
      0.9413370919755366,
      0.0,
      0.823865044764269,
      0.9363866038373245,
      0.6884947010014969,
      0.7185882918286398,
      0.8502441787565709,
      0.7057093384043857,
      1.0858186595578976,
      0.9997392178995245,
      1.005795561624773,
      1.0173077325803663,
      0.7464259745325981,
      0.9865630612506873,
      0.7184812387378646,
      0.970311405748994,
      1.1123613468108355,
      1.1249655440510355,
      0.5322768166978419,
      0.8139895132456508,
      0.8139895132456508
    ],
    [
      0.6588133978331755,
      1.2412962969092558,
      1.1333241837467052,
      1.0395407570261532,
      0.8178723578732041,
      0.823865044764269,
      0.0,
      1.2802723575829602,
      1.0422158782696394,
      1.2814698503675266,
      1.0956468920593703,
      0.8523604293549716,
      0.9098572171098327,
      1.2274679749473978,
      0.9552060819884672,
      1.1742800008018976,
      0.9054866474972794,
      1.0109546140434627,
      0.8552650780571519,
      0.89184850080977,
      0.8883274335175538,
      0.7388892796082587,
      0.8139895132456508,
      0.977465268683339,
      0.977465268683339
    ],
    [
      1.153067099251864,
      1.0156313371348855,
      0.8719776651039984,
      1.071249795800681,
      1.3236387770746905,
      0.9363866038373245,
      1.2802723575829602,
      0.0,
      1.1266004549074482,
      1.353856957759254,
      0.8745222907304486,
      1.3538125770236047,
      0.9592436574100368,
      0.9338510214503674,
      1.0090729034851316,
      0.972669207686802,
      1.3182072767942803,
      1.0316195351918411,
      1.06371230039931,
      0.846570946925487,
      0.9011486979001556,
      0.5322768166978419,
      0.977465268683339,
      0.9156569946262222,
      0.9156569946262222
    ],
    [
      1.0329813330701234,
      0.8822981361881843,
      0.8454697829822525,
      1.0128117440820048,
      1.0659093911648083,
      0.6884947010014969,
      1.0422158782696394,
      1.1266004549074482,
      0.0,
      0.9488561011691188,
      1.0098852428361604,
      0.7989655359990708,
      0.6017320603773656,
      0.7676772920657559,
      1.1297984746373682,
      1.029450391695443,
      1.266907007716398,
      0.7632421899456494,
      1.102250702741475,
      1.2540841787310035,
      1.1249655440510355,
      0.8139895132456508,
      0.9156569946262222,
      0.9915498184437643,
      0.9915498184437643
    ],
    [
      0.9755581916862742,
      1.0363948323329824,
      0.979935260912322,
      1.1909384828366525,
      1.0366959443918735,
      0.7185882918286398,
      1.2814698503675266,
      1.353856957759254,
      0.9488561011691188,
      0.0,
      1.0752487603597258,
      1.2477495098576246,
      1.073994020660116,
      0.8794835014347365,
      0.9309931516542611,
      0.8344023002613771,
      0.8398880864351084,
      0.8711065635947723,
      0.833745022015984,
      1.1123613468108355,
      0.7388892796082587,
      0.977465268683339,
      0.9915498184437643,
      1.19125865028381,
      1.19125865028381
    ],
    [
      0.8107700122930226,
      1.3339042660415845,
      0.811397653723765,
      1.1879996764065297,
      1.257934111981177,
      0.8502441787565709,
      1.0956468920593703,
      0.8745222907304486,
      1.0098852428361604,
      1.0752487603597258,
      0.0,
      1.2111099300940351,
      0.9741837473832565,
      1.1055976409999397,
      0.9815345459842021,
      0.9030280475429547,
      1.202166530186135,
      1.2248573646413874,
      0.970311405748994,
      0.8883274335175538,
      0.5322768166978419,
      0.9156569946262222,
      1.19125865028381,
      1.0495018823752649,
      1.0495018823752649
    ],
    [
      0.8105921641879246,
      0.8716084031456365,
      0.7857826922500676,
      0.9132731381361556,
      0.751918361147003,
      0.7057093384043857,
      0.8523604293549716,
      1.3538125770236047,
      0.7989655359990708,
      1.2477495098576246,
      1.2111099300940351,
      0.0,
      1.1212834783764445,
      0.7722448651466453,
      1.3145567103220963,
      0.7399496705094066,
      0.7146857028320629,
      0.7184812387378646,
      0.89184850080977,
      0.9011486979001556,
      0.8139895132456508,
      0.9915498184437643,
      1.0495018823752649,
      1.0794382255914106,
      1.0794382255914106
    ],
    [
      1.3061656314961096,
      0.9713498444124861,
      0.7881201863040184,
      0.969015237483827,
      1.113336358634215,
      1.0858186595578976,
      0.9098572171098327,
      0.9592436574100368,
      0.6017320603773656,
      1.073994020660116,
      0.9741837473832565,
      1.1212834783764445,
      0.0,
      1.0456412568805469,
      0.9738801516719626,
      0.8171785654774896,
      0.9865630612506873,
      0.8552650780571519,
      0.846570946925487,
      1.1249655440510355,
      0.977465268683339,
      1.19125865028381,
      1.0794382255914106,
      0.8464467059643516,
      0.8464467059643516
    ],
    [
      1.1212834783764445,
      0.9981783150296358,
      1.152521985579927,
      1.015645752901173,
      0.9989716933197724,
      0.9997392178995245,
      1.2274679749473978,
      0.9338510214503674,
      0.7676772920657559,
      0.8794835014347365,
      1.1055976409999397,
      0.7722448651466453,
      1.0456412568805469,
      0.0,
      0.8285897217450489,
      0.7464259745325981,
      1.0109546140434627,
      1.06371230039931,
      1.2540841787310035,
      0.7388892796082587,
      0.9156569946262222,
      1.0495018823752649,
      0.8464467059643516,
      1.1637709244476302,
      1.1637709244476302
    ],
    [
      1.1055976409999397,
      0.7722448651466453,
      1.0456412568805469,
      1.003318816861769,
      1.273820549530783,
      1.005795561624773,
      0.9552060819884672,
      1.0090729034851316,
      1.1297984746373682,
      0.9309931516542611,
      0.9815345459842021,
      1.3145567103220963,
      0.9738801516719626,
      0.8285897217450489,
      0.0,
      0.9054866474972794,
      1.0316195351918411,
      1.102250702741475,
      1.1123613468108355,
      0.5322768166978419,
      0.9915498184437643,
      1.0794382255914106,
      1.1637709244476302,
      0.9918717636270286,
      0.9918717636270286
    ],
    [
      0.9309931516542611,
      0.9815345459842021,
      1.3145567103220963,
      0.9738801516719626,
      0.8285897217450489,
      1.0173077325803663,
      1.1742800008018976,
      0.972669207686802,
      1.029450391695443,
      0.8344023002613771,
      0.9030280475429547,
      0.7399496705094066,
      0.8171785654774896,
      0.7464259745325981,
      0.9054866474972794,
      0.0,
      0.7632421899456494,
      0.833745022015984,
      0.8883274335175538,
      0.8139895132456508,
      1.19125865028381,
      0.8464467059643516,
      0.9918717636270286,
      1.1248687254199683,
      1.1248687254199683
    ],
    [
      1.029450391695443,
      0.8344023002613771,
      0.9030280475429547,
      0.7399496705094066,
      0.8171785654774896,
      0.7464259745325981,
      0.9054866474972794,
      1.3182072767942803,
      1.266907007716398,
      0.8398880864351084,
      1.202166530186135,
      0.7146857028320629,
      0.9865630612506873,
      1.0109546140434627,
      1.0316195351918411,
      0.7632421899456494,
      0.0,
      0.970311405748994,
      0.9011486979001556,
      0.977465268683339,
      1.0495018823752649,
      1.1637709244476302,
      1.1248687254199683,
      1.065349173697934,
      1.065349173697934
    ],
    [
      1.3182072767942803,
      1.266907007716398,
      0.8398880864351084,
      1.202166530186135,
      0.7146857028320629,
      0.9865630612506873,
      1.0109546140434627,
      1.0316195351918411,
      0.7632421899456494,
      0.8711065635947723,
      1.2248573646413874,
      0.7184812387378646,
      0.8552650780571519,
      1.06371230039931,
      1.102250702741475,
      0.833745022015984,
      0.970311405748994,
      0.0,
      1.1249655440510355,
      0.9156569946262222,
      1.0794382255914106,
      0.9918717636270286,
      1.065349173697934,
      0.8339069896542721,
      0.8339069896542721
    ],
    [
      1.0109546140434627,
      1.0316195351918411,
      0.7632421899456494,
      0.8711065635947723,
      1.2248573646413874,
      0.7184812387378646,
      0.8552650780571519,
      1.06371230039931,
      1.102250702741475,
      0.833745022015984,
      0.970311405748994,
      0.89184850080977,
      0.846570946925487,
      1.2540841787310035,
      1.1123613468108355,
      0.8883274335175538,
      0.9011486979001556,
      1.1249655440510355,
      0.0,
      0.9915498184437643,
      0.8464467059643516,
      1.1248687254199683,
      0.8339069896542721,
      0.9050372915516527,
      0.9050372915516527
    ],
    [
      0.7184812387378646,
      0.8552650780571519,
      1.06371230039931,
      1.102250702741475,
      0.833745022015984,
      0.970311405748994,
      0.89184850080977,
      0.846570946925487,
      1.2540841787310035,
      1.1123613468108355,
      0.8883274335175538,
      0.9011486979001556,
      1.1249655440510355,
      0.7388892796082587,
      0.5322768166978419,
      0.8139895132456508,
      0.977465268683339,
      0.9156569946262222,
      0.9915498184437643,
      0.0,
      1.1637709244476302,
      1.065349173697934,
      0.9050372915516527,
      0.9275936619988104,
      0.9275936619988104
    ],
    [
      0.833745022015984,
      0.970311405748994,
      0.89184850080977,
      0.846570946925487,
      1.2540841787310035,
      1.1123613468108355,
      0.8883274335175538,
      0.9011486979001556,
      1.1249655440510355,
      0.7388892796082587,
      0.5322768166978419,
      0.8139895132456508,
      0.977465268683339,
      0.9156569946262222,
      0.9915498184437643,
      1.19125865028381,
      1.0495018823752649,
      1.0794382255914106,
      0.8464467059643516,
      1.1637709244476302,
      0.0,
      0.8339069896542721,
      0.9275936619988104,
      1.1348339983772016,
      1.1348339983772016
    ],
    [
      0.846570946925487,
      1.2540841787310035,
      1.1123613468108355,
      0.8883274335175538,
      0.9011486979001556,
      1.1249655440510355,
      0.7388892796082587,
      0.5322768166978419,
      0.8139895132456508,
      0.977465268683339,
      0.9156569946262222,
      0.9915498184437643,
      1.19125865028381,
      1.0495018823752649,
      1.0794382255914106,
      0.8464467059643516,
      1.1637709244476302,
      0.9918717636270286,
      1.1248687254199683,
      1.065349173697934,
      0.8339069896542721,
      0.0,
      1.1348339983772016,
      1.1845586056817115,
      1.1845586056817115
    ],
    [
      1.1123613468108355,
      0.8883274335175538,
      0.9011486979001556,
      1.1249655440510355,
      0.7388892796082587,
      0.5322768166978419,
      0.8139895132456508,
      0.977465268683339,
      0.9156569946262222,
      0.9915498184437643,
      1.19125865028381,
      1.0495018823752649,
      1.0794382255914106,
      0.8464467059643516,
      1.1637709244476302,
      0.9918717636270286,
      1.1248687254199683,
      1.065349173697934,
      0.8339069896542721,
      0.9050372915516527,
      0.9275936619988104,
      1.1348339983772016,
      0.0,
      0.9463721133325276,
      0.9463721133325276
    ],
    [
      0.8883274335175538,
      0.9011486979001556,
      1.1249655440510355,
      0.7388892796082587,
      0.5322768166978419,
      0.8139895132456508,
      0.977465268683339,
      0.9156569946262222,
      0.9915498184437643,
      1.19125865028381,
      1.0495018823752649,
      1.0794382255914106,
      0.8464467059643516,
      1.1637709244476302,
      0.9918717636270286,
      1.1248687254199683,
      1.065349173697934,
      0.8339069896542721,
      0.9050372915516527,
      0.9275936619988104,
      1.1348339983772016,
      1.1845586056817115,
      0.9463721133325276,
      0.0,
      0.9603392357120151
    ],
    [
      0.8883274335175538,
      0.9011486979001556,
      1.1249655440510355,
      0.7388892796082587,
      0.5322768166978419,
      0.8139895132456508,
      0.977465268683339,
      0.9156569946262222,
      0.9915498184437643,
      1.19125865028381,
      1.0495018823752649,
      1.0794382255914106,
      0.8464467059643516,
      1.1637709244476302,
      0.9918717636270286,
      1.1248687254199683,
      1.065349173697934,
      0.8339069896542721,
      0.9050372915516527,
      0.9275936619988104,
      1.1348339983772016,
      1.1845586056817115,
      0.9463721133325276,
      0.9603392357120151,
      0.0
    ]
  ]
}