{
  "servicechain": {
    "SC1": {
      "resptime": 27.586716495229467,
      "resptime_old": 17.586716495229467,
      "waittime": 12.189245778197574,
      "servicetime": 10.0,
      "networktime": 5.397470717031894,
      "services": {
        "MS1_1": {
          "meanserv": 0.9742582964770441,
          "stddevserv": 0.9742582964770441,
          "rate": 1.026421846871655,
          "cv": 1.0,
          "lambda": 0.15
        },
        "MS1_2": {
          "meanserv": 3.1133715875507133,
          "stddevserv": 3.1133715875507133,
          "rate": 0.3211951968723075,
          "cv": 1.0,
          "lambda": 0.15
        },
        "MS1_3": {
          "meanserv": 2.8961953320697047,
          "stddevserv": 2.8961953320697047,
          "rate": 0.3452805786015031,
          "cv": 1.0,
          "lambda": 0.15
        },
        "MS1_4": {
          "meanserv": 2.200133956467071,
          "stddevserv": 2.200133956467071,
          "rate": 0.4545177792745761,
          "cv": 1.0,
          "lambda": 0.15
        },
        "MS1_5": {
          "meanserv": 0.8160408274354669,
          "stddevserv": 0.8160408274354669,
          "rate": 1.2254288834330176,
          "cv": 1.0,
          "lambda": 0.15
        }
      },
      "sensors": [
        "S1"
      ],
      "sources": [
        {
          "startTime": 0,
          "stopTime": -1,
          "lambda": 0.15
        }
      ]
    },
    "SC2": {
      "resptime": 39.835716280128516,
      "resptime_old": 29.835716280128523,
      "waittime": 25.932167352804445,
      "servicetime": 10.0,
      "networktime": 3.903548927324077,
      "services": {
        "MS2_1": {
          "meanserv": 0.862724901992753,
          "stddevserv": 0.862724901992753,
          "rate": 1.1591180429476002,
          "cv": 1.0,
          "lambda": 0.15
        },
        "MS2_2": {
          "meanserv": 2.742404539116363,
          "stddevserv": 2.742404539116363,
          "rate": 0.3646435038071416,
          "cv": 1.0,
          "lambda": 0.15
        },
        "MS2_3": {
          "meanserv": 0.23272937844885178,
          "stddevserv": 0.23272937844885178,
          "rate": 4.296836122130475,
          "cv": 1.0,
          "lambda": 0.15
        },
        "MS2_4": {
          "meanserv": 4.975774721675722,
          "stddevserv": 4.975774721675722,
          "rate": 0.20097372890371207,
          "cv": 1.0,
          "lambda": 0.15
        },
        "MS2_5": {
          "meanserv": 1.1863664587663099,
          "stddevserv": 1.1863664587663099,
          "rate": 0.8429098720810849,
          "cv": 1.0,
          "lambda": 0.15
        }
      },
      "sensors": [
        "S2"
      ],
      "sources": [
        {
          "startTime": 0,
          "stopTime": -1,
          "lambda": 0.15
        }
      ]
    },
    "SC3": {
      "resptime": 30.78304609818451,
      "resptime_old": 20.78304609818451,
      "waittime": 16.752877139558475,
      "servicetime": 10.0,
      "networktime": 4.030168958626035,
      "services": {
        "MS3_1": {
          "meanserv": 4.271554659142649,
          "stddevserv": 4.271554659142649,
          "rate": 0.23410680180801238,
          "cv": 1.0,
          "lambda": 0.15
        },
        "MS3_2": {
          "meanserv": 0.3229595541543109,
          "stddevserv": 0.3229595541543109,
          "rate": 3.0963629567131417,
          "cv": 1.0,
          "lambda": 0.15
        },
        "MS3_3": {
          "meanserv": 1.2582062425565441,
          "stddevserv": 1.2582062425565441,
          "rate": 0.7947822592010862,
          "cv": 1.0,
          "lambda": 0.15
        },
        "MS3_4": {
          "meanserv": 0.5367669743780006,
          "stddevserv": 0.5367669743780006,
          "rate": 1.8630058251232549,
          "cv": 1.0,
          "lambda": 0.15
        },
        "MS3_5": {
          "meanserv": 3.6105125697684954,
          "stddevserv": 3.6105125697684954,
          "rate": 0.2769689845074046,
          "cv": 1.0,
          "lambda": 0.15
        }
      },
      "sensors": [
        "S3"
      ],
      "sources": [
        {
          "startTime": 0,
          "stopTime": -1,
          "lambda": 0.15
        }
      ]
    },
    "SC4": {
      "resptime": 41.43202795149368,
      "resptime_old": 31.432027951493684,
      "waittime": 26.6084308229363,
      "servicetime": 10.0,
      "networktime": 4.823597128557384,
      "services": {
        "MS4_1": {
          "meanserv": 1.651419160660822,
          "stddevserv": 1.651419160660822,
          "rate": 0.6055397828857975,
          "cv": 1.0,
          "lambda": 0.15
        },
        "MS4_2": {
          "meanserv": 5.155224266495896,
          "stddevserv": 5.155224266495896,
          "rate": 0.1939779820053724,
          "cv": 1.0,
          "lambda": 0.15
        },
        "MS4_3": {
          "meanserv": 0.40556857510646704,
          "stddevserv": 0.40556857510646704,
          "rate": 2.4656742691109312,
          "cv": 1.0,
          "lambda": 0.15
        },
        "MS4_4": {
          "meanserv": 1.697811203986963,
          "stddevserv": 1.697811203986963,
          "rate": 0.5889936393703282,
          "cv": 1.0,
          "lambda": 0.15
        },
        "MS4_5": {
          "meanserv": 1.0899767937498517,
          "stddevserv": 1.0899767937498517,
          "rate": 0.9174507253128719,
          "cv": 1.0,
          "lambda": 0.15
        }
      },
      "sensors": [
        "S4"
      ],
      "sources": [
        {
          "startTime": 0,
          "stopTime": -1,
          "lambda": 0.15
        }
      ]
    }
  },
  "microservice": {
    "MS1_1": "F9",
    "MS1_2": "F5",
    "MS1_3": "F7",
    "MS1_4": "F9",
    "MS1_5": "F9",
    "MS2_1": "F6",
    "MS2_2": "F6",
    "MS2_3": "F6",
    "MS2_4": "F2",
    "MS2_5": "F8",
    "MS3_1": "F3",
    "MS3_2": "F10",
    "MS3_3": "F10",
    "MS3_4": "F10",
    "MS3_5": "F4",
    "MS4_1": "F10",
    "MS4_2": "F1",
    "MS4_3": "F8",
    "MS4_4": "F8",
    "MS4_5": "F8"
  },
  "sensor": {
    "S1": "F9",
    "S2": "F6",
    "S3": "F3",
    "S4": "F10"
  },
  "fog": {
    "F1": {
      "rho": 0.7732836399743844,
      "capacity": 1.0,
      "tserv": 5.155224266495896,
      "stddev": 5.155224266495896,
      "mu": 0.1939779820053724,
      "cv": 1.0,
      "lambda": 0.15,
      "twait": 17.58342708585218
    },
    "F2": {
      "rho": 0.7463662082513584,
      "capacity": 1.0,
      "tserv": 4.975774721675722,
      "stddev": 4.975774721675722,
      "mu": 0.20097372890371207,
      "cv": 1.0,
      "lambda": 0.15,
      "twait": 14.642174004205636
    },
    "F3": {
      "rho": 0.6407331988713973,
      "capacity": 1.0,
      "tserv": 4.271554659142649,
      "stddev": 4.271554659142649,
      "mu": 0.23410680180801238,
      "cv": 1.0,
      "lambda": 0.15,
      "twait": 7.61809015558547
    },
    "F4": {
      "rho": 0.5415768854652743,
      "capacity": 1.0,
      "tserv": 3.6105125697684954,
      "stddev": 3.6105125697684954,
      "mu": 0.2769689845074046,
      "cv": 1.0,
      "lambda": 0.15,
      "twait": 4.265426612384148
    },
    "F5": {
      "rho": 0.467005738132607,
      "capacity": 1.0,
      "tserv": 3.1133715875507133,
      "stddev": 3.1133715875507133,
      "mu": 0.3211951968723075,
      "cv": 1.0,
      "lambda": 0.15,
      "twait": 2.7279137888485328
    },
    "F6": {
      "rho": 0.5756788229336952,
      "capacity": 1.0,
      "tserv": 1.2792862731859895,
      "stddev": 1.977267444924009,
      "mu": 0.7816858673153406,
      "cv": 1.5456020175998115,
      "lambda": 0.44999999999999996,
      "twait": 2.9408996036194726
    },
    "F7": {
      "rho": 0.4344292998104557,
      "capacity": 1.0,
      "tserv": 2.8961953320697047,
      "stddev": 2.8961953320697047,
      "mu": 0.3452805786015031,
      "cv": 1.0,
      "lambda": 0.15,
      "twait": 2.22464160502601
    },
    "F8": {
      "rho": 0.6569584547414387,
      "capacity": 1.0,
      "tserv": 1.094930757902398,
      "stddev": 1.2737379655358934,
      "mu": 0.9132997614531713,
      "cv": 1.163304580077779,
      "lambda": 0.6,
      "twait": 2.467294537740389
    },
    "F9": {
      "rho": 0.5985649620569373,
      "capacity": 1.0,
      "tserv": 1.3301443601265275,
      "stddev": 1.5920145013013645,
      "mu": 0.7517980979935718,
      "cv": 1.1968734740565505,
      "lambda": 0.44999999999999996,
      "twait": 2.412230128107677
    },
    "F10": {
      "rho": 0.5654027897624517,
      "capacity": 1.0,
      "tserv": 0.9423379829374194,
      "stddev": 1.2096875843033372,
      "mu": 1.0611903776634777,
      "cv": 1.2837088244416786,
      "lambda": 0.6,
      "twait": 1.6231201238629516
    }
  },
  "extra": {
    "deltatime": 0.0173142,
    "obj_func": 34.90937670625904
  },
  "network": [
    [
      0.0,
      1.997187038920658,
      2.16896106371422,
      1.791558026936632,
      2.199419773945416,
      1.7563533520030163,
      2.177150221966066,
      2.503505641838596,
      2.3200914867187876,
      2.3200914867187876
    ],
    [
      1.997187038920658,
      0.0,
      1.631016333555861,
      2.2709435079355274,
      2.033793636330274,
      1.583457440605289,
      2.100246786897758,
      2.3200914867187876,
      1.8152348722737601,
      1.8152348722737601
    ],
    [
      2.16896106371422,
      1.631016333555861,
      0.0,
      1.5949342305824001,
      2.0361497155163764,
      2.6878028892700563,
      2.503505641838596,
      1.8152348722737601,
      2.010315084810027,
      2.010315084810027
    ],
    [
      1.791558026936632,
      2.2709435079355274,
      1.5949342305824001,
      0.0,
      2.531741239981443,
      2.177150221966066,
      2.3200914867187876,
      2.010315084810027,
      2.019853873816008,
      2.019853873816008
    ],
    [
      2.199419773945416,
      2.033793636330274,
      2.0361497155163764,
      2.531741239981443,
      0.0,
      2.100246786897758,
      1.8152348722737601,
      2.019853873816008,
      1.8302995051873014,
      1.8302995051873014
    ],
    [
      1.7563533520030163,
      1.583457440605289,
      2.6878028892700563,
      2.177150221966066,
      2.100246786897758,
      0.0,
      2.010315084810027,
      1.8302995051873014,
      1.8061005922214672,
      1.8061005922214672
    ],
    [
      2.177150221966066,
      2.100246786897758,
      2.503505641838596,
      2.3200914867187876,
      1.8152348722737601,
      2.010315084810027,
      0.0,
      1.8061005922214672,
      1.751936339570832,
      1.751936339570832
    ],
    [
      2.503505641838596,
      2.3200914867187876,
      1.8152348722737601,
      2.010315084810027,
      2.019853873816008,
      1.8302995051873014,
      1.8061005922214672,
      0.0,
      1.9533311918669374,
      1.9533311918669374
    ],
    [
      2.3200914867187876,
      1.8152348722737601,
      2.010315084810027,
      2.019853873816008,
      1.8302995051873014,
      1.8061005922214672,
      1.751936339570832,
      1.9533311918669374,
      0.0,
      1.4341641381085721
    ],
    [
      2.3200914867187876,
      1.8152348722737601,
      2.010315084810027,
      2.019853873816008,
      1.8302995051873014,
      1.8061005922214672,
      1.751936339570832,
      1.9533311918669374,
      1.4341641381085721,
      0.0
    ]
  ]
}