{
  "servicechain": {
    "SC1": {
      "resptime": 32.6569447422178,
      "resptime_old": 22.656944742217807,
      "waittime": 17.795072183319398,
      "servicetime": 10.0,
      "networktime": 4.861872558898403,
      "services": {
        "MS1_1": {
          "meanserv": 2.041687876209959,
          "stddevserv": 2.041687876209959,
          "rate": 0.4897908302498849,
          "cv": 1.0,
          "lambda": 0.15
        },
        "MS1_2": {
          "meanserv": 0.9638690044637452,
          "stddevserv": 0.9638690044637452,
          "rate": 1.037485379619979,
          "cv": 1.0,
          "lambda": 0.15
        },
        "MS1_3": {
          "meanserv": 2.1935054072789475,
          "stddevserv": 2.1935054072789475,
          "rate": 0.45589128555671266,
          "cv": 1.0,
          "lambda": 0.15
        },
        "MS1_4": {
          "meanserv": 0.18332436019867338,
          "stddevserv": 0.18332436019867338,
          "rate": 5.454812436908407,
          "cv": 1.0,
          "lambda": 0.15
        },
        "MS1_5": {
          "meanserv": 1.6125953234393595,
          "stddevserv": 1.6125953234393595,
          "rate": 0.6201183802686404,
          "cv": 1.0,
          "lambda": 0.15
        },
        "MS1_6": {
          "meanserv": 0.43357479095525875,
          "stddevserv": 0.43357479095525875,
          "rate": 2.3064071547997163,
          "cv": 1.0,
          "lambda": 0.15
        },
        "MS1_7": {
          "meanserv": 0.3084736779543853,
          "stddevserv": 0.3084736779543853,
          "rate": 3.241767682193851,
          "cv": 1.0,
          "lambda": 0.15
        },
        "MS1_8": {
          "meanserv": 1.912219155272508,
          "stddevserv": 1.912219155272508,
          "rate": 0.5229526109717749,
          "cv": 1.0,
          "lambda": 0.15
        },
        "MS1_9": {
          "meanserv": 0.3507504042271634,
          "stddevserv": 0.3507504042271634,
          "rate": 2.8510302139305597,
          "cv": 1.0,
          "lambda": 0.15
        }
      },
      "sensors": [
        "S1"
      ],
      "sources": [
        {
          "startTime": 0,
          "stopTime": -1,
          "lambda": 0.15
        }
      ]
    },
    "SC2": {
      "resptime": 31.652471172694298,
      "resptime_old": 21.652471172694298,
      "waittime": 18.374489694622152,
      "servicetime": 10.0,
      "networktime": 3.277981478072145,
      "services": {
        "MS2_1": {
          "meanserv": 0.08029717550580906,
          "stddevserv": 0.08029717550580906,
          "rate": 12.453738175730173,
          "cv": 1.0,
          "lambda": 0.15
        },
        "MS2_2": {
          "meanserv": 2.5190423723853597,
          "stddevserv": 2.5190423723853597,
          "rate": 0.3969762521513558,
          "cv": 1.0,
          "lambda": 0.15
        },
        "MS2_3": {
          "meanserv": 0.2199495441539714,
          "stddevserv": 0.2199495441539714,
          "rate": 4.546497260753446,
          "cv": 1.0,
          "lambda": 0.15
        },
        "MS2_4": {
          "meanserv": 0.8074674650264577,
          "stddevserv": 0.8074674650264577,
          "rate": 1.23843999085119,
          "cv": 1.0,
          "lambda": 0.15
        },
        "MS2_5": {
          "meanserv": 1.9843043822040927,
          "stddevserv": 1.9843043822040927,
          "rate": 0.5039549420786122,
          "cv": 1.0,
          "lambda": 0.15
        },
        "MS2_6": {
          "meanserv": 0.36989185503184885,
          "stddevserv": 0.36989185503184885,
          "rate": 2.703492889601197,
          "cv": 1.0,
          "lambda": 0.15
        },
        "MS2_7": {
          "meanserv": 1.7565770114712986,
          "stddevserv": 1.7565770114712986,
          "rate": 0.5692890169172861,
          "cv": 1.0,
          "lambda": 0.15
        },
        "MS2_8": {
          "meanserv": 1.5362328616835583,
          "stddevserv": 1.5362328616835583,
          "rate": 0.6509429819800232,
          "cv": 1.0,
          "lambda": 0.15
        },
        "MS2_9": {
          "meanserv": 0.7262373325376039,
          "stddevserv": 0.7262373325376039,
          "rate": 1.3769603340354593,
          "cv": 1.0,
          "lambda": 0.15
        }
      },
      "sensors": [
        "S2"
      ],
      "sources": [
        {
          "startTime": 0,
          "stopTime": -1,
          "lambda": 0.15
        }
      ]
    },
    "SC3": {
      "resptime": 31.485403444167346,
      "resptime_old": 21.48540344416735,
      "waittime": 16.935324706093493,
      "servicetime": 10.0,
      "networktime": 4.5500787380738545,
      "services": {
        "MS3_1": {
          "meanserv": 0.029881342616691065,
          "stddevserv": 0.029881342616691065,
          "rate": 33.46569840678517,
          "cv": 1.0,
          "lambda": 0.15
        },
        "MS3_2": {
          "meanserv": 0.9576563939916438,
          "stddevserv": 0.9576563939916438,
          "rate": 1.044215865182983,
          "cv": 1.0,
          "lambda": 0.15
        },
        "MS3_3": {
          "meanserv": 1.4686939100077288,
          "stddevserv": 1.4686939100077288,
          "rate": 0.6808770657970099,
          "cv": 1.0,
          "lambda": 0.15
        },
        "MS3_4": {
          "meanserv": 3.235725348177346,
          "stddevserv": 3.235725348177346,
          "rate": 0.3090497160283677,
          "cv": 1.0,
          "lambda": 0.15
        },
        "MS3_5": {
          "meanserv": 0.20435647390206668,
          "stddevserv": 0.20435647390206668,
          "rate": 4.893409936595539,
          "cv": 1.0,
          "lambda": 0.15
        },
        "MS3_6": {
          "meanserv": 0.35165236835511493,
          "stddevserv": 0.35165236835511493,
          "rate": 2.8437175176086216,
          "cv": 1.0,
          "lambda": 0.15
        },
        "MS3_7": {
          "meanserv": 0.46784200212049676,
          "stddevserv": 0.46784200212049676,
          "rate": 2.1374737528214522,
          "cv": 1.0,
          "lambda": 0.15
        },
        "MS3_8": {
          "meanserv": 2.5256271503896155,
          "stddevserv": 2.5256271503896155,
          "rate": 0.39594126149845005,
          "cv": 1.0,
          "lambda": 0.15
        },
        "MS3_9": {
          "meanserv": 0.7585650104392965,
          "stddevserv": 0.7585650104392965,
          "rate": 1.318278573672789,
          "cv": 1.0,
          "lambda": 0.15
        }
      },
      "sensors": [
        "S3"
      ],
      "sources": [
        {
          "startTime": 0,
          "stopTime": -1,
          "lambda": 0.15
        }
      ]
    },
    "SC4": {
      "resptime": 34.03495160226378,
      "resptime_old": 24.03495160226379,
      "waittime": 20.648238790154387,
      "servicetime": 10.0,
      "networktime": 3.386712812109396,
      "services": {
        "MS4_1": {
          "meanserv": 1.2474494621986365,
          "stddevserv": 1.2474494621986365,
          "rate": 0.8016356816872521,
          "cv": 1.0,
          "lambda": 0.15
        },
        "MS4_2": {
          "meanserv": 0.34751979805584643,
          "stddevserv": 0.34751979805584643,
          "rate": 2.8775339004982388,
          "cv": 1.0,
          "lambda": 0.15
        },
        "MS4_3": {
          "meanserv": 1.631786377598018,
          "stddevserv": 1.631786377598018,
          "rate": 0.6128253144703876,
          "cv": 1.0,
          "lambda": 0.15
        },
        "MS4_4": {
          "meanserv": 0.19074176282314337,
          "stddevserv": 0.19074176282314337,
          "rate": 5.242690353696712,
          "cv": 1.0,
          "lambda": 0.15
        },
        "MS4_5": {
          "meanserv": 0.46526071077380937,
          "stddevserv": 0.46526071077380937,
          "rate": 2.1493325717033493,
          "cv": 1.0,
          "lambda": 0.15
        },
        "MS4_6": {
          "meanserv": 4.3625188911185475,
          "stddevserv": 4.3625188911185475,
          "rate": 0.2292253684071957,
          "cv": 1.0,
          "lambda": 0.15
        },
        "MS4_7": {
          "meanserv": 1.1255677589455662,
          "stddevserv": 1.1255677589455662,
          "rate": 0.888440515510858,
          "cv": 1.0,
          "lambda": 0.15
        },
        "MS4_8": {
          "meanserv": 0.023288829912706532,
          "stddevserv": 0.023288829912706532,
          "rate": 42.9390400354289,
          "cv": 1.0,
          "lambda": 0.15
        },
        "MS4_9": {
          "meanserv": 0.6058664085737266,
          "stddevserv": 0.6058664085737266,
          "rate": 1.6505288721223303,
          "cv": 1.0,
          "lambda": 0.15
        }
      },
      "sensors": [
        "S4"
      ],
      "sources": [
        {
          "startTime": 0,
          "stopTime": -1,
          "lambda": 0.15
        }
      ]
    }
  },
  "microservice": {
    "MS1_1": "F6",
    "MS1_2": "F4",
    "MS1_3": "F6",
    "MS1_4": "F4",
    "MS1_5": "F4",
    "MS1_6": "F9",
    "MS1_7": "F9",
    "MS1_8": "F5",
    "MS1_9": "F9",
    "MS2_1": "F9",
    "MS2_2": "F3",
    "MS2_3": "F3",
    "MS2_4": "F3",
    "MS2_5": "F7",
    "MS2_6": "F7",
    "MS2_7": "F10",
    "MS2_8": "F10",
    "MS2_9": "F10",
    "MS3_1": "F9",
    "MS3_2": "F4",
    "MS3_3": "F7",
    "MS3_4": "F1",
    "MS3_5": "F9",
    "MS3_6": "F9",
    "MS3_7": "F9",
    "MS3_8": "F5",
    "MS3_9": "F8",
    "MS4_1": "F8",
    "MS4_2": "F8",
    "MS4_3": "F8",
    "MS4_4": "F9",
    "MS4_5": "F9",
    "MS4_6": "F2",
    "MS4_7": "F1",
    "MS4_8": "F9",
    "MS4_9": "F9"
  },
  "sensor": {
    "S1": "F6",
    "S2": "F9",
    "S3": "F9",
    "S4": "F8"
  },
  "fog": {
    "F1": {
      "rho": 0.6541939660684368,
      "capacity": 1.0,
      "tserv": 2.180646553561456,
      "stddev": 2.642272112643907,
      "mu": 0.45857958886862654,
      "cv": 1.2116920590952802,
      "lambda": 0.3,
      "twait": 5.091071362481459
    },
    "F2": {
      "rho": 0.6543778336677821,
      "capacity": 1.0,
      "tserv": 4.3625188911185475,
      "stddev": 4.3625188911185475,
      "mu": 0.2292253684071957,
      "cv": 1.0,
      "lambda": 0.15,
      "twait": 8.25970073505329
    },
    "F3": {
      "rho": 0.5319689072348682,
      "capacity": 1.0,
      "tserv": 1.1821531271885963,
      "stddev": 1.8165401103453032,
      "mu": 0.8459141011437377,
      "cv": 1.536636894634293,
      "lambda": 0.44999999999999996,
      "twait": 2.2581691981066103
    },
    "F4": {
      "rho": 0.5576167623140134,
      "capacity": 1.0,
      "tserv": 0.9293612705233555,
      "stddev": 1.1731998940168262,
      "mu": 1.0760078257154673,
      "cv": 1.2623722670906619,
      "lambda": 0.6,
      "twait": 1.5191197393830445
    },
    "F5": {
      "rho": 0.6656769458493186,
      "capacity": 1.0,
      "tserv": 2.2189231528310622,
      "stddev": 2.2609189818316207,
      "mu": 0.4506690548179318,
      "cv": 1.0189262205619771,
      "lambda": 0.3,
      "twait": 4.502549768548089
    },
    "F6": {
      "rho": 0.635278992523336,
      "capacity": 1.0,
      "tserv": 2.1175966417444534,
      "stddev": 2.120315971381937,
      "mu": 0.4722334651873129,
      "cv": 1.0012841584576955,
      "lambda": 0.3,
      "twait": 3.693215569519647
    },
    "F7": {
      "rho": 0.5734335220865505,
      "capacity": 1.0,
      "tserv": 1.2742967157478902,
      "stddev": 1.590722579479374,
      "mu": 0.7847465881704763,
      "cv": 1.248314116972178,
      "lambda": 0.44999999999999996,
      "twait": 2.191221998067345
    },
    "F8": {
      "rho": 0.5977980972437695,
      "capacity": 1.0,
      "tserv": 0.9963301620729492,
      "stddev": 1.2103099281268945,
      "mu": 1.0036833552438233,
      "cv": 1.2147679295473122,
      "lambda": 0.6,
      "twait": 1.8330524275030435
    },
    "F9": {
      "rho": 0.5267978921580558,
      "capacity": 1.0,
      "tserv": 0.2926654956433644,
      "stddev": 0.38823413289164665,
      "mu": 3.416870163671694,
      "cv": 1.326545625196419,
      "lambda": 1.7999999999999996,
      "twait": 0.449577352527628
    },
    "F10": {
      "rho": 0.6028570808538691,
      "capacity": 1.0,
      "tserv": 1.339682401897487,
      "stddev": 1.4789346297896329,
      "mu": 0.7464455744015366,
      "cv": 1.1039442092356464,
      "lambda": 0.44999999999999996,
      "twait": 2.255986917213334
    }
  },
  "extra": {
    "deltatime": 3.6451819,
    "conv": 10,
    "obj_func": 32.45744274033581
  },
  "network": [
    [
      0.0,
      0.782096140800966,
      1.3030267911152735,
      0.9455791933683506,
      1.1584192410340624,
      1.2916592374820615,
      0.8592763518448348,
      0.9838796949865781,
      0.7683660294882764,
      0.7683660294882764
    ],
    [
      0.782096140800966,
      0.0,
      0.8505962132531389,
      1.4433875669521092,
      1.2670577423871674,
      1.2984329905801162,
      0.9285046867600545,
      0.7683660294882764,
      0.8576890884469468,
      0.8576890884469468
    ],
    [
      1.3030267911152735,
      0.8505962132531389,
      0.0,
      1.3418316207903402,
      0.8227175094861784,
      1.181208855711512,
      0.9838796949865781,
      0.8576890884469468,
      0.9002570897370394,
      0.9002570897370394
    ],
    [
      0.9455791933683506,
      1.4433875669521092,
      1.3418316207903402,
      0.0,
      1.2487053568320008,
      0.8592763518448348,
      0.7683660294882764,
      0.9002570897370394,
      0.6746990503803453,
      0.6746990503803453
    ],
    [
      1.1584192410340624,
      1.2670577423871674,
      0.8227175094861784,
      1.2487053568320008,
      0.0,
      0.9285046867600545,
      0.8576890884469468,
      0.6746990503803453,
      0.8046722264917766,
      0.8046722264917766
    ],
    [
      1.2916592374820615,
      1.2984329905801162,
      1.181208855711512,
      0.8592763518448348,
      0.9285046867600545,
      0.0,
      0.9002570897370394,
      0.8046722264917766,
      1.2189614612054651,
      1.2189614612054651
    ],
    [
      0.8592763518448348,
      0.9285046867600545,
      0.9838796949865781,
      0.7683660294882764,
      0.8576890884469468,
      0.9002570897370394,
      0.0,
      1.2189614612054651,
      1.3938446933485278,
      1.3938446933485278
    ],
    [
      0.9838796949865781,
      0.7683660294882764,
      0.8576890884469468,
      0.9002570897370394,
      0.6746990503803453,
      0.8046722264917766,
      1.2189614612054651,
      0.0,
      0.9785615533732069,
      0.9785615533732069
    ],
    [
      0.7683660294882764,
      0.8576890884469468,
      0.9002570897370394,
      0.6746990503803453,
      0.8046722264917766,
      1.2189614612054651,
      1.3938446933485278,
      0.9785615533732069,
      0.0,
      1.3475889884090393
    ],
    [
      0.7683660294882764,
      0.8576890884469468,
      0.9002570897370394,
      0.6746990503803453,
      0.8046722264917766,
      1.2189614612054651,
      1.3938446933485278,
      0.9785615533732069,
      1.3475889884090393,
      0.0
    ]
  ]
}