{
  "servicechain": {
    "SC1": {
      "resptime": 25.90314875693406,
      "resptime_old": 15.903148756934057,
      "waittime": 10.209320764012983,
      "servicetime": 10.0,
      "networktime": 5.693827992921074,
      "services": {
        "MS1_1": {
          "meanserv": 2.994144575139793,
          "stddevserv": 2.994144575139793,
          "rate": 0.3339852084307957,
          "cv": 1.0,
          "lambda": 0.15
        },
        "MS1_2": {
          "meanserv": 3.4395401735857902,
          "stddevserv": 3.4395401735857902,
          "rate": 0.2907365373079739,
          "cv": 1.0,
          "lambda": 0.15
        },
        "MS1_3": {
          "meanserv": 3.5663152512744167,
          "stddevserv": 3.5663152512744167,
          "rate": 0.28040145908095243,
          "cv": 1.0,
          "lambda": 0.15
        }
      },
      "sensors": [
        "S1"
      ],
      "sources": [
        {
          "startTime": 0,
          "stopTime": -1,
          "lambda": 0.15
        }
      ]
    },
    "SC2": {
      "resptime": 281.3204857127411,
      "resptime_old": 271.3204857127411,
      "waittime": 268.52014717769475,
      "servicetime": 10.0,
      "networktime": 2.8003385350463517,
      "services": {
        "MS2_1": {
          "meanserv": 0.797162336232301,
          "stddevserv": 0.797162336232301,
          "rate": 1.2544496328393895,
          "cv": 1.0,
          "lambda": 0.15
        },
        "MS2_2": {
          "meanserv": 2.6967897069409252,
          "stddevserv": 2.6967897069409252,
          "rate": 0.37081126401002895,
          "cv": 1.0,
          "lambda": 0.15
        },
        "MS2_3": {
          "meanserv": 6.506047956826774,
          "stddevserv": 6.506047956826774,
          "rate": 0.15370314000693822,
          "cv": 1.0,
          "lambda": 0.15
        }
      },
      "sensors": [
        "S2"
      ],
      "sources": [
        {
          "startTime": 0,
          "stopTime": -1,
          "lambda": 0.15
        }
      ]
    },
    "SC3": {
      "resptime": 33.62666341419892,
      "resptime_old": 23.626663414198923,
      "waittime": 17.320391222803607,
      "servicetime": 10.0,
      "networktime": 6.3062721913953155,
      "services": {
        "MS3_1": {
          "meanserv": 3.283180875856133,
          "stddevserv": 3.283180875856133,
          "rate": 0.30458267083419116,
          "cv": 1.0,
          "lambda": 0.15
        },
        "MS3_2": {
          "meanserv": 4.454701440491279,
          "stddevserv": 4.454701440491279,
          "rate": 0.22448193517761691,
          "cv": 1.0,
          "lambda": 0.15
        },
        "MS3_3": {
          "meanserv": 2.262117683652588,
          "stddevserv": 2.262117683652588,
          "rate": 0.44206365001546855,
          "cv": 1.0,
          "lambda": 0.15
        }
      },
      "sensors": [
        "S3"
      ],
      "sources": [
        {
          "startTime": 0,
          "stopTime": -1,
          "lambda": 0.15
        }
      ]
    },
    "SC4": {
      "resptime": 41.506667295572576,
      "resptime_old": 31.506667295572573,
      "waittime": 25.44844254225131,
      "servicetime": 10.0,
      "networktime": 6.058224753321264,
      "services": {
        "MS4_1": {
          "meanserv": 5.222737611835331,
          "stddevserv": 5.222737611835331,
          "rate": 0.19147046517019803,
          "cv": 1.0,
          "lambda": 0.15
        },
        "MS4_2": {
          "meanserv": 2.346785655900102,
          "stddevserv": 2.346785655900102,
          "rate": 0.42611475721520603,
          "cv": 1.0,
          "lambda": 0.15
        },
        "MS4_3": {
          "meanserv": 2.430476732264567,
          "stddevserv": 2.430476732264567,
          "rate": 0.41144191455322526,
          "cv": 1.0,
          "lambda": 0.15
        }
      },
      "sensors": [
        "S4"
      ],
      "sources": [
        {
          "startTime": 0,
          "stopTime": -1,
          "lambda": 0.15
        }
      ]
    }
  },
  "microservice": {
    "MS1_1": "F8",
    "MS1_2": "F7",
    "MS1_3": "F4",
    "MS2_1": "F9",
    "MS2_2": "F9",
    "MS2_3": "F1",
    "MS3_1": "F5",
    "MS3_2": "F3",
    "MS3_3": "F10",
    "MS4_1": "F2",
    "MS4_2": "F10",
    "MS4_3": "F6"
  },
  "sensor": {
    "S1": "F8",
    "S2": "F9",
    "S3": "F5",
    "S4": "F2"
  },
  "fog": {
    "F1": {
      "rho": 0.9759071935240161,
      "capacity": 1.0,
      "tserv": 6.506047956826774,
      "stddev": 6.506047956826774,
      "mu": 0.15370314000693822,
      "cv": 1.0,
      "lambda": 0.15,
      "twait": 263.53505179268194
    },
    "F2": {
      "rho": 0.7834106417752996,
      "capacity": 1.0,
      "tserv": 5.222737611835331,
      "stddev": 5.222737611835331,
      "mu": 0.19147046517019803,
      "cv": 1.0,
      "lambda": 0.15,
      "twait": 18.890809123074
    },
    "F3": {
      "rho": 0.6682052160736919,
      "capacity": 1.0,
      "tserv": 4.454701440491279,
      "stddev": 4.454701440491279,
      "mu": 0.22448193517761691,
      "cv": 1.0,
      "lambda": 0.15,
      "twait": 8.9713729172077
    },
    "F4": {
      "rho": 0.5349472876911625,
      "capacity": 1.0,
      "tserv": 3.5663152512744167,
      "stddev": 3.5663152512744167,
      "mu": 0.28040145908095243,
      "cv": 1.0,
      "lambda": 0.15,
      "twait": 4.102310598833641
    },
    "F5": {
      "rho": 0.4924771313784199,
      "capacity": 1.0,
      "tserv": 3.283180875856133,
      "stddev": 3.283180875856133,
      "mu": 0.30458267083419116,
      "cv": 1.0,
      "lambda": 0.15,
      "twait": 3.185849543941843
    },
    "F6": {
      "rho": 0.364571509839685,
      "capacity": 1.0,
      "tserv": 2.430476732264567,
      "stddev": 2.430476732264567,
      "mu": 0.41144191455322526,
      "cv": 1.0,
      "lambda": 0.15,
      "twait": 1.394464657523246
    },
    "F7": {
      "rho": 0.5159310260378686,
      "capacity": 1.0,
      "tserv": 3.4395401735857907,
      "stddev": 3.4395401735857902,
      "mu": 0.29073653730797383,
      "cv": 0.9999999999999999,
      "lambda": 0.15,
      "twait": 3.6659351999605927
    },
    "F8": {
      "rho": 0.44912168627096893,
      "capacity": 1.0,
      "tserv": 2.994144575139793,
      "stddev": 2.994144575139793,
      "mu": 0.3339852084307957,
      "cv": 1.0,
      "lambda": 0.15,
      "twait": 2.441074965218749
    },
    "F9": {
      "rho": 0.524092806475984,
      "capacity": 1.0,
      "tserv": 1.7469760215866135,
      "stddev": 2.2036826663045814,
      "mu": 0.5724177021570075,
      "cv": 1.261426968129296,
      "lambda": 0.3,
      "twait": 2.492547692506392
    },
    "F10": {
      "rho": 0.6913355009329034,
      "capacity": 1.0,
      "tserv": 2.304451669776345,
      "stddev": 2.305229236127557,
      "mu": 0.43394270885145253,
      "cv": 1.0003374192487566,
      "lambda": 0.3,
      "twait": 5.163168761654065
    }
  },
  "extra": {
    "deltatime": 0.0058367,
    "obj_func": 95.58924129486167
  },
  "network": [
    [
      0.0,
      2.4178854083931545,
      3.099317266639603,
      3.8199294614206414,
      3.6593462342173124,
      3.2990187924299295,
      2.9587869393598463,
      3.5867087002324642,
      2.8003385350463517,
      2.8003385350463517
    ],
    [
      2.4178854083931545,
      0.0,
      3.6080255669727648,
      2.562582614186736,
      3.6907673077198258,
      3.626781295249478,
      4.2690317453161954,
      2.8003385350463517,
      3.164735295446542,
      3.164735295446542
    ],
    [
      3.099317266639603,
      3.6080255669727648,
      0.0,
      2.7346581914581822,
      2.9188809612551467,
      3.9153319790399626,
      3.5867087002324642,
      3.164735295446542,
      3.3873912301401687,
      3.3873912301401687
    ],
    [
      3.8199294614206414,
      2.562582614186736,
      2.7346581914581822,
      0.0,
      3.025046644547966,
      2.9587869393598463,
      2.8003385350463517,
      3.3873912301401687,
      4.222613606897282,
      4.222613606897282
    ],
    [
      3.6593462342173124,
      3.6907673077198258,
      2.9188809612551467,
      3.025046644547966,
      0.0,
      4.2690317453161954,
      3.164735295446542,
      4.222613606897282,
      2.7476216994708778,
      2.7476216994708778
    ],
    [
      3.2990187924299295,
      3.626781295249478,
      3.9153319790399626,
      2.9587869393598463,
      4.2690317453161954,
      0.0,
      3.3873912301401687,
      2.7476216994708778,
      2.893489457874722,
      2.893489457874722
    ],
    [
      2.9587869393598463,
      4.2690317453161954,
      3.5867087002324642,
      2.8003385350463517,
      3.164735295446542,
      3.3873912301401687,
      0.0,
      2.893489457874722,
      3.3887551954955075,
      3.3887551954955075
    ],
    [
      3.5867087002324642,
      2.8003385350463517,
      3.164735295446542,
      3.3873912301401687,
      4.222613606897282,
      2.7476216994708778,
      2.893489457874722,
      0.0,
      4.206340216616643,
      4.206340216616643
    ],
    [
      2.8003385350463517,
      3.164735295446542,
      3.3873912301401687,
      4.222613606897282,
      2.7476216994708778,
      2.893489457874722,
      3.3887551954955075,
      4.206340216616643,
      0.0,
      3.0330370661483133
    ],
    [
      2.8003385350463517,
      3.164735295446542,
      3.3873912301401687,
      4.222613606897282,
      2.7476216994708778,
      2.893489457874722,
      3.3887551954955075,
      4.206340216616643,
      3.0330370661483133,
      0.0
    ]
  ]
}