{
  "servicechain": {
    "SC1": {
      "resptime": 35.41504529734194,
      "resptime_old": 25.41504529734194,
      "waittime": 22.41877003075573,
      "servicetime": 10.0,
      "networktime": 2.996275266586208,
      "services": {
        "MS1_1": {
          "meanserv": 5.0403798468254655,
          "stddevserv": 5.0403798468254655,
          "rate": 0.19839774588215223,
          "cv": 1.0,
          "lambda": 0.15
        },
        "MS1_2": {
          "meanserv": 3.538201791992006,
          "stddevserv": 3.538201791992006,
          "rate": 0.28262944252170547,
          "cv": 1.0,
          "lambda": 0.15
        },
        "MS1_3": {
          "meanserv": 0.11005063908044832,
          "stddevserv": 0.11005063908044832,
          "rate": 9.086725968660556,
          "cv": 1.0,
          "lambda": 0.15
        },
        "MS1_4": {
          "meanserv": 0.870035169188947,
          "stddevserv": 0.870035169188947,
          "rate": 1.1493788244585643,
          "cv": 1.0,
          "lambda": 0.15
        },
        "MS1_5": {
          "meanserv": 0.4413325529131331,
          "stddevserv": 0.4413325529131331,
          "rate": 2.2658650339732103,
          "cv": 1.0,
          "lambda": 0.15
        }
      },
      "sensors": [
        "S1"
      ],
      "sources": [
        {
          "startTime": 0,
          "stopTime": -1,
          "lambda": 0.15
        }
      ]
    },
    "SC2": {
      "resptime": 28.29269352693705,
      "resptime_old": 18.292693526937054,
      "waittime": 15.107591327508796,
      "servicetime": 10.0,
      "networktime": 3.185102199428256,
      "services": {
        "MS2_1": {
          "meanserv": 4.240501723357343,
          "stddevserv": 4.240501723357343,
          "rate": 0.23582115165567424,
          "cv": 1.0,
          "lambda": 0.15
        },
        "MS2_2": {
          "meanserv": 0.22539784221256554,
          "stddevserv": 0.22539784221256554,
          "rate": 4.436599703811414,
          "cv": 1.0,
          "lambda": 0.15
        },
        "MS2_3": {
          "meanserv": 0.6293766007032531,
          "stddevserv": 0.6293766007032531,
          "rate": 1.5888738139972467,
          "cv": 1.0,
          "lambda": 0.15
        },
        "MS2_4": {
          "meanserv": 1.1361476495917495,
          "stddevserv": 1.1361476495917495,
          "rate": 0.8801672919530562,
          "cv": 1.0,
          "lambda": 0.15
        },
        "MS2_5": {
          "meanserv": 3.768576184135089,
          "stddevserv": 3.768576184135089,
          "rate": 0.2653522049546959,
          "cv": 1.0,
          "lambda": 0.15
        }
      },
      "sensors": [
        "S2"
      ],
      "sources": [
        {
          "startTime": 0,
          "stopTime": -1,
          "lambda": 0.15
        }
      ]
    },
    "SC3": {
      "resptime": 37.10107285758286,
      "resptime_old": 27.101072857582857,
      "waittime": 22.149616900816476,
      "servicetime": 10.0,
      "networktime": 4.951455956766378,
      "services": {
        "MS3_1": {
          "meanserv": 1.6716429816978873,
          "stddevserv": 1.6716429816978873,
          "rate": 0.598213859627072,
          "cv": 1.0,
          "lambda": 0.15
        },
        "MS3_2": {
          "meanserv": 3.7975674768073273,
          "stddevserv": 3.7975674768073273,
          "rate": 0.2633264599265831,
          "cv": 1.0,
          "lambda": 0.15
        },
        "MS3_3": {
          "meanserv": 1.0986062165618886,
          "stddevserv": 1.0986062165618886,
          "rate": 0.9102442576099025,
          "cv": 1.0,
          "lambda": 0.15
        },
        "MS3_4": {
          "meanserv": 3.157897662509688,
          "stddevserv": 3.157897662509688,
          "rate": 0.31666637328749475,
          "cv": 1.0,
          "lambda": 0.15
        },
        "MS3_5": {
          "meanserv": 0.2742856624232086,
          "stddevserv": 0.2742856624232086,
          "rate": 3.6458340226951114,
          "cv": 1.0,
          "lambda": 0.15
        }
      },
      "sensors": [
        "S3"
      ],
      "sources": [
        {
          "startTime": 0,
          "stopTime": -1,
          "lambda": 0.15
        }
      ]
    },
    "SC4": {
      "resptime": 29.379023987843983,
      "resptime_old": 19.379023987843983,
      "waittime": 16.054707437557024,
      "servicetime": 10.0,
      "networktime": 3.3243165502869574,
      "services": {
        "MS4_1": {
          "meanserv": 3.1530728104793315,
          "stddevserv": 3.1530728104793315,
          "rate": 0.31715093818210294,
          "cv": 1.0,
          "lambda": 0.15
        },
        "MS4_2": {
          "meanserv": 3.259361042111167,
          "stddevserv": 3.259361042111167,
          "rate": 0.30680860054468706,
          "cv": 1.0,
          "lambda": 0.15
        },
        "MS4_3": {
          "meanserv": 2.1654964433911923,
          "stddevserv": 2.1654964433911923,
          "rate": 0.4617878745780753,
          "cv": 1.0,
          "lambda": 0.15
        },
        "MS4_4": {
          "meanserv": 1.2012350336495174,
          "stddevserv": 1.2012350336495174,
          "rate": 0.832476552870642,
          "cv": 1.0,
          "lambda": 0.15
        },
        "MS4_5": {
          "meanserv": 0.22083467036879156,
          "stddevserv": 0.22083467036879156,
          "rate": 4.52827447035382,
          "cv": 1.0,
          "lambda": 0.15
        }
      },
      "sensors": [
        "S4"
      ],
      "sources": [
        {
          "startTime": 0,
          "stopTime": -1,
          "lambda": 0.15
        }
      ]
    }
  },
  "microservice": {
    "MS1_1": "F5",
    "MS1_2": "F10",
    "MS1_3": "F3",
    "MS1_4": "F3",
    "MS1_5": "F3",
    "MS2_1": "F2",
    "MS2_2": "F3",
    "MS2_3": "F3",
    "MS2_4": "F3",
    "MS2_5": "F9",
    "MS3_1": "F6",
    "MS3_2": "F4",
    "MS3_3": "F8",
    "MS3_4": "F8",
    "MS3_5": "F3",
    "MS4_1": "F6",
    "MS4_2": "F1",
    "MS4_3": "F7",
    "MS4_4": "F7",
    "MS4_5": "F7"
  },
  "sensor": {
    "S1": "F5",
    "S2": "F2",
    "S3": "F6",
    "S4": "F6"
  },
  "fog": {
    "F1": {
      "rho": 0.48890415631667505,
      "capacity": 1.0,
      "tserv": 3.259361042111167,
      "stddev": 3.259361042111167,
      "mu": 0.30680860054468706,
      "cv": 1.0,
      "lambda": 0.15,
      "twait": 3.117840186178742
    },
    "F2": {
      "rho": 0.6360752585036015,
      "capacity": 1.0,
      "tserv": 4.240501723357343,
      "stddev": 4.240501723357343,
      "mu": 0.23582115165567424,
      "cv": 1.0,
      "lambda": 0.15,
      "twait": 7.411637413765072
    },
    "F3": {
      "rho": 0.5529939174169958,
      "capacity": 1.0,
      "tserv": 0.5266608737304721,
      "stddev": 0.7183371859279757,
      "mu": 1.8987550620890958,
      "cv": 1.3639463680675799,
      "lambda": 1.05,
      "twait": 0.9318094546074243
    },
    "F4": {
      "rho": 0.5696351215210991,
      "capacity": 1.0,
      "tserv": 3.7975674768073273,
      "stddev": 3.7975674768073273,
      "mu": 0.2633264599265831,
      "cv": 1.0,
      "lambda": 0.15,
      "twait": 5.026497094236675
    },
    "F5": {
      "rho": 0.7560569770238198,
      "capacity": 1.0,
      "tserv": 5.0403798468254655,
      "stddev": 5.0403798468254655,
      "mu": 0.19839774588215223,
      "cv": 1.0,
      "lambda": 0.15,
      "twait": 15.621739468296873
    },
    "F6": {
      "rho": 0.7237073688265828,
      "capacity": 1.0,
      "tserv": 2.4123578960886096,
      "stddev": 2.629978666761913,
      "mu": 0.4145321892831065,
      "cv": 1.0902108145006815,
      "lambda": 0.3,
      "twait": 6.914548364366161
    },
    "F7": {
      "rho": 0.5381349221114252,
      "capacity": 1.0,
      "tserv": 1.195855382469834,
      "stddev": 1.6403258335608497,
      "mu": 0.8362215152928205,
      "cv": 1.3716757541142126,
      "lambda": 0.44999999999999996,
      "twait": 2.0074396290040406
    },
    "F8": {
      "rho": 0.6384755818607365,
      "capacity": 1.0,
      "tserv": 2.1282519395357884,
      "stddev": 2.578720021214931,
      "mu": 0.4698691829775185,
      "cv": 1.2116610694960288,
      "lambda": 0.3,
      "twait": 4.638380993803107
    },
    "F9": {
      "rho": 0.5652864276202633,
      "capacity": 1.0,
      "tserv": 3.7685761841350884,
      "stddev": 3.7685761841350893,
      "mu": 0.26535220495469597,
      "cv": 1.0000000000000002,
      "lambda": 0.15,
      "twait": 4.9005255499214515
    },
    "F10": {
      "rho": 0.5307302687988009,
      "capacity": 1.0,
      "tserv": 3.538201791992006,
      "stddev": 3.538201791992006,
      "mu": 0.28262944252170547,
      "cv": 1.0,
      "lambda": 0.15,
      "twait": 4.001602198636583
    }
  },
  "extra": {
    "deltatime": 0.7471227,
    "conv": 23,
    "obj_func": 32.54695891742646
  },
  "network": [
    [
      0.0,
      2.505029948552654,
      1.5726455362306202,
      2.592644353841644,
      2.2783777555606153,
      1.7291604190114322,
      1.5951561312755251,
      1.5427661987093169,
      2.218429229858013,
      2.218429229858013
    ],
    [
      2.505029948552654,
      0.0,
      1.6247099809335126,
      2.193713406934456,
      2.0211688505782064,
      1.94562793380054,
      1.6579410407173616,
      2.218429229858013,
      1.7959076069961102,
      1.7959076069961102
    ],
    [
      1.5726455362306202,
      1.6247099809335126,
      0.0,
      2.437091015115051,
      2.082527888919405,
      1.8485642287498054,
      1.5427661987093169,
      1.7959076069961102,
      1.5603922184947432,
      1.5603922184947432
    ],
    [
      2.592644353841644,
      2.193713406934456,
      2.437091015115051,
      0.0,
      1.9317724578679076,
      1.5951561312755251,
      2.218429229858013,
      1.5603922184947432,
      2.058924565626039,
      2.058924565626039
    ],
    [
      2.2783777555606153,
      2.0211688505782064,
      2.082527888919405,
      1.9317724578679076,
      0.0,
      1.6579410407173616,
      1.7959076069961102,
      2.058924565626039,
      1.435883048091465,
      1.435883048091465
    ],
    [
      1.7291604190114322,
      1.94562793380054,
      1.8485642287498054,
      1.5951561312755251,
      1.6579410407173616,
      0.0,
      1.5603922184947432,
      1.435883048091465,
      1.9850253161752538,
      1.9850253161752538
    ],
    [
      1.5951561312755251,
      1.6579410407173616,
      1.5427661987093169,
      2.218429229858013,
      1.7959076069961102,
      1.5603922184947432,
      0.0,
      1.9850253161752538,
      2.053505268890402,
      2.053505268890402
    ],
    [
      1.5427661987093169,
      2.218429229858013,
      1.7959076069961102,
      1.5603922184947432,
      2.058924565626039,
      1.435883048091465,
      1.9850253161752538,
      0.0,
      2.026630836852001,
      2.026630836852001
    ],
    [
      2.218429229858013,
      1.7959076069961102,
      1.5603922184947432,
      2.058924565626039,
      1.435883048091465,
      1.9850253161752538,
      2.053505268890402,
      2.026630836852001,
      0.0,
      2.0529756873050355
    ],
    [
      2.218429229858013,
      1.7959076069961102,
      1.5603922184947432,
      2.058924565626039,
      1.435883048091465,
      1.9850253161752538,
      2.053505268890402,
      2.026630836852001,
      2.0529756873050355,
      0.0
    ]
  ]
}