{
  "servicechain": {
    "SC1": {
      "resptime": 43.35714494019499,
      "resptime_old": 33.35714494019499,
      "waittime": 29.180971077274716,
      "servicetime": 10.0,
      "networktime": 4.176173862920274,
      "services": {
        "MS1_1": {
          "meanserv": 0.9921351432897307,
          "stddevserv": 0.9921351432897307,
          "rate": 1.0079272030261834,
          "cv": 1.0,
          "lambda": 0.15
        },
        "MS1_2": {
          "meanserv": 1.3794060093119842,
          "stddevserv": 1.3794060093119842,
          "rate": 0.7249497198426567,
          "cv": 1.0,
          "lambda": 0.15
        },
        "MS1_3": {
          "meanserv": 2.226186455051634,
          "stddevserv": 2.226186455051634,
          "rate": 0.44919867234427413,
          "cv": 1.0,
          "lambda": 0.15
        },
        "MS1_4": {
          "meanserv": 5.402272392346651,
          "stddevserv": 5.402272392346651,
          "rate": 0.18510728955775918,
          "cv": 1.0,
          "lambda": 0.15
        }
      },
      "sensors": [
        "S1"
      ],
      "sources": [
        {
          "startTime": 0,
          "stopTime": -1,
          "lambda": 0.15
        }
      ]
    },
    "SC2": {
      "resptime": 31.301056759132955,
      "resptime_old": 21.30105675913296,
      "waittime": 16.191751994821765,
      "servicetime": 10.0,
      "networktime": 5.109304764311189,
      "services": {
        "MS2_1": {
          "meanserv": 4.670894298035294,
          "stddevserv": 4.670894298035294,
          "rate": 0.21409176405910693,
          "cv": 1.0,
          "lambda": 0.15
        },
        "MS2_2": {
          "meanserv": 2.7982762277781505,
          "stddevserv": 2.7982762277781505,
          "rate": 0.3573628614906279,
          "cv": 1.0,
          "lambda": 0.15
        },
        "MS2_3": {
          "meanserv": 0.5948326016112251,
          "stddevserv": 0.5948326016112251,
          "rate": 1.6811452453871838,
          "cv": 1.0,
          "lambda": 0.15
        },
        "MS2_4": {
          "meanserv": 1.9359968725753305,
          "stddevserv": 1.9359968725753305,
          "rate": 0.516529760024749,
          "cv": 1.0,
          "lambda": 0.15
        }
      },
      "sensors": [
        "S2"
      ],
      "sources": [
        {
          "startTime": 0,
          "stopTime": -1,
          "lambda": 0.15
        }
      ]
    },
    "SC3": {
      "resptime": 26.85763367562167,
      "resptime_old": 16.85763367562167,
      "waittime": 12.681459812701396,
      "servicetime": 10.0,
      "networktime": 4.176173862920274,
      "services": {
        "MS3_1": {
          "meanserv": 0.7415142933716468,
          "stddevserv": 0.7415142933716468,
          "rate": 1.3485916710425436,
          "cv": 1.0,
          "lambda": 0.15
        },
        "MS3_2": {
          "meanserv": 1.6991532000671936,
          "stddevserv": 1.6991532000671936,
          "rate": 0.588528450501376,
          "cv": 1.0,
          "lambda": 0.15
        },
        "MS3_3": {
          "meanserv": 4.329355701673092,
          "stddevserv": 4.329355701673092,
          "rate": 0.2309812519247488,
          "cv": 1.0,
          "lambda": 0.15
        },
        "MS3_4": {
          "meanserv": 3.229976804888068,
          "stddevserv": 3.229976804888068,
          "rate": 0.3095997465017877,
          "cv": 1.0,
          "lambda": 0.15
        }
      },
      "sensors": [
        "S3"
      ],
      "sources": [
        {
          "startTime": 0,
          "stopTime": -1,
          "lambda": 0.15
        }
      ]
    },
    "SC4": {
      "resptime": 7295.00322061244,
      "resptime_old": 7285.00322061244,
      "waittime": 7282.941306618906,
      "servicetime": 10.0,
      "networktime": 2.061913993533827,
      "services": {
        "MS4_1": {
          "meanserv": 6.9698841129985665,
          "stddevserv": 6.9698841129985665,
          "rate": 0.14347440843887754,
          "cv": 1.0,
          "lambda": 0.15
        },
        "MS4_2": {
          "meanserv": 1.41529199344249,
          "stddevserv": 1.41529199344249,
          "rate": 0.7065679765259231,
          "cv": 1.0,
          "lambda": 0.15
        },
        "MS4_3": {
          "meanserv": 0.20062555101443813,
          "stddevserv": 0.20062555101443813,
          "rate": 4.984409986383212,
          "cv": 1.0,
          "lambda": 0.15
        },
        "MS4_4": {
          "meanserv": 1.4141983425445055,
          "stddevserv": 1.4141983425445055,
          "rate": 0.7071143911827414,
          "cv": 1.0,
          "lambda": 0.15
        }
      },
      "sensors": [
        "S4"
      ],
      "sources": [
        {
          "startTime": 0,
          "stopTime": -1,
          "lambda": 0.15
        }
      ]
    }
  },
  "microservice": {
    "MS1_1": "F5",
    "MS1_2": "F8",
    "MS1_3": "F8",
    "MS1_4": "F2",
    "MS2_1": "F3",
    "MS2_2": "F6",
    "MS2_3": "F5",
    "MS2_4": "F5",
    "MS3_1": "F9",
    "MS3_2": "F9",
    "MS3_3": "F4",
    "MS3_4": "F7",
    "MS4_1": "F1",
    "MS4_2": "F10",
    "MS4_3": "F10",
    "MS4_4": "F10"
  },
  "sensor": {
    "S1": "F5",
    "S2": "F3",
    "S3": "F9",
    "S4": "F1"
  },
  "fog": {
    "F1": {
      "rho": 1.0454826169497848,
      "capacity": 1.0,
      "tserv": 6.969884112998566,
      "stddev": 6.969884112998567,
      "mu": 0.14347440843887754,
      "cv": 1.0000000000000002,
      "lambda": 0.15,
      "twait": 7279.605789612169
    },
    "F2": {
      "rho": 0.8103408588519977,
      "capacity": 1.0,
      "tserv": 5.402272392346651,
      "stddev": 5.402272392346651,
      "mu": 0.18510728955775918,
      "cv": 1.0,
      "lambda": 0.15,
      "twait": 23.081840525421633
    },
    "F3": {
      "rho": 0.7006341447052941,
      "capacity": 1.0,
      "tserv": 4.670894298035294,
      "stddev": 4.670894298035294,
      "mu": 0.21409176405910693,
      "cv": 1.0,
      "lambda": 0.15,
      "twait": 10.931734443432589
    },
    "F4": {
      "rho": 0.6494033552509637,
      "capacity": 1.0,
      "tserv": 4.329355701673092,
      "stddev": 4.329355701673092,
      "mu": 0.2309812519247488,
      "cv": 1.0,
      "lambda": 0.15,
      "twait": 8.019181474922327
    },
    "F5": {
      "rho": 0.5284446926214429,
      "capacity": 1.0,
      "tserv": 1.174321539158762,
      "stddev": 1.4183782384853643,
      "mu": 0.8515555294305177,
      "cv": 1.2078278318061295,
      "lambda": 0.44999999999999996,
      "twait": 1.6179147315889775
    },
    "F6": {
      "rho": 0.4197414341667226,
      "capacity": 1.0,
      "tserv": 2.7982762277781505,
      "stddev": 2.7982762277781505,
      "mu": 0.3573628614906279,
      "cv": 1.0,
      "lambda": 0.15,
      "twait": 2.024188088211222
    },
    "F7": {
      "rho": 0.4844965207332102,
      "capacity": 1.0,
      "tserv": 3.229976804888068,
      "stddev": 3.229976804888068,
      "mu": 0.3095997465017877,
      "cv": 1.0,
      "lambda": 0.15,
      "twait": 3.035697307500318
    },
    "F8": {
      "rho": 0.5408388696545428,
      "capacity": 1.0,
      "tserv": 1.8027962321818092,
      "stddev": 1.89962965243556,
      "mu": 0.5546938595438287,
      "cv": 1.0537129036133825,
      "lambda": 0.3,
      "twait": 2.2406079101320526
    },
    "F9": {
      "rho": 0.36610012401582603,
      "capacity": 1.0,
      "tserv": 1.2203337467194202,
      "stddev": 1.39561835441885,
      "mu": 0.81944796059952,
      "cv": 1.1436366143037848,
      "lambda": 0.3,
      "twait": 0.8132905151393762
    },
    "F10": {
      "rho": 0.45451738305021505,
      "capacity": 1.0,
      "tserv": 1.010038629000478,
      "stddev": 1.294344606964761,
      "mu": 0.9900611434926879,
      "cv": 1.281480301645125,
      "lambda": 0.44999999999999996,
      "twait": 1.1118390022454456
    }
  },
  "extra": {
    "deltatime": 0.0099762,
    "obj_func": 1849.1297639968473
  },
  "network": [
    [
      0.0,
      2.34031605151287,
      1.8474865531638927,
      2.1058005926817516,
      2.554591251201925,
      2.076063673541929,
      2.787890362107623,
      2.788200370281024,
      2.061913993533827,
      2.061913993533827
    ],
    [
      2.34031605151287,
      0.0,
      2.4293620644497937,
      2.586871408192451,
      3.0029006765480566,
      3.3846390144372176,
      2.849909316018719,
      2.061913993533827,
      2.9779781062234254,
      2.9779781062234254
    ],
    [
      1.8474865531638927,
      2.4293620644497937,
      0.0,
      2.7994764397553173,
      3.397293360590336,
      2.2593954482924703,
      2.788200370281024,
      2.9779781062234254,
      2.723859483204625,
      2.723859483204625
    ],
    [
      2.1058005926817516,
      2.586871408192451,
      2.7994764397553173,
      0.0,
      2.7102307691862326,
      2.787890362107623,
      2.061913993533827,
      2.723859483204625,
      2.114259869386448,
      2.114259869386448
    ],
    [
      2.554591251201925,
      3.0029006765480566,
      3.397293360590336,
      2.7102307691862326,
      0.0,
      2.849909316018719,
      2.9779781062234254,
      2.114259869386448,
      3.2981860403217924,
      3.2981860403217924
    ],
    [
      2.076063673541929,
      3.3846390144372176,
      2.2593954482924703,
      2.787890362107623,
      2.849909316018719,
      0.0,
      2.723859483204625,
      3.2981860403217924,
      2.65879421753152,
      2.65879421753152
    ],
    [
      2.787890362107623,
      2.849909316018719,
      2.788200370281024,
      2.061913993533827,
      2.9779781062234254,
      2.723859483204625,
      0.0,
      2.65879421753152,
      2.5667303948057794,
      2.5667303948057794
    ],
    [
      2.788200370281024,
      2.061913993533827,
      2.9779781062234254,
      2.723859483204625,
      2.114259869386448,
      3.2981860403217924,
      2.65879421753152,
      0.0,
      2.8095835077883913,
      2.8095835077883913
    ],
    [
      2.061913993533827,
      2.9779781062234254,
      2.723859483204625,
      2.114259869386448,
      3.2981860403217924,
      2.65879421753152,
      2.5667303948057794,
      2.8095835077883913,
      0.0,
      2.409676648546327
    ],
    [
      2.061913993533827,
      2.9779781062234254,
      2.723859483204625,
      2.114259869386448,
      3.2981860403217924,
      2.65879421753152,
      2.5667303948057794,
      2.8095835077883913,
      2.409676648546327,
      0.0
    ]
  ]
}