{
  "servicechain": {
    "SC1": {
      "resptime": 39.44808204979835,
      "resptime_old": 29.448082049798355,
      "waittime": 24.991623737774646,
      "servicetime": 10.0,
      "networktime": 4.456458312023708,
      "services": {
        "MS1_1": {
          "meanserv": 2.7249663030350915,
          "stddevserv": 2.7249663030350915,
          "rate": 0.36697701505012786,
          "cv": 1.0,
          "lambda": 0.3
        },
        "MS1_2": {
          "meanserv": 1.7859032335315765,
          "stddevserv": 1.7859032335315765,
          "rate": 0.5599407522335499,
          "cv": 1.0,
          "lambda": 0.3
        },
        "MS1_3": {
          "meanserv": 0.6557092454569542,
          "stddevserv": 0.6557092454569542,
          "rate": 1.5250661889068144,
          "cv": 1.0,
          "lambda": 0.3
        },
        "MS1_4": {
          "meanserv": 0.009133334134554971,
          "stddevserv": 0.009133334134554971,
          "rate": 109.48904148996469,
          "cv": 1.0,
          "lambda": 0.3
        },
        "MS1_5": {
          "meanserv": 0.13887323231155424,
          "stddevserv": 0.13887323231155424,
          "rate": 7.200811728473034,
          "cv": 1.0,
          "lambda": 0.3
        },
        "MS1_6": {
          "meanserv": 0.26057771423313003,
          "stddevserv": 0.26057771423313003,
          "rate": 3.8376267246911757,
          "cv": 1.0,
          "lambda": 0.3
        },
        "MS1_7": {
          "meanserv": 0.09226858745317479,
          "stddevserv": 0.09226858745317479,
          "rate": 10.837924667563467,
          "cv": 1.0,
          "lambda": 0.3
        },
        "MS1_8": {
          "meanserv": 0.014556446866381911,
          "stddevserv": 0.014556446866381911,
          "rate": 68.69808334268016,
          "cv": 1.0,
          "lambda": 0.3
        },
        "MS1_9": {
          "meanserv": 2.056031824935526,
          "stddevserv": 2.056031824935526,
          "rate": 0.48637379435085276,
          "cv": 1.0,
          "lambda": 0.3
        },
        "MS1_10": {
          "meanserv": 2.261980078042056,
          "stddevserv": 2.261980078042056,
          "rate": 0.4420905425770101,
          "cv": 1.0,
          "lambda": 0.3
        }
      },
      "sensors": [
        "S1"
      ],
      "sources": [
        {
          "startTime": 0,
          "stopTime": -1,
          "lambda": 0.3
        }
      ]
    },
    "SC2": {
      "resptime": 100.93385672854848,
      "resptime_old": 90.93385672854849,
      "waittime": 84.16231776079324,
      "servicetime": 10.0,
      "networktime": 6.77153896775524,
      "services": {
        "MS2_1": {
          "meanserv": 1.0938957187771126,
          "stddevserv": 1.0938957187771126,
          "rate": 0.9141639215097391,
          "cv": 1.0,
          "lambda": 0.3
        },
        "MS2_2": {
          "meanserv": 1.1503933190781914,
          "stddevserv": 1.1503933190781914,
          "rate": 0.8692679133440192,
          "cv": 1.0,
          "lambda": 0.3
        },
        "MS2_3": {
          "meanserv": 0.5953041274491553,
          "stddevserv": 0.5953041274491553,
          "rate": 1.6798136513599256,
          "cv": 1.0,
          "lambda": 0.3
        },
        "MS2_4": {
          "meanserv": 0.8684851687248152,
          "stddevserv": 0.8684851687248152,
          "rate": 1.1514301406761918,
          "cv": 1.0,
          "lambda": 0.3
        },
        "MS2_5": {
          "meanserv": 0.8944003734648196,
          "stddevserv": 0.8944003734648196,
          "rate": 1.1180675116738803,
          "cv": 1.0,
          "lambda": 0.3
        },
        "MS2_6": {
          "meanserv": 3.1976936054009357,
          "stddevserv": 3.1976936054009357,
          "rate": 0.3127253963015688,
          "cv": 1.0,
          "lambda": 0.3
        },
        "MS2_7": {
          "meanserv": 0.032748983722443725,
          "stddevserv": 0.032748983722443725,
          "rate": 30.535298697366116,
          "cv": 1.0,
          "lambda": 0.3
        },
        "MS2_8": {
          "meanserv": 0.37014836548102625,
          "stddevserv": 0.37014836548102625,
          "rate": 2.7016193863248597,
          "cv": 1.0,
          "lambda": 0.3
        },
        "MS2_9": {
          "meanserv": 0.8344348684110514,
          "stddevserv": 0.8344348684110514,
          "rate": 1.1984158834400356,
          "cv": 1.0,
          "lambda": 0.3
        },
        "MS2_10": {
          "meanserv": 0.9624954694904488,
          "stddevserv": 0.9624954694904488,
          "rate": 1.0389659293974716,
          "cv": 1.0,
          "lambda": 0.3
        }
      },
      "sensors": [
        "S2"
      ],
      "sources": [
        {
          "startTime": 0,
          "stopTime": -1,
          "lambda": 0.3
        }
      ]
    },
    "SC3": {
      "resptime": 3824.503141134119,
      "resptime_old": 3814.503141134119,
      "waittime": 3809.066370341235,
      "servicetime": 10.0,
      "networktime": 5.436770792883683,
      "services": {
        "MS3_1": {
          "meanserv": 3.560988369860778,
          "stddevserv": 3.560988369860778,
          "rate": 0.2808209115378539,
          "cv": 1.0,
          "lambda": 0.3
        },
        "MS3_2": {
          "meanserv": 0.13112988198156872,
          "stddevserv": 0.13112988198156872,
          "rate": 7.626026843679745,
          "cv": 1.0,
          "lambda": 0.3
        },
        "MS3_3": {
          "meanserv": 0.4359578780425446,
          "stddevserv": 0.4359578780425446,
          "rate": 2.293799585615955,
          "cv": 1.0,
          "lambda": 0.3
        },
        "MS3_4": {
          "meanserv": 0.20676568073471113,
          "stddevserv": 0.20676568073471113,
          "rate": 4.836392560151417,
          "cv": 1.0,
          "lambda": 0.3
        },
        "MS3_5": {
          "meanserv": 1.8155365233865268,
          "stddevserv": 1.8155365233865268,
          "rate": 0.5508013675950162,
          "cv": 1.0,
          "lambda": 0.3
        },
        "MS3_6": {
          "meanserv": 1.1498592411164203,
          "stddevserv": 1.1498592411164203,
          "rate": 0.8696716643587443,
          "cv": 1.0,
          "lambda": 0.3
        },
        "MS3_7": {
          "meanserv": 0.4400688351315498,
          "stddevserv": 0.4400688351315498,
          "rate": 2.272371774977135,
          "cv": 1.0,
          "lambda": 0.3
        },
        "MS3_8": {
          "meanserv": 0.9629878108008381,
          "stddevserv": 0.9629878108008381,
          "rate": 1.038434743185775,
          "cv": 1.0,
          "lambda": 0.3
        },
        "MS3_9": {
          "meanserv": 0.3394387300785784,
          "stddevserv": 0.3394387300785784,
          "rate": 2.946039775038355,
          "cv": 1.0,
          "lambda": 0.3
        },
        "MS3_10": {
          "meanserv": 0.9572670488664841,
          "stddevserv": 0.9572670488664841,
          "rate": 1.0446405746276515,
          "cv": 1.0,
          "lambda": 0.3
        }
      },
      "sensors": [
        "S3"
      ],
      "sources": [
        {
          "startTime": 0,
          "stopTime": -1,
          "lambda": 0.3
        }
      ]
    },
    "SC4": {
      "resptime": 28.405862352876774,
      "resptime_old": 18.405862352876778,
      "waittime": 13.155143024028263,
      "servicetime": 10.0,
      "networktime": 5.250719328848513,
      "services": {
        "MS4_1": {
          "meanserv": 1.7524796221982541,
          "stddevserv": 1.7524796221982541,
          "rate": 0.5706200444976542,
          "cv": 1.0,
          "lambda": 0.3
        },
        "MS4_2": {
          "meanserv": 0.3590106456868647,
          "stddevserv": 0.3590106456868647,
          "rate": 2.7854327218815045,
          "cv": 1.0,
          "lambda": 0.3
        },
        "MS4_3": {
          "meanserv": 0.6956191152221689,
          "stddevserv": 0.6956191152221689,
          "rate": 1.4375683159319408,
          "cv": 1.0,
          "lambda": 0.3
        },
        "MS4_4": {
          "meanserv": 1.804680987967723,
          "stddevserv": 1.804680987967723,
          "rate": 0.5541145535788651,
          "cv": 1.0,
          "lambda": 0.3
        },
        "MS4_5": {
          "meanserv": 2.125769343665204,
          "stddevserv": 2.125769343665204,
          "rate": 0.47041792327093324,
          "cv": 1.0,
          "lambda": 0.3
        },
        "MS4_6": {
          "meanserv": 1.2621871769746127,
          "stddevserv": 1.2621871769746127,
          "rate": 0.7922755184353404,
          "cv": 1.0,
          "lambda": 0.3
        },
        "MS4_7": {
          "meanserv": 0.6384383944667293,
          "stddevserv": 0.6384383944667293,
          "rate": 1.5663218388287463,
          "cv": 1.0,
          "lambda": 0.3
        },
        "MS4_8": {
          "meanserv": 0.08795244653225964,
          "stddevserv": 0.08795244653225964,
          "rate": 11.369780369136349,
          "cv": 1.0,
          "lambda": 0.3
        },
        "MS4_9": {
          "meanserv": 0.7081393007584378,
          "stddevserv": 0.7081393007584378,
          "rate": 1.4121515342094004,
          "cv": 1.0,
          "lambda": 0.3
        },
        "MS4_10": {
          "meanserv": 0.5657229665277459,
          "stddevserv": 0.5657229665277459,
          "rate": 1.7676496433187585,
          "cv": 1.0,
          "lambda": 0.3
        }
      },
      "sensors": [
        "S4"
      ],
      "sources": [
        {
          "startTime": 0,
          "stopTime": -1,
          "lambda": 0.3
        }
      ]
    }
  },
  "microservice": {
    "MS1_1": "F4",
    "MS1_2": "F17",
    "MS1_3": "F7",
    "MS1_4": "F19",
    "MS1_5": "F19",
    "MS1_6": "F19",
    "MS1_7": "F19",
    "MS1_8": "F19",
    "MS1_9": "F15",
    "MS1_10": "F1",
    "MS2_1": "F16",
    "MS2_2": "F13",
    "MS2_3": "F13",
    "MS2_4": "F3",
    "MS2_5": "F16",
    "MS2_6": "F18",
    "MS2_7": "F20",
    "MS2_8": "F20",
    "MS2_9": "F19",
    "MS2_10": "F8",
    "MS3_1": "F5",
    "MS3_2": "F8",
    "MS3_3": "F8",
    "MS3_4": "F8",
    "MS3_5": "F2",
    "MS3_6": "F9",
    "MS3_7": "F9",
    "MS3_8": "F20",
    "MS3_9": "F20",
    "MS3_10": "F3",
    "MS4_1": "F12",
    "MS4_2": "F7",
    "MS4_3": "F7",
    "MS4_4": "F6",
    "MS4_5": "F14",
    "MS4_6": "F11",
    "MS4_7": "F11",
    "MS4_8": "F10",
    "MS4_9": "F10",
    "MS4_10": "F10"
  },
  "sensor": {
    "S1": "F4",
    "S2": "F16",
    "S3": "F5",
    "S4": "F12"
  },
  "fog": {
    "F1": {
      "rho": 0.6785940234126167,
      "capacity": 1.0,
      "tserv": 2.261980078042056,
      "stddev": 2.261980078042056,
      "mu": 0.4420905425770101,
      "cv": 1.0,
      "lambda": 0.3,
      "twait": 4.775785996065381
    },
    "F2": {
      "rho": 0.5446609570159581,
      "capacity": 1.0,
      "tserv": 1.815536523386527,
      "stddev": 1.8155365233865266,
      "mu": 0.5508013675950161,
      "cv": 0.9999999999999998,
      "lambda": 0.3,
      "twait": 2.1716825639302506
    },
    "F3": {
      "rho": 0.5477256652773898,
      "capacity": 1.0,
      "tserv": 0.9128761087956496,
      "stddev": 0.9150321858441001,
      "mu": 1.0954388995011517,
      "cv": 1.0023618506691943,
      "lambda": 0.6,
      "twait": 1.108150449548602
    },
    "F4": {
      "rho": 0.8174898909105274,
      "capacity": 1.0,
      "tserv": 2.7249663030350915,
      "stddev": 2.724966303035092,
      "mu": 0.36697701505012786,
      "cv": 1.0000000000000002,
      "lambda": 0.3,
      "twait": 12.20552887134027
    },
    "F5": {
      "rho": 1.0682965109582334,
      "capacity": 1.0,
      "tserv": 3.560988369860778,
      "stddev": 3.560988369860778,
      "mu": 0.2808209115378539,
      "cv": 1.0,
      "lambda": 0.3,
      "twait": 3800.3872596340275
    },
    "F6": {
      "rho": 0.5414042963903167,
      "capacity": 1.0,
      "tserv": 1.8046809879677228,
      "stddev": 1.8046809879677232,
      "mu": 0.5541145535788652,
      "cv": 1.0000000000000002,
      "lambda": 0.3,
      "twait": 2.1305521024489074
    },
    "F7": {
      "rho": 0.5131017019097963,
      "capacity": 1.0,
      "tserv": 0.570113002121996,
      "stddev": 0.6083781493851053,
      "mu": 1.754038227996797,
      "cv": 1.0671185310994207,
      "lambda": 0.8999999999999999,
      "twait": 0.6424724932372977
    },
    "F8": {
      "rho": 0.5209046730747819,
      "capacity": 1.0,
      "tserv": 0.4340872275623183,
      "stddev": 0.6322738531007378,
      "mu": 2.3036844590329215,
      "cv": 1.456559449241034,
      "lambda": 1.2,
      "twait": 0.7366408061910472
    },
    "F9": {
      "rho": 0.4769784228743911,
      "capacity": 1.0,
      "tserv": 0.7949640381239851,
      "stddev": 0.9401430913028487,
      "mu": 1.2579185372458783,
      "cv": 1.1826234222134977,
      "lambda": 0.6,
      "twait": 0.8694690163829469
    },
    "F10": {
      "rho": 0.40854441414553294,
      "capacity": 1.0,
      "tserv": 0.4539382379394811,
      "stddev": 0.588868684394753,
      "mu": 2.202942859670085,
      "cv": 1.297244063570738,
      "lambda": 0.8999999999999999,
      "twait": 0.42060945749051776
    },
    "F11": {
      "rho": 0.5701876714324026,
      "capacity": 1.0,
      "tserv": 0.950312785720671,
      "stddev": 1.0476763157312545,
      "mu": 1.0522851160438178,
      "cv": 1.1024541934756227,
      "lambda": 0.6,
      "twait": 1.3964606784891744
    },
    "F12": {
      "rho": 0.5257438866594761,
      "capacity": 1.0,
      "tserv": 1.7524796221982541,
      "stddev": 1.7524796221982541,
      "mu": 0.5706200444976542,
      "cv": 1.0,
      "lambda": 0.3,
      "twait": 1.9427381576091391
    },
    "F13": {
      "rho": 0.523709233958204,
      "capacity": 1.0,
      "tserv": 0.8728487232636734,
      "stddev": 0.9570406987347576,
      "mu": 1.1456738989786164,
      "cv": 1.0964565488006692,
      "lambda": 0.6,
      "twait": 1.0567862610570786
    },
    "F14": {
      "rho": 0.6377308030995612,
      "capacity": 1.0,
      "tserv": 2.125769343665204,
      "stddev": 2.125769343665204,
      "mu": 0.47041792327093324,
      "cv": 1.0,
      "lambda": 0.3,
      "twait": 3.7421580480457224
    },
    "F15": {
      "rho": 0.6168095474806577,
      "capacity": 1.0,
      "tserv": 2.056031824935526,
      "stddev": 2.056031824935526,
      "mu": 0.48637379435085276,
      "cv": 1.0,
      "lambda": 0.3,
      "twait": 3.3095293768581016
    },
    "F16": {
      "rho": 0.5964888276725797,
      "capacity": 1.0,
      "tserv": 0.9941480461209662,
      "stddev": 1.004106336005689,
      "mu": 1.0058864008251762,
      "cv": 1.0100169083705175,
      "lambda": 0.6,
      "twait": 1.4843900307123388
    },
    "F17": {
      "rho": 0.5357709700594729,
      "capacity": 1.0,
      "tserv": 1.7859032335315765,
      "stddev": 1.7859032335315765,
      "mu": 0.5599407522335499,
      "cv": 1.0,
      "lambda": 0.3,
      "twait": 2.061127258638141
    },
    "F18": {
      "rho": 0.9593080816202807,
      "capacity": 1.0,
      "tserv": 3.1976936054009357,
      "stddev": 3.1976936054009357,
      "mu": 0.3127253963015688,
      "cv": 1.0,
      "lambda": 0.3,
      "twait": 75.38532073079841
    },
    "F19": {
      "rho": 0.4049532550229542,
      "capacity": 1.0,
      "tserv": 0.2249740305683079,
      "stddev": 0.4620378506521343,
      "mu": 4.444957480087349,
      "cv": 2.0537386003396856,
      "lambda": 1.8,
      "twait": 0.39943594832709023
    },
    "F20": {
      "rho": 0.5115971670248659,
      "capacity": 1.0,
      "tserv": 0.4263309725207216,
      "stddev": 0.6391910071999405,
      "mu": 2.3455954750071446,
      "cv": 1.4992835341534396,
      "lambda": 1.2,
      "twait": 0.7252086211946199
    }
  },
  "extra": {
    "conv_gen": 17,
    "max_gen": 600,
    "population": 600,
    "deltatime": 76.0781706,
    "obj_func": 998.3227355663356
  },
  "network": [
    [
      0.0,
      1.211603949993758,
      0.8835916136665337,
      1.2814206666238268,
      1.1362374150617474,
      1.409402301619751,
      0.9306582391645174,
      0.9020984426190466,
      1.0082092954705781,
      0.8461040470924965,
      0.9534161467385228,
      1.0391630756572117,
      0.8678908450806117,
      1.3111585379822972,
      0.905315698182386,
      0.5573900985643928,
      1.29184521273037,
      0.8748442554121726,
      0.6407670645436084,
      0.6407670645436084
    ],
    [
      1.211603949993758,
      0.0,
      0.678839885622001,
      0.5530715998660679,
      0.8300321951689196,
      0.8307755271147512,
      0.7684071878266394,
      0.9611523892356941,
      1.107156518419992,
      1.0832214201871357,
      1.09992860782106,
      0.8353483696030257,
      1.3306650487718432,
      1.2851699383967858,
      0.9072115898637105,
      1.2863395606876733,
      0.5596995515575455,
      0.6407670645436084,
      1.1643015698398824,
      1.1643015698398824
    ],
    [
      0.8835916136665337,
      0.678839885622001,
      0.0,
      1.1536677252549703,
      1.1258600638976497,
      0.8451713826811905,
      1.2487152956525684,
      0.7917159542070273,
      1.204537178525911,
      1.3191388637096229,
      1.2436491429103065,
      0.9719952127842513,
      1.0834058435965277,
      1.192101510259641,
      1.3224181877879153,
      0.9920520864092296,
      0.8748442554121726,
      1.1643015698398824,
      1.04919532555289,
      1.04919532555289
    ],
    [
      1.2814206666238268,
      0.5530715998660679,
      1.1536677252549703,
      0.0,
      0.9194613725092352,
      1.1742201858525787,
      0.8371806935769879,
      0.8197972278371164,
      0.6138904832930008,
      1.0241373875585498,
      1.018091410032411,
      0.9570265383638958,
      1.084156490271203,
      0.6228323259714234,
      0.7433429830648157,
      1.29184521273037,
      0.6407670645436084,
      1.04919532555289,
      0.8233868815173864,
      0.8233868815173864
    ],
    [
      1.1362374150617474,
      0.8300321951689196,
      1.1258600638976497,
      0.9194613725092352,
      0.0,
      0.9524995402631199,
      0.8116981004338639,
      1.2250361134011765,
      1.17639417366857,
      0.9495361002069489,
      1.0755112476619284,
      1.0089739333018168,
      0.7516913746351399,
      1.097449762838681,
      0.5573900985643928,
      0.5596995515575455,
      1.1643015698398824,
      0.8233868815173864,
      0.8844733371014092,
      0.8844733371014092
    ],
    [
      1.409402301619751,
      0.8307755271147512,
      0.8451713826811905,
      1.1742201858525787,
      0.9524995402631199,
      0.0,
      1.2530518971724922,
      0.8148741543830892,
      0.8405681653549385,
      0.9780934164553183,
      1.1491387362418617,
      1.0637980998244394,
      0.7649922210317779,
      0.905315698182386,
      1.2863395606876733,
      0.8748442554121726,
      1.04919532555289,
      0.8844733371014092,
      0.5503351499874118,
      0.5503351499874118
    ],
    [
      0.9306582391645174,
      0.7684071878266394,
      1.2487152956525684,
      0.8371806935769879,
      0.8116981004338639,
      1.2530518971724922,
      0.0,
      0.978733135157811,
      1.1915216898775707,
      1.2334096879066656,
      0.9037860703234941,
      0.9706638032029355,
      1.3111585379822972,
      0.9072115898637105,
      0.9920520864092296,
      0.6407670645436084,
      0.8233868815173864,
      0.5503351499874118,
      0.9924054326420088,
      0.9924054326420088
    ],
    [
      0.9020984426190466,
      0.9611523892356941,
      0.7917159542070273,
      0.8197972278371164,
      1.2250361134011765,
      0.8148741543830892,
      0.978733135157811,
      0.0,
      1.0721142486274853,
      1.2154830631425104,
      0.9864582317101732,
      0.8678908450806117,
      1.2851699383967858,
      1.3224181877879153,
      1.29184521273037,
      1.1643015698398824,
      0.8844733371014092,
      0.9924054326420088,
      1.023920864906885,
      1.023920864906885
    ],
    [
      1.0082092954705781,
      1.107156518419992,
      1.204537178525911,
      0.6138904832930008,
      1.17639417366857,
      0.8405681653549385,
      1.1915216898775707,
      1.0721142486274853,
      0.0,
      0.9461721825613036,
      1.0391630756572117,
      1.3306650487718432,
      1.192101510259641,
      0.7433429830648157,
      0.5596995515575455,
      1.04919532555289,
      0.5503351499874118,
      1.023920864906885,
      1.094230446273931,
      1.094230446273931
    ],
    [
      0.8461040470924965,
      1.0832214201871357,
      1.3191388637096229,
      1.0241373875585498,
      0.9495361002069489,
      0.9780934164553183,
      1.2334096879066656,
      1.2154830631425104,
      0.9461721825613036,
      0.0,
      0.8353483696030257,
      1.0834058435965277,
      0.6228323259714234,
      0.5573900985643928,
      0.8748442554121726,
      0.8233868815173864,
      0.9924054326420088,
      1.094230446273931,
      0.9124268524193451,
      0.9124268524193451
    ],
    [
      0.9534161467385228,
      1.09992860782106,
      1.2436491429103065,
      1.018091410032411,
      1.0755112476619284,
      1.1491387362418617,
      0.9037860703234941,
      0.9864582317101732,
      1.0391630756572117,
      0.8353483696030257,
      0.0,
      1.084156490271203,
      1.097449762838681,
      1.2863395606876733,
      0.6407670645436084,
      0.8844733371014092,
      1.023920864906885,
      0.9124268524193451,
      1.2884213931170092,
      1.2884213931170092
    ],
    [
      1.0391630756572117,
      0.8353483696030257,
      0.9719952127842513,
      0.9570265383638958,
      1.0089739333018168,
      1.0637980998244394,
      0.9706638032029355,
      0.8678908450806117,
      1.3306650487718432,
      1.0834058435965277,
      1.084156490271203,
      0.0,
      0.905315698182386,
      0.9920520864092296,
      1.1643015698398824,
      0.5503351499874118,
      1.094230446273931,
      1.2884213931170092,
      0.834934770081189,
      0.834934770081189
    ],
    [
      0.8678908450806117,
      1.3306650487718432,
      1.0834058435965277,
      1.084156490271203,
      0.7516913746351399,
      0.7649922210317779,
      1.3111585379822972,
      1.2851699383967858,
      1.192101510259641,
      0.6228323259714234,
      1.097449762838681,
      0.905315698182386,
      0.0,
      1.29184521273037,
      1.04919532555289,
      0.9924054326420088,
      0.9124268524193451,
      0.834934770081189,
      1.068555985325302,
      1.068555985325302
    ],
    [
      1.3111585379822972,
      1.2851699383967858,
      1.192101510259641,
      0.6228323259714234,
      1.097449762838681,
      0.905315698182386,
      0.9072115898637105,
      1.3224181877879153,
      0.7433429830648157,
      0.5573900985643928,
      1.2863395606876733,
      0.9920520864092296,
      1.29184521273037,
      0.0,
      0.8233868815173864,
      1.023920864906885,
      1.2884213931170092,
      1.068555985325302,
      1.2049842778340796,
      1.2049842778340796
    ],
    [
      0.905315698182386,
      0.9072115898637105,
      1.3224181877879153,
      0.7433429830648157,
      0.5573900985643928,
      1.2863395606876733,
      0.9920520864092296,
      1.29184521273037,
      0.5596995515575455,
      0.8748442554121726,
      0.6407670645436084,
      1.1643015698398824,
      1.04919532555289,
      0.8233868815173864,
      0.0,
      1.094230446273931,
      0.834934770081189,
      1.2049842778340796,
      1.0945832351383176,
      1.0945832351383176
    ],
    [
      0.5573900985643928,
      1.2863395606876733,
      0.9920520864092296,
      1.29184521273037,
      0.5596995515575455,
      0.8748442554121726,
      0.6407670645436084,
      1.1643015698398824,
      1.04919532555289,
      0.8233868815173864,
      0.8844733371014092,
      0.5503351499874118,
      0.9924054326420088,
      1.023920864906885,
      1.094230446273931,
      0.0,
      1.068555985325302,
      1.0945832351383176,
      1.3043934776817678,
      1.3043934776817678
    ],
    [
      1.29184521273037,
      0.5596995515575455,
      0.8748442554121726,
      0.6407670645436084,
      1.1643015698398824,
      1.04919532555289,
      0.8233868815173864,
      0.8844733371014092,
      0.5503351499874118,
      0.9924054326420088,
      1.023920864906885,
      1.094230446273931,
      0.9124268524193451,
      1.2884213931170092,
      0.834934770081189,
      1.068555985325302,
      0.0,
      1.3043934776817678,
      0.8275505799646565,
      0.8275505799646565
    ],
    [
      0.8748442554121726,
      0.6407670645436084,
      1.1643015698398824,
      1.04919532555289,
      0.8233868815173864,
      0.8844733371014092,
      0.5503351499874118,
      0.9924054326420088,
      1.023920864906885,
      1.094230446273931,
      0.9124268524193451,
      1.2884213931170092,
      0.834934770081189,
      1.068555985325302,
      1.2049842778340796,
      1.0945832351383176,
      1.3043934776817678,
      0.0,
      0.6764383617506814,
      0.6764383617506814
    ],
    [
      0.6407670645436084,
      1.1643015698398824,
      1.04919532555289,
      0.8233868815173864,
      0.8844733371014092,
      0.5503351499874118,
      0.9924054326420088,
      1.023920864906885,
      1.094230446273931,
      0.9124268524193451,
      1.2884213931170092,
      0.834934770081189,
      1.068555985325302,
      1.2049842778340796,
      1.0945832351383176,
      1.3043934776817678,
      0.8275505799646565,
      0.6764383617506814,
      0.0,
      0.9087331433115899
    ],
    [
      0.6407670645436084,
      1.1643015698398824,
      1.04919532555289,
      0.8233868815173864,
      0.8844733371014092,
      0.5503351499874118,
      0.9924054326420088,
      1.023920864906885,
      1.094230446273931,
      0.9124268524193451,
      1.2884213931170092,
      0.834934770081189,
      1.068555985325302,
      1.2049842778340796,
      1.0945832351383176,
      1.3043934776817678,
      0.8275505799646565,
      0.6764383617506814,
      0.9087331433115899,
      0.0
    ]
  ]
}