{
  "servicechain": {
    "SC1": {
      "resptime": 7837.432855581875,
      "resptime_old": 7827.432855581875,
      "waittime": 7821.930821056033,
      "servicetime": 10.0,
      "networktime": 5.502034525841889,
      "services": {
        "MS1_1": {
          "meanserv": 5.894657648319324,
          "stddevserv": 5.894657648319324,
          "rate": 0.169645136267603,
          "cv": 1.0,
          "lambda": 0.225
        },
        "MS1_2": {
          "meanserv": 0.524245503652037,
          "stddevserv": 0.524245503652037,
          "rate": 1.907503246158007,
          "cv": 1.0,
          "lambda": 0.225
        },
        "MS1_3": {
          "meanserv": 0.8691340634339308,
          "stddevserv": 0.8691340634339308,
          "rate": 1.1505704839700108,
          "cv": 1.0,
          "lambda": 0.225
        },
        "MS1_4": {
          "meanserv": 1.2886267891616603,
          "stddevserv": 1.2886267891616603,
          "rate": 0.7760198751188219,
          "cv": 1.0,
          "lambda": 0.225
        },
        "MS1_5": {
          "meanserv": 1.4233359954330478,
          "stddevserv": 1.4233359954330478,
          "rate": 0.7025747983670936,
          "cv": 1.0,
          "lambda": 0.225
        }
      },
      "sensors": [
        "S1"
      ],
      "sources": [
        {
          "startTime": 0,
          "stopTime": -1,
          "lambda": 0.225
        }
      ]
    },
    "SC2": {
      "resptime": 8094.1810481019875,
      "resptime_old": 8084.1810481019875,
      "waittime": 8078.637290101146,
      "servicetime": 10.0,
      "networktime": 5.543758000840643,
      "services": {
        "MS2_1": {
          "meanserv": 0.7762529161690201,
          "stddevserv": 0.7762529161690201,
          "rate": 1.288239926923845,
          "cv": 1.0,
          "lambda": 0.225
        },
        "MS2_2": {
          "meanserv": 0.8912528468301395,
          "stddevserv": 0.8912528468301395,
          "rate": 1.1220160514007158,
          "cv": 1.0,
          "lambda": 0.225
        },
        "MS2_3": {
          "meanserv": 5.99031050228408,
          "stddevserv": 5.99031050228408,
          "rate": 0.16693625474317303,
          "cv": 1.0,
          "lambda": 0.225
        },
        "MS2_4": {
          "meanserv": 0.35926285017034676,
          "stddevserv": 0.35926285017034676,
          "rate": 2.783477332893851,
          "cv": 1.0,
          "lambda": 0.225
        },
        "MS2_5": {
          "meanserv": 1.982920884546413,
          "stddevserv": 1.982920884546413,
          "rate": 0.5043065549378924,
          "cv": 1.0,
          "lambda": 0.225
        }
      },
      "sensors": [
        "S2"
      ],
      "sources": [
        {
          "startTime": 0,
          "stopTime": -1,
          "lambda": 0.225
        }
      ]
    },
    "SC3": {
      "resptime": 6778.406035899825,
      "resptime_old": 6768.406035899825,
      "waittime": 6765.042081597279,
      "servicetime": 10.0,
      "networktime": 3.3639543025458005,
      "services": {
        "MS3_1": {
          "meanserv": 0.6462362412439193,
          "stddevserv": 0.6462362412439193,
          "rate": 1.5474217262639622,
          "cv": 1.0,
          "lambda": 0.225
        },
        "MS3_2": {
          "meanserv": 1.0786251858147122,
          "stddevserv": 1.0786251858147122,
          "rate": 0.9271061098435925,
          "cv": 1.0,
          "lambda": 0.225
        },
        "MS3_3": {
          "meanserv": 0.9280942278372104,
          "stddevserv": 0.9280942278372104,
          "rate": 1.0774768013915523,
          "cv": 1.0,
          "lambda": 0.225
        },
        "MS3_4": {
          "meanserv": 5.481644011980872,
          "stddevserv": 5.481644011980872,
          "rate": 0.18242702331898336,
          "cv": 1.0,
          "lambda": 0.225
        },
        "MS3_5": {
          "meanserv": 1.8654003331232865,
          "stddevserv": 1.8654003331232865,
          "rate": 0.5360779572316656,
          "cv": 1.0,
          "lambda": 0.225
        }
      },
      "sensors": [
        "S3"
      ],
      "sources": [
        {
          "startTime": 0,
          "stopTime": -1,
          "lambda": 0.225
        }
      ]
    },
    "SC4": {
      "resptime": 50.4443677111766,
      "resptime_old": 40.444367711176604,
      "waittime": 33.40362194402279,
      "servicetime": 10.0,
      "networktime": 7.04074576715381,
      "services": {
        "MS4_1": {
          "meanserv": 0.6165619602556738,
          "stddevserv": 0.6165619602556738,
          "rate": 1.6218970102945103,
          "cv": 1.0,
          "lambda": 0.225
        },
        "MS4_2": {
          "meanserv": 3.4586852831828274,
          "stddevserv": 3.4586852831828274,
          "rate": 0.28912720242639656,
          "cv": 1.0,
          "lambda": 0.225
        },
        "MS4_3": {
          "meanserv": 3.1235255706303002,
          "stddevserv": 3.1235255706303002,
          "rate": 0.3201510528368137,
          "cv": 1.0,
          "lambda": 0.225
        },
        "MS4_4": {
          "meanserv": 0.9135722008043956,
          "stddevserv": 0.9135722008043956,
          "rate": 1.0946042350232474,
          "cv": 1.0,
          "lambda": 0.225
        },
        "MS4_5": {
          "meanserv": 1.8876549851268027,
          "stddevserv": 1.8876549851268027,
          "rate": 0.5297578253860968,
          "cv": 1.0,
          "lambda": 0.225
        }
      },
      "sensors": [
        "S4"
      ],
      "sources": [
        {
          "startTime": 0,
          "stopTime": -1,
          "lambda": 0.225
        }
      ]
    }
  },
  "microservice": {
    "MS1_1": "F4",
    "MS1_2": "F7",
    "MS1_3": "F10",
    "MS1_4": "F10",
    "MS1_5": "F2",
    "MS2_1": "F1",
    "MS2_2": "F10",
    "MS2_3": "F3",
    "MS2_4": "F1",
    "MS2_5": "F1",
    "MS3_1": "F7",
    "MS3_2": "F7",
    "MS3_3": "F7",
    "MS3_4": "F6",
    "MS3_5": "F9",
    "MS4_1": "F9",
    "MS4_2": "F8",
    "MS4_3": "F5",
    "MS4_4": "F9",
    "MS4_5": "F2"
  },
  "sensor": {
    "S1": "F4",
    "S2": "F1",
    "S3": "F7",
    "S4": "F9"
  },
  "fog": {
    "F1": {
      "rho": 0.7016482464493006,
      "capacity": 1.0,
      "tserv": 1.0394788836285933,
      "stddev": 1.4242750426045145,
      "mu": 0.962020504456251,
      "cv": 1.3701817949708435,
      "lambda": 0.675,
      "twait": 3.5170333405264667
    },
    "F2": {
      "rho": 0.7449729706259663,
      "capacity": 1.0,
      "tserv": 1.6554954902799253,
      "stddev": 1.6877385403054241,
      "mu": 0.6040487611542279,
      "cv": 1.0194763744237363,
      "lambda": 0.45,
      "twait": 4.931059701043472
    },
    "F3": {
      "rho": 1.347819863013918,
      "capacity": 1.0,
      "tserv": 5.99031050228408,
      "stddev": 5.99031050228408,
      "mu": 0.16693625474317303,
      "cv": 1.0,
      "lambda": 0.225,
      "twait": 8065.785621118757
    },
    "F4": {
      "rho": 1.326297970871848,
      "capacity": 1.0,
      "tserv": 5.894657648319324,
      "stddev": 5.894657648319324,
      "mu": 0.169645136267603,
      "cv": 1.0,
      "lambda": 0.225,
      "twait": 7810.254405472183
    },
    "F5": {
      "rho": 0.7027932533918176,
      "capacity": 1.0,
      "tserv": 3.1235255706303002,
      "stddev": 3.1235255706303002,
      "mu": 0.3201510528368137,
      "cv": 1.0,
      "lambda": 0.225,
      "twait": 7.386079632740635
    },
    "F6": {
      "rho": 1.2333699026956961,
      "capacity": 1.0,
      "tserv": 5.481644011980872,
      "stddev": 5.481644011980872,
      "mu": 0.18242702331898336,
      "cv": 1.0,
      "lambda": 0.225,
      "twait": 6754.133846927618
    },
    "F7": {
      "rho": 0.7148702606732728,
      "capacity": 1.0,
      "tserv": 0.7943002896369697,
      "stddev": 0.8530591757258897,
      "mu": 1.2589697033310212,
      "cv": 1.0739756573874288,
      "lambda": 0.9,
      "twait": 2.144217961188553
    },
    "F8": {
      "rho": 0.7782041887161362,
      "capacity": 1.0,
      "tserv": 3.4586852831828274,
      "stddev": 3.4586852831828274,
      "mu": 0.28912720242639656,
      "cv": 1.0,
      "lambda": 0.225,
      "twait": 12.135321038046806
    },
    "F9": {
      "rho": 0.763995261191255,
      "capacity": 1.0,
      "tserv": 1.1318448313944518,
      "stddev": 1.3596254720085899,
      "mu": 0.8835133335087842,
      "cv": 1.2012472330977635,
      "lambda": 0.675,
      "twait": 4.475580786095937
    },
    "F10": {
      "rho": 0.6860280823707894,
      "capacity": 1.0,
      "tserv": 1.0163378998085768,
      "stddev": 1.0522580700785433,
      "mu": 0.9839247362401284,
      "cv": 1.0353427440585774,
      "lambda": 0.675,
      "twait": 2.3005689608093323
    }
  },
  "extra": {
    "conv_gen": 5,
    "max_gen": 600,
    "population": 600,
    "deltatime": 38.2281206,
    "obj_func": 5690.116076823716
  },
  "network": [
    [
      0.0,
      2.194007861212876,
      2.400946251281324,
      1.4674013748863244,
      2.641246799123616,
      1.794295426735461,
      2.078080065722231,
      2.049356895430216,
      1.391533771470144,
      1.391533771470144
    ],
    [
      2.194007861212876,
      0.0,
      2.085332103231659,
      1.9425682869143066,
      1.8645851833730929,
      1.833450883056445,
      1.3847163601622587,
      1.391533771470144,
      1.9095993471738928,
      1.9095993471738928
    ],
    [
      2.400946251281324,
      2.085332103231659,
      0.0,
      2.0057572551533753,
      2.2402867373697797,
      2.32854126674527,
      2.049356895430216,
      1.9095993471738928,
      1.7512779780891747,
      1.7512779780891747
    ],
    [
      1.4674013748863244,
      1.9425682869143066,
      2.0057572551533753,
      0.0,
      2.2324202440336434,
      2.078080065722231,
      1.391533771470144,
      1.7512779780891747,
      1.6245805201440653,
      1.6245805201440653
    ],
    [
      2.641246799123616,
      1.8645851833730929,
      2.2402867373697797,
      2.2324202440336434,
      0.0,
      1.3847163601622587,
      1.9095993471738928,
      1.6245805201440653,
      1.833833290711567,
      1.833833290711567
    ],
    [
      1.794295426735461,
      1.833450883056445,
      2.32854126674527,
      2.078080065722231,
      1.3847163601622587,
      0.0,
      1.7512779780891747,
      1.833833290711567,
      1.612676324456626,
      1.612676324456626
    ],
    [
      2.078080065722231,
      1.3847163601622587,
      2.049356895430216,
      1.391533771470144,
      1.9095993471738928,
      1.7512779780891747,
      0.0,
      1.612676324456626,
      2.2009014071978523,
      2.2009014071978523
    ],
    [
      2.049356895430216,
      1.391533771470144,
      1.9095993471738928,
      1.7512779780891747,
      1.6245805201440653,
      1.833833290711567,
      1.612676324456626,
      0.0,
      1.6727326091242851,
      1.6727326091242851
    ],
    [
      1.391533771470144,
      1.9095993471738928,
      1.7512779780891747,
      1.6245805201440653,
      1.833833290711567,
      1.612676324456626,
      2.2009014071978523,
      1.6727326091242851,
      0.0,
      2.0172975136645634
    ],
    [
      1.391533771470144,
      1.9095993471738928,
      1.7512779780891747,
      1.6245805201440653,
      1.833833290711567,
      1.612676324456626,
      2.2009014071978523,
      1.6727326091242851,
      2.0172975136645634,
      0.0
    ]
  ]
}