{
  "servicechain": {
    "SC1": {
      "resptime": 26.121616271214457,
      "resptime_old": 16.121616271214457,
      "waittime": 11.126891209234742,
      "servicetime": 10.0,
      "networktime": 4.994725061979713,
      "services": {
        "MS1_1": {
          "meanserv": 2.2582697285941586,
          "stddevserv": 2.2582697285941586,
          "rate": 0.44281689974320754,
          "cv": 1.0,
          "lambda": 0.125
        },
        "MS1_2": {
          "meanserv": 0.9246918461938591,
          "stddevserv": 0.9246918461938591,
          "rate": 1.0814413516417585,
          "cv": 1.0,
          "lambda": 0.125
        },
        "MS1_3": {
          "meanserv": 2.247768628811065,
          "stddevserv": 2.247768628811065,
          "rate": 0.4448856466730475,
          "cv": 1.0,
          "lambda": 0.125
        },
        "MS1_4": {
          "meanserv": 0.27005596166357737,
          "stddevserv": 0.27005596166357737,
          "rate": 3.7029362130718355,
          "cv": 1.0,
          "lambda": 0.125
        },
        "MS1_5": {
          "meanserv": 4.29921383473734,
          "stddevserv": 4.29921383473734,
          "rate": 0.23260066571243135,
          "cv": 1.0,
          "lambda": 0.125
        }
      },
      "sensors": [
        "S1"
      ],
      "sources": [
        {
          "startTime": 0,
          "stopTime": -1,
          "lambda": 0.125
        }
      ]
    },
    "SC2": {
      "resptime": 33.932612107004964,
      "resptime_old": 23.93261210700496,
      "waittime": 20.339051980504237,
      "servicetime": 10.0,
      "networktime": 3.5935601265007246,
      "services": {
        "MS2_1": {
          "meanserv": 0.9571671522408642,
          "stddevserv": 0.9571671522408642,
          "rate": 1.0447496005884218,
          "cv": 1.0,
          "lambda": 0.125
        },
        "MS2_2": {
          "meanserv": 0.9514887144409412,
          "stddevserv": 0.9514887144409412,
          "rate": 1.0509846147650446,
          "cv": 1.0,
          "lambda": 0.125
        },
        "MS2_3": {
          "meanserv": 0.5471341031718779,
          "stddevserv": 0.5471341031718779,
          "rate": 1.8277054824452383,
          "cv": 1.0,
          "lambda": 0.125
        },
        "MS2_4": {
          "meanserv": 6.018737213294617,
          "stddevserv": 6.018737213294617,
          "rate": 0.16614780884454108,
          "cv": 1.0,
          "lambda": 0.125
        },
        "MS2_5": {
          "meanserv": 1.5254728168516998,
          "stddevserv": 1.5254728168516998,
          "rate": 0.655534460498496,
          "cv": 1.0,
          "lambda": 0.125
        }
      },
      "sensors": [
        "S2"
      ],
      "sources": [
        {
          "startTime": 0,
          "stopTime": -1,
          "lambda": 0.125
        }
      ]
    },
    "SC3": {
      "resptime": 24.84045354609023,
      "resptime_old": 14.840453546090231,
      "waittime": 11.284374095205713,
      "servicetime": 10.0,
      "networktime": 3.556079450884516,
      "services": {
        "MS3_1": {
          "meanserv": 2.407774237260111,
          "stddevserv": 2.407774237260111,
          "rate": 0.4153213305986422,
          "cv": 1.0,
          "lambda": 0.125
        },
        "MS3_2": {
          "meanserv": 4.017146410760777,
          "stddevserv": 4.017146410760777,
          "rate": 0.24893292346061582,
          "cv": 1.0,
          "lambda": 0.125
        },
        "MS3_3": {
          "meanserv": 2.208887232948057,
          "stddevserv": 2.208887232948057,
          "rate": 0.45271663717543675,
          "cv": 1.0,
          "lambda": 0.125
        },
        "MS3_4": {
          "meanserv": 0.495308027096776,
          "stddevserv": 0.495308027096776,
          "rate": 2.018945676817417,
          "cv": 1.0,
          "lambda": 0.125
        },
        "MS3_5": {
          "meanserv": 0.8708840919342791,
          "stddevserv": 0.8708840919342791,
          "rate": 1.1482584298663072,
          "cv": 1.0,
          "lambda": 0.125
        }
      },
      "sensors": [
        "S3"
      ],
      "sources": [
        {
          "startTime": 0,
          "stopTime": -1,
          "lambda": 0.125
        }
      ]
    },
    "SC4": {
      "resptime": 28.40691387092766,
      "resptime_old": 18.40691387092766,
      "waittime": 12.21298201822047,
      "servicetime": 10.0,
      "networktime": 6.193931852707189,
      "services": {
        "MS4_1": {
          "meanserv": 1.034461335370026,
          "stddevserv": 1.034461335370026,
          "rate": 0.9666866859188128,
          "cv": 1.0,
          "lambda": 0.125
        },
        "MS4_2": {
          "meanserv": 4.853004629308695,
          "stddevserv": 4.853004629308695,
          "rate": 0.2060579118265644,
          "cv": 1.0,
          "lambda": 0.125
        },
        "MS4_3": {
          "meanserv": 3.294817066181208,
          "stddevserv": 3.294817066181208,
          "rate": 0.30350698685649036,
          "cv": 1.0,
          "lambda": 0.125
        },
        "MS4_4": {
          "meanserv": 0.4001898256186962,
          "stddevserv": 0.4001898256186962,
          "rate": 2.498814152643669,
          "cv": 1.0,
          "lambda": 0.125
        },
        "MS4_5": {
          "meanserv": 0.4175271435213741,
          "stddevserv": 0.4175271435213741,
          "rate": 2.395053867794365,
          "cv": 1.0,
          "lambda": 0.125
        }
      },
      "sensors": [
        "S4"
      ],
      "sources": [
        {
          "startTime": 0,
          "stopTime": -1,
          "lambda": 0.125
        }
      ]
    }
  },
  "microservice": {
    "MS1_1": "F9",
    "MS1_2": "F9",
    "MS1_3": "F10",
    "MS1_4": "F7",
    "MS1_5": "F3",
    "MS2_1": "F7",
    "MS2_2": "F7",
    "MS2_3": "F7",
    "MS2_4": "F1",
    "MS2_5": "F8",
    "MS3_1": "F10",
    "MS3_2": "F4",
    "MS3_3": "F6",
    "MS3_4": "F6",
    "MS3_5": "F6",
    "MS4_1": "F8",
    "MS4_2": "F2",
    "MS4_3": "F5",
    "MS4_4": "F8",
    "MS4_5": "F8"
  },
  "sensor": {
    "S1": "F9",
    "S2": "F7",
    "S3": "F10",
    "S4": "F8"
  },
  "fog": {
    "F1": {
      "rho": 0.7523421516618272,
      "capacity": 1.0,
      "tserv": 6.018737213294617,
      "stddev": 6.018737213294617,
      "mu": 0.16614780884454108,
      "cv": 1.0,
      "lambda": 0.125,
      "twait": 18.283893426846163
    },
    "F2": {
      "rho": 0.6066255786635869,
      "capacity": 1.0,
      "tserv": 4.853004629308695,
      "stddev": 4.853004629308695,
      "mu": 0.2060579118265644,
      "cv": 1.0,
      "lambda": 0.125,
      "twait": 7.483854012444259
    },
    "F3": {
      "rho": 0.5374017293421675,
      "capacity": 1.0,
      "tserv": 4.29921383473734,
      "stddev": 4.29921383473734,
      "mu": 0.23260066571243135,
      "cv": 1.0,
      "lambda": 0.125,
      "twait": 4.994408963773542
    },
    "F4": {
      "rho": 0.5021433013450971,
      "capacity": 1.0,
      "tserv": 4.017146410760777,
      "stddev": 4.017146410760777,
      "mu": 0.24893292346061582,
      "cv": 1.0,
      "lambda": 0.125,
      "twait": 4.05173449736842
    },
    "F5": {
      "rho": 0.41185213327265097,
      "capacity": 1.0,
      "tserv": 3.294817066181208,
      "stddev": 3.294817066181208,
      "mu": 0.30350698685649036,
      "cv": 1.0,
      "lambda": 0.125,
      "twait": 2.3072045555491734
    },
    "F6": {
      "rho": 0.446884918997389,
      "capacity": 1.0,
      "tserv": 1.1916931173263707,
      "stddev": 1.5817191538211524,
      "mu": 0.8391422132600339,
      "cv": 1.3272873114932697,
      "lambda": 0.375,
      "twait": 1.3295045084713228
    },
    "F7": {
      "rho": 0.3407307414396576,
      "capacity": 1.0,
      "tserv": 0.6814614828793152,
      "stddev": 0.7953006271294351,
      "mu": 1.4674343673464771,
      "cv": 1.167051472621939,
      "lambda": 0.5,
      "twait": 0.4159502456385771
    },
    "F8": {
      "rho": 0.42220639017022454,
      "capacity": 1.0,
      "tserv": 0.8444127803404491,
      "stddev": 1.0736834948508482,
      "mu": 1.1842549322818414,
      "cv": 1.2715149744867222,
      "lambda": 0.5,
      "twait": 0.8073078167423458
    },
    "F9": {
      "rho": 0.3978701968485022,
      "capacity": 1.0,
      "tserv": 1.5914807873940089,
      "stddev": 1.84987190931099,
      "mu": 0.6283456312642411,
      "cv": 1.1623589326140011,
      "lambda": 0.25,
      "twait": 1.2362029636996492
    },
    "F10": {
      "rho": 0.581942858258897,
      "capacity": 1.0,
      "tserv": 2.327771433035588,
      "stddev": 2.330519414599271,
      "mu": 0.42959544300959357,
      "cv": 1.0011805203572326,
      "lambda": 0.25,
      "twait": 3.2441260724233247
    }
  },
  "extra": {
    "deltatime": 0.4634547,
    "conv": 9,
    "obj_func": 28.32539894880933
  },
  "network": [
    [
      0.0,
      1.9132307925306622,
      1.6488971451953072,
      1.6143003120965462,
      1.5894152943306858,
      1.945048126013189,
      1.514079688676629,
      2.0794804378240954,
      2.5324741637943795,
      2.5324741637943795
    ],
    [
      1.9132307925306622,
      0.0,
      1.6188077144456603,
      1.9508978138548565,
      1.6194579267049225,
      1.4644125210695929,
      2.261704220722505,
      2.5324741637943795,
      2.5996347407376232,
      2.5996347407376232
    ],
    [
      1.6488971451953072,
      1.6188077144456603,
      0.0,
      2.057851246808544,
      2.292490768970627,
      2.156079278048116,
      2.0794804378240954,
      2.5996347407376232,
      2.2960243667078197,
      2.2960243667078197
    ],
    [
      1.6143003120965462,
      1.9508978138548565,
      2.057851246808544,
      0.0,
      2.3050297339364905,
      1.514079688676629,
      2.5324741637943795,
      2.2960243667078197,
      2.041999762207887,
      2.041999762207887
    ],
    [
      1.5894152943306858,
      1.6194579267049225,
      2.292490768970627,
      2.3050297339364905,
      0.0,
      2.261704220722505,
      2.5996347407376232,
      2.041999762207887,
      2.750979977255528,
      2.750979977255528
    ],
    [
      1.945048126013189,
      1.4644125210695929,
      2.156079278048116,
      1.514079688676629,
      2.261704220722505,
      0.0,
      2.2960243667078197,
      2.750979977255528,
      1.7256500594565605,
      1.7256500594565605
    ],
    [
      1.514079688676629,
      2.261704220722505,
      2.0794804378240954,
      2.5324741637943795,
      2.5996347407376232,
      2.2960243667078197,
      0.0,
      1.7256500594565605,
      1.8713850742386258,
      1.8713850742386258
    ],
    [
      2.0794804378240954,
      2.5324741637943795,
      2.5996347407376232,
      2.2960243667078197,
      2.041999762207887,
      2.750979977255528,
      1.7256500594565605,
      0.0,
      2.7012109924275696,
      2.7012109924275696
    ],
    [
      2.5324741637943795,
      2.5996347407376232,
      2.2960243667078197,
      2.041999762207887,
      2.750979977255528,
      1.7256500594565605,
      1.8713850742386258,
      2.7012109924275696,
      0.0,
      1.043859549916992
    ],
    [
      2.5324741637943795,
      2.5996347407376232,
      2.2960243667078197,
      2.041999762207887,
      2.750979977255528,
      1.7256500594565605,
      1.8713850742386258,
      2.7012109924275696,
      1.043859549916992,
      0.0
    ]
  ]
}