{
  "servicechain": {
    "SC1": {
      "resptime": 24.387098883915236,
      "resptime_old": 14.387098883915233,
      "waittime": 11.252798879604779,
      "servicetime": 10.0,
      "networktime": 3.1343000043104565,
      "services": {
        "MS1_1": {
          "meanserv": 1.9916757164186638,
          "stddevserv": 1.9916757164186638,
          "rate": 0.5020897688094286,
          "cv": 1.0,
          "lambda": 0.15
        },
        "MS1_2": {
          "meanserv": 1.3482519116971714,
          "stddevserv": 1.3482519116971714,
          "rate": 0.7417011548985724,
          "cv": 1.0,
          "lambda": 0.15
        },
        "MS1_3": {
          "meanserv": 2.463854435916569,
          "stddevserv": 2.463854435916569,
          "rate": 0.4058681330449596,
          "cv": 1.0,
          "lambda": 0.15
        },
        "MS1_4": {
          "meanserv": 0.6032143752026755,
          "stddevserv": 0.6032143752026755,
          "rate": 1.6577854260585343,
          "cv": 1.0,
          "lambda": 0.15
        },
        "MS1_5": {
          "meanserv": 3.5930035607649202,
          "stddevserv": 3.5930035607649202,
          "rate": 0.2783186776990303,
          "cv": 1.0,
          "lambda": 0.15
        }
      },
      "sensors": [
        "S1"
      ],
      "sources": [
        {
          "startTime": 0,
          "stopTime": -1,
          "lambda": 0.15
        }
      ]
    },
    "SC2": {
      "resptime": 8054.715770799498,
      "resptime_old": 8044.715770799498,
      "waittime": 8042.605471658608,
      "servicetime": 10.0,
      "networktime": 2.1102991408908767,
      "services": {
        "MS2_1": {
          "meanserv": 7.324744908093981,
          "stddevserv": 7.324744908093981,
          "rate": 0.13652352574012253,
          "cv": 1.0,
          "lambda": 0.15
        },
        "MS2_2": {
          "meanserv": 0.8736733443441729,
          "stddevserv": 0.8736733443441729,
          "rate": 1.1445925487753719,
          "cv": 1.0,
          "lambda": 0.15
        },
        "MS2_3": {
          "meanserv": 1.2600864279678294,
          "stddevserv": 1.2600864279678294,
          "rate": 0.7935963579996042,
          "cv": 1.0,
          "lambda": 0.15
        },
        "MS2_4": {
          "meanserv": 0.4042974559404957,
          "stddevserv": 0.4042974559404957,
          "rate": 2.47342639758579,
          "cv": 1.0,
          "lambda": 0.15
        },
        "MS2_5": {
          "meanserv": 0.1371978636535207,
          "stddevserv": 0.1371978636535207,
          "rate": 7.28874323091064,
          "cv": 1.0,
          "lambda": 0.15
        }
      },
      "sensors": [
        "S2"
      ],
      "sources": [
        {
          "startTime": 0,
          "stopTime": -1,
          "lambda": 0.15
        }
      ]
    },
    "SC3": {
      "resptime": 47.406817678293955,
      "resptime_old": 37.40681767829396,
      "waittime": 31.531645619485012,
      "servicetime": 10.0,
      "networktime": 5.8751720588089436,
      "services": {
        "MS3_1": {
          "meanserv": 0.3188866599678053,
          "stddevserv": 0.3188866599678053,
          "rate": 3.1359104206521518,
          "cv": 1.0,
          "lambda": 0.15
        },
        "MS3_2": {
          "meanserv": 3.3280112324328246,
          "stddevserv": 3.3280112324328246,
          "rate": 0.30047975507251684,
          "cv": 1.0,
          "lambda": 0.15
        },
        "MS3_3": {
          "meanserv": 0.6149489036182176,
          "stddevserv": 0.6149489036182176,
          "rate": 1.6261513665870944,
          "cv": 1.0,
          "lambda": 0.15
        },
        "MS3_4": {
          "meanserv": 0.2568242128241778,
          "stddevserv": 0.2568242128241778,
          "rate": 3.8937138714588464,
          "cv": 1.0,
          "lambda": 0.15
        },
        "MS3_5": {
          "meanserv": 5.481328991156975,
          "stddevserv": 5.481328991156975,
          "rate": 0.18243750769444772,
          "cv": 1.0,
          "lambda": 0.15
        }
      },
      "sensors": [
        "S3"
      ],
      "sources": [
        {
          "startTime": 0,
          "stopTime": -1,
          "lambda": 0.15
        }
      ]
    },
    "SC4": {
      "resptime": 28.838803461015292,
      "resptime_old": 18.838803461015296,
      "waittime": 15.041137674038824,
      "servicetime": 10.0,
      "networktime": 3.797665786976471,
      "services": {
        "MS4_1": {
          "meanserv": 1.926932002744719,
          "stddevserv": 1.926932002744719,
          "rate": 0.5189596719425499,
          "cv": 1.0,
          "lambda": 0.15
        },
        "MS4_2": {
          "meanserv": 2.80968622080099,
          "stddevserv": 2.80968622080099,
          "rate": 0.3559116290625927,
          "cv": 1.0,
          "lambda": 0.15
        },
        "MS4_3": {
          "meanserv": 0.9718252759554771,
          "stddevserv": 0.9718252759554771,
          "rate": 1.0289915530513674,
          "cv": 1.0,
          "lambda": 0.15
        },
        "MS4_4": {
          "meanserv": 1.9212147457989524,
          "stddevserv": 1.9212147457989524,
          "rate": 0.5205040207955213,
          "cv": 1.0,
          "lambda": 0.15
        },
        "MS4_5": {
          "meanserv": 2.3703417546998615,
          "stddevserv": 2.3703417546998615,
          "rate": 0.4218800930360451,
          "cv": 1.0,
          "lambda": 0.15
        }
      },
      "sensors": [
        "S4"
      ],
      "sources": [
        {
          "startTime": 0,
          "stopTime": -1,
          "lambda": 0.15
        }
      ]
    }
  },
  "microservice": {
    "MS1_1": "F10",
    "MS1_2": "F10",
    "MS1_3": "F6",
    "MS1_4": "F6",
    "MS1_5": "F5",
    "MS2_1": "F2",
    "MS2_2": "F4",
    "MS2_3": "F4",
    "MS2_4": "F4",
    "MS2_5": "F4",
    "MS3_1": "F4",
    "MS3_2": "F1",
    "MS3_3": "F3",
    "MS3_4": "F3",
    "MS3_5": "F8",
    "MS4_1": "F3",
    "MS4_2": "F7",
    "MS4_3": "F7",
    "MS4_4": "F9",
    "MS4_5": "F9"
  },
  "sensor": {
    "S1": "F10",
    "S2": "F2",
    "S3": "F4",
    "S4": "F3"
  },
  "fog": {
    "F1": {
      "rho": 0.49920168486492367,
      "capacity": 1.0,
      "tserv": 3.3280112324328246,
      "stddev": 3.3280112324328246,
      "mu": 0.30047975507251684,
      "cv": 1.0,
      "lambda": 0.15,
      "twait": 3.3174009661589112
    },
    "F2": {
      "rho": 1.0987117362140972,
      "capacity": 1.0,
      "tserv": 7.324744908093982,
      "stddev": 7.32474490809398,
      "mu": 0.1365235257401225,
      "cv": 0.9999999999999998,
      "lambda": 0.15,
      "twait": 8039.7354121020035
    },
    "F3": {
      "rho": 0.41980576787806717,
      "capacity": 1.0,
      "tserv": 0.9329017063957049,
      "stddev": 1.378823020517077,
      "mu": 1.0719242907846438,
      "cv": 1.4779938883853083,
      "lambda": 0.44999999999999996,
      "twait": 1.0747748452320303
    },
    "F4": {
      "rho": 0.4491212627810736,
      "capacity": 1.0,
      "tserv": 0.5988283503747648,
      "stddev": 0.8339311300368443,
      "mu": 1.6699276167772783,
      "cv": 1.39260462453881,
      "lambda": 0.75,
      "twait": 0.7175148891512324
    },
    "F5": {
      "rho": 0.538950534114738,
      "capacity": 1.0,
      "tserv": 3.5930035607649202,
      "stddev": 3.5930035607649202,
      "mu": 0.2783186776990303,
      "cv": 1.0,
      "lambda": 0.15,
      "twait": 4.200094201241998
    },
    "F6": {
      "rho": 0.4600603216678867,
      "capacity": 1.0,
      "tserv": 1.5335344055596223,
      "stddev": 2.0205738023645177,
      "mu": 0.652088402043433,
      "cv": 1.3175927419947018,
      "lambda": 0.3,
      "twait": 1.787545865414004
    },
    "F7": {
      "rho": 0.56722672451347,
      "capacity": 1.0,
      "tserv": 1.8907557483782333,
      "stddev": 2.294302448745491,
      "mu": 0.5288890438956669,
      "cv": 1.21343142852449,
      "lambda": 0.3,
      "twait": 3.063537489604067
    },
    "F8": {
      "rho": 0.8221993486735463,
      "capacity": 1.0,
      "tserv": 5.481328991156975,
      "stddev": 5.481328991156976,
      "mu": 0.18243750769444772,
      "cv": 1.0000000000000002,
      "lambda": 0.15,
      "twait": 25.34718007371081
    },
    "F9": {
      "rho": 0.643733475074822,
      "capacity": 1.0,
      "tserv": 2.145778250249407,
      "stddev": 2.1691523308208547,
      "mu": 0.4660313804018512,
      "cv": 1.0108930550343358,
      "lambda": 0.3,
      "twait": 3.9196439247993298
    },
    "F10": {
      "rho": 0.5009891442173753,
      "capacity": 1.0,
      "tserv": 1.6699638140579176,
      "stddev": 1.7308310826028077,
      "mu": 0.5988153704780325,
      "cv": 1.0364482559636943,
      "lambda": 0.3,
      "twait": 1.7388064737673856
    }
  },
  "extra": {
    "deltatime": 0.8187539,
    "conv": 11,
    "obj_func": 2038.8371227056807
  },
  "network": [
    [
      0.0,
      1.6369096201448214,
      2.091235540878642,
      1.897153876190753,
      1.9527995461141128,
      2.490393516708941,
      2.52661032880551,
      2.0855119328467224,
      1.8039770128250872,
      1.8039770128250872
    ],
    [
      1.6369096201448214,
      0.0,
      2.109136164632894,
      2.1102991408908767,
      2.282067810882253,
      1.9211313201830278,
      1.788062603844914,
      1.8039770128250872,
      1.8867826417395488,
      1.8867826417395488
    ],
    [
      2.091235540878642,
      2.109136164632894,
      0.0,
      2.185737871848672,
      2.73154649021072,
      1.4833662649084896,
      2.0855119328467224,
      1.8867826417395488,
      2.357697021075363,
      2.357697021075363
    ],
    [
      1.897153876190753,
      2.1102991408908767,
      2.185737871848672,
      0.0,
      2.418105207234199,
      2.52661032880551,
      1.8039770128250872,
      2.357697021075363,
      2.026165969961413,
      2.026165969961413
    ],
    [
      1.9527995461141128,
      2.282067810882253,
      2.73154649021072,
      2.418105207234199,
      0.0,
      1.788062603844914,
      1.8867826417395488,
      2.026165969961413,
      2.184743576939836,
      2.184743576939836
    ],
    [
      2.490393516708941,
      1.9211313201830278,
      1.4833662649084896,
      2.52661032880551,
      1.788062603844914,
      0.0,
      2.357697021075363,
      2.184743576939836,
      1.3462374004655424,
      1.3462374004655424
    ],
    [
      2.52661032880551,
      1.788062603844914,
      2.0855119328467224,
      1.8039770128250872,
      1.8867826417395488,
      2.357697021075363,
      0.0,
      1.3462374004655424,
      1.7121538541297485,
      1.7121538541297485
    ],
    [
      2.0855119328467224,
      1.8039770128250872,
      1.8867826417395488,
      2.357697021075363,
      2.026165969961413,
      2.184743576939836,
      1.3462374004655424,
      0.0,
      2.301047153563722,
      2.301047153563722
    ],
    [
      1.8039770128250872,
      1.8867826417395488,
      2.357697021075363,
      2.026165969961413,
      2.184743576939836,
      1.3462374004655424,
      1.7121538541297485,
      2.301047153563722,
      0.0,
      1.9633302383772755
    ],
    [
      1.8039770128250872,
      1.8867826417395488,
      2.357697021075363,
      2.026165969961413,
      2.184743576939836,
      1.3462374004655424,
      1.7121538541297485,
      2.301047153563722,
      1.9633302383772755,
      0.0
    ]
  ]
}