{
  "servicechain": {
    "SC1": {
      "resptime": 34.794668310561924,
      "resptime_old": 24.79466831056192,
      "waittime": 19.579654584040142,
      "servicetime": 10.0,
      "networktime": 5.21501372652178,
      "services": {
        "MS1_1": {
          "meanserv": 1.7706515995382965,
          "stddevserv": 1.7706515995382965,
          "rate": 0.564763841887785,
          "cv": 1.0,
          "lambda": 0.15
        },
        "MS1_2": {
          "meanserv": 0.18465118802250657,
          "stddevserv": 0.18465118802250657,
          "rate": 5.415616388442153,
          "cv": 1.0,
          "lambda": 0.15
        },
        "MS1_3": {
          "meanserv": 2.735688451492088,
          "stddevserv": 2.735688451492088,
          "rate": 0.3655386999402597,
          "cv": 1.0,
          "lambda": 0.15
        },
        "MS1_4": {
          "meanserv": 4.65527492785933,
          "stddevserv": 4.65527492785933,
          "rate": 0.2148100843659168,
          "cv": 1.0,
          "lambda": 0.15
        },
        "MS1_5": {
          "meanserv": 0.6537338330877791,
          "stddevserv": 0.6537338330877791,
          "rate": 1.5296745393713262,
          "cv": 1.0,
          "lambda": 0.15
        }
      },
      "sensors": [
        "S1"
      ],
      "sources": [
        {
          "startTime": 0,
          "stopTime": -1,
          "lambda": 0.15
        }
      ]
    },
    "SC2": {
      "resptime": 39.470305328261304,
      "resptime_old": 29.470305328261304,
      "waittime": 25.578979593786457,
      "servicetime": 10.0,
      "networktime": 3.891325734474847,
      "services": {
        "MS2_1": {
          "meanserv": 5.180010381902417,
          "stddevserv": 5.180010381902417,
          "rate": 0.1930498061343149,
          "cv": 1.0,
          "lambda": 0.15
        },
        "MS2_2": {
          "meanserv": 0.63821978243661,
          "stddevserv": 0.63821978243661,
          "rate": 1.5668583574488668,
          "cv": 1.0,
          "lambda": 0.15
        },
        "MS2_3": {
          "meanserv": 0.781606434665373,
          "stddevserv": 0.781606434665373,
          "rate": 1.2794162837568337,
          "cv": 1.0,
          "lambda": 0.15
        },
        "MS2_4": {
          "meanserv": 1.5711031577506507,
          "stddevserv": 1.5711031577506507,
          "rate": 0.6364954427510034,
          "cv": 1.0,
          "lambda": 0.15
        },
        "MS2_5": {
          "meanserv": 1.8290602432449496,
          "stddevserv": 1.8290602432449496,
          "rate": 0.5467288481575066,
          "cv": 1.0,
          "lambda": 0.15
        }
      },
      "sensors": [
        "S2"
      ],
      "sources": [
        {
          "startTime": 0,
          "stopTime": -1,
          "lambda": 0.15
        }
      ]
    },
    "SC3": {
      "resptime": 34.06176186049806,
      "resptime_old": 24.06176186049806,
      "waittime": 16.889509238273202,
      "servicetime": 10.0,
      "networktime": 7.172252622224858,
      "services": {
        "MS3_1": {
          "meanserv": 3.2924263581947044,
          "stddevserv": 3.2924263581947044,
          "rate": 0.30372737039692443,
          "cv": 1.0,
          "lambda": 0.15
        },
        "MS3_2": {
          "meanserv": 1.228401396901806,
          "stddevserv": 1.228401396901806,
          "rate": 0.8140661533942691,
          "cv": 1.0,
          "lambda": 0.15
        },
        "MS3_3": {
          "meanserv": 0.9046475090098038,
          "stddevserv": 0.9046475090098038,
          "rate": 1.105402922177463,
          "cv": 1.0,
          "lambda": 0.15
        },
        "MS3_4": {
          "meanserv": 3.778723697680304,
          "stddevserv": 3.778723697680304,
          "rate": 0.2646396190898751,
          "cv": 1.0,
          "lambda": 0.15
        },
        "MS3_5": {
          "meanserv": 0.7958010382133818,
          "stddevserv": 0.7958010382133818,
          "rate": 1.2565954955839922,
          "cv": 1.0,
          "lambda": 0.15
        }
      },
      "sensors": [
        "S3"
      ],
      "sources": [
        {
          "startTime": 0,
          "stopTime": -1,
          "lambda": 0.15
        }
      ]
    },
    "SC4": {
      "resptime": 29.073541331206922,
      "resptime_old": 19.073541331206922,
      "waittime": 14.400576109740397,
      "servicetime": 10.0,
      "networktime": 4.672965221466522,
      "services": {
        "MS4_1": {
          "meanserv": 2.5963164078420817,
          "stddevserv": 2.5963164078420817,
          "rate": 0.3851610678034216,
          "cv": 1.0,
          "lambda": 0.15
        },
        "MS4_2": {
          "meanserv": 0.5838652638369992,
          "stddevserv": 0.5838652638369992,
          "rate": 1.7127239141240904,
          "cv": 1.0,
          "lambda": 0.15
        },
        "MS4_3": {
          "meanserv": 1.5916961091618966,
          "stddevserv": 1.5916961091618966,
          "rate": 0.628260629804861,
          "cv": 1.0,
          "lambda": 0.15
        },
        "MS4_4": {
          "meanserv": 2.373708735019873,
          "stddevserv": 2.373708735019873,
          "rate": 0.4212816784328966,
          "cv": 1.0,
          "lambda": 0.15
        },
        "MS4_5": {
          "meanserv": 2.8544134841391493,
          "stddevserv": 2.8544134841391493,
          "rate": 0.35033466789468515,
          "cv": 1.0,
          "lambda": 0.15
        }
      },
      "sensors": [
        "S4"
      ],
      "sources": [
        {
          "startTime": 0,
          "stopTime": -1,
          "lambda": 0.15
        }
      ]
    }
  },
  "microservice": {
    "MS1_1": "F8",
    "MS1_2": "F8",
    "MS1_3": "F1",
    "MS1_4": "F2",
    "MS1_5": "F4",
    "MS2_1": "F7",
    "MS2_2": "F4",
    "MS2_3": "F4",
    "MS2_4": "F4",
    "MS2_5": "F9",
    "MS3_1": "F5",
    "MS3_2": "F10",
    "MS3_3": "F1",
    "MS3_4": "F3",
    "MS3_5": "F6",
    "MS4_1": "F6",
    "MS4_2": "F8",
    "MS4_3": "F8",
    "MS4_4": "F9",
    "MS4_5": "F10"
  },
  "sensor": {
    "S1": "F8",
    "S2": "F7",
    "S3": "F5",
    "S4": "F6"
  },
  "fog": {
    "F1": {
      "rho": 0.5460503940752837,
      "capacity": 1.0,
      "tserv": 1.8201679802509456,
      "stddev": 2.2336890882246823,
      "mu": 0.5493998415806274,
      "cv": 1.2271884312110164,
      "lambda": 0.3,
      "twait": 2.7433810859707073
    },
    "F2": {
      "rho": 0.6982912391788995,
      "capacity": 1.0,
      "tserv": 4.65527492785933,
      "stddev": 4.65527492785933,
      "mu": 0.2148100843659168,
      "cv": 1.0,
      "lambda": 0.15,
      "twait": 10.77442262281834
    },
    "F3": {
      "rho": 0.5668085546520456,
      "capacity": 1.0,
      "tserv": 3.778723697680304,
      "stddev": 3.7787236976803045,
      "mu": 0.2646396190898751,
      "cv": 1.0000000000000002,
      "lambda": 0.15,
      "twait": 4.944264113505817
    },
    "F4": {
      "rho": 0.5466994811910619,
      "capacity": 1.0,
      "tserv": 0.9111658019851032,
      "stddev": 1.0614895027288644,
      "mu": 1.097495096744587,
      "cv": 1.1649795244907786,
      "lambda": 0.6,
      "twait": 1.2951560842591348
    },
    "F5": {
      "rho": 0.49386395372920566,
      "capacity": 1.0,
      "tserv": 3.2924263581947044,
      "stddev": 3.2924263581947044,
      "mu": 0.30372737039692443,
      "cv": 1.0,
      "lambda": 0.15,
      "twait": 3.2125961203528544
    },
    "F6": {
      "rho": 0.5088176169083195,
      "capacity": 1.0,
      "tserv": 1.6960587230277318,
      "stddev": 2.1207411416985917,
      "mu": 0.5896022268703307,
      "cv": 1.2503936997610172,
      "lambda": 0.3,
      "twait": 2.2519613190224397
    },
    "F7": {
      "rho": 0.7770015572853624,
      "capacity": 1.0,
      "tserv": 5.180010381902417,
      "stddev": 5.180010381902417,
      "mu": 0.1930498061343149,
      "cv": 1.0,
      "lambda": 0.15,
      "twait": 18.048897940704446
    },
    "F8": {
      "rho": 0.6196296240839548,
      "capacity": 1.0,
      "tserv": 1.0327160401399247,
      "stddev": 1.3983371301831415,
      "mu": 0.9683203912127752,
      "cv": 1.354038356946289,
      "lambda": 0.6,
      "twait": 2.3833473954959805
    },
    "F9": {
      "rho": 0.6304153467397233,
      "capacity": 1.0,
      "tserv": 2.1013844891324114,
      "stddev": 2.1363842727755307,
      "mu": 0.47587673991677043,
      "cv": 1.0166555829378798,
      "lambda": 0.3,
      "twait": 3.6446134003046113
    },
    "F10": {
      "rho": 0.6124222321561432,
      "capacity": 1.0,
      "tserv": 2.0414074405204774,
      "stddev": 2.3429259467881907,
      "mu": 0.4898581146275434,
      "cv": 1.1477012870056151,
      "lambda": 0.3,
      "twait": 3.737306599421386
    }
  },
  "extra": {
    "deltatime": 0.672054,
    "conv": 12,
    "obj_func": 34.350069207632046
  },
  "network": [
    [
      0.0,
      1.74408828069246,
      1.7066376015040665,
      1.5344268386715265,
      2.1765692259468237,
      2.191376678096816,
      2.2710196543804604,
      1.6823654563154666,
      2.0375208233135185,
      2.0375208233135185
    ],
    [
      1.74408828069246,
      0.0,
      2.2089636176537977,
      1.788559989513854,
      2.46408216446721,
      2.0750247202490892,
      2.0125510287524686,
      2.0375208233135185,
      2.515281695367862,
      2.515281695367862
    ],
    [
      1.7066376015040665,
      2.2089636176537977,
      0.0,
      2.1294578907381414,
      2.0174266770972724,
      2.07413619571987,
      1.6823654563154666,
      2.515281695367862,
      2.161612788023396,
      2.161612788023396
    ],
    [
      1.5344268386715265,
      1.788559989513854,
      2.1294578907381414,
      0.0,
      2.3360575733933184,
      2.2710196543804604,
      2.0375208233135185,
      2.161612788023396,
      1.8538049111613284,
      1.8538049111613284
    ],
    [
      2.1765692259468237,
      2.46408216446721,
      2.0174266770972724,
      2.3360575733933184,
      0.0,
      2.0125510287524686,
      2.515281695367862,
      1.8538049111613284,
      1.353958001687403,
      1.353958001687403
    ],
    [
      2.191376678096816,
      2.0750247202490892,
      2.07413619571987,
      2.2710196543804604,
      2.0125510287524686,
      0.0,
      2.161612788023396,
      1.353958001687403,
      2.3902990583314727,
      2.3902990583314727
    ],
    [
      2.2710196543804604,
      2.0125510287524686,
      1.6823654563154666,
      2.0375208233135185,
      2.515281695367862,
      2.161612788023396,
      0.0,
      2.3902990583314727,
      2.2282114077947437,
      2.2282114077947437
    ],
    [
      1.6823654563154666,
      2.0375208233135185,
      2.515281695367862,
      2.161612788023396,
      1.8538049111613284,
      1.353958001687403,
      2.3902990583314727,
      0.0,
      2.03100857665937,
      2.03100857665937
    ],
    [
      2.0375208233135185,
      2.515281695367862,
      2.161612788023396,
      1.8538049111613284,
      1.353958001687403,
      2.3902990583314727,
      2.2282114077947437,
      2.03100857665937,
      0.0,
      1.2879986431197488
    ],
    [
      2.0375208233135185,
      2.515281695367862,
      2.161612788023396,
      1.8538049111613284,
      1.353958001687403,
      2.3902990583314727,
      2.2282114077947437,
      2.03100857665937,
      1.2879986431197488,
      0.0
    ]
  ]
}