{
  "servicechain": {
    "SC1": {
      "resptime": 34.28509503576933,
      "resptime_old": 24.28509503576933,
      "waittime": 19.682813916866802,
      "servicetime": 10.0,
      "networktime": 4.60228111890253,
      "services": {
        "MS1_1": {
          "meanserv": 0.3368129266486375,
          "stddevserv": 0.3368129266486375,
          "rate": 2.9690071873137986,
          "cv": 1.0,
          "lambda": 0.15
        },
        "MS1_2": {
          "meanserv": 2.0347467496016303,
          "stddevserv": 2.0347467496016303,
          "rate": 0.49146165251070356,
          "cv": 1.0,
          "lambda": 0.15
        },
        "MS1_3": {
          "meanserv": 3.283396103152163,
          "stddevserv": 3.283396103152163,
          "rate": 0.3045627053769019,
          "cv": 1.0,
          "lambda": 0.15
        },
        "MS1_4": {
          "meanserv": 2.0465697657767796,
          "stddevserv": 2.0465697657767796,
          "rate": 0.48862248271338454,
          "cv": 1.0,
          "lambda": 0.15
        },
        "MS1_5": {
          "meanserv": 0.2788710720548604,
          "stddevserv": 0.2788710720548604,
          "rate": 3.5858864550973464,
          "cv": 1.0,
          "lambda": 0.15
        },
        "MS1_6": {
          "meanserv": 0.2863339128669189,
          "stddevserv": 0.2863339128669189,
          "rate": 3.492425993091415,
          "cv": 1.0,
          "lambda": 0.15
        },
        "MS1_7": {
          "meanserv": 0.04370833721497469,
          "stddevserv": 0.04370833721497469,
          "rate": 22.878930284664207,
          "cv": 1.0,
          "lambda": 0.15
        },
        "MS1_8": {
          "meanserv": 0.20308360303708817,
          "stddevserv": 0.20308360303708817,
          "rate": 4.92408045280433,
          "cv": 1.0,
          "lambda": 0.15
        },
        "MS1_9": {
          "meanserv": 1.4864775296469475,
          "stddevserv": 1.4864775296469475,
          "rate": 0.6727313262767648,
          "cv": 1.0,
          "lambda": 0.15
        }
      },
      "sensors": [
        "S1"
      ],
      "sources": [
        {
          "startTime": 0,
          "stopTime": -1,
          "lambda": 0.15
        }
      ]
    },
    "SC2": {
      "resptime": 34.29746042803147,
      "resptime_old": 24.29746042803147,
      "waittime": 20.36443314655098,
      "servicetime": 10.0,
      "networktime": 3.9330272814804887,
      "services": {
        "MS2_1": {
          "meanserv": 0.09961024780670624,
          "stddevserv": 0.09961024780670624,
          "rate": 10.039127720478126,
          "cv": 1.0,
          "lambda": 0.15
        },
        "MS2_2": {
          "meanserv": 0.002877898222407582,
          "stddevserv": 0.002877898222407582,
          "rate": 347.4758044651848,
          "cv": 1.0,
          "lambda": 0.15
        },
        "MS2_3": {
          "meanserv": 3.1665636498964687,
          "stddevserv": 3.1665636498964687,
          "rate": 0.3157997471589416,
          "cv": 1.0,
          "lambda": 0.15
        },
        "MS2_4": {
          "meanserv": 0.8737321794130528,
          "stddevserv": 0.8737321794130528,
          "rate": 1.1445154746066124,
          "cv": 1.0,
          "lambda": 0.15
        },
        "MS2_5": {
          "meanserv": 0.13254137461639814,
          "stddevserv": 0.13254137461639814,
          "rate": 7.54481385827033,
          "cv": 1.0,
          "lambda": 0.15
        },
        "MS2_6": {
          "meanserv": 4.152812741199468,
          "stddevserv": 4.152812741199468,
          "rate": 0.24080064821588062,
          "cv": 1.0,
          "lambda": 0.15
        },
        "MS2_7": {
          "meanserv": 0.07265790119148008,
          "stddevserv": 0.07265790119148008,
          "rate": 13.763128078316427,
          "cv": 1.0,
          "lambda": 0.15
        },
        "MS2_8": {
          "meanserv": 0.06503414435546162,
          "stddevserv": 0.06503414435546162,
          "rate": 15.376538123331505,
          "cv": 1.0,
          "lambda": 0.15
        },
        "MS2_9": {
          "meanserv": 1.434169863298557,
          "stddevserv": 1.434169863298557,
          "rate": 0.6972674754858003,
          "cv": 1.0,
          "lambda": 0.15
        }
      },
      "sensors": [
        "S2"
      ],
      "sources": [
        {
          "startTime": 0,
          "stopTime": -1,
          "lambda": 0.15
        }
      ]
    },
    "SC3": {
      "resptime": 30.616945801279396,
      "resptime_old": 20.616945801279396,
      "waittime": 16.493373744713473,
      "servicetime": 10.0,
      "networktime": 4.123572056565924,
      "services": {
        "MS3_1": {
          "meanserv": 0.013030884112584795,
          "stddevserv": 0.013030884112584795,
          "rate": 76.74076381618904,
          "cv": 1.0,
          "lambda": 0.15
        },
        "MS3_2": {
          "meanserv": 0.18632870208767027,
          "stddevserv": 0.18632870208767027,
          "rate": 5.366859688259332,
          "cv": 1.0,
          "lambda": 0.15
        },
        "MS3_3": {
          "meanserv": 2.305069152542729,
          "stddevserv": 2.305069152542729,
          "rate": 0.4338264641201314,
          "cv": 1.0,
          "lambda": 0.15
        },
        "MS3_4": {
          "meanserv": 3.8442792281454485,
          "stddevserv": 3.8442792281454485,
          "rate": 0.26012678597293737,
          "cv": 1.0,
          "lambda": 0.15
        },
        "MS3_5": {
          "meanserv": 0.7772080009920828,
          "stddevserv": 0.7772080009920828,
          "rate": 1.2866568521213497,
          "cv": 1.0,
          "lambda": 0.15
        },
        "MS3_6": {
          "meanserv": 1.7851222325976748,
          "stddevserv": 1.7851222325976748,
          "rate": 0.5601857294359164,
          "cv": 1.0,
          "lambda": 0.15
        },
        "MS3_7": {
          "meanserv": 0.373299123664232,
          "stddevserv": 0.373299123664232,
          "rate": 2.6788168967132666,
          "cv": 1.0,
          "lambda": 0.15
        },
        "MS3_8": {
          "meanserv": 0.25306122614113846,
          "stddevserv": 0.25306122614113846,
          "rate": 3.951612877439689,
          "cv": 1.0,
          "lambda": 0.15
        },
        "MS3_9": {
          "meanserv": 0.46260144971643946,
          "stddevserv": 0.46260144971643946,
          "rate": 2.1616879943047507,
          "cv": 1.0,
          "lambda": 0.15
        }
      },
      "sensors": [
        "S3"
      ],
      "sources": [
        {
          "startTime": 0,
          "stopTime": -1,
          "lambda": 0.15
        }
      ]
    },
    "SC4": {
      "resptime": 34.90514913792273,
      "resptime_old": 24.905149137922724,
      "waittime": 23.152435612041767,
      "servicetime": 10.0,
      "networktime": 1.752713525880957,
      "services": {
        "MS4_1": {
          "meanserv": 1.619838577104774,
          "stddevserv": 1.619838577104774,
          "rate": 0.6173454652421938,
          "cv": 1.0,
          "lambda": 0.15
        },
        "MS4_2": {
          "meanserv": 4.97631420000221,
          "stddevserv": 4.97631420000221,
          "rate": 0.2009519414991031,
          "cv": 1.0,
          "lambda": 0.15
        },
        "MS4_3": {
          "meanserv": 0.4032544410091461,
          "stddevserv": 0.4032544410091461,
          "rate": 2.479823898522966,
          "cv": 1.0,
          "lambda": 0.15
        },
        "MS4_4": {
          "meanserv": 0.11460090297398473,
          "stddevserv": 0.11460090297398473,
          "rate": 8.72593473567139,
          "cv": 1.0,
          "lambda": 0.15
        },
        "MS4_5": {
          "meanserv": 0.3284576103931993,
          "stddevserv": 0.3284576103931993,
          "rate": 3.044532896658694,
          "cv": 1.0,
          "lambda": 0.15
        },
        "MS4_6": {
          "meanserv": 0.3646003483258271,
          "stddevserv": 0.3646003483258271,
          "rate": 2.74272914052826,
          "cv": 1.0,
          "lambda": 0.15
        },
        "MS4_7": {
          "meanserv": 1.1056130099217132,
          "stddevserv": 1.1056130099217132,
          "rate": 0.9044756085773706,
          "cv": 1.0,
          "lambda": 0.15
        },
        "MS4_8": {
          "meanserv": 0.5293793092105812,
          "stddevserv": 0.5293793092105812,
          "rate": 1.8890046939900538,
          "cv": 1.0,
          "lambda": 0.15
        },
        "MS4_9": {
          "meanserv": 0.5579416010585643,
          "stddevserv": 0.5579416010585643,
          "rate": 1.792302273396952,
          "cv": 1.0,
          "lambda": 0.15
        }
      },
      "sensors": [
        "S4"
      ],
      "sources": [
        {
          "startTime": 0,
          "stopTime": -1,
          "lambda": 0.15
        }
      ]
    }
  },
  "microservice": {
    "MS1_1": "F1",
    "MS1_2": "F10",
    "MS1_3": "F3",
    "MS1_4": "F10",
    "MS1_5": "F5",
    "MS1_6": "F5",
    "MS1_7": "F5",
    "MS1_8": "F5",
    "MS1_9": "F7",
    "MS2_1": "F5",
    "MS2_2": "F5",
    "MS2_3": "F7",
    "MS2_4": "F6",
    "MS2_5": "F6",
    "MS2_6": "F9",
    "MS2_7": "F5",
    "MS2_8": "F5",
    "MS2_9": "F5",
    "MS3_1": "F5",
    "MS3_2": "F5",
    "MS3_3": "F8",
    "MS3_4": "F2",
    "MS3_5": "F6",
    "MS3_6": "F6",
    "MS3_7": "F6",
    "MS3_8": "F5",
    "MS3_9": "F5",
    "MS4_1": "F8",
    "MS4_2": "F4",
    "MS4_3": "F1",
    "MS4_4": "F1",
    "MS4_5": "F1",
    "MS4_6": "F1",
    "MS4_7": "F1",
    "MS4_8": "F1",
    "MS4_9": "F1"
  },
  "sensor": {
    "S1": "F1",
    "S2": "F5",
    "S3": "F5",
    "S4": "F8"
  },
  "fog": {
    "F1": {
      "rho": 0.561099022431248,
      "capacity": 1.0,
      "tserv": 0.4675825186927067,
      "stddev": 0.606093235053476,
      "mu": 2.138659937064918,
      "cv": 1.2962273199349397,
      "lambda": 1.2,
      "twait": 0.8010678280243453
    },
    "F2": {
      "rho": 0.5766418842218173,
      "capacity": 1.0,
      "tserv": 3.8442792281454485,
      "stddev": 3.8442792281454485,
      "mu": 0.26012678597293737,
      "cv": 1.0,
      "lambda": 0.15,
      "twait": 5.236163746425158
    },
    "F3": {
      "rho": 0.49250941547282445,
      "capacity": 1.0,
      "tserv": 3.283396103152163,
      "stddev": 3.283396103152163,
      "mu": 0.3045627053769019,
      "cv": 1.0,
      "lambda": 0.15,
      "twait": 3.1864699461091726
    },
    "F4": {
      "rho": 0.7464471300003314,
      "capacity": 1.0,
      "tserv": 4.97631420000221,
      "stddev": 4.97631420000221,
      "mu": 0.2009519414991031,
      "cv": 1.0,
      "lambda": 0.15,
      "twait": 14.650023297217654
    },
    "F5": {
      "rho": 0.510205386315943,
      "capacity": 1.0,
      "tserv": 0.26164378785432985,
      "stddev": 0.5747436288092432,
      "mu": 3.8219902264859043,
      "cv": 2.19666453204397,
      "lambda": 1.9499999999999995,
      "twait": 0.793838900943686
    },
    "F6": {
      "rho": 0.591285436692516,
      "capacity": 1.0,
      "tserv": 0.788380582256688,
      "stddev": 1.1237759881716107,
      "mu": 1.2684229197243357,
      "cv": 1.425423220032735,
      "lambda": 0.75,
      "twait": 1.7289722919532882
    },
    "F7": {
      "rho": 0.6979561769315124,
      "capacity": 1.0,
      "tserv": 2.326520589771708,
      "stddev": 2.6122868794141354,
      "mu": 0.4298264130549242,
      "cv": 1.122829899249019,
      "lambda": 0.3,
      "twait": 6.07696956223615
    },
    "F8": {
      "rho": 0.5887361594471254,
      "capacity": 1.0,
      "tserv": 1.9624538648237515,
      "stddev": 2.0213845854560177,
      "mu": 0.5095661191962901,
      "cv": 1.0300290986140246,
      "lambda": 0.3,
      "twait": 2.894937518653704
    },
    "F9": {
      "rho": 0.6229219111799201,
      "capacity": 1.0,
      "tserv": 4.152812741199468,
      "stddev": 4.152812741199468,
      "mu": 0.24080064821588062,
      "cv": 1.0,
      "lambda": 0.15,
      "twait": 6.86032449568982
    },
    "F10": {
      "rho": 0.6121974773067616,
      "capacity": 1.0,
      "tserv": 2.040658257689205,
      "stddev": 2.040675382448389,
      "mu": 0.49003795526859906,
      "cv": 1.000008391781975,
      "lambda": 0.3,
      "twait": 3.2214754883611936
    }
  },
  "extra": {
    "deltatime": 2.6741356,
    "conv": 10,
    "obj_func": 33.52616260075073
  },
  "network": [
    [
      0.0,
      1.1092687332658306,
      1.3633771476028693,
      1.0614798265080343,
      1.0540607169735128,
      1.4793195467582452,
      1.0503871618080822,
      0.9587664454139854,
      1.0013603704555463,
      1.0013603704555463
    ],
    [
      1.1092687332658306,
      0.0,
      1.177817871583558,
      1.1690408814075033,
      1.0001492455341527,
      0.9508945110634109,
      1.017060321326662,
      1.0013603704555463,
      1.066048450084097,
      1.066048450084097
    ],
    [
      1.3633771476028693,
      1.177817871583558,
      0.0,
      1.3760102177459383,
      1.0243880373040641,
      0.7702133885294725,
      0.9587664454139854,
      1.066048450084097,
      0.6912336993729228,
      0.6912336993729228
    ],
    [
      1.0614798265080343,
      1.1690408814075033,
      1.3760102177459383,
      0.0,
      1.3302685631459144,
      1.0503871618080822,
      1.0013603704555463,
      0.6912336993729228,
      1.1542568537203046,
      1.1542568537203046
    ],
    [
      1.0540607169735128,
      1.0001492455341527,
      1.0243880373040641,
      1.3302685631459144,
      0.0,
      1.017060321326662,
      1.066048450084097,
      1.1542568537203046,
      1.1524048996170408,
      1.1524048996170408
    ],
    [
      1.4793195467582452,
      0.9508945110634109,
      0.7702133885294725,
      1.0503871618080822,
      1.017060321326662,
      0.0,
      0.6912336993729228,
      1.1524048996170408,
      1.0233402324064285,
      1.0233402324064285
    ],
    [
      1.0503871618080822,
      1.017060321326662,
      0.9587664454139854,
      1.0013603704555463,
      1.066048450084097,
      0.6912336993729228,
      0.0,
      1.0233402324064285,
      0.9316801572673001,
      0.9316801572673001
    ],
    [
      0.9587664454139854,
      1.0013603704555463,
      1.066048450084097,
      0.6912336993729228,
      1.1542568537203046,
      1.1524048996170408,
      1.0233402324064285,
      0.0,
      1.4252200306588403,
      1.4252200306588403
    ],
    [
      1.0013603704555463,
      1.066048450084097,
      0.6912336993729228,
      1.1542568537203046,
      1.1524048996170408,
      1.0233402324064285,
      0.9316801572673001,
      1.4252200306588403,
      0.0,
      0.9565119256750048
    ],
    [
      1.0013603704555463,
      1.066048450084097,
      0.6912336993729228,
      1.1542568537203046,
      1.1524048996170408,
      1.0233402324064285,
      0.9316801572673001,
      1.4252200306588403,
      0.9565119256750048,
      0.0
    ]
  ]
}