{
  "servicechain": {
    "SC1": {
      "resptime": 41.21826901448728,
      "resptime_old": 31.21826901448728,
      "waittime": 25.600141720660172,
      "servicetime": 10.0,
      "networktime": 5.6181272938271025,
      "services": {
        "MS1_1": {
          "meanserv": 1.4046136773680895,
          "stddevserv": 1.4046136773680895,
          "rate": 0.7119395290766078,
          "cv": 1.0,
          "lambda": 0.175
        },
        "MS1_2": {
          "meanserv": 3.5175677417011646,
          "stddevserv": 3.5175677417011646,
          "rate": 0.28428734666425515,
          "cv": 1.0,
          "lambda": 0.175
        },
        "MS1_3": {
          "meanserv": 0.3168973454762032,
          "stddevserv": 0.3168973454762032,
          "rate": 3.155596013268256,
          "cv": 1.0,
          "lambda": 0.175
        },
        "MS1_4": {
          "meanserv": 3.8875304204228396,
          "stddevserv": 3.8875304204228396,
          "rate": 0.25723271379346063,
          "cv": 1.0,
          "lambda": 0.175
        },
        "MS1_5": {
          "meanserv": 0.8733908150317031,
          "stddevserv": 0.8733908150317031,
          "rate": 1.1449628079311793,
          "cv": 1.0,
          "lambda": 0.175
        }
      },
      "sensors": [
        "S1"
      ],
      "sources": [
        {
          "startTime": 0,
          "stopTime": -1,
          "lambda": 0.175
        }
      ]
    },
    "SC2": {
      "resptime": 50.066294887548274,
      "resptime_old": 40.066294887548274,
      "waittime": 31.24340126132587,
      "servicetime": 10.0,
      "networktime": 8.8228936262224,
      "services": {
        "MS2_1": {
          "meanserv": 4.424554006748177,
          "stddevserv": 4.424554006748177,
          "rate": 0.22601148013445752,
          "cv": 1.0,
          "lambda": 0.175
        },
        "MS2_2": {
          "meanserv": 1.289360578589429,
          "stddevserv": 1.289360578589429,
          "rate": 0.7755782335876967,
          "cv": 1.0,
          "lambda": 0.175
        },
        "MS2_3": {
          "meanserv": 1.270455163245268,
          "stddevserv": 1.270455163245268,
          "rate": 0.7871194741305048,
          "cv": 1.0,
          "lambda": 0.175
        },
        "MS2_4": {
          "meanserv": 0.6456505466249549,
          "stddevserv": 0.6456505466249549,
          "rate": 1.5488254524484735,
          "cv": 1.0,
          "lambda": 0.175
        },
        "MS2_5": {
          "meanserv": 2.369979704792171,
          "stddevserv": 2.369979704792171,
          "rate": 0.421944541540997,
          "cv": 1.0,
          "lambda": 0.175
        }
      },
      "sensors": [
        "S2"
      ],
      "sources": [
        {
          "startTime": 0,
          "stopTime": -1,
          "lambda": 0.175
        }
      ]
    },
    "SC3": {
      "resptime": 43.60822927285316,
      "resptime_old": 33.608229272853166,
      "waittime": 28.366047532513893,
      "servicetime": 10.0,
      "networktime": 5.242181740339269,
      "services": {
        "MS3_1": {
          "meanserv": 0.7611548462109985,
          "stddevserv": 0.7611548462109985,
          "rate": 1.3137931197284811,
          "cv": 1.0,
          "lambda": 0.175
        },
        "MS3_2": {
          "meanserv": 4.153561314026368,
          "stddevserv": 4.153561314026368,
          "rate": 0.24075725007911888,
          "cv": 1.0,
          "lambda": 0.175
        },
        "MS3_3": {
          "meanserv": 0.08307080698138947,
          "stddevserv": 0.08307080698138947,
          "rate": 12.037923264956751,
          "cv": 1.0,
          "lambda": 0.175
        },
        "MS3_4": {
          "meanserv": 3.0158412657643847,
          "stddevserv": 3.0158412657643847,
          "rate": 0.33158243815811156,
          "cv": 1.0,
          "lambda": 0.175
        },
        "MS3_5": {
          "meanserv": 1.986371767016859,
          "stddevserv": 1.986371767016859,
          "rate": 0.5034304336200891,
          "cv": 1.0,
          "lambda": 0.175
        }
      },
      "sensors": [
        "S3"
      ],
      "sources": [
        {
          "startTime": 0,
          "stopTime": -1,
          "lambda": 0.175
        }
      ]
    },
    "SC4": {
      "resptime": 44.172773513595985,
      "resptime_old": 34.172773513596,
      "waittime": 25.40674651305328,
      "servicetime": 10.0,
      "networktime": 8.76602700054271,
      "services": {
        "MS4_1": {
          "meanserv": 1.709913854545776,
          "stddevserv": 1.709913854545776,
          "rate": 0.5848247836237583,
          "cv": 1.0,
          "lambda": 0.175
        },
        "MS4_2": {
          "meanserv": 4.053083916329884,
          "stddevserv": 4.053083916329884,
          "rate": 0.24672570828622567,
          "cv": 1.0,
          "lambda": 0.175
        },
        "MS4_3": {
          "meanserv": 1.3244482619260323,
          "stddevserv": 1.3244482619260323,
          "rate": 0.75503138079987,
          "cv": 1.0,
          "lambda": 0.175
        },
        "MS4_4": {
          "meanserv": 1.5756574415601445,
          "stddevserv": 1.5756574415601445,
          "rate": 0.6346557148931086,
          "cv": 1.0,
          "lambda": 0.175
        },
        "MS4_5": {
          "meanserv": 1.3368965256381635,
          "stddevserv": 1.3368965256381635,
          "rate": 0.7480010463208085,
          "cv": 1.0,
          "lambda": 0.175
        }
      },
      "sensors": [
        "S4"
      ],
      "sources": [
        {
          "startTime": 0,
          "stopTime": -1,
          "lambda": 0.175
        }
      ]
    }
  },
  "microservice": {
    "MS1_1": "F10",
    "MS1_2": "F5",
    "MS1_3": "F9",
    "MS1_4": "F4",
    "MS1_5": "F9",
    "MS2_1": "F1",
    "MS2_2": "F7",
    "MS2_3": "F10",
    "MS2_4": "F6",
    "MS2_5": "F7",
    "MS3_1": "F8",
    "MS3_2": "F2",
    "MS3_3": "F6",
    "MS3_4": "F6",
    "MS3_5": "F8",
    "MS4_1": "F9",
    "MS4_2": "F3",
    "MS4_3": "F8",
    "MS4_4": "F10",
    "MS4_5": "F9"
  },
  "sensor": {
    "S1": "F10",
    "S2": "F1",
    "S3": "F8",
    "S4": "F9"
  },
  "fog": {
    "F1": {
      "rho": 0.7742969511809309,
      "capacity": 1.0,
      "tserv": 4.424554006748177,
      "stddev": 4.424554006748177,
      "mu": 0.22601148013445752,
      "cv": 1.0,
      "lambda": 0.175,
      "twait": 15.178876385080704
    },
    "F2": {
      "rho": 0.7268732299546145,
      "capacity": 1.0,
      "tserv": 4.153561314026368,
      "stddev": 4.153561314026368,
      "mu": 0.24075725007911888,
      "cv": 1.0,
      "lambda": 0.175,
      "twait": 11.053887276004444
    },
    "F3": {
      "rho": 0.7092896853577296,
      "capacity": 1.0,
      "tserv": 4.053083916329884,
      "stddev": 4.053083916329884,
      "mu": 0.24672570828622567,
      "cv": 1.0,
      "lambda": 0.175,
      "twait": 9.888918524544467
    },
    "F4": {
      "rho": 0.6803178235739967,
      "capacity": 1.0,
      "tserv": 3.887530420422839,
      "stddev": 3.88753042042284,
      "mu": 0.2572327137934607,
      "cv": 1.0000000000000002,
      "lambda": 0.175,
      "twait": 8.273080045524376
    },
    "F5": {
      "rho": 0.6155743547977037,
      "capacity": 1.0,
      "tserv": 3.5175677417011646,
      "stddev": 3.517567741701164,
      "mu": 0.28428734666425515,
      "cv": 0.9999999999999999,
      "lambda": 0.175,
      "twait": 5.632622381151109
    },
    "F6": {
      "rho": 0.6552984583898775,
      "capacity": 1.0,
      "tserv": 1.248187539790243,
      "stddev": 2.188166009224093,
      "mu": 0.8011616589026751,
      "cv": 1.7530747099044206,
      "lambda": 0.5249999999999999,
      "twait": 4.832691433730596
    },
    "F7": {
      "rho": 0.6403845495917802,
      "capacity": 1.0,
      "tserv": 1.8296701416908003,
      "stddev": 1.9828166015424673,
      "mu": 0.5465466026985054,
      "cv": 1.0837016773472317,
      "lambda": 0.35,
      "twait": 3.542310366628375
    },
    "F8": {
      "rho": 0.7125956031519306,
      "capacity": 1.0,
      "tserv": 1.35732495838463,
      "stddev": 1.5309465767405253,
      "mu": 0.7367432491553924,
      "cv": 1.1279145552311398,
      "lambda": 0.5249999999999999,
      "twait": 3.8233886945241293
    },
    "F9": {
      "rho": 0.7414922446210729,
      "capacity": 1.0,
      "tserv": 1.0592746351729614,
      "stddev": 1.2903890204393735,
      "mu": 0.9440422406005381,
      "cv": 1.2181817421019197,
      "lambda": 0.7,
      "twait": 3.773613292363432
    },
    "F10": {
      "rho": 0.7438770993803628,
      "capacity": 1.0,
      "tserv": 1.4169087607245008,
      "stddev": 1.4278764239908084,
      "mu": 0.7057617453707288,
      "cv": 1.0077405571694678,
      "lambda": 0.5249999999999999,
      "twait": 4.147212709257823
    }
  },
  "extra": {
    "deltatime": 0.0134169,
    "obj_func": 44.76639167212117
  },
  "network": [
    [
      0.0,
      2.127702128447439,
      1.5894602944994858,
      2.3542214105321455,
      1.761530504598382,
      1.6009468627075287,
      2.1251620254884585,
      1.989078674390306,
      1.3630496199337003,
      1.3630496199337003
    ],
    [
      2.127702128447439,
      0.0,
      2.7905466365751947,
      2.221092496812151,
      2.1883598148876824,
      2.2432396267921306,
      2.185203634424739,
      1.3630496199337003,
      2.326086234343146,
      2.326086234343146
    ],
    [
      1.5894602944994858,
      2.7905466365751947,
      0.0,
      1.8631242929269587,
      2.0472078210466784,
      1.9442541227323165,
      1.989078674390306,
      2.326086234343146,
      2.0147093919005763,
      2.0147093919005763
    ],
    [
      2.3542214105321455,
      2.221092496812151,
      1.8631242929269587,
      0.0,
      1.4592511672523463,
      2.1251620254884585,
      1.3630496199337003,
      2.0147093919005763,
      1.1731711533001126,
      1.1731711533001126
    ],
    [
      1.761530504598382,
      2.1883598148876824,
      2.0472078210466784,
      1.4592511672523463,
      0.0,
      2.185203634424739,
      2.326086234343146,
      1.1731711533001126,
      1.6358924936134387,
      1.6358924936134387
    ],
    [
      1.6009468627075287,
      2.2432396267921306,
      1.9442541227323165,
      2.1251620254884585,
      2.185203634424739,
      0.0,
      2.0147093919005763,
      1.6358924936134387,
      2.2255169237767505,
      2.2255169237767505
    ],
    [
      2.1251620254884585,
      2.185203634424739,
      1.989078674390306,
      1.3630496199337003,
      2.326086234343146,
      2.0147093919005763,
      0.0,
      2.2255169237767505,
      2.4575052850566155,
      2.4575052850566155
    ],
    [
      1.989078674390306,
      1.3630496199337003,
      2.326086234343146,
      2.0147093919005763,
      1.1731711533001126,
      1.6358924936134387,
      2.2255169237767505,
      0.0,
      2.1262891640807267,
      2.1262891640807267
    ],
    [
      1.3630496199337003,
      2.326086234343146,
      2.0147093919005763,
      1.1731711533001126,
      1.6358924936134387,
      2.2255169237767505,
      2.4575052850566155,
      2.1262891640807267,
      0.0,
      2.298942210218262
    ],
    [
      1.3630496199337003,
      2.326086234343146,
      2.0147093919005763,
      1.1731711533001126,
      1.6358924936134387,
      2.2255169237767505,
      2.4575052850566155,
      2.1262891640807267,
      2.298942210218262,
      0.0
    ]
  ]
}