{
  "servicechain": {
    "SC1": {
      "resptime": 16.59893651987409,
      "resptime_old": 6.5989365198740915,
      "waittime": 4.99882350356226,
      "servicetime": 10.0,
      "networktime": 1.6001130163118313,
      "services": {
        "MS1_1": {
          "meanserv": 1.393608583669096,
          "stddevserv": 1.393608583669096,
          "rate": 0.7175615963610081,
          "cv": 1.0,
          "lambda": 0.05
        },
        "MS1_2": {
          "meanserv": 4.472099178281839,
          "stddevserv": 4.472099178281839,
          "rate": 0.22360863660098781,
          "cv": 1.0,
          "lambda": 0.05
        },
        "MS1_3": {
          "meanserv": 0.39346261617047773,
          "stddevserv": 0.39346261617047773,
          "rate": 2.541537515642209,
          "cv": 1.0,
          "lambda": 0.05
        },
        "MS1_4": {
          "meanserv": 0.6735120228134486,
          "stddevserv": 0.6735120228134486,
          "rate": 1.484754490087229,
          "cv": 1.0,
          "lambda": 0.05
        },
        "MS1_5": {
          "meanserv": 3.067317599065139,
          "stddevserv": 3.067317599065139,
          "rate": 0.32601775580878267,
          "cv": 1.0,
          "lambda": 0.05
        }
      },
      "sensors": [
        "S1"
      ],
      "sources": [
        {
          "startTime": 0,
          "stopTime": -1,
          "lambda": 0.05
        }
      ]
    },
    "SC2": {
      "resptime": 16.417002567553446,
      "resptime_old": 6.417002567553446,
      "waittime": 3.2031110842562702,
      "servicetime": 10.0,
      "networktime": 3.2138914832971768,
      "services": {
        "MS2_1": {
          "meanserv": 0.13919468390994116,
          "stddevserv": 0.13919468390994116,
          "rate": 7.184182412074007,
          "cv": 1.0,
          "lambda": 0.05
        },
        "MS2_2": {
          "meanserv": 4.019414720675173,
          "stddevserv": 4.019414720675173,
          "rate": 0.24879244106266846,
          "cv": 1.0,
          "lambda": 0.05
        },
        "MS2_3": {
          "meanserv": 0.525140350827801,
          "stddevserv": 0.525140350827801,
          "rate": 1.904252831502393,
          "cv": 1.0,
          "lambda": 0.05
        },
        "MS2_4": {
          "meanserv": 1.6354759156237817,
          "stddevserv": 1.6354759156237817,
          "rate": 0.6114428163979371,
          "cv": 1.0,
          "lambda": 0.05
        },
        "MS2_5": {
          "meanserv": 3.6807743289633033,
          "stddevserv": 3.6807743289633033,
          "rate": 0.27168196434407643,
          "cv": 1.0,
          "lambda": 0.05
        }
      },
      "sensors": [
        "S2"
      ],
      "sources": [
        {
          "startTime": 0,
          "stopTime": -1,
          "lambda": 0.05
        }
      ]
    },
    "SC3": {
      "resptime": 16.199013795482376,
      "resptime_old": 6.199013795482374,
      "waittime": 2.672102136761335,
      "servicetime": 10.0,
      "networktime": 3.52691165872104,
      "services": {
        "MS3_1": {
          "meanserv": 2.9435846020411596,
          "stddevserv": 2.9435846020411596,
          "rate": 0.3397218477452877,
          "cv": 1.0,
          "lambda": 0.05
        },
        "MS3_2": {
          "meanserv": 1.0752154872220157,
          "stddevserv": 1.0752154872220157,
          "rate": 0.9300461273894535,
          "cv": 1.0,
          "lambda": 0.05
        },
        "MS3_3": {
          "meanserv": 3.3029152546562672,
          "stddevserv": 3.3029152546562672,
          "rate": 0.3027628391586055,
          "cv": 1.0,
          "lambda": 0.05
        },
        "MS3_4": {
          "meanserv": 0.06382686367347112,
          "stddevserv": 0.06382686367347112,
          "rate": 15.667384271234967,
          "cv": 1.0,
          "lambda": 0.05
        },
        "MS3_5": {
          "meanserv": 2.6144577924070864,
          "stddevserv": 2.6144577924070864,
          "rate": 0.38248848495630794,
          "cv": 1.0,
          "lambda": 0.05
        }
      },
      "sensors": [
        "S3"
      ],
      "sources": [
        {
          "startTime": 0,
          "stopTime": -1,
          "lambda": 0.05
        }
      ]
    },
    "SC4": {
      "resptime": 15.790021737029425,
      "resptime_old": 5.790021737029425,
      "waittime": 3.6082730586182015,
      "servicetime": 10.0,
      "networktime": 2.1817486784112234,
      "services": {
        "MS4_1": {
          "meanserv": 1.5875817933916792,
          "stddevserv": 1.5875817933916792,
          "rate": 0.6298888058319309,
          "cv": 1.0,
          "lambda": 0.05
        },
        "MS4_2": {
          "meanserv": 3.0218131613604284,
          "stddevserv": 3.0218131613604284,
          "rate": 0.3309271442678466,
          "cv": 1.0,
          "lambda": 0.05
        },
        "MS4_3": {
          "meanserv": 1.2326432491101054,
          "stddevserv": 1.2326432491101054,
          "rate": 0.8112647359420012,
          "cv": 1.0,
          "lambda": 0.05
        },
        "MS4_4": {
          "meanserv": 1.9480807083912,
          "stddevserv": 1.9480807083912,
          "rate": 0.5133257547762682,
          "cv": 1.0,
          "lambda": 0.05
        },
        "MS4_5": {
          "meanserv": 2.209881087746587,
          "stddevserv": 2.209881087746587,
          "rate": 0.4525130359026235,
          "cv": 1.0,
          "lambda": 0.05
        }
      },
      "sensors": [
        "S4"
      ],
      "sources": [
        {
          "startTime": 0,
          "stopTime": -1,
          "lambda": 0.05
        }
      ]
    }
  },
  "microservice": {
    "MS1_1": "F5",
    "MS1_2": "F5",
    "MS1_3": "F8",
    "MS1_4": "F8",
    "MS1_5": "F8",
    "MS2_1": "F4",
    "MS2_2": "F4",
    "MS2_3": "F7",
    "MS2_4": "F7",
    "MS2_5": "F10",
    "MS3_1": "F6",
    "MS3_2": "F6",
    "MS3_3": "F1",
    "MS3_4": "F9",
    "MS3_5": "F9",
    "MS4_1": "F2",
    "MS4_2": "F2",
    "MS4_3": "F3",
    "MS4_4": "F3",
    "MS4_5": "F3"
  },
  "sensor": {
    "S1": "F5",
    "S2": "F4",
    "S3": "F6",
    "S4": "F2"
  },
  "fog": {
    "F1": {
      "rho": 0.16514576273281337,
      "capacity": 1.0,
      "tserv": 3.3029152546562672,
      "stddev": 3.302915254656267,
      "mu": 0.3027628391586055,
      "cv": 0.9999999999999999,
      "lambda": 0.05,
      "twait": 0.6533625088345619
    },
    "F2": {
      "rho": 0.2304697477376054,
      "capacity": 1.0,
      "tserv": 2.304697477376054,
      "stddev": 2.517963516545921,
      "mu": 0.43389642667484535,
      "cv": 1.0925353723269031,
      "lambda": 0.1,
      "twait": 0.7570703489969376
    },
    "F3": {
      "rho": 0.26953025226239463,
      "capacity": 1.0,
      "tserv": 1.796868348415964,
      "stddev": 1.8894264483618732,
      "mu": 0.5565237992430295,
      "cv": 1.0515107854326136,
      "lambda": 0.15000000000000002,
      "twait": 0.6980441202081087
    },
    "F4": {
      "rho": 0.20793047022925573,
      "capacity": 1.0,
      "tserv": 2.079304702292557,
      "stddev": 3.442609738531676,
      "mu": 0.4809299949629511,
      "cv": 1.6556542842114452,
      "lambda": 0.1,
      "twait": 1.0210637607465325
    },
    "F5": {
      "rho": 0.2932853880975468,
      "capacity": 1.0,
      "tserv": 2.932853880975468,
      "stddev": 3.652421670304843,
      "mu": 0.34096482149577795,
      "cv": 1.245347302842802,
      "lambda": 0.1,
      "twait": 1.552381652743716
    },
    "F6": {
      "rho": 0.20094000446315877,
      "capacity": 1.0,
      "tserv": 2.0094000446315876,
      "stddev": 2.40480562914562,
      "mu": 0.4976609822775954,
      "cv": 1.1967779315873002,
      "lambda": 0.1,
      "twait": 0.6145207311209395
    },
    "F7": {
      "rho": 0.10803081332257915,
      "capacity": 1.0,
      "tserv": 1.0803081332257913,
      "stddev": 1.3354730232914476,
      "mu": 0.9256618266993956,
      "cv": 1.2361963982477258,
      "lambda": 0.1,
      "twait": 0.16539550371934858
    },
    "F8": {
      "rho": 0.20671461190245327,
      "capacity": 1.0,
      "tserv": 1.3780974126830217,
      "stddev": 2.1860374822140707,
      "mu": 0.7256381085957467,
      "cv": 1.5862721039132264,
      "lambda": 0.15000000000000002,
      "twait": 0.631353399358276
    },
    "F9": {
      "rho": 0.1339142328040279,
      "capacity": 1.0,
      "tserv": 1.3391423280402788,
      "stddev": 2.246366230616769,
      "mu": 0.746746614651047,
      "cv": 1.6774663779795052,
      "lambda": 0.1,
      "twait": 0.39484908284244674
    },
    "F10": {
      "rho": 0.18403871644816516,
      "capacity": 1.0,
      "tserv": 3.6807743289633033,
      "stddev": 3.6807743289633037,
      "mu": 0.27168196434407643,
      "cv": 1.0000000000000002,
      "lambda": 0.05,
      "twait": 0.8301925553245078
    }
  },
  "extra": {
    "deltatime": 0.5071091,
    "conv": 9,
    "obj_func": 16.251243654984833
  },
  "network": [
    [
      0.0,
      2.2195478202900354,
      1.974394776310117,
      1.9788697744971995,
      2.139151063488371,
      1.8710154002279569,
      1.5106261665093026,
      2.362201760124397,
      1.6558962584930832,
      1.6558962584930832
    ],
    [
      2.2195478202900354,
      0.0,
      2.1817486784112234,
      2.1845463647884977,
      1.8796811942112872,
      2.103983012617652,
      2.6642384562217325,
      1.6558962584930832,
      1.5069739987218838,
      1.5069739987218838
    ],
    [
      1.974394776310117,
      2.1817486784112234,
      0.0,
      2.8348175788231513,
      0.9608006287585438,
      2.152060412918546,
      2.362201760124397,
      1.5069739987218838,
      2.820912950668705,
      2.820912950668705
    ],
    [
      1.9788697744971995,
      2.1845463647884977,
      2.8348175788231513,
      0.0,
      1.9308512155327473,
      1.5106261665093026,
      1.6558962584930832,
      2.820912950668705,
      1.6001130163118313,
      1.6001130163118313
    ],
    [
      2.139151063488371,
      1.8796811942112872,
      0.9608006287585438,
      1.9308512155327473,
      0.0,
      2.6642384562217325,
      1.5069739987218838,
      1.6001130163118313,
      1.4975665265405138,
      1.4975665265405138
    ],
    [
      1.8710154002279569,
      2.103983012617652,
      2.152060412918546,
      1.5106261665093026,
      2.6642384562217325,
      0.0,
      2.820912950668705,
      1.4975665265405138,
      2.8685042631079525,
      2.8685042631079525
    ],
    [
      1.5106261665093026,
      2.6642384562217325,
      2.362201760124397,
      1.6558962584930832,
      1.5069739987218838,
      2.820912950668705,
      0.0,
      2.8685042631079525,
      1.5579952248040934,
      1.5579952248040934
    ],
    [
      2.362201760124397,
      1.6558962584930832,
      1.5069739987218838,
      2.820912950668705,
      1.6001130163118313,
      1.4975665265405138,
      2.8685042631079525,
      0.0,
      2.633556924732799,
      2.633556924732799
    ],
    [
      1.6558962584930832,
      1.5069739987218838,
      2.820912950668705,
      1.6001130163118313,
      1.4975665265405138,
      2.8685042631079525,
      1.5579952248040934,
      2.633556924732799,
      0.0,
      2.01588998370397
    ],
    [
      1.6558962584930832,
      1.5069739987218838,
      2.820912950668705,
      1.6001130163118313,
      1.4975665265405138,
      2.8685042631079525,
      1.5579952248040934,
      2.633556924732799,
      2.01588998370397,
      0.0
    ]
  ]
}