{
  "servicechain": {
    "SC1": {
      "resptime": 29.314067087943876,
      "resptime_old": 19.314067087943876,
      "waittime": 16.911801767441773,
      "servicetime": 10.0,
      "networktime": 2.402265320502103,
      "services": {
        "MS1_1": {
          "meanserv": 0.2722985101479747,
          "stddevserv": 0.2722985101479747,
          "rate": 3.6724402181142004,
          "cv": 1.0,
          "lambda": 0.15
        },
        "MS1_2": {
          "meanserv": 0.1678575109334124,
          "stddevserv": 0.1678575109334124,
          "rate": 5.957433745080917,
          "cv": 1.0,
          "lambda": 0.15
        },
        "MS1_3": {
          "meanserv": 0.06821931082833466,
          "stddevserv": 0.06821931082833466,
          "rate": 14.65860601430546,
          "cv": 1.0,
          "lambda": 0.15
        },
        "MS1_4": {
          "meanserv": 0.3205937092695643,
          "stddevserv": 0.3205937092695643,
          "rate": 3.1192127951555393,
          "cv": 1.0,
          "lambda": 0.15
        },
        "MS1_5": {
          "meanserv": 0.1594944751729599,
          "stddevserv": 0.1594944751729599,
          "rate": 6.269809652751761,
          "cv": 1.0,
          "lambda": 0.15
        },
        "MS1_6": {
          "meanserv": 1.2451197833088903,
          "stddevserv": 1.2451197833088903,
          "rate": 0.8031355805322702,
          "cv": 1.0,
          "lambda": 0.15
        },
        "MS1_7": {
          "meanserv": 1.3517316369590913,
          "stddevserv": 1.3517316369590913,
          "rate": 0.7397918141870522,
          "cv": 1.0,
          "lambda": 0.15
        },
        "MS1_8": {
          "meanserv": 0.5063819356969286,
          "stddevserv": 0.5063819356969286,
          "rate": 1.9747939835644208,
          "cv": 1.0,
          "lambda": 0.15
        },
        "MS1_9": {
          "meanserv": 1.436372906933462,
          "stddevserv": 1.436372906933462,
          "rate": 0.6961980382482413,
          "cv": 1.0,
          "lambda": 0.15
        },
        "MS1_10": {
          "meanserv": 0.6422607200752566,
          "stddevserv": 0.6422607200752566,
          "rate": 1.5570000916182847,
          "cv": 1.0,
          "lambda": 0.15
        },
        "MS1_11": {
          "meanserv": 2.501376337831596,
          "stddevserv": 2.501376337831596,
          "rate": 0.3997799071158098,
          "cv": 1.0,
          "lambda": 0.15
        },
        "MS1_12": {
          "meanserv": 1.3282931628425292,
          "stddevserv": 1.3282931628425292,
          "rate": 0.7528458535915473,
          "cv": 1.0,
          "lambda": 0.15
        }
      },
      "sensors": [
        "S1"
      ],
      "sources": [
        {
          "startTime": 0,
          "stopTime": -1,
          "lambda": 0.15
        }
      ]
    },
    "SC2": {
      "resptime": 33.344886327795024,
      "resptime_old": 23.344886327795027,
      "waittime": 17.61072844349778,
      "servicetime": 10.0,
      "networktime": 5.734157884297247,
      "services": {
        "MS2_1": {
          "meanserv": 0.43867088047548464,
          "stddevserv": 0.43867088047548464,
          "rate": 2.279613360513191,
          "cv": 1.0,
          "lambda": 0.15
        },
        "MS2_2": {
          "meanserv": 0.23448882606489363,
          "stddevserv": 0.23448882606489363,
          "rate": 4.264595532254722,
          "cv": 1.0,
          "lambda": 0.15
        },
        "MS2_3": {
          "meanserv": 0.687641408948555,
          "stddevserv": 0.687641408948555,
          "rate": 1.4542463368066505,
          "cv": 1.0,
          "lambda": 0.15
        },
        "MS2_4": {
          "meanserv": 0.799138981618871,
          "stddevserv": 0.799138981618871,
          "rate": 1.2513467907349871,
          "cv": 1.0,
          "lambda": 0.15
        },
        "MS2_5": {
          "meanserv": 1.7973446899061898,
          "stddevserv": 1.7973446899061898,
          "rate": 0.55637630645694,
          "cv": 1.0,
          "lambda": 0.15
        },
        "MS2_6": {
          "meanserv": 0.5520377988485299,
          "stddevserv": 0.5520377988485299,
          "rate": 1.8114701603510734,
          "cv": 1.0,
          "lambda": 0.15
        },
        "MS2_7": {
          "meanserv": 2.006390453580119,
          "stddevserv": 2.006390453580119,
          "rate": 0.4984074750832481,
          "cv": 1.0,
          "lambda": 0.15
        },
        "MS2_8": {
          "meanserv": 0.07444802816333329,
          "stddevserv": 0.07444802816333329,
          "rate": 13.432189201923205,
          "cv": 1.0,
          "lambda": 0.15
        },
        "MS2_9": {
          "meanserv": 1.651719255690443,
          "stddevserv": 1.651719255690443,
          "rate": 0.6054297645043711,
          "cv": 1.0,
          "lambda": 0.15
        },
        "MS2_10": {
          "meanserv": 0.14376047975533623,
          "stddevserv": 0.14376047975533623,
          "rate": 6.956014627259764,
          "cv": 1.0,
          "lambda": 0.15
        },
        "MS2_11": {
          "meanserv": 1.195260783172218,
          "stddevserv": 1.195260783172218,
          "rate": 0.8366375054538336,
          "cv": 1.0,
          "lambda": 0.15
        },
        "MS2_12": {
          "meanserv": 0.41909841377602675,
          "stddevserv": 0.41909841377602675,
          "rate": 2.386074409087162,
          "cv": 1.0,
          "lambda": 0.15
        }
      },
      "sensors": [
        "S2"
      ],
      "sources": [
        {
          "startTime": 0,
          "stopTime": -1,
          "lambda": 0.15
        }
      ]
    },
    "SC3": {
      "resptime": 32.10159442511863,
      "resptime_old": 22.101594425118623,
      "waittime": 19.229462714732865,
      "servicetime": 10.0,
      "networktime": 2.87213171038576,
      "services": {
        "MS3_1": {
          "meanserv": 0.1633456173590797,
          "stddevserv": 0.1633456173590797,
          "rate": 6.121988555112061,
          "cv": 1.0,
          "lambda": 0.15
        },
        "MS3_2": {
          "meanserv": 0.14650654952036546,
          "stddevserv": 0.14650654952036546,
          "rate": 6.825633415528586,
          "cv": 1.0,
          "lambda": 0.15
        },
        "MS3_3": {
          "meanserv": 0.07863528458385227,
          "stddevserv": 0.07863528458385227,
          "rate": 12.716937508297002,
          "cv": 1.0,
          "lambda": 0.15
        },
        "MS3_4": {
          "meanserv": 2.0865031136509584,
          "stddevserv": 2.0865031136509584,
          "rate": 0.47927079210066564,
          "cv": 1.0,
          "lambda": 0.15
        },
        "MS3_5": {
          "meanserv": 1.1897268975622697,
          "stddevserv": 1.1897268975622697,
          "rate": 0.8405290340572976,
          "cv": 1.0,
          "lambda": 0.15
        },
        "MS3_6": {
          "meanserv": 1.3313831789326502,
          "stddevserv": 1.3313831789326502,
          "rate": 0.7510985686342266,
          "cv": 1.0,
          "lambda": 0.15
        },
        "MS3_7": {
          "meanserv": 0.7595332346935546,
          "stddevserv": 0.7595332346935546,
          "rate": 1.3165980819831609,
          "cv": 1.0,
          "lambda": 0.15
        },
        "MS3_8": {
          "meanserv": 0.8200214823882623,
          "stddevserv": 0.8200214823882623,
          "rate": 1.219480247136406,
          "cv": 1.0,
          "lambda": 0.15
        },
        "MS3_9": {
          "meanserv": 0.06532946835568598,
          "stddevserv": 0.06532946835568598,
          "rate": 15.307027979402873,
          "cv": 1.0,
          "lambda": 0.15
        },
        "MS3_10": {
          "meanserv": 1.4468775075237952,
          "stddevserv": 1.4468775075237952,
          "rate": 0.691143510628908,
          "cv": 1.0,
          "lambda": 0.15
        },
        "MS3_11": {
          "meanserv": 1.0032466168433452,
          "stddevserv": 1.0032466168433452,
          "rate": 0.9967638895672926,
          "cv": 1.0,
          "lambda": 0.15
        },
        "MS3_12": {
          "meanserv": 0.908891048586181,
          "stddevserv": 0.908891048586181,
          "rate": 1.1002418843881705,
          "cv": 1.0,
          "lambda": 0.15
        }
      },
      "sensors": [
        "S3"
      ],
      "sources": [
        {
          "startTime": 0,
          "stopTime": -1,
          "lambda": 0.15
        }
      ]
    },
    "SC4": {
      "resptime": 31.524242775549283,
      "resptime_old": 21.524242775549283,
      "waittime": 16.664290606602588,
      "servicetime": 10.0,
      "networktime": 4.859952168946695,
      "services": {
        "MS4_1": {
          "meanserv": 0.14117315909637052,
          "stddevserv": 0.14117315909637052,
          "rate": 7.0834994867357155,
          "cv": 1.0,
          "lambda": 0.15
        },
        "MS4_2": {
          "meanserv": 0.04206953875595887,
          "stddevserv": 0.04206953875595887,
          "rate": 23.770167907019346,
          "cv": 1.0,
          "lambda": 0.15
        },
        "MS4_3": {
          "meanserv": 0.9276235524708465,
          "stddevserv": 0.9276235524708465,
          "rate": 1.0780235121632793,
          "cv": 1.0,
          "lambda": 0.15
        },
        "MS4_4": {
          "meanserv": 2.720041602789939,
          "stddevserv": 2.720041602789939,
          "rate": 0.3676414356950654,
          "cv": 1.0,
          "lambda": 0.15
        },
        "MS4_5": {
          "meanserv": 0.547913607116159,
          "stddevserv": 0.547913607116159,
          "rate": 1.825105248368102,
          "cv": 1.0,
          "lambda": 0.15
        },
        "MS4_6": {
          "meanserv": 0.13708980040199403,
          "stddevserv": 0.13708980040199403,
          "rate": 7.294488700601059,
          "cv": 1.0,
          "lambda": 0.15
        },
        "MS4_7": {
          "meanserv": 0.7132662442551068,
          "stddevserv": 0.7132662442551068,
          "rate": 1.4020010172279231,
          "cv": 1.0,
          "lambda": 0.15
        },
        "MS4_8": {
          "meanserv": 2.2676696522824225,
          "stddevserv": 2.2676696522824225,
          "rate": 0.44098133914412724,
          "cv": 1.0,
          "lambda": 0.15
        },
        "MS4_9": {
          "meanserv": 0.11841075563171355,
          "stddevserv": 0.11841075563171355,
          "rate": 8.44517877337296,
          "cv": 1.0,
          "lambda": 0.15
        },
        "MS4_10": {
          "meanserv": 0.6145661607346167,
          "stddevserv": 0.6145661607346167,
          "rate": 1.627164110052298,
          "cv": 1.0,
          "lambda": 0.15
        },
        "MS4_11": {
          "meanserv": 0.6969619618910201,
          "stddevserv": 0.6969619618910201,
          "rate": 1.4347985323141124,
          "cv": 1.0,
          "lambda": 0.15
        },
        "MS4_12": {
          "meanserv": 1.0732139645738528,
          "stddevserv": 1.0732139645738528,
          "rate": 0.9317806448754846,
          "cv": 1.0,
          "lambda": 0.15
        }
      },
      "sensors": [
        "S4"
      ],
      "sources": [
        {
          "startTime": 0,
          "stopTime": -1,
          "lambda": 0.15
        }
      ]
    }
  },
  "microservice": {
    "MS1_1": "F10",
    "MS1_2": "F10",
    "MS1_3": "F10",
    "MS1_4": "F10",
    "MS1_5": "F10",
    "MS1_6": "F3",
    "MS1_7": "F3",
    "MS1_8": "F3",
    "MS1_9": "F7",
    "MS1_10": "F7",
    "MS1_11": "F8",
    "MS1_12": "F8",
    "MS2_1": "F10",
    "MS2_2": "F10",
    "MS2_3": "F5",
    "MS2_4": "F5",
    "MS2_5": "F7",
    "MS2_6": "F9",
    "MS2_7": "F6",
    "MS2_8": "F10",
    "MS2_9": "F4",
    "MS2_10": "F10",
    "MS2_11": "F5",
    "MS2_12": "F5",
    "MS3_1": "F10",
    "MS3_2": "F10",
    "MS3_3": "F10",
    "MS3_4": "F1",
    "MS3_5": "F1",
    "MS3_6": "F1",
    "MS3_7": "F9",
    "MS3_8": "F9",
    "MS3_9": "F9",
    "MS3_10": "F2",
    "MS3_11": "F2",
    "MS3_12": "F2",
    "MS4_1": "F10",
    "MS4_2": "F10",
    "MS4_3": "F5",
    "MS4_4": "F4",
    "MS4_5": "F9",
    "MS4_6": "F9",
    "MS4_7": "F9",
    "MS4_8": "F6",
    "MS4_9": "F10",
    "MS4_10": "F10",
    "MS4_11": "F2",
    "MS4_12": "F3"
  },
  "sensor": {
    "S1": "F10",
    "S2": "F10",
    "S3": "F10",
    "S4": "F10"
  },
  "fog": {
    "F1": {
      "rho": 0.6911419785218818,
      "capacity": 1.0,
      "tserv": 1.5358710633819597,
      "stddev": 1.6336414576444551,
      "mu": 0.6510963217172792,
      "cv": 1.063657944077159,
      "lambda": 0.44999999999999996,
      "twait": 3.6626180860276247
    },
    "F2": {
      "rho": 0.6083965702266512,
      "capacity": 1.0,
      "tserv": 1.0139942837110854,
      "stddev": 1.0852254133845745,
      "mu": 0.9861988534492836,
      "cv": 1.0702480584138923,
      "lambda": 0.6,
      "twait": 1.6898973074861996
    },
    "F3": {
      "rho": 0.6264670980808145,
      "capacity": 1.0,
      "tserv": 1.0441118301346908,
      "stddev": 1.1413530444269535,
      "mu": 0.957751814641349,
      "cv": 1.0931329494463429,
      "lambda": 0.6,
      "twait": 1.9218036271146899
    },
    "F4": {
      "rho": 0.6557641287720573,
      "capacity": 1.0,
      "tserv": 2.185880429240191,
      "stddev": 2.31273205745745,
      "mu": 0.45748156515020294,
      "cv": 1.0580322814186833,
      "lambda": 0.3,
      "twait": 4.412731356730535
    },
    "F5": {
      "rho": 0.6043144709979776,
      "capacity": 1.0,
      "tserv": 0.8057526279973034,
      "stddev": 0.88389090972809,
      "mu": 1.24107569153761,
      "cv": 1.0969755220345967,
      "lambda": 0.75,
      "twait": 1.3557171664507603
    },
    "F6": {
      "rho": 0.6411090158793812,
      "capacity": 1.0,
      "tserv": 2.1370300529312707,
      "stddev": 2.145001365260332,
      "mu": 0.4679391376028352,
      "cv": 1.0037300890168237,
      "lambda": 0.3,
      "twait": 3.831774289300155
    },
    "F7": {
      "rho": 0.5813967475372362,
      "capacity": 1.0,
      "tserv": 1.2919927723049696,
      "stddev": 1.4611059530656056,
      "mu": 0.7739981379431077,
      "cv": 1.1308932870103685,
      "lambda": 0.44999999999999996,
      "twait": 2.0446976442803537
    },
    "F8": {
      "rho": 0.5744504251011188,
      "capacity": 1.0,
      "tserv": 1.9148347503370626,
      "stddev": 2.086780819544692,
      "mu": 0.522238276605317,
      "cv": 1.089796818852051,
      "lambda": 0.3,
      "twait": 2.827371985446357
    },
    "F9": {
      "rho": 0.539278745408894,
      "capacity": 1.0,
      "tserv": 0.5135988051513276,
      "stddev": 0.6464956617071321,
      "mu": 1.9470450280844371,
      "cv": 1.2587561638050297,
      "lambda": 1.05,
      "twait": 0.776855186068274
    },
    "F10": {
      "rho": 0.4776808194739876,
      "capacity": 1.0,
      "tserv": 0.19903367478082823,
      "stddev": 0.287151672564502,
      "mu": 5.024275420233181,
      "cv": 1.4427290903446741,
      "lambda": 2.3999999999999995,
      "twait": 0.28045032532885616
    }
  },
  "extra": {
    "deltatime": 6.304571,
    "conv": 14,
    "obj_func": 31.571197654101702
  },
  "network": [
    [
      0.0,
      0.9110871226951778,
      1.1123965682344115,
      0.5923361747679091,
      0.8856378816953786,
      0.8647347410829682,
      0.7519456797689824,
      0.8919424142593708,
      1.1062417115134295,
      1.1062417115134295
    ],
    [
      0.9110871226951778,
      0.0,
      0.7324676577173697,
      0.9241994289727503,
      0.8049127269155147,
      0.7123259170404842,
      0.6945059862822325,
      1.1062417115134295,
      0.6596482873589009,
      0.6596482873589009
    ],
    [
      1.1123965682344115,
      0.7324676577173697,
      0.0,
      0.8234862772761022,
      0.9768963219813486,
      0.8511213503430933,
      0.8919424142593708,
      0.6596482873589009,
      0.930667249038309,
      0.930667249038309
    ],
    [
      0.5923361747679091,
      0.9241994289727503,
      0.8234862772761022,
      0.0,
      0.7765689354175032,
      0.7519456797689824,
      1.1062417115134295,
      0.930667249038309,
      0.8781215407098238,
      0.8781215407098238
    ],
    [
      0.8856378816953786,
      0.8049127269155147,
      0.9768963219813486,
      0.7765689354175032,
      0.0,
      0.6945059862822325,
      0.6596482873589009,
      0.8781215407098238,
      0.6538344333342507,
      0.6538344333342507
    ],
    [
      0.8647347410829682,
      0.7123259170404842,
      0.8511213503430933,
      0.7519456797689824,
      0.6945059862822325,
      0.0,
      0.930667249038309,
      0.6538344333342507,
      0.5796556572044234,
      0.5796556572044234
    ],
    [
      0.7519456797689824,
      0.6945059862822325,
      0.8919424142593708,
      1.1062417115134295,
      0.6596482873589009,
      0.930667249038309,
      0.0,
      0.5796556572044234,
      0.85128633444135,
      0.85128633444135
    ],
    [
      0.8919424142593708,
      1.1062417115134295,
      0.6596482873589009,
      0.930667249038309,
      0.8781215407098238,
      0.6538344333342507,
      0.5796556572044234,
      0.0,
      0.9826301460678424,
      0.9826301460678424
    ],
    [
      1.1062417115134295,
      0.6596482873589009,
      0.930667249038309,
      0.8781215407098238,
      0.6538344333342507,
      0.5796556572044234,
      0.85128633444135,
      0.9826301460678424,
      0.0,
      1.0039711563088518
    ],
    [
      1.1062417115134295,
      0.6596482873589009,
      0.930667249038309,
      0.8781215407098238,
      0.6538344333342507,
      0.5796556572044234,
      0.85128633444135,
      0.9826301460678424,
      1.0039711563088518,
      0.0
    ]
  ]
}