{
  "servicechain": {
    "SC1": {
      "resptime": 53.4059206987082,
      "resptime_old": 43.4059206987082,
      "waittime": 37.79183631450328,
      "servicetime": 10.0,
      "networktime": 5.61408438420492,
      "services": {
        "MS1_1": {
          "meanserv": 0.18071921859352802,
          "stddevserv": 0.18071921859352802,
          "rate": 5.533445793882003,
          "cv": 1.0,
          "lambda": 0.15
        },
        "MS1_2": {
          "meanserv": 5.623803431491019,
          "stddevserv": 5.623803431491019,
          "rate": 0.17781560329801102,
          "cv": 1.0,
          "lambda": 0.15
        },
        "MS1_3": {
          "meanserv": 4.195477349915453,
          "stddevserv": 4.195477349915453,
          "rate": 0.23835190053407196,
          "cv": 1.0,
          "lambda": 0.15
        }
      },
      "sensors": [
        "S1"
      ],
      "sources": [
        {
          "startTime": 0,
          "stopTime": -1,
          "lambda": 0.15
        }
      ]
    },
    "SC2": {
      "resptime": 32.008509943549264,
      "resptime_old": 22.008509943549264,
      "waittime": 17.48048293429723,
      "servicetime": 10.0,
      "networktime": 4.528027009252035,
      "services": {
        "MS2_1": {
          "meanserv": 4.889477985949097,
          "stddevserv": 4.889477985949097,
          "rate": 0.204520810375607,
          "cv": 1.0,
          "lambda": 0.15
        },
        "MS2_2": {
          "meanserv": 1.7546550479157563,
          "stddevserv": 1.7546550479157563,
          "rate": 0.5699125883391364,
          "cv": 1.0,
          "lambda": 0.15
        },
        "MS2_3": {
          "meanserv": 3.355866966135147,
          "stddevserv": 3.355866966135147,
          "rate": 0.2979855906361123,
          "cv": 1.0,
          "lambda": 0.15
        }
      },
      "sensors": [
        "S2"
      ],
      "sources": [
        {
          "startTime": 0,
          "stopTime": -1,
          "lambda": 0.15
        }
      ]
    },
    "SC3": {
      "resptime": 8305.000846450885,
      "resptime_old": 8295.000846450885,
      "waittime": 8292.141345225094,
      "servicetime": 10.0,
      "networktime": 2.8595012257898462,
      "services": {
        "MS3_1": {
          "meanserv": 7.43811281648287,
          "stddevserv": 7.43811281648287,
          "rate": 0.13444270403965888,
          "cv": 1.0,
          "lambda": 0.15
        },
        "MS3_2": {
          "meanserv": 1.3960010881106664,
          "stddevserv": 1.3960010881106664,
          "rate": 0.7163318198794456,
          "cv": 1.0,
          "lambda": 0.15
        },
        "MS3_3": {
          "meanserv": 1.1658860954064636,
          "stddevserv": 1.1658860954064636,
          "rate": 0.8577167220193748,
          "cv": 1.0,
          "lambda": 0.15
        }
      },
      "sensors": [
        "S3"
      ],
      "sources": [
        {
          "startTime": 0,
          "stopTime": -1,
          "lambda": 0.15
        }
      ]
    },
    "SC4": {
      "resptime": 45.73106933378838,
      "resptime_old": 35.73106933378838,
      "waittime": 29.141786441844324,
      "servicetime": 10.0,
      "networktime": 6.589282891944059,
      "services": {
        "MS4_1": {
          "meanserv": 1.316685285936653,
          "stddevserv": 1.316685285936653,
          "rate": 0.7594829308726027,
          "cv": 1.0,
          "lambda": 0.15
        },
        "MS4_2": {
          "meanserv": 5.498701227646086,
          "stddevserv": 5.498701227646086,
          "rate": 0.18186112658244674,
          "cv": 1.0,
          "lambda": 0.15
        },
        "MS4_3": {
          "meanserv": 3.1846134864172617,
          "stddevserv": 3.1846134864172617,
          "rate": 0.3140098490021202,
          "cv": 1.0,
          "lambda": 0.15
        }
      },
      "sensors": [
        "S4"
      ],
      "sources": [
        {
          "startTime": 0,
          "stopTime": -1,
          "lambda": 0.15
        }
      ]
    }
  },
  "microservice": {
    "MS1_1": "F5",
    "MS1_2": "F9",
    "MS1_3": "F10",
    "MS2_1": "F2",
    "MS2_2": "F4",
    "MS2_3": "F1",
    "MS3_1": "F7",
    "MS3_2": "F3",
    "MS3_3": "F3",
    "MS4_1": "F5",
    "MS4_2": "F6",
    "MS4_3": "F8"
  },
  "sensor": {
    "S1": "F5",
    "S2": "F2",
    "S3": "F7",
    "S4": "F5"
  },
  "fog": {
    "F1": {
      "rho": 0.503380044920272,
      "capacity": 1.0,
      "tserv": 3.355866966135147,
      "stddev": 3.355866966135147,
      "mu": 0.2979855906361123,
      "cv": 1.0,
      "lambda": 0.15,
      "twait": 3.4015476963433104
    },
    "F2": {
      "rho": 0.7334216978923644,
      "capacity": 1.0,
      "tserv": 4.889477985949097,
      "stddev": 4.889477985949097,
      "mu": 0.204520810375607,
      "cv": 1.0,
      "lambda": 0.15,
      "twait": 13.452142270807158
    },
    "F3": {
      "rho": 0.38428307752756957,
      "capacity": 1.0,
      "tserv": 1.2809435917585652,
      "stddev": 1.2912369806510966,
      "mu": 0.7806745015423614,
      "cv": 1.0080357862428586,
      "lambda": 0.3,
      "twait": 0.8059164783512394
    },
    "F4": {
      "rho": 0.26319825718736345,
      "capacity": 1.0,
      "tserv": 1.7546550479157563,
      "stddev": 1.7546550479157563,
      "mu": 0.5699125883391364,
      "cv": 1.0,
      "lambda": 0.15,
      "twait": 0.6267929671467605
    },
    "F5": {
      "rho": 0.2246106756795271,
      "capacity": 1.0,
      "tserv": 0.7487022522650905,
      "stddev": 1.0980730921137818,
      "mu": 1.3356444393944917,
      "cv": 1.4666352195304881,
      "lambda": 0.3,
      "twait": 0.341696652785184
    },
    "F6": {
      "rho": 0.8248051841469127,
      "capacity": 1.0,
      "tserv": 5.498701227646086,
      "stddev": 5.498701227646086,
      "mu": 0.18186112658244674,
      "cv": 1.0,
      "lambda": 0.15,
      "twait": 25.88750846623618
    },
    "F7": {
      "rho": 1.1157169224724304,
      "capacity": 1.0,
      "tserv": 7.438112816482869,
      "stddev": 7.438112816482871,
      "mu": 0.13444270403965888,
      "cv": 1.0000000000000002,
      "lambda": 0.15,
      "twait": 8290.529512268391
    },
    "F8": {
      "rho": 0.4776920229625893,
      "capacity": 1.0,
      "tserv": 3.1846134864172617,
      "stddev": 3.1846134864172617,
      "mu": 0.3140098490021202,
      "cv": 1.0,
      "lambda": 0.15,
      "twait": 2.9125813228229607
    },
    "F9": {
      "rho": 0.8435705147236527,
      "capacity": 1.0,
      "tserv": 5.623803431491019,
      "stddev": 5.623803431491018,
      "mu": 0.17781560329801102,
      "cv": 0.9999999999999999,
      "lambda": 0.15,
      "twait": 30.32724135751436
    },
    "F10": {
      "rho": 0.629321602487318,
      "capacity": 1.0,
      "tserv": 4.195477349915453,
      "stddev": 4.195477349915453,
      "mu": 0.23835190053407196,
      "cv": 1.0,
      "lambda": 0.15,
      "twait": 7.1228983042037335
    }
  },
  "extra": {
    "deltatime": 0.1603736,
    "conv": 13,
    "obj_func": 2109.0365866067323
  },
  "network": [
    [
      0.0,
      3.4070761490111816,
      3.8586319251323404,
      2.4660850278505833,
      5.7426295014288256,
      3.0621063710992273,
      3.7739630664558645,
      2.8595012257898462,
      4.4293092490370976,
      4.4293092490370976
    ],
    [
      3.4070761490111816,
      0.0,
      1.8485500632719252,
      2.0619419814014526,
      3.96405115806445,
      3.5501374872573304,
      3.369837412639143,
      4.4293092490370976,
      3.279583113375818,
      3.279583113375818
    ],
    [
      3.8586319251323404,
      1.8485500632719252,
      0.0,
      3.4006970786742152,
      2.8046527244710115,
      3.744483894565246,
      2.8595012257898462,
      3.279583113375818,
      4.01999376692019,
      4.01999376692019
    ],
    [
      2.4660850278505833,
      2.0619419814014526,
      3.4006970786742152,
      0.0,
      2.1938782468425617,
      3.7739630664558645,
      4.4293092490370976,
      4.01999376692019,
      3.855587620728766,
      3.855587620728766
    ],
    [
      5.7426295014288256,
      3.96405115806445,
      2.8046527244710115,
      2.1938782468425617,
      0.0,
      3.369837412639143,
      3.279583113375818,
      3.855587620728766,
      3.2194454793049165,
      3.2194454793049165
    ],
    [
      3.0621063710992273,
      3.5501374872573304,
      3.744483894565246,
      3.7739630664558645,
      3.369837412639143,
      0.0,
      4.01999376692019,
      3.2194454793049165,
      3.4490881681523646,
      3.4490881681523646
    ],
    [
      3.7739630664558645,
      3.369837412639143,
      2.8595012257898462,
      4.4293092490370976,
      3.279583113375818,
      4.01999376692019,
      0.0,
      3.4490881681523646,
      3.6538861058354244,
      3.6538861058354244
    ],
    [
      2.8595012257898462,
      4.4293092490370976,
      3.279583113375818,
      4.01999376692019,
      3.855587620728766,
      3.2194454793049165,
      3.4490881681523646,
      0.0,
      2.717820576037013,
      2.717820576037013
    ],
    [
      4.4293092490370976,
      3.279583113375818,
      4.01999376692019,
      3.855587620728766,
      3.2194454793049165,
      3.4490881681523646,
      3.6538861058354244,
      2.717820576037013,
      0.0,
      2.3946389049000034
    ],
    [
      4.4293092490370976,
      3.279583113375818,
      4.01999376692019,
      3.855587620728766,
      3.2194454793049165,
      3.4490881681523646,
      3.6538861058354244,
      2.717820576037013,
      2.3946389049000034,
      0.0
    ]
  ]
}