{
  "servicechain": {
    "SC1": {
      "resptime": 28.740989415860504,
      "resptime_old": 18.740989415860504,
      "waittime": 15.01822231973659,
      "servicetime": 10.0,
      "networktime": 3.7227670961239117,
      "services": {
        "MS1_1": {
          "meanserv": 1.366130349591631,
          "stddevserv": 1.366130349591631,
          "rate": 0.7319945716006704,
          "cv": 1.0,
          "lambda": 0.15
        },
        "MS1_2": {
          "meanserv": 2.8101678284924656,
          "stddevserv": 2.8101678284924656,
          "rate": 0.355850632784611,
          "cv": 1.0,
          "lambda": 0.15
        },
        "MS1_3": {
          "meanserv": 0.5176678314401837,
          "stddevserv": 0.5176678314401837,
          "rate": 1.931740663154476,
          "cv": 1.0,
          "lambda": 0.15
        },
        "MS1_4": {
          "meanserv": 0.6371791765572903,
          "stddevserv": 0.6371791765572903,
          "rate": 1.5694172640779758,
          "cv": 1.0,
          "lambda": 0.15
        },
        "MS1_5": {
          "meanserv": 0.4205675979174037,
          "stddevserv": 0.4205675979174037,
          "rate": 2.3777390482573324,
          "cv": 1.0,
          "lambda": 0.15
        },
        "MS1_6": {
          "meanserv": 0.6244296572523274,
          "stddevserv": 0.6244296572523274,
          "rate": 1.601461411042345,
          "cv": 1.0,
          "lambda": 0.15
        },
        "MS1_7": {
          "meanserv": 3.210172090839734,
          "stddevserv": 3.210172090839734,
          "rate": 0.31150977944562924,
          "cv": 1.0,
          "lambda": 0.15
        },
        "MS1_8": {
          "meanserv": 0.0031699294405953538,
          "stddevserv": 0.0031699294405953538,
          "rate": 315.46443501032223,
          "cv": 1.0,
          "lambda": 0.15
        },
        "MS1_9": {
          "meanserv": 0.3537469183699269,
          "stddevserv": 0.3537469183699269,
          "rate": 2.826879749533991,
          "cv": 1.0,
          "lambda": 0.15
        },
        "MS1_10": {
          "meanserv": 0.05676862009844186,
          "stddevserv": 0.05676862009844186,
          "rate": 17.61536564154476,
          "cv": 1.0,
          "lambda": 0.15
        }
      },
      "sensors": [
        "S1"
      ],
      "sources": [
        {
          "startTime": 0,
          "stopTime": -1,
          "lambda": 0.15
        }
      ]
    },
    "SC2": {
      "resptime": 29.149776275304717,
      "resptime_old": 19.14977627530472,
      "waittime": 15.213630796323464,
      "servicetime": 10.0,
      "networktime": 3.9361454789812536,
      "services": {
        "MS2_1": {
          "meanserv": 0.7429004701284925,
          "stddevserv": 0.7429004701284925,
          "rate": 1.3460753360770379,
          "cv": 1.0,
          "lambda": 0.15
        },
        "MS2_2": {
          "meanserv": 0.10280987114721696,
          "stddevserv": 0.10280987114721696,
          "rate": 9.726692474578302,
          "cv": 1.0,
          "lambda": 0.15
        },
        "MS2_3": {
          "meanserv": 1.0125178559588788,
          "stddevserv": 1.0125178559588788,
          "rate": 0.9876369035022853,
          "cv": 1.0,
          "lambda": 0.15
        },
        "MS2_4": {
          "meanserv": 0.7525928078280564,
          "stddevserv": 0.7525928078280564,
          "rate": 1.3287397774713632,
          "cv": 1.0,
          "lambda": 0.15
        },
        "MS2_5": {
          "meanserv": 0.008721874963493192,
          "stddevserv": 0.008721874963493192,
          "rate": 114.65424626994316,
          "cv": 1.0,
          "lambda": 0.15
        },
        "MS2_6": {
          "meanserv": 1.1693930114564188,
          "stddevserv": 1.1693930114564188,
          "rate": 0.8551444982166871,
          "cv": 1.0,
          "lambda": 0.15
        },
        "MS2_7": {
          "meanserv": 1.3450798094155845,
          "stddevserv": 1.3450798094155845,
          "rate": 0.7434503090448469,
          "cv": 1.0,
          "lambda": 0.15
        },
        "MS2_8": {
          "meanserv": 0.6771508795247012,
          "stddevserv": 0.6771508795247012,
          "rate": 1.4767757529930547,
          "cv": 1.0,
          "lambda": 0.15
        },
        "MS2_9": {
          "meanserv": 1.422458903077425,
          "stddevserv": 1.422458903077425,
          "rate": 0.7030080080602298,
          "cv": 1.0,
          "lambda": 0.15
        },
        "MS2_10": {
          "meanserv": 2.7663745164997326,
          "stddevserv": 2.7663745164997326,
          "rate": 0.3614839545533735,
          "cv": 1.0,
          "lambda": 0.15
        }
      },
      "sensors": [
        "S2"
      ],
      "sources": [
        {
          "startTime": 0,
          "stopTime": -1,
          "lambda": 0.15
        }
      ]
    },
    "SC3": {
      "resptime": 36.302812105158445,
      "resptime_old": 26.302812105158445,
      "waittime": 21.220766671505366,
      "servicetime": 10.0,
      "networktime": 5.082045433653081,
      "services": {
        "MS3_1": {
          "meanserv": 0.36619090969669865,
          "stddevserv": 0.36619090969669865,
          "rate": 2.730816012959634,
          "cv": 1.0,
          "lambda": 0.15
        },
        "MS3_2": {
          "meanserv": 1.9008968222056544,
          "stddevserv": 1.9008968222056544,
          "rate": 0.5260674794751232,
          "cv": 1.0,
          "lambda": 0.15
        },
        "MS3_3": {
          "meanserv": 0.4105281195913135,
          "stddevserv": 0.4105281195913135,
          "rate": 2.435886732912508,
          "cv": 1.0,
          "lambda": 0.15
        },
        "MS3_4": {
          "meanserv": 0.9082900390825341,
          "stddevserv": 0.9082900390825341,
          "rate": 1.1009699071566417,
          "cv": 1.0,
          "lambda": 0.15
        },
        "MS3_5": {
          "meanserv": 0.7926964291974032,
          "stddevserv": 0.7926964291974032,
          "rate": 1.2615169731652374,
          "cv": 1.0,
          "lambda": 0.15
        },
        "MS3_6": {
          "meanserv": 0.3542668841102792,
          "stddevserv": 0.3542668841102792,
          "rate": 2.822730672417893,
          "cv": 1.0,
          "lambda": 0.15
        },
        "MS3_7": {
          "meanserv": 4.205840905893304,
          "stddevserv": 4.205840905893304,
          "rate": 0.2377645808234879,
          "cv": 1.0,
          "lambda": 0.15
        },
        "MS3_8": {
          "meanserv": 0.4707021035186649,
          "stddevserv": 0.4707021035186649,
          "rate": 2.124485938186054,
          "cv": 1.0,
          "lambda": 0.15
        },
        "MS3_9": {
          "meanserv": 0.3113857530483699,
          "stddevserv": 0.3113857530483699,
          "rate": 3.211450717350779,
          "cv": 1.0,
          "lambda": 0.15
        },
        "MS3_10": {
          "meanserv": 0.27920203365577834,
          "stddevserv": 0.27920203365577834,
          "rate": 3.5816358029572113,
          "cv": 1.0,
          "lambda": 0.15
        }
      },
      "sensors": [
        "S3"
      ],
      "sources": [
        {
          "startTime": 0,
          "stopTime": -1,
          "lambda": 0.15
        }
      ]
    },
    "SC4": {
      "resptime": 36.91458334359024,
      "resptime_old": 26.91458334359024,
      "waittime": 24.175473302794106,
      "servicetime": 10.0,
      "networktime": 2.739110040796135,
      "services": {
        "MS4_1": {
          "meanserv": 1.1479382861687681,
          "stddevserv": 1.1479382861687681,
          "rate": 0.8711269691487418,
          "cv": 1.0,
          "lambda": 0.15
        },
        "MS4_2": {
          "meanserv": 1.93350954368807,
          "stddevserv": 1.93350954368807,
          "rate": 0.5171942405272805,
          "cv": 1.0,
          "lambda": 0.15
        },
        "MS4_3": {
          "meanserv": 1.0061898583697033,
          "stddevserv": 1.0061898583697033,
          "rate": 0.9938482202755129,
          "cv": 1.0,
          "lambda": 0.15
        },
        "MS4_4": {
          "meanserv": 2.166030098074092,
          "stddevserv": 2.166030098074092,
          "rate": 0.4616741017999435,
          "cv": 1.0,
          "lambda": 0.15
        },
        "MS4_5": {
          "meanserv": 1.120353630431433,
          "stddevserv": 1.120353630431433,
          "rate": 0.8925753198255033,
          "cv": 1.0,
          "lambda": 0.15
        },
        "MS4_6": {
          "meanserv": 1.3501315619267942,
          "stddevserv": 1.3501315619267942,
          "rate": 0.7406685601608217,
          "cv": 1.0,
          "lambda": 0.15
        },
        "MS4_7": {
          "meanserv": 0.4202086152926885,
          "stddevserv": 0.4202086152926885,
          "rate": 2.379770341699131,
          "cv": 1.0,
          "lambda": 0.15
        },
        "MS4_8": {
          "meanserv": 0.11083555380882082,
          "stddevserv": 0.11083555380882082,
          "rate": 9.022375633408124,
          "cv": 1.0,
          "lambda": 0.15
        },
        "MS4_9": {
          "meanserv": 0.5362282776246161,
          "stddevserv": 0.5362282776246161,
          "rate": 1.8648774071181022,
          "cv": 1.0,
          "lambda": 0.15
        },
        "MS4_10": {
          "meanserv": 0.20857457461501383,
          "stddevserv": 0.20857457461501383,
          "rate": 4.794448229587888,
          "cv": 1.0,
          "lambda": 0.15
        }
      },
      "sensors": [
        "S4"
      ],
      "sources": [
        {
          "startTime": 0,
          "stopTime": -1,
          "lambda": 0.15
        }
      ]
    }
  },
  "microservice": {
    "MS1_1": "F6",
    "MS1_2": "F2",
    "MS1_3": "F8",
    "MS1_4": "F8",
    "MS1_5": "F8",
    "MS1_6": "F8",
    "MS1_7": "F10",
    "MS1_8": "F4",
    "MS1_9": "F4",
    "MS1_10": "F4",
    "MS2_1": "F4",
    "MS2_2": "F4",
    "MS2_3": "F4",
    "MS2_4": "F4",
    "MS2_5": "F4",
    "MS2_6": "F6",
    "MS2_7": "F9",
    "MS2_8": "F9",
    "MS2_9": "F1",
    "MS2_10": "F3",
    "MS3_1": "F8",
    "MS3_2": "F2",
    "MS3_3": "F8",
    "MS3_4": "F9",
    "MS3_5": "F9",
    "MS3_6": "F9",
    "MS3_7": "F5",
    "MS3_8": "F8",
    "MS3_9": "F8",
    "MS3_10": "F8",
    "MS4_1": "F7",
    "MS4_2": "F7",
    "MS4_3": "F7",
    "MS4_4": "F1",
    "MS4_5": "F1",
    "MS4_6": "F3",
    "MS4_7": "F6",
    "MS4_8": "F6",
    "MS4_9": "F6",
    "MS4_10": "F6"
  },
  "sensor": {
    "S1": "F6",
    "S2": "F4",
    "S3": "F8",
    "S4": "F7"
  },
  "fog": {
    "F1": {
      "rho": 0.7063263947374425,
      "capacity": 1.0,
      "tserv": 1.5696142105276503,
      "stddev": 1.6881419409304177,
      "mu": 0.6370992268627808,
      "cv": 1.0755139254014032,
      "lambda": 0.44999999999999996,
      "twait": 4.070982800855836
    },
    "F2": {
      "rho": 0.7066596976047179,
      "capacity": 1.0,
      "tserv": 2.35553232534906,
      "stddev": 2.4417042034614402,
      "mu": 0.4245324885753002,
      "cv": 1.0365827618602563,
      "lambda": 0.3,
      "twait": 5.885886728985016
    },
    "F3": {
      "rho": 0.617475911763979,
      "capacity": 1.0,
      "tserv": 2.0582530392132634,
      "stddev": 2.2889468378753093,
      "mu": 0.48584891213484377,
      "cv": 1.1120823311162096,
      "lambda": 0.3,
      "twait": 3.715720195718795
    },
    "F4": {
      "rho": 0.4549842521902653,
      "capacity": 1.0,
      "tserv": 0.37915354349188773,
      "stddev": 0.6533520033302002,
      "mu": 2.637453921148427,
      "cv": 1.7231858030734166,
      "lambda": 1.2,
      "twait": 0.6281942333863497
    },
    "F5": {
      "rho": 0.6308761358839956,
      "capacity": 1.0,
      "tserv": 4.205840905893304,
      "stddev": 4.205840905893304,
      "mu": 0.2377645808234879,
      "cv": 1.0,
      "lambda": 0.15,
      "twait": 7.188277206642319
    },
    "F6": {
      "rho": 0.5717055573583784,
      "capacity": 1.0,
      "tserv": 0.6352283970648648,
      "stddev": 0.9207154314734591,
      "mu": 1.574236927411618,
      "cv": 1.4494242318632404,
      "lambda": 0.9,
      "twait": 1.3146432779121295
    },
    "F7": {
      "rho": 0.6131456532339812,
      "capacity": 1.0,
      "tserv": 1.362545896075514,
      "stddev": 1.4796041175716887,
      "mu": 0.7339202318837551,
      "cv": 1.0859113970643726,
      "lambda": 0.44999999999999996,
      "twait": 2.3530714645717077
    },
    "F8": {
      "rho": 0.6056779774017045,
      "capacity": 1.0,
      "tserv": 0.44865035363089223,
      "stddev": 0.4793697508736552,
      "mu": 2.228907192220129,
      "cv": 1.0684706854550616,
      "lambda": 1.3499999999999999,
      "twait": 0.7379265407041188
    },
    "F9": {
      "rho": 0.6116226061995752,
      "capacity": 1.0,
      "tserv": 0.8154968082661004,
      "stddev": 0.9346761676097493,
      "mu": 1.2262463689173575,
      "cv": 1.1461432566450465,
      "lambda": 0.75,
      "twait": 1.485656677452478
    },
    "F10": {
      "rho": 0.4815258136259601,
      "capacity": 1.0,
      "tserv": 3.210172090839734,
      "stddev": 3.210172090839734,
      "mu": 0.31150977944562924,
      "cv": 1.0,
      "lambda": 0.15,
      "twait": 2.981403449863922
    }
  },
  "extra": {
    "conv_gen": 295,
    "max_gen": 600,
    "population": 600,
    "deltatime": 62.3739951,
    "obj_func": 32.777040284978476
  },
  "network": [
    [
      0.0,
      1.1008899887447656,
      0.8986672469126963,
      0.6038105902362543,
      0.8587240059481404,
      0.9509385705317523,
      0.8282354594419101,
      0.9254752966675316,
      1.0260031668649068,
      1.0260031668649068
    ],
    [
      1.1008899887447656,
      0.0,
      0.8464958668386845,
      1.2369760347517256,
      0.9392104423953656,
      0.7474887669215443,
      0.9933316709610462,
      1.0260031668649068,
      1.0441070664381635,
      1.0441070664381635
    ],
    [
      0.8986672469126963,
      0.8464958668386845,
      0.0,
      1.2798628966501893,
      0.9322699292934081,
      1.0122073344415288,
      0.9254752966675316,
      1.0441070664381635,
      0.8623799852011511,
      0.8623799852011511
    ],
    [
      0.6038105902362543,
      1.2369760347517256,
      1.2798628966501893,
      0.0,
      1.1763667393396433,
      0.8282354594419101,
      1.0260031668649068,
      0.8623799852011511,
      1.0137554548665308,
      1.0137554548665308
    ],
    [
      0.8587240059481404,
      0.9392104423953656,
      0.9322699292934081,
      1.1763667393396433,
      0.0,
      0.9933316709610462,
      1.0441070664381635,
      1.0137554548665308,
      1.0807639375858078,
      1.0807639375858078
    ],
    [
      0.9509385705317523,
      0.7474887669215443,
      1.0122073344415288,
      0.8282354594419101,
      0.9933316709610462,
      0.0,
      0.8623799852011511,
      1.0807639375858078,
      1.1832396057617407,
      1.1832396057617407
    ],
    [
      0.8282354594419101,
      0.9933316709610462,
      0.9254752966675316,
      1.0260031668649068,
      1.0441070664381635,
      0.8623799852011511,
      0.0,
      1.1832396057617407,
      1.342262684306744,
      1.342262684306744
    ],
    [
      0.9254752966675316,
      1.0260031668649068,
      1.0441070664381635,
      0.8623799852011511,
      1.0137554548665308,
      1.0807639375858078,
      1.1832396057617407,
      0.0,
      0.9355197074709295,
      0.9355197074709295
    ],
    [
      1.0260031668649068,
      1.0441070664381635,
      0.8623799852011511,
      1.0137554548665308,
      1.0807639375858078,
      1.1832396057617407,
      1.342262684306744,
      0.9355197074709295,
      0.0,
      1.4313223653135072
    ],
    [
      1.0260031668649068,
      1.0441070664381635,
      0.8623799852011511,
      1.0137554548665308,
      1.0807639375858078,
      1.1832396057617407,
      1.342262684306744,
      0.9355197074709295,
      1.4313223653135072,
      0.0
    ]
  ]
}