{
  "servicechain": {
    "SC1": {
      "resptime": 49.20047154321612,
      "resptime_old": 39.20047154321612,
      "waittime": 32.06812129702212,
      "servicetime": 10.0,
      "networktime": 7.132350246194003,
      "services": {
        "MS1_1": {
          "meanserv": 2.076162967663371,
          "stddevserv": 2.076162967663371,
          "rate": 0.4816577578808544,
          "cv": 1.0,
          "lambda": 0.225
        },
        "MS1_2": {
          "meanserv": 1.691135839018283,
          "stddevserv": 1.691135839018283,
          "rate": 0.5913185546233279,
          "cv": 1.0,
          "lambda": 0.225
        },
        "MS1_3": {
          "meanserv": 3.065083610390776,
          "stddevserv": 3.065083610390776,
          "rate": 0.3262553741144135,
          "cv": 1.0,
          "lambda": 0.225
        },
        "MS1_4": {
          "meanserv": 0.8306525603191579,
          "stddevserv": 0.8306525603191579,
          "rate": 1.2038727715662183,
          "cv": 1.0,
          "lambda": 0.225
        },
        "MS1_5": {
          "meanserv": 2.336965022608412,
          "stddevserv": 2.336965022608412,
          "rate": 0.42790542020344247,
          "cv": 1.0,
          "lambda": 0.225
        }
      },
      "sensors": [
        "S1"
      ],
      "sources": [
        {
          "startTime": 0,
          "stopTime": -1,
          "lambda": 0.225
        }
      ]
    },
    "SC2": {
      "resptime": 12211.217946553708,
      "resptime_old": 12201.217946553708,
      "waittime": 12191.918911119978,
      "servicetime": 10.0,
      "networktime": 9.29903543373058,
      "services": {
        "MS2_1": {
          "meanserv": 0.10019294839082704,
          "stddevserv": 0.10019294839082704,
          "rate": 9.98074231830424,
          "cv": 1.0,
          "lambda": 0.225
        },
        "MS2_2": {
          "meanserv": 0.886781500855347,
          "stddevserv": 0.886781500855347,
          "rate": 1.127673501347793,
          "cv": 1.0,
          "lambda": 0.225
        },
        "MS2_3": {
          "meanserv": 1.9966899331579069,
          "stddevserv": 1.9966899331579069,
          "rate": 0.5008288885487738,
          "cv": 1.0,
          "lambda": 0.225
        },
        "MS2_4": {
          "meanserv": 1.0879616867577404,
          "stddevserv": 1.0879616867577404,
          "rate": 0.9191500143540192,
          "cv": 1.0,
          "lambda": 0.225
        },
        "MS2_5": {
          "meanserv": 5.928373930838179,
          "stddevserv": 5.928373930838179,
          "rate": 0.1686803180207993,
          "cv": 1.0,
          "lambda": 0.225
        }
      },
      "sensors": [
        "S2"
      ],
      "sources": [
        {
          "startTime": 0,
          "stopTime": -1,
          "lambda": 0.225
        }
      ]
    },
    "SC3": {
      "resptime": 12206.764582816391,
      "resptime_old": 12196.764582816391,
      "waittime": 12192.951454422464,
      "servicetime": 10.0,
      "networktime": 3.8131283939267147,
      "services": {
        "MS3_1": {
          "meanserv": 2.763805854940702,
          "stddevserv": 2.763805854940702,
          "rate": 0.3618199151768767,
          "cv": 1.0,
          "lambda": 0.225
        },
        "MS3_2": {
          "meanserv": 0.2629797869560271,
          "stddevserv": 0.2629797869560271,
          "rate": 3.802573618204392,
          "cv": 1.0,
          "lambda": 0.225
        },
        "MS3_3": {
          "meanserv": 4.4772063644995885,
          "stddevserv": 4.4772063644995885,
          "rate": 0.22335356438540413,
          "cv": 1.0,
          "lambda": 0.225
        },
        "MS3_4": {
          "meanserv": 2.493798437301206,
          "stddevserv": 2.493798437301206,
          "rate": 0.40099471755311633,
          "cv": 1.0,
          "lambda": 0.225
        },
        "MS3_5": {
          "meanserv": 0.0022095563024766562,
          "stddevserv": 0.0022095563024766562,
          "rate": 452.57955132399934,
          "cv": 1.0,
          "lambda": 0.225
        }
      },
      "sensors": [
        "S3"
      ],
      "sources": [
        {
          "startTime": 0,
          "stopTime": -1,
          "lambda": 0.225
        }
      ]
    },
    "SC4": {
      "resptime": 49.67510947314696,
      "resptime_old": 39.675109473146954,
      "waittime": 31.622463256902346,
      "servicetime": 10.0,
      "networktime": 8.05264621624461,
      "services": {
        "MS4_1": {
          "meanserv": 1.157175990850171,
          "stddevserv": 1.157175990850171,
          "rate": 0.8641727860818347,
          "cv": 1.0,
          "lambda": 0.225
        },
        "MS4_2": {
          "meanserv": 1.2816684360560269,
          "stddevserv": 1.2816684360560269,
          "rate": 0.7802329930798779,
          "cv": 1.0,
          "lambda": 0.225
        },
        "MS4_3": {
          "meanserv": 3.1850842884658954,
          "stddevserv": 3.1850842884658954,
          "rate": 0.3139634337531622,
          "cv": 1.0,
          "lambda": 0.225
        },
        "MS4_4": {
          "meanserv": 1.7350003600341575,
          "stddevserv": 1.7350003600341575,
          "rate": 0.57636875647698,
          "cv": 1.0,
          "lambda": 0.225
        },
        "MS4_5": {
          "meanserv": 2.641070924593749,
          "stddevserv": 2.641070924593749,
          "rate": 0.37863428455781456,
          "cv": 1.0,
          "lambda": 0.225
        }
      },
      "sensors": [
        "S4"
      ],
      "sources": [
        {
          "startTime": 0,
          "stopTime": -1,
          "lambda": 0.225
        }
      ]
    }
  },
  "microservice": {
    "MS1_1": "F8",
    "MS1_2": "F10",
    "MS1_3": "F3",
    "MS1_4": "F5",
    "MS1_5": "F7",
    "MS2_1": "F8",
    "MS2_2": "F6",
    "MS2_3": "F9",
    "MS2_4": "F7",
    "MS2_5": "F1",
    "MS3_1": "F4",
    "MS3_2": "F4",
    "MS3_3": "F1",
    "MS3_4": "F6",
    "MS3_5": "F6",
    "MS4_1": "F8",
    "MS4_2": "F9",
    "MS4_3": "F2",
    "MS4_4": "F10",
    "MS4_5": "F5"
  },
  "sensor": {
    "S1": "F8",
    "S2": "F8",
    "S3": "F4",
    "S4": "F8"
  },
  "fog": {
    "F1": {
      "rho": 2.3412555664509975,
      "capacity": 1.0,
      "tserv": 5.202790147668884,
      "stddev": 5.303015083278279,
      "mu": 0.19220456170965328,
      "cv": 1.019263689821182,
      "lambda": 0.45,
      "twait": 12168.880332911864
    },
    "F2": {
      "rho": 0.7166439649048265,
      "capacity": 1.0,
      "tserv": 3.1850842884658954,
      "stddev": 3.1850842884658954,
      "mu": 0.3139634337531622,
      "cv": 1.0,
      "lambda": 0.225,
      "twait": 8.05548903264262
    },
    "F3": {
      "rho": 0.6896438123379246,
      "capacity": 1.0,
      "tserv": 3.0650836103907757,
      "stddev": 3.065083610390776,
      "mu": 0.3262553741144136,
      "cv": 1.0000000000000002,
      "lambda": 0.225,
      "twait": 6.810935403375839
    },
    "F4": {
      "rho": 0.6810267694267641,
      "capacity": 1.0,
      "tserv": 1.5133928209483645,
      "stddev": 2.3275358948153504,
      "mu": 0.660766977454903,
      "cv": 1.5379588581349322,
      "lambda": 0.45,
      "twait": 5.436979023655106
    },
    "F5": {
      "rho": 0.7811377841054041,
      "capacity": 1.0,
      "tserv": 1.7358617424564535,
      "stddev": 2.1568549593737867,
      "mu": 0.576082746420161,
      "cv": 1.242526928625996,
      "lambda": 0.45,
      "twait": 7.880203700340576
    },
    "F6": {
      "rho": 0.7611276362532818,
      "capacity": 1.0,
      "tserv": 1.12759649815301,
      "stddev": 1.8435845816079526,
      "mu": 0.8868420588729997,
      "cv": 1.6349683460597144,
      "lambda": 0.675,
      "twait": 6.5985817316450115
    },
    "F7": {
      "rho": 0.7706085096073844,
      "capacity": 1.0,
      "tserv": 1.7124633546830763,
      "stddev": 1.9267940750416137,
      "mu": 0.5839541017127744,
      "cv": 1.1251593032764216,
      "lambda": 0.45,
      "twait": 6.517852431706438
    },
    "F8": {
      "rho": 0.750044679053483,
      "capacity": 1.0,
      "tserv": 1.1111773023014564,
      "stddev": 1.5932095642191755,
      "mu": 0.8999463883295786,
      "cv": 1.4338031931711888,
      "lambda": 0.675,
      "twait": 5.094503282442189
    },
    "F9": {
      "rho": 0.737630633073135,
      "capacity": 1.0,
      "tserv": 1.6391791846069668,
      "stddev": 1.71538225183417,
      "mu": 0.6100614315937488,
      "cv": 1.0464885522844622,
      "lambda": 0.45,
      "twait": 4.827640762319885
    },
    "F10": {
      "rho": 0.7708806447867991,
      "capacity": 1.0,
      "tserv": 1.7130680995262202,
      "stddev": 1.7133488733227544,
      "mu": 0.5837479550734544,
      "cv": 1.000163901129565,
      "lambda": 0.45,
      "twait": 5.764626479157075
    }
  },
  "extra": {
    "deltatime": 0.014168,
    "obj_func": 6129.214527596616
  },
  "network": [
    [
      0.0,
      1.5615272673024083,
      1.9660238278870066,
      2.3648847627954486,
      2.046751254886819,
      1.448243631131266,
      2.7613736843053207,
      2.10734649152924,
      2.1924063295595375,
      2.1924063295595375
    ],
    [
      1.5615272673024083,
      0.0,
      2.549373056530932,
      2.2838025239788524,
      1.733584657982503,
      1.5070858250254335,
      2.2828587724513456,
      2.1924063295595375,
      2.0680132565385634,
      2.0680132565385634
    ],
    [
      1.9660238278870066,
      2.549373056530932,
      0.0,
      2.2240357440091785,
      1.6774411753800826,
      1.5432588198326807,
      2.10734649152924,
      2.0680132565385634,
      1.7726871869677434,
      1.7726871869677434
    ],
    [
      2.3648847627954486,
      2.2838025239788524,
      2.2240357440091785,
      0.0,
      1.8914019125278556,
      2.7613736843053207,
      2.1924063295595375,
      1.7726871869677434,
      1.4491131947279023,
      1.4491131947279023
    ],
    [
      2.046751254886819,
      1.733584657982503,
      1.6774411753800826,
      1.8914019125278556,
      0.0,
      2.2828587724513456,
      2.0680132565385634,
      1.4491131947279023,
      2.302411075859871,
      2.302411075859871
    ],
    [
      1.448243631131266,
      1.5070858250254335,
      1.5432588198326807,
      2.7613736843053207,
      2.2828587724513456,
      0.0,
      1.7726871869677434,
      2.302411075859871,
      2.1923266339966254,
      2.1923266339966254
    ],
    [
      2.7613736843053207,
      2.2828587724513456,
      2.10734649152924,
      2.1924063295595375,
      2.0680132565385634,
      1.7726871869677434,
      0.0,
      2.1923266339966254,
      2.042924039568764,
      2.042924039568764
    ],
    [
      2.10734649152924,
      2.1924063295595375,
      2.0680132565385634,
      1.7726871869677434,
      1.4491131947279023,
      2.302411075859871,
      2.1923266339966254,
      0.0,
      1.6142086273076135,
      1.6142086273076135
    ],
    [
      2.1924063295595375,
      2.0680132565385634,
      1.7726871869677434,
      1.4491131947279023,
      2.302411075859871,
      2.1923266339966254,
      2.042924039568764,
      1.6142086273076135,
      0.0,
      1.6343747581951122
    ],
    [
      2.1924063295595375,
      2.0680132565385634,
      1.7726871869677434,
      1.4491131947279023,
      2.302411075859871,
      2.1923266339966254,
      2.042924039568764,
      1.6142086273076135,
      1.6343747581951122,
      0.0
    ]
  ]
}