{
  "servicechain": {
    "SC1": {
      "resptime": 33.881226804646104,
      "resptime_old": 23.8812268046461,
      "waittime": 19.724799054886173,
      "servicetime": 10.0,
      "networktime": 4.156427749759929,
      "services": {
        "MS1_1": {
          "meanserv": 0.035289041779071884,
          "stddevserv": 0.035289041779071884,
          "rate": 28.33740871346211,
          "cv": 1.0,
          "lambda": 0.15
        },
        "MS1_2": {
          "meanserv": 0.4909745334417681,
          "stddevserv": 0.4909745334417681,
          "rate": 2.036765518141899,
          "cv": 1.0,
          "lambda": 0.15
        },
        "MS1_3": {
          "meanserv": 1.0295042474817662,
          "stddevserv": 1.0295042474817662,
          "rate": 0.9713413057265811,
          "cv": 1.0,
          "lambda": 0.15
        },
        "MS1_4": {
          "meanserv": 0.7685821405139801,
          "stddevserv": 0.7685821405139801,
          "rate": 1.3010971076315434,
          "cv": 1.0,
          "lambda": 0.15
        },
        "MS1_5": {
          "meanserv": 0.3286277519060814,
          "stddevserv": 0.3286277519060814,
          "rate": 3.042956640758052,
          "cv": 1.0,
          "lambda": 0.15
        },
        "MS1_6": {
          "meanserv": 0.4316312332438952,
          "stddevserv": 0.4316312332438952,
          "rate": 2.316792490859774,
          "cv": 1.0,
          "lambda": 0.15
        },
        "MS1_7": {
          "meanserv": 2.6420875132106327,
          "stddevserv": 2.6420875132106327,
          "rate": 0.37848859850399585,
          "cv": 1.0,
          "lambda": 0.15
        },
        "MS1_8": {
          "meanserv": 1.2363504156185803,
          "stddevserv": 1.2363504156185803,
          "rate": 0.8088321784561963,
          "cv": 1.0,
          "lambda": 0.15
        },
        "MS1_9": {
          "meanserv": 0.37546014680822104,
          "stddevserv": 0.37546014680822104,
          "rate": 2.6633985217898073,
          "cv": 1.0,
          "lambda": 0.15
        },
        "MS1_10": {
          "meanserv": 2.661492975996003,
          "stddevserv": 2.661492975996003,
          "rate": 0.3757289645394509,
          "cv": 1.0,
          "lambda": 0.15
        }
      },
      "sensors": [
        "S1"
      ],
      "sources": [
        {
          "startTime": 0,
          "stopTime": -1,
          "lambda": 0.15
        }
      ]
    },
    "SC2": {
      "resptime": 36.85554348891245,
      "resptime_old": 26.855543488912453,
      "waittime": 21.940149077807554,
      "servicetime": 10.0,
      "networktime": 4.915394411104896,
      "services": {
        "MS2_1": {
          "meanserv": 0.0817049819873128,
          "stddevserv": 0.0817049819873128,
          "rate": 12.239155748853609,
          "cv": 1.0,
          "lambda": 0.15
        },
        "MS2_2": {
          "meanserv": 0.17743095060197556,
          "stddevserv": 0.17743095060197556,
          "rate": 5.635995279331304,
          "cv": 1.0,
          "lambda": 0.15
        },
        "MS2_3": {
          "meanserv": 1.65797794953641,
          "stddevserv": 1.65797794953641,
          "rate": 0.6031443302847374,
          "cv": 1.0,
          "lambda": 0.15
        },
        "MS2_4": {
          "meanserv": 0.48126661732789877,
          "stddevserv": 0.48126661732789877,
          "rate": 2.0778503307630736,
          "cv": 1.0,
          "lambda": 0.15
        },
        "MS2_5": {
          "meanserv": 0.3343818077347174,
          "stddevserv": 0.3343818077347174,
          "rate": 2.9905933183821785,
          "cv": 1.0,
          "lambda": 0.15
        },
        "MS2_6": {
          "meanserv": 0.9795538717852561,
          "stddevserv": 0.9795538717852561,
          "rate": 1.020872898166877,
          "cv": 1.0,
          "lambda": 0.15
        },
        "MS2_7": {
          "meanserv": 1.2686190114570568,
          "stddevserv": 1.2686190114570568,
          "rate": 0.7882587214671033,
          "cv": 1.0,
          "lambda": 0.15
        },
        "MS2_8": {
          "meanserv": 3.353696190061936,
          "stddevserv": 3.353696190061936,
          "rate": 0.2981784703585604,
          "cv": 1.0,
          "lambda": 0.15
        },
        "MS2_9": {
          "meanserv": 0.03283552850817273,
          "stddevserv": 0.03283552850817273,
          "rate": 30.45481664018598,
          "cv": 1.0,
          "lambda": 0.15
        },
        "MS2_10": {
          "meanserv": 1.6325330909992637,
          "stddevserv": 1.6325330909992637,
          "rate": 0.6125450108872869,
          "cv": 1.0,
          "lambda": 0.15
        }
      },
      "sensors": [
        "S2"
      ],
      "sources": [
        {
          "startTime": 0,
          "stopTime": -1,
          "lambda": 0.15
        }
      ]
    },
    "SC3": {
      "resptime": 30.68502848345272,
      "resptime_old": 20.685028483452715,
      "waittime": 16.926181903925492,
      "servicetime": 10.0,
      "networktime": 3.7588465795272246,
      "services": {
        "MS3_1": {
          "meanserv": 1.6557544376811317,
          "stddevserv": 1.6557544376811317,
          "rate": 0.6039542925220786,
          "cv": 1.0,
          "lambda": 0.15
        },
        "MS3_2": {
          "meanserv": 0.17853725194352688,
          "stddevserv": 0.17853725194352688,
          "rate": 5.601071984217109,
          "cv": 1.0,
          "lambda": 0.15
        },
        "MS3_3": {
          "meanserv": 0.9680820705912043,
          "stddevserv": 0.9680820705912043,
          "rate": 1.0329702722304355,
          "cv": 1.0,
          "lambda": 0.15
        },
        "MS3_4": {
          "meanserv": 2.672528480401393,
          "stddevserv": 2.672528480401393,
          "rate": 0.3741774904676817,
          "cv": 1.0,
          "lambda": 0.15
        },
        "MS3_5": {
          "meanserv": 1.7718193890027152,
          "stddevserv": 1.7718193890027152,
          "rate": 0.5643916113610536,
          "cv": 1.0,
          "lambda": 0.15
        },
        "MS3_6": {
          "meanserv": 0.22690205941051733,
          "stddevserv": 0.22690205941051733,
          "rate": 4.407187852758855,
          "cv": 1.0,
          "lambda": 0.15
        },
        "MS3_7": {
          "meanserv": 0.2297756050550568,
          "stddevserv": 0.2297756050550568,
          "rate": 4.352072099909774,
          "cv": 1.0,
          "lambda": 0.15
        },
        "MS3_8": {
          "meanserv": 0.31884803378289295,
          "stddevserv": 0.31884803378289295,
          "rate": 3.1362903140274994,
          "cv": 1.0,
          "lambda": 0.15
        },
        "MS3_9": {
          "meanserv": 0.2848086906245513,
          "stddevserv": 0.2848086906245513,
          "rate": 3.5111288135454015,
          "cv": 1.0,
          "lambda": 0.15
        },
        "MS3_10": {
          "meanserv": 1.6929439815070104,
          "stddevserv": 1.6929439815070104,
          "rate": 0.5906869990522832,
          "cv": 1.0,
          "lambda": 0.15
        }
      },
      "sensors": [
        "S3"
      ],
      "sources": [
        {
          "startTime": 0,
          "stopTime": -1,
          "lambda": 0.15
        }
      ]
    },
    "SC4": {
      "resptime": 33.213525298829545,
      "resptime_old": 23.213525298829545,
      "waittime": 18.38366054592281,
      "servicetime": 10.0,
      "networktime": 4.829864752906732,
      "services": {
        "MS4_1": {
          "meanserv": 0.367662474959054,
          "stddevserv": 0.367662474959054,
          "rate": 2.719885950045265,
          "cv": 1.0,
          "lambda": 0.15
        },
        "MS4_2": {
          "meanserv": 0.021944398270284937,
          "stddevserv": 0.021944398270284937,
          "rate": 45.5697161381776,
          "cv": 1.0,
          "lambda": 0.15
        },
        "MS4_3": {
          "meanserv": 3.398741141507011,
          "stddevserv": 3.398741141507011,
          "rate": 0.2942265851869488,
          "cv": 1.0,
          "lambda": 0.15
        },
        "MS4_4": {
          "meanserv": 0.033887254128806,
          "stddevserv": 0.033887254128806,
          "rate": 29.509620230632553,
          "cv": 1.0,
          "lambda": 0.15
        },
        "MS4_5": {
          "meanserv": 0.18261539348755207,
          "stddevserv": 0.18261539348755207,
          "rate": 5.4759896244352735,
          "cv": 1.0,
          "lambda": 0.15
        },
        "MS4_6": {
          "meanserv": 4.350299782405856,
          "stddevserv": 4.350299782405856,
          "rate": 0.22986921592032625,
          "cv": 1.0,
          "lambda": 0.15
        },
        "MS4_7": {
          "meanserv": 0.3061041243092273,
          "stddevserv": 0.3061041243092273,
          "rate": 3.2668622229663167,
          "cv": 1.0,
          "lambda": 0.15
        },
        "MS4_8": {
          "meanserv": 0.6422348724581095,
          "stddevserv": 0.6422348724581095,
          "rate": 1.5570627552075602,
          "cv": 1.0,
          "lambda": 0.15
        },
        "MS4_9": {
          "meanserv": 0.2929177466649655,
          "stddevserv": 0.2929177466649655,
          "rate": 3.4139276687246385,
          "cv": 1.0,
          "lambda": 0.15
        },
        "MS4_10": {
          "meanserv": 0.4035928118091334,
          "stddevserv": 0.4035928118091334,
          "rate": 2.477744822851103,
          "cv": 1.0,
          "lambda": 0.15
        }
      },
      "sensors": [
        "S4"
      ],
      "sources": [
        {
          "startTime": 0,
          "stopTime": -1,
          "lambda": 0.15
        }
      ]
    }
  },
  "microservice": {
    "MS1_1": "F9",
    "MS1_2": "F9",
    "MS1_3": "F2",
    "MS1_4": "F2",
    "MS1_5": "F2",
    "MS1_6": "F2",
    "MS1_7": "F6",
    "MS1_8": "F3",
    "MS1_9": "F3",
    "MS1_10": "F10",
    "MS2_1": "F9",
    "MS2_2": "F9",
    "MS2_3": "F5",
    "MS2_4": "F9",
    "MS2_5": "F9",
    "MS2_6": "F6",
    "MS2_7": "F4",
    "MS2_8": "F4",
    "MS2_9": "F9",
    "MS2_10": "F5",
    "MS3_1": "F3",
    "MS3_2": "F3",
    "MS3_3": "F1",
    "MS3_4": "F1",
    "MS3_5": "F2",
    "MS3_6": "F9",
    "MS3_7": "F9",
    "MS3_8": "F9",
    "MS3_9": "F9",
    "MS3_10": "F10",
    "MS4_1": "F9",
    "MS4_2": "F9",
    "MS4_3": "F7",
    "MS4_4": "F9",
    "MS4_5": "F9",
    "MS4_6": "F8",
    "MS4_7": "F3",
    "MS4_8": "F5",
    "MS4_9": "F9",
    "MS4_10": "F9"
  },
  "sensor": {
    "S1": "F9",
    "S2": "F9",
    "S3": "F3",
    "S4": "F9"
  },
  "fog": {
    "F1": {
      "rho": 0.5460915826488897,
      "capacity": 1.0,
      "tserv": 1.8203052754962987,
      "stddev": 2.1831353778355287,
      "mu": 0.5493584034839178,
      "cv": 1.199323765756986,
      "lambda": 0.3,
      "twait": 2.67000711986366
    },
    "F2": {
      "rho": 0.6495247143222658,
      "capacity": 1.0,
      "tserv": 0.8660329524296876,
      "stddev": 1.1329978788409607,
      "mu": 1.1546904736066483,
      "cv": 1.308261857314197,
      "lambda": 0.75,
      "twait": 2.176006431044975
    },
    "F3": {
      "rho": 0.562830956454103,
      "capacity": 1.0,
      "tserv": 0.7504412752721373,
      "stddev": 1.1187002183092185,
      "mu": 1.332549305256915,
      "cv": 1.4907231986987084,
      "lambda": 0.75,
      "twait": 1.556593764644028
    },
    "F4": {
      "rho": 0.693347280227849,
      "capacity": 1.0,
      "tserv": 2.3111576007594965,
      "stddev": 2.741390682831952,
      "mu": 0.4326836039530053,
      "cv": 1.186154800490919,
      "lambda": 0.3,
      "twait": 6.288875739151598
    },
    "F5": {
      "rho": 0.5899118869490674,
      "capacity": 1.0,
      "tserv": 1.3109153043312611,
      "stddev": 1.471682122167911,
      "mu": 0.7628257879788285,
      "cv": 1.1226370744970913,
      "lambda": 0.44999999999999996,
      "twait": 2.1311959382620063
    },
    "F6": {
      "rho": 0.5432462077493833,
      "capacity": 1.0,
      "tserv": 1.8108206924979442,
      "stddev": 2.1589535971887623,
      "mu": 0.552235792391209,
      "cv": 1.1922514504793873,
      "lambda": 0.3,
      "twait": 2.6075817048180108
    },
    "F7": {
      "rho": 0.5098111712260516,
      "capacity": 1.0,
      "tserv": 3.398741141507011,
      "stddev": 3.398741141507011,
      "mu": 0.2942265851869488,
      "cv": 1.0,
      "lambda": 0.15,
      "twait": 3.5347933292965807
    },
    "F8": {
      "rho": 0.6525449673608784,
      "capacity": 1.0,
      "tserv": 4.350299782405856,
      "stddev": 4.350299782405856,
      "mu": 0.22986921592032625,
      "cv": 1.0,
      "lambda": 0.15,
      "twait": 8.17016869192539
    },
    "F9": {
      "rho": 0.5995256894360597,
      "capacity": 1.0,
      "tserv": 0.2351081135043372,
      "stddev": 0.31827190390677335,
      "mu": 4.253362357830975,
      "cv": 1.3537257356322667,
      "lambda": 2.5499999999999994,
      "twait": 0.4984848036324672
    },
    "F10": {
      "rho": 0.653165543625452,
      "capacity": 1.0,
      "tserv": 2.1772184787515068,
      "stddev": 2.28239433086832,
      "mu": 0.45930163176523975,
      "cv": 1.0483074404995518,
      "lambda": 0.3,
      "twait": 4.303034489335274
    }
  },
  "extra": {
    "conv_gen": 116,
    "max_gen": 600,
    "population": 600,
    "deltatime": 63.1614769,
    "obj_func": 33.65883101896021
  },
  "network": [
    [
      0.0,
      0.9506429392008461,
      0.7506733771500967,
      1.2090244252746563,
      1.3903895819420988,
      0.8065345248173547,
      0.7863046197582948,
      0.8146619806276381,
      0.9719061655662585,
      0.9719061655662585
    ],
    [
      0.9506429392008461,
      0.0,
      0.9785272435145587,
      1.3744767288744473,
      0.5299474840887317,
      0.8093308615687,
      1.035267519653223,
      0.9719061655662585,
      1.0078255412479094,
      1.0078255412479094
    ],
    [
      0.7506733771500967,
      0.9785272435145587,
      0.0,
      1.2311000162240617,
      0.668176613948944,
      1.1927753646887513,
      0.8146619806276381,
      1.0078255412479094,
      1.146495982254568,
      1.146495982254568
    ],
    [
      1.2090244252746563,
      1.3744767288744473,
      1.2311000162240617,
      0.0,
      1.2068360454555804,
      0.7863046197582948,
      0.9719061655662585,
      1.146495982254568,
      0.8938471139024218,
      0.8938471139024218
    ],
    [
      1.3903895819420988,
      0.5299474840887317,
      0.668176613948944,
      1.2068360454555804,
      0.0,
      1.035267519653223,
      1.0078255412479094,
      0.8938471139024218,
      0.8358418041276846,
      0.8358418041276846
    ],
    [
      0.8065345248173547,
      0.8093308615687,
      1.1927753646887513,
      0.7863046197582948,
      1.035267519653223,
      0.0,
      1.146495982254568,
      0.8358418041276846,
      0.7277172650611256,
      0.7277172650611256
    ],
    [
      0.7863046197582948,
      1.035267519653223,
      0.8146619806276381,
      0.9719061655662585,
      1.0078255412479094,
      1.146495982254568,
      0.0,
      0.7277172650611256,
      0.5762842534823752,
      0.5762842534823752
    ],
    [
      0.8146619806276381,
      0.9719061655662585,
      1.0078255412479094,
      1.146495982254568,
      0.8938471139024218,
      0.8358418041276846,
      0.7277172650611256,
      0.0,
      1.1654522866174435,
      1.1654522866174435
    ],
    [
      0.9719061655662585,
      1.0078255412479094,
      1.146495982254568,
      0.8938471139024218,
      0.8358418041276846,
      0.7277172650611256,
      0.5762842534823752,
      1.1654522866174435,
      0.0,
      1.0497047219283726
    ],
    [
      0.9719061655662585,
      1.0078255412479094,
      1.146495982254568,
      0.8938471139024218,
      0.8358418041276846,
      0.7277172650611256,
      0.5762842534823752,
      1.1654522866174435,
      1.0497047219283726,
      0.0
    ]
  ]
}