{
  "servicechain": {
    "SC1": {
      "resptime": 31.41339196906012,
      "resptime_old": 21.41339196906012,
      "waittime": 16.20108328693109,
      "servicetime": 10.0,
      "networktime": 5.212308682129032,
      "services": {
        "MS1_1": {
          "meanserv": 0.12497731297095638,
          "stddevserv": 0.12497731297095638,
          "rate": 8.001452233433689,
          "cv": 1.0,
          "lambda": 0.15
        },
        "MS1_2": {
          "meanserv": 1.0834142690924953,
          "stddevserv": 1.0834142690924953,
          "rate": 0.9230079652150365,
          "cv": 1.0,
          "lambda": 0.15
        },
        "MS1_3": {
          "meanserv": 0.8430361823973953,
          "stddevserv": 0.8430361823973953,
          "rate": 1.1861887080056714,
          "cv": 1.0,
          "lambda": 0.15
        },
        "MS1_4": {
          "meanserv": 4.2570898135053685,
          "stddevserv": 4.2570898135053685,
          "rate": 0.2349022557211639,
          "cv": 1.0,
          "lambda": 0.15
        },
        "MS1_5": {
          "meanserv": 1.209252953901748,
          "stddevserv": 1.209252953901748,
          "rate": 0.8269568387436415,
          "cv": 1.0,
          "lambda": 0.15
        },
        "MS1_6": {
          "meanserv": 0.8945312615742189,
          "stddevserv": 0.8945312615742189,
          "rate": 1.1179039156665966,
          "cv": 1.0,
          "lambda": 0.15
        },
        "MS1_7": {
          "meanserv": 0.7588410295400081,
          "stddevserv": 0.7588410295400081,
          "rate": 1.3177990660391372,
          "cv": 1.0,
          "lambda": 0.15
        },
        "MS1_8": {
          "meanserv": 0.8288571770178095,
          "stddevserv": 0.8288571770178095,
          "rate": 1.2064804742331539,
          "cv": 1.0,
          "lambda": 0.15
        }
      },
      "sensors": [
        "S1"
      ],
      "sources": [
        {
          "startTime": 0,
          "stopTime": -1,
          "lambda": 0.15
        }
      ]
    },
    "SC2": {
      "resptime": 34.1717523516635,
      "resptime_old": 24.1717523516635,
      "waittime": 19.27546672015688,
      "servicetime": 10.0,
      "networktime": 4.89628563150662,
      "services": {
        "MS2_1": {
          "meanserv": 0.5332932784617428,
          "stddevserv": 0.5332932784617428,
          "rate": 1.8751408284845608,
          "cv": 1.0,
          "lambda": 0.15
        },
        "MS2_2": {
          "meanserv": 0.6324429754977179,
          "stddevserv": 0.6324429754977179,
          "rate": 1.581170222047329,
          "cv": 1.0,
          "lambda": 0.15
        },
        "MS2_3": {
          "meanserv": 3.033152038469539,
          "stddevserv": 3.033152038469539,
          "rate": 0.32969003443183076,
          "cv": 1.0,
          "lambda": 0.15
        },
        "MS2_4": {
          "meanserv": 1.5439571783067363,
          "stddevserv": 1.5439571783067363,
          "rate": 0.6476863568824518,
          "cv": 1.0,
          "lambda": 0.15
        },
        "MS2_5": {
          "meanserv": 0.03952490246301288,
          "stddevserv": 0.03952490246301288,
          "rate": 25.300505192537614,
          "cv": 1.0,
          "lambda": 0.15
        },
        "MS2_6": {
          "meanserv": 3.4636173321314487,
          "stddevserv": 3.4636173321314487,
          "rate": 0.28871549715470957,
          "cv": 1.0,
          "lambda": 0.15
        },
        "MS2_7": {
          "meanserv": 0.12354608090948815,
          "stddevserv": 0.12354608090948815,
          "rate": 8.094145865562632,
          "cv": 1.0,
          "lambda": 0.15
        },
        "MS2_8": {
          "meanserv": 0.6304662137603145,
          "stddevserv": 0.6304662137603145,
          "rate": 1.5861278180723761,
          "cv": 1.0,
          "lambda": 0.15
        }
      },
      "sensors": [
        "S2"
      ],
      "sources": [
        {
          "startTime": 0,
          "stopTime": -1,
          "lambda": 0.15
        }
      ]
    },
    "SC3": {
      "resptime": 34.49485107981812,
      "resptime_old": 24.49485107981812,
      "waittime": 20.066479612871824,
      "servicetime": 10.0,
      "networktime": 4.428371466946295,
      "services": {
        "MS3_1": {
          "meanserv": 4.063660854011861,
          "stddevserv": 4.063660854011861,
          "rate": 0.24608352811055753,
          "cv": 1.0,
          "lambda": 0.15
        },
        "MS3_2": {
          "meanserv": 0.5869022209942871,
          "stddevserv": 0.5869022209942871,
          "rate": 1.7038613319708904,
          "cv": 1.0,
          "lambda": 0.15
        },
        "MS3_3": {
          "meanserv": 0.07273319474513151,
          "stddevserv": 0.07273319474513151,
          "rate": 13.748880459660219,
          "cv": 1.0,
          "lambda": 0.15
        },
        "MS3_4": {
          "meanserv": 0.08498246436549373,
          "stddevserv": 0.08498246436549373,
          "rate": 11.767133460606491,
          "cv": 1.0,
          "lambda": 0.15
        },
        "MS3_5": {
          "meanserv": 3.359896664728809,
          "stddevserv": 3.359896664728809,
          "rate": 0.29762820103894894,
          "cv": 1.0,
          "lambda": 0.15
        },
        "MS3_6": {
          "meanserv": 1.2960826542662698,
          "stddevserv": 1.2960826542662698,
          "rate": 0.7715557311937901,
          "cv": 1.0,
          "lambda": 0.15
        },
        "MS3_7": {
          "meanserv": 0.1628141178926974,
          "stddevserv": 0.1628141178926974,
          "rate": 6.141973515214754,
          "cv": 1.0,
          "lambda": 0.15
        },
        "MS3_8": {
          "meanserv": 0.37292782899545074,
          "stddevserv": 0.37292782899545074,
          "rate": 2.681483982286017,
          "cv": 1.0,
          "lambda": 0.15
        }
      },
      "sensors": [
        "S3"
      ],
      "sources": [
        {
          "startTime": 0,
          "stopTime": -1,
          "lambda": 0.15
        }
      ]
    },
    "SC4": {
      "resptime": 35.61201097574667,
      "resptime_old": 25.612010975746667,
      "waittime": 21.716559239524393,
      "servicetime": 10.0,
      "networktime": 3.895451736222278,
      "services": {
        "MS4_1": {
          "meanserv": 3.1439820465218773,
          "stddevserv": 3.1439820465218773,
          "rate": 0.31806797405420284,
          "cv": 1.0,
          "lambda": 0.15
        },
        "MS4_2": {
          "meanserv": 2.550071227209312,
          "stddevserv": 2.550071227209312,
          "rate": 0.39214590923185977,
          "cv": 1.0,
          "lambda": 0.15
        },
        "MS4_3": {
          "meanserv": 0.5669104824216546,
          "stddevserv": 0.5669104824216546,
          "rate": 1.763946921087664,
          "cv": 1.0,
          "lambda": 0.15
        },
        "MS4_4": {
          "meanserv": 0.7614655629595521,
          "stddevserv": 0.7614655629595521,
          "rate": 1.313257025194084,
          "cv": 1.0,
          "lambda": 0.15
        },
        "MS4_5": {
          "meanserv": 0.8301660565437556,
          "stddevserv": 0.8301660565437556,
          "rate": 1.204578279390652,
          "cv": 1.0,
          "lambda": 0.15
        },
        "MS4_6": {
          "meanserv": 0.1237999322576,
          "stddevserv": 0.1237999322576,
          "rate": 8.077548846466438,
          "cv": 1.0,
          "lambda": 0.15
        },
        "MS4_7": {
          "meanserv": 0.34677145025069933,
          "stddevserv": 0.34677145025069933,
          "rate": 2.8837437432552404,
          "cv": 1.0,
          "lambda": 0.15
        },
        "MS4_8": {
          "meanserv": 1.6768332418355492,
          "stddevserv": 1.6768332418355492,
          "rate": 0.5963622231781067,
          "cv": 1.0,
          "lambda": 0.15
        }
      },
      "sensors": [
        "S4"
      ],
      "sources": [
        {
          "startTime": 0,
          "stopTime": -1,
          "lambda": 0.15
        }
      ]
    }
  },
  "microservice": {
    "MS1_1": "F7",
    "MS1_2": "F7",
    "MS1_3": "F7",
    "MS1_4": "F4",
    "MS1_5": "F9",
    "MS1_6": "F7",
    "MS1_7": "F6",
    "MS1_8": "F6",
    "MS2_1": "F9",
    "MS2_2": "F9",
    "MS2_3": "F10",
    "MS2_4": "F9",
    "MS2_5": "F9",
    "MS2_6": "F5",
    "MS2_7": "F7",
    "MS2_8": "F7",
    "MS3_1": "F1",
    "MS3_2": "F6",
    "MS3_3": "F6",
    "MS3_4": "F6",
    "MS3_5": "F8",
    "MS3_6": "F3",
    "MS3_7": "F7",
    "MS3_8": "F7",
    "MS4_1": "F3",
    "MS4_2": "F2",
    "MS4_3": "F2",
    "MS4_4": "F2",
    "MS4_5": "F6",
    "MS4_6": "F6",
    "MS4_7": "F6",
    "MS4_8": "F10"
  },
  "sensor": {
    "S1": "F7",
    "S2": "F9",
    "S3": "F1",
    "S4": "F3"
  },
  "fog": {
    "F1": {
      "rho": 0.6095491281017791,
      "capacity": 1.0,
      "tserv": 4.063660854011861,
      "stddev": 4.063660854011861,
      "mu": 0.24608352811055753,
      "cv": 1.0,
      "lambda": 0.15,
      "twait": 6.343950311653914
    },
    "F2": {
      "rho": 0.5817670908885778,
      "capacity": 1.0,
      "tserv": 1.292815757530173,
      "stddev": 1.8068428612944725,
      "mu": 0.7735054234722699,
      "cv": 1.397602752573429,
      "lambda": 0.44999999999999996,
      "twait": 2.655487074734642
    },
    "F3": {
      "rho": 0.666009705118222,
      "capacity": 1.0,
      "tserv": 2.2200323503940735,
      "stddev": 2.576025954594704,
      "mu": 0.45044388646971384,
      "cv": 1.1603551426344931,
      "lambda": 0.3,
      "twait": 5.193767692996246
    },
    "F4": {
      "rho": 0.6385634720258052,
      "capacity": 1.0,
      "tserv": 4.2570898135053685,
      "stddev": 4.2570898135053685,
      "mu": 0.2349022557211639,
      "cv": 1.0,
      "lambda": 0.15,
      "twait": 7.5211602636680945
    },
    "F5": {
      "rho": 0.5195425998197173,
      "capacity": 1.0,
      "tserv": 3.4636173321314487,
      "stddev": 3.4636173321314487,
      "mu": 0.28871549715470957,
      "cv": 1.0,
      "lambda": 0.15,
      "twait": 3.74538253098189
    },
    "F6": {
      "rho": 0.5449580288572176,
      "capacity": 1.0,
      "tserv": 0.45413169071434806,
      "stddev": 0.6363215490638057,
      "mu": 2.2020044415464652,
      "cv": 1.401182877290227,
      "lambda": 1.2,
      "twait": 0.8058254997171731
    },
    "F7": {
      "rho": 0.6353569901389525,
      "capacity": 1.0,
      "tserv": 0.5294641584491271,
      "stddev": 0.7343888093326708,
      "mu": 1.8887019716861226,
      "cv": 1.3870415921708394,
      "lambda": 1.2,
      "twait": 1.3487041235223078
    },
    "F8": {
      "rho": 0.5039844997093214,
      "capacity": 1.0,
      "tserv": 3.3598966647288093,
      "stddev": 3.3598966647288084,
      "mu": 0.29762820103894894,
      "cv": 0.9999999999999998,
      "lambda": 0.15,
      "twait": 3.4138768620255306
    },
    "F9": {
      "rho": 0.5937706932946437,
      "capacity": 1.0,
      "tserv": 0.7916942577261916,
      "stddev": 1.0890537244226348,
      "mu": 1.263113872863091,
      "cv": 1.3755988676114477,
      "lambda": 0.75,
      "twait": 1.6734555297394196
    },
    "F10": {
      "rho": 0.7064977920457632,
      "capacity": 1.0,
      "tserv": 2.354992640152544,
      "stddev": 2.5427919054110557,
      "mu": 0.4246297771593992,
      "cv": 1.0797451601574206,
      "lambda": 0.3,
      "twait": 6.138853823172701
    }
  },
  "extra": {
    "conv_gen": 193,
    "max_gen": 600,
    "population": 600,
    "deltatime": 52.724594,
    "obj_func": 33.923001594072105
  },
  "network": [
    [
      0.0,
      1.0741903217987463,
      0.9867692987388603,
      1.416892644896119,
      1.560609701401034,
      1.036915566251729,
      1.2337051132908436,
      1.1900304850797976,
      1.4754672899690855,
      1.4754672899690855
    ],
    [
      1.0741903217987463,
      0.0,
      0.9895673062836684,
      1.2018500768477396,
      0.9330230892380188,
      1.2149765885689474,
      1.2909045114761857,
      1.4754672899690855,
      0.8869732522082325,
      0.8869732522082325
    ],
    [
      0.9867692987388603,
      0.9895673062836684,
      0.0,
      1.505014768137273,
      1.1093694983501337,
      1.5857808172818157,
      1.1900304850797976,
      0.8869732522082325,
      1.429743754416567,
      1.429743754416567
    ],
    [
      1.416892644896119,
      1.2018500768477396,
      1.505014768137273,
      0.0,
      1.2600208891192302,
      1.2337051132908436,
      1.4754672899690855,
      1.429743754416567,
      1.2233682774121997,
      1.2233682774121997
    ],
    [
      1.560609701401034,
      0.9330230892380188,
      1.1093694983501337,
      1.2600208891192302,
      0.0,
      1.2909045114761857,
      0.8869732522082325,
      1.2233682774121997,
      1.314452163406536,
      1.314452163406536
    ],
    [
      1.036915566251729,
      1.2149765885689474,
      1.5857808172818157,
      1.2337051132908436,
      1.2909045114761857,
      0.0,
      1.429743754416567,
      1.314452163406536,
      1.690907841369662,
      1.690907841369662
    ],
    [
      1.2337051132908436,
      1.2909045114761857,
      1.1900304850797976,
      1.4754672899690855,
      0.8869732522082325,
      1.429743754416567,
      0.0,
      1.690907841369662,
      1.0837293603311802,
      1.0837293603311802
    ],
    [
      1.1900304850797976,
      1.4754672899690855,
      0.8869732522082325,
      1.429743754416567,
      1.2233682774121997,
      1.314452163406536,
      1.690907841369662,
      0.0,
      1.5807127259162739,
      1.5807127259162739
    ],
    [
      1.4754672899690855,
      0.8869732522082325,
      1.429743754416567,
      1.2233682774121997,
      1.314452163406536,
      1.690907841369662,
      1.0837293603311802,
      1.5807127259162739,
      0.0,
      1.3474301079459259
    ],
    [
      1.4754672899690855,
      0.8869732522082325,
      1.429743754416567,
      1.2233682774121997,
      1.314452163406536,
      1.690907841369662,
      1.0837293603311802,
      1.5807127259162739,
      1.3474301079459259,
      0.0
    ]
  ]
}