{
  "servicechain": {
    "SC1": {
      "resptime": 14586.30342507454,
      "resptime_old": 14576.30342507454,
      "waittime": 14569.74915471902,
      "servicetime": 10.0,
      "networktime": 6.554270355520653,
      "services": {
        "MS1_1": {
          "meanserv": 2.2408907907589946,
          "stddevserv": 2.2408907907589946,
          "rate": 0.446251108766125,
          "cv": 1.0,
          "lambda": 0.15
        },
        "MS1_2": {
          "meanserv": 6.709910211415172,
          "stddevserv": 6.709910211415172,
          "rate": 0.14903329083282804,
          "cv": 1.0,
          "lambda": 0.15
        },
        "MS1_3": {
          "meanserv": 1.0491989978258331,
          "stddevserv": 1.0491989978258331,
          "rate": 0.953108039630438,
          "cv": 1.0,
          "lambda": 0.15
        }
      },
      "sensors": [
        "S1"
      ],
      "sources": [
        {
          "startTime": 0,
          "stopTime": -1,
          "lambda": 0.15
        }
      ]
    },
    "SC2": {
      "resptime": 14585.924895669224,
      "resptime_old": 14575.924895669224,
      "waittime": 14569.370625313704,
      "servicetime": 10.0,
      "networktime": 6.554270355520653,
      "services": {
        "MS2_1": {
          "meanserv": 1.5668060987351962,
          "stddevserv": 1.5668060987351962,
          "rate": 0.6382410694005147,
          "cv": 1.0,
          "lambda": 0.15
        },
        "MS2_2": {
          "meanserv": 7.234083753469838,
          "stddevserv": 7.234083753469838,
          "rate": 0.13823450682615454,
          "cv": 1.0,
          "lambda": 0.15
        },
        "MS2_3": {
          "meanserv": 1.1991101477949666,
          "stddevserv": 1.1991101477949666,
          "rate": 0.8339517448325255,
          "cv": 1.0,
          "lambda": 0.15
        }
      },
      "sensors": [
        "S2"
      ],
      "sources": [
        {
          "startTime": 0,
          "stopTime": -1,
          "lambda": 0.15
        }
      ]
    },
    "SC3": {
      "resptime": 35.15574039702493,
      "resptime_old": 25.155740397024925,
      "waittime": 19.69220644127007,
      "servicetime": 10.0,
      "networktime": 5.463533955754855,
      "services": {
        "MS3_1": {
          "meanserv": 2.4945099101104793,
          "stddevserv": 2.4945099101104793,
          "rate": 0.40088034765743263,
          "cv": 1.0,
          "lambda": 0.15
        },
        "MS3_2": {
          "meanserv": 2.3903005235142754,
          "stddevserv": 2.3903005235142754,
          "rate": 0.41835743671669234,
          "cv": 1.0,
          "lambda": 0.15
        },
        "MS3_3": {
          "meanserv": 5.115189566375245,
          "stddevserv": 5.115189566375245,
          "rate": 0.19549617605054384,
          "cv": 1.0,
          "lambda": 0.15
        }
      },
      "sensors": [
        "S3"
      ],
      "sources": [
        {
          "startTime": 0,
          "stopTime": -1,
          "lambda": 0.15
        }
      ]
    },
    "SC4": {
      "resptime": 44.06318103208507,
      "resptime_old": 34.06318103208507,
      "waittime": 27.945847787073383,
      "servicetime": 10.0,
      "networktime": 6.117333245011688,
      "services": {
        "MS4_1": {
          "meanserv": 3.762479340162639,
          "stddevserv": 3.762479340162639,
          "rate": 0.2657821903034751,
          "cv": 1.0,
          "lambda": 0.15
        },
        "MS4_2": {
          "meanserv": 0.8645368750015971,
          "stddevserv": 0.8645368750015971,
          "rate": 1.1566886606174578,
          "cv": 1.0,
          "lambda": 0.15
        },
        "MS4_3": {
          "meanserv": 5.372983784835764,
          "stddevserv": 5.372983784835764,
          "rate": 0.18611632568523878,
          "cv": 1.0,
          "lambda": 0.15
        }
      },
      "sensors": [
        "S4"
      ],
      "sources": [
        {
          "startTime": 0,
          "stopTime": -1,
          "lambda": 0.15
        }
      ]
    }
  },
  "microservice": {
    "MS1_1": "F9",
    "MS1_2": "F1",
    "MS1_3": "F8",
    "MS2_1": "F10",
    "MS2_2": "F1",
    "MS2_3": "F8",
    "MS3_1": "F5",
    "MS3_2": "F7",
    "MS3_3": "F3",
    "MS4_1": "F4",
    "MS4_2": "F10",
    "MS4_3": "F2"
  },
  "sensor": {
    "S1": "F9",
    "S2": "F10",
    "S3": "F5",
    "S4": "F4"
  },
  "fog": {
    "F1": {
      "rho": 2.0915990947327514,
      "capacity": 1.0,
      "tserv": 6.971996982442505,
      "stddev": 6.981842226395729,
      "mu": 0.14343092840089974,
      "cv": 1.0014121124805442,
      "lambda": 0.3,
      "twait": 14568.039954379248
    },
    "F2": {
      "rho": 0.8059475677253646,
      "capacity": 1.0,
      "tserv": 5.372983784835764,
      "stddev": 5.372983784835763,
      "mu": 0.18611632568523878,
      "cv": 0.9999999999999999,
      "lambda": 0.15,
      "twait": 22.31532561615939
    },
    "F3": {
      "rho": 0.7672784349562868,
      "capacity": 1.0,
      "tserv": 5.115189566375245,
      "stddev": 5.115189566375245,
      "mu": 0.19549617605054384,
      "cv": 1.0,
      "lambda": 0.15,
      "twait": 16.864679662393623
    },
    "F4": {
      "rho": 0.5643719010243958,
      "capacity": 1.0,
      "tserv": 3.762479340162639,
      "stddev": 3.762479340162639,
      "mu": 0.2657821903034751,
      "cv": 1.0,
      "lambda": 0.15,
      "twait": 4.874427574267928
    },
    "F5": {
      "rho": 0.37417648651657187,
      "capacity": 1.0,
      "tserv": 2.4945099101104793,
      "stddev": 2.4945099101104793,
      "mu": 0.40088034765743263,
      "cv": 1.0,
      "lambda": 0.15,
      "twait": 1.4914539540876885
    },
    "F6": {
      "rho": 0,
      "capacity": 1.0,
      "tserv": 0,
      "stddev": 0,
      "mu": 0,
      "cv": 0,
      "lambda": 0.0,
      "twait": 0
    },
    "F7": {
      "rho": 0.3585450785271413,
      "capacity": 1.0,
      "tserv": 2.3903005235142754,
      "stddev": 2.3903005235142754,
      "mu": 0.41835743671669234,
      "cv": 1.0,
      "lambda": 0.15,
      "twait": 1.3360728247887574
    },
    "F8": {
      "rho": 0.33724637184311995,
      "capacity": 1.0,
      "tserv": 1.1241545728103999,
      "stddev": 1.129141346339362,
      "mu": 0.8895573831096804,
      "cv": 1.0044360212105843,
      "lambda": 0.3,
      "twait": 0.5745763378113117
    },
    "F9": {
      "rho": 0.33613361861384916,
      "capacity": 1.0,
      "tserv": 2.2408907907589946,
      "stddev": 2.2408907907589946,
      "mu": 0.446251108766125,
      "cv": 1.0,
      "lambda": 0.15,
      "twait": 1.1346240019618266
    },
    "F10": {
      "rho": 0.364701446060519,
      "capacity": 1.0,
      "tserv": 1.2156714868683969,
      "stddev": 1.3131824683898707,
      "mu": 0.8225906511766822,
      "cv": 1.0802116217866267,
      "lambda": 0.3,
      "twait": 0.7560945966460645
    }
  },
  "extra": {
    "deltatime": 0.0061429,
    "obj_func": 7312.861810543219
  },
  "network": [
    [
      0.0,
      3.3920563960469083,
      4.661947676432651,
      4.0798929980441025,
      4.151437972684871,
      4.143841744225715,
      4.0743280310908325,
      3.393868957124678,
      3.1604013983959747,
      3.1604013983959747
    ],
    [
      3.3920563960469083,
      0.0,
      3.1913829563979106,
      3.02909665658538,
      3.650933181664386,
      3.184354057492898,
      3.4488350228736997,
      3.1604013983959747,
      2.0696649986301767,
      2.0696649986301767
    ],
    [
      4.661947676432651,
      3.1913829563979106,
      0.0,
      3.1731039428908048,
      2.7514636144461724,
      3.9997078205714214,
      3.393868957124678,
      2.0696649986301767,
      4.142939390435245,
      4.142939390435245
    ],
    [
      4.0798929980441025,
      3.02909665658538,
      3.1731039428908048,
      0.0,
      3.2607266905091628,
      4.0743280310908325,
      3.1604013983959747,
      4.142939390435245,
      4.0476682463815115,
      4.0476682463815115
    ],
    [
      4.151437972684871,
      3.650933181664386,
      2.7514636144461724,
      3.2607266905091628,
      0.0,
      3.4488350228736997,
      2.0696649986301767,
      4.0476682463815115,
      3.7223617522027066,
      3.7223617522027066
    ],
    [
      4.143841744225715,
      3.184354057492898,
      3.9997078205714214,
      4.0743280310908325,
      3.4488350228736997,
      0.0,
      4.142939390435245,
      3.7223617522027066,
      4.117963206868486,
      4.117963206868486
    ],
    [
      4.0743280310908325,
      3.4488350228736997,
      3.393868957124678,
      3.1604013983959747,
      2.0696649986301767,
      4.142939390435245,
      0.0,
      4.117963206868486,
      3.8615101924195203,
      3.8615101924195203
    ],
    [
      3.393868957124678,
      3.1604013983959747,
      2.0696649986301767,
      4.142939390435245,
      4.0476682463815115,
      3.7223617522027066,
      4.117963206868486,
      0.0,
      3.232099770840436,
      3.232099770840436
    ],
    [
      3.1604013983959747,
      2.0696649986301767,
      4.142939390435245,
      4.0476682463815115,
      3.7223617522027066,
      4.117963206868486,
      3.8615101924195203,
      3.232099770840436,
      0.0,
      2.6466135786997205
    ],
    [
      3.1604013983959747,
      2.0696649986301767,
      4.142939390435245,
      4.0476682463815115,
      3.7223617522027066,
      4.117963206868486,
      3.8615101924195203,
      3.232099770840436,
      2.6466135786997205,
      0.0
    ]
  ]
}