{
  "servicechain": {
    "SC1": {
      "resptime": 34.15221007729163,
      "resptime_old": 24.152210077291624,
      "waittime": 19.404675448384552,
      "servicetime": 10.0,
      "networktime": 4.747534628907074,
      "services": {
        "MS1_1": {
          "meanserv": 1.0584027628103942,
          "stddevserv": 1.0584027628103942,
          "rate": 0.9448199070689154,
          "cv": 1.0,
          "lambda": 0.15
        },
        "MS1_2": {
          "meanserv": 0.09035898618760752,
          "stddevserv": 0.09035898618760752,
          "rate": 11.066967904263043,
          "cv": 1.0,
          "lambda": 0.15
        },
        "MS1_3": {
          "meanserv": 1.3072197889557922,
          "stddevserv": 1.3072197889557922,
          "rate": 0.7649822994179124,
          "cv": 1.0,
          "lambda": 0.15
        },
        "MS1_4": {
          "meanserv": 0.7845083019949164,
          "stddevserv": 0.7845083019949164,
          "rate": 1.274683770021442,
          "cv": 1.0,
          "lambda": 0.15
        },
        "MS1_5": {
          "meanserv": 2.1238567308072622,
          "stddevserv": 2.1238567308072622,
          "rate": 0.47084155230183883,
          "cv": 1.0,
          "lambda": 0.15
        },
        "MS1_6": {
          "meanserv": 0.7340499209187055,
          "stddevserv": 0.7340499209187055,
          "rate": 1.3623051668590098,
          "cv": 1.0,
          "lambda": 0.15
        },
        "MS1_7": {
          "meanserv": 0.04124762756914091,
          "stddevserv": 0.04124762756914091,
          "rate": 24.243818588687564,
          "cv": 1.0,
          "lambda": 0.15
        },
        "MS1_8": {
          "meanserv": 2.4770751079167734,
          "stddevserv": 2.4770751079167734,
          "rate": 0.403701929264875,
          "cv": 1.0,
          "lambda": 0.15
        },
        "MS1_9": {
          "meanserv": 1.3832807728394076,
          "stddevserv": 1.3832807728394076,
          "rate": 0.7229190339625253,
          "cv": 1.0,
          "lambda": 0.15
        }
      },
      "sensors": [
        "S1"
      ],
      "sources": [
        {
          "startTime": 0,
          "stopTime": -1,
          "lambda": 0.15
        }
      ]
    },
    "SC2": {
      "resptime": 35.805372001541315,
      "resptime_old": 25.805372001541315,
      "waittime": 19.022981271447286,
      "servicetime": 10.0,
      "networktime": 6.782390730094029,
      "services": {
        "MS2_1": {
          "meanserv": 0.29363727866277056,
          "stddevserv": 0.29363727866277056,
          "rate": 3.405562143042661,
          "cv": 1.0,
          "lambda": 0.15
        },
        "MS2_2": {
          "meanserv": 0.3888642506169815,
          "stddevserv": 0.3888642506169815,
          "rate": 2.571591496038465,
          "cv": 1.0,
          "lambda": 0.15
        },
        "MS2_3": {
          "meanserv": 3.4697694769131635,
          "stddevserv": 3.4697694769131635,
          "rate": 0.28820358431697235,
          "cv": 1.0,
          "lambda": 0.15
        },
        "MS2_4": {
          "meanserv": 0.15613514452726207,
          "stddevserv": 0.15613514452726207,
          "rate": 6.404707940853088,
          "cv": 1.0,
          "lambda": 0.15
        },
        "MS2_5": {
          "meanserv": 1.3135026795652616,
          "stddevserv": 1.3135026795652616,
          "rate": 0.7613231518728051,
          "cv": 1.0,
          "lambda": 0.15
        },
        "MS2_6": {
          "meanserv": 1.413870131615897,
          "stddevserv": 1.413870131615897,
          "rate": 0.7072785382750187,
          "cv": 1.0,
          "lambda": 0.15
        },
        "MS2_7": {
          "meanserv": 0.14160686364245834,
          "stddevserv": 0.14160686364245834,
          "rate": 7.061804592501176,
          "cv": 1.0,
          "lambda": 0.15
        },
        "MS2_8": {
          "meanserv": 1.4696290339814055,
          "stddevserv": 1.4696290339814055,
          "rate": 0.680443824174375,
          "cv": 1.0,
          "lambda": 0.15
        },
        "MS2_9": {
          "meanserv": 1.3529851404748001,
          "stddevserv": 1.3529851404748001,
          "rate": 0.7391064174208685,
          "cv": 1.0,
          "lambda": 0.15
        }
      },
      "sensors": [
        "S2"
      ],
      "sources": [
        {
          "startTime": 0,
          "stopTime": -1,
          "lambda": 0.15
        }
      ]
    },
    "SC3": {
      "resptime": 31.751270421587158,
      "resptime_old": 21.751270421587154,
      "waittime": 16.367227822391758,
      "servicetime": 10.0,
      "networktime": 5.3840425991954,
      "services": {
        "MS3_1": {
          "meanserv": 2.6824605785017166,
          "stddevserv": 2.6824605785017166,
          "rate": 0.3727920581627142,
          "cv": 1.0,
          "lambda": 0.15
        },
        "MS3_2": {
          "meanserv": 0.0025165263499147272,
          "stddevserv": 0.0025165263499147272,
          "rate": 397.37314891770757,
          "cv": 1.0,
          "lambda": 0.15
        },
        "MS3_3": {
          "meanserv": 1.5551164301922027,
          "stddevserv": 1.5551164301922027,
          "rate": 0.643038669378862,
          "cv": 1.0,
          "lambda": 0.15
        },
        "MS3_4": {
          "meanserv": 1.6358821287500183,
          "stddevserv": 1.6358821287500183,
          "rate": 0.6112909863280325,
          "cv": 1.0,
          "lambda": 0.15
        },
        "MS3_5": {
          "meanserv": 1.0607527653471633,
          "stddevserv": 1.0607527653471633,
          "rate": 0.9427267433733437,
          "cv": 1.0,
          "lambda": 0.15
        },
        "MS3_6": {
          "meanserv": 2.270453257617322,
          "stddevserv": 2.270453257617322,
          "rate": 0.44044069026526816,
          "cv": 1.0,
          "lambda": 0.15
        },
        "MS3_7": {
          "meanserv": 0.11640843125022649,
          "stddevserv": 0.11640843125022649,
          "rate": 8.590443056916072,
          "cv": 1.0,
          "lambda": 0.15
        },
        "MS3_8": {
          "meanserv": 0.1386347481872896,
          "stddevserv": 0.1386347481872896,
          "rate": 7.21319880531714,
          "cv": 1.0,
          "lambda": 0.15
        },
        "MS3_9": {
          "meanserv": 0.5377751338041463,
          "stddevserv": 0.5377751338041463,
          "rate": 1.85951327449103,
          "cv": 1.0,
          "lambda": 0.15
        }
      },
      "sensors": [
        "S3"
      ],
      "sources": [
        {
          "startTime": 0,
          "stopTime": -1,
          "lambda": 0.15
        }
      ]
    },
    "SC4": {
      "resptime": 36.90138609719337,
      "resptime_old": 26.90138609719337,
      "waittime": 19.29582065730461,
      "servicetime": 10.0,
      "networktime": 7.605565439888759,
      "services": {
        "MS4_1": {
          "meanserv": 0.31329866544845375,
          "stddevserv": 0.31329866544845375,
          "rate": 3.191842514134576,
          "cv": 1.0,
          "lambda": 0.15
        },
        "MS4_2": {
          "meanserv": 3.2426733390631255,
          "stddevserv": 3.2426733390631255,
          "rate": 0.3083875233294145,
          "cv": 1.0,
          "lambda": 0.15
        },
        "MS4_3": {
          "meanserv": 0.5437110673386769,
          "stddevserv": 0.5437110673386769,
          "rate": 1.8392121479055736,
          "cv": 1.0,
          "lambda": 0.15
        },
        "MS4_4": {
          "meanserv": 1.207544773746542,
          "stddevserv": 1.207544773746542,
          "rate": 0.8281266432029587,
          "cv": 1.0,
          "lambda": 0.15
        },
        "MS4_5": {
          "meanserv": 0.48202709838535096,
          "stddevserv": 0.48202709838535096,
          "rate": 2.074572162747086,
          "cv": 1.0,
          "lambda": 0.15
        },
        "MS4_6": {
          "meanserv": 1.0989624230531216,
          "stddevserv": 1.0989624230531216,
          "rate": 0.9099492203034698,
          "cv": 1.0,
          "lambda": 0.15
        },
        "MS4_7": {
          "meanserv": 0.395224451109482,
          "stddevserv": 0.395224451109482,
          "rate": 2.530207827964034,
          "cv": 1.0,
          "lambda": 0.15
        },
        "MS4_8": {
          "meanserv": 0.6971604354695176,
          "stddevserv": 0.6971604354695176,
          "rate": 1.4343900616312637,
          "cv": 1.0,
          "lambda": 0.15
        },
        "MS4_9": {
          "meanserv": 2.0193977463857298,
          "stddevserv": 2.0193977463857298,
          "rate": 0.4951971456785947,
          "cv": 1.0,
          "lambda": 0.15
        }
      },
      "sensors": [
        "S4"
      ],
      "sources": [
        {
          "startTime": 0,
          "stopTime": -1,
          "lambda": 0.15
        }
      ]
    }
  },
  "microservice": {
    "MS1_1": "F8",
    "MS1_2": "F8",
    "MS1_3": "F5",
    "MS1_4": "F5",
    "MS1_5": "F6",
    "MS1_6": "F6",
    "MS1_7": "F7",
    "MS1_8": "F10",
    "MS1_9": "F10",
    "MS2_1": "F8",
    "MS2_2": "F8",
    "MS2_3": "F9",
    "MS2_4": "F7",
    "MS2_5": "F1",
    "MS2_6": "F1",
    "MS2_7": "F7",
    "MS2_8": "F2",
    "MS2_9": "F6",
    "MS3_1": "F2",
    "MS3_2": "F7",
    "MS3_3": "F1",
    "MS3_4": "F8",
    "MS3_5": "F3",
    "MS3_6": "F3",
    "MS3_7": "F7",
    "MS3_8": "F7",
    "MS3_9": "F7",
    "MS4_1": "F7",
    "MS4_2": "F4",
    "MS4_3": "F7",
    "MS4_4": "F4",
    "MS4_5": "F7",
    "MS4_6": "F3",
    "MS4_7": "F7",
    "MS4_8": "F7",
    "MS4_9": "F5"
  },
  "sensor": {
    "S1": "F8",
    "S2": "F8",
    "S3": "F2",
    "S4": "F7"
  },
  "fog": {
    "F1": {
      "rho": 0.6423733862060041,
      "capacity": 1.0,
      "tserv": 1.4274964137911206,
      "stddev": 1.4343607479000648,
      "mu": 0.7005271539311382,
      "cv": 1.0048086524369713,
      "lambda": 0.44999999999999996,
      "twait": 2.5764463183769672
    },
    "F2": {
      "rho": 0.6228134418724683,
      "capacity": 1.0,
      "tserv": 2.076044806241561,
      "stddev": 2.2462061827032542,
      "mu": 0.48168517220511453,
      "cv": 1.08196421192361,
      "lambda": 0.3,
      "twait": 3.720468313815296
    },
    "F3": {
      "rho": 0.664525266902641,
      "capacity": 1.0,
      "tserv": 1.4767228153392025,
      "stddev": 1.6766648286572845,
      "mu": 0.6771751540727029,
      "cv": 1.1353957636742786,
      "lambda": 0.44999999999999996,
      "twait": 3.3480343343740633
    },
    "F4": {
      "rho": 0.6675327169214502,
      "capacity": 1.0,
      "tserv": 2.225109056404834,
      "stddev": 2.649902724927573,
      "mu": 0.4494161745113409,
      "cv": 1.190909145464128,
      "lambda": 0.3,
      "twait": 5.401927666508732
    },
    "F5": {
      "rho": 0.6166688756004657,
      "capacity": 1.0,
      "tserv": 1.3703752791121462,
      "stddev": 1.5460382708160447,
      "mu": 0.7297271158072051,
      "cv": 1.128186048290151,
      "lambda": 0.44999999999999996,
      "twait": 2.5052403926265088
    },
    "F6": {
      "rho": 0.6316337688301151,
      "capacity": 1.0,
      "tserv": 1.403630597400256,
      "stddev": 1.6175902259852224,
      "mu": 0.7124381599062865,
      "cv": 1.152433004083306,
      "lambda": 0.44999999999999996,
      "twait": 2.801627120335301
    },
    "F7": {
      "rho": 0.5348619289622881,
      "capacity": 1.0,
      "tserv": 0.2971455160901601,
      "stddev": 0.42947665689793785,
      "mu": 3.3653545009125403,
      "cv": 1.445341200328346,
      "lambda": 1.7999999999999996,
      "twait": 0.5277381194573146
    },
    "F8": {
      "rho": 0.5200718110541658,
      "capacity": 1.0,
      "tserv": 0.6934290814055544,
      "stddev": 1.0657992350070864,
      "mu": 1.4421085397414224,
      "cv": 1.5369981784535947,
      "lambda": 0.75,
      "twait": 1.263292043622109
    },
    "F9": {
      "rho": 0.5204654215369745,
      "capacity": 1.0,
      "tserv": 3.4697694769131635,
      "stddev": 3.4697694769131635,
      "mu": 0.28820358431697235,
      "cv": 1.0,
      "lambda": 0.15,
      "twait": 3.7659328743839082
    },
    "F10": {
      "rho": 0.5790533821134272,
      "capacity": 1.0,
      "tserv": 1.9301779403780905,
      "stddev": 2.0793700741440606,
      "mu": 0.5180869489183553,
      "cv": 1.0772944973854306,
      "lambda": 0.3,
      "twait": 2.8683091078797
    }
  },
  "extra": {
    "conv_gen": 496,
    "max_gen": 600,
    "population": 600,
    "deltatime": 57.5754959,
    "obj_func": 34.65255964940337
  },
  "network": [
    [
      0.0,
      0.8203958205465315,
      1.4061497472734468,
      0.9763172044665422,
      1.1045903272328499,
      1.128013201976782,
      1.1183369467856121,
      0.856074556886579,
      1.145900699177517,
      1.145900699177517
    ],
    [
      0.8203958205465315,
      0.0,
      0.7821835921881826,
      0.8162112830565864,
      0.9879481363229485,
      0.8594964129927978,
      1.2437430092310962,
      1.145900699177517,
      1.3098135294055333,
      1.3098135294055333
    ],
    [
      1.4061497472734468,
      0.7821835921881826,
      0.0,
      1.0611146563627256,
      1.117831778123768,
      0.5545131161419505,
      0.856074556886579,
      1.3098135294055333,
      1.4000235307704698,
      1.4000235307704698
    ],
    [
      0.9763172044665422,
      0.8162112830565864,
      1.0611146563627256,
      0.0,
      1.3969687856184192,
      1.1183369467856121,
      1.145900699177517,
      1.4000235307704698,
      1.0476219074986854,
      1.0476219074986854
    ],
    [
      1.1045903272328499,
      0.9879481363229485,
      1.117831778123768,
      1.3969687856184192,
      0.0,
      1.2437430092310962,
      1.3098135294055333,
      1.0476219074986854,
      1.459148586018111,
      1.459148586018111
    ],
    [
      1.128013201976782,
      0.8594964129927978,
      0.5545131161419505,
      1.1183369467856121,
      1.2437430092310962,
      0.0,
      1.4000235307704698,
      1.459148586018111,
      1.0159809268084727,
      1.0159809268084727
    ],
    [
      1.1183369467856121,
      1.2437430092310962,
      0.856074556886579,
      1.145900699177517,
      1.3098135294055333,
      1.4000235307704698,
      0.0,
      1.0159809268084727,
      1.0561461814068227,
      1.0561461814068227
    ],
    [
      0.856074556886579,
      1.145900699177517,
      1.3098135294055333,
      1.4000235307704698,
      1.0476219074986854,
      1.459148586018111,
      1.0159809268084727,
      0.0,
      1.3863312328920894,
      1.3863312328920894
    ],
    [
      1.145900699177517,
      1.3098135294055333,
      1.4000235307704698,
      1.0476219074986854,
      1.459148586018111,
      1.0159809268084727,
      1.0561461814068227,
      1.3863312328920894,
      0.0,
      1.052061803623973
    ],
    [
      1.145900699177517,
      1.3098135294055333,
      1.4000235307704698,
      1.0476219074986854,
      1.459148586018111,
      1.0159809268084727,
      1.0561461814068227,
      1.3863312328920894,
      1.052061803623973,
      0.0
    ]
  ]
}