{
  "servicechain": {
    "SC1": {
      "resptime": 31.96461304115492,
      "resptime_old": 21.964613041154927,
      "waittime": 18.18497753542993,
      "servicetime": 10.0,
      "networktime": 3.779635505724991,
      "services": {
        "MS1_1": {
          "meanserv": 0.5013433224828734,
          "stddevserv": 0.5013433224828734,
          "rate": 1.9946411075100365,
          "cv": 1.0,
          "lambda": 0.15
        },
        "MS1_2": {
          "meanserv": 1.6842076518213276,
          "stddevserv": 1.6842076518213276,
          "rate": 0.5937510133733123,
          "cv": 1.0,
          "lambda": 0.15
        },
        "MS1_3": {
          "meanserv": 2.057870568810017,
          "stddevserv": 2.057870568810017,
          "rate": 0.4859392107338701,
          "cv": 1.0,
          "lambda": 0.15
        },
        "MS1_4": {
          "meanserv": 0.21021713169072065,
          "stddevserv": 0.21021713169072065,
          "rate": 4.756986226371111,
          "cv": 1.0,
          "lambda": 0.15
        },
        "MS1_5": {
          "meanserv": 1.1312496606092912,
          "stddevserv": 1.1312496606092912,
          "rate": 0.883978165758211,
          "cv": 1.0,
          "lambda": 0.15
        },
        "MS1_6": {
          "meanserv": 0.5230719105829102,
          "stddevserv": 0.5230719105829102,
          "rate": 1.9117830259430335,
          "cv": 1.0,
          "lambda": 0.15
        },
        "MS1_7": {
          "meanserv": 0.5556601401616028,
          "stddevserv": 0.5556601401616028,
          "rate": 1.7996612096544655,
          "cv": 1.0,
          "lambda": 0.15
        },
        "MS1_8": {
          "meanserv": 2.7633752570065253,
          "stddevserv": 2.7633752570065253,
          "rate": 0.3618762951084926,
          "cv": 1.0,
          "lambda": 0.15
        },
        "MS1_9": {
          "meanserv": 0.21974717072027694,
          "stddevserv": 0.21974717072027694,
          "rate": 4.550684301064023,
          "cv": 1.0,
          "lambda": 0.15
        },
        "MS1_10": {
          "meanserv": 0.35325718611445467,
          "stddevserv": 0.35325718611445467,
          "rate": 2.830798747505173,
          "cv": 1.0,
          "lambda": 0.15
        }
      },
      "sensors": [
        "S1"
      ],
      "sources": [
        {
          "startTime": 0,
          "stopTime": -1,
          "lambda": 0.15
        }
      ]
    },
    "SC2": {
      "resptime": 29.67351355722292,
      "resptime_old": 19.67351355722292,
      "waittime": 17.761356473443143,
      "servicetime": 10.0,
      "networktime": 1.9121570837797741,
      "services": {
        "MS2_1": {
          "meanserv": 0.28621274645427075,
          "stddevserv": 0.28621274645427075,
          "rate": 3.493904490238256,
          "cv": 1.0,
          "lambda": 0.15
        },
        "MS2_2": {
          "meanserv": 0.6549395335844066,
          "stddevserv": 0.6549395335844066,
          "rate": 1.526858509406385,
          "cv": 1.0,
          "lambda": 0.15
        },
        "MS2_3": {
          "meanserv": 0.024478339010521877,
          "stddevserv": 0.024478339010521877,
          "rate": 40.85244507685573,
          "cv": 1.0,
          "lambda": 0.15
        },
        "MS2_4": {
          "meanserv": 1.172544403150656,
          "stddevserv": 1.172544403150656,
          "rate": 0.8528461671156974,
          "cv": 1.0,
          "lambda": 0.15
        },
        "MS2_5": {
          "meanserv": 1.4493706410242093,
          "stddevserv": 1.4493706410242093,
          "rate": 0.689954640790393,
          "cv": 1.0,
          "lambda": 0.15
        },
        "MS2_6": {
          "meanserv": 0.8789312612862465,
          "stddevserv": 0.8789312612862465,
          "rate": 1.1377454006318752,
          "cv": 1.0,
          "lambda": 0.15
        },
        "MS2_7": {
          "meanserv": 1.1768865393887618,
          "stddevserv": 1.1768865393887618,
          "rate": 0.8496995815071254,
          "cv": 1.0,
          "lambda": 0.15
        },
        "MS2_8": {
          "meanserv": 0.35488520632673914,
          "stddevserv": 0.35488520632673914,
          "rate": 2.817812583259135,
          "cv": 1.0,
          "lambda": 0.15
        },
        "MS2_9": {
          "meanserv": 1.556682458785807,
          "stddevserv": 1.556682458785807,
          "rate": 0.6423917699824199,
          "cv": 1.0,
          "lambda": 0.15
        },
        "MS2_10": {
          "meanserv": 2.445068870988381,
          "stddevserv": 2.445068870988381,
          "rate": 0.4089864346421316,
          "cv": 1.0,
          "lambda": 0.15
        }
      },
      "sensors": [
        "S2"
      ],
      "sources": [
        {
          "startTime": 0,
          "stopTime": -1,
          "lambda": 0.15
        }
      ]
    },
    "SC3": {
      "resptime": 31.366274761993886,
      "resptime_old": 21.366274761993886,
      "waittime": 17.32300553876703,
      "servicetime": 10.0,
      "networktime": 4.0432692232268534,
      "services": {
        "MS3_1": {
          "meanserv": 1.620891538904623,
          "stddevserv": 1.620891538904623,
          "rate": 0.6169444259520207,
          "cv": 1.0,
          "lambda": 0.15
        },
        "MS3_2": {
          "meanserv": 0.22489222570572953,
          "stddevserv": 0.22489222570572953,
          "rate": 4.446574339606099,
          "cv": 1.0,
          "lambda": 0.15
        },
        "MS3_3": {
          "meanserv": 1.3103748736512377,
          "stddevserv": 1.3103748736512377,
          "rate": 0.7631403960101837,
          "cv": 1.0,
          "lambda": 0.15
        },
        "MS3_4": {
          "meanserv": 0.1817762958881164,
          "stddevserv": 0.1817762958881164,
          "rate": 5.501267341345219,
          "cv": 1.0,
          "lambda": 0.15
        },
        "MS3_5": {
          "meanserv": 0.19212551699157698,
          "stddevserv": 0.19212551699157698,
          "rate": 5.20493069144918,
          "cv": 1.0,
          "lambda": 0.15
        },
        "MS3_6": {
          "meanserv": 0.31016905489281266,
          "stddevserv": 0.31016905489281266,
          "rate": 3.224048254412669,
          "cv": 1.0,
          "lambda": 0.15
        },
        "MS3_7": {
          "meanserv": 0.5017538451688077,
          "stddevserv": 0.5017538451688077,
          "rate": 1.9930091410930089,
          "cv": 1.0,
          "lambda": 0.15
        },
        "MS3_8": {
          "meanserv": 1.366834158802571,
          "stddevserv": 1.366834158802571,
          "rate": 0.7316176535096696,
          "cv": 1.0,
          "lambda": 0.15
        },
        "MS3_9": {
          "meanserv": 3.826256397507202,
          "stddevserv": 3.826256397507202,
          "rate": 0.26135206220145046,
          "cv": 1.0,
          "lambda": 0.15
        },
        "MS3_10": {
          "meanserv": 0.46492609248732286,
          "stddevserv": 0.46492609248732286,
          "rate": 2.1508794971047296,
          "cv": 1.0,
          "lambda": 0.15
        }
      },
      "sensors": [
        "S3"
      ],
      "sources": [
        {
          "startTime": 0,
          "stopTime": -1,
          "lambda": 0.15
        }
      ]
    },
    "SC4": {
      "resptime": 34.11841118777233,
      "resptime_old": 24.11841118777233,
      "waittime": 21.481090819119114,
      "servicetime": 10.0,
      "networktime": 2.6373203686532154,
      "services": {
        "MS4_1": {
          "meanserv": 0.7195006878774313,
          "stddevserv": 0.7195006878774313,
          "rate": 1.3898527365554827,
          "cv": 1.0,
          "lambda": 0.15
        },
        "MS4_2": {
          "meanserv": 0.5043793071510805,
          "stddevserv": 0.5043793071510805,
          "rate": 1.9826348659074995,
          "cv": 1.0,
          "lambda": 0.15
        },
        "MS4_3": {
          "meanserv": 0.12015562415835457,
          "stddevserv": 0.12015562415835457,
          "rate": 8.322540097516265,
          "cv": 1.0,
          "lambda": 0.15
        },
        "MS4_4": {
          "meanserv": 0.014569221090455775,
          "stddevserv": 0.014569221090455775,
          "rate": 68.63784918845765,
          "cv": 1.0,
          "lambda": 0.15
        },
        "MS4_5": {
          "meanserv": 0.636493179923241,
          "stddevserv": 0.636493179923241,
          "rate": 1.5711087432556572,
          "cv": 1.0,
          "lambda": 0.15
        },
        "MS4_6": {
          "meanserv": 1.4006389588049806,
          "stddevserv": 1.4006389588049806,
          "rate": 0.7139598636133868,
          "cv": 1.0,
          "lambda": 0.15
        },
        "MS4_7": {
          "meanserv": 3.7781403404623015,
          "stddevserv": 3.7781403404623015,
          "rate": 0.264680480312078,
          "cv": 1.0,
          "lambda": 0.15
        },
        "MS4_8": {
          "meanserv": 1.2663021778615722,
          "stddevserv": 1.2663021778615722,
          "rate": 0.7897009240627845,
          "cv": 1.0,
          "lambda": 0.15
        },
        "MS4_9": {
          "meanserv": 0.5414398037802073,
          "stddevserv": 0.5414398037802073,
          "rate": 1.8469273832810806,
          "cv": 1.0,
          "lambda": 0.15
        },
        "MS4_10": {
          "meanserv": 1.0183806988903754,
          "stddevserv": 1.0183806988903754,
          "rate": 0.9819510533630469,
          "cv": 1.0,
          "lambda": 0.15
        }
      },
      "sensors": [
        "S4"
      ],
      "sources": [
        {
          "startTime": 0,
          "stopTime": -1,
          "lambda": 0.15
        }
      ]
    }
  },
  "microservice": {
    "MS1_1": "F7",
    "MS1_2": "F10",
    "MS1_3": "F10",
    "MS1_4": "F1",
    "MS1_5": "F1",
    "MS1_6": "F1",
    "MS1_7": "F1",
    "MS1_8": "F4",
    "MS1_9": "F9",
    "MS1_10": "F9",
    "MS2_1": "F7",
    "MS2_2": "F7",
    "MS2_3": "F7",
    "MS2_4": "F7",
    "MS2_5": "F8",
    "MS2_6": "F8",
    "MS2_7": "F8",
    "MS2_8": "F8",
    "MS2_9": "F3",
    "MS2_10": "F3",
    "MS3_1": "F9",
    "MS3_2": "F9",
    "MS3_3": "F9",
    "MS3_4": "F7",
    "MS3_5": "F7",
    "MS3_6": "F7",
    "MS3_7": "F7",
    "MS3_8": "F2",
    "MS3_9": "F5",
    "MS3_10": "F8",
    "MS4_1": "F1",
    "MS4_2": "F1",
    "MS4_3": "F1",
    "MS4_4": "F1",
    "MS4_5": "F1",
    "MS4_6": "F4",
    "MS4_7": "F6",
    "MS4_8": "F2",
    "MS4_9": "F2",
    "MS4_10": "F2"
  },
  "sensor": {
    "S1": "F7",
    "S2": "F7",
    "S3": "F9",
    "S4": "F1"
  },
  "fog": {
    "F1": {
      "rho": 0.6622945294867632,
      "capacity": 1.0,
      "tserv": 0.4905885403605654,
      "stddev": 0.6691761701339856,
      "mu": 2.0383680370214825,
      "cv": 1.3640273163375658,
      "lambda": 1.3499999999999999,
      "twait": 1.376109947387975
    },
    "F2": {
      "rho": 0.6289435259002089,
      "capacity": 1.0,
      "tserv": 1.0482392098336815,
      "stddev": 1.1411402740791796,
      "mu": 0.9539807236925097,
      "cv": 1.0886258245007248,
      "lambda": 0.6,
      "twait": 1.9412192486197057
    },
    "F3": {
      "rho": 0.6002626994661282,
      "capacity": 1.0,
      "tserv": 2.000875664887094,
      "stddev": 2.0971691956135663,
      "mu": 0.49978117958490353,
      "cv": 1.0481256943728714,
      "lambda": 0.3,
      "twait": 3.152678790600845
    },
    "F4": {
      "rho": 0.6246021323717259,
      "capacity": 1.0,
      "tserv": 2.082007107905753,
      "stddev": 2.294183668887062,
      "mu": 0.4803057569798015,
      "cv": 1.1019096237354986,
      "lambda": 0.3,
      "twait": 3.835143909286531
    },
    "F5": {
      "rho": 0.5739384596260803,
      "capacity": 1.0,
      "tserv": 3.8262563975072017,
      "stddev": 3.826256397507202,
      "mu": 0.26135206220145046,
      "cv": 1.0000000000000002,
      "lambda": 0.15,
      "twait": 5.154268796457047
    },
    "F6": {
      "rho": 0.5667210510693452,
      "capacity": 1.0,
      "tserv": 3.7781403404623015,
      "stddev": 3.7781403404623015,
      "mu": 0.264680480312078,
      "cv": 1.0,
      "lambda": 0.15,
      "twait": 4.941739427033589
    },
    "F7": {
      "rho": 0.5738014586436063,
      "capacity": 1.0,
      "tserv": 0.4250381175137825,
      "stddev": 0.6222944133653681,
      "mu": 2.3527301641777423,
      "cv": 1.4640908373239943,
      "lambda": 1.3499999999999999,
      "twait": 0.899434620530757
    },
    "F8": {
      "rho": 0.6487499610769919,
      "capacity": 1.0,
      "tserv": 0.8649999481026559,
      "stddev": 1.044948773734813,
      "mu": 1.1560694335224662,
      "cv": 1.208033336911601,
      "lambda": 0.75,
      "twait": 1.964565102529606
    },
    "F9": {
      "rho": 0.5593744492644483,
      "capacity": 1.0,
      "tserv": 0.7458325990192645,
      "stddev": 1.1273618758417303,
      "mu": 1.3407834429803067,
      "cv": 1.5115481373758124,
      "lambda": 0.75,
      "twait": 1.5550713030125483
    },
    "F10": {
      "rho": 0.5613117330947017,
      "capacity": 1.0,
      "tserv": 1.8710391103156725,
      "stddev": 1.8896029583214329,
      "mu": 0.5344623714633548,
      "cv": 1.009921678228644,
      "lambda": 0.3,
      "twait": 2.4179083050178236
    }
  },
  "extra": {
    "deltatime": 2.7596985,
    "conv": 8,
    "obj_func": 31.780703137036014
  },
  "network": [
    [
      0.0,
      0.9988620708222075,
      0.8135618803870315,
      0.8898966865129386,
      1.346911281908669,
      0.5687443343056849,
      0.715609235576687,
      1.0102894591258176,
      1.136890203480356,
      1.136890203480356
    ],
    [
      0.9988620708222075,
      0.0,
      0.8468640397888442,
      1.3633896174400884,
      1.0814044223267758,
      1.03181444656359,
      1.209016185168381,
      1.136890203480356,
      0.9269048691509258,
      0.9269048691509258
    ],
    [
      0.8135618803870315,
      0.8468640397888442,
      0.0,
      0.9982117961668335,
      1.0722739675577115,
      0.895030468529075,
      1.0102894591258176,
      0.9269048691509258,
      1.2110200000709659,
      1.2110200000709659
    ],
    [
      0.8898966865129386,
      1.3633896174400884,
      0.9982117961668335,
      0.0,
      1.10282893263147,
      0.715609235576687,
      1.136890203480356,
      1.2110200000709659,
      0.6033185328543863,
      0.6033185328543863
    ],
    [
      1.346911281908669,
      1.0814044223267758,
      1.0722739675577115,
      1.10282893263147,
      0.0,
      1.209016185168381,
      0.9269048691509258,
      0.6033185328543863,
      1.23851947194182,
      1.23851947194182
    ],
    [
      0.5687443343056849,
      1.03181444656359,
      0.895030468529075,
      0.715609235576687,
      1.209016185168381,
      0.0,
      1.2110200000709659,
      1.23851947194182,
      0.9852522146288483,
      0.9852522146288483
    ],
    [
      0.715609235576687,
      1.209016185168381,
      1.0102894591258176,
      1.136890203480356,
      0.9269048691509258,
      1.2110200000709659,
      0.0,
      0.9852522146288483,
      1.1495300828773098,
      1.1495300828773098
    ],
    [
      1.0102894591258176,
      1.136890203480356,
      0.9269048691509258,
      1.2110200000709659,
      0.6033185328543863,
      1.23851947194182,
      0.9852522146288483,
      0.0,
      1.1535219020470058,
      1.1535219020470058
    ],
    [
      1.136890203480356,
      0.9269048691509258,
      1.2110200000709659,
      0.6033185328543863,
      1.23851947194182,
      0.9852522146288483,
      1.1495300828773098,
      1.1535219020470058,
      0.0,
      1.153841947746134
    ],
    [
      1.136890203480356,
      0.9269048691509258,
      1.2110200000709659,
      0.6033185328543863,
      1.23851947194182,
      0.9852522146288483,
      1.1495300828773098,
      1.1535219020470058,
      1.153841947746134,
      0.0
    ]
  ]
}