{
  "servicechain": {
    "SC1": {
      "resptime": 36.90771323910103,
      "resptime_old": 26.907713239101025,
      "waittime": 23.651932629540532,
      "servicetime": 10.0,
      "networktime": 3.2557806095604933,
      "services": {
        "MS1_1": {
          "meanserv": 0.9230937648895532,
          "stddevserv": 0.9230937648895532,
          "rate": 1.0833135679555246,
          "cv": 1.0,
          "lambda": 0.15
        },
        "MS1_2": {
          "meanserv": 1.629994711970404,
          "stddevserv": 1.629994711970404,
          "rate": 0.6134989228223687,
          "cv": 1.0,
          "lambda": 0.15
        },
        "MS1_3": {
          "meanserv": 0.24719232313607176,
          "stddevserv": 0.24719232313607176,
          "rate": 4.045433075401499,
          "cv": 1.0,
          "lambda": 0.15
        },
        "MS1_4": {
          "meanserv": 1.9872694950445173,
          "stddevserv": 1.9872694950445173,
          "rate": 0.5032030142331545,
          "cv": 1.0,
          "lambda": 0.15
        },
        "MS1_5": {
          "meanserv": 0.9105726617484233,
          "stddevserv": 0.9105726617484233,
          "rate": 1.0982099968605075,
          "cv": 1.0,
          "lambda": 0.15
        },
        "MS1_6": {
          "meanserv": 0.17279122284139703,
          "stddevserv": 0.17279122284139703,
          "rate": 5.787330997234089,
          "cv": 1.0,
          "lambda": 0.15
        },
        "MS1_7": {
          "meanserv": 0.6152638223429099,
          "stddevserv": 0.6152638223429099,
          "rate": 1.6253190317480783,
          "cv": 1.0,
          "lambda": 0.15
        },
        "MS1_8": {
          "meanserv": 0.5096472441567341,
          "stddevserv": 0.5096472441567341,
          "rate": 1.9621414840663114,
          "cv": 1.0,
          "lambda": 0.15
        },
        "MS1_9": {
          "meanserv": 0.10650413137277148,
          "stddevserv": 0.10650413137277148,
          "rate": 9.38930712931627,
          "cv": 1.0,
          "lambda": 0.15
        },
        "MS1_10": {
          "meanserv": 2.897670622497218,
          "stddevserv": 2.897670622497218,
          "rate": 0.3451047859739828,
          "cv": 1.0,
          "lambda": 0.15
        }
      },
      "sensors": [
        "S1"
      ],
      "sources": [
        {
          "startTime": 0,
          "stopTime": -1,
          "lambda": 0.15
        }
      ]
    },
    "SC2": {
      "resptime": 39.47263732102536,
      "resptime_old": 29.472637321025363,
      "waittime": 24.379441582941258,
      "servicetime": 10.0,
      "networktime": 5.093195738084102,
      "services": {
        "MS2_1": {
          "meanserv": 0.36144871649944066,
          "stddevserv": 0.36144871649944066,
          "rate": 2.7666442135548364,
          "cv": 1.0,
          "lambda": 0.15
        },
        "MS2_2": {
          "meanserv": 1.811698660793749,
          "stddevserv": 1.811698660793749,
          "rate": 0.5519681730966649,
          "cv": 1.0,
          "lambda": 0.15
        },
        "MS2_3": {
          "meanserv": 2.361014774807689,
          "stddevserv": 2.361014774807689,
          "rate": 0.4235466930025682,
          "cv": 1.0,
          "lambda": 0.15
        },
        "MS2_4": {
          "meanserv": 1.7824603708788445,
          "stddevserv": 1.7824603708788445,
          "rate": 0.561022290502284,
          "cv": 1.0,
          "lambda": 0.15
        },
        "MS2_5": {
          "meanserv": 0.13952858608553775,
          "stddevserv": 0.13952858608553775,
          "rate": 7.166990134816903,
          "cv": 1.0,
          "lambda": 0.15
        },
        "MS2_6": {
          "meanserv": 0.38867878612661233,
          "stddevserv": 0.38867878612661233,
          "rate": 2.5728185733148026,
          "cv": 1.0,
          "lambda": 0.15
        },
        "MS2_7": {
          "meanserv": 0.2733817801485543,
          "stddevserv": 0.2733817801485543,
          "rate": 3.657888244990595,
          "cv": 1.0,
          "lambda": 0.15
        },
        "MS2_8": {
          "meanserv": 0.4742905721199522,
          "stddevserv": 0.4742905721199522,
          "rate": 2.1084121396937476,
          "cv": 1.0,
          "lambda": 0.15
        },
        "MS2_9": {
          "meanserv": 1.3970942511036997,
          "stddevserv": 1.3970942511036997,
          "rate": 0.7157713226648835,
          "cv": 1.0,
          "lambda": 0.15
        },
        "MS2_10": {
          "meanserv": 1.0104035014359205,
          "stddevserv": 1.0104035014359205,
          "rate": 0.9897036169994109,
          "cv": 1.0,
          "lambda": 0.15
        }
      },
      "sensors": [
        "S2"
      ],
      "sources": [
        {
          "startTime": 0,
          "stopTime": -1,
          "lambda": 0.15
        }
      ]
    },
    "SC3": {
      "resptime": 37.95688385776934,
      "resptime_old": 27.956883857769345,
      "waittime": 21.678961796773592,
      "servicetime": 10.0,
      "networktime": 6.277922060995751,
      "services": {
        "MS3_1": {
          "meanserv": 1.496345958610038,
          "stddevserv": 1.496345958610038,
          "rate": 0.6682946508766623,
          "cv": 1.0,
          "lambda": 0.15
        },
        "MS3_2": {
          "meanserv": 1.2538972431207018,
          "stddevserv": 1.2538972431207018,
          "rate": 0.7975135167465542,
          "cv": 1.0,
          "lambda": 0.15
        },
        "MS3_3": {
          "meanserv": 0.503038377794629,
          "stddevserv": 0.503038377794629,
          "rate": 1.9879198966569924,
          "cv": 1.0,
          "lambda": 0.15
        },
        "MS3_4": {
          "meanserv": 0.8501225948029494,
          "stddevserv": 0.8501225948029494,
          "rate": 1.176300931316607,
          "cv": 1.0,
          "lambda": 0.15
        },
        "MS3_5": {
          "meanserv": 1.514207195044003,
          "stddevserv": 1.514207195044003,
          "rate": 0.6604116023705329,
          "cv": 1.0,
          "lambda": 0.15
        },
        "MS3_6": {
          "meanserv": 1.1046530247966464,
          "stddevserv": 1.1046530247966464,
          "rate": 0.905261631980855,
          "cv": 1.0,
          "lambda": 0.15
        },
        "MS3_7": {
          "meanserv": 0.5959931971894701,
          "stddevserv": 0.5959931971894701,
          "rate": 1.6778715004058906,
          "cv": 1.0,
          "lambda": 0.15
        },
        "MS3_8": {
          "meanserv": 0.8225278217456617,
          "stddevserv": 0.8225278217456617,
          "rate": 1.2157643468857828,
          "cv": 1.0,
          "lambda": 0.15
        },
        "MS3_9": {
          "meanserv": 0.3340361606303013,
          "stddevserv": 0.3340361606303013,
          "rate": 2.9936878633531014,
          "cv": 1.0,
          "lambda": 0.15
        },
        "MS3_10": {
          "meanserv": 1.5251784262655992,
          "stddevserv": 1.5251784262655992,
          "rate": 0.6556609920378306,
          "cv": 1.0,
          "lambda": 0.15
        }
      },
      "sensors": [
        "S3"
      ],
      "sources": [
        {
          "startTime": 0,
          "stopTime": -1,
          "lambda": 0.15
        }
      ]
    },
    "SC4": {
      "resptime": 38.60541475140621,
      "resptime_old": 28.605414751406208,
      "waittime": 24.454072499868637,
      "servicetime": 10.0,
      "networktime": 4.151342251537569,
      "services": {
        "MS4_1": {
          "meanserv": 0.06923233694044573,
          "stddevserv": 0.06923233694044573,
          "rate": 14.444117361807516,
          "cv": 1.0,
          "lambda": 0.15
        },
        "MS4_2": {
          "meanserv": 1.315385849186429,
          "stddevserv": 1.315385849186429,
          "rate": 0.7602332050466437,
          "cv": 1.0,
          "lambda": 0.15
        },
        "MS4_3": {
          "meanserv": 0.006205502352497616,
          "stddevserv": 0.006205502352497616,
          "rate": 161.1473081784452,
          "cv": 1.0,
          "lambda": 0.15
        },
        "MS4_4": {
          "meanserv": 0.39078590541565594,
          "stddevserv": 0.39078590541565594,
          "rate": 2.558945924460502,
          "cv": 1.0,
          "lambda": 0.15
        },
        "MS4_5": {
          "meanserv": 0.40293499267369803,
          "stddevserv": 0.40293499267369803,
          "rate": 2.4817899119767266,
          "cv": 1.0,
          "lambda": 0.15
        },
        "MS4_6": {
          "meanserv": 2.4555006241587756,
          "stddevserv": 2.4555006241587756,
          "rate": 0.4072489292657328,
          "cv": 1.0,
          "lambda": 0.15
        },
        "MS4_7": {
          "meanserv": 2.7978060709493633,
          "stddevserv": 2.7978060709493633,
          "rate": 0.35742291446979235,
          "cv": 1.0,
          "lambda": 0.15
        },
        "MS4_8": {
          "meanserv": 1.1323444045364663,
          "stddevserv": 1.1323444045364663,
          "rate": 0.8831235408535952,
          "cv": 1.0,
          "lambda": 0.15
        },
        "MS4_9": {
          "meanserv": 1.069561708805841,
          "stddevserv": 1.069561708805841,
          "rate": 0.93496241662998,
          "cv": 1.0,
          "lambda": 0.15
        },
        "MS4_10": {
          "meanserv": 0.3602426049808276,
          "stddevserv": 0.3602426049808276,
          "rate": 2.7759070864292155,
          "cv": 1.0,
          "lambda": 0.15
        }
      },
      "sensors": [
        "S4"
      ],
      "sources": [
        {
          "startTime": 0,
          "stopTime": -1,
          "lambda": 0.15
        }
      ]
    }
  },
  "microservice": {
    "MS1_1": "F5",
    "MS1_2": "F5",
    "MS1_3": "F4",
    "MS1_4": "F4",
    "MS1_5": "F4",
    "MS1_6": "F9",
    "MS1_7": "F9",
    "MS1_8": "F9",
    "MS1_9": "F9",
    "MS1_10": "F1",
    "MS2_1": "F5",
    "MS2_2": "F9",
    "MS2_3": "F3",
    "MS2_4": "F10",
    "MS2_5": "F10",
    "MS2_6": "F3",
    "MS2_7": "F2",
    "MS2_8": "F2",
    "MS2_9": "F6",
    "MS2_10": "F6",
    "MS3_1": "F8",
    "MS3_2": "F10",
    "MS3_3": "F10",
    "MS3_4": "F8",
    "MS3_5": "F8",
    "MS3_6": "F4",
    "MS3_7": "F10",
    "MS3_8": "F7",
    "MS3_9": "F6",
    "MS3_10": "F6",
    "MS4_1": "F5",
    "MS4_2": "F5",
    "MS4_3": "F5",
    "MS4_4": "F1",
    "MS4_5": "F7",
    "MS4_6": "F7",
    "MS4_7": "F2",
    "MS4_8": "F9",
    "MS4_9": "F3",
    "MS4_10": "F3"
  },
  "sensor": {
    "S1": "F5",
    "S2": "F5",
    "S3": "F8",
    "S4": "F5"
  },
  "fog": {
    "F1": {
      "rho": 0.49326847918693106,
      "capacity": 1.0,
      "tserv": 1.644228263956437,
      "stddev": 2.4177928108838755,
      "mu": 0.6081880611842435,
      "cv": 1.4704727219966667,
      "lambda": 0.3,
      "twait": 2.530691789205486
    },
    "F2": {
      "rho": 0.5318217634826804,
      "capacity": 1.0,
      "tserv": 1.1818261410726232,
      "stddev": 2.005382492788889,
      "mu": 0.8461481475544296,
      "cv": 1.6968506814114024,
      "lambda": 0.44999999999999996,
      "twait": 2.603946741187162
    },
    "F3": {
      "rho": 0.6269246812081455,
      "capacity": 1.0,
      "tserv": 1.0448744686802425,
      "stddev": 1.5517205995978247,
      "mu": 0.9570527656428217,
      "cv": 1.485078491350036,
      "lambda": 0.6,
      "twait": 2.814123018790644
    },
    "F4": {
      "rho": 0.6374531257088488,
      "capacity": 1.0,
      "tserv": 1.0624218761814148,
      "stddev": 1.3788155210343065,
      "mu": 0.9412456787827326,
      "cv": 1.2978041510121028,
      "lambda": 0.6,
      "twait": 2.5071564800755155
    },
    "F5": {
      "rho": 0.6458041322758155,
      "capacity": 1.0,
      "tserv": 0.7175601469731283,
      "stddev": 1.1299002755249148,
      "mu": 1.393611398596038,
      "cv": 1.5746419032483252,
      "lambda": 0.9,
      "twait": 2.2761565342363568
    },
    "F6": {
      "rho": 0.640006850915328,
      "capacity": 1.0,
      "tserv": 1.0666780848588802,
      "stddev": 1.251984963427916,
      "mu": 0.9374899645869245,
      "cv": 1.1737233390273991,
      "lambda": 0.6,
      "twait": 2.2544333070612277
    },
    "F7": {
      "rho": 0.5521445157867203,
      "capacity": 1.0,
      "tserv": 1.2269878128593785,
      "stddev": 1.753119752850632,
      "mu": 0.8150040200233082,
      "cv": 1.4287996461555335,
      "lambda": 0.44999999999999996,
      "twait": 2.3004268731383415
    },
    "F8": {
      "rho": 0.5791013622685486,
      "capacity": 1.0,
      "tserv": 1.2868919161523302,
      "stddev": 1.3590307521119103,
      "mu": 0.7770660359650821,
      "cv": 1.0560566392982462,
      "lambda": 0.44999999999999996,
      "twait": 1.8726301106201495
    },
    "F9": {
      "rho": 0.6522374229066041,
      "capacity": 1.0,
      "tserv": 0.7247082476740045,
      "stddev": 1.105793768674458,
      "mu": 1.3798656262151854,
      "cv": 1.525846811076831,
      "lambda": 0.9,
      "twait": 2.2618645829089465
    },
    "F10": {
      "rho": 0.6412376662603774,
      "capacity": 1.0,
      "tserv": 0.8549835550138365,
      "stddev": 1.1915795900676394,
      "mu": 1.1696131394992932,
      "cv": 1.3936871453022925,
      "lambda": 0.75,
      "twait": 2.248207165858945
    }
  },
  "extra": {
    "deltatime": 0.0461969,
    "obj_func": 38.235662292325486
  },
  "network": [
    [
      0.0,
      1.0048724115711614,
      0.8408972871066125,
      1.4345359889104887,
      0.9220668327762134,
      1.1510691366020753,
      0.8309646152634034,
      1.1469341273057527,
      1.2701369011562873,
      1.2701369011562873
    ],
    [
      1.0048724115711614,
      0.0,
      1.024374564779358,
      1.2840902485028112,
      0.8792659318817512,
      0.9665000414573472,
      0.4957815558191466,
      1.2701369011562873,
      1.0186262304955764,
      1.0186262304955764
    ],
    [
      0.8408972871066125,
      1.024374564779358,
      0.0,
      0.5497002234835061,
      0.9472595688113147,
      1.0558986550941372,
      1.1469341273057527,
      1.0186262304955764,
      0.8839030171832293,
      0.8839030171832293
    ],
    [
      1.4345359889104887,
      1.2840902485028112,
      0.5497002234835061,
      0.0,
      0.9741686826924019,
      0.8309646152634034,
      1.2701369011562873,
      0.8839030171832293,
      1.0114750257118044,
      1.0114750257118044
    ],
    [
      0.9220668327762134,
      0.8792659318817512,
      0.9472595688113147,
      0.9741686826924019,
      0.0,
      0.4957815558191466,
      1.0186262304955764,
      1.0114750257118044,
      0.4506120802977085,
      0.4506120802977085
    ],
    [
      1.1510691366020753,
      0.9665000414573472,
      1.0558986550941372,
      0.8309646152634034,
      0.4957815558191466,
      0.0,
      0.8839030171832293,
      0.4506120802977085,
      0.5804264499191923,
      0.5804264499191923
    ],
    [
      0.8309646152634034,
      0.4957815558191466,
      1.1469341273057527,
      1.2701369011562873,
      1.0186262304955764,
      0.8839030171832293,
      0.0,
      0.5804264499191923,
      1.1486062893243887,
      1.1486062893243887
    ],
    [
      1.1469341273057527,
      1.2701369011562873,
      1.0186262304955764,
      0.8839030171832293,
      1.0114750257118044,
      0.4506120802977085,
      0.5804264499191923,
      0.0,
      1.1750173557965498,
      1.1750173557965498
    ],
    [
      1.2701369011562873,
      1.0186262304955764,
      0.8839030171832293,
      1.0114750257118044,
      0.4506120802977085,
      0.5804264499191923,
      1.1486062893243887,
      1.1750173557965498,
      0.0,
      1.3439121883834895
    ],
    [
      1.2701369011562873,
      1.0186262304955764,
      0.8839030171832293,
      1.0114750257118044,
      0.4506120802977085,
      0.5804264499191923,
      1.1486062893243887,
      1.1750173557965498,
      1.3439121883834895,
      0.0
    ]
  ]
}