{
  "servicechain": {
    "SC1": {
      "resptime": 36.245785762642434,
      "resptime_old": 26.24578576264243,
      "waittime": 20.550735010711918,
      "servicetime": 10.0,
      "networktime": 5.6950507519305145,
      "services": {
        "MS1_1": {
          "meanserv": 1.8925437705716475,
          "stddevserv": 1.8925437705716475,
          "rate": 0.5283893643833387,
          "cv": 1.0,
          "lambda": 0.15
        },
        "MS1_2": {
          "meanserv": 0.682842987683643,
          "stddevserv": 0.682842987683643,
          "rate": 1.4644655038374559,
          "cv": 1.0,
          "lambda": 0.15
        },
        "MS1_3": {
          "meanserv": 0.8974950175768104,
          "stddevserv": 0.8974950175768104,
          "rate": 1.1142123136236988,
          "cv": 1.0,
          "lambda": 0.15
        },
        "MS1_4": {
          "meanserv": 1.2427990484361873,
          "stddevserv": 1.2427990484361873,
          "rate": 0.804635311926171,
          "cv": 1.0,
          "lambda": 0.15
        },
        "MS1_5": {
          "meanserv": 0.2183984600341784,
          "stddevserv": 0.2183984600341784,
          "rate": 4.578786864355657,
          "cv": 1.0,
          "lambda": 0.15
        },
        "MS1_6": {
          "meanserv": 1.4813027513223602,
          "stddevserv": 1.4813027513223602,
          "rate": 0.6750814437543569,
          "cv": 1.0,
          "lambda": 0.15
        },
        "MS1_7": {
          "meanserv": 0.0014701615564653991,
          "stddevserv": 0.0014701615564653991,
          "rate": 680.1973535508752,
          "cv": 1.0,
          "lambda": 0.15
        },
        "MS1_8": {
          "meanserv": 0.952222638847438,
          "stddevserv": 0.952222638847438,
          "rate": 1.0501745696892812,
          "cv": 1.0,
          "lambda": 0.15
        },
        "MS1_9": {
          "meanserv": 0.15766189179120182,
          "stddevserv": 0.15766189179120182,
          "rate": 6.342686800462483,
          "cv": 1.0,
          "lambda": 0.15
        },
        "MS1_10": {
          "meanserv": 0.9938039749788139,
          "stddevserv": 0.9938039749788139,
          "rate": 1.0062346551001853,
          "cv": 1.0,
          "lambda": 0.15
        },
        "MS1_11": {
          "meanserv": 0.4864915669552783,
          "stddevserv": 0.4864915669552783,
          "rate": 2.055534089231041,
          "cv": 1.0,
          "lambda": 0.15
        },
        "MS1_12": {
          "meanserv": 0.9929677302459758,
          "stddevserv": 0.9929677302459758,
          "rate": 1.007082072800374,
          "cv": 1.0,
          "lambda": 0.15
        }
      },
      "sensors": [
        "S1"
      ],
      "sources": [
        {
          "startTime": 0,
          "stopTime": -1,
          "lambda": 0.15
        }
      ]
    },
    "SC2": {
      "resptime": 38.05724558722585,
      "resptime_old": 28.057245587225847,
      "waittime": 22.584762780954126,
      "servicetime": 10.0,
      "networktime": 5.472482806271724,
      "services": {
        "MS2_1": {
          "meanserv": 0.2284129759240794,
          "stddevserv": 0.2284129759240794,
          "rate": 4.37803498664797,
          "cv": 1.0,
          "lambda": 0.15
        },
        "MS2_2": {
          "meanserv": 1.7536192392821337,
          "stddevserv": 1.7536192392821337,
          "rate": 0.570249218073909,
          "cv": 1.0,
          "lambda": 0.15
        },
        "MS2_3": {
          "meanserv": 1.0136703060113037,
          "stddevserv": 1.0136703060113037,
          "rate": 0.9865140510378616,
          "cv": 1.0,
          "lambda": 0.15
        },
        "MS2_4": {
          "meanserv": 0.9822691432987067,
          "stddevserv": 0.9822691432987067,
          "rate": 1.0180509148864725,
          "cv": 1.0,
          "lambda": 0.15
        },
        "MS2_5": {
          "meanserv": 0.3629120049724204,
          "stddevserv": 0.3629120049724204,
          "rate": 2.75548889620225,
          "cv": 1.0,
          "lambda": 0.15
        },
        "MS2_6": {
          "meanserv": 1.2271704452393655,
          "stddevserv": 1.2271704452393655,
          "rate": 0.8148827278878487,
          "cv": 1.0,
          "lambda": 0.15
        },
        "MS2_7": {
          "meanserv": 0.6594780024079361,
          "stddevserv": 0.6594780024079361,
          "rate": 1.5163508052561634,
          "cv": 1.0,
          "lambda": 0.15
        },
        "MS2_8": {
          "meanserv": 0.6046760960667976,
          "stddevserv": 0.6046760960667976,
          "rate": 1.6537779589843942,
          "cv": 1.0,
          "lambda": 0.15
        },
        "MS2_9": {
          "meanserv": 0.3298521281499722,
          "stddevserv": 0.3298521281499722,
          "rate": 3.0316615072598077,
          "cv": 1.0,
          "lambda": 0.15
        },
        "MS2_10": {
          "meanserv": 1.0162836990803683,
          "stddevserv": 1.0162836990803683,
          "rate": 0.9839772111910253,
          "cv": 1.0,
          "lambda": 0.15
        },
        "MS2_11": {
          "meanserv": 0.641676289416532,
          "stddevserv": 0.641676289416532,
          "rate": 1.5584181876336543,
          "cv": 1.0,
          "lambda": 0.15
        },
        "MS2_12": {
          "meanserv": 1.1799796701503844,
          "stddevserv": 1.1799796701503844,
          "rate": 0.8474722279516506,
          "cv": 1.0,
          "lambda": 0.15
        }
      },
      "sensors": [
        "S2"
      ],
      "sources": [
        {
          "startTime": 0,
          "stopTime": -1,
          "lambda": 0.15
        }
      ]
    },
    "SC3": {
      "resptime": 35.34356794060778,
      "resptime_old": 25.343567940607777,
      "waittime": 21.66785808847917,
      "servicetime": 10.0,
      "networktime": 3.6757098521286067,
      "services": {
        "MS3_1": {
          "meanserv": 0.794457989372227,
          "stddevserv": 0.794457989372227,
          "rate": 1.258719798123234,
          "cv": 1.0,
          "lambda": 0.15
        },
        "MS3_2": {
          "meanserv": 0.43870882846668957,
          "stddevserv": 0.43870882846668957,
          "rate": 2.279416175633056,
          "cv": 1.0,
          "lambda": 0.15
        },
        "MS3_3": {
          "meanserv": 1.825228185213471,
          "stddevserv": 1.825228185213471,
          "rate": 0.54787670281513,
          "cv": 1.0,
          "lambda": 0.15
        },
        "MS3_4": {
          "meanserv": 0.6894772632807742,
          "stddevserv": 0.6894772632807742,
          "rate": 1.4503741504711118,
          "cv": 1.0,
          "lambda": 0.15
        },
        "MS3_5": {
          "meanserv": 0.626919310330754,
          "stddevserv": 0.626919310330754,
          "rate": 1.595101608008236,
          "cv": 1.0,
          "lambda": 0.15
        },
        "MS3_6": {
          "meanserv": 0.7870037563149266,
          "stddevserv": 0.7870037563149266,
          "rate": 1.270641965779692,
          "cv": 1.0,
          "lambda": 0.15
        },
        "MS3_7": {
          "meanserv": 1.3522643860776276,
          "stddevserv": 1.3522643860776276,
          "rate": 0.7395003597636671,
          "cv": 1.0,
          "lambda": 0.15
        },
        "MS3_8": {
          "meanserv": 1.1369232932632585,
          "stddevserv": 1.1369232932632585,
          "rate": 0.8795668150396903,
          "cv": 1.0,
          "lambda": 0.15
        },
        "MS3_9": {
          "meanserv": 0.18550017939313168,
          "stddevserv": 0.18550017939313168,
          "rate": 5.390830366156648,
          "cv": 1.0,
          "lambda": 0.15
        },
        "MS3_10": {
          "meanserv": 0.44447679541789853,
          "stddevserv": 0.44447679541789853,
          "rate": 2.2498362351172836,
          "cv": 1.0,
          "lambda": 0.15
        },
        "MS3_11": {
          "meanserv": 1.0726046048827964,
          "stddevserv": 1.0726046048827964,
          "rate": 0.9323100007660978,
          "cv": 1.0,
          "lambda": 0.15
        },
        "MS3_12": {
          "meanserv": 0.6464354079864449,
          "stddevserv": 0.6464354079864449,
          "rate": 1.5469449656460788,
          "cv": 1.0,
          "lambda": 0.15
        }
      },
      "sensors": [
        "S3"
      ],
      "sources": [
        {
          "startTime": 0,
          "stopTime": -1,
          "lambda": 0.15
        }
      ]
    },
    "SC4": {
      "resptime": 37.37692564327164,
      "resptime_old": 27.376925643271637,
      "waittime": 24.069982631928035,
      "servicetime": 10.0,
      "networktime": 3.3069430113436025,
      "services": {
        "MS4_1": {
          "meanserv": 0.40310375181615843,
          "stddevserv": 0.40310375181615843,
          "rate": 2.480750912127618,
          "cv": 1.0,
          "lambda": 0.15
        },
        "MS4_2": {
          "meanserv": 2.885067009358435,
          "stddevserv": 2.885067009358435,
          "rate": 0.34661239990483766,
          "cv": 1.0,
          "lambda": 0.15
        },
        "MS4_3": {
          "meanserv": 0.8489245217415906,
          "stddevserv": 0.8489245217415906,
          "rate": 1.1779610252610846,
          "cv": 1.0,
          "lambda": 0.15
        },
        "MS4_4": {
          "meanserv": 0.06857433461097617,
          "stddevserv": 0.06857433461097617,
          "rate": 14.582715321599892,
          "cv": 1.0,
          "lambda": 0.15
        },
        "MS4_5": {
          "meanserv": 1.745976138212268,
          "stddevserv": 1.745976138212268,
          "rate": 0.5727455135921362,
          "cv": 1.0,
          "lambda": 0.15
        },
        "MS4_6": {
          "meanserv": 0.005036531579517778,
          "stddevserv": 0.005036531579517778,
          "rate": 198.54933582998498,
          "cv": 1.0,
          "lambda": 0.15
        },
        "MS4_7": {
          "meanserv": 0.11908723245344888,
          "stddevserv": 0.11908723245344888,
          "rate": 8.397205807859372,
          "cv": 1.0,
          "lambda": 0.15
        },
        "MS4_8": {
          "meanserv": 0.7669766707734782,
          "stddevserv": 0.7669766707734782,
          "rate": 1.303820622068626,
          "cv": 1.0,
          "lambda": 0.15
        },
        "MS4_9": {
          "meanserv": 1.0348050120597527,
          "stddevserv": 1.0348050120597527,
          "rate": 0.9663656325064813,
          "cv": 1.0,
          "lambda": 0.15
        },
        "MS4_10": {
          "meanserv": 0.057653873443651804,
          "stddevserv": 0.057653873443651804,
          "rate": 17.344888387722175,
          "cv": 1.0,
          "lambda": 0.15
        },
        "MS4_11": {
          "meanserv": 1.981041070344344,
          "stddevserv": 1.981041070344344,
          "rate": 0.5047850925302524,
          "cv": 1.0,
          "lambda": 0.15
        },
        "MS4_12": {
          "meanserv": 0.08375385360637821,
          "stddevserv": 0.08375385360637821,
          "rate": 11.939749121273218,
          "cv": 1.0,
          "lambda": 0.15
        }
      },
      "sensors": [
        "S4"
      ],
      "sources": [
        {
          "startTime": 0,
          "stopTime": -1,
          "lambda": 0.15
        }
      ]
    }
  },
  "microservice": {
    "MS1_1": "F3",
    "MS1_2": "F3",
    "MS1_3": "F7",
    "MS1_4": "F9",
    "MS1_5": "F9",
    "MS1_6": "F7",
    "MS1_7": "F7",
    "MS1_8": "F9",
    "MS1_9": "F9",
    "MS1_10": "F4",
    "MS1_11": "F8",
    "MS1_12": "F3",
    "MS2_1": "F5",
    "MS2_2": "F5",
    "MS2_3": "F5",
    "MS2_4": "F2",
    "MS2_5": "F2",
    "MS2_6": "F10",
    "MS2_7": "F10",
    "MS2_8": "F2",
    "MS2_9": "F5",
    "MS2_10": "F6",
    "MS2_11": "F6",
    "MS2_12": "F10",
    "MS3_1": "F8",
    "MS3_2": "F8",
    "MS3_3": "F4",
    "MS3_4": "F4",
    "MS3_5": "F4",
    "MS3_6": "F5",
    "MS3_7": "F8",
    "MS3_8": "F8",
    "MS3_9": "F7",
    "MS3_10": "F7",
    "MS3_11": "F9",
    "MS3_12": "F9",
    "MS4_1": "F1",
    "MS4_2": "F1",
    "MS4_3": "F10",
    "MS4_4": "F10",
    "MS4_5": "F6",
    "MS4_6": "F6",
    "MS4_7": "F6",
    "MS4_8": "F6",
    "MS4_9": "F7",
    "MS4_10": "F7",
    "MS4_11": "F2",
    "MS4_12": "F2"
  },
  "sensor": {
    "S1": "F3",
    "S2": "F5",
    "S3": "F8",
    "S4": "F1"
  },
  "fog": {
    "F1": {
      "rho": 0.49322561417618904,
      "capacity": 1.0,
      "tserv": 1.6440853805872968,
      "stddev": 2.4048050949205453,
      "mu": 0.6082409172951724,
      "cv": 1.4627008568505766,
      "lambda": 0.3,
      "twait": 2.51179948728714
    },
    "F2": {
      "rho": 0.6021978252432969,
      "capacity": 1.0,
      "tserv": 0.8029304336577292,
      "stddev": 1.2299571051926925,
      "mu": 1.2454379085427432,
      "cv": 1.5318352046884736,
      "lambda": 0.75,
      "twait": 2.033823498351258
    },
    "F3": {
      "rho": 0.53525317327519,
      "capacity": 1.0,
      "tserv": 1.189451496167089,
      "stddev": 1.39326692586571,
      "mu": 0.8407236471789047,
      "cv": 1.1713524514075602,
      "lambda": 0.44999999999999996,
      "twait": 1.6247495711193578
    },
    "F4": {
      "rho": 0.6203143100705719,
      "capacity": 1.0,
      "tserv": 1.0338571834509533,
      "stddev": 1.2348663157366084,
      "mu": 0.9672515856223584,
      "cv": 1.1944264019278743,
      "lambda": 0.6,
      "twait": 2.04939682661952
    },
    "F5": {
      "rho": 0.6168837608523623,
      "capacity": 1.0,
      "tserv": 0.8225116811364831,
      "stddev": 1.1299104545270753,
      "mu": 1.215788204513129,
      "cv": 1.3737318027700862,
      "lambda": 0.75,
      "twait": 1.9118444690583034
    },
    "F6": {
      "rho": 0.6442554842273421,
      "capacity": 1.0,
      "tserv": 0.7158394269192689,
      "stddev": 1.0890662340311983,
      "mu": 1.3969613329397936,
      "cv": 1.521383417951944,
      "lambda": 0.9,
      "twait": 2.1485112837157527
    },
    "F7": {
      "rho": 0.6154055686155108,
      "capacity": 1.0,
      "tserv": 0.5861005415385816,
      "stddev": 0.9416663304378377,
      "mu": 1.7061919058714474,
      "cv": 1.6066634710247065,
      "lambda": 1.05,
      "twait": 1.6793818154822389
    },
    "F8": {
      "rho": 0.6313269096202621,
      "capacity": 1.0,
      "tserv": 0.8417692128270161,
      "stddev": 0.9818509058366284,
      "mu": 1.187974072657728,
      "cv": 1.1664134193494187,
      "lambda": 0.75,
      "twait": 1.7013107132725795
    },
    "F9": {
      "rho": 0.6435183077967369,
      "capacity": 1.0,
      "tserv": 0.7150203419963743,
      "stddev": 0.9234770697215492,
      "mu": 1.3985616090417057,
      "cv": 1.2915395765428894,
      "lambda": 0.9,
      "twait": 1.7219083277537564
    },
    "F10": {
      "rho": 0.5976190461225379,
      "capacity": 1.0,
      "tserv": 0.7968253948300505,
      "stddev": 0.9942351970562129,
      "mu": 1.2549800828238955,
      "cv": 1.247745369948038,
      "lambda": 0.75,
      "twait": 1.5129639474118783
    }
  },
  "extra": {
    "deltatime": 0.0611391,
    "obj_func": 36.75588123343693
  },
  "network": [
    [
      0.0,
      0.9744138206763554,
      0.41562075047414276,
      0.927980267959424,
      0.8937363945197697,
      0.9352425487223908,
      1.053927898482266,
      0.8219363058560619,
      0.7736250081471965,
      0.7736250081471965
    ],
    [
      0.9744138206763554,
      0.0,
      0.912187621481618,
      1.1046302393784284,
      0.9140099763512962,
      1.1378052727708439,
      0.9110050562049108,
      0.7736250081471965,
      0.9902191132520115,
      0.9902191132520115
    ],
    [
      0.41562075047414276,
      0.912187621481618,
      0.0,
      0.8984512513932692,
      0.8838221455653908,
      0.856304583611597,
      0.8219363058560619,
      0.9902191132520115,
      0.8692933761312972,
      0.8692933761312972
    ],
    [
      0.927980267959424,
      1.1046302393784284,
      0.8984512513932692,
      0.0,
      0.5341549987948335,
      1.053927898482266,
      0.7736250081471965,
      0.8692933761312972,
      0.7720618811678458,
      0.7720618811678458
    ],
    [
      0.8937363945197697,
      0.9140099763512962,
      0.8838221455653908,
      0.5341549987948335,
      0.0,
      0.9110050562049108,
      0.9902191132520115,
      0.7720618811678458,
      0.831117514905416,
      0.831117514905416
    ],
    [
      0.9352425487223908,
      1.1378052727708439,
      0.856304583611597,
      1.053927898482266,
      0.9110050562049108,
      0.0,
      0.8692933761312972,
      0.831117514905416,
      0.7530195708601979,
      0.7530195708601979
    ],
    [
      1.053927898482266,
      0.9110050562049108,
      0.8219363058560619,
      0.7736250081471965,
      0.9902191132520115,
      0.8692933761312972,
      0.0,
      0.7530195708601979,
      0.7471800251744326,
      0.7471800251744326
    ],
    [
      0.8219363058560619,
      0.7736250081471965,
      0.9902191132520115,
      0.8692933761312972,
      0.7720618811678458,
      0.831117514905416,
      0.7530195708601979,
      0.0,
      0.8587455540466571,
      0.8587455540466571
    ],
    [
      0.7736250081471965,
      0.9902191132520115,
      0.8692933761312972,
      0.7720618811678458,
      0.831117514905416,
      0.7530195708601979,
      0.7471800251744326,
      0.8587455540466571,
      0.0,
      0.9860563189321658
    ],
    [
      0.7736250081471965,
      0.9902191132520115,
      0.8692933761312972,
      0.7720618811678458,
      0.831117514905416,
      0.7530195708601979,
      0.7471800251744326,
      0.8587455540466571,
      0.9860563189321658,
      0.0
    ]
  ]
}