{
  "servicechain": {
    "SC1": {
      "resptime": 30.41276117317377,
      "resptime_old": 20.41276117317377,
      "waittime": 15.159277887472278,
      "servicetime": 10.0,
      "networktime": 5.253483285701493,
      "services": {
        "MS1_1": {
          "meanserv": 1.4875606582923206,
          "stddevserv": 1.4875606582923206,
          "rate": 0.6722414944396102,
          "cv": 1.0,
          "lambda": 0.15
        },
        "MS1_2": {
          "meanserv": 1.439244486064277,
          "stddevserv": 1.439244486064277,
          "rate": 0.6948089846323301,
          "cv": 1.0,
          "lambda": 0.15
        },
        "MS1_3": {
          "meanserv": 1.0013822167452124,
          "stddevserv": 1.0013822167452124,
          "rate": 0.9986196911408063,
          "cv": 1.0,
          "lambda": 0.15
        },
        "MS1_4": {
          "meanserv": 3.3535679106639824,
          "stddevserv": 3.3535679106639824,
          "rate": 0.29818987616744197,
          "cv": 1.0,
          "lambda": 0.15
        },
        "MS1_5": {
          "meanserv": 0.7898058783144855,
          "stddevserv": 0.7898058783144855,
          "rate": 1.2661339038575998,
          "cv": 1.0,
          "lambda": 0.15
        },
        "MS1_6": {
          "meanserv": 1.4244973792926654,
          "stddevserv": 1.4244973792926654,
          "rate": 0.7020019935007183,
          "cv": 1.0,
          "lambda": 0.15
        },
        "MS1_7": {
          "meanserv": 0.5039414706270566,
          "stddevserv": 0.5039414706270566,
          "rate": 1.984357426975985,
          "cv": 1.0,
          "lambda": 0.15
        }
      },
      "sensors": [
        "S1"
      ],
      "sources": [
        {
          "startTime": 0,
          "stopTime": -1,
          "lambda": 0.15
        }
      ]
    },
    "SC2": {
      "resptime": 7431.634811988734,
      "resptime_old": 7421.634811988734,
      "waittime": 7420.218182417586,
      "servicetime": 10.0,
      "networktime": 1.4166295711487729,
      "services": {
        "MS2_1": {
          "meanserv": 0.0031582629097270942,
          "stddevserv": 0.0031582629097270942,
          "rate": 316.6297514118006,
          "cv": 1.0,
          "lambda": 0.15
        },
        "MS2_2": {
          "meanserv": 0.8059813059343723,
          "stddevserv": 0.8059813059343723,
          "rate": 1.2407235659649727,
          "cv": 1.0,
          "lambda": 0.15
        },
        "MS2_3": {
          "meanserv": 1.0682733696922175,
          "stddevserv": 1.0682733696922175,
          "rate": 0.9360899825557872,
          "cv": 1.0,
          "lambda": 0.15
        },
        "MS2_4": {
          "meanserv": 0.4967844301131794,
          "stddevserv": 0.4967844301131794,
          "rate": 2.0129455340864366,
          "cv": 1.0,
          "lambda": 0.15
        },
        "MS2_5": {
          "meanserv": 0.5690981111184592,
          "stddevserv": 0.5690981111184592,
          "rate": 1.7571662609012728,
          "cv": 1.0,
          "lambda": 0.15
        },
        "MS2_6": {
          "meanserv": 0.021643004618794315,
          "stddevserv": 0.021643004618794315,
          "rate": 46.20430562268705,
          "cv": 1.0,
          "lambda": 0.15
        },
        "MS2_7": {
          "meanserv": 7.0350615156132505,
          "stddevserv": 7.0350615156132505,
          "rate": 0.1421451678539913,
          "cv": 1.0,
          "lambda": 0.15
        }
      },
      "sensors": [
        "S2"
      ],
      "sources": [
        {
          "startTime": 0,
          "stopTime": -1,
          "lambda": 0.15
        }
      ]
    },
    "SC3": {
      "resptime": 29.408328372900424,
      "resptime_old": 19.408328372900424,
      "waittime": 13.97874409252687,
      "servicetime": 10.0,
      "networktime": 5.429584280373554,
      "services": {
        "MS3_1": {
          "meanserv": 0.24284225200104426,
          "stddevserv": 0.24284225200104426,
          "rate": 4.117899549027818,
          "cv": 1.0,
          "lambda": 0.15
        },
        "MS3_2": {
          "meanserv": 2.423846490029713,
          "stddevserv": 2.423846490029713,
          "rate": 0.4125673816858515,
          "cv": 1.0,
          "lambda": 0.15
        },
        "MS3_3": {
          "meanserv": 0.09792003224894685,
          "stddevserv": 0.09792003224894685,
          "rate": 10.212414937299565,
          "cv": 1.0,
          "lambda": 0.15
        },
        "MS3_4": {
          "meanserv": 4.244658392463396,
          "stddevserv": 4.244658392463396,
          "rate": 0.23559021893859589,
          "cv": 1.0,
          "lambda": 0.15
        },
        "MS3_5": {
          "meanserv": 0.4183444811228956,
          "stddevserv": 0.4183444811228956,
          "rate": 2.3903745480658882,
          "cv": 1.0,
          "lambda": 0.15
        },
        "MS3_6": {
          "meanserv": 0.7138377707108656,
          "stddevserv": 0.7138377707108656,
          "rate": 1.400878520345265,
          "cv": 1.0,
          "lambda": 0.15
        },
        "MS3_7": {
          "meanserv": 1.8585505814231382,
          "stddevserv": 1.8585505814231382,
          "rate": 0.5380536908682223,
          "cv": 1.0,
          "lambda": 0.15
        }
      },
      "sensors": [
        "S3"
      ],
      "sources": [
        {
          "startTime": 0,
          "stopTime": -1,
          "lambda": 0.15
        }
      ]
    },
    "SC4": {
      "resptime": 30.583849253938077,
      "resptime_old": 20.583849253938077,
      "waittime": 16.089419275549794,
      "servicetime": 10.0,
      "networktime": 4.494429978388283,
      "services": {
        "MS4_1": {
          "meanserv": 0.19446133567093904,
          "stddevserv": 0.19446133567093904,
          "rate": 5.14241042595823,
          "cv": 1.0,
          "lambda": 0.15
        },
        "MS4_2": {
          "meanserv": 1.067624810950376,
          "stddevserv": 1.067624810950376,
          "rate": 0.9366586367638103,
          "cv": 1.0,
          "lambda": 0.15
        },
        "MS4_3": {
          "meanserv": 0.1723617310011727,
          "stddevserv": 0.1723617310011727,
          "rate": 5.801751898124047,
          "cv": 1.0,
          "lambda": 0.15
        },
        "MS4_4": {
          "meanserv": 2.376483295768992,
          "stddevserv": 2.376483295768992,
          "rate": 0.420789829148122,
          "cv": 1.0,
          "lambda": 0.15
        },
        "MS4_5": {
          "meanserv": 1.2984175811262384,
          "stddevserv": 1.2984175811262384,
          "rate": 0.7701682529072095,
          "cv": 1.0,
          "lambda": 0.15
        },
        "MS4_6": {
          "meanserv": 0.4992609128677259,
          "stddevserv": 0.4992609128677259,
          "rate": 2.0029607249965906,
          "cv": 1.0,
          "lambda": 0.15
        },
        "MS4_7": {
          "meanserv": 4.391390332614556,
          "stddevserv": 4.391390332614556,
          "rate": 0.227718313394523,
          "cv": 1.0,
          "lambda": 0.15
        }
      },
      "sensors": [
        "S4"
      ],
      "sources": [
        {
          "startTime": 0,
          "stopTime": -1,
          "lambda": 0.15
        }
      ]
    }
  },
  "microservice": {
    "MS1_1": "F5",
    "MS1_2": "F3",
    "MS1_3": "F7",
    "MS1_4": "F2",
    "MS1_5": "F3",
    "MS1_6": "F3",
    "MS1_7": "F3",
    "MS2_1": "F9",
    "MS2_2": "F9",
    "MS2_3": "F9",
    "MS2_4": "F9",
    "MS2_5": "F9",
    "MS2_6": "F9",
    "MS2_7": "F8",
    "MS3_1": "F1",
    "MS3_2": "F7",
    "MS3_3": "F1",
    "MS3_4": "F4",
    "MS3_5": "F1",
    "MS3_6": "F1",
    "MS3_7": "F5",
    "MS4_1": "F1",
    "MS4_2": "F1",
    "MS4_3": "F1",
    "MS4_4": "F10",
    "MS4_5": "F10",
    "MS4_6": "F1",
    "MS4_7": "F6"
  },
  "sensor": {
    "S1": "F5",
    "S2": "F9",
    "S3": "F1",
    "S4": "F1"
  },
  "fog": {
    "F1": {
      "rho": 0.5109979989860949,
      "capacity": 1.0,
      "tserv": 0.42583166582174575,
      "stddev": 0.609182793347964,
      "mu": 2.348345790748691,
      "cv": 1.430571848555221,
      "lambda": 1.2,
      "twait": 0.6778331567343123
    },
    "F2": {
      "rho": 0.5030351865995973,
      "capacity": 1.0,
      "tserv": 3.3535679106639824,
      "stddev": 3.3535679106639824,
      "mu": 0.29818987616744197,
      "cv": 1.0,
      "lambda": 0.15,
      "twait": 3.394531391815257
    },
    "F3": {
      "rho": 0.6236233821447729,
      "capacity": 1.0,
      "tserv": 1.0393723035746214,
      "stddev": 1.1869663505424117,
      "mu": 0.9621191526470239,
      "cv": 1.1420030594043955,
      "lambda": 0.6,
      "twait": 1.984063662303896
    },
    "F4": {
      "rho": 0.6366987588695094,
      "capacity": 1.0,
      "tserv": 4.244658392463396,
      "stddev": 4.244658392463396,
      "mu": 0.23559021893859589,
      "cv": 1.0,
      "lambda": 0.15,
      "twait": 7.438919619148184
    },
    "F5": {
      "rho": 0.5019166859573188,
      "capacity": 1.0,
      "tserv": 1.6730556198577293,
      "stddev": 1.6934969349455098,
      "mu": 0.5977087600261828,
      "cv": 1.0122179530944218,
      "lambda": 0.3,
      "twait": 1.7066563412286135
    },
    "F6": {
      "rho": 0.6587085498921833,
      "capacity": 1.0,
      "tserv": 4.391390332614556,
      "stddev": 4.391390332614556,
      "mu": 0.227718313394523,
      "cv": 1.0,
      "lambda": 0.15,
      "twait": 8.475589872214133
    },
    "F7": {
      "rho": 0.5137843060162388,
      "capacity": 1.0,
      "tserv": 1.7126143533874627,
      "stddev": 1.9861395287879848,
      "mu": 0.5839026153331318,
      "cv": 1.1597120652758186,
      "lambda": 0.3,
      "twait": 2.121835505212824
    },
    "F8": {
      "rho": 1.0552592273419876,
      "capacity": 1.0,
      "tserv": 7.035061515613251,
      "stddev": 7.03506151561325,
      "mu": 0.14214516785399128,
      "cv": 0.9999999999999998,
      "lambda": 0.15,
      "twait": 7416.389765690116
    },
    "F9": {
      "rho": 0.44474077265801243,
      "capacity": 1.0,
      "tserv": 0.4941564140644583,
      "stddev": 0.7369730880615925,
      "mu": 2.0236507541710447,
      "cv": 1.491376145459605,
      "lambda": 0.9,
      "twait": 0.6380694545782413
    },
    "F10": {
      "rho": 0.5512351315342845,
      "capacity": 1.0,
      "tserv": 1.8374504384476151,
      "stddev": 1.9893056467761383,
      "mu": 0.5442323662590095,
      "cv": 1.082644519357387,
      "lambda": 0.3,
      "twait": 2.4512483881992067
    }
  },
  "extra": {
    "conv_gen": 3,
    "max_gen": 600,
    "population": 600,
    "deltatime": 48.2847446,
    "obj_func": 1880.5099376971866
  },
  "network": [
    [
      0.0,
      1.444702330777179,
      1.6077312589109316,
      1.2351359655417866,
      1.033037197189955,
      1.1279580235676354,
      0.9631375760500127,
      1.4205464877297052,
      1.6832359774103234,
      1.6832359774103234
    ],
    [
      1.444702330777179,
      0.0,
      1.189027194230336,
      1.5811834547779822,
      1.6321141126809002,
      1.4058047312591946,
      1.5289910637243536,
      1.6832359774103234,
      1.42682692821262,
      1.42682692821262
    ],
    [
      1.6077312589109316,
      1.189027194230336,
      0.0,
      1.1953197080084281,
      1.1149185400170978,
      0.8275588774944534,
      1.4205464877297052,
      1.42682692821262,
      1.5346671876471898,
      1.5346671876471898
    ],
    [
      1.2351359655417866,
      1.5811834547779822,
      1.1953197080084281,
      0.0,
      1.5530496315223203,
      0.9631375760500127,
      1.6832359774103234,
      1.5346671876471898,
      1.541916934802698,
      1.541916934802698
    ],
    [
      1.033037197189955,
      1.6321141126809002,
      1.1149185400170978,
      1.5530496315223203,
      0.0,
      1.5289910637243536,
      1.42682692821262,
      1.541916934802698,
      1.5491069354159084,
      1.5491069354159084
    ],
    [
      1.1279580235676354,
      1.4058047312591946,
      0.8275588774944534,
      0.9631375760500127,
      1.5289910637243536,
      0.0,
      1.5346671876471898,
      1.5491069354159084,
      1.7638495039457376,
      1.7638495039457376
    ],
    [
      0.9631375760500127,
      1.5289910637243536,
      1.4205464877297052,
      1.6832359774103234,
      1.42682692821262,
      1.5346671876471898,
      0.0,
      1.7638495039457376,
      1.4521910708548147,
      1.4521910708548147
    ],
    [
      1.4205464877297052,
      1.6832359774103234,
      1.42682692821262,
      1.5346671876471898,
      1.541916934802698,
      1.5491069354159084,
      1.7638495039457376,
      0.0,
      1.4166295711487729,
      1.4166295711487729
    ],
    [
      1.6832359774103234,
      1.42682692821262,
      1.5346671876471898,
      1.541916934802698,
      1.5491069354159084,
      1.7638495039457376,
      1.4521910708548147,
      1.4166295711487729,
      0.0,
      1.677971532157767
    ],
    [
      1.6832359774103234,
      1.42682692821262,
      1.5346671876471898,
      1.541916934802698,
      1.5491069354159084,
      1.7638495039457376,
      1.4521910708548147,
      1.4166295711487729,
      1.677971532157767,
      0.0
    ]
  ]
}