{
  "servicechain": {
    "SC1": {
      "resptime": 45.777960049965884,
      "resptime_old": 35.777960049965884,
      "waittime": 31.33527498066547,
      "servicetime": 10.0,
      "networktime": 4.442685069300407,
      "services": {
        "MS1_1": {
          "meanserv": 1.9911370789316907,
          "stddevserv": 1.9911370789316907,
          "rate": 0.5022255928941529,
          "cv": 1.0,
          "lambda": 0.3
        },
        "MS1_2": {
          "meanserv": 0.21482305558099402,
          "stddevserv": 0.21482305558099402,
          "rate": 4.654993838047208,
          "cv": 1.0,
          "lambda": 0.3
        },
        "MS1_3": {
          "meanserv": 1.1773948600689588,
          "stddevserv": 1.1773948600689588,
          "rate": 0.8493327378220685,
          "cv": 1.0,
          "lambda": 0.3
        },
        "MS1_4": {
          "meanserv": 0.7730140941925168,
          "stddevserv": 0.7730140941925168,
          "rate": 1.293637473770243,
          "cv": 1.0,
          "lambda": 0.3
        },
        "MS1_5": {
          "meanserv": 0.33184298986873806,
          "stddevserv": 0.33184298986873806,
          "rate": 3.0134733308531074,
          "cv": 1.0,
          "lambda": 0.3
        },
        "MS1_6": {
          "meanserv": 1.1179162516584924,
          "stddevserv": 1.1179162516584924,
          "rate": 0.8945213905929384,
          "cv": 1.0,
          "lambda": 0.3
        },
        "MS1_7": {
          "meanserv": 0.8469357187639934,
          "stddevserv": 0.8469357187639934,
          "rate": 1.180727153011549,
          "cv": 1.0,
          "lambda": 0.3
        },
        "MS1_8": {
          "meanserv": 0.3056596947947847,
          "stddevserv": 0.3056596947947847,
          "rate": 3.2716122440395186,
          "cv": 1.0,
          "lambda": 0.3
        },
        "MS1_9": {
          "meanserv": 0.31178407039556344,
          "stddevserv": 0.31178407039556344,
          "rate": 3.2073479531243865,
          "cv": 1.0,
          "lambda": 0.3
        },
        "MS1_10": {
          "meanserv": 2.9294921857442677,
          "stddevserv": 2.9294921857442677,
          "rate": 0.341356090610612,
          "cv": 1.0,
          "lambda": 0.3
        }
      },
      "sensors": [
        "S1"
      ],
      "sources": [
        {
          "startTime": 0,
          "stopTime": -1,
          "lambda": 0.3
        }
      ]
    },
    "SC2": {
      "resptime": 37.03829804051732,
      "resptime_old": 27.038298040517315,
      "waittime": 23.184784716714418,
      "servicetime": 10.0,
      "networktime": 3.853513323802899,
      "services": {
        "MS2_1": {
          "meanserv": 1.1971078952704295,
          "stddevserv": 1.1971078952704295,
          "rate": 0.8353465915234797,
          "cv": 1.0,
          "lambda": 0.3
        },
        "MS2_2": {
          "meanserv": 2.6065097811383646,
          "stddevserv": 2.6065097811383646,
          "rate": 0.38365480430434484,
          "cv": 1.0,
          "lambda": 0.3
        },
        "MS2_3": {
          "meanserv": 0.11942495897890959,
          "stddevserv": 0.11942495897890959,
          "rate": 8.373459020208662,
          "cv": 1.0,
          "lambda": 0.3
        },
        "MS2_4": {
          "meanserv": 0.4402622022001421,
          "stddevserv": 0.4402622022001421,
          "rate": 2.271373729115638,
          "cv": 1.0,
          "lambda": 0.3
        },
        "MS2_5": {
          "meanserv": 0.4801942500729357,
          "stddevserv": 0.4801942500729357,
          "rate": 2.0824905751122844,
          "cv": 1.0,
          "lambda": 0.3
        },
        "MS2_6": {
          "meanserv": 0.7549636590541215,
          "stddevserv": 0.7549636590541215,
          "rate": 1.3245670675763115,
          "cv": 1.0,
          "lambda": 0.3
        },
        "MS2_7": {
          "meanserv": 2.5143797951185594,
          "stddevserv": 2.5143797951185594,
          "rate": 0.3977123909209776,
          "cv": 1.0,
          "lambda": 0.3
        },
        "MS2_8": {
          "meanserv": 1.5441186744554685,
          "stddevserv": 1.5441186744554685,
          "rate": 0.6476186167184649,
          "cv": 1.0,
          "lambda": 0.3
        },
        "MS2_9": {
          "meanserv": 0.12834328008008455,
          "stddevserv": 0.12834328008008455,
          "rate": 7.7916038874494475,
          "cv": 1.0,
          "lambda": 0.3
        },
        "MS2_10": {
          "meanserv": 0.21469550363098477,
          "stddevserv": 0.21469550363098477,
          "rate": 4.6577593991851085,
          "cv": 1.0,
          "lambda": 0.3
        }
      },
      "sensors": [
        "S2"
      ],
      "sources": [
        {
          "startTime": 0,
          "stopTime": -1,
          "lambda": 0.3
        }
      ]
    },
    "SC3": {
      "resptime": 30.497667675607342,
      "resptime_old": 20.497667675607346,
      "waittime": 14.587514913394696,
      "servicetime": 10.0,
      "networktime": 5.910152762212648,
      "services": {
        "MS3_1": {
          "meanserv": 1.398687392281378,
          "stddevserv": 1.398687392281378,
          "rate": 0.7149560405838183,
          "cv": 1.0,
          "lambda": 0.3
        },
        "MS3_2": {
          "meanserv": 1.5998386321741742,
          "stddevserv": 1.5998386321741742,
          "rate": 0.6250630406649226,
          "cv": 1.0,
          "lambda": 0.3
        },
        "MS3_3": {
          "meanserv": 0.2188341976768129,
          "stddevserv": 0.2188341976768129,
          "rate": 4.56966968881554,
          "cv": 1.0,
          "lambda": 0.3
        },
        "MS3_4": {
          "meanserv": 2.3075518084429927,
          "stddevserv": 2.3075518084429927,
          "rate": 0.43335971757650127,
          "cv": 1.0,
          "lambda": 0.3
        },
        "MS3_5": {
          "meanserv": 0.8630397127840741,
          "stddevserv": 0.8630397127840741,
          "rate": 1.1586952317340145,
          "cv": 1.0,
          "lambda": 0.3
        },
        "MS3_6": {
          "meanserv": 0.1165338339184201,
          "stddevserv": 0.1165338339184201,
          "rate": 8.581198836211408,
          "cv": 1.0,
          "lambda": 0.3
        },
        "MS3_7": {
          "meanserv": 1.299704846034845,
          "stddevserv": 1.299704846034845,
          "rate": 0.7694054562086244,
          "cv": 1.0,
          "lambda": 0.3
        },
        "MS3_8": {
          "meanserv": 0.912987139185665,
          "stddevserv": 0.912987139185665,
          "rate": 1.0953056807480834,
          "cv": 1.0,
          "lambda": 0.3
        },
        "MS3_9": {
          "meanserv": 0.9473097624978326,
          "stddevserv": 0.9473097624978326,
          "rate": 1.0556209168194737,
          "cv": 1.0,
          "lambda": 0.3
        },
        "MS3_10": {
          "meanserv": 0.3355126750038053,
          "stddevserv": 0.3355126750038053,
          "rate": 2.9805133293061377,
          "cv": 1.0,
          "lambda": 0.3
        }
      },
      "sensors": [
        "S3"
      ],
      "sources": [
        {
          "startTime": 0,
          "stopTime": -1,
          "lambda": 0.3
        }
      ]
    },
    "SC4": {
      "resptime": 3747.439409125378,
      "resptime_old": 3737.439409125378,
      "waittime": 3733.063508646941,
      "servicetime": 10.0,
      "networktime": 4.375900478436762,
      "services": {
        "MS4_1": {
          "meanserv": 1.263604887746217,
          "stddevserv": 1.263604887746217,
          "rate": 0.7913866191065577,
          "cv": 1.0,
          "lambda": 0.3
        },
        "MS4_2": {
          "meanserv": 0.32216213086661116,
          "stddevserv": 0.32216213086661116,
          "rate": 3.1040271471697043,
          "cv": 1.0,
          "lambda": 0.3
        },
        "MS4_3": {
          "meanserv": 0.5819142860479734,
          "stddevserv": 0.5819142860479734,
          "rate": 1.718466145231498,
          "cv": 1.0,
          "lambda": 0.3
        },
        "MS4_4": {
          "meanserv": 3.5249365128550583,
          "stddevserv": 3.5249365128550583,
          "rate": 0.28369305272679646,
          "cv": 1.0,
          "lambda": 0.3
        },
        "MS4_5": {
          "meanserv": 1.7317886327878123,
          "stddevserv": 1.7317886327878123,
          "rate": 0.5774376740134921,
          "cv": 1.0,
          "lambda": 0.3
        },
        "MS4_6": {
          "meanserv": 0.4444433600998856,
          "stddevserv": 0.4444433600998856,
          "rate": 2.250005489507722,
          "cv": 1.0,
          "lambda": 0.3
        },
        "MS4_7": {
          "meanserv": 0.11978477152847056,
          "stddevserv": 0.11978477152847056,
          "rate": 8.348306610597149,
          "cv": 1.0,
          "lambda": 0.3
        },
        "MS4_8": {
          "meanserv": 1.2844787001807392,
          "stddevserv": 1.2844787001807392,
          "rate": 0.7785259497563407,
          "cv": 1.0,
          "lambda": 0.3
        },
        "MS4_9": {
          "meanserv": 0.4670843461160086,
          "stddevserv": 0.4670843461160086,
          "rate": 2.1409409420705194,
          "cv": 1.0,
          "lambda": 0.3
        },
        "MS4_10": {
          "meanserv": 0.2598023717712241,
          "stddevserv": 0.2598023717712241,
          "rate": 3.84907956452598,
          "cv": 1.0,
          "lambda": 0.3
        }
      },
      "sensors": [
        "S4"
      ],
      "sources": [
        {
          "startTime": 0,
          "stopTime": -1,
          "lambda": 0.3
        }
      ]
    }
  },
  "microservice": {
    "MS1_1": "F7",
    "MS1_2": "F15",
    "MS1_3": "F16",
    "MS1_4": "F16",
    "MS1_5": "F8",
    "MS1_6": "F8",
    "MS1_7": "F1",
    "MS1_8": "F15",
    "MS1_9": "F15",
    "MS1_10": "F17",
    "MS2_1": "F10",
    "MS2_2": "F5",
    "MS2_3": "F11",
    "MS2_4": "F11",
    "MS2_5": "F11",
    "MS2_6": "F11",
    "MS2_7": "F9",
    "MS2_8": "F20",
    "MS2_9": "F15",
    "MS2_10": "F15",
    "MS3_1": "F12",
    "MS3_2": "F6",
    "MS3_3": "F8",
    "MS3_4": "F14",
    "MS3_5": "F10",
    "MS3_6": "F4",
    "MS3_7": "F4",
    "MS3_8": "F13",
    "MS3_9": "F13",
    "MS3_10": "F15",
    "MS4_1": "F1",
    "MS4_2": "F2",
    "MS4_3": "F2",
    "MS4_4": "F18",
    "MS4_5": "F3",
    "MS4_6": "F19",
    "MS4_7": "F19",
    "MS4_8": "F19",
    "MS4_9": "F2",
    "MS4_10": "F2"
  },
  "sensor": {
    "S1": "F7",
    "S2": "F10",
    "S3": "F12",
    "S4": "F1"
  },
  "fog": {
    "F1": {
      "rho": 0.6331621819530631,
      "capacity": 1.0,
      "tserv": 1.0552703032551052,
      "stddev": 1.0956285917783863,
      "mu": 0.9476245061719093,
      "cv": 1.0382445032318177,
      "lambda": 0.6,
      "twait": 1.8923872977771896
    },
    "F2": {
      "rho": 0.48928894044054505,
      "capacity": 1.0,
      "tserv": 0.40774078370045425,
      "stddev": 0.44473173950736267,
      "mu": 2.4525385734644773,
      "cv": 1.0907217459857628,
      "lambda": 1.2,
      "twait": 0.4276847270140528
    },
    "F3": {
      "rho": 0.5195365898363437,
      "capacity": 1.0,
      "tserv": 1.7317886327878123,
      "stddev": 1.7317886327878123,
      "mu": 0.5774376740134921,
      "cv": 1.0,
      "lambda": 0.3,
      "twait": 1.8726245153391747
    },
    "F4": {
      "rho": 0.4248716039859795,
      "capacity": 1.0,
      "tserv": 0.7081193399766326,
      "stddev": 1.0960747335858283,
      "mu": 1.4121913405627353,
      "cv": 1.5478672473795136,
      "lambda": 0.6,
      "twait": 0.8882257421415902
    },
    "F5": {
      "rho": 0.7819529343415094,
      "capacity": 1.0,
      "tserv": 2.6065097811383646,
      "stddev": 2.6065097811383646,
      "mu": 0.38365480430434484,
      "cv": 1.0,
      "lambda": 0.3,
      "twait": 9.347376290507876
    },
    "F6": {
      "rho": 0.47995158965225226,
      "capacity": 1.0,
      "tserv": 1.5998386321741742,
      "stddev": 1.5998386321741742,
      "mu": 0.6250630406649226,
      "cv": 1.0,
      "lambda": 0.3,
      "twait": 1.4764877257977476
    },
    "F7": {
      "rho": 0.5973411236795071,
      "capacity": 1.0,
      "tserv": 1.9911370789316907,
      "stddev": 1.9911370789316907,
      "mu": 0.5022255928941529,
      "cv": 1.0,
      "lambda": 0.3,
      "twait": 2.9538354425404596
    },
    "F8": {
      "rho": 0.500578031761213,
      "capacity": 1.0,
      "tserv": 0.5561978130680144,
      "stddev": 0.7931838420053654,
      "mu": 1.7979214885509005,
      "cv": 1.426082273912809,
      "lambda": 0.8999999999999999,
      "twait": 0.8456245487264815
    },
    "F9": {
      "rho": 0.7543139385355677,
      "capacity": 1.0,
      "tserv": 2.5143797951185594,
      "stddev": 2.5143797951185594,
      "mu": 0.3977123909209776,
      "cv": 1.0,
      "lambda": 0.3,
      "twait": 7.719736784924234
    },
    "F10": {
      "rho": 0.618044282416351,
      "capacity": 1.0,
      "tserv": 1.0300738040272517,
      "stddev": 1.0568125742145775,
      "mu": 0.9708042240180529,
      "cv": 1.025958111042904,
      "lambda": 0.6,
      "twait": 1.710594782457406
    },
    "F11": {
      "rho": 0.5384535210918328,
      "capacity": 1.0,
      "tserv": 0.44871126757652724,
      "stddev": 0.5504389923090761,
      "mu": 2.2286046111588917,
      "cv": 1.2267108764216608,
      "lambda": 1.2,
      "twait": 0.655610963078814
    },
    "F12": {
      "rho": 0.4196062176844134,
      "capacity": 1.0,
      "tserv": 1.398687392281378,
      "stddev": 1.398687392281378,
      "mu": 0.7149560405838183,
      "cv": 1.0,
      "lambda": 0.3,
      "twait": 1.0112064330815682
    },
    "F13": {
      "rho": 0.5580890705050492,
      "capacity": 1.0,
      "tserv": 0.9301484508417487,
      "stddev": 0.9304650245113031,
      "mu": 1.0750972052848535,
      "cv": 1.0003403474674046,
      "lambda": 0.6,
      "twait": 1.1750838372024708
    },
    "F14": {
      "rho": 0.6922655425328977,
      "capacity": 1.0,
      "tserv": 2.3075518084429927,
      "stddev": 2.3075518084429927,
      "mu": 0.43335971757650127,
      "cv": 1.0,
      "lambda": 0.3,
      "twait": 5.19096437149983
    },
    "F15": {
      "rho": 0.45324548384586505,
      "capacity": 1.0,
      "tserv": 0.25180304658103614,
      "stddev": 0.27184964587705057,
      "mu": 3.9713578273890207,
      "cv": 1.079612219026758,
      "lambda": 1.8,
      "twait": 0.22601789314353837
    },
    "F16": {
      "rho": 0.5851226862784427,
      "capacity": 1.0,
      "tserv": 0.9752044771307378,
      "stddev": 1.0162606329683563,
      "mu": 1.0254259731684334,
      "cv": 1.0421000485543448,
      "lambda": 0.6,
      "twait": 1.4345031994218675
    },
    "F17": {
      "rho": 0.8788476557232803,
      "capacity": 1.0,
      "tserv": 2.9294921857442677,
      "stddev": 2.9294921857442677,
      "mu": 0.341356090610612,
      "cv": 1.0,
      "lambda": 0.3,
      "twait": 21.250743064620508
    },
    "F18": {
      "rho": 1.0574809538565175,
      "capacity": 1.0,
      "tserv": 3.5249365128550587,
      "stddev": 3.524936512855058,
      "mu": 0.2836930527267964,
      "cv": 0.9999999999999998,
      "lambda": 0.3,
      "twait": 3723.825672671733
    },
    "F19": {
      "rho": 0.5546120495427286,
      "capacity": 1.0,
      "tserv": 0.6162356106030318,
      "stddev": 0.9281322935092348,
      "mu": 1.6227559439828974,
      "cv": 1.50613219609459,
      "lambda": 0.8999999999999999,
      "twait": 1.254028418011916
    },
    "F20": {
      "rho": 0.46323560233664046,
      "capacity": 1.0,
      "tserv": 1.5441186744554685,
      "stddev": 1.5441186744554685,
      "mu": 0.6476186167184649,
      "cv": 1.0,
      "lambda": 0.3,
      "twait": 1.3325972202225673
    }
  },
  "extra": {
    "deltatime": 5.5850051,
    "conv": 16,
    "obj_func": 965.1883337228671
  },
  "network": [
    [
      0.0,
      0.7717608961280885,
      1.2799793285635215,
      1.1418843164769843,
      0.7608869140823181,
      0.8477357715951546,
      1.017291277214598,
      0.8665038658846523,
      1.2189604671930256,
      1.2831798428076102,
      0.952271644914632,
      0.6436022120333278,
      0.878914461953324,
      0.8262839482859369,
      0.8374827350494803,
      0.5805900663726975,
      1.1641032698534453,
      1.0899163287465914,
      0.9042572726159579,
      0.9042572726159579
    ],
    [
      0.7717608961280885,
      0.0,
      1.4909562641732208,
      1.0635673454796493,
      0.8914509003214005,
      1.1089760586487651,
      1.0892515203200448,
      1.5144938168140756,
      1.1137711846063125,
      1.0669253544624484,
      1.0158539729929539,
      0.9286129041103618,
      0.9084288511753945,
      1.4344939961481658,
      1.1693549485992982,
      1.0262341482680195,
      0.9864362767586117,
      0.9042572726159579,
      0.8845367873885437,
      0.8845367873885437
    ],
    [
      1.2799793285635215,
      1.4909562641732208,
      0.0,
      0.6243779872325368,
      1.4415430558940887,
      1.1123203256545255,
      0.9029629445599553,
      0.9611876025858663,
      1.0919990956413586,
      0.7253255410202442,
      0.8277287392079472,
      1.0546430486475908,
      0.9984354294546525,
      0.9757575886386542,
      0.8458417274108049,
      0.7361154192691008,
      1.0899163287465914,
      0.8845367873885437,
      0.9308087349156289,
      0.9308087349156289
    ],
    [
      1.1418843164769843,
      1.0635673454796493,
      0.6243779872325368,
      0.0,
      1.0850318424418746,
      0.7640492932416858,
      1.1480667713677106,
      1.1546580982257864,
      0.5789738264220395,
      1.2891771841041704,
      1.149234570621123,
      1.1091915089559379,
      1.0002699182271177,
      0.9314369816109221,
      1.0063126854183932,
      1.1641032698534453,
      0.9042572726159579,
      0.9308087349156289,
      1.402848356932187,
      1.402848356932187
    ],
    [
      0.7608869140823181,
      0.8914509003214005,
      1.4415430558940887,
      1.0850318424418746,
      0.0,
      0.9535974796144996,
      0.9698272942138305,
      0.9291003566790003,
      1.1098299905485116,
      1.0120147140811249,
      0.775084216093725,
      0.9634413064783355,
      1.2141926639441376,
      0.9390879754609266,
      0.5805900663726975,
      0.9864362767586117,
      0.8845367873885437,
      1.402848356932187,
      1.085898692714774,
      1.085898692714774
    ],
    [
      0.8477357715951546,
      1.1089760586487651,
      1.1123203256545255,
      0.7640492932416858,
      0.9535974796144996,
      0.0,
      0.7874737526706704,
      0.5888263321741602,
      0.871782932632665,
      0.8053096712227962,
      0.928382111279859,
      0.6746387990080686,
      0.9975493590795492,
      0.8374827350494803,
      1.0262341482680195,
      1.0899163287465914,
      0.9308087349156289,
      1.085898692714774,
      0.958210574584719,
      0.958210574584719
    ],
    [
      1.017291277214598,
      1.0892515203200448,
      0.9029629445599553,
      1.1480667713677106,
      0.9698272942138305,
      0.7874737526706704,
      0.0,
      1.2099693189709502,
      0.859524108898346,
      0.895475263029428,
      1.0893317623636614,
      1.0366671162211187,
      0.8262839482859369,
      1.1693549485992982,
      0.7361154192691008,
      0.9042572726159579,
      1.402848356932187,
      0.958210574584719,
      1.2134654122960842,
      1.2134654122960842
    ],
    [
      0.8665038658846523,
      1.5144938168140756,
      0.9611876025858663,
      1.1546580982257864,
      0.9291003566790003,
      0.5888263321741602,
      1.2099693189709502,
      0.0,
      0.8023505577537895,
      0.8043990105164905,
      0.7478765871681999,
      0.878914461953324,
      1.4344939961481658,
      0.8458417274108049,
      1.1641032698534453,
      0.8845367873885437,
      1.085898692714774,
      1.2134654122960842,
      1.1042256303664124,
      1.1042256303664124
    ],
    [
      1.2189604671930256,
      1.1137711846063125,
      1.0919990956413586,
      0.5789738264220395,
      1.1098299905485116,
      0.871782932632665,
      0.859524108898346,
      0.8023505577537895,
      0.0,
      1.0997008684795793,
      0.6436022120333278,
      0.9084288511753945,
      0.9757575886386542,
      1.0063126854183932,
      0.9864362767586117,
      0.9308087349156289,
      0.958210574584719,
      1.1042256303664124,
      0.5534980246230441,
      0.5534980246230441
    ],
    [
      1.2831798428076102,
      1.0669253544624484,
      0.7253255410202442,
      1.2891771841041704,
      1.0120147140811249,
      0.8053096712227962,
      0.895475263029428,
      0.8043990105164905,
      1.0997008684795793,
      0.0,
      0.9286129041103618,
      0.9984354294546525,
      0.9314369816109221,
      0.5805900663726975,
      1.0899163287465914,
      1.402848356932187,
      1.2134654122960842,
      0.5534980246230441,
      0.905684366053946,
      0.905684366053946
    ],
    [
      0.952271644914632,
      1.0158539729929539,
      0.8277287392079472,
      1.149234570621123,
      0.775084216093725,
      0.928382111279859,
      1.0893317623636614,
      0.7478765871681999,
      0.6436022120333278,
      0.9286129041103618,
      0.0,
      1.0002699182271177,
      0.9390879754609266,
      1.0262341482680195,
      0.9042572726159579,
      1.085898692714774,
      1.1042256303664124,
      0.905684366053946,
      1.1646365302676478,
      1.1646365302676478
    ],
    [
      0.6436022120333278,
      0.9286129041103618,
      1.0546430486475908,
      1.1091915089559379,
      0.9634413064783355,
      0.6746387990080686,
      1.0366671162211187,
      0.878914461953324,
      0.9084288511753945,
      0.9984354294546525,
      1.0002699182271177,
      0.0,
      0.8374827350494803,
      0.7361154192691008,
      0.8845367873885437,
      0.958210574584719,
      0.5534980246230441,
      1.1646365302676478,
      0.5645482370855853,
      0.5645482370855853
    ],
    [
      0.878914461953324,
      0.9084288511753945,
      0.9984354294546525,
      1.0002699182271177,
      1.2141926639441376,
      0.9975493590795492,
      0.8262839482859369,
      1.4344939961481658,
      0.9757575886386542,
      0.9314369816109221,
      0.9390879754609266,
      0.8374827350494803,
      0.0,
      1.1641032698534453,
      0.9308087349156289,
      1.2134654122960842,
      0.905684366053946,
      0.5645482370855853,
      1.047351123732094,
      1.047351123732094
    ],
    [
      0.8262839482859369,
      1.4344939961481658,
      0.9757575886386542,
      0.9314369816109221,
      0.9390879754609266,
      0.8374827350494803,
      1.1693549485992982,
      0.8458417274108049,
      1.0063126854183932,
      0.5805900663726975,
      1.0262341482680195,
      0.7361154192691008,
      1.1641032698534453,
      0.0,
      1.402848356932187,
      1.1042256303664124,
      1.1646365302676478,
      1.047351123732094,
      1.1685381774280583,
      1.1685381774280583
    ],
    [
      0.8374827350494803,
      1.1693549485992982,
      0.8458417274108049,
      1.0063126854183932,
      0.5805900663726975,
      1.0262341482680195,
      0.7361154192691008,
      1.1641032698534453,
      0.9864362767586117,
      1.0899163287465914,
      0.9042572726159579,
      0.8845367873885437,
      0.9308087349156289,
      1.402848356932187,
      0.0,
      0.5534980246230441,
      0.5645482370855853,
      1.1685381774280583,
      0.8693141569716772,
      0.8693141569716772
    ],
    [
      0.5805900663726975,
      1.0262341482680195,
      0.7361154192691008,
      1.1641032698534453,
      0.9864362767586117,
      1.0899163287465914,
      0.9042572726159579,
      0.8845367873885437,
      0.9308087349156289,
      1.402848356932187,
      1.085898692714774,
      0.958210574584719,
      1.2134654122960842,
      1.1042256303664124,
      0.5534980246230441,
      0.0,
      1.047351123732094,
      0.8693141569716772,
      0.8008581238940004,
      0.8008581238940004
    ],
    [
      1.1641032698534453,
      0.9864362767586117,
      1.0899163287465914,
      0.9042572726159579,
      0.8845367873885437,
      0.9308087349156289,
      1.402848356932187,
      1.085898692714774,
      0.958210574584719,
      1.2134654122960842,
      1.1042256303664124,
      0.5534980246230441,
      0.905684366053946,
      1.1646365302676478,
      0.5645482370855853,
      1.047351123732094,
      0.0,
      0.8008581238940004,
      1.3071122622729514,
      1.3071122622729514
    ],
    [
      1.0899163287465914,
      0.9042572726159579,
      0.8845367873885437,
      0.9308087349156289,
      1.402848356932187,
      1.085898692714774,
      0.958210574584719,
      1.2134654122960842,
      1.1042256303664124,
      0.5534980246230441,
      0.905684366053946,
      1.1646365302676478,
      0.5645482370855853,
      1.047351123732094,
      1.1685381774280583,
      0.8693141569716772,
      0.8008581238940004,
      0.0,
      1.1457373304765228,
      1.1457373304765228
    ],
    [
      0.9042572726159579,
      0.8845367873885437,
      0.9308087349156289,
      1.402848356932187,
      1.085898692714774,
      0.958210574584719,
      1.2134654122960842,
      1.1042256303664124,
      0.5534980246230441,
      0.905684366053946,
      1.1646365302676478,
      0.5645482370855853,
      1.047351123732094,
      1.1685381774280583,
      0.8693141569716772,
      0.8008581238940004,
      1.3071122622729514,
      1.1457373304765228,
      0.0,
      1.0941343499841212
    ],
    [
      0.9042572726159579,
      0.8845367873885437,
      0.9308087349156289,
      1.402848356932187,
      1.085898692714774,
      0.958210574584719,
      1.2134654122960842,
      1.1042256303664124,
      0.5534980246230441,
      0.905684366053946,
      1.1646365302676478,
      0.5645482370855853,
      1.047351123732094,
      1.1685381774280583,
      0.8693141569716772,
      0.8008581238940004,
      1.3071122622729514,
      1.1457373304765228,
      1.0941343499841212,
      0.0
    ]
  ]
}