{
  "servicechain": {
    "SC1": {
      "resptime": 34.698805570432405,
      "resptime_old": 24.698805570432405,
      "waittime": 20.165561963317533,
      "servicetime": 10.0,
      "networktime": 4.533243607114875,
      "services": {
        "MS1_1": {
          "meanserv": 0.04850585789990536,
          "stddevserv": 0.04850585789990536,
          "rate": 20.61606666278448,
          "cv": 1.0,
          "lambda": 0.15
        },
        "MS1_2": {
          "meanserv": 0.6308759215057258,
          "stddevserv": 0.6308759215057258,
          "rate": 1.585097744122612,
          "cv": 1.0,
          "lambda": 0.15
        },
        "MS1_3": {
          "meanserv": 0.6744303096365323,
          "stddevserv": 0.6744303096365323,
          "rate": 1.482732886869995,
          "cv": 1.0,
          "lambda": 0.15
        },
        "MS1_4": {
          "meanserv": 1.0542726324258442,
          "stddevserv": 1.0542726324258442,
          "rate": 0.9485212546009424,
          "cv": 1.0,
          "lambda": 0.15
        },
        "MS1_5": {
          "meanserv": 0.16623998769784842,
          "stddevserv": 0.16623998769784842,
          "rate": 6.015399867675415,
          "cv": 1.0,
          "lambda": 0.15
        },
        "MS1_6": {
          "meanserv": 1.0296309484112265,
          "stddevserv": 1.0296309484112265,
          "rate": 0.9712217776117272,
          "cv": 1.0,
          "lambda": 0.15
        },
        "MS1_7": {
          "meanserv": 2.975617249641563,
          "stddevserv": 2.975617249641563,
          "rate": 0.3360647274512399,
          "cv": 1.0,
          "lambda": 0.15
        },
        "MS1_8": {
          "meanserv": 1.2896186758386907,
          "stddevserv": 1.2896186758386907,
          "rate": 0.7754230135893929,
          "cv": 1.0,
          "lambda": 0.15
        },
        "MS1_9": {
          "meanserv": 0.44757511656567317,
          "stddevserv": 0.44757511656567317,
          "rate": 2.2342618322331798,
          "cv": 1.0,
          "lambda": 0.15
        },
        "MS1_10": {
          "meanserv": 1.6832333003769904,
          "stddevserv": 1.6832333003769904,
          "rate": 0.5940947103268643,
          "cv": 1.0,
          "lambda": 0.15
        }
      },
      "sensors": [
        "S1"
      ],
      "sources": [
        {
          "startTime": 0,
          "stopTime": -1,
          "lambda": 0.15
        }
      ]
    },
    "SC2": {
      "resptime": 33.88314502960558,
      "resptime_old": 23.88314502960558,
      "waittime": 17.434148456897276,
      "servicetime": 10.0,
      "networktime": 6.448996572708304,
      "services": {
        "MS2_1": {
          "meanserv": 0.38574957348577743,
          "stddevserv": 0.38574957348577743,
          "rate": 2.5923554262513524,
          "cv": 1.0,
          "lambda": 0.15
        },
        "MS2_2": {
          "meanserv": 0.4002996000310888,
          "stddevserv": 0.4002996000310888,
          "rate": 2.4981289012587977,
          "cv": 1.0,
          "lambda": 0.15
        },
        "MS2_3": {
          "meanserv": 0.7693196796322721,
          "stddevserv": 0.7693196796322721,
          "rate": 1.2998497587868687,
          "cv": 1.0,
          "lambda": 0.15
        },
        "MS2_4": {
          "meanserv": 2.0582170688273163,
          "stddevserv": 2.0582170688273163,
          "rate": 0.4858574030628155,
          "cv": 1.0,
          "lambda": 0.15
        },
        "MS2_5": {
          "meanserv": 1.1540985280493268,
          "stddevserv": 1.1540985280493268,
          "rate": 0.8664771470510527,
          "cv": 1.0,
          "lambda": 0.15
        },
        "MS2_6": {
          "meanserv": 0.3806508201959069,
          "stddevserv": 0.3806508201959069,
          "rate": 2.627079588283396,
          "cv": 1.0,
          "lambda": 0.15
        },
        "MS2_7": {
          "meanserv": 3.26650339792206,
          "stddevserv": 3.26650339792206,
          "rate": 0.30613774981410885,
          "cv": 1.0,
          "lambda": 0.15
        },
        "MS2_8": {
          "meanserv": 0.3184324061179531,
          "stddevserv": 0.3184324061179531,
          "rate": 3.1403838955686627,
          "cv": 1.0,
          "lambda": 0.15
        },
        "MS2_9": {
          "meanserv": 1.201135740800094,
          "stddevserv": 1.201135740800094,
          "rate": 0.8325453702126001,
          "cv": 1.0,
          "lambda": 0.15
        },
        "MS2_10": {
          "meanserv": 0.06559318493820498,
          "stddevserv": 0.06559318493820498,
          "rate": 15.245486264191852,
          "cv": 1.0,
          "lambda": 0.15
        }
      },
      "sensors": [
        "S2"
      ],
      "sources": [
        {
          "startTime": 0,
          "stopTime": -1,
          "lambda": 0.15
        }
      ]
    },
    "SC3": {
      "resptime": 31.070464942774848,
      "resptime_old": 21.070464942774844,
      "waittime": 17.58697336228761,
      "servicetime": 10.0,
      "networktime": 3.4834915804872377,
      "services": {
        "MS3_1": {
          "meanserv": 0.3946335762113862,
          "stddevserv": 0.3946335762113862,
          "rate": 2.5339962443143667,
          "cv": 1.0,
          "lambda": 0.15
        },
        "MS3_2": {
          "meanserv": 0.21218368473435056,
          "stddevserv": 0.21218368473435056,
          "rate": 4.712897701121453,
          "cv": 1.0,
          "lambda": 0.15
        },
        "MS3_3": {
          "meanserv": 0.013847780990365877,
          "stddevserv": 0.013847780990365877,
          "rate": 72.21373595493141,
          "cv": 1.0,
          "lambda": 0.15
        },
        "MS3_4": {
          "meanserv": 0.7797375698752562,
          "stddevserv": 0.7797375698752562,
          "rate": 1.2824827719407976,
          "cv": 1.0,
          "lambda": 0.15
        },
        "MS3_5": {
          "meanserv": 1.151338186743727,
          "stddevserv": 1.151338186743727,
          "rate": 0.8685545320339376,
          "cv": 1.0,
          "lambda": 0.15
        },
        "MS3_6": {
          "meanserv": 0.06392475666753228,
          "stddevserv": 0.06392475666753228,
          "rate": 15.64339157677084,
          "cv": 1.0,
          "lambda": 0.15
        },
        "MS3_7": {
          "meanserv": 1.0162826486552579,
          "stddevserv": 1.0162826486552579,
          "rate": 0.983978228225383,
          "cv": 1.0,
          "lambda": 0.15
        },
        "MS3_8": {
          "meanserv": 1.4539720139085812,
          "stddevserv": 1.4539720139085812,
          "rate": 0.6877711471982123,
          "cv": 1.0,
          "lambda": 0.15
        },
        "MS3_9": {
          "meanserv": 2.0753815291706097,
          "stddevserv": 2.0753815291706097,
          "rate": 0.48183911533588364,
          "cv": 1.0,
          "lambda": 0.15
        },
        "MS3_10": {
          "meanserv": 2.838698253042933,
          "stddevserv": 2.838698253042933,
          "rate": 0.3522741449986991,
          "cv": 1.0,
          "lambda": 0.15
        }
      },
      "sensors": [
        "S3"
      ],
      "sources": [
        {
          "startTime": 0,
          "stopTime": -1,
          "lambda": 0.15
        }
      ]
    },
    "SC4": {
      "resptime": 33.31045496464821,
      "resptime_old": 23.310454964648212,
      "waittime": 18.14446656076753,
      "servicetime": 10.0,
      "networktime": 5.165988403880681,
      "services": {
        "MS4_1": {
          "meanserv": 0.16498036030177743,
          "stddevserv": 0.16498036030177743,
          "rate": 6.061327531172972,
          "cv": 1.0,
          "lambda": 0.15
        },
        "MS4_2": {
          "meanserv": 1.7834499611716592,
          "stddevserv": 1.7834499611716592,
          "rate": 0.5607109937320797,
          "cv": 1.0,
          "lambda": 0.15
        },
        "MS4_3": {
          "meanserv": 0.0021477585008944367,
          "stddevserv": 0.0021477585008944367,
          "rate": 465.60169571371677,
          "cv": 1.0,
          "lambda": 0.15
        },
        "MS4_4": {
          "meanserv": 0.0935443802879663,
          "stddevserv": 0.0935443802879663,
          "rate": 10.690113044969753,
          "cv": 1.0,
          "lambda": 0.15
        },
        "MS4_5": {
          "meanserv": 0.6409139909970598,
          "stddevserv": 0.6409139909970598,
          "rate": 1.560271758842892,
          "cv": 1.0,
          "lambda": 0.15
        },
        "MS4_6": {
          "meanserv": 1.741078266996774,
          "stddevserv": 1.741078266996774,
          "rate": 0.574356718451792,
          "cv": 1.0,
          "lambda": 0.15
        },
        "MS4_7": {
          "meanserv": 0.5561039523924931,
          "stddevserv": 0.5561039523924931,
          "rate": 1.798224946429097,
          "cv": 1.0,
          "lambda": 0.15
        },
        "MS4_8": {
          "meanserv": 0.6717585467037219,
          "stddevserv": 0.6717585467037219,
          "rate": 1.4886301110822315,
          "cv": 1.0,
          "lambda": 0.15
        },
        "MS4_9": {
          "meanserv": 1.8430112877854734,
          "stddevserv": 1.8430112877854734,
          "rate": 0.5425902742036814,
          "cv": 1.0,
          "lambda": 0.15
        },
        "MS4_10": {
          "meanserv": 2.5030114948621804,
          "stddevserv": 2.5030114948621804,
          "rate": 0.3995187405462001,
          "cv": 1.0,
          "lambda": 0.15
        }
      },
      "sensors": [
        "S4"
      ],
      "sources": [
        {
          "startTime": 0,
          "stopTime": -1,
          "lambda": 0.15
        }
      ]
    }
  },
  "microservice": {
    "MS1_1": "F2",
    "MS1_2": "F2",
    "MS1_3": "F2",
    "MS1_4": "F8",
    "MS1_5": "F9",
    "MS1_6": "F9",
    "MS1_7": "F3",
    "MS1_8": "F3",
    "MS1_9": "F2",
    "MS1_10": "F5",
    "MS2_1": "F7",
    "MS2_2": "F7",
    "MS2_3": "F7",
    "MS2_4": "F1",
    "MS2_5": "F10",
    "MS2_6": "F2",
    "MS2_7": "F6",
    "MS2_8": "F2",
    "MS2_9": "F10",
    "MS2_10": "F2",
    "MS3_1": "F2",
    "MS3_2": "F2",
    "MS3_3": "F2",
    "MS3_4": "F8",
    "MS3_5": "F8",
    "MS3_6": "F8",
    "MS3_7": "F8",
    "MS3_8": "F9",
    "MS3_9": "F1",
    "MS3_10": "F5",
    "MS4_1": "F2",
    "MS4_2": "F10",
    "MS4_3": "F2",
    "MS4_4": "F2",
    "MS4_5": "F7",
    "MS4_6": "F7",
    "MS4_7": "F9",
    "MS4_8": "F9",
    "MS4_9": "F4",
    "MS4_10": "F4"
  },
  "sensor": {
    "S1": "F2",
    "S2": "F7",
    "S3": "F2",
    "S4": "F2"
  },
  "fog": {
    "F1": {
      "rho": 0.6200397896996889,
      "capacity": 1.0,
      "tserv": 2.066799298998963,
      "stddev": 2.0668349357633873,
      "mu": 0.4838399163790803,
      "cv": 1.0000172424891192,
      "lambda": 0.3,
      "twait": 3.3727739493888476
    },
    "F2": {
      "rho": 0.5171101736829964,
      "capacity": 1.0,
      "tserv": 0.2651847044528187,
      "stddev": 0.40874247589895085,
      "mu": 3.770956556726742,
      "cv": 1.541350119503871,
      "lambda": 1.9499999999999995,
      "twait": 0.4793194906756926
    },
    "F3": {
      "rho": 0.6397853888220381,
      "capacity": 1.0,
      "tserv": 2.132617962740127,
      "stddev": 2.4432263444950224,
      "mu": 0.4689072386481893,
      "cv": 1.1456465185896707,
      "lambda": 0.3,
      "twait": 4.379645086179038
    },
    "F4": {
      "rho": 0.6519034173971481,
      "capacity": 1.0,
      "tserv": 2.173011391323827,
      "stddev": 2.2225612800311634,
      "mu": 0.46019086876060367,
      "cv": 1.0228024063312204,
      "lambda": 0.3,
      "twait": 4.163395002935193
    },
    "F5": {
      "rho": 0.6782897330129886,
      "capacity": 1.0,
      "tserv": 2.260965776709962,
      "stddev": 2.404062368548981,
      "mu": 0.44228887066797945,
      "cv": 1.0632900300009165,
      "lambda": 0.3,
      "twait": 5.07824115344448
    },
    "F6": {
      "rho": 0.48997550968830894,
      "capacity": 1.0,
      "tserv": 3.26650339792206,
      "stddev": 3.26650339792206,
      "mu": 0.30613774981410885,
      "cv": 1.0,
      "lambda": 0.15,
      "twait": 3.1380976751083804
    },
    "F7": {
      "rho": 0.5906041666714458,
      "capacity": 1.0,
      "tserv": 0.7874722222285944,
      "stddev": 1.0569273005101494,
      "mu": 1.2698860629901827,
      "cv": 1.3421772485116754,
      "lambda": 0.75,
      "twait": 1.5912544271833826
    },
    "F8": {
      "rho": 0.6098333691551425,
      "capacity": 1.0,
      "tserv": 0.8131111588735234,
      "stddev": 0.9857187197923272,
      "mu": 1.2298441474907202,
      "cv": 1.2122803986086388,
      "lambda": 0.75,
      "twait": 1.5693209857203143
    },
    "F9": {
      "rho": 0.5816558173670806,
      "capacity": 1.0,
      "tserv": 0.7755410898227741,
      "stddev": 0.9916978242575035,
      "mu": 1.2894223312249244,
      "cv": 1.2787173204247957,
      "lambda": 0.75,
      "twait": 1.4207158445459447
    },
    "F10": {
      "rho": 0.620802634503162,
      "capacity": 1.0,
      "tserv": 1.3795614100070268,
      "stddev": 1.4377249895362099,
      "mu": 0.7248680578814585,
      "cv": 1.0421609209327527,
      "lambda": 0.44999999999999996,
      "twait": 2.3557775394114113
    }
  },
  "extra": {
    "conv_gen": 547,
    "max_gen": 600,
    "population": 600,
    "deltatime": 62.5895363,
    "obj_func": 33.24071762686526
  },
  "network": [
    [
      0.0,
      0.7761309754542449,
      1.0110905197841251,
      0.8578480760527154,
      1.0751269187757788,
      0.7559884578606865,
      1.2925831979986802,
      1.0334841564312554,
      0.787101749857251,
      0.787101749857251
    ],
    [
      0.7761309754542449,
      0.0,
      1.1111979494826614,
      1.0375926763488232,
      0.8523569240290562,
      0.7201876227983731,
      1.0120659837024077,
      0.787101749857251,
      0.9763121264185424,
      0.9763121264185424
    ],
    [
      1.0110905197841251,
      1.1111979494826614,
      0.0,
      1.2265382573007444,
      1.1477823394715847,
      0.7335689182949093,
      1.0334841564312554,
      0.9763121264185424,
      0.9484258217489507,
      0.9484258217489507
    ],
    [
      0.8578480760527154,
      1.0375926763488232,
      1.2265382573007444,
      0.0,
      0.9076846968330203,
      1.2925831979986802,
      0.787101749857251,
      0.9484258217489507,
      1.2027830314996795,
      1.2027830314996795
    ],
    [
      1.0751269187757788,
      0.8523569240290562,
      1.1477823394715847,
      0.9076846968330203,
      0.0,
      1.0120659837024077,
      0.9763121264185424,
      1.2027830314996795,
      0.6985192545808092,
      0.6985192545808092
    ],
    [
      0.7559884578606865,
      0.7201876227983731,
      0.7335689182949093,
      1.2925831979986802,
      1.0120659837024077,
      0.0,
      0.9484258217489507,
      0.6985192545808092,
      1.2229484194658957,
      1.2229484194658957
    ],
    [
      1.2925831979986802,
      1.0120659837024077,
      1.0334841564312554,
      0.787101749857251,
      0.9763121264185424,
      0.9484258217489507,
      0.0,
      1.2229484194658957,
      0.9985151358415094,
      0.9985151358415094
    ],
    [
      1.0334841564312554,
      0.787101749857251,
      0.9763121264185424,
      0.9484258217489507,
      1.2027830314996795,
      0.6985192545808092,
      1.2229484194658957,
      0.0,
      0.8341611619969564,
      0.8341611619969564
    ],
    [
      0.787101749857251,
      0.9763121264185424,
      0.9484258217489507,
      1.2027830314996795,
      0.6985192545808092,
      1.2229484194658957,
      0.9985151358415094,
      0.8341611619969564,
      0.0,
      1.28706443254457
    ],
    [
      0.787101749857251,
      0.9763121264185424,
      0.9484258217489507,
      1.2027830314996795,
      0.6985192545808092,
      1.2229484194658957,
      0.9985151358415094,
      0.8341611619969564,
      1.28706443254457,
      0.0
    ]
  ]
}