{
  "servicechain": {
    "SC1": {
      "resptime": 37.455113439718865,
      "resptime_old": 27.455113439718865,
      "waittime": 24.173865842429734,
      "servicetime": 10.0,
      "networktime": 3.2812475972891324,
      "services": {
        "MS1_1": {
          "meanserv": 0.5511326182886944,
          "stddevserv": 0.5511326182886944,
          "rate": 1.8144453200847928,
          "cv": 1.0,
          "lambda": 0.15
        },
        "MS1_2": {
          "meanserv": 0.7696810999016246,
          "stddevserv": 0.7696810999016246,
          "rate": 1.2992393864521465,
          "cv": 1.0,
          "lambda": 0.15
        },
        "MS1_3": {
          "meanserv": 0.1912610468981224,
          "stddevserv": 0.1912610468981224,
          "rate": 5.228456166156314,
          "cv": 1.0,
          "lambda": 0.15
        },
        "MS1_4": {
          "meanserv": 0.12017019490130232,
          "stddevserv": 0.12017019490130232,
          "rate": 8.321530982131765,
          "cv": 1.0,
          "lambda": 0.15
        },
        "MS1_5": {
          "meanserv": 1.231774432824805,
          "stddevserv": 1.231774432824805,
          "rate": 0.8118369511102117,
          "cv": 1.0,
          "lambda": 0.15
        },
        "MS1_6": {
          "meanserv": 0.7958006995027076,
          "stddevserv": 0.7958006995027076,
          "rate": 1.2565960304192942,
          "cv": 1.0,
          "lambda": 0.15
        },
        "MS1_7": {
          "meanserv": 1.1235252686729091,
          "stddevserv": 1.1235252686729091,
          "rate": 0.8900556381621793,
          "cv": 1.0,
          "lambda": 0.15
        },
        "MS1_8": {
          "meanserv": 0.3229276255182354,
          "stddevserv": 0.3229276255182354,
          "rate": 3.0966691016143213,
          "cv": 1.0,
          "lambda": 0.15
        },
        "MS1_9": {
          "meanserv": 0.6407623263052962,
          "stddevserv": 0.6407623263052962,
          "rate": 1.560641066034744,
          "cv": 1.0,
          "lambda": 0.15
        },
        "MS1_10": {
          "meanserv": 1.0668578623069642,
          "stddevserv": 1.0668578623069642,
          "rate": 0.9373319870724003,
          "cv": 1.0,
          "lambda": 0.15
        },
        "MS1_11": {
          "meanserv": 2.328510250068282,
          "stddevserv": 2.328510250068282,
          "rate": 0.42945913593065593,
          "cv": 1.0,
          "lambda": 0.15
        },
        "MS1_12": {
          "meanserv": 0.8575965748110566,
          "stddevserv": 0.8575965748110566,
          "rate": 1.1660494332318403,
          "cv": 1.0,
          "lambda": 0.15
        }
      },
      "sensors": [
        "S1"
      ],
      "sources": [
        {
          "startTime": 0,
          "stopTime": -1,
          "lambda": 0.15
        }
      ]
    },
    "SC2": {
      "resptime": 40.961673282662645,
      "resptime_old": 30.961673282662648,
      "waittime": 26.34171920911091,
      "servicetime": 10.0,
      "networktime": 4.619954073551737,
      "services": {
        "MS2_1": {
          "meanserv": 3.083028244137178,
          "stddevserv": 3.083028244137178,
          "rate": 0.324356418693745,
          "cv": 1.0,
          "lambda": 0.15
        },
        "MS2_2": {
          "meanserv": 0.28684429208339557,
          "stddevserv": 0.28684429208339557,
          "rate": 3.4862119540076657,
          "cv": 1.0,
          "lambda": 0.15
        },
        "MS2_3": {
          "meanserv": 0.4958417720569721,
          "stddevserv": 0.4958417720569721,
          "rate": 2.016772398685886,
          "cv": 1.0,
          "lambda": 0.15
        },
        "MS2_4": {
          "meanserv": 0.09851050958219121,
          "stddevserv": 0.09851050958219121,
          "rate": 10.151201168700284,
          "cv": 1.0,
          "lambda": 0.15
        },
        "MS2_5": {
          "meanserv": 0.2039973100435013,
          "stddevserv": 0.2039973100435013,
          "rate": 4.902025422721287,
          "cv": 1.0,
          "lambda": 0.15
        },
        "MS2_6": {
          "meanserv": 1.166968051718876,
          "stddevserv": 1.166968051718876,
          "rate": 0.8569214885763652,
          "cv": 1.0,
          "lambda": 0.15
        },
        "MS2_7": {
          "meanserv": 2.360907349099607,
          "stddevserv": 2.360907349099607,
          "rate": 0.4235659651707111,
          "cv": 1.0,
          "lambda": 0.15
        },
        "MS2_8": {
          "meanserv": 1.0259835955420167,
          "stddevserv": 1.0259835955420167,
          "rate": 0.9746744532223346,
          "cv": 1.0,
          "lambda": 0.15
        },
        "MS2_9": {
          "meanserv": 0.0018764439048979398,
          "stddevserv": 0.0018764439048979398,
          "rate": 532.9229386446221,
          "cv": 1.0,
          "lambda": 0.15
        },
        "MS2_10": {
          "meanserv": 0.01593911929903058,
          "stddevserv": 0.01593911929903058,
          "rate": 62.73872359188755,
          "cv": 1.0,
          "lambda": 0.15
        },
        "MS2_11": {
          "meanserv": 0.05532268533411511,
          "stddevserv": 0.05532268533411511,
          "rate": 18.075767543831486,
          "cv": 1.0,
          "lambda": 0.15
        },
        "MS2_12": {
          "meanserv": 1.2047806271982182,
          "stddevserv": 1.2047806271982182,
          "rate": 0.8300266267773192,
          "cv": 1.0,
          "lambda": 0.15
        }
      },
      "sensors": [
        "S2"
      ],
      "sources": [
        {
          "startTime": 0,
          "stopTime": -1,
          "lambda": 0.15
        }
      ]
    },
    "SC3": {
      "resptime": 41.78828889938187,
      "resptime_old": 31.788288899381868,
      "waittime": 26.52423511645315,
      "servicetime": 10.0,
      "networktime": 5.264053782928721,
      "services": {
        "MS3_1": {
          "meanserv": 0.6688099671411862,
          "stddevserv": 0.6688099671411862,
          "rate": 1.49519302811003,
          "cv": 1.0,
          "lambda": 0.15
        },
        "MS3_2": {
          "meanserv": 1.3823792423541748,
          "stddevserv": 1.3823792423541748,
          "rate": 0.723390491813963,
          "cv": 1.0,
          "lambda": 0.15
        },
        "MS3_3": {
          "meanserv": 0.5642714077243514,
          "stddevserv": 0.5642714077243514,
          "rate": 1.7721968299490796,
          "cv": 1.0,
          "lambda": 0.15
        },
        "MS3_4": {
          "meanserv": 0.40833914677395544,
          "stddevserv": 0.40833914677395544,
          "rate": 2.4489447262169324,
          "cv": 1.0,
          "lambda": 0.15
        },
        "MS3_5": {
          "meanserv": 0.22285006972386068,
          "stddevserv": 0.22285006972386068,
          "rate": 4.487321907680469,
          "cv": 1.0,
          "lambda": 0.15
        },
        "MS3_6": {
          "meanserv": 0.4287572710838887,
          "stddevserv": 0.4287572710838887,
          "rate": 2.33232196266205,
          "cv": 1.0,
          "lambda": 0.15
        },
        "MS3_7": {
          "meanserv": 0.5482501754454026,
          "stddevserv": 0.5482501754454026,
          "rate": 1.8239848244236174,
          "cv": 1.0,
          "lambda": 0.15
        },
        "MS3_8": {
          "meanserv": 0.36324466116043386,
          "stddevserv": 0.36324466116043386,
          "rate": 2.7529654442968705,
          "cv": 1.0,
          "lambda": 0.15
        },
        "MS3_9": {
          "meanserv": 1.6704333149410227,
          "stddevserv": 1.6704333149410227,
          "rate": 0.5986470642411168,
          "cv": 1.0,
          "lambda": 0.15
        },
        "MS3_10": {
          "meanserv": 2.749162049807894,
          "stddevserv": 2.749162049807894,
          "rate": 0.3637472007406322,
          "cv": 1.0,
          "lambda": 0.15
        },
        "MS3_11": {
          "meanserv": 0.08180364147418828,
          "stddevserv": 0.08180364147418828,
          "rate": 12.224394684380067,
          "cv": 1.0,
          "lambda": 0.15
        },
        "MS3_12": {
          "meanserv": 0.9116990523696415,
          "stddevserv": 0.9116990523696415,
          "rate": 1.0968531747409973,
          "cv": 1.0,
          "lambda": 0.15
        }
      },
      "sensors": [
        "S3"
      ],
      "sources": [
        {
          "startTime": 0,
          "stopTime": -1,
          "lambda": 0.15
        }
      ]
    },
    "SC4": {
      "resptime": 40.31277310675674,
      "resptime_old": 30.312773106756733,
      "waittime": 25.654227145177735,
      "servicetime": 10.0,
      "networktime": 4.6585459615790015,
      "services": {
        "MS4_1": {
          "meanserv": 0.7695522101788432,
          "stddevserv": 0.7695522101788432,
          "rate": 1.2994569917063858,
          "cv": 1.0,
          "lambda": 0.15
        },
        "MS4_2": {
          "meanserv": 1.0927847014139114,
          "stddevserv": 1.0927847014139114,
          "rate": 0.9150933378790342,
          "cv": 1.0,
          "lambda": 0.15
        },
        "MS4_3": {
          "meanserv": 1.3233372324239046,
          "stddevserv": 1.3233372324239046,
          "rate": 0.7556652797929213,
          "cv": 1.0,
          "lambda": 0.15
        },
        "MS4_4": {
          "meanserv": 1.8285916165537226,
          "stddevserv": 1.8285916165537226,
          "rate": 0.5468689624010539,
          "cv": 1.0,
          "lambda": 0.15
        },
        "MS4_5": {
          "meanserv": 0.04623927891126556,
          "stddevserv": 0.04623927891126556,
          "rate": 21.626634833969348,
          "cv": 1.0,
          "lambda": 0.15
        },
        "MS4_6": {
          "meanserv": 0.510428682054787,
          "stddevserv": 0.510428682054787,
          "rate": 1.9591375546812724,
          "cv": 1.0,
          "lambda": 0.15
        },
        "MS4_7": {
          "meanserv": 0.2886709355273487,
          "stddevserv": 0.2886709355273487,
          "rate": 3.464152004680291,
          "cv": 1.0,
          "lambda": 0.15
        },
        "MS4_8": {
          "meanserv": 0.8392291985463425,
          "stddevserv": 0.8392291985463425,
          "rate": 1.1915695994993192,
          "cv": 1.0,
          "lambda": 0.15
        },
        "MS4_9": {
          "meanserv": 2.1093989336421455,
          "stddevserv": 2.1093989336421455,
          "rate": 0.47406869513931765,
          "cv": 1.0,
          "lambda": 0.15
        },
        "MS4_10": {
          "meanserv": 0.0062573124006402026,
          "stddevserv": 0.0062573124006402026,
          "rate": 159.81302130571063,
          "cv": 1.0,
          "lambda": 0.15
        },
        "MS4_11": {
          "meanserv": 0.9917784199745352,
          "stddevserv": 0.9917784199745352,
          "rate": 1.0082897347430446,
          "cv": 1.0,
          "lambda": 0.15
        },
        "MS4_12": {
          "meanserv": 0.19373147837255367,
          "stddevserv": 0.19373147837255367,
          "rate": 5.161783765862554,
          "cv": 1.0,
          "lambda": 0.15
        }
      },
      "sensors": [
        "S4"
      ],
      "sources": [
        {
          "startTime": 0,
          "stopTime": -1,
          "lambda": 0.15
        }
      ]
    }
  },
  "microservice": {
    "MS1_1": "F7",
    "MS1_2": "F7",
    "MS1_3": "F7",
    "MS1_4": "F7",
    "MS1_5": "F10",
    "MS1_6": "F9",
    "MS1_7": "F9",
    "MS1_8": "F6",
    "MS1_9": "F6",
    "MS1_10": "F6",
    "MS1_11": "F4",
    "MS1_12": "F4",
    "MS2_1": "F1",
    "MS2_2": "F1",
    "MS2_3": "F4",
    "MS2_4": "F9",
    "MS2_5": "F9",
    "MS2_6": "F8",
    "MS2_7": "F3",
    "MS2_8": "F3",
    "MS2_9": "F6",
    "MS2_10": "F10",
    "MS2_11": "F10",
    "MS2_12": "F10",
    "MS3_1": "F8",
    "MS3_2": "F8",
    "MS3_3": "F10",
    "MS3_4": "F10",
    "MS3_5": "F10",
    "MS3_6": "F5",
    "MS3_7": "F5",
    "MS3_8": "F3",
    "MS3_9": "F7",
    "MS3_10": "F2",
    "MS3_11": "F2",
    "MS3_12": "F10",
    "MS4_1": "F9",
    "MS4_2": "F7",
    "MS4_3": "F9",
    "MS4_4": "F6",
    "MS4_5": "F6",
    "MS4_6": "F2",
    "MS4_7": "F8",
    "MS4_8": "F8",
    "MS4_9": "F5",
    "MS4_10": "F5",
    "MS4_11": "F5",
    "MS4_12": "F5"
  },
  "sensor": {
    "S1": "F7",
    "S2": "F1",
    "S3": "F8",
    "S4": "F9"
  },
  "fog": {
    "F1": {
      "rho": 0.505480880433086,
      "capacity": 1.0,
      "tserv": 1.6849362681102868,
      "stddev": 2.5977552953376835,
      "mu": 0.5934942578697852,
      "cv": 1.5417528511337428,
      "lambda": 0.3,
      "twait": 2.90808052389705
    },
    "F2": {
      "rho": 0.5012091560005304,
      "capacity": 1.0,
      "tserv": 1.1137981244456232,
      "stddev": 1.994041433588026,
      "mu": 0.8978287699108269,
      "cv": 1.7903077674695593,
      "lambda": 0.44999999999999996,
      "twait": 2.3532272130084104
    },
    "F3": {
      "rho": 0.5625203408703087,
      "capacity": 1.0,
      "tserv": 1.2500452019340194,
      "stddev": 1.7155277172341699,
      "mu": 0.7999710718083158,
      "cv": 1.3723725466726922,
      "lambda": 0.44999999999999996,
      "twait": 2.3172983219358754
    },
    "F4": {
      "rho": 0.5522922895404466,
      "capacity": 1.0,
      "tserv": 1.2273161989787704,
      "stddev": 1.662093730671,
      "mu": 0.8147859539636839,
      "cv": 1.354250625921829,
      "lambda": 0.44999999999999996,
      "twait": 2.1453587183515093
    },
    "F5": {
      "rho": 0.6417260386378748,
      "capacity": 1.0,
      "tserv": 0.7130289318198609,
      "stddev": 1.2151734601550241,
      "mu": 1.402467635426383,
      "cv": 1.7042414492965128,
      "lambda": 0.9,
      "twait": 2.4932751315463584
    },
    "F6": {
      "rho": 0.5860882730250574,
      "capacity": 1.0,
      "tserv": 0.6512091922500637,
      "stddev": 1.1145571563592396,
      "mu": 1.5356048592385363,
      "cv": 1.7115193852043333,
      "lambda": 0.9,
      "twait": 1.8115939491937914
    },
    "F7": {
      "rho": 0.6593194464517016,
      "capacity": 1.0,
      "tserv": 0.7325771627241129,
      "stddev": 1.0522508869981404,
      "mu": 1.365043917396314,
      "cv": 1.4363686728716876,
      "lambda": 0.9,
      "twait": 2.1714052802109896
    },
    "F8": {
      "rho": 0.6519086092931892,
      "capacity": 1.0,
      "tserv": 0.8692114790575856,
      "stddev": 1.023505475113627,
      "mu": 1.1504680093321107,
      "cv": 1.1775103064944905,
      "lambda": 0.75,
      "twait": 1.9424769985532495
    },
    "F9": {
      "rho": 0.6472084845606085,
      "capacity": 1.0,
      "tserv": 0.7191205384006761,
      "stddev": 0.9555026590474295,
      "mu": 1.3905874559277638,
      "cv": 1.3287100117769786,
      "lambda": 0.9,
      "twait": 1.8241761151394091
    },
    "F10": {
      "rho": 0.6922464811871967,
      "capacity": 1.0,
      "tserv": 0.5768720676559973,
      "stddev": 0.8670285656098249,
      "mu": 1.7334866013937844,
      "cv": 1.502982401510303,
      "lambda": 1.2,
      "twait": 2.1143932070225615
    }
  },
  "extra": {
    "deltatime": 0.0624553,
    "obj_func": 40.12946218213003
  },
  "network": [
    [
      0.0,
      0.9196799460935651,
      0.636195485829771,
      0.6766184295270377,
      0.9892467689524743,
      0.8971575192217793,
      0.6009285386300931,
      1.0239059064981368,
      0.8980445635572833,
      0.8980445635572833
    ],
    [
      0.9196799460935651,
      0.0,
      0.7294848006089292,
      0.66780705001046,
      0.9251238973590117,
      0.6989685231927097,
      0.8955651523544812,
      0.8980445635572833,
      0.9648035107275408,
      0.9648035107275408
    ],
    [
      0.636195485829771,
      0.7294848006089292,
      0.0,
      1.1223050707685942,
      0.7439192969018878,
      0.691666567290478,
      1.0239059064981368,
      0.9648035107275408,
      1.2442943840205454,
      1.2442943840205454
    ],
    [
      0.6766184295270377,
      0.66780705001046,
      1.1223050707685942,
      0.0,
      0.7175875578516882,
      0.6009285386300931,
      0.8980445635572833,
      1.2442943840205454,
      0.7152638798568821,
      0.7152638798568821
    ],
    [
      0.9892467689524743,
      0.9251238973590117,
      0.7439192969018878,
      0.7175875578516882,
      0.0,
      0.8955651523544812,
      0.9648035107275408,
      0.7152638798568821,
      0.9265594854577656,
      0.9265594854577656
    ],
    [
      0.8971575192217793,
      0.6989685231927097,
      0.691666567290478,
      0.6009285386300931,
      0.8955651523544812,
      0.0,
      1.2442943840205454,
      0.9265594854577656,
      0.8623012551608904,
      0.8623012551608904
    ],
    [
      0.6009285386300931,
      0.8955651523544812,
      1.0239059064981368,
      0.8980445635572833,
      0.9648035107275408,
      1.2442943840205454,
      0.0,
      0.8623012551608904,
      0.7419838699056179,
      0.7419838699056179
    ],
    [
      1.0239059064981368,
      0.8980445635572833,
      0.9648035107275408,
      1.2442943840205454,
      0.7152638798568821,
      0.9265594854577656,
      0.8623012551608904,
      0.0,
      0.7093004309889078,
      0.7093004309889078
    ],
    [
      0.8980445635572833,
      0.9648035107275408,
      1.2442943840205454,
      0.7152638798568821,
      0.9265594854577656,
      0.8623012551608904,
      0.7419838699056179,
      0.7093004309889078,
      0.0,
      1.0760339335925309
    ],
    [
      0.8980445635572833,
      0.9648035107275408,
      1.2442943840205454,
      0.7152638798568821,
      0.9265594854577656,
      0.8623012551608904,
      0.7419838699056179,
      0.7093004309889078,
      1.0760339335925309,
      0.0
    ]
  ]
}