{
  "servicechain": {
    "SC1": {
      "resptime": 19.117497403548068,
      "resptime_old": 9.117497403548068,
      "waittime": 5.0302430527819935,
      "servicetime": 10.0,
      "networktime": 4.087254350766075,
      "services": {
        "MS1_1": {
          "meanserv": 2.078964006800048,
          "stddevserv": 2.078964006800048,
          "rate": 0.48100880858404327,
          "cv": 1.0,
          "lambda": 0.075
        },
        "MS1_2": {
          "meanserv": 1.1586560455120778,
          "stddevserv": 1.1586560455120778,
          "rate": 0.863068901140581,
          "cv": 1.0,
          "lambda": 0.075
        },
        "MS1_3": {
          "meanserv": 1.4553670769250422,
          "stddevserv": 1.4553670769250422,
          "rate": 0.6871118742859293,
          "cv": 1.0,
          "lambda": 0.075
        },
        "MS1_4": {
          "meanserv": 3.2962100998937185,
          "stddevserv": 3.2962100998937185,
          "rate": 0.30337871970971864,
          "cv": 1.0,
          "lambda": 0.075
        },
        "MS1_5": {
          "meanserv": 2.0108027708691134,
          "stddevserv": 2.0108027708691134,
          "rate": 0.49731381639571637,
          "cv": 1.0,
          "lambda": 0.075
        }
      },
      "sensors": [
        "S1"
      ],
      "sources": [
        {
          "startTime": 0,
          "stopTime": -1,
          "lambda": 0.075
        }
      ]
    },
    "SC2": {
      "resptime": 18.873769190294745,
      "resptime_old": 8.873769190294745,
      "waittime": 4.696945621538418,
      "servicetime": 10.0,
      "networktime": 4.176823568756326,
      "services": {
        "MS2_1": {
          "meanserv": 2.9866800041323103,
          "stddevserv": 2.9866800041323103,
          "rate": 0.334819933376331,
          "cv": 1.0,
          "lambda": 0.075
        },
        "MS2_2": {
          "meanserv": 2.512985515961468,
          "stddevserv": 2.512985515961468,
          "rate": 0.39793305359239217,
          "cv": 1.0,
          "lambda": 0.075
        },
        "MS2_3": {
          "meanserv": 2.7576053007409325,
          "stddevserv": 2.7576053007409325,
          "rate": 0.3626334775797367,
          "cv": 1.0,
          "lambda": 0.075
        },
        "MS2_4": {
          "meanserv": 1.345496049553148,
          "stddevserv": 1.345496049553148,
          "rate": 0.7432203166498403,
          "cv": 1.0,
          "lambda": 0.075
        },
        "MS2_5": {
          "meanserv": 0.3972331296121414,
          "stddevserv": 0.3972331296121414,
          "rate": 2.5174133914167744,
          "cv": 1.0,
          "lambda": 0.075
        }
      },
      "sensors": [
        "S2"
      ],
      "sources": [
        {
          "startTime": 0,
          "stopTime": -1,
          "lambda": 0.075
        }
      ]
    },
    "SC3": {
      "resptime": 20.283913585137988,
      "resptime_old": 10.283913585137986,
      "waittime": 8.446920655524643,
      "servicetime": 10.0,
      "networktime": 1.836992929613344,
      "services": {
        "MS3_1": {
          "meanserv": 0.5498859184140126,
          "stddevserv": 0.5498859184140126,
          "rate": 1.8185590256324653,
          "cv": 1.0,
          "lambda": 0.075
        },
        "MS3_2": {
          "meanserv": 3.7823428571021585,
          "stddevserv": 3.7823428571021585,
          "rate": 0.2643863969450273,
          "cv": 1.0,
          "lambda": 0.075
        },
        "MS3_3": {
          "meanserv": 2.728255777895389,
          "stddevserv": 2.728255777895389,
          "rate": 0.3665345485940518,
          "cv": 1.0,
          "lambda": 0.075
        },
        "MS3_4": {
          "meanserv": 2.3431826952988493,
          "stddevserv": 2.3431826952988493,
          "rate": 0.4267699663395048,
          "cv": 1.0,
          "lambda": 0.075
        },
        "MS3_5": {
          "meanserv": 0.5963327512895908,
          "stddevserv": 0.5963327512895908,
          "rate": 1.6769161140947975,
          "cv": 1.0,
          "lambda": 0.075
        }
      },
      "sensors": [
        "S3"
      ],
      "sources": [
        {
          "startTime": 0,
          "stopTime": -1,
          "lambda": 0.075
        }
      ]
    },
    "SC4": {
      "resptime": 18.950114520173052,
      "resptime_old": 8.95011452017305,
      "waittime": 5.467355880934064,
      "servicetime": 10.0,
      "networktime": 3.4827586392389867,
      "services": {
        "MS4_1": {
          "meanserv": 0.9952849161969057,
          "stddevserv": 0.9952849161969057,
          "rate": 1.0047374211407836,
          "cv": 1.0,
          "lambda": 0.075
        },
        "MS4_2": {
          "meanserv": 1.6258879761203482,
          "stddevserv": 1.6258879761203482,
          "rate": 0.6150485240601717,
          "cv": 1.0,
          "lambda": 0.075
        },
        "MS4_3": {
          "meanserv": 0.17359056025134345,
          "stddevserv": 0.17359056025134345,
          "rate": 5.7606819089246,
          "cv": 1.0,
          "lambda": 0.075
        },
        "MS4_4": {
          "meanserv": 2.6705052248846526,
          "stddevserv": 2.6705052248846526,
          "rate": 0.3744609786499081,
          "cv": 1.0,
          "lambda": 0.075
        },
        "MS4_5": {
          "meanserv": 4.53473132254675,
          "stddevserv": 4.53473132254675,
          "rate": 0.22052023127103154,
          "cv": 1.0,
          "lambda": 0.075
        }
      },
      "sensors": [
        "S4"
      ],
      "sources": [
        {
          "startTime": 0,
          "stopTime": -1,
          "lambda": 0.075
        }
      ]
    }
  },
  "microservice": {
    "MS1_1": "F7",
    "MS1_2": "F7",
    "MS1_3": "F3",
    "MS1_4": "F3",
    "MS1_5": "F10",
    "MS2_1": "F4",
    "MS2_2": "F8",
    "MS2_3": "F5",
    "MS2_4": "F5",
    "MS2_5": "F5",
    "MS3_1": "F2",
    "MS3_2": "F2",
    "MS3_3": "F6",
    "MS3_4": "F6",
    "MS3_5": "F6",
    "MS4_1": "F10",
    "MS4_2": "F10",
    "MS4_3": "F9",
    "MS4_4": "F9",
    "MS4_5": "F1"
  },
  "sensor": {
    "S1": "F7",
    "S2": "F4",
    "S3": "F2",
    "S4": "F10"
  },
  "fog": {
    "F1": {
      "rho": 0.3401048491910062,
      "capacity": 1.0,
      "tserv": 4.53473132254675,
      "stddev": 4.53473132254675,
      "mu": 0.22052023127103154,
      "cv": 1.0,
      "lambda": 0.075,
      "twait": 2.33716539769347
    },
    "F2": {
      "rho": 0.3249171581637128,
      "capacity": 1.0,
      "tserv": 2.1661143877580855,
      "stddev": 3.1490380231253408,
      "mu": 0.4616561367449267,
      "cv": 1.4537727282189261,
      "lambda": 0.15,
      "twait": 1.6229665946114074
    },
    "F3": {
      "rho": 0.35636828826140704,
      "capacity": 1.0,
      "tserv": 2.3757885884093803,
      "stddev": 2.709007739823285,
      "mu": 0.42091287283668294,
      "cv": 1.1402562303058283,
      "lambda": 0.15,
      "twait": 1.5128715049055534
    },
    "F4": {
      "rho": 0.22400100030992326,
      "capacity": 1.0,
      "tserv": 2.9866800041323103,
      "stddev": 2.9866800041323103,
      "mu": 0.334819933376331,
      "cv": 1.0,
      "lambda": 0.075,
      "twait": 0.8621393955384998
    },
    "F5": {
      "rho": 0.3375250859929667,
      "capacity": 1.0,
      "tserv": 1.5001114933020743,
      "stddev": 2.032574563584094,
      "mu": 0.6666171177708803,
      "cv": 1.3549489972308337,
      "lambda": 0.22499999999999998,
      "twait": 1.0837248970755873
    },
    "F6": {
      "rho": 0.42508284183628714,
      "capacity": 1.0,
      "tserv": 1.8892570748279431,
      "stddev": 2.3000810190436063,
      "mu": 0.5293085908338182,
      "cv": 1.2174526429935837,
      "lambda": 0.22499999999999998,
      "twait": 1.7336624887672758
    },
    "F7": {
      "rho": 0.24282150392340948,
      "capacity": 1.0,
      "tserv": 1.6188100261560632,
      "stddev": 1.7447146679581744,
      "mu": 0.6177377109373017,
      "cv": 1.077776045223217,
      "lambda": 0.15,
      "twait": 0.5610871679587568
    },
    "F8": {
      "rho": 0.18847391369711006,
      "capacity": 1.0,
      "tserv": 2.512985515961468,
      "stddev": 2.512985515961468,
      "mu": 0.39793305359239217,
      "cv": 1.0,
      "lambda": 0.075,
      "twait": 0.5836315347731572
    },
    "F9": {
      "rho": 0.21330718388519967,
      "capacity": 1.0,
      "tserv": 1.422047892567998,
      "stddev": 2.267049101803382,
      "mu": 0.7032111964908264,
      "cv": 1.5942143113826093,
      "lambda": 0.15,
      "twait": 0.6827695345669244
    },
    "F10": {
      "rho": 0.34739817473897755,
      "capacity": 1.0,
      "tserv": 1.5439918877287893,
      "stddev": 1.6535951004963383,
      "mu": 0.6476717966899419,
      "cv": 1.0709869097361484,
      "lambda": 0.22499999999999998,
      "twait": 0.8823257070533727
    }
  },
  "extra": {
    "deltatime": 0.0148482,
    "obj_func": 19.306323674788462
  },
  "network": [
    [
      0.0,
      2.021297909989553,
      1.8990994858964172,
      2.2398622381770408,
      2.078384259215622,
      1.7608350780543476,
      2.318772037676462,
      2.087939786153237,
      2.0399324378466797,
      2.0399324378466797
    ],
    [
      2.021297909989553,
      0.0,
      2.3530333450029315,
      1.696565987653882,
      1.5501681804919996,
      1.836992929613344,
      2.3177933224829546,
      2.0399324378466797,
      2.4067856888522945,
      2.4067856888522945
    ],
    [
      1.8990994858964172,
      2.3530333450029315,
      0.0,
      1.9433796462399329,
      1.6965102049883336,
      1.9460170411683724,
      2.087939786153237,
      2.4067856888522945,
      1.9993145646128372,
      1.9993145646128372
    ],
    [
      2.2398622381770408,
      1.696565987653882,
      1.9433796462399329,
      0.0,
      2.1135349901756055,
      2.318772037676462,
      2.0399324378466797,
      1.9993145646128372,
      2.177509004143489,
      2.177509004143489
    ],
    [
      2.078384259215622,
      1.5501681804919996,
      1.6965102049883336,
      2.1135349901756055,
      0.0,
      2.3177933224829546,
      2.4067856888522945,
      2.177509004143489,
      2.006246852105471,
      2.006246852105471
    ],
    [
      1.7608350780543476,
      1.836992929613344,
      1.9460170411683724,
      2.318772037676462,
      2.3177933224829546,
      0.0,
      1.9993145646128372,
      2.006246852105471,
      2.3318856744097816,
      2.3318856744097816
    ],
    [
      2.318772037676462,
      2.3177933224829546,
      2.087939786153237,
      2.0399324378466797,
      2.4067856888522945,
      1.9993145646128372,
      0.0,
      2.3318856744097816,
      1.9155990131946647,
      1.9155990131946647
    ],
    [
      2.087939786153237,
      2.0399324378466797,
      2.4067856888522945,
      1.9993145646128372,
      2.177509004143489,
      2.006246852105471,
      2.3318856744097816,
      0.0,
      2.3984834440550586,
      2.3984834440550586
    ],
    [
      2.0399324378466797,
      2.4067856888522945,
      1.9993145646128372,
      2.177509004143489,
      2.006246852105471,
      2.3318856744097816,
      1.9155990131946647,
      2.3984834440550586,
      0.0,
      1.4428262013923072
    ],
    [
      2.0399324378466797,
      2.4067856888522945,
      1.9993145646128372,
      2.177509004143489,
      2.006246852105471,
      2.3318856744097816,
      1.9155990131946647,
      2.3984834440550586,
      1.4428262013923072,
      0.0
    ]
  ]
}