{
  "servicechain": {
    "SC1": {
      "resptime": 16.812171333102846,
      "resptime_old": 6.812171333102844,
      "waittime": 4.670233248617132,
      "servicetime": 10.0,
      "networktime": 2.1419380844857128,
      "services": {
        "MS1_1": {
          "meanserv": 1.064856311187904,
          "stddevserv": 1.064856311187904,
          "rate": 0.9390938378197212,
          "cv": 1.0,
          "lambda": 0.05
        },
        "MS1_2": {
          "meanserv": 2.4141038779131767,
          "stddevserv": 2.4141038779131767,
          "rate": 0.4142323821062869,
          "cv": 1.0,
          "lambda": 0.05
        },
        "MS1_3": {
          "meanserv": 1.027779830381328,
          "stddevserv": 1.027779830381328,
          "rate": 0.9729710298255017,
          "cv": 1.0,
          "lambda": 0.05
        },
        "MS1_4": {
          "meanserv": 4.686421001406512,
          "stddevserv": 4.686421001406512,
          "rate": 0.21338245106444234,
          "cv": 1.0,
          "lambda": 0.05
        },
        "MS1_5": {
          "meanserv": 0.8068389791110793,
          "stddevserv": 0.8068389791110793,
          "rate": 1.2394046716752982,
          "cv": 1.0,
          "lambda": 0.05
        }
      },
      "sensors": [
        "S1"
      ],
      "sources": [
        {
          "startTime": 0,
          "stopTime": -1,
          "lambda": 0.05
        }
      ]
    },
    "SC2": {
      "resptime": 15.871563886599203,
      "resptime_old": 5.871563886599203,
      "waittime": 4.143062561447097,
      "servicetime": 10.0,
      "networktime": 1.7285013251521055,
      "services": {
        "MS2_1": {
          "meanserv": 0.862621977157324,
          "stddevserv": 0.862621977157324,
          "rate": 1.1592563445872202,
          "cv": 1.0,
          "lambda": 0.05
        },
        "MS2_2": {
          "meanserv": 1.1056374882169728,
          "stddevserv": 1.1056374882169728,
          "rate": 0.9044555839117475,
          "cv": 1.0,
          "lambda": 0.05
        },
        "MS2_3": {
          "meanserv": 2.9770815343005674,
          "stddevserv": 2.9770815343005674,
          "rate": 0.33589943321284915,
          "cv": 1.0,
          "lambda": 0.05
        },
        "MS2_4": {
          "meanserv": 3.5418641976862295,
          "stddevserv": 3.5418641976862295,
          "rate": 0.28233719425303305,
          "cv": 1.0,
          "lambda": 0.05
        },
        "MS2_5": {
          "meanserv": 1.512794802638906,
          "stddevserv": 1.512794802638906,
          "rate": 0.6610281832378118,
          "cv": 1.0,
          "lambda": 0.05
        }
      },
      "sensors": [
        "S2"
      ],
      "sources": [
        {
          "startTime": 0,
          "stopTime": -1,
          "lambda": 0.05
        }
      ]
    },
    "SC3": {
      "resptime": 16.739732238813524,
      "resptime_old": 6.739732238813524,
      "waittime": 2.793664328059707,
      "servicetime": 10.0,
      "networktime": 3.9460679107538175,
      "services": {
        "MS3_1": {
          "meanserv": 2.0038858755580513,
          "stddevserv": 2.0038858755580513,
          "rate": 0.4990304149539032,
          "cv": 1.0,
          "lambda": 0.05
        },
        "MS3_2": {
          "meanserv": 2.362461456740137,
          "stddevserv": 2.362461456740137,
          "rate": 0.4232873290469927,
          "cv": 1.0,
          "lambda": 0.05
        },
        "MS3_3": {
          "meanserv": 0.37054963598674195,
          "stddevserv": 0.37054963598674195,
          "rate": 2.698693785886702,
          "cv": 1.0,
          "lambda": 0.05
        },
        "MS3_4": {
          "meanserv": 0.44198886254349556,
          "stddevserv": 0.44198886254349556,
          "rate": 2.262500449095799,
          "cv": 1.0,
          "lambda": 0.05
        },
        "MS3_5": {
          "meanserv": 4.821114169171574,
          "stddevserv": 4.821114169171574,
          "rate": 0.20742093319309068,
          "cv": 1.0,
          "lambda": 0.05
        }
      },
      "sensors": [
        "S3"
      ],
      "sources": [
        {
          "startTime": 0,
          "stopTime": -1,
          "lambda": 0.05
        }
      ]
    },
    "SC4": {
      "resptime": 17.493338898395546,
      "resptime_old": 7.493338898395548,
      "waittime": 5.558421687902392,
      "servicetime": 10.0,
      "networktime": 1.9349172104931553,
      "services": {
        "MS4_1": {
          "meanserv": 1.5228803157918314,
          "stddevserv": 1.5228803157918314,
          "rate": 0.6566504206734353,
          "cv": 1.0,
          "lambda": 0.05
        },
        "MS4_2": {
          "meanserv": 0.02066616686330791,
          "stddevserv": 0.02066616686330791,
          "rate": 48.38826699766305,
          "cv": 1.0,
          "lambda": 0.05
        },
        "MS4_3": {
          "meanserv": 0.18751097117084115,
          "stddevserv": 0.18751097117084115,
          "rate": 5.333021282732841,
          "cv": 1.0,
          "lambda": 0.05
        },
        "MS4_4": {
          "meanserv": 0.4738238799875971,
          "stddevserv": 0.4738238799875971,
          "rate": 2.1104888171237297,
          "cv": 1.0,
          "lambda": 0.05
        },
        "MS4_5": {
          "meanserv": 7.795118666186422,
          "stddevserv": 7.795118666186422,
          "rate": 0.12828541075811825,
          "cv": 1.0,
          "lambda": 0.05
        }
      },
      "sensors": [
        "S4"
      ],
      "sources": [
        {
          "startTime": 0,
          "stopTime": -1,
          "lambda": 0.05
        }
      ]
    }
  },
  "microservice": {
    "MS1_1": "F5",
    "MS1_2": "F5",
    "MS1_3": "F5",
    "MS1_4": "F3",
    "MS1_5": "F3",
    "MS2_1": "F8",
    "MS2_2": "F8",
    "MS2_3": "F8",
    "MS2_4": "F4",
    "MS2_5": "F4",
    "MS3_1": "F6",
    "MS3_2": "F6",
    "MS3_3": "F9",
    "MS3_4": "F9",
    "MS3_5": "F2",
    "MS4_1": "F7",
    "MS4_2": "F7",
    "MS4_3": "F7",
    "MS4_4": "F7",
    "MS4_5": "F1"
  },
  "sensor": {
    "S1": "F5",
    "S2": "F8",
    "S3": "F6",
    "S4": "F7"
  },
  "fog": {
    "F1": {
      "rho": 0.3897559333093211,
      "capacity": 1.0,
      "tserv": 7.795118666186422,
      "stddev": 7.795118666186422,
      "mu": 0.12828541075811825,
      "cv": 1.0,
      "lambda": 0.05,
      "twait": 4.9786534877305115
    },
    "F2": {
      "rho": 0.24105570845857874,
      "capacity": 1.0,
      "tserv": 4.821114169171574,
      "stddev": 4.821114169171574,
      "mu": 0.20742093319309068,
      "cv": 1.0,
      "lambda": 0.05,
      "twait": 1.5312811553651675
    },
    "F3": {
      "rho": 0.2746629990258796,
      "capacity": 1.0,
      "tserv": 2.746629990258796,
      "stddev": 3.881952425938266,
      "mu": 0.364082531519208,
      "cv": 1.4133510664727347,
      "lambda": 0.1,
      "twait": 1.5588292690340677
    },
    "F4": {
      "rho": 0.2527329500162568,
      "capacity": 1.0,
      "tserv": 2.5273295001625677,
      "stddev": 2.9061926480105944,
      "mu": 0.3956745647671489,
      "cv": 1.14990651113108,
      "lambda": 0.1,
      "twait": 0.992506635349806
    },
    "F5": {
      "rho": 0.2253370009741204,
      "capacity": 1.0,
      "tserv": 1.5022466731608026,
      "stddev": 1.7574660311628159,
      "mu": 0.6656696385926751,
      "cv": 1.1698917778030546,
      "lambda": 0.15000000000000002,
      "twait": 0.5175249035163323
    },
    "F6": {
      "rho": 0.2183173666149094,
      "capacity": 1.0,
      "tserv": 2.183173666149094,
      "stddev": 2.1978479201884995,
      "mu": 0.4580487642853913,
      "cv": 1.0067215239295595,
      "lambda": 0.1,
      "twait": 0.613854160689534
    },
    "F7": {
      "rho": 0.11024406669067889,
      "capacity": 1.0,
      "tserv": 0.5512203334533944,
      "stddev": 0.9928678835096946,
      "mu": 1.8141565891356035,
      "cv": 1.8012178130102332,
      "lambda": 0.2,
      "twait": 0.1449420500429701
    },
    "F8": {
      "rho": 0.2472670499837432,
      "capacity": 1.0,
      "tserv": 1.6484469998916211,
      "stddev": 2.1218701068509414,
      "mu": 0.6066315750920388,
      "cv": 1.2871934050596991,
      "lambda": 0.15000000000000002,
      "twait": 0.719349763582495
    },
    "F9": {
      "rho": 0.040626924926511876,
      "capacity": 1.0,
      "tserv": 0.40626924926511876,
      "stddev": 0.4093977093780042,
      "mu": 2.4614218324641914,
      "cv": 1.0077004600238495,
      "lambda": 0.1,
      "twait": 0.01733742565773581
    },
    "F10": {
      "rho": 0,
      "capacity": 1.0,
      "tserv": 0,
      "stddev": 0,
      "mu": 0,
      "cv": 0,
      "lambda": 0.0,
      "twait": 0
    }
  },
  "extra": {
    "deltatime": 0.0136886,
    "obj_func": 16.72920158922778
  },
  "network": [
    [
      0.0,
      1.3866097596888625,
      3.151631221436652,
      1.5803858850715728,
      1.6220045941105006,
      1.699011543058122,
      1.9349172104931553,
      2.136184309364477,
      2.163346455597291,
      2.163346455597291
    ],
    [
      1.3866097596888625,
      0.0,
      2.150159594527484,
      2.6121954544484116,
      2.160931292807378,
      1.8679767341971314,
      2.1393974580419517,
      2.163346455597291,
      1.6098978116540885,
      1.6098978116540885
    ],
    [
      3.151631221436652,
      2.150159594527484,
      0.0,
      1.9343019530281285,
      2.1419380844857128,
      1.8032202903530616,
      2.136184309364477,
      1.6098978116540885,
      1.7285013251521055,
      1.7285013251521055
    ],
    [
      1.5803858850715728,
      2.6121954544484116,
      1.9343019530281285,
      0.0,
      2.6227353999114342,
      1.9349172104931553,
      2.163346455597291,
      1.7285013251521055,
      2.0037384197685766,
      2.0037384197685766
    ],
    [
      1.6220045941105006,
      2.160931292807378,
      2.1419380844857128,
      2.6227353999114342,
      0.0,
      2.1393974580419517,
      1.6098978116540885,
      2.0037384197685766,
      2.4787204963543146,
      2.4787204963543146
    ],
    [
      1.699011543058122,
      1.8679767341971314,
      1.8032202903530616,
      1.9349172104931553,
      2.1393974580419517,
      0.0,
      1.7285013251521055,
      2.4787204963543146,
      2.336170099099729,
      2.336170099099729
    ],
    [
      1.9349172104931553,
      2.1393974580419517,
      2.136184309364477,
      2.163346455597291,
      1.6098978116540885,
      1.7285013251521055,
      0.0,
      2.336170099099729,
      1.325026599859158,
      1.325026599859158
    ],
    [
      2.136184309364477,
      2.163346455597291,
      1.6098978116540885,
      1.7285013251521055,
      2.0037384197685766,
      2.4787204963543146,
      2.336170099099729,
      0.0,
      1.7477903753561554,
      1.7477903753561554
    ],
    [
      2.163346455597291,
      1.6098978116540885,
      1.7285013251521055,
      2.0037384197685766,
      2.4787204963543146,
      2.336170099099729,
      1.325026599859158,
      1.7477903753561554,
      0.0,
      2.172891340810122
    ],
    [
      2.163346455597291,
      1.6098978116540885,
      1.7285013251521055,
      2.0037384197685766,
      2.4787204963543146,
      2.336170099099729,
      1.325026599859158,
      1.7477903753561554,
      2.172891340810122,
      0.0
    ]
  ]
}