{
  "servicechain": {
    "SC1": {
      "resptime": 34.22309702848989,
      "resptime_old": 24.22309702848989,
      "waittime": 20.87676896593157,
      "servicetime": 10.0,
      "networktime": 3.346328062558314,
      "services": {
        "MS1_1": {
          "meanserv": 3.0870632008237453,
          "stddevserv": 3.0870632008237453,
          "rate": 0.3239324675093021,
          "cv": 1.0,
          "lambda": 0.15
        },
        "MS1_2": {
          "meanserv": 1.4787856403975064,
          "stddevserv": 1.4787856403975064,
          "rate": 0.6762305317836289,
          "cv": 1.0,
          "lambda": 0.15
        },
        "MS1_3": {
          "meanserv": 1.0443757317635072,
          "stddevserv": 1.0443757317635072,
          "rate": 0.9575098018712332,
          "cv": 1.0,
          "lambda": 0.15
        },
        "MS1_4": {
          "meanserv": 1.5585646504210429,
          "stddevserv": 1.5585646504210429,
          "rate": 0.6416159892564304,
          "cv": 1.0,
          "lambda": 0.15
        },
        "MS1_5": {
          "meanserv": 0.22127144606243032,
          "stddevserv": 0.22127144606243032,
          "rate": 4.519335945939705,
          "cv": 1.0,
          "lambda": 0.15
        },
        "MS1_6": {
          "meanserv": 0.3000228480549261,
          "stddevserv": 0.3000228480549261,
          "rate": 3.333079485389483,
          "cv": 1.0,
          "lambda": 0.15
        },
        "MS1_7": {
          "meanserv": 0.5175867933225327,
          "stddevserv": 0.5175867933225327,
          "rate": 1.9320431141233796,
          "cv": 1.0,
          "lambda": 0.15
        },
        "MS1_8": {
          "meanserv": 1.7923296891543092,
          "stddevserv": 1.7923296891543092,
          "rate": 0.5579330666959151,
          "cv": 1.0,
          "lambda": 0.15
        }
      },
      "sensors": [
        "S1"
      ],
      "sources": [
        {
          "startTime": 0,
          "stopTime": -1,
          "lambda": 0.15
        }
      ]
    },
    "SC2": {
      "resptime": 46.300478716296695,
      "resptime_old": 36.300478716296695,
      "waittime": 32.41884989188469,
      "servicetime": 10.0,
      "networktime": 3.881628824412005,
      "services": {
        "MS2_1": {
          "meanserv": 2.527780921451436,
          "stddevserv": 2.527780921451436,
          "rate": 0.39560390361115877,
          "cv": 1.0,
          "lambda": 0.15
        },
        "MS2_2": {
          "meanserv": 0.2585449347354958,
          "stddevserv": 0.2585449347354958,
          "rate": 3.867799618751183,
          "cv": 1.0,
          "lambda": 0.15
        },
        "MS2_3": {
          "meanserv": 0.9906332930426811,
          "stddevserv": 0.9906332930426811,
          "rate": 1.009455271716691,
          "cv": 1.0,
          "lambda": 0.15
        },
        "MS2_4": {
          "meanserv": 0.3164486451932782,
          "stddevserv": 0.3164486451932782,
          "rate": 3.1600704101268224,
          "cv": 1.0,
          "lambda": 0.15
        },
        "MS2_5": {
          "meanserv": 0.6709024802051005,
          "stddevserv": 0.6709024802051005,
          "rate": 1.4905295918630257,
          "cv": 1.0,
          "lambda": 0.15
        },
        "MS2_6": {
          "meanserv": 4.803258455478154,
          "stddevserv": 4.803258455478154,
          "rate": 0.20819200325551754,
          "cv": 1.0,
          "lambda": 0.15
        },
        "MS2_7": {
          "meanserv": 0.3626029498567398,
          "stddevserv": 0.3626029498567398,
          "rate": 2.7578374649050383,
          "cv": 1.0,
          "lambda": 0.15
        },
        "MS2_8": {
          "meanserv": 0.06982832003711437,
          "stddevserv": 0.06982832003711437,
          "rate": 14.320837154158816,
          "cv": 1.0,
          "lambda": 0.15
        }
      },
      "sensors": [
        "S2"
      ],
      "sources": [
        {
          "startTime": 0,
          "stopTime": -1,
          "lambda": 0.15
        }
      ]
    },
    "SC3": {
      "resptime": 35.068383291702055,
      "resptime_old": 25.06838329170205,
      "waittime": 18.347718918489285,
      "servicetime": 10.0,
      "networktime": 6.72066437321277,
      "services": {
        "MS3_1": {
          "meanserv": 1.0522094145804417,
          "stddevserv": 1.0522094145804417,
          "rate": 0.9503811562061915,
          "cv": 1.0,
          "lambda": 0.15
        },
        "MS3_2": {
          "meanserv": 0.4372966150460711,
          "stddevserv": 0.4372966150460711,
          "rate": 2.2867773625337704,
          "cv": 1.0,
          "lambda": 0.15
        },
        "MS3_3": {
          "meanserv": 0.8612888141821649,
          "stddevserv": 0.8612888141821649,
          "rate": 1.1610507225146631,
          "cv": 1.0,
          "lambda": 0.15
        },
        "MS3_4": {
          "meanserv": 1.8066995275513724,
          "stddevserv": 1.8066995275513724,
          "rate": 0.5534954677025373,
          "cv": 1.0,
          "lambda": 0.15
        },
        "MS3_5": {
          "meanserv": 1.3591733456232031,
          "stddevserv": 1.3591733456232031,
          "rate": 0.735741326314403,
          "cv": 1.0,
          "lambda": 0.15
        },
        "MS3_6": {
          "meanserv": 2.616836288208315,
          "stddevserv": 2.616836288208315,
          "rate": 0.3821408333819293,
          "cv": 1.0,
          "lambda": 0.15
        },
        "MS3_7": {
          "meanserv": 0.103564103682384,
          "stddevserv": 0.103564103682384,
          "rate": 9.655855305491313,
          "cv": 1.0,
          "lambda": 0.15
        },
        "MS3_8": {
          "meanserv": 1.7629318911260476,
          "stddevserv": 1.7629318911260476,
          "rate": 0.5672368881824834,
          "cv": 1.0,
          "lambda": 0.15
        }
      },
      "sensors": [
        "S3"
      ],
      "sources": [
        {
          "startTime": 0,
          "stopTime": -1,
          "lambda": 0.15
        }
      ]
    },
    "SC4": {
      "resptime": 34.37969448367265,
      "resptime_old": 24.379694483672647,
      "waittime": 20.069265603577474,
      "servicetime": 10.0,
      "networktime": 4.31042888009518,
      "services": {
        "MS4_1": {
          "meanserv": 1.908245430357265,
          "stddevserv": 1.908245430357265,
          "rate": 0.5240416060175123,
          "cv": 1.0,
          "lambda": 0.15
        },
        "MS4_2": {
          "meanserv": 0.13222168772500398,
          "stddevserv": 0.13222168772500398,
          "rate": 7.563055783101258,
          "cv": 1.0,
          "lambda": 0.15
        },
        "MS4_3": {
          "meanserv": 0.2976598756322155,
          "stddevserv": 0.2976598756322155,
          "rate": 3.359539131285489,
          "cv": 1.0,
          "lambda": 0.15
        },
        "MS4_4": {
          "meanserv": 1.8456258805978334,
          "stddevserv": 1.8456258805978334,
          "rate": 0.5418216175404308,
          "cv": 1.0,
          "lambda": 0.15
        },
        "MS4_5": {
          "meanserv": 0.24403051352882432,
          "stddevserv": 0.24403051352882432,
          "rate": 4.09784819750372,
          "cv": 1.0,
          "lambda": 0.15
        },
        "MS4_6": {
          "meanserv": 0.21103051465475886,
          "stddevserv": 0.21103051465475886,
          "rate": 4.738651192866479,
          "cv": 1.0,
          "lambda": 0.15
        },
        "MS4_7": {
          "meanserv": 3.5740934795072796,
          "stddevserv": 3.5740934795072796,
          "rate": 0.27979122698767767,
          "cv": 1.0,
          "lambda": 0.15
        },
        "MS4_8": {
          "meanserv": 1.7870926179968194,
          "stddevserv": 1.7870926179968194,
          "rate": 0.5595680883741302,
          "cv": 1.0,
          "lambda": 0.15
        }
      },
      "sensors": [
        "S4"
      ],
      "sources": [
        {
          "startTime": 0,
          "stopTime": -1,
          "lambda": 0.15
        }
      ]
    }
  },
  "microservice": {
    "MS1_1": "F3",
    "MS1_2": "F8",
    "MS1_3": "F7",
    "MS1_4": "F9",
    "MS1_5": "F9",
    "MS1_6": "F9",
    "MS1_7": "F9",
    "MS1_8": "F9",
    "MS2_1": "F5",
    "MS2_2": "F5",
    "MS2_3": "F5",
    "MS2_4": "F5",
    "MS2_5": "F8",
    "MS2_6": "F1",
    "MS2_7": "F3",
    "MS2_8": "F3",
    "MS3_1": "F7",
    "MS3_2": "F6",
    "MS3_3": "F4",
    "MS3_4": "F8",
    "MS3_5": "F6",
    "MS3_6": "F4",
    "MS3_7": "F4",
    "MS3_8": "F10",
    "MS4_1": "F6",
    "MS4_2": "F6",
    "MS4_3": "F7",
    "MS4_4": "F7",
    "MS4_5": "F10",
    "MS4_6": "F10",
    "MS4_7": "F2",
    "MS4_8": "F10"
  },
  "sensor": {
    "S1": "F3",
    "S2": "F5",
    "S3": "F7",
    "S4": "F6"
  },
  "fog": {
    "F1": {
      "rho": 0.720488768321723,
      "capacity": 1.0,
      "tserv": 4.803258455478154,
      "stddev": 4.803258455478154,
      "mu": 0.20819200325551754,
      "cv": 1.0,
      "lambda": 0.15,
      "twait": 12.381233296920552
    },
    "F2": {
      "rho": 0.5361140219260919,
      "capacity": 1.0,
      "tserv": 3.5740934795072796,
      "stddev": 3.5740934795072796,
      "mu": 0.27979122698767767,
      "cv": 1.0,
      "lambda": 0.15,
      "twait": 4.130587516342613
    },
    "F3": {
      "rho": 0.52792417060764,
      "capacity": 1.0,
      "tserv": 1.1731648235725334,
      "stddev": 2.2511985762406956,
      "mu": 0.8523951450869366,
      "cv": 1.918910737014193,
      "lambda": 0.44999999999999996,
      "twait": 3.071429047271806
    },
    "F4": {
      "rho": 0.5372533809109294,
      "capacity": 1.0,
      "tserv": 1.193896402024288,
      "stddev": 1.908279011070956,
      "mu": 0.837593612230064,
      "cv": 1.5983623100257363,
      "lambda": 0.44999999999999996,
      "twait": 2.4636731390665623
    },
    "F5": {
      "rho": 0.6140111691634337,
      "capacity": 1.0,
      "tserv": 1.0233519486057228,
      "stddev": 1.6497753657741165,
      "mu": 0.97718092134623,
      "cv": 1.6121290119414649,
      "lambda": 0.6,
      "twait": 2.9293655674400383
    },
    "F6": {
      "rho": 0.5755405618127315,
      "capacity": 1.0,
      "tserv": 0.9592342696878858,
      "stddev": 1.3887409661056755,
      "mu": 1.0424982004921264,
      "cv": 1.4477599581148637,
      "lambda": 0.6,
      "twait": 2.013430447382538
    },
    "F7": {
      "rho": 0.6359806353860996,
      "capacity": 1.0,
      "tserv": 1.0599677256434994,
      "stddev": 1.31258113179919,
      "mu": 0.9434249513520864,
      "cv": 1.2383217904133172,
      "lambda": 0.6,
      "twait": 2.3458099351226687
    },
    "F8": {
      "rho": 0.5934581472230969,
      "capacity": 1.0,
      "tserv": 1.318795882717993,
      "stddev": 1.4814961853105744,
      "mu": 0.7582674567796149,
      "cv": 1.1233703446641503,
      "lambda": 0.44999999999999996,
      "twait": 2.177296230660373
    },
    "F9": {
      "rho": 0.6584663140522862,
      "capacity": 1.0,
      "tserv": 0.8779550854030482,
      "stddev": 1.2839669006672745,
      "mu": 1.139010430745354,
      "cv": 1.4624516925918094,
      "lambda": 0.75,
      "twait": 2.6564467505753457
    },
    "F10": {
      "rho": 0.6007628305959676,
      "capacity": 1.0,
      "tserv": 1.0012713843266128,
      "stddev": 1.4833450167701916,
      "mu": 0.9987302300390141,
      "cv": 1.4814615098261186,
      "lambda": 0.6,
      "twait": 2.4067324407414814
    }
  },
  "extra": {
    "deltatime": 0.0321972,
    "obj_func": 37.49291338004032
  },
  "network": [
    [
      0.0,
      1.1947576566948435,
      0.7824569042704314,
      1.2346691062720914,
      1.028875902732076,
      1.8567407207615159,
      0.7000312649855277,
      1.5832306873018425,
      1.5958397133345117,
      1.5958397133345117
    ],
    [
      1.1947576566948435,
      0.0,
      0.9138177144521553,
      1.2273025630917613,
      1.3070704445736832,
      1.5941913059737576,
      1.496691018246201,
      1.5958397133345117,
      1.2442644184914553,
      1.2442644184914553
    ],
    [
      0.7824569042704314,
      0.9138177144521553,
      0.0,
      1.1905353964962289,
      1.3059571736711522,
      1.467676756393928,
      1.5832306873018425,
      1.2442644184914553,
      1.0230967350792204,
      1.0230967350792204
    ],
    [
      1.2346691062720914,
      1.2273025630917613,
      1.1905353964962289,
      0.0,
      1.605925378498285,
      0.7000312649855277,
      1.5958397133345117,
      1.0230967350792204,
      1.515941232839731,
      1.515941232839731
    ],
    [
      1.028875902732076,
      1.3070704445736832,
      1.3059571736711522,
      1.605925378498285,
      0.0,
      1.496691018246201,
      1.2442644184914553,
      1.515941232839731,
      1.7584671402435423,
      1.7584671402435423
    ],
    [
      1.8567407207615159,
      1.5941913059737576,
      1.467676756393928,
      0.7000312649855277,
      1.496691018246201,
      0.0,
      1.0230967350792204,
      1.7584671402435423,
      1.3032603360338098,
      1.3032603360338098
    ],
    [
      0.7000312649855277,
      1.496691018246201,
      1.5832306873018425,
      1.5958397133345117,
      1.2442644184914553,
      1.0230967350792204,
      0.0,
      1.3032603360338098,
      0.7988033080330488,
      0.7988033080330488
    ],
    [
      1.5832306873018425,
      1.5958397133345117,
      1.2442644184914553,
      1.0230967350792204,
      1.515941232839731,
      1.7584671402435423,
      1.3032603360338098,
      0.0,
      1.5025668233061085,
      1.5025668233061085
    ],
    [
      1.5958397133345117,
      1.2442644184914553,
      1.0230967350792204,
      1.515941232839731,
      1.7584671402435423,
      1.3032603360338098,
      0.7988033080330488,
      1.5025668233061085,
      0.0,
      0.7334321428862616
    ],
    [
      1.5958397133345117,
      1.2442644184914553,
      1.0230967350792204,
      1.515941232839731,
      1.7584671402435423,
      1.3032603360338098,
      0.7988033080330488,
      1.5025668233061085,
      0.7334321428862616,
      0.0
    ]
  ]
}