{
  "servicechain": {
    "SC1": {
      "resptime": 6832.821158373371,
      "resptime_old": 6822.821158373371,
      "waittime": 6820.244339957745,
      "servicetime": 10.0,
      "networktime": 2.576818415625715,
      "services": {
        "MS1_1": {
          "meanserv": 0.5523426522518093,
          "stddevserv": 0.5523426522518093,
          "rate": 1.8104703591568856,
          "cv": 1.0,
          "lambda": 0.15
        },
        "MS1_2": {
          "meanserv": 2.7034734563481333,
          "stddevserv": 2.7034734563481333,
          "rate": 0.3698945139083427,
          "cv": 1.0,
          "lambda": 0.15
        },
        "MS1_3": {
          "meanserv": 6.744183891400057,
          "stddevserv": 6.744183891400057,
          "rate": 0.1482759094506845,
          "cv": 1.0,
          "lambda": 0.15
        }
      },
      "sensors": [
        "S1"
      ],
      "sources": [
        {
          "startTime": 0,
          "stopTime": -1,
          "lambda": 0.15
        }
      ]
    },
    "SC2": {
      "resptime": 29.226555884619188,
      "resptime_old": 19.22655588461919,
      "waittime": 12.695829788750956,
      "servicetime": 10.0,
      "networktime": 6.530726095868234,
      "services": {
        "MS2_1": {
          "meanserv": 4.41579007621389,
          "stddevserv": 4.41579007621389,
          "rate": 0.22646004061348013,
          "cv": 1.0,
          "lambda": 0.15
        },
        "MS2_2": {
          "meanserv": 2.867858602963101,
          "stddevserv": 2.867858602963101,
          "rate": 0.3486922259579987,
          "cv": 1.0,
          "lambda": 0.15
        },
        "MS2_3": {
          "meanserv": 2.7163513208230095,
          "stddevserv": 2.7163513208230095,
          "rate": 0.36814089265044575,
          "cv": 1.0,
          "lambda": 0.15
        }
      },
      "sensors": [
        "S2"
      ],
      "sources": [
        {
          "startTime": 0,
          "stopTime": -1,
          "lambda": 0.15
        }
      ]
    },
    "SC3": {
      "resptime": 29.008573907906545,
      "resptime_old": 19.008573907906545,
      "waittime": 13.822914736733662,
      "servicetime": 10.0,
      "networktime": 5.185659171172884,
      "services": {
        "MS3_1": {
          "meanserv": 2.8513710177385176,
          "stddevserv": 2.8513710177385176,
          "rate": 0.3507084815616598,
          "cv": 1.0,
          "lambda": 0.15
        },
        "MS3_2": {
          "meanserv": 2.5804327001905527,
          "stddevserv": 2.5804327001905527,
          "rate": 0.3875319049887078,
          "cv": 1.0,
          "lambda": 0.15
        },
        "MS3_3": {
          "meanserv": 4.56819628207093,
          "stddevserv": 4.56819628207093,
          "rate": 0.2189047795351437,
          "cv": 1.0,
          "lambda": 0.15
        }
      },
      "sensors": [
        "S3"
      ],
      "sources": [
        {
          "startTime": 0,
          "stopTime": -1,
          "lambda": 0.15
        }
      ]
    },
    "SC4": {
      "resptime": 201.10505282179503,
      "resptime_old": 191.10505282179506,
      "waittime": 186.25034489393863,
      "servicetime": 10.0,
      "networktime": 4.854707927856403,
      "services": {
        "MS4_1": {
          "meanserv": 3.3200466250770857,
          "stddevserv": 3.3200466250770857,
          "rate": 0.30120058930701965,
          "cv": 1.0,
          "lambda": 0.15
        },
        "MS4_2": {
          "meanserv": 6.437941700867886,
          "stddevserv": 6.437941700867886,
          "rate": 0.15532914811347112,
          "cv": 1.0,
          "lambda": 0.15
        },
        "MS4_3": {
          "meanserv": 0.24201167405502844,
          "stddevserv": 0.24201167405502844,
          "rate": 4.132032076157701,
          "cv": 1.0,
          "lambda": 0.15
        }
      },
      "sensors": [
        "S4"
      ],
      "sources": [
        {
          "startTime": 0,
          "stopTime": -1,
          "lambda": 0.15
        }
      ]
    }
  },
  "microservice": {
    "MS1_1": "F1",
    "MS1_2": "F1",
    "MS1_3": "F10",
    "MS2_1": "F6",
    "MS2_2": "F9",
    "MS2_3": "F8",
    "MS3_1": "F3",
    "MS3_2": "F2",
    "MS3_3": "F7",
    "MS4_1": "F5",
    "MS4_2": "F4",
    "MS4_3": "F2"
  },
  "sensor": {
    "S1": "F1",
    "S2": "F6",
    "S3": "F3",
    "S4": "F5"
  },
  "fog": {
    "F1": {
      "rho": 0.4883724162899914,
      "capacity": 1.0,
      "tserv": 1.6279080542999713,
      "stddev": 2.2279511891917125,
      "mu": 0.6142853076736065,
      "cv": 1.3685976817344085,
      "lambda": 0.3,
      "twait": 2.232244129449936
    },
    "F2": {
      "rho": 0.42336665613683716,
      "capacity": 1.0,
      "tserv": 1.4112221871227906,
      "stddev": 2.1738570581259458,
      "mu": 0.7086056392287927,
      "cv": 1.5404073702653587,
      "lambda": 0.3,
      "twait": 1.747350194559415
    },
    "F3": {
      "rho": 0.42770565266077765,
      "capacity": 1.0,
      "tserv": 2.8513710177385176,
      "stddev": 2.8513710177385176,
      "mu": 0.3507084815616598,
      "cv": 1.0,
      "lambda": 0.15,
      "twait": 2.1309794650077203
    },
    "F4": {
      "rho": 0.9656912551301828,
      "capacity": 1.0,
      "tserv": 6.437941700867886,
      "stddev": 6.437941700867886,
      "mu": 0.15532914811347112,
      "cv": 1.0,
      "lambda": 0.15,
      "twait": 181.2093104879352
    },
    "F5": {
      "rho": 0.4980069937615629,
      "capacity": 1.0,
      "tserv": 3.3200466250770857,
      "stddev": 3.3200466250770857,
      "mu": 0.30120058930701965,
      "cv": 1.0,
      "lambda": 0.15,
      "twait": 3.293684211444025
    },
    "F6": {
      "rho": 0.6623685114320834,
      "capacity": 1.0,
      "tserv": 4.41579007621389,
      "stddev": 4.41579007621389,
      "mu": 0.22646004061348013,
      "cv": 1.0,
      "lambda": 0.15,
      "twait": 8.662936955271585
    },
    "F7": {
      "rho": 0.6852294423106394,
      "capacity": 1.0,
      "tserv": 4.56819628207093,
      "stddev": 4.56819628207093,
      "mu": 0.2189047795351437,
      "cv": 1.0,
      "lambda": 0.15,
      "twait": 9.944585077166526
    },
    "F8": {
      "rho": 0.40745269812345136,
      "capacity": 1.0,
      "tserv": 2.7163513208230095,
      "stddev": 2.7163513208230095,
      "mu": 0.36814089265044575,
      "cv": 1.0,
      "lambda": 0.15,
      "twait": 1.8678418941668287
    },
    "F9": {
      "rho": 0.4301787904444651,
      "capacity": 1.0,
      "tserv": 2.867858602963101,
      "stddev": 2.867858602963101,
      "mu": 0.3486922259579987,
      "cv": 1.0,
      "lambda": 0.15,
      "twait": 2.165050939312543
    },
    "F10": {
      "rho": 1.0116275837100086,
      "capacity": 1.0,
      "tserv": 6.744183891400057,
      "stddev": 6.744183891400057,
      "mu": 0.1482759094506845,
      "cv": 1.0,
      "lambda": 0.15,
      "twait": 6815.779851698845
    }
  },
  "extra": {
    "conv_gen": 0,
    "max_gen": 600,
    "population": 600,
    "deltatime": 27.493879,
    "obj_func": 1773.040335246923
  },
  "network": [
    [
      0.0,
      3.2076722436044114,
      3.726610123575334,
      3.9898772742753175,
      2.3440456493615565,
      2.8966742677112367,
      2.1045111880599645,
      3.8760757215639634,
      2.576818415625715,
      2.576818415625715
    ],
    [
      3.2076722436044114,
      0.0,
      2.7841814957409685,
      2.8723034769894746,
      3.2091130791084996,
      3.4304477121634087,
      2.4014776754319156,
      2.576818415625715,
      4.4867664319082605,
      4.4867664319082605
    ],
    [
      3.726610123575334,
      2.7841814957409685,
      0.0,
      3.1000203710911873,
      2.9926339183327832,
      3.865648341393334,
      3.8760757215639634,
      4.4867664319082605,
      4.030254213472629,
      4.030254213472629
    ],
    [
      3.9898772742753175,
      2.8723034769894746,
      3.1000203710911873,
      0.0,
      1.9824044508669285,
      2.1045111880599645,
      2.576818415625715,
      4.030254213472629,
      4.091828736636013,
      4.091828736636013
    ],
    [
      2.3440456493615565,
      3.2091130791084996,
      2.9926339183327832,
      1.9824044508669285,
      0.0,
      2.4014776754319156,
      4.4867664319082605,
      4.091828736636013,
      3.9115507544217354,
      3.9115507544217354
    ],
    [
      2.8966742677112367,
      3.4304477121634087,
      3.865648341393334,
      2.1045111880599645,
      2.4014776754319156,
      0.0,
      4.030254213472629,
      3.9115507544217354,
      2.79426623257939,
      2.79426623257939
    ],
    [
      2.1045111880599645,
      2.4014776754319156,
      3.8760757215639634,
      2.576818415625715,
      4.4867664319082605,
      4.030254213472629,
      0.0,
      2.79426623257939,
      3.0723127991467387,
      3.0723127991467387
    ],
    [
      3.8760757215639634,
      2.576818415625715,
      4.4867664319082605,
      4.030254213472629,
      4.091828736636013,
      3.9115507544217354,
      2.79426623257939,
      0.0,
      3.7364598632888435,
      3.7364598632888435
    ],
    [
      2.576818415625715,
      4.4867664319082605,
      4.030254213472629,
      4.091828736636013,
      3.9115507544217354,
      2.79426623257939,
      3.0723127991467387,
      3.7364598632888435,
      0.0,
      4.28499679241472
    ],
    [
      2.576818415625715,
      4.4867664319082605,
      4.030254213472629,
      4.091828736636013,
      3.9115507544217354,
      2.79426623257939,
      3.0723127991467387,
      3.7364598632888435,
      4.28499679241472,
      0.0
    ]
  ]
}