{
  "servicechain": {
    "SC1": {
      "resptime": 34.65281429180407,
      "resptime_old": 24.652814291804066,
      "waittime": 19.044125297218272,
      "servicetime": 10.0,
      "networktime": 5.608688994585799,
      "services": {
        "MS1_1": {
          "meanserv": 1.1432809070551486,
          "stddevserv": 1.1432809070551486,
          "rate": 0.8746756757932658,
          "cv": 1.0,
          "lambda": 0.15
        },
        "MS1_2": {
          "meanserv": 1.4127401490604643,
          "stddevserv": 1.4127401490604643,
          "rate": 0.7078442561889707,
          "cv": 1.0,
          "lambda": 0.15
        },
        "MS1_3": {
          "meanserv": 1.8730652118637368,
          "stddevserv": 1.8730652118637368,
          "rate": 0.5338842415448954,
          "cv": 1.0,
          "lambda": 0.15
        },
        "MS1_4": {
          "meanserv": 0.5403617985015385,
          "stddevserv": 0.5403617985015385,
          "rate": 1.8506119469826896,
          "cv": 1.0,
          "lambda": 0.15
        },
        "MS1_5": {
          "meanserv": 0.49465432932167985,
          "stddevserv": 0.49465432932167985,
          "rate": 2.0216137628296944,
          "cv": 1.0,
          "lambda": 0.15
        },
        "MS1_6": {
          "meanserv": 0.8477419905675951,
          "stddevserv": 0.8477419905675951,
          "rate": 1.1796041851489065,
          "cv": 1.0,
          "lambda": 0.15
        },
        "MS1_7": {
          "meanserv": 0.09672840984392117,
          "stddevserv": 0.09672840984392117,
          "rate": 10.3382243294765,
          "cv": 1.0,
          "lambda": 0.15
        },
        "MS1_8": {
          "meanserv": 0.3765900591781417,
          "stddevserv": 0.3765900591781417,
          "rate": 2.655407320581878,
          "cv": 1.0,
          "lambda": 0.15
        },
        "MS1_9": {
          "meanserv": 2.739432129808403,
          "stddevserv": 2.739432129808403,
          "rate": 0.3650391587069326,
          "cv": 1.0,
          "lambda": 0.15
        },
        "MS1_10": {
          "meanserv": 0.4754050147993709,
          "stddevserv": 0.4754050147993709,
          "rate": 2.103469607744919,
          "cv": 1.0,
          "lambda": 0.15
        }
      },
      "sensors": [
        "S1"
      ],
      "sources": [
        {
          "startTime": 0,
          "stopTime": -1,
          "lambda": 0.15
        }
      ]
    },
    "SC2": {
      "resptime": 37.62327003138483,
      "resptime_old": 27.62327003138483,
      "waittime": 21.933492533914386,
      "servicetime": 10.0,
      "networktime": 5.689777497470444,
      "services": {
        "MS2_1": {
          "meanserv": 0.41303135285490233,
          "stddevserv": 0.41303135285490233,
          "rate": 2.42112370668214,
          "cv": 1.0,
          "lambda": 0.15
        },
        "MS2_2": {
          "meanserv": 1.1537654527187202,
          "stddevserv": 1.1537654527187202,
          "rate": 0.866727286419966,
          "cv": 1.0,
          "lambda": 0.15
        },
        "MS2_3": {
          "meanserv": 0.3361169755338478,
          "stddevserv": 0.3361169755338478,
          "rate": 2.975154701459872,
          "cv": 1.0,
          "lambda": 0.15
        },
        "MS2_4": {
          "meanserv": 0.5221295267027102,
          "stddevserv": 0.5221295267027102,
          "rate": 1.9152335749236022,
          "cv": 1.0,
          "lambda": 0.15
        },
        "MS2_5": {
          "meanserv": 0.027039406361284435,
          "stddevserv": 0.027039406361284435,
          "rate": 36.983060450314476,
          "cv": 1.0,
          "lambda": 0.15
        },
        "MS2_6": {
          "meanserv": 2.4717089311248674,
          "stddevserv": 2.4717089311248674,
          "rate": 0.404578381947628,
          "cv": 1.0,
          "lambda": 0.15
        },
        "MS2_7": {
          "meanserv": 0.8568550347939645,
          "stddevserv": 0.8568550347939645,
          "rate": 1.1670585564575173,
          "cv": 1.0,
          "lambda": 0.15
        },
        "MS2_8": {
          "meanserv": 0.7750496942432203,
          "stddevserv": 0.7750496942432203,
          "rate": 1.290239848396337,
          "cv": 1.0,
          "lambda": 0.15
        },
        "MS2_9": {
          "meanserv": 3.2571749387608593,
          "stddevserv": 3.2571749387608593,
          "rate": 0.30701451988342826,
          "cv": 1.0,
          "lambda": 0.15
        },
        "MS2_10": {
          "meanserv": 0.18712868690562345,
          "stddevserv": 0.18712868690562345,
          "rate": 5.343916085428101,
          "cv": 1.0,
          "lambda": 0.15
        }
      },
      "sensors": [
        "S2"
      ],
      "sources": [
        {
          "startTime": 0,
          "stopTime": -1,
          "lambda": 0.15
        }
      ]
    },
    "SC3": {
      "resptime": 34.59460638682938,
      "resptime_old": 24.594606386829383,
      "waittime": 20.94944507086871,
      "servicetime": 10.0,
      "networktime": 3.645161315960678,
      "services": {
        "MS3_1": {
          "meanserv": 1.4686178551032436,
          "stddevserv": 1.4686178551032436,
          "rate": 0.6809123261882855,
          "cv": 1.0,
          "lambda": 0.15
        },
        "MS3_2": {
          "meanserv": 3.572495515111549,
          "stddevserv": 3.572495515111549,
          "rate": 0.2799163765972637,
          "cv": 1.0,
          "lambda": 0.15
        },
        "MS3_3": {
          "meanserv": 0.385183979895543,
          "stddevserv": 0.385183979895543,
          "rate": 2.5961619698492844,
          "cv": 1.0,
          "lambda": 0.15
        },
        "MS3_4": {
          "meanserv": 0.3890542982249876,
          "stddevserv": 0.3890542982249876,
          "rate": 2.5703353093960843,
          "cv": 1.0,
          "lambda": 0.15
        },
        "MS3_5": {
          "meanserv": 0.04477116089718347,
          "stddevserv": 0.04477116089718347,
          "rate": 22.335806799749736,
          "cv": 1.0,
          "lambda": 0.15
        },
        "MS3_6": {
          "meanserv": 0.6654517122142183,
          "stddevserv": 0.6654517122142183,
          "rate": 1.502738638499567,
          "cv": 1.0,
          "lambda": 0.15
        },
        "MS3_7": {
          "meanserv": 0.22827330368650145,
          "stddevserv": 0.22827330368650145,
          "rate": 4.380713749047709,
          "cv": 1.0,
          "lambda": 0.15
        },
        "MS3_8": {
          "meanserv": 1.131246855565104,
          "stddevserv": 1.131246855565104,
          "rate": 0.8839803576739748,
          "cv": 1.0,
          "lambda": 0.15
        },
        "MS3_9": {
          "meanserv": 0.5004984815316824,
          "stddevserv": 0.5004984815316824,
          "rate": 1.99800805976411,
          "cv": 1.0,
          "lambda": 0.15
        },
        "MS3_10": {
          "meanserv": 1.6144068377699874,
          "stddevserv": 1.6144068377699874,
          "rate": 0.6194225498829775,
          "cv": 1.0,
          "lambda": 0.15
        }
      },
      "sensors": [
        "S3"
      ],
      "sources": [
        {
          "startTime": 0,
          "stopTime": -1,
          "lambda": 0.15
        }
      ]
    },
    "SC4": {
      "resptime": 32.65465412738092,
      "resptime_old": 22.65465412738092,
      "waittime": 16.729605906141256,
      "servicetime": 10.0,
      "networktime": 5.925048221239664,
      "services": {
        "MS4_1": {
          "meanserv": 2.0617780060707993,
          "stddevserv": 2.0617780060707993,
          "rate": 0.48501826921014357,
          "cv": 1.0,
          "lambda": 0.15
        },
        "MS4_2": {
          "meanserv": 0.8925004858420271,
          "stddevserv": 0.8925004858420271,
          "rate": 1.120447569343957,
          "cv": 1.0,
          "lambda": 0.15
        },
        "MS4_3": {
          "meanserv": 0.7165995268717706,
          "stddevserv": 0.7165995268717706,
          "rate": 1.395479570528577,
          "cv": 1.0,
          "lambda": 0.15
        },
        "MS4_4": {
          "meanserv": 0.2604317195057222,
          "stddevserv": 0.2604317195057222,
          "rate": 3.839778049685795,
          "cv": 1.0,
          "lambda": 0.15
        },
        "MS4_5": {
          "meanserv": 0.06806505597061996,
          "stddevserv": 0.06806505597061996,
          "rate": 14.691826602355935,
          "cv": 1.0,
          "lambda": 0.15
        },
        "MS4_6": {
          "meanserv": 1.6222536805593082,
          "stddevserv": 1.6222536805593082,
          "rate": 0.6164264023461655,
          "cv": 1.0,
          "lambda": 0.15
        },
        "MS4_7": {
          "meanserv": 0.11724808713726453,
          "stddevserv": 0.11724808713726453,
          "rate": 8.528923792413613,
          "cv": 1.0,
          "lambda": 0.15
        },
        "MS4_8": {
          "meanserv": 0.8351144861647501,
          "stddevserv": 0.8351144861647501,
          "rate": 1.1974406103197706,
          "cv": 1.0,
          "lambda": 0.15
        },
        "MS4_9": {
          "meanserv": 3.3395519169817183,
          "stddevserv": 3.3395519169817183,
          "rate": 0.29944136963853474,
          "cv": 1.0,
          "lambda": 0.15
        },
        "MS4_10": {
          "meanserv": 0.08645703489601964,
          "stddevserv": 0.08645703489601964,
          "rate": 11.566438765829554,
          "cv": 1.0,
          "lambda": 0.15
        }
      },
      "sensors": [
        "S4"
      ],
      "sources": [
        {
          "startTime": 0,
          "stopTime": -1,
          "lambda": 0.15
        }
      ]
    }
  },
  "microservice": {
    "MS1_1": "F8",
    "MS1_2": "F1",
    "MS1_3": "F5",
    "MS1_4": "F7",
    "MS1_5": "F7",
    "MS1_6": "F7",
    "MS1_7": "F7",
    "MS1_8": "F7",
    "MS1_9": "F1",
    "MS1_10": "F7",
    "MS2_1": "F2",
    "MS2_2": "F4",
    "MS2_3": "F7",
    "MS2_4": "F3",
    "MS2_5": "F3",
    "MS2_6": "F6",
    "MS2_7": "F6",
    "MS2_8": "F6",
    "MS2_9": "F8",
    "MS2_10": "F7",
    "MS3_1": "F4",
    "MS3_2": "F9",
    "MS3_3": "F2",
    "MS3_4": "F2",
    "MS3_5": "F2",
    "MS3_6": "F2",
    "MS3_7": "F2",
    "MS3_8": "F10",
    "MS3_9": "F5",
    "MS3_10": "F5",
    "MS4_1": "F3",
    "MS4_2": "F2",
    "MS4_3": "F2",
    "MS4_4": "F7",
    "MS4_5": "F7",
    "MS4_6": "F4",
    "MS4_7": "F3",
    "MS4_8": "F3",
    "MS4_9": "F10",
    "MS4_10": "F7"
  },
  "sensor": {
    "S1": "F8",
    "S2": "F2",
    "S3": "F4",
    "S4": "F3"
  },
  "fog": {
    "F1": {
      "rho": 0.6228258418303302,
      "capacity": 1.0,
      "tserv": 2.076086139434434,
      "stddev": 2.27819873238535,
      "mu": 0.4816755822436247,
      "cv": 1.0973527008884012,
      "lambda": 0.3,
      "twait": 3.7782240313188358
    },
    "F2": {
      "rho": 0.5602298730730702,
      "capacity": 1.0,
      "tserv": 0.4668582275608918,
      "stddev": 0.5927709430432286,
      "mu": 2.141977887429586,
      "cv": 1.2697022523093784,
      "lambda": 1.2,
      "twait": 0.7767703543705059
    },
    "F3": {
      "rho": 0.5344964268655212,
      "capacity": 1.0,
      "tserv": 0.7126619024873616,
      "stddev": 1.2594800148101986,
      "mu": 1.4031899228929725,
      "cv": 1.7672896648667624,
      "lambda": 0.75,
      "twait": 1.6870253655052663
    },
    "F4": {
      "rho": 0.6366955482571908,
      "capacity": 1.0,
      "tserv": 1.4148789961270907,
      "stddev": 1.4415029813314302,
      "mu": 0.7067742207900976,
      "cv": 1.018817146397124,
      "lambda": 0.44999999999999996,
      "twait": 2.526690809435409
    },
    "F5": {
      "rho": 0.598195579674811,
      "capacity": 1.0,
      "tserv": 1.3293235103884689,
      "stddev": 1.5736433231709723,
      "mu": 0.7522623290607187,
      "cv": 1.1837925913994447,
      "lambda": 0.44999999999999996,
      "twait": 2.376223779692371
    },
    "F6": {
      "rho": 0.6155420490243078,
      "capacity": 1.0,
      "tserv": 1.3678712200540175,
      "stddev": 1.758340146733582,
      "mu": 0.731062972405041,
      "cv": 1.2854573741701685,
      "lambda": 0.44999999999999996,
      "twait": 2.9044454408505835
    },
    "F7": {
      "rho": 0.565452161253612,
      "capacity": 1.0,
      "tserv": 0.3426982795476437,
      "stddev": 0.4699166572019382,
      "mu": 2.9180187344972497,
      "cv": 1.3712256093675776,
      "lambda": 1.6499999999999997,
      "twait": 0.6422022845855095
    },
    "F8": {
      "rho": 0.6600683768724012,
      "capacity": 1.0,
      "tserv": 2.200227922908004,
      "stddev": 2.6599392664842143,
      "mu": 0.4544983679137736,
      "cv": 1.2089380553668356,
      "lambda": 0.3,
      "twait": 5.258239747375172
    },
    "F9": {
      "rho": 0.5358743272667323,
      "capacity": 1.0,
      "tserv": 3.572495515111549,
      "stddev": 3.572495515111549,
      "mu": 0.2799163765972637,
      "cv": 1.0,
      "lambda": 0.15,
      "twait": 4.124763492503522
    },
    "F10": {
      "rho": 0.6706198158820232,
      "capacity": 1.0,
      "tserv": 2.2353993862734107,
      "stddev": 2.7267775923772484,
      "mu": 0.44734735373936013,
      "cv": 1.2198167401857456,
      "lambda": 0.3,
      "twait": 5.661691437692508
    }
  },
  "extra": {
    "conv_gen": 146,
    "max_gen": 600,
    "population": 600,
    "deltatime": 61.7875535,
    "obj_func": 34.8813362093498
  },
  "network": [
    [
      0.0,
      1.0030443997488572,
      1.0970429587741992,
      0.9397605174391384,
      1.265273017152882,
      1.1545748561318612,
      1.1827661359291535,
      1.034112243270995,
      1.195987665716861,
      1.195987665716861
    ],
    [
      1.0030443997488572,
      0.0,
      0.9508082128494785,
      0.9535677512676067,
      1.1698634355058506,
      1.1246251942609269,
      1.1614848681052552,
      1.195987665716861,
      0.9437714623036159,
      0.9437714623036159
    ],
    [
      1.0970429587741992,
      0.9508082128494785,
      0.0,
      0.730071246107444,
      1.2003938286735263,
      0.8417771189384042,
      1.034112243270995,
      0.9437714623036159,
      1.2214713101505108,
      1.2214713101505108
    ],
    [
      0.9397605174391384,
      0.9535677512676067,
      0.730071246107444,
      0.0,
      1.0708641507772305,
      1.1827661359291535,
      1.195987665716861,
      1.2214713101505108,
      0.9190151029197886,
      0.9190151029197886
    ],
    [
      1.265273017152882,
      1.1698634355058506,
      1.2003938286735263,
      1.0708641507772305,
      0.0,
      1.1614848681052552,
      0.9437714623036159,
      0.9190151029197886,
      0.8386032884336576,
      0.8386032884336576
    ],
    [
      1.1545748561318612,
      1.1246251942609269,
      0.8417771189384042,
      1.1827661359291535,
      1.1614848681052552,
      0.0,
      1.2214713101505108,
      0.8386032884336576,
      0.8257294298429194,
      0.8257294298429194
    ],
    [
      1.1827661359291535,
      1.1614848681052552,
      1.034112243270995,
      1.195987665716861,
      0.9437714623036159,
      1.2214713101505108,
      0.0,
      0.8257294298429194,
      0.6652249183101141,
      0.6652249183101141
    ],
    [
      1.034112243270995,
      1.195987665716861,
      0.9437714623036159,
      1.2214713101505108,
      0.9190151029197886,
      0.8386032884336576,
      0.8257294298429194,
      0.0,
      0.621973698108113,
      0.621973698108113
    ],
    [
      1.195987665716861,
      0.9437714623036159,
      1.2214713101505108,
      0.9190151029197886,
      0.8386032884336576,
      0.8257294298429194,
      0.6652249183101141,
      0.621973698108113,
      0.0,
      1.0660871189852061
    ],
    [
      1.195987665716861,
      0.9437714623036159,
      1.2214713101505108,
      0.9190151029197886,
      0.8386032884336576,
      0.8257294298429194,
      0.6652249183101141,
      0.621973698108113,
      1.0660871189852061,
      0.0
    ]
  ]
}