{
  "servicechain": {
    "SC1": {
      "resptime": 17.211735219553823,
      "resptime_old": 7.211735219553823,
      "waittime": 4.898657192255385,
      "servicetime": 10.0,
      "networktime": 2.313078027298438,
      "services": {
        "MS1_1": {
          "meanserv": 0.33918959189211173,
          "stddevserv": 0.33918959189211173,
          "rate": 2.948203671055085,
          "cv": 1.0,
          "lambda": 0.05
        },
        "MS1_2": {
          "meanserv": 3.493234318681746,
          "stddevserv": 3.493234318681746,
          "rate": 0.28626765592334313,
          "cv": 1.0,
          "lambda": 0.05
        },
        "MS1_3": {
          "meanserv": 2.4949977483255763,
          "stddevserv": 2.4949977483255763,
          "rate": 0.40080196492005343,
          "cv": 1.0,
          "lambda": 0.05
        },
        "MS1_4": {
          "meanserv": 1.7089440545110026,
          "stddevserv": 1.7089440545110026,
          "rate": 0.5851566628880313,
          "cv": 1.0,
          "lambda": 0.05
        },
        "MS1_5": {
          "meanserv": 1.9636342865895635,
          "stddevserv": 1.9636342865895635,
          "rate": 0.5092597979315172,
          "cv": 1.0,
          "lambda": 0.05
        }
      },
      "sensors": [
        "S1"
      ],
      "sources": [
        {
          "startTime": 0,
          "stopTime": -1,
          "lambda": 0.05
        }
      ]
    },
    "SC2": {
      "resptime": 16.15369376841662,
      "resptime_old": 6.153693768416621,
      "waittime": 3.0817022720800304,
      "servicetime": 10.0,
      "networktime": 3.07199149633659,
      "services": {
        "MS2_1": {
          "meanserv": 0.354347832792441,
          "stddevserv": 0.354347832792441,
          "rate": 2.822085836166943,
          "cv": 1.0,
          "lambda": 0.05
        },
        "MS2_2": {
          "meanserv": 0.570691110538879,
          "stddevserv": 0.570691110538879,
          "rate": 1.7522613924295107,
          "cv": 1.0,
          "lambda": 0.05
        },
        "MS2_3": {
          "meanserv": 2.7228592731119505,
          "stddevserv": 2.7228592731119505,
          "rate": 0.36726099283754093,
          "cv": 1.0,
          "lambda": 0.05
        },
        "MS2_4": {
          "meanserv": 4.786187616877607,
          "stddevserv": 4.786187616877607,
          "rate": 0.2089345592040071,
          "cv": 1.0,
          "lambda": 0.05
        },
        "MS2_5": {
          "meanserv": 1.5659141666791232,
          "stddevserv": 1.5659141666791232,
          "rate": 0.6386046063563798,
          "cv": 1.0,
          "lambda": 0.05
        }
      },
      "sensors": [
        "S2"
      ],
      "sources": [
        {
          "startTime": 0,
          "stopTime": -1,
          "lambda": 0.05
        }
      ]
    },
    "SC3": {
      "resptime": 16.34022159495109,
      "resptime_old": 6.340221594951091,
      "waittime": 4.1599416089237815,
      "servicetime": 10.0,
      "networktime": 2.18027998602731,
      "services": {
        "MS3_1": {
          "meanserv": 0.46945923427493597,
          "stddevserv": 0.46945923427493597,
          "rate": 2.1301104057404823,
          "cv": 1.0,
          "lambda": 0.05
        },
        "MS3_2": {
          "meanserv": 2.486593268485179,
          "stddevserv": 2.486593268485179,
          "rate": 0.40215664245290716,
          "cv": 1.0,
          "lambda": 0.05
        },
        "MS3_3": {
          "meanserv": 2.540212721378885,
          "stddevserv": 2.540212721378885,
          "rate": 0.39366781828302055,
          "cv": 1.0,
          "lambda": 0.05
        },
        "MS3_4": {
          "meanserv": 1.389905063357154,
          "stddevserv": 1.389905063357154,
          "rate": 0.7194736002936895,
          "cv": 1.0,
          "lambda": 0.05
        },
        "MS3_5": {
          "meanserv": 3.113829712503846,
          "stddevserv": 3.113829712503846,
          "rate": 0.32114794074461284,
          "cv": 1.0,
          "lambda": 0.05
        }
      },
      "sensors": [
        "S3"
      ],
      "sources": [
        {
          "startTime": 0,
          "stopTime": -1,
          "lambda": 0.05
        }
      ]
    },
    "SC4": {
      "resptime": 18.988764265664024,
      "resptime_old": 8.988764265664026,
      "waittime": 2.7801258033730476,
      "servicetime": 10.0,
      "networktime": 6.208638462290978,
      "services": {
        "MS4_1": {
          "meanserv": 1.122788964356909,
          "stddevserv": 1.122788964356909,
          "rate": 0.8906393202508561,
          "cv": 1.0,
          "lambda": 0.05
        },
        "MS4_2": {
          "meanserv": 5.632444985224513,
          "stddevserv": 5.632444985224513,
          "rate": 0.17754279049742716,
          "cv": 1.0,
          "lambda": 0.05
        },
        "MS4_3": {
          "meanserv": 1.845553735217992,
          "stddevserv": 1.845553735217992,
          "rate": 0.5418427981355323,
          "cv": 1.0,
          "lambda": 0.05
        },
        "MS4_4": {
          "meanserv": 0.6885329588213054,
          "stddevserv": 0.6885329588213054,
          "rate": 1.4523632996623617,
          "cv": 1.0,
          "lambda": 0.05
        },
        "MS4_5": {
          "meanserv": 0.7106793563792806,
          "stddevserv": 0.7106793563792806,
          "rate": 1.4071043305587627,
          "cv": 1.0,
          "lambda": 0.05
        }
      },
      "sensors": [
        "S4"
      ],
      "sources": [
        {
          "startTime": 0,
          "stopTime": -1,
          "lambda": 0.05
        }
      ]
    }
  },
  "microservice": {
    "MS1_1": "F3",
    "MS1_2": "F3",
    "MS1_3": "F3",
    "MS1_4": "F6",
    "MS1_5": "F6",
    "MS2_1": "F9",
    "MS2_2": "F9",
    "MS2_3": "F9",
    "MS2_4": "F2",
    "MS2_5": "F10",
    "MS3_1": "F5",
    "MS3_2": "F5",
    "MS3_3": "F5",
    "MS3_4": "F4",
    "MS3_5": "F4",
    "MS4_1": "F7",
    "MS4_2": "F1",
    "MS4_3": "F8",
    "MS4_4": "F7",
    "MS4_5": "F7"
  },
  "sensor": {
    "S1": "F3",
    "S2": "F9",
    "S3": "F5",
    "S4": "F7"
  },
  "fog": {
    "F1": {
      "rho": 0.28162224926122564,
      "capacity": 1.0,
      "tserv": 5.632444985224512,
      "stddev": 5.632444985224514,
      "mu": 0.1775427904974272,
      "cv": 1.0000000000000002,
      "lambda": 0.05,
      "twait": 2.208060903818053
    },
    "F2": {
      "rho": 0.23930938084388034,
      "capacity": 1.0,
      "tserv": 4.786187616877607,
      "stddev": 4.786187616877606,
      "mu": 0.2089345592040071,
      "cv": 0.9999999999999998,
      "lambda": 0.05,
      "twait": 1.505710161732067
    },
    "F3": {
      "rho": 0.31637108294497174,
      "capacity": 1.0,
      "tserv": 2.109140552966478,
      "stddev": 2.813069324938147,
      "mu": 0.47412677101747125,
      "cv": 1.3337514756812212,
      "lambda": 0.15000000000000002,
      "twait": 1.35619989778175
    },
    "F4": {
      "rho": 0.22518673879305,
      "capacity": 1.0,
      "tserv": 2.2518673879305,
      "stddev": 2.560637582867342,
      "mu": 0.4440758835799008,
      "cv": 1.1371173971397164,
      "lambda": 0.1,
      "twait": 0.7503596121667243
    },
    "F5": {
      "rho": 0.27481326120695,
      "capacity": 1.0,
      "tserv": 1.8320884080463329,
      "stddev": 2.2834764173704265,
      "mu": 0.5458251881339944,
      "cv": 1.2463789451107525,
      "lambda": 0.15000000000000002,
      "twait": 0.886407461530111
    },
    "F6": {
      "rho": 0.18362891705502832,
      "capacity": 1.0,
      "tserv": 1.836289170550283,
      "stddev": 1.8450993130556312,
      "mu": 0.5445765384001741,
      "cv": 1.0047977969083748,
      "lambda": 0.1,
      "twait": 0.41502874945506707
    },
    "F7": {
      "rho": 0.12610006397787474,
      "capacity": 1.0,
      "tserv": 0.8406670931858314,
      "stddev": 0.8868356101331207,
      "mu": 1.1895315138485474,
      "cv": 1.0549189058564514,
      "lambda": 0.15000000000000002,
      "twait": 0.1281495597564527
    },
    "F8": {
      "rho": 0.0922776867608996,
      "capacity": 1.0,
      "tserv": 1.845553735217992,
      "stddev": 1.8455537352179923,
      "mu": 0.5418427981355323,
      "cv": 1.0000000000000002,
      "lambda": 0.05,
      "twait": 0.18761622028563602
    },
    "F9": {
      "rho": 0.18239491082216353,
      "capacity": 1.0,
      "tserv": 1.2159660721477568,
      "stddev": 1.9403355583511617,
      "mu": 0.8223913667539288,
      "cv": 1.5957152117936593,
      "lambda": 0.15000000000000002,
      "twait": 0.4809909732419598
    },
    "F10": {
      "rho": 0.07829570833395616,
      "capacity": 1.0,
      "tserv": 1.5659141666791232,
      "stddev": 1.5659141666791232,
      "mu": 0.6386046063563798,
      "cv": 1.0,
      "lambda": 0.05,
      "twait": 0.13301919062208428
    }
  },
  "extra": {
    "deltatime": 0.0141993,
    "obj_func": 17.173603712146388
  },
  "network": [
    [
      0.0,
      2.2825098400360577,
      1.838671451556901,
      2.451760973625684,
      2.3749964994808974,
      1.8667022346951563,
      1.8421208623657532,
      1.8153454335449761,
      2.581237390713353,
      2.581237390713353
    ],
    [
      2.2825098400360577,
      0.0,
      2.1666324148126574,
      1.0881788507723618,
      2.1341152240738315,
      2.1526900185603415,
      1.7456636169269852,
      2.581237390713353,
      1.535995748168295,
      1.535995748168295
    ],
    [
      1.838671451556901,
      2.1666324148126574,
      0.0,
      2.6733355803061016,
      1.4562764368138477,
      2.313078027298438,
      1.8153454335449761,
      1.535995748168295,
      2.0995040313143334,
      2.0995040313143334
    ],
    [
      2.451760973625684,
      1.0881788507723618,
      2.6733355803061016,
      0.0,
      2.18027998602731,
      1.8421208623657532,
      2.581237390713353,
      2.0995040313143334,
      2.1311393638026472,
      2.1311393638026472
    ],
    [
      2.3749964994808974,
      2.1341152240738315,
      1.4562764368138477,
      2.18027998602731,
      0.0,
      1.7456636169269852,
      1.535995748168295,
      2.1311393638026472,
      1.9278459388062918,
      1.9278459388062918
    ],
    [
      1.8667022346951563,
      2.1526900185603415,
      2.313078027298438,
      1.8421208623657532,
      1.7456636169269852,
      0.0,
      2.0995040313143334,
      1.9278459388062918,
      2.5511721663802485,
      2.5511721663802485
    ],
    [
      1.8421208623657532,
      1.7456636169269852,
      1.8153454335449761,
      2.581237390713353,
      1.535995748168295,
      2.0995040313143334,
      0.0,
      2.5511721663802485,
      1.6676040386319333,
      1.6676040386319333
    ],
    [
      1.8153454335449761,
      2.581237390713353,
      1.535995748168295,
      2.0995040313143334,
      2.1311393638026472,
      1.9278459388062918,
      2.5511721663802485,
      0.0,
      2.293800442961713,
      2.293800442961713
    ],
    [
      2.581237390713353,
      1.535995748168295,
      2.0995040313143334,
      2.1311393638026472,
      1.9278459388062918,
      2.5511721663802485,
      1.6676040386319333,
      2.293800442961713,
      0.0,
      2.049431821252168
    ],
    [
      2.581237390713353,
      1.535995748168295,
      2.0995040313143334,
      2.1311393638026472,
      1.9278459388062918,
      2.5511721663802485,
      1.6676040386319333,
      2.293800442961713,
      2.049431821252168,
      0.0
    ]
  ]
}