{
  "servicechain": {
    "SC1": {
      "resptime": 37.388964903104345,
      "resptime_old": 27.388964903104345,
      "waittime": 22.17002009554462,
      "servicetime": 10.0,
      "networktime": 5.218944807559727,
      "services": {
        "MS1_1": {
          "meanserv": 1.2976803348005495,
          "stddevserv": 1.2976803348005495,
          "rate": 0.7706058057462185,
          "cv": 1.0,
          "lambda": 0.175
        },
        "MS1_2": {
          "meanserv": 1.1293673736468424,
          "stddevserv": 1.1293673736468424,
          "rate": 0.8854514689678861,
          "cv": 1.0,
          "lambda": 0.175
        },
        "MS1_3": {
          "meanserv": 2.3476109537611634,
          "stddevserv": 2.3476109537611634,
          "rate": 0.4259649574380611,
          "cv": 1.0,
          "lambda": 0.175
        },
        "MS1_4": {
          "meanserv": 3.387525790487974,
          "stddevserv": 3.387525790487974,
          "rate": 0.29520070454015634,
          "cv": 1.0,
          "lambda": 0.175
        },
        "MS1_5": {
          "meanserv": 1.837815547303471,
          "stddevserv": 1.837815547303471,
          "rate": 0.5441242465639421,
          "cv": 1.0,
          "lambda": 0.175
        }
      },
      "sensors": [
        "S1"
      ],
      "sources": [
        {
          "startTime": 0,
          "stopTime": -1,
          "lambda": 0.175
        }
      ]
    },
    "SC2": {
      "resptime": 38.119605902158256,
      "resptime_old": 28.119605902158252,
      "waittime": 23.14810379510557,
      "servicetime": 10.0,
      "networktime": 4.971502107052684,
      "services": {
        "MS2_1": {
          "meanserv": 3.2390152090392443,
          "stddevserv": 3.2390152090392443,
          "rate": 0.3087358148888161,
          "cv": 1.0,
          "lambda": 0.175
        },
        "MS2_2": {
          "meanserv": 1.0675717321648812,
          "stddevserv": 1.0675717321648812,
          "rate": 0.9367052066582398,
          "cv": 1.0,
          "lambda": 0.175
        },
        "MS2_3": {
          "meanserv": 1.9176021546007664,
          "stddevserv": 1.9176021546007664,
          "rate": 0.5214846038844768,
          "cv": 1.0,
          "lambda": 0.175
        },
        "MS2_4": {
          "meanserv": 2.624309215687054,
          "stddevserv": 2.624309215687054,
          "rate": 0.38105265721829057,
          "cv": 1.0,
          "lambda": 0.175
        },
        "MS2_5": {
          "meanserv": 1.1515016885080538,
          "stddevserv": 1.1515016885080538,
          "rate": 0.868431205946083,
          "cv": 1.0,
          "lambda": 0.175
        }
      },
      "sensors": [
        "S2"
      ],
      "sources": [
        {
          "startTime": 0,
          "stopTime": -1,
          "lambda": 0.175
        }
      ]
    },
    "SC3": {
      "resptime": 6963.469980886602,
      "resptime_old": 6953.469980886602,
      "waittime": 6950.174812578874,
      "servicetime": 10.0,
      "networktime": 3.2951683077277067,
      "services": {
        "MS3_1": {
          "meanserv": 0.31704015798413643,
          "stddevserv": 0.31704015798413643,
          "rate": 3.154174557438987,
          "cv": 1.0,
          "lambda": 0.175
        },
        "MS3_2": {
          "meanserv": 1.287945583678488,
          "stddevserv": 1.287945583678488,
          "rate": 0.7764303186970914,
          "cv": 1.0,
          "lambda": 0.175
        },
        "MS3_3": {
          "meanserv": 1.6593290844373765,
          "stddevserv": 1.6593290844373765,
          "rate": 0.6026532104926413,
          "cv": 1.0,
          "lambda": 0.175
        },
        "MS3_4": {
          "meanserv": 0.4366048450797968,
          "stddevserv": 0.4366048450797968,
          "rate": 2.2904006019842345,
          "cv": 1.0,
          "lambda": 0.175
        },
        "MS3_5": {
          "meanserv": 6.299080328820202,
          "stddevserv": 6.299080328820202,
          "rate": 0.1587533334707127,
          "cv": 1.0,
          "lambda": 0.175
        }
      },
      "sensors": [
        "S3"
      ],
      "sources": [
        {
          "startTime": 0,
          "stopTime": -1,
          "lambda": 0.175
        }
      ]
    },
    "SC4": {
      "resptime": 36.88387479810294,
      "resptime_old": 26.88387479810294,
      "waittime": 20.797300192343002,
      "servicetime": 9.999999999999998,
      "networktime": 6.086574605759935,
      "services": {
        "MS4_1": {
          "meanserv": 0.9994410518121122,
          "stddevserv": 0.9994410518121122,
          "rate": 1.0005592607856906,
          "cv": 1.0,
          "lambda": 0.175
        },
        "MS4_2": {
          "meanserv": 2.352310693004239,
          "stddevserv": 2.352310693004239,
          "rate": 0.42511391159934586,
          "cv": 1.0,
          "lambda": 0.175
        },
        "MS4_3": {
          "meanserv": 3.5317725830823723,
          "stddevserv": 3.5317725830823723,
          "rate": 0.2831439387660813,
          "cv": 1.0,
          "lambda": 0.175
        },
        "MS4_4": {
          "meanserv": 3.050397666607293,
          "stddevserv": 3.050397666607293,
          "rate": 0.32782610967317516,
          "cv": 1.0,
          "lambda": 0.175
        },
        "MS4_5": {
          "meanserv": 0.06607800549398313,
          "stddevserv": 0.06607800549398313,
          "rate": 15.133628694211376,
          "cv": 1.0,
          "lambda": 0.175
        }
      },
      "sensors": [
        "S4"
      ],
      "sources": [
        {
          "startTime": 0,
          "stopTime": -1,
          "lambda": 0.175
        }
      ]
    }
  },
  "microservice": {
    "MS1_1": "F8",
    "MS1_2": "F8",
    "MS1_3": "F10",
    "MS1_4": "F1",
    "MS1_5": "F10",
    "MS2_1": "F3",
    "MS2_2": "F6",
    "MS2_3": "F2",
    "MS2_4": "F4",
    "MS2_5": "F4",
    "MS3_1": "F8",
    "MS3_2": "F8",
    "MS3_3": "F2",
    "MS3_4": "F2",
    "MS3_5": "F7",
    "MS4_1": "F9",
    "MS4_2": "F9",
    "MS4_3": "F5",
    "MS4_4": "F6",
    "MS4_5": "F9"
  },
  "sensor": {
    "S1": "F8",
    "S2": "F3",
    "S3": "F8",
    "S4": "F9"
  },
  "fog": {
    "F1": {
      "rho": 0.5928170133353954,
      "capacity": 1.0,
      "tserv": 3.387525790487974,
      "stddev": 3.3875257904879743,
      "mu": 0.29520070454015634,
      "cv": 1.0000000000000002,
      "lambda": 0.175,
      "twait": 4.931893000155823
    },
    "F2": {
      "rho": 0.7023688147206393,
      "capacity": 1.0,
      "tserv": 1.3378453613726466,
      "stddev": 1.6199690342960211,
      "mu": 0.7474705439603178,
      "cv": 1.2108791352641175,
      "lambda": 0.5249999999999999,
      "twait": 3.893103786171788
    },
    "F3": {
      "rho": 0.5668276615818677,
      "capacity": 1.0,
      "tserv": 3.2390152090392443,
      "stddev": 3.2390152090392443,
      "mu": 0.3087358148888161,
      "cv": 1.0,
      "lambda": 0.175,
      "twait": 4.238413337916332
    },
    "F4": {
      "rho": 0.6607669082341439,
      "capacity": 1.0,
      "tserv": 1.887905452097554,
      "stddev": 2.1561001836921285,
      "mu": 0.529687542821041,
      "cv": 1.1420594083758788,
      "lambda": 0.35,
      "twait": 4.236812856904247
    },
    "F5": {
      "rho": 0.6180602020394151,
      "capacity": 1.0,
      "tserv": 3.5317725830823723,
      "stddev": 3.5317725830823727,
      "mu": 0.2831439387660813,
      "cv": 1.0000000000000002,
      "lambda": 0.175,
      "twait": 5.715162672004195
    },
    "F6": {
      "rho": 0.7206446447851305,
      "capacity": 1.0,
      "tserv": 2.058984699386087,
      "stddev": 2.4910273654568167,
      "mu": 0.48567626573337963,
      "cv": 1.2098328686947255,
      "lambda": 0.35,
      "twait": 6.542960957208955
    },
    "F7": {
      "rho": 1.1023390575435352,
      "capacity": 1.0,
      "tserv": 6.299080328820201,
      "stddev": 6.299080328820204,
      "mu": 0.1587533334707127,
      "cv": 1.0000000000000004,
      "lambda": 0.175,
      "twait": 6936.778550789614
    },
    "F8": {
      "rho": 0.7056058537692528,
      "capacity": 1.0,
      "tserv": 1.008008362527504,
      "stddev": 1.1590085173170213,
      "mu": 0.9920552618160591,
      "cv": 1.14980049809398,
      "lambda": 0.7,
      "twait": 2.8050271084579266
    },
    "F9": {
      "rho": 0.5981202063043085,
      "capacity": 1.0,
      "tserv": 1.1392765834367784,
      "stddev": 1.74922604122097,
      "mu": 0.8777499814692652,
      "cv": 1.5353831252672625,
      "lambda": 0.5249999999999999,
      "twait": 2.846392187709951
    },
    "F10": {
      "rho": 0.7324496376863111,
      "capacity": 1.0,
      "tserv": 2.0927132505323174,
      "stddev": 2.123533476820231,
      "mu": 0.4778485536638299,
      "cv": 1.0147274005552716,
      "lambda": 0.35,
      "twait": 5.81403643923647
    }
  },
  "extra": {
    "deltatime": 0.4474137,
    "conv": 12,
    "obj_func": 1768.9656066224918
  },
  "network": [
    [
      0.0,
      1.5500501792973527,
      2.50550488469663,
      1.7139178414513876,
      1.6075834197138583,
      2.349840680170338,
      1.3584937017953502,
      1.6585416207966899,
      1.5993132108405772,
      1.5993132108405772
    ],
    [
      1.5500501792973527,
      0.0,
      2.848172608088529,
      1.7768123521381158,
      1.8458171381301676,
      1.5216748542140175,
      1.6958550968871298,
      1.5993132108405772,
      1.6524084854393086,
      1.6524084854393086
    ],
    [
      2.50550488469663,
      2.848172608088529,
      0.0,
      1.9936054193697015,
      2.2339882635495285,
      1.673014900700551,
      1.6585416207966899,
      1.6524084854393086,
      2.363212260295557,
      2.363212260295557
    ],
    [
      1.7139178414513876,
      1.7768123521381158,
      1.9936054193697015,
      0.0,
      2.2895371415542023,
      1.3584937017953502,
      1.5993132108405772,
      2.363212260295557,
      1.8127574849765382,
      1.8127574849765382
    ],
    [
      1.6075834197138583,
      1.8458171381301676,
      2.2339882635495285,
      2.2895371415542023,
      0.0,
      1.6958550968871298,
      1.6524084854393086,
      1.8127574849765382,
      2.057033648229702,
      2.057033648229702
    ],
    [
      2.349840680170338,
      1.5216748542140175,
      1.673014900700551,
      1.3584937017953502,
      1.6958550968871298,
      0.0,
      2.363212260295557,
      2.057033648229702,
      2.333685860643104,
      2.333685860643104
    ],
    [
      1.3584937017953502,
      1.6958550968871298,
      1.6585416207966899,
      1.5993132108405772,
      1.6524084854393086,
      2.363212260295557,
      0.0,
      2.333685860643104,
      2.2398114871884043,
      2.2398114871884043
    ],
    [
      1.6585416207966899,
      1.5993132108405772,
      1.6524084854393086,
      2.363212260295557,
      1.8127574849765382,
      2.057033648229702,
      2.333685860643104,
      0.0,
      2.0203183858785727,
      2.0203183858785727
    ],
    [
      1.5993132108405772,
      1.6524084854393086,
      2.363212260295557,
      1.8127574849765382,
      2.057033648229702,
      2.333685860643104,
      2.2398114871884043,
      2.0203183858785727,
      0.0,
      1.8897894663843902
    ],
    [
      1.5993132108405772,
      1.6524084854393086,
      2.363212260295557,
      1.8127574849765382,
      2.057033648229702,
      2.333685860643104,
      2.2398114871884043,
      2.0203183858785727,
      1.8897894663843902,
      0.0
    ]
  ]
}