{
  "servicechain": {
    "SC1": {
      "resptime": 14.88218214188603,
      "resptime_old": 4.882182141886029,
      "waittime": 2.4181869727652012,
      "servicetime": 10.0,
      "networktime": 2.4639951691208273,
      "services": {
        "MS1_1": {
          "meanserv": 2.707858687311041,
          "stddevserv": 2.707858687311041,
          "rate": 0.369295489711474,
          "cv": 1.0,
          "lambda": 0.05
        },
        "MS1_2": {
          "meanserv": 4.149807377148796,
          "stddevserv": 4.149807377148796,
          "rate": 0.24097504031309258,
          "cv": 1.0,
          "lambda": 0.05
        },
        "MS1_3": {
          "meanserv": 0.10601097452209807,
          "stddevserv": 0.10601097452209807,
          "rate": 9.43298563670452,
          "cv": 1.0,
          "lambda": 0.05
        },
        "MS1_4": {
          "meanserv": 2.007825053991782,
          "stddevserv": 2.007825053991782,
          "rate": 0.49805136060628763,
          "cv": 1.0,
          "lambda": 0.05
        },
        "MS1_5": {
          "meanserv": 1.0284979070262832,
          "stddevserv": 1.0284979070262832,
          "rate": 0.972291720934387,
          "cv": 1.0,
          "lambda": 0.05
        }
      },
      "sensors": [
        "S1"
      ],
      "sources": [
        {
          "startTime": 0,
          "stopTime": -1,
          "lambda": 0.05
        }
      ]
    },
    "SC2": {
      "resptime": 15.962907286225352,
      "resptime_old": 5.962907286225354,
      "waittime": 2.564429074147045,
      "servicetime": 10.0,
      "networktime": 3.3984782120783086,
      "services": {
        "MS2_1": {
          "meanserv": 2.2013215353025926,
          "stddevserv": 2.2013215353025926,
          "rate": 0.4542725739802207,
          "cv": 1.0,
          "lambda": 0.05
        },
        "MS2_2": {
          "meanserv": 4.073552790296642,
          "stddevserv": 4.073552790296642,
          "rate": 0.24548595574409596,
          "cv": 1.0,
          "lambda": 0.05
        },
        "MS2_3": {
          "meanserv": 0.35846509094924706,
          "stddevserv": 0.35846509094924706,
          "rate": 2.7896719241249186,
          "cv": 1.0,
          "lambda": 0.05
        },
        "MS2_4": {
          "meanserv": 0.9808520616479104,
          "stddevserv": 0.9808520616479104,
          "rate": 1.0195217394149323,
          "cv": 1.0,
          "lambda": 0.05
        },
        "MS2_5": {
          "meanserv": 2.3858085218036083,
          "stddevserv": 2.3858085218036083,
          "rate": 0.41914512034856277,
          "cv": 1.0,
          "lambda": 0.05
        }
      },
      "sensors": [
        "S2"
      ],
      "sources": [
        {
          "startTime": 0,
          "stopTime": -1,
          "lambda": 0.05
        }
      ]
    },
    "SC3": {
      "resptime": 16.63629100472988,
      "resptime_old": 6.636291004729881,
      "waittime": 5.708854934340825,
      "servicetime": 10.0,
      "networktime": 0.927436070389057,
      "services": {
        "MS3_1": {
          "meanserv": 0.10984938916924425,
          "stddevserv": 0.10984938916924425,
          "rate": 9.10337333291227,
          "cv": 1.0,
          "lambda": 0.05
        },
        "MS3_2": {
          "meanserv": 3.3770599437461524,
          "stddevserv": 3.3770599437461524,
          "rate": 0.2961155610672122,
          "cv": 1.0,
          "lambda": 0.05
        },
        "MS3_3": {
          "meanserv": 3.494271633464148,
          "stddevserv": 3.494271633464148,
          "rate": 0.2861826740723705,
          "cv": 1.0,
          "lambda": 0.05
        },
        "MS3_4": {
          "meanserv": 2.6674469386445088,
          "stddevserv": 2.6674469386445088,
          "rate": 0.3748903063496965,
          "cv": 1.0,
          "lambda": 0.05
        },
        "MS3_5": {
          "meanserv": 0.3513720949759467,
          "stddevserv": 0.3513720949759467,
          "rate": 2.845985820440452,
          "cv": 1.0,
          "lambda": 0.05
        }
      },
      "sensors": [
        "S3"
      ],
      "sources": [
        {
          "startTime": 0,
          "stopTime": -1,
          "lambda": 0.05
        }
      ]
    },
    "SC4": {
      "resptime": 16.466469243455634,
      "resptime_old": 6.466469243455632,
      "waittime": 4.313632112943792,
      "servicetime": 10.0,
      "networktime": 2.1528371305118394,
      "services": {
        "MS4_1": {
          "meanserv": 2.598457798786903,
          "stddevserv": 2.598457798786903,
          "rate": 0.3848436562898396,
          "cv": 1.0,
          "lambda": 0.05
        },
        "MS4_2": {
          "meanserv": 1.1023637026814068,
          "stddevserv": 1.1023637026814068,
          "rate": 0.9071416244634908,
          "cv": 1.0,
          "lambda": 0.05
        },
        "MS4_3": {
          "meanserv": 2.035173227891139,
          "stddevserv": 2.035173227891139,
          "rate": 0.4913586648524298,
          "cv": 1.0,
          "lambda": 0.05
        },
        "MS4_4": {
          "meanserv": 3.132646289963562,
          "stddevserv": 3.132646289963562,
          "rate": 0.3192189310372579,
          "cv": 1.0,
          "lambda": 0.05
        },
        "MS4_5": {
          "meanserv": 1.131358980676989,
          "stddevserv": 1.131358980676989,
          "rate": 0.8838927494097535,
          "cv": 1.0,
          "lambda": 0.05
        }
      },
      "sensors": [
        "S4"
      ],
      "sources": [
        {
          "startTime": 0,
          "stopTime": -1,
          "lambda": 0.05
        }
      ]
    }
  },
  "microservice": {
    "MS1_1": "F8",
    "MS1_2": "F1",
    "MS1_3": "F10",
    "MS1_4": "F10",
    "MS1_5": "F10",
    "MS2_1": "F9",
    "MS2_2": "F2",
    "MS2_3": "F6",
    "MS2_4": "F6",
    "MS2_5": "F6",
    "MS3_1": "F7",
    "MS3_2": "F7",
    "MS3_3": "F3",
    "MS3_4": "F3",
    "MS3_5": "F3",
    "MS4_1": "F5",
    "MS4_2": "F5",
    "MS4_3": "F4",
    "MS4_4": "F4",
    "MS4_5": "F4"
  },
  "sensor": {
    "S1": "F8",
    "S2": "F9",
    "S3": "F7",
    "S4": "F5"
  },
  "fog": {
    "F1": {
      "rho": 0.2074903688574398,
      "capacity": 1.0,
      "tserv": 4.149807377148796,
      "stddev": 4.149807377148796,
      "mu": 0.24097504031309258,
      "cv": 1.0,
      "lambda": 0.05,
      "twait": 1.0864789897008074
    },
    "F2": {
      "rho": 0.2036776395148321,
      "capacity": 1.0,
      "tserv": 4.073552790296642,
      "stddev": 4.073552790296642,
      "mu": 0.24548595574409596,
      "cv": 1.0,
      "lambda": 0.05,
      "twait": 1.0419042060569281
    },
    "F3": {
      "rho": 0.32565453335423017,
      "capacity": 1.0,
      "tserv": 2.171030222361534,
      "stddev": 2.8727004053599923,
      "mu": 0.46061081494860623,
      "cv": 1.3231968748160574,
      "lambda": 0.15000000000000002,
      "twait": 1.4420405215135998
    },
    "F4": {
      "rho": 0.3149589249265845,
      "capacity": 1.0,
      "tserv": 2.0997261661772297,
      "stddev": 2.397512743005661,
      "mu": 0.4762525781257487,
      "cv": 1.1418216249457818,
      "lambda": 0.15000000000000002,
      "twait": 1.1120045602428306
    },
    "F5": {
      "rho": 0.18504107507341555,
      "capacity": 1.0,
      "tserv": 1.8504107507341552,
      "stddev": 2.13147102223638,
      "mu": 0.5404205523574954,
      "cv": 1.15189074717098,
      "lambda": 0.1,
      "twait": 0.48880921610765016
    },
    "F6": {
      "rho": 0.1862562837200383,
      "capacity": 1.0,
      "tserv": 1.2417085581335885,
      "stddev": 1.7262464242715816,
      "mu": 0.8053419568140043,
      "cv": 1.3902186732660535,
      "lambda": 0.15000000000000002,
      "twait": 0.41675592421075064
    },
    "F7": {
      "rho": 0.17434546664576983,
      "capacity": 1.0,
      "tserv": 1.7434546664576982,
      "stddev": 2.894298978675579,
      "mu": 0.573573846936767,
      "cv": 1.6600941993841076,
      "lambda": 0.1,
      "twait": 0.6913666849000127
    },
    "F8": {
      "rho": 0.13539293436555205,
      "capacity": 1.0,
      "tserv": 2.707858687311041,
      "stddev": 2.707858687311041,
      "mu": 0.369295489711474,
      "cv": 1.0,
      "lambda": 0.05,
      "twait": 0.4240364763307417
    },
    "F9": {
      "rho": 0.11006607676512964,
      "capacity": 1.0,
      "tserv": 2.2013215353025926,
      "stddev": 2.2013215353025926,
      "mu": 0.4542725739802207,
      "cv": 1.0,
      "lambda": 0.05,
      "twait": 0.27225709545786475
    },
    "F10": {
      "rho": 0.15711669677700818,
      "capacity": 1.0,
      "tserv": 1.0474446451800543,
      "stddev": 1.5176071717980069,
      "mu": 0.9547043890115084,
      "cv": 1.4488662277108995,
      "lambda": 0.15000000000000002,
      "twait": 0.3025571689112174
    }
  },
  "extra": {
    "deltatime": 0.0146317,
    "obj_func": 15.986962419074224
  },
  "network": [
    [
      0.0,
      1.7480789005943551,
      1.6771408094463736,
      1.9754334451245625,
      2.55525326310276,
      1.4997242513534519,
      1.8966250944047203,
      0.927436070389057,
      1.5365590987317705,
      1.5365590987317705
    ],
    [
      1.7480789005943551,
      0.0,
      2.309006144285929,
      1.6962442118525975,
      2.7683237182665534,
      2.105841069093126,
      2.0798483796868235,
      1.5365590987317705,
      1.2926371429851826,
      1.2926371429851826
    ],
    [
      1.6771408094463736,
      2.309006144285929,
      0.0,
      1.8818088336432084,
      2.014772507022356,
      2.354643664479644,
      0.927436070389057,
      1.2926371429851826,
      1.853260551469637,
      1.853260551469637
    ],
    [
      1.9754334451245625,
      1.6962442118525975,
      1.8818088336432084,
      0.0,
      2.1528371305118394,
      1.8966250944047203,
      1.5365590987317705,
      1.853260551469637,
      2.15964382611529,
      2.15964382611529
    ],
    [
      2.55525326310276,
      2.7683237182665534,
      2.014772507022356,
      2.1528371305118394,
      0.0,
      2.0798483796868235,
      1.2926371429851826,
      2.15964382611529,
      1.8221276868610503,
      1.8221276868610503
    ],
    [
      1.4997242513534519,
      2.105841069093126,
      2.354643664479644,
      1.8966250944047203,
      2.0798483796868235,
      0.0,
      1.853260551469637,
      1.8221276868610503,
      1.8087579752430347,
      1.8087579752430347
    ],
    [
      1.8966250944047203,
      2.0798483796868235,
      0.927436070389057,
      1.5365590987317705,
      1.2926371429851826,
      1.853260551469637,
      0.0,
      1.8087579752430347,
      2.0927673917662264,
      2.0927673917662264
    ],
    [
      0.927436070389057,
      1.5365590987317705,
      1.2926371429851826,
      1.853260551469637,
      2.15964382611529,
      1.8221276868610503,
      1.8087579752430347,
      0.0,
      2.060176494604315,
      2.060176494604315
    ],
    [
      1.5365590987317705,
      1.2926371429851826,
      1.853260551469637,
      2.15964382611529,
      1.8221276868610503,
      1.8087579752430347,
      2.0927673917662264,
      2.060176494604315,
      0.0,
      2.802571496712063
    ],
    [
      1.5365590987317705,
      1.2926371429851826,
      1.853260551469637,
      2.15964382611529,
      1.8221276868610503,
      1.8087579752430347,
      2.0927673917662264,
      2.060176494604315,
      2.802571496712063,
      0.0
    ]
  ]
}