{
  "servicechain": {
    "SC1": {
      "resptime": 27.133237242461576,
      "resptime_old": 17.133237242461572,
      "waittime": 13.541101843521202,
      "servicetime": 10.0,
      "networktime": 3.5921353989403704,
      "services": {
        "MS1_1": {
          "meanserv": 1.5344229644520468,
          "stddevserv": 1.5344229644520468,
          "rate": 0.6517107884637968,
          "cv": 1.0,
          "lambda": 0.15
        },
        "MS1_2": {
          "meanserv": 0.8256886018235119,
          "stddevserv": 0.8256886018235119,
          "rate": 1.211110336017145,
          "cv": 1.0,
          "lambda": 0.15
        },
        "MS1_3": {
          "meanserv": 4.1552401069612825,
          "stddevserv": 4.1552401069612825,
          "rate": 0.2406599797505559,
          "cv": 1.0,
          "lambda": 0.15
        },
        "MS1_4": {
          "meanserv": 0.31080772362697573,
          "stddevserv": 0.31080772362697573,
          "rate": 3.2174232619784475,
          "cv": 1.0,
          "lambda": 0.15
        },
        "MS1_5": {
          "meanserv": 3.173840603136183,
          "stddevserv": 3.173840603136183,
          "rate": 0.315075684333947,
          "cv": 1.0,
          "lambda": 0.15
        }
      },
      "sensors": [
        "S1"
      ],
      "sources": [
        {
          "startTime": 0,
          "stopTime": -1,
          "lambda": 0.15
        }
      ]
    },
    "SC2": {
      "resptime": 29.548067704273787,
      "resptime_old": 19.548067704273787,
      "waittime": 15.66088121054394,
      "servicetime": 10.0,
      "networktime": 3.8871864937298466,
      "services": {
        "MS2_1": {
          "meanserv": 0.011014792660186679,
          "stddevserv": 0.011014792660186679,
          "rate": 90.78700170313074,
          "cv": 1.0,
          "lambda": 0.15
        },
        "MS2_2": {
          "meanserv": 0.32794523518036023,
          "stddevserv": 0.32794523518036023,
          "rate": 3.0492896152311206,
          "cv": 1.0,
          "lambda": 0.15
        },
        "MS2_3": {
          "meanserv": 1.8883134728796325,
          "stddevserv": 1.8883134728796325,
          "rate": 0.5295730896179139,
          "cv": 1.0,
          "lambda": 0.15
        },
        "MS2_4": {
          "meanserv": 3.202846279114625,
          "stddevserv": 3.202846279114625,
          "rate": 0.31222229006770624,
          "cv": 1.0,
          "lambda": 0.15
        },
        "MS2_5": {
          "meanserv": 4.569880220165196,
          "stddevserv": 4.569880220165196,
          "rate": 0.21882411613052108,
          "cv": 1.0,
          "lambda": 0.15
        }
      },
      "sensors": [
        "S2"
      ],
      "sources": [
        {
          "startTime": 0,
          "stopTime": -1,
          "lambda": 0.15
        }
      ]
    },
    "SC3": {
      "resptime": 31.912551337204807,
      "resptime_old": 21.912551337204807,
      "waittime": 16.33223258425441,
      "servicetime": 10.0,
      "networktime": 5.580318752950396,
      "services": {
        "MS3_1": {
          "meanserv": 1.6545001067695164,
          "stddevserv": 1.6545001067695164,
          "rate": 0.604412170122215,
          "cv": 1.0,
          "lambda": 0.15
        },
        "MS3_2": {
          "meanserv": 0.40247358093351426,
          "stddevserv": 0.40247358093351426,
          "rate": 2.484635134759796,
          "cv": 1.0,
          "lambda": 0.15
        },
        "MS3_3": {
          "meanserv": 1.9200403427105308,
          "stddevserv": 1.9200403427105308,
          "rate": 0.5208223899026491,
          "cv": 1.0,
          "lambda": 0.15
        },
        "MS3_4": {
          "meanserv": 4.738998560562788,
          "stddevserv": 4.738998560562788,
          "rate": 0.21101504615803118,
          "cv": 1.0,
          "lambda": 0.15
        },
        "MS3_5": {
          "meanserv": 1.2839874090236503,
          "stddevserv": 1.2839874090236503,
          "rate": 0.7788238365673729,
          "cv": 1.0,
          "lambda": 0.15
        }
      },
      "sensors": [
        "S3"
      ],
      "sources": [
        {
          "startTime": 0,
          "stopTime": -1,
          "lambda": 0.15
        }
      ]
    },
    "SC4": {
      "resptime": 9858.271069492524,
      "resptime_old": 9848.271069492524,
      "waittime": 9844.58513798368,
      "servicetime": 10.000000000000002,
      "networktime": 3.6859315088435536,
      "services": {
        "MS4_1": {
          "meanserv": 0.22857335238479992,
          "stddevserv": 0.22857335238479992,
          "rate": 4.374963177319614,
          "cv": 1.0,
          "lambda": 0.15
        },
        "MS4_2": {
          "meanserv": 1.0926748702798528,
          "stddevserv": 1.0926748702798528,
          "rate": 0.9151853192559309,
          "cv": 1.0,
          "lambda": 0.15
        },
        "MS4_3": {
          "meanserv": 8.103483142516605,
          "stddevserv": 8.103483142516605,
          "rate": 0.12340372435074154,
          "cv": 1.0,
          "lambda": 0.15
        },
        "MS4_4": {
          "meanserv": 0.0019354492531764578,
          "stddevserv": 0.0019354492531764578,
          "rate": 516.6759078590155,
          "cv": 1.0,
          "lambda": 0.15
        },
        "MS4_5": {
          "meanserv": 0.5733331855655663,
          "stddevserv": 0.5733331855655663,
          "rate": 1.7441864960486229,
          "cv": 1.0,
          "lambda": 0.15
        }
      },
      "sensors": [
        "S4"
      ],
      "sources": [
        {
          "startTime": 0,
          "stopTime": -1,
          "lambda": 0.15
        }
      ]
    }
  },
  "microservice": {
    "MS1_1": "F10",
    "MS1_2": "F10",
    "MS1_3": "F4",
    "MS1_4": "F6",
    "MS1_5": "F5",
    "MS2_1": "F6",
    "MS2_2": "F6",
    "MS2_3": "F6",
    "MS2_4": "F7",
    "MS2_5": "F3",
    "MS3_1": "F9",
    "MS3_2": "F9",
    "MS3_3": "F8",
    "MS3_4": "F2",
    "MS3_5": "F8",
    "MS4_1": "F10",
    "MS4_2": "F10",
    "MS4_3": "F1",
    "MS4_4": "F9",
    "MS4_5": "F9"
  },
  "sensor": {
    "S1": "F10",
    "S2": "F6",
    "S3": "F9",
    "S4": "F10"
  },
  "fog": {
    "F1": {
      "rho": 1.2155224713774908,
      "capacity": 1.0,
      "tserv": 8.103483142516605,
      "stddev": 8.103483142516605,
      "mu": 0.12340372435074154,
      "cv": 1.0,
      "lambda": 0.15,
      "twait": 9840.115890301453
    },
    "F2": {
      "rho": 0.7108497840844181,
      "capacity": 1.0,
      "tserv": 4.738998560562788,
      "stddev": 4.738998560562788,
      "mu": 0.21101504615803118,
      "cv": 1.0,
      "lambda": 0.15,
      "twait": 11.65040148037078
    },
    "F3": {
      "rho": 0.6854820330247793,
      "capacity": 1.0,
      "tserv": 4.569880220165196,
      "stddev": 4.569880220165196,
      "mu": 0.21882411613052108,
      "cv": 1.0,
      "lambda": 0.15,
      "twait": 9.95991044367066
    },
    "F4": {
      "rho": 0.6232860160441924,
      "capacity": 1.0,
      "tserv": 4.1552401069612825,
      "stddev": 4.1552401069612825,
      "mu": 0.2406599797505559,
      "cv": 1.0,
      "lambda": 0.15,
      "twait": 6.874985167205166
    },
    "F5": {
      "rho": 0.4760760904704274,
      "capacity": 1.0,
      "tserv": 3.173840603136183,
      "stddev": 3.173840603136183,
      "mu": 0.315075684333947,
      "cv": 1.0,
      "lambda": 0.15,
      "twait": 2.8839867748621817
    },
    "F6": {
      "rho": 0.38071218365207327,
      "capacity": 1.0,
      "tserv": 0.6345203060867888,
      "stddev": 1.2175316378203125,
      "mu": 1.5759936922542261,
      "cv": 1.9188221813247694,
      "lambda": 0.6,
      "twait": 0.91314535414864
    },
    "F7": {
      "rho": 0.4804269418671937,
      "capacity": 1.0,
      "tserv": 3.202846279114625,
      "stddev": 3.202846279114625,
      "mu": 0.31222229006770624,
      "cv": 1.0,
      "lambda": 0.15,
      "twait": 2.961534704427359
    },
    "F8": {
      "rho": 0.48060416276012713,
      "capacity": 1.0,
      "tserv": 1.6020138758670905,
      "stddev": 1.663950157215216,
      "mu": 0.6242143186548554,
      "cv": 1.0386615136617356,
      "lambda": 0.3,
      "twait": 1.540783984480595
    },
    "F9": {
      "rho": 0.39483634837826603,
      "capacity": 1.0,
      "tserv": 0.6580605806304434,
      "stddev": 1.0867342864575973,
      "mu": 1.5196169310764178,
      "cv": 1.6514198212822149,
      "lambda": 0.6,
      "twait": 0.8001315674612204
    },
    "F10": {
      "rho": 0.5522039683410317,
      "capacity": 1.0,
      "tserv": 0.9203399472350529,
      "stddev": 1.1376177771174623,
      "mu": 1.0865550311102623,
      "cv": 1.2360843192074515,
      "lambda": 0.6,
      "twait": 1.434492273652608
    }
  },
  "extra": {
    "deltatime": 0.0137006,
    "obj_func": 2486.716231444116
  },
  "network": [
    [
      0.0,
      2.859206769178673,
      2.106100167231899,
      1.8133968641187368,
      1.7166263805890691,
      2.1125962336801547,
      1.895379152958636,
      1.5004276151738791,
      1.8429657544217768,
      1.8429657544217768
    ],
    [
      2.859206769178673,
      0.0,
      2.2050464355480606,
      1.4745392602429395,
      1.7736761951588518,
      2.2496788768110734,
      0.5459181951240212,
      1.8429657544217768,
      2.611485333407294,
      2.611485333407294
    ],
    [
      2.106100167231899,
      2.2050464355480606,
      0.0,
      1.9632997502431275,
      2.2247285024229133,
      2.61207280015022,
      1.5004276151738791,
      2.611485333407294,
      2.3867588785559675,
      2.3867588785559675
    ],
    [
      1.8133968641187368,
      1.4745392602429395,
      1.9632997502431275,
      0.0,
      1.6741910817417347,
      1.895379152958636,
      1.8429657544217768,
      2.3867588785559675,
      1.1508380508577132,
      1.1508380508577132
    ],
    [
      1.7166263805890691,
      1.7736761951588518,
      2.2247285024229133,
      1.6741910817417347,
      0.0,
      0.5459181951240212,
      2.611485333407294,
      1.1508380508577132,
      2.2517180099807095,
      2.2517180099807095
    ],
    [
      2.1125962336801547,
      2.2496788768110734,
      2.61207280015022,
      1.895379152958636,
      0.5459181951240212,
      0.0,
      2.3867588785559675,
      2.2517180099807095,
      2.093245913676824,
      2.093245913676824
    ],
    [
      1.895379152958636,
      0.5459181951240212,
      1.5004276151738791,
      1.8429657544217768,
      2.611485333407294,
      2.3867588785559675,
      0.0,
      2.093245913676824,
      3.0596009686010897,
      3.0596009686010897
    ],
    [
      1.5004276151738791,
      1.8429657544217768,
      2.611485333407294,
      2.3867588785559675,
      1.1508380508577132,
      2.2517180099807095,
      2.093245913676824,
      0.0,
      1.894387244106843,
      1.894387244106843
    ],
    [
      1.8429657544217768,
      2.611485333407294,
      2.3867588785559675,
      1.1508380508577132,
      2.2517180099807095,
      2.093245913676824,
      3.0596009686010897,
      1.894387244106843,
      0.0,
      1.7027813066159723
    ],
    [
      1.8429657544217768,
      2.611485333407294,
      2.3867588785559675,
      1.1508380508577132,
      2.2517180099807095,
      2.093245913676824,
      3.0596009686010897,
      1.894387244106843,
      1.7027813066159723,
      0.0
    ]
  ]
}