{
  "servicechain": {
    "SC1": {
      "resptime": 60.7597601763937,
      "resptime_old": 50.75976017639369,
      "waittime": 46.90414167452681,
      "servicetime": 10.0,
      "networktime": 3.855618501866884,
      "services": {
        "MS1_1": {
          "meanserv": 0.15072557131078135,
          "stddevserv": 0.15072557131078135,
          "rate": 6.634574288247998,
          "cv": 1.0,
          "lambda": 0.15
        },
        "MS1_2": {
          "meanserv": 5.8485802091981505,
          "stddevserv": 5.8485802091981505,
          "rate": 0.1709816680683091,
          "cv": 1.0,
          "lambda": 0.15
        },
        "MS1_3": {
          "meanserv": 1.925170380875877,
          "stddevserv": 1.925170380875877,
          "rate": 0.5194345445648499,
          "cv": 1.0,
          "lambda": 0.15
        },
        "MS1_4": {
          "meanserv": 1.0515065491568114,
          "stddevserv": 1.0515065491568114,
          "rate": 0.9510164257197316,
          "cv": 1.0,
          "lambda": 0.15
        },
        "MS1_5": {
          "meanserv": 1.0240172894583797,
          "stddevserv": 1.0240172894583797,
          "rate": 0.97654601176599,
          "cv": 1.0,
          "lambda": 0.15
        }
      },
      "sensors": [
        "S1"
      ],
      "sources": [
        {
          "startTime": 0,
          "stopTime": -1,
          "lambda": 0.15
        }
      ]
    },
    "SC2": {
      "resptime": 32.601716287466715,
      "resptime_old": 22.60171628746672,
      "waittime": 16.67581679507833,
      "servicetime": 10.0,
      "networktime": 5.925899492388388,
      "services": {
        "MS2_1": {
          "meanserv": 4.221956837135828,
          "stddevserv": 4.221956837135828,
          "rate": 0.23685699275845729,
          "cv": 1.0,
          "lambda": 0.15
        },
        "MS2_2": {
          "meanserv": 0.07465918844618713,
          "stddevserv": 0.07465918844618713,
          "rate": 13.394198635319754,
          "cv": 1.0,
          "lambda": 0.15
        },
        "MS2_3": {
          "meanserv": 1.5364113675019553,
          "stddevserv": 1.5364113675019553,
          "rate": 0.6508673530747795,
          "cv": 1.0,
          "lambda": 0.15
        },
        "MS2_4": {
          "meanserv": 3.9449674856099346,
          "stddevserv": 3.9449674856099346,
          "rate": 0.25348751381290263,
          "cv": 1.0,
          "lambda": 0.15
        },
        "MS2_5": {
          "meanserv": 0.22200512130609518,
          "stddevserv": 0.22200512130609518,
          "rate": 4.504400592728781,
          "cv": 1.0,
          "lambda": 0.15
        }
      },
      "sensors": [
        "S2"
      ],
      "sources": [
        {
          "startTime": 0,
          "stopTime": -1,
          "lambda": 0.15
        }
      ]
    },
    "SC3": {
      "resptime": 53.91168601890997,
      "resptime_old": 43.91168601890996,
      "waittime": 40.13397374374782,
      "servicetime": 10.0,
      "networktime": 3.777712275162147,
      "services": {
        "MS3_1": {
          "meanserv": 0.9664427324999014,
          "stddevserv": 0.9664427324999014,
          "rate": 1.0347224583222803,
          "cv": 1.0,
          "lambda": 0.15
        },
        "MS3_2": {
          "meanserv": 5.73764367631677,
          "stddevserv": 5.73764367631677,
          "rate": 0.17428757455393976,
          "cv": 1.0,
          "lambda": 0.15
        },
        "MS3_3": {
          "meanserv": 1.7884301059427639,
          "stddevserv": 1.7884301059427639,
          "rate": 0.5591496120967243,
          "cv": 1.0,
          "lambda": 0.15
        },
        "MS3_4": {
          "meanserv": 0.03943418910315266,
          "stddevserv": 0.03943418910315266,
          "rate": 25.358705801815322,
          "cv": 1.0,
          "lambda": 0.15
        },
        "MS3_5": {
          "meanserv": 1.468049296137412,
          "stddevserv": 1.468049296137412,
          "rate": 0.6811760358668488,
          "cv": 1.0,
          "lambda": 0.15
        }
      },
      "sensors": [
        "S3"
      ],
      "sources": [
        {
          "startTime": 0,
          "stopTime": -1,
          "lambda": 0.15
        }
      ]
    },
    "SC4": {
      "resptime": 28.287439213106463,
      "resptime_old": 18.287439213106463,
      "waittime": 14.814102878312868,
      "servicetime": 10.0,
      "networktime": 3.4733363347935957,
      "services": {
        "MS4_1": {
          "meanserv": 0.769632026253082,
          "stddevserv": 0.769632026253082,
          "rate": 1.2993222291806823,
          "cv": 1.0,
          "lambda": 0.15
        },
        "MS4_2": {
          "meanserv": 2.8983367596549425,
          "stddevserv": 2.8983367596549425,
          "rate": 0.34502546906214365,
          "cv": 1.0,
          "lambda": 0.15
        },
        "MS4_3": {
          "meanserv": 4.147489195511,
          "stddevserv": 4.147489195511,
          "rate": 0.2411097299740628,
          "cv": 1.0,
          "lambda": 0.15
        },
        "MS4_4": {
          "meanserv": 1.1295857458174794,
          "stddevserv": 1.1295857458174794,
          "rate": 0.885280292977052,
          "cv": 1.0,
          "lambda": 0.15
        },
        "MS4_5": {
          "meanserv": 1.054956272763496,
          "stddevserv": 1.054956272763496,
          "rate": 0.947906587047882,
          "cv": 1.0,
          "lambda": 0.15
        }
      },
      "sensors": [
        "S4"
      ],
      "sources": [
        {
          "startTime": 0,
          "stopTime": -1,
          "lambda": 0.15
        }
      ]
    }
  },
  "microservice": {
    "MS1_1": "F7",
    "MS1_2": "F5",
    "MS1_3": "F7",
    "MS1_4": "F7",
    "MS1_5": "F4",
    "MS2_1": "F6",
    "MS2_2": "F10",
    "MS2_3": "F10",
    "MS2_4": "F3",
    "MS2_5": "F1",
    "MS3_1": "F1",
    "MS3_2": "F9",
    "MS3_3": "F1",
    "MS3_4": "F1",
    "MS3_5": "F10",
    "MS4_1": "F2",
    "MS4_2": "F2",
    "MS4_3": "F8",
    "MS4_4": "F4",
    "MS4_5": "F4"
  },
  "sensor": {
    "S1": "F7",
    "S2": "F6",
    "S3": "F1",
    "S4": "F2"
  },
  "fog": {
    "F1": {
      "rho": 0.45244682232778705,
      "capacity": 1.0,
      "tserv": 0.7540780372129784,
      "stddev": 1.2341125872031942,
      "mu": 1.3261226963935093,
      "cv": 1.6365847117950698,
      "lambda": 0.6,
      "twait": 1.1460079035569921
    },
    "F2": {
      "rho": 0.5501953178862037,
      "capacity": 1.0,
      "tserv": 1.8339843929540123,
      "stddev": 2.372591552417449,
      "mu": 0.5452609105300469,
      "cv": 1.2936814301870356,
      "lambda": 0.3,
      "twait": 2.9988647692399315
    },
    "F3": {
      "rho": 0.5917451228414902,
      "capacity": 1.0,
      "tserv": 3.9449674856099346,
      "stddev": 3.9449674856099346,
      "mu": 0.25348751381290263,
      "cv": 1.0,
      "lambda": 0.15,
      "twait": 5.718034002742778
    },
    "F4": {
      "rho": 0.4812838962059032,
      "capacity": 1.0,
      "tserv": 1.0695197693464518,
      "stddev": 1.071354064777353,
      "mu": 0.9349990796440042,
      "cv": 1.0017150645396877,
      "lambda": 0.44999999999999996,
      "twait": 0.9940431997088941
    },
    "F5": {
      "rho": 0.8772870313797225,
      "capacity": 1.0,
      "tserv": 5.8485802091981505,
      "stddev": 5.8485802091981505,
      "mu": 0.1709816680683091,
      "cv": 1.0,
      "lambda": 0.15,
      "twait": 41.81207273528381
    },
    "F6": {
      "rho": 0.6332935255703741,
      "capacity": 1.0,
      "tserv": 4.221956837135828,
      "stddev": 4.221956837135828,
      "mu": 0.23685699275845729,
      "cv": 1.0,
      "lambda": 0.15,
      "twait": 7.29122095363715
    },
    "F7": {
      "rho": 0.46911037520152044,
      "capacity": 1.0,
      "tserv": 1.0424675004478232,
      "stddev": 1.4616332148053874,
      "mu": 0.9592625185633317,
      "cv": 1.402089958850035,
      "lambda": 0.44999999999999996,
      "twait": 1.366008579844705
    },
    "F8": {
      "rho": 0.6221233793266499,
      "capacity": 1.0,
      "tserv": 4.147489195511,
      "stddev": 4.147489195511,
      "mu": 0.2411097299740628,
      "cv": 1.0,
      "lambda": 0.15,
      "twait": 6.828286940415216
    },
    "F9": {
      "rho": 0.8606465514475155,
      "capacity": 1.0,
      "tserv": 5.73764367631677,
      "stddev": 5.73764367631677,
      "mu": 0.17428757455393976,
      "cv": 1.0,
      "lambda": 0.15,
      "twait": 35.435673065506144
    },
    "F10": {
      "rho": 0.4618679778128332,
      "capacity": 1.0,
      "tserv": 1.0263732840285182,
      "stddev": 1.4002712697300226,
      "mu": 0.9743043934999915,
      "cv": 1.3642904501897728,
      "lambda": 0.44999999999999996,
      "twait": 1.260276967570704
    }
  },
  "extra": {
    "deltatime": 0.5015037,
    "conv": 8,
    "obj_func": 43.89015042396921
  },
  "network": [
    [
      0.0,
      1.8794143106995387,
      1.5784428537269426,
      2.14383983143431,
      2.0721717171484793,
      2.7833331511154973,
      2.834657840836676,
      1.8754132378359472,
      1.259237425054049,
      1.259237425054049
    ],
    [
      1.8794143106995387,
      0.0,
      2.813181465969686,
      1.732840720493032,
      1.9062523700530856,
      2.9619199106601317,
      1.9699982281033057,
      1.259237425054049,
      1.2981905384064174,
      1.2981905384064174
    ],
    [
      1.5784428537269426,
      2.813181465969686,
      0.0,
      2.1018322996327887,
      1.394608786465033,
      1.6074256561604572,
      1.8754132378359472,
      1.2981905384064174,
      2.2140989097395467,
      2.2140989097395467
    ],
    [
      2.14383983143431,
      1.732840720493032,
      2.1018322996327887,
      0.0,
      2.0382941528828633,
      2.834657840836676,
      1.259237425054049,
      2.2140989097395467,
      2.2323071935634258,
      2.2323071935634258
    ],
    [
      2.0721717171484793,
      1.9062523700530856,
      1.394608786465033,
      2.0382941528828633,
      0.0,
      1.9699982281033057,
      1.2981905384064174,
      2.2323071935634258,
      1.3861861514455767,
      1.3861861514455767
    ],
    [
      2.7833331511154973,
      2.9619199106601317,
      1.6074256561604572,
      2.834657840836676,
      1.9699982281033057,
      0.0,
      2.2140989097395467,
      1.3861861514455767,
      2.133357728921899,
      2.133357728921899
    ],
    [
      2.834657840836676,
      1.9699982281033057,
      1.8754132378359472,
      1.259237425054049,
      1.2981905384064174,
      2.2140989097395467,
      0.0,
      2.133357728921899,
      2.473363520533098,
      2.473363520533098
    ],
    [
      1.8754132378359472,
      1.259237425054049,
      1.2981905384064174,
      2.2140989097395467,
      2.2323071935634258,
      1.3861861514455767,
      2.133357728921899,
      0.0,
      1.8896817832218142,
      1.8896817832218142
    ],
    [
      1.259237425054049,
      1.2981905384064174,
      2.2140989097395467,
      2.2323071935634258,
      1.3861861514455767,
      2.133357728921899,
      2.473363520533098,
      1.8896817832218142,
      0.0,
      2.1961171584004595
    ],
    [
      1.259237425054049,
      1.2981905384064174,
      2.2140989097395467,
      2.2323071935634258,
      1.3861861514455767,
      2.133357728921899,
      2.473363520533098,
      1.8896817832218142,
      2.1961171584004595,
      0.0
    ]
  ]
}