{
  "servicechain": {
    "SC1": {
      "resptime": 4939.942331477446,
      "resptime_old": 4929.942331477446,
      "waittime": 4926.653540388029,
      "servicetime": 10.0,
      "networktime": 3.288791089416944,
      "services": {
        "MS1_1": {
          "meanserv": 1.1405109788038925,
          "stddevserv": 1.1405109788038925,
          "rate": 0.8767999770144668,
          "cv": 1.0,
          "lambda": 0.225
        },
        "MS1_2": {
          "meanserv": 0.10534020023549417,
          "stddevserv": 0.10534020023549417,
          "rate": 9.493052013993154,
          "cv": 1.0,
          "lambda": 0.225
        },
        "MS1_3": {
          "meanserv": 0.7059389931043147,
          "stddevserv": 0.7059389931043147,
          "rate": 1.4165530021263928,
          "cv": 1.0,
          "lambda": 0.225
        },
        "MS1_4": {
          "meanserv": 1.0180232233755917,
          "stddevserv": 1.0180232233755917,
          "rate": 0.9822958622536824,
          "cv": 1.0,
          "lambda": 0.225
        },
        "MS1_5": {
          "meanserv": 0.7752311311419344,
          "stddevserv": 0.7752311311419344,
          "rate": 1.2899378776584676,
          "cv": 1.0,
          "lambda": 0.225
        },
        "MS1_6": {
          "meanserv": 4.677718080870544,
          "stddevserv": 4.677718080870544,
          "rate": 0.21377945030280568,
          "cv": 1.0,
          "lambda": 0.225
        },
        "MS1_7": {
          "meanserv": 0.9872208618440403,
          "stddevserv": 0.9872208618440403,
          "rate": 1.0129445584568475,
          "cv": 1.0,
          "lambda": 0.225
        },
        "MS1_8": {
          "meanserv": 0.1713116667043355,
          "stddevserv": 0.1713116667043355,
          "rate": 5.837314055941598,
          "cv": 1.0,
          "lambda": 0.225
        },
        "MS1_9": {
          "meanserv": 0.030485705518991324,
          "stddevserv": 0.030485705518991324,
          "rate": 32.80225872998221,
          "cv": 1.0,
          "lambda": 0.225
        },
        "MS1_10": {
          "meanserv": 0.38821915840086163,
          "stddevserv": 0.38821915840086163,
          "rate": 2.575864633057173,
          "cv": 1.0,
          "lambda": 0.225
        }
      },
      "sensors": [
        "S1"
      ],
      "sources": [
        {
          "startTime": 0,
          "stopTime": -1,
          "lambda": 0.225
        }
      ]
    },
    "SC2": {
      "resptime": 36.65241758851495,
      "resptime_old": 26.65241758851495,
      "waittime": 21.58182377105269,
      "servicetime": 10.0,
      "networktime": 5.070593817462257,
      "services": {
        "MS2_1": {
          "meanserv": 1.9975005509410615,
          "stddevserv": 1.9975005509410615,
          "rate": 0.5006256441475726,
          "cv": 1.0,
          "lambda": 0.225
        },
        "MS2_2": {
          "meanserv": 0.6239895239168758,
          "stddevserv": 0.6239895239168758,
          "rate": 1.6025910078150833,
          "cv": 1.0,
          "lambda": 0.225
        },
        "MS2_3": {
          "meanserv": 0.21182516698444065,
          "stddevserv": 0.21182516698444065,
          "rate": 4.720874361795989,
          "cv": 1.0,
          "lambda": 0.225
        },
        "MS2_4": {
          "meanserv": 0.5564418751132525,
          "stddevserv": 0.5564418751132525,
          "rate": 1.7971328987353266,
          "cv": 1.0,
          "lambda": 0.225
        },
        "MS2_5": {
          "meanserv": 0.4784375387290085,
          "stddevserv": 0.4784375387290085,
          "rate": 2.0901369960570952,
          "cv": 1.0,
          "lambda": 0.225
        },
        "MS2_6": {
          "meanserv": 0.5651782695600742,
          "stddevserv": 0.5651782695600742,
          "rate": 1.7693532357115997,
          "cv": 1.0,
          "lambda": 0.225
        },
        "MS2_7": {
          "meanserv": 0.23846042397035205,
          "stddevserv": 0.23846042397035205,
          "rate": 4.19356798646106,
          "cv": 1.0,
          "lambda": 0.225
        },
        "MS2_8": {
          "meanserv": 0.35952351410062366,
          "stddevserv": 0.35952351410062366,
          "rate": 2.7814592391865625,
          "cv": 1.0,
          "lambda": 0.225
        },
        "MS2_9": {
          "meanserv": 3.3899707993490376,
          "stddevserv": 3.3899707993490376,
          "rate": 0.2949877916919007,
          "cv": 1.0,
          "lambda": 0.225
        },
        "MS2_10": {
          "meanserv": 1.5786723373352736,
          "stddevserv": 1.5786723373352736,
          "rate": 0.6334436705769825,
          "cv": 1.0,
          "lambda": 0.225
        }
      },
      "sensors": [
        "S2"
      ],
      "sources": [
        {
          "startTime": 0,
          "stopTime": -1,
          "lambda": 0.225
        }
      ]
    },
    "SC3": {
      "resptime": 28.262006646363545,
      "resptime_old": 18.262006646363545,
      "waittime": 13.812979475153867,
      "servicetime": 10.0,
      "networktime": 4.449027171209679,
      "services": {
        "MS3_1": {
          "meanserv": 0.6453767564675117,
          "stddevserv": 0.6453767564675117,
          "rate": 1.5494825154124374,
          "cv": 1.0,
          "lambda": 0.225
        },
        "MS3_2": {
          "meanserv": 2.1868160954894202,
          "stddevserv": 2.1868160954894202,
          "rate": 0.4572858239257632,
          "cv": 1.0,
          "lambda": 0.225
        },
        "MS3_3": {
          "meanserv": 1.945957581490024,
          "stddevserv": 1.945957581490024,
          "rate": 0.5138858161719526,
          "cv": 1.0,
          "lambda": 0.225
        },
        "MS3_4": {
          "meanserv": 1.304750763594325,
          "stddevserv": 1.304750763594325,
          "rate": 0.7664299020950192,
          "cv": 1.0,
          "lambda": 0.225
        },
        "MS3_5": {
          "meanserv": 0.15886121549595167,
          "stddevserv": 0.15886121549595167,
          "rate": 6.29480264819882,
          "cv": 1.0,
          "lambda": 0.225
        },
        "MS3_6": {
          "meanserv": 0.05727723147206909,
          "stddevserv": 0.05727723147206909,
          "rate": 17.45894440599218,
          "cv": 1.0,
          "lambda": 0.225
        },
        "MS3_7": {
          "meanserv": 0.6750930677372784,
          "stddevserv": 0.6750930677372784,
          "rate": 1.4812772457458614,
          "cv": 1.0,
          "lambda": 0.225
        },
        "MS3_8": {
          "meanserv": 0.7225575248476792,
          "stddevserv": 0.7225575248476792,
          "rate": 1.3839728542178118,
          "cv": 1.0,
          "lambda": 0.225
        },
        "MS3_9": {
          "meanserv": 1.8440212914320693,
          "stddevserv": 1.8440212914320693,
          "rate": 0.5422930877459656,
          "cv": 1.0,
          "lambda": 0.225
        },
        "MS3_10": {
          "meanserv": 0.4592884719736716,
          "stddevserv": 0.4592884719736716,
          "rate": 2.1772808616396633,
          "cv": 1.0,
          "lambda": 0.225
        }
      },
      "sensors": [
        "S3"
      ],
      "sources": [
        {
          "startTime": 0,
          "stopTime": -1,
          "lambda": 0.225
        }
      ]
    },
    "SC4": {
      "resptime": 38.362082200667174,
      "resptime_old": 28.36208220066717,
      "waittime": 23.92514601983293,
      "servicetime": 10.0,
      "networktime": 4.436936180834243,
      "services": {
        "MS4_1": {
          "meanserv": 0.5663776678515942,
          "stddevserv": 0.5663776678515942,
          "rate": 1.7656063378932982,
          "cv": 1.0,
          "lambda": 0.225
        },
        "MS4_2": {
          "meanserv": 0.6662716264834312,
          "stddevserv": 0.6662716264834312,
          "rate": 1.5008893674160804,
          "cv": 1.0,
          "lambda": 0.225
        },
        "MS4_3": {
          "meanserv": 0.469931931768951,
          "stddevserv": 0.469931931768951,
          "rate": 2.127967759576859,
          "cv": 1.0,
          "lambda": 0.225
        },
        "MS4_4": {
          "meanserv": 3.540362226252301,
          "stddevserv": 3.540362226252301,
          "rate": 0.2824569736353118,
          "cv": 1.0,
          "lambda": 0.225
        },
        "MS4_5": {
          "meanserv": 0.4328158337579273,
          "stddevserv": 0.4328158337579273,
          "rate": 2.310451517721732,
          "cv": 1.0,
          "lambda": 0.225
        },
        "MS4_6": {
          "meanserv": 2.2988616316473296,
          "stddevserv": 2.2988616316473296,
          "rate": 0.43499790776159725,
          "cv": 1.0,
          "lambda": 0.225
        },
        "MS4_7": {
          "meanserv": 1.3108963270332552,
          "stddevserv": 1.3108963270332552,
          "rate": 0.7628368310888033,
          "cv": 1.0,
          "lambda": 0.225
        },
        "MS4_8": {
          "meanserv": 0.19455561644625163,
          "stddevserv": 0.19455561644625163,
          "rate": 5.139918437030895,
          "cv": 1.0,
          "lambda": 0.225
        },
        "MS4_9": {
          "meanserv": 0.24045903801992985,
          "stddevserv": 0.24045903801992985,
          "rate": 4.158712470259144,
          "cv": 1.0,
          "lambda": 0.225
        },
        "MS4_10": {
          "meanserv": 0.27946810073902917,
          "stddevserv": 0.27946810073902917,
          "rate": 3.578225913281647,
          "cv": 1.0,
          "lambda": 0.225
        }
      },
      "sensors": [
        "S4"
      ],
      "sources": [
        {
          "startTime": 0,
          "stopTime": -1,
          "lambda": 0.225
        }
      ]
    }
  },
  "microservice": {
    "MS1_1": "F1",
    "MS1_2": "F1",
    "MS1_3": "F15",
    "MS1_4": "F15",
    "MS1_5": "F15",
    "MS1_6": "F4",
    "MS1_7": "F5",
    "MS1_8": "F5",
    "MS1_9": "F5",
    "MS1_10": "F1",
    "MS2_1": "F14",
    "MS2_2": "F1",
    "MS2_3": "F1",
    "MS2_4": "F13",
    "MS2_5": "F13",
    "MS2_6": "F5",
    "MS2_7": "F5",
    "MS2_8": "F5",
    "MS2_9": "F2",
    "MS2_10": "F13",
    "MS3_1": "F12",
    "MS3_2": "F3",
    "MS3_3": "F9",
    "MS3_4": "F11",
    "MS3_5": "F11",
    "MS3_6": "F11",
    "MS3_7": "F11",
    "MS3_8": "F8",
    "MS3_9": "F8",
    "MS3_10": "F6",
    "MS4_1": "F6",
    "MS4_2": "F6",
    "MS4_3": "F6",
    "MS4_4": "F7",
    "MS4_5": "F9",
    "MS4_6": "F10",
    "MS4_7": "F12",
    "MS4_8": "F12",
    "MS4_9": "F6",
    "MS4_10": "F6"
  },
  "sensor": {
    "S1": "F1",
    "S2": "F14",
    "S3": "F12",
    "S4": "F6"
  },
  "fog": {
    "F1": {
      "rho": 0.555724131376852,
      "capacity": 1.0,
      "tserv": 0.49397700566831293,
      "stddev": 0.7174330874752723,
      "mu": 2.0243857275240513,
      "cv": 1.4523613027384554,
      "lambda": 1.125,
      "twait": 0.9606238117549286
    },
    "F2": {
      "rho": 0.7627434298535335,
      "capacity": 1.0,
      "tserv": 3.3899707993490376,
      "stddev": 3.3899707993490376,
      "mu": 0.2949877916919007,
      "cv": 1.0,
      "lambda": 0.225,
      "twait": 10.898235412416959
    },
    "F3": {
      "rho": 0.49203362148511953,
      "capacity": 1.0,
      "tserv": 2.1868160954894202,
      "stddev": 2.1868160954894207,
      "mu": 0.4572858239257632,
      "cv": 1.0000000000000002,
      "lambda": 0.225,
      "twait": 2.118224922939636
    },
    "F4": {
      "rho": 1.0524865681958724,
      "capacity": 1.0,
      "tserv": 4.677718080870544,
      "stddev": 4.677718080870544,
      "mu": 0.21377945030280568,
      "cv": 1.0,
      "lambda": 0.225,
      "twait": 4918.312214473293
    },
    "F5": {
      "rho": 0.5292405993821439,
      "capacity": 1.0,
      "tserv": 0.39203007361640285,
      "stddev": 0.5914294454864848,
      "mu": 2.550824712949163,
      "cv": 1.5086328455127451,
      "lambda": 1.35,
      "twait": 0.7219113366391674
    },
    "F6": {
      "rho": 0.6034042882882366,
      "capacity": 1.0,
      "tserv": 0.4469661394727678,
      "stddev": 0.494324536673522,
      "mu": 2.2373059426371307,
      "cv": 1.105955223491017,
      "lambda": 1.35,
      "twait": 0.7559119737985011
    },
    "F7": {
      "rho": 0.7965815009067677,
      "capacity": 1.0,
      "tserv": 3.540362226252301,
      "stddev": 3.540362226252301,
      "mu": 0.2824569736353118,
      "cv": 1.0,
      "lambda": 0.225,
      "twait": 13.863965512050672
    },
    "F8": {
      "rho": 0.5774802336629434,
      "capacity": 1.0,
      "tserv": 1.2832894081398742,
      "stddev": 1.5085331268900966,
      "mu": 0.7792474508532711,
      "cv": 1.1755205936568218,
      "lambda": 0.45,
      "twait": 2.088809678998386
    },
    "F9": {
      "rho": 0.535224018430789,
      "capacity": 1.0,
      "tserv": 1.1893867076239757,
      "stddev": 1.5998249012430932,
      "mu": 0.8407694432685301,
      "cv": 1.3450838915452865,
      "lambda": 0.45,
      "twait": 1.923868998857923
    },
    "F10": {
      "rho": 0.5172438671206492,
      "capacity": 1.0,
      "tserv": 2.2988616316473296,
      "stddev": 2.2988616316473296,
      "mu": 0.43499790776159725,
      "cv": 1.0,
      "lambda": 0.225,
      "twait": 2.4630905737777957
    },
    "F11": {
      "rho": 0.4940960126174154,
      "capacity": 1.0,
      "tserv": 0.548995569574906,
      "stddev": 0.8899018208249461,
      "mu": 1.821508324328213,
      "cv": 1.6209635744674733,
      "lambda": 0.9,
      "twait": 0.9725059221210046
    },
    "F12": {
      "rho": 0.4839364574880792,
      "capacity": 1.0,
      "tserv": 0.7169428999823394,
      "stddev": 0.9667131746821136,
      "mu": 1.3948112186125745,
      "cv": 1.3483823812271896,
      "lambda": 0.675,
      "twait": 0.9473305330770172
    },
    "F13": {
      "rho": 0.5880491440149453,
      "capacity": 1.0,
      "tserv": 0.8711839170591781,
      "stddev": 1.1231783062655665,
      "mu": 1.147863247264322,
      "cv": 1.2892550978868345,
      "lambda": 0.675,
      "twait": 1.6553326137887518
    },
    "F14": {
      "rho": 0.4494376239617388,
      "capacity": 1.0,
      "tserv": 1.9975005509410615,
      "stddev": 1.9975005509410615,
      "mu": 0.5006256441475726,
      "cv": 1.0,
      "lambda": 0.225,
      "twait": 1.6306088838421202
    },
    "F15": {
      "rho": 0.5623185032149142,
      "capacity": 1.0,
      "tserv": 0.8330644492072802,
      "stddev": 0.8542871832544459,
      "mu": 1.2003873181139477,
      "cv": 1.0254755008059229,
      "lambda": 0.675,
      "twait": 1.0979068231845501
    }
  },
  "extra": {
    "deltatime": 4.3891205,
    "conv": 5,
    "obj_func": 1260.8047094782478
  },
  "network": [
    [
      0.0,
      0.9330291824417123,
      1.0239756195119665,
      1.0855600273257746,
      0.589859860558294,
      0.8221665206788973,
      1.196767718685133,
      0.9172655889911441,
      0.7866273034480502,
      1.108524107361656,
      1.1189385257752484,
      1.0376091557935423,
      1.0872563424138417,
      1.0537766491843394,
      1.0537766491843394
    ],
    [
      0.9330291824417123,
      0.0,
      1.1652249294062214,
      0.9766185209747733,
      0.9319186940142709,
      1.2433910306919465,
      1.0417132683421388,
      0.7287340618546491,
      1.1018198675840942,
      0.8607628459346782,
      1.119195947606858,
      0.6965343406932628,
      1.0537766491843394,
      1.1213374225677697,
      1.1213374225677697
    ],
    [
      1.0239756195119665,
      1.1652249294062214,
      0.0,
      0.8806839317733653,
      1.2199610353082542,
      1.175346803837873,
      0.8742547096036346,
      0.8845340899280354,
      0.8180136153072207,
      1.0952693094368382,
      1.231005234434239,
      1.0872563424138417,
      1.1213374225677697,
      0.8826702385153106,
      0.8826702385153106
    ],
    [
      1.0855600273257746,
      0.9766185209747733,
      0.8806839317733653,
      0.0,
      0.7012890970088451,
      0.7930920442156679,
      1.3242979788684694,
      0.9333157355500343,
      0.9610615193706205,
      0.8656033338755799,
      1.0376091557935423,
      1.0537766491843394,
      0.8826702385153106,
      0.9438654826654653,
      0.9438654826654653
    ],
    [
      0.589859860558294,
      0.9319186940142709,
      1.2199610353082542,
      0.7012890970088451,
      0.0,
      0.9043687484703647,
      0.8716368723046214,
      1.065239524231795,
      0.9874867218466212,
      1.1189385257752484,
      0.6965343406932628,
      1.1213374225677697,
      0.9438654826654653,
      1.4940744131275285,
      1.4940744131275285
    ],
    [
      0.8221665206788973,
      1.2433910306919465,
      1.175346803837873,
      0.7930920442156679,
      0.9043687484703647,
      0.0,
      0.9558416955609804,
      0.5397495524055361,
      1.108524107361656,
      1.119195947606858,
      1.0872563424138417,
      0.8826702385153106,
      1.4940744131275285,
      0.8763814752372401,
      0.8763814752372401
    ],
    [
      1.196767718685133,
      1.0417132683421388,
      0.8742547096036346,
      1.3242979788684694,
      0.8716368723046214,
      0.9558416955609804,
      0.0,
      0.7866273034480502,
      0.8607628459346782,
      1.231005234434239,
      1.0537766491843394,
      0.9438654826654653,
      0.8763814752372401,
      1.0411270601300104,
      1.0411270601300104
    ],
    [
      0.9172655889911441,
      0.7287340618546491,
      0.8845340899280354,
      0.9333157355500343,
      1.065239524231795,
      0.5397495524055361,
      0.7866273034480502,
      0.0,
      1.0952693094368382,
      1.0376091557935423,
      1.1213374225677697,
      1.4940744131275285,
      1.0411270601300104,
      1.075342454020314,
      1.075342454020314
    ],
    [
      0.7866273034480502,
      1.1018198675840942,
      0.8180136153072207,
      0.9610615193706205,
      0.9874867218466212,
      1.108524107361656,
      0.8607628459346782,
      1.0952693094368382,
      0.0,
      0.6965343406932628,
      0.8826702385153106,
      0.8763814752372401,
      1.075342454020314,
      1.326906927641288,
      1.326906927641288
    ],
    [
      1.108524107361656,
      0.8607628459346782,
      1.0952693094368382,
      0.8656033338755799,
      1.1189385257752484,
      1.119195947606858,
      1.231005234434239,
      1.0376091557935423,
      0.6965343406932628,
      0.0,
      0.9438654826654653,
      1.0411270601300104,
      1.326906927641288,
      1.160820337533407,
      1.160820337533407
    ],
    [
      1.1189385257752484,
      1.119195947606858,
      1.231005234434239,
      1.0376091557935423,
      0.6965343406932628,
      1.0872563424138417,
      1.0537766491843394,
      1.1213374225677697,
      0.8826702385153106,
      0.9438654826654653,
      0.0,
      1.075342454020314,
      1.160820337533407,
      0.9668005424077591,
      0.9668005424077591
    ],
    [
      1.0376091557935423,
      0.6965343406932628,
      1.0872563424138417,
      1.0537766491843394,
      1.1213374225677697,
      0.8826702385153106,
      0.9438654826654653,
      1.4940744131275285,
      0.8763814752372401,
      1.0411270601300104,
      1.075342454020314,
      0.0,
      0.9668005424077591,
      1.3218130213309276,
      1.3218130213309276
    ],
    [
      1.0872563424138417,
      1.0537766491843394,
      1.1213374225677697,
      0.8826702385153106,
      0.9438654826654653,
      1.4940744131275285,
      0.8763814752372401,
      1.0411270601300104,
      1.075342454020314,
      1.326906927641288,
      1.160820337533407,
      0.9668005424077591,
      0.0,
      1.0756046652511524,
      1.0756046652511524
    ],
    [
      1.0537766491843394,
      1.1213374225677697,
      0.8826702385153106,
      0.9438654826654653,
      1.4940744131275285,
      0.8763814752372401,
      1.0411270601300104,
      1.075342454020314,
      1.326906927641288,
      1.160820337533407,
      0.9668005424077591,
      1.3218130213309276,
      1.0756046652511524,
      0.0,
      1.5034681518527668
    ],
    [
      1.0537766491843394,
      1.1213374225677697,
      0.8826702385153106,
      0.9438654826654653,
      1.4940744131275285,
      0.8763814752372401,
      1.0411270601300104,
      1.075342454020314,
      1.326906927641288,
      1.160820337533407,
      0.9668005424077591,
      1.3218130213309276,
      1.0756046652511524,
      1.5034681518527668,
      0.0
    ]
  ]
}