{
  "servicechain": {
    "SC1": {
      "resptime": 29.915048391940527,
      "resptime_old": 19.915048391940527,
      "waittime": 13.242836768601915,
      "servicetime": 10.0,
      "networktime": 6.672211623338612,
      "services": {
        "MS1_1": {
          "meanserv": 2.0114205697206264,
          "stddevserv": 2.0114205697206264,
          "rate": 0.49716106867640003,
          "cv": 1.0,
          "lambda": 0.3
        },
        "MS1_2": {
          "meanserv": 0.12363668664407657,
          "stddevserv": 0.12363668664407657,
          "rate": 8.088214163153571,
          "cv": 1.0,
          "lambda": 0.3
        },
        "MS1_3": {
          "meanserv": 1.6384195323586703,
          "stddevserv": 1.6384195323586703,
          "rate": 0.6103442862161189,
          "cv": 1.0,
          "lambda": 0.3
        },
        "MS1_4": {
          "meanserv": 1.3498912074919636,
          "stddevserv": 1.3498912074919636,
          "rate": 0.7408004396576184,
          "cv": 1.0,
          "lambda": 0.3
        },
        "MS1_5": {
          "meanserv": 0.566225335817923,
          "stddevserv": 0.566225335817923,
          "rate": 1.766081340312124,
          "cv": 1.0,
          "lambda": 0.3
        },
        "MS1_6": {
          "meanserv": 0.3037318826256943,
          "stddevserv": 0.3037318826256943,
          "rate": 3.2923774460396564,
          "cv": 1.0,
          "lambda": 0.3
        },
        "MS1_7": {
          "meanserv": 1.8400918010546041,
          "stddevserv": 1.8400918010546041,
          "rate": 0.5434511470715071,
          "cv": 1.0,
          "lambda": 0.3
        },
        "MS1_8": {
          "meanserv": 0.39651993964998145,
          "stddevserv": 0.39651993964998145,
          "rate": 2.5219412695430306,
          "cv": 1.0,
          "lambda": 0.3
        },
        "MS1_9": {
          "meanserv": 1.1757468093709136,
          "stddevserv": 1.1757468093709136,
          "rate": 0.850523252140529,
          "cv": 1.0,
          "lambda": 0.3
        },
        "MS1_10": {
          "meanserv": 0.5943162352655467,
          "stddevserv": 0.5943162352655467,
          "rate": 1.6826058933981327,
          "cv": 1.0,
          "lambda": 0.3
        }
      },
      "sensors": [
        "S1"
      ],
      "sources": [
        {
          "startTime": 0,
          "stopTime": -1,
          "lambda": 0.3
        }
      ]
    },
    "SC2": {
      "resptime": 46.884603032060255,
      "resptime_old": 36.88460303206026,
      "waittime": 31.482868412449807,
      "servicetime": 10.0,
      "networktime": 5.401734619610453,
      "services": {
        "MS2_1": {
          "meanserv": 0.026371590224012476,
          "stddevserv": 0.026371590224012476,
          "rate": 37.91959421125301,
          "cv": 1.0,
          "lambda": 0.3
        },
        "MS2_2": {
          "meanserv": 0.9097598790066574,
          "stddevserv": 0.9097598790066574,
          "rate": 1.0991911416140634,
          "cv": 1.0,
          "lambda": 0.3
        },
        "MS2_3": {
          "meanserv": 0.36256151874307196,
          "stddevserv": 0.36256151874307196,
          "rate": 2.7581526121878555,
          "cv": 1.0,
          "lambda": 0.3
        },
        "MS2_4": {
          "meanserv": 0.0795456836509334,
          "stddevserv": 0.0795456836509334,
          "rate": 12.571392363515955,
          "cv": 1.0,
          "lambda": 0.3
        },
        "MS2_5": {
          "meanserv": 1.1226056493713268,
          "stddevserv": 1.1226056493713268,
          "rate": 0.8907847564815058,
          "cv": 1.0,
          "lambda": 0.3
        },
        "MS2_6": {
          "meanserv": 2.8937381471955534,
          "stddevserv": 2.8937381471955534,
          "rate": 0.3455737696823547,
          "cv": 1.0,
          "lambda": 0.3
        },
        "MS2_7": {
          "meanserv": 1.8231420836330168,
          "stddevserv": 1.8231420836330168,
          "rate": 0.5485036020929741,
          "cv": 1.0,
          "lambda": 0.3
        },
        "MS2_8": {
          "meanserv": 0.327856760192331,
          "stddevserv": 0.327856760192331,
          "rate": 3.050112492459722,
          "cv": 1.0,
          "lambda": 0.3
        },
        "MS2_9": {
          "meanserv": 2.3484791884188727,
          "stddevserv": 2.3484791884188727,
          "rate": 0.4258074778483585,
          "cv": 1.0,
          "lambda": 0.3
        },
        "MS2_10": {
          "meanserv": 0.105939499564224,
          "stddevserv": 0.105939499564224,
          "rate": 9.439349856412784,
          "cv": 1.0,
          "lambda": 0.3
        }
      },
      "sensors": [
        "S2"
      ],
      "sources": [
        {
          "startTime": 0,
          "stopTime": -1,
          "lambda": 0.3
        }
      ]
    },
    "SC3": {
      "resptime": 57.11850298616606,
      "resptime_old": 47.11850298616606,
      "waittime": 41.69544360426848,
      "servicetime": 10.0,
      "networktime": 5.423059381897571,
      "services": {
        "MS3_1": {
          "meanserv": 0.03649445229490733,
          "stddevserv": 0.03649445229490733,
          "rate": 27.401425069189116,
          "cv": 1.0,
          "lambda": 0.3
        },
        "MS3_2": {
          "meanserv": 0.8274141063379647,
          "stddevserv": 0.8274141063379647,
          "rate": 1.2085846643658031,
          "cv": 1.0,
          "lambda": 0.3
        },
        "MS3_3": {
          "meanserv": 0.7692392187399877,
          "stddevserv": 0.7692392187399877,
          "rate": 1.2999857204862721,
          "cv": 1.0,
          "lambda": 0.3
        },
        "MS3_4": {
          "meanserv": 0.15710857703512326,
          "stddevserv": 0.15710857703512326,
          "rate": 6.365024869243387,
          "cv": 1.0,
          "lambda": 0.3
        },
        "MS3_5": {
          "meanserv": 2.9857835634607426,
          "stddevserv": 2.9857835634607426,
          "rate": 0.3349204584812325,
          "cv": 1.0,
          "lambda": 0.3
        },
        "MS3_6": {
          "meanserv": 0.20449638138732062,
          "stddevserv": 0.20449638138732062,
          "rate": 4.890062079416349,
          "cv": 1.0,
          "lambda": 0.3
        },
        "MS3_7": {
          "meanserv": 2.646932869501713,
          "stddevserv": 2.646932869501713,
          "rate": 0.3777957542943848,
          "cv": 1.0,
          "lambda": 0.3
        },
        "MS3_8": {
          "meanserv": 1.1388361684547448,
          "stddevserv": 1.1388361684547448,
          "rate": 0.8780894282246693,
          "cv": 1.0,
          "lambda": 0.3
        },
        "MS3_9": {
          "meanserv": 0.186548253695058,
          "stddevserv": 0.186548253695058,
          "rate": 5.3605433457160885,
          "cv": 1.0,
          "lambda": 0.3
        },
        "MS3_10": {
          "meanserv": 1.0471464090924378,
          "stddevserv": 1.0471464090924378,
          "rate": 0.9549762968357981,
          "cv": 1.0,
          "lambda": 0.3
        }
      },
      "sensors": [
        "S3"
      ],
      "sources": [
        {
          "startTime": 0,
          "stopTime": -1,
          "lambda": 0.3
        }
      ]
    },
    "SC4": {
      "resptime": 36.1547020920057,
      "resptime_old": 26.154702092005703,
      "waittime": 19.67835595414574,
      "servicetime": 10.0,
      "networktime": 6.476346137859962,
      "services": {
        "MS4_1": {
          "meanserv": 0.657015329932229,
          "stddevserv": 0.657015329932229,
          "rate": 1.522034501239339,
          "cv": 1.0,
          "lambda": 0.3
        },
        "MS4_2": {
          "meanserv": 0.8174432971235024,
          "stddevserv": 0.8174432971235024,
          "rate": 1.2233264417469634,
          "cv": 1.0,
          "lambda": 0.3
        },
        "MS4_3": {
          "meanserv": 2.586386789665398,
          "stddevserv": 2.586386789665398,
          "rate": 0.3866397725180813,
          "cv": 1.0,
          "lambda": 0.3
        },
        "MS4_4": {
          "meanserv": 0.52703906262491,
          "stddevserv": 0.52703906262491,
          "rate": 1.8973925671078635,
          "cv": 1.0,
          "lambda": 0.3
        },
        "MS4_5": {
          "meanserv": 2.0156336522245457,
          "stddevserv": 2.0156336522245457,
          "rate": 0.4961219013665277,
          "cv": 1.0,
          "lambda": 0.3
        },
        "MS4_6": {
          "meanserv": 0.0741314389214276,
          "stddevserv": 0.0741314389214276,
          "rate": 13.489553346723874,
          "cv": 1.0,
          "lambda": 0.3
        },
        "MS4_7": {
          "meanserv": 1.6461736093158175,
          "stddevserv": 1.6461736093158175,
          "rate": 0.6074693424441544,
          "cv": 1.0,
          "lambda": 0.3
        },
        "MS4_8": {
          "meanserv": 0.23697644815275964,
          "stddevserv": 0.23697644815275964,
          "rate": 4.219828627676032,
          "cv": 1.0,
          "lambda": 0.3
        },
        "MS4_9": {
          "meanserv": 0.3228291573480817,
          "stddevserv": 0.3228291573480817,
          "rate": 3.0976136363103577,
          "cv": 1.0,
          "lambda": 0.3
        },
        "MS4_10": {
          "meanserv": 1.1163712146913287,
          "stddevserv": 1.1163712146913287,
          "rate": 0.8957593915358121,
          "cv": 1.0,
          "lambda": 0.3
        }
      },
      "sensors": [
        "S4"
      ],
      "sources": [
        {
          "startTime": 0,
          "stopTime": -1,
          "lambda": 0.3
        }
      ]
    }
  },
  "microservice": {
    "MS1_1": "F1",
    "MS1_2": "F12",
    "MS1_3": "F4",
    "MS1_4": "F6",
    "MS1_5": "F6",
    "MS1_6": "F18",
    "MS1_7": "F9",
    "MS1_8": "F13",
    "MS1_9": "F13",
    "MS1_10": "F19",
    "MS2_1": "F12",
    "MS2_2": "F12",
    "MS2_3": "F12",
    "MS2_4": "F12",
    "MS2_5": "F2",
    "MS2_6": "F8",
    "MS2_7": "F3",
    "MS2_8": "F20",
    "MS2_9": "F11",
    "MS2_10": "F19",
    "MS3_1": "F18",
    "MS3_2": "F18",
    "MS3_3": "F16",
    "MS3_4": "F19",
    "MS3_5": "F10",
    "MS3_6": "F19",
    "MS3_7": "F7",
    "MS3_8": "F14",
    "MS3_9": "F20",
    "MS3_10": "F20",
    "MS4_1": "F14",
    "MS4_2": "F2",
    "MS4_3": "F5",
    "MS4_4": "F19",
    "MS4_5": "F15",
    "MS4_6": "F18",
    "MS4_7": "F17",
    "MS4_8": "F18",
    "MS4_9": "F18",
    "MS4_10": "F16"
  },
  "sensor": {
    "S1": "F1",
    "S2": "F12",
    "S3": "F18",
    "S4": "F14"
  },
  "fog": {
    "F1": {
      "rho": 0.6034261709161879,
      "capacity": 1.0,
      "tserv": 2.0114205697206264,
      "stddev": 2.0114205697206264,
      "mu": 0.49716106867640003,
      "cv": 1.0,
      "lambda": 0.3,
      "twait": 3.060574660946831
    },
    "F2": {
      "rho": 0.5820146839484488,
      "capacity": 1.0,
      "tserv": 0.9700244732474147,
      "stddev": 0.9937351303610217,
      "mu": 1.0309018252418254,
      "cv": 1.0244433596961005,
      "lambda": 0.6,
      "twait": 1.3841086616842202
    },
    "F3": {
      "rho": 0.546942625089905,
      "capacity": 1.0,
      "tserv": 1.8231420836330168,
      "stddev": 1.8231420836330168,
      "mu": 0.5485036020929741,
      "cv": 1.0,
      "lambda": 0.3,
      "twait": 2.20094445506377
    },
    "F4": {
      "rho": 0.4915258597076011,
      "capacity": 1.0,
      "tserv": 1.6384195323586703,
      "stddev": 1.6384195323586703,
      "mu": 0.6103442862161189,
      "cv": 1.0,
      "lambda": 0.3,
      "twait": 1.583808310765258
    },
    "F5": {
      "rho": 0.7759160368996193,
      "capacity": 1.0,
      "tserv": 2.586386789665398,
      "stddev": 2.5863867896653985,
      "mu": 0.3866397725180813,
      "cv": 1.0000000000000002,
      "lambda": 0.3,
      "twait": 8.955656442169092
    },
    "F6": {
      "rho": 0.574834962992966,
      "capacity": 1.0,
      "tserv": 0.9580582716549434,
      "stddev": 1.10677086657527,
      "mu": 1.043777846907586,
      "cv": 1.1552229121339785,
      "lambda": 0.6,
      "twait": 1.5119898508616878
    },
    "F7": {
      "rho": 0.7940798608505139,
      "capacity": 1.0,
      "tserv": 2.646932869501713,
      "stddev": 2.646932869501713,
      "mu": 0.3777957542943848,
      "cv": 1.0,
      "lambda": 0.3,
      "twait": 10.207239046049452
    },
    "F8": {
      "rho": 0.868121444158666,
      "capacity": 1.0,
      "tserv": 2.8937381471955534,
      "stddev": 2.8937381471955534,
      "mu": 0.3455737696823547,
      "cv": 1.0,
      "lambda": 0.3,
      "twait": 19.04870828569588
    },
    "F9": {
      "rho": 0.5520275403163812,
      "capacity": 1.0,
      "tserv": 1.8400918010546041,
      "stddev": 1.8400918010546041,
      "mu": 0.5434511470715071,
      "cv": 1.0,
      "lambda": 0.3,
      "twait": 2.26750847944963
    },
    "F10": {
      "rho": 0.8957350690382228,
      "capacity": 1.0,
      "tserv": 2.9857835634607426,
      "stddev": 2.9857835634607426,
      "mu": 0.3349204584812325,
      "cv": 1.0,
      "lambda": 0.3,
      "twait": 25.650724761234827
    },
    "F11": {
      "rho": 0.7045437565256617,
      "capacity": 1.0,
      "tserv": 2.3484791884188727,
      "stddev": 2.3484791884188727,
      "mu": 0.4258074778483585,
      "cv": 1.0,
      "lambda": 0.3,
      "twait": 5.600173921099352
    },
    "F12": {
      "rho": 0.4505626074806256,
      "capacity": 1.0,
      "tserv": 0.3003750716537504,
      "stddev": 0.5498581417015719,
      "mu": 3.3291710743317746,
      "cv": 1.8305718203386954,
      "lambda": 1.5,
      "twait": 0.5358697346749913
    },
    "F13": {
      "rho": 0.4716800247062685,
      "capacity": 1.0,
      "tserv": 0.7861333745104475,
      "stddev": 0.9600015311272815,
      "mu": 1.2720487800466869,
      "cv": 1.22116877651341,
      "lambda": 0.6,
      "twait": 0.8742478200431062
    },
    "F14": {
      "rho": 0.5387554495160921,
      "capacity": 1.0,
      "tserv": 0.8979257491934869,
      "stddev": 0.9603886251314906,
      "mu": 1.1136778301526555,
      "cv": 1.0695635201397304,
      "lambda": 0.6,
      "twait": 1.1243169987806378
    },
    "F15": {
      "rho": 0.6046900956673636,
      "capacity": 1.0,
      "tserv": 2.0156336522245457,
      "stddev": 2.0156336522245457,
      "mu": 0.4961219013665277,
      "cv": 1.0,
      "lambda": 0.3,
      "twait": 3.0832359438391954
    },
    "F16": {
      "rho": 0.565683130029395,
      "capacity": 1.0,
      "tserv": 0.9428052167156583,
      "stddev": 0.9742340519468822,
      "mu": 1.0606644747719838,
      "cv": 1.0333354490132214,
      "lambda": 0.6,
      "twait": 1.2695894115949249
    },
    "F17": {
      "rho": 0.49385208279474524,
      "capacity": 1.0,
      "tserv": 1.6461736093158175,
      "stddev": 1.6461736093158175,
      "mu": 0.6074693424441544,
      "cv": 1.0,
      "lambda": 0.3,
      "twait": 1.60618316892665
    },
    "F18": {
      "rho": 0.5404732457042506,
      "capacity": 1.0,
      "tserv": 0.30026291428013924,
      "stddev": 0.47384861292485636,
      "mu": 3.330414621457448,
      "cv": 1.5781123488422721,
      "lambda": 1.8,
      "twait": 0.6163325430977004
    },
    "F19": {
      "rho": 0.47666992676313735,
      "capacity": 1.0,
      "tserv": 0.3177799511754249,
      "stddev": 0.42719867516486787,
      "mu": 3.1468316245286583,
      "cv": 1.3443223009655516,
      "lambda": 1.5,
      "twait": 0.406267697857917
    },
    "F20": {
      "rho": 0.468465426893948,
      "capacity": 1.0,
      "tserv": 0.5205171409932756,
      "stddev": 0.7449379245431368,
      "mu": 1.9211663195024709,
      "cv": 1.4311496507523473,
      "lambda": 0.8999999999999999,
      "twait": 0.699186452348702
    }
  },
  "extra": {
    "conv_gen": 65,
    "max_gen": 600,
    "population": 600,
    "deltatime": 78.1397933,
    "obj_func": 42.51821412554313
  },
  "network": [
    [
      0.0,
      1.1446663359551323,
      1.5809372632059109,
      1.1561008543160207,
      1.2079980307681555,
      0.9798013573985952,
      1.0223399384412832,
      1.1112276655411382,
      0.8290741307051708,
      0.9099090694780536,
      1.0390669075177228,
      0.9660478785260996,
      1.089614785495587,
      1.140444449066229,
      1.0140438063681627,
      0.7425439701096122,
      1.0557915646178542,
      1.3016960329513039,
      1.15427674240258,
      1.15427674240258
    ],
    [
      1.1446663359551323,
      0.0,
      0.8261914164066148,
      0.9435527220667544,
      0.8700384050507035,
      0.7664593178575746,
      1.0303943343325106,
      0.8113315958455861,
      1.0977504735200385,
      0.8129006712282859,
      0.8572837826989766,
      1.0869198718753408,
      0.9956536976470706,
      0.9986785613804922,
      0.6575406750548894,
      0.7856001654241184,
      0.6453868779201487,
      1.15427674240258,
      0.9137019478338578,
      0.9137019478338578
    ],
    [
      1.5809372632059109,
      0.8261914164066148,
      0.0,
      0.8149485478234302,
      1.048182669088604,
      0.7778894515805412,
      0.8474878298848934,
      0.6853750287061491,
      1.1914686637336822,
      1.276562343115582,
      1.1629754444005864,
      1.0378313901171863,
      1.1288862291629458,
      1.3588176791831594,
      0.8182414725456388,
      1.1013218790983765,
      1.3016960329513039,
      0.9137019478338578,
      1.0225773654199048,
      1.0225773654199048
    ],
    [
      1.1561008543160207,
      0.9435527220667544,
      0.8149485478234302,
      0.0,
      1.2381653940037338,
      0.9726405501408452,
      0.952831213106034,
      1.3060703770204098,
      1.2285764461777546,
      0.7879877492406866,
      0.7622791615630707,
      0.890991389737492,
      1.0150886701426962,
      0.7599107332045005,
      0.8960795470224601,
      1.0557915646178542,
      1.15427674240258,
      1.0225773654199048,
      0.9237424345702145,
      0.9237424345702145
    ],
    [
      1.2079980307681555,
      0.8700384050507035,
      1.048182669088604,
      1.2381653940037338,
      0.0,
      1.1808058417952774,
      1.1579576562672185,
      1.0143869596334474,
      0.9862983308644862,
      0.8372652311826846,
      1.1351852719269786,
      1.1660097139568788,
      1.3252649761483304,
      1.1200785869416856,
      0.7425439701096122,
      0.6453868779201487,
      0.9137019478338578,
      0.9237424345702145,
      0.7145919777322509,
      0.7145919777322509
    ],
    [
      0.9798013573985952,
      0.7664593178575746,
      0.7778894515805412,
      0.9726405501408452,
      1.1808058417952774,
      0.0,
      0.7284737224374501,
      1.1049329499940266,
      1.435033544065691,
      1.1895515336029485,
      0.5442064062988181,
      0.9660259228696775,
      0.7212918348976892,
      1.0140438063681627,
      0.7856001654241184,
      1.3016960329513039,
      1.0225773654199048,
      0.7145919777322509,
      0.969572491198276,
      0.969572491198276
    ],
    [
      1.0223399384412832,
      1.0303943343325106,
      0.8474878298848934,
      0.952831213106034,
      1.1579576562672185,
      0.7284737224374501,
      0.0,
      0.9397236579517223,
      1.1528122788281927,
      0.9361222107311078,
      1.3036466144688479,
      0.8624217574691204,
      1.140444449066229,
      0.6575406750548894,
      1.1013218790983765,
      1.15427674240258,
      0.9237424345702145,
      0.969572491198276,
      0.7915505112481395,
      0.7915505112481395
    ],
    [
      1.1112276655411382,
      0.8113315958455861,
      0.6853750287061491,
      1.3060703770204098,
      1.0143869596334474,
      1.1049329499940266,
      0.9397236579517223,
      0.0,
      1.1129844718197481,
      1.2089459444516124,
      1.0416651771403191,
      1.089614785495587,
      0.9986785613804922,
      0.8182414725456388,
      1.0557915646178542,
      0.9137019478338578,
      0.7145919777322509,
      0.7915505112481395,
      0.8821000486658387,
      0.8821000486658387
    ],
    [
      0.8290741307051708,
      1.0977504735200385,
      1.1914686637336822,
      1.2285764461777546,
      0.9862983308644862,
      1.435033544065691,
      1.1528122788281927,
      1.1129844718197481,
      0.0,
      1.0420989377316134,
      0.9660478785260996,
      0.9956536976470706,
      1.3588176791831594,
      0.8960795470224601,
      0.6453868779201487,
      1.0225773654199048,
      0.969572491198276,
      0.8821000486658387,
      1.191879753712757,
      1.191879753712757
    ],
    [
      0.9099090694780536,
      0.8129006712282859,
      1.276562343115582,
      0.7879877492406866,
      0.8372652311826846,
      1.1895515336029485,
      0.9361222107311078,
      1.2089459444516124,
      1.0420989377316134,
      0.0,
      1.0869198718753408,
      1.1288862291629458,
      0.7599107332045005,
      0.7425439701096122,
      1.3016960329513039,
      0.9237424345702145,
      0.7915505112481395,
      1.191879753712757,
      0.8210703600612353,
      0.8210703600612353
    ],
    [
      1.0390669075177228,
      0.8572837826989766,
      1.1629754444005864,
      0.7622791615630707,
      1.1351852719269786,
      0.5442064062988181,
      1.3036466144688479,
      1.0416651771403191,
      0.9660478785260996,
      1.0869198718753408,
      0.0,
      1.0150886701426962,
      1.1200785869416856,
      0.7856001654241184,
      1.15427674240258,
      0.7145919777322509,
      0.8821000486658387,
      0.8210703600612353,
      0.8977653788817359,
      0.8977653788817359
    ],
    [
      0.9660478785260996,
      1.0869198718753408,
      1.0378313901171863,
      0.890991389737492,
      1.1660097139568788,
      0.9660259228696775,
      0.8624217574691204,
      1.089614785495587,
      0.9956536976470706,
      1.1288862291629458,
      1.0150886701426962,
      0.0,
      1.0140438063681627,
      1.1013218790983765,
      0.9137019478338578,
      0.969572491198276,
      1.191879753712757,
      0.8977653788817359,
      0.9886938679270474,
      0.9886938679270474
    ],
    [
      1.089614785495587,
      0.9956536976470706,
      1.1288862291629458,
      1.0150886701426962,
      1.3252649761483304,
      0.7212918348976892,
      1.140444449066229,
      0.9986785613804922,
      1.3588176791831594,
      0.7599107332045005,
      1.1200785869416856,
      1.0140438063681627,
      0.0,
      1.0557915646178542,
      1.0225773654199048,
      0.7915505112481395,
      0.8210703600612353,
      0.9886938679270474,
      0.887022099352926,
      0.887022099352926
    ],
    [
      1.140444449066229,
      0.9986785613804922,
      1.3588176791831594,
      0.7599107332045005,
      1.1200785869416856,
      1.0140438063681627,
      0.6575406750548894,
      0.8182414725456388,
      0.8960795470224601,
      0.7425439701096122,
      0.7856001654241184,
      1.1013218790983765,
      1.0557915646178542,
      0.0,
      0.9237424345702145,
      0.8821000486658387,
      0.8977653788817359,
      0.887022099352926,
      0.770617757247627,
      0.770617757247627
    ],
    [
      1.0140438063681627,
      0.6575406750548894,
      0.8182414725456388,
      0.8960795470224601,
      0.7425439701096122,
      0.7856001654241184,
      1.1013218790983765,
      1.0557915646178542,
      0.6453868779201487,
      1.3016960329513039,
      1.15427674240258,
      0.9137019478338578,
      1.0225773654199048,
      0.9237424345702145,
      0.0,
      1.191879753712757,
      0.9886938679270474,
      0.770617757247627,
      0.842045281949079,
      0.842045281949079
    ],
    [
      0.7425439701096122,
      0.7856001654241184,
      1.1013218790983765,
      1.0557915646178542,
      0.6453868779201487,
      1.3016960329513039,
      1.15427674240258,
      0.9137019478338578,
      1.0225773654199048,
      0.9237424345702145,
      0.7145919777322509,
      0.969572491198276,
      0.7915505112481395,
      0.8821000486658387,
      1.191879753712757,
      0.0,
      0.887022099352926,
      0.842045281949079,
      0.7191644362753651,
      0.7191644362753651
    ],
    [
      1.0557915646178542,
      0.6453868779201487,
      1.3016960329513039,
      1.15427674240258,
      0.9137019478338578,
      1.0225773654199048,
      0.9237424345702145,
      0.7145919777322509,
      0.969572491198276,
      0.7915505112481395,
      0.8821000486658387,
      1.191879753712757,
      0.8210703600612353,
      0.8977653788817359,
      0.9886938679270474,
      0.887022099352926,
      0.0,
      0.7191644362753651,
      1.0239156343741715,
      1.0239156343741715
    ],
    [
      1.3016960329513039,
      1.15427674240258,
      0.9137019478338578,
      1.0225773654199048,
      0.9237424345702145,
      0.7145919777322509,
      0.969572491198276,
      0.7915505112481395,
      0.8821000486658387,
      1.191879753712757,
      0.8210703600612353,
      0.8977653788817359,
      0.9886938679270474,
      0.887022099352926,
      0.770617757247627,
      0.842045281949079,
      0.7191644362753651,
      0.0,
      1.0046555885785085,
      1.0046555885785085
    ],
    [
      1.15427674240258,
      0.9137019478338578,
      1.0225773654199048,
      0.9237424345702145,
      0.7145919777322509,
      0.969572491198276,
      0.7915505112481395,
      0.8821000486658387,
      1.191879753712757,
      0.8210703600612353,
      0.8977653788817359,
      0.9886938679270474,
      0.887022099352926,
      0.770617757247627,
      0.842045281949079,
      0.7191644362753651,
      1.0239156343741715,
      1.0046555885785085,
      0.0,
      0.7199532452092839
    ],
    [
      1.15427674240258,
      0.9137019478338578,
      1.0225773654199048,
      0.9237424345702145,
      0.7145919777322509,
      0.969572491198276,
      0.7915505112481395,
      0.8821000486658387,
      1.191879753712757,
      0.8210703600612353,
      0.8977653788817359,
      0.9886938679270474,
      0.887022099352926,
      0.770617757247627,
      0.842045281949079,
      0.7191644362753651,
      1.0239156343741715,
      1.0046555885785085,
      0.7199532452092839,
      0.0
    ]
  ]
}