{
  "servicechain": {
    "SC1": {
      "resptime": 16.01596377028317,
      "resptime_old": 6.01596377028317,
      "waittime": 2.1572258923889436,
      "servicetime": 10.0,
      "networktime": 3.8587378778942267,
      "services": {
        "MS1_1": {
          "meanserv": 0.14382793615715594,
          "stddevserv": 0.14382793615715594,
          "rate": 6.952752203211299,
          "cv": 1.0,
          "lambda": 0.025
        },
        "MS1_2": {
          "meanserv": 2.1501412550609063,
          "stddevserv": 2.1501412550609063,
          "rate": 0.4650857229245961,
          "cv": 1.0,
          "lambda": 0.025
        },
        "MS1_3": {
          "meanserv": 6.867996871001953,
          "stddevserv": 6.867996871001953,
          "rate": 0.14560286190900854,
          "cv": 1.0,
          "lambda": 0.025
        },
        "MS1_4": {
          "meanserv": 0.04174685180802662,
          "stddevserv": 0.04174685180802662,
          "rate": 23.95390207143072,
          "cv": 1.0,
          "lambda": 0.025
        },
        "MS1_5": {
          "meanserv": 0.796287085971958,
          "stddevserv": 0.796287085971958,
          "rate": 1.2558284789704803,
          "cv": 1.0,
          "lambda": 0.025
        }
      },
      "sensors": [
        "S1"
      ],
      "sources": [
        {
          "startTime": 0,
          "stopTime": -1,
          "lambda": 0.025
        }
      ]
    },
    "SC2": {
      "resptime": 13.864574139318098,
      "resptime_old": 3.864574139318097,
      "waittime": 1.7072088682164477,
      "servicetime": 10.0,
      "networktime": 2.157365271101649,
      "services": {
        "MS2_1": {
          "meanserv": 2.875529936615143,
          "stddevserv": 2.875529936615143,
          "rate": 0.347761985457583,
          "cv": 1.0,
          "lambda": 0.025
        },
        "MS2_2": {
          "meanserv": 2.9046242144678347,
          "stddevserv": 2.9046242144678347,
          "rate": 0.34427861443109714,
          "cv": 1.0,
          "lambda": 0.025
        },
        "MS2_3": {
          "meanserv": 0.2804892398704162,
          "stddevserv": 0.2804892398704162,
          "rate": 3.565199151532487,
          "cv": 1.0,
          "lambda": 0.025
        },
        "MS2_4": {
          "meanserv": 2.1087227317428647,
          "stddevserv": 2.1087227317428647,
          "rate": 0.4742207142489034,
          "cv": 1.0,
          "lambda": 0.025
        },
        "MS2_5": {
          "meanserv": 1.8306338773037414,
          "stddevserv": 1.8306338773037414,
          "rate": 0.5462588737147458,
          "cv": 1.0,
          "lambda": 0.025
        }
      },
      "sensors": [
        "S2"
      ],
      "sources": [
        {
          "startTime": 0,
          "stopTime": -1,
          "lambda": 0.025
        }
      ]
    },
    "SC3": {
      "resptime": 13.285029671744907,
      "resptime_old": 3.2850296717449066,
      "waittime": 1.8426196582877687,
      "servicetime": 10.0,
      "networktime": 1.4424100134571378,
      "services": {
        "MS3_1": {
          "meanserv": 3.1280678529804695,
          "stddevserv": 3.1280678529804695,
          "rate": 0.3196861599556369,
          "cv": 1.0,
          "lambda": 0.025
        },
        "MS3_2": {
          "meanserv": 1.511747666256428,
          "stddevserv": 1.511747666256428,
          "rate": 0.6614860550612396,
          "cv": 1.0,
          "lambda": 0.025
        },
        "MS3_3": {
          "meanserv": 2.7160285115133886,
          "stddevserv": 2.7160285115133886,
          "rate": 0.36818464745894497,
          "cv": 1.0,
          "lambda": 0.025
        },
        "MS3_4": {
          "meanserv": 2.4446975202093695,
          "stddevserv": 2.4446975202093695,
          "rate": 0.4090485598866062,
          "cv": 1.0,
          "lambda": 0.025
        },
        "MS3_5": {
          "meanserv": 0.19945844904034438,
          "stddevserv": 0.19945844904034438,
          "rate": 5.01357553320657,
          "cv": 1.0,
          "lambda": 0.025
        }
      },
      "sensors": [
        "S3"
      ],
      "sources": [
        {
          "startTime": 0,
          "stopTime": -1,
          "lambda": 0.025
        }
      ]
    },
    "SC4": {
      "resptime": 13.276567345213808,
      "resptime_old": 3.2765673452138073,
      "waittime": 1.689642867275516,
      "servicetime": 10.0,
      "networktime": 1.5869244779382914,
      "services": {
        "MS4_1": {
          "meanserv": 0.3142941090558271,
          "stddevserv": 0.3142941090558271,
          "rate": 3.181733195713105,
          "cv": 1.0,
          "lambda": 0.025
        },
        "MS4_2": {
          "meanserv": 1.6980074917716748,
          "stddevserv": 1.6980074917716748,
          "rate": 0.5889255523582028,
          "cv": 1.0,
          "lambda": 0.025
        },
        "MS4_3": {
          "meanserv": 1.7912741186405188,
          "stddevserv": 1.7912741186405188,
          "rate": 0.5582618481413367,
          "cv": 1.0,
          "lambda": 0.025
        },
        "MS4_4": {
          "meanserv": 0.40899069863297566,
          "stddevserv": 0.40899069863297566,
          "rate": 2.4450433795742392,
          "cv": 1.0,
          "lambda": 0.025
        },
        "MS4_5": {
          "meanserv": 5.787433581899004,
          "stddevserv": 5.787433581899004,
          "rate": 0.17278816004517752,
          "cv": 1.0,
          "lambda": 0.025
        }
      },
      "sensors": [
        "S4"
      ],
      "sources": [
        {
          "startTime": 0,
          "stopTime": -1,
          "lambda": 0.025
        }
      ]
    }
  },
  "microservice": {
    "MS1_1": "F2",
    "MS1_2": "F2",
    "MS1_3": "F6",
    "MS1_4": "F4",
    "MS1_5": "F4",
    "MS2_1": "F8",
    "MS2_2": "F8",
    "MS2_3": "F4",
    "MS2_4": "F4",
    "MS2_5": "F4",
    "MS3_1": "F10",
    "MS3_2": "F10",
    "MS3_3": "F9",
    "MS3_4": "F9",
    "MS3_5": "F9",
    "MS4_1": "F1",
    "MS4_2": "F1",
    "MS4_3": "F1",
    "MS4_4": "F1",
    "MS4_5": "F7"
  },
  "sensor": {
    "S1": "F2",
    "S2": "F8",
    "S3": "F10",
    "S4": "F1"
  },
  "fog": {
    "F1": {
      "rho": 0.10531416045252491,
      "capacity": 1.0,
      "tserv": 1.053141604525249,
      "stddev": 1.4387029072076618,
      "mu": 0.9495399248335602,
      "cv": 1.3661058503677876,
      "lambda": 0.1,
      "twait": 0.1776586346777151
    },
    "F2": {
      "rho": 0.057349229780451566,
      "capacity": 1.0,
      "tserv": 1.1469845956090312,
      "stddev": 1.8243410397646882,
      "mu": 0.8718512906173909,
      "cv": 1.5905540900451163,
      "lambda": 0.05,
      "twait": 0.12315785544981184
    },
    "F3": {
      "rho": 0,
      "capacity": 1.0,
      "tserv": 0,
      "stddev": 0,
      "mu": 0,
      "cv": 0,
      "lambda": 0.0,
      "twait": 0
    },
    "F4": {
      "rho": 0.12644699466742518,
      "capacity": 1.0,
      "tserv": 1.0115759573394014,
      "stddev": 1.5432702025294314,
      "mu": 0.9885565119896207,
      "cv": 1.5256098084700103,
      "lambda": 0.125,
      "twait": 0.24361492767874715
    },
    "F5": {
      "rho": 0,
      "capacity": 1.0,
      "tserv": 0,
      "stddev": 0,
      "mu": 0,
      "cv": 0,
      "lambda": 0.0,
      "twait": 0
    },
    "F6": {
      "rho": 0.17169992177504884,
      "capacity": 1.0,
      "tserv": 6.867996871001953,
      "stddev": 6.867996871001952,
      "mu": 0.14560286190900854,
      "cv": 0.9999999999999999,
      "lambda": 0.025,
      "twait": 1.4236803261318256
    },
    "F7": {
      "rho": 0.14468583954747508,
      "capacity": 1.0,
      "tserv": 5.787433581899004,
      "stddev": 5.787433581899004,
      "mu": 0.17278816004517752,
      "cv": 1.0,
      "lambda": 0.025,
      "twait": 0.9790083285646556
    },
    "F8": {
      "rho": 0.14450385377707445,
      "capacity": 1.0,
      "tserv": 2.890077075541489,
      "stddev": 2.890150297315406,
      "mu": 0.34601153320889844,
      "cv": 1.0000253355782573,
      "lambda": 0.05,
      "twait": 0.4881820425901031
    },
    "F9": {
      "rho": 0.13400461201907757,
      "capacity": 1.0,
      "tserv": 1.786728160254367,
      "stddev": 2.395070525836504,
      "mu": 0.5596822293647822,
      "cv": 1.340478411386056,
      "lambda": 0.07500000000000001,
      "twait": 0.3866400647003246
    },
    "F10": {
      "rho": 0.11599538798092242,
      "capacity": 1.0,
      "tserv": 2.3199077596184483,
      "stddev": 2.5861588284836086,
      "mu": 0.4310516208474032,
      "cv": 1.114767954786681,
      "lambda": 0.05,
      "twait": 0.34134973209339753
    }
  },
  "extra": {
    "deltatime": 0.4709568,
    "conv": 10,
    "obj_func": 14.110533731639995
  },
  "network": [
    [
      0.0,
      1.6283977254765132,
      1.8458939448459886,
      1.6991174302002536,
      1.9798729764072318,
      2.4132643572793238,
      1.5869244779382914,
      1.9470723978428033,
      1.8537184589213884,
      1.8537184589213884
    ],
    [
      1.6283977254765132,
      0.0,
      2.5603568584278613,
      2.35561428445613,
      2.2637230756215385,
      2.2718133999559353,
      2.163519313571387,
      1.8537184589213884,
      1.7472940030659863,
      1.7472940030659863
    ],
    [
      1.8458939448459886,
      2.5603568584278613,
      0.0,
      2.169738423552247,
      2.2656139383089076,
      2.547301429697076,
      1.9470723978428033,
      1.7472940030659863,
      2.157365271101649,
      2.157365271101649
    ],
    [
      1.6991174302002536,
      2.35561428445613,
      2.169738423552247,
      0.0,
      2.5395896203614194,
      1.5869244779382914,
      1.8537184589213884,
      2.157365271101649,
      2.212420057084577,
      2.212420057084577
    ],
    [
      1.9798729764072318,
      2.2637230756215385,
      2.2656139383089076,
      2.5395896203614194,
      0.0,
      2.163519313571387,
      1.7472940030659863,
      2.212420057084577,
      2.035469549271422,
      2.035469549271422
    ],
    [
      2.4132643572793238,
      2.2718133999559353,
      2.547301429697076,
      1.5869244779382914,
      2.163519313571387,
      0.0,
      2.157365271101649,
      2.035469549271422,
      2.0149434898910457,
      2.0149434898910457
    ],
    [
      1.5869244779382914,
      2.163519313571387,
      1.9470723978428033,
      1.8537184589213884,
      1.7472940030659863,
      2.157365271101649,
      0.0,
      2.0149434898910457,
      1.2890993078384072,
      1.2890993078384072
    ],
    [
      1.9470723978428033,
      1.8537184589213884,
      1.7472940030659863,
      2.157365271101649,
      2.212420057084577,
      2.035469549271422,
      2.0149434898910457,
      0.0,
      1.2191076105796135,
      1.2191076105796135
    ],
    [
      1.8537184589213884,
      1.7472940030659863,
      2.157365271101649,
      2.212420057084577,
      2.035469549271422,
      2.0149434898910457,
      1.2890993078384072,
      1.2191076105796135,
      0.0,
      1.4424100134571378
    ],
    [
      1.8537184589213884,
      1.7472940030659863,
      2.157365271101649,
      2.212420057084577,
      2.035469549271422,
      2.0149434898910457,
      1.2890993078384072,
      1.2191076105796135,
      1.4424100134571378,
      0.0
    ]
  ]
}