{
  "servicechain": {
    "SC1": {
      "resptime": 20.236058429406622,
      "resptime_old": 10.23605842940662,
      "waittime": 7.309326100901909,
      "servicetime": 10.0,
      "networktime": 2.9267323285047127,
      "services": {
        "MS1_1": {
          "meanserv": 1.520965930244249,
          "stddevserv": 1.520965930244249,
          "rate": 0.6574769231283253,
          "cv": 1.0,
          "lambda": 0.1
        },
        "MS1_2": {
          "meanserv": 2.8492649161724524,
          "stddevserv": 2.8492649161724524,
          "rate": 0.3509677160322971,
          "cv": 1.0,
          "lambda": 0.1
        },
        "MS1_3": {
          "meanserv": 4.021095352418222,
          "stddevserv": 4.021095352418222,
          "rate": 0.24868845733753023,
          "cv": 1.0,
          "lambda": 0.1
        },
        "MS1_4": {
          "meanserv": 0.11497629937505671,
          "stddevserv": 0.11497629937505671,
          "rate": 8.697444651075132,
          "cv": 1.0,
          "lambda": 0.1
        },
        "MS1_5": {
          "meanserv": 1.4936975017900203,
          "stddevserv": 1.4936975017900203,
          "rate": 0.6694795959701465,
          "cv": 1.0,
          "lambda": 0.1
        }
      },
      "sensors": [
        "S1"
      ],
      "sources": [
        {
          "startTime": 0,
          "stopTime": -1,
          "lambda": 0.1
        }
      ]
    },
    "SC2": {
      "resptime": 22.866246375390546,
      "resptime_old": 12.866246375390547,
      "waittime": 9.32914438453542,
      "servicetime": 10.0,
      "networktime": 3.5371019908551267,
      "services": {
        "MS2_1": {
          "meanserv": 1.9885352840698378,
          "stddevserv": 1.9885352840698378,
          "rate": 0.5028827036718951,
          "cv": 1.0,
          "lambda": 0.1
        },
        "MS2_2": {
          "meanserv": 0.34172016752367607,
          "stddevserv": 0.34172016752367607,
          "rate": 2.9263710340734135,
          "cv": 1.0,
          "lambda": 0.1
        },
        "MS2_3": {
          "meanserv": 1.3898620139868343,
          "stddevserv": 1.3898620139868343,
          "rate": 0.7194958851573252,
          "cv": 1.0,
          "lambda": 0.1
        },
        "MS2_4": {
          "meanserv": 5.310010453830753,
          "stddevserv": 5.310010453830753,
          "rate": 0.18832354638371362,
          "cv": 1.0,
          "lambda": 0.1
        },
        "MS2_5": {
          "meanserv": 0.9698720805888996,
          "stddevserv": 0.9698720805888996,
          "rate": 1.0310638072938514,
          "cv": 1.0,
          "lambda": 0.1
        }
      },
      "sensors": [
        "S2"
      ],
      "sources": [
        {
          "startTime": 0,
          "stopTime": -1,
          "lambda": 0.1
        }
      ]
    },
    "SC3": {
      "resptime": 25.511799314315475,
      "resptime_old": 15.511799314315471,
      "waittime": 11.865434215175211,
      "servicetime": 10.0,
      "networktime": 3.6463650991402603,
      "services": {
        "MS3_1": {
          "meanserv": 0.19275067190201778,
          "stddevserv": 0.19275067190201778,
          "rate": 5.188049359995676,
          "cv": 1.0,
          "lambda": 0.1
        },
        "MS3_2": {
          "meanserv": 0.054317932442509154,
          "stddevserv": 0.054317932442509154,
          "rate": 18.41012636219933,
          "cv": 1.0,
          "lambda": 0.1
        },
        "MS3_3": {
          "meanserv": 5.310561303712,
          "stddevserv": 5.310561303712,
          "rate": 0.1883040121015109,
          "cv": 1.0,
          "lambda": 0.1
        },
        "MS3_4": {
          "meanserv": 3.6166300413460126,
          "stddevserv": 3.6166300413460126,
          "rate": 0.2765004959223938,
          "cv": 1.0,
          "lambda": 0.1
        },
        "MS3_5": {
          "meanserv": 0.8257400505974601,
          "stddevserv": 0.8257400505974601,
          "rate": 1.2110348762621541,
          "cv": 1.0,
          "lambda": 0.1
        }
      },
      "sensors": [
        "S3"
      ],
      "sources": [
        {
          "startTime": 0,
          "stopTime": -1,
          "lambda": 0.1
        }
      ]
    },
    "SC4": {
      "resptime": 20.613873513461353,
      "resptime_old": 10.61387351346135,
      "waittime": 5.612020559966863,
      "servicetime": 10.0,
      "networktime": 5.00185295349449,
      "services": {
        "MS4_1": {
          "meanserv": 3.565003952334024,
          "stddevserv": 3.565003952334024,
          "rate": 0.280504597854736,
          "cv": 1.0,
          "lambda": 0.1
        },
        "MS4_2": {
          "meanserv": 0.5967779475998221,
          "stddevserv": 0.5967779475998221,
          "rate": 1.6756651347823668,
          "cv": 1.0,
          "lambda": 0.1
        },
        "MS4_3": {
          "meanserv": 3.859140668729504,
          "stddevserv": 3.859140668729504,
          "rate": 0.25912504514359086,
          "cv": 1.0,
          "lambda": 0.1
        },
        "MS4_4": {
          "meanserv": 0.4046121876666451,
          "stddevserv": 0.4046121876666451,
          "rate": 2.4715024175788978,
          "cv": 1.0,
          "lambda": 0.1
        },
        "MS4_5": {
          "meanserv": 1.574465243670005,
          "stddevserv": 1.574465243670005,
          "rate": 0.635136281363091,
          "cv": 1.0,
          "lambda": 0.1
        }
      },
      "sensors": [
        "S4"
      ],
      "sources": [
        {
          "startTime": 0,
          "stopTime": -1,
          "lambda": 0.1
        }
      ]
    }
  },
  "microservice": {
    "MS1_1": "F2",
    "MS1_2": "F2",
    "MS1_3": "F5",
    "MS1_4": "F3",
    "MS1_5": "F3",
    "MS2_1": "F1",
    "MS2_2": "F1",
    "MS2_3": "F1",
    "MS2_4": "F7",
    "MS2_5": "F3",
    "MS3_1": "F3",
    "MS3_2": "F3",
    "MS3_3": "F4",
    "MS3_4": "F10",
    "MS3_5": "F10",
    "MS4_1": "F8",
    "MS4_2": "F9",
    "MS4_3": "F6",
    "MS4_4": "F9",
    "MS4_5": "F9"
  },
  "sensor": {
    "S1": "F2",
    "S2": "F1",
    "S3": "F3",
    "S4": "F8"
  },
  "fog": {
    "F1": {
      "rho": 0.3720117465580348,
      "capacity": 1.0,
      "tserv": 1.2400391551934493,
      "stddev": 1.56975921873119,
      "mu": 0.8064261485710889,
      "cv": 1.265894880945355,
      "lambda": 0.30000000000000004,
      "twait": 0.9558716479019935
    },
    "F2": {
      "rho": 0.43702308464167017,
      "capacity": 1.0,
      "tserv": 2.1851154232083507,
      "stddev": 2.3784277392327806,
      "mu": 0.45764172884365295,
      "cv": 1.0884677825121907,
      "lambda": 0.2,
      "twait": 1.8529441685642323
    },
    "F3": {
      "rho": 0.28256144860985033,
      "capacity": 1.0,
      "tserv": 0.5651228972197007,
      "stddev": 0.9852303620729741,
      "mu": 1.7695266019476712,
      "cv": 1.7433913347346637,
      "lambda": 0.5,
      "twait": 0.44953074824762757
    },
    "F4": {
      "rho": 0.5310561303712,
      "capacity": 1.0,
      "tserv": 5.310561303712,
      "stddev": 5.310561303712,
      "mu": 0.1883040121015109,
      "cv": 1.0,
      "lambda": 0.1,
      "twait": 6.013952455078919
    },
    "F5": {
      "rho": 0.4021095352418222,
      "capacity": 1.0,
      "tserv": 4.021095352418222,
      "stddev": 4.021095352418222,
      "mu": 0.24868845733753023,
      "cv": 1.0,
      "lambda": 0.1,
      "twait": 2.704376267278189
    },
    "F6": {
      "rho": 0.3859140668729504,
      "capacity": 1.0,
      "tserv": 3.859140668729504,
      "stddev": 3.859140668729504,
      "mu": 0.25912504514359086,
      "cv": 1.0,
      "lambda": 0.1,
      "twait": 2.4252251839093604
    },
    "F7": {
      "rho": 0.5310010453830752,
      "capacity": 1.0,
      "tserv": 5.310010453830752,
      "stddev": 5.3100104538307535,
      "mu": 0.18832354638371365,
      "cv": 1.0000000000000004,
      "lambda": 0.1,
      "twait": 6.011998692581812
    },
    "F8": {
      "rho": 0.35650039523340243,
      "capacity": 1.0,
      "tserv": 3.565003952334024,
      "stddev": 3.5650039523340245,
      "mu": 0.280504597854736,
      "cv": 1.0000000000000002,
      "lambda": 0.1,
      "twait": 1.9750211322611406
    },
    "F9": {
      "rho": 0.25758553789364724,
      "capacity": 1.0,
      "tserv": 0.8586184596454907,
      "stddev": 1.1233750504050135,
      "mu": 1.1646616593974504,
      "cv": 1.3083518503303975,
      "lambda": 0.30000000000000004,
      "twait": 0.4039247479321204
    },
    "F10": {
      "rho": 0.44423700919434733,
      "capacity": 1.0,
      "tserv": 2.2211850459717364,
      "stddev": 2.9712281094992843,
      "mu": 0.4502101262628096,
      "cv": 1.337676982333282,
      "lambda": 0.2,
      "twait": 2.4762101318005185
    }
  },
  "extra": {
    "deltatime": 0.5380805,
    "conv": 8,
    "obj_func": 22.306994408143503
  },
  "network": [
    [
      0.0,
      1.9132499711931494,
      1.548033789847795,
      1.7701455369570123,
      2.446249697620411,
      1.8024812415825024,
      1.7511633594241383,
      1.7859386314309886,
      2.8175288531851255,
      2.8175288531851255
    ],
    [
      1.9132499711931494,
      0.0,
      1.5910668723946586,
      1.2854757922924223,
      1.1824609310148217,
      2.4241078383013046,
      1.8359188591267954,
      2.8175288531851255,
      2.2635327411953576,
      2.2635327411953576
    ],
    [
      1.548033789847795,
      1.5910668723946586,
      0.0,
      1.3541407856360355,
      1.7442713974898911,
      2.7447452305761053,
      1.7859386314309886,
      2.2635327411953576,
      2.328181129659541,
      2.328181129659541
    ],
    [
      1.7701455369570123,
      1.2854757922924223,
      1.3541407856360355,
      0.0,
      2.2452283879317507,
      1.7511633594241383,
      2.8175288531851255,
      2.328181129659541,
      2.292224313504225,
      2.292224313504225
    ],
    [
      2.446249697620411,
      1.1824609310148217,
      1.7442713974898911,
      2.2452283879317507,
      0.0,
      1.8359188591267954,
      2.2635327411953576,
      2.292224313504225,
      2.3431243793064134,
      2.3431243793064134
    ],
    [
      1.8024812415825024,
      2.4241078383013046,
      2.7447452305761053,
      1.7511633594241383,
      1.8359188591267954,
      0.0,
      2.328181129659541,
      2.3431243793064134,
      1.4794761629103168,
      1.4794761629103168
    ],
    [
      1.7511633594241383,
      1.8359188591267954,
      1.7859386314309886,
      2.8175288531851255,
      2.2635327411953576,
      2.328181129659541,
      0.0,
      1.4794761629103168,
      2.42404704840063,
      2.42404704840063
    ],
    [
      1.7859386314309886,
      2.8175288531851255,
      2.2635327411953576,
      2.328181129659541,
      2.292224313504225,
      2.3431243793064134,
      1.4794761629103168,
      0.0,
      2.0429006276738564,
      2.0429006276738564
    ],
    [
      2.8175288531851255,
      2.2635327411953576,
      2.328181129659541,
      2.292224313504225,
      2.3431243793064134,
      1.4794761629103168,
      2.42404704840063,
      2.0429006276738564,
      0.0,
      2.6718726254615244
    ],
    [
      2.8175288531851255,
      2.2635327411953576,
      2.328181129659541,
      2.292224313504225,
      2.3431243793064134,
      1.4794761629103168,
      2.42404704840063,
      2.0429006276738564,
      2.6718726254615244,
      0.0
    ]
  ]
}