{
  "servicechain": {
    "SC1": {
      "resptime": 15068.049783827451,
      "resptime_old": 15058.049783827451,
      "waittime": 15057.01778107488,
      "servicetime": 10.0,
      "networktime": 1.032002752572789,
      "services": {
        "MS1_1": {
          "meanserv": 0.4160587665932758,
          "stddevserv": 0.4160587665932758,
          "rate": 2.4035066204423097,
          "cv": 1.0,
          "lambda": 0.2
        },
        "MS1_2": {
          "meanserv": 0.22331139525024413,
          "stddevserv": 0.22331139525024413,
          "rate": 4.478051820326472,
          "cv": 1.0,
          "lambda": 0.2
        },
        "MS1_3": {
          "meanserv": 0.625660403739956,
          "stddevserv": 0.625660403739956,
          "rate": 1.598311150941288,
          "cv": 1.0,
          "lambda": 0.2
        },
        "MS1_4": {
          "meanserv": 0.05454655940095643,
          "stddevserv": 0.05454655940095643,
          "rate": 18.33296198664486,
          "cv": 1.0,
          "lambda": 0.2
        },
        "MS1_5": {
          "meanserv": 8.680422875015568,
          "stddevserv": 8.680422875015568,
          "rate": 0.11520176083566742,
          "cv": 1.0,
          "lambda": 0.2
        }
      },
      "sensors": [
        "S1"
      ],
      "sources": [
        {
          "startTime": 0,
          "stopTime": -1,
          "lambda": 0.2
        }
      ]
    },
    "SC2": {
      "resptime": 354.13723418615535,
      "resptime_old": 344.1372341861553,
      "waittime": 338.5495091509662,
      "servicetime": 10.0,
      "networktime": 5.587725035189171,
      "services": {
        "MS2_1": {
          "meanserv": 4.926640131414289,
          "stddevserv": 4.926640131414289,
          "rate": 0.20297808918974772,
          "cv": 1.0,
          "lambda": 0.2
        },
        "MS2_2": {
          "meanserv": 1.0599846767505925,
          "stddevserv": 1.0599846767505925,
          "rate": 0.9434098642496636,
          "cv": 1.0,
          "lambda": 0.2
        },
        "MS2_3": {
          "meanserv": 0.07223173446586273,
          "stddevserv": 0.07223173446586273,
          "rate": 13.844330437234726,
          "cv": 1.0,
          "lambda": 0.2
        },
        "MS2_4": {
          "meanserv": 1.429016142084425,
          "stddevserv": 1.429016142084425,
          "rate": 0.6997821581926685,
          "cv": 1.0,
          "lambda": 0.2
        },
        "MS2_5": {
          "meanserv": 2.5121273152848307,
          "stddevserv": 2.5121273152848307,
          "rate": 0.39806899670871887,
          "cv": 1.0,
          "lambda": 0.2
        }
      },
      "sensors": [
        "S2"
      ],
      "sources": [
        {
          "startTime": 0,
          "stopTime": -1,
          "lambda": 0.2
        }
      ]
    },
    "SC3": {
      "resptime": 45.056589149866724,
      "resptime_old": 35.056589149866724,
      "waittime": 28.712943080142125,
      "servicetime": 10.0,
      "networktime": 6.3436460697245955,
      "services": {
        "MS3_1": {
          "meanserv": 0.8679273038803648,
          "stddevserv": 0.8679273038803648,
          "rate": 1.1521702284617148,
          "cv": 1.0,
          "lambda": 0.2
        },
        "MS3_2": {
          "meanserv": 1.8507901678119154,
          "stddevserv": 1.8507901678119154,
          "rate": 0.5403097646570294,
          "cv": 1.0,
          "lambda": 0.2
        },
        "MS3_3": {
          "meanserv": 3.007203083046608,
          "stddevserv": 3.007203083046608,
          "rate": 0.33253490781437234,
          "cv": 1.0,
          "lambda": 0.2
        },
        "MS3_4": {
          "meanserv": 4.13990954492062,
          "stddevserv": 4.13990954492062,
          "rate": 0.24155117138415022,
          "cv": 1.0,
          "lambda": 0.2
        },
        "MS3_5": {
          "meanserv": 0.13416990034049192,
          "stddevserv": 0.13416990034049192,
          "rate": 7.453236511782697,
          "cv": 1.0,
          "lambda": 0.2
        }
      },
      "sensors": [
        "S3"
      ],
      "sources": [
        {
          "startTime": 0,
          "stopTime": -1,
          "lambda": 0.2
        }
      ]
    },
    "SC4": {
      "resptime": 6138.973666325281,
      "resptime_old": 6128.973666325281,
      "waittime": 6125.397217223433,
      "servicetime": 10.0,
      "networktime": 3.5764491018482216,
      "services": {
        "MS4_1": {
          "meanserv": 0.9860877543458291,
          "stddevserv": 0.9860877543458291,
          "rate": 1.0141085269468744,
          "cv": 1.0,
          "lambda": 0.2
        },
        "MS4_2": {
          "meanserv": 1.6478778476830704,
          "stddevserv": 1.6478778476830704,
          "rate": 0.6068410965084627,
          "cv": 1.0,
          "lambda": 0.2
        },
        "MS4_3": {
          "meanserv": 0.5728023730963958,
          "stddevserv": 0.5728023730963958,
          "rate": 1.7458028230475084,
          "cv": 1.0,
          "lambda": 0.2
        },
        "MS4_4": {
          "meanserv": 1.2590091854974652,
          "stddevserv": 1.2590091854974652,
          "rate": 0.794275380608026,
          "cv": 1.0,
          "lambda": 0.2
        },
        "MS4_5": {
          "meanserv": 5.5342228393772395,
          "stddevserv": 5.5342228393772395,
          "rate": 0.18069384428917015,
          "cv": 1.0,
          "lambda": 0.2
        }
      },
      "sensors": [
        "S4"
      ],
      "sources": [
        {
          "startTime": 0,
          "stopTime": -1,
          "lambda": 0.2
        }
      ]
    }
  },
  "microservice": {
    "MS1_1": "F1",
    "MS1_2": "F1",
    "MS1_3": "F1",
    "MS1_4": "F1",
    "MS1_5": "F6",
    "MS2_1": "F2",
    "MS2_2": "F8",
    "MS2_3": "F1",
    "MS2_4": "F10",
    "MS2_5": "F9",
    "MS3_1": "F1",
    "MS3_2": "F10",
    "MS3_3": "F3",
    "MS3_4": "F7",
    "MS3_5": "F1",
    "MS4_1": "F4",
    "MS4_2": "F4",
    "MS4_3": "F8",
    "MS4_4": "F8",
    "MS4_5": "F5"
  },
  "sensor": {
    "S1": "F1",
    "S2": "F2",
    "S3": "F1",
    "S4": "F4"
  },
  "fog": {
    "F1": {
      "rho": 0.47878121273423035,
      "capacity": 1.0,
      "tserv": 0.3419865805244503,
      "stddev": 0.5303837049034265,
      "mu": 2.9240913443634526,
      "cv": 1.550890400699529,
      "lambda": 1.4,
      "twait": 0.5348678785018013
    },
    "F2": {
      "rho": 0.9853280262828579,
      "capacity": 1.0,
      "tserv": 4.926640131414289,
      "stddev": 4.926640131414289,
      "mu": 0.20297808918974772,
      "cv": 1.0,
      "lambda": 0.2,
      "twait": 330.8591393685998
    },
    "F3": {
      "rho": 0.6014406166093216,
      "capacity": 1.0,
      "tserv": 3.007203083046608,
      "stddev": 3.007203083046608,
      "mu": 0.33253490781437234,
      "cv": 1.0,
      "lambda": 0.2,
      "twait": 4.537978910821714
    },
    "F4": {
      "rho": 0.5267931204057799,
      "capacity": 1.0,
      "tserv": 1.3169828010144495,
      "stddev": 1.3976504434183548,
      "mu": 0.7593113586826775,
      "cv": 1.0612518571554377,
      "lambda": 0.4,
      "twait": 1.55867153212894
    },
    "F5": {
      "rho": 1.106844567875448,
      "capacity": 1.0,
      "tserv": 5.5342228393772395,
      "stddev": 5.53422283937724,
      "mu": 0.18069384428917015,
      "cv": 1.0000000000000002,
      "lambda": 0.2,
      "twait": 6119.398962689752
    },
    "F6": {
      "rho": 1.7360845750031135,
      "capacity": 1.0,
      "tserv": 8.680422875015568,
      "stddev": 8.680422875015568,
      "mu": 0.11520176083566742,
      "cv": 1.0,
      "lambda": 0.2,
      "twait": 15054.878309560872
    },
    "F7": {
      "rho": 0.827981908984124,
      "capacity": 1.0,
      "tserv": 4.13990954492062,
      "stddev": 4.13990954492062,
      "mu": 0.24155117138415022,
      "cv": 1.0,
      "lambda": 0.2,
      "twait": 19.92680065091883
    },
    "F8": {
      "rho": 0.5783592470688907,
      "capacity": 1.0,
      "tserv": 0.9639320784481511,
      "stddev": 1.046590217466815,
      "mu": 1.0374174927448365,
      "cv": 1.0857509993356964,
      "lambda": 0.6000000000000001,
      "twait": 1.4404557347112423
    },
    "F9": {
      "rho": 0.5024254630569661,
      "capacity": 1.0,
      "tserv": 2.5121273152848302,
      "stddev": 2.512127315284831,
      "mu": 0.3980689967087189,
      "cv": 1.0000000000000004,
      "lambda": 0.2,
      "twait": 2.5366184077553307
    },
    "F10": {
      "rho": 0.6559612619792682,
      "capacity": 1.0,
      "tserv": 1.6399031549481702,
      "stddev": 1.6668020344354477,
      "mu": 0.6097921069196341,
      "cv": 1.0164027243963243,
      "lambda": 0.4,
      "twait": 3.178427761397984
    }
  },
  "extra": {
    "conv_gen": 2,
    "max_gen": 600,
    "population": 600,
    "deltatime": 38.5946225,
    "obj_func": 5401.554318372188
  },
  "network": [
    [
      0.0,
      1.816316063861951,
      2.121395747058522,
      1.9791581845933968,
      2.1821318269247314,
      1.032002752572789,
      2.0331294791706305,
      1.022214524953147,
      1.1895141242636909,
      1.1895141242636909
    ],
    [
      1.816316063861951,
      0.0,
      2.0063737904673435,
      2.1517347657723547,
      1.587406664739378,
      1.771137821906714,
      2.132838750922561,
      1.1895141242636909,
      2.4042633430944242,
      2.4042633430944242
    ],
    [
      2.121395747058522,
      2.0063737904673435,
      0.0,
      2.3654946011291895,
      2.052515055189554,
      2.0110180296656277,
      1.022214524953147,
      2.4042633430944242,
      2.098787941337127,
      2.098787941337127
    ],
    [
      1.9791581845933968,
      2.1517347657723547,
      2.3654946011291895,
      0.0,
      1.6463965057756742,
      2.0331294791706305,
      1.1895141242636909,
      2.098787941337127,
      1.4776611605110945,
      1.4776611605110945
    ],
    [
      2.1821318269247314,
      1.587406664739378,
      2.052515055189554,
      1.6463965057756742,
      0.0,
      2.132838750922561,
      2.4042633430944242,
      1.4776611605110945,
      2.216424026318341,
      2.216424026318341
    ],
    [
      1.032002752572789,
      1.771137821906714,
      2.0110180296656277,
      2.0331294791706305,
      2.132838750922561,
      0.0,
      2.098787941337127,
      2.216424026318341,
      1.831920596920979,
      1.831920596920979
    ],
    [
      2.0331294791706305,
      2.132838750922561,
      1.022214524953147,
      1.1895141242636909,
      2.4042633430944242,
      2.098787941337127,
      0.0,
      1.831920596920979,
      2.183051160532209,
      2.183051160532209
    ],
    [
      1.022214524953147,
      1.1895141242636909,
      2.4042633430944242,
      2.098787941337127,
      1.4776611605110945,
      2.216424026318341,
      1.831920596920979,
      0.0,
      2.6051756933314434,
      2.6051756933314434
    ],
    [
      1.1895141242636909,
      2.4042633430944242,
      2.098787941337127,
      1.4776611605110945,
      2.216424026318341,
      1.831920596920979,
      2.183051160532209,
      2.6051756933314434,
      0.0,
      2.1864822617086435
    ],
    [
      1.1895141242636909,
      2.4042633430944242,
      2.098787941337127,
      1.4776611605110945,
      2.216424026318341,
      1.831920596920979,
      2.183051160532209,
      2.6051756933314434,
      2.1864822617086435,
      0.0
    ]
  ]
}