{
  "servicechain": {
    "SC1": {
      "resptime": 15.8830448878554,
      "resptime_old": 5.883044887855399,
      "waittime": 2.283136754774531,
      "servicetime": 10.0,
      "networktime": 3.5999081330808687,
      "services": {
        "MS1_1": {
          "meanserv": 1.3983027619276867,
          "stddevserv": 1.3983027619276867,
          "rate": 0.7151527031394901,
          "cv": 1.0,
          "lambda": 0.05
        },
        "MS1_2": {
          "meanserv": 0.6033271036236687,
          "stddevserv": 0.6033271036236687,
          "rate": 1.657475677777208,
          "cv": 1.0,
          "lambda": 0.05
        },
        "MS1_3": {
          "meanserv": 1.0227423650429204,
          "stddevserv": 1.0227423650429204,
          "rate": 0.9777633489916436,
          "cv": 1.0,
          "lambda": 0.05
        },
        "MS1_4": {
          "meanserv": 4.585293171453424,
          "stddevserv": 4.585293171453424,
          "rate": 0.2180885632843897,
          "cv": 1.0,
          "lambda": 0.05
        },
        "MS1_5": {
          "meanserv": 2.3903345979523003,
          "stddevserv": 2.3903345979523003,
          "rate": 0.4183514729932195,
          "cv": 1.0,
          "lambda": 0.05
        }
      },
      "sensors": [
        "S1"
      ],
      "sources": [
        {
          "startTime": 0,
          "stopTime": -1,
          "lambda": 0.05
        }
      ]
    },
    "SC2": {
      "resptime": 15.772042612033752,
      "resptime_old": 5.772042612033752,
      "waittime": 2.4712386718818484,
      "servicetime": 10.0,
      "networktime": 3.3008039401519036,
      "services": {
        "MS2_1": {
          "meanserv": 1.704499592081432,
          "stddevserv": 1.704499592081432,
          "rate": 0.5866824519323354,
          "cv": 1.0,
          "lambda": 0.05
        },
        "MS2_2": {
          "meanserv": 1.360905043062366,
          "stddevserv": 1.360905043062366,
          "rate": 0.7348051247938341,
          "cv": 1.0,
          "lambda": 0.05
        },
        "MS2_3": {
          "meanserv": 4.037380816457732,
          "stddevserv": 4.037380816457732,
          "rate": 0.24768533003467524,
          "cv": 1.0,
          "lambda": 0.05
        },
        "MS2_4": {
          "meanserv": 2.7521804075292593,
          "stddevserv": 2.7521804075292593,
          "rate": 0.3633482737048257,
          "cv": 1.0,
          "lambda": 0.05
        },
        "MS2_5": {
          "meanserv": 0.1450341408692104,
          "stddevserv": 0.1450341408692104,
          "rate": 6.894928283829287,
          "cv": 1.0,
          "lambda": 0.05
        }
      },
      "sensors": [
        "S2"
      ],
      "sources": [
        {
          "startTime": 0,
          "stopTime": -1,
          "lambda": 0.05
        }
      ]
    },
    "SC3": {
      "resptime": 15.717660615609173,
      "resptime_old": 5.717660615609173,
      "waittime": 4.023101898682946,
      "servicetime": 10.0,
      "networktime": 1.6945587169262268,
      "services": {
        "MS3_1": {
          "meanserv": 1.6074535962168113,
          "stddevserv": 1.6074535962168113,
          "rate": 0.6221019395853971,
          "cv": 1.0,
          "lambda": 0.05
        },
        "MS3_2": {
          "meanserv": 2.1535706971122046,
          "stddevserv": 2.1535706971122046,
          "rate": 0.4643450996714125,
          "cv": 1.0,
          "lambda": 0.05
        },
        "MS3_3": {
          "meanserv": 0.0007087701975097005,
          "stddevserv": 0.0007087701975097005,
          "rate": 1410.8945374869738,
          "cv": 1.0,
          "lambda": 0.05
        },
        "MS3_4": {
          "meanserv": 0.9667857727318285,
          "stddevserv": 0.9667857727318285,
          "rate": 1.034355312422853,
          "cv": 1.0,
          "lambda": 0.05
        },
        "MS3_5": {
          "meanserv": 5.271481163741646,
          "stddevserv": 5.271481163741646,
          "rate": 0.1897000044082885,
          "cv": 1.0,
          "lambda": 0.05
        }
      },
      "sensors": [
        "S3"
      ],
      "sources": [
        {
          "startTime": 0,
          "stopTime": -1,
          "lambda": 0.05
        }
      ]
    },
    "SC4": {
      "resptime": 15.836710344160503,
      "resptime_old": 5.836710344160503,
      "waittime": 4.404663047747523,
      "servicetime": 10.0,
      "networktime": 1.4320472964129805,
      "services": {
        "MS4_1": {
          "meanserv": 4.0376943728091295,
          "stddevserv": 4.0376943728091295,
          "rate": 0.2476660954663277,
          "cv": 1.0,
          "lambda": 0.05
        },
        "MS4_2": {
          "meanserv": 1.880092589051019,
          "stddevserv": 1.880092589051019,
          "rate": 0.531888698367112,
          "cv": 1.0,
          "lambda": 0.05
        },
        "MS4_3": {
          "meanserv": 2.453167563096505,
          "stddevserv": 2.453167563096505,
          "rate": 0.40763623938421567,
          "cv": 1.0,
          "lambda": 0.05
        },
        "MS4_4": {
          "meanserv": 1.548312927409322,
          "stddevserv": 1.548312927409322,
          "rate": 0.6458642709088701,
          "cv": 1.0,
          "lambda": 0.05
        },
        "MS4_5": {
          "meanserv": 0.0807325476340246,
          "stddevserv": 0.0807325476340246,
          "rate": 12.386578019724869,
          "cv": 1.0,
          "lambda": 0.05
        }
      },
      "sensors": [
        "S4"
      ],
      "sources": [
        {
          "startTime": 0,
          "stopTime": -1,
          "lambda": 0.05
        }
      ]
    }
  },
  "microservice": {
    "MS1_1": "F10",
    "MS1_2": "F10",
    "MS1_3": "F10",
    "MS1_4": "F2",
    "MS1_5": "F4",
    "MS2_1": "F6",
    "MS2_2": "F6",
    "MS2_3": "F5",
    "MS2_4": "F3",
    "MS2_5": "F3",
    "MS3_1": "F8",
    "MS3_2": "F8",
    "MS3_3": "F8",
    "MS3_4": "F8",
    "MS3_5": "F1",
    "MS4_1": "F9",
    "MS4_2": "F9",
    "MS4_3": "F7",
    "MS4_4": "F7",
    "MS4_5": "F7"
  },
  "sensor": {
    "S1": "F10",
    "S2": "F6",
    "S3": "F8",
    "S4": "F9"
  },
  "fog": {
    "F1": {
      "rho": 0.2635740581870823,
      "capacity": 1.0,
      "tserv": 5.271481163741646,
      "stddev": 5.271481163741646,
      "mu": 0.1897000044082885,
      "cv": 1.0,
      "lambda": 0.05,
      "twait": 1.8867147449527513
    },
    "F2": {
      "rho": 0.22926465857267123,
      "capacity": 1.0,
      "tserv": 4.585293171453424,
      "stddev": 4.585293171453424,
      "mu": 0.2180885632843897,
      "cv": 1.0,
      "lambda": 0.05,
      "twait": 1.363951562753127
    },
    "F3": {
      "rho": 0.14486072741992348,
      "capacity": 1.0,
      "tserv": 1.4486072741992346,
      "stddev": 2.344582876066157,
      "mu": 0.6903182234486451,
      "cv": 1.6185082857341044,
      "lambda": 0.1,
      "twait": 0.44411080985023604
    },
    "F4": {
      "rho": 0.11951672989761503,
      "capacity": 1.0,
      "tserv": 2.3903345979523003,
      "stddev": 2.3903345979523003,
      "mu": 0.4183514729932195,
      "cv": 1.0,
      "lambda": 0.05,
      "twait": 0.3244638304997766
    },
    "F5": {
      "rho": 0.20186904082288662,
      "capacity": 1.0,
      "tserv": 4.037380816457732,
      "stddev": 4.037380816457732,
      "mu": 0.24768533003467524,
      "cv": 1.0,
      "lambda": 0.05,
      "twait": 1.0211634863723955
    },
    "F6": {
      "rho": 0.15327023175718993,
      "capacity": 1.0,
      "tserv": 1.532702317571899,
      "stddev": 1.5518392317982166,
      "mu": 0.6524424139869482,
      "cv": 1.0124857345140799,
      "lambda": 0.1,
      "twait": 0.2809267829044905
    },
    "F7": {
      "rho": 0.20411065190699262,
      "capacity": 1.0,
      "tserv": 1.3607376793799506,
      "stddev": 1.9398300973594997,
      "mu": 0.7348955020159885,
      "cv": 1.4255724132247334,
      "lambda": 0.15000000000000002,
      "twait": 0.5290824521171364
    },
    "F8": {
      "rho": 0.23642594181291768,
      "capacity": 1.0,
      "tserv": 1.1821297090645884,
      "stddev": 1.6373130039879853,
      "mu": 0.845930858798307,
      "cv": 1.3850535955851921,
      "lambda": 0.2,
      "twait": 0.5340967884325488
    },
    "F9": {
      "rho": 0.29588934809300743,
      "capacity": 1.0,
      "tserv": 2.958893480930074,
      "stddev": 3.329064937805897,
      "mu": 0.33796417696174325,
      "cv": 1.125104691757767,
      "lambda": 0.1,
      "twait": 1.4087078456980564
    },
    "F10": {
      "rho": 0.15121861152971378,
      "capacity": 1.0,
      "tserv": 1.0081240768647584,
      "stddev": 1.1077860568730395,
      "mu": 0.9919413918869748,
      "cv": 1.0988588431676263,
      "lambda": 0.15000000000000002,
      "twait": 0.19824045384054256
    }
  },
  "extra": {
    "conv_gen": 136,
    "max_gen": 600,
    "population": 600,
    "deltatime": 38.0476246,
    "obj_func": 15.802364614914707
  },
  "network": [
    [
      0.0,
      1.9407424372783002,
      2.207155797914368,
      1.980218527054867,
      1.8056960949202316,
      1.1770995926330419,
      2.5291975046316946,
      1.6945587169262268,
      2.4281212501677274,
      2.4281212501677274
    ],
    [
      1.9407424372783002,
      0.0,
      2.0908041298345394,
      1.7582352974530189,
      2.874620060671058,
      1.9530492763515546,
      1.9050173737789677,
      2.4281212501677274,
      1.8416728356278498,
      1.8416728356278498
    ],
    [
      2.207155797914368,
      2.0908041298345394,
      0.0,
      1.743960640908346,
      1.3957865663729359,
      1.7907346813771672,
      1.6945587169262268,
      1.8416728356278498,
      1.6441659267364515,
      1.6441659267364515
    ],
    [
      1.980218527054867,
      1.7582352974530189,
      1.743960640908346,
      0.0,
      2.9007427266591472,
      2.5291975046316946,
      2.4281212501677274,
      1.6441659267364515,
      2.1333871932433417,
      2.1333871932433417
    ],
    [
      1.8056960949202316,
      2.874620060671058,
      1.3957865663729359,
      2.9007427266591472,
      0.0,
      1.9050173737789677,
      1.8416728356278498,
      2.1333871932433417,
      2.98323771052691,
      2.98323771052691
    ],
    [
      1.1770995926330419,
      1.9530492763515546,
      1.7907346813771672,
      2.5291975046316946,
      1.9050173737789677,
      0.0,
      1.6441659267364515,
      2.98323771052691,
      1.785517671782314,
      1.785517671782314
    ],
    [
      2.5291975046316946,
      1.9050173737789677,
      1.6945587169262268,
      2.4281212501677274,
      1.8416728356278498,
      1.6441659267364515,
      0.0,
      1.785517671782314,
      1.4320472964129805,
      1.4320472964129805
    ],
    [
      1.6945587169262268,
      2.4281212501677274,
      1.8416728356278498,
      1.6441659267364515,
      2.1333871932433417,
      2.98323771052691,
      1.785517671782314,
      0.0,
      1.7669968319030458,
      1.7669968319030458
    ],
    [
      2.4281212501677274,
      1.8416728356278498,
      1.6441659267364515,
      2.1333871932433417,
      2.98323771052691,
      1.785517671782314,
      1.4320472964129805,
      1.7669968319030458,
      0.0,
      1.890866351006869
    ],
    [
      2.4281212501677274,
      1.8416728356278498,
      1.6441659267364515,
      2.1333871932433417,
      2.98323771052691,
      1.785517671782314,
      1.4320472964129805,
      1.7669968319030458,
      1.890866351006869,
      0.0
    ]
  ]
}