{
  "servicechain": {
    "SC1": {
      "resptime": 33.48698476481549,
      "resptime_old": 23.486984764815478,
      "waittime": 17.460991805858235,
      "servicetime": 10.0,
      "networktime": 6.025992958957251,
      "services": {
        "MS1_1": {
          "meanserv": 2.5525399950138947,
          "stddevserv": 2.5525399950138947,
          "rate": 0.39176663321765365,
          "cv": 1.0,
          "lambda": 0.15
        },
        "MS1_2": {
          "meanserv": 0.29502435549292905,
          "stddevserv": 0.29502435549292905,
          "rate": 3.389550663806017,
          "cv": 1.0,
          "lambda": 0.15
        },
        "MS1_3": {
          "meanserv": 0.24513173530931853,
          "stddevserv": 0.24513173530931853,
          "rate": 4.079439158451491,
          "cv": 1.0,
          "lambda": 0.15
        },
        "MS1_4": {
          "meanserv": 1.1308462331568259,
          "stddevserv": 1.1308462331568259,
          "rate": 0.8842935234514062,
          "cv": 1.0,
          "lambda": 0.15
        },
        "MS1_5": {
          "meanserv": 0.25162603781066206,
          "stddevserv": 0.25162603781066206,
          "rate": 3.9741515174691804,
          "cv": 1.0,
          "lambda": 0.15
        },
        "MS1_6": {
          "meanserv": 0.9054308796210462,
          "stddevserv": 0.9054308796210462,
          "rate": 1.1044465375629051,
          "cv": 1.0,
          "lambda": 0.15
        },
        "MS1_7": {
          "meanserv": 2.6678100183221387,
          "stddevserv": 2.6678100183221387,
          "rate": 0.37483928508107495,
          "cv": 1.0,
          "lambda": 0.15
        },
        "MS1_8": {
          "meanserv": 0.16184131338801677,
          "stddevserv": 0.16184131338801677,
          "rate": 6.178892021238646,
          "cv": 1.0,
          "lambda": 0.15
        },
        "MS1_9": {
          "meanserv": 1.0835134968391706,
          "stddevserv": 1.0835134968391706,
          "rate": 0.9229234365028248,
          "cv": 1.0,
          "lambda": 0.15
        },
        "MS1_10": {
          "meanserv": 0.546302885065364,
          "stddevserv": 0.546302885065364,
          "rate": 1.8304863974502938,
          "cv": 1.0,
          "lambda": 0.15
        },
        "MS1_11": {
          "meanserv": 0.114434921433201,
          "stddevserv": 0.114434921433201,
          "rate": 8.7385912226429,
          "cv": 1.0,
          "lambda": 0.15
        },
        "MS1_12": {
          "meanserv": 0.045498128547432515,
          "stddevserv": 0.045498128547432515,
          "rate": 21.97892598939502,
          "cv": 1.0,
          "lambda": 0.15
        }
      },
      "sensors": [
        "S1"
      ],
      "sources": [
        {
          "startTime": 0,
          "stopTime": -1,
          "lambda": 0.15
        }
      ]
    },
    "SC2": {
      "resptime": 39.663288325724714,
      "resptime_old": 29.663288325724718,
      "waittime": 23.69146427901869,
      "servicetime": 10.0,
      "networktime": 5.971824046706025,
      "services": {
        "MS2_1": {
          "meanserv": 1.0185906886228935,
          "stddevserv": 1.0185906886228935,
          "rate": 0.9817486171525605,
          "cv": 1.0,
          "lambda": 0.15
        },
        "MS2_2": {
          "meanserv": 0.8814295297707264,
          "stddevserv": 0.8814295297707264,
          "rate": 1.134520646545749,
          "cv": 1.0,
          "lambda": 0.15
        },
        "MS2_3": {
          "meanserv": 0.145825483853794,
          "stddevserv": 0.145825483853794,
          "rate": 6.857511962741775,
          "cv": 1.0,
          "lambda": 0.15
        },
        "MS2_4": {
          "meanserv": 0.3565477629237015,
          "stddevserv": 0.3565477629237015,
          "rate": 2.804673325671636,
          "cv": 1.0,
          "lambda": 0.15
        },
        "MS2_5": {
          "meanserv": 0.5788905141439895,
          "stddevserv": 0.5788905141439895,
          "rate": 1.7274423670229055,
          "cv": 1.0,
          "lambda": 0.15
        },
        "MS2_6": {
          "meanserv": 1.176859603146827,
          "stddevserv": 1.176859603146827,
          "rate": 0.8497190296328306,
          "cv": 1.0,
          "lambda": 0.15
        },
        "MS2_7": {
          "meanserv": 0.28460364847648734,
          "stddevserv": 0.28460364847648734,
          "rate": 3.5136583995078876,
          "cv": 1.0,
          "lambda": 0.15
        },
        "MS2_8": {
          "meanserv": 0.11747697111242505,
          "stddevserv": 0.11747697111242505,
          "rate": 8.512306629381886,
          "cv": 1.0,
          "lambda": 0.15
        },
        "MS2_9": {
          "meanserv": 3.192676134611305,
          "stddevserv": 3.192676134611305,
          "rate": 0.31321686191692155,
          "cv": 1.0,
          "lambda": 0.15
        },
        "MS2_10": {
          "meanserv": 0.2052659949434954,
          "stddevserv": 0.2052659949434954,
          "rate": 4.871727537117266,
          "cv": 1.0,
          "lambda": 0.15
        },
        "MS2_11": {
          "meanserv": 1.5580512078775133,
          "stddevserv": 1.5580512078775133,
          "rate": 0.6418274283566522,
          "cv": 1.0,
          "lambda": 0.15
        },
        "MS2_12": {
          "meanserv": 0.48378246051684215,
          "stddevserv": 0.48378246051684215,
          "rate": 2.067044760018096,
          "cv": 1.0,
          "lambda": 0.15
        }
      },
      "sensors": [
        "S2"
      ],
      "sources": [
        {
          "startTime": 0,
          "stopTime": -1,
          "lambda": 0.15
        }
      ]
    },
    "SC3": {
      "resptime": 33.233592353279725,
      "resptime_old": 23.233592353279725,
      "waittime": 19.452732343809366,
      "servicetime": 10.0,
      "networktime": 3.780860009470358,
      "services": {
        "MS3_1": {
          "meanserv": 2.714064844992281,
          "stddevserv": 2.714064844992281,
          "rate": 0.36845103455987765,
          "cv": 1.0,
          "lambda": 0.15
        },
        "MS3_2": {
          "meanserv": 1.2378695141934504,
          "stddevserv": 1.2378695141934504,
          "rate": 0.8078395893379463,
          "cv": 1.0,
          "lambda": 0.15
        },
        "MS3_3": {
          "meanserv": 0.45897314244355236,
          "stddevserv": 0.45897314244355236,
          "rate": 2.178776724659846,
          "cv": 1.0,
          "lambda": 0.15
        },
        "MS3_4": {
          "meanserv": 0.5398312884821728,
          "stddevserv": 0.5398312884821728,
          "rate": 1.8524306044054424,
          "cv": 1.0,
          "lambda": 0.15
        },
        "MS3_5": {
          "meanserv": 1.6874401215325605,
          "stddevserv": 1.6874401215325605,
          "rate": 0.5926136206194883,
          "cv": 1.0,
          "lambda": 0.15
        },
        "MS3_6": {
          "meanserv": 0.8437615113731134,
          "stddevserv": 0.8437615113731134,
          "rate": 1.1851690157952672,
          "cv": 1.0,
          "lambda": 0.15
        },
        "MS3_7": {
          "meanserv": 0.03072409788974806,
          "stddevserv": 0.03072409788974806,
          "rate": 32.54774163226701,
          "cv": 1.0,
          "lambda": 0.15
        },
        "MS3_8": {
          "meanserv": 1.2217562401042832,
          "stddevserv": 1.2217562401042832,
          "rate": 0.8184938755988223,
          "cv": 1.0,
          "lambda": 0.15
        },
        "MS3_9": {
          "meanserv": 0.47120362488910494,
          "stddevserv": 0.47120362488910494,
          "rate": 2.1222247605487845,
          "cv": 1.0,
          "lambda": 0.15
        },
        "MS3_10": {
          "meanserv": 0.2169650204640572,
          "stddevserv": 0.2169650204640572,
          "rate": 4.609037889430946,
          "cv": 1.0,
          "lambda": 0.15
        },
        "MS3_11": {
          "meanserv": 0.37642556948983774,
          "stddevserv": 0.37642556948983774,
          "rate": 2.656567675132379,
          "cv": 1.0,
          "lambda": 0.15
        },
        "MS3_12": {
          "meanserv": 0.2009850241458384,
          "stddevserv": 0.2009850241458384,
          "rate": 4.97549508601388,
          "cv": 1.0,
          "lambda": 0.15
        }
      },
      "sensors": [
        "S3"
      ],
      "sources": [
        {
          "startTime": 0,
          "stopTime": -1,
          "lambda": 0.15
        }
      ]
    },
    "SC4": {
      "resptime": 29.409928904208762,
      "resptime_old": 19.40992890420876,
      "waittime": 15.290067156400715,
      "servicetime": 10.0,
      "networktime": 4.119861747808044,
      "services": {
        "MS4_1": {
          "meanserv": 0.16551669998421614,
          "stddevserv": 0.16551669998421614,
          "rate": 6.0416864285921665,
          "cv": 1.0,
          "lambda": 0.15
        },
        "MS4_2": {
          "meanserv": 0.39649580716626276,
          "stddevserv": 0.39649580716626276,
          "rate": 2.5220947660126694,
          "cv": 1.0,
          "lambda": 0.15
        },
        "MS4_3": {
          "meanserv": 0.21249043085301622,
          "stddevserv": 0.21249043085301622,
          "rate": 4.706094274389794,
          "cv": 1.0,
          "lambda": 0.15
        },
        "MS4_4": {
          "meanserv": 1.8124745426351774,
          "stddevserv": 1.8124745426351774,
          "rate": 0.551731887249621,
          "cv": 1.0,
          "lambda": 0.15
        },
        "MS4_5": {
          "meanserv": 1.2012886218318495,
          "stddevserv": 1.2012886218318495,
          "rate": 0.8324394169946405,
          "cv": 1.0,
          "lambda": 0.15
        },
        "MS4_6": {
          "meanserv": 0.8477920921327575,
          "stddevserv": 0.8477920921327575,
          "rate": 1.1795344746426437,
          "cv": 1.0,
          "lambda": 0.15
        },
        "MS4_7": {
          "meanserv": 0.17886581311507133,
          "stddevserv": 0.17886581311507133,
          "rate": 5.5907832949422325,
          "cv": 1.0,
          "lambda": 0.15
        },
        "MS4_8": {
          "meanserv": 0.4298060046295582,
          "stddevserv": 0.4298060046295582,
          "rate": 2.3266310596611635,
          "cv": 1.0,
          "lambda": 0.15
        },
        "MS4_9": {
          "meanserv": 1.1047620640408864,
          "stddevserv": 1.1047620640408864,
          "rate": 0.9051722832899436,
          "cv": 1.0,
          "lambda": 0.15
        },
        "MS4_10": {
          "meanserv": 2.514246562914776,
          "stddevserv": 2.514246562914776,
          "rate": 0.3977334660609801,
          "cv": 1.0,
          "lambda": 0.15
        },
        "MS4_11": {
          "meanserv": 1.0357068954094508,
          "stddevserv": 1.0357068954094508,
          "rate": 0.9655241308446298,
          "cv": 1.0,
          "lambda": 0.15
        },
        "MS4_12": {
          "meanserv": 0.10055446528697765,
          "stddevserv": 0.10055446528697765,
          "rate": 9.944859207853652,
          "cv": 1.0,
          "lambda": 0.15
        }
      },
      "sensors": [
        "S4"
      ],
      "sources": [
        {
          "startTime": 0,
          "stopTime": -1,
          "lambda": 0.15
        }
      ]
    }
  },
  "microservice": {
    "MS1_1": "F10",
    "MS1_2": "F4",
    "MS1_3": "F4",
    "MS1_4": "F8",
    "MS1_5": "F4",
    "MS1_6": "F1",
    "MS1_7": "F8",
    "MS1_8": "F6",
    "MS1_9": "F6",
    "MS1_10": "F9",
    "MS1_11": "F9",
    "MS1_12": "F9",
    "MS2_1": "F10",
    "MS2_2": "F10",
    "MS2_3": "F9",
    "MS2_4": "F9",
    "MS2_5": "F9",
    "MS2_6": "F7",
    "MS2_7": "F4",
    "MS2_8": "F4",
    "MS2_9": "F5",
    "MS2_10": "F4",
    "MS2_11": "F2",
    "MS2_12": "F6",
    "MS3_1": "F2",
    "MS3_2": "F6",
    "MS3_3": "F6",
    "MS3_4": "F6",
    "MS3_5": "F1",
    "MS3_6": "F1",
    "MS3_7": "F9",
    "MS3_8": "F5",
    "MS3_9": "F4",
    "MS3_10": "F4",
    "MS3_11": "F4",
    "MS3_12": "F4",
    "MS4_1": "F4",
    "MS4_2": "F4",
    "MS4_3": "F4",
    "MS4_4": "F7",
    "MS4_5": "F7",
    "MS4_6": "F1",
    "MS4_7": "F9",
    "MS4_8": "F9",
    "MS4_9": "F9",
    "MS4_10": "F3",
    "MS4_11": "F3",
    "MS4_12": "F4"
  },
  "sensor": {
    "S1": "F10",
    "S2": "F10",
    "S3": "F2",
    "S4": "F4"
  },
  "fog": {
    "F1": {
      "rho": 0.6426636906989216,
      "capacity": 1.0,
      "tserv": 1.0711061511648694,
      "stddev": 1.183935679621195,
      "mu": 0.9336142817520573,
      "cv": 1.1053392591701758,
      "lambda": 0.6,
      "twait": 2.139977394568922
    },
    "F2": {
      "rho": 0.6408174079304692,
      "capacity": 1.0,
      "tserv": 2.136058026434897,
      "stddev": 2.287122134232146,
      "mu": 0.4681520762191139,
      "cv": 1.07072097570747,
      "lambda": 0.3,
      "twait": 4.089983102784538
    },
    "F3": {
      "rho": 0.532493018748634,
      "capacity": 1.0,
      "tserv": 1.7749767291621132,
      "stddev": 2.059995670689726,
      "mu": 0.563387667889063,
      "cv": 1.160576156771451,
      "lambda": 0.3,
      "twait": 2.3724109528383144
    },
    "F4": {
      "rho": 0.5309648078136944,
      "capacity": 1.0,
      "tserv": 0.2528403846731878,
      "stddev": 0.2905529055507509,
      "mu": 3.9550643829804453,
      "cv": 1.1491554481152564,
      "lambda": 2.0999999999999996,
      "twait": 0.33210026921835
    },
    "F5": {
      "rho": 0.6621648562073382,
      "capacity": 1.0,
      "tserv": 2.207216187357794,
      "stddev": 2.610376584521103,
      "mu": 0.4530593811914166,
      "cv": 1.1826556000596946,
      "lambda": 0.3,
      "twait": 5.188567305147918
    },
    "F6": {
      "rho": 0.5948716823794808,
      "capacity": 1.0,
      "tserv": 0.6609685359772008,
      "stddev": 0.8481345138357798,
      "mu": 1.5129313205833046,
      "cv": 1.2831692700498454,
      "lambda": 0.9,
      "twait": 1.284272609369759
    },
    "F7": {
      "rho": 0.6285934151420781,
      "capacity": 1.0,
      "tserv": 1.3968742558712848,
      "stddev": 1.4574567611855553,
      "mu": 0.7158840502621054,
      "cv": 1.0433700492794056,
      "lambda": 0.44999999999999996,
      "twait": 2.468921027006305
    },
    "F8": {
      "rho": 0.5697984377218447,
      "capacity": 1.0,
      "tserv": 1.8993281257394823,
      "stddev": 2.1882815558515083,
      "mu": 0.5265019700641042,
      "cv": 1.152134550210762,
      "lambda": 0.3,
      "twait": 2.9274731543663033
    },
    "F9": {
      "rho": 0.5297486513464119,
      "capacity": 1.0,
      "tserv": 0.35316576756427465,
      "stddev": 0.5677423626406798,
      "mu": 2.8315315125155904,
      "cv": 1.6075803908071389,
      "lambda": 1.4999999999999998,
      "twait": 0.7130082417563842
    },
    "F10": {
      "rho": 0.6678840320111272,
      "capacity": 1.0,
      "tserv": 1.484186737802505,
      "stddev": 1.8304261842611727,
      "mu": 0.6737696642409063,
      "cv": 1.2332856355874138,
      "lambda": 0.44999999999999996,
      "twait": 3.7621973508929827
    }
  },
  "extra": {
    "conv_gen": 108,
    "max_gen": 600,
    "population": 600,
    "deltatime": 71.1363234,
    "obj_func": 33.94844858700717
  },
  "network": [
    [
      0.0,
      0.8895924159175215,
      0.9144029299368691,
      0.9387393507425519,
      0.9398737903487394,
      0.991775860778267,
      1.0055972093696666,
      0.9249507639432422,
      0.7578066058915647,
      0.7578066058915647
    ],
    [
      0.8895924159175215,
      0.0,
      0.9144081396526407,
      0.9482187670233411,
      0.8007194652843037,
      0.8107222617747524,
      0.7016146967891053,
      0.7578066058915647,
      0.9649536870333882,
      0.9649536870333882
    ],
    [
      0.9144029299368691,
      0.9144081396526407,
      0.0,
      0.6421338006163463,
      0.8121696171140649,
      0.8474174171117103,
      0.9249507639432422,
      0.9649536870333882,
      0.956517526038902,
      0.956517526038902
    ],
    [
      0.9387393507425519,
      0.9482187670233411,
      0.6421338006163463,
      0.0,
      0.7173117218176005,
      1.0055972093696666,
      0.7578066058915647,
      0.956517526038902,
      1.0152740675872545,
      1.0152740675872545
    ],
    [
      0.9398737903487394,
      0.8007194652843037,
      0.8121696171140649,
      0.7173117218176005,
      0.0,
      0.7016146967891053,
      0.9649536870333882,
      1.0152740675872545,
      0.5032435592081735,
      0.5032435592081735
    ],
    [
      0.991775860778267,
      0.8107222617747524,
      0.8474174171117103,
      1.0055972093696666,
      0.7016146967891053,
      0.0,
      0.956517526038902,
      0.5032435592081735,
      0.7307501653982248,
      0.7307501653982248
    ],
    [
      1.0055972093696666,
      0.7016146967891053,
      0.9249507639432422,
      0.7578066058915647,
      0.9649536870333882,
      0.956517526038902,
      0.0,
      0.7307501653982248,
      1.0954677379171818,
      1.0954677379171818
    ],
    [
      0.9249507639432422,
      0.7578066058915647,
      0.9649536870333882,
      0.956517526038902,
      1.0152740675872545,
      0.5032435592081735,
      0.7307501653982248,
      0.0,
      0.662782731938824,
      0.662782731938824
    ],
    [
      0.7578066058915647,
      0.9649536870333882,
      0.956517526038902,
      1.0152740675872545,
      0.5032435592081735,
      0.7307501653982248,
      1.0954677379171818,
      0.662782731938824,
      0.0,
      0.9249852304639846
    ],
    [
      0.7578066058915647,
      0.9649536870333882,
      0.956517526038902,
      1.0152740675872545,
      0.5032435592081735,
      0.7307501653982248,
      1.0954677379171818,
      0.662782731938824,
      0.9249852304639846,
      0.0
    ]
  ]
}