{
  "servicechain": {
    "SC1": {
      "resptime": 33.83763947431002,
      "resptime_old": 23.83763947431002,
      "waittime": 17.895181943331693,
      "servicetime": 10.0,
      "networktime": 5.942457530978328,
      "services": {
        "MS1_1": {
          "meanserv": 0.7845713717860914,
          "stddevserv": 0.7845713717860914,
          "rate": 1.2745813012823566,
          "cv": 1.0,
          "lambda": 0.225
        },
        "MS1_2": {
          "meanserv": 1.5136898584927927,
          "stddevserv": 1.5136898584927927,
          "rate": 0.660637312451652,
          "cv": 1.0,
          "lambda": 0.225
        },
        "MS1_3": {
          "meanserv": 0.22679330121028185,
          "stddevserv": 0.22679330121028185,
          "rate": 4.409301309445661,
          "cv": 1.0,
          "lambda": 0.225
        },
        "MS1_4": {
          "meanserv": 0.676336808661969,
          "stddevserv": 0.676336808661969,
          "rate": 1.4785532698986916,
          "cv": 1.0,
          "lambda": 0.225
        },
        "MS1_5": {
          "meanserv": 0.5298342954482287,
          "stddevserv": 0.5298342954482287,
          "rate": 1.8873825431666724,
          "cv": 1.0,
          "lambda": 0.225
        },
        "MS1_6": {
          "meanserv": 0.737888918576922,
          "stddevserv": 0.737888918576922,
          "rate": 1.3552175331872178,
          "cv": 1.0,
          "lambda": 0.225
        },
        "MS1_7": {
          "meanserv": 1.6053637955274107,
          "stddevserv": 1.6053637955274107,
          "rate": 0.6229117679033428,
          "cv": 1.0,
          "lambda": 0.225
        },
        "MS1_8": {
          "meanserv": 1.0446005123756343,
          "stddevserv": 1.0446005123756343,
          "rate": 0.9573037617278172,
          "cv": 1.0,
          "lambda": 0.225
        },
        "MS1_9": {
          "meanserv": 2.7871122584581034,
          "stddevserv": 2.7871122584581034,
          "rate": 0.3587943029439452,
          "cv": 1.0,
          "lambda": 0.225
        },
        "MS1_10": {
          "meanserv": 0.093808879462566,
          "stddevserv": 0.093808879462566,
          "rate": 10.659971697018781,
          "cv": 1.0,
          "lambda": 0.225
        }
      },
      "sensors": [
        "S1"
      ],
      "sources": [
        {
          "startTime": 0,
          "stopTime": -1,
          "lambda": 0.225
        }
      ]
    },
    "SC2": {
      "resptime": 42.399414098139395,
      "resptime_old": 32.39941409813939,
      "waittime": 28.843830008481998,
      "servicetime": 10.0,
      "networktime": 3.555584089657394,
      "services": {
        "MS2_1": {
          "meanserv": 0.21924681284894776,
          "stddevserv": 0.21924681284894776,
          "rate": 4.561069723229956,
          "cv": 1.0,
          "lambda": 0.225
        },
        "MS2_2": {
          "meanserv": 2.764094412763066,
          "stddevserv": 2.764094412763066,
          "rate": 0.36178214296246564,
          "cv": 1.0,
          "lambda": 0.225
        },
        "MS2_3": {
          "meanserv": 1.908256624342032,
          "stddevserv": 1.908256624342032,
          "rate": 0.5240385319478719,
          "cv": 1.0,
          "lambda": 0.225
        },
        "MS2_4": {
          "meanserv": 0.39085820807012794,
          "stddevserv": 0.39085820807012794,
          "rate": 2.558472559492929,
          "cv": 1.0,
          "lambda": 0.225
        },
        "MS2_5": {
          "meanserv": 0.32600926360605875,
          "stddevserv": 0.32600926360605875,
          "rate": 3.0673974995028805,
          "cv": 1.0,
          "lambda": 0.225
        },
        "MS2_6": {
          "meanserv": 0.2284476614486124,
          "stddevserv": 0.2284476614486124,
          "rate": 4.377370263538209,
          "cv": 1.0,
          "lambda": 0.225
        },
        "MS2_7": {
          "meanserv": 0.2131461592282804,
          "stddevserv": 0.2131461592282804,
          "rate": 4.6916163238437525,
          "cv": 1.0,
          "lambda": 0.225
        },
        "MS2_8": {
          "meanserv": 0.054072914756241985,
          "stddevserv": 0.054072914756241985,
          "rate": 18.493547176214754,
          "cv": 1.0,
          "lambda": 0.225
        },
        "MS2_9": {
          "meanserv": 0.49292359858902035,
          "stddevserv": 0.49292359858902035,
          "rate": 2.02871196035749,
          "cv": 1.0,
          "lambda": 0.225
        },
        "MS2_10": {
          "meanserv": 3.4029443443476124,
          "stddevserv": 3.4029443443476124,
          "rate": 0.2938631663668048,
          "cv": 1.0,
          "lambda": 0.225
        }
      },
      "sensors": [
        "S2"
      ],
      "sources": [
        {
          "startTime": 0,
          "stopTime": -1,
          "lambda": 0.225
        }
      ]
    },
    "SC3": {
      "resptime": 32.83014641800596,
      "resptime_old": 22.83014641800596,
      "waittime": 18.31806042932557,
      "servicetime": 10.0,
      "networktime": 4.512085988680389,
      "services": {
        "MS3_1": {
          "meanserv": 1.9385416486244755,
          "stddevserv": 1.9385416486244755,
          "rate": 0.5158516974394471,
          "cv": 1.0,
          "lambda": 0.225
        },
        "MS3_2": {
          "meanserv": 0.144580705627819,
          "stddevserv": 0.144580705627819,
          "rate": 6.916552216685187,
          "cv": 1.0,
          "lambda": 0.225
        },
        "MS3_3": {
          "meanserv": 0.2392418721416658,
          "stddevserv": 0.2392418721416658,
          "rate": 4.179870317215438,
          "cv": 1.0,
          "lambda": 0.225
        },
        "MS3_4": {
          "meanserv": 2.5624987415518254,
          "stddevserv": 2.5624987415518254,
          "rate": 0.3902440940885728,
          "cv": 1.0,
          "lambda": 0.225
        },
        "MS3_5": {
          "meanserv": 2.1716956122270474,
          "stddevserv": 2.1716956122270474,
          "rate": 0.4604696875426811,
          "cv": 1.0,
          "lambda": 0.225
        },
        "MS3_6": {
          "meanserv": 0.11631595772204051,
          "stddevserv": 0.11631595772204051,
          "rate": 8.597272632098285,
          "cv": 1.0,
          "lambda": 0.225
        },
        "MS3_7": {
          "meanserv": 0.34228360165156957,
          "stddevserv": 0.34228360165156957,
          "rate": 2.921553925384828,
          "cv": 1.0,
          "lambda": 0.225
        },
        "MS3_8": {
          "meanserv": 1.6733700359644956,
          "stddevserv": 1.6733700359644956,
          "rate": 0.5975964541659914,
          "cv": 1.0,
          "lambda": 0.225
        },
        "MS3_9": {
          "meanserv": 0.5667804759971116,
          "stddevserv": 0.5667804759971116,
          "rate": 1.7643515300006491,
          "cv": 1.0,
          "lambda": 0.225
        },
        "MS3_10": {
          "meanserv": 0.2446913484919495,
          "stddevserv": 0.2446913484919495,
          "rate": 4.086781188477126,
          "cv": 1.0,
          "lambda": 0.225
        }
      },
      "sensors": [
        "S3"
      ],
      "sources": [
        {
          "startTime": 0,
          "stopTime": -1,
          "lambda": 0.225
        }
      ]
    },
    "SC4": {
      "resptime": 37.024756541656,
      "resptime_old": 27.024756541655997,
      "waittime": 22.435521169013626,
      "servicetime": 10.0,
      "networktime": 4.589235372642368,
      "services": {
        "MS4_1": {
          "meanserv": 0.42741781837324133,
          "stddevserv": 0.42741781837324133,
          "rate": 2.3396310518967485,
          "cv": 1.0,
          "lambda": 0.225
        },
        "MS4_2": {
          "meanserv": 1.599367735626569,
          "stddevserv": 1.599367735626569,
          "rate": 0.6252470759066798,
          "cv": 1.0,
          "lambda": 0.225
        },
        "MS4_3": {
          "meanserv": 0.37244011945452593,
          "stddevserv": 0.37244011945452593,
          "rate": 2.684995379833395,
          "cv": 1.0,
          "lambda": 0.225
        },
        "MS4_4": {
          "meanserv": 0.08378602504323496,
          "stddevserv": 0.08378602504323496,
          "rate": 11.93516459915581,
          "cv": 1.0,
          "lambda": 0.225
        },
        "MS4_5": {
          "meanserv": 0.649977296631782,
          "stddevserv": 0.649977296631782,
          "rate": 1.5385152761212657,
          "cv": 1.0,
          "lambda": 0.225
        },
        "MS4_6": {
          "meanserv": 0.19556431801008767,
          "stddevserv": 0.19556431801008767,
          "rate": 5.113407242053316,
          "cv": 1.0,
          "lambda": 0.225
        },
        "MS4_7": {
          "meanserv": 0.9467712023221928,
          "stddevserv": 0.9467712023221928,
          "rate": 1.0562213949339083,
          "cv": 1.0,
          "lambda": 0.225
        },
        "MS4_8": {
          "meanserv": 3.109836955774133,
          "stddevserv": 3.109836955774133,
          "rate": 0.321560266413089,
          "cv": 1.0,
          "lambda": 0.225
        },
        "MS4_9": {
          "meanserv": 0.14930603496598405,
          "stddevserv": 0.14930603496598405,
          "rate": 6.697652912876744,
          "cv": 1.0,
          "lambda": 0.225
        },
        "MS4_10": {
          "meanserv": 2.465532493798249,
          "stddevserv": 2.465532493798249,
          "rate": 0.40559189648296257,
          "cv": 1.0,
          "lambda": 0.225
        }
      },
      "sensors": [
        "S4"
      ],
      "sources": [
        {
          "startTime": 0,
          "stopTime": -1,
          "lambda": 0.225
        }
      ]
    }
  },
  "microservice": {
    "MS1_1": "F15",
    "MS1_2": "F13",
    "MS1_3": "F13",
    "MS1_4": "F13",
    "MS1_5": "F14",
    "MS1_6": "F14",
    "MS1_7": "F10",
    "MS1_8": "F14",
    "MS1_9": "F3",
    "MS1_10": "F13",
    "MS2_1": "F7",
    "MS2_2": "F4",
    "MS2_3": "F11",
    "MS2_4": "F11",
    "MS2_5": "F14",
    "MS2_6": "F14",
    "MS2_7": "F14",
    "MS2_8": "F12",
    "MS2_9": "F12",
    "MS2_10": "F1",
    "MS3_1": "F7",
    "MS3_2": "F7",
    "MS3_3": "F15",
    "MS3_4": "F5",
    "MS3_5": "F9",
    "MS3_6": "F10",
    "MS3_7": "F10",
    "MS3_8": "F8",
    "MS3_9": "F8",
    "MS3_10": "F8",
    "MS4_1": "F12",
    "MS4_2": "F12",
    "MS4_3": "F10",
    "MS4_4": "F15",
    "MS4_5": "F15",
    "MS4_6": "F15",
    "MS4_7": "F15",
    "MS4_8": "F2",
    "MS4_9": "F9",
    "MS4_10": "F6"
  },
  "sensor": {
    "S1": "F15",
    "S2": "F7",
    "S3": "F7",
    "S4": "F12"
  },
  "fog": {
    "F1": {
      "rho": 0.7656624774782128,
      "capacity": 1.0,
      "tserv": 3.4029443443476124,
      "stddev": 3.4029443443476124,
      "mu": 0.2938631663668048,
      "cv": 1.0,
      "lambda": 0.225,
      "twait": 11.11860691098423
    },
    "F2": {
      "rho": 0.69971331504918,
      "capacity": 1.0,
      "tserv": 3.109836955774133,
      "stddev": 3.109836955774133,
      "mu": 0.321560266413089,
      "cv": 1.0,
      "lambda": 0.225,
      "twait": 7.24638964908999
    },
    "F3": {
      "rho": 0.6271002581530732,
      "capacity": 1.0,
      "tserv": 2.7871122584581034,
      "stddev": 2.7871122584581034,
      "mu": 0.3587943029439452,
      "cv": 1.0,
      "lambda": 0.225,
      "twait": 4.687047537560734
    },
    "F4": {
      "rho": 0.6219212428716898,
      "capacity": 1.0,
      "tserv": 2.764094412763066,
      "stddev": 2.764094412763066,
      "mu": 0.36178214296246564,
      "cv": 1.0,
      "lambda": 0.225,
      "twait": 4.546801427452055
    },
    "F5": {
      "rho": 0.5765622168491608,
      "capacity": 1.0,
      "tserv": 2.5624987415518254,
      "stddev": 2.5624987415518254,
      "mu": 0.3902440940885728,
      "cv": 1.0,
      "lambda": 0.225,
      "twait": 3.489154756357686
    },
    "F6": {
      "rho": 0.554744811104606,
      "capacity": 1.0,
      "tserv": 2.465532493798249,
      "stddev": 2.4655324937982486,
      "mu": 0.40559189648296257,
      "cv": 0.9999999999999998,
      "lambda": 0.225,
      "twait": 3.0718145271647987
    },
    "F7": {
      "rho": 0.5180330625977796,
      "capacity": 1.0,
      "tserv": 0.7674563890337475,
      "stddev": 1.4008170247473153,
      "mu": 1.3030056356153767,
      "cv": 1.8252724777117166,
      "lambda": 0.675,
      "twait": 1.7865462102631857
    },
    "F8": {
      "rho": 0.5590894186020502,
      "capacity": 1.0,
      "tserv": 0.8282806201511855,
      "stddev": 1.1978336174625395,
      "mu": 1.2073202917840462,
      "cv": 1.4461688325436126,
      "lambda": 0.675,
      "twait": 1.6234318464630741
    },
    "F9": {
      "rho": 0.5222253706184321,
      "capacity": 1.0,
      "tserv": 1.1605008235965157,
      "stddev": 1.8416818299248332,
      "mu": 0.8616969326233594,
      "cv": 1.5869715837144043,
      "lambda": 0.45,
      "twait": 2.2315431008440934
    },
    "F10": {
      "rho": 0.548190781729998,
      "capacity": 1.0,
      "tserv": 0.6091008685888867,
      "stddev": 1.0258129186938447,
      "mu": 1.6417641996090324,
      "cv": 1.6841429254080054,
      "lambda": 0.9,
      "twait": 1.4175965864002367
    },
    "F11": {
      "rho": 0.517300837292736,
      "capacity": 1.0,
      "tserv": 1.14955741620608,
      "stddev": 1.5724920444970907,
      "mu": 0.8699000031684637,
      "cv": 1.3679108344904032,
      "lambda": 0.45,
      "twait": 1.768592323473667
    },
    "F12": {
      "rho": 0.5791009651526414,
      "capacity": 1.0,
      "tserv": 0.6434455168362682,
      "stddev": 1.0388735325122593,
      "mu": 1.5541331376693095,
      "cv": 1.614547782724877,
      "lambda": 0.9,
      "twait": 1.5965257739418022
    },
    "F13": {
      "rho": 0.5648914907612121,
      "capacity": 1.0,
      "tserv": 0.6276572119569024,
      "stddev": 1.0052404245631597,
      "mu": 1.5932263358883612,
      "cv": 1.6015755183136233,
      "lambda": 0.9,
      "twait": 1.4525292787528519
    },
    "F14": {
      "rho": 0.6929835324038406,
      "capacity": 1.0,
      "tserv": 0.5133211351139559,
      "stddev": 0.6657828883240164,
      "mu": 1.9480982402526688,
      "cv": 1.2970104731343555,
      "lambda": 1.35,
      "twait": 1.5538797549838625
    },
    "F15": {
      "rho": 0.6524802193353871,
      "capacity": 1.0,
      "tserv": 0.4833186809891757,
      "stddev": 0.6673604135666312,
      "mu": 2.0690282402355473,
      "cv": 1.380787542084634,
      "lambda": 1.35,
      "twait": 1.3187814394077264
    }
  },
  "extra": {
    "deltatime": 0.0820342,
    "obj_func": 36.52298913302784
  },
  "network": [
    [
      0.0,
      1.0492343772762873,
      1.0132232720093215,
      0.9397106879150958,
      0.7879423985922603,
      1.2712996402735655,
      1.0111579494454048,
      0.46926959599488477,
      1.1341840079548928,
      1.0451621596156415,
      1.1771627471999515,
      0.44377788966198983,
      0.9669482471827995,
      1.0622332131359158,
      1.0622332131359158
    ],
    [
      1.0492343772762873,
      0.0,
      0.8544668048279921,
      1.1606407815747908,
      1.049026163115092,
      0.8762202458037636,
      1.4224314121601558,
      0.9385403754676573,
      0.44724583766483633,
      0.9280595270250963,
      1.192991293044086,
      1.1046172217340935,
      1.0622332131359158,
      1.0103942562797625,
      1.0103942562797625
    ],
    [
      1.0132232720093215,
      0.8544668048279921,
      0.0,
      0.7673863765203546,
      0.7144682916959633,
      1.2579437492669,
      0.9610280208824465,
      1.2037019658212684,
      0.8450069808503469,
      1.067441649546754,
      1.0462621956121587,
      0.9669482471827995,
      1.0103942562797625,
      0.9713589047852852,
      0.9713589047852852
    ],
    [
      0.9397106879150958,
      1.1606407815747908,
      0.7673863765203546,
      0.0,
      1.3524036162453845,
      0.9745137385573749,
      0.7844636700839912,
      0.9514669692943782,
      0.6818329780224088,
      0.9010622806073378,
      0.44377788966198983,
      1.0622332131359158,
      0.9713589047852852,
      0.9783900700620173,
      0.9783900700620173
    ],
    [
      0.7879423985922603,
      1.049026163115092,
      0.7144682916959633,
      1.3524036162453845,
      0.0,
      0.81604227766237,
      1.189454842105857,
      1.09121527671368,
      0.9103081421367816,
      1.1771627471999515,
      1.1046172217340935,
      1.0103942562797625,
      0.9783900700620173,
      0.9928583854124026,
      0.9928583854124026
    ],
    [
      1.2712996402735655,
      0.8762202458037636,
      1.2579437492669,
      0.9745137385573749,
      0.81604227766237,
      0.0,
      0.9231440479232896,
      1.1432271455076737,
      1.0451621596156415,
      1.192991293044086,
      0.9669482471827995,
      0.9713589047852852,
      0.9928583854124026,
      1.3541655319006134,
      1.3541655319006134
    ],
    [
      1.0111579494454048,
      1.4224314121601558,
      0.9610280208824465,
      0.7844636700839912,
      1.189454842105857,
      0.9231440479232896,
      0.0,
      1.1341840079548928,
      0.9280595270250963,
      1.0462621956121587,
      1.0622332131359158,
      0.9783900700620173,
      1.3541655319006134,
      1.0605243497351216,
      1.0605243497351216
    ],
    [
      0.46926959599488477,
      0.9385403754676573,
      1.2037019658212684,
      0.9514669692943782,
      1.09121527671368,
      1.1432271455076737,
      1.1341840079548928,
      0.0,
      1.067441649546754,
      0.44377788966198983,
      1.0103942562797625,
      0.9928583854124026,
      1.0605243497351216,
      1.2630949331589312,
      1.2630949331589312
    ],
    [
      1.1341840079548928,
      0.44724583766483633,
      0.8450069808503469,
      0.6818329780224088,
      0.9103081421367816,
      1.0451621596156415,
      0.9280595270250963,
      1.067441649546754,
      0.0,
      1.1046172217340935,
      0.9713589047852852,
      1.3541655319006134,
      1.2630949331589312,
      0.8420028269577591,
      0.8420028269577591
    ],
    [
      1.0451621596156415,
      0.9280595270250963,
      1.067441649546754,
      0.9010622806073378,
      1.1771627471999515,
      1.192991293044086,
      1.0462621956121587,
      0.44377788966198983,
      1.1046172217340935,
      0.0,
      0.9783900700620173,
      1.0605243497351216,
      0.8420028269577591,
      1.0259087693470061,
      1.0259087693470061
    ],
    [
      1.1771627471999515,
      1.192991293044086,
      1.0462621956121587,
      0.44377788966198983,
      1.1046172217340935,
      0.9669482471827995,
      1.0622332131359158,
      1.0103942562797625,
      0.9713589047852852,
      0.9783900700620173,
      0.0,
      1.2630949331589312,
      1.0259087693470061,
      0.8346847667278829,
      0.8346847667278829
    ],
    [
      0.44377788966198983,
      1.1046172217340935,
      0.9669482471827995,
      1.0622332131359158,
      1.0103942562797625,
      0.9713589047852852,
      0.9783900700620173,
      0.9928583854124026,
      1.3541655319006134,
      1.0605243497351216,
      1.2630949331589312,
      0.0,
      0.8346847667278829,
      1.0488798735215403,
      1.0488798735215403
    ],
    [
      0.9669482471827995,
      1.0622332131359158,
      1.0103942562797625,
      0.9713589047852852,
      0.9783900700620173,
      0.9928583854124026,
      1.3541655319006134,
      1.0605243497351216,
      1.2630949331589312,
      0.8420028269577591,
      1.0259087693470061,
      0.8346847667278829,
      0.0,
      0.9544434156096342,
      0.9544434156096342
    ],
    [
      1.0622332131359158,
      1.0103942562797625,
      0.9713589047852852,
      0.9783900700620173,
      0.9928583854124026,
      1.3541655319006134,
      1.0605243497351216,
      1.2630949331589312,
      0.8420028269577591,
      1.0259087693470061,
      0.8346847667278829,
      1.0488798735215403,
      0.9544434156096342,
      0.0,
      1.1690342341677253
    ],
    [
      1.0622332131359158,
      1.0103942562797625,
      0.9713589047852852,
      0.9783900700620173,
      0.9928583854124026,
      1.3541655319006134,
      1.0605243497351216,
      1.2630949331589312,
      0.8420028269577591,
      1.0259087693470061,
      0.8346847667278829,
      1.0488798735215403,
      0.9544434156096342,
      1.1690342341677253,
      0.0
    ]
  ]
}