{
  "servicechain": {
    "SC1": {
      "resptime": 27.45194847810265,
      "resptime_old": 17.451948478102643,
      "waittime": 12.356670803306416,
      "servicetime": 10.0,
      "networktime": 5.095277674796234,
      "services": {
        "MS1_1": {
          "meanserv": 1.0564850493339084,
          "stddevserv": 1.0564850493339084,
          "rate": 0.9465349279012315,
          "cv": 1.0,
          "lambda": 0.15
        },
        "MS1_2": {
          "meanserv": 2.2321928123568404,
          "stddevserv": 2.2321928123568404,
          "rate": 0.44798997401311363,
          "cv": 1.0,
          "lambda": 0.15
        },
        "MS1_3": {
          "meanserv": 0.16182473204688774,
          "stddevserv": 0.16182473204688774,
          "rate": 6.17952514026259,
          "cv": 1.0,
          "lambda": 0.15
        },
        "MS1_4": {
          "meanserv": 2.919788733442956,
          "stddevserv": 2.919788733442956,
          "rate": 0.3424905331492324,
          "cv": 1.0,
          "lambda": 0.15
        },
        "MS1_5": {
          "meanserv": 0.4229801004293554,
          "stddevserv": 0.4229801004293554,
          "rate": 2.364177413984553,
          "cv": 1.0,
          "lambda": 0.15
        },
        "MS1_6": {
          "meanserv": 0.28233171735396745,
          "stddevserv": 0.28233171735396745,
          "rate": 3.5419329056333795,
          "cv": 1.0,
          "lambda": 0.15
        },
        "MS1_7": {
          "meanserv": 1.6823303834229684,
          "stddevserv": 1.6823303834229684,
          "rate": 0.5944135645730544,
          "cv": 1.0,
          "lambda": 0.15
        },
        "MS1_8": {
          "meanserv": 0.588220470214134,
          "stddevserv": 0.588220470214134,
          "rate": 1.7000428421608023,
          "cv": 1.0,
          "lambda": 0.15
        },
        "MS1_9": {
          "meanserv": 0.3363158007674958,
          "stddevserv": 0.3363158007674958,
          "rate": 2.973395831292884,
          "cv": 1.0,
          "lambda": 0.15
        },
        "MS1_10": {
          "meanserv": 0.3175302006314862,
          "stddevserv": 0.3175302006314862,
          "rate": 3.149306736843476,
          "cv": 1.0,
          "lambda": 0.15
        }
      },
      "sensors": [
        "S1"
      ],
      "sources": [
        {
          "startTime": 0,
          "stopTime": -1,
          "lambda": 0.15
        }
      ]
    },
    "SC2": {
      "resptime": 37.570038881242844,
      "resptime_old": 27.570038881242844,
      "waittime": 23.921777864749032,
      "servicetime": 10.0,
      "networktime": 3.648261016493814,
      "services": {
        "MS2_1": {
          "meanserv": 0.06729224734352002,
          "stddevserv": 0.06729224734352002,
          "rate": 14.860552879072422,
          "cv": 1.0,
          "lambda": 0.15
        },
        "MS2_2": {
          "meanserv": 0.2973726211687999,
          "stddevserv": 0.2973726211687999,
          "rate": 3.362784361484181,
          "cv": 1.0,
          "lambda": 0.15
        },
        "MS2_3": {
          "meanserv": 0.5489006181666012,
          "stddevserv": 0.5489006181666012,
          "rate": 1.821823417397723,
          "cv": 1.0,
          "lambda": 0.15
        },
        "MS2_4": {
          "meanserv": 0.40863945971272964,
          "stddevserv": 0.40863945971272964,
          "rate": 2.44714497396554,
          "cv": 1.0,
          "lambda": 0.15
        },
        "MS2_5": {
          "meanserv": 0.9657903799112135,
          "stddevserv": 0.9657903799112135,
          "rate": 1.0354213717597098,
          "cv": 1.0,
          "lambda": 0.15
        },
        "MS2_6": {
          "meanserv": 0.7529680532221725,
          "stddevserv": 0.7529680532221725,
          "rate": 1.328077593359645,
          "cv": 1.0,
          "lambda": 0.15
        },
        "MS2_7": {
          "meanserv": 0.24605360354258732,
          "stddevserv": 0.24605360354258732,
          "rate": 4.064155068661364,
          "cv": 1.0,
          "lambda": 0.15
        },
        "MS2_8": {
          "meanserv": 1.2080532301646985,
          "stddevserv": 1.2080532301646985,
          "rate": 0.8277780937381926,
          "cv": 1.0,
          "lambda": 0.15
        },
        "MS2_9": {
          "meanserv": 4.518965011166541,
          "stddevserv": 4.518965011166541,
          "rate": 0.22128960891021737,
          "cv": 1.0,
          "lambda": 0.15
        },
        "MS2_10": {
          "meanserv": 0.9859647756011363,
          "stddevserv": 0.9859647756011363,
          "rate": 1.0142350160433535,
          "cv": 1.0,
          "lambda": 0.15
        }
      },
      "sensors": [
        "S2"
      ],
      "sources": [
        {
          "startTime": 0,
          "stopTime": -1,
          "lambda": 0.15
        }
      ]
    },
    "SC3": {
      "resptime": 32.48832494369887,
      "resptime_old": 22.488324943698867,
      "waittime": 18.050226201990267,
      "servicetime": 10.0,
      "networktime": 4.4380987417086,
      "services": {
        "MS3_1": {
          "meanserv": 1.0974541184046116,
          "stddevserv": 1.0974541184046116,
          "rate": 0.9111998244206488,
          "cv": 1.0,
          "lambda": 0.15
        },
        "MS3_2": {
          "meanserv": 1.0184860634062554,
          "stddevserv": 1.0184860634062554,
          "rate": 0.981849468470457,
          "cv": 1.0,
          "lambda": 0.15
        },
        "MS3_3": {
          "meanserv": 0.3297012114570119,
          "stddevserv": 0.3297012114570119,
          "rate": 3.0330492131976436,
          "cv": 1.0,
          "lambda": 0.15
        },
        "MS3_4": {
          "meanserv": 1.0884914760833118,
          "stddevserv": 1.0884914760833118,
          "rate": 0.9187026467109066,
          "cv": 1.0,
          "lambda": 0.15
        },
        "MS3_5": {
          "meanserv": 3.0638173836476934,
          "stddevserv": 3.0638173836476934,
          "rate": 0.3263902102446552,
          "cv": 1.0,
          "lambda": 0.15
        },
        "MS3_6": {
          "meanserv": 0.4683691833367858,
          "stddevserv": 0.4683691833367858,
          "rate": 2.1350678814428736,
          "cv": 1.0,
          "lambda": 0.15
        },
        "MS3_7": {
          "meanserv": 0.0975107999651188,
          "stddevserv": 0.0975107999651188,
          "rate": 10.255274291234574,
          "cv": 1.0,
          "lambda": 0.15
        },
        "MS3_8": {
          "meanserv": 1.3606285750613099,
          "stddevserv": 1.3606285750613099,
          "rate": 0.734954430862912,
          "cv": 1.0,
          "lambda": 0.15
        },
        "MS3_9": {
          "meanserv": 0.4036193862024895,
          "stddevserv": 0.4036193862024895,
          "rate": 2.4775816875612504,
          "cv": 1.0,
          "lambda": 0.15
        },
        "MS3_10": {
          "meanserv": 1.071921802435412,
          "stddevserv": 1.071921802435412,
          "rate": 0.9329038720249879,
          "cv": 1.0,
          "lambda": 0.15
        }
      },
      "sensors": [
        "S3"
      ],
      "sources": [
        {
          "startTime": 0,
          "stopTime": -1,
          "lambda": 0.15
        }
      ]
    },
    "SC4": {
      "resptime": 36.203430866956865,
      "resptime_old": 26.203430866956865,
      "waittime": 19.801265865705222,
      "servicetime": 10.0,
      "networktime": 6.402165001251642,
      "services": {
        "MS4_1": {
          "meanserv": 0.3983302308627479,
          "stddevserv": 0.3983302308627479,
          "rate": 2.510479804242045,
          "cv": 1.0,
          "lambda": 0.15
        },
        "MS4_2": {
          "meanserv": 1.7000459020292988,
          "stddevserv": 1.7000459020292988,
          "rate": 0.5882194114913762,
          "cv": 1.0,
          "lambda": 0.15
        },
        "MS4_3": {
          "meanserv": 0.08337022743692213,
          "stddevserv": 0.08337022743692213,
          "rate": 11.994689600152519,
          "cv": 1.0,
          "lambda": 0.15
        },
        "MS4_4": {
          "meanserv": 0.9590989889499735,
          "stddevserv": 0.9590989889499735,
          "rate": 1.0426452446736547,
          "cv": 1.0,
          "lambda": 0.15
        },
        "MS4_5": {
          "meanserv": 0.7948505123164273,
          "stddevserv": 0.7948505123164273,
          "rate": 1.2580982014916327,
          "cv": 1.0,
          "lambda": 0.15
        },
        "MS4_6": {
          "meanserv": 0.9801287873202891,
          "stddevserv": 0.9801287873202891,
          "rate": 1.0202740833008688,
          "cv": 1.0,
          "lambda": 0.15
        },
        "MS4_7": {
          "meanserv": 0.8881132782405929,
          "stddevserv": 0.8881132782405929,
          "rate": 1.1259824895097408,
          "cv": 1.0,
          "lambda": 0.15
        },
        "MS4_8": {
          "meanserv": 1.9825241076231626,
          "stddevserv": 1.9825241076231626,
          "rate": 0.504407485465029,
          "cv": 1.0,
          "lambda": 0.15
        },
        "MS4_9": {
          "meanserv": 1.0062824436294067,
          "stddevserv": 1.0062824436294067,
          "rate": 0.993756779054251,
          "cv": 1.0,
          "lambda": 0.15
        },
        "MS4_10": {
          "meanserv": 1.207255521591179,
          "stddevserv": 1.207255521591179,
          "rate": 0.8283250580473523,
          "cv": 1.0,
          "lambda": 0.15
        }
      },
      "sensors": [
        "S4"
      ],
      "sources": [
        {
          "startTime": 0,
          "stopTime": -1,
          "lambda": 0.15
        }
      ]
    }
  },
  "microservice": {
    "MS1_1": "F6",
    "MS1_2": "F7",
    "MS1_3": "F10",
    "MS1_4": "F2",
    "MS1_5": "F10",
    "MS1_6": "F10",
    "MS1_7": "F9",
    "MS1_8": "F10",
    "MS1_9": "F10",
    "MS1_10": "F10",
    "MS2_1": "F10",
    "MS2_2": "F10",
    "MS2_3": "F10",
    "MS2_4": "F10",
    "MS2_5": "F3",
    "MS2_6": "F3",
    "MS2_7": "F3",
    "MS2_8": "F8",
    "MS2_9": "F5",
    "MS2_10": "F6",
    "MS3_1": "F1",
    "MS3_2": "F9",
    "MS3_3": "F9",
    "MS3_4": "F1",
    "MS3_5": "F8",
    "MS3_6": "F1",
    "MS3_7": "F1",
    "MS3_8": "F4",
    "MS3_9": "F4",
    "MS3_10": "F4",
    "MS4_1": "F6",
    "MS4_2": "F6",
    "MS4_3": "F10",
    "MS4_4": "F2",
    "MS4_5": "F9",
    "MS4_6": "F7",
    "MS4_7": "F7",
    "MS4_8": "F3",
    "MS4_9": "F1",
    "MS4_10": "F4"
  },
  "sensor": {
    "S1": "F6",
    "S2": "F10",
    "S3": "F1",
    "S4": "F6"
  },
  "fog": {
    "F1": {
      "rho": 0.5637162032128852,
      "capacity": 1.0,
      "tserv": 0.751621604283847,
      "stddev": 0.9419902440704756,
      "mu": 1.3304567009523505,
      "cv": 1.2532772324553043,
      "lambda": 0.75,
      "twait": 1.248282081507275
    },
    "F2": {
      "rho": 0.5818331583589395,
      "capacity": 1.0,
      "tserv": 1.9394438611964648,
      "stddev": 2.384029074447841,
      "mu": 0.515611727674906,
      "cv": 1.2292333499032586,
      "lambda": 0.3,
      "twait": 3.3880150856099793
    },
    "F3": {
      "rho": 0.5921004216448704,
      "capacity": 1.0,
      "tserv": 0.986834036074784,
      "stddev": 1.3309720753483611,
      "mu": 1.013341619202338,
      "cv": 1.3487293979466044,
      "lambda": 0.6,
      "twait": 2.019120557454418
    },
    "F4": {
      "rho": 0.6065137927935585,
      "capacity": 1.0,
      "tserv": 1.0108563213225976,
      "stddev": 1.1351299415540295,
      "mu": 0.9892602726088775,
      "cv": 1.1229389554282383,
      "lambda": 0.6,
      "twait": 1.761447118799407
    },
    "F5": {
      "rho": 0.6778447516749811,
      "capacity": 1.0,
      "tserv": 4.518965011166541,
      "stddev": 4.518965011166541,
      "mu": 0.22128960891021737,
      "cv": 1.0,
      "lambda": 0.15,
      "twait": 9.508324733954753
    },
    "F6": {
      "rho": 0.6211238936740637,
      "capacity": 1.0,
      "tserv": 1.035206489456773,
      "stddev": 1.2234797277419884,
      "mu": 0.9659908532110848,
      "cv": 1.1818702260879492,
      "lambda": 0.6,
      "twait": 2.033821935817223
    },
    "F7": {
      "rho": 0.6150652316876584,
      "capacity": 1.0,
      "tserv": 1.3668116259725742,
      "stddev": 1.6186046161057053,
      "mu": 0.7316297147300278,
      "cv": 1.1842192335421233,
      "lambda": 0.44999999999999996,
      "twait": 2.6233337205836227
    },
    "F8": {
      "rho": 0.6407805920718588,
      "capacity": 1.0,
      "tserv": 2.135935306906196,
      "stddev": 2.506820682052208,
      "mu": 0.46817897375761536,
      "cv": 1.173640734317568,
      "lambda": 0.3,
      "twait": 4.529141241203296
    },
    "F9": {
      "rho": 0.5738052255903994,
      "capacity": 1.0,
      "tserv": 0.9563420426506657,
      "stddev": 1.1787407265858458,
      "mu": 1.045650986155883,
      "cv": 1.2325514031765916,
      "lambda": 0.6,
      "twait": 1.621807639179825
    },
    "F10": {
      "rho": 0.5272167292907849,
      "capacity": 1.0,
      "tserv": 0.31952529047926365,
      "stddev": 0.3934474269073789,
      "mu": 3.1296427224902166,
      "cv": 1.2313498763031798,
      "lambda": 1.6499999999999997,
      "twait": 0.44828207035262685
    }
  },
  "extra": {
    "conv_gen": 521,
    "max_gen": 600,
    "population": 600,
    "deltatime": 61.8895639,
    "obj_func": 33.42843579250031
  },
  "network": [
    [
      0.0,
      1.133376272929036,
      0.8968842926451601,
      0.9231663844116575,
      0.890654370475445,
      0.9044910011571279,
      1.110113270133591,
      0.8944053623454304,
      0.8630608163030409,
      0.8630608163030409
    ],
    [
      1.133376272929036,
      0.0,
      1.1516544581707087,
      1.161049644623941,
      0.9981473421292841,
      1.0463784694874263,
      0.869857105009668,
      0.8630608163030409,
      0.6649632456751035,
      0.6649632456751035
    ],
    [
      0.8968842926451601,
      1.1516544581707087,
      0.0,
      1.0535324698651416,
      1.0613533151591812,
      1.0464263580034536,
      0.8944053623454304,
      0.6649632456751035,
      1.1965919150218491,
      1.1965919150218491
    ],
    [
      0.9231663844116575,
      1.161049644623941,
      1.0535324698651416,
      0.0,
      1.1855774907232812,
      1.110113270133591,
      0.8630608163030409,
      1.1965919150218491,
      0.9168487507871935,
      0.9168487507871935
    ],
    [
      0.890654370475445,
      0.9981473421292841,
      1.0613533151591812,
      1.1855774907232812,
      0.0,
      0.869857105009668,
      0.6649632456751035,
      0.9168487507871935,
      1.3706139183333192,
      1.3706139183333192
    ],
    [
      0.9044910011571279,
      1.0463784694874263,
      1.0464263580034536,
      1.110113270133591,
      0.869857105009668,
      0.0,
      1.1965919150218491,
      1.3706139183333192,
      1.3187918637980234,
      1.3187918637980234
    ],
    [
      1.110113270133591,
      0.869857105009668,
      0.8944053623454304,
      0.8630608163030409,
      0.6649632456751035,
      1.1965919150218491,
      0.0,
      1.3187918637980234,
      1.0389906067011632,
      1.0389906067011632
    ],
    [
      0.8944053623454304,
      0.8630608163030409,
      0.6649632456751035,
      1.1965919150218491,
      0.9168487507871935,
      1.3706139183333192,
      1.3187918637980234,
      0.0,
      1.1628550420489523,
      1.1628550420489523
    ],
    [
      0.8630608163030409,
      0.6649632456751035,
      1.1965919150218491,
      0.9168487507871935,
      1.3706139183333192,
      1.3187918637980234,
      1.0389906067011632,
      1.1628550420489523,
      0.0,
      0.7648843308615074
    ],
    [
      0.8630608163030409,
      0.6649632456751035,
      1.1965919150218491,
      0.9168487507871935,
      1.3706139183333192,
      1.3187918637980234,
      1.0389906067011632,
      1.1628550420489523,
      0.7648843308615074,
      0.0
    ]
  ]
}