{
  "servicechain": {
    "SC1": {
      "resptime": 4210.924299968493,
      "resptime_old": 4200.924299968492,
      "waittime": 4194.060303751009,
      "servicetime": 10.0,
      "networktime": 6.863996217484324,
      "services": {
        "MS1_1": {
          "meanserv": 0.5481317996826673,
          "stddevserv": 0.5481317996826673,
          "rate": 1.8243787362436095,
          "cv": 1.0,
          "lambda": 0.375
        },
        "MS1_2": {
          "meanserv": 1.0664275850385252,
          "stddevserv": 1.0664275850385252,
          "rate": 0.9377101774462019,
          "cv": 1.0,
          "lambda": 0.375
        },
        "MS1_3": {
          "meanserv": 1.1639393065387873,
          "stddevserv": 1.1639393065387873,
          "rate": 0.8591513272059739,
          "cv": 1.0,
          "lambda": 0.375
        },
        "MS1_4": {
          "meanserv": 0.1955744400366597,
          "stddevserv": 0.1955744400366597,
          "rate": 5.1131425957939785,
          "cv": 1.0,
          "lambda": 0.375
        },
        "MS1_5": {
          "meanserv": 0.0034123783478654524,
          "stddevserv": 0.0034123783478654524,
          "rate": 293.0507399994291,
          "cv": 1.0,
          "lambda": 0.375
        },
        "MS1_6": {
          "meanserv": 3.341693385398913,
          "stddevserv": 3.341693385398913,
          "rate": 0.29924947763590987,
          "cv": 1.0,
          "lambda": 0.375
        },
        "MS1_7": {
          "meanserv": 0.7971465060457579,
          "stddevserv": 0.7971465060457579,
          "rate": 1.2544745444102818,
          "cv": 1.0,
          "lambda": 0.375
        },
        "MS1_8": {
          "meanserv": 0.5970722110028541,
          "stddevserv": 0.5970722110028541,
          "rate": 1.6748392934254643,
          "cv": 1.0,
          "lambda": 0.375
        },
        "MS1_9": {
          "meanserv": 2.0101952485837,
          "stddevserv": 2.0101952485837,
          "rate": 0.4974641148438484,
          "cv": 1.0,
          "lambda": 0.375
        },
        "MS1_10": {
          "meanserv": 0.2764071393242702,
          "stddevserv": 0.2764071393242702,
          "rate": 3.6178515592784257,
          "cv": 1.0,
          "lambda": 0.375
        }
      },
      "sensors": [
        "S1"
      ],
      "sources": [
        {
          "startTime": 0,
          "stopTime": -1,
          "lambda": 0.375
        }
      ]
    },
    "SC2": {
      "resptime": 4106.263183455628,
      "resptime_old": 4096.263183455628,
      "waittime": 4090.9707289146286,
      "servicetime": 10.0,
      "networktime": 5.292454540999396,
      "services": {
        "MS2_1": {
          "meanserv": 1.1740109443188518,
          "stddevserv": 1.1740109443188518,
          "rate": 0.8517808158766262,
          "cv": 1.0,
          "lambda": 0.375
        },
        "MS2_2": {
          "meanserv": 0.6941613525273727,
          "stddevserv": 0.6941613525273727,
          "rate": 1.4405872587966748,
          "cv": 1.0,
          "lambda": 0.375
        },
        "MS2_3": {
          "meanserv": 0.059315408354779775,
          "stddevserv": 0.059315408354779775,
          "rate": 16.85902580352745,
          "cv": 1.0,
          "lambda": 0.375
        },
        "MS2_4": {
          "meanserv": 3.3004514355107117,
          "stddevserv": 3.3004514355107117,
          "rate": 0.3029888545671814,
          "cv": 1.0,
          "lambda": 0.375
        },
        "MS2_5": {
          "meanserv": 0.7093578724668301,
          "stddevserv": 0.7093578724668301,
          "rate": 1.4097256671339196,
          "cv": 1.0,
          "lambda": 0.375
        },
        "MS2_6": {
          "meanserv": 0.20251832629937905,
          "stddevserv": 0.20251832629937905,
          "rate": 4.937824730596078,
          "cv": 1.0,
          "lambda": 0.375
        },
        "MS2_7": {
          "meanserv": 0.4841880188755354,
          "stddevserv": 0.4841880188755354,
          "rate": 2.0653133927650082,
          "cv": 1.0,
          "lambda": 0.375
        },
        "MS2_8": {
          "meanserv": 1.9454088963784546,
          "stddevserv": 1.9454088963784546,
          "rate": 0.5140307530522688,
          "cv": 1.0,
          "lambda": 0.375
        },
        "MS2_9": {
          "meanserv": 0.11462662000824153,
          "stddevserv": 0.11462662000824153,
          "rate": 8.723977030188111,
          "cv": 1.0,
          "lambda": 0.375
        },
        "MS2_10": {
          "meanserv": 1.315961125259843,
          "stddevserv": 1.315961125259843,
          "rate": 0.7599008669823321,
          "cv": 1.0,
          "lambda": 0.375
        }
      },
      "sensors": [
        "S2"
      ],
      "sources": [
        {
          "startTime": 0,
          "stopTime": -1,
          "lambda": 0.375
        }
      ]
    },
    "SC3": {
      "resptime": 63.111419943069315,
      "resptime_old": 53.111419943069315,
      "waittime": 45.57815989786137,
      "servicetime": 10.0,
      "networktime": 7.533260045207946,
      "services": {
        "MS3_1": {
          "meanserv": 2.503498333254708,
          "stddevserv": 2.503498333254708,
          "rate": 0.39944104883822157,
          "cv": 1.0,
          "lambda": 0.375
        },
        "MS3_2": {
          "meanserv": 0.4605789009851149,
          "stddevserv": 0.4605789009851149,
          "rate": 2.1711806551736035,
          "cv": 1.0,
          "lambda": 0.375
        },
        "MS3_3": {
          "meanserv": 1.257075190171764,
          "stddevserv": 1.257075190171764,
          "rate": 0.7954973638954422,
          "cv": 1.0,
          "lambda": 0.375
        },
        "MS3_4": {
          "meanserv": 0.7839548669521594,
          "stddevserv": 0.7839548669521594,
          "rate": 1.2755836364506232,
          "cv": 1.0,
          "lambda": 0.375
        },
        "MS3_5": {
          "meanserv": 1.268656395445122,
          "stddevserv": 1.268656395445122,
          "rate": 0.7882354935428667,
          "cv": 1.0,
          "lambda": 0.375
        },
        "MS3_6": {
          "meanserv": 0.009909194796541954,
          "stddevserv": 0.009909194796541954,
          "rate": 100.91637317988476,
          "cv": 1.0,
          "lambda": 0.375
        },
        "MS3_7": {
          "meanserv": 0.8793155334036307,
          "stddevserv": 0.8793155334036307,
          "rate": 1.1372481913622374,
          "cv": 1.0,
          "lambda": 0.375
        },
        "MS3_8": {
          "meanserv": 1.4900708440929993,
          "stddevserv": 1.4900708440929993,
          "rate": 0.6711090307982613,
          "cv": 1.0,
          "lambda": 0.375
        },
        "MS3_9": {
          "meanserv": 1.3014945027626972,
          "stddevserv": 1.3014945027626972,
          "rate": 0.7683474635331065,
          "cv": 1.0,
          "lambda": 0.375
        },
        "MS3_10": {
          "meanserv": 0.04544623813526272,
          "stddevserv": 0.04544623813526272,
          "rate": 22.004021477502192,
          "cv": 1.0,
          "lambda": 0.375
        }
      },
      "sensors": [
        "S3"
      ],
      "sources": [
        {
          "startTime": 0,
          "stopTime": -1,
          "lambda": 0.375
        }
      ]
    },
    "SC4": {
      "resptime": 4292.957832944996,
      "resptime_old": 4282.957832944996,
      "waittime": 4278.613963279642,
      "servicetime": 10.0,
      "networktime": 4.343869665353673,
      "services": {
        "MS4_1": {
          "meanserv": 0.012074360145145624,
          "stddevserv": 0.012074360145145624,
          "rate": 82.8201236321446,
          "cv": 1.0,
          "lambda": 0.375
        },
        "MS4_2": {
          "meanserv": 0.7038057248278451,
          "stddevserv": 0.7038057248278451,
          "rate": 1.4208466409457037,
          "cv": 1.0,
          "lambda": 0.375
        },
        "MS4_3": {
          "meanserv": 1.7355300307354424,
          "stddevserv": 1.7355300307354424,
          "rate": 0.5761928530710836,
          "cv": 1.0,
          "lambda": 0.375
        },
        "MS4_4": {
          "meanserv": 2.0524061720833293,
          "stddevserv": 2.0524061720833293,
          "rate": 0.4872329919885854,
          "cv": 1.0,
          "lambda": 0.375
        },
        "MS4_5": {
          "meanserv": 3.374335636459687,
          "stddevserv": 3.374335636459687,
          "rate": 0.296354633248395,
          "cv": 1.0,
          "lambda": 0.375
        },
        "MS4_6": {
          "meanserv": 0.0502516437250744,
          "stddevserv": 0.0502516437250744,
          "rate": 19.899846569616255,
          "cv": 1.0,
          "lambda": 0.375
        },
        "MS4_7": {
          "meanserv": 0.8226449183424123,
          "stddevserv": 0.8226449183424123,
          "rate": 1.2155912930392243,
          "cv": 1.0,
          "lambda": 0.375
        },
        "MS4_8": {
          "meanserv": 0.32136262452156394,
          "stddevserv": 0.32136262452156394,
          "rate": 3.111749543024094,
          "cv": 1.0,
          "lambda": 0.375
        },
        "MS4_9": {
          "meanserv": 0.34688369102719463,
          "stddevserv": 0.34688369102719463,
          "rate": 2.8828106534463824,
          "cv": 1.0,
          "lambda": 0.375
        },
        "MS4_10": {
          "meanserv": 0.5807051981323053,
          "stddevserv": 0.5807051981323053,
          "rate": 1.7220441683943124,
          "cv": 1.0,
          "lambda": 0.375
        }
      },
      "sensors": [
        "S4"
      ],
      "sources": [
        {
          "startTime": 0,
          "stopTime": -1,
          "lambda": 0.375
        }
      ]
    }
  },
  "microservice": {
    "MS1_1": "F17",
    "MS1_2": "F13",
    "MS1_3": "F10",
    "MS1_4": "F18",
    "MS1_5": "F18",
    "MS1_6": "F22",
    "MS1_7": "F14",
    "MS1_8": "F14",
    "MS1_9": "F8",
    "MS1_10": "F4",
    "MS2_1": "F12",
    "MS2_2": "F23",
    "MS2_3": "F23",
    "MS2_4": "F7",
    "MS2_5": "F20",
    "MS2_6": "F20",
    "MS2_7": "F20",
    "MS2_8": "F25",
    "MS2_9": "F4",
    "MS2_10": "F16",
    "MS3_1": "F6",
    "MS3_2": "F17",
    "MS3_3": "F1",
    "MS3_4": "F2",
    "MS3_5": "F11",
    "MS3_6": "F15",
    "MS3_7": "F15",
    "MS3_8": "F21",
    "MS3_9": "F5",
    "MS3_10": "F23",
    "MS4_1": "F4",
    "MS4_2": "F4",
    "MS4_3": "F19",
    "MS4_4": "F9",
    "MS4_5": "F3",
    "MS4_6": "F24",
    "MS4_7": "F24",
    "MS4_8": "F24",
    "MS4_9": "F18",
    "MS4_10": "F18"
  },
  "sensor": {
    "S1": "F17",
    "S2": "F12",
    "S3": "F6",
    "S4": "F4"
  },
  "fog": {
    "F1": {
      "rho": 0.4714031963144115,
      "capacity": 1.0,
      "tserv": 1.257075190171764,
      "stddev": 1.257075190171764,
      "mu": 0.7954973638954422,
      "cv": 1.0,
      "lambda": 0.375,
      "twait": 1.1210610024932932
    },
    "F2": {
      "rho": 0.2939830751070598,
      "capacity": 1.0,
      "tserv": 0.7839548669521594,
      "stddev": 0.7839548669521594,
      "mu": 1.2755836364506232,
      "cv": 1.0,
      "lambda": 0.375,
      "twait": 0.32643617228679034
    },
    "F3": {
      "rho": 1.2653758636723824,
      "capacity": 1.0,
      "tserv": 3.374335636459687,
      "stddev": 3.374335636459687,
      "mu": 0.296354633248395,
      "cv": 1.0,
      "lambda": 0.375,
      "twait": 4265.5330674353645
    },
    "F4": {
      "rho": 0.4150926916145634,
      "capacity": 1.0,
      "tserv": 0.2767284610763756,
      "stddev": 0.46468869946336394,
      "mu": 3.6136507105570366,
      "cv": 1.6792226490036104,
      "lambda": 1.5,
      "twait": 0.3750776717760212
    },
    "F5": {
      "rho": 0.48806043853601144,
      "capacity": 1.0,
      "tserv": 1.3014945027626972,
      "stddev": 1.3014945027626972,
      "mu": 0.7683474635331065,
      "cv": 1.0,
      "lambda": 0.375,
      "twait": 1.24078704906898
    },
    "F6": {
      "rho": 0.9388118749705154,
      "capacity": 1.0,
      "tserv": 2.503498333254708,
      "stddev": 2.503498333254708,
      "mu": 0.39944104883822157,
      "cv": 1.0,
      "lambda": 0.375,
      "twait": 38.41127609476304
    },
    "F7": {
      "rho": 1.2376692883165168,
      "capacity": 1.0,
      "tserv": 3.3004514355107113,
      "stddev": 3.3004514355107117,
      "mu": 0.3029888545671814,
      "cv": 1.0000000000000002,
      "lambda": 0.375,
      "twait": 4080.7825119324534
    },
    "F8": {
      "rho": 0.7538232182188874,
      "capacity": 1.0,
      "tserv": 2.0101952485837,
      "stddev": 2.0101952485837,
      "mu": 0.4974641148438484,
      "cv": 1.0,
      "lambda": 0.375,
      "twait": 6.155462105614144
    },
    "F9": {
      "rho": 0.7696523145312485,
      "capacity": 1.0,
      "tserv": 2.0524061720833293,
      "stddev": 2.0524061720833293,
      "mu": 0.4872329919885854,
      "cv": 1.0,
      "lambda": 0.375,
      "twait": 6.85762983677318
    },
    "F10": {
      "rho": 0.43647723995204524,
      "capacity": 1.0,
      "tserv": 1.1639393065387873,
      "stddev": 1.1639393065387873,
      "mu": 0.8591513272059739,
      "cv": 1.0,
      "lambda": 0.375,
      "twait": 0.9015306071160545
    },
    "F11": {
      "rho": 0.47574614829192075,
      "capacity": 1.0,
      "tserv": 1.268656395445122,
      "stddev": 1.268656395445122,
      "mu": 0.7882354935428667,
      "cv": 1.0,
      "lambda": 0.375,
      "twait": 1.1512712623330588
    },
    "F12": {
      "rho": 0.44025410411956944,
      "capacity": 1.0,
      "tserv": 1.1740109443188518,
      "stddev": 1.1740109443188518,
      "mu": 0.8517808158766262,
      "cv": 1.0,
      "lambda": 0.375,
      "twait": 0.9233888811362985
    },
    "F13": {
      "rho": 0.39991034438944695,
      "capacity": 1.0,
      "tserv": 1.0664275850385252,
      "stddev": 1.0664275850385252,
      "mu": 0.9377101774462019,
      "cv": 1.0,
      "lambda": 0.375,
      "twait": 0.7106861763268544
    },
    "F14": {
      "rho": 0.5228320188932295,
      "capacity": 1.0,
      "tserv": 0.697109358524306,
      "stddev": 0.7113201244943282,
      "mu": 1.4344951588612667,
      "cv": 1.0203852749877074,
      "lambda": 0.75,
      "twait": 0.7795507686978802
    },
    "F15": {
      "rho": 0.33345927307506473,
      "capacity": 1.0,
      "tserv": 0.4446123641000863,
      "stddev": 0.7586921939204064,
      "mu": 2.249150227803586,
      "cv": 1.7064127207888844,
      "lambda": 0.75,
      "twait": 0.43506006170507855
    },
    "F16": {
      "rho": 0.49348542197244116,
      "capacity": 1.0,
      "tserv": 1.315961125259843,
      "stddev": 1.315961125259843,
      "mu": 0.7599008669823321,
      "cv": 1.0,
      "lambda": 0.375,
      "twait": 1.282110445324337
    },
    "F17": {
      "rho": 0.37826651275041834,
      "capacity": 1.0,
      "tserv": 0.5043553503338911,
      "stddev": 0.508140801791781,
      "mu": 1.982729040820097,
      "cv": 1.007505524538173,
      "lambda": 0.75,
      "twait": 0.3091646608040017
    },
    "F18": {
      "rho": 0.4224658903290094,
      "capacity": 1.0,
      "tserv": 0.28164392688600626,
      "stddev": 0.4105856945003272,
      "mu": 3.550582506984943,
      "cv": 1.4578183845111257,
      "lambda": 1.5,
      "twait": 0.3219341203344403
    },
    "F19": {
      "rho": 0.6508237615257909,
      "capacity": 1.0,
      "tserv": 1.7355300307354424,
      "stddev": 1.7355300307354424,
      "mu": 0.5761928530710836,
      "cv": 1.0,
      "lambda": 0.375,
      "twait": 3.234825450265114
    },
    "F20": {
      "rho": 0.5235240816156542,
      "capacity": 1.0,
      "tserv": 0.46535473921391485,
      "stddev": 0.5500349997209929,
      "mu": 2.148898282822298,
      "cv": 1.181969266392605,
      "lambda": 1.125,
      "twait": 0.6128119003217131
    },
    "F21": {
      "rho": 0.5587765665348747,
      "capacity": 1.0,
      "tserv": 1.4900708440929993,
      "stddev": 1.4900708440929993,
      "mu": 0.6711090307982613,
      "cv": 1.0,
      "lambda": 0.375,
      "twait": 1.8870635759689758
    },
    "F22": {
      "rho": 1.2531350195245925,
      "capacity": 1.0,
      "tserv": 3.3416933853989135,
      "stddev": 3.341693385398913,
      "mu": 0.29924947763590987,
      "cv": 0.9999999999999999,
      "lambda": 0.375,
      "twait": 4183.405412751307
    },
    "F23": {
      "rho": 0.2995961246315306,
      "capacity": 1.0,
      "tserv": 0.2663076663391383,
      "stddev": 0.5040264555524018,
      "mu": 3.7550552477393455,
      "cv": 1.8926471869215082,
      "lambda": 1.125,
      "twait": 0.2609799567330729
    },
    "F24": {
      "rho": 0.44784719497089404,
      "capacity": 1.0,
      "tserv": 0.39808639552968356,
      "stddev": 0.6026799362582267,
      "mu": 2.5120175198889316,
      "cv": 1.51394255876621,
      "lambda": 1.125,
      "twait": 0.53147232433905
    },
    "F25": {
      "rho": 0.7295283361419204,
      "capacity": 1.0,
      "tserv": 1.9454088963784546,
      "stddev": 1.9454088963784546,
      "mu": 0.5140307530522688,
      "cv": 1.0,
      "lambda": 0.375,
      "twait": 5.24724436950761
    }
  },
  "extra": {
    "conv_gen": 7,
    "max_gen": 600,
    "population": 600,
    "deltatime": 82.1540306,
    "obj_func": 3168.3141840780463
  },
  "network": [
    [
      0.0,
      1.0853038901292704,
      0.5534700829331664,
      0.963963844041895,
      1.4395579588422323,
      0.7733158090339961,
      1.192794618487205,
      0.7380899878149048,
      0.9043766361647155,
      0.9373876452073819,
      1.0726695761541847,
      0.9641858261984847,
      0.7784476594958325,
      1.0194131857025317,
      1.0704514975664063,
      0.8152176757693015,
      1.101098010444608,
      1.1104007738163248,
      1.0246743832685625,
      0.9965309045243684,
      1.105483740678463,
      1.2535410915418062,
      0.9338276947564719,
      0.9722322923407857,
      0.9722322923407857
    ],
    [
      1.0853038901292704,
      0.0,
      0.9188904491082318,
      1.1566730896479827,
      1.1204478341263664,
      1.2201814278313112,
      1.1706530263839368,
      1.2357513858665374,
      1.0371075742265041,
      1.011726608425472,
      0.8422412102355606,
      1.096791478680352,
      1.0452452857136758,
      0.7390900444178502,
      0.9513149304207343,
      1.0036243621897836,
      1.1770433496055646,
      1.399695540591135,
      0.8937901666344891,
      1.008361472027641,
      0.9005237077180118,
      1.0553786236338436,
      0.9722322923407857,
      0.8799524643146881,
      0.8799524643146881
    ],
    [
      0.5534700829331664,
      0.9188904491082318,
      0.0,
      1.0697337970601764,
      0.8508360229663827,
      1.0424402780466926,
      1.1801024200638432,
      0.8378915153987921,
      0.8816183908830885,
      0.7578704941648808,
      1.1539678637599582,
      1.2058236968416758,
      1.0331435630071981,
      1.2000580312473228,
      0.6833840422307474,
      0.71338992546718,
      1.2051994082590112,
      0.9257991297227183,
      1.4906126796941608,
      1.2206750178419272,
      1.013997407785256,
      0.9338276947564719,
      0.8799524643146881,
      0.77541752486713,
      0.77541752486713
    ],
    [
      0.963963844041895,
      1.1566730896479827,
      1.0697337970601764,
      0.0,
      0.9341487314588044,
      0.8373892343200611,
      1.1401660938156364,
      0.7391951657658393,
      1.07927541408064,
      1.0197287686299716,
      0.9516182153752659,
      1.0547033212019359,
      1.1157465501906472,
      1.2803199000736087,
      0.9874162361351776,
      0.7503743265064426,
      0.8117587624832604,
      1.0112557286153399,
      0.9590188798466572,
      0.6533183794484116,
      1.2535410915418062,
      0.9722322923407857,
      0.77541752486713,
      0.7286884696228095,
      0.7286884696228095
    ],
    [
      1.4395579588422323,
      1.1204478341263664,
      0.8508360229663827,
      0.9341487314588044,
      0.0,
      1.1839678385349581,
      1.0548107924098604,
      1.1266532103627418,
      1.2877054739324238,
      1.1639666822290955,
      0.9842332853785754,
      0.8514449254442956,
      0.9014675734145434,
      1.0796256754695153,
      0.9468097398158223,
      0.9077944391835321,
      0.8672089413252433,
      1.0203474356664775,
      1.0440291485402056,
      1.105483740678463,
      1.0553786236338436,
      0.8799524643146881,
      0.7286884696228095,
      1.470021124280945,
      1.470021124280945
    ],
    [
      0.7733158090339961,
      1.2201814278313112,
      1.0424402780466926,
      0.8373892343200611,
      1.1839678385349581,
      0.0,
      1.2082842114500265,
      1.0999350273497512,
      1.2610372738073028,
      1.274874080341134,
      0.9122521233888574,
      1.119976545107104,
      0.9746306018398575,
      1.1252383384542508,
      0.7715411393908288,
      1.0929755646215904,
      0.8260432865677046,
      1.012088887082302,
      0.9965309045243684,
      0.9005237077180118,
      0.9338276947564719,
      0.77541752486713,
      1.470021124280945,
      0.9002383736548848,
      0.9002383736548848
    ],
    [
      1.192794618487205,
      1.1706530263839368,
      1.1801024200638432,
      1.1401660938156364,
      1.0548107924098604,
      1.2082842114500265,
      0.0,
      0.9883469762548998,
      0.9957123824233362,
      0.9811462986767011,
      0.9846576409296185,
      1.4174978151965956,
      0.6361837965205818,
      0.9617453664023285,
      0.9864376523370384,
      1.0070583576101166,
      0.9992742097955877,
      1.0246743832685625,
      1.008361472027641,
      1.013997407785256,
      0.9722322923407857,
      0.7286884696228095,
      0.9002383736548848,
      1.303245302153721,
      1.303245302153721
    ],
    [
      0.7380899878149048,
      1.2357513858665374,
      0.8378915153987921,
      0.7391951657658393,
      1.1266532103627418,
      1.0999350273497512,
      0.9883469762548998,
      0.0,
      1.1014374771596958,
      1.0641326312480939,
      0.8257969753232177,
      1.3232014355968735,
      1.1938213241770101,
      0.9618357287948639,
      0.8089877318036358,
      0.7332142682501052,
      1.1104007738163248,
      0.8937901666344891,
      1.2206750178419272,
      1.2535410915418062,
      0.8799524643146881,
      1.470021124280945,
      1.303245302153721,
      1.139073589013213,
      1.139073589013213
    ],
    [
      0.9043766361647155,
      1.0371075742265041,
      0.8816183908830885,
      1.07927541408064,
      1.2877054739324238,
      1.2610372738073028,
      0.9957123824233362,
      1.1014374771596958,
      0.0,
      0.8464788057803417,
      0.8432896262004794,
      1.218222419982466,
      0.8274499521356109,
      0.9603906105309022,
      0.9140611612770007,
      1.101098010444608,
      1.399695540591135,
      1.4906126796941608,
      0.6533183794484116,
      1.0553786236338436,
      0.77541752486713,
      0.9002383736548848,
      1.139073589013213,
      0.890882192384366,
      0.890882192384366
    ],
    [
      0.9373876452073819,
      1.011726608425472,
      0.7578704941648808,
      1.0197287686299716,
      1.1639666822290955,
      1.274874080341134,
      0.9811462986767011,
      1.0641326312480939,
      0.8464788057803417,
      0.0,
      0.8526935935761665,
      1.0910318497321592,
      1.0547697630422408,
      1.1501932648093647,
      0.8152176757693015,
      1.1770433496055646,
      0.9257991297227183,
      0.9590188798466572,
      1.105483740678463,
      0.9338276947564719,
      0.7286884696228095,
      1.303245302153721,
      0.890882192384366,
      0.8963172113856399,
      0.8963172113856399
    ],
    [
      1.0726695761541847,
      0.8422412102355606,
      1.1539678637599582,
      0.9516182153752659,
      0.9842332853785754,
      0.9122521233888574,
      0.9846576409296185,
      0.8257969753232177,
      0.8432896262004794,
      0.8526935935761665,
      0.0,
      0.9630660495626133,
      1.0286934739456661,
      1.0704514975664063,
      1.0036243621897836,
      1.2051994082590112,
      1.0112557286153399,
      1.0440291485402056,
      0.9005237077180118,
      0.9722322923407857,
      1.470021124280945,
      1.139073589013213,
      0.8963172113856399,
      1.065074172866733,
      1.065074172866733
    ],
    [
      0.9641858261984847,
      1.096791478680352,
      1.2058236968416758,
      1.0547033212019359,
      0.8514449254442956,
      1.119976545107104,
      1.4174978151965956,
      1.3232014355968735,
      1.218222419982466,
      1.0910318497321592,
      0.9630660495626133,
      0.0,
      1.0194131857025317,
      0.9513149304207343,
      0.71338992546718,
      0.8117587624832604,
      1.0203474356664775,
      0.9965309045243684,
      1.013997407785256,
      0.8799524643146881,
      0.9002383736548848,
      0.890882192384366,
      1.065074172866733,
      0.7776635955669353,
      0.7776635955669353
    ],
    [
      0.7784476594958325,
      1.0452452857136758,
      1.0331435630071981,
      1.1157465501906472,
      0.9014675734145434,
      0.9746306018398575,
      0.6361837965205818,
      1.1938213241770101,
      0.8274499521356109,
      1.0547697630422408,
      1.0286934739456661,
      1.0194131857025317,
      0.0,
      0.6833840422307474,
      0.7503743265064426,
      0.8672089413252433,
      1.012088887082302,
      1.008361472027641,
      1.2535410915418062,
      0.77541752486713,
      1.303245302153721,
      0.8963172113856399,
      0.7776635955669353,
      0.8504686767677895,
      0.8504686767677895
    ],
    [
      1.0194131857025317,
      0.7390900444178502,
      1.2000580312473228,
      1.2803199000736087,
      1.0796256754695153,
      1.1252383384542508,
      0.9617453664023285,
      0.9618357287948639,
      0.9603906105309022,
      1.1501932648093647,
      1.0704514975664063,
      0.9513149304207343,
      0.6833840422307474,
      0.0,
      0.9077944391835321,
      0.8260432865677046,
      1.0246743832685625,
      1.2206750178419272,
      1.0553786236338436,
      0.7286884696228095,
      1.139073589013213,
      1.065074172866733,
      0.8504686767677895,
      1.63275307898727,
      1.63275307898727
    ],
    [
      1.0704514975664063,
      0.9513149304207343,
      0.6833840422307474,
      0.9874162361351776,
      0.9468097398158223,
      0.7715411393908288,
      0.9864376523370384,
      0.8089877318036358,
      0.9140611612770007,
      0.8152176757693015,
      1.0036243621897836,
      0.71338992546718,
      0.7503743265064426,
      0.9077944391835321,
      0.0,
      0.9992742097955877,
      0.8937901666344891,
      0.6533183794484116,
      0.9338276947564719,
      1.470021124280945,
      0.890882192384366,
      0.7776635955669353,
      1.63275307898727,
      1.0720136200856871,
      1.0720136200856871
    ],
    [
      0.8152176757693015,
      1.0036243621897836,
      0.71338992546718,
      0.7503743265064426,
      0.9077944391835321,
      1.0929755646215904,
      1.0070583576101166,
      0.7332142682501052,
      1.101098010444608,
      1.1770433496055646,
      1.2051994082590112,
      0.8117587624832604,
      0.8672089413252433,
      0.8260432865677046,
      0.9992742097955877,
      0.0,
      1.4906126796941608,
      1.105483740678463,
      0.9722322923407857,
      0.9002383736548848,
      0.8963172113856399,
      0.8504686767677895,
      1.0720136200856871,
      1.0928126752898888,
      1.0928126752898888
    ],
    [
      1.101098010444608,
      1.1770433496055646,
      1.2051994082590112,
      0.8117587624832604,
      0.8672089413252433,
      0.8260432865677046,
      0.9992742097955877,
      1.1104007738163248,
      1.399695540591135,
      0.9257991297227183,
      1.0112557286153399,
      1.0203474356664775,
      1.012088887082302,
      1.0246743832685625,
      0.8937901666344891,
      1.4906126796941608,
      0.0,
      0.9005237077180118,
      0.8799524643146881,
      1.303245302153721,
      1.065074172866733,
      1.63275307898727,
      1.0928126752898888,
      1.1125563813640011,
      1.1125563813640011
    ],
    [
      1.1104007738163248,
      1.399695540591135,
      0.9257991297227183,
      1.0112557286153399,
      1.0203474356664775,
      1.012088887082302,
      1.0246743832685625,
      0.8937901666344891,
      1.4906126796941608,
      0.9590188798466572,
      1.0440291485402056,
      0.9965309045243684,
      1.008361472027641,
      1.2206750178419272,
      0.6533183794484116,
      1.105483740678463,
      0.9005237077180118,
      0.0,
      0.77541752486713,
      1.139073589013213,
      0.7776635955669353,
      1.0720136200856871,
      1.1125563813640011,
      1.0744964903083856,
      1.0744964903083856
    ],
    [
      1.0246743832685625,
      0.8937901666344891,
      1.4906126796941608,
      0.9590188798466572,
      1.0440291485402056,
      0.9965309045243684,
      1.008361472027641,
      1.2206750178419272,
      0.6533183794484116,
      1.105483740678463,
      0.9005237077180118,
      1.013997407785256,
      1.2535410915418062,
      1.0553786236338436,
      0.9338276947564719,
      0.9722322923407857,
      0.8799524643146881,
      0.77541752486713,
      0.0,
      0.890882192384366,
      0.8504686767677895,
      1.0928126752898888,
      1.0744964903083856,
      1.329718888146803,
      1.329718888146803
    ],
    [
      0.9965309045243684,
      1.008361472027641,
      1.2206750178419272,
      0.6533183794484116,
      1.105483740678463,
      0.9005237077180118,
      1.013997407785256,
      1.2535410915418062,
      1.0553786236338436,
      0.9338276947564719,
      0.9722322923407857,
      0.8799524643146881,
      0.77541752486713,
      0.7286884696228095,
      1.470021124280945,
      0.9002383736548848,
      1.303245302153721,
      1.139073589013213,
      0.890882192384366,
      0.0,
      1.63275307898727,
      1.1125563813640011,
      1.329718888146803,
      0.8340817905632709,
      0.8340817905632709
    ],
    [
      1.105483740678463,
      0.9005237077180118,
      1.013997407785256,
      1.2535410915418062,
      1.0553786236338436,
      0.9338276947564719,
      0.9722322923407857,
      0.8799524643146881,
      0.77541752486713,
      0.7286884696228095,
      1.470021124280945,
      0.9002383736548848,
      1.303245302153721,
      1.139073589013213,
      0.890882192384366,
      0.8963172113856399,
      1.065074172866733,
      0.7776635955669353,
      0.8504686767677895,
      1.63275307898727,
      0.0,
      1.0744964903083856,
      0.8340817905632709,
      1.1325742930799052,
      1.1325742930799052
    ],
    [
      1.2535410915418062,
      1.0553786236338436,
      0.9338276947564719,
      0.9722322923407857,
      0.8799524643146881,
      0.77541752486713,
      0.7286884696228095,
      1.470021124280945,
      0.9002383736548848,
      1.303245302153721,
      1.139073589013213,
      0.890882192384366,
      0.8963172113856399,
      1.065074172866733,
      0.7776635955669353,
      0.8504686767677895,
      1.63275307898727,
      1.0720136200856871,
      1.0928126752898888,
      1.1125563813640011,
      1.0744964903083856,
      0.0,
      1.1325742930799052,
      1.0973351962711522,
      1.0973351962711522
    ],
    [
      0.9338276947564719,
      0.9722322923407857,
      0.8799524643146881,
      0.77541752486713,
      0.7286884696228095,
      1.470021124280945,
      0.9002383736548848,
      1.303245302153721,
      1.139073589013213,
      0.890882192384366,
      0.8963172113856399,
      1.065074172866733,
      0.7776635955669353,
      0.8504686767677895,
      1.63275307898727,
      1.0720136200856871,
      1.0928126752898888,
      1.1125563813640011,
      1.0744964903083856,
      1.329718888146803,
      0.8340817905632709,
      1.1325742930799052,
      0.0,
      1.2877572627575098,
      1.2877572627575098
    ],
    [
      0.9722322923407857,
      0.8799524643146881,
      0.77541752486713,
      0.7286884696228095,
      1.470021124280945,
      0.9002383736548848,
      1.303245302153721,
      1.139073589013213,
      0.890882192384366,
      0.8963172113856399,
      1.065074172866733,
      0.7776635955669353,
      0.8504686767677895,
      1.63275307898727,
      1.0720136200856871,
      1.0928126752898888,
      1.1125563813640011,
      1.0744964903083856,
      1.329718888146803,
      0.8340817905632709,
      1.1325742930799052,
      1.0973351962711522,
      1.2877572627575098,
      0.0,
      0.4692906703082915
    ],
    [
      0.9722322923407857,
      0.8799524643146881,
      0.77541752486713,
      0.7286884696228095,
      1.470021124280945,
      0.9002383736548848,
      1.303245302153721,
      1.139073589013213,
      0.890882192384366,
      0.8963172113856399,
      1.065074172866733,
      0.7776635955669353,
      0.8504686767677895,
      1.63275307898727,
      1.0720136200856871,
      1.0928126752898888,
      1.1125563813640011,
      1.0744964903083856,
      1.329718888146803,
      0.8340817905632709,
      1.1325742930799052,
      1.0973351962711522,
      1.2877572627575098,
      0.4692906703082915,
      0.0
    ]
  ]
}