{
  "servicechain": {
    "SC1": {
      "resptime": 45.19663968190992,
      "resptime_old": 35.19663968190993,
      "waittime": 30.54358568656265,
      "servicetime": 10.0,
      "networktime": 4.653053995347271,
      "services": {
        "MS1_1": {
          "meanserv": 5.332907503758894,
          "stddevserv": 5.332907503758894,
          "rate": 0.1875149717663678,
          "cv": 1.0,
          "lambda": 0.15
        },
        "MS1_2": {
          "meanserv": 0.47679405959479126,
          "stddevserv": 0.47679405959479126,
          "rate": 2.097341566817886,
          "cv": 1.0,
          "lambda": 0.15
        },
        "MS1_3": {
          "meanserv": 0.08849151463975868,
          "stddevserv": 0.08849151463975868,
          "rate": 11.300518519441257,
          "cv": 1.0,
          "lambda": 0.15
        },
        "MS1_4": {
          "meanserv": 1.7855274476616776,
          "stddevserv": 1.7855274476616776,
          "rate": 0.5600585985444232,
          "cv": 1.0,
          "lambda": 0.15
        },
        "MS1_5": {
          "meanserv": 1.4474984235324753,
          "stddevserv": 1.4474984235324753,
          "rate": 0.6908470391004641,
          "cv": 1.0,
          "lambda": 0.15
        },
        "MS1_6": {
          "meanserv": 0.8687810508124034,
          "stddevserv": 0.8687810508124034,
          "rate": 1.1510379963569564,
          "cv": 1.0,
          "lambda": 0.15
        }
      },
      "sensors": [
        "S1"
      ],
      "sources": [
        {
          "startTime": 0,
          "stopTime": -1,
          "lambda": 0.15
        }
      ]
    },
    "SC2": {
      "resptime": 57.430454933908806,
      "resptime_old": 47.430454933908806,
      "waittime": 43.03152385532243,
      "servicetime": 10.0,
      "networktime": 4.3989310785863704,
      "services": {
        "MS2_1": {
          "meanserv": 0.86317838758321,
          "stddevserv": 0.86317838758321,
          "rate": 1.158509080376622,
          "cv": 1.0,
          "lambda": 0.15
        },
        "MS2_2": {
          "meanserv": 0.26064436415165315,
          "stddevserv": 0.26064436415165315,
          "rate": 3.8366453970904226,
          "cv": 1.0,
          "lambda": 0.15
        },
        "MS2_3": {
          "meanserv": 5.714547739261336,
          "stddevserv": 5.714547739261336,
          "rate": 0.17499197585306378,
          "cv": 1.0,
          "lambda": 0.15
        },
        "MS2_4": {
          "meanserv": 0.5024386682858157,
          "stddevserv": 0.5024386682858157,
          "rate": 1.9902926727589028,
          "cv": 1.0,
          "lambda": 0.15
        },
        "MS2_5": {
          "meanserv": 0.041387414824998636,
          "stddevserv": 0.041387414824998636,
          "rate": 24.161934351985295,
          "cv": 1.0,
          "lambda": 0.15
        },
        "MS2_6": {
          "meanserv": 2.617803425892986,
          "stddevserv": 2.617803425892986,
          "rate": 0.38199965288030735,
          "cv": 1.0,
          "lambda": 0.15
        }
      },
      "sensors": [
        "S2"
      ],
      "sources": [
        {
          "startTime": 0,
          "stopTime": -1,
          "lambda": 0.15
        }
      ]
    },
    "SC3": {
      "resptime": 28.662764159428715,
      "resptime_old": 18.66276415942871,
      "waittime": 13.49335470571721,
      "servicetime": 10.0,
      "networktime": 5.169409453711506,
      "services": {
        "MS3_1": {
          "meanserv": 0.21056893698257584,
          "stddevserv": 0.21056893698257584,
          "rate": 4.749038553976022,
          "cv": 1.0,
          "lambda": 0.15
        },
        "MS3_2": {
          "meanserv": 1.4175309489423793,
          "stddevserv": 1.4175309489423793,
          "rate": 0.7054519696702923,
          "cv": 1.0,
          "lambda": 0.15
        },
        "MS3_3": {
          "meanserv": 0.884126140871061,
          "stddevserv": 0.884126140871061,
          "rate": 1.131060324734633,
          "cv": 1.0,
          "lambda": 0.15
        },
        "MS3_4": {
          "meanserv": 3.5009512951483046,
          "stddevserv": 3.5009512951483046,
          "rate": 0.28563665006874617,
          "cv": 1.0,
          "lambda": 0.15
        },
        "MS3_5": {
          "meanserv": 0.8535337224165476,
          "stddevserv": 0.8535337224165476,
          "rate": 1.171599872080945,
          "cv": 1.0,
          "lambda": 0.15
        },
        "MS3_6": {
          "meanserv": 3.1332889556391317,
          "stddevserv": 3.1332889556391317,
          "rate": 0.31915345637058196,
          "cv": 1.0,
          "lambda": 0.15
        }
      },
      "sensors": [
        "S3"
      ],
      "sources": [
        {
          "startTime": 0,
          "stopTime": -1,
          "lambda": 0.15
        }
      ]
    },
    "SC4": {
      "resptime": 33.142964714977396,
      "resptime_old": 23.14296471497739,
      "waittime": 17.497996753690472,
      "servicetime": 10.0,
      "networktime": 5.644967961286922,
      "services": {
        "MS4_1": {
          "meanserv": 1.7366336580071717,
          "stddevserv": 1.7366336580071717,
          "rate": 0.5758266836469839,
          "cv": 1.0,
          "lambda": 0.15
        },
        "MS4_2": {
          "meanserv": 4.309208338443778,
          "stddevserv": 4.309208338443778,
          "rate": 0.2320611865243765,
          "cv": 1.0,
          "lambda": 0.15
        },
        "MS4_3": {
          "meanserv": 0.3682496368040411,
          "stddevserv": 0.3682496368040411,
          "rate": 2.715549182013548,
          "cv": 1.0,
          "lambda": 0.15
        },
        "MS4_4": {
          "meanserv": 0.1377264653086927,
          "stddevserv": 0.1377264653086927,
          "rate": 7.260768638465045,
          "cv": 1.0,
          "lambda": 0.15
        },
        "MS4_5": {
          "meanserv": 2.8092437534850463,
          "stddevserv": 2.8092437534850463,
          "rate": 0.35596768659160893,
          "cv": 1.0,
          "lambda": 0.15
        },
        "MS4_6": {
          "meanserv": 0.6389381479512704,
          "stddevserv": 0.6389381479512704,
          "rate": 1.5650967205612312,
          "cv": 1.0,
          "lambda": 0.15
        }
      },
      "sensors": [
        "S4"
      ],
      "sources": [
        {
          "startTime": 0,
          "stopTime": -1,
          "lambda": 0.15
        }
      ]
    }
  },
  "microservice": {
    "MS1_1": "F2",
    "MS1_2": "F7",
    "MS1_3": "F8",
    "MS1_4": "F8",
    "MS1_5": "F10",
    "MS1_6": "F10",
    "MS2_1": "F8",
    "MS2_2": "F8",
    "MS2_3": "F1",
    "MS2_4": "F9",
    "MS2_5": "F9",
    "MS2_6": "F7",
    "MS3_1": "F10",
    "MS3_2": "F10",
    "MS3_3": "F9",
    "MS3_4": "F4",
    "MS3_5": "F8",
    "MS3_6": "F5",
    "MS4_1": "F9",
    "MS4_2": "F3",
    "MS4_3": "F7",
    "MS4_4": "F6",
    "MS4_5": "F6",
    "MS4_6": "F9"
  },
  "sensor": {
    "S1": "F2",
    "S2": "F8",
    "S3": "F10",
    "S4": "F9"
  },
  "fog": {
    "F1": {
      "rho": 0.8571821608892004,
      "capacity": 1.0,
      "tserv": 5.714547739261336,
      "stddev": 5.714547739261336,
      "mu": 0.17499197585306378,
      "cv": 1.0,
      "lambda": 0.15,
      "twait": 34.29829501792343
    },
    "F2": {
      "rho": 0.7999361255638341,
      "capacity": 1.0,
      "tserv": 5.332907503758894,
      "stddev": 5.332907503758893,
      "mu": 0.1875149717663678,
      "cv": 0.9999999999999998,
      "lambda": 0.15,
      "twait": 21.323116822414278
    },
    "F3": {
      "rho": 0.6463812507665666,
      "capacity": 1.0,
      "tserv": 4.309208338443778,
      "stddev": 4.309208338443778,
      "mu": 0.2320611865243765,
      "cv": 1.0,
      "lambda": 0.15,
      "twait": 7.876820676661278
    },
    "F4": {
      "rho": 0.5251426942722457,
      "capacity": 1.0,
      "tserv": 3.5009512951483046,
      "stddev": 3.5009512951483046,
      "mu": 0.28563665006874617,
      "cv": 1.0,
      "lambda": 0.15,
      "twait": 3.8716872910535756
    },
    "F5": {
      "rho": 0.4699933433458698,
      "capacity": 1.0,
      "tserv": 3.1332889556391317,
      "stddev": 3.1332889556391317,
      "mu": 0.31915345637058196,
      "cv": 1.0,
      "lambda": 0.15,
      "twait": 2.778502747920249
    },
    "F6": {
      "rho": 0.44204553281906084,
      "capacity": 1.0,
      "tserv": 1.4734851093968695,
      "stddev": 2.395758893988891,
      "mu": 0.6786631189027234,
      "cv": 1.62591320313344,
      "lambda": 0.3,
      "twait": 2.1267378014850933
    },
    "F7": {
      "rho": 0.5194270683437727,
      "capacity": 1.0,
      "tserv": 1.1542823740972727,
      "stddev": 1.8649903392351737,
      "mu": 0.8663391406128573,
      "cv": 1.6157141277442817,
      "lambda": 0.44999999999999996,
      "twait": 2.252260168509663
    },
    "F8": {
      "rho": 0.5777063154679271,
      "capacity": 1.0,
      "tserv": 0.7702750872905694,
      "stddev": 1.1409052489882314,
      "mu": 1.2982374952791014,
      "cv": 1.481165972797261,
      "lambda": 0.75,
      "twait": 1.682764181669998
    },
    "F9": {
      "rho": 0.5705286044910476,
      "capacity": 1.0,
      "tserv": 0.7607048059880634,
      "stddev": 1.097869843080445,
      "mu": 1.3145703722761697,
      "cv": 1.4432271683290405,
      "lambda": 0.75,
      "twait": 1.5577201527746716
    },
    "F10": {
      "rho": 0.591656904040475,
      "capacity": 1.0,
      "tserv": 0.9860948400674585,
      "stddev": 1.2163468669741837,
      "mu": 1.0141012399290015,
      "cv": 1.2334988659822759,
      "lambda": 0.6,
      "twait": 1.8013401661493569
    }
  },
  "extra": {
    "deltatime": 0.0214006,
    "obj_func": 41.10820587255621
  },
  "network": [
    [
      0.0,
      1.6721870950062905,
      1.2430269089141528,
      1.0375321274008418,
      2.310138589049317,
      1.6311069723491978,
      2.472896078720785,
      1.3898052905610407,
      1.2002084170337715,
      1.2002084170337715
    ],
    [
      1.6721870950062905,
      0.0,
      1.1631002739665592,
      2.361666770766613,
      1.4465223374177545,
      1.7072254839489946,
      1.434462209697335,
      1.2002084170337715,
      1.9990500858995872,
      1.9990500858995872
    ],
    [
      1.2430269089141528,
      1.1631002739665592,
      0.0,
      1.9827115761814567,
      1.7524916462423277,
      1.9551563876019493,
      1.3898052905610407,
      1.9990500858995872,
      1.5199151098739176,
      1.5199151098739176
    ],
    [
      1.0375321274008418,
      2.361666770766613,
      1.9827115761814567,
      0.0,
      1.1998828983899528,
      2.472896078720785,
      1.2002084170337715,
      1.5199151098739176,
      1.3222202123080624,
      1.3222202123080624
    ],
    [
      2.310138589049317,
      1.4465223374177545,
      1.7524916462423277,
      1.1998828983899528,
      0.0,
      1.434462209697335,
      1.9990500858995872,
      1.3222202123080624,
      1.7843013986053753,
      1.7843013986053753
    ],
    [
      1.6311069723491978,
      1.7072254839489946,
      1.9551563876019493,
      2.472896078720785,
      1.434462209697335,
      0.0,
      1.5199151098739176,
      1.7843013986053753,
      1.2153324509780472,
      1.2153324509780472
    ],
    [
      2.472896078720785,
      1.434462209697335,
      1.3898052905610407,
      1.2002084170337715,
      1.9990500858995872,
      1.5199151098739176,
      0.0,
      1.2153324509780472,
      1.8089173709915587,
      1.8089173709915587
    ],
    [
      1.3898052905610407,
      1.2002084170337715,
      1.9990500858995872,
      1.5199151098739176,
      1.3222202123080624,
      1.7843013986053753,
      1.2153324509780472,
      0.0,
      2.0032593346718888,
      2.0032593346718888
    ],
    [
      1.2002084170337715,
      1.9990500858995872,
      1.5199151098739176,
      1.3222202123080624,
      1.7843013986053753,
      1.2153324509780472,
      1.8089173709915587,
      2.0032593346718888,
      0.0,
      1.0050539192214627
    ],
    [
      1.2002084170337715,
      1.9990500858995872,
      1.5199151098739176,
      1.3222202123080624,
      1.7843013986053753,
      1.2153324509780472,
      1.8089173709915587,
      2.0032593346718888,
      1.0050539192214627,
      0.0
    ]
  ]
}