{
  "servicechain": {
    "SC1": {
      "resptime": 38.65024818167482,
      "resptime_old": 28.650248181674815,
      "waittime": 23.349179444330755,
      "servicetime": 10.0,
      "networktime": 5.301068737344059,
      "services": {
        "MS1_1": {
          "meanserv": 1.958963866349982,
          "stddevserv": 1.958963866349982,
          "rate": 0.5104739383801086,
          "cv": 1.0,
          "lambda": 0.15
        },
        "MS1_2": {
          "meanserv": 0.5713646280543869,
          "stddevserv": 0.5713646280543869,
          "rate": 1.7501958484990643,
          "cv": 1.0,
          "lambda": 0.15
        },
        "MS1_3": {
          "meanserv": 2.6275914641637304,
          "stddevserv": 2.6275914641637304,
          "rate": 0.38057666636478615,
          "cv": 1.0,
          "lambda": 0.15
        },
        "MS1_4": {
          "meanserv": 0.2414031261397076,
          "stddevserv": 0.2414031261397076,
          "rate": 4.142448426377331,
          "cv": 1.0,
          "lambda": 0.15
        },
        "MS1_5": {
          "meanserv": 0.1883406083172421,
          "stddevserv": 0.1883406083172421,
          "rate": 5.309529415534189,
          "cv": 1.0,
          "lambda": 0.15
        },
        "MS1_6": {
          "meanserv": 1.0878331382198736,
          "stddevserv": 1.0878331382198736,
          "rate": 0.9192586297163152,
          "cv": 1.0,
          "lambda": 0.15
        },
        "MS1_7": {
          "meanserv": 0.039191981108738005,
          "stddevserv": 0.039191981108738005,
          "rate": 25.51542360733191,
          "cv": 1.0,
          "lambda": 0.15
        },
        "MS1_8": {
          "meanserv": 0.26722449142307614,
          "stddevserv": 0.26722449142307614,
          "rate": 3.7421719643832208,
          "cv": 1.0,
          "lambda": 0.15
        },
        "MS1_9": {
          "meanserv": 0.5868871237329456,
          "stddevserv": 0.5868871237329456,
          "rate": 1.7039051626135784,
          "cv": 1.0,
          "lambda": 0.15
        },
        "MS1_10": {
          "meanserv": 2.4311995724903177,
          "stddevserv": 2.4311995724903177,
          "rate": 0.41131958532539703,
          "cv": 1.0,
          "lambda": 0.15
        }
      },
      "sensors": [
        "S1"
      ],
      "sources": [
        {
          "startTime": 0,
          "stopTime": -1,
          "lambda": 0.15
        }
      ]
    },
    "SC2": {
      "resptime": 35.130040760932204,
      "resptime_old": 25.1300407609322,
      "waittime": 22.741000693111154,
      "servicetime": 10.0,
      "networktime": 2.389040067821047,
      "services": {
        "MS2_1": {
          "meanserv": 0.3510273427862243,
          "stddevserv": 0.3510273427862243,
          "rate": 2.848780929891835,
          "cv": 1.0,
          "lambda": 0.15
        },
        "MS2_2": {
          "meanserv": 1.0136196453844526,
          "stddevserv": 1.0136196453844526,
          "rate": 0.9865633569293274,
          "cv": 1.0,
          "lambda": 0.15
        },
        "MS2_3": {
          "meanserv": 2.12610870186151,
          "stddevserv": 2.12610870186151,
          "rate": 0.4703428376566316,
          "cv": 1.0,
          "lambda": 0.15
        },
        "MS2_4": {
          "meanserv": 1.626974783874548,
          "stddevserv": 1.626974783874548,
          "rate": 0.6146376759562043,
          "cv": 1.0,
          "lambda": 0.15
        },
        "MS2_5": {
          "meanserv": 0.7060365924508867,
          "stddevserv": 0.7060365924508867,
          "rate": 1.4163571841633151,
          "cv": 1.0,
          "lambda": 0.15
        },
        "MS2_6": {
          "meanserv": 0.2175884449090404,
          "stddevserv": 0.2175884449090404,
          "rate": 4.595832285202622,
          "cv": 1.0,
          "lambda": 0.15
        },
        "MS2_7": {
          "meanserv": 0.34281832102904186,
          "stddevserv": 0.34281832102904186,
          "rate": 2.916996959200687,
          "cv": 1.0,
          "lambda": 0.15
        },
        "MS2_8": {
          "meanserv": 1.829583664498343,
          "stddevserv": 1.829583664498343,
          "rate": 0.5465724357974041,
          "cv": 1.0,
          "lambda": 0.15
        },
        "MS2_9": {
          "meanserv": 0.1696919773903236,
          "stddevserv": 0.1696919773903236,
          "rate": 5.89303050962634,
          "cv": 1.0,
          "lambda": 0.15
        },
        "MS2_10": {
          "meanserv": 1.6165505258156294,
          "stddevserv": 1.6165505258156294,
          "rate": 0.6186011411523625,
          "cv": 1.0,
          "lambda": 0.15
        }
      },
      "sensors": [
        "S2"
      ],
      "sources": [
        {
          "startTime": 0,
          "stopTime": -1,
          "lambda": 0.15
        }
      ]
    },
    "SC3": {
      "resptime": 41.31719221904972,
      "resptime_old": 31.31719221904972,
      "waittime": 26.925719256090098,
      "servicetime": 10.0,
      "networktime": 4.391472962959627,
      "services": {
        "MS3_1": {
          "meanserv": 0.38354335616526236,
          "stddevserv": 0.38354335616526236,
          "rate": 2.607267167910782,
          "cv": 1.0,
          "lambda": 0.15
        },
        "MS3_2": {
          "meanserv": 0.11715710021122927,
          "stddevserv": 0.11715710021122927,
          "rate": 8.535547552790591,
          "cv": 1.0,
          "lambda": 0.15
        },
        "MS3_3": {
          "meanserv": 0.8833625144111523,
          "stddevserv": 0.8833625144111523,
          "rate": 1.1320380746137932,
          "cv": 1.0,
          "lambda": 0.15
        },
        "MS3_4": {
          "meanserv": 0.013100300432106193,
          "stddevserv": 0.013100300432106193,
          "rate": 76.33412723491453,
          "cv": 1.0,
          "lambda": 0.15
        },
        "MS3_5": {
          "meanserv": 0.6797799233726098,
          "stddevserv": 0.6797799233726098,
          "rate": 1.4710643336429736,
          "cv": 1.0,
          "lambda": 0.15
        },
        "MS3_6": {
          "meanserv": 0.24775610027310968,
          "stddevserv": 0.24775610027310968,
          "rate": 4.03622755967529,
          "cv": 1.0,
          "lambda": 0.15
        },
        "MS3_7": {
          "meanserv": 0.4216463066112519,
          "stddevserv": 0.4216463066112519,
          "rate": 2.371656016714447,
          "cv": 1.0,
          "lambda": 0.15
        },
        "MS3_8": {
          "meanserv": 2.1842254577248275,
          "stddevserv": 2.1842254577248275,
          "rate": 0.4578281955570823,
          "cv": 1.0,
          "lambda": 0.15
        },
        "MS3_9": {
          "meanserv": 1.0382478145751808,
          "stddevserv": 1.0382478145751808,
          "rate": 0.9631611894210145,
          "cv": 1.0,
          "lambda": 0.15
        },
        "MS3_10": {
          "meanserv": 4.03118112622327,
          "stddevserv": 4.03118112622327,
          "rate": 0.24806625370785043,
          "cv": 1.0,
          "lambda": 0.15
        }
      },
      "sensors": [
        "S3"
      ],
      "sources": [
        {
          "startTime": 0,
          "stopTime": -1,
          "lambda": 0.15
        }
      ]
    },
    "SC4": {
      "resptime": 39.637417824457124,
      "resptime_old": 29.63741782445713,
      "waittime": 23.156700949915663,
      "servicetime": 10.0,
      "networktime": 6.480716874541467,
      "services": {
        "MS4_1": {
          "meanserv": 2.5284776168964793,
          "stddevserv": 2.5284776168964793,
          "rate": 0.3954948991114371,
          "cv": 1.0,
          "lambda": 0.15
        },
        "MS4_2": {
          "meanserv": 0.6920082850620828,
          "stddevserv": 0.6920082850620828,
          "rate": 1.445069403916582,
          "cv": 1.0,
          "lambda": 0.15
        },
        "MS4_3": {
          "meanserv": 0.3290954662812715,
          "stddevserv": 0.3290954662812715,
          "rate": 3.0386319547329146,
          "cv": 1.0,
          "lambda": 0.15
        },
        "MS4_4": {
          "meanserv": 0.9556088335211537,
          "stddevserv": 0.9556088335211537,
          "rate": 1.0464532818467962,
          "cv": 1.0,
          "lambda": 0.15
        },
        "MS4_5": {
          "meanserv": 1.8574543906801892,
          "stddevserv": 1.8574543906801892,
          "rate": 0.5383712273192375,
          "cv": 1.0,
          "lambda": 0.15
        },
        "MS4_6": {
          "meanserv": 1.1761733011107003,
          "stddevserv": 1.1761733011107003,
          "rate": 0.8502148442373808,
          "cv": 1.0,
          "lambda": 0.15
        },
        "MS4_7": {
          "meanserv": 0.2661843516242497,
          "stddevserv": 0.2661843516242497,
          "rate": 3.7567948449938067,
          "cv": 1.0,
          "lambda": 0.15
        },
        "MS4_8": {
          "meanserv": 0.7615044745705326,
          "stddevserv": 0.7615044745705326,
          "rate": 1.3131899199462647,
          "cv": 1.0,
          "lambda": 0.15
        },
        "MS4_9": {
          "meanserv": 0.9709259727843538,
          "stddevserv": 0.9709259727843538,
          "rate": 1.0299446384488713,
          "cv": 1.0,
          "lambda": 0.15
        },
        "MS4_10": {
          "meanserv": 0.4625673074689871,
          "stddevserv": 0.4625673074689871,
          "rate": 2.16184754921757,
          "cv": 1.0,
          "lambda": 0.15
        }
      },
      "sensors": [
        "S4"
      ],
      "sources": [
        {
          "startTime": 0,
          "stopTime": -1,
          "lambda": 0.15
        }
      ]
    }
  },
  "microservice": {
    "MS1_1": "F7",
    "MS1_2": "F5",
    "MS1_3": "F2",
    "MS1_4": "F2",
    "MS1_5": "F9",
    "MS1_6": "F9",
    "MS1_7": "F8",
    "MS1_8": "F8",
    "MS1_9": "F8",
    "MS1_10": "F4",
    "MS2_1": "F6",
    "MS2_2": "F6",
    "MS2_3": "F6",
    "MS2_4": "F10",
    "MS2_5": "F10",
    "MS2_6": "F10",
    "MS2_7": "F9",
    "MS2_8": "F9",
    "MS2_9": "F9",
    "MS2_10": "F10",
    "MS3_1": "F8",
    "MS3_2": "F3",
    "MS3_3": "F3",
    "MS3_4": "F7",
    "MS3_5": "F7",
    "MS3_6": "F7",
    "MS3_7": "F5",
    "MS3_8": "F5",
    "MS3_9": "F7",
    "MS3_10": "F1",
    "MS4_1": "F3",
    "MS4_2": "F2",
    "MS4_3": "F4",
    "MS4_4": "F4",
    "MS4_5": "F8",
    "MS4_6": "F8",
    "MS4_7": "F7",
    "MS4_8": "F9",
    "MS4_9": "F5",
    "MS4_10": "F6"
  },
  "sensor": {
    "S1": "F7",
    "S2": "F6",
    "S3": "F8",
    "S4": "F3"
  },
  "fog": {
    "F1": {
      "rho": 0.6046771689334905,
      "capacity": 1.0,
      "tserv": 4.03118112622327,
      "stddev": 4.03118112622327,
      "mu": 0.24806625370785043,
      "cv": 1.0,
      "lambda": 0.15,
      "twait": 6.166006613599075
    },
    "F2": {
      "rho": 0.5341504313048282,
      "capacity": 1.0,
      "tserv": 1.1870009584551737,
      "stddev": 1.8846628213715813,
      "mu": 0.8424593028985025,
      "cv": 1.5877517266914274,
      "lambda": 0.44999999999999996,
      "twait": 2.3960699993649506
    },
    "F3": {
      "rho": 0.5293495847278291,
      "capacity": 1.0,
      "tserv": 1.1763324105062871,
      "stddev": 1.8460078127555688,
      "mu": 0.8500998451361256,
      "cv": 1.569290955743587,
      "lambda": 0.44999999999999996,
      "twait": 2.2906346017947
    },
    "F4": {
      "rho": 0.5573855808439114,
      "capacity": 1.0,
      "tserv": 1.2386346240975812,
      "stddev": 1.7570619097208116,
      "mu": 0.8073405833690136,
      "cv": 1.418547387209473,
      "lambda": 0.44999999999999996,
      "twait": 2.349298778988601
    },
    "F5": {
      "rho": 0.622224354776223,
      "capacity": 1.0,
      "tserv": 1.037040591293705,
      "stddev": 1.4259864769501704,
      "mu": 0.9642824093823589,
      "cv": 1.375053675740172,
      "lambda": 0.6,
      "twait": 2.4688388410486266
    },
    "F6": {
      "rho": 0.592998449625176,
      "capacity": 1.0,
      "tserv": 0.9883307493752934,
      "stddev": 1.4020264559989135,
      "mu": 1.0118070298147483,
      "cv": 1.4185802241659586,
      "lambda": 0.6,
      "twait": 2.168892858593604
    },
    "F7": {
      "rho": 0.6306048534940856,
      "capacity": 1.0,
      "tserv": 0.7006720594378729,
      "stddev": 1.1600551001092323,
      "mu": 1.4272011942395255,
      "cv": 1.6556320242595486,
      "lambda": 0.9,
      "twait": 2.237444466698278
    },
    "F8": {
      "rho": 0.6465711966331368,
      "capacity": 1.0,
      "tserv": 0.7184124407034853,
      "stddev": 1.1327927267144877,
      "mu": 1.3919580777593132,
      "cv": 1.5767999863772293,
      "lambda": 0.9,
      "twait": 2.2909878900112535
    },
    "F9": {
      "rho": 0.6569658276038036,
      "capacity": 1.0,
      "tserv": 0.7299620306708928,
      "stddev": 1.109640278243513,
      "mu": 1.3699342677877655,
      "cv": 1.5201342420833395,
      "lambda": 0.9,
      "twait": 2.314246844415796
    },
    "F10": {
      "rho": 0.6250725520575157,
      "capacity": 1.0,
      "tserv": 1.0417875867625261,
      "stddev": 1.34823443793189,
      "mu": 0.9598885729744718,
      "cv": 1.294154830661481,
      "lambda": 0.6,
      "twait": 2.322895396020739
    }
  },
  "extra": {
    "deltatime": 0.0427993,
    "obj_func": 38.68372474652847
  },
  "network": [
    [
      0.0,
      0.7135955054759124,
      1.1825625264089,
      0.8506158086505853,
      1.0576990819385033,
      1.2245521965890105,
      0.5013531381183985,
      0.945722855493562,
      1.2997917755893569,
      1.2997917755893569
    ],
    [
      0.7135955054759124,
      0.0,
      0.7630270464535122,
      1.0867185756720943,
      1.1310594857555671,
      1.6529733588576043,
      1.152309601074954,
      1.2997917755893569,
      0.981465656449222,
      0.981465656449222
    ],
    [
      1.1825625264089,
      0.7630270464535122,
      0.0,
      1.349619868213302,
      1.1325046045200515,
      1.033722022498215,
      0.945722855493562,
      0.981465656449222,
      0.7840042407843337,
      0.7840042407843337
    ],
    [
      0.8506158086505853,
      1.0867185756720943,
      1.349619868213302,
      0.0,
      1.0144467579580732,
      0.5013531381183985,
      1.2997917755893569,
      0.7840042407843337,
      1.1180398912865825,
      1.1180398912865825
    ],
    [
      1.0576990819385033,
      1.1310594857555671,
      1.1325046045200515,
      1.0144467579580732,
      0.0,
      1.152309601074954,
      0.981465656449222,
      1.1180398912865825,
      0.8254651780965847,
      0.8254651780965847
    ],
    [
      1.2245521965890105,
      1.6529733588576043,
      1.033722022498215,
      0.5013531381183985,
      1.152309601074954,
      0.0,
      0.7840042407843337,
      0.8254651780965847,
      0.7810366354252767,
      0.7810366354252767
    ],
    [
      0.5013531381183985,
      1.152309601074954,
      0.945722855493562,
      1.2997917755893569,
      0.981465656449222,
      0.7840042407843337,
      0.0,
      0.7810366354252767,
      1.0881555970347105,
      1.0881555970347105
    ],
    [
      0.945722855493562,
      1.2997917755893569,
      0.981465656449222,
      0.7840042407843337,
      1.1180398912865825,
      0.8254651780965847,
      0.7810366354252767,
      0.0,
      1.423073697905714,
      1.423073697905714
    ],
    [
      1.2997917755893569,
      0.981465656449222,
      0.7840042407843337,
      1.1180398912865825,
      0.8254651780965847,
      0.7810366354252767,
      1.0881555970347105,
      1.423073697905714,
      0.0,
      0.8040017161978852
    ],
    [
      1.2997917755893569,
      0.981465656449222,
      0.7840042407843337,
      1.1180398912865825,
      0.8254651780965847,
      0.7810366354252767,
      1.0881555970347105,
      1.423073697905714,
      0.8040017161978852,
      0.0
    ]
  ]
}