{
  "servicechain": {
    "SC1": {
      "resptime": 30.697255750946574,
      "resptime_old": 20.69725575094657,
      "waittime": 14.00486431357409,
      "servicetime": 10.0,
      "networktime": 6.692391437372484,
      "services": {
        "MS1_1": {
          "meanserv": 0.8240834844760059,
          "stddevserv": 0.8240834844760059,
          "rate": 1.2134692890197294,
          "cv": 1.0,
          "lambda": 0.15
        },
        "MS1_2": {
          "meanserv": 4.14021304161335,
          "stddevserv": 4.14021304161335,
          "rate": 0.24153346457029706,
          "cv": 1.0,
          "lambda": 0.15
        },
        "MS1_3": {
          "meanserv": 1.0469704540831541,
          "stddevserv": 1.0469704540831541,
          "rate": 0.9551367912055486,
          "cv": 1.0,
          "lambda": 0.15
        },
        "MS1_4": {
          "meanserv": 3.9887330198274897,
          "stddevserv": 3.9887330198274897,
          "rate": 0.250706175376774,
          "cv": 1.0,
          "lambda": 0.15
        }
      },
      "sensors": [
        "S1"
      ],
      "sources": [
        {
          "startTime": 0,
          "stopTime": -1,
          "lambda": 0.15
        }
      ]
    },
    "SC2": {
      "resptime": 107.51899678596472,
      "resptime_old": 97.51899678596472,
      "waittime": 92.68495732033418,
      "servicetime": 10.0,
      "networktime": 4.834039465630541,
      "services": {
        "MS2_1": {
          "meanserv": 1.0130110109636958,
          "stddevserv": 1.0130110109636958,
          "rate": 0.9871561011451215,
          "cv": 1.0,
          "lambda": 0.15
        },
        "MS2_2": {
          "meanserv": 6.225357987149577,
          "stddevserv": 6.225357987149577,
          "rate": 0.16063333258331589,
          "cv": 1.0,
          "lambda": 0.15
        },
        "MS2_3": {
          "meanserv": 0.20290677338212326,
          "stddevserv": 0.20290677338212326,
          "rate": 4.928371701602856,
          "cv": 1.0,
          "lambda": 0.15
        },
        "MS2_4": {
          "meanserv": 2.5587242285046043,
          "stddevserv": 2.5587242285046043,
          "rate": 0.390819764341869,
          "cv": 1.0,
          "lambda": 0.15
        }
      },
      "sensors": [
        "S2"
      ],
      "sources": [
        {
          "startTime": 0,
          "stopTime": -1,
          "lambda": 0.15
        }
      ]
    },
    "SC3": {
      "resptime": 135.22001134968968,
      "resptime_old": 125.2200113496897,
      "waittime": 119.8878086721245,
      "servicetime": 10.0,
      "networktime": 5.332202677565183,
      "services": {
        "MS3_1": {
          "meanserv": 6.324624475219293,
          "stddevserv": 6.324624475219293,
          "rate": 0.15811215415525948,
          "cv": 1.0,
          "lambda": 0.15
        },
        "MS3_2": {
          "meanserv": 0.6494462692613183,
          "stddevserv": 0.6494462692613183,
          "rate": 1.5397732612082018,
          "cv": 1.0,
          "lambda": 0.15
        },
        "MS3_3": {
          "meanserv": 0.4263131407077667,
          "stddevserv": 0.4263131407077667,
          "rate": 2.3456935865026263,
          "cv": 1.0,
          "lambda": 0.15
        },
        "MS3_4": {
          "meanserv": 2.5996161148116217,
          "stddevserv": 2.5996161148116217,
          "rate": 0.384672180750989,
          "cv": 1.0,
          "lambda": 0.15
        }
      },
      "sensors": [
        "S3"
      ],
      "sources": [
        {
          "startTime": 0,
          "stopTime": -1,
          "lambda": 0.15
        }
      ]
    },
    "SC4": {
      "resptime": 29.502049397569177,
      "resptime_old": 19.502049397569177,
      "waittime": 14.214534750801352,
      "servicetime": 10.0,
      "networktime": 5.287514646767825,
      "services": {
        "MS4_1": {
          "meanserv": 2.644381908763677,
          "stddevserv": 2.644381908763677,
          "rate": 0.3781602032164591,
          "cv": 1.0,
          "lambda": 0.15
        },
        "MS4_2": {
          "meanserv": 1.0699322241015294,
          "stddevserv": 1.0699322241015294,
          "rate": 0.9346386410968651,
          "cv": 1.0,
          "lambda": 0.15
        },
        "MS4_3": {
          "meanserv": 4.2092276645303635,
          "stddevserv": 4.2092276645303635,
          "rate": 0.23757327464765987,
          "cv": 1.0,
          "lambda": 0.15
        },
        "MS4_4": {
          "meanserv": 2.07645820260443,
          "stddevserv": 2.07645820260443,
          "rate": 0.4815892748265939,
          "cv": 1.0,
          "lambda": 0.15
        }
      },
      "sensors": [
        "S4"
      ],
      "sources": [
        {
          "startTime": 0,
          "stopTime": -1,
          "lambda": 0.15
        }
      ]
    }
  },
  "microservice": {
    "MS1_1": "F6",
    "MS1_2": "F1",
    "MS1_3": "F6",
    "MS1_4": "F10",
    "MS2_1": "F4",
    "MS2_2": "F7",
    "MS2_3": "F9",
    "MS2_4": "F9",
    "MS3_1": "F5",
    "MS3_2": "F6",
    "MS3_3": "F6",
    "MS3_4": "F2",
    "MS4_1": "F3",
    "MS4_2": "F3",
    "MS4_3": "F8",
    "MS4_4": "F4"
  },
  "sensor": {
    "S1": "F6",
    "S2": "F4",
    "S3": "F5",
    "S4": "F3"
  },
  "fog": {
    "F1": {
      "rho": 0.6210319562420026,
      "capacity": 1.0,
      "tserv": 4.14021304161335,
      "stddev": 4.14021304161335,
      "mu": 0.24153346457029706,
      "cv": 1.0,
      "lambda": 0.15,
      "twait": 6.7847530862885055
    },
    "F2": {
      "rho": 0.3899424172217433,
      "capacity": 1.0,
      "tserv": 2.5996161148116217,
      "stddev": 2.5996161148116217,
      "mu": 0.384672180750989,
      "cv": 1.0,
      "lambda": 0.15,
      "twait": 1.6616473924342643
    },
    "F3": {
      "rho": 0.5571471199297809,
      "capacity": 1.0,
      "tserv": 1.8571570664326031,
      "stddev": 2.1652894204163378,
      "mu": 0.5384574186398199,
      "cv": 1.165916151925493,
      "lambda": 0.3,
      "twait": 2.7562801360613878
    },
    "F4": {
      "rho": 0.4634203820352188,
      "capacity": 1.0,
      "tserv": 1.5447346067840628,
      "stddev": 1.7180410268967954,
      "mu": 0.6473603916221379,
      "cv": 1.1121917119948093,
      "lambda": 0.3,
      "twait": 1.492193272941443
    },
    "F5": {
      "rho": 0.948693671282894,
      "capacity": 1.0,
      "tserv": 6.324624475219293,
      "stddev": 6.324624475219293,
      "mu": 0.15811215415525948,
      "cv": 1.0,
      "lambda": 0.15,
      "twait": 116.94719468167546
    },
    "F6": {
      "rho": 0.44202200227923677,
      "capacity": 1.0,
      "tserv": 0.7367033371320613,
      "stddev": 0.804151869308197,
      "mu": 1.3573984935278502,
      "cv": 1.0915545359665515,
      "lambda": 0.6,
      "twait": 0.639483299007396
    },
    "F7": {
      "rho": 0.9338036980724366,
      "capacity": 1.0,
      "tserv": 6.225357987149577,
      "stddev": 6.225357987149577,
      "mu": 0.16063333258331589,
      "cv": 1.0,
      "lambda": 0.15,
      "twait": 87.81853579353012
    },
    "F8": {
      "rho": 0.6313841496795545,
      "capacity": 1.0,
      "tserv": 4.2092276645303635,
      "stddev": 4.2092276645303635,
      "mu": 0.23757327464765987,
      "cv": 1.0,
      "lambda": 0.15,
      "twait": 7.2097812057371335
    },
    "F9": {
      "rho": 0.4142446502830091,
      "capacity": 1.0,
      "tserv": 1.3808155009433638,
      "stddev": 2.163698081659119,
      "mu": 0.7242097147061333,
      "cv": 1.5669711704285585,
      "lambda": 0.3,
      "twait": 1.6871141269313072
    },
    "F10": {
      "rho": 0.5983099529741235,
      "capacity": 1.0,
      "tserv": 3.98873301982749,
      "stddev": 3.9887330198274893,
      "mu": 0.250706175376774,
      "cv": 0.9999999999999998,
      "lambda": 0.15,
      "twait": 5.941144629270793
    }
  },
  "extra": {
    "conv_gen": 10,
    "max_gen": 600,
    "population": 600,
    "deltatime": 31.501273,
    "obj_func": 75.73457832104253
  },
  "network": [
    [
      0.0,
      2.0776024861188946,
      2.5987694450677954,
      2.697792621666374,
      2.872671446816757,
      2.1685772100760667,
      2.8118406688983635,
      2.878744765837713,
      1.67492981397415,
      1.67492981397415
    ],
    [
      2.0776024861188946,
      0.0,
      3.338598871717724,
      3.217461343591593,
      2.4709329382232106,
      2.85093557230122,
      2.4812671052639628,
      1.67492981397415,
      2.2931822892651814,
      2.2931822892651814
    ],
    [
      2.5987694450677954,
      3.338598871717724,
      0.0,
      2.3028261916592228,
      2.9300109431520114,
      3.2544161513456396,
      2.878744765837713,
      2.2931822892651814,
      2.994332357502643,
      2.994332357502643
    ],
    [
      2.697792621666374,
      3.217461343591593,
      2.3028261916592228,
      0.0,
      2.1425197046499513,
      2.8118406688983635,
      1.67492981397415,
      2.994332357502643,
      2.6155987182763734,
      2.6155987182763734
    ],
    [
      2.872671446816757,
      2.4709329382232106,
      2.9300109431520114,
      2.1425197046499513,
      0.0,
      2.4812671052639628,
      2.2931822892651814,
      2.6155987182763734,
      3.394780129346447,
      3.394780129346447
    ],
    [
      2.1685772100760667,
      2.85093557230122,
      3.2544161513456396,
      2.8118406688983635,
      2.4812671052639628,
      0.0,
      2.994332357502643,
      3.394780129346447,
      2.3552370172203507,
      2.3552370172203507
    ],
    [
      2.8118406688983635,
      2.4812671052639628,
      2.878744765837713,
      1.67492981397415,
      2.2931822892651814,
      2.994332357502643,
      0.0,
      2.3552370172203507,
      3.1591096516563915,
      3.1591096516563915
    ],
    [
      2.878744765837713,
      1.67492981397415,
      2.2931822892651814,
      2.994332357502643,
      2.6155987182763734,
      3.394780129346447,
      2.3552370172203507,
      0.0,
      2.7015977184177156,
      2.7015977184177156
    ],
    [
      1.67492981397415,
      2.2931822892651814,
      2.994332357502643,
      2.6155987182763734,
      3.394780129346447,
      2.3552370172203507,
      3.1591096516563915,
      2.7015977184177156,
      0.0,
      2.9849013704602734
    ],
    [
      1.67492981397415,
      2.2931822892651814,
      2.994332357502643,
      2.6155987182763734,
      3.394780129346447,
      2.3552370172203507,
      3.1591096516563915,
      2.7015977184177156,
      2.9849013704602734,
      0.0
    ]
  ]
}