{
  "servicechain": {
    "SC1": {
      "resptime": 28.81101887751225,
      "resptime_old": 18.811018877512254,
      "waittime": 15.818991973789394,
      "servicetime": 10.0,
      "networktime": 2.992026903722855,
      "services": {
        "MS1_1": {
          "meanserv": 0.4680227282405047,
          "stddevserv": 0.4680227282405047,
          "rate": 2.1366483712434707,
          "cv": 1.0,
          "lambda": 0.15
        },
        "MS1_2": {
          "meanserv": 0.8255322718465363,
          "stddevserv": 0.8255322718465363,
          "rate": 1.211339682412678,
          "cv": 1.0,
          "lambda": 0.15
        },
        "MS1_3": {
          "meanserv": 2.7937008911087338,
          "stddevserv": 2.7937008911087338,
          "rate": 0.3579481265093955,
          "cv": 1.0,
          "lambda": 0.15
        },
        "MS1_4": {
          "meanserv": 0.041720856604618994,
          "stddevserv": 0.041720856604618994,
          "rate": 23.96882713787061,
          "cv": 1.0,
          "lambda": 0.15
        },
        "MS1_5": {
          "meanserv": 0.6403462866043794,
          "stddevserv": 0.6403462866043794,
          "rate": 1.561655030909585,
          "cv": 1.0,
          "lambda": 0.15
        },
        "MS1_6": {
          "meanserv": 0.4915818223246484,
          "stddevserv": 0.4915818223246484,
          "rate": 2.03424934484169,
          "cv": 1.0,
          "lambda": 0.15
        },
        "MS1_7": {
          "meanserv": 0.30709774291838965,
          "stddevserv": 0.30709774291838965,
          "rate": 3.2562922491610338,
          "cv": 1.0,
          "lambda": 0.15
        },
        "MS1_8": {
          "meanserv": 0.1679397055350682,
          "stddevserv": 0.1679397055350682,
          "rate": 5.9545180028387374,
          "cv": 1.0,
          "lambda": 0.15
        },
        "MS1_9": {
          "meanserv": 0.061151531914465984,
          "stddevserv": 0.061151531914465984,
          "rate": 16.352820096129765,
          "cv": 1.0,
          "lambda": 0.15
        },
        "MS1_10": {
          "meanserv": 0.579231766458876,
          "stddevserv": 0.579231766458876,
          "rate": 1.7264246505565186,
          "cv": 1.0,
          "lambda": 0.15
        },
        "MS1_11": {
          "meanserv": 0.3268932317154416,
          "stddevserv": 0.3268932317154416,
          "rate": 3.0591027986486226,
          "cv": 1.0,
          "lambda": 0.15
        },
        "MS1_12": {
          "meanserv": 0.0340028759191231,
          "stddevserv": 0.0340028759191231,
          "rate": 29.409277096988244,
          "cv": 1.0,
          "lambda": 0.15
        },
        "MS1_13": {
          "meanserv": 0.5164766071617741,
          "stddevserv": 0.5164766071617741,
          "rate": 1.9361961144675301,
          "cv": 1.0,
          "lambda": 0.15
        },
        "MS1_14": {
          "meanserv": 0.38217508174472137,
          "stddevserv": 0.38217508174472137,
          "rate": 2.6166017821851675,
          "cv": 1.0,
          "lambda": 0.15
        },
        "MS1_15": {
          "meanserv": 2.3641265999027183,
          "stddevserv": 2.3641265999027183,
          "rate": 0.42298919188217293,
          "cv": 1.0,
          "lambda": 0.15
        }
      },
      "sensors": [
        "S1"
      ],
      "sources": [
        {
          "startTime": 0,
          "stopTime": -1,
          "lambda": 0.15
        }
      ]
    },
    "SC2": {
      "resptime": 32.98658268865606,
      "resptime_old": 22.986582688656053,
      "waittime": 17.88213804079709,
      "servicetime": 10.0,
      "networktime": 5.104444647858962,
      "services": {
        "MS2_1": {
          "meanserv": 0.877767974481114,
          "stddevserv": 0.877767974481114,
          "rate": 1.1392532298653781,
          "cv": 1.0,
          "lambda": 0.15
        },
        "MS2_2": {
          "meanserv": 0.008537221948382578,
          "stddevserv": 0.008537221948382578,
          "rate": 117.13412232294783,
          "cv": 1.0,
          "lambda": 0.15
        },
        "MS2_3": {
          "meanserv": 0.1606705199377767,
          "stddevserv": 0.1606705199377767,
          "rate": 6.223917121742511,
          "cv": 1.0,
          "lambda": 0.15
        },
        "MS2_4": {
          "meanserv": 0.8034776256665133,
          "stddevserv": 0.8034776256665133,
          "rate": 1.244589728519776,
          "cv": 1.0,
          "lambda": 0.15
        },
        "MS2_5": {
          "meanserv": 0.24398502513498643,
          "stddevserv": 0.24398502513498643,
          "rate": 4.098612197395077,
          "cv": 1.0,
          "lambda": 0.15
        },
        "MS2_6": {
          "meanserv": 0.08081325338220235,
          "stddevserv": 0.08081325338220235,
          "rate": 12.374207919467722,
          "cv": 1.0,
          "lambda": 0.15
        },
        "MS2_7": {
          "meanserv": 0.27102226463078605,
          "stddevserv": 0.27102226463078605,
          "rate": 3.6897337617715693,
          "cv": 1.0,
          "lambda": 0.15
        },
        "MS2_8": {
          "meanserv": 0.9521041141421591,
          "stddevserv": 0.9521041141421591,
          "rate": 1.0503053029037637,
          "cv": 1.0,
          "lambda": 0.15
        },
        "MS2_9": {
          "meanserv": 0.41198214355438356,
          "stddevserv": 0.41198214355438356,
          "rate": 2.427289666907603,
          "cv": 1.0,
          "lambda": 0.15
        },
        "MS2_10": {
          "meanserv": 1.2843391212104702,
          "stddevserv": 1.2843391212104702,
          "rate": 0.7786105581347667,
          "cv": 1.0,
          "lambda": 0.15
        },
        "MS2_11": {
          "meanserv": 0.030840115702161164,
          "stddevserv": 0.030840115702161164,
          "rate": 32.425299880762886,
          "cv": 1.0,
          "lambda": 0.15
        },
        "MS2_12": {
          "meanserv": 0.14836522413306774,
          "stddevserv": 0.14836522413306774,
          "rate": 6.740123946451946,
          "cv": 1.0,
          "lambda": 0.15
        },
        "MS2_13": {
          "meanserv": 0.5973774466777106,
          "stddevserv": 0.5973774466777106,
          "rate": 1.6739835183960452,
          "cv": 1.0,
          "lambda": 0.15
        },
        "MS2_14": {
          "meanserv": 3.8596278288225445,
          "stddevserv": 3.8596278288225445,
          "rate": 0.2590923385234969,
          "cv": 1.0,
          "lambda": 0.15
        },
        "MS2_15": {
          "meanserv": 0.26909012057574166,
          "stddevserv": 0.26909012057574166,
          "rate": 3.7162271058499408,
          "cv": 1.0,
          "lambda": 0.15
        }
      },
      "sensors": [
        "S2"
      ],
      "sources": [
        {
          "startTime": 0,
          "stopTime": -1,
          "lambda": 0.15
        }
      ]
    },
    "SC3": {
      "resptime": 38.78572097683726,
      "resptime_old": 28.78572097683727,
      "waittime": 24.25088787144826,
      "servicetime": 10.0,
      "networktime": 4.534833105389008,
      "services": {
        "MS3_1": {
          "meanserv": 0.17075565207955723,
          "stddevserv": 0.17075565207955723,
          "rate": 5.856321520379819,
          "cv": 1.0,
          "lambda": 0.15
        },
        "MS3_2": {
          "meanserv": 0.6939829627995486,
          "stddevserv": 0.6939829627995486,
          "rate": 1.440957564672725,
          "cv": 1.0,
          "lambda": 0.15
        },
        "MS3_3": {
          "meanserv": 0.3047966369348032,
          "stddevserv": 0.3047966369348032,
          "rate": 3.280876095145048,
          "cv": 1.0,
          "lambda": 0.15
        },
        "MS3_4": {
          "meanserv": 3.1875903981202134,
          "stddevserv": 3.1875903981202134,
          "rate": 0.31371659313245526,
          "cv": 1.0,
          "lambda": 0.15
        },
        "MS3_5": {
          "meanserv": 0.26234563397475164,
          "stddevserv": 0.26234563397475164,
          "rate": 3.811765360258448,
          "cv": 1.0,
          "lambda": 0.15
        },
        "MS3_6": {
          "meanserv": 1.3732730839228307,
          "stddevserv": 1.3732730839228307,
          "rate": 0.7281872860592626,
          "cv": 1.0,
          "lambda": 0.15
        },
        "MS3_7": {
          "meanserv": 0.114563843191263,
          "stddevserv": 0.114563843191263,
          "rate": 8.7287574521266,
          "cv": 1.0,
          "lambda": 0.15
        },
        "MS3_8": {
          "meanserv": 0.2936700030021129,
          "stddevserv": 0.2936700030021129,
          "rate": 3.4051826532409075,
          "cv": 1.0,
          "lambda": 0.15
        },
        "MS3_9": {
          "meanserv": 0.7622896972020126,
          "stddevserv": 0.7622896972020126,
          "rate": 1.3118372236572318,
          "cv": 1.0,
          "lambda": 0.15
        },
        "MS3_10": {
          "meanserv": 0.5645476503432434,
          "stddevserv": 0.5645476503432434,
          "rate": 1.7713296643640317,
          "cv": 1.0,
          "lambda": 0.15
        },
        "MS3_11": {
          "meanserv": 1.2414025355245215,
          "stddevserv": 1.2414025355245215,
          "rate": 0.805540484559649,
          "cv": 1.0,
          "lambda": 0.15
        },
        "MS3_12": {
          "meanserv": 0.24729886963980263,
          "stddevserv": 0.24729886963980263,
          "rate": 4.043690136782779,
          "cv": 1.0,
          "lambda": 0.15
        },
        "MS3_13": {
          "meanserv": 0.2566851298616246,
          "stddevserv": 0.2566851298616246,
          "rate": 3.8958236518768583,
          "cv": 1.0,
          "lambda": 0.15
        },
        "MS3_14": {
          "meanserv": 0.5238074138372149,
          "stddevserv": 0.5238074138372149,
          "rate": 1.9090985991862515,
          "cv": 1.0,
          "lambda": 0.15
        },
        "MS3_15": {
          "meanserv": 0.002990489566499832,
          "stddevserv": 0.002990489566499832,
          "rate": 334.3934087589655,
          "cv": 1.0,
          "lambda": 0.15
        }
      },
      "sensors": [
        "S3"
      ],
      "sources": [
        {
          "startTime": 0,
          "stopTime": -1,
          "lambda": 0.15
        }
      ]
    },
    "SC4": {
      "resptime": 33.612966940633534,
      "resptime_old": 23.612966940633534,
      "waittime": 20.48823023355086,
      "servicetime": 10.0,
      "networktime": 3.1247367070826755,
      "services": {
        "MS4_1": {
          "meanserv": 0.26358394700517707,
          "stddevserv": 0.26358394700517707,
          "rate": 3.7938577495402592,
          "cv": 1.0,
          "lambda": 0.15
        },
        "MS4_2": {
          "meanserv": 0.7629281613479222,
          "stddevserv": 0.7629281613479222,
          "rate": 1.3107393994124235,
          "cv": 1.0,
          "lambda": 0.15
        },
        "MS4_3": {
          "meanserv": 0.17788037397900358,
          "stddevserv": 0.17788037397900358,
          "rate": 5.621755664388455,
          "cv": 1.0,
          "lambda": 0.15
        },
        "MS4_4": {
          "meanserv": 0.1842071221314967,
          "stddevserv": 0.1842071221314967,
          "rate": 5.428671749652262,
          "cv": 1.0,
          "lambda": 0.15
        },
        "MS4_5": {
          "meanserv": 0.1132973778728219,
          "stddevserv": 0.1132973778728219,
          "rate": 8.826329600694871,
          "cv": 1.0,
          "lambda": 0.15
        },
        "MS4_6": {
          "meanserv": 0.6506671203107439,
          "stddevserv": 0.6506671203107439,
          "rate": 1.5368841743877002,
          "cv": 1.0,
          "lambda": 0.15
        },
        "MS4_7": {
          "meanserv": 0.8467664264590646,
          "stddevserv": 0.8467664264590646,
          "rate": 1.1809632134114179,
          "cv": 1.0,
          "lambda": 0.15
        },
        "MS4_8": {
          "meanserv": 1.9746090999324273,
          "stddevserv": 1.9746090999324273,
          "rate": 0.50642934848939,
          "cv": 1.0,
          "lambda": 0.15
        },
        "MS4_9": {
          "meanserv": 1.4076018798724128,
          "stddevserv": 1.4076018798724128,
          "rate": 0.7104281503876945,
          "cv": 1.0,
          "lambda": 0.15
        },
        "MS4_10": {
          "meanserv": 0.2555572235447974,
          "stddevserv": 0.2555572235447974,
          "rate": 3.9130179383276444,
          "cv": 1.0,
          "lambda": 0.15
        },
        "MS4_11": {
          "meanserv": 0.4805929307126311,
          "stddevserv": 0.4805929307126311,
          "rate": 2.080763024369051,
          "cv": 1.0,
          "lambda": 0.15
        },
        "MS4_12": {
          "meanserv": 0.024766944712642847,
          "stddevserv": 0.024766944712642847,
          "rate": 40.37639731514915,
          "cv": 1.0,
          "lambda": 0.15
        },
        "MS4_13": {
          "meanserv": 1.9159177435322787,
          "stddevserv": 1.9159177435322787,
          "rate": 0.521943075779627,
          "cv": 1.0,
          "lambda": 0.15
        },
        "MS4_14": {
          "meanserv": 0.7334397686797125,
          "stddevserv": 0.7334397686797125,
          "rate": 1.3634384753912796,
          "cv": 1.0,
          "lambda": 0.15
        },
        "MS4_15": {
          "meanserv": 0.20818387990686738,
          "stddevserv": 0.20818387990686738,
          "rate": 4.803445878938165,
          "cv": 1.0,
          "lambda": 0.15
        }
      },
      "sensors": [
        "S4"
      ],
      "sources": [
        {
          "startTime": 0,
          "stopTime": -1,
          "lambda": 0.15
        }
      ]
    }
  },
  "microservice": {
    "MS1_1": "F6",
    "MS1_2": "F6",
    "MS1_3": "F3",
    "MS1_4": "F10",
    "MS1_5": "F10",
    "MS1_6": "F6",
    "MS1_7": "F6",
    "MS1_8": "F6",
    "MS1_9": "F6",
    "MS1_10": "F6",
    "MS1_11": "F6",
    "MS1_12": "F6",
    "MS1_13": "F8",
    "MS1_14": "F8",
    "MS1_15": "F2",
    "MS2_1": "F5",
    "MS2_2": "F9",
    "MS2_3": "F9",
    "MS2_4": "F9",
    "MS2_5": "F10",
    "MS2_6": "F10",
    "MS2_7": "F10",
    "MS2_8": "F9",
    "MS2_9": "F9",
    "MS2_10": "F8",
    "MS2_11": "F10",
    "MS2_12": "F10",
    "MS2_13": "F5",
    "MS2_14": "F4",
    "MS2_15": "F6",
    "MS3_1": "F8",
    "MS3_2": "F8",
    "MS3_3": "F6",
    "MS3_4": "F7",
    "MS3_5": "F10",
    "MS3_6": "F1",
    "MS3_7": "F10",
    "MS3_8": "F10",
    "MS3_9": "F3",
    "MS3_10": "F9",
    "MS3_11": "F7",
    "MS3_12": "F9",
    "MS3_13": "F9",
    "MS3_14": "F9",
    "MS3_15": "F9",
    "MS4_1": "F10",
    "MS4_2": "F10",
    "MS4_3": "F10",
    "MS4_4": "F10",
    "MS4_5": "F10",
    "MS4_6": "F5",
    "MS4_7": "F5",
    "MS4_8": "F2",
    "MS4_9": "F5",
    "MS4_10": "F8",
    "MS4_11": "F8",
    "MS4_12": "F8",
    "MS4_13": "F1",
    "MS4_14": "F1",
    "MS4_15": "F10"
  },
  "sensor": {
    "S1": "F6",
    "S2": "F5",
    "S3": "F8",
    "S4": "F10"
  },
  "fog": {
    "F1": {
      "rho": 0.6033945894202233,
      "capacity": 1.0,
      "tserv": 1.340876865378274,
      "stddev": 1.5050199345589395,
      "mu": 0.7457806349115365,
      "cv": 1.1224147223498848,
      "lambda": 0.44999999999999996,
      "twait": 2.3050191051530464
    },
    "F2": {
      "rho": 0.6508103549752718,
      "capacity": 1.0,
      "tserv": 2.169367849917573,
      "stddev": 2.1867827531896133,
      "mu": 0.4609637780139481,
      "cv": 1.0080276396060273,
      "lambda": 0.3,
      "twait": 4.075797698940197
    },
    "F3": {
      "rho": 0.533398588246612,
      "capacity": 1.0,
      "tserv": 1.7779952941553732,
      "stddev": 2.285734670823238,
      "mu": 0.5624311848783854,
      "cv": 1.28556845922872,
      "lambda": 0.3,
      "twait": 2.6958288295559942
    },
    "F4": {
      "rho": 0.5789441743233816,
      "capacity": 1.0,
      "tserv": 3.8596278288225445,
      "stddev": 3.8596278288225445,
      "mu": 0.2590923385234969,
      "cv": 1.0,
      "lambda": 0.15,
      "twait": 5.306918727374109
    },
    "F5": {
      "rho": 0.6570271271701569,
      "capacity": 1.0,
      "tserv": 0.8760361695602091,
      "stddev": 0.9654972065276277,
      "mu": 1.1415053792836243,
      "cv": 1.1021202549345994,
      "lambda": 0.75,
      "twait": 1.8583367237256687
    },
    "F6": {
      "rho": 0.5753010651575399,
      "capacity": 1.0,
      "tserv": 0.3486673122166909,
      "stddev": 0.4687818167869199,
      "mu": 2.8680635234842913,
      "cv": 1.344496029199261,
      "lambda": 1.6499999999999997,
      "twait": 0.6630423063108984
    },
    "F7": {
      "rho": 0.6643489400467102,
      "capacity": 1.0,
      "tserv": 2.2144964668223674,
      "stddev": 2.607262587432678,
      "mu": 0.4515699234485225,
      "cv": 1.1773613670171712,
      "lambda": 0.3,
      "twait": 5.229454423452447
    },
    "F8": {
      "rho": 0.5712969785949215,
      "capacity": 1.0,
      "tserv": 0.4760808154957679,
      "stddev": 0.7006039166447006,
      "mu": 2.100483715057175,
      "cv": 1.4716071176174679,
      "lambda": 1.2,
      "twait": 1.0041899707859303
    },
    "F9": {
      "rho": 0.58981517677464,
      "capacity": 1.0,
      "tserv": 0.39321011784976007,
      "stddev": 0.5821968615688868,
      "mu": 2.5431695538976076,
      "cv": 1.4806253327167331,
      "lambda": 1.4999999999999998,
      "twait": 0.9024603443133349
    },
    "F10": {
      "rho": 0.5756630052905427,
      "capacity": 1.0,
      "tserv": 0.23985958553772618,
      "stddev": 0.3632281468348624,
      "mu": 4.169105844814009,
      "cv": 1.514336589970186,
      "lambda": 2.3999999999999995,
      "twait": 0.5358023734616285
    }
  },
  "extra": {
    "conv_gen": 417,
    "max_gen": 600,
    "population": 600,
    "deltatime": 86.0357812,
    "obj_func": 33.54907237090978
  },
  "network": [
    [
      0.0,
      0.5624422231922482,
      0.8326441730796492,
      0.60837484300497,
      0.697175880981246,
      0.5858114156641364,
      0.4257279929144586,
      0.4331805272934101,
      0.34996463594361676,
      0.34996463594361676
    ],
    [
      0.5624422231922482,
      0.0,
      0.5488738628152753,
      0.7308973248067158,
      0.5680426710195148,
      0.7269282193859761,
      0.7002942923776856,
      0.34996463594361676,
      0.9972557494220848,
      0.9972557494220848
    ],
    [
      0.8326441730796492,
      0.5488738628152753,
      0.0,
      0.9280489830853046,
      0.8223593930604274,
      0.639236237888699,
      0.4331805272934101,
      0.9972557494220848,
      0.5179294288276378,
      0.5179294288276378
    ],
    [
      0.60837484300497,
      0.7308973248067158,
      0.9280489830853046,
      0.0,
      0.5304419301639475,
      0.4257279929144586,
      0.34996463594361676,
      0.5179294288276378,
      0.6009033459555149,
      0.6009033459555149
    ],
    [
      0.697175880981246,
      0.5680426710195148,
      0.8223593930604274,
      0.5304419301639475,
      0.0,
      0.7002942923776856,
      0.9972557494220848,
      0.6009033459555149,
      0.6046028558511046,
      0.6046028558511046
    ],
    [
      0.5858114156641364,
      0.7269282193859761,
      0.639236237888699,
      0.4257279929144586,
      0.7002942923776856,
      0.0,
      0.5179294288276378,
      0.6046028558511046,
      0.8802937452117965,
      0.8802937452117965
    ],
    [
      0.4257279929144586,
      0.7002942923776856,
      0.4331805272934101,
      0.34996463594361676,
      0.9972557494220848,
      0.5179294288276378,
      0.0,
      0.8802937452117965,
      0.5588375637225853,
      0.5588375637225853
    ],
    [
      0.4331805272934101,
      0.34996463594361676,
      0.9972557494220848,
      0.5179294288276378,
      0.6009033459555149,
      0.6046028558511046,
      0.8802937452117965,
      0.0,
      0.8501213755560179,
      0.8501213755560179
    ],
    [
      0.34996463594361676,
      0.9972557494220848,
      0.5179294288276378,
      0.6009033459555149,
      0.6046028558511046,
      0.8802937452117965,
      0.5588375637225853,
      0.8501213755560179,
      0.0,
      0.6194131309831554
    ],
    [
      0.34996463594361676,
      0.9972557494220848,
      0.5179294288276378,
      0.6009033459555149,
      0.6046028558511046,
      0.8802937452117965,
      0.5588375637225853,
      0.8501213755560179,
      0.6194131309831554,
      0.0
    ]
  ]
}