{
  "servicechain": {
    "SC1": {
      "resptime": 55.4927939707204,
      "resptime_old": 45.49279397072039,
      "waittime": 40.435253640409826,
      "servicetime": 10.0,
      "networktime": 5.0575403303105695,
      "services": {
        "MS1_1": {
          "meanserv": 1.0628979058494326,
          "stddevserv": 1.0628979058494326,
          "rate": 0.940824132305382,
          "cv": 1.0,
          "lambda": 0.175
        },
        "MS1_2": {
          "meanserv": 0.08908383137376519,
          "stddevserv": 0.08908383137376519,
          "rate": 11.225381582482045,
          "cv": 1.0,
          "lambda": 0.175
        },
        "MS1_3": {
          "meanserv": 1.6305331413459134,
          "stddevserv": 1.6305331413459134,
          "rate": 0.6132963351941171,
          "cv": 1.0,
          "lambda": 0.175
        },
        "MS1_4": {
          "meanserv": 4.925970211858505,
          "stddevserv": 4.925970211858505,
          "rate": 0.20300569369921398,
          "cv": 1.0,
          "lambda": 0.175
        },
        "MS1_5": {
          "meanserv": 2.291514909572383,
          "stddevserv": 2.291514909572383,
          "rate": 0.436392534834787,
          "cv": 1.0,
          "lambda": 0.175
        }
      },
      "sensors": [
        "S1"
      ],
      "sources": [
        {
          "startTime": 0,
          "stopTime": -1,
          "lambda": 0.175
        }
      ]
    },
    "SC2": {
      "resptime": 7958.506341970417,
      "resptime_old": 7948.506341970418,
      "waittime": 7942.463203518224,
      "servicetime": 10.0,
      "networktime": 6.043138452193769,
      "services": {
        "MS2_1": {
          "meanserv": 1.3769575733001527,
          "stddevserv": 1.3769575733001527,
          "rate": 0.7262387886093695,
          "cv": 1.0,
          "lambda": 0.175
        },
        "MS2_2": {
          "meanserv": 1.2663962365881551,
          "stddevserv": 1.2663962365881551,
          "rate": 0.7896422708062817,
          "cv": 1.0,
          "lambda": 0.175
        },
        "MS2_3": {
          "meanserv": 0.16372949432285422,
          "stddevserv": 0.16372949432285422,
          "rate": 6.1076350607186525,
          "cv": 1.0,
          "lambda": 0.175
        },
        "MS2_4": {
          "meanserv": 6.737349180274409,
          "stddevserv": 6.737349180274409,
          "rate": 0.14842632810657894,
          "cv": 1.0,
          "lambda": 0.175
        },
        "MS2_5": {
          "meanserv": 0.45556751551442964,
          "stddevserv": 0.45556751551442964,
          "rate": 2.195064322948474,
          "cv": 1.0,
          "lambda": 0.175
        }
      },
      "sensors": [
        "S2"
      ],
      "sources": [
        {
          "startTime": 0,
          "stopTime": -1,
          "lambda": 0.175
        }
      ]
    },
    "SC3": {
      "resptime": 33.05996072442983,
      "resptime_old": 23.05996072442983,
      "waittime": 18.229673141909828,
      "servicetime": 10.0,
      "networktime": 4.830287582520004,
      "services": {
        "MS3_1": {
          "meanserv": 2.1876302802150374,
          "stddevserv": 2.1876302802150374,
          "rate": 0.457115632858082,
          "cv": 1.0,
          "lambda": 0.175
        },
        "MS3_2": {
          "meanserv": 2.174810310175369,
          "stddevserv": 2.174810310175369,
          "rate": 0.45981021669856054,
          "cv": 1.0,
          "lambda": 0.175
        },
        "MS3_3": {
          "meanserv": 1.1195359667725802,
          "stddevserv": 1.1195359667725802,
          "rate": 0.8932272206339376,
          "cv": 1.0,
          "lambda": 0.175
        },
        "MS3_4": {
          "meanserv": 1.4422666360085694,
          "stddevserv": 1.4422666360085694,
          "rate": 0.6933530701143241,
          "cv": 1.0,
          "lambda": 0.175
        },
        "MS3_5": {
          "meanserv": 3.075756806828444,
          "stddevserv": 3.075756806828444,
          "rate": 0.3251232339890833,
          "cv": 1.0,
          "lambda": 0.175
        }
      },
      "sensors": [
        "S3"
      ],
      "sources": [
        {
          "startTime": 0,
          "stopTime": -1,
          "lambda": 0.175
        }
      ]
    },
    "SC4": {
      "resptime": 37.3047355619715,
      "resptime_old": 27.304735561971498,
      "waittime": 20.376712161776677,
      "servicetime": 10.0,
      "networktime": 6.928023400194823,
      "services": {
        "MS4_1": {
          "meanserv": 0.382964829065513,
          "stddevserv": 0.382964829065513,
          "rate": 2.6112058447772815,
          "cv": 1.0,
          "lambda": 0.175
        },
        "MS4_2": {
          "meanserv": 1.7054456101114188,
          "stddevserv": 1.7054456101114188,
          "rate": 0.586357016647789,
          "cv": 1.0,
          "lambda": 0.175
        },
        "MS4_3": {
          "meanserv": 3.5284378862830836,
          "stddevserv": 3.5284378862830836,
          "rate": 0.28341153570749605,
          "cv": 1.0,
          "lambda": 0.175
        },
        "MS4_4": {
          "meanserv": 0.9130040895223459,
          "stddevserv": 0.9130040895223459,
          "rate": 1.095285345899346,
          "cv": 1.0,
          "lambda": 0.175
        },
        "MS4_5": {
          "meanserv": 3.4701475850176386,
          "stddevserv": 3.4701475850176386,
          "rate": 0.28817218158602237,
          "cv": 1.0,
          "lambda": 0.175
        }
      },
      "sensors": [
        "S4"
      ],
      "sources": [
        {
          "startTime": 0,
          "stopTime": -1,
          "lambda": 0.175
        }
      ]
    }
  },
  "microservice": {
    "MS1_1": "F2",
    "MS1_2": "F2",
    "MS1_3": "F8",
    "MS1_4": "F4",
    "MS1_5": "F3",
    "MS2_1": "F3",
    "MS2_2": "F2",
    "MS2_3": "F2",
    "MS2_4": "F6",
    "MS2_5": "F2",
    "MS3_1": "F9",
    "MS3_2": "F5",
    "MS3_3": "F8",
    "MS3_4": "F8",
    "MS3_5": "F7",
    "MS4_1": "F5",
    "MS4_2": "F9",
    "MS4_3": "F1",
    "MS4_4": "F5",
    "MS4_5": "F10"
  },
  "sensor": {
    "S1": "F2",
    "S2": "F3",
    "S3": "F9",
    "S4": "F5"
  },
  "fog": {
    "F1": {
      "rho": 0.6174766300995396,
      "capacity": 1.0,
      "tserv": 3.5284378862830836,
      "stddev": 3.5284378862830836,
      "mu": 0.28341153570749605,
      "cv": 1.0,
      "lambda": 0.175,
      "twait": 5.6956727535485365
    },
    "F2": {
      "rho": 0.5315931221385114,
      "capacity": 1.0,
      "tserv": 0.6075349967297273,
      "stddev": 0.9062117838983808,
      "mu": 1.6459957128113685,
      "cv": 1.491620711195877,
      "lambda": 0.875,
      "twait": 1.1117778127979405
    },
    "F3": {
      "rho": 0.6419826845026937,
      "capacity": 1.0,
      "tserv": 1.8342362414362678,
      "stddev": 1.9448984935114033,
      "mu": 0.5451860438745703,
      "cv": 1.0603315154150936,
      "lambda": 0.35,
      "twait": 3.4935020605591793
    },
    "F4": {
      "rho": 0.8620447870752385,
      "capacity": 1.0,
      "tserv": 4.925970211858505,
      "stddev": 4.925970211858505,
      "mu": 0.20300569369921398,
      "cv": 1.0,
      "lambda": 0.175,
      "twait": 30.78105460745765
    },
    "F5": {
      "rho": 0.6073863650335648,
      "capacity": 1.0,
      "tserv": 1.1569264095877427,
      "stddev": 1.5710549188848475,
      "mu": 0.8643592122305673,
      "cv": 1.3579557920582646,
      "lambda": 0.5249999999999999,
      "twait": 2.5451401410595813
    },
    "F6": {
      "rho": 1.1790361065480215,
      "capacity": 1.0,
      "tserv": 6.737349180274409,
      "stddev": 6.737349180274409,
      "mu": 0.14842632810657894,
      "cv": 1.0,
      "lambda": 0.175,
      "twait": 7935.63436801927
    },
    "F7": {
      "rho": 0.5382574411949776,
      "capacity": 1.0,
      "tserv": 3.0757568068284438,
      "stddev": 3.075756806828445,
      "mu": 0.3251232339890834,
      "cv": 1.0000000000000004,
      "lambda": 0.175,
      "twait": 3.5854372897010647
    },
    "F8": {
      "rho": 0.733658755222236,
      "capacity": 1.0,
      "tserv": 1.3974452480423545,
      "stddev": 1.4289512059208618,
      "mu": 0.7155915420664062,
      "cv": 1.0225453969825602,
      "lambda": 0.5249999999999999,
      "twait": 3.9371413467971155
    },
    "F9": {
      "rho": 0.6812882808071298,
      "capacity": 1.0,
      "tserv": 1.946537945163228,
      "stddev": 1.9761733223585807,
      "mu": 0.51373260022226,
      "cv": 1.015224659385136,
      "lambda": 0.35,
      "twait": 4.224813017554949
    },
    "F10": {
      "rho": 0.6072758273780867,
      "capacity": 1.0,
      "tserv": 3.4701475850176386,
      "stddev": 3.4701475850176386,
      "mu": 0.28817218158602237,
      "cv": 1.0,
      "lambda": 0.175,
      "twait": 5.365946108554029
    }
  },
  "extra": {
    "conv_gen": 4,
    "max_gen": 600,
    "population": 600,
    "deltatime": 38.0956886,
    "obj_func": 2021.0909580568848
  },
  "network": [
    [
      0.0,
      1.882559970936951,
      2.8296947368456227,
      1.902051510209487,
      1.8846391527492983,
      2.0767506339303865,
      2.5231901453988956,
      2.516343719485135,
      1.7320999432647202,
      1.7320999432647202
    ],
    [
      1.882559970936951,
      0.0,
      1.722867886323275,
      2.491450325895233,
      2.780265837571955,
      2.160135282935247,
      2.2613305376914985,
      1.7320999432647202,
      2.6373920026157416,
      2.6373920026157416
    ],
    [
      2.8296947368456227,
      1.722867886323275,
      0.0,
      1.2396018354244538,
      2.1068095244720535,
      2.4191619937622213,
      2.516343719485135,
      2.6373920026157416,
      2.0858385516213955,
      2.0858385516213955
    ],
    [
      1.902051510209487,
      2.491450325895233,
      1.2396018354244538,
      0.0,
      1.7033237184481003,
      2.5231901453988956,
      1.7320999432647202,
      2.0858385516213955,
      1.6810172695496153,
      1.6810172695496153
    ],
    [
      1.8846391527492983,
      2.780265837571955,
      2.1068095244720535,
      1.7033237184481003,
      0.0,
      2.2613305376914985,
      2.6373920026157416,
      1.6810172695496153,
      1.6556421520904019,
      1.6556421520904019
    ],
    [
      2.0767506339303865,
      2.160135282935247,
      2.4191619937622213,
      2.5231901453988956,
      2.2613305376914985,
      0.0,
      2.0858385516213955,
      1.6556421520904019,
      1.4936281608799868,
      1.4936281608799868
    ],
    [
      2.5231901453988956,
      2.2613305376914985,
      2.516343719485135,
      1.7320999432647202,
      2.6373920026157416,
      2.0858385516213955,
      0.0,
      1.4936281608799868,
      1.6564352681578187,
      1.6564352681578187
    ],
    [
      2.516343719485135,
      1.7320999432647202,
      2.6373920026157416,
      2.0858385516213955,
      1.6810172695496153,
      1.6556421520904019,
      1.4936281608799868,
      0.0,
      2.013861946910928,
      2.013861946910928
    ],
    [
      1.7320999432647202,
      2.6373920026157416,
      2.0858385516213955,
      1.6810172695496153,
      1.6556421520904019,
      1.4936281608799868,
      1.6564352681578187,
      2.013861946910928,
      0.0,
      2.059182646908603
    ],
    [
      1.7320999432647202,
      2.6373920026157416,
      2.0858385516213955,
      1.6810172695496153,
      1.6556421520904019,
      1.4936281608799868,
      1.6564352681578187,
      2.013861946910928,
      2.059182646908603,
      0.0
    ]
  ]
}