{
  "servicechain": {
    "SC1": {
      "resptime": 36.13285894670571,
      "resptime_old": 26.13285894670571,
      "waittime": 23.51389692968545,
      "servicetime": 10.0,
      "networktime": 2.6189620170202588,
      "services": {
        "MS1_1": {
          "meanserv": 0.12700032380354664,
          "stddevserv": 0.12700032380354664,
          "rate": 7.873995672222638,
          "cv": 1.0,
          "lambda": 0.15
        },
        "MS1_2": {
          "meanserv": 0.6818485151226883,
          "stddevserv": 0.6818485151226883,
          "rate": 1.466601419261088,
          "cv": 1.0,
          "lambda": 0.15
        },
        "MS1_3": {
          "meanserv": 0.2088764627737516,
          "stddevserv": 0.2088764627737516,
          "rate": 4.787518836352416,
          "cv": 1.0,
          "lambda": 0.15
        },
        "MS1_4": {
          "meanserv": 0.9193876191376238,
          "stddevserv": 0.9193876191376238,
          "rate": 1.0876805160134633,
          "cv": 1.0,
          "lambda": 0.15
        },
        "MS1_5": {
          "meanserv": 0.8563054536781947,
          "stddevserv": 0.8563054536781947,
          "rate": 1.167807580466265,
          "cv": 1.0,
          "lambda": 0.15
        },
        "MS1_6": {
          "meanserv": 0.04173287561470129,
          "stddevserv": 0.04173287561470129,
          "rate": 23.961924149020987,
          "cv": 1.0,
          "lambda": 0.15
        },
        "MS1_7": {
          "meanserv": 0.9464076876717069,
          "stddevserv": 0.9464076876717069,
          "rate": 1.0566270889664238,
          "cv": 1.0,
          "lambda": 0.15
        },
        "MS1_8": {
          "meanserv": 1.545635395652459,
          "stddevserv": 1.545635395652459,
          "rate": 0.6469831131020845,
          "cv": 1.0,
          "lambda": 0.15
        },
        "MS1_9": {
          "meanserv": 1.931334746989469,
          "stddevserv": 1.931334746989469,
          "rate": 0.5177766317096415,
          "cv": 1.0,
          "lambda": 0.15
        },
        "MS1_10": {
          "meanserv": 2.7414709195558586,
          "stddevserv": 2.7414709195558586,
          "rate": 0.36476768470044846,
          "cv": 1.0,
          "lambda": 0.15
        }
      },
      "sensors": [
        "S1"
      ],
      "sources": [
        {
          "startTime": 0,
          "stopTime": -1,
          "lambda": 0.15
        }
      ]
    },
    "SC2": {
      "resptime": 28.86679092085311,
      "resptime_old": 18.86679092085311,
      "waittime": 15.775350096317155,
      "servicetime": 10.0,
      "networktime": 3.091440824535955,
      "services": {
        "MS2_1": {
          "meanserv": 0.5527626540913055,
          "stddevserv": 0.5527626540913055,
          "rate": 1.8090947219361524,
          "cv": 1.0,
          "lambda": 0.15
        },
        "MS2_2": {
          "meanserv": 1.1596882504656558,
          "stddevserv": 1.1596882504656558,
          "rate": 0.862300708486496,
          "cv": 1.0,
          "lambda": 0.15
        },
        "MS2_3": {
          "meanserv": 0.1326389046658416,
          "stddevserv": 0.1326389046658416,
          "rate": 7.539266118936289,
          "cv": 1.0,
          "lambda": 0.15
        },
        "MS2_4": {
          "meanserv": 0.21467839850792836,
          "stddevserv": 0.21467839850792836,
          "rate": 4.6581305196529526,
          "cv": 1.0,
          "lambda": 0.15
        },
        "MS2_5": {
          "meanserv": 0.8500057214122503,
          "stddevserv": 0.8500057214122503,
          "rate": 1.1764626693789075,
          "cv": 1.0,
          "lambda": 0.15
        },
        "MS2_6": {
          "meanserv": 0.726263306815401,
          "stddevserv": 0.726263306815401,
          "rate": 1.3769110880527748,
          "cv": 1.0,
          "lambda": 0.15
        },
        "MS2_7": {
          "meanserv": 0.7390183697759491,
          "stddevserv": 0.7390183697759491,
          "rate": 1.3531463369485301,
          "cv": 1.0,
          "lambda": 0.15
        },
        "MS2_8": {
          "meanserv": 1.5955046616174098,
          "stddevserv": 1.5955046616174098,
          "rate": 0.6267609390663081,
          "cv": 1.0,
          "lambda": 0.15
        },
        "MS2_9": {
          "meanserv": 0.5843871473742395,
          "stddevserv": 0.5843871473742395,
          "rate": 1.711194376011154,
          "cv": 1.0,
          "lambda": 0.15
        },
        "MS2_10": {
          "meanserv": 3.445052585274019,
          "stddevserv": 3.445052585274019,
          "rate": 0.29027133120537263,
          "cv": 1.0,
          "lambda": 0.15
        }
      },
      "sensors": [
        "S2"
      ],
      "sources": [
        {
          "startTime": 0,
          "stopTime": -1,
          "lambda": 0.15
        }
      ]
    },
    "SC3": {
      "resptime": 29.528551268636082,
      "resptime_old": 19.528551268636082,
      "waittime": 14.196193669259479,
      "servicetime": 10.0,
      "networktime": 5.332357599376604,
      "services": {
        "MS3_1": {
          "meanserv": 1.0363257824648353,
          "stddevserv": 1.0363257824648353,
          "rate": 0.9649475260777197,
          "cv": 1.0,
          "lambda": 0.15
        },
        "MS3_2": {
          "meanserv": 1.9205706746286375,
          "stddevserv": 1.9205706746286375,
          "rate": 0.5206785739313449,
          "cv": 1.0,
          "lambda": 0.15
        },
        "MS3_3": {
          "meanserv": 0.36981317490225285,
          "stddevserv": 0.36981317490225285,
          "rate": 2.7040680750876844,
          "cv": 1.0,
          "lambda": 0.15
        },
        "MS3_4": {
          "meanserv": 0.8746140229873753,
          "stddevserv": 0.8746140229873753,
          "rate": 1.1433614985777956,
          "cv": 1.0,
          "lambda": 0.15
        },
        "MS3_5": {
          "meanserv": 0.619707032297824,
          "stddevserv": 0.619707032297824,
          "rate": 1.6136657289365914,
          "cv": 1.0,
          "lambda": 0.15
        },
        "MS3_6": {
          "meanserv": 1.9092654943019207,
          "stddevserv": 1.9092654943019207,
          "rate": 0.5237616261250388,
          "cv": 1.0,
          "lambda": 0.15
        },
        "MS3_7": {
          "meanserv": 1.8448837892327052,
          "stddevserv": 1.8448837892327052,
          "rate": 0.5420395614272833,
          "cv": 1.0,
          "lambda": 0.15
        },
        "MS3_8": {
          "meanserv": 0.20471518064891114,
          "stddevserv": 0.20471518064891114,
          "rate": 4.884835588793052,
          "cv": 1.0,
          "lambda": 0.15
        },
        "MS3_9": {
          "meanserv": 0.07917784180608756,
          "stddevserv": 0.07917784180608756,
          "rate": 12.62979612969339,
          "cv": 1.0,
          "lambda": 0.15
        },
        "MS3_10": {
          "meanserv": 1.1409270067294504,
          "stddevserv": 1.1409270067294504,
          "rate": 0.8764802604388972,
          "cv": 1.0,
          "lambda": 0.15
        }
      },
      "sensors": [
        "S3"
      ],
      "sources": [
        {
          "startTime": 0,
          "stopTime": -1,
          "lambda": 0.15
        }
      ]
    },
    "SC4": {
      "resptime": 34.68615685292742,
      "resptime_old": 24.686156852927414,
      "waittime": 20.26487619165129,
      "servicetime": 10.0,
      "networktime": 4.421280661276127,
      "services": {
        "MS4_1": {
          "meanserv": 0.9342069475156201,
          "stddevserv": 0.9342069475156201,
          "rate": 1.0704266358319712,
          "cv": 1.0,
          "lambda": 0.15
        },
        "MS4_2": {
          "meanserv": 1.2174939265176665,
          "stddevserv": 1.2174939265176665,
          "rate": 0.8213593334795904,
          "cv": 1.0,
          "lambda": 0.15
        },
        "MS4_3": {
          "meanserv": 0.9492590296183012,
          "stddevserv": 0.9492590296183012,
          "rate": 1.053453239630601,
          "cv": 1.0,
          "lambda": 0.15
        },
        "MS4_4": {
          "meanserv": 0.3324231569274194,
          "stddevserv": 0.3324231569274194,
          "rate": 3.0082140162646307,
          "cv": 1.0,
          "lambda": 0.15
        },
        "MS4_5": {
          "meanserv": 0.5392176981912242,
          "stddevserv": 0.5392176981912242,
          "rate": 1.8545385349079684,
          "cv": 1.0,
          "lambda": 0.15
        },
        "MS4_6": {
          "meanserv": 1.2793719830410586,
          "stddevserv": 1.2793719830410586,
          "rate": 0.7816334992915873,
          "cv": 1.0,
          "lambda": 0.15
        },
        "MS4_7": {
          "meanserv": 0.6521040678623562,
          "stddevserv": 0.6521040678623562,
          "rate": 1.5334975647032407,
          "cv": 1.0,
          "lambda": 0.15
        },
        "MS4_8": {
          "meanserv": 0.18792053027093214,
          "stddevserv": 0.18792053027093214,
          "rate": 5.321398351517326,
          "cv": 1.0,
          "lambda": 0.15
        },
        "MS4_9": {
          "meanserv": 1.975275151004423,
          "stddevserv": 1.975275151004423,
          "rate": 0.5062585835150623,
          "cv": 1.0,
          "lambda": 0.15
        },
        "MS4_10": {
          "meanserv": 1.9327275090509985,
          "stddevserv": 1.9327275090509985,
          "rate": 0.5174035115229547,
          "cv": 1.0,
          "lambda": 0.15
        }
      },
      "sensors": [
        "S4"
      ],
      "sources": [
        {
          "startTime": 0,
          "stopTime": -1,
          "lambda": 0.15
        }
      ]
    }
  },
  "microservice": {
    "MS1_1": "F2",
    "MS1_2": "F2",
    "MS1_3": "F2",
    "MS1_4": "F4",
    "MS1_5": "F4",
    "MS1_6": "F1",
    "MS1_7": "F4",
    "MS1_8": "F4",
    "MS1_9": "F10",
    "MS1_10": "F10",
    "MS2_1": "F1",
    "MS2_2": "F1",
    "MS2_3": "F1",
    "MS2_4": "F1",
    "MS2_5": "F6",
    "MS2_6": "F6",
    "MS2_7": "F6",
    "MS2_8": "F5",
    "MS2_9": "F5",
    "MS2_10": "F9",
    "MS3_1": "F2",
    "MS3_2": "F3",
    "MS3_3": "F2",
    "MS3_4": "F2",
    "MS3_5": "F2",
    "MS3_6": "F7",
    "MS3_7": "F3",
    "MS3_8": "F1",
    "MS3_9": "F1",
    "MS3_10": "F1",
    "MS4_1": "F6",
    "MS4_2": "F5",
    "MS4_3": "F5",
    "MS4_4": "F7",
    "MS4_5": "F7",
    "MS4_6": "F7",
    "MS4_7": "F6",
    "MS4_8": "F6",
    "MS4_9": "F8",
    "MS4_10": "F8"
  },
  "sensor": {
    "S1": "F2",
    "S2": "F1",
    "S3": "F2",
    "S4": "F6"
  },
  "fog": {
    "F1": {
      "rho": 0.5289481668794823,
      "capacity": 1.0,
      "tserv": 0.44079013906623526,
      "stddev": 0.7563982086943024,
      "mu": 2.268653291832681,
      "cv": 1.7160052860906727,
      "lambda": 1.2,
      "twait": 0.9762418607778433
    },
    "F2": {
      "rho": 0.5877277971528411,
      "capacity": 1.0,
      "tserv": 0.559740759193182,
      "stddev": 0.7147049845081357,
      "mu": 1.786541329313616,
      "cv": 1.2768499930902322,
      "lambda": 1.05,
      "twait": 1.049450548722635
    },
    "F3": {
      "rho": 0.5648181695792014,
      "capacity": 1.0,
      "tserv": 1.8827272319306714,
      "stddev": 1.8834877440970503,
      "mu": 0.5311443862075202,
      "cv": 1.0004039417678148,
      "lambda": 0.3,
      "twait": 2.4445602100940222
    },
    "F4": {
      "rho": 0.6401604234209977,
      "capacity": 1.0,
      "tserv": 1.0669340390349962,
      "stddev": 1.1372142332246258,
      "mu": 0.9372650636439197,
      "cv": 1.0658711706800503,
      "lambda": 0.6,
      "twait": 2.0272404267069395
    },
    "F5": {
      "rho": 0.6519967147691427,
      "capacity": 1.0,
      "tserv": 1.0866611912819044,
      "stddev": 1.2059980390535374,
      "mu": 0.9202500356346833,
      "cv": 1.109819738414376,
      "lambda": 0.6,
      "twait": 2.2717577046070234
    },
    "F6": {
      "rho": 0.6134278415478763,
      "capacity": 1.0,
      "tserv": 0.6815864906087514,
      "stddev": 0.7606427758572867,
      "mu": 1.4671652296201778,
      "cv": 1.1159886328995856,
      "lambda": 0.9,
      "twait": 1.2142931124928398
    },
    "F7": {
      "rho": 0.6090417498692434,
      "capacity": 1.0,
      "tserv": 1.0150695831154057,
      "stddev": 1.3458483872439784,
      "mu": 0.9851541378383589,
      "cv": 1.3258681075964873,
      "lambda": 0.6,
      "twait": 2.1805454718473634
    },
    "F8": {
      "rho": 0.5862003990083132,
      "capacity": 1.0,
      "tserv": 1.9540013300277108,
      "stddev": 1.954232931016147,
      "mu": 0.5117703783680733,
      "cv": 1.0001185265254824,
      "lambda": 0.3,
      "twait": 2.768422514708317
    },
    "F9": {
      "rho": 0.5167578877911029,
      "capacity": 1.0,
      "tserv": 3.4450525852740195,
      "stddev": 3.4450525852740186,
      "mu": 0.2902713312053726,
      "cv": 0.9999999999999998,
      "lambda": 0.15,
      "twait": 3.6839879065132175
    },
    "F10": {
      "rho": 0.7009208499817992,
      "capacity": 1.0,
      "tserv": 2.336402833272664,
      "stddev": 2.405605642738392,
      "mu": 0.428008383553992,
      "cv": 1.0296193826168212,
      "lambda": 0.3,
      "twait": 5.6401708579559715
    }
  },
  "extra": {
    "conv_gen": 440,
    "max_gen": 600,
    "population": 600,
    "deltatime": 61.637495,
    "obj_func": 32.303589497280576
  },
  "network": [
    [
      0.0,
      1.0522568681680224,
      0.8070893549431065,
      0.4788454318749354,
      0.8028945215409651,
      1.0473667503355362,
      1.0592945715935482,
      0.8925820073539514,
      1.3691497364415248,
      1.3691497364415248
    ],
    [
      1.0522568681680224,
      0.0,
      1.234755922311496,
      0.8214681683056676,
      1.289642892444762,
      0.5911753006400993,
      1.163174392456555,
      1.3691497364415248,
      1.0064240594352125,
      1.0064240594352125
    ],
    [
      0.8070893549431065,
      1.234755922311496,
      0.0,
      1.2266593953467773,
      0.8412687084571873,
      1.116023648817049,
      0.8925820073539514,
      1.0064240594352125,
      1.3707825276404961,
      1.3707825276404961
    ],
    [
      0.4788454318749354,
      0.8214681683056676,
      1.2266593953467773,
      0.0,
      1.3056088614093229,
      1.0592945715935482,
      1.3691497364415248,
      1.3707825276404961,
      0.8398029849647202,
      0.8398029849647202
    ],
    [
      0.8028945215409651,
      1.289642892444762,
      0.8412687084571873,
      1.3056088614093229,
      0.0,
      1.163174392456555,
      1.0064240594352125,
      0.8398029849647202,
      0.8808996817438638,
      0.8808996817438638
    ],
    [
      1.0473667503355362,
      0.5911753006400993,
      1.116023648817049,
      1.0592945715935482,
      1.163174392456555,
      0.0,
      1.3707825276404961,
      0.8808996817438638,
      1.143221544591061,
      1.143221544591061
    ],
    [
      1.0592945715935482,
      1.163174392456555,
      0.8925820073539514,
      1.3691497364415248,
      1.0064240594352125,
      1.3707825276404961,
      0.0,
      1.143221544591061,
      0.9853377649239784,
      0.9853377649239784
    ],
    [
      0.8925820073539514,
      1.3691497364415248,
      1.0064240594352125,
      1.3707825276404961,
      0.8398029849647202,
      0.8808996817438638,
      1.143221544591061,
      0.0,
      1.1944334573017574,
      1.1944334573017574
    ],
    [
      1.3691497364415248,
      1.0064240594352125,
      1.3707825276404961,
      0.8398029849647202,
      0.8808996817438638,
      1.143221544591061,
      0.9853377649239784,
      1.1944334573017574,
      0.0,
      0.9266172556187985
    ],
    [
      1.3691497364415248,
      1.0064240594352125,
      1.3707825276404961,
      0.8398029849647202,
      0.8808996817438638,
      1.143221544591061,
      0.9853377649239784,
      1.1944334573017574,
      0.9266172556187985,
      0.0
    ]
  ]
}