{
  "servicechain": {
    "SC1": {
      "resptime": 26.636158220672684,
      "resptime_old": 16.636158220672687,
      "waittime": 13.214243700251417,
      "servicetime": 10.0,
      "networktime": 3.421914520421268,
      "services": {
        "MS1_1": {
          "meanserv": 2.6340994318648403,
          "stddevserv": 2.6340994318648403,
          "rate": 0.3796363902983111,
          "cv": 1.0,
          "lambda": 0.15
        },
        "MS1_2": {
          "meanserv": 0.6722840160844581,
          "stddevserv": 0.6722840160844581,
          "rate": 1.487466570786909,
          "cv": 1.0,
          "lambda": 0.15
        },
        "MS1_3": {
          "meanserv": 4.115099326335489,
          "stddevserv": 4.115099326335489,
          "rate": 0.24300750011069688,
          "cv": 1.0,
          "lambda": 0.15
        },
        "MS1_4": {
          "meanserv": 1.884952073290191,
          "stddevserv": 1.884952073290191,
          "rate": 0.5305174673510379,
          "cv": 1.0,
          "lambda": 0.15
        },
        "MS1_5": {
          "meanserv": 0.6935651524250215,
          "stddevserv": 0.6935651524250215,
          "rate": 1.441825611485153,
          "cv": 1.0,
          "lambda": 0.15
        }
      },
      "sensors": [
        "S1"
      ],
      "sources": [
        {
          "startTime": 0,
          "stopTime": -1,
          "lambda": 0.15
        }
      ]
    },
    "SC2": {
      "resptime": 53.200653192812666,
      "resptime_old": 43.200653192812666,
      "waittime": 39.42103667558308,
      "servicetime": 10.0,
      "networktime": 3.779616517229581,
      "services": {
        "MS2_1": {
          "meanserv": 0.30163630301507816,
          "stddevserv": 0.30163630301507816,
          "rate": 3.3152508169748125,
          "cv": 1.0,
          "lambda": 0.15
        },
        "MS2_2": {
          "meanserv": 5.603478659874119,
          "stddevserv": 5.603478659874119,
          "rate": 0.17846057078094857,
          "cv": 1.0,
          "lambda": 0.15
        },
        "MS2_3": {
          "meanserv": 0.3919477927024868,
          "stddevserv": 0.3919477927024868,
          "rate": 2.551360203115274,
          "cv": 1.0,
          "lambda": 0.15
        },
        "MS2_4": {
          "meanserv": 1.335063344972835,
          "stddevserv": 1.335063344972835,
          "rate": 0.7490281294632857,
          "cv": 1.0,
          "lambda": 0.15
        },
        "MS2_5": {
          "meanserv": 2.367873899435481,
          "stddevserv": 2.367873899435481,
          "rate": 0.42231978663999276,
          "cv": 1.0,
          "lambda": 0.15
        }
      },
      "sensors": [
        "S2"
      ],
      "sources": [
        {
          "startTime": 0,
          "stopTime": -1,
          "lambda": 0.15
        }
      ]
    },
    "SC3": {
      "resptime": 32.87685877037138,
      "resptime_old": 22.876858770371374,
      "waittime": 18.936266064046116,
      "servicetime": 10.0,
      "networktime": 3.940592706325261,
      "services": {
        "MS3_1": {
          "meanserv": 0.49787954702103954,
          "stddevserv": 0.49787954702103954,
          "rate": 2.0085179356800165,
          "cv": 1.0,
          "lambda": 0.15
        },
        "MS3_2": {
          "meanserv": 3.024457159516312,
          "stddevserv": 3.024457159516312,
          "rate": 0.33063784582087635,
          "cv": 1.0,
          "lambda": 0.15
        },
        "MS3_3": {
          "meanserv": 1.2696605475081997,
          "stddevserv": 1.2696605475081997,
          "rate": 0.7876120920371764,
          "cv": 1.0,
          "lambda": 0.15
        },
        "MS3_4": {
          "meanserv": 0.5447913175231855,
          "stddevserv": 0.5447913175231855,
          "rate": 1.8355652299055618,
          "cv": 1.0,
          "lambda": 0.15
        },
        "MS3_5": {
          "meanserv": 4.663211428431263,
          "stddevserv": 4.663211428431263,
          "rate": 0.2144444907436691,
          "cv": 1.0,
          "lambda": 0.15
        }
      },
      "sensors": [
        "S3"
      ],
      "sources": [
        {
          "startTime": 0,
          "stopTime": -1,
          "lambda": 0.15
        }
      ]
    },
    "SC4": {
      "resptime": 31.38748738154849,
      "resptime_old": 21.38748738154849,
      "waittime": 16.810303202981665,
      "servicetime": 10.0,
      "networktime": 4.577184178566824,
      "services": {
        "MS4_1": {
          "meanserv": 2.8232494051058623,
          "stddevserv": 2.8232494051058623,
          "rate": 0.354201792513086,
          "cv": 1.0,
          "lambda": 0.15
        },
        "MS4_2": {
          "meanserv": 1.5264394531634524,
          "stddevserv": 1.5264394531634524,
          "rate": 0.6551193353444588,
          "cv": 1.0,
          "lambda": 0.15
        },
        "MS4_3": {
          "meanserv": 0.8068925577854182,
          "stddevserv": 0.8068925577854182,
          "rate": 1.2393223736560177,
          "cv": 1.0,
          "lambda": 0.15
        },
        "MS4_4": {
          "meanserv": 0.8797147215336674,
          "stddevserv": 0.8797147215336674,
          "rate": 1.1367321422752037,
          "cv": 1.0,
          "lambda": 0.15
        },
        "MS4_5": {
          "meanserv": 3.9637038624115997,
          "stddevserv": 3.9637038624115997,
          "rate": 0.2522892816194344,
          "cv": 1.0,
          "lambda": 0.15
        }
      },
      "sensors": [
        "S4"
      ],
      "sources": [
        {
          "startTime": 0,
          "stopTime": -1,
          "lambda": 0.15
        }
      ]
    }
  },
  "microservice": {
    "MS1_1": "F8",
    "MS1_2": "F8",
    "MS1_3": "F3",
    "MS1_4": "F7",
    "MS1_5": "F7",
    "MS2_1": "F7",
    "MS2_2": "F1",
    "MS2_3": "F6",
    "MS2_4": "F6",
    "MS2_5": "F6",
    "MS3_1": "F10",
    "MS3_2": "F10",
    "MS3_3": "F5",
    "MS3_4": "F5",
    "MS3_5": "F2",
    "MS4_1": "F4",
    "MS4_2": "F4",
    "MS4_3": "F5",
    "MS4_4": "F5",
    "MS4_5": "F9"
  },
  "sensor": {
    "S1": "F8",
    "S2": "F7",
    "S3": "F10",
    "S4": "F4"
  },
  "fog": {
    "F1": {
      "rho": 0.8405217989811178,
      "capacity": 1.0,
      "tserv": 5.603478659874119,
      "stddev": 5.603478659874119,
      "mu": 0.17846057078094857,
      "cv": 1.0,
      "lambda": 0.15,
      "twait": 29.53285109600686
    },
    "F2": {
      "rho": 0.6994817142646895,
      "capacity": 1.0,
      "tserv": 4.663211428431263,
      "stddev": 4.663211428431263,
      "mu": 0.2144444907436691,
      "cv": 1.0,
      "lambda": 0.15,
      "twait": 10.854018802738468
    },
    "F3": {
      "rho": 0.6172648989503233,
      "capacity": 1.0,
      "tserv": 4.115099326335489,
      "stddev": 4.115099326335489,
      "mu": 0.24300750011069688,
      "cv": 1.0,
      "lambda": 0.15,
      "twait": 6.636721750564835
    },
    "F4": {
      "rho": 0.6524533287403972,
      "capacity": 1.0,
      "tserv": 2.1748444291346574,
      "stddev": 2.3602555617276897,
      "mu": 0.45980300319590545,
      "cv": 1.0852525955922305,
      "lambda": 0.3,
      "twait": 4.445771802505763
    },
    "F5": {
      "rho": 0.5251588716525706,
      "capacity": 1.0,
      "tserv": 0.8752647860876177,
      "stddev": 0.9491133191326564,
      "mu": 1.1425114044287574,
      "cv": 1.0843727912042906,
      "lambda": 0.6,
      "twait": 1.053134051880429
    },
    "F6": {
      "rho": 0.6142327555666204,
      "capacity": 1.0,
      "tserv": 1.3649616790369343,
      "stddev": 1.7791689882382744,
      "mu": 0.7326213001859235,
      "cv": 1.3034570974135986,
      "lambda": 0.44999999999999996,
      "twait": 2.9329255346710035
    },
    "F7": {
      "rho": 0.4320230293095436,
      "capacity": 1.0,
      "tserv": 0.9600511762434304,
      "stddev": 1.3521622208020123,
      "mu": 1.0416111398486951,
      "cv": 1.408427232069927,
      "lambda": 0.44999999999999996,
      "twait": 1.0894089755632186
    },
    "F8": {
      "rho": 0.49595751719239484,
      "capacity": 1.0,
      "tserv": 1.6531917239746494,
      "stddev": 2.1581016516872062,
      "mu": 0.6048905190474655,
      "cv": 1.3054152282462668,
      "lambda": 0.3,
      "twait": 2.199351999280073
    },
    "F9": {
      "rho": 0.5945555793617401,
      "capacity": 1.0,
      "tserv": 3.9637038624116,
      "stddev": 3.963703862411599,
      "mu": 0.25228928161943437,
      "cv": 0.9999999999999998,
      "lambda": 0.15,
      "twait": 5.812491494209281
    },
    "F10": {
      "rho": 0.5283505059806028,
      "capacity": 1.0,
      "tserv": 1.761168353268676,
      "stddev": 2.5086871436144156,
      "mu": 0.5678048882402581,
      "cv": 1.4244448232097557,
      "lambda": 0.3,
      "twait": 2.9879895787733957
    }
  },
  "extra": {
    "conv_gen": 102,
    "max_gen": 600,
    "population": 600,
    "deltatime": 37.2087918,
    "obj_func": 36.0252893913513
  },
  "network": [
    [
      0.0,
      1.5637224699072394,
      2.4760776672493052,
      1.773465105157125,
      2.784162942097873,
      1.4093964795636544,
      2.3702200376659266,
      1.8862123545190563,
      2.099185820909683,
      2.099185820909683
    ],
    [
      1.5637224699072394,
      0.0,
      1.8955889975207916,
      2.5526667173829987,
      1.387296334000373,
      2.004261033972155,
      2.18459533161054,
      2.099185820909683,
      1.5357021659022119,
      1.5357021659022119
    ],
    [
      2.4760776672493052,
      1.8955889975207916,
      0.0,
      1.76568188704722,
      2.1499921366226658,
      2.4737262170188656,
      1.8862123545190563,
      1.5357021659022119,
      1.8779390276782155,
      1.8779390276782155
    ],
    [
      1.773465105157125,
      2.5526667173829987,
      1.76568188704722,
      0.0,
      2.023887806241936,
      2.3702200376659266,
      2.099185820909683,
      1.8779390276782155,
      2.64266816748371,
      2.64266816748371
    ],
    [
      2.784162942097873,
      1.387296334000373,
      2.1499921366226658,
      2.023887806241936,
      0.0,
      2.18459533161054,
      1.5357021659022119,
      2.64266816748371,
      2.553296372324888,
      2.553296372324888
    ],
    [
      1.4093964795636544,
      2.004261033972155,
      2.4737262170188656,
      2.3702200376659266,
      2.18459533161054,
      0.0,
      1.8779390276782155,
      2.553296372324888,
      1.6897479831539377,
      1.6897479831539377
    ],
    [
      2.3702200376659266,
      2.18459533161054,
      1.8862123545190563,
      2.099185820909683,
      1.5357021659022119,
      1.8779390276782155,
      0.0,
      1.6897479831539377,
      2.0111155310116247,
      2.0111155310116247
    ],
    [
      1.8862123545190563,
      2.099185820909683,
      1.5357021659022119,
      1.8779390276782155,
      2.64266816748371,
      2.553296372324888,
      1.6897479831539377,
      0.0,
      1.4390319170637675,
      1.4390319170637675
    ],
    [
      2.099185820909683,
      1.5357021659022119,
      1.8779390276782155,
      2.64266816748371,
      2.553296372324888,
      1.6897479831539377,
      2.0111155310116247,
      1.4390319170637675,
      0.0,
      1.5714343518296268
    ],
    [
      2.099185820909683,
      1.5357021659022119,
      1.8779390276782155,
      2.64266816748371,
      2.553296372324888,
      1.6897479831539377,
      2.0111155310116247,
      1.4390319170637675,
      1.5714343518296268,
      0.0
    ]
  ]
}