{
  "servicechain": {
    "SC1": {
      "resptime": 31.112066658930566,
      "resptime_old": 21.112066658930566,
      "waittime": 16.346002355590453,
      "servicetime": 10.0,
      "networktime": 4.766064303340112,
      "services": {
        "MS1_1": {
          "meanserv": 1.1389797195575035,
          "stddevserv": 1.1389797195575035,
          "rate": 0.8779787583825482,
          "cv": 1.0,
          "lambda": 0.15
        },
        "MS1_2": {
          "meanserv": 0.9724437460496327,
          "stddevserv": 0.9724437460496327,
          "rate": 1.028337118792022,
          "cv": 1.0,
          "lambda": 0.15
        },
        "MS1_3": {
          "meanserv": 4.461965575405116,
          "stddevserv": 4.461965575405116,
          "rate": 0.2241164758222517,
          "cv": 1.0,
          "lambda": 0.15
        },
        "MS1_4": {
          "meanserv": 0.13690952508145315,
          "stddevserv": 0.13690952508145315,
          "rate": 7.304093702794298,
          "cv": 1.0,
          "lambda": 0.15
        },
        "MS1_5": {
          "meanserv": 0.41017454060297265,
          "stddevserv": 0.41017454060297265,
          "rate": 2.4379865179588203,
          "cv": 1.0,
          "lambda": 0.15
        },
        "MS1_6": {
          "meanserv": 0.025137348449950636,
          "stddevserv": 0.025137348449950636,
          "rate": 39.78144321749113,
          "cv": 1.0,
          "lambda": 0.15
        },
        "MS1_7": {
          "meanserv": 2.8543895448533716,
          "stddevserv": 2.8543895448533716,
          "rate": 0.3503376060927134,
          "cv": 1.0,
          "lambda": 0.15
        }
      },
      "sensors": [
        "S1"
      ],
      "sources": [
        {
          "startTime": 0,
          "stopTime": -1,
          "lambda": 0.15
        }
      ]
    },
    "SC2": {
      "resptime": 32.60350773659448,
      "resptime_old": 22.603507736594484,
      "waittime": 16.714523382287037,
      "servicetime": 10.0,
      "networktime": 5.888984354307439,
      "services": {
        "MS2_1": {
          "meanserv": 0.008310230273063102,
          "stddevserv": 0.008310230273063102,
          "rate": 120.33360895442503,
          "cv": 1.0,
          "lambda": 0.15
        },
        "MS2_2": {
          "meanserv": 0.7560166647024003,
          "stddevserv": 0.7560166647024003,
          "rate": 1.3227221656464965,
          "cv": 1.0,
          "lambda": 0.15
        },
        "MS2_3": {
          "meanserv": 0.4518939980039316,
          "stddevserv": 0.4518939980039316,
          "rate": 2.212908346685542,
          "cv": 1.0,
          "lambda": 0.15
        },
        "MS2_4": {
          "meanserv": 4.157895960147091,
          "stddevserv": 4.157895960147091,
          "rate": 0.24050625835395453,
          "cv": 1.0,
          "lambda": 0.15
        },
        "MS2_5": {
          "meanserv": 0.29174906062601735,
          "stddevserv": 0.29174906062601735,
          "rate": 3.427603152703426,
          "cv": 1.0,
          "lambda": 0.15
        },
        "MS2_6": {
          "meanserv": 4.068314465612076,
          "stddevserv": 4.068314465612076,
          "rate": 0.2458020412268083,
          "cv": 1.0,
          "lambda": 0.15
        },
        "MS2_7": {
          "meanserv": 0.26581962063542086,
          "stddevserv": 0.26581962063542086,
          "rate": 3.7619495416086246,
          "cv": 1.0,
          "lambda": 0.15
        }
      },
      "sensors": [
        "S2"
      ],
      "sources": [
        {
          "startTime": 0,
          "stopTime": -1,
          "lambda": 0.15
        }
      ]
    },
    "SC3": {
      "resptime": 32.242982587430326,
      "resptime_old": 22.24298258743033,
      "waittime": 18.117737771796428,
      "servicetime": 10.0,
      "networktime": 4.1252448156339,
      "services": {
        "MS3_1": {
          "meanserv": 0.002564328522911552,
          "stddevserv": 0.002564328522911552,
          "rate": 389.96563469355897,
          "cv": 1.0,
          "lambda": 0.15
        },
        "MS3_2": {
          "meanserv": 2.664518236568161,
          "stddevserv": 2.664518236568161,
          "rate": 0.37530236658765653,
          "cv": 1.0,
          "lambda": 0.15
        },
        "MS3_3": {
          "meanserv": 0.2967388908131765,
          "stddevserv": 0.2967388908131765,
          "rate": 3.369966091265027,
          "cv": 1.0,
          "lambda": 0.15
        },
        "MS3_4": {
          "meanserv": 0.25770413764488964,
          "stddevserv": 0.25770413764488964,
          "rate": 3.8804188754546773,
          "cv": 1.0,
          "lambda": 0.15
        },
        "MS3_5": {
          "meanserv": 1.848742650828033,
          "stddevserv": 1.848742650828033,
          "rate": 0.5409081678037287,
          "cv": 1.0,
          "lambda": 0.15
        },
        "MS3_6": {
          "meanserv": 0.567146228746414,
          "stddevserv": 0.567146228746414,
          "rate": 1.763213699243562,
          "cv": 1.0,
          "lambda": 0.15
        },
        "MS3_7": {
          "meanserv": 4.362585526876415,
          "stddevserv": 4.362585526876415,
          "rate": 0.22922186713345516,
          "cv": 1.0,
          "lambda": 0.15
        }
      },
      "sensors": [
        "S3"
      ],
      "sources": [
        {
          "startTime": 0,
          "stopTime": -1,
          "lambda": 0.15
        }
      ]
    },
    "SC4": {
      "resptime": 34.4121326493818,
      "resptime_old": 24.4121326493818,
      "waittime": 18.743914040832816,
      "servicetime": 10.0,
      "networktime": 5.668218608548983,
      "services": {
        "MS4_1": {
          "meanserv": 1.4111871786592711,
          "stddevserv": 1.4111871786592711,
          "rate": 0.7086232181829143,
          "cv": 1.0,
          "lambda": 0.15
        },
        "MS4_2": {
          "meanserv": 4.384750891037499,
          "stddevserv": 4.384750891037499,
          "rate": 0.22806312715370353,
          "cv": 1.0,
          "lambda": 0.15
        },
        "MS4_3": {
          "meanserv": 0.3423387675091405,
          "stddevserv": 0.3423387675091405,
          "rate": 2.9210831343350554,
          "cv": 1.0,
          "lambda": 0.15
        },
        "MS4_4": {
          "meanserv": 1.5503619266441344,
          "stddevserv": 1.5503619266441344,
          "rate": 0.6450106796447003,
          "cv": 1.0,
          "lambda": 0.15
        },
        "MS4_5": {
          "meanserv": 0.8138522040847036,
          "stddevserv": 0.8138522040847036,
          "rate": 1.2287243248602453,
          "cv": 1.0,
          "lambda": 0.15
        },
        "MS4_6": {
          "meanserv": 0.12441071921818292,
          "stddevserv": 0.12441071921818292,
          "rate": 8.037892605107999,
          "cv": 1.0,
          "lambda": 0.15
        },
        "MS4_7": {
          "meanserv": 1.373098312847068,
          "stddevserv": 1.373098312847068,
          "rate": 0.7282799713929714,
          "cv": 1.0,
          "lambda": 0.15
        }
      },
      "sensors": [
        "S4"
      ],
      "sources": [
        {
          "startTime": 0,
          "stopTime": -1,
          "lambda": 0.15
        }
      ]
    }
  },
  "microservice": {
    "MS1_1": "F5",
    "MS1_2": "F5",
    "MS1_3": "F10",
    "MS1_4": "F3",
    "MS1_5": "F3",
    "MS1_6": "F3",
    "MS1_7": "F1",
    "MS2_1": "F3",
    "MS2_2": "F3",
    "MS2_3": "F3",
    "MS2_4": "F9",
    "MS2_5": "F3",
    "MS2_6": "F8",
    "MS2_7": "F3",
    "MS3_1": "F3",
    "MS3_2": "F6",
    "MS3_3": "F3",
    "MS3_4": "F3",
    "MS3_5": "F7",
    "MS3_6": "F7",
    "MS3_7": "F2",
    "MS4_1": "F5",
    "MS4_2": "F4",
    "MS4_3": "F5",
    "MS4_4": "F6",
    "MS4_5": "F3",
    "MS4_6": "F3",
    "MS4_7": "F7"
  },
  "sensor": {
    "S1": "F5",
    "S2": "F3",
    "S3": "F3",
    "S4": "F5"
  },
  "fog": {
    "F1": {
      "rho": 0.4281584317280057,
      "capacity": 1.0,
      "tserv": 2.8543895448533716,
      "stddev": 2.8543895448533716,
      "mu": 0.3503376060927134,
      "cv": 1.0,
      "lambda": 0.15,
      "twait": 2.137184526053786
    },
    "F2": {
      "rho": 0.6543878290314622,
      "capacity": 1.0,
      "tserv": 4.362585526876415,
      "stddev": 4.362585526876415,
      "mu": 0.22922186713345516,
      "cv": 1.0,
      "lambda": 0.15,
      "twait": 8.260191948380829
    },
    "F3": {
      "rho": 0.576192190298861,
      "capacity": 1.0,
      "tserv": 0.2954831745122365,
      "stddev": 0.4614398367224633,
      "mu": 3.384287452748306,
      "cv": 1.5616450496180596,
      "lambda": 1.9499999999999995,
      "twait": 0.6907166335782098
    },
    "F4": {
      "rho": 0.6577126336556248,
      "capacity": 1.0,
      "tserv": 4.384750891037499,
      "stddev": 4.384750891037499,
      "mu": 0.22806312715370353,
      "cv": 1.0,
      "lambda": 0.15,
      "twait": 8.425394390883316
    },
    "F5": {
      "rho": 0.5797424117663321,
      "capacity": 1.0,
      "tserv": 0.9662373529438869,
      "stddev": 1.1145262404488967,
      "mu": 1.0349423947990073,
      "cv": 1.1534704563565155,
      "lambda": 0.6,
      "twait": 1.5531784009073513
    },
    "F6": {
      "rho": 0.6322320244818442,
      "capacity": 1.0,
      "tserv": 2.1074400816061476,
      "stddev": 2.249883516769677,
      "mu": 0.47450933895015796,
      "cv": 1.067590740257236,
      "lambda": 0.3,
      "twait": 3.87606323927579
    },
    "F7": {
      "rho": 0.5683480788632271,
      "capacity": 1.0,
      "tserv": 1.2629957308071715,
      "stddev": 1.4679159572808642,
      "mu": 0.7917683137067353,
      "cv": 1.162249342159478,
      "lambda": 0.44999999999999996,
      "twait": 1.9546663417025902
    },
    "F8": {
      "rho": 0.6102471698418114,
      "capacity": 1.0,
      "tserv": 4.068314465612076,
      "stddev": 4.068314465612076,
      "mu": 0.2458020412268083,
      "cv": 1.0,
      "lambda": 0.15,
      "twait": 6.369876487256368
    },
    "F9": {
      "rho": 0.6236843940220635,
      "capacity": 1.0,
      "tserv": 4.157895960147091,
      "stddev": 4.157895960147091,
      "mu": 0.24050625835395453,
      "cv": 1.0,
      "lambda": 0.15,
      "twait": 6.891063727139622
    },
    "F10": {
      "rho": 0.6692948363107674,
      "capacity": 1.0,
      "tserv": 4.461965575405116,
      "stddev": 4.461965575405116,
      "mu": 0.2241164758222517,
      "cv": 1.0,
      "lambda": 0.15,
      "twait": 9.030311126987336
    }
  },
  "extra": {
    "conv_gen": 53,
    "max_gen": 600,
    "population": 600,
    "deltatime": 46.5599361,
    "obj_func": 32.5926724080843
  },
  "network": [
    [
      0.0,
      1.7173550073712327,
      1.4784193113349167,
      1.3074471547220006,
      1.4107840604855515,
      1.5566797069880105,
      1.5706609127016915,
      0.9057136514949998,
      1.4559668513768473,
      1.4559668513768473
    ],
    [
      1.7173550073712327,
      0.0,
      1.5336941026394095,
      1.4817102421737158,
      1.1940963308956767,
      0.5273137671643703,
      1.0352363994492364,
      1.4559668513768473,
      1.4384753222227131,
      1.4384753222227131
    ],
    [
      1.4784193113349167,
      1.5336941026394095,
      0.0,
      1.6163282350346924,
      1.6599098833882278,
      1.0921473823448322,
      0.9057136514949998,
      1.4384753222227131,
      1.5060168549310067,
      1.5060168549310067
    ],
    [
      1.3074471547220006,
      1.4817102421737158,
      1.6163282350346924,
      0.0,
      1.3175605876299574,
      1.5706609127016915,
      1.4559668513768473,
      1.5060168549310067,
      1.731518872680846,
      1.731518872680846
    ],
    [
      1.4107840604855515,
      1.1940963308956767,
      1.6599098833882278,
      1.3175605876299574,
      0.0,
      1.0352363994492364,
      1.4384753222227131,
      1.731518872680846,
      1.7816281370741889,
      1.7816281370741889
    ],
    [
      1.5566797069880105,
      0.5273137671643703,
      1.0921473823448322,
      1.5706609127016915,
      1.0352363994492364,
      0.0,
      1.5060168549310067,
      1.7816281370741889,
      1.3529325078168037,
      1.3529325078168037
    ],
    [
      1.5706609127016915,
      1.0352363994492364,
      0.9057136514949998,
      1.4559668513768473,
      1.4384753222227131,
      1.5060168549310067,
      0.0,
      1.3529325078168037,
      1.4647533034166924,
      1.4647533034166924
    ],
    [
      0.9057136514949998,
      1.4559668513768473,
      1.4384753222227131,
      1.5060168549310067,
      1.731518872680846,
      1.7816281370741889,
      1.3529325078168037,
      0.0,
      1.5011908460387442,
      1.5011908460387442
    ],
    [
      1.4559668513768473,
      1.4384753222227131,
      1.5060168549310067,
      1.731518872680846,
      1.7816281370741889,
      1.3529325078168037,
      1.4647533034166924,
      1.5011908460387442,
      0.0,
      1.018793370883274
    ],
    [
      1.4559668513768473,
      1.4384753222227131,
      1.5060168549310067,
      1.731518872680846,
      1.7816281370741889,
      1.3529325078168037,
      1.4647533034166924,
      1.5011908460387442,
      1.018793370883274,
      0.0
    ]
  ]
}