{
  "servicechain": {
    "SC1": {
      "resptime": 40.88411532678411,
      "resptime_old": 30.884115326784116,
      "waittime": 27.227002583974258,
      "servicetime": 10.0,
      "networktime": 3.6571127428098573,
      "services": {
        "MS1_1": {
          "meanserv": 0.3940825264267511,
          "stddevserv": 0.3940825264267511,
          "rate": 2.5375395581916824,
          "cv": 1.0,
          "lambda": 0.125
        },
        "MS1_2": {
          "meanserv": 0.23726529195462032,
          "stddevserv": 0.23726529195462032,
          "rate": 4.214691461030303,
          "cv": 1.0,
          "lambda": 0.125
        },
        "MS1_3": {
          "meanserv": 6.322215176221505,
          "stddevserv": 6.322215176221505,
          "rate": 0.1581724082661884,
          "cv": 1.0,
          "lambda": 0.125
        },
        "MS1_4": {
          "meanserv": 1.6990832215186096,
          "stddevserv": 1.6990832215186096,
          "rate": 0.5885526896712089,
          "cv": 1.0,
          "lambda": 0.125
        },
        "MS1_5": {
          "meanserv": 1.3473537838785141,
          "stddevserv": 1.3473537838785141,
          "rate": 0.7421955628620303,
          "cv": 1.0,
          "lambda": 0.125
        }
      },
      "sensors": [
        "S1"
      ],
      "sources": [
        {
          "startTime": 0,
          "stopTime": -1,
          "lambda": 0.125
        }
      ]
    },
    "SC2": {
      "resptime": 24.212588213427388,
      "resptime_old": 14.21258821342739,
      "waittime": 10.000588449176114,
      "servicetime": 10.0,
      "networktime": 4.211999764251276,
      "services": {
        "MS2_1": {
          "meanserv": 1.1466350497856836,
          "stddevserv": 1.1466350497856836,
          "rate": 0.8721170700188425,
          "cv": 1.0,
          "lambda": 0.125
        },
        "MS2_2": {
          "meanserv": 1.7100711222464249,
          "stddevserv": 1.7100711222464249,
          "rate": 0.584770999867161,
          "cv": 1.0,
          "lambda": 0.125
        },
        "MS2_3": {
          "meanserv": 4.73157981639024,
          "stddevserv": 4.73157981639024,
          "rate": 0.21134590111657633,
          "cv": 1.0,
          "lambda": 0.125
        },
        "MS2_4": {
          "meanserv": 1.4119471524087777,
          "stddevserv": 1.4119471524087777,
          "rate": 0.7082418051511368,
          "cv": 1.0,
          "lambda": 0.125
        },
        "MS2_5": {
          "meanserv": 0.999766859168874,
          "stddevserv": 0.999766859168874,
          "rate": 1.0002331951984484,
          "cv": 1.0,
          "lambda": 0.125
        }
      },
      "sensors": [
        "S2"
      ],
      "sources": [
        {
          "startTime": 0,
          "stopTime": -1,
          "lambda": 0.125
        }
      ]
    },
    "SC3": {
      "resptime": 23.761702660595862,
      "resptime_old": 13.761702660595864,
      "waittime": 10.89306789385202,
      "servicetime": 10.0,
      "networktime": 2.8686347667438428,
      "services": {
        "MS3_1": {
          "meanserv": 0.33184450282369826,
          "stddevserv": 0.33184450282369826,
          "rate": 3.0134595917392013,
          "cv": 1.0,
          "lambda": 0.125
        },
        "MS3_2": {
          "meanserv": 2.871090120826091,
          "stddevserv": 2.871090120826091,
          "rate": 0.3482997599923031,
          "cv": 1.0,
          "lambda": 0.125
        },
        "MS3_3": {
          "meanserv": 1.859766578103716,
          "stddevserv": 1.859766578103716,
          "rate": 0.537701887846396,
          "cv": 1.0,
          "lambda": 0.125
        },
        "MS3_4": {
          "meanserv": 0.4092815911643406,
          "stddevserv": 0.4092815911643406,
          "rate": 2.4433055910361374,
          "cv": 1.0,
          "lambda": 0.125
        },
        "MS3_5": {
          "meanserv": 4.528017207082154,
          "stddevserv": 4.528017207082154,
          "rate": 0.22084721728440562,
          "cv": 1.0,
          "lambda": 0.125
        }
      },
      "sensors": [
        "S3"
      ],
      "sources": [
        {
          "startTime": 0,
          "stopTime": -1,
          "lambda": 0.125
        }
      ]
    },
    "SC4": {
      "resptime": 34.00381914011452,
      "resptime_old": 24.003819140114523,
      "waittime": 18.752507329460272,
      "servicetime": 10.0,
      "networktime": 5.25131181065425,
      "services": {
        "MS4_1": {
          "meanserv": 2.9756152757756116,
          "stddevserv": 2.9756152757756116,
          "rate": 0.33606495037882345,
          "cv": 1.0,
          "lambda": 0.125
        },
        "MS4_2": {
          "meanserv": 0.4440689336229897,
          "stddevserv": 0.4440689336229897,
          "rate": 2.2519026310653616,
          "cv": 1.0,
          "lambda": 0.125
        },
        "MS4_3": {
          "meanserv": 0.36296053336264267,
          "stddevserv": 0.36296053336264267,
          "rate": 2.755120483033002,
          "cv": 1.0,
          "lambda": 0.125
        },
        "MS4_4": {
          "meanserv": 5.622615914935803,
          "stddevserv": 5.622615914935803,
          "rate": 0.17785315858826853,
          "cv": 1.0,
          "lambda": 0.125
        },
        "MS4_5": {
          "meanserv": 0.5947393423029528,
          "stddevserv": 0.5947393423029528,
          "rate": 1.681408860775537,
          "cv": 1.0,
          "lambda": 0.125
        }
      },
      "sensors": [
        "S4"
      ],
      "sources": [
        {
          "startTime": 0,
          "stopTime": -1,
          "lambda": 0.125
        }
      ]
    }
  },
  "microservice": {
    "MS1_1": "F9",
    "MS1_2": "F9",
    "MS1_3": "F1",
    "MS1_4": "F10",
    "MS1_5": "F10",
    "MS2_1": "F7",
    "MS2_2": "F7",
    "MS2_3": "F3",
    "MS2_4": "F8",
    "MS2_5": "F8",
    "MS3_1": "F6",
    "MS3_2": "F6",
    "MS3_3": "F9",
    "MS3_4": "F9",
    "MS3_5": "F4",
    "MS4_1": "F5",
    "MS4_2": "F5",
    "MS4_3": "F8",
    "MS4_4": "F2",
    "MS4_5": "F8"
  },
  "sensor": {
    "S1": "F9",
    "S2": "F7",
    "S3": "F6",
    "S4": "F5"
  },
  "fog": {
    "F1": {
      "rho": 0.7902768970276881,
      "capacity": 1.0,
      "tserv": 6.322215176221505,
      "stddev": 6.322215176221505,
      "mu": 0.1581724082661884,
      "cv": 1.0,
      "lambda": 0.125,
      "twait": 23.823319991910058
    },
    "F2": {
      "rho": 0.7028269893669754,
      "capacity": 1.0,
      "tserv": 5.622615914935803,
      "stddev": 5.622615914935803,
      "mu": 0.17785315858826853,
      "cv": 1.0,
      "lambda": 0.125,
      "twait": 13.297729182887043
    },
    "F3": {
      "rho": 0.59144747704878,
      "capacity": 1.0,
      "tserv": 4.73157981639024,
      "stddev": 4.73157981639024,
      "mu": 0.21134590111657633,
      "cv": 1.0,
      "lambda": 0.125,
      "twait": 6.849745840862345
    },
    "F4": {
      "rho": 0.5660021508852693,
      "capacity": 1.0,
      "tserv": 4.528017207082154,
      "stddev": 4.528017207082154,
      "mu": 0.22084721728440562,
      "cv": 1.0,
      "lambda": 0.125,
      "twait": 5.905253870916063
    },
    "F5": {
      "rho": 0.42746052617482516,
      "capacity": 1.0,
      "tserv": 1.7098421046993006,
      "stddev": 2.475464292660206,
      "mu": 0.5848493245379893,
      "cv": 1.4477736194802329,
      "lambda": 0.25,
      "twait": 1.9761701814995951
    },
    "F6": {
      "rho": 0.4003668279562237,
      "capacity": 1.0,
      "tserv": 1.6014673118248948,
      "stddev": 2.405947153433722,
      "mu": 0.6244273564725376,
      "cv": 1.5023392208312456,
      "lambda": 0.25,
      "twait": 1.7413311265553306
    },
    "F7": {
      "rho": 0.35708827150401357,
      "capacity": 1.0,
      "tserv": 1.4283530860160543,
      "stddev": 1.4828764757074604,
      "mu": 0.7001070042066337,
      "cv": 1.0381722070160413,
      "lambda": 0.25,
      "twait": 0.8242024123698632
    },
    "F8": {
      "rho": 0.4211767359054059,
      "capacity": 1.0,
      "tserv": 0.8423534718108118,
      "stddev": 1.014757366321141,
      "mu": 1.1871500901519343,
      "cv": 1.2046692989104821,
      "lambda": 0.5,
      "twait": 0.7512188917870204
    },
    "F9": {
      "rho": 0.3625494984561785,
      "capacity": 1.0,
      "tserv": 0.725098996912357,
      "stddev": 1.1803181544931456,
      "mu": 1.3791220292101305,
      "cv": 1.6278027683381433,
      "lambda": 0.5,
      "twait": 0.7525758849126483
    },
    "F10": {
      "rho": 0.38080462567464046,
      "capacity": 1.0,
      "tserv": 1.5232185026985618,
      "stddev": 1.543389583227306,
      "mu": 0.6565046303129732,
      "cv": 1.0132424077655364,
      "lambda": 0.25,
      "twait": 0.9492654111194524
    }
  },
  "extra": {
    "deltatime": 0.0187653,
    "obj_func": 30.715556335230474
  },
  "network": [
    [
      0.0,
      1.2226288448776546,
      2.43867382550861,
      1.896189151822642,
      1.8270260669863805,
      2.414290254739084,
      2.5439312923537267,
      1.9743505865329507,
      1.8285563714049287,
      1.8285563714049287
    ],
    [
      1.2226288448776546,
      0.0,
      2.4249647686219302,
      2.479502062611012,
      2.436041897807552,
      1.8505639995960146,
      1.472105919214157,
      1.8285563714049287,
      2.237649177718325,
      2.237649177718325
    ],
    [
      2.43867382550861,
      2.4249647686219302,
      0.0,
      1.6765560612964148,
      1.9211611557589958,
      2.6734468103409204,
      1.9743505865329507,
      2.237649177718325,
      2.3808259488746963,
      2.3808259488746963
    ],
    [
      1.896189151822642,
      2.479502062611012,
      1.6765560612964148,
      0.0,
      2.107845363071485,
      2.5439312923537267,
      1.8285563714049287,
      2.3808259488746963,
      1.5941990678443927,
      1.5941990678443927
    ],
    [
      1.8270260669863805,
      2.436041897807552,
      1.9211611557589958,
      2.107845363071485,
      0.0,
      1.472105919214157,
      2.237649177718325,
      1.5941990678443927,
      1.7485624005405223,
      1.7485624005405223
    ],
    [
      2.414290254739084,
      1.8505639995960146,
      2.6734468103409204,
      2.5439312923537267,
      1.472105919214157,
      0.0,
      2.3808259488746963,
      1.7485624005405223,
      1.2744356988994503,
      1.2744356988994503
    ],
    [
      2.5439312923537267,
      1.472105919214157,
      1.9743505865329507,
      1.8285563714049287,
      2.237649177718325,
      2.3808259488746963,
      0.0,
      1.2744356988994503,
      2.061475913801672,
      2.061475913801672
    ],
    [
      1.9743505865329507,
      1.8285563714049287,
      2.237649177718325,
      2.3808259488746963,
      1.5941990678443927,
      1.7485624005405223,
      1.2744356988994503,
      0.0,
      1.991322130425256,
      1.991322130425256
    ],
    [
      1.8285563714049287,
      2.237649177718325,
      2.3808259488746963,
      1.5941990678443927,
      1.7485624005405223,
      1.2744356988994503,
      2.061475913801672,
      1.991322130425256,
      0.0,
      1.9368183537484531
    ],
    [
      1.8285563714049287,
      2.237649177718325,
      2.3808259488746963,
      1.5941990678443927,
      1.7485624005405223,
      1.2744356988994503,
      2.061475913801672,
      1.991322130425256,
      1.9368183537484531,
      0.0
    ]
  ]
}