{
  "servicechain": {
    "SC1": {
      "resptime": 42.04374636205887,
      "resptime_old": 32.04374636205887,
      "waittime": 27.57761137086524,
      "servicetime": 10.0,
      "networktime": 4.466134991193625,
      "services": {
        "MS1_1": {
          "meanserv": 1.4840513839442093,
          "stddevserv": 1.4840513839442093,
          "rate": 0.6738311158352678,
          "cv": 1.0,
          "lambda": 0.15
        },
        "MS1_2": {
          "meanserv": 1.5189192577136477,
          "stddevserv": 1.5189192577136477,
          "rate": 0.6583628424760704,
          "cv": 1.0,
          "lambda": 0.15
        },
        "MS1_3": {
          "meanserv": 5.456402770761457,
          "stddevserv": 5.456402770761457,
          "rate": 0.18327092812110113,
          "cv": 1.0,
          "lambda": 0.15
        },
        "MS1_4": {
          "meanserv": 1.540626587580686,
          "stddevserv": 1.540626587580686,
          "rate": 0.6490865522257047,
          "cv": 1.0,
          "lambda": 0.15
        }
      },
      "sensors": [
        "S1"
      ],
      "sources": [
        {
          "startTime": 0,
          "stopTime": -1,
          "lambda": 0.15
        }
      ]
    },
    "SC2": {
      "resptime": 11907.852871024088,
      "resptime_old": 11897.85287102409,
      "waittime": 11893.188591755796,
      "servicetime": 10.0,
      "networktime": 4.664279268292992,
      "services": {
        "MS2_1": {
          "meanserv": 2.528028627722636,
          "stddevserv": 2.528028627722636,
          "rate": 0.3955651407717031,
          "cv": 1.0,
          "lambda": 0.15
        },
        "MS2_2": {
          "meanserv": 6.292082560550368,
          "stddevserv": 6.292082560550368,
          "rate": 0.15892989171339325,
          "cv": 1.0,
          "lambda": 0.15
        },
        "MS2_3": {
          "meanserv": 0.5157815154217928,
          "stddevserv": 0.5157815154217928,
          "rate": 1.9388054245841395,
          "cv": 1.0,
          "lambda": 0.15
        },
        "MS2_4": {
          "meanserv": 0.6641072963052039,
          "stddevserv": 0.6641072963052039,
          "rate": 1.505780776033561,
          "cv": 1.0,
          "lambda": 0.15
        }
      },
      "sensors": [
        "S2"
      ],
      "sources": [
        {
          "startTime": 0,
          "stopTime": -1,
          "lambda": 0.15
        }
      ]
    },
    "SC3": {
      "resptime": 11912.644042462918,
      "resptime_old": 11902.644042462918,
      "waittime": 11895.566717329137,
      "servicetime": 10.0,
      "networktime": 7.077325133781145,
      "services": {
        "MS3_1": {
          "meanserv": 6.3059542894028215,
          "stddevserv": 6.3059542894028215,
          "rate": 0.1585802804946594,
          "cv": 1.0,
          "lambda": 0.15
        },
        "MS3_2": {
          "meanserv": 0.22516176561699197,
          "stddevserv": 0.22516176561699197,
          "rate": 4.441251369919682,
          "cv": 1.0,
          "lambda": 0.15
        },
        "MS3_3": {
          "meanserv": 3.145407802968343,
          "stddevserv": 3.145407802968343,
          "rate": 0.3179237995964444,
          "cv": 1.0,
          "lambda": 0.15
        },
        "MS3_4": {
          "meanserv": 0.3234761420118435,
          "stddevserv": 0.3234761420118435,
          "rate": 3.091418098968754,
          "cv": 1.0,
          "lambda": 0.15
        }
      },
      "sensors": [
        "S3"
      ],
      "sources": [
        {
          "startTime": 0,
          "stopTime": -1,
          "lambda": 0.15
        }
      ]
    },
    "SC4": {
      "resptime": 29.674797898913766,
      "resptime_old": 19.674797898913763,
      "waittime": 15.71327784141382,
      "servicetime": 10.0,
      "networktime": 3.9615200574999445,
      "services": {
        "MS4_1": {
          "meanserv": 4.716489547652214,
          "stddevserv": 4.716489547652214,
          "rate": 0.21202209607308098,
          "cv": 1.0,
          "lambda": 0.15
        },
        "MS4_2": {
          "meanserv": 3.0606255939913156,
          "stddevserv": 3.0606255939913156,
          "rate": 0.326730588008942,
          "cv": 1.0,
          "lambda": 0.15
        },
        "MS4_3": {
          "meanserv": 1.847320706086955,
          "stddevserv": 1.847320706086955,
          "rate": 0.5413245229726392,
          "cv": 1.0,
          "lambda": 0.15
        },
        "MS4_4": {
          "meanserv": 0.375564152269515,
          "stddevserv": 0.375564152269515,
          "rate": 2.6626609434288415,
          "cv": 1.0,
          "lambda": 0.15
        }
      },
      "sensors": [
        "S4"
      ],
      "sources": [
        {
          "startTime": 0,
          "stopTime": -1,
          "lambda": 0.15
        }
      ]
    }
  },
  "microservice": {
    "MS1_1": "F7",
    "MS1_2": "F7",
    "MS1_3": "F2",
    "MS1_4": "F8",
    "MS2_1": "F9",
    "MS2_2": "F1",
    "MS2_3": "F6",
    "MS2_4": "F6",
    "MS3_1": "F1",
    "MS3_2": "F10",
    "MS3_3": "F4",
    "MS3_4": "F8",
    "MS4_1": "F3",
    "MS4_2": "F5",
    "MS4_3": "F10",
    "MS4_4": "F10"
  },
  "sensor": {
    "S1": "F7",
    "S2": "F9",
    "S3": "F1",
    "S4": "F3"
  },
  "fog": {
    "F1": {
      "rho": 1.8897055274929782,
      "capacity": 1.0,
      "tserv": 6.299018424976595,
      "stddev": 6.299026062069064,
      "mu": 0.15875489362514697,
      "cv": 1.0000012124258026,
      "lambda": 0.3,
      "twait": 11891.386645522914
    },
    "F2": {
      "rho": 0.8184604156142185,
      "capacity": 1.0,
      "tserv": 5.456402770761457,
      "stddev": 5.456402770761458,
      "mu": 0.18327092812110113,
      "cv": 1.0000000000000002,
      "lambda": 0.15,
      "twait": 24.599867266556153
    },
    "F3": {
      "rho": 0.7074734321478321,
      "capacity": 1.0,
      "tserv": 4.716489547652214,
      "stddev": 4.716489547652214,
      "mu": 0.21202209607308098,
      "cv": 1.0,
      "lambda": 0.15,
      "twait": 11.406796560280906
    },
    "F4": {
      "rho": 0.47181117044525145,
      "capacity": 1.0,
      "tserv": 3.145407802968343,
      "stddev": 3.145407802968343,
      "mu": 0.3179237995964444,
      "cv": 1.0,
      "lambda": 0.15,
      "twait": 2.809674218777274
    },
    "F5": {
      "rho": 0.45909383909869733,
      "capacity": 1.0,
      "tserv": 3.0606255939913156,
      "stddev": 3.0606255939913156,
      "mu": 0.326730588008942,
      "cv": 1.0,
      "lambda": 0.15,
      "twait": 2.5977044736334416
    },
    "F6": {
      "rho": 0.17698332175904952,
      "capacity": 1.0,
      "tserv": 0.5899444058634984,
      "stddev": 0.5991950188769705,
      "mu": 1.6950749766603947,
      "cv": 1.0156804826379056,
      "lambda": 0.3,
      "twait": 0.12886781483599608
    },
    "F7": {
      "rho": 0.4504455962486785,
      "capacity": 1.0,
      "tserv": 1.5014853208289285,
      "stddev": 1.5016877348421513,
      "mu": 0.6660071771117467,
      "cv": 1.0001348091855544,
      "lambda": 0.3,
      "twait": 1.2308674603071792
    },
    "F8": {
      "rho": 0.27961540943887936,
      "capacity": 1.0,
      "tserv": 0.9320513647962647,
      "stddev": 1.2686399608213494,
      "mu": 1.0729022431275428,
      "cv": 1.3611266596864637,
      "lambda": 0.3,
      "twait": 0.5160091836947299
    },
    "F9": {
      "rho": 0.3792042941583954,
      "capacity": 1.0,
      "tserv": 2.528028627722636,
      "stddev": 2.528028627722636,
      "mu": 0.3955651407717031,
      "cv": 1.0,
      "lambda": 0.15,
      "twait": 1.544210603209899
    },
    "F10": {
      "rho": 0.36720699359601927,
      "capacity": 1.0,
      "tserv": 0.8160155413244874,
      "stddev": 1.3179575103870997,
      "mu": 1.2254668561543383,
      "cv": 1.6151132467990776,
      "lambda": 0.44999999999999996,
      "twait": 0.8543884037497352
    }
  },
  "extra": {
    "deltatime": 0.0098713,
    "obj_func": 5973.053864436995
  },
  "network": [
    [
      0.0,
      2.18536159222637,
      1.7219431071436118,
      2.9045788637882404,
      3.6759322145598006,
      2.5923746688745424,
      3.2746067099090355,
      2.5496833146758164,
      2.071904599418449,
      2.071904599418449
    ],
    [
      2.18536159222637,
      0.0,
      2.800087127127758,
      1.9146462085605938,
      2.484373471974511,
      3.3172889456495223,
      2.394230391775176,
      2.071904599418449,
      2.383628911532121,
      2.383628911532121
    ],
    [
      1.7219431071436118,
      2.800087127127758,
      0.0,
      3.1794477355104958,
      2.237519507050699,
      2.6548546675676064,
      2.5496833146758164,
      2.383628911532121,
      2.5634079584072555,
      2.5634079584072555
    ],
    [
      2.9045788637882404,
      1.9146462085605938,
      3.1794477355104958,
      0.0,
      3.380942646838875,
      3.2746067099090355,
      2.071904599418449,
      2.5634079584072555,
      2.4420125759554407,
      2.4420125759554407
    ],
    [
      3.6759322145598006,
      2.484373471974511,
      2.237519507050699,
      3.380942646838875,
      0.0,
      2.394230391775176,
      2.383628911532121,
      2.4420125759554407,
      1.7240005504492457,
      1.7240005504492457
    ],
    [
      2.5923746688745424,
      3.3172889456495223,
      2.6548546675676064,
      3.2746067099090355,
      2.394230391775176,
      0.0,
      2.5634079584072555,
      1.7240005504492457,
      2.2851709678502607,
      2.2851709678502607
    ],
    [
      3.2746067099090355,
      2.394230391775176,
      2.5496833146758164,
      2.071904599418449,
      2.383628911532121,
      2.5634079584072555,
      0.0,
      2.2851709678502607,
      3.007492184351838,
      3.007492184351838
    ],
    [
      2.5496833146758164,
      2.071904599418449,
      2.383628911532121,
      2.5634079584072555,
      2.4420125759554407,
      1.7240005504492457,
      2.2851709678502607,
      0.0,
      2.8196731951670624,
      2.8196731951670624
    ],
    [
      2.071904599418449,
      2.383628911532121,
      2.5634079584072555,
      2.4420125759554407,
      1.7240005504492457,
      2.2851709678502607,
      3.007492184351838,
      2.8196731951670624,
      0.0,
      2.9356459370242125
    ],
    [
      2.071904599418449,
      2.383628911532121,
      2.5634079584072555,
      2.4420125759554407,
      1.7240005504492457,
      2.2851709678502607,
      3.007492184351838,
      2.8196731951670624,
      2.9356459370242125,
      0.0
    ]
  ]
}