{
  "servicechain": {
    "SC1": {
      "resptime": 7010.024550923231,
      "resptime_old": 7000.024550923232,
      "waittime": 6996.214405557698,
      "servicetime": 10.0,
      "networktime": 3.8101453655329305,
      "services": {
        "MS1_1": {
          "meanserv": 0.4707867234899954,
          "stddevserv": 0.4707867234899954,
          "rate": 2.1241040796284283,
          "cv": 1.0,
          "lambda": 0.15
        },
        "MS1_2": {
          "meanserv": 6.831504180479523,
          "stddevserv": 6.831504180479523,
          "rate": 0.14638064671868606,
          "cv": 1.0,
          "lambda": 0.15
        },
        "MS1_3": {
          "meanserv": 0.7049838022106654,
          "stddevserv": 0.7049838022106654,
          "rate": 1.4184723065469482,
          "cv": 1.0,
          "lambda": 0.15
        },
        "MS1_4": {
          "meanserv": 1.9927252938198166,
          "stddevserv": 1.9927252938198166,
          "rate": 0.5018253158633418,
          "cv": 1.0,
          "lambda": 0.15
        }
      },
      "sensors": [
        "S1"
      ],
      "sources": [
        {
          "startTime": 0,
          "stopTime": -1,
          "lambda": 0.15
        }
      ]
    },
    "SC2": {
      "resptime": 29.0409755451418,
      "resptime_old": 19.0409755451418,
      "waittime": 14.62859315484755,
      "servicetime": 10.0,
      "networktime": 4.412382390294251,
      "services": {
        "MS2_1": {
          "meanserv": 4.544690826627459,
          "stddevserv": 4.544690826627459,
          "rate": 0.22003697020289578,
          "cv": 1.0,
          "lambda": 0.15
        },
        "MS2_2": {
          "meanserv": 0.9890902495932217,
          "stddevserv": 0.9890902495932217,
          "rate": 1.0110300858908123,
          "cv": 1.0,
          "lambda": 0.15
        },
        "MS2_3": {
          "meanserv": 1.0304288789758953,
          "stddevserv": 1.0304288789758953,
          "rate": 0.9704696950980863,
          "cv": 1.0,
          "lambda": 0.15
        },
        "MS2_4": {
          "meanserv": 3.435790044803424,
          "stddevserv": 3.435790044803424,
          "rate": 0.29105387318776466,
          "cv": 1.0,
          "lambda": 0.15
        }
      },
      "sensors": [
        "S2"
      ],
      "sources": [
        {
          "startTime": 0,
          "stopTime": -1,
          "lambda": 0.15
        }
      ]
    },
    "SC3": {
      "resptime": 33.24410143326527,
      "resptime_old": 23.244101433265275,
      "waittime": 16.85950208681721,
      "servicetime": 10.0,
      "networktime": 6.3845993464480655,
      "services": {
        "MS3_1": {
          "meanserv": 0.9476926018264009,
          "stddevserv": 0.9476926018264009,
          "rate": 1.055194477695396,
          "cv": 1.0,
          "lambda": 0.15
        },
        "MS3_2": {
          "meanserv": 4.829129794664239,
          "stddevserv": 4.829129794664239,
          "rate": 0.20707664579753302,
          "cv": 1.0,
          "lambda": 0.15
        },
        "MS3_3": {
          "meanserv": 3.393975211530618,
          "stddevserv": 3.393975211530618,
          "rate": 0.2946397476925057,
          "cv": 1.0,
          "lambda": 0.15
        },
        "MS3_4": {
          "meanserv": 0.8292023919787415,
          "stddevserv": 0.8292023919787415,
          "rate": 1.205978190214431,
          "cv": 1.0,
          "lambda": 0.15
        }
      },
      "sensors": [
        "S3"
      ],
      "sources": [
        {
          "startTime": 0,
          "stopTime": -1,
          "lambda": 0.15
        }
      ]
    },
    "SC4": {
      "resptime": 8885.981574665973,
      "resptime_old": 8875.981574665973,
      "waittime": 8871.999866122029,
      "servicetime": 10.0,
      "networktime": 3.9817085439446935,
      "services": {
        "MS4_1": {
          "meanserv": 0.5567449065301666,
          "stddevserv": 0.5567449065301666,
          "rate": 1.796154734907873,
          "cv": 1.0,
          "lambda": 0.15
        },
        "MS4_2": {
          "meanserv": 0.22369395987259177,
          "stddevserv": 0.22369395987259177,
          "rate": 4.470393391799961,
          "cv": 1.0,
          "lambda": 0.15
        },
        "MS4_3": {
          "meanserv": 7.693760060298351,
          "stddevserv": 7.693760060298351,
          "rate": 0.12997545961437504,
          "cv": 1.0,
          "lambda": 0.15
        },
        "MS4_4": {
          "meanserv": 1.52580107329889,
          "stddevserv": 1.52580107329889,
          "rate": 0.6553934307032103,
          "cv": 1.0,
          "lambda": 0.15
        }
      },
      "sensors": [
        "S4"
      ],
      "sources": [
        {
          "startTime": 0,
          "stopTime": -1,
          "lambda": 0.15
        }
      ]
    }
  },
  "microservice": {
    "MS1_1": "F3",
    "MS1_2": "F7",
    "MS1_3": "F1",
    "MS1_4": "F1",
    "MS2_1": "F6",
    "MS2_2": "F4",
    "MS2_3": "F4",
    "MS2_4": "F10",
    "MS3_1": "F9",
    "MS3_2": "F2",
    "MS3_3": "F8",
    "MS3_4": "F9",
    "MS4_1": "F4",
    "MS4_2": "F4",
    "MS4_3": "F5",
    "MS4_4": "F3"
  },
  "sensor": {
    "S1": "F3",
    "S2": "F6",
    "S3": "F9",
    "S4": "F4"
  },
  "fog": {
    "F1": {
      "rho": 0.4046563644045723,
      "capacity": 1.0,
      "tserv": 1.3488545480152412,
      "stddev": 1.6274359177268025,
      "mu": 0.7413697803602621,
      "cv": 1.2065318088755213,
      "lambda": 0.3,
      "twait": 1.1257253771278064
    },
    "F2": {
      "rho": 0.7243694691996359,
      "capacity": 1.0,
      "tserv": 4.829129794664239,
      "stddev": 4.829129794664239,
      "mu": 0.20707664579753302,
      "cv": 1.0,
      "lambda": 0.15,
      "twait": 12.691170952287191
    },
    "F3": {
      "rho": 0.2994881695183328,
      "capacity": 1.0,
      "tserv": 0.9982938983944427,
      "stddev": 1.2462416887277188,
      "mu": 1.001709017362824,
      "cv": 1.2483715374120294,
      "lambda": 0.3,
      "twait": 0.5459670222574242
    },
    "F4": {
      "rho": 0.4199936992457813,
      "capacity": 1.0,
      "tserv": 0.6999894987429688,
      "stddev": 0.8426495352155015,
      "mu": 1.4285928600297373,
      "cv": 1.203803109516242,
      "lambda": 0.6,
      "twait": 0.620705431642126
    },
    "F5": {
      "rho": 1.1540640090447527,
      "capacity": 1.0,
      "tserv": 7.693760060298351,
      "stddev": 7.6937600602983505,
      "mu": 0.12997545961437504,
      "cv": 0.9999999999999999,
      "lambda": 0.15,
      "twait": 8870.212488236488
    },
    "F6": {
      "rho": 0.6817036239941189,
      "capacity": 1.0,
      "tserv": 4.544690826627459,
      "stddev": 4.544690826627459,
      "mu": 0.22003697020289578,
      "cv": 1.0,
      "lambda": 0.15,
      "twait": 9.733482502444586
    },
    "F7": {
      "rho": 1.0247256270719283,
      "capacity": 1.0,
      "tserv": 6.831504180479522,
      "stddev": 6.831504180479524,
      "mu": 0.14638064671868609,
      "cv": 1.0000000000000002,
      "lambda": 0.15,
      "twait": 6993.416987781185
    },
    "F8": {
      "rho": 0.5090962817295926,
      "capacity": 1.0,
      "tserv": 3.3939752115306177,
      "stddev": 3.3939752115306185,
      "mu": 0.2946397476925057,
      "cv": 1.0000000000000002,
      "lambda": 0.15,
      "twait": 3.5197536628167856
    },
    "F9": {
      "rho": 0.26653424907077133,
      "capacity": 1.0,
      "tserv": 0.8884474969025712,
      "stddev": 0.8923894439465964,
      "mu": 1.1255589142704985,
      "cv": 1.0044368936349848,
      "lambda": 0.3,
      "twait": 0.3242887358566171
    },
    "F10": {
      "rho": 0.5153685067205136,
      "capacity": 1.0,
      "tserv": 3.435790044803424,
      "stddev": 3.435790044803424,
      "mu": 0.29105387318776466,
      "cv": 1.0,
      "lambda": 0.15,
      "twait": 3.653699789118714
    }
  },
  "extra": {
    "deltatime": 0.3658906,
    "conv": 18,
    "obj_func": 3989.572800641903
  },
  "network": [
    [
      0.0,
      3.0467707608299492,
      2.820519273219095,
      2.3194475770895275,
      2.1235794563390535,
      2.9149923814578376,
      1.660715314422794,
      2.1494300511101363,
      2.0034411387622626,
      2.0034411387622626
    ],
    [
      3.0467707608299492,
      0.0,
      3.10267398318865,
      2.820749287402904,
      2.650695565008001,
      2.5131555311038185,
      3.194204297378509,
      2.0034411387622626,
      2.550817623611657,
      2.550817623611657
    ],
    [
      2.820519273219095,
      3.10267398318865,
      0.0,
      2.6553694656436444,
      1.8367760826479635,
      2.588271960666808,
      2.1494300511101363,
      2.550817623611657,
      2.896805043163249,
      2.896805043163249
    ],
    [
      2.3194475770895275,
      2.820749287402904,
      2.6553694656436444,
      0.0,
      2.14493246129673,
      1.660715314422794,
      2.0034411387622626,
      2.896805043163249,
      2.7516670758714574,
      2.7516670758714574
    ],
    [
      2.1235794563390535,
      2.650695565008001,
      1.8367760826479635,
      2.14493246129673,
      0.0,
      3.194204297378509,
      2.550817623611657,
      2.7516670758714574,
      2.539796783065916,
      2.539796783065916
    ],
    [
      2.9149923814578376,
      2.5131555311038185,
      2.588271960666808,
      1.660715314422794,
      3.194204297378509,
      0.0,
      2.896805043163249,
      2.539796783065916,
      2.7852003208102873,
      2.7852003208102873
    ],
    [
      1.660715314422794,
      3.194204297378509,
      2.1494300511101363,
      2.0034411387622626,
      2.550817623611657,
      2.896805043163249,
      0.0,
      2.7852003208102873,
      2.422037817407636,
      2.422037817407636
    ],
    [
      2.1494300511101363,
      2.0034411387622626,
      2.550817623611657,
      2.896805043163249,
      2.7516670758714574,
      2.539796783065916,
      2.7852003208102873,
      0.0,
      1.830340584074146,
      1.830340584074146
    ],
    [
      2.0034411387622626,
      2.550817623611657,
      2.896805043163249,
      2.7516670758714574,
      2.539796783065916,
      2.7852003208102873,
      2.422037817407636,
      1.830340584074146,
      0.0,
      3.0089813845076563
    ],
    [
      2.0034411387622626,
      2.550817623611657,
      2.896805043163249,
      2.7516670758714574,
      2.539796783065916,
      2.7852003208102873,
      2.422037817407636,
      1.830340584074146,
      3.0089813845076563,
      0.0
    ]
  ]
}