{
  "servicechain": {
    "SC1": {
      "resptime": 85.48626492029416,
      "resptime_old": 75.48626492029418,
      "waittime": 70.49570937504235,
      "servicetime": 10.0,
      "networktime": 4.990555545251814,
      "services": {
        "MS1_1": {
          "meanserv": 1.1980207677716892,
          "stddevserv": 1.1980207677716892,
          "rate": 0.8347100708946753,
          "cv": 1.0,
          "lambda": 0.2
        },
        "MS1_2": {
          "meanserv": 1.1107370373971872,
          "stddevserv": 1.1107370373971872,
          "rate": 0.9003031017524368,
          "cv": 1.0,
          "lambda": 0.2
        },
        "MS1_3": {
          "meanserv": 4.5975803675864135,
          "stddevserv": 4.5975803675864135,
          "rate": 0.2175057138859693,
          "cv": 1.0,
          "lambda": 0.2
        },
        "MS1_4": {
          "meanserv": 1.500711512230068,
          "stddevserv": 1.500711512230068,
          "rate": 0.6663505889376385,
          "cv": 1.0,
          "lambda": 0.2
        },
        "MS1_5": {
          "meanserv": 1.592950315014642,
          "stddevserv": 1.592950315014642,
          "rate": 0.6277659702090634,
          "cv": 1.0,
          "lambda": 0.2
        }
      },
      "sensors": [
        "S1"
      ],
      "sources": [
        {
          "startTime": 0,
          "stopTime": -1,
          "lambda": 0.2
        }
      ]
    },
    "SC2": {
      "resptime": 50.39592468220742,
      "resptime_old": 40.39592468220742,
      "waittime": 34.41395761564078,
      "servicetime": 10.0,
      "networktime": 5.981967066566643,
      "services": {
        "MS2_1": {
          "meanserv": 2.3490332545196924,
          "stddevserv": 2.3490332545196924,
          "rate": 0.425707042706158,
          "cv": 1.0,
          "lambda": 0.2
        },
        "MS2_2": {
          "meanserv": 2.9762454539656233,
          "stddevserv": 2.9762454539656233,
          "rate": 0.3359937933437496,
          "cv": 1.0,
          "lambda": 0.2
        },
        "MS2_3": {
          "meanserv": 3.68046578827348,
          "stddevserv": 3.68046578827348,
          "rate": 0.2717047399777906,
          "cv": 1.0,
          "lambda": 0.2
        },
        "MS2_4": {
          "meanserv": 0.6165260304577291,
          "stddevserv": 0.6165260304577291,
          "rate": 1.6219915309294681,
          "cv": 1.0,
          "lambda": 0.2
        },
        "MS2_5": {
          "meanserv": 0.377729472783475,
          "stddevserv": 0.377729472783475,
          "rate": 2.6473973360644476,
          "cv": 1.0,
          "lambda": 0.2
        }
      },
      "sensors": [
        "S2"
      ],
      "sources": [
        {
          "startTime": 0,
          "stopTime": -1,
          "lambda": 0.2
        }
      ]
    },
    "SC3": {
      "resptime": 68.27824309974802,
      "resptime_old": 58.278243099748025,
      "waittime": 53.68918554478276,
      "servicetime": 10.0,
      "networktime": 4.5890575549652635,
      "services": {
        "MS3_1": {
          "meanserv": 1.7917924799502183,
          "stddevserv": 1.7917924799502183,
          "rate": 0.5581003443143054,
          "cv": 1.0,
          "lambda": 0.2
        },
        "MS3_2": {
          "meanserv": 0.1594760473261536,
          "stddevserv": 0.1594760473261536,
          "rate": 6.270534144571834,
          "cv": 1.0,
          "lambda": 0.2
        },
        "MS3_3": {
          "meanserv": 3.5664856620140064,
          "stddevserv": 3.5664856620140064,
          "rate": 0.28038806118045534,
          "cv": 1.0,
          "lambda": 0.2
        },
        "MS3_4": {
          "meanserv": 0.06650735822334308,
          "stddevserv": 0.06650735822334308,
          "rate": 15.035930259653812,
          "cv": 1.0,
          "lambda": 0.2
        },
        "MS3_5": {
          "meanserv": 4.415738452486279,
          "stddevserv": 4.415738452486279,
          "rate": 0.2264626881234215,
          "cv": 1.0,
          "lambda": 0.2
        }
      },
      "sensors": [
        "S3"
      ],
      "sources": [
        {
          "startTime": 0,
          "stopTime": -1,
          "lambda": 0.2
        }
      ]
    },
    "SC4": {
      "resptime": 5895.567371547961,
      "resptime_old": 5885.567371547962,
      "waittime": 5882.358049473349,
      "servicetime": 10.0,
      "networktime": 3.2093220746121673,
      "services": {
        "MS4_1": {
          "meanserv": 5.418817292838051,
          "stddevserv": 5.418817292838051,
          "rate": 0.18454211425834216,
          "cv": 1.0,
          "lambda": 0.2
        },
        "MS4_2": {
          "meanserv": 0.10051171543083015,
          "stddevserv": 0.10051171543083015,
          "rate": 9.94908897648033,
          "cv": 1.0,
          "lambda": 0.2
        },
        "MS4_3": {
          "meanserv": 1.0564989558225273,
          "stddevserv": 1.0564989558225273,
          "rate": 0.9465224688475526,
          "cv": 1.0,
          "lambda": 0.2
        },
        "MS4_4": {
          "meanserv": 2.304545477330371,
          "stddevserv": 2.304545477330371,
          "rate": 0.4339250450194712,
          "cv": 1.0,
          "lambda": 0.2
        },
        "MS4_5": {
          "meanserv": 1.1196265585782204,
          "stddevserv": 1.1196265585782204,
          "rate": 0.8931549473691206,
          "cv": 1.0,
          "lambda": 0.2
        }
      },
      "sensors": [
        "S4"
      ],
      "sources": [
        {
          "startTime": 0,
          "stopTime": -1,
          "lambda": 0.2
        }
      ]
    }
  },
  "microservice": {
    "MS1_1": "F9",
    "MS1_2": "F9",
    "MS1_3": "F7",
    "MS1_4": "F3",
    "MS1_5": "F8",
    "MS2_1": "F8",
    "MS2_2": "F5",
    "MS2_3": "F1",
    "MS2_4": "F5",
    "MS2_5": "F9",
    "MS3_1": "F3",
    "MS3_2": "F3",
    "MS3_3": "F4",
    "MS3_4": "F6",
    "MS3_5": "F10",
    "MS4_1": "F2",
    "MS4_2": "F9",
    "MS4_3": "F9",
    "MS4_4": "F6",
    "MS4_5": "F6"
  },
  "sensor": {
    "S1": "F9",
    "S2": "F8",
    "S3": "F3",
    "S4": "F2"
  },
  "fog": {
    "F1": {
      "rho": 0.7360931576546961,
      "capacity": 1.0,
      "tserv": 3.68046578827348,
      "stddev": 3.68046578827348,
      "mu": 0.2717047399777906,
      "cv": 1.0,
      "lambda": 0.2,
      "twait": 10.265613652356725
    },
    "F2": {
      "rho": 1.0837634585676104,
      "capacity": 1.0,
      "tserv": 5.418817292838051,
      "stddev": 5.418817292838051,
      "mu": 0.18454211425834216,
      "cv": 1.0,
      "lambda": 0.2,
      "twait": 5866.843454461505
    },
    "F3": {
      "rho": 0.6903960079012881,
      "capacity": 1.0,
      "tserv": 1.1506600131688134,
      "stddev": 1.5279747478188905,
      "mu": 0.8690664388745818,
      "cv": 1.3279115727772504,
      "lambda": 0.6000000000000001,
      "twait": 3.545230735957049
    },
    "F4": {
      "rho": 0.7132971324028013,
      "capacity": 1.0,
      "tserv": 3.5664856620140064,
      "stddev": 3.5664856620140064,
      "mu": 0.28038806118045534,
      "cv": 1.0,
      "lambda": 0.2,
      "twait": 8.873172482684836
    },
    "F5": {
      "rho": 0.7185542968846704,
      "capacity": 1.0,
      "tserv": 1.7963857422116762,
      "stddev": 2.4517625524633515,
      "mu": 0.5566733115844145,
      "cv": 1.3648307792984304,
      "lambda": 0.4,
      "twait": 6.564776968506381
    },
    "F6": {
      "rho": 0.6981358788263868,
      "capacity": 1.0,
      "tserv": 1.1635597980439778,
      "stddev": 1.7393695430661478,
      "mu": 0.8594315493548911,
      "cv": 1.4948690612980484,
      "lambda": 0.6000000000000001,
      "twait": 4.35223417139886
    },
    "F7": {
      "rho": 0.9195160735172828,
      "capacity": 1.0,
      "tserv": 4.5975803675864135,
      "stddev": 4.597580367586413,
      "mu": 0.2175057138859693,
      "cv": 0.9999999999999998,
      "lambda": 0.2,
      "twait": 52.52662527829096
    },
    "F8": {
      "rho": 0.7883967139068668,
      "capacity": 1.0,
      "tserv": 1.970991784767167,
      "stddev": 2.042214318166671,
      "mu": 0.5073587864386405,
      "cv": 1.036135378112658,
      "lambda": 0.4,
      "twait": 7.613726691748231
    },
    "F9": {
      "rho": 0.7686995898411417,
      "capacity": 1.0,
      "tserv": 0.7686995898411417,
      "stddev": 0.9921119051610094,
      "mu": 1.3008983134837608,
      "cv": 1.2906367042111182,
      "lambda": 1.0,
      "twait": 3.405063334523061
    },
    "F10": {
      "rho": 0.8831476904972558,
      "capacity": 1.0,
      "tserv": 4.415738452486279,
      "stddev": 4.415738452486279,
      "mu": 0.2264626881234215,
      "cv": 1.0,
      "lambda": 0.2,
      "twait": 33.373317418784964
    }
  },
  "extra": {
    "conv_gen": 11,
    "max_gen": 600,
    "population": 600,
    "deltatime": 38.7539943,
    "obj_func": 1524.9319510625526
  },
  "network": [
    [
      0.0,
      2.078682780836111,
      2.000830812419343,
      1.7341989835015685,
      1.5612377420673709,
      2.5853244962880884,
      1.362323979745022,
      1.4070353317311224,
      2.413933130558733,
      2.413933130558733
    ],
    [
      2.078682780836111,
      0.0,
      2.3659887656129093,
      2.3053377871672636,
      2.1786627147405797,
      2.668339001705967,
      2.4050828773384176,
      2.413933130558733,
      1.6379338150250589,
      1.6379338150250589
    ],
    [
      2.000830812419343,
      2.3659887656129093,
      0.0,
      1.6553453156331333,
      2.946163035536688,
      1.5247682302516128,
      1.4070353317311224,
      1.6379338150250589,
      2.6810784320931123,
      2.6810784320931123
    ],
    [
      1.7341989835015685,
      2.3053377871672636,
      1.6553453156331333,
      0.0,
      3.0571569296491483,
      1.362323979745022,
      2.413933130558733,
      2.6810784320931123,
      1.6403637989657718,
      1.6403637989657718
    ],
    [
      1.5612377420673709,
      2.1786627147405797,
      2.946163035536688,
      3.0571569296491483,
      0.0,
      2.4050828773384176,
      1.6379338150250589,
      1.6403637989657718,
      1.21912778346613,
      1.21912778346613
    ],
    [
      2.5853244962880884,
      2.668339001705967,
      1.5247682302516128,
      1.362323979745022,
      2.4050828773384176,
      0.0,
      2.6810784320931123,
      1.21912778346613,
      1.5713882595871083,
      1.5713882595871083
    ],
    [
      1.362323979745022,
      2.4050828773384176,
      1.4070353317311224,
      2.413933130558733,
      1.6379338150250589,
      2.6810784320931123,
      0.0,
      1.5713882595871083,
      1.9455863984956323,
      1.9455863984956323
    ],
    [
      1.4070353317311224,
      2.413933130558733,
      1.6379338150250589,
      2.6810784320931123,
      1.6403637989657718,
      1.21912778346613,
      1.5713882595871083,
      0.0,
      2.2050408936487944,
      2.2050408936487944
    ],
    [
      2.413933130558733,
      1.6379338150250589,
      2.6810784320931123,
      1.6403637989657718,
      1.21912778346613,
      1.5713882595871083,
      1.9455863984956323,
      2.2050408936487944,
      0.0,
      1.851902070199346
    ],
    [
      2.413933130558733,
      1.6379338150250589,
      2.6810784320931123,
      1.6403637989657718,
      1.21912778346613,
      1.5713882595871083,
      1.9455863984956323,
      2.2050408936487944,
      1.851902070199346,
      0.0
    ]
  ]
}