{
  "servicechain": {
    "SC1": {
      "resptime": 29.69644563091575,
      "resptime_old": 19.69644563091575,
      "waittime": 16.960544037601593,
      "servicetime": 10.0,
      "networktime": 2.7359015933141557,
      "services": {
        "MS1_1": {
          "meanserv": 0.5818233374033999,
          "stddevserv": 0.5818233374033999,
          "rate": 1.7187347700126072,
          "cv": 1.0,
          "lambda": 0.15
        },
        "MS1_2": {
          "meanserv": 0.9199510935211541,
          "stddevserv": 0.9199510935211541,
          "rate": 1.087014306567597,
          "cv": 1.0,
          "lambda": 0.15
        },
        "MS1_3": {
          "meanserv": 0.6777419211968141,
          "stddevserv": 0.6777419211968141,
          "rate": 1.475487894026262,
          "cv": 1.0,
          "lambda": 0.15
        },
        "MS1_4": {
          "meanserv": 0.901181612815642,
          "stddevserv": 0.901181612815642,
          "rate": 1.1096542425844784,
          "cv": 1.0,
          "lambda": 0.15
        },
        "MS1_5": {
          "meanserv": 0.03359841265511587,
          "stddevserv": 0.03359841265511587,
          "rate": 29.763310852357623,
          "cv": 1.0,
          "lambda": 0.15
        },
        "MS1_6": {
          "meanserv": 0.8547492635460832,
          "stddevserv": 0.8547492635460832,
          "rate": 1.1699337368848002,
          "cv": 1.0,
          "lambda": 0.15
        },
        "MS1_7": {
          "meanserv": 0.04702907878448803,
          "stddevserv": 0.04702907878448803,
          "rate": 21.263440106546117,
          "cv": 1.0,
          "lambda": 0.15
        },
        "MS1_8": {
          "meanserv": 0.6272393237563243,
          "stddevserv": 0.6272393237563243,
          "rate": 1.5942877975368923,
          "cv": 1.0,
          "lambda": 0.15
        },
        "MS1_9": {
          "meanserv": 1.4951839235728848,
          "stddevserv": 1.4951839235728848,
          "rate": 0.6688140396871072,
          "cv": 1.0,
          "lambda": 0.15
        },
        "MS1_10": {
          "meanserv": 2.370453755552001,
          "stddevserv": 2.370453755552001,
          "rate": 0.4218601597512004,
          "cv": 1.0,
          "lambda": 0.15
        },
        "MS1_11": {
          "meanserv": 0.6091522740653321,
          "stddevserv": 0.6091522740653321,
          "rate": 1.641625653510651,
          "cv": 1.0,
          "lambda": 0.15
        },
        "MS1_12": {
          "meanserv": 0.524503229864548,
          "stddevserv": 0.524503229864548,
          "rate": 1.9065659524313094,
          "cv": 1.0,
          "lambda": 0.15
        },
        "MS1_13": {
          "meanserv": 0.08306097112224009,
          "stddevserv": 0.08306097112224009,
          "rate": 12.039348763793154,
          "cv": 1.0,
          "lambda": 0.15
        },
        "MS1_14": {
          "meanserv": 0.14692274055806642,
          "stddevserv": 0.14692274055806642,
          "rate": 6.806298304820843,
          "cv": 1.0,
          "lambda": 0.15
        },
        "MS1_15": {
          "meanserv": 0.12740906158590626,
          "stddevserv": 0.12740906158590626,
          "rate": 7.848735306206965,
          "cv": 1.0,
          "lambda": 0.15
        }
      },
      "sensors": [
        "S1"
      ],
      "sources": [
        {
          "startTime": 0,
          "stopTime": -1,
          "lambda": 0.15
        }
      ]
    },
    "SC2": {
      "resptime": 30.56566758912469,
      "resptime_old": 20.5656675891247,
      "waittime": 15.74867061249849,
      "servicetime": 10.0,
      "networktime": 4.816996976626201,
      "services": {
        "MS2_1": {
          "meanserv": 0.43241002052196165,
          "stddevserv": 0.43241002052196165,
          "rate": 2.3126198574050183,
          "cv": 1.0,
          "lambda": 0.15
        },
        "MS2_2": {
          "meanserv": 0.46857483238175957,
          "stddevserv": 0.46857483238175957,
          "rate": 2.1341308386475077,
          "cv": 1.0,
          "lambda": 0.15
        },
        "MS2_3": {
          "meanserv": 1.7909110438103881,
          "stddevserv": 1.7909110438103881,
          "rate": 0.5583750256363234,
          "cv": 1.0,
          "lambda": 0.15
        },
        "MS2_4": {
          "meanserv": 0.16913151648464853,
          "stddevserv": 0.16913151648464853,
          "rate": 5.912558586268967,
          "cv": 1.0,
          "lambda": 0.15
        },
        "MS2_5": {
          "meanserv": 0.9545065150987222,
          "stddevserv": 0.9545065150987222,
          "rate": 1.0476617856260233,
          "cv": 1.0,
          "lambda": 0.15
        },
        "MS2_6": {
          "meanserv": 0.10123200876365068,
          "stddevserv": 0.10123200876365068,
          "rate": 9.878298496819609,
          "cv": 1.0,
          "lambda": 0.15
        },
        "MS2_7": {
          "meanserv": 1.9057927626551372,
          "stddevserv": 1.9057927626551372,
          "rate": 0.5247160234813816,
          "cv": 1.0,
          "lambda": 0.15
        },
        "MS2_8": {
          "meanserv": 0.22317817405455287,
          "stddevserv": 0.22317817405455287,
          "rate": 4.480724892728818,
          "cv": 1.0,
          "lambda": 0.15
        },
        "MS2_9": {
          "meanserv": 0.3424963941192969,
          "stddevserv": 0.3424963941192969,
          "rate": 2.9197387685538208,
          "cv": 1.0,
          "lambda": 0.15
        },
        "MS2_10": {
          "meanserv": 0.9725239344632213,
          "stddevserv": 0.9725239344632213,
          "rate": 1.0282523283624314,
          "cv": 1.0,
          "lambda": 0.15
        },
        "MS2_11": {
          "meanserv": 0.07938372273037242,
          "stddevserv": 0.07938372273037242,
          "rate": 12.597040874443614,
          "cv": 1.0,
          "lambda": 0.15
        },
        "MS2_12": {
          "meanserv": 1.6568380365071258,
          "stddevserv": 1.6568380365071258,
          "rate": 0.6035592966637564,
          "cv": 1.0,
          "lambda": 0.15
        },
        "MS2_13": {
          "meanserv": 0.126652284513737,
          "stddevserv": 0.126652284513737,
          "rate": 7.895633338469609,
          "cv": 1.0,
          "lambda": 0.15
        },
        "MS2_14": {
          "meanserv": 0.18087595941031687,
          "stddevserv": 0.18087595941031687,
          "rate": 5.52865070217265,
          "cv": 1.0,
          "lambda": 0.15
        },
        "MS2_15": {
          "meanserv": 0.595492794485109,
          "stddevserv": 0.595492794485109,
          "rate": 1.6792814443114243,
          "cv": 1.0,
          "lambda": 0.15
        }
      },
      "sensors": [
        "S2"
      ],
      "sources": [
        {
          "startTime": 0,
          "stopTime": -1,
          "lambda": 0.15
        }
      ]
    },
    "SC3": {
      "resptime": 31.74148969193842,
      "resptime_old": 21.74148969193842,
      "waittime": 19.262337330111016,
      "servicetime": 10.0,
      "networktime": 2.4791523618274014,
      "services": {
        "MS3_1": {
          "meanserv": 0.4134637214248371,
          "stddevserv": 0.4134637214248371,
          "rate": 2.418591881662315,
          "cv": 1.0,
          "lambda": 0.15
        },
        "MS3_2": {
          "meanserv": 0.3834976630117959,
          "stddevserv": 0.3834976630117959,
          "rate": 2.607577819761685,
          "cv": 1.0,
          "lambda": 0.15
        },
        "MS3_3": {
          "meanserv": 0.28986018041598505,
          "stddevserv": 0.28986018041598505,
          "rate": 3.4499392036701173,
          "cv": 1.0,
          "lambda": 0.15
        },
        "MS3_4": {
          "meanserv": 0.08490360606843272,
          "stddevserv": 0.08490360606843272,
          "rate": 11.778062750291136,
          "cv": 1.0,
          "lambda": 0.15
        },
        "MS3_5": {
          "meanserv": 0.3908544379220613,
          "stddevserv": 0.3908544379220613,
          "rate": 2.5584972382977162,
          "cv": 1.0,
          "lambda": 0.15
        },
        "MS3_6": {
          "meanserv": 0.26979625904688165,
          "stddevserv": 0.26979625904688165,
          "rate": 3.7065006146961923,
          "cv": 1.0,
          "lambda": 0.15
        },
        "MS3_7": {
          "meanserv": 0.4070127274591051,
          "stddevserv": 0.4070127274591051,
          "rate": 2.4569256255026466,
          "cv": 1.0,
          "lambda": 0.15
        },
        "MS3_8": {
          "meanserv": 0.9658627370914807,
          "stddevserv": 0.9658627370914807,
          "rate": 1.0353438036250548,
          "cv": 1.0,
          "lambda": 0.15
        },
        "MS3_9": {
          "meanserv": 0.7125402312557716,
          "stddevserv": 0.7125402312557716,
          "rate": 1.4034295273932997,
          "cv": 1.0,
          "lambda": 0.15
        },
        "MS3_10": {
          "meanserv": 4.537140900255492,
          "stddevserv": 4.537140900255492,
          "rate": 0.22040311773074728,
          "cv": 1.0,
          "lambda": 0.15
        },
        "MS3_11": {
          "meanserv": 0.6533834809427237,
          "stddevserv": 0.6533834809427237,
          "rate": 1.5304947694073414,
          "cv": 1.0,
          "lambda": 0.15
        },
        "MS3_12": {
          "meanserv": 0.16389020715872604,
          "stddevserv": 0.16389020715872604,
          "rate": 6.101645835565452,
          "cv": 1.0,
          "lambda": 0.15
        },
        "MS3_13": {
          "meanserv": 0.22832938539012382,
          "stddevserv": 0.22832938539012382,
          "rate": 4.379637768881123,
          "cv": 1.0,
          "lambda": 0.15
        },
        "MS3_14": {
          "meanserv": 0.07625804297994243,
          "stddevserv": 0.07625804297994243,
          "rate": 13.113370877653159,
          "cv": 1.0,
          "lambda": 0.15
        },
        "MS3_15": {
          "meanserv": 0.4232064195766405,
          "stddevserv": 0.4232064195766405,
          "rate": 2.3629131169616038,
          "cv": 1.0,
          "lambda": 0.15
        }
      },
      "sensors": [
        "S3"
      ],
      "sources": [
        {
          "startTime": 0,
          "stopTime": -1,
          "lambda": 0.15
        }
      ]
    },
    "SC4": {
      "resptime": 35.26742881099655,
      "resptime_old": 25.267428810996545,
      "waittime": 21.316084046970104,
      "servicetime": 10.0,
      "networktime": 3.9513447640264423,
      "services": {
        "MS4_1": {
          "meanserv": 0.06887390321177356,
          "stddevserv": 0.06887390321177356,
          "rate": 14.519287471267583,
          "cv": 1.0,
          "lambda": 0.15
        },
        "MS4_2": {
          "meanserv": 0.2957670118898059,
          "stddevserv": 0.2957670118898059,
          "rate": 3.3810396690641435,
          "cv": 1.0,
          "lambda": 0.15
        },
        "MS4_3": {
          "meanserv": 1.543849511217661,
          "stddevserv": 1.543849511217661,
          "rate": 0.647731526119591,
          "cv": 1.0,
          "lambda": 0.15
        },
        "MS4_4": {
          "meanserv": 0.227824605724245,
          "stddevserv": 0.227824605724245,
          "rate": 4.389341514807153,
          "cv": 1.0,
          "lambda": 0.15
        },
        "MS4_5": {
          "meanserv": 0.6906678367034726,
          "stddevserv": 0.6906678367034726,
          "rate": 1.4478739950783812,
          "cv": 1.0,
          "lambda": 0.15
        },
        "MS4_6": {
          "meanserv": 0.13401255806480306,
          "stddevserv": 0.13401255806480306,
          "rate": 7.461987252839696,
          "cv": 1.0,
          "lambda": 0.15
        },
        "MS4_7": {
          "meanserv": 0.4495349829386561,
          "stddevserv": 0.4495349829386561,
          "rate": 2.2245209782404425,
          "cv": 1.0,
          "lambda": 0.15
        },
        "MS4_8": {
          "meanserv": 0.3607997563066805,
          "stddevserv": 0.3607997563066805,
          "rate": 2.771620497298779,
          "cv": 1.0,
          "lambda": 0.15
        },
        "MS4_9": {
          "meanserv": 0.18462732845605068,
          "stddevserv": 0.18462732845605068,
          "rate": 5.4163162537340375,
          "cv": 1.0,
          "lambda": 0.15
        },
        "MS4_10": {
          "meanserv": 0.3080513081511782,
          "stddevserv": 0.3080513081511782,
          "rate": 3.2462124767515785,
          "cv": 1.0,
          "lambda": 0.15
        },
        "MS4_11": {
          "meanserv": 0.63688206755611,
          "stddevserv": 0.63688206755611,
          "rate": 1.5701494058975038,
          "cv": 1.0,
          "lambda": 0.15
        },
        "MS4_12": {
          "meanserv": 0.02366876022815756,
          "stddevserv": 0.02366876022815756,
          "rate": 42.249783696331896,
          "cv": 1.0,
          "lambda": 0.15
        },
        "MS4_13": {
          "meanserv": 3.1540212608225504,
          "stddevserv": 3.1540212608225504,
          "rate": 0.31705556725993844,
          "cv": 1.0,
          "lambda": 0.15
        },
        "MS4_14": {
          "meanserv": 0.9926701708993146,
          "stddevserv": 0.9926701708993146,
          "rate": 1.007383952208461,
          "cv": 1.0,
          "lambda": 0.15
        },
        "MS4_15": {
          "meanserv": 0.9287489378295408,
          "stddevserv": 0.9287489378295408,
          "rate": 1.0767172475448217,
          "cv": 1.0,
          "lambda": 0.15
        }
      },
      "sensors": [
        "S4"
      ],
      "sources": [
        {
          "startTime": 0,
          "stopTime": -1,
          "lambda": 0.15
        }
      ]
    }
  },
  "microservice": {
    "MS1_1": "F10",
    "MS1_2": "F10",
    "MS1_3": "F10",
    "MS1_4": "F10",
    "MS1_5": "F10",
    "MS1_6": "F10",
    "MS1_7": "F1",
    "MS1_8": "F1",
    "MS1_9": "F3",
    "MS1_10": "F3",
    "MS1_11": "F6",
    "MS1_12": "F6",
    "MS1_13": "F8",
    "MS1_14": "F8",
    "MS1_15": "F8",
    "MS2_1": "F1",
    "MS2_2": "F1",
    "MS2_3": "F4",
    "MS2_4": "F6",
    "MS2_5": "F5",
    "MS2_6": "F8",
    "MS2_7": "F7",
    "MS2_8": "F8",
    "MS2_9": "F8",
    "MS2_10": "F5",
    "MS2_11": "F5",
    "MS2_12": "F5",
    "MS2_13": "F1",
    "MS2_14": "F1",
    "MS2_15": "F1",
    "MS3_1": "F8",
    "MS3_2": "F8",
    "MS3_3": "F8",
    "MS3_4": "F8",
    "MS3_5": "F8",
    "MS3_6": "F8",
    "MS3_7": "F8",
    "MS3_8": "F7",
    "MS3_9": "F7",
    "MS3_10": "F2",
    "MS3_11": "F6",
    "MS3_12": "F8",
    "MS3_13": "F8",
    "MS3_14": "F8",
    "MS3_15": "F6",
    "MS4_1": "F8",
    "MS4_2": "F8",
    "MS4_3": "F4",
    "MS4_4": "F6",
    "MS4_5": "F6",
    "MS4_6": "F1",
    "MS4_7": "F1",
    "MS4_8": "F1",
    "MS4_9": "F1",
    "MS4_10": "F1",
    "MS4_11": "F6",
    "MS4_12": "F6",
    "MS4_13": "F9",
    "MS4_14": "F9",
    "MS4_15": "F4"
  },
  "sensor": {
    "S1": "F10",
    "S2": "F1",
    "S3": "F8",
    "S4": "F8"
  },
  "fog": {
    "F1": {
      "rho": 0.5872950341656596,
      "capacity": 1.0,
      "tserv": 0.3262750189809221,
      "stddev": 0.4175360955677956,
      "mu": 3.0648990631381188,
      "cv": 1.2797059881320847,
      "lambda": 1.7999999999999996,
      "twait": 0.6123323490687995
    },
    "F2": {
      "rho": 0.6805711350383239,
      "capacity": 1.0,
      "tserv": 4.537140900255492,
      "stddev": 4.537140900255492,
      "mu": 0.22040311773074728,
      "cv": 1.0,
      "lambda": 0.15,
      "twait": 9.666775520384332
    },
    "F3": {
      "rho": 0.5798456518687329,
      "capacity": 1.0,
      "tserv": 1.9328188395624428,
      "stddev": 2.02949188368761,
      "mu": 0.5173790629164101,
      "cv": 1.0500166089787557,
      "lambda": 0.3,
      "twait": 2.804193033151976
    },
    "F4": {
      "rho": 0.6395264239286385,
      "capacity": 1.0,
      "tserv": 1.42116983095253,
      "stddev": 1.5108105411851087,
      "mu": 0.7036456714886471,
      "cv": 1.063075297744322,
      "lambda": 0.44999999999999996,
      "twait": 2.685387514383705
    },
    "F5": {
      "rho": 0.5494878313199161,
      "capacity": 1.0,
      "tserv": 0.9158130521998603,
      "stddev": 1.2105520335701816,
      "mu": 1.0919259095488054,
      "cv": 1.3218331303122766,
      "lambda": 0.6,
      "twait": 1.5343535198913174
    },
    "F6": {
      "rho": 0.5937630286718817,
      "capacity": 1.0,
      "tserv": 0.43982446568287537,
      "stddev": 0.5467864329783289,
      "mu": 2.273634320108571,
      "cv": 1.2431923997892735,
      "lambda": 1.3499999999999999,
      "twait": 0.8182026110214545
    },
    "F7": {
      "rho": 0.5376293596503584,
      "capacity": 1.0,
      "tserv": 1.1947319103341298,
      "stddev": 1.3979923595147952,
      "mu": 0.8370078603829463,
      "cv": 1.1701305936691853,
      "lambda": 0.44999999999999996,
      "twait": 1.6456442146973271
    },
    "F8": {
      "rho": 0.6145209744274776,
      "capacity": 1.0,
      "tserv": 0.22760036089906582,
      "stddev": 0.285454710860695,
      "mu": 4.393666143804891,
      "cv": 1.25419269869825,
      "lambda": 2.6999999999999993,
      "twait": 0.4667868158289125
    },
    "F9": {
      "rho": 0.6220037147582796,
      "capacity": 1.0,
      "tserv": 2.0733457158609325,
      "stddev": 2.575748769665835,
      "mu": 0.48231223203640294,
      "cv": 1.2423151382625475,
      "lambda": 0.3,
      "twait": 4.338631598557526
    },
    "F10": {
      "rho": 0.5953568461707314,
      "capacity": 1.0,
      "tserv": 0.6615076068563682,
      "stddev": 0.7906198067595543,
      "mu": 1.5116984137978748,
      "cv": 1.1951787077956006,
      "lambda": 0.9,
      "twait": 1.1817879339384
    }
  },
  "extra": {
    "deltatime": 9.4041614,
    "conv": 220,
    "obj_func": 31.817757930743852
  },
  "network": [
    [
      0.0,
      0.700804856592441,
      0.7686538728979996,
      0.6547909031433825,
      0.6637835280945478,
      0.7051050166477134,
      0.7018030525635512,
      0.6184249758535109,
      0.6928168974197881,
      0.6928168974197881
    ],
    [
      0.700804856592441,
      0.0,
      0.6117286221049759,
      0.514379412265782,
      0.6471386748989878,
      0.5613417105411338,
      0.5788181079105535,
      0.6928168974197881,
      0.7066035792364156,
      0.7066035792364156
    ],
    [
      0.7686538728979996,
      0.6117286221049759,
      0.0,
      0.8379419475341352,
      0.7296062979759836,
      0.8637413573681637,
      0.6184249758535109,
      0.7066035792364156,
      0.730430985710381,
      0.730430985710381
    ],
    [
      0.6547909031433825,
      0.514379412265782,
      0.8379419475341352,
      0.0,
      0.7319500564230605,
      0.7018030525635512,
      0.6928168974197881,
      0.730430985710381,
      0.591287080337778,
      0.591287080337778
    ],
    [
      0.6637835280945478,
      0.6471386748989878,
      0.7296062979759836,
      0.7319500564230605,
      0.0,
      0.5788181079105535,
      0.7066035792364156,
      0.591287080337778,
      0.4106894656282045,
      0.4106894656282045
    ],
    [
      0.7051050166477134,
      0.5613417105411338,
      0.8637413573681637,
      0.7018030525635512,
      0.5788181079105535,
      0.0,
      0.730430985710381,
      0.4106894656282045,
      0.5176136121193048,
      0.5176136121193048
    ],
    [
      0.7018030525635512,
      0.5788181079105535,
      0.6184249758535109,
      0.6928168974197881,
      0.7066035792364156,
      0.730430985710381,
      0.0,
      0.5176136121193048,
      0.6376489607172374,
      0.6376489607172374
    ],
    [
      0.6184249758535109,
      0.6928168974197881,
      0.7066035792364156,
      0.730430985710381,
      0.591287080337778,
      0.4106894656282045,
      0.5176136121193048,
      0.0,
      0.5826395129879219,
      0.5826395129879219
    ],
    [
      0.6928168974197881,
      0.7066035792364156,
      0.730430985710381,
      0.591287080337778,
      0.4106894656282045,
      0.5176136121193048,
      0.6376489607172374,
      0.5826395129879219,
      0.0,
      0.8069365222254948
    ],
    [
      0.6928168974197881,
      0.7066035792364156,
      0.730430985710381,
      0.591287080337778,
      0.4106894656282045,
      0.5176136121193048,
      0.6376489607172374,
      0.5826395129879219,
      0.8069365222254948,
      0.0
    ]
  ]
}