{
  "servicechain": {
    "SC1": {
      "resptime": 30.36612150821267,
      "resptime_old": 20.366121508212665,
      "waittime": 14.668740580868484,
      "servicetime": 10.0,
      "networktime": 5.697380927344187,
      "services": {
        "MS1_1": {
          "meanserv": 1.4979568900359574,
          "stddevserv": 1.4979568900359574,
          "rate": 0.6675759540556575,
          "cv": 1.0,
          "lambda": 0.375
        },
        "MS1_2": {
          "meanserv": 1.391367396783634,
          "stddevserv": 1.391367396783634,
          "rate": 0.7187174302859607,
          "cv": 1.0,
          "lambda": 0.375
        },
        "MS1_3": {
          "meanserv": 0.8486298701521853,
          "stddevserv": 0.8486298701521853,
          "rate": 1.178370023459897,
          "cv": 1.0,
          "lambda": 0.375
        },
        "MS1_4": {
          "meanserv": 2.042495171839519,
          "stddevserv": 2.042495171839519,
          "rate": 0.4895972405650177,
          "cv": 1.0,
          "lambda": 0.375
        },
        "MS1_5": {
          "meanserv": 0.6323570772252252,
          "stddevserv": 0.6323570772252252,
          "rate": 1.5813850054276095,
          "cv": 1.0,
          "lambda": 0.375
        },
        "MS1_6": {
          "meanserv": 1.1439685268941702,
          "stddevserv": 1.1439685268941702,
          "rate": 0.8741499232631521,
          "cv": 1.0,
          "lambda": 0.375
        },
        "MS1_7": {
          "meanserv": 0.6675941368018927,
          "stddevserv": 0.6675941368018927,
          "rate": 1.497916091340311,
          "cv": 1.0,
          "lambda": 0.375
        },
        "MS1_8": {
          "meanserv": 1.4231555375369656,
          "stddevserv": 1.4231555375369656,
          "rate": 0.7026638857272659,
          "cv": 1.0,
          "lambda": 0.375
        },
        "MS1_9": {
          "meanserv": 0.29334774408707887,
          "stddevserv": 0.29334774408707887,
          "rate": 3.4089234369675427,
          "cv": 1.0,
          "lambda": 0.375
        },
        "MS1_10": {
          "meanserv": 0.059127648643372055,
          "stddevserv": 0.059127648643372055,
          "rate": 16.912561600943953,
          "cv": 1.0,
          "lambda": 0.375
        }
      },
      "sensors": [
        "S1"
      ],
      "sources": [
        {
          "startTime": 0,
          "stopTime": -1,
          "lambda": 0.375
        }
      ]
    },
    "SC2": {
      "resptime": 38.603662935606735,
      "resptime_old": 28.603662935606735,
      "waittime": 22.0522259160071,
      "servicetime": 10.0,
      "networktime": 6.551437019599634,
      "services": {
        "MS2_1": {
          "meanserv": 0.18808181293292092,
          "stddevserv": 0.18808181293292092,
          "rate": 5.31683518148907,
          "cv": 1.0,
          "lambda": 0.375
        },
        "MS2_2": {
          "meanserv": 1.9609073705339886,
          "stddevserv": 1.9609073705339886,
          "rate": 0.5099679949327147,
          "cv": 1.0,
          "lambda": 0.375
        },
        "MS2_3": {
          "meanserv": 0.4952476787653479,
          "stddevserv": 0.4952476787653479,
          "rate": 2.019191695139287,
          "cv": 1.0,
          "lambda": 0.375
        },
        "MS2_4": {
          "meanserv": 1.9235559577793646,
          "stddevserv": 1.9235559577793646,
          "rate": 0.5198705012743392,
          "cv": 1.0,
          "lambda": 0.375
        },
        "MS2_5": {
          "meanserv": 1.2548639837306768,
          "stddevserv": 1.2548639837306768,
          "rate": 0.7968991165297669,
          "cv": 1.0,
          "lambda": 0.375
        },
        "MS2_6": {
          "meanserv": 0.5316218920558482,
          "stddevserv": 0.5316218920558482,
          "rate": 1.881036155476734,
          "cv": 1.0,
          "lambda": 0.375
        },
        "MS2_7": {
          "meanserv": 1.4168949875661294,
          "stddevserv": 1.4168949875661294,
          "rate": 0.7057686058426599,
          "cv": 1.0,
          "lambda": 0.375
        },
        "MS2_8": {
          "meanserv": 2.071474260672943,
          "stddevserv": 2.071474260672943,
          "rate": 0.482747972777194,
          "cv": 1.0,
          "lambda": 0.375
        },
        "MS2_9": {
          "meanserv": 0.14416882301727085,
          "stddevserv": 0.14416882301727085,
          "rate": 6.936312436151359,
          "cv": 1.0,
          "lambda": 0.375
        },
        "MS2_10": {
          "meanserv": 0.013183232945509715,
          "stddevserv": 0.013183232945509715,
          "rate": 75.8539277985379,
          "cv": 1.0,
          "lambda": 0.375
        }
      },
      "sensors": [
        "S2"
      ],
      "sources": [
        {
          "startTime": 0,
          "stopTime": -1,
          "lambda": 0.375
        }
      ]
    },
    "SC3": {
      "resptime": 34.4342784092055,
      "resptime_old": 24.434278409205497,
      "waittime": 19.663251495400996,
      "servicetime": 10.0,
      "networktime": 4.7710269138045,
      "services": {
        "MS3_1": {
          "meanserv": 1.8787481509821757,
          "stddevserv": 1.8787481509821757,
          "rate": 0.5322693195877362,
          "cv": 1.0,
          "lambda": 0.375
        },
        "MS3_2": {
          "meanserv": 1.2933044690603668,
          "stddevserv": 1.2933044690603668,
          "rate": 0.7732131326558678,
          "cv": 1.0,
          "lambda": 0.375
        },
        "MS3_3": {
          "meanserv": 1.0008953185264673,
          "stddevserv": 1.0008953185264673,
          "rate": 0.9991054823517554,
          "cv": 1.0,
          "lambda": 0.375
        },
        "MS3_4": {
          "meanserv": 0.5946260512862249,
          "stddevserv": 0.5946260512862249,
          "rate": 1.6817292108829036,
          "cv": 1.0,
          "lambda": 0.375
        },
        "MS3_5": {
          "meanserv": 0.9668845611537593,
          "stddevserv": 0.9668845611537593,
          "rate": 1.0342496303868218,
          "cv": 1.0,
          "lambda": 0.375
        },
        "MS3_6": {
          "meanserv": 0.6682107962625272,
          "stddevserv": 0.6682107962625272,
          "rate": 1.4965337369483613,
          "cv": 1.0,
          "lambda": 0.375
        },
        "MS3_7": {
          "meanserv": 0.54630445656802,
          "stddevserv": 0.54630445656802,
          "rate": 1.8304811318622123,
          "cv": 1.0,
          "lambda": 0.375
        },
        "MS3_8": {
          "meanserv": 0.9097606986767541,
          "stddevserv": 0.9097606986767541,
          "rate": 1.099190151272196,
          "cv": 1.0,
          "lambda": 0.375
        },
        "MS3_9": {
          "meanserv": 2.042486420784826,
          "stddevserv": 2.042486420784826,
          "rate": 0.4895993382495781,
          "cv": 1.0,
          "lambda": 0.375
        },
        "MS3_10": {
          "meanserv": 0.09877907669887875,
          "stddevserv": 0.09877907669887875,
          "rate": 10.123601408509126,
          "cv": 1.0,
          "lambda": 0.375
        }
      },
      "sensors": [
        "S3"
      ],
      "sources": [
        {
          "startTime": 0,
          "stopTime": -1,
          "lambda": 0.375
        }
      ]
    },
    "SC4": {
      "resptime": 6626.013395763252,
      "resptime_old": 6616.013395763253,
      "waittime": 6611.41139717749,
      "servicetime": 10.0,
      "networktime": 4.6019985857631935,
      "services": {
        "MS4_1": {
          "meanserv": 0.9001448096013243,
          "stddevserv": 0.9001448096013243,
          "rate": 1.110932362586084,
          "cv": 1.0,
          "lambda": 0.375
        },
        "MS4_2": {
          "meanserv": 0.13367314363017413,
          "stddevserv": 0.13367314363017413,
          "rate": 7.480934261310133,
          "cv": 1.0,
          "lambda": 0.375
        },
        "MS4_3": {
          "meanserv": 3.2100105570254893,
          "stddevserv": 3.2100105570254893,
          "rate": 0.31152545520804636,
          "cv": 1.0,
          "lambda": 0.375
        },
        "MS4_4": {
          "meanserv": 0.4207607346734621,
          "stddevserv": 0.4207607346734621,
          "rate": 2.3766476232057765,
          "cv": 1.0,
          "lambda": 0.375
        },
        "MS4_5": {
          "meanserv": 0.17157525760002823,
          "stddevserv": 0.17157525760002823,
          "rate": 5.828346196228211,
          "cv": 1.0,
          "lambda": 0.375
        },
        "MS4_6": {
          "meanserv": 0.49839703293332605,
          "stddevserv": 0.49839703293332605,
          "rate": 2.006432490407255,
          "cv": 1.0,
          "lambda": 0.375
        },
        "MS4_7": {
          "meanserv": 0.11586139393688377,
          "stddevserv": 0.11586139393688377,
          "rate": 8.63100266638218,
          "cv": 1.0,
          "lambda": 0.375
        },
        "MS4_8": {
          "meanserv": 0.4130417694985553,
          "stddevserv": 0.4130417694985553,
          "rate": 2.421062647523588,
          "cv": 1.0,
          "lambda": 0.375
        },
        "MS4_9": {
          "meanserv": 2.7080171087399734,
          "stddevserv": 2.7080171087399734,
          "rate": 0.36927388559420693,
          "cv": 1.0,
          "lambda": 0.375
        },
        "MS4_10": {
          "meanserv": 1.4285181923607837,
          "stddevserv": 1.4285181923607837,
          "rate": 0.7000260867153465,
          "cv": 1.0,
          "lambda": 0.375
        }
      },
      "sensors": [
        "S4"
      ],
      "sources": [
        {
          "startTime": 0,
          "stopTime": -1,
          "lambda": 0.375
        }
      ]
    }
  },
  "microservice": {
    "MS1_1": "F14",
    "MS1_2": "F19",
    "MS1_3": "F25",
    "MS1_4": "F15",
    "MS1_5": "F8",
    "MS1_6": "F6",
    "MS1_7": "F8",
    "MS1_8": "F11",
    "MS1_9": "F18",
    "MS1_10": "F18",
    "MS2_1": "F18",
    "MS2_2": "F21",
    "MS2_3": "F4",
    "MS2_4": "F7",
    "MS2_5": "F5",
    "MS2_6": "F4",
    "MS2_7": "F2",
    "MS2_8": "F22",
    "MS2_9": "F4",
    "MS2_10": "F4",
    "MS3_1": "F16",
    "MS3_2": "F23",
    "MS3_3": "F1",
    "MS3_4": "F1",
    "MS3_5": "F20",
    "MS3_6": "F20",
    "MS3_7": "F3",
    "MS3_8": "F3",
    "MS3_9": "F12",
    "MS3_10": "F18",
    "MS4_1": "F17",
    "MS4_2": "F17",
    "MS4_3": "F24",
    "MS4_4": "F10",
    "MS4_5": "F10",
    "MS4_6": "F10",
    "MS4_7": "F18",
    "MS4_8": "F18",
    "MS4_9": "F13",
    "MS4_10": "F9"
  },
  "sensor": {
    "S1": "F14",
    "S2": "F18",
    "S3": "F16",
    "S4": "F17"
  },
  "fog": {
    "F1": {
      "rho": 0.5983205136797596,
      "capacity": 1.0,
      "tserv": 0.7977606849063461,
      "stddev": 0.847908880207186,
      "mu": 1.2535087513336107,
      "cv": 1.06286120167319,
      "lambda": 0.75,
      "twait": 1.2653480190757163
    },
    "F2": {
      "rho": 0.5313356203372985,
      "capacity": 1.0,
      "tserv": 1.4168949875661294,
      "stddev": 1.4168949875661294,
      "mu": 0.7057686058426599,
      "cv": 1.0,
      "lambda": 0.375,
      "twait": 1.606366538274326
    },
    "F3": {
      "rho": 0.5460244332167903,
      "capacity": 1.0,
      "tserv": 0.728032577622387,
      "stddev": 0.7720632448468185,
      "mu": 1.3735649073092384,
      "cv": 1.06047897934489,
      "lambda": 0.75,
      "twait": 0.9302095507878867
    },
    "F4": {
      "rho": 0.44408311004399126,
      "capacity": 1.0,
      "tserv": 0.29605540669599417,
      "stddev": 0.43217643325887456,
      "mu": 3.3777461157021005,
      "cv": 1.4597822687381516,
      "lambda": 1.5,
      "twait": 0.37023331849119884
    },
    "F5": {
      "rho": 0.4705739938990038,
      "capacity": 1.0,
      "tserv": 1.2548639837306768,
      "stddev": 1.2548639837306768,
      "mu": 0.7968991165297669,
      "cv": 1.0,
      "lambda": 0.375,
      "twait": 1.1153708919080012
    },
    "F6": {
      "rho": 0.4289881975853138,
      "capacity": 1.0,
      "tserv": 1.1439685268941702,
      "stddev": 1.1439685268941702,
      "mu": 0.8741499232631521,
      "cv": 1.0,
      "lambda": 0.375,
      "twait": 0.8594375709422899
    },
    "F7": {
      "rho": 0.7213334841672617,
      "capacity": 1.0,
      "tserv": 1.9235559577793646,
      "stddev": 1.9235559577793646,
      "mu": 0.5198705012743392,
      "cv": 1.0,
      "lambda": 0.375,
      "twait": 4.979160545605366
    },
    "F8": {
      "rho": 0.4874817052601692,
      "capacity": 1.0,
      "tserv": 0.6499756070135589,
      "stddev": 0.6504530074466941,
      "mu": 1.5385192755074257,
      "cv": 1.000734489768514,
      "lambda": 0.75,
      "twait": 0.6186784549600735
    },
    "F9": {
      "rho": 0.5356943221352939,
      "capacity": 1.0,
      "tserv": 1.4285181923607837,
      "stddev": 1.4285181923607837,
      "mu": 0.7000260867153465,
      "cv": 1.0,
      "lambda": 0.375,
      "twait": 1.6481579295647362
    },
    "F10": {
      "rho": 0.4090248844525562,
      "capacity": 1.0,
      "tserv": 0.3635776750689388,
      "stddev": 0.4135973715159936,
      "mu": 2.7504439039343866,
      "cv": 1.1375763691694503,
      "lambda": 1.125,
      "twait": 0.28863986105331163
    },
    "F11": {
      "rho": 0.5336833265763621,
      "capacity": 1.0,
      "tserv": 1.4231555375369656,
      "stddev": 1.4231555375369656,
      "mu": 0.7026638857272659,
      "cv": 1.0,
      "lambda": 0.375,
      "twait": 1.6287523582033647
    },
    "F12": {
      "rho": 0.7659324077943097,
      "capacity": 1.0,
      "tserv": 2.042486420784826,
      "stddev": 2.042486420784826,
      "mu": 0.4895993382495781,
      "cv": 1.0,
      "lambda": 0.375,
      "twait": 6.683567457660513
    },
    "F13": {
      "rho": 1.01550641577749,
      "capacity": 1.0,
      "tserv": 2.7080171087399734,
      "stddev": 2.7080171087399734,
      "mu": 0.36927388559420693,
      "cv": 1.0,
      "lambda": 0.375,
      "twait": 2747.258739212689
    },
    "F14": {
      "rho": 0.5617338337634841,
      "capacity": 1.0,
      "tserv": 1.4979568900359574,
      "stddev": 1.4979568900359574,
      "mu": 0.6675759540556575,
      "cv": 1.0,
      "lambda": 0.375,
      "twait": 1.9199589917653448
    },
    "F15": {
      "rho": 0.7659356894398195,
      "capacity": 1.0,
      "tserv": 2.042495171839519,
      "stddev": 2.042495171839519,
      "mu": 0.4895972405650177,
      "cv": 1.0,
      "lambda": 0.375,
      "twait": 6.683718435656917
    },
    "F16": {
      "rho": 0.7045305566183159,
      "capacity": 1.0,
      "tserv": 1.8787481509821757,
      "stddev": 1.878748150982176,
      "mu": 0.5322693195877362,
      "cv": 1.0000000000000002,
      "lambda": 0.375,
      "twait": 4.479771124241929
    },
    "F17": {
      "rho": 0.38768173246181187,
      "capacity": 1.0,
      "tserv": 0.5169089766157492,
      "stddev": 0.7489554709555409,
      "mu": 1.9345765797047914,
      "cv": 1.4489117133523615,
      "lambda": 0.75,
      "twait": 0.5071683498699451
    },
    "F18": {
      "rho": 0.43808979217413363,
      "capacity": 1.0,
      "tserv": 0.19470657429961494,
      "stddev": 0.26139144838964584,
      "mu": 5.13593340952729,
      "cv": 1.3424890727491106,
      "lambda": 2.25,
      "twait": 0.21269529387977737
    },
    "F19": {
      "rho": 0.5217627737938627,
      "capacity": 1.0,
      "tserv": 1.391367396783634,
      "stddev": 1.3913673967836342,
      "mu": 0.7187174302859607,
      "cv": 1.0000000000000002,
      "lambda": 0.375,
      "twait": 1.5179991697243131
    },
    "F20": {
      "rho": 0.6131607590311074,
      "capacity": 1.0,
      "tserv": 0.8175476787081433,
      "stddev": 0.8443857032649386,
      "mu": 1.223170251770711,
      "cv": 1.0328274732541638,
      "lambda": 0.75,
      "twait": 1.3390944576028487
    },
    "F21": {
      "rho": 0.7353402639502459,
      "capacity": 1.0,
      "tserv": 1.9609073705339888,
      "stddev": 1.9609073705339883,
      "mu": 0.5099679949327146,
      "cv": 0.9999999999999998,
      "lambda": 0.375,
      "twait": 5.448256561245011
    },
    "F22": {
      "rho": 0.7768028477523536,
      "capacity": 1.0,
      "tserv": 2.071474260672943,
      "stddev": 2.071474260672943,
      "mu": 0.482747972777194,
      "cv": 1.0,
      "lambda": 0.375,
      "twait": 7.2094428111298265
    },
    "F23": {
      "rho": 0.4849891758976375,
      "capacity": 1.0,
      "tserv": 1.2933044690603668,
      "stddev": 1.293304469060367,
      "mu": 0.7732131326558678,
      "cv": 1.0000000000000002,
      "lambda": 0.375,
      "twait": 1.217913564685876
    },
    "F24": {
      "rho": 1.2037539588845585,
      "capacity": 1.0,
      "tserv": 3.2100105570254893,
      "stddev": 3.2100105570254893,
      "mu": 0.31152545520804636,
      "cv": 1.0,
      "lambda": 0.375,
      "twait": 3860.198853164575
    },
    "F25": {
      "rho": 0.3182362013070695,
      "capacity": 1.0,
      "tserv": 0.8486298701521853,
      "stddev": 0.8486298701521854,
      "mu": 1.178370023459897,
      "cv": 1.0000000000000002,
      "lambda": 0.375,
      "twait": 0.39612655689654985
    }
  },
  "extra": {
    "deltatime": 5.9805328,
    "conv": 9,
    "obj_func": 1682.3543646540693
  },
  "network": [
    [
      0.0,
      0.9039352305264721,
      1.3597213315258947,
      0.7119136263719288,
      0.8864760946478082,
      1.3680216573538577,
      0.9959648655222861,
      0.9728848941822532,
      1.1525706375342029,
      0.9709631324020794,
      1.1661826840625573,
      1.228376487946933,
      1.1501838401231732,
      0.8855636654790087,
      0.88839026742341,
      1.1958529655307615,
      0.7273128230048439,
      1.6273363985484506,
      1.5956972959675955,
      0.6312089332986899,
      0.875027145404998,
      1.0016507579563585,
      0.8088817089196451,
      1.0286562399793562,
      1.0286562399793562
    ],
    [
      0.9039352305264721,
      0.0,
      0.9741851794498266,
      0.7916992531004252,
      0.8226156167107939,
      1.0158458126854752,
      0.9306046689372596,
      1.0661167498808581,
      1.002222768169876,
      1.0516878325312702,
      1.0951606675258134,
      1.0956410403341175,
      1.2492575900426193,
      1.3086446266526905,
      1.1866576179152473,
      1.0741431487313118,
      0.9835522550698075,
      1.5473669604979796,
      1.1621026034227997,
      0.9301498358770018,
      0.9480170809482921,
      0.7685687265459801,
      1.0286562399793562,
      1.2122708853885893,
      1.2122708853885893
    ],
    [
      1.3597213315258947,
      0.9741851794498266,
      0.0,
      0.9273534853978254,
      0.8302514440405344,
      0.9556620648394535,
      1.0056952212172716,
      1.1092589282371887,
      1.2986593663850676,
      0.9233272128819626,
      0.9543830804120655,
      0.9205684184728616,
      0.8286357933027568,
      1.0106347654418366,
      1.0064916735799543,
      0.8041746556447378,
      1.218711961715082,
      1.056582458874417,
      0.9707900675495641,
      1.0679299601668908,
      0.9716430671722146,
      0.8088817089196451,
      1.2122708853885893,
      1.1127896229483714,
      1.1127896229483714
    ],
    [
      0.7119136263719288,
      0.7916992531004252,
      0.9273534853978254,
      0.0,
      0.6948734448098495,
      0.7949781743135342,
      0.5981158642619798,
      1.192975467027676,
      0.9940951772783065,
      1.0167964563130436,
      0.8040604733690022,
      1.0048319026309673,
      1.1876466860943045,
      1.2744103814107524,
      1.2821896181379533,
      1.1934181569586957,
      0.8903432613688665,
      1.2764019899395285,
      1.1514302953288347,
      1.0233160773186474,
      1.0016507579563585,
      1.0286562399793562,
      1.1127896229483714,
      1.1332433560695203,
      1.1332433560695203
    ],
    [
      0.8864760946478082,
      0.8226156167107939,
      0.8302514440405344,
      0.6948734448098495,
      0.0,
      0.6385462275638659,
      0.8762910332243725,
      1.0881558587334081,
      1.1461051242192857,
      1.0917584739588082,
      0.7521945887144945,
      1.0410314071504747,
      1.47024795920855,
      1.3169896806380057,
      1.0472376119798694,
      1.3410795530175625,
      1.231754311177734,
      0.8884146090763583,
      0.6887576073776112,
      0.875027145404998,
      0.7685687265459801,
      1.2122708853885893,
      1.1332433560695203,
      1.2434251158735155,
      1.2434251158735155
    ],
    [
      1.3680216573538577,
      1.0158458126854752,
      0.9556620648394535,
      0.7949781743135342,
      0.6385462275638659,
      0.0,
      0.9227052259867502,
      0.5212015086697646,
      0.8891599370043787,
      1.162740595102693,
      1.018992691158781,
      0.9009719294623784,
      1.029506114478434,
      0.7934514824801774,
      1.3268459811420261,
      1.1669916384263248,
      0.8337896542725074,
      0.7267674792586769,
      0.6312089332986899,
      0.9480170809482921,
      0.8088817089196451,
      1.1127896229483714,
      1.2434251158735155,
      1.1293955406133152,
      1.1293955406133152
    ],
    [
      0.9959648655222861,
      0.9306046689372596,
      1.0056952212172716,
      0.5981158642619798,
      0.8762910332243725,
      0.9227052259867502,
      0.0,
      0.7676319704204368,
      0.9375601708002269,
      1.2381515370831726,
      0.9767841170936208,
      1.1583632624520825,
      1.1332815603938589,
      1.152900626860926,
      1.2703088530351812,
      1.058738064230925,
      0.7886716186022155,
      1.5956972959675955,
      0.9301498358770018,
      0.9716430671722146,
      1.0286562399793562,
      1.1332433560695203,
      1.1293955406133152,
      1.1147196050899206,
      1.1147196050899206
    ],
    [
      0.9728848941822532,
      1.0661167498808581,
      1.1092589282371887,
      1.192975467027676,
      1.0881558587334081,
      0.5212015086697646,
      0.7676319704204368,
      0.0,
      0.9897755300288712,
      0.738354387353239,
      0.7613265580807819,
      0.8403804614575204,
      1.1119761149533467,
      0.8275216722910697,
      1.0908154886872095,
      1.328942534536135,
      1.6273363985484506,
      1.1621026034227997,
      1.0679299601668908,
      1.0016507579563585,
      1.2122708853885893,
      1.2434251158735155,
      1.1147196050899206,
      1.3175463208867226,
      1.3175463208867226
    ],
    [
      1.1525706375342029,
      1.002222768169876,
      1.2986593663850676,
      0.9940951772783065,
      1.1461051242192857,
      0.8891599370043787,
      0.9375601708002269,
      0.9897755300288712,
      0.0,
      1.172338373585534,
      1.0510706256135436,
      1.3929746596837989,
      0.7487237287504314,
      1.2758608816170296,
      1.0649417162240515,
      0.7273128230048439,
      1.5473669604979796,
      0.9707900675495641,
      1.0233160773186474,
      0.7685687265459801,
      1.1127896229483714,
      1.1293955406133152,
      1.3175463208867226,
      1.199211104370981,
      1.199211104370981
    ],
    [
      0.9709631324020794,
      1.0516878325312702,
      0.9233272128819626,
      1.0167964563130436,
      1.0917584739588082,
      1.162740595102693,
      1.2381515370831726,
      0.738354387353239,
      1.172338373585534,
      0.0,
      1.0134841288725247,
      0.6091988460866314,
      1.0668027163969929,
      0.9206114540253159,
      1.1958529655307615,
      0.9835522550698075,
      1.056582458874417,
      1.1514302953288347,
      0.875027145404998,
      0.8088817089196451,
      1.1332433560695203,
      1.1147196050899206,
      1.199211104370981,
      0.9815358728062888,
      0.9815358728062888
    ],
    [
      1.1661826840625573,
      1.0951606675258134,
      0.9543830804120655,
      0.8040604733690022,
      0.7521945887144945,
      1.018992691158781,
      0.9767841170936208,
      0.7613265580807819,
      1.0510706256135436,
      1.0134841288725247,
      0.0,
      0.9766770941191552,
      1.0483091503140665,
      0.88839026742341,
      1.0741431487313118,
      1.218711961715082,
      1.2764019899395285,
      0.6887576073776112,
      0.9480170809482921,
      1.0286562399793562,
      1.2434251158735155,
      1.3175463208867226,
      0.9815358728062888,
      0.6715651601394538,
      0.6715651601394538
    ],
    [
      1.228376487946933,
      1.0956410403341175,
      0.9205684184728616,
      1.0048319026309673,
      1.0410314071504747,
      0.9009719294623784,
      1.1583632624520825,
      0.8403804614575204,
      1.3929746596837989,
      0.6091988460866314,
      0.9766770941191552,
      0.0,
      0.8855636654790087,
      1.1866576179152473,
      0.8041746556447378,
      0.8903432613688665,
      0.8884146090763583,
      0.6312089332986899,
      0.9716430671722146,
      1.2122708853885893,
      1.1293955406133152,
      1.199211104370981,
      0.6715651601394538,
      0.7915816997213121,
      0.7915816997213121
    ],
    [
      1.1501838401231732,
      1.2492575900426193,
      0.8286357933027568,
      1.1876466860943045,
      1.47024795920855,
      1.029506114478434,
      1.1332815603938589,
      1.1119761149533467,
      0.7487237287504314,
      1.0668027163969929,
      1.0483091503140665,
      0.8855636654790087,
      0.0,
      1.0064916735799543,
      1.1934181569586957,
      1.231754311177734,
      0.7267674792586769,
      0.9301498358770018,
      1.0016507579563585,
      1.1127896229483714,
      1.1147196050899206,
      0.9815358728062888,
      0.7915816997213121,
      1.0430632276099374,
      1.0430632276099374
    ],
    [
      0.8855636654790087,
      1.3086446266526905,
      1.0106347654418366,
      1.2744103814107524,
      1.3169896806380057,
      0.7934514824801774,
      1.152900626860926,
      0.8275216722910697,
      1.2758608816170296,
      0.9206114540253159,
      0.88839026742341,
      1.1866576179152473,
      1.0064916735799543,
      0.0,
      1.3410795530175625,
      0.8337896542725074,
      1.5956972959675955,
      1.0679299601668908,
      0.7685687265459801,
      1.1332433560695203,
      1.3175463208867226,
      0.6715651601394538,
      1.0430632276099374,
      1.3546289759220407,
      1.3546289759220407
    ],
    [
      0.88839026742341,
      1.1866576179152473,
      1.0064916735799543,
      1.2821896181379533,
      1.0472376119798694,
      1.3268459811420261,
      1.2703088530351812,
      1.0908154886872095,
      1.0649417162240515,
      1.1958529655307615,
      1.0741431487313118,
      0.8041746556447378,
      1.1934181569586957,
      1.3410795530175625,
      0.0,
      0.7886716186022155,
      1.1621026034227997,
      1.0233160773186474,
      0.8088817089196451,
      1.2434251158735155,
      1.199211104370981,
      0.7915816997213121,
      1.3546289759220407,
      0.7112289596477221,
      0.7112289596477221
    ],
    [
      1.1958529655307615,
      1.0741431487313118,
      0.8041746556447378,
      1.1934181569586957,
      1.3410795530175625,
      1.1669916384263248,
      1.058738064230925,
      1.328942534536135,
      0.7273128230048439,
      0.9835522550698075,
      1.218711961715082,
      0.8903432613688665,
      1.231754311177734,
      0.8337896542725074,
      0.7886716186022155,
      0.0,
      0.9707900675495641,
      0.875027145404998,
      1.0286562399793562,
      1.1293955406133152,
      0.9815358728062888,
      1.0430632276099374,
      0.7112289596477221,
      0.809485709540014,
      0.809485709540014
    ],
    [
      0.7273128230048439,
      0.9835522550698075,
      1.218711961715082,
      0.8903432613688665,
      1.231754311177734,
      0.8337896542725074,
      0.7886716186022155,
      1.6273363985484506,
      1.5473669604979796,
      1.056582458874417,
      1.2764019899395285,
      0.8884146090763583,
      0.7267674792586769,
      1.5956972959675955,
      1.1621026034227997,
      0.9707900675495641,
      0.0,
      0.9480170809482921,
      1.2122708853885893,
      1.1147196050899206,
      0.6715651601394538,
      1.3546289759220407,
      0.809485709540014,
      0.790158853000637,
      0.790158853000637
    ],
    [
      1.6273363985484506,
      1.5473669604979796,
      1.056582458874417,
      1.2764019899395285,
      0.8884146090763583,
      0.7267674792586769,
      1.5956972959675955,
      1.1621026034227997,
      0.9707900675495641,
      1.1514302953288347,
      0.6887576073776112,
      0.6312089332986899,
      0.9301498358770018,
      1.0679299601668908,
      1.0233160773186474,
      0.875027145404998,
      0.9480170809482921,
      0.0,
      1.1127896229483714,
      1.3175463208867226,
      0.7915816997213121,
      0.7112289596477221,
      0.790158853000637,
      1.123699417986131,
      1.123699417986131
    ],
    [
      1.5956972959675955,
      1.1621026034227997,
      0.9707900675495641,
      1.1514302953288347,
      0.6887576073776112,
      0.6312089332986899,
      0.9301498358770018,
      1.0679299601668908,
      1.0233160773186474,
      0.875027145404998,
      0.9480170809482921,
      0.9716430671722146,
      1.0016507579563585,
      0.7685687265459801,
      0.8088817089196451,
      1.0286562399793562,
      1.2122708853885893,
      1.1127896229483714,
      0.0,
      1.199211104370981,
      1.0430632276099374,
      0.809485709540014,
      1.123699417986131,
      0.634280569665353,
      0.634280569665353
    ],
    [
      0.6312089332986899,
      0.9301498358770018,
      1.0679299601668908,
      1.0233160773186474,
      0.875027145404998,
      0.9480170809482921,
      0.9716430671722146,
      1.0016507579563585,
      0.7685687265459801,
      0.8088817089196451,
      1.0286562399793562,
      1.2122708853885893,
      1.1127896229483714,
      1.1332433560695203,
      1.2434251158735155,
      1.1293955406133152,
      1.1147196050899206,
      1.3175463208867226,
      1.199211104370981,
      0.0,
      1.3546289759220407,
      0.790158853000637,
      0.634280569665353,
      1.0362716900293445,
      1.0362716900293445
    ],
    [
      0.875027145404998,
      0.9480170809482921,
      0.9716430671722146,
      1.0016507579563585,
      0.7685687265459801,
      0.8088817089196451,
      1.0286562399793562,
      1.2122708853885893,
      1.1127896229483714,
      1.1332433560695203,
      1.2434251158735155,
      1.1293955406133152,
      1.1147196050899206,
      1.3175463208867226,
      1.199211104370981,
      0.9815358728062888,
      0.6715651601394538,
      0.7915816997213121,
      1.0430632276099374,
      1.3546289759220407,
      0.0,
      1.123699417986131,
      1.0362716900293445,
      1.1198024886580802,
      1.1198024886580802
    ],
    [
      1.0016507579563585,
      0.7685687265459801,
      0.8088817089196451,
      1.0286562399793562,
      1.2122708853885893,
      1.1127896229483714,
      1.1332433560695203,
      1.2434251158735155,
      1.1293955406133152,
      1.1147196050899206,
      1.3175463208867226,
      1.199211104370981,
      0.9815358728062888,
      0.6715651601394538,
      0.7915816997213121,
      1.0430632276099374,
      1.3546289759220407,
      0.7112289596477221,
      0.809485709540014,
      0.790158853000637,
      1.123699417986131,
      0.0,
      1.1198024886580802,
      1.1172849541411272,
      1.1172849541411272
    ],
    [
      0.8088817089196451,
      1.0286562399793562,
      1.2122708853885893,
      1.1127896229483714,
      1.1332433560695203,
      1.2434251158735155,
      1.1293955406133152,
      1.1147196050899206,
      1.3175463208867226,
      1.199211104370981,
      0.9815358728062888,
      0.6715651601394538,
      0.7915816997213121,
      1.0430632276099374,
      1.3546289759220407,
      0.7112289596477221,
      0.809485709540014,
      0.790158853000637,
      1.123699417986131,
      0.634280569665353,
      1.0362716900293445,
      1.1198024886580802,
      0.0,
      0.8747510450027695,
      0.8747510450027695
    ],
    [
      1.0286562399793562,
      1.2122708853885893,
      1.1127896229483714,
      1.1332433560695203,
      1.2434251158735155,
      1.1293955406133152,
      1.1147196050899206,
      1.3175463208867226,
      1.199211104370981,
      0.9815358728062888,
      0.6715651601394538,
      0.7915816997213121,
      1.0430632276099374,
      1.3546289759220407,
      0.7112289596477221,
      0.809485709540014,
      0.790158853000637,
      1.123699417986131,
      0.634280569665353,
      1.0362716900293445,
      1.1198024886580802,
      1.1172849541411272,
      0.8747510450027695,
      0.0,
      1.1854357675508744
    ],
    [
      1.0286562399793562,
      1.2122708853885893,
      1.1127896229483714,
      1.1332433560695203,
      1.2434251158735155,
      1.1293955406133152,
      1.1147196050899206,
      1.3175463208867226,
      1.199211104370981,
      0.9815358728062888,
      0.6715651601394538,
      0.7915816997213121,
      1.0430632276099374,
      1.3546289759220407,
      0.7112289596477221,
      0.809485709540014,
      0.790158853000637,
      1.123699417986131,
      0.634280569665353,
      1.0362716900293445,
      1.1198024886580802,
      1.1172849541411272,
      0.8747510450027695,
      1.1854357675508744,
      0.0
    ]
  ]
}