{
  "servicechain": {
    "SC1": {
      "resptime": 37.412509024103464,
      "resptime_old": 27.412509024103464,
      "waittime": 24.107051209193866,
      "servicetime": 10.0,
      "networktime": 3.3054578149095977,
      "services": {
        "MS1_1": {
          "meanserv": 1.8090529282388301,
          "stddevserv": 1.8090529282388301,
          "rate": 0.552775424306425,
          "cv": 1.0,
          "lambda": 0.125
        },
        "MS1_2": {
          "meanserv": 0.5116932542867847,
          "stddevserv": 0.5116932542867847,
          "rate": 1.9542958435006803,
          "cv": 1.0,
          "lambda": 0.125
        },
        "MS1_3": {
          "meanserv": 6.031112485146269,
          "stddevserv": 6.031112485146269,
          "rate": 0.16580688927007262,
          "cv": 1.0,
          "lambda": 0.125
        },
        "MS1_4": {
          "meanserv": 0.528963056224951,
          "stddevserv": 0.528963056224951,
          "rate": 1.8904911944828375,
          "cv": 1.0,
          "lambda": 0.125
        },
        "MS1_5": {
          "meanserv": 1.119178276103165,
          "stddevserv": 1.119178276103165,
          "rate": 0.8935126970851074,
          "cv": 1.0,
          "lambda": 0.125
        }
      },
      "sensors": [
        "S1"
      ],
      "sources": [
        {
          "startTime": 0,
          "stopTime": -1,
          "lambda": 0.125
        }
      ]
    },
    "SC2": {
      "resptime": 34.735724378214826,
      "resptime_old": 24.735724378214826,
      "waittime": 20.89913540165477,
      "servicetime": 10.0,
      "networktime": 3.8365889765600567,
      "services": {
        "MS2_1": {
          "meanserv": 2.8926480920366924,
          "stddevserv": 2.8926480920366924,
          "rate": 0.34570399446546823,
          "cv": 1.0,
          "lambda": 0.125
        },
        "MS2_2": {
          "meanserv": 0.5075787842234849,
          "stddevserv": 0.5075787842234849,
          "rate": 1.970137505904313,
          "cv": 1.0,
          "lambda": 0.125
        },
        "MS2_3": {
          "meanserv": 0.037653055651239775,
          "stddevserv": 0.037653055651239775,
          "rate": 26.558269513700775,
          "cv": 1.0,
          "lambda": 0.125
        },
        "MS2_4": {
          "meanserv": 0.7933788560637405,
          "stddevserv": 0.7933788560637405,
          "rate": 1.260431876091817,
          "cv": 1.0,
          "lambda": 0.125
        },
        "MS2_5": {
          "meanserv": 5.7687412120248425,
          "stddevserv": 5.7687412120248425,
          "rate": 0.17334804305582596,
          "cv": 1.0,
          "lambda": 0.125
        }
      },
      "sensors": [
        "S2"
      ],
      "sources": [
        {
          "startTime": 0,
          "stopTime": -1,
          "lambda": 0.125
        }
      ]
    },
    "SC3": {
      "resptime": 24.332243231403325,
      "resptime_old": 14.332243231403327,
      "waittime": 10.98136346763889,
      "servicetime": 10.0,
      "networktime": 3.350879763764436,
      "services": {
        "MS3_1": {
          "meanserv": 1.9574807043927012,
          "stddevserv": 1.9574807043927012,
          "rate": 0.510860718961848,
          "cv": 1.0,
          "lambda": 0.125
        },
        "MS3_2": {
          "meanserv": 0.13787770532119326,
          "stddevserv": 0.13787770532119326,
          "rate": 7.25280419825996,
          "cv": 1.0,
          "lambda": 0.125
        },
        "MS3_3": {
          "meanserv": 0.4747400750535835,
          "stddevserv": 0.4747400750535835,
          "rate": 2.106415810561455,
          "cv": 1.0,
          "lambda": 0.125
        },
        "MS3_4": {
          "meanserv": 3.9509192255940087,
          "stddevserv": 3.9509192255940087,
          "rate": 0.2531056553933099,
          "cv": 1.0,
          "lambda": 0.125
        },
        "MS3_5": {
          "meanserv": 3.4789822896385134,
          "stddevserv": 3.4789822896385134,
          "rate": 0.28744038248723186,
          "cv": 1.0,
          "lambda": 0.125
        }
      },
      "sensors": [
        "S3"
      ],
      "sources": [
        {
          "startTime": 0,
          "stopTime": -1,
          "lambda": 0.125
        }
      ]
    },
    "SC4": {
      "resptime": 24.160924454498378,
      "resptime_old": 14.160924454498376,
      "waittime": 9.152146352960187,
      "servicetime": 10.0,
      "networktime": 5.008778101538191,
      "services": {
        "MS4_1": {
          "meanserv": 2.735064840513987,
          "stddevserv": 2.735064840513987,
          "rate": 0.3656220449282201,
          "cv": 1.0,
          "lambda": 0.125
        },
        "MS4_2": {
          "meanserv": 2.323057225230297,
          "stddevserv": 2.323057225230297,
          "rate": 0.43046722617901273,
          "cv": 1.0,
          "lambda": 0.125
        },
        "MS4_3": {
          "meanserv": 1.4503540957804706,
          "stddevserv": 1.4503540957804706,
          "rate": 0.6894867969893075,
          "cv": 1.0,
          "lambda": 0.125
        },
        "MS4_4": {
          "meanserv": 3.336623134692619,
          "stddevserv": 3.336623134692619,
          "rate": 0.29970420980496,
          "cv": 1.0,
          "lambda": 0.125
        },
        "MS4_5": {
          "meanserv": 0.15490070378262644,
          "stddevserv": 0.15490070378262644,
          "rate": 6.455748589775997,
          "cv": 1.0,
          "lambda": 0.125
        }
      },
      "sensors": [
        "S4"
      ],
      "sources": [
        {
          "startTime": 0,
          "stopTime": -1,
          "lambda": 0.125
        }
      ]
    }
  },
  "microservice": {
    "MS1_1": "F8",
    "MS1_2": "F8",
    "MS1_3": "F5",
    "MS1_4": "F10",
    "MS1_5": "F10",
    "MS2_1": "F1",
    "MS2_2": "F7",
    "MS2_3": "F7",
    "MS2_4": "F7",
    "MS2_5": "F2",
    "MS3_1": "F10",
    "MS3_2": "F10",
    "MS3_3": "F10",
    "MS3_4": "F3",
    "MS3_5": "F9",
    "MS4_1": "F4",
    "MS4_2": "F7",
    "MS4_3": "F8",
    "MS4_4": "F6",
    "MS4_5": "F6"
  },
  "sensor": {
    "S1": "F8",
    "S2": "F1",
    "S3": "F10",
    "S4": "F4"
  },
  "fog": {
    "F1": {
      "rho": 0.36158101150458655,
      "capacity": 1.0,
      "tserv": 2.8926480920366924,
      "stddev": 2.8926480920366924,
      "mu": 0.34570399446546823,
      "cv": 1.0,
      "lambda": 0.125,
      "twait": 1.638307509478086
    },
    "F2": {
      "rho": 0.7210926515031053,
      "capacity": 1.0,
      "tserv": 5.7687412120248425,
      "stddev": 5.7687412120248425,
      "mu": 0.17334804305582596,
      "cv": 1.0,
      "lambda": 0.125,
      "twait": 14.914619205382987
    },
    "F3": {
      "rho": 0.493864903199251,
      "capacity": 1.0,
      "tserv": 3.9509192255940087,
      "stddev": 3.9509192255940087,
      "mu": 0.2531056553933099,
      "cv": 1.0,
      "lambda": 0.125,
      "twait": 3.855137399539366
    },
    "F4": {
      "rho": 0.34188310506424835,
      "capacity": 1.0,
      "tserv": 2.735064840513987,
      "stddev": 2.735064840513987,
      "mu": 0.3656220449282201,
      "cv": 1.0,
      "lambda": 0.125,
      "twait": 1.4208303531217823
    },
    "F5": {
      "rho": 0.7538890606432836,
      "capacity": 1.0,
      "tserv": 6.031112485146269,
      "stddev": 6.031112485146269,
      "mu": 0.16580688927007262,
      "cv": 1.0,
      "lambda": 0.125,
      "twait": 18.474553540550772
    },
    "F6": {
      "rho": 0.4364404798094057,
      "capacity": 1.0,
      "tserv": 1.7457619192376228,
      "stddev": 2.847694416951742,
      "mu": 0.5728157940555272,
      "cv": 1.6312043386737036,
      "lambda": 0.25,
      "twait": 2.474682746736553
    },
    "F7": {
      "rho": 0.45770849014609527,
      "capacity": 1.0,
      "tserv": 0.9154169802921905,
      "stddev": 1.51807812053972,
      "mu": 1.0923983512746416,
      "cv": 1.6583460359836968,
      "lambda": 0.5,
      "twait": 1.4487362289312327
    },
    "F8": {
      "rho": 0.4713875347882607,
      "capacity": 1.0,
      "tserv": 1.2570334261020284,
      "stddev": 1.4759923069565926,
      "mu": 0.7955237937474178,
      "cv": 1.1741869995721117,
      "lambda": 0.375,
      "twait": 1.3332142774340654
    },
    "F9": {
      "rho": 0.4348727862048142,
      "capacity": 1.0,
      "tserv": 3.4789822896385134,
      "stddev": 3.4789822896385134,
      "mu": 0.28744038248723186,
      "cv": 1.0,
      "lambda": 0.125,
      "twait": 2.6771223974370786
    },
    "F10": {
      "rho": 0.5272799771369492,
      "capacity": 1.0,
      "tserv": 0.8436479634191187,
      "stddev": 1.2375986945137414,
      "mu": 1.1853285296241587,
      "cv": 1.4669610408327514,
      "lambda": 0.625,
      "twait": 1.4830345568874819
    }
  },
  "extra": {
    "deltatime": 0.5690901,
    "conv": 30,
    "obj_func": 30.160350272055
  },
  "network": [
    [
      0.0,
      1.5974102267344574,
      1.9648515332353218,
      2.5981958445927886,
      2.3884015747215996,
      1.887423185185673,
      1.8644197136523355,
      2.18382369202091,
      1.5413427208614356,
      1.5413427208614356
    ],
    [
      1.5974102267344574,
      0.0,
      2.2809067800997327,
      2.10555001001568,
      1.9058085516461565,
      2.286918180956263,
      1.9721692629077212,
      1.5413427208614356,
      1.9896619640322466,
      1.9896619640322466
    ],
    [
      1.9648515332353218,
      2.2809067800997327,
      0.0,
      2.494658055041564,
      1.4825782863512165,
      2.02737122429095,
      2.18382369202091,
      1.9896619640322466,
      1.675439881882218,
      1.675439881882218
    ],
    [
      2.5981958445927886,
      2.10555001001568,
      2.494658055041564,
      0.0,
      2.1916262287797514,
      1.8644197136523355,
      1.5413427208614356,
      1.675439881882218,
      1.6599893412476228,
      1.6599893412476228
    ],
    [
      2.3884015747215996,
      1.9058085516461565,
      1.4825782863512165,
      2.1916262287797514,
      0.0,
      1.9721692629077212,
      1.9896619640322466,
      1.6599893412476228,
      1.645468473661975,
      1.645468473661975
    ],
    [
      1.887423185185673,
      2.286918180956263,
      2.02737122429095,
      1.8644197136523355,
      1.9721692629077212,
      0.0,
      1.675439881882218,
      1.645468473661975,
      1.82196690701478,
      1.82196690701478
    ],
    [
      1.8644197136523355,
      1.9721692629077212,
      2.18382369202091,
      1.5413427208614356,
      1.9896619640322466,
      1.675439881882218,
      0.0,
      1.82196690701478,
      2.3213961718272182,
      2.3213961718272182
    ],
    [
      2.18382369202091,
      1.5413427208614356,
      1.9896619640322466,
      1.675439881882218,
      1.6599893412476228,
      1.645468473661975,
      1.82196690701478,
      0.0,
      2.38539885368752,
      2.38539885368752
    ],
    [
      1.5413427208614356,
      1.9896619640322466,
      1.675439881882218,
      1.6599893412476228,
      1.645468473661975,
      1.82196690701478,
      2.3213961718272182,
      2.38539885368752,
      0.0,
      2.0606892300191704
    ],
    [
      1.5413427208614356,
      1.9896619640322466,
      1.675439881882218,
      1.6599893412476228,
      1.645468473661975,
      1.82196690701478,
      2.3213961718272182,
      2.38539885368752,
      2.0606892300191704,
      0.0
    ]
  ]
}