{
  "servicechain": {
    "SC1": {
      "resptime": 30.42824447855379,
      "resptime_old": 20.42824447855379,
      "waittime": 16.670739526423215,
      "servicetime": 10.0,
      "networktime": 3.7575049521305735,
      "services": {
        "MS1_1": {
          "meanserv": 0.26137607414205455,
          "stddevserv": 0.26137607414205455,
          "rate": 3.8259048892765635,
          "cv": 1.0,
          "lambda": 0.15
        },
        "MS1_2": {
          "meanserv": 0.17959368383028473,
          "stddevserv": 0.17959368383028473,
          "rate": 5.568124550220796,
          "cv": 1.0,
          "lambda": 0.15
        },
        "MS1_3": {
          "meanserv": 2.978593549257381,
          "stddevserv": 2.978593549257381,
          "rate": 0.33572892154061057,
          "cv": 1.0,
          "lambda": 0.15
        },
        "MS1_4": {
          "meanserv": 2.141148229369192,
          "stddevserv": 2.141148229369192,
          "rate": 0.4670391270830474,
          "cv": 1.0,
          "lambda": 0.15
        },
        "MS1_5": {
          "meanserv": 0.9858879172779824,
          "stddevserv": 0.9858879172779824,
          "rate": 1.01431408426323,
          "cv": 1.0,
          "lambda": 0.15
        },
        "MS1_6": {
          "meanserv": 0.36793460590620697,
          "stddevserv": 0.36793460590620697,
          "rate": 2.7178742742532833,
          "cv": 1.0,
          "lambda": 0.15
        },
        "MS1_7": {
          "meanserv": 2.150451902804961,
          "stddevserv": 2.150451902804961,
          "rate": 0.4650185380550205,
          "cv": 1.0,
          "lambda": 0.15
        },
        "MS1_8": {
          "meanserv": 0.9350140374119373,
          "stddevserv": 0.9350140374119373,
          "rate": 1.0695026598402093,
          "cv": 1.0,
          "lambda": 0.15
        }
      },
      "sensors": [
        "S1"
      ],
      "sources": [
        {
          "startTime": 0,
          "stopTime": -1,
          "lambda": 0.15
        }
      ]
    },
    "SC2": {
      "resptime": 37.037996144930645,
      "resptime_old": 27.037996144930638,
      "waittime": 21.306458221772306,
      "servicetime": 10.0,
      "networktime": 5.731537923158338,
      "services": {
        "MS2_1": {
          "meanserv": 0.41426976559110984,
          "stddevserv": 0.41426976559110984,
          "rate": 2.4138860304544028,
          "cv": 1.0,
          "lambda": 0.15
        },
        "MS2_2": {
          "meanserv": 3.8676749313920826,
          "stddevserv": 3.8676749313920826,
          "rate": 0.258553269790973,
          "cv": 1.0,
          "lambda": 0.15
        },
        "MS2_3": {
          "meanserv": 1.0522930592307018,
          "stddevserv": 1.0522930592307018,
          "rate": 0.9503056123273002,
          "cv": 1.0,
          "lambda": 0.15
        },
        "MS2_4": {
          "meanserv": 0.2842281310742516,
          "stddevserv": 0.2842281310742516,
          "rate": 3.5183005855910885,
          "cv": 1.0,
          "lambda": 0.15
        },
        "MS2_5": {
          "meanserv": 0.4931196205934665,
          "stddevserv": 0.4931196205934665,
          "rate": 2.027905518739056,
          "cv": 1.0,
          "lambda": 0.15
        },
        "MS2_6": {
          "meanserv": 0.567375705266091,
          "stddevserv": 0.567375705266091,
          "rate": 1.7625005630634367,
          "cv": 1.0,
          "lambda": 0.15
        },
        "MS2_7": {
          "meanserv": 3.1565845723002237,
          "stddevserv": 3.1565845723002237,
          "rate": 0.31679810158588384,
          "cv": 1.0,
          "lambda": 0.15
        },
        "MS2_8": {
          "meanserv": 0.1644542145520731,
          "stddevserv": 0.1644542145520731,
          "rate": 6.08071980838994,
          "cv": 1.0,
          "lambda": 0.15
        }
      },
      "sensors": [
        "S2"
      ],
      "sources": [
        {
          "startTime": 0,
          "stopTime": -1,
          "lambda": 0.15
        }
      ]
    },
    "SC3": {
      "resptime": 158.84869672882064,
      "resptime_old": 148.84869672882064,
      "waittime": 143.87479286744096,
      "servicetime": 10.0,
      "networktime": 4.973903861379672,
      "services": {
        "MS3_1": {
          "meanserv": 1.1814025816034313,
          "stddevserv": 1.1814025816034313,
          "rate": 0.8464515107481594,
          "cv": 1.0,
          "lambda": 0.15
        },
        "MS3_2": {
          "meanserv": 0.02835463943535066,
          "stddevserv": 0.02835463943535066,
          "rate": 35.26759711686784,
          "cv": 1.0,
          "lambda": 0.15
        },
        "MS3_3": {
          "meanserv": 1.147024755797976,
          "stddevserv": 1.147024755797976,
          "rate": 0.8718207649357209,
          "cv": 1.0,
          "lambda": 0.15
        },
        "MS3_4": {
          "meanserv": 0.5447213043162771,
          "stddevserv": 0.5447213043162771,
          "rate": 1.835801155703244,
          "cv": 1.0,
          "lambda": 0.15
        },
        "MS3_5": {
          "meanserv": 0.2887448446981744,
          "stddevserv": 0.2887448446981744,
          "rate": 3.4632652958542067,
          "cv": 1.0,
          "lambda": 0.15
        },
        "MS3_6": {
          "meanserv": 0.28283736675833415,
          "stddevserv": 0.28283736675833415,
          "rate": 3.535600728649245,
          "cv": 1.0,
          "lambda": 0.15
        },
        "MS3_7": {
          "meanserv": 6.354152335775595,
          "stddevserv": 6.354152335775595,
          "rate": 0.1573774041219833,
          "cv": 1.0,
          "lambda": 0.15
        },
        "MS3_8": {
          "meanserv": 0.17276217161486151,
          "stddevserv": 0.17276217161486151,
          "rate": 5.788304179396973,
          "cv": 1.0,
          "lambda": 0.15
        }
      },
      "sensors": [
        "S3"
      ],
      "sources": [
        {
          "startTime": 0,
          "stopTime": -1,
          "lambda": 0.15
        }
      ]
    },
    "SC4": {
      "resptime": 31.35753562433635,
      "resptime_old": 21.357535624336354,
      "waittime": 16.479276049910073,
      "servicetime": 10.0,
      "networktime": 4.878259574426279,
      "services": {
        "MS4_1": {
          "meanserv": 0.2958273986393145,
          "stddevserv": 0.2958273986393145,
          "rate": 3.3803495031210513,
          "cv": 1.0,
          "lambda": 0.15
        },
        "MS4_2": {
          "meanserv": 1.7716190904623152,
          "stddevserv": 1.7716190904623152,
          "rate": 0.5644554212491827,
          "cv": 1.0,
          "lambda": 0.15
        },
        "MS4_3": {
          "meanserv": 1.7056530126631153,
          "stddevserv": 1.7056530126631153,
          "rate": 0.5862857173034588,
          "cv": 1.0,
          "lambda": 0.15
        },
        "MS4_4": {
          "meanserv": 2.0046743315478355,
          "stddevserv": 2.0046743315478355,
          "rate": 0.49883414191665076,
          "cv": 1.0,
          "lambda": 0.15
        },
        "MS4_5": {
          "meanserv": 2.4300897321093347,
          "stddevserv": 2.4300897321093347,
          "rate": 0.41150743809447443,
          "cv": 1.0,
          "lambda": 0.15
        },
        "MS4_6": {
          "meanserv": 0.26082298490344336,
          "stddevserv": 0.26082298490344336,
          "rate": 3.834017927408506,
          "cv": 1.0,
          "lambda": 0.15
        },
        "MS4_7": {
          "meanserv": 0.8159005985823704,
          "stddevserv": 0.8159005985823704,
          "rate": 1.2256394979210739,
          "cv": 1.0,
          "lambda": 0.15
        },
        "MS4_8": {
          "meanserv": 0.715412851092271,
          "stddevserv": 0.715412851092271,
          "rate": 1.3977942924469833,
          "cv": 1.0,
          "lambda": 0.15
        }
      },
      "sensors": [
        "S4"
      ],
      "sources": [
        {
          "startTime": 0,
          "stopTime": -1,
          "lambda": 0.15
        }
      ]
    }
  },
  "microservice": {
    "MS1_1": "F10",
    "MS1_2": "F10",
    "MS1_3": "F4",
    "MS1_4": "F7",
    "MS1_5": "F7",
    "MS1_6": "F7",
    "MS1_7": "F6",
    "MS1_8": "F6",
    "MS2_1": "F9",
    "MS2_2": "F2",
    "MS2_3": "F9",
    "MS2_4": "F9",
    "MS2_5": "F6",
    "MS2_6": "F8",
    "MS2_7": "F3",
    "MS2_8": "F3",
    "MS3_1": "F10",
    "MS3_2": "F10",
    "MS3_3": "F8",
    "MS3_4": "F8",
    "MS3_5": "F7",
    "MS3_6": "F7",
    "MS3_7": "F1",
    "MS3_8": "F9",
    "MS4_1": "F8",
    "MS4_2": "F8",
    "MS4_3": "F10",
    "MS4_4": "F9",
    "MS4_5": "F5",
    "MS4_6": "F5",
    "MS4_7": "F5",
    "MS4_8": "F10"
  },
  "sensor": {
    "S1": "F10",
    "S2": "F9",
    "S3": "F10",
    "S4": "F8"
  },
  "fog": {
    "F1": {
      "rho": 0.9531228503663393,
      "capacity": 1.0,
      "tserv": 6.354152335775595,
      "stddev": 6.354152335775595,
      "mu": 0.1573774041219833,
      "cv": 1.0,
      "lambda": 0.15,
      "twait": 129.19488137110562
    },
    "F2": {
      "rho": 0.5801512397088123,
      "capacity": 1.0,
      "tserv": 3.867674931392082,
      "stddev": 3.8676749313920835,
      "mu": 0.258553269790973,
      "cv": 1.0000000000000004,
      "lambda": 0.15,
      "twait": 5.344392120347318
    },
    "F3": {
      "rho": 0.4981558180278445,
      "capacity": 1.0,
      "tserv": 1.6605193934261484,
      "stddev": 2.6895625471112177,
      "mu": 0.602221211001156,
      "cv": 1.619711614184671,
      "lambda": 0.3,
      "twait": 2.9863068188330826
    },
    "F4": {
      "rho": 0.4467890323886071,
      "capacity": 1.0,
      "tserv": 2.978593549257381,
      "stddev": 2.978593549257381,
      "mu": 0.33572892154061057,
      "cv": 1.0,
      "lambda": 0.15,
      "twait": 2.4055975164369565
    },
    "F5": {
      "rho": 0.5260219973392722,
      "capacity": 1.0,
      "tserv": 1.1689377718650495,
      "stddev": 1.7491779498924613,
      "mu": 0.8554775318830634,
      "cv": 1.4963824353982795,
      "lambda": 0.44999999999999996,
      "twait": 2.1010653928204928
    },
    "F6": {
      "rho": 0.5367878341215546,
      "capacity": 1.0,
      "tserv": 1.192861853603455,
      "stddev": 1.5508024791433388,
      "mu": 0.8383200426597192,
      "cv": 1.300068800472242,
      "lambda": 0.44999999999999996,
      "twait": 1.8593623029395518
    },
    "F7": {
      "rho": 0.6099829446014836,
      "capacity": 1.0,
      "tserv": 0.813310592801978,
      "stddev": 1.2963875748021807,
      "mu": 1.2295425743255706,
      "cv": 1.5939637160459565,
      "lambda": 0.75,
      "twait": 2.2519158124433662
    },
    "F8": {
      "rho": 0.6489852381722961,
      "capacity": 1.0,
      "tserv": 0.8653136508963949,
      "stddev": 1.1469143030100777,
      "mu": 1.1556503228211885,
      "cv": 1.3254318845218347,
      "lambda": 0.75,
      "twait": 2.2052279106390684
    },
    "F9": {
      "rho": 0.5892341188588139,
      "capacity": 1.0,
      "tserv": 0.785645491811752,
      "stddev": 1.2434137844144246,
      "mu": 1.272838717236106,
      "cv": 1.5826652063477482,
      "lambda": 0.75,
      "twait": 1.9749540833934016
    },
    "F10": {
      "rho": 0.610768926414976,
      "capacity": 1.0,
      "tserv": 0.6786321404610846,
      "stddev": 1.0857455794240747,
      "mu": 1.4735523715699168,
      "cv": 1.5999029734818986,
      "lambda": 0.9,
      "twait": 1.895334983388529
    }
  },
  "extra": {
    "deltatime": 0.0299654,
    "obj_func": 64.41811824416035
  },
  "network": [
    [
      0.0,
      1.41376093834752,
      1.1961503579910309,
      0.9237022182841583,
      1.1541527478054696,
      1.2902640889868642,
      1.3124734781017884,
      1.1959044327861004,
      1.0374841056945538,
      1.0374841056945538
    ],
    [
      1.41376093834752,
      0.0,
      1.0414897407249448,
      1.4707070819431056,
      1.2474332992404662,
      1.0010881525012396,
      1.3514366951478638,
      1.0374841056945538,
      1.1786933318769364,
      1.1786933318769364
    ],
    [
      1.1961503579910309,
      1.0414897407249448,
      0.0,
      0.902144500574777,
      1.5365185773486267,
      1.7268187682109095,
      1.1959044327861004,
      1.1786933318769364,
      1.2367900835718193,
      1.2367900835718193
    ],
    [
      0.9237022182841583,
      1.4707070819431056,
      0.902144500574777,
      0.0,
      0.778782819187867,
      1.3124734781017884,
      1.0374841056945538,
      1.2367900835718193,
      1.4832307628642003,
      1.4832307628642003
    ],
    [
      1.1541527478054696,
      1.2474332992404662,
      1.5365185773486267,
      0.778782819187867,
      0.0,
      1.3514366951478638,
      1.1786933318769364,
      1.4832307628642003,
      1.122870108479366,
      1.122870108479366
    ],
    [
      1.2902640889868642,
      1.0010881525012396,
      1.7268187682109095,
      1.3124734781017884,
      1.3514366951478638,
      0.0,
      1.2367900835718193,
      1.122870108479366,
      1.0725878190481628,
      1.0725878190481628
    ],
    [
      1.3124734781017884,
      1.3514366951478638,
      1.1959044327861004,
      1.0374841056945538,
      1.1786933318769364,
      1.2367900835718193,
      0.0,
      1.0725878190481628,
      1.4371229817845876,
      1.4371229817845876
    ],
    [
      1.1959044327861004,
      1.0374841056945538,
      1.1786933318769364,
      1.2367900835718193,
      1.4832307628642003,
      1.122870108479366,
      1.0725878190481628,
      0.0,
      1.551358458535168,
      1.551358458535168
    ],
    [
      1.0374841056945538,
      1.1786933318769364,
      1.2367900835718193,
      1.4832307628642003,
      1.122870108479366,
      1.0725878190481628,
      1.4371229817845876,
      1.551358458535168,
      0.0,
      1.0811608989323789
    ],
    [
      1.0374841056945538,
      1.1786933318769364,
      1.2367900835718193,
      1.4832307628642003,
      1.122870108479366,
      1.0725878190481628,
      1.4371229817845876,
      1.551358458535168,
      1.0811608989323789,
      0.0
    ]
  ]
}