{
  "servicechain": {
    "SC1": {
      "resptime": 28.35451824883282,
      "resptime_old": 18.35451824883282,
      "waittime": 14.47321346507656,
      "servicetime": 10.0,
      "networktime": 3.8813047837562613,
      "services": {
        "MS1_1": {
          "meanserv": 2.248211197878488,
          "stddevserv": 2.248211197878488,
          "rate": 0.44479806921326803,
          "cv": 1.0,
          "lambda": 0.225
        },
        "MS1_2": {
          "meanserv": 1.5593186560571257,
          "stddevserv": 1.5593186560571257,
          "rate": 0.6413057370381163,
          "cv": 1.0,
          "lambda": 0.225
        },
        "MS1_3": {
          "meanserv": 0.5665789738534746,
          "stddevserv": 0.5665789738534746,
          "rate": 1.7649790164267802,
          "cv": 1.0,
          "lambda": 0.225
        },
        "MS1_4": {
          "meanserv": 2.2506047056696605,
          "stddevserv": 2.2506047056696605,
          "rate": 0.44432502850492933,
          "cv": 1.0,
          "lambda": 0.225
        },
        "MS1_5": {
          "meanserv": 0.8252817048629773,
          "stddevserv": 0.8252817048629773,
          "rate": 1.211707461958134,
          "cv": 1.0,
          "lambda": 0.225
        },
        "MS1_6": {
          "meanserv": 0.3211965124830094,
          "stddevserv": 0.3211965124830094,
          "rate": 3.1133588352796884,
          "cv": 1.0,
          "lambda": 0.225
        },
        "MS1_7": {
          "meanserv": 1.0653307031589208,
          "stddevserv": 1.0653307031589208,
          "rate": 0.9386756591495936,
          "cv": 1.0,
          "lambda": 0.225
        },
        "MS1_8": {
          "meanserv": 0.81682573631306,
          "stddevserv": 0.81682573631306,
          "rate": 1.2242513372726735,
          "cv": 1.0,
          "lambda": 0.225
        },
        "MS1_9": {
          "meanserv": 0.3281721729778635,
          "stddevserv": 0.3281721729778635,
          "rate": 3.04718096883691,
          "cv": 1.0,
          "lambda": 0.225
        },
        "MS1_10": {
          "meanserv": 0.01847963674542008,
          "stddevserv": 0.01847963674542008,
          "rate": 54.11361780408568,
          "cv": 1.0,
          "lambda": 0.225
        }
      },
      "sensors": [
        "S1"
      ],
      "sources": [
        {
          "startTime": 0,
          "stopTime": -1,
          "lambda": 0.225
        }
      ]
    },
    "SC2": {
      "resptime": 40.81626238623675,
      "resptime_old": 30.816262386236748,
      "waittime": 25.351993090578475,
      "servicetime": 10.0,
      "networktime": 5.464269295658275,
      "services": {
        "MS2_1": {
          "meanserv": 0.6373732259874365,
          "stddevserv": 0.6373732259874365,
          "rate": 1.568939452156579,
          "cv": 1.0,
          "lambda": 0.225
        },
        "MS2_2": {
          "meanserv": 0.39566922056243903,
          "stddevserv": 0.39566922056243903,
          "rate": 2.527363636166877,
          "cv": 1.0,
          "lambda": 0.225
        },
        "MS2_3": {
          "meanserv": 0.9331488771594565,
          "stddevserv": 0.9331488771594565,
          "rate": 1.0716403614437613,
          "cv": 1.0,
          "lambda": 0.225
        },
        "MS2_4": {
          "meanserv": 1.0561817785996106,
          "stddevserv": 1.0561817785996106,
          "rate": 0.9468067147739455,
          "cv": 1.0,
          "lambda": 0.225
        },
        "MS2_5": {
          "meanserv": 0.02903768967121545,
          "stddevserv": 0.02903768967121545,
          "rate": 34.43800148437024,
          "cv": 1.0,
          "lambda": 0.225
        },
        "MS2_6": {
          "meanserv": 1.053989995290927,
          "stddevserv": 1.053989995290927,
          "rate": 0.9487756093206325,
          "cv": 1.0,
          "lambda": 0.225
        },
        "MS2_7": {
          "meanserv": 3.4857837185238303,
          "stddevserv": 3.4857837185238303,
          "rate": 0.2868795314769222,
          "cv": 1.0,
          "lambda": 0.225
        },
        "MS2_8": {
          "meanserv": 0.0709533008895038,
          "stddevserv": 0.0709533008895038,
          "rate": 14.093776997877924,
          "cv": 1.0,
          "lambda": 0.225
        },
        "MS2_9": {
          "meanserv": 1.6849566692736806,
          "stddevserv": 1.6849566692736806,
          "rate": 0.5934870719441475,
          "cv": 1.0,
          "lambda": 0.225
        },
        "MS2_10": {
          "meanserv": 0.6529055240419002,
          "stddevserv": 0.6529055240419002,
          "rate": 1.53161516203656,
          "cv": 1.0,
          "lambda": 0.225
        }
      },
      "sensors": [
        "S2"
      ],
      "sources": [
        {
          "startTime": 0,
          "stopTime": -1,
          "lambda": 0.225
        }
      ]
    },
    "SC3": {
      "resptime": 31.366196658190287,
      "resptime_old": 21.36619665819029,
      "waittime": 16.82924502492179,
      "servicetime": 10.0,
      "networktime": 4.5369516332684965,
      "services": {
        "MS3_1": {
          "meanserv": 0.5847604206120616,
          "stddevserv": 0.5847604206120616,
          "rate": 1.710102060179299,
          "cv": 1.0,
          "lambda": 0.225
        },
        "MS3_2": {
          "meanserv": 1.008315547887556,
          "stddevserv": 1.008315547887556,
          "rate": 0.9917530301848689,
          "cv": 1.0,
          "lambda": 0.225
        },
        "MS3_3": {
          "meanserv": 0.5960094403584173,
          "stddevserv": 0.5960094403584173,
          "rate": 1.6778257730257398,
          "cv": 1.0,
          "lambda": 0.225
        },
        "MS3_4": {
          "meanserv": 1.3388938657928304,
          "stddevserv": 1.3388938657928304,
          "rate": 0.7468851904910676,
          "cv": 1.0,
          "lambda": 0.225
        },
        "MS3_5": {
          "meanserv": 0.039491893839015635,
          "stddevserv": 0.039491893839015635,
          "rate": 25.32165218706376,
          "cv": 1.0,
          "lambda": 0.225
        },
        "MS3_6": {
          "meanserv": 1.891218972796774,
          "stddevserv": 1.891218972796774,
          "rate": 0.5287595008214089,
          "cv": 1.0,
          "lambda": 0.225
        },
        "MS3_7": {
          "meanserv": 2.5813021679884924,
          "stddevserv": 2.5813021679884924,
          "rate": 0.38740137144783043,
          "cv": 1.0,
          "lambda": 0.225
        },
        "MS3_8": {
          "meanserv": 1.0205253673624384,
          "stddevserv": 1.0205253673624384,
          "rate": 0.9798874501125959,
          "cv": 1.0,
          "lambda": 0.225
        },
        "MS3_9": {
          "meanserv": 0.24253684233806894,
          "stddevserv": 0.24253684233806894,
          "rate": 4.123084931592014,
          "cv": 1.0,
          "lambda": 0.225
        },
        "MS3_10": {
          "meanserv": 0.6969454810243452,
          "stddevserv": 0.6969454810243452,
          "rate": 1.4348324614003327,
          "cv": 1.0,
          "lambda": 0.225
        }
      },
      "sensors": [
        "S3"
      ],
      "sources": [
        {
          "startTime": 0,
          "stopTime": -1,
          "lambda": 0.225
        }
      ]
    },
    "SC4": {
      "resptime": 36.3288786842197,
      "resptime_old": 26.3288786842197,
      "waittime": 21.37544054556297,
      "servicetime": 10.0,
      "networktime": 4.953438138656733,
      "services": {
        "MS4_1": {
          "meanserv": 1.3047805449065708,
          "stddevserv": 1.3047805449065708,
          "rate": 0.7664124085108928,
          "cv": 1.0,
          "lambda": 0.225
        },
        "MS4_2": {
          "meanserv": 0.46589272706300977,
          "stddevserv": 0.46589272706300977,
          "rate": 2.146416850728719,
          "cv": 1.0,
          "lambda": 0.225
        },
        "MS4_3": {
          "meanserv": 0.6768018685607058,
          "stddevserv": 0.6768018685607058,
          "rate": 1.4775372918615175,
          "cv": 1.0,
          "lambda": 0.225
        },
        "MS4_4": {
          "meanserv": 0.25653195938527906,
          "stddevserv": 0.25653195938527906,
          "rate": 3.898149775943217,
          "cv": 1.0,
          "lambda": 0.225
        },
        "MS4_5": {
          "meanserv": 0.7775415951263018,
          "stddevserv": 0.7775415951263018,
          "rate": 1.2861048286909496,
          "cv": 1.0,
          "lambda": 0.225
        },
        "MS4_6": {
          "meanserv": 0.5973397840087853,
          "stddevserv": 0.5973397840087853,
          "rate": 1.6740890641653505,
          "cv": 1.0,
          "lambda": 0.225
        },
        "MS4_7": {
          "meanserv": 0.17403164070658406,
          "stddevserv": 0.17403164070658406,
          "rate": 5.7460815512622325,
          "cv": 1.0,
          "lambda": 0.225
        },
        "MS4_8": {
          "meanserv": 3.396948107285139,
          "stddevserv": 3.396948107285139,
          "rate": 0.29438188880642213,
          "cv": 1.0,
          "lambda": 0.225
        },
        "MS4_9": {
          "meanserv": 2.097897876300687,
          "stddevserv": 2.097897876300687,
          "rate": 0.47666762586334416,
          "cv": 1.0,
          "lambda": 0.225
        },
        "MS4_10": {
          "meanserv": 0.2522338966569375,
          "stddevserv": 0.2522338966569375,
          "rate": 3.964574203760158,
          "cv": 1.0,
          "lambda": 0.225
        }
      },
      "sensors": [
        "S4"
      ],
      "sources": [
        {
          "startTime": 0,
          "stopTime": -1,
          "lambda": 0.225
        }
      ]
    }
  },
  "microservice": {
    "MS1_1": "F7",
    "MS1_2": "F9",
    "MS1_3": "F2",
    "MS1_4": "F12",
    "MS1_5": "F2",
    "MS1_6": "F2",
    "MS1_7": "F2",
    "MS1_8": "F14",
    "MS1_9": "F14",
    "MS1_10": "F14",
    "MS2_1": "F8",
    "MS2_2": "F8",
    "MS2_3": "F15",
    "MS2_4": "F10",
    "MS2_5": "F10",
    "MS2_6": "F10",
    "MS2_7": "F4",
    "MS2_8": "F8",
    "MS2_9": "F1",
    "MS2_10": "F3",
    "MS3_1": "F3",
    "MS3_2": "F3",
    "MS3_3": "F3",
    "MS3_4": "F1",
    "MS3_5": "F13",
    "MS3_6": "F15",
    "MS3_7": "F6",
    "MS3_8": "F13",
    "MS3_9": "F14",
    "MS3_10": "F14",
    "MS4_1": "F9",
    "MS4_2": "F8",
    "MS4_3": "F8",
    "MS4_4": "F8",
    "MS4_5": "F13",
    "MS4_6": "F13",
    "MS4_7": "F14",
    "MS4_8": "F5",
    "MS4_9": "F11",
    "MS4_10": "F8"
  },
  "sensor": {
    "S1": "F7",
    "S2": "F8",
    "S3": "F3",
    "S4": "F9"
  },
  "fog": {
    "F1": {
      "rho": 0.680366370389965,
      "capacity": 1.0,
      "tserv": 1.5119252675332553,
      "stddev": 1.5315997344548022,
      "mu": 0.6614083523000615,
      "cv": 1.0130128567489625,
      "lambda": 0.45,
      "twait": 3.26040801006652
    },
    "F2": {
      "rho": 0.625137276230636,
      "capacity": 1.0,
      "tserv": 0.6945969735895955,
      "stddev": 0.7985200126731565,
      "mu": 1.4396837850186959,
      "cv": 1.149616314258467,
      "lambda": 0.9,
      "twait": 1.3446112213916184
    },
    "F3": {
      "rho": 0.6394479599024855,
      "capacity": 1.0,
      "tserv": 0.7104977332249839,
      "stddev": 0.7518456663808334,
      "mu": 1.4074640259032936,
      "cv": 1.0581957284623122,
      "lambda": 0.9,
      "twait": 1.335550675591325
    },
    "F4": {
      "rho": 0.7843013366678618,
      "capacity": 1.0,
      "tserv": 3.4857837185238303,
      "stddev": 3.4857837185238303,
      "mu": 0.2868795314769222,
      "cv": 1.0,
      "lambda": 0.225,
      "twait": 12.674648917798693
    },
    "F5": {
      "rho": 0.7643133241391563,
      "capacity": 1.0,
      "tserv": 3.396948107285139,
      "stddev": 3.396948107285139,
      "mu": 0.29438188880642213,
      "cv": 1.0,
      "lambda": 0.225,
      "twait": 11.01603512512634
    },
    "F6": {
      "rho": 0.5807929877974108,
      "capacity": 1.0,
      "tserv": 2.5813021679884924,
      "stddev": 2.5813021679884924,
      "mu": 0.38740137144783043,
      "cv": 1.0,
      "lambda": 0.225,
      "twait": 3.576281299964169
    },
    "F7": {
      "rho": 0.5058475195226598,
      "capacity": 1.0,
      "tserv": 2.248211197878488,
      "stddev": 2.248211197878488,
      "mu": 0.44479806921326803,
      "cv": 1.0,
      "lambda": 0.225,
      "twait": 2.3014193042425712
    },
    "F8": {
      "rho": 0.619977644798695,
      "capacity": 1.0,
      "tserv": 0.39363659987218724,
      "stddev": 0.48698967861847003,
      "mu": 2.5404141797909476,
      "cv": 1.2371554849741977,
      "lambda": 1.5750000000000002,
      "twait": 0.8125459269634757
    },
    "F9": {
      "rho": 0.6444223202168318,
      "capacity": 1.0,
      "tserv": 1.4320496004818484,
      "stddev": 1.4433159332780425,
      "mu": 0.6982998351897346,
      "cv": 1.007867278334775,
      "lambda": 0.45,
      "twait": 2.6158378737480277
    },
    "F10": {
      "rho": 0.4813221293013945,
      "capacity": 1.0,
      "tserv": 0.713069821187251,
      "stddev": 0.9881144306906361,
      "mu": 1.4023872141090115,
      "cv": 1.3857190436771532,
      "lambda": 0.675,
      "twait": 0.9661739759769801
    },
    "F11": {
      "rho": 0.4720270221676545,
      "capacity": 1.0,
      "tserv": 2.097897876300687,
      "stddev": 2.097897876300687,
      "mu": 0.47666762586334416,
      "cv": 1.0,
      "lambda": 0.225,
      "twait": 1.8755969129854067
    },
    "F12": {
      "rho": 0.5063860587756737,
      "capacity": 1.0,
      "tserv": 2.2506047056696605,
      "stddev": 2.2506047056696605,
      "mu": 0.44432502850492933,
      "cv": 1.0,
      "lambda": 0.225,
      "twait": 2.308838449617676
    },
    "F13": {
      "rho": 0.5478521940757217,
      "capacity": 1.0,
      "tserv": 0.6087246600841353,
      "stddev": 0.794772282239182,
      "mu": 1.642778854830334,
      "cv": 1.3056350996677741,
      "lambda": 0.9,
      "twait": 0.9974479709410095
    },
    "F14": {
      "rho": 0.5123230897737019,
      "capacity": 1.0,
      "tserv": 0.37949858501755696,
      "stddev": 0.5531815141772325,
      "mu": 2.6350559382289567,
      "cv": 1.4576642338512023,
      "lambda": 1.35,
      "twait": 0.62289098396727
    },
    "F15": {
      "rho": 0.6354827662401519,
      "capacity": 1.0,
      "tserv": 1.4121839249781152,
      "stddev": 1.5662734729426548,
      "mu": 0.7081230584149987,
      "cv": 1.1091143619744344,
      "lambda": 0.45,
      "twait": 2.7452257783005676
    }
  },
  "extra": {
    "deltatime": 4.4919608,
    "conv": 16,
    "obj_func": 34.21646399436989
  },
  "network": [
    [
      0.0,
      1.0170470404275087,
      0.6097639641578014,
      1.1060202252471922,
      0.8809582014123813,
      1.1622437999218962,
      1.071517242480105,
      1.0476674622520992,
      1.0774280446045625,
      1.1372210821480089,
      0.9679585093708197,
      0.7431058516678951,
      0.953631055235942,
      1.0837763331130144,
      1.0837763331130144
    ],
    [
      1.0170470404275087,
      0.0,
      1.265135059044147,
      1.3454648522752348,
      0.9361289319732395,
      0.9578208720204202,
      1.020946977543832,
      1.3591656868226683,
      0.9116237239828443,
      0.8972974573868949,
      1.1001739426390418,
      0.6936423155443465,
      1.0837763331130144,
      0.6850989712978294,
      0.6850989712978294
    ],
    [
      0.6097639641578014,
      1.265135059044147,
      0.0,
      0.8597665486003314,
      0.933047135132766,
      1.0116899866766669,
      1.3478930181210305,
      1.2477164820229907,
      0.8019595293154583,
      0.9072455012853505,
      1.0594586689553107,
      0.953631055235942,
      0.6850989712978294,
      1.0902575942400587,
      1.0902575942400587
    ],
    [
      1.1060202252471922,
      1.3454648522752348,
      0.8597665486003314,
      0.0,
      1.285177233788831,
      1.0549216150966256,
      0.8060932639586783,
      0.8162874272378748,
      1.1342703578355695,
      0.9942058577980228,
      0.7431058516678951,
      1.0837763331130144,
      1.0902575942400587,
      1.0369059502045301,
      1.0369059502045301
    ],
    [
      0.8809582014123813,
      0.9361289319732395,
      0.933047135132766,
      1.285177233788831,
      0.0,
      1.0947493929955552,
      0.793954922796161,
      0.8800064243287831,
      1.2225062033527103,
      0.9679585093708197,
      0.6936423155443465,
      0.6850989712978294,
      1.0369059502045301,
      0.8986032394324569,
      0.8986032394324569
    ],
    [
      1.1622437999218962,
      0.9578208720204202,
      1.0116899866766669,
      1.0549216150966256,
      1.0947493929955552,
      0.0,
      0.9418914812301243,
      0.9613344050494808,
      1.1372210821480089,
      1.1001739426390418,
      0.953631055235942,
      1.0902575942400587,
      0.8986032394324569,
      1.0059579176948676,
      1.0059579176948676
    ],
    [
      1.071517242480105,
      1.020946977543832,
      1.3478930181210305,
      0.8060932639586783,
      0.793954922796161,
      0.9418914812301243,
      0.0,
      1.0774280446045625,
      0.8972974573868949,
      1.0594586689553107,
      1.0837763331130144,
      1.0369059502045301,
      1.0059579176948676,
      1.2343503827230353,
      1.2343503827230353
    ],
    [
      1.0476674622520992,
      1.3591656868226683,
      1.2477164820229907,
      0.8162874272378748,
      0.8800064243287831,
      0.9613344050494808,
      1.0774280446045625,
      0.0,
      0.9072455012853505,
      0.7431058516678951,
      0.6850989712978294,
      0.8986032394324569,
      1.2343503827230353,
      1.0446848627787582,
      1.0446848627787582
    ],
    [
      1.0774280446045625,
      0.9116237239828443,
      0.8019595293154583,
      1.1342703578355695,
      1.2225062033527103,
      1.1372210821480089,
      0.8972974573868949,
      0.9072455012853505,
      0.0,
      0.6936423155443465,
      1.0902575942400587,
      1.0059579176948676,
      1.0446848627787582,
      0.9732361013108386,
      0.9732361013108386
    ],
    [
      1.1372210821480089,
      0.8972974573868949,
      0.9072455012853505,
      0.9942058577980228,
      0.9679585093708197,
      1.1001739426390418,
      1.0594586689553107,
      0.7431058516678951,
      0.6936423155443465,
      0.0,
      1.0369059502045301,
      1.2343503827230353,
      0.9732361013108386,
      0.9516597214337179,
      0.9516597214337179
    ],
    [
      0.9679585093708197,
      1.1001739426390418,
      1.0594586689553107,
      0.7431058516678951,
      0.6936423155443465,
      0.953631055235942,
      1.0837763331130144,
      0.6850989712978294,
      1.0902575942400587,
      1.0369059502045301,
      0.0,
      1.0446848627787582,
      0.9516597214337179,
      1.2174590844183324,
      1.2174590844183324
    ],
    [
      0.7431058516678951,
      0.6936423155443465,
      0.953631055235942,
      1.0837763331130144,
      0.6850989712978294,
      1.0902575942400587,
      1.0369059502045301,
      0.8986032394324569,
      1.0059579176948676,
      1.2343503827230353,
      1.0446848627787582,
      0.0,
      1.2174590844183324,
      1.1439375324333525,
      1.1439375324333525
    ],
    [
      0.953631055235942,
      1.0837763331130144,
      0.6850989712978294,
      1.0902575942400587,
      1.0369059502045301,
      0.8986032394324569,
      1.0059579176948676,
      1.2343503827230353,
      1.0446848627787582,
      0.9732361013108386,
      0.9516597214337179,
      1.2174590844183324,
      0.0,
      0.5344977283737142,
      0.5344977283737142
    ],
    [
      1.0837763331130144,
      0.6850989712978294,
      1.0902575942400587,
      1.0369059502045301,
      0.8986032394324569,
      1.0059579176948676,
      1.2343503827230353,
      1.0446848627787582,
      0.9732361013108386,
      0.9516597214337179,
      1.2174590844183324,
      1.1439375324333525,
      0.5344977283737142,
      0.0,
      0.8556573454408033
    ],
    [
      1.0837763331130144,
      0.6850989712978294,
      1.0902575942400587,
      1.0369059502045301,
      0.8986032394324569,
      1.0059579176948676,
      1.2343503827230353,
      1.0446848627787582,
      0.9732361013108386,
      0.9516597214337179,
      1.2174590844183324,
      1.1439375324333525,
      0.5344977283737142,
      0.8556573454408033,
      0.0
    ]
  ]
}