{
  "servicechain": {
    "SC1": {
      "resptime": 36.06334729244661,
      "resptime_old": 26.063347292446608,
      "waittime": 22.09761305944879,
      "servicetime": 10.0,
      "networktime": 3.9657342329978187,
      "services": {
        "MS1_1": {
          "meanserv": 0.07118626220840918,
          "stddevserv": 0.07118626220840918,
          "rate": 14.047654266104601,
          "cv": 1.0,
          "lambda": 0.15
        },
        "MS1_2": {
          "meanserv": 3.022429326711533,
          "stddevserv": 3.022429326711533,
          "rate": 0.33085968004685196,
          "cv": 1.0,
          "lambda": 0.15
        },
        "MS1_3": {
          "meanserv": 0.7210511925607386,
          "stddevserv": 0.7210511925607386,
          "rate": 1.3868640816591726,
          "cv": 1.0,
          "lambda": 0.15
        },
        "MS1_4": {
          "meanserv": 0.8028787670828557,
          "stddevserv": 0.8028787670828557,
          "rate": 1.245518054529398,
          "cv": 1.0,
          "lambda": 0.15
        },
        "MS1_5": {
          "meanserv": 0.20323684069421954,
          "stddevserv": 0.20323684069421954,
          "rate": 4.920367766907734,
          "cv": 1.0,
          "lambda": 0.15
        },
        "MS1_6": {
          "meanserv": 0.5368569107344481,
          "stddevserv": 0.5368569107344481,
          "rate": 1.862693727145932,
          "cv": 1.0,
          "lambda": 0.15
        },
        "MS1_7": {
          "meanserv": 0.18252900542410622,
          "stddevserv": 0.18252900542410622,
          "rate": 5.47858132287797,
          "cv": 1.0,
          "lambda": 0.15
        },
        "MS1_8": {
          "meanserv": 0.8487169133207928,
          "stddevserv": 0.8487169133207928,
          "rate": 1.1782491715491785,
          "cv": 1.0,
          "lambda": 0.15
        },
        "MS1_9": {
          "meanserv": 0.07322626008065125,
          "stddevserv": 0.07322626008065125,
          "rate": 13.656303065302012,
          "cv": 1.0,
          "lambda": 0.15
        },
        "MS1_10": {
          "meanserv": 0.8378720196233935,
          "stddevserv": 0.8378720196233935,
          "rate": 1.193499695155687,
          "cv": 1.0,
          "lambda": 0.15
        },
        "MS1_11": {
          "meanserv": 1.3088371167132644,
          "stddevserv": 1.3088371167132644,
          "rate": 0.7640370121159061,
          "cv": 1.0,
          "lambda": 0.15
        },
        "MS1_12": {
          "meanserv": 1.3911793848455876,
          "stddevserv": 1.3911793848455876,
          "rate": 0.7188145618697432,
          "cv": 1.0,
          "lambda": 0.15
        }
      },
      "sensors": [
        "S1"
      ],
      "sources": [
        {
          "startTime": 0,
          "stopTime": -1,
          "lambda": 0.15
        }
      ]
    },
    "SC2": {
      "resptime": 30.253565386590164,
      "resptime_old": 20.253565386590164,
      "waittime": 16.622350656179062,
      "servicetime": 10.0,
      "networktime": 3.631214730411103,
      "services": {
        "MS2_1": {
          "meanserv": 0.41828777492053826,
          "stddevserv": 0.41828777492053826,
          "rate": 2.3906986050213135,
          "cv": 1.0,
          "lambda": 0.15
        },
        "MS2_2": {
          "meanserv": 0.3987296130544815,
          "stddevserv": 0.3987296130544815,
          "rate": 2.5079652156745182,
          "cv": 1.0,
          "lambda": 0.15
        },
        "MS2_3": {
          "meanserv": 0.2863938946851974,
          "stddevserv": 0.2863938946851974,
          "rate": 3.491694545720657,
          "cv": 1.0,
          "lambda": 0.15
        },
        "MS2_4": {
          "meanserv": 3.3972381074169293,
          "stddevserv": 3.3972381074169293,
          "rate": 0.294356759338351,
          "cv": 1.0,
          "lambda": 0.15
        },
        "MS2_5": {
          "meanserv": 1.6610368647482012,
          "stddevserv": 1.6610368647482012,
          "rate": 0.6020335979428074,
          "cv": 1.0,
          "lambda": 0.15
        },
        "MS2_6": {
          "meanserv": 1.1369969816498173,
          "stddevserv": 1.1369969816498173,
          "rate": 0.8795098106144218,
          "cv": 1.0,
          "lambda": 0.15
        },
        "MS2_7": {
          "meanserv": 0.20467401208573754,
          "stddevserv": 0.20467401208573754,
          "rate": 4.8858181349428085,
          "cv": 1.0,
          "lambda": 0.15
        },
        "MS2_8": {
          "meanserv": 0.6175487682588798,
          "stddevserv": 0.6175487682588798,
          "rate": 1.6193053106063269,
          "cv": 1.0,
          "lambda": 0.15
        },
        "MS2_9": {
          "meanserv": 0.42082749067452596,
          "stddevserv": 0.42082749067452596,
          "rate": 2.376270614824007,
          "cv": 1.0,
          "lambda": 0.15
        },
        "MS2_10": {
          "meanserv": 0.025143135171511233,
          "stddevserv": 0.025143135171511233,
          "rate": 39.77228747244948,
          "cv": 1.0,
          "lambda": 0.15
        },
        "MS2_11": {
          "meanserv": 1.0538762768160144,
          "stddevserv": 1.0538762768160144,
          "rate": 0.9488779869124807,
          "cv": 1.0,
          "lambda": 0.15
        },
        "MS2_12": {
          "meanserv": 0.3792470805181658,
          "stddevserv": 0.3792470805181658,
          "rate": 2.636803422807365,
          "cv": 1.0,
          "lambda": 0.15
        }
      },
      "sensors": [
        "S2"
      ],
      "sources": [
        {
          "startTime": 0,
          "stopTime": -1,
          "lambda": 0.15
        }
      ]
    },
    "SC3": {
      "resptime": 36.09249213633371,
      "resptime_old": 26.092492136333707,
      "waittime": 21.82470195483285,
      "servicetime": 10.0,
      "networktime": 4.267790181500859,
      "services": {
        "MS3_1": {
          "meanserv": 0.17854650749451362,
          "stddevserv": 0.17854650749451362,
          "rate": 5.6007816340553624,
          "cv": 1.0,
          "lambda": 0.15
        },
        "MS3_2": {
          "meanserv": 0.7774932104331755,
          "stddevserv": 0.7774932104331755,
          "rate": 1.2861848651293768,
          "cv": 1.0,
          "lambda": 0.15
        },
        "MS3_3": {
          "meanserv": 1.3381882249108081,
          "stddevserv": 1.3381882249108081,
          "rate": 0.7472790309947999,
          "cv": 1.0,
          "lambda": 0.15
        },
        "MS3_4": {
          "meanserv": 0.733272168257125,
          "stddevserv": 0.733272168257125,
          "rate": 1.3637501098355416,
          "cv": 1.0,
          "lambda": 0.15
        },
        "MS3_5": {
          "meanserv": 0.05018719927214699,
          "stddevserv": 0.05018719927214699,
          "rate": 19.9253995939754,
          "cv": 1.0,
          "lambda": 0.15
        },
        "MS3_6": {
          "meanserv": 1.3061645388809509,
          "stddevserv": 1.3061645388809509,
          "rate": 0.7656003284676097,
          "cv": 1.0,
          "lambda": 0.15
        },
        "MS3_7": {
          "meanserv": 0.7981866955960282,
          "stddevserv": 0.7981866955960282,
          "rate": 1.2528397247379226,
          "cv": 1.0,
          "lambda": 0.15
        },
        "MS3_8": {
          "meanserv": 0.09345471087613699,
          "stddevserv": 0.09345471087613699,
          "rate": 10.70037016459641,
          "cv": 1.0,
          "lambda": 0.15
        },
        "MS3_9": {
          "meanserv": 0.8959305476049337,
          "stddevserv": 0.8959305476049337,
          "rate": 1.1161579462529458,
          "cv": 1.0,
          "lambda": 0.15
        },
        "MS3_10": {
          "meanserv": 2.341515703207712,
          "stddevserv": 2.341515703207712,
          "rate": 0.42707379610141855,
          "cv": 1.0,
          "lambda": 0.15
        },
        "MS3_11": {
          "meanserv": 1.0587820609700174,
          "stddevserv": 1.0587820609700174,
          "rate": 0.9444814347192817,
          "cv": 1.0,
          "lambda": 0.15
        },
        "MS3_12": {
          "meanserv": 0.4282784324964517,
          "stddevserv": 0.4282784324964517,
          "rate": 2.3349296255031127,
          "cv": 1.0,
          "lambda": 0.15
        }
      },
      "sensors": [
        "S3"
      ],
      "sources": [
        {
          "startTime": 0,
          "stopTime": -1,
          "lambda": 0.15
        }
      ]
    },
    "SC4": {
      "resptime": 31.56446354131183,
      "resptime_old": 21.56446354131183,
      "waittime": 18.505386196081083,
      "servicetime": 10.0,
      "networktime": 3.059077345230747,
      "services": {
        "MS4_1": {
          "meanserv": 0.21057434622085203,
          "stddevserv": 0.21057434622085203,
          "rate": 4.748916560572826,
          "cv": 1.0,
          "lambda": 0.15
        },
        "MS4_2": {
          "meanserv": 1.054321873179217,
          "stddevserv": 1.054321873179217,
          "rate": 0.9484769551300173,
          "cv": 1.0,
          "lambda": 0.15
        },
        "MS4_3": {
          "meanserv": 0.42601370504017244,
          "stddevserv": 0.42601370504017244,
          "rate": 2.3473423229557873,
          "cv": 1.0,
          "lambda": 0.15
        },
        "MS4_4": {
          "meanserv": 0.3119479163442451,
          "stddevserv": 0.3119479163442451,
          "rate": 3.205663341878091,
          "cv": 1.0,
          "lambda": 0.15
        },
        "MS4_5": {
          "meanserv": 2.248036129211347,
          "stddevserv": 2.248036129211347,
          "rate": 0.4448327084275192,
          "cv": 1.0,
          "lambda": 0.15
        },
        "MS4_6": {
          "meanserv": 0.1058346001659265,
          "stddevserv": 0.1058346001659265,
          "rate": 9.448705795951508,
          "cv": 1.0,
          "lambda": 0.15
        },
        "MS4_7": {
          "meanserv": 1.2211328196881066,
          "stddevserv": 1.2211328196881066,
          "rate": 0.8189117382459782,
          "cv": 1.0,
          "lambda": 0.15
        },
        "MS4_8": {
          "meanserv": 0.7398366462266601,
          "stddevserv": 0.7398366462266601,
          "rate": 1.3516497257877584,
          "cv": 1.0,
          "lambda": 0.15
        },
        "MS4_9": {
          "meanserv": 2.406179869105955,
          "stddevserv": 2.406179869105955,
          "rate": 0.4155965282726607,
          "cv": 1.0,
          "lambda": 0.15
        },
        "MS4_10": {
          "meanserv": 0.7209715887049963,
          "stddevserv": 0.7209715887049963,
          "rate": 1.3870172079820682,
          "cv": 1.0,
          "lambda": 0.15
        },
        "MS4_11": {
          "meanserv": 0.13219259987753595,
          "stddevserv": 0.13219259987753595,
          "rate": 7.564719968639744,
          "cv": 1.0,
          "lambda": 0.15
        },
        "MS4_12": {
          "meanserv": 0.42295790623498597,
          "stddevserv": 0.42295790623498597,
          "rate": 2.3643014712779062,
          "cv": 1.0,
          "lambda": 0.15
        }
      },
      "sensors": [
        "S4"
      ],
      "sources": [
        {
          "startTime": 0,
          "stopTime": -1,
          "lambda": 0.15
        }
      ]
    }
  },
  "microservice": {
    "MS1_1": "F9",
    "MS1_2": "F10",
    "MS1_3": "F4",
    "MS1_4": "F4",
    "MS1_5": "F9",
    "MS1_6": "F9",
    "MS1_7": "F9",
    "MS1_8": "F9",
    "MS1_9": "F9",
    "MS1_10": "F1",
    "MS1_11": "F1",
    "MS1_12": "F10",
    "MS2_1": "F8",
    "MS2_2": "F8",
    "MS2_3": "F8",
    "MS2_4": "F3",
    "MS2_5": "F5",
    "MS2_6": "F5",
    "MS2_7": "F9",
    "MS2_8": "F9",
    "MS2_9": "F9",
    "MS2_10": "F9",
    "MS2_11": "F2",
    "MS2_12": "F8",
    "MS3_1": "F5",
    "MS3_2": "F5",
    "MS3_3": "F1",
    "MS3_4": "F1",
    "MS3_5": "F9",
    "MS3_6": "F7",
    "MS3_7": "F7",
    "MS3_8": "F9",
    "MS3_9": "F6",
    "MS3_10": "F6",
    "MS3_11": "F6",
    "MS3_12": "F8",
    "MS4_1": "F7",
    "MS4_2": "F7",
    "MS4_3": "F7",
    "MS4_4": "F7",
    "MS4_5": "F4",
    "MS4_6": "F8",
    "MS4_7": "F8",
    "MS4_8": "F8",
    "MS4_9": "F2",
    "MS4_10": "F2",
    "MS4_11": "F9",
    "MS4_12": "F9"
  },
  "sensor": {
    "S1": "F9",
    "S2": "F8",
    "S3": "F5",
    "S4": "F7"
  },
  "fog": {
    "F1": {
      "rho": 0.6327254294256887,
      "capacity": 1.0,
      "tserv": 1.0545423823761477,
      "stddev": 1.1223637211103623,
      "mu": 0.9482786246549426,
      "cv": 1.064313525817138,
      "lambda": 0.6,
      "twait": 1.9373189559382067
    },
    "F2": {
      "rho": 0.6271541601940449,
      "capacity": 1.0,
      "tserv": 1.393675911542322,
      "stddev": 1.7333316630939692,
      "mu": 0.7175269312743896,
      "cv": 1.2437121491005498,
      "lambda": 0.44999999999999996,
      "twait": 2.9852110479124185
    },
    "F3": {
      "rho": 0.5095857161125392,
      "capacity": 1.0,
      "tserv": 3.397238107416929,
      "stddev": 3.3972381074169293,
      "mu": 0.29435675933835104,
      "cv": 1.0000000000000002,
      "lambda": 0.15,
      "twait": 3.5300440273679548
    },
    "F4": {
      "rho": 0.5657949133282412,
      "capacity": 1.0,
      "tserv": 1.2573220296183139,
      "stddev": 1.6014384254829592,
      "mu": 0.7953411905966292,
      "cv": 1.273689943990808,
      "lambda": 0.44999999999999996,
      "twait": 2.1481308370297776
    },
    "F5": {
      "rho": 0.5631110346488561,
      "capacity": 1.0,
      "tserv": 0.938518391081427,
      "stddev": 1.2096583420836982,
      "mu": 1.0655092212393724,
      "cv": 1.2889021180393117,
      "lambda": 0.6,
      "twait": 1.6096241339627697
    },
    "F6": {
      "rho": 0.6444342467673995,
      "capacity": 1.0,
      "tserv": 1.4320761039275545,
      "stddev": 1.6990475441594552,
      "mu": 0.6982869117482235,
      "cv": 1.1864226625245093,
      "lambda": 0.44999999999999996,
      "twait": 3.1244882499778517
    },
    "F7": {
      "rho": 0.61608136128922,
      "capacity": 1.0,
      "tserv": 0.684534845876911,
      "stddev": 0.8892204985156863,
      "mu": 1.460846012475768,
      "cv": 1.299014219468355,
      "lambda": 0.9,
      "twait": 1.4760561625584436
    },
    "F8": {
      "rho": 0.596661129263329,
      "capacity": 1.0,
      "tserv": 0.49721760771944096,
      "stddev": 0.6715737831797266,
      "mu": 2.0111918493527248,
      "cv": 1.3506637189700401,
      "lambda": 1.2,
      "twait": 1.0386849565061147
    },
    "F9": {
      "rho": 0.5824107022371131,
      "capacity": 1.0,
      "tserv": 0.27733842963672056,
      "stddev": 0.4413903080746195,
      "mu": 3.6057029720326814,
      "cv": 1.5915223456510763,
      "lambda": 2.0999999999999996,
      "twait": 0.6832768717371729
    },
    "F10": {
      "rho": 0.6620413067335681,
      "capacity": 1.0,
      "tserv": 2.2068043557785604,
      "stddev": 2.4900750292113796,
      "mu": 0.4531439306712806,
      "cv": 1.1283623864032484,
      "lambda": 0.3,
      "twait": 4.913526121544894
    }
  },
  "extra": {
    "deltatime": 7.9280655,
    "conv": 23,
    "obj_func": 33.49346708917058
  },
  "network": [
    [
      0.0,
      0.8623068805204169,
      0.971364017825727,
      0.7929527867188461,
      0.5677166698978752,
      0.9138041338594678,
      1.1279849325844422,
      0.9646946810156913,
      0.6944213641961678,
      0.6944213641961678
    ],
    [
      0.8623068805204169,
      0.0,
      0.3623602628236362,
      0.9619832311221256,
      0.9509884807898922,
      0.8948848235678503,
      1.05457582550018,
      0.6944213641961678,
      0.6482762851736653,
      0.6482762851736653
    ],
    [
      0.971364017825727,
      0.3623602628236362,
      0.0,
      0.907746812229885,
      0.7646023619153812,
      0.8493741144746808,
      0.9646946810156913,
      0.6482762851736653,
      1.021958331664746,
      1.021958331664746
    ],
    [
      0.7929527867188461,
      0.9619832311221256,
      0.907746812229885,
      0.0,
      0.8270470222846543,
      1.1279849325844422,
      0.6944213641961678,
      1.021958331664746,
      0.8700368494440217,
      0.8700368494440217
    ],
    [
      0.5677166698978752,
      0.9509884807898922,
      0.7646023619153812,
      0.8270470222846543,
      0.0,
      1.05457582550018,
      0.6482762851736653,
      0.8700368494440217,
      0.8756384339522234,
      0.8756384339522234
    ],
    [
      0.9138041338594678,
      0.8948848235678503,
      0.8493741144746808,
      1.1279849325844422,
      1.05457582550018,
      0.0,
      1.021958331664746,
      0.8756384339522234,
      0.6680941487531838,
      0.6680941487531838
    ],
    [
      1.1279849325844422,
      1.05457582550018,
      0.9646946810156913,
      0.6944213641961678,
      0.6482762851736653,
      1.021958331664746,
      0.0,
      0.6680941487531838,
      0.7309597823507045,
      0.7309597823507045
    ],
    [
      0.9646946810156913,
      0.6944213641961678,
      0.6482762851736653,
      1.021958331664746,
      0.8700368494440217,
      0.8756384339522234,
      0.6680941487531838,
      0.0,
      1.1466369857005907,
      1.1466369857005907
    ],
    [
      0.6944213641961678,
      0.6482762851736653,
      1.021958331664746,
      0.8700368494440217,
      0.8756384339522234,
      0.6680941487531838,
      0.7309597823507045,
      1.1466369857005907,
      0.0,
      0.8368178057174399
    ],
    [
      0.6944213641961678,
      0.6482762851736653,
      1.021958331664746,
      0.8700368494440217,
      0.8756384339522234,
      0.6680941487531838,
      0.7309597823507045,
      1.1466369857005907,
      0.8368178057174399,
      0.0
    ]
  ]
}