{
  "servicechain": {
    "SC1": {
      "resptime": 22.412772637317627,
      "resptime_old": 12.412772637317625,
      "waittime": 9.04455139549982,
      "servicetime": 10.0,
      "networktime": 3.368221241817806,
      "services": {
        "MS1_1": {
          "meanserv": 4.782986127075675,
          "stddevserv": 4.782986127075675,
          "rate": 0.20907440946549466,
          "cv": 1.0,
          "lambda": 0.1
        },
        "MS1_2": {
          "meanserv": 0.49270252527841674,
          "stddevserv": 0.49270252527841674,
          "rate": 2.029622233892386,
          "cv": 1.0,
          "lambda": 0.1
        },
        "MS1_3": {
          "meanserv": 2.872137558399764,
          "stddevserv": 2.872137558399764,
          "rate": 0.3481727388284141,
          "cv": 1.0,
          "lambda": 0.1
        },
        "MS1_4": {
          "meanserv": 0.5943597238440965,
          "stddevserv": 0.5943597238440965,
          "rate": 1.6824827791701191,
          "cv": 1.0,
          "lambda": 0.1
        },
        "MS1_5": {
          "meanserv": 1.257814065402048,
          "stddevserv": 1.257814065402048,
          "rate": 0.7950300664513238,
          "cv": 1.0,
          "lambda": 0.1
        }
      },
      "sensors": [
        "S1"
      ],
      "sources": [
        {
          "startTime": 0,
          "stopTime": -1,
          "lambda": 0.1
        }
      ]
    },
    "SC2": {
      "resptime": 24.164285724617116,
      "resptime_old": 14.164285724617118,
      "waittime": 12.386482850208886,
      "servicetime": 10.0,
      "networktime": 1.7778028744082324,
      "services": {
        "MS2_1": {
          "meanserv": 2.8549499056002703,
          "stddevserv": 2.8549499056002703,
          "rate": 0.3502688429097827,
          "cv": 1.0,
          "lambda": 0.1
        },
        "MS2_2": {
          "meanserv": 2.920162524320911,
          "stddevserv": 2.920162524320911,
          "rate": 0.342446693179364,
          "cv": 1.0,
          "lambda": 0.1
        },
        "MS2_3": {
          "meanserv": 1.9039430935814048,
          "stddevserv": 1.9039430935814048,
          "rate": 0.5252257818898116,
          "cv": 1.0,
          "lambda": 0.1
        },
        "MS2_4": {
          "meanserv": 2.2392604440934933,
          "stddevserv": 2.2392604440934933,
          "rate": 0.44657601246773426,
          "cv": 1.0,
          "lambda": 0.1
        },
        "MS2_5": {
          "meanserv": 0.08168403240392053,
          "stddevserv": 0.08168403240392053,
          "rate": 12.242294737055657,
          "cv": 1.0,
          "lambda": 0.1
        }
      },
      "sensors": [
        "S2"
      ],
      "sources": [
        {
          "startTime": 0,
          "stopTime": -1,
          "lambda": 0.1
        }
      ]
    },
    "SC3": {
      "resptime": 21.096656815067256,
      "resptime_old": 11.096656815067256,
      "waittime": 7.3438925696337085,
      "servicetime": 10.0,
      "networktime": 3.7527642454335473,
      "services": {
        "MS3_1": {
          "meanserv": 0.5089422281690714,
          "stddevserv": 0.5089422281690714,
          "rate": 1.964859555076649,
          "cv": 1.0,
          "lambda": 0.1
        },
        "MS3_2": {
          "meanserv": 1.8708722936636804,
          "stddevserv": 1.8708722936636804,
          "rate": 0.5345100268932446,
          "cv": 1.0,
          "lambda": 0.1
        },
        "MS3_3": {
          "meanserv": 0.7171490445209523,
          "stddevserv": 0.7171490445209523,
          "rate": 1.3944102800387737,
          "cv": 1.0,
          "lambda": 0.1
        },
        "MS3_4": {
          "meanserv": 4.802221732813673,
          "stddevserv": 4.802221732813673,
          "rate": 0.20823694857048788,
          "cv": 1.0,
          "lambda": 0.1
        },
        "MS3_5": {
          "meanserv": 2.100814700832623,
          "stddevserv": 2.100814700832623,
          "rate": 0.47600580841502427,
          "cv": 1.0,
          "lambda": 0.1
        }
      },
      "sensors": [
        "S3"
      ],
      "sources": [
        {
          "startTime": 0,
          "stopTime": -1,
          "lambda": 0.1
        }
      ]
    },
    "SC4": {
      "resptime": 18.74830926692359,
      "resptime_old": 8.748309266923588,
      "waittime": 5.699852358594625,
      "servicetime": 10.0,
      "networktime": 3.048456908328964,
      "services": {
        "MS4_1": {
          "meanserv": 3.938251564002809,
          "stddevserv": 3.938251564002809,
          "rate": 0.2539197874357238,
          "cv": 1.0,
          "lambda": 0.1
        },
        "MS4_2": {
          "meanserv": 2.535621222831055,
          "stddevserv": 2.535621222831055,
          "rate": 0.3943806712910719,
          "cv": 1.0,
          "lambda": 0.1
        },
        "MS4_3": {
          "meanserv": 1.6827728758138054,
          "stddevserv": 1.6827728758138054,
          "rate": 0.5942572609606571,
          "cv": 1.0,
          "lambda": 0.1
        },
        "MS4_4": {
          "meanserv": 0.4805615019202474,
          "stddevserv": 0.4805615019202474,
          "rate": 2.0808991065746194,
          "cv": 1.0,
          "lambda": 0.1
        },
        "MS4_5": {
          "meanserv": 1.3627928354320833,
          "stddevserv": 1.3627928354320833,
          "rate": 0.7337872448404403,
          "cv": 1.0,
          "lambda": 0.1
        }
      },
      "sensors": [
        "S4"
      ],
      "sources": [
        {
          "startTime": 0,
          "stopTime": -1,
          "lambda": 0.1
        }
      ]
    }
  },
  "microservice": {
    "MS1_1": "F5",
    "MS1_2": "F1",
    "MS1_3": "F1",
    "MS1_4": "F10",
    "MS1_5": "F10",
    "MS2_1": "F2",
    "MS2_2": "F2",
    "MS2_3": "F6",
    "MS2_4": "F6",
    "MS2_5": "F6",
    "MS3_1": "F7",
    "MS3_2": "F7",
    "MS3_3": "F7",
    "MS3_4": "F8",
    "MS3_5": "F10",
    "MS4_1": "F3",
    "MS4_2": "F9",
    "MS4_3": "F4",
    "MS4_4": "F4",
    "MS4_5": "F4"
  },
  "sensor": {
    "S1": "F5",
    "S2": "F2",
    "S3": "F7",
    "S4": "F3"
  },
  "fog": {
    "F1": {
      "rho": 0.3364840083678181,
      "capacity": 1.0,
      "tserv": 1.6824200418390904,
      "stddev": 2.379368137889646,
      "mu": 0.5943818874785145,
      "cv": 1.4142533248050861,
      "lambda": 0.2,
      "twait": 1.2798380204668474
    },
    "F2": {
      "rho": 0.5775112429921181,
      "capacity": 1.0,
      "tserv": 2.8875562149605902,
      "stddev": 2.8879243822125495,
      "mu": 0.3463136041539015,
      "cv": 1.0001275013279574,
      "lambda": 0.2,
      "twait": 3.9475815285716878
    },
    "F3": {
      "rho": 0.3938251564002809,
      "capacity": 1.0,
      "tserv": 3.938251564002809,
      "stddev": 3.938251564002809,
      "mu": 0.2539197874357238,
      "cv": 1.0,
      "lambda": 0.1,
      "twait": 2.5586389051163447
    },
    "F4": {
      "rho": 0.35261272131661364,
      "capacity": 1.0,
      "tserv": 1.1753757377220453,
      "stddev": 1.3778258317046856,
      "mu": 0.8507917663317307,
      "cv": 1.1722428730535155,
      "lambda": 0.30000000000000004,
      "twait": 0.7599575065814131
    },
    "F5": {
      "rho": 0.47829861270756746,
      "capacity": 1.0,
      "tserv": 4.782986127075675,
      "stddev": 4.782986127075674,
      "mu": 0.20907440946549466,
      "cv": 0.9999999999999998,
      "lambda": 0.1,
      "twait": 4.385067176172755
    },
    "F6": {
      "rho": 0.42248875700788197,
      "capacity": 1.0,
      "tserv": 1.4082958566929396,
      "stddev": 1.9443958944035602,
      "mu": 0.7100780672239362,
      "cv": 1.3806728786162368,
      "lambda": 0.30000000000000004,
      "twait": 1.4971065976885034
    },
    "F7": {
      "rho": 0.3096963566353705,
      "capacity": 1.0,
      "tserv": 1.032321188784568,
      "stddev": 1.3354044400228315,
      "mu": 0.9686907629759859,
      "cv": 1.2935939458872359,
      "lambda": 0.30000000000000004,
      "twait": 0.619073667645716
    },
    "F8": {
      "rho": 0.4802221732813673,
      "capacity": 1.0,
      "tserv": 4.802221732813673,
      "stddev": 4.802221732813673,
      "mu": 0.20823694857048788,
      "cv": 1.0,
      "lambda": 0.1,
      "twait": 4.436767477499876
    },
    "F9": {
      "rho": 0.2535621222831055,
      "capacity": 1.0,
      "tserv": 2.535621222831055,
      "stddev": 2.535621222831055,
      "mu": 0.3943806712910719,
      "cv": 1.0,
      "lambda": 0.1,
      "twait": 0.8613409337340404
    },
    "F10": {
      "rho": 0.3952988490078767,
      "capacity": 1.0,
      "tserv": 1.3176628300262554,
      "stddev": 1.5799639471069205,
      "mu": 0.7589194877570268,
      "cv": 1.1990654294129541,
      "lambda": 0.30000000000000004,
      "twait": 1.0499040891966847
    }
  },
  "extra": {
    "conv_gen": 70,
    "max_gen": 600,
    "population": 600,
    "deltatime": 39.5709743,
    "obj_func": 21.605506110981402
  },
  "network": [
    [
      0.0,
      1.7094987804346755,
      1.9669719285290856,
      1.6519539112617803,
      1.6431140594936835,
      1.8198501202588562,
      2.25559253356584,
      2.2085401573004746,
      1.7251071823241224,
      1.7251071823241224
    ],
    [
      1.7094987804346755,
      0.0,
      2.5022676096673475,
      1.6501650400725747,
      1.9708438841531455,
      1.7778028744082324,
      2.2661114006472274,
      1.7251071823241224,
      2.1089200239905357,
      2.1089200239905357
    ],
    [
      1.9669719285290856,
      2.5022676096673475,
      0.0,
      1.7723447431485082,
      2.5264610115045496,
      1.685516171185759,
      2.2085401573004746,
      2.1089200239905357,
      1.563617190794335,
      1.563617190794335
    ],
    [
      1.6519539112617803,
      1.6501650400725747,
      1.7723447431485082,
      0.0,
      2.50578492150297,
      2.25559253356584,
      1.7251071823241224,
      1.563617190794335,
      1.4848397175346288,
      1.4848397175346288
    ],
    [
      1.6431140594936835,
      1.9708438841531455,
      2.5264610115045496,
      2.50578492150297,
      0.0,
      2.2661114006472274,
      2.1089200239905357,
      1.4848397175346288,
      2.6840645401186074,
      2.6840645401186074
    ],
    [
      1.8198501202588562,
      1.7778028744082324,
      1.685516171185759,
      2.25559253356584,
      2.2661114006472274,
      0.0,
      1.563617190794335,
      2.6840645401186074,
      1.815878900750779,
      1.815878900750779
    ],
    [
      2.25559253356584,
      2.2661114006472274,
      2.2085401573004746,
      1.7251071823241224,
      2.1089200239905357,
      1.563617190794335,
      0.0,
      1.815878900750779,
      2.400790202847112,
      2.400790202847112
    ],
    [
      2.2085401573004746,
      1.7251071823241224,
      2.1089200239905357,
      1.563617190794335,
      1.4848397175346288,
      2.6840645401186074,
      1.815878900750779,
      0.0,
      1.936885344682768,
      1.936885344682768
    ],
    [
      1.7251071823241224,
      2.1089200239905357,
      1.563617190794335,
      1.4848397175346288,
      2.6840645401186074,
      1.815878900750779,
      2.400790202847112,
      1.936885344682768,
      0.0,
      1.5536156244867214
    ],
    [
      1.7251071823241224,
      2.1089200239905357,
      1.563617190794335,
      1.4848397175346288,
      2.6840645401186074,
      1.815878900750779,
      2.400790202847112,
      1.936885344682768,
      1.5536156244867214,
      0.0
    ]
  ]
}