{
  "servicechain": {
    "SC1": {
      "resptime": 56.53439425855079,
      "resptime_old": 46.53439425855078,
      "waittime": 38.109335630912504,
      "servicetime": 10.0,
      "networktime": 8.42505862763829,
      "services": {
        "MS1_1": {
          "meanserv": 3.285455752749743,
          "stddevserv": 3.285455752749743,
          "rate": 0.30437177525920284,
          "cv": 1.0,
          "lambda": 0.2
        },
        "MS1_2": {
          "meanserv": 3.746629201228296,
          "stddevserv": 3.746629201228296,
          "rate": 0.2669065835690812,
          "cv": 1.0,
          "lambda": 0.2
        },
        "MS1_3": {
          "meanserv": 0.30819911640234565,
          "stddevserv": 0.30819911640234565,
          "rate": 3.2446556358536958,
          "cv": 1.0,
          "lambda": 0.2
        },
        "MS1_4": {
          "meanserv": 0.42005730614797976,
          "stddevserv": 0.42005730614797976,
          "rate": 2.380627560487462,
          "cv": 1.0,
          "lambda": 0.2
        },
        "MS1_5": {
          "meanserv": 2.2396586234716356,
          "stddevserv": 2.2396586234716356,
          "rate": 0.44649661761841475,
          "cv": 1.0,
          "lambda": 0.2
        }
      },
      "sensors": [
        "S1"
      ],
      "sources": [
        {
          "startTime": 0,
          "stopTime": -1,
          "lambda": 0.2
        }
      ]
    },
    "SC2": {
      "resptime": 51.45647264439343,
      "resptime_old": 41.45647264439343,
      "waittime": 37.41881431601754,
      "servicetime": 10.0,
      "networktime": 4.037658328375894,
      "services": {
        "MS2_1": {
          "meanserv": 3.3296779584058234,
          "stddevserv": 3.3296779584058234,
          "rate": 0.3003293449072108,
          "cv": 1.0,
          "lambda": 0.2
        },
        "MS2_2": {
          "meanserv": 3.2740776711766797,
          "stddevserv": 3.2740776711766797,
          "rate": 0.3054295286894056,
          "cv": 1.0,
          "lambda": 0.2
        },
        "MS2_3": {
          "meanserv": 0.9689966706885311,
          "stddevserv": 0.9689966706885311,
          "rate": 1.0319952898181157,
          "cv": 1.0,
          "lambda": 0.2
        },
        "MS2_4": {
          "meanserv": 2.034058447187567,
          "stddevserv": 2.034058447187567,
          "rate": 0.4916279575853244,
          "cv": 1.0,
          "lambda": 0.2
        },
        "MS2_5": {
          "meanserv": 0.3931892525413989,
          "stddevserv": 0.3931892525413989,
          "rate": 2.5433045118513506,
          "cv": 1.0,
          "lambda": 0.2
        }
      },
      "sensors": [
        "S2"
      ],
      "sources": [
        {
          "startTime": 0,
          "stopTime": -1,
          "lambda": 0.2
        }
      ]
    },
    "SC3": {
      "resptime": 80.42500239488398,
      "resptime_old": 70.42500239488398,
      "waittime": 62.13819631976697,
      "servicetime": 10.0,
      "networktime": 8.286806075117008,
      "services": {
        "MS3_1": {
          "meanserv": 3.578410299989865,
          "stddevserv": 3.578410299989865,
          "rate": 0.27945370043307566,
          "cv": 1.0,
          "lambda": 0.2
        },
        "MS3_2": {
          "meanserv": 0.5921816964545226,
          "stddevserv": 0.5921816964545226,
          "rate": 1.6886709028447595,
          "cv": 1.0,
          "lambda": 0.2
        },
        "MS3_3": {
          "meanserv": 4.393160652981963,
          "stddevserv": 4.393160652981963,
          "rate": 0.2276265493093739,
          "cv": 1.0,
          "lambda": 0.2
        },
        "MS3_4": {
          "meanserv": 0.8479732155562694,
          "stddevserv": 0.8479732155562694,
          "rate": 1.1792825311634416,
          "cv": 1.0,
          "lambda": 0.2
        },
        "MS3_5": {
          "meanserv": 0.5882741350173806,
          "stddevserv": 0.5882741350173806,
          "rate": 1.6998877572111086,
          "cv": 1.0,
          "lambda": 0.2
        }
      },
      "sensors": [
        "S3"
      ],
      "sources": [
        {
          "startTime": 0,
          "stopTime": -1,
          "lambda": 0.2
        }
      ]
    },
    "SC4": {
      "resptime": 5565.944346752944,
      "resptime_old": 5555.9443467529445,
      "waittime": 5548.0540606011555,
      "servicetime": 10.0,
      "networktime": 7.890286151788314,
      "services": {
        "MS4_1": {
          "meanserv": 5.257047905056393,
          "stddevserv": 5.257047905056393,
          "rate": 0.1902208269850782,
          "cv": 1.0,
          "lambda": 0.2
        },
        "MS4_2": {
          "meanserv": 0.3309462944693351,
          "stddevserv": 0.3309462944693351,
          "rate": 3.0216383041951786,
          "cv": 1.0,
          "lambda": 0.2
        },
        "MS4_3": {
          "meanserv": 1.7499480735712485,
          "stddevserv": 1.7499480735712485,
          "rate": 0.5714455275002681,
          "cv": 1.0,
          "lambda": 0.2
        },
        "MS4_4": {
          "meanserv": 1.7594556941483441,
          "stddevserv": 1.7594556941483441,
          "rate": 0.5683575911151574,
          "cv": 1.0,
          "lambda": 0.2
        },
        "MS4_5": {
          "meanserv": 0.9026020327546789,
          "stddevserv": 0.9026020327546789,
          "rate": 1.1079079857022582,
          "cv": 1.0,
          "lambda": 0.2
        }
      },
      "sensors": [
        "S4"
      ],
      "sources": [
        {
          "startTime": 0,
          "stopTime": -1,
          "lambda": 0.2
        }
      ]
    }
  },
  "microservice": {
    "MS1_1": "F7",
    "MS1_2": "F3",
    "MS1_3": "F6",
    "MS1_4": "F10",
    "MS1_5": "F6",
    "MS2_1": "F5",
    "MS2_2": "F8",
    "MS2_3": "F9",
    "MS2_4": "F9",
    "MS2_5": "F5",
    "MS3_1": "F4",
    "MS3_2": "F6",
    "MS3_3": "F2",
    "MS3_4": "F9",
    "MS3_5": "F8",
    "MS4_1": "F1",
    "MS4_2": "F7",
    "MS4_3": "F10",
    "MS4_4": "F10",
    "MS4_5": "F6"
  },
  "sensor": {
    "S1": "F7",
    "S2": "F5",
    "S3": "F4",
    "S4": "F1"
  },
  "fog": {
    "F1": {
      "rho": 1.0514095810112787,
      "capacity": 1.0,
      "tserv": 5.257047905056393,
      "stddev": 5.257047905056393,
      "mu": 0.1902208269850782,
      "cv": 1.0,
      "lambda": 0.2,
      "twait": 5521.783224676346
    },
    "F2": {
      "rho": 0.8786321305963927,
      "capacity": 1.0,
      "tserv": 4.393160652981963,
      "stddev": 4.393160652981963,
      "mu": 0.2276265493093739,
      "cv": 1.0,
      "lambda": 0.2,
      "twait": 31.803904308029768
    },
    "F3": {
      "rho": 0.7493258402456592,
      "capacity": 1.0,
      "tserv": 3.746629201228296,
      "stddev": 3.746629201228296,
      "mu": 0.2669065835690812,
      "cv": 1.0,
      "lambda": 0.2,
      "twait": 11.199583064527257
    },
    "F4": {
      "rho": 0.715682059997973,
      "capacity": 1.0,
      "tserv": 3.578410299989865,
      "stddev": 3.578410299989865,
      "mu": 0.27945370043307566,
      "cv": 1.0,
      "lambda": 0.2,
      "twait": 9.00753591207242
    },
    "F5": {
      "rho": 0.7445734421894444,
      "capacity": 1.0,
      "tserv": 1.861433605473611,
      "stddev": 2.78862296257869,
      "mu": 0.5372203429977115,
      "cv": 1.498104984447818,
      "lambda": 0.4,
      "twait": 8.802023713873252
    },
    "F6": {
      "rho": 0.8085282938166364,
      "capacity": 1.0,
      "tserv": 1.0106603672707954,
      "stddev": 1.4549155096167623,
      "mu": 0.989452077457452,
      "cv": 1.439569173515373,
      "lambda": 0.8,
      "twait": 6.555983817452423
    },
    "F7": {
      "rho": 0.7232804094438158,
      "capacity": 1.0,
      "tserv": 1.8082010236095394,
      "stddev": 2.762997287605759,
      "mu": 0.5530358554956436,
      "cv": 1.5280365686831938,
      "lambda": 0.4,
      "twait": 7.880717755605025
    },
    "F8": {
      "rho": 0.7724703612388122,
      "capacity": 1.0,
      "tserv": 1.9311759030970304,
      "stddev": 2.708544015910675,
      "mu": 0.5178192200908773,
      "cv": 1.4025361499006785,
      "lambda": 0.4,
      "twait": 9.726777676153674
    },
    "F9": {
      "rho": 0.7702056666864734,
      "capacity": 1.0,
      "tserv": 1.2836761111441222,
      "stddev": 1.488549708317517,
      "mu": 0.7790127052444049,
      "cv": 1.1595991351671988,
      "lambda": 0.6000000000000001,
      "twait": 5.043994606058679
    },
    "F10": {
      "rho": 0.7858922147735146,
      "capacity": 1.0,
      "tserv": 1.3098203579558574,
      "stddev": 1.5834575428771132,
      "mu": 0.7634634733885403,
      "cv": 1.2089119956482441,
      "lambda": 0.6000000000000001,
      "twait": 5.917067175875371
    }
  },
  "extra": {
    "deltatime": 0.0137818,
    "obj_func": 1438.590054012693
  },
  "network": [
    [
      0.0,
      2.0845189489024367,
      2.1994413777532533,
      2.046079344192874,
      1.845444293701162,
      2.254603238660869,
      2.9214675412000903,
      1.5821700773341245,
      1.914411363829865,
      1.914411363829865
    ],
    [
      2.0845189489024367,
      0.0,
      1.6999747252421087,
      2.400677181605745,
      2.1232997825426034,
      2.3441202114530015,
      1.9184759967704184,
      1.914411363829865,
      2.0153899181964947,
      2.0153899181964947
    ],
    [
      2.1994413777532533,
      1.6999747252421087,
      0.0,
      2.4828609606076335,
      2.5243656808569024,
      1.68740484536715,
      1.5821700773341245,
      2.0153899181964947,
      2.028717637818797,
      2.028717637818797
    ],
    [
      2.046079344192874,
      2.400677181605745,
      2.4828609606076335,
      0.0,
      2.340795545421322,
      2.9214675412000903,
      1.914411363829865,
      2.028717637818797,
      1.376568870977509,
      1.376568870977509
    ],
    [
      1.845444293701162,
      2.1232997825426034,
      2.5243656808569024,
      2.340795545421322,
      0.0,
      1.9184759967704184,
      2.0153899181964947,
      1.376568870977509,
      1.6552610531309642,
      1.6552610531309642
    ],
    [
      2.254603238660869,
      2.3441202114530015,
      1.68740484536715,
      2.9214675412000903,
      1.9184759967704184,
      0.0,
      2.028717637818797,
      1.6552610531309642,
      2.577741852468507,
      2.577741852468507
    ],
    [
      2.9214675412000903,
      1.9184759967704184,
      1.5821700773341245,
      1.914411363829865,
      2.0153899181964947,
      2.028717637818797,
      0.0,
      2.577741852468507,
      2.391076758119717,
      2.391076758119717
    ],
    [
      1.5821700773341245,
      1.914411363829865,
      2.0153899181964947,
      2.028717637818797,
      1.376568870977509,
      1.6552610531309642,
      2.577741852468507,
      0.0,
      1.005828404267421,
      1.005828404267421
    ],
    [
      1.914411363829865,
      2.0153899181964947,
      2.028717637818797,
      1.376568870977509,
      1.6552610531309642,
      2.577741852468507,
      2.391076758119717,
      1.005828404267421,
      0.0,
      1.4011045506995945
    ],
    [
      1.914411363829865,
      2.0153899181964947,
      2.028717637818797,
      1.376568870977509,
      1.6552610531309642,
      2.577741852468507,
      2.391076758119717,
      1.005828404267421,
      1.4011045506995945,
      0.0
    ]
  ]
}