{
  "servicechain": {
    "SC1": {
      "resptime": 39.353470778803114,
      "resptime_old": 29.353470778803114,
      "waittime": 25.181434572883425,
      "servicetime": 10.0,
      "networktime": 4.172036205919691,
      "services": {
        "MS1_1": {
          "meanserv": 0.09238477039829052,
          "stddevserv": 0.09238477039829052,
          "rate": 10.82429491017606,
          "cv": 1.0,
          "lambda": 0.15
        },
        "MS1_2": {
          "meanserv": 1.3063153883155876,
          "stddevserv": 1.3063153883155876,
          "rate": 0.7655119192076867,
          "cv": 1.0,
          "lambda": 0.15
        },
        "MS1_3": {
          "meanserv": 0.007068550132010021,
          "stddevserv": 0.007068550132010021,
          "rate": 141.47172776938896,
          "cv": 1.0,
          "lambda": 0.15
        },
        "MS1_4": {
          "meanserv": 0.7605741608015595,
          "stddevserv": 0.7605741608015595,
          "rate": 1.3147961783846465,
          "cv": 1.0,
          "lambda": 0.15
        },
        "MS1_5": {
          "meanserv": 0.13291264180970597,
          "stddevserv": 0.13291264180970597,
          "rate": 7.523738798538988,
          "cv": 1.0,
          "lambda": 0.15
        },
        "MS1_6": {
          "meanserv": 0.4719749188735607,
          "stddevserv": 0.4719749188735607,
          "rate": 2.1187566542447867,
          "cv": 1.0,
          "lambda": 0.15
        },
        "MS1_7": {
          "meanserv": 0.02806602096861166,
          "stddevserv": 0.02806602096861166,
          "rate": 35.63027338711017,
          "cv": 1.0,
          "lambda": 0.15
        },
        "MS1_8": {
          "meanserv": 0.6180445661431122,
          "stddevserv": 0.6180445661431122,
          "rate": 1.6180062972488678,
          "cv": 1.0,
          "lambda": 0.15
        },
        "MS1_9": {
          "meanserv": 2.101928262177707,
          "stddevserv": 2.101928262177707,
          "rate": 0.4757536296523973,
          "cv": 1.0,
          "lambda": 0.15
        },
        "MS1_10": {
          "meanserv": 0.33838982825289143,
          "stddevserv": 0.33838982825289143,
          "rate": 2.9551715699109677,
          "cv": 1.0,
          "lambda": 0.15
        },
        "MS1_11": {
          "meanserv": 0.5680444099298834,
          "stddevserv": 0.5680444099298834,
          "rate": 1.7604257387612268,
          "cv": 1.0,
          "lambda": 0.15
        },
        "MS1_12": {
          "meanserv": 0.3090592809095414,
          "stddevserv": 0.3090592809095414,
          "rate": 3.2356252077499987,
          "cv": 1.0,
          "lambda": 0.15
        },
        "MS1_13": {
          "meanserv": 1.2114663767334832,
          "stddevserv": 1.2114663767334832,
          "rate": 0.8254459382490936,
          "cv": 1.0,
          "lambda": 0.15
        },
        "MS1_14": {
          "meanserv": 1.8502069146718867,
          "stddevserv": 1.8502069146718867,
          "rate": 0.5404800901294539,
          "cv": 1.0,
          "lambda": 0.15
        },
        "MS1_15": {
          "meanserv": 0.20356390988216866,
          "stddevserv": 0.20356390988216866,
          "rate": 4.912462138199458,
          "cv": 1.0,
          "lambda": 0.15
        }
      },
      "sensors": [
        "S1"
      ],
      "sources": [
        {
          "startTime": 0,
          "stopTime": -1,
          "lambda": 0.15
        }
      ]
    },
    "SC2": {
      "resptime": 37.97851580583465,
      "resptime_old": 27.978515805834643,
      "waittime": 24.827710196901233,
      "servicetime": 10.0,
      "networktime": 3.150805608933409,
      "services": {
        "MS2_1": {
          "meanserv": 0.5469616229387919,
          "stddevserv": 0.5469616229387919,
          "rate": 1.8282818356195818,
          "cv": 1.0,
          "lambda": 0.15
        },
        "MS2_2": {
          "meanserv": 0.28655065753314446,
          "stddevserv": 0.28655065753314446,
          "rate": 3.4897843495066243,
          "cv": 1.0,
          "lambda": 0.15
        },
        "MS2_3": {
          "meanserv": 1.535349584025899,
          "stddevserv": 1.535349584025899,
          "rate": 0.6513174656796152,
          "cv": 1.0,
          "lambda": 0.15
        },
        "MS2_4": {
          "meanserv": 0.29534619059467504,
          "stddevserv": 0.29534619059467504,
          "rate": 3.3858571122468697,
          "cv": 1.0,
          "lambda": 0.15
        },
        "MS2_5": {
          "meanserv": 0.14426645246355108,
          "stddevserv": 0.14426645246355108,
          "rate": 6.931618424960232,
          "cv": 1.0,
          "lambda": 0.15
        },
        "MS2_6": {
          "meanserv": 0.35140265685153027,
          "stddevserv": 0.35140265685153027,
          "rate": 2.845738301923272,
          "cv": 1.0,
          "lambda": 0.15
        },
        "MS2_7": {
          "meanserv": 0.29044335886840633,
          "stddevserv": 0.29044335886840633,
          "rate": 3.4430121036201022,
          "cv": 1.0,
          "lambda": 0.15
        },
        "MS2_8": {
          "meanserv": 0.6171285623667009,
          "stddevserv": 0.6171285623667009,
          "rate": 1.620407903605983,
          "cv": 1.0,
          "lambda": 0.15
        },
        "MS2_9": {
          "meanserv": 0.9197493993521766,
          "stddevserv": 0.9197493993521766,
          "rate": 1.087252680680572,
          "cv": 1.0,
          "lambda": 0.15
        },
        "MS2_10": {
          "meanserv": 1.4714246779478604,
          "stddevserv": 1.4714246779478604,
          "rate": 0.6796134487799006,
          "cv": 1.0,
          "lambda": 0.15
        },
        "MS2_11": {
          "meanserv": 0.9490310255052705,
          "stddevserv": 0.9490310255052705,
          "rate": 1.053706331115564,
          "cv": 1.0,
          "lambda": 0.15
        },
        "MS2_12": {
          "meanserv": 0.4092078658948779,
          "stddevserv": 0.4092078658948779,
          "rate": 2.4437457911840132,
          "cv": 1.0,
          "lambda": 0.15
        },
        "MS2_13": {
          "meanserv": 0.13690675697013255,
          "stddevserv": 0.13690675697013255,
          "rate": 7.304241383923506,
          "cv": 1.0,
          "lambda": 0.15
        },
        "MS2_14": {
          "meanserv": 0.34641075712661973,
          "stddevserv": 0.34641075712661973,
          "rate": 2.886746382516294,
          "cv": 1.0,
          "lambda": 0.15
        },
        "MS2_15": {
          "meanserv": 1.6998204315603633,
          "stddevserv": 1.6998204315603633,
          "rate": 0.5882974350896831,
          "cv": 1.0,
          "lambda": 0.15
        }
      },
      "sensors": [
        "S2"
      ],
      "sources": [
        {
          "startTime": 0,
          "stopTime": -1,
          "lambda": 0.15
        }
      ]
    },
    "SC3": {
      "resptime": 38.156441381983775,
      "resptime_old": 28.156441381983772,
      "waittime": 24.479390288763184,
      "servicetime": 10.0,
      "networktime": 3.677051093220589,
      "services": {
        "MS3_1": {
          "meanserv": 0.17536088051770315,
          "stddevserv": 0.17536088051770315,
          "rate": 5.702526110999125,
          "cv": 1.0,
          "lambda": 0.15
        },
        "MS3_2": {
          "meanserv": 1.2398553152917324,
          "stddevserv": 1.2398553152917324,
          "rate": 0.8065457216390644,
          "cv": 1.0,
          "lambda": 0.15
        },
        "MS3_3": {
          "meanserv": 0.4050692772931297,
          "stddevserv": 0.4050692772931297,
          "rate": 2.468713516568048,
          "cv": 1.0,
          "lambda": 0.15
        },
        "MS3_4": {
          "meanserv": 0.5033724159447353,
          "stddevserv": 0.5033724159447353,
          "rate": 1.9866007121649452,
          "cv": 1.0,
          "lambda": 0.15
        },
        "MS3_5": {
          "meanserv": 0.32808317740637616,
          "stddevserv": 0.32808317740637616,
          "rate": 3.048007544627509,
          "cv": 1.0,
          "lambda": 0.15
        },
        "MS3_6": {
          "meanserv": 1.808487594500579,
          "stddevserv": 1.808487594500579,
          "rate": 0.5529482220618461,
          "cv": 1.0,
          "lambda": 0.15
        },
        "MS3_7": {
          "meanserv": 1.0963939394938453,
          "stddevserv": 1.0963939394938453,
          "rate": 0.9120809263699998,
          "cv": 1.0,
          "lambda": 0.15
        },
        "MS3_8": {
          "meanserv": 0.5620009908329848,
          "stddevserv": 0.5620009908329848,
          "rate": 1.7793562935143996,
          "cv": 1.0,
          "lambda": 0.15
        },
        "MS3_9": {
          "meanserv": 0.4579780711250985,
          "stddevserv": 0.4579780711250985,
          "rate": 2.183510659240377,
          "cv": 1.0,
          "lambda": 0.15
        },
        "MS3_10": {
          "meanserv": 0.1265236702702328,
          "stddevserv": 0.1265236702702328,
          "rate": 7.903659432769946,
          "cv": 1.0,
          "lambda": 0.15
        },
        "MS3_11": {
          "meanserv": 0.37925894589204745,
          "stddevserv": 0.37925894589204745,
          "rate": 2.6367209286202065,
          "cv": 1.0,
          "lambda": 0.15
        },
        "MS3_12": {
          "meanserv": 1.2816183902317944,
          "stddevserv": 1.2816183902317944,
          "rate": 0.7802634603418411,
          "cv": 1.0,
          "lambda": 0.15
        },
        "MS3_13": {
          "meanserv": 0.9908492915789449,
          "stddevserv": 0.9908492915789449,
          "rate": 1.0092352172008654,
          "cv": 1.0,
          "lambda": 0.15
        },
        "MS3_14": {
          "meanserv": 0.4554403559972684,
          "stddevserv": 0.4554403559972684,
          "rate": 2.1956771876535193,
          "cv": 1.0,
          "lambda": 0.15
        },
        "MS3_15": {
          "meanserv": 0.18970768362352786,
          "stddevserv": 0.18970768362352786,
          "rate": 5.2712677784020885,
          "cv": 1.0,
          "lambda": 0.15
        }
      },
      "sensors": [
        "S3"
      ],
      "sources": [
        {
          "startTime": 0,
          "stopTime": -1,
          "lambda": 0.15
        }
      ]
    },
    "SC4": {
      "resptime": 38.28159044279306,
      "resptime_old": 28.28159044279306,
      "waittime": 25.72373641399424,
      "servicetime": 10.0,
      "networktime": 2.5578540287988245,
      "services": {
        "MS4_1": {
          "meanserv": 1.7713842730520568,
          "stddevserv": 1.7713842730520568,
          "rate": 0.5645302463236966,
          "cv": 1.0,
          "lambda": 0.15
        },
        "MS4_2": {
          "meanserv": 0.4373611660843557,
          "stddevserv": 0.4373611660843557,
          "rate": 2.2864398523373373,
          "cv": 1.0,
          "lambda": 0.15
        },
        "MS4_3": {
          "meanserv": 0.7469121173981397,
          "stddevserv": 0.7469121173981397,
          "rate": 1.3388455973689237,
          "cv": 1.0,
          "lambda": 0.15
        },
        "MS4_4": {
          "meanserv": 0.3063125561909139,
          "stddevserv": 0.3063125561909139,
          "rate": 3.264639270538864,
          "cv": 1.0,
          "lambda": 0.15
        },
        "MS4_5": {
          "meanserv": 0.36922713824466014,
          "stddevserv": 0.36922713824466014,
          "rate": 2.70835996713051,
          "cv": 1.0,
          "lambda": 0.15
        },
        "MS4_6": {
          "meanserv": 0.3134276420426798,
          "stddevserv": 0.3134276420426798,
          "rate": 3.1905290595391356,
          "cv": 1.0,
          "lambda": 0.15
        },
        "MS4_7": {
          "meanserv": 0.13605172022047807,
          "stddevserv": 0.13605172022047807,
          "rate": 7.350145947287208,
          "cv": 1.0,
          "lambda": 0.15
        },
        "MS4_8": {
          "meanserv": 0.10960158392364949,
          "stddevserv": 0.10960158392364949,
          "rate": 9.123955733127167,
          "cv": 1.0,
          "lambda": 0.15
        },
        "MS4_9": {
          "meanserv": 1.704724519336665,
          "stddevserv": 1.704724519336665,
          "rate": 0.5866050430183968,
          "cv": 1.0,
          "lambda": 0.15
        },
        "MS4_10": {
          "meanserv": 1.5499003124205588,
          "stddevserv": 1.5499003124205588,
          "rate": 0.6452027862606523,
          "cv": 1.0,
          "lambda": 0.15
        },
        "MS4_11": {
          "meanserv": 0.28660248852228687,
          "stddevserv": 0.28660248852228687,
          "rate": 3.489153235046798,
          "cv": 1.0,
          "lambda": 0.15
        },
        "MS4_12": {
          "meanserv": 0.9889129135904771,
          "stddevserv": 0.9889129135904771,
          "rate": 1.011211388037465,
          "cv": 1.0,
          "lambda": 0.15
        },
        "MS4_13": {
          "meanserv": 0.4945987614201073,
          "stddevserv": 0.4945987614201073,
          "rate": 2.021840890035327,
          "cv": 1.0,
          "lambda": 0.15
        },
        "MS4_14": {
          "meanserv": 0.20026955947959735,
          "stddevserv": 0.20026955947959735,
          "rate": 4.993270083573914,
          "cv": 1.0,
          "lambda": 0.15
        },
        "MS4_15": {
          "meanserv": 0.5847132480733741,
          "stddevserv": 0.5847132480733741,
          "rate": 1.7102400249951455,
          "cv": 1.0,
          "lambda": 0.15
        }
      },
      "sensors": [
        "S4"
      ],
      "sources": [
        {
          "startTime": 0,
          "stopTime": -1,
          "lambda": 0.15
        }
      ]
    }
  },
  "microservice": {
    "MS1_1": "F10",
    "MS1_2": "F10",
    "MS1_3": "F4",
    "MS1_4": "F4",
    "MS1_5": "F4",
    "MS1_6": "F9",
    "MS1_7": "F7",
    "MS1_8": "F7",
    "MS1_9": "F1",
    "MS1_10": "F10",
    "MS1_11": "F10",
    "MS1_12": "F7",
    "MS1_13": "F2",
    "MS1_14": "F2",
    "MS1_15": "F2",
    "MS2_1": "F4",
    "MS2_2": "F4",
    "MS2_3": "F7",
    "MS2_4": "F9",
    "MS2_5": "F5",
    "MS2_6": "F5",
    "MS2_7": "F5",
    "MS2_8": "F5",
    "MS2_9": "F5",
    "MS2_10": "F9",
    "MS2_11": "F6",
    "MS2_12": "F6",
    "MS2_13": "F6",
    "MS2_14": "F6",
    "MS2_15": "F6",
    "MS3_1": "F9",
    "MS3_2": "F9",
    "MS3_3": "F9",
    "MS3_4": "F6",
    "MS3_5": "F3",
    "MS3_6": "F3",
    "MS3_7": "F3",
    "MS3_8": "F3",
    "MS3_9": "F10",
    "MS3_10": "F10",
    "MS3_11": "F4",
    "MS3_12": "F10",
    "MS3_13": "F7",
    "MS3_14": "F7",
    "MS3_15": "F7",
    "MS4_1": "F4",
    "MS4_2": "F1",
    "MS4_3": "F1",
    "MS4_4": "F1",
    "MS4_5": "F2",
    "MS4_6": "F2",
    "MS4_7": "F2",
    "MS4_8": "F5",
    "MS4_9": "F5",
    "MS4_10": "F8",
    "MS4_11": "F8",
    "MS4_12": "F8",
    "MS4_13": "F8",
    "MS4_14": "F8",
    "MS4_15": "F8"
  },
  "sensor": {
    "S1": "F10",
    "S2": "F4",
    "S3": "F9",
    "S4": "F4"
  },
  "fog": {
    "F1": {
      "rho": 0.5388771152776675,
      "capacity": 1.0,
      "tserv": 0.8981285254627791,
      "stddev": 1.350522603593986,
      "mu": 1.1134263879267496,
      "cv": 1.5037075043330814,
      "lambda": 0.6,
      "twait": 1.7113959672499583
    },
    "F2": {
      "rho": 0.6125915552693035,
      "capacity": 1.0,
      "tserv": 0.6806572836325595,
      "stddev": 1.1248032862332706,
      "mu": 1.4691681467994573,
      "cv": 1.6525251595492736,
      "lambda": 0.9,
      "twait": 2.00773771789652
    },
    "F3": {
      "rho": 0.5692448553350679,
      "capacity": 1.0,
      "tserv": 0.9487414255584463,
      "stddev": 1.2441804832648475,
      "mu": 1.0540279712265983,
      "cv": 1.311401030615376,
      "lambda": 0.6,
      "twait": 1.7049793121417753
    },
    "F4": {
      "rho": 0.5827066278238975,
      "capacity": 1.0,
      "tserv": 0.5549586931656166,
      "stddev": 0.9533669128887087,
      "mu": 1.8019359139970612,
      "cv": 1.7179060795506718,
      "lambda": 1.05,
      "twait": 1.530975673221776
    },
    "F5": {
      "rho": 0.6205974799744018,
      "capacity": 1.0,
      "tserv": 0.5910452190232398,
      "stddev": 0.9488140292156259,
      "mu": 1.6919179240678033,
      "cv": 1.6053154626369097,
      "lambda": 1.05,
      "twait": 1.7291156085711115
    },
    "F6": {
      "rho": 0.6067123879502999,
      "capacity": 1.0,
      "tserv": 0.6741248755003332,
      "stddev": 0.9977132325169096,
      "mu": 1.4834046870882838,
      "cv": 1.4800124854855863,
      "lambda": 0.9,
      "twait": 1.658949326036759
    },
    "F7": {
      "rho": 0.6189775174870359,
      "capacity": 1.0,
      "tserv": 0.5895023976067008,
      "stddev": 0.9015041786658422,
      "mu": 1.6963459420349492,
      "cv": 1.5292629552073513,
      "lambda": 1.05,
      "twait": 1.5986379543120204
    },
    "F8": {
      "rho": 0.6157495925259601,
      "capacity": 1.0,
      "tserv": 0.6841662139177335,
      "stddev": 0.9459837744309559,
      "mu": 1.4616331231466562,
      "cv": 1.38268121866758,
      "lambda": 0.9,
      "twait": 1.5961880780317994
    },
    "F9": {
      "rho": 0.608854689077799,
      "capacity": 1.0,
      "tserv": 0.6765052100864434,
      "stddev": 0.9719698455672429,
      "mu": 1.4781852158569786,
      "cv": 1.436751455976289,
      "lambda": 0.9,
      "twait": 1.613398111553155
    },
    "F10": {
      "rho": 0.6256881792785668,
      "capacity": 1.0,
      "tserv": 0.5958935040748254,
      "stddev": 0.8908524135142705,
      "mu": 1.678152208677931,
      "cv": 1.4949859453450385,
      "lambda": 1.05,
      "twait": 1.61114661444734
    }
  },
  "extra": {
    "deltatime": 0.1016904,
    "obj_func": 38.44250460235365
  },
  "network": [
    [
      0.0,
      0.5966590126564929,
      0.7503274345445077,
      0.7901413938418701,
      0.634386839246004,
      0.5562709303211848,
      0.6211308948664349,
      0.6130378752315547,
      0.8057374626383398,
      0.8057374626383398
    ],
    [
      0.5966590126564929,
      0.0,
      0.6451309656803761,
      0.681813471675281,
      0.6304262863786321,
      0.7396341283317276,
      0.670899474385343,
      0.8057374626383398,
      0.7382319337268906,
      0.7382319337268906
    ],
    [
      0.7503274345445077,
      0.6451309656803761,
      0.0,
      0.52731735261917,
      0.607528234695294,
      0.8783643939518103,
      0.6130378752315547,
      0.7382319337268906,
      0.6078583098665826,
      0.6078583098665826
    ],
    [
      0.7901413938418701,
      0.681813471675281,
      0.52731735261917,
      0.0,
      0.3809633744338574,
      0.6211308948664349,
      0.8057374626383398,
      0.6078583098665826,
      0.5406273359218299,
      0.5406273359218299
    ],
    [
      0.634386839246004,
      0.6304262863786321,
      0.607528234695294,
      0.3809633744338574,
      0.0,
      0.670899474385343,
      0.7382319337268906,
      0.5406273359218299,
      0.6177472143682663,
      0.6177472143682663
    ],
    [
      0.5562709303211848,
      0.7396341283317276,
      0.8783643939518103,
      0.6211308948664349,
      0.670899474385343,
      0.0,
      0.6078583098665826,
      0.6177472143682663,
      0.6130668664655796,
      0.6130668664655796
    ],
    [
      0.6211308948664349,
      0.670899474385343,
      0.6130378752315547,
      0.8057374626383398,
      0.7382319337268906,
      0.6078583098665826,
      0.0,
      0.6130668664655796,
      0.4965068510929569,
      0.4965068510929569
    ],
    [
      0.6130378752315547,
      0.8057374626383398,
      0.7382319337268906,
      0.6078583098665826,
      0.5406273359218299,
      0.6177472143682663,
      0.6130668664655796,
      0.0,
      0.5190180367155578,
      0.5190180367155578
    ],
    [
      0.8057374626383398,
      0.7382319337268906,
      0.6078583098665826,
      0.5406273359218299,
      0.6177472143682663,
      0.6130668664655796,
      0.4965068510929569,
      0.5190180367155578,
      0.0,
      0.5609832767656041
    ],
    [
      0.8057374626383398,
      0.7382319337268906,
      0.6078583098665826,
      0.5406273359218299,
      0.6177472143682663,
      0.6130668664655796,
      0.4965068510929569,
      0.5190180367155578,
      0.5609832767656041,
      0.0
    ]
  ]
}