{
  "servicechain": {
    "SC1": {
      "resptime": 56.11069487903882,
      "resptime_old": 46.110694879038824,
      "waittime": 41.71935495564557,
      "servicetime": 10.0,
      "networktime": 4.391339923393249,
      "services": {
        "MS1_1": {
          "meanserv": 2.6284777932679173,
          "stddevserv": 2.6284777932679173,
          "rate": 0.3804483349873488,
          "cv": 1.0,
          "lambda": 0.225
        },
        "MS1_2": {
          "meanserv": 0.847343621960229,
          "stddevserv": 0.847343621960229,
          "rate": 1.1801587621402265,
          "cv": 1.0,
          "lambda": 0.225
        },
        "MS1_3": {
          "meanserv": 0.5241092574431714,
          "stddevserv": 0.5241092574431714,
          "rate": 1.907999116211812,
          "cv": 1.0,
          "lambda": 0.225
        },
        "MS1_4": {
          "meanserv": 2.92802718413125,
          "stddevserv": 2.92802718413125,
          "rate": 0.34152688384165447,
          "cv": 1.0,
          "lambda": 0.225
        },
        "MS1_5": {
          "meanserv": 3.0720421431974323,
          "stddevserv": 3.0720421431974323,
          "rate": 0.32551636774070536,
          "cv": 1.0,
          "lambda": 0.225
        }
      },
      "sensors": [
        "S1"
      ],
      "sources": [
        {
          "startTime": 0,
          "stopTime": -1,
          "lambda": 0.225
        }
      ]
    },
    "SC2": {
      "resptime": 9144.692180629827,
      "resptime_old": 9134.692180629825,
      "waittime": 9126.160671548416,
      "servicetime": 10.0,
      "networktime": 8.531509081410622,
      "services": {
        "MS2_1": {
          "meanserv": 2.1350713316879544,
          "stddevserv": 2.1350713316879544,
          "rate": 0.4683684264588085,
          "cv": 1.0,
          "lambda": 0.225
        },
        "MS2_2": {
          "meanserv": 1.8610905034200242,
          "stddevserv": 1.8610905034200242,
          "rate": 0.5373193824600978,
          "cv": 1.0,
          "lambda": 0.225
        },
        "MS2_3": {
          "meanserv": 0.5445324994868908,
          "stddevserv": 0.5445324994868908,
          "rate": 1.836437679922306,
          "cv": 1.0,
          "lambda": 0.225
        },
        "MS2_4": {
          "meanserv": 1.248746850029443,
          "stddevserv": 1.248746850029443,
          "rate": 0.8008028208250711,
          "cv": 1.0,
          "lambda": 0.225
        },
        "MS2_5": {
          "meanserv": 4.210558815375688,
          "stddevserv": 4.210558815375688,
          "rate": 0.2374981668343647,
          "cv": 1.0,
          "lambda": 0.225
        }
      },
      "sensors": [
        "S2"
      ],
      "sources": [
        {
          "startTime": 0,
          "stopTime": -1,
          "lambda": 0.225
        }
      ]
    },
    "SC3": {
      "resptime": 230.35262387236182,
      "resptime_old": 220.3526238723618,
      "waittime": 213.47725954105132,
      "servicetime": 10.0,
      "networktime": 6.875364331310505,
      "services": {
        "MS3_1": {
          "meanserv": 2.310940232049682,
          "stddevserv": 2.310940232049682,
          "rate": 0.43272430248576904,
          "cv": 1.0,
          "lambda": 0.225
        },
        "MS3_2": {
          "meanserv": 2.0116501271530414,
          "stddevserv": 2.0116501271530414,
          "rate": 0.4971043356407287,
          "cv": 1.0,
          "lambda": 0.225
        },
        "MS3_3": {
          "meanserv": 2.5973799752506688,
          "stddevserv": 2.5973799752506688,
          "rate": 0.38500335319767437,
          "cv": 1.0,
          "lambda": 0.225
        },
        "MS3_4": {
          "meanserv": 2.3256473109164553,
          "stddevserv": 2.3256473109164553,
          "rate": 0.4299878125569846,
          "cv": 1.0,
          "lambda": 0.225
        },
        "MS3_5": {
          "meanserv": 0.7543823546301525,
          "stddevserv": 0.7543823546301525,
          "rate": 1.3255877392443323,
          "cv": 1.0,
          "lambda": 0.225
        }
      },
      "sensors": [
        "S3"
      ],
      "sources": [
        {
          "startTime": 0,
          "stopTime": -1,
          "lambda": 0.225
        }
      ]
    },
    "SC4": {
      "resptime": 131.77421418616785,
      "resptime_old": 121.77421418616787,
      "waittime": 115.31305454749489,
      "servicetime": 10.0,
      "networktime": 6.461159638672974,
      "services": {
        "MS4_1": {
          "meanserv": 1.8822010234619457,
          "stddevserv": 1.8822010234619457,
          "rate": 0.5312928786749318,
          "cv": 1.0,
          "lambda": 0.225
        },
        "MS4_2": {
          "meanserv": 2.405884328813327,
          "stddevserv": 2.405884328813327,
          "rate": 0.4156475804026862,
          "cv": 1.0,
          "lambda": 0.225
        },
        "MS4_3": {
          "meanserv": 0.09233788784408148,
          "stddevserv": 0.09233788784408148,
          "rate": 10.829790710488906,
          "cv": 1.0,
          "lambda": 0.225
        },
        "MS4_4": {
          "meanserv": 2.6258666655636382,
          "stddevserv": 2.6258666655636382,
          "rate": 0.3808266478699335,
          "cv": 1.0,
          "lambda": 0.225
        },
        "MS4_5": {
          "meanserv": 2.9937100943170076,
          "stddevserv": 2.9937100943170076,
          "rate": 0.33403368011428725,
          "cv": 1.0,
          "lambda": 0.225
        }
      },
      "sensors": [
        "S4"
      ],
      "sources": [
        {
          "startTime": 0,
          "stopTime": -1,
          "lambda": 0.225
        }
      ]
    }
  },
  "microservice": {
    "MS1_1": "F5",
    "MS1_2": "F5",
    "MS1_3": "F3",
    "MS1_4": "F4",
    "MS1_5": "F2",
    "MS2_1": "F1",
    "MS2_2": "F8",
    "MS2_3": "F4",
    "MS2_4": "F7",
    "MS2_5": "F1",
    "MS3_1": "F10",
    "MS3_2": "F10",
    "MS3_3": "F7",
    "MS3_4": "F9",
    "MS3_5": "F6",
    "MS4_1": "F9",
    "MS4_2": "F8",
    "MS4_3": "F6",
    "MS4_4": "F6",
    "MS4_5": "F3"
  },
  "sensor": {
    "S1": "F5",
    "S2": "F1",
    "S3": "F10",
    "S4": "F9"
  },
  "fog": {
    "F1": {
      "rho": 1.4277667830893197,
      "capacity": 1.0,
      "tserv": 3.172815073531821,
      "stddev": 3.4957945646595077,
      "mu": 0.3151775243197043,
      "cv": 1.1017958764196623,
      "lambda": 0.45,
      "twait": 4525.509930902954
    },
    "F2": {
      "rho": 0.6912094822194222,
      "capacity": 1.0,
      "tserv": 3.0720421431974323,
      "stddev": 3.0720421431974323,
      "mu": 0.32551636774070536,
      "cv": 1.0,
      "lambda": 0.225,
      "twait": 6.876586348628158
    },
    "F3": {
      "rho": 0.7915093541460404,
      "capacity": 1.0,
      "tserv": 1.7589096758800895,
      "stddev": 2.4785534883573885,
      "mu": 0.5685340263419946,
      "cv": 1.4091419942398222,
      "lambda": 0.45,
      "twait": 9.968422736961823
    },
    "F4": {
      "rho": 0.7813259288140818,
      "capacity": 1.0,
      "tserv": 1.7362798418090704,
      "stddev": 2.419750223666998,
      "mu": 0.5759440246441361,
      "cv": 1.3936406824523193,
      "lambda": 0.45,
      "twait": 9.126451192081461
    },
    "F5": {
      "rho": 0.7820598184263329,
      "capacity": 1.0,
      "tserv": 1.737910707614073,
      "stddev": 2.146288213577014,
      "mu": 0.5754035553258492,
      "cv": 1.2349818688461796,
      "lambda": 0.45,
      "twait": 7.873947338987063
    },
    "F6": {
      "rho": 0.7813320543085213,
      "capacity": 1.0,
      "tserv": 1.1575289693459574,
      "stddev": 1.9083998175634769,
      "mu": 0.8639092640290752,
      "cv": 1.6486842818644847,
      "lambda": 0.675,
      "twait": 7.689187445577342
    },
    "F7": {
      "rho": 0.8653785356880251,
      "capacity": 1.0,
      "tserv": 1.9230634126400559,
      "stddev": 2.1465270886380172,
      "mu": 0.5200036532477945,
      "cv": 1.1162019278871214,
      "lambda": 0.45,
      "twait": 13.881843297364737
    },
    "F8": {
      "rho": 0.960069337252504,
      "capacity": 1.0,
      "tserv": 2.1334874161166755,
      "stddev": 2.1679872487682084,
      "mu": 0.46871614636479875,
      "cv": 1.0161706286106569,
      "lambda": 0.45,
      "twait": 52.13251525306159
    },
    "F9": {
      "rho": 0.9467658752351402,
      "capacity": 1.0,
      "tserv": 2.1039241671892004,
      "stddev": 2.127162242569044,
      "mu": 0.4753023020482623,
      "cv": 1.0110451107232108,
      "lambda": 0.45,
      "twait": 37.83374166631677
    },
    "F10": {
      "rho": 0.9725828308206128,
      "capacity": 1.0,
      "tserv": 2.1612951796013617,
      "stddev": 2.1716316761395347,
      "mu": 0.46268552738106056,
      "cv": 1.004782547352037,
      "lambda": 0.45,
      "twait": 77.03624356589624
    }
  },
  "extra": {
    "deltatime": 0.0140711,
    "obj_func": 2390.7324283918488
  },
  "network": [
    [
      0.0,
      2.2623895111289674,
      2.167118593688687,
      2.2181473692281197,
      1.9320227732999917,
      2.0058065499194084,
      2.2588433071840726,
      2.521465667480033,
      1.8960412707647718,
      1.8960412707647718
    ],
    [
      2.2623895111289674,
      0.0,
      1.532952718568718,
      0.7276990449858273,
      1.6825256890800526,
      2.1114264629124118,
      1.88121850051123,
      1.8960412707647718,
      1.6791522229203284,
      1.6791522229203284
    ],
    [
      2.167118593688687,
      1.532952718568718,
      0.0,
      1.7312020551665164,
      1.9324388232409058,
      1.6630729669311517,
      2.521465667480033,
      1.6791522229203284,
      1.8551588359817448,
      1.8551588359817448
    ],
    [
      2.2181473692281197,
      0.7276990449858273,
      1.7312020551665164,
      0.0,
      2.242799847596823,
      2.2588433071840726,
      1.8960412707647718,
      1.8551588359817448,
      1.96537017382981,
      1.96537017382981
    ],
    [
      1.9320227732999917,
      1.6825256890800526,
      1.9324388232409058,
      2.242799847596823,
      0.0,
      1.88121850051123,
      1.6791522229203284,
      1.96537017382981,
      1.9136453839943928,
      1.9136453839943928
    ],
    [
      2.0058065499194084,
      2.1114264629124118,
      1.6630729669311517,
      2.2588433071840726,
      1.88121850051123,
      0.0,
      1.8551588359817448,
      1.9136453839943928,
      1.8950542709591645,
      1.8950542709591645
    ],
    [
      2.2588433071840726,
      1.88121850051123,
      2.521465667480033,
      1.8960412707647718,
      1.6791522229203284,
      1.8551588359817448,
      0.0,
      1.8950542709591645,
      2.49015503017567,
      2.49015503017567
    ],
    [
      2.521465667480033,
      1.8960412707647718,
      1.6791522229203284,
      1.8551588359817448,
      1.96537017382981,
      1.9136453839943928,
      1.8950542709591645,
      0.0,
      2.8844412877474297,
      2.8844412877474297
    ],
    [
      1.8960412707647718,
      1.6791522229203284,
      1.8551588359817448,
      1.96537017382981,
      1.9136453839943928,
      1.8950542709591645,
      2.49015503017567,
      2.8844412877474297,
      0.0,
      1.6841056492919957
    ],
    [
      1.8960412707647718,
      1.6791522229203284,
      1.8551588359817448,
      1.96537017382981,
      1.9136453839943928,
      1.8950542709591645,
      2.49015503017567,
      2.8844412877474297,
      1.6841056492919957,
      0.0
    ]
  ]
}