{
  "servicechain": {
    "SC1": {
      "resptime": 31.807886953198086,
      "resptime_old": 21.80788695319809,
      "waittime": 15.804101266694207,
      "servicetime": 10.0,
      "networktime": 6.003785686503878,
      "services": {
        "MS1_1": {
          "meanserv": 0.191450572490256,
          "stddevserv": 0.191450572490256,
          "rate": 5.223280280610786,
          "cv": 1.0,
          "lambda": 0.3
        },
        "MS1_2": {
          "meanserv": 0.03262251169366848,
          "stddevserv": 0.03262251169366848,
          "rate": 30.653678949989754,
          "cv": 1.0,
          "lambda": 0.3
        },
        "MS1_3": {
          "meanserv": 1.8946397011839422,
          "stddevserv": 1.8946397011839422,
          "rate": 0.527804837708779,
          "cv": 1.0,
          "lambda": 0.3
        },
        "MS1_4": {
          "meanserv": 1.363501435942136,
          "stddevserv": 1.363501435942136,
          "rate": 0.7334059016293092,
          "cv": 1.0,
          "lambda": 0.3
        },
        "MS1_5": {
          "meanserv": 1.312942736046629,
          "stddevserv": 1.312942736046629,
          "rate": 0.7616478407969843,
          "cv": 1.0,
          "lambda": 0.3
        },
        "MS1_6": {
          "meanserv": 0.1702358209799284,
          "stddevserv": 0.1702358209799284,
          "rate": 5.874204349259165,
          "cv": 1.0,
          "lambda": 0.3
        },
        "MS1_7": {
          "meanserv": 1.38011634994783,
          "stddevserv": 1.38011634994783,
          "rate": 0.7245765909793049,
          "cv": 1.0,
          "lambda": 0.3
        },
        "MS1_8": {
          "meanserv": 2.334851196017355,
          "stddevserv": 2.334851196017355,
          "rate": 0.4282928187054226,
          "cv": 1.0,
          "lambda": 0.3
        },
        "MS1_9": {
          "meanserv": 0.13890728226264315,
          "stddevserv": 0.13890728226264315,
          "rate": 7.199046613763703,
          "cv": 1.0,
          "lambda": 0.3
        },
        "MS1_10": {
          "meanserv": 1.180732393435612,
          "stddevserv": 1.180732393435612,
          "rate": 0.846931959823911,
          "cv": 1.0,
          "lambda": 0.3
        }
      },
      "sensors": [
        "S1"
      ],
      "sources": [
        {
          "startTime": 0,
          "stopTime": -1,
          "lambda": 0.3
        }
      ]
    },
    "SC2": {
      "resptime": 31.4796840821419,
      "resptime_old": 21.479684082141905,
      "waittime": 14.697212055909633,
      "servicetime": 10.0,
      "networktime": 6.78247202623227,
      "services": {
        "MS2_1": {
          "meanserv": 1.0986768789614954,
          "stddevserv": 1.0986768789614954,
          "rate": 0.9101857144251839,
          "cv": 1.0,
          "lambda": 0.3
        },
        "MS2_2": {
          "meanserv": 0.1703375019818565,
          "stddevserv": 0.1703375019818565,
          "rate": 5.870697810905523,
          "cv": 1.0,
          "lambda": 0.3
        },
        "MS2_3": {
          "meanserv": 2.4080412095203263,
          "stddevserv": 2.4080412095203263,
          "rate": 0.41527528517636814,
          "cv": 1.0,
          "lambda": 0.3
        },
        "MS2_4": {
          "meanserv": 0.6469570037563077,
          "stddevserv": 0.6469570037563077,
          "rate": 1.5456977731037511,
          "cv": 1.0,
          "lambda": 0.3
        },
        "MS2_5": {
          "meanserv": 0.2679093379094635,
          "stddevserv": 0.2679093379094635,
          "rate": 3.7326059920238284,
          "cv": 1.0,
          "lambda": 0.3
        },
        "MS2_6": {
          "meanserv": 0.6685480939138762,
          "stddevserv": 0.6685480939138762,
          "rate": 1.4957787017919795,
          "cv": 1.0,
          "lambda": 0.3
        },
        "MS2_7": {
          "meanserv": 1.4068088539678438,
          "stddevserv": 1.4068088539678438,
          "rate": 0.7108286226515728,
          "cv": 1.0,
          "lambda": 0.3
        },
        "MS2_8": {
          "meanserv": 1.4017528256815002,
          "stddevserv": 1.4017528256815002,
          "rate": 0.7133925337470413,
          "cv": 1.0,
          "lambda": 0.3
        },
        "MS2_9": {
          "meanserv": 1.8161976838864025,
          "stddevserv": 1.8161976838864025,
          "rate": 0.5506008563231638,
          "cv": 1.0,
          "lambda": 0.3
        },
        "MS2_10": {
          "meanserv": 0.11477061042092807,
          "stddevserv": 0.11477061042092807,
          "rate": 8.713031989047025,
          "cv": 1.0,
          "lambda": 0.3
        }
      },
      "sensors": [
        "S2"
      ],
      "sources": [
        {
          "startTime": 0,
          "stopTime": -1,
          "lambda": 0.3
        }
      ]
    },
    "SC3": {
      "resptime": 39.80405658607775,
      "resptime_old": 29.804056586077753,
      "waittime": 23.62238634601004,
      "servicetime": 10.0,
      "networktime": 6.181670240067711,
      "services": {
        "MS3_1": {
          "meanserv": 0.429051576316809,
          "stddevserv": 0.429051576316809,
          "rate": 2.3307221210664104,
          "cv": 1.0,
          "lambda": 0.3
        },
        "MS3_2": {
          "meanserv": 2.6854881346531316,
          "stddevserv": 2.6854881346531316,
          "rate": 0.37237178116564795,
          "cv": 1.0,
          "lambda": 0.3
        },
        "MS3_3": {
          "meanserv": 1.354451866728784,
          "stddevserv": 1.354451866728784,
          "rate": 0.7383060443595966,
          "cv": 1.0,
          "lambda": 0.3
        },
        "MS3_4": {
          "meanserv": 0.20526440069079133,
          "stddevserv": 0.20526440069079133,
          "rate": 4.871765374973092,
          "cv": 1.0,
          "lambda": 0.3
        },
        "MS3_5": {
          "meanserv": 0.4783596132144394,
          "stddevserv": 0.4783596132144394,
          "rate": 2.0904774825790304,
          "cv": 1.0,
          "lambda": 0.3
        },
        "MS3_6": {
          "meanserv": 2.0197054205201717,
          "stddevserv": 2.0197054205201717,
          "rate": 0.49512170925522975,
          "cv": 1.0,
          "lambda": 0.3
        },
        "MS3_7": {
          "meanserv": 1.3109592742449658,
          "stddevserv": 1.3109592742449658,
          "rate": 0.7628002026042648,
          "cv": 1.0,
          "lambda": 0.3
        },
        "MS3_8": {
          "meanserv": 0.5925035770144191,
          "stddevserv": 0.5925035770144191,
          "rate": 1.687753523850311,
          "cv": 1.0,
          "lambda": 0.3
        },
        "MS3_9": {
          "meanserv": 0.47783075609939196,
          "stddevserv": 0.47783075609939196,
          "rate": 2.09279119695676,
          "cv": 1.0,
          "lambda": 0.3
        },
        "MS3_10": {
          "meanserv": 0.4463853805170963,
          "stddevserv": 0.4463853805170963,
          "rate": 2.2402167356860843,
          "cv": 1.0,
          "lambda": 0.3
        }
      },
      "sensors": [
        "S3"
      ],
      "sources": [
        {
          "startTime": 0,
          "stopTime": -1,
          "lambda": 0.3
        }
      ]
    },
    "SC4": {
      "resptime": 4431.187741194853,
      "resptime_old": 4421.187741194852,
      "waittime": 4415.788606154785,
      "servicetime": 10.0,
      "networktime": 5.399135040067311,
      "services": {
        "MS4_1": {
          "meanserv": 0.5047495053555562,
          "stddevserv": 0.5047495053555562,
          "rate": 1.9811807429025194,
          "cv": 1.0,
          "lambda": 0.3
        },
        "MS4_2": {
          "meanserv": 2.8609763952943927,
          "stddevserv": 2.8609763952943927,
          "rate": 0.3495310208237844,
          "cv": 1.0,
          "lambda": 0.3
        },
        "MS4_3": {
          "meanserv": 0.02858070343352903,
          "stddevserv": 0.02858070343352903,
          "rate": 34.98864198096904,
          "cv": 1.0,
          "lambda": 0.3
        },
        "MS4_4": {
          "meanserv": 0.04151663079924672,
          "stddevserv": 0.04151663079924672,
          "rate": 24.086732972997993,
          "cv": 1.0,
          "lambda": 0.3
        },
        "MS4_5": {
          "meanserv": 3.827864701808504,
          "stddevserv": 3.827864701808504,
          "rate": 0.2612422532926888,
          "cv": 1.0,
          "lambda": 0.3
        },
        "MS4_6": {
          "meanserv": 0.9972094785100047,
          "stddevserv": 0.9972094785100047,
          "rate": 1.002798330290808,
          "cv": 1.0,
          "lambda": 0.3
        },
        "MS4_7": {
          "meanserv": 0.265419939777237,
          "stddevserv": 0.265419939777237,
          "rate": 3.767614448406872,
          "cv": 1.0,
          "lambda": 0.3
        },
        "MS4_8": {
          "meanserv": 0.8776394950255693,
          "stddevserv": 0.8776394950255693,
          "rate": 1.139420007495066,
          "cv": 1.0,
          "lambda": 0.3
        },
        "MS4_9": {
          "meanserv": 0.48973458506529255,
          "stddevserv": 0.48973458506529255,
          "rate": 2.0419223605918657,
          "cv": 1.0,
          "lambda": 0.3
        },
        "MS4_10": {
          "meanserv": 0.10630856493066787,
          "stddevserv": 0.10630856493066787,
          "rate": 9.406579805231857,
          "cv": 1.0,
          "lambda": 0.3
        }
      },
      "sensors": [
        "S4"
      ],
      "sources": [
        {
          "startTime": 0,
          "stopTime": -1,
          "lambda": 0.3
        }
      ]
    }
  },
  "microservice": {
    "MS1_1": "F19",
    "MS1_2": "F19",
    "MS1_3": "F11",
    "MS1_4": "F10",
    "MS1_5": "F9",
    "MS1_6": "F9",
    "MS1_7": "F16",
    "MS1_8": "F20",
    "MS1_9": "F17",
    "MS1_10": "F17",
    "MS2_1": "F19",
    "MS2_2": "F19",
    "MS2_3": "F3",
    "MS2_4": "F1",
    "MS2_5": "F1",
    "MS2_6": "F1",
    "MS2_7": "F14",
    "MS2_8": "F15",
    "MS2_9": "F5",
    "MS2_10": "F1",
    "MS3_1": "F10",
    "MS3_2": "F7",
    "MS3_3": "F13",
    "MS3_4": "F13",
    "MS3_5": "F4",
    "MS3_6": "F6",
    "MS3_7": "F4",
    "MS3_8": "F2",
    "MS3_9": "F2",
    "MS3_10": "F14",
    "MS4_1": "F17",
    "MS4_2": "F12",
    "MS4_3": "F19",
    "MS4_4": "F19",
    "MS4_5": "F18",
    "MS4_6": "F8",
    "MS4_7": "F8",
    "MS4_8": "F2",
    "MS4_9": "F8",
    "MS4_10": "F8"
  },
  "sensor": {
    "S1": "F19",
    "S2": "F19",
    "S3": "F10",
    "S4": "F17"
  },
  "fog": {
    "F1": {
      "rho": 0.5094555138001726,
      "capacity": 1.0,
      "tserv": 0.42454626150014385,
      "stddev": 0.5431291598842759,
      "mu": 2.355455908306617,
      "cv": 1.279316788623027,
      "lambda": 1.2,
      "twait": 0.5812669299192892
    },
    "F2": {
      "rho": 0.5843921484418141,
      "capacity": 1.0,
      "tserv": 0.6493246093797935,
      "stddev": 0.6914719232472144,
      "mu": 1.5400617588715084,
      "cv": 1.0649094663263696,
      "lambda": 0.8999999999999999,
      "twait": 0.974211963333794
    },
    "F3": {
      "rho": 0.7224123628560979,
      "capacity": 1.0,
      "tserv": 2.4080412095203263,
      "stddev": 2.4080412095203263,
      "mu": 0.41527528517636814,
      "cv": 1.0,
      "lambda": 0.3,
      "twait": 6.266845158967301
    },
    "F4": {
      "rho": 0.5367956662378216,
      "capacity": 1.0,
      "tserv": 0.8946594437297027,
      "stddev": 1.0709932857066913,
      "mu": 1.1177437482033925,
      "cv": 1.197096049466464,
      "lambda": 0.6,
      "twait": 1.2612849209330315
    },
    "F5": {
      "rho": 0.5448593051659207,
      "capacity": 1.0,
      "tserv": 1.8161976838864025,
      "stddev": 1.8161976838864025,
      "mu": 0.5506008563231638,
      "cv": 1.0,
      "lambda": 0.3,
      "twait": 2.174211665355581
    },
    "F6": {
      "rho": 0.6059116261560515,
      "capacity": 1.0,
      "tserv": 2.0197054205201717,
      "stddev": 2.0197054205201717,
      "mu": 0.49512170925522975,
      "cv": 1.0,
      "lambda": 0.3,
      "twait": 3.105300934830816
    },
    "F7": {
      "rho": 0.8056464403959395,
      "capacity": 1.0,
      "tserv": 2.6854881346531316,
      "stddev": 2.6854881346531316,
      "mu": 0.37237178116564795,
      "cv": 1.0,
      "lambda": 0.3,
      "twait": 11.132052126117195
    },
    "F8": {
      "rho": 0.5576017704849606,
      "capacity": 1.0,
      "tserv": 0.46466814207080054,
      "stddev": 0.6648996160087554,
      "mu": 2.1520735110943585,
      "cv": 1.430912851149253,
      "lambda": 1.2,
      "twait": 0.8924194597416458
    },
    "F9": {
      "rho": 0.44495356710796724,
      "capacity": 1.0,
      "tserv": 0.7415892785132787,
      "stddev": 1.0967425426582456,
      "mu": 1.3484553093927911,
      "cv": 1.4789083046844609,
      "lambda": 0.6,
      "twait": 0.9473795843076458
    },
    "F10": {
      "rho": 0.5377659036776835,
      "capacity": 1.0,
      "tserv": 0.8962765061294725,
      "stddev": 1.1135123912721183,
      "mu": 1.1157271145245706,
      "cv": 1.2423759673013952,
      "lambda": 0.6,
      "twait": 1.3260952213690427
    },
    "F11": {
      "rho": 0.5683919103551826,
      "capacity": 1.0,
      "tserv": 1.8946397011839422,
      "stddev": 1.8946397011839422,
      "mu": 0.527804837708779,
      "cv": 1.0,
      "lambda": 0.3,
      "twait": 2.4950827035631398
    },
    "F12": {
      "rho": 0.8582929185883178,
      "capacity": 1.0,
      "tserv": 2.8609763952943927,
      "stddev": 2.8609763952943927,
      "mu": 0.3495310208237844,
      "cv": 1.0,
      "lambda": 0.3,
      "twait": 17.328391466871853
    },
    "F13": {
      "rho": 0.4679148802258725,
      "capacity": 1.0,
      "tserv": 0.7798581337097876,
      "stddev": 1.1262746666611676,
      "mu": 1.282284503776343,
      "cv": 1.4442045520554814,
      "lambda": 0.6,
      "twait": 1.0581051397975723
    },
    "F14": {
      "rho": 0.5559582703454821,
      "capacity": 1.0,
      "tserv": 0.9265971172424702,
      "stddev": 1.1488206308469808,
      "mu": 1.0792176895347732,
      "cv": 1.2398275469125593,
      "lambda": 0.6,
      "twait": 1.4717340155641925
    },
    "F15": {
      "rho": 0.42052584770445,
      "capacity": 1.0,
      "tserv": 1.4017528256815002,
      "stddev": 1.4017528256815002,
      "mu": 0.7133925337470413,
      "cv": 1.0,
      "lambda": 0.3,
      "twait": 1.0172555461821033
    },
    "F16": {
      "rho": 0.414034904984349,
      "capacity": 1.0,
      "tserv": 1.38011634994783,
      "stddev": 1.38011634994783,
      "mu": 0.7245765909793049,
      "cv": 1.0,
      "lambda": 0.3,
      "twait": 0.9751712971960111
    },
    "F17": {
      "rho": 0.5473167543161435,
      "capacity": 1.0,
      "tserv": 0.6081297270179372,
      "stddev": 0.8615736121795184,
      "mu": 1.6443859847201718,
      "cv": 1.416759572672733,
      "lambda": 0.8999999999999999,
      "twait": 1.1055387826052814
    },
    "F18": {
      "rho": 1.1483594105425512,
      "capacity": 1.0,
      "tserv": 3.827864701808504,
      "stddev": 3.827864701808504,
      "mu": 0.2612422532926888,
      "cv": 1.0,
      "lambda": 0.3,
      "twait": 4391.368688152843
    },
    "F19": {
      "rho": 0.46895543980801563,
      "capacity": 1.0,
      "tserv": 0.260530799893342,
      "stddev": 0.5979785093921365,
      "mu": 3.838317774364441,
      "cv": 2.2952315412877913,
      "lambda": 1.8,
      "twait": 0.7210489750816491
    },
    "F20": {
      "rho": 0.7004553588052064,
      "capacity": 1.0,
      "tserv": 2.334851196017355,
      "stddev": 2.334851196017355,
      "mu": 0.4282928187054226,
      "cv": 1.0,
      "lambda": 0.3,
      "twait": 5.459817360576862
    }
  },
  "extra": {
    "conv_gen": 9,
    "max_gen": 600,
    "population": 600,
    "deltatime": 75.115566,
    "obj_func": 1133.5698422040675
  },
  "network": [
    [
      0.0,
      1.0388087342193058,
      1.2909571933459463,
      1.0468944979105295,
      1.2348932151892849,
      0.7870356237302222,
      1.0402045097558412,
      0.7330826971631106,
      1.1075325016918023,
      1.2125510934192136,
      1.076759830363716,
      1.167538788186305,
      0.9045476613511811,
      0.9631937103168143,
      0.9451328408346878,
      1.2353449678721753,
      0.9726244393629477,
      1.1729545735281204,
      1.2285784037694816,
      1.2285784037694816
    ],
    [
      1.0388087342193058,
      0.0,
      1.0169526191681506,
      1.2022958010022076,
      1.1310816760871705,
      1.0666259702158776,
      1.153127257749166,
      1.1522301927574574,
      1.0804168607580706,
      1.1772026911672926,
      0.651827673151136,
      1.1904127968338407,
      1.043887687870856,
      0.6737984137337697,
      1.2665770786184352,
      1.0321283048790761,
      1.1336211350810452,
      1.2285784037694816,
      0.9214491478827835,
      0.9214491478827835
    ],
    [
      1.2909571933459463,
      1.0169526191681506,
      0.0,
      0.9096825241661405,
      0.8043033623793645,
      1.0334909885966796,
      1.2954550336343869,
      1.029082509251847,
      1.1024407301507775,
      1.1109257348500676,
      0.9787556449484313,
      0.817628560608212,
      0.7997684827539518,
      1.0030607986261058,
      1.158149324781495,
      1.3078914254631167,
      1.1729545735281204,
      0.9214491478827835,
      1.2009361976076998,
      1.2009361976076998
    ],
    [
      1.0468944979105295,
      1.2022958010022076,
      0.9096825241661405,
      0.0,
      0.7575502841579141,
      0.8130486887280742,
      0.9114147467425817,
      0.697738589450344,
      0.9996045999690397,
      0.6446782262664863,
      0.7389681980347267,
      0.7248549421558342,
      0.7979960412027165,
      1.1982903817959674,
      1.0070556682971372,
      0.9726244393629477,
      1.2285784037694816,
      1.2009361976076998,
      0.8571467419003503,
      0.8571467419003503
    ],
    [
      1.2348932151892849,
      1.1310816760871705,
      0.8043033623793645,
      0.7575502841579141,
      0.0,
      0.9814883355708621,
      0.6347399375787366,
      1.13129002015235,
      1.354655755044704,
      0.8004381028298629,
      1.1940919726760073,
      0.8477488799704578,
      0.9323870329777371,
      0.5488981944236997,
      1.2353449678721753,
      1.1336211350810452,
      0.9214491478827835,
      0.8571467419003503,
      1.0348629988928786,
      1.0348629988928786
    ],
    [
      0.7870356237302222,
      1.0666259702158776,
      1.0334909885966796,
      0.8130486887280742,
      0.9814883355708621,
      0.0,
      1.0648545317548845,
      0.9263121577845403,
      0.6794629028168709,
      1.1755368416122023,
      0.535781225000721,
      1.1592251042906274,
      1.1122558892403407,
      0.9451328408346878,
      1.0321283048790761,
      1.1729545735281204,
      1.2009361976076998,
      1.0348629988928786,
      0.9631315494126323,
      0.9631315494126323
    ],
    [
      1.0402045097558412,
      1.153127257749166,
      1.2954550336343869,
      0.9114147467425817,
      0.6347399375787366,
      1.0648545317548845,
      0.0,
      1.224555179911894,
      0.9137844800494452,
      0.9182888963560539,
      1.4017268028299363,
      0.9804530030884347,
      0.9631937103168143,
      1.2665770786184352,
      1.3078914254631167,
      1.2285784037694816,
      0.8571467419003503,
      0.9631315494126323,
      0.6829754084020943,
      0.6829754084020943
    ],
    [
      0.7330826971631106,
      1.1522301927574574,
      1.029082509251847,
      0.697738589450344,
      1.13129002015235,
      0.9263121577845403,
      1.224555179911894,
      0.0,
      0.8927649816429064,
      1.0250857116609609,
      1.106257030635351,
      0.9045476613511811,
      0.6737984137337697,
      1.158149324781495,
      0.9726244393629477,
      0.9214491478827835,
      1.0348629988928786,
      0.6829754084020943,
      1.0611380432926856,
      1.0611380432926856
    ],
    [
      1.1075325016918023,
      1.0804168607580706,
      1.1024407301507775,
      0.9996045999690397,
      1.354655755044704,
      0.6794629028168709,
      0.9137844800494452,
      0.8927649816429064,
      0.0,
      0.5873638386293804,
      1.167538788186305,
      1.043887687870856,
      1.0030607986261058,
      1.0070556682971372,
      1.1336211350810452,
      1.2009361976076998,
      0.9631315494126323,
      1.0611380432926856,
      0.8059363726346236,
      0.8059363726346236
    ],
    [
      1.2125510934192136,
      1.1772026911672926,
      1.1109257348500676,
      0.6446782262664863,
      0.8004381028298629,
      1.1755368416122023,
      0.9182888963560539,
      1.0250857116609609,
      0.5873638386293804,
      0.0,
      1.1904127968338407,
      0.7997684827539518,
      1.1982903817959674,
      1.2353449678721753,
      1.1729545735281204,
      0.8571467419003503,
      0.6829754084020943,
      0.8059363726346236,
      0.5942079015061118,
      0.5942079015061118
    ],
    [
      1.076759830363716,
      0.651827673151136,
      0.9787556449484313,
      0.7389681980347267,
      1.1940919726760073,
      0.535781225000721,
      1.4017268028299363,
      1.106257030635351,
      1.167538788186305,
      1.1904127968338407,
      0.0,
      0.7979960412027165,
      0.5488981944236997,
      1.0321283048790761,
      1.2285784037694816,
      1.0348629988928786,
      1.0611380432926856,
      0.5942079015061118,
      0.9841833354879761,
      0.9841833354879761
    ],
    [
      1.167538788186305,
      1.1904127968338407,
      0.817628560608212,
      0.7248549421558342,
      0.8477488799704578,
      1.1592251042906274,
      0.9804530030884347,
      0.9045476613511811,
      1.043887687870856,
      0.7997684827539518,
      0.7979960412027165,
      0.0,
      0.9451328408346878,
      1.3078914254631167,
      0.9214491478827835,
      0.9631315494126323,
      0.8059363726346236,
      0.9841833354879761,
      0.842917476009059,
      0.842917476009059
    ],
    [
      0.9045476613511811,
      1.043887687870856,
      0.7997684827539518,
      0.7979960412027165,
      0.9323870329777371,
      1.1122558892403407,
      0.9631937103168143,
      0.6737984137337697,
      1.0030607986261058,
      1.1982903817959674,
      0.5488981944236997,
      0.9451328408346878,
      0.0,
      0.9726244393629477,
      1.2009361976076998,
      0.6829754084020943,
      0.5942079015061118,
      0.842917476009059,
      0.6604401491979054,
      0.6604401491979054
    ],
    [
      0.9631937103168143,
      0.6737984137337697,
      1.0030607986261058,
      1.1982903817959674,
      0.5488981944236997,
      0.9451328408346878,
      1.2665770786184352,
      1.158149324781495,
      1.0070556682971372,
      1.2353449678721753,
      1.0321283048790761,
      1.3078914254631167,
      0.9726244393629477,
      0.0,
      0.8571467419003503,
      1.0611380432926856,
      0.9841833354879761,
      0.6604401491979054,
      1.217924001390977,
      1.217924001390977
    ],
    [
      0.9451328408346878,
      1.2665770786184352,
      1.158149324781495,
      1.0070556682971372,
      1.2353449678721753,
      1.0321283048790761,
      1.3078914254631167,
      0.9726244393629477,
      1.1336211350810452,
      1.1729545735281204,
      1.2285784037694816,
      0.9214491478827835,
      1.2009361976076998,
      0.8571467419003503,
      0.0,
      0.8059363726346236,
      0.842917476009059,
      1.217924001390977,
      1.1371528141212213,
      1.1371528141212213
    ],
    [
      1.2353449678721753,
      1.0321283048790761,
      1.3078914254631167,
      0.9726244393629477,
      1.1336211350810452,
      1.1729545735281204,
      1.2285784037694816,
      0.9214491478827835,
      1.2009361976076998,
      0.8571467419003503,
      1.0348629988928786,
      0.9631315494126323,
      0.6829754084020943,
      1.0611380432926856,
      0.8059363726346236,
      0.0,
      0.6604401491979054,
      1.1371528141212213,
      0.8737537278920741,
      0.8737537278920741
    ],
    [
      0.9726244393629477,
      1.1336211350810452,
      1.1729545735281204,
      1.2285784037694816,
      0.9214491478827835,
      1.2009361976076998,
      0.8571467419003503,
      1.0348629988928786,
      0.9631315494126323,
      0.6829754084020943,
      1.0611380432926856,
      0.8059363726346236,
      0.5942079015061118,
      0.9841833354879761,
      0.842917476009059,
      0.6604401491979054,
      0.0,
      0.8737537278920741,
      1.1671357900529071,
      1.1671357900529071
    ],
    [
      1.1729545735281204,
      1.2285784037694816,
      0.9214491478827835,
      1.2009361976076998,
      0.8571467419003503,
      1.0348629988928786,
      0.9631315494126323,
      0.6829754084020943,
      1.0611380432926856,
      0.8059363726346236,
      0.5942079015061118,
      0.9841833354879761,
      0.842917476009059,
      0.6604401491979054,
      1.217924001390977,
      1.1371528141212213,
      0.8737537278920741,
      0.0,
      0.7628453975066184,
      0.7628453975066184
    ],
    [
      1.2285784037694816,
      0.9214491478827835,
      1.2009361976076998,
      0.8571467419003503,
      1.0348629988928786,
      0.9631315494126323,
      0.6829754084020943,
      1.0611380432926856,
      0.8059363726346236,
      0.5942079015061118,
      0.9841833354879761,
      0.842917476009059,
      0.6604401491979054,
      1.217924001390977,
      1.1371528141212213,
      0.8737537278920741,
      1.1671357900529071,
      0.7628453975066184,
      0.0,
      0.8883615428355732
    ],
    [
      1.2285784037694816,
      0.9214491478827835,
      1.2009361976076998,
      0.8571467419003503,
      1.0348629988928786,
      0.9631315494126323,
      0.6829754084020943,
      1.0611380432926856,
      0.8059363726346236,
      0.5942079015061118,
      0.9841833354879761,
      0.842917476009059,
      0.6604401491979054,
      1.217924001390977,
      1.1371528141212213,
      0.8737537278920741,
      1.1671357900529071,
      0.7628453975066184,
      0.8883615428355732,
      0.0
    ]
  ]
}