{
  "servicechain": {
    "SC1": {
      "resptime": 49.87210762995232,
      "resptime_old": 39.87210762995232,
      "waittime": 34.779072018984984,
      "servicetime": 10.0,
      "networktime": 5.093035610967332,
      "services": {
        "MS1_1": {
          "meanserv": 0.48857808869154806,
          "stddevserv": 0.48857808869154806,
          "rate": 2.0467557247155344,
          "cv": 1.0,
          "lambda": 0.175
        },
        "MS1_2": {
          "meanserv": 4.876957607429095,
          "stddevserv": 4.876957607429095,
          "rate": 0.2050458668077604,
          "cv": 1.0,
          "lambda": 0.175
        },
        "MS1_3": {
          "meanserv": 1.3463777626089515,
          "stddevserv": 1.3463777626089515,
          "rate": 0.7427335980818964,
          "cv": 1.0,
          "lambda": 0.175
        },
        "MS1_4": {
          "meanserv": 0.07269891045756705,
          "stddevserv": 0.07269891045756705,
          "rate": 13.755364333605533,
          "cv": 1.0,
          "lambda": 0.175
        },
        "MS1_5": {
          "meanserv": 3.215387630812839,
          "stddevserv": 3.215387630812839,
          "rate": 0.3110044930250613,
          "cv": 1.0,
          "lambda": 0.175
        }
      },
      "sensors": [
        "S1"
      ],
      "sources": [
        {
          "startTime": 0,
          "stopTime": -1,
          "lambda": 0.175
        }
      ]
    },
    "SC2": {
      "resptime": 179.44237139509687,
      "resptime_old": 169.44237139509687,
      "waittime": 165.52929534340697,
      "servicetime": 10.0,
      "networktime": 3.913076051689889,
      "services": {
        "MS2_1": {
          "meanserv": 0.7454538896711993,
          "stddevserv": 0.7454538896711993,
          "rate": 1.3414645947331156,
          "cv": 1.0,
          "lambda": 0.175
        },
        "MS2_2": {
          "meanserv": 0.6094058336312858,
          "stddevserv": 0.6094058336312858,
          "rate": 1.6409426113322028,
          "cv": 1.0,
          "lambda": 0.175
        },
        "MS2_3": {
          "meanserv": 1.7076633151431,
          "stddevserv": 1.7076633151431,
          "rate": 0.5855955276032859,
          "cv": 1.0,
          "lambda": 0.175
        },
        "MS2_4": {
          "meanserv": 1.4150137609602487,
          "stddevserv": 1.4150137609602487,
          "rate": 0.7067069081514696,
          "cv": 1.0,
          "lambda": 0.175
        },
        "MS2_5": {
          "meanserv": 5.522463200594166,
          "stddevserv": 5.522463200594166,
          "rate": 0.18107861721784024,
          "cv": 1.0,
          "lambda": 0.175
        }
      },
      "sensors": [
        "S2"
      ],
      "sources": [
        {
          "startTime": 0,
          "stopTime": -1,
          "lambda": 0.175
        }
      ]
    },
    "SC3": {
      "resptime": 39.04794404456745,
      "resptime_old": 29.047944044567444,
      "waittime": 25.302156237248226,
      "servicetime": 10.0,
      "networktime": 3.7457878073192217,
      "services": {
        "MS3_1": {
          "meanserv": 1.8408090130162358,
          "stddevserv": 1.8408090130162358,
          "rate": 0.5432394088300675,
          "cv": 1.0,
          "lambda": 0.175
        },
        "MS3_2": {
          "meanserv": 4.4884939493632405,
          "stddevserv": 4.4884939493632405,
          "rate": 0.22279187880867363,
          "cv": 1.0,
          "lambda": 0.175
        },
        "MS3_3": {
          "meanserv": 1.1931803149642564,
          "stddevserv": 1.1931803149642564,
          "rate": 0.8380962939620376,
          "cv": 1.0,
          "lambda": 0.175
        },
        "MS3_4": {
          "meanserv": 1.4022512531496565,
          "stddevserv": 1.4022512531496565,
          "rate": 0.7131389597647763,
          "cv": 1.0,
          "lambda": 0.175
        },
        "MS3_5": {
          "meanserv": 1.0752654695066113,
          "stddevserv": 1.0752654695066113,
          "rate": 0.9300028954327464,
          "cv": 1.0,
          "lambda": 0.175
        }
      },
      "sensors": [
        "S3"
      ],
      "sources": [
        {
          "startTime": 0,
          "stopTime": -1,
          "lambda": 0.175
        }
      ]
    },
    "SC4": {
      "resptime": 78.21972975372047,
      "resptime_old": 68.21972975372047,
      "waittime": 63.674248330618454,
      "servicetime": 10.0,
      "networktime": 4.5454814231020135,
      "services": {
        "MS4_1": {
          "meanserv": 0.06716322094754701,
          "stddevserv": 0.06716322094754701,
          "rate": 14.889101295201103,
          "cv": 1.0,
          "lambda": 0.175
        },
        "MS4_2": {
          "meanserv": 5.186441225711477,
          "stddevserv": 5.186441225711477,
          "rate": 0.19281043715342977,
          "cv": 1.0,
          "lambda": 0.175
        },
        "MS4_3": {
          "meanserv": 0.46741349265456833,
          "stddevserv": 0.46741349265456833,
          "rate": 2.1394333191383246,
          "cv": 1.0,
          "lambda": 0.175
        },
        "MS4_4": {
          "meanserv": 0.17342709280067758,
          "stddevserv": 0.17342709280067758,
          "rate": 5.766111764032828,
          "cv": 1.0,
          "lambda": 0.175
        },
        "MS4_5": {
          "meanserv": 4.1055549678857295,
          "stddevserv": 4.1055549678857295,
          "rate": 0.24357242999354556,
          "cv": 1.0,
          "lambda": 0.175
        }
      },
      "sensors": [
        "S4"
      ],
      "sources": [
        {
          "startTime": 0,
          "stopTime": -1,
          "lambda": 0.175
        }
      ]
    }
  },
  "microservice": {
    "MS1_1": "F10",
    "MS1_2": "F8",
    "MS1_3": "F10",
    "MS1_4": "F10",
    "MS1_5": "F4",
    "MS2_1": "F5",
    "MS2_2": "F5",
    "MS2_3": "F5",
    "MS2_4": "F2",
    "MS2_5": "F1",
    "MS3_1": "F2",
    "MS3_2": "F9",
    "MS3_3": "F7",
    "MS3_4": "F7",
    "MS3_5": "F7",
    "MS4_1": "F10",
    "MS4_2": "F6",
    "MS4_3": "F10",
    "MS4_4": "F10",
    "MS4_5": "F3"
  },
  "sensor": {
    "S1": "F10",
    "S2": "F5",
    "S3": "F2",
    "S4": "F10"
  },
  "fog": {
    "F1": {
      "rho": 0.9664310601039791,
      "capacity": 1.0,
      "tserv": 5.522463200594166,
      "stddev": 5.522463200594166,
      "mu": 0.18107861721784024,
      "cv": 1.0,
      "lambda": 0.175,
      "twait": 158.9886359791796
    },
    "F2": {
      "rho": 0.5697689854458848,
      "capacity": 1.0,
      "tserv": 1.6279113869882422,
      "stddev": 1.655519943166706,
      "mu": 0.6142840500981289,
      "cv": 1.0169594957066685,
      "lambda": 0.35,
      "twait": 2.1927691801734497
    },
    "F3": {
      "rho": 0.7184721193800025,
      "capacity": 1.0,
      "tserv": 4.1055549678857295,
      "stddev": 4.1055549678857295,
      "mu": 0.24357242999354556,
      "cv": 1.0,
      "lambda": 0.175,
      "twait": 10.477565392500006
    },
    "F4": {
      "rho": 0.5626928353922468,
      "capacity": 1.0,
      "tserv": 3.215387630812839,
      "stddev": 3.215387630812839,
      "mu": 0.3110044930250613,
      "cv": 1.0,
      "lambda": 0.175,
      "twait": 4.137310634940277
    },
    "F5": {
      "rho": 0.5359415317279773,
      "capacity": 1.0,
      "tserv": 1.020841012815195,
      "stddev": 1.2328872371813397,
      "mu": 0.9795844675580565,
      "cv": 1.207717187793406,
      "lambda": 0.5249999999999999,
      "twait": 1.4492967280179732
    },
    "F6": {
      "rho": 0.9076272144995085,
      "capacity": 1.0,
      "tserv": 5.186441225711477,
      "stddev": 5.186441225711477,
      "mu": 0.19281043715342977,
      "cv": 1.0,
      "lambda": 0.175,
      "twait": 50.960411958486134
    },
    "F7": {
      "rho": 0.6423719815835918,
      "capacity": 1.0,
      "tserv": 1.2235656792068417,
      "stddev": 1.2384167887244606,
      "mu": 0.817283466669509,
      "cv": 1.0121375662704482,
      "lambda": 0.5249999999999999,
      "twait": 2.2246079765473663
    },
    "F8": {
      "rho": 0.8534675813000915,
      "capacity": 1.0,
      "tserv": 4.876957607429095,
      "stddev": 4.876957607429095,
      "mu": 0.2050458668077604,
      "cv": 1.0,
      "lambda": 0.175,
      "twait": 28.405490404412394
    },
    "F9": {
      "rho": 0.7854864411385671,
      "capacity": 1.0,
      "tserv": 4.4884939493632405,
      "stddev": 4.4884939493632405,
      "mu": 0.22279187880867363,
      "cv": 1.0,
      "lambda": 0.175,
      "twait": 16.435563127432673
    },
    "F10": {
      "rho": 0.45774024942815034,
      "capacity": 1.0,
      "tserv": 0.4359430946934765,
      "stddev": 0.7615008956937606,
      "mu": 2.293877371089287,
      "cv": 1.746789672696141,
      "lambda": 1.05,
      "twait": 0.7454236598774399
    }
  },
  "extra": {
    "conv_gen": 20,
    "max_gen": 600,
    "population": 600,
    "deltatime": 39.1903913,
    "obj_func": 86.64553820583427
  },
  "network": [
    [
      0.0,
      1.4621030510463988,
      1.9752279607200889,
      2.417308620315671,
      1.5252286182457113,
      2.6516013320039034,
      2.7315048533045343,
      1.9309226541736257,
      2.3705243805371503,
      2.3705243805371503
    ],
    [
      1.4621030510463988,
      0.0,
      2.043484119460136,
      1.908523548580274,
      2.4509730006434904,
      2.3844527618531624,
      2.1281051981156125,
      2.3705243805371503,
      1.8282413526877344,
      1.8282413526877344
    ],
    [
      1.9752279607200889,
      2.043484119460136,
      0.0,
      1.9341838112991632,
      2.481791179731191,
      2.312961527116449,
      1.9309226541736257,
      1.8282413526877344,
      1.907509191713967,
      1.907509191713967
    ],
    [
      2.417308620315671,
      1.908523548580274,
      1.9341838112991632,
      0.0,
      1.823988548238029,
      2.7315048533045343,
      2.3705243805371503,
      1.907509191713967,
      2.2172245956288217,
      2.2172245956288217
    ],
    [
      1.5252286182457113,
      2.4509730006434904,
      2.481791179731191,
      1.823988548238029,
      0.0,
      2.1281051981156125,
      1.8282413526877344,
      2.2172245956288217,
      1.404089893520119,
      1.404089893520119
    ],
    [
      2.6516013320039034,
      2.3844527618531624,
      2.312961527116449,
      2.7315048533045343,
      2.1281051981156125,
      0.0,
      1.907509191713967,
      1.404089893520119,
      1.3189861156940232,
      1.3189861156940232
    ],
    [
      2.7315048533045343,
      2.1281051981156125,
      1.9309226541736257,
      2.3705243805371503,
      1.8282413526877344,
      1.907509191713967,
      0.0,
      1.3189861156940232,
      1.9175464546314873,
      1.9175464546314873
    ],
    [
      1.9309226541736257,
      2.3705243805371503,
      1.8282413526877344,
      1.907509191713967,
      2.2172245956288217,
      1.404089893520119,
      1.3189861156940232,
      0.0,
      1.4379055076692553,
      1.4379055076692553
    ],
    [
      2.3705243805371503,
      1.8282413526877344,
      1.907509191713967,
      2.2172245956288217,
      1.404089893520119,
      1.3189861156940232,
      1.9175464546314873,
      1.4379055076692553,
      0.0,
      2.1038400808793325
    ],
    [
      2.3705243805371503,
      1.8282413526877344,
      1.907509191713967,
      2.2172245956288217,
      1.404089893520119,
      1.3189861156940232,
      1.9175464546314873,
      1.4379055076692553,
      2.1038400808793325,
      0.0
    ]
  ]
}