{
  "servicechain": {
    "SC1": {
      "resptime": 40.91621985620322,
      "resptime_old": 30.91621985620322,
      "waittime": 25.598452441728583,
      "servicetime": 10.0,
      "networktime": 5.317767414474636,
      "services": {
        "MS1_1": {
          "meanserv": 2.9068463900053345,
          "stddevserv": 2.9068463900053345,
          "rate": 0.34401542628407167,
          "cv": 1.0,
          "lambda": 0.15
        },
        "MS1_2": {
          "meanserv": 0.049460984678289854,
          "stddevserv": 0.049460984678289854,
          "rate": 20.21795575855033,
          "cv": 1.0,
          "lambda": 0.15
        },
        "MS1_3": {
          "meanserv": 0.4665660261105051,
          "stddevserv": 0.4665660261105051,
          "rate": 2.1433193675425315,
          "cv": 1.0,
          "lambda": 0.15
        },
        "MS1_4": {
          "meanserv": 0.48844469533587365,
          "stddevserv": 0.48844469533587365,
          "rate": 2.0473146899719343,
          "cv": 1.0,
          "lambda": 0.15
        },
        "MS1_5": {
          "meanserv": 3.984690029404316,
          "stddevserv": 3.984690029404316,
          "rate": 0.25096054965898895,
          "cv": 1.0,
          "lambda": 0.15
        },
        "MS1_6": {
          "meanserv": 1.9460650236646249,
          "stddevserv": 1.9460650236646249,
          "rate": 0.5138574445559405,
          "cv": 1.0,
          "lambda": 0.15
        },
        "MS1_7": {
          "meanserv": 0.15792685080105606,
          "stddevserv": 0.15792685080105606,
          "rate": 6.3320454686943775,
          "cv": 1.0,
          "lambda": 0.15
        }
      },
      "sensors": [
        "S1"
      ],
      "sources": [
        {
          "startTime": 0,
          "stopTime": -1,
          "lambda": 0.15
        }
      ]
    },
    "SC2": {
      "resptime": 39.6752092551766,
      "resptime_old": 29.6752092551766,
      "waittime": 24.053571777263784,
      "servicetime": 10.0,
      "networktime": 5.621637477912815,
      "services": {
        "MS2_1": {
          "meanserv": 0.342166699959614,
          "stddevserv": 0.342166699959614,
          "rate": 2.9225520780310594,
          "cv": 1.0,
          "lambda": 0.15
        },
        "MS2_2": {
          "meanserv": 2.5930189459315556,
          "stddevserv": 2.5930189459315556,
          "rate": 0.3856508652082929,
          "cv": 1.0,
          "lambda": 0.15
        },
        "MS2_3": {
          "meanserv": 0.8169644415586195,
          "stddevserv": 0.8169644415586195,
          "rate": 1.2240434823481203,
          "cv": 1.0,
          "lambda": 0.15
        },
        "MS2_4": {
          "meanserv": 2.048221009200881,
          "stddevserv": 2.048221009200881,
          "rate": 0.4882285629860582,
          "cv": 1.0,
          "lambda": 0.15
        },
        "MS2_5": {
          "meanserv": 0.48942432413086134,
          "stddevserv": 0.48942432413086134,
          "rate": 2.043216797154164,
          "cv": 1.0,
          "lambda": 0.15
        },
        "MS2_6": {
          "meanserv": 2.4855290578292353,
          "stddevserv": 2.4855290578292353,
          "rate": 0.40232883089822385,
          "cv": 1.0,
          "lambda": 0.15
        },
        "MS2_7": {
          "meanserv": 1.2246755213892335,
          "stddevserv": 1.2246755213892335,
          "rate": 0.8165428168806962,
          "cv": 1.0,
          "lambda": 0.15
        }
      },
      "sensors": [
        "S2"
      ],
      "sources": [
        {
          "startTime": 0,
          "stopTime": -1,
          "lambda": 0.15
        }
      ]
    },
    "SC3": {
      "resptime": 38.31719441924874,
      "resptime_old": 28.31719441924875,
      "waittime": 23.92743719768689,
      "servicetime": 10.0,
      "networktime": 4.38975722156186,
      "services": {
        "MS3_1": {
          "meanserv": 0.03654926738046682,
          "stddevserv": 0.03654926738046682,
          "rate": 27.36032954068005,
          "cv": 1.0,
          "lambda": 0.15
        },
        "MS3_2": {
          "meanserv": 0.6825746790146248,
          "stddevserv": 0.6825746790146248,
          "rate": 1.4650411606882565,
          "cv": 1.0,
          "lambda": 0.15
        },
        "MS3_3": {
          "meanserv": 2.6197069056052467,
          "stddevserv": 2.6197069056052467,
          "rate": 0.3817220918341489,
          "cv": 1.0,
          "lambda": 0.15
        },
        "MS3_4": {
          "meanserv": 3.2444987805893835,
          "stddevserv": 3.2444987805893835,
          "rate": 0.30821401628585104,
          "cv": 1.0,
          "lambda": 0.15
        },
        "MS3_5": {
          "meanserv": 0.2654875052838417,
          "stddevserv": 0.2654875052838417,
          "rate": 3.7666556056220655,
          "cv": 1.0,
          "lambda": 0.15
        },
        "MS3_6": {
          "meanserv": 0.29693624676730224,
          "stddevserv": 0.29693624676730224,
          "rate": 3.3677262741980516,
          "cv": 1.0,
          "lambda": 0.15
        },
        "MS3_7": {
          "meanserv": 2.854246615359134,
          "stddevserv": 2.854246615359134,
          "rate": 0.3503551496282235,
          "cv": 1.0,
          "lambda": 0.15
        }
      },
      "sensors": [
        "S3"
      ],
      "sources": [
        {
          "startTime": 0,
          "stopTime": -1,
          "lambda": 0.15
        }
      ]
    },
    "SC4": {
      "resptime": 42.69015163433735,
      "resptime_old": 32.69015163433735,
      "waittime": 28.746264616977943,
      "servicetime": 10.0,
      "networktime": 3.943887017359407,
      "services": {
        "MS4_1": {
          "meanserv": 1.075238924822729,
          "stddevserv": 1.075238924822729,
          "rate": 0.9300258546395784,
          "cv": 1.0,
          "lambda": 0.15
        },
        "MS4_2": {
          "meanserv": 1.3598670698497763,
          "stddevserv": 1.3598670698497763,
          "rate": 0.7353659943471308,
          "cv": 1.0,
          "lambda": 0.15
        },
        "MS4_3": {
          "meanserv": 0.1473879196037915,
          "stddevserv": 0.1473879196037915,
          "rate": 6.784816575796728,
          "cv": 1.0,
          "lambda": 0.15
        },
        "MS4_4": {
          "meanserv": 3.612767257345557,
          "stddevserv": 3.612767257345557,
          "rate": 0.276796131266629,
          "cv": 1.0,
          "lambda": 0.15
        },
        "MS4_5": {
          "meanserv": 0.1063306490477336,
          "stddevserv": 0.1063306490477336,
          "rate": 9.404626125728655,
          "cv": 1.0,
          "lambda": 0.15
        },
        "MS4_6": {
          "meanserv": 3.6480307286304523,
          "stddevserv": 3.6480307286304523,
          "rate": 0.2741204979858876,
          "cv": 1.0,
          "lambda": 0.15
        },
        "MS4_7": {
          "meanserv": 0.050377450699960136,
          "stddevserv": 0.050377450699960136,
          "rate": 19.850150932722592,
          "cv": 1.0,
          "lambda": 0.15
        }
      },
      "sensors": [
        "S4"
      ],
      "sources": [
        {
          "startTime": 0,
          "stopTime": -1,
          "lambda": 0.15
        }
      ]
    }
  },
  "microservice": {
    "MS1_1": "F5",
    "MS1_2": "F5",
    "MS1_3": "F4",
    "MS1_4": "F9",
    "MS1_5": "F1",
    "MS1_6": "F10",
    "MS1_7": "F10",
    "MS2_1": "F7",
    "MS2_2": "F7",
    "MS2_3": "F6",
    "MS2_4": "F10",
    "MS2_5": "F8",
    "MS2_6": "F8",
    "MS2_7": "F7",
    "MS3_1": "F5",
    "MS3_2": "F5",
    "MS3_3": "F9",
    "MS3_4": "F4",
    "MS3_5": "F4",
    "MS3_6": "F6",
    "MS3_7": "F6",
    "MS4_1": "F9",
    "MS4_2": "F8",
    "MS4_3": "F8",
    "MS4_4": "F3",
    "MS4_5": "F3",
    "MS4_6": "F2",
    "MS4_7": "F2"
  },
  "sensor": {
    "S1": "F5",
    "S2": "F7",
    "S3": "F5",
    "S4": "F9"
  },
  "fog": {
    "F1": {
      "rho": 0.5977035044106473,
      "capacity": 1.0,
      "tserv": 3.984690029404316,
      "stddev": 3.9846900294043155,
      "mu": 0.25096054965898895,
      "cv": 0.9999999999999999,
      "lambda": 0.15,
      "twait": 5.92016888209791
    },
    "F2": {
      "rho": 0.5547612268995619,
      "capacity": 1.0,
      "tserv": 1.8492040896652062,
      "stddev": 3.145013564253186,
      "mu": 0.5407731929584081,
      "cv": 1.700739027038699,
      "lambda": 0.3,
      "twait": 4.484335222609331
    },
    "F3": {
      "rho": 0.5578646859589937,
      "capacity": 1.0,
      "tserv": 1.8595489531966456,
      "stddev": 3.0992694547812896,
      "mu": 0.5377648156457276,
      "cv": 1.666678066986895,
      "lambda": 0.3,
      "twait": 4.4319215343642995
    },
    "F4": {
      "rho": 0.5964828467975597,
      "capacity": 1.0,
      "tserv": 1.3255174373279104,
      "stddev": 2.3351581094846456,
      "mu": 0.754422365062118,
      "cv": 1.7616955037513908,
      "lambda": 0.44999999999999996,
      "twait": 4.020252815870745
    },
    "F5": {
      "rho": 0.5513146981618073,
      "capacity": 1.0,
      "tserv": 0.9188578302696789,
      "stddev": 1.9014266934297723,
      "mu": 1.0883076435301273,
      "cv": 2.069337204071837,
      "lambda": 0.6,
      "twait": 2.981860447265198
    },
    "F6": {
      "rho": 0.5952220955527583,
      "capacity": 1.0,
      "tserv": 1.3227157678950185,
      "stddev": 2.0458022502590274,
      "mu": 0.7560203214265819,
      "cv": 1.5466680748160544,
      "lambda": 0.44999999999999996,
      "twait": 3.2989667952088637
    },
    "F7": {
      "rho": 0.6239791750920605,
      "capacity": 1.0,
      "tserv": 1.3866203890934679,
      "stddev": 1.9072810109396852,
      "mu": 0.7211779142046014,
      "cv": 1.3754889412715257,
      "lambda": 0.44999999999999996,
      "twait": 3.32720485863513
    },
    "F8": {
      "rho": 0.6723312557120497,
      "capacity": 1.0,
      "tserv": 1.120552092853416,
      "stddev": 1.6995703173559848,
      "mu": 0.8924172346629261,
      "cv": 1.5167258427300199,
      "lambda": 0.6,
      "twait": 3.7942370110167007
    },
    "F9": {
      "rho": 0.6275085788645773,
      "capacity": 1.0,
      "tserv": 1.3944635085879498,
      "stddev": 1.8869355265361503,
      "mu": 0.7171216699765861,
      "cv": 1.3531623559277528,
      "lambda": 0.44999999999999996,
      "twait": 3.325277080997279
    },
    "F10": {
      "rho": 0.6228319325499843,
      "capacity": 1.0,
      "tserv": 1.3840709612221873,
      "stddev": 1.850016329751145,
      "mu": 0.7225063078535814,
      "cv": 1.3366484678773336,
      "lambda": 0.44999999999999996,
      "twait": 3.1845163841161273
    }
  },
  "extra": {
    "deltatime": 0.0237082,
    "obj_func": 40.39969379124148
  },
  "network": [
    [
      0.0,
      1.5927590662586462,
      1.1899339428710254,
      1.9450170735836416,
      1.2436057339755675,
      1.412835235100751,
      1.7027184685795327,
      1.553076486247079,
      1.3700552432453745,
      1.3700552432453745
    ],
    [
      1.5927590662586462,
      0.0,
      1.2291663333089384,
      0.9729989617067222,
      1.563470618313664,
      1.067817007224556,
      1.453587501946035,
      1.3700552432453745,
      1.1732730577587798,
      1.1732730577587798
    ],
    [
      1.1899339428710254,
      1.2291663333089384,
      0.0,
      1.5119984034575917,
      1.8843943269630385,
      1.5443001495106645,
      1.553076486247079,
      1.1732730577587798,
      1.3135446531897002,
      1.3135446531897002
    ],
    [
      1.9450170735836416,
      0.9729989617067222,
      1.5119984034575917,
      0.0,
      1.522768873648564,
      1.7027184685795327,
      1.3700552432453745,
      1.3135446531897002,
      1.0548880543353227,
      1.0548880543353227
    ],
    [
      1.2436057339755675,
      1.563470618313664,
      1.8843943269630385,
      1.522768873648564,
      0.0,
      1.453587501946035,
      1.1732730577587798,
      1.0548880543353227,
      1.6321506986470042,
      1.6321506986470042
    ],
    [
      1.412835235100751,
      1.067817007224556,
      1.5443001495106645,
      1.7027184685795327,
      1.453587501946035,
      0.0,
      1.3135446531897002,
      1.6321506986470042,
      1.3833225992157128,
      1.3833225992157128
    ],
    [
      1.7027184685795327,
      1.453587501946035,
      1.553076486247079,
      1.3700552432453745,
      1.1732730577587798,
      1.3135446531897002,
      0.0,
      1.3833225992157128,
      2.00996328142642,
      2.00996328142642
    ],
    [
      1.553076486247079,
      1.3700552432453745,
      1.1732730577587798,
      1.3135446531897002,
      1.0548880543353227,
      1.6321506986470042,
      1.3833225992157128,
      0.0,
      1.5414476262916885,
      1.5414476262916885
    ],
    [
      1.3700552432453745,
      1.1732730577587798,
      1.3135446531897002,
      1.0548880543353227,
      1.6321506986470042,
      1.3833225992157128,
      2.00996328142642,
      1.5414476262916885,
      0.0,
      1.39486910766137
    ],
    [
      1.3700552432453745,
      1.1732730577587798,
      1.3135446531897002,
      1.0548880543353227,
      1.6321506986470042,
      1.3833225992157128,
      2.00996328142642,
      1.5414476262916885,
      1.39486910766137,
      0.0
    ]
  ]
}