{
  "servicechain": {
    "SC1": {
      "resptime": 33.00378874251544,
      "resptime_old": 23.00378874251544,
      "waittime": 17.066795573084672,
      "servicetime": 10.0,
      "networktime": 5.936993169430767,
      "services": {
        "MS1_1": {
          "meanserv": 0.3337611266721996,
          "stddevserv": 0.3337611266721996,
          "rate": 2.9961547948097045,
          "cv": 1.0,
          "lambda": 0.15
        },
        "MS1_2": {
          "meanserv": 3.728099578231207,
          "stddevserv": 3.728099578231207,
          "rate": 0.2682331785983165,
          "cv": 1.0,
          "lambda": 0.15
        },
        "MS1_3": {
          "meanserv": 3.8339231433845713,
          "stddevserv": 3.8339231433845713,
          "rate": 0.2608294330900969,
          "cv": 1.0,
          "lambda": 0.15
        },
        "MS1_4": {
          "meanserv": 0.14027420664616308,
          "stddevserv": 0.14027420664616308,
          "rate": 7.128894355627803,
          "cv": 1.0,
          "lambda": 0.15
        },
        "MS1_5": {
          "meanserv": 1.9639419450658586,
          "stddevserv": 1.9639419450658586,
          "rate": 0.5091800205766602,
          "cv": 1.0,
          "lambda": 0.15
        }
      },
      "sensors": [
        "S1"
      ],
      "sources": [
        {
          "startTime": 0,
          "stopTime": -1,
          "lambda": 0.15
        }
      ]
    },
    "SC2": {
      "resptime": 26.867380803252452,
      "resptime_old": 16.867380803252455,
      "waittime": 12.764135600779897,
      "servicetime": 10.0,
      "networktime": 4.103245202472559,
      "services": {
        "MS2_1": {
          "meanserv": 1.716009355731798,
          "stddevserv": 1.716009355731798,
          "rate": 0.5827474055778366,
          "cv": 1.0,
          "lambda": 0.15
        },
        "MS2_2": {
          "meanserv": 2.2885625144062325,
          "stddevserv": 2.2885625144062325,
          "rate": 0.4369555097163033,
          "cv": 1.0,
          "lambda": 0.15
        },
        "MS2_3": {
          "meanserv": 2.7173537813001793,
          "stddevserv": 2.7173537813001793,
          "rate": 0.3680050815913736,
          "cv": 1.0,
          "lambda": 0.15
        },
        "MS2_4": {
          "meanserv": 0.1862772647052191,
          "stddevserv": 0.1862772647052191,
          "rate": 5.368341657703019,
          "cv": 1.0,
          "lambda": 0.15
        },
        "MS2_5": {
          "meanserv": 3.091797083856571,
          "stddevserv": 3.091797083856571,
          "rate": 0.3234364911013643,
          "cv": 1.0,
          "lambda": 0.15
        }
      },
      "sensors": [
        "S2"
      ],
      "sources": [
        {
          "startTime": 0,
          "stopTime": -1,
          "lambda": 0.15
        }
      ]
    },
    "SC3": {
      "resptime": 62.20748412031783,
      "resptime_old": 52.20748412031783,
      "waittime": 48.19601440975721,
      "servicetime": 10.0,
      "networktime": 4.011469710560619,
      "services": {
        "MS3_1": {
          "meanserv": 0.07045107677089546,
          "stddevserv": 0.07045107677089546,
          "rate": 14.194247211465148,
          "cv": 1.0,
          "lambda": 0.15
        },
        "MS3_2": {
          "meanserv": 0.4749419094896745,
          "stddevserv": 0.4749419094896745,
          "rate": 2.1055206542511713,
          "cv": 1.0,
          "lambda": 0.15
        },
        "MS3_3": {
          "meanserv": 1.6053709592453644,
          "stddevserv": 1.6053709592453644,
          "rate": 0.6229089882565643,
          "cv": 1.0,
          "lambda": 0.15
        },
        "MS3_4": {
          "meanserv": 2.0319610996279085,
          "stddevserv": 2.0319610996279085,
          "rate": 0.49213540563503866,
          "cv": 1.0,
          "lambda": 0.15
        },
        "MS3_5": {
          "meanserv": 5.817274954866157,
          "stddevserv": 5.817274954866157,
          "rate": 0.17190179383965665,
          "cv": 1.0,
          "lambda": 0.15
        }
      },
      "sensors": [
        "S3"
      ],
      "sources": [
        {
          "startTime": 0,
          "stopTime": -1,
          "lambda": 0.15
        }
      ]
    },
    "SC4": {
      "resptime": 40.33255667974346,
      "resptime_old": 30.332556679743455,
      "waittime": 26.602327152756356,
      "servicetime": 10.0,
      "networktime": 3.7302295269871006,
      "services": {
        "MS4_1": {
          "meanserv": 5.150170980286372,
          "stddevserv": 5.150170980286372,
          "rate": 0.19416831088283512,
          "cv": 1.0,
          "lambda": 0.15
        },
        "MS4_2": {
          "meanserv": 1.2668153196753753,
          "stddevserv": 1.2668153196753753,
          "rate": 0.789381044315325,
          "cv": 1.0,
          "lambda": 0.15
        },
        "MS4_3": {
          "meanserv": 0.8813233413237853,
          "stddevserv": 0.8813233413237853,
          "rate": 1.1346573421032482,
          "cv": 1.0,
          "lambda": 0.15
        },
        "MS4_4": {
          "meanserv": 0.33391644533541687,
          "stddevserv": 0.33391644533541687,
          "rate": 2.9947611564788508,
          "cv": 1.0,
          "lambda": 0.15
        },
        "MS4_5": {
          "meanserv": 2.3677739133790503,
          "stddevserv": 2.3677739133790503,
          "rate": 0.4223376203063661,
          "cv": 1.0,
          "lambda": 0.15
        }
      },
      "sensors": [
        "S4"
      ],
      "sources": [
        {
          "startTime": 0,
          "stopTime": -1,
          "lambda": 0.15
        }
      ]
    }
  },
  "microservice": {
    "MS1_1": "F7",
    "MS1_2": "F4",
    "MS1_3": "F3",
    "MS1_4": "F10",
    "MS1_5": "F10",
    "MS2_1": "F8",
    "MS2_2": "F8",
    "MS2_3": "F6",
    "MS2_4": "F6",
    "MS2_5": "F5",
    "MS3_1": "F7",
    "MS3_2": "F7",
    "MS3_3": "F9",
    "MS3_4": "F9",
    "MS3_5": "F1",
    "MS4_1": "F2",
    "MS4_2": "F10",
    "MS4_3": "F10",
    "MS4_4": "F7",
    "MS4_5": "F7"
  },
  "sensor": {
    "S1": "F7",
    "S2": "F8",
    "S3": "F7",
    "S4": "F2"
  },
  "fog": {
    "F1": {
      "rho": 0.8725912432299234,
      "capacity": 1.0,
      "tserv": 5.817274954866157,
      "stddev": 5.817274954866157,
      "mu": 0.17190179383965665,
      "cv": 1.0,
      "lambda": 0.15,
      "twait": 39.841085603223924
    },
    "F2": {
      "rho": 0.7725256470429558,
      "capacity": 1.0,
      "tserv": 5.150170980286372,
      "stddev": 5.150170980286372,
      "mu": 0.19416831088283512,
      "cv": 1.0,
      "lambda": 0.15,
      "twait": 17.490495597448305
    },
    "F3": {
      "rho": 0.5750884715076857,
      "capacity": 1.0,
      "tserv": 3.8339231433845717,
      "stddev": 3.833923143384571,
      "mu": 0.2608294330900969,
      "cv": 0.9999999999999998,
      "lambda": 0.15,
      "twait": 5.188950764010291
    },
    "F4": {
      "rho": 0.5592149367346811,
      "capacity": 1.0,
      "tserv": 3.728099578231207,
      "stddev": 3.728099578231207,
      "mu": 0.2682331785983165,
      "cv": 1.0,
      "lambda": 0.15,
      "twait": 4.729763196458999
    },
    "F5": {
      "rho": 0.4637695625784857,
      "capacity": 1.0,
      "tserv": 3.091797083856571,
      "stddev": 3.091797083856571,
      "mu": 0.3234364911013643,
      "cv": 1.0,
      "lambda": 0.15,
      "twait": 2.6740022219858983
    },
    "F6": {
      "rho": 0.43554465690080973,
      "capacity": 1.0,
      "tserv": 1.4518155230026992,
      "stddev": 2.3045482158680994,
      "mu": 0.6887927454665608,
      "cv": 1.5873560926678525,
      "lambda": 0.3,
      "twait": 1.9714697228374278
    },
    "F7": {
      "rho": 0.5371266707470855,
      "capacity": 1.0,
      "tserv": 0.7161688943294474,
      "stddev": 1.382394798256489,
      "mu": 1.3963186727570807,
      "cv": 1.930263669927793,
      "lambda": 0.75,
      "twait": 1.9637499426926637
    },
    "F8": {
      "rho": 0.6006857805207045,
      "capacity": 1.0,
      "tserv": 2.002285935069015,
      "stddev": 2.042806286834177,
      "mu": 0.499429168674419,
      "cv": 1.0202370455964698,
      "lambda": 0.3,
      "twait": 3.0735969665595717
    },
    "F9": {
      "rho": 0.5455998088309909,
      "capacity": 1.0,
      "tserv": 1.8186660294366364,
      "stddev": 1.8435117847636937,
      "mu": 0.5498535650934039,
      "cv": 1.013661527144021,
      "lambda": 0.3,
      "twait": 2.21371446057398
    },
    "F10": {
      "rho": 0.6378532219066774,
      "capacity": 1.0,
      "tserv": 1.0630887031777956,
      "stddev": 1.4138566973206885,
      "mu": 0.9406552783514581,
      "cv": 1.3299517651672657,
      "lambda": 0.6,
      "twait": 2.592165834961359
    }
  },
  "extra": {
    "deltatime": 0.0144469,
    "obj_func": 40.6028025864573
  },
  "network": [
    [
      0.0,
      1.9824772036787421,
      1.629503347333162,
      2.6968152768379854,
      1.9728850660791142,
      2.0169489295077803,
      2.795659385136919,
      1.7148350519421969,
      2.2380485556578793,
      2.2380485556578793
    ],
    [
      1.9824772036787421,
      0.0,
      1.9276892564122317,
      1.6218984713103268,
      1.8415663616987192,
      1.7596628009285658,
      2.287172053943557,
      2.2380485556578793,
      1.9568083720843603,
      1.9568083720843603
    ],
    [
      1.629503347333162,
      1.9276892564122317,
      0.0,
      1.5862562103255935,
      1.6103496607262662,
      1.935116784324127,
      1.7148350519421969,
      1.9568083720843603,
      2.112688403447295,
      2.112688403447295
    ],
    [
      2.6968152768379854,
      1.6218984713103268,
      1.5862562103255935,
      0.0,
      1.7942782142049278,
      2.795659385136919,
      2.2380485556578793,
      2.112688403447295,
      2.0834591929083603,
      2.0834591929083603
    ],
    [
      1.9728850660791142,
      1.8415663616987192,
      1.6103496607262662,
      1.7942782142049278,
      0.0,
      2.287172053943557,
      1.9568083720843603,
      2.0834591929083603,
      1.8160731485290018,
      1.8160731485290018
    ],
    [
      2.0169489295077803,
      1.7596628009285658,
      1.935116784324127,
      2.795659385136919,
      2.287172053943557,
      0.0,
      2.112688403447295,
      1.8160731485290018,
      2.3944373151307072,
      2.3944373151307072
    ],
    [
      2.795659385136919,
      2.287172053943557,
      1.7148350519421969,
      2.2380485556578793,
      1.9568083720843603,
      2.112688403447295,
      0.0,
      2.3944373151307072,
      1.77342115490274,
      1.77342115490274
    ],
    [
      1.7148350519421969,
      2.2380485556578793,
      1.9568083720843603,
      2.112688403447295,
      2.0834591929083603,
      1.8160731485290018,
      2.3944373151307072,
      0.0,
      2.036411474112121,
      2.036411474112121
    ],
    [
      2.2380485556578793,
      1.9568083720843603,
      2.112688403447295,
      2.0834591929083603,
      1.8160731485290018,
      2.3944373151307072,
      1.77342115490274,
      2.036411474112121,
      0.0,
      1.9780212178914487
    ],
    [
      2.2380485556578793,
      1.9568083720843603,
      2.112688403447295,
      2.0834591929083603,
      1.8160731485290018,
      2.3944373151307072,
      1.77342115490274,
      2.036411474112121,
      1.9780212178914487,
      0.0
    ]
  ]
}