{
  "servicechain": {
    "SC1": {
      "resptime": 26.585703145650456,
      "resptime_old": 16.58570314565046,
      "waittime": 14.176300248027347,
      "servicetime": 10.0,
      "networktime": 2.409402897623111,
      "services": {
        "MS1_1": {
          "meanserv": 0.8736937385792753,
          "stddevserv": 0.8736937385792753,
          "rate": 1.144565831072697,
          "cv": 1.0,
          "lambda": 0.15
        },
        "MS1_2": {
          "meanserv": 0.9070967818866005,
          "stddevserv": 0.9070967818866005,
          "rate": 1.1024181983318002,
          "cv": 1.0,
          "lambda": 0.15
        },
        "MS1_3": {
          "meanserv": 0.4130143483824509,
          "stddevserv": 0.4130143483824509,
          "rate": 2.4212233882828715,
          "cv": 1.0,
          "lambda": 0.15
        },
        "MS1_4": {
          "meanserv": 0.5422511988566407,
          "stddevserv": 0.5422511988566407,
          "rate": 1.8441637420231467,
          "cv": 1.0,
          "lambda": 0.15
        },
        "MS1_5": {
          "meanserv": 0.36813615129614785,
          "stddevserv": 0.36813615129614785,
          "rate": 2.716386305662081,
          "cv": 1.0,
          "lambda": 0.15
        },
        "MS1_6": {
          "meanserv": 3.7395614249279454,
          "stddevserv": 3.7395614249279454,
          "rate": 0.2674110373836868,
          "cv": 1.0,
          "lambda": 0.15
        },
        "MS1_7": {
          "meanserv": 1.560298497049077,
          "stddevserv": 1.560298497049077,
          "rate": 0.6409030079124318,
          "cv": 1.0,
          "lambda": 0.15
        },
        "MS1_8": {
          "meanserv": 0.28676991504704397,
          "stddevserv": 0.28676991504704397,
          "rate": 3.487116142695625,
          "cv": 1.0,
          "lambda": 0.15
        },
        "MS1_9": {
          "meanserv": 0.37562626485944683,
          "stddevserv": 0.37562626485944683,
          "rate": 2.6622206526856784,
          "cv": 1.0,
          "lambda": 0.15
        },
        "MS1_10": {
          "meanserv": 0.9335516791153715,
          "stddevserv": 0.9335516791153715,
          "rate": 1.0711779780071677,
          "cv": 1.0,
          "lambda": 0.15
        }
      },
      "sensors": [
        "S1"
      ],
      "sources": [
        {
          "startTime": 0,
          "stopTime": -1,
          "lambda": 0.15
        }
      ]
    },
    "SC2": {
      "resptime": 44.31497221123724,
      "resptime_old": 34.31497221123724,
      "waittime": 31.45606641465359,
      "servicetime": 10.0,
      "networktime": 2.858905796583649,
      "services": {
        "MS2_1": {
          "meanserv": 1.7742500613180634,
          "stddevserv": 1.7742500613180634,
          "rate": 0.5636184108440245,
          "cv": 1.0,
          "lambda": 0.15
        },
        "MS2_2": {
          "meanserv": 0.9684662941895819,
          "stddevserv": 0.9684662941895819,
          "rate": 1.0325604577047318,
          "cv": 1.0,
          "lambda": 0.15
        },
        "MS2_3": {
          "meanserv": 0.5326751239891334,
          "stddevserv": 0.5326751239891334,
          "rate": 1.8773168765816066,
          "cv": 1.0,
          "lambda": 0.15
        },
        "MS2_4": {
          "meanserv": 5.277712992747508,
          "stddevserv": 5.277712992747508,
          "rate": 0.18947601003960868,
          "cv": 1.0,
          "lambda": 0.15
        },
        "MS2_5": {
          "meanserv": 0.0855117967904615,
          "stddevserv": 0.0855117967904615,
          "rate": 11.694292922535642,
          "cv": 1.0,
          "lambda": 0.15
        },
        "MS2_6": {
          "meanserv": 0.028599698994518974,
          "stddevserv": 0.028599698994518974,
          "rate": 34.96540296426358,
          "cv": 1.0,
          "lambda": 0.15
        },
        "MS2_7": {
          "meanserv": 0.8263285613450702,
          "stddevserv": 0.8263285613450702,
          "rate": 1.2101723778883224,
          "cv": 1.0,
          "lambda": 0.15
        },
        "MS2_8": {
          "meanserv": 0.15101216581276766,
          "stddevserv": 0.15101216581276766,
          "rate": 6.621983034399026,
          "cv": 1.0,
          "lambda": 0.15
        },
        "MS2_9": {
          "meanserv": 0.2444159737220133,
          "stddevserv": 0.2444159737220133,
          "rate": 4.091385619244964,
          "cv": 1.0,
          "lambda": 0.15
        },
        "MS2_10": {
          "meanserv": 0.11102733109088092,
          "stddevserv": 0.11102733109088092,
          "rate": 9.006791302417732,
          "cv": 1.0,
          "lambda": 0.15
        }
      },
      "sensors": [
        "S2"
      ],
      "sources": [
        {
          "startTime": 0,
          "stopTime": -1,
          "lambda": 0.15
        }
      ]
    },
    "SC3": {
      "resptime": 29.580261801317683,
      "resptime_old": 19.580261801317683,
      "waittime": 15.719838947672292,
      "servicetime": 10.0,
      "networktime": 3.860422853645388,
      "services": {
        "MS3_1": {
          "meanserv": 0.4526989290998995,
          "stddevserv": 0.4526989290998995,
          "rate": 2.2089736372654962,
          "cv": 1.0,
          "lambda": 0.15
        },
        "MS3_2": {
          "meanserv": 1.0487917436318728,
          "stddevserv": 1.0487917436318728,
          "rate": 0.9534781390794408,
          "cv": 1.0,
          "lambda": 0.15
        },
        "MS3_3": {
          "meanserv": 3.72809556509496,
          "stddevserv": 3.72809556509496,
          "rate": 0.26823346733992015,
          "cv": 1.0,
          "lambda": 0.15
        },
        "MS3_4": {
          "meanserv": 1.4499724198273807,
          "stddevserv": 1.4499724198273807,
          "rate": 0.6896682904624145,
          "cv": 1.0,
          "lambda": 0.15
        },
        "MS3_5": {
          "meanserv": 0.017903510491045438,
          "stddevserv": 0.017903510491045438,
          "rate": 55.8549676891667,
          "cv": 1.0,
          "lambda": 0.15
        },
        "MS3_6": {
          "meanserv": 0.1442282736596212,
          "stddevserv": 0.1442282736596212,
          "rate": 6.933453300287019,
          "cv": 1.0,
          "lambda": 0.15
        },
        "MS3_7": {
          "meanserv": 0.6238576566530476,
          "stddevserv": 0.6238576566530476,
          "rate": 1.6029297538238603,
          "cv": 1.0,
          "lambda": 0.15
        },
        "MS3_8": {
          "meanserv": 0.7018666154880666,
          "stddevserv": 0.7018666154880666,
          "rate": 1.4247721403654685,
          "cv": 1.0,
          "lambda": 0.15
        },
        "MS3_9": {
          "meanserv": 0.622566077574275,
          "stddevserv": 0.622566077574275,
          "rate": 1.6062552008878053,
          "cv": 1.0,
          "lambda": 0.15
        },
        "MS3_10": {
          "meanserv": 1.2100192084798316,
          "stddevserv": 1.2100192084798316,
          "rate": 0.8264331615498217,
          "cv": 1.0,
          "lambda": 0.15
        }
      },
      "sensors": [
        "S3"
      ],
      "sources": [
        {
          "startTime": 0,
          "stopTime": -1,
          "lambda": 0.15
        }
      ]
    },
    "SC4": {
      "resptime": 30.664653083365938,
      "resptime_old": 20.664653083365934,
      "waittime": 15.783609816348882,
      "servicetime": 10.0,
      "networktime": 4.881043267017056,
      "services": {
        "MS4_1": {
          "meanserv": 0.5176622825971311,
          "stddevserv": 0.5176622825971311,
          "rate": 1.9317613695611788,
          "cv": 1.0,
          "lambda": 0.15
        },
        "MS4_2": {
          "meanserv": 0.33372148149632075,
          "stddevserv": 0.33372148149632075,
          "rate": 2.996510729594807,
          "cv": 1.0,
          "lambda": 0.15
        },
        "MS4_3": {
          "meanserv": 1.4841426400332969,
          "stddevserv": 1.4841426400332969,
          "rate": 0.6737896837042328,
          "cv": 1.0,
          "lambda": 0.15
        },
        "MS4_4": {
          "meanserv": 1.180192832554543,
          "stddevserv": 1.180192832554543,
          "rate": 0.8473191604082926,
          "cv": 1.0,
          "lambda": 0.15
        },
        "MS4_5": {
          "meanserv": 0.1446841902172702,
          "stddevserv": 0.1446841902172702,
          "rate": 6.911605189885047,
          "cv": 1.0,
          "lambda": 0.15
        },
        "MS4_6": {
          "meanserv": 1.6636758290686484,
          "stddevserv": 1.6636758290686484,
          "rate": 0.6010786371524166,
          "cv": 1.0,
          "lambda": 0.15
        },
        "MS4_7": {
          "meanserv": 2.231284451456294,
          "stddevserv": 2.231284451456294,
          "rate": 0.4481723517354899,
          "cv": 1.0,
          "lambda": 0.15
        },
        "MS4_8": {
          "meanserv": 1.1766139079552786,
          "stddevserv": 1.1766139079552786,
          "rate": 0.8498964641152351,
          "cv": 1.0,
          "lambda": 0.15
        },
        "MS4_9": {
          "meanserv": 0.06374110839344738,
          "stddevserv": 0.06374110839344738,
          "rate": 15.688462676667239,
          "cv": 1.0,
          "lambda": 0.15
        },
        "MS4_10": {
          "meanserv": 1.2042812762277695,
          "stddevserv": 1.2042812762277695,
          "rate": 0.8303707943814838,
          "cv": 1.0,
          "lambda": 0.15
        }
      },
      "sensors": [
        "S4"
      ],
      "sources": [
        {
          "startTime": 0,
          "stopTime": -1,
          "lambda": 0.15
        }
      ]
    }
  },
  "microservice": {
    "MS1_1": "F10",
    "MS1_2": "F10",
    "MS1_3": "F10",
    "MS1_4": "F10",
    "MS1_5": "F10",
    "MS1_6": "F4",
    "MS1_7": "F5",
    "MS1_8": "F8",
    "MS1_9": "F8",
    "MS1_10": "F8",
    "MS2_1": "F5",
    "MS2_2": "F5",
    "MS2_3": "F10",
    "MS2_4": "F6",
    "MS2_5": "F1",
    "MS2_6": "F1",
    "MS2_7": "F1",
    "MS2_8": "F1",
    "MS2_9": "F1",
    "MS2_10": "F1",
    "MS3_1": "F2",
    "MS3_2": "F2",
    "MS3_3": "F7",
    "MS3_4": "F3",
    "MS3_5": "F8",
    "MS3_6": "F8",
    "MS3_7": "F8",
    "MS3_8": "F8",
    "MS3_9": "F8",
    "MS3_10": "F2",
    "MS4_1": "F1",
    "MS4_2": "F1",
    "MS4_3": "F3",
    "MS4_4": "F3",
    "MS4_5": "F8",
    "MS4_6": "F9",
    "MS4_7": "F9",
    "MS4_8": "F2",
    "MS4_9": "F1",
    "MS4_10": "F1"
  },
  "sensor": {
    "S1": "F10",
    "S2": "F5",
    "S3": "F2",
    "S4": "F1"
  },
  "fog": {
    "F1": {
      "rho": 0.5349452514705572,
      "capacity": 1.0,
      "tserv": 0.35663016764703814,
      "stddev": 0.6298563672741015,
      "mu": 2.8040252640368717,
      "cv": 1.7661331665510676,
      "lambda": 1.4999999999999998,
      "twait": 0.8449071666212334
    },
    "F2": {
      "rho": 0.5832185683750324,
      "capacity": 1.0,
      "tserv": 0.9720309472917207,
      "stddev": 1.0639029303035243,
      "mu": 1.0287738294610957,
      "cv": 1.094515491783238,
      "lambda": 0.6,
      "twait": 1.4948364658457045
    },
    "F3": {
      "rho": 0.617146183862283,
      "capacity": 1.0,
      "tserv": 1.3714359641384068,
      "stddev": 1.3848464681785313,
      "mu": 0.7291627361021129,
      "cv": 1.0097784398184055,
      "lambda": 0.44999999999999996,
      "twait": 2.2324269509913557
    },
    "F4": {
      "rho": 0.5609342137391918,
      "capacity": 1.0,
      "tserv": 3.739561424927946,
      "stddev": 3.739561424927945,
      "mu": 0.2674110373836868,
      "cv": 0.9999999999999998,
      "lambda": 0.15,
      "twait": 4.777525403392172
    },
    "F5": {
      "rho": 0.6454522278835082,
      "capacity": 1.0,
      "tserv": 1.434338284185574,
      "stddev": 1.5131495129346246,
      "mu": 0.6971856019082737,
      "cv": 1.0549460539525375,
      "lambda": 0.44999999999999996,
      "twait": 2.7586218934777356
    },
    "F6": {
      "rho": 0.7916569489121262,
      "capacity": 1.0,
      "tserv": 5.277712992747508,
      "stddev": 5.2777129927475075,
      "mu": 0.18947601003960868,
      "cv": 0.9999999999999998,
      "lambda": 0.15,
      "twait": 20.05412776311002
    },
    "F7": {
      "rho": 0.5592143347642439,
      "capacity": 1.0,
      "tserv": 3.72809556509496,
      "stddev": 3.72809556509496,
      "mu": 0.26823346733992015,
      "cv": 1.0,
      "lambda": 0.15,
      "twait": 4.7297465543872415
    },
    "F8": {
      "rho": 0.5776581274657782,
      "capacity": 1.0,
      "tserv": 0.42789490923390977,
      "stddev": 0.5929937344052043,
      "mu": 2.3370224286855152,
      "cv": 1.385839657374944,
      "lambda": 1.3499999999999999,
      "twait": 0.8546312089513168
    },
    "F9": {
      "rho": 0.5842440420787414,
      "capacity": 1.0,
      "tserv": 1.9474801402624713,
      "stddev": 1.9884085774360198,
      "mu": 0.5134840552803918,
      "cv": 1.0210160998961624,
      "lambda": 0.3,
      "twait": 2.794829786542107
    },
    "F10": {
      "rho": 0.5455301014485373,
      "capacity": 1.0,
      "tserv": 0.6061445571650415,
      "stddev": 0.6752322751563516,
      "mu": 1.649771474773334,
      "cv": 1.113978946399248,
      "lambda": 0.9,
      "twait": 0.8152518648606981
    }
  },
  "extra": {
    "deltatime": 3.7289895,
    "conv": 9,
    "obj_func": 32.78639756039283
  },
  "network": [
    [
      0.0,
      1.2907506327139866,
      0.8973511517496313,
      0.9452161835939256,
      0.9443302248377128,
      0.939435907817389,
      1.1714816328885753,
      0.7494419688343303,
      1.1864048217374052,
      1.1864048217374052
    ],
    [
      1.2907506327139866,
      0.0,
      1.0018717903396341,
      1.0766251136764857,
      0.9034888200210615,
      1.1083066455536932,
      1.0763904741932864,
      1.1864048217374052,
      0.8481855888803661,
      0.8481855888803661
    ],
    [
      0.8973511517496313,
      1.0018717903396341,
      0.0,
      1.1670416124609748,
      0.9775741496913319,
      0.8067236104155969,
      0.7494419688343303,
      0.8481855888803661,
      0.9588756784507187,
      0.9588756784507187
    ],
    [
      0.9452161835939256,
      1.0766251136764857,
      1.1670416124609748,
      0.0,
      0.968296900873344,
      1.1714816328885753,
      1.1864048217374052,
      0.9588756784507187,
      0.7205529983748835,
      0.7205529983748835
    ],
    [
      0.9443302248377128,
      0.9034888200210615,
      0.9775741496913319,
      0.968296900873344,
      0.0,
      1.0763904741932864,
      0.8481855888803661,
      0.7205529983748835,
      1.0485900408792619,
      1.0485900408792619
    ],
    [
      0.939435907817389,
      1.1083066455536932,
      0.8067236104155969,
      1.1714816328885753,
      1.0763904741932864,
      0.0,
      0.9588756784507187,
      1.0485900408792619,
      0.8708798478869979,
      0.8708798478869979
    ],
    [
      1.1714816328885753,
      1.0763904741932864,
      0.7494419688343303,
      1.1864048217374052,
      0.8481855888803661,
      0.9588756784507187,
      0.0,
      0.8708798478869979,
      0.982882496420468,
      0.982882496420468
    ],
    [
      0.7494419688343303,
      1.1864048217374052,
      0.8481855888803661,
      0.9588756784507187,
      0.7205529983748835,
      1.0485900408792619,
      0.8708798478869979,
      0.0,
      0.996570304792705,
      0.996570304792705
    ],
    [
      1.1864048217374052,
      0.8481855888803661,
      0.9588756784507187,
      0.7205529983748835,
      1.0485900408792619,
      0.8708798478869979,
      0.982882496420468,
      0.996570304792705,
      0.0,
      1.122799015927007
    ],
    [
      1.1864048217374052,
      0.8481855888803661,
      0.9588756784507187,
      0.7205529983748835,
      1.0485900408792619,
      0.8708798478869979,
      0.982882496420468,
      0.996570304792705,
      1.122799015927007,
      0.0
    ]
  ]
}