{
  "servicechain": {
    "SC1": {
      "resptime": 20.753268101125933,
      "resptime_old": 10.753268101125931,
      "waittime": 6.381665072336535,
      "servicetime": 10.0,
      "networktime": 4.371603028789396,
      "services": {
        "MS1_1": {
          "meanserv": 0.17779550553663093,
          "stddevserv": 0.17779550553663093,
          "rate": 5.62443913855838,
          "cv": 1.0,
          "lambda": 0.1
        },
        "MS1_2": {
          "meanserv": 4.1973995809190034,
          "stddevserv": 4.1973995809190034,
          "rate": 0.2382427454717223,
          "cv": 1.0,
          "lambda": 0.1
        },
        "MS1_3": {
          "meanserv": 1.722057021364657,
          "stddevserv": 1.722057021364657,
          "rate": 0.580700863904926,
          "cv": 1.0,
          "lambda": 0.1
        },
        "MS1_4": {
          "meanserv": 0.9241763977870567,
          "stddevserv": 0.9241763977870567,
          "rate": 1.0820445127082916,
          "cv": 1.0,
          "lambda": 0.1
        },
        "MS1_5": {
          "meanserv": 2.978571494392652,
          "stddevserv": 2.978571494392652,
          "rate": 0.33573140744902813,
          "cv": 1.0,
          "lambda": 0.1
        }
      },
      "sensors": [
        "S1"
      ],
      "sources": [
        {
          "startTime": 0,
          "stopTime": -1,
          "lambda": 0.1
        }
      ]
    },
    "SC2": {
      "resptime": 23.23876899374868,
      "resptime_old": 13.238768993748677,
      "waittime": 9.90577278471616,
      "servicetime": 10.0,
      "networktime": 3.332996209032518,
      "services": {
        "MS2_1": {
          "meanserv": 1.1486962511857401,
          "stddevserv": 1.1486962511857401,
          "rate": 0.8705521576898605,
          "cv": 1.0,
          "lambda": 0.1
        },
        "MS2_2": {
          "meanserv": 4.262867951849344,
          "stddevserv": 4.262867951849344,
          "rate": 0.23458385558627817,
          "cv": 1.0,
          "lambda": 0.1
        },
        "MS2_3": {
          "meanserv": 0.9534078157112749,
          "stddevserv": 0.9534078157112749,
          "rate": 1.0488691025193304,
          "cv": 1.0,
          "lambda": 0.1
        },
        "MS2_4": {
          "meanserv": 2.686105399317391,
          "stddevserv": 2.686105399317391,
          "rate": 0.37228621045701554,
          "cv": 1.0,
          "lambda": 0.1
        },
        "MS2_5": {
          "meanserv": 0.9489225819362499,
          "stddevserv": 0.9489225819362499,
          "rate": 1.0538267494483355,
          "cv": 1.0,
          "lambda": 0.1
        }
      },
      "sensors": [
        "S2"
      ],
      "sources": [
        {
          "startTime": 0,
          "stopTime": -1,
          "lambda": 0.1
        }
      ]
    },
    "SC3": {
      "resptime": 20.047036675871155,
      "resptime_old": 10.047036675871155,
      "waittime": 6.342754110957517,
      "servicetime": 10.0,
      "networktime": 3.7042825649136377,
      "services": {
        "MS3_1": {
          "meanserv": 2.57211769660022,
          "stddevserv": 2.57211769660022,
          "rate": 0.3887846972639636,
          "cv": 1.0,
          "lambda": 0.1
        },
        "MS3_2": {
          "meanserv": 0.40750441422023,
          "stddevserv": 0.40750441422023,
          "rate": 2.453961147668855,
          "cv": 1.0,
          "lambda": 0.1
        },
        "MS3_3": {
          "meanserv": 2.5272555182075442,
          "stddevserv": 2.5272555182075442,
          "rate": 0.3956861475998477,
          "cv": 1.0,
          "lambda": 0.1
        },
        "MS3_4": {
          "meanserv": 1.1012270821551295,
          "stddevserv": 1.1012270821551295,
          "rate": 0.9080779216244613,
          "cv": 1.0,
          "lambda": 0.1
        },
        "MS3_5": {
          "meanserv": 3.391895288816876,
          "stddevserv": 3.391895288816876,
          "rate": 0.29482042187358004,
          "cv": 1.0,
          "lambda": 0.1
        }
      },
      "sensors": [
        "S3"
      ],
      "sources": [
        {
          "startTime": 0,
          "stopTime": -1,
          "lambda": 0.1
        }
      ]
    },
    "SC4": {
      "resptime": 25.30017263136116,
      "resptime_old": 15.300172631361159,
      "waittime": 11.561915876214993,
      "servicetime": 10.0,
      "networktime": 3.7382567551461667,
      "services": {
        "MS4_1": {
          "meanserv": 0.7603041888907258,
          "stddevserv": 0.7603041888907258,
          "rate": 1.3152630415715416,
          "cv": 1.0,
          "lambda": 0.1
        },
        "MS4_2": {
          "meanserv": 2.986631405974345,
          "stddevserv": 2.986631405974345,
          "rate": 0.3348253815317276,
          "cv": 1.0,
          "lambda": 0.1
        },
        "MS4_3": {
          "meanserv": 2.950173431131369,
          "stddevserv": 2.950173431131369,
          "rate": 0.3389631231329026,
          "cv": 1.0,
          "lambda": 0.1
        },
        "MS4_4": {
          "meanserv": 2.7148536832123273,
          "stddevserv": 2.7148536832123273,
          "rate": 0.36834397602479946,
          "cv": 1.0,
          "lambda": 0.1
        },
        "MS4_5": {
          "meanserv": 0.5880372907912328,
          "stddevserv": 0.5880372907912328,
          "rate": 1.7005724222939183,
          "cv": 1.0,
          "lambda": 0.1
        }
      },
      "sensors": [
        "S4"
      ],
      "sources": [
        {
          "startTime": 0,
          "stopTime": -1,
          "lambda": 0.1
        }
      ]
    }
  },
  "microservice": {
    "MS1_1": "F10",
    "MS1_2": "F8",
    "MS1_3": "F10",
    "MS1_4": "F10",
    "MS1_5": "F7",
    "MS2_1": "F7",
    "MS2_2": "F3",
    "MS2_3": "F2",
    "MS2_4": "F2",
    "MS2_5": "F2",
    "MS3_1": "F6",
    "MS3_2": "F6",
    "MS3_3": "F4",
    "MS3_4": "F4",
    "MS3_5": "F9",
    "MS4_1": "F1",
    "MS4_2": "F1",
    "MS4_3": "F5",
    "MS4_4": "F5",
    "MS4_5": "F6"
  },
  "sensor": {
    "S1": "F10",
    "S2": "F7",
    "S3": "F6",
    "S4": "F1"
  },
  "fog": {
    "F1": {
      "rho": 0.37469355948650707,
      "capacity": 1.0,
      "tserv": 1.8734677974325353,
      "stddev": 2.4470692729835752,
      "mu": 0.5337695162790812,
      "cv": 1.3061709821418457,
      "lambda": 0.2,
      "twait": 1.5189399947643951
    },
    "F2": {
      "rho": 0.4588435796964916,
      "capacity": 1.0,
      "tserv": 1.529478598988305,
      "stddev": 1.9175758253004582,
      "mu": 0.6538175824502964,
      "cv": 1.2537447902630776,
      "lambda": 0.30000000000000004,
      "twait": 1.667651423362673
    },
    "F3": {
      "rho": 0.42628679518493445,
      "capacity": 1.0,
      "tserv": 4.262867951849344,
      "stddev": 4.262867951849344,
      "mu": 0.23458385558627817,
      "cv": 1.0,
      "lambda": 0.1,
      "twait": 3.167443771973476
    },
    "F4": {
      "rho": 0.36284826003626736,
      "capacity": 1.0,
      "tserv": 1.814241300181337,
      "stddev": 2.0756324447017866,
      "mu": 0.5511945957244211,
      "cv": 1.144077386229893,
      "lambda": 0.2,
      "twait": 1.19276477864048
    },
    "F5": {
      "rho": 0.5665027114343697,
      "capacity": 1.0,
      "tserv": 2.8325135571718483,
      "stddev": 2.8373968251625747,
      "mu": 0.3530433234707833,
      "cv": 1.0017240051608445,
      "lambda": 0.2,
      "twait": 3.7079710113507263
    },
    "F6": {
      "rho": 0.35676594016116825,
      "capacity": 1.0,
      "tserv": 1.1892198005372274,
      "stddev": 1.8268865221371182,
      "mu": 0.8408874453219264,
      "cv": 1.5362059404929402,
      "lambda": 0.30000000000000004,
      "twait": 1.1080938639847497
    },
    "F7": {
      "rho": 0.4127267745578392,
      "capacity": 1.0,
      "tserv": 2.063633872789196,
      "stddev": 2.4357353024854143,
      "mu": 0.48458208269687186,
      "cv": 1.1803136857766772,
      "lambda": 0.2,
      "twait": 1.7353747426546646
    },
    "F8": {
      "rho": 0.41973995809190034,
      "capacity": 1.0,
      "tserv": 4.1973995809190034,
      "stddev": 4.1973995809190034,
      "mu": 0.2382427454717223,
      "cv": 1.0,
      "lambda": 0.1,
      "twait": 3.0362530537109347
    },
    "F9": {
      "rho": 0.33918952888168763,
      "capacity": 1.0,
      "tserv": 3.391895288816876,
      "stddev": 3.391895288816876,
      "mu": 0.29482042187358004,
      "cv": 1.0,
      "lambda": 0.1,
      "twait": 1.7410368257070576
    },
    "F10": {
      "rho": 0.2824028924688345,
      "capacity": 1.0,
      "tserv": 0.9413429748961148,
      "stddev": 1.296663345223064,
      "mu": 1.0623120654938318,
      "cv": 1.3774611165140547,
      "lambda": 0.30000000000000004,
      "twait": 0.536679091990312
    }
  },
  "extra": {
    "deltatime": 0.4801117,
    "conv": 27,
    "obj_func": 22.334811600526734
  },
  "network": [
    [
      0.0,
      1.7025426675713822,
      1.4350670264815668,
      1.5071006863492118,
      1.6609697814436906,
      2.0890738401317805,
      1.5704770815284497,
      1.5201929790949176,
      2.0089341507120553,
      2.0089341507120553
    ],
    [
      1.7025426675713822,
      0.0,
      1.8128032299376002,
      2.1134074014985926,
      1.70812816056876,
      2.2087154125176864,
      2.077286973702476,
      2.0089341507120553,
      2.180829678487055,
      2.180829678487055
    ],
    [
      1.4350670264815668,
      1.8128032299376002,
      0.0,
      2.3986378091180907,
      2.5284293821286092,
      2.379482498146734,
      1.5201929790949176,
      2.180829678487055,
      2.393308441792145,
      2.393308441792145
    ],
    [
      1.5071006863492118,
      2.1134074014985926,
      2.3986378091180907,
      0.0,
      2.0012527578848065,
      1.5704770815284497,
      2.0089341507120553,
      2.393308441792145,
      2.133805483385188,
      2.133805483385188
    ],
    [
      1.6609697814436906,
      1.70812816056876,
      2.5284293821286092,
      2.0012527578848065,
      0.0,
      2.077286973702476,
      2.180829678487055,
      2.133805483385188,
      2.6145058873853797,
      2.6145058873853797
    ],
    [
      2.0890738401317805,
      2.2087154125176864,
      2.379482498146734,
      1.5704770815284497,
      2.077286973702476,
      0.0,
      2.393308441792145,
      2.6145058873853797,
      2.274306205421416,
      2.274306205421416
    ],
    [
      1.5704770815284497,
      2.077286973702476,
      1.5201929790949176,
      2.0089341507120553,
      2.180829678487055,
      2.393308441792145,
      0.0,
      2.274306205421416,
      1.8093589323914459,
      1.8093589323914459
    ],
    [
      1.5201929790949176,
      2.0089341507120553,
      2.180829678487055,
      2.393308441792145,
      2.133805483385188,
      2.6145058873853797,
      2.274306205421416,
      0.0,
      1.281122048198975,
      1.281122048198975
    ],
    [
      2.0089341507120553,
      2.180829678487055,
      2.393308441792145,
      2.133805483385188,
      2.6145058873853797,
      2.274306205421416,
      1.8093589323914459,
      1.281122048198975,
      0.0,
      1.8984886339476248
    ],
    [
      2.0089341507120553,
      2.180829678487055,
      2.393308441792145,
      2.133805483385188,
      2.6145058873853797,
      2.274306205421416,
      1.8093589323914459,
      1.281122048198975,
      1.8984886339476248,
      0.0
    ]
  ]
}