{
  "servicechain": {
    "SC1": {
      "resptime": 32.445648854017165,
      "resptime_old": 22.445648854017165,
      "waittime": 17.08876249685175,
      "servicetime": 10.0,
      "networktime": 5.356886357165418,
      "services": {
        "MS1_1": {
          "meanserv": 0.04811129449328155,
          "stddevserv": 0.04811129449328155,
          "rate": 20.785140174094543,
          "cv": 1.0,
          "lambda": 0.15
        },
        "MS1_2": {
          "meanserv": 1.7792719099189247,
          "stddevserv": 1.7792719099189247,
          "rate": 0.5620276442432942,
          "cv": 1.0,
          "lambda": 0.15
        },
        "MS1_3": {
          "meanserv": 1.8461654907501457,
          "stddevserv": 1.8461654907501457,
          "rate": 0.541663250131316,
          "cv": 1.0,
          "lambda": 0.15
        },
        "MS1_4": {
          "meanserv": 1.3077613337296512,
          "stddevserv": 1.3077613337296512,
          "rate": 0.7646655197765057,
          "cv": 1.0,
          "lambda": 0.15
        },
        "MS1_5": {
          "meanserv": 2.1252518297634992,
          "stddevserv": 2.1252518297634992,
          "rate": 0.47053247337341725,
          "cv": 1.0,
          "lambda": 0.15
        },
        "MS1_6": {
          "meanserv": 0.14509982261419463,
          "stddevserv": 0.14509982261419463,
          "rate": 6.8918071847606335,
          "cv": 1.0,
          "lambda": 0.15
        },
        "MS1_7": {
          "meanserv": 0.45617541303618303,
          "stddevserv": 0.45617541303618303,
          "rate": 2.1921391890550703,
          "cv": 1.0,
          "lambda": 0.15
        },
        "MS1_8": {
          "meanserv": 2.29216290569412,
          "stddevserv": 2.29216290569412,
          "rate": 0.4362691663475711,
          "cv": 1.0,
          "lambda": 0.15
        }
      },
      "sensors": [
        "S1"
      ],
      "sources": [
        {
          "startTime": 0,
          "stopTime": -1,
          "lambda": 0.15
        }
      ]
    },
    "SC2": {
      "resptime": 29.60250111268707,
      "resptime_old": 19.60250111268706,
      "waittime": 15.336207235668871,
      "servicetime": 10.0,
      "networktime": 4.266293877018195,
      "services": {
        "MS2_1": {
          "meanserv": 0.6951448615811195,
          "stddevserv": 0.6951448615811195,
          "rate": 1.438549078425872,
          "cv": 1.0,
          "lambda": 0.15
        },
        "MS2_2": {
          "meanserv": 0.48994629670063294,
          "stddevserv": 0.48994629670063294,
          "rate": 2.0410400215985716,
          "cv": 1.0,
          "lambda": 0.15
        },
        "MS2_3": {
          "meanserv": 2.8714748871595925,
          "stddevserv": 2.8714748871595925,
          "rate": 0.34825308919528136,
          "cv": 1.0,
          "lambda": 0.15
        },
        "MS2_4": {
          "meanserv": 0.6897435453728322,
          "stddevserv": 0.6897435453728322,
          "rate": 1.44981421965966,
          "cv": 1.0,
          "lambda": 0.15
        },
        "MS2_5": {
          "meanserv": 0.3416848334866929,
          "stddevserv": 0.3416848334866929,
          "rate": 2.926673653599394,
          "cv": 1.0,
          "lambda": 0.15
        },
        "MS2_6": {
          "meanserv": 1.5430994883413263,
          "stddevserv": 1.5430994883413263,
          "rate": 0.6480463557634236,
          "cv": 1.0,
          "lambda": 0.15
        },
        "MS2_7": {
          "meanserv": 1.5850217311837262,
          "stddevserv": 1.5850217311837262,
          "rate": 0.6309061764428806,
          "cv": 1.0,
          "lambda": 0.15
        },
        "MS2_8": {
          "meanserv": 1.7838843561740774,
          "stddevserv": 1.7838843561740774,
          "rate": 0.5605744545821987,
          "cv": 1.0,
          "lambda": 0.15
        }
      },
      "sensors": [
        "S2"
      ],
      "sources": [
        {
          "startTime": 0,
          "stopTime": -1,
          "lambda": 0.15
        }
      ]
    },
    "SC3": {
      "resptime": 32.275540462973204,
      "resptime_old": 22.2755404629732,
      "waittime": 19.226002838222925,
      "servicetime": 10.0,
      "networktime": 3.049537624750277,
      "services": {
        "MS3_1": {
          "meanserv": 4.689538597455164,
          "stddevserv": 4.689538597455164,
          "rate": 0.2132405948300889,
          "cv": 1.0,
          "lambda": 0.15
        },
        "MS3_2": {
          "meanserv": 1.0747048017572007,
          "stddevserv": 1.0747048017572007,
          "rate": 0.9304880729712435,
          "cv": 1.0,
          "lambda": 0.15
        },
        "MS3_3": {
          "meanserv": 0.393387520871034,
          "stddevserv": 0.393387520871034,
          "rate": 2.542022679788652,
          "cv": 1.0,
          "lambda": 0.15
        },
        "MS3_4": {
          "meanserv": 2.25496829952616,
          "stddevserv": 2.25496829952616,
          "rate": 0.4434652142161517,
          "cv": 1.0,
          "lambda": 0.15
        },
        "MS3_5": {
          "meanserv": 0.40839488689339376,
          "stddevserv": 0.40839488689339376,
          "rate": 2.448610479937368,
          "cv": 1.0,
          "lambda": 0.15
        },
        "MS3_6": {
          "meanserv": 0.8190123459115988,
          "stddevserv": 0.8190123459115988,
          "rate": 1.2209828154506677,
          "cv": 1.0,
          "lambda": 0.15
        },
        "MS3_7": {
          "meanserv": 0.042229431423937314,
          "stddevserv": 0.042229431423937314,
          "rate": 23.680167273887577,
          "cv": 1.0,
          "lambda": 0.15
        },
        "MS3_8": {
          "meanserv": 0.317764116161511,
          "stddevserv": 0.317764116161511,
          "rate": 3.146988439348283,
          "cv": 1.0,
          "lambda": 0.15
        }
      },
      "sensors": [
        "S3"
      ],
      "sources": [
        {
          "startTime": 0,
          "stopTime": -1,
          "lambda": 0.15
        }
      ]
    },
    "SC4": {
      "resptime": 36.74011547351153,
      "resptime_old": 26.74011547351153,
      "waittime": 20.821400716901998,
      "servicetime": 10.0,
      "networktime": 5.918714756609533,
      "services": {
        "MS4_1": {
          "meanserv": 0.776057869239376,
          "stddevserv": 0.776057869239376,
          "rate": 1.2885637007715836,
          "cv": 1.0,
          "lambda": 0.15
        },
        "MS4_2": {
          "meanserv": 3.8880894056509003,
          "stddevserv": 3.8880894056509003,
          "rate": 0.25719573180251787,
          "cv": 1.0,
          "lambda": 0.15
        },
        "MS4_3": {
          "meanserv": 0.9474683447772563,
          "stddevserv": 0.9474683447772563,
          "rate": 1.0554442325301048,
          "cv": 1.0,
          "lambda": 0.15
        },
        "MS4_4": {
          "meanserv": 1.1056497635317193,
          "stddevserv": 1.1056497635317193,
          "rate": 0.9044455423259462,
          "cv": 1.0,
          "lambda": 0.15
        },
        "MS4_5": {
          "meanserv": 1.6060060672299743,
          "stddevserv": 1.6060060672299743,
          "rate": 0.6226626538994287,
          "cv": 1.0,
          "lambda": 0.15
        },
        "MS4_6": {
          "meanserv": 0.2006052945996153,
          "stddevserv": 0.2006052945996153,
          "rate": 4.984913294516394,
          "cv": 1.0,
          "lambda": 0.15
        },
        "MS4_7": {
          "meanserv": 0.5809320399813505,
          "stddevserv": 0.5809320399813505,
          "rate": 1.7213717460515738,
          "cv": 1.0,
          "lambda": 0.15
        },
        "MS4_8": {
          "meanserv": 0.8951912149898078,
          "stddevserv": 0.8951912149898078,
          "rate": 1.1170797738574607,
          "cv": 1.0,
          "lambda": 0.15
        }
      },
      "sensors": [
        "S4"
      ],
      "sources": [
        {
          "startTime": 0,
          "stopTime": -1,
          "lambda": 0.15
        }
      ]
    }
  },
  "microservice": {
    "MS1_1": "F10",
    "MS1_2": "F6",
    "MS1_3": "F1",
    "MS1_4": "F1",
    "MS1_5": "F9",
    "MS1_6": "F10",
    "MS1_7": "F10",
    "MS1_8": "F9",
    "MS2_1": "F10",
    "MS2_2": "F10",
    "MS2_3": "F3",
    "MS2_4": "F1",
    "MS2_5": "F1",
    "MS2_6": "F2",
    "MS2_7": "F2",
    "MS2_8": "F6",
    "MS3_1": "F5",
    "MS3_2": "F8",
    "MS3_3": "F8",
    "MS3_4": "F7",
    "MS3_5": "F10",
    "MS3_6": "F10",
    "MS3_7": "F10",
    "MS3_8": "F10",
    "MS4_1": "F7",
    "MS4_2": "F4",
    "MS4_3": "F3",
    "MS4_4": "F7",
    "MS4_5": "F8",
    "MS4_6": "F8",
    "MS4_7": "F8",
    "MS4_8": "F2"
  },
  "sensor": {
    "S1": "F10",
    "S2": "F10",
    "S3": "F5",
    "S4": "F7"
  },
  "fog": {
    "F1": {
      "rho": 0.6278032805008983,
      "capacity": 1.0,
      "tserv": 1.0463388008348304,
      "stddev": 1.3269159047936032,
      "mu": 0.9557133876734203,
      "cv": 1.2681512945280362,
      "lambda": 0.6,
      "twait": 2.301630203809674
    },
    "F2": {
      "rho": 0.603496865177229,
      "capacity": 1.0,
      "tserv": 1.3411041448382868,
      "stddev": 1.4135007934640387,
      "mu": 0.7456542460545316,
      "cv": 1.0539828684479098,
      "lambda": 0.44999999999999996,
      "twait": 2.1543904942331604
    },
    "F3": {
      "rho": 0.5728414847905273,
      "capacity": 1.0,
      "tserv": 1.9094716159684244,
      "stddev": 2.344564445638908,
      "mu": 0.5237050876468939,
      "cv": 1.2278603284971157,
      "lambda": 0.3,
      "twait": 3.2106573905448825
    },
    "F4": {
      "rho": 0.583213410847635,
      "capacity": 1.0,
      "tserv": 3.8880894056509003,
      "stddev": 3.8880894056509003,
      "mu": 0.25719573180251787,
      "cv": 1.0,
      "lambda": 0.15,
      "twait": 5.440640229240323
    },
    "F5": {
      "rho": 0.7034307896182747,
      "capacity": 1.0,
      "tserv": 4.689538597455164,
      "stddev": 4.689538597455164,
      "mu": 0.2132405948300889,
      "cv": 1.0,
      "lambda": 0.15,
      "twait": 11.123089393896612
    },
    "F6": {
      "rho": 0.5344734399139504,
      "capacity": 1.0,
      "tserv": 1.7815781330465013,
      "stddev": 1.781581118411307,
      "mu": 0.5613001088478777,
      "cv": 1.0000016756855905,
      "lambda": 0.3,
      "twait": 2.045442452667709
    },
    "F7": {
      "rho": 0.6205013898445882,
      "capacity": 1.0,
      "tserv": 1.3788919774324184,
      "stddev": 1.6447075970584726,
      "mu": 0.7252199710829136,
      "cv": 1.1927747959785937,
      "lambda": 0.44999999999999996,
      "twait": 2.731080851011969
    },
    "F8": {
      "rho": 0.5783453586658762,
      "capacity": 1.0,
      "tserv": 0.771127144887835,
      "stddev": 1.0545390416324398,
      "mu": 1.296803006650033,
      "cv": 1.3675293998187923,
      "lambda": 0.75,
      "twait": 1.5178503002865642
    },
    "F9": {
      "rho": 0.662612210318643,
      "capacity": 1.0,
      "tserv": 2.20870736772881,
      "stddev": 2.2118584696796684,
      "mu": 0.4527535039774369,
      "cv": 1.0014266724496412,
      "lambda": 0.3,
      "twait": 4.343980321004388
    },
    "F10": {
      "rho": 0.5132817703223779,
      "capacity": 1.0,
      "tserv": 0.380208718757317,
      "stddev": 0.5258959266456606,
      "mu": 2.6301343200871963,
      "cv": 1.3831769254648107,
      "lambda": 1.3499999999999999,
      "twait": 0.5840329981853051
    }
  },
  "extra": {
    "conv_gen": 538,
    "max_gen": 600,
    "population": 600,
    "deltatime": 53.5303322,
    "obj_func": 32.765951475797245
  },
  "network": [
    [
      0.0,
      0.4996039095278799,
      1.1780087609010437,
      1.5002220986417778,
      0.8420395621180895,
      1.0226284929551408,
      1.3477931835154882,
      1.1164439207750658,
      1.0495425686984763,
      1.0495425686984763
    ],
    [
      0.4996039095278799,
      0.0,
      1.539498777869012,
      1.2806701643390759,
      1.518514936825889,
      1.302154212940733,
      1.0354366086305982,
      1.0495425686984763,
      1.3900416672583045,
      1.3900416672583045
    ],
    [
      1.1780087609010437,
      1.539498777869012,
      0.0,
      1.3922200270143552,
      1.7432329001969153,
      1.0722413886720508,
      1.1164439207750658,
      1.3900416672583045,
      1.2865269936485382,
      1.2865269936485382
    ],
    [
      1.5002220986417778,
      1.2806701643390759,
      1.3922200270143552,
      0.0,
      1.2451038406809611,
      1.3477931835154882,
      1.0495425686984763,
      1.2865269936485382,
      1.05452130691542,
      1.05452130691542
    ],
    [
      0.8420395621180895,
      1.518514936825889,
      1.7432329001969153,
      1.2451038406809611,
      0.0,
      1.0354366086305982,
      1.3900416672583045,
      1.05452130691542,
      1.2109289090328255,
      1.2109289090328255
    ],
    [
      1.0226284929551408,
      1.302154212940733,
      1.0722413886720508,
      1.3477931835154882,
      1.0354366086305982,
      0.0,
      1.2865269936485382,
      1.2109289090328255,
      1.3109656714231592,
      1.3109656714231592
    ],
    [
      1.3477931835154882,
      1.0354366086305982,
      1.1164439207750658,
      1.0495425686984763,
      1.3900416672583045,
      1.2865269936485382,
      0.0,
      1.3109656714231592,
      0.6840506464116977,
      0.6840506464116977
    ],
    [
      1.1164439207750658,
      1.0495425686984763,
      1.3900416672583045,
      1.2865269936485382,
      1.05452130691542,
      1.2109289090328255,
      1.3109656714231592,
      0.0,
      1.4612697038490918,
      1.4612697038490918
    ],
    [
      1.0495425686984763,
      1.3900416672583045,
      1.2865269936485382,
      1.05452130691542,
      1.2109289090328255,
      1.3109656714231592,
      0.6840506464116977,
      1.4612697038490918,
      0.0,
      0.9868748120443208
    ],
    [
      1.0495425686984763,
      1.3900416672583045,
      1.2865269936485382,
      1.05452130691542,
      1.2109289090328255,
      1.3109656714231592,
      0.6840506464116977,
      1.4612697038490918,
      0.9868748120443208,
      0.0
    ]
  ]
}