{
  "servicechain": {
    "SC1": {
      "resptime": 21.10203635821685,
      "resptime_old": 11.102036358216848,
      "waittime": 8.324581726266437,
      "servicetime": 10.0,
      "networktime": 2.7774546319504108,
      "services": {
        "MS1_1": {
          "meanserv": 1.2388473196449035,
          "stddevserv": 1.2388473196449035,
          "rate": 0.807201972464722,
          "cv": 1.0,
          "lambda": 0.1
        },
        "MS1_2": {
          "meanserv": 1.5591554246639616,
          "stddevserv": 1.5591554246639616,
          "rate": 0.6413728767390371,
          "cv": 1.0,
          "lambda": 0.1
        },
        "MS1_3": {
          "meanserv": 2.952506699373291,
          "stddevserv": 2.952506699373291,
          "rate": 0.3386952518049369,
          "cv": 1.0,
          "lambda": 0.1
        },
        "MS1_4": {
          "meanserv": 3.048439370581092,
          "stddevserv": 3.048439370581092,
          "rate": 0.3280367028619567,
          "cv": 1.0,
          "lambda": 0.1
        },
        "MS1_5": {
          "meanserv": 1.2010511857367518,
          "stddevserv": 1.2010511857367518,
          "rate": 0.8326039821413419,
          "cv": 1.0,
          "lambda": 0.1
        }
      },
      "sensors": [
        "S1"
      ],
      "sources": [
        {
          "startTime": 0,
          "stopTime": -1,
          "lambda": 0.1
        }
      ]
    },
    "SC2": {
      "resptime": 21.92656044400996,
      "resptime_old": 11.926560444009958,
      "waittime": 7.778975171789183,
      "servicetime": 10.0,
      "networktime": 4.147585272220776,
      "services": {
        "MS2_1": {
          "meanserv": 0.6769130276111457,
          "stddevserv": 0.6769130276111457,
          "rate": 1.4772946585605564,
          "cv": 1.0,
          "lambda": 0.1
        },
        "MS2_2": {
          "meanserv": 0.7610038696626142,
          "stddevserv": 0.7610038696626142,
          "rate": 1.3140537648558122,
          "cv": 1.0,
          "lambda": 0.1
        },
        "MS2_3": {
          "meanserv": 1.6361304973010247,
          "stddevserv": 1.6361304973010247,
          "rate": 0.6111981908836788,
          "cv": 1.0,
          "lambda": 0.1
        },
        "MS2_4": {
          "meanserv": 2.9252590628195305,
          "stddevserv": 2.9252590628195305,
          "rate": 0.3418500647379051,
          "cv": 1.0,
          "lambda": 0.1
        },
        "MS2_5": {
          "meanserv": 4.000693542605685,
          "stddevserv": 4.000693542605685,
          "rate": 0.24995666110148784,
          "cv": 1.0,
          "lambda": 0.1
        }
      },
      "sensors": [
        "S2"
      ],
      "sources": [
        {
          "startTime": 0,
          "stopTime": -1,
          "lambda": 0.1
        }
      ]
    },
    "SC3": {
      "resptime": 21.376132720525717,
      "resptime_old": 11.37613272052572,
      "waittime": 7.791112753486127,
      "servicetime": 10.0,
      "networktime": 3.5850199670395915,
      "services": {
        "MS3_1": {
          "meanserv": 4.858057442609789,
          "stddevserv": 4.858057442609789,
          "rate": 0.2058435932084804,
          "cv": 1.0,
          "lambda": 0.1
        },
        "MS3_2": {
          "meanserv": 0.40792229948398706,
          "stddevserv": 0.40792229948398706,
          "rate": 2.4514472517559804,
          "cv": 1.0,
          "lambda": 0.1
        },
        "MS3_3": {
          "meanserv": 1.3958132816278388,
          "stddevserv": 1.3958132816278388,
          "rate": 0.716428202226139,
          "cv": 1.0,
          "lambda": 0.1
        },
        "MS3_4": {
          "meanserv": 0.045547377096155195,
          "stddevserv": 0.045547377096155195,
          "rate": 21.955161059854166,
          "cv": 1.0,
          "lambda": 0.1
        },
        "MS3_5": {
          "meanserv": 3.2926595991822296,
          "stddevserv": 3.2926595991822296,
          "rate": 0.30370585536639183,
          "cv": 1.0,
          "lambda": 0.1
        }
      },
      "sensors": [
        "S3"
      ],
      "sources": [
        {
          "startTime": 0,
          "stopTime": -1,
          "lambda": 0.1
        }
      ]
    },
    "SC4": {
      "resptime": 20.55684236134931,
      "resptime_old": 10.556842361349311,
      "waittime": 6.559850974502346,
      "servicetime": 10.0,
      "networktime": 3.9969913868469655,
      "services": {
        "MS4_1": {
          "meanserv": 1.7332834132997788,
          "stddevserv": 1.7332834132997788,
          "rate": 0.5769396927973981,
          "cv": 1.0,
          "lambda": 0.1
        },
        "MS4_2": {
          "meanserv": 1.9987763113055623,
          "stddevserv": 1.9987763113055623,
          "rate": 0.5003061094649551,
          "cv": 1.0,
          "lambda": 0.1
        },
        "MS4_3": {
          "meanserv": 4.348825538351454,
          "stddevserv": 4.348825538351454,
          "rate": 0.22994714117206883,
          "cv": 1.0,
          "lambda": 0.1
        },
        "MS4_4": {
          "meanserv": 1.3929833773569502,
          "stddevserv": 1.3929833773569502,
          "rate": 0.7178836562266825,
          "cv": 1.0,
          "lambda": 0.1
        },
        "MS4_5": {
          "meanserv": 0.5261313596862554,
          "stddevserv": 0.5261313596862554,
          "rate": 1.9006660249188032,
          "cv": 1.0,
          "lambda": 0.1
        }
      },
      "sensors": [
        "S4"
      ],
      "sources": [
        {
          "startTime": 0,
          "stopTime": -1,
          "lambda": 0.1
        }
      ]
    }
  },
  "microservice": {
    "MS1_1": "F6",
    "MS1_2": "F2",
    "MS1_3": "F2",
    "MS1_4": "F5",
    "MS1_5": "F5",
    "MS2_1": "F7",
    "MS2_2": "F7",
    "MS2_3": "F9",
    "MS2_4": "F9",
    "MS2_5": "F1",
    "MS3_1": "F3",
    "MS3_2": "F6",
    "MS3_3": "F6",
    "MS3_4": "F6",
    "MS3_5": "F8",
    "MS4_1": "F10",
    "MS4_2": "F10",
    "MS4_3": "F4",
    "MS4_4": "F7",
    "MS4_5": "F7"
  },
  "sensor": {
    "S1": "F6",
    "S2": "F7",
    "S3": "F3",
    "S4": "F10"
  },
  "fog": {
    "F1": {
      "rho": 0.4000693542605685,
      "capacity": 1.0,
      "tserv": 4.000693542605685,
      "stddev": 4.000693542605685,
      "mu": 0.24995666110148784,
      "cv": 1.0,
      "lambda": 0.1,
      "twait": 2.667899854010547
    },
    "F2": {
      "rho": 0.4511662124037253,
      "capacity": 1.0,
      "tserv": 2.2558310620186264,
      "stddev": 2.4616026624406993,
      "mu": 0.4432956070323599,
      "cv": 1.091217646519123,
      "lambda": 0.2,
      "twait": 2.0312636904023753
    },
    "F3": {
      "rho": 0.48580574426097894,
      "capacity": 1.0,
      "tserv": 4.858057442609789,
      "stddev": 4.8580574426097884,
      "mu": 0.2058435932084804,
      "cv": 0.9999999999999998,
      "lambda": 0.1,
      "twait": 4.5898455403350304
    },
    "F4": {
      "rho": 0.4348825538351454,
      "capacity": 1.0,
      "tserv": 4.348825538351454,
      "stddev": 4.348825538351454,
      "mu": 0.22994714117206883,
      "cv": 1.0,
      "lambda": 0.1,
      "twait": 3.346611167530788
    },
    "F5": {
      "rho": 0.4249490556317844,
      "capacity": 1.0,
      "tserv": 2.124745278158922,
      "stddev": 2.4941860495580257,
      "mu": 0.47064465104565073,
      "cv": 1.1738753229371672,
      "lambda": 0.2,
      "twait": 1.866879213399633
    },
    "F6": {
      "rho": 0.30881302778528846,
      "capacity": 1.0,
      "tserv": 0.7720325694632211,
      "stddev": 1.1089283087541582,
      "mu": 1.2952821416527545,
      "cv": 1.436375034702453,
      "lambda": 0.4,
      "twait": 0.5282959186624211
    },
    "F7": {
      "rho": 0.3357031634316966,
      "capacity": 1.0,
      "tserv": 0.8392579085792413,
      "stddev": 0.960689169191482,
      "mu": 1.1915288372949322,
      "cv": 1.144688848768561,
      "lambda": 0.4,
      "twait": 0.4899248129257966
    },
    "F8": {
      "rho": 0.329265959918223,
      "capacity": 1.0,
      "tserv": 3.2926595991822296,
      "stddev": 3.292659599182229,
      "mu": 0.30370585536639183,
      "cv": 0.9999999999999999,
      "lambda": 0.1,
      "twait": 1.6163794571638346
    },
    "F9": {
      "rho": 0.45613895601205556,
      "capacity": 1.0,
      "tserv": 2.2806947800602777,
      "stddev": 2.456113781772354,
      "mu": 0.43846287926943495,
      "cv": 1.076914720569247,
      "lambda": 0.2,
      "twait": 2.0656128459635212
    },
    "F10": {
      "rho": 0.3732059724605341,
      "capacity": 1.0,
      "tserv": 1.8660298623026705,
      "stddev": 1.8754494625158733,
      "mu": 0.5358971044364775,
      "cv": 1.0050479364792047,
      "lambda": 0.2,
      "twait": 1.1166950905599826
    }
  },
  "extra": {
    "deltatime": 0.5864661,
    "conv": 8,
    "obj_func": 21.24039297102546
  },
  "network": [
    [
      0.0,
      2.4330269549169463,
      1.871509714094499,
      2.3653096498805213,
      2.0550463451215695,
      2.5213710566927956,
      2.2403502686366243,
      2.4793794710295303,
      2.182105840980044,
      2.182105840980044
    ],
    [
      2.4330269549169463,
      0.0,
      2.6297771120203928,
      2.186485183531918,
      1.0384495029253529,
      1.739005129025058,
      2.0479690985385743,
      2.182105840980044,
      1.5949505137300581,
      1.5949505137300581
    ],
    [
      1.871509714094499,
      2.6297771120203928,
      0.0,
      1.2879868094971105,
      2.355644149614799,
      1.2670786512894023,
      2.4793794710295303,
      1.5949505137300581,
      2.2502492578930284,
      2.2502492578930284
    ],
    [
      2.3653096498805213,
      2.186485183531918,
      1.2879868094971105,
      0.0,
      1.8622217042433185,
      2.2403502686366243,
      2.182105840980044,
      2.2502492578930284,
      1.8148855458669215,
      1.8148855458669215
    ],
    [
      2.0550463451215695,
      1.0384495029253529,
      2.355644149614799,
      1.8622217042433185,
      0.0,
      2.0479690985385743,
      1.5949505137300581,
      1.8148855458669215,
      2.3179413157501894,
      2.3179413157501894
    ],
    [
      2.5213710566927956,
      1.739005129025058,
      1.2670786512894023,
      2.2403502686366243,
      2.0479690985385743,
      0.0,
      2.2502492578930284,
      2.3179413157501894,
      2.461543770438223,
      2.461543770438223
    ],
    [
      2.2403502686366243,
      2.0479690985385743,
      2.4793794710295303,
      2.182105840980044,
      1.5949505137300581,
      2.2502492578930284,
      0.0,
      2.461543770438223,
      1.965479431240732,
      1.965479431240732
    ],
    [
      2.4793794710295303,
      2.182105840980044,
      1.5949505137300581,
      2.2502492578930284,
      1.8148855458669215,
      2.3179413157501894,
      2.461543770438223,
      0.0,
      2.5165712388401356,
      2.5165712388401356
    ],
    [
      2.182105840980044,
      1.5949505137300581,
      2.2502492578930284,
      1.8148855458669215,
      2.3179413157501894,
      2.461543770438223,
      1.965479431240732,
      2.5165712388401356,
      0.0,
      2.5462414865607106
    ],
    [
      2.182105840980044,
      1.5949505137300581,
      2.2502492578930284,
      1.8148855458669215,
      2.3179413157501894,
      2.461543770438223,
      1.965479431240732,
      2.5165712388401356,
      2.5462414865607106,
      0.0
    ]
  ]
}