{
  "servicechain": {
    "SC1": {
      "resptime": 38.45966558951381,
      "resptime_old": 28.459665589513804,
      "waittime": 23.536145832742445,
      "servicetime": 10.0,
      "networktime": 4.92351975677136,
      "services": {
        "MS1_1": {
          "meanserv": 1.2529111137142634,
          "stddevserv": 1.2529111137142634,
          "rate": 0.798141216127849,
          "cv": 1.0,
          "lambda": 0.15
        },
        "MS1_2": {
          "meanserv": 0.03351765642173876,
          "stddevserv": 0.03351765642173876,
          "rate": 29.83502150082974,
          "cv": 1.0,
          "lambda": 0.15
        },
        "MS1_3": {
          "meanserv": 1.3883414445070164,
          "stddevserv": 1.3883414445070164,
          "rate": 0.7202839070723616,
          "cv": 1.0,
          "lambda": 0.15
        },
        "MS1_4": {
          "meanserv": 0.09587143495080852,
          "stddevserv": 0.09587143495080852,
          "rate": 10.43063557474756,
          "cv": 1.0,
          "lambda": 0.15
        },
        "MS1_5": {
          "meanserv": 0.3929096778535168,
          "stddevserv": 0.3929096778535168,
          "rate": 2.545114198924915,
          "cv": 1.0,
          "lambda": 0.15
        },
        "MS1_6": {
          "meanserv": 0.0019882107865707432,
          "stddevserv": 0.0019882107865707432,
          "rate": 502.96477956685635,
          "cv": 1.0,
          "lambda": 0.15
        },
        "MS1_7": {
          "meanserv": 0.11627985163071264,
          "stddevserv": 0.11627985163071264,
          "rate": 8.599942173781319,
          "cv": 1.0,
          "lambda": 0.15
        },
        "MS1_8": {
          "meanserv": 1.8218729973858832,
          "stddevserv": 1.8218729973858832,
          "rate": 0.5488856805248506,
          "cv": 1.0,
          "lambda": 0.15
        },
        "MS1_9": {
          "meanserv": 3.613402408379847,
          "stddevserv": 3.613402408379847,
          "rate": 0.27674747702633357,
          "cv": 1.0,
          "lambda": 0.15
        },
        "MS1_10": {
          "meanserv": 1.2829052043696425,
          "stddevserv": 1.2829052043696425,
          "rate": 0.7794808194665884,
          "cv": 1.0,
          "lambda": 0.15
        }
      },
      "sensors": [
        "S1"
      ],
      "sources": [
        {
          "startTime": 0,
          "stopTime": -1,
          "lambda": 0.15
        }
      ]
    },
    "SC2": {
      "resptime": 38.16855636670242,
      "resptime_old": 28.168556366702415,
      "waittime": 22.980887888249484,
      "servicetime": 10.0,
      "networktime": 5.187668478452933,
      "services": {
        "MS2_1": {
          "meanserv": 1.8826961288217814,
          "stddevserv": 1.8826961288217814,
          "rate": 0.5311531609861091,
          "cv": 1.0,
          "lambda": 0.15
        },
        "MS2_2": {
          "meanserv": 1.0165574332226246,
          "stddevserv": 1.0165574332226246,
          "rate": 0.9837122501085499,
          "cv": 1.0,
          "lambda": 0.15
        },
        "MS2_3": {
          "meanserv": 0.9994593037746538,
          "stddevserv": 0.9994593037746538,
          "rate": 1.0005409887359138,
          "cv": 1.0,
          "lambda": 0.15
        },
        "MS2_4": {
          "meanserv": 2.745396402011143,
          "stddevserv": 2.745396402011143,
          "rate": 0.3642461246279222,
          "cv": 1.0,
          "lambda": 0.15
        },
        "MS2_5": {
          "meanserv": 0.17521850092772873,
          "stddevserv": 0.17521850092772873,
          "rate": 5.70715988725679,
          "cv": 1.0,
          "lambda": 0.15
        },
        "MS2_6": {
          "meanserv": 0.1415876831205507,
          "stddevserv": 0.1415876831205507,
          "rate": 7.062761237137973,
          "cv": 1.0,
          "lambda": 0.15
        },
        "MS2_7": {
          "meanserv": 1.5342038700959746,
          "stddevserv": 1.5342038700959746,
          "rate": 0.6518038570307109,
          "cv": 1.0,
          "lambda": 0.15
        },
        "MS2_8": {
          "meanserv": 1.3968645809887406,
          "stddevserv": 1.3968645809887406,
          "rate": 0.7158890085767451,
          "cv": 1.0,
          "lambda": 0.15
        },
        "MS2_9": {
          "meanserv": 0.018290071791909668,
          "stddevserv": 0.018290071791909668,
          "rate": 54.67447101231908,
          "cv": 1.0,
          "lambda": 0.15
        },
        "MS2_10": {
          "meanserv": 0.08972602524489304,
          "stddevserv": 0.08972602524489304,
          "rate": 11.145038435288509,
          "cv": 1.0,
          "lambda": 0.15
        }
      },
      "sensors": [
        "S2"
      ],
      "sources": [
        {
          "startTime": 0,
          "stopTime": -1,
          "lambda": 0.15
        }
      ]
    },
    "SC3": {
      "resptime": 40.96620301682289,
      "resptime_old": 30.966203016822885,
      "waittime": 26.00513872206396,
      "servicetime": 10.0,
      "networktime": 4.961064294758928,
      "services": {
        "MS3_1": {
          "meanserv": 2.3229950583792314,
          "stddevserv": 2.3229950583792314,
          "rate": 0.43047874613117193,
          "cv": 1.0,
          "lambda": 0.15
        },
        "MS3_2": {
          "meanserv": 1.5731665027858477,
          "stddevserv": 1.5731665027858477,
          "rate": 0.6356606234808244,
          "cv": 1.0,
          "lambda": 0.15
        },
        "MS3_3": {
          "meanserv": 0.5425208004819391,
          "stddevserv": 0.5425208004819391,
          "rate": 1.8432472987425867,
          "cv": 1.0,
          "lambda": 0.15
        },
        "MS3_4": {
          "meanserv": 0.670203690854243,
          "stddevserv": 0.670203690854243,
          "rate": 1.4920836958170103,
          "cv": 1.0,
          "lambda": 0.15
        },
        "MS3_5": {
          "meanserv": 0.036432339774871814,
          "stddevserv": 0.036432339774871814,
          "rate": 27.44814102468714,
          "cv": 1.0,
          "lambda": 0.15
        },
        "MS3_6": {
          "meanserv": 2.229294285990692,
          "stddevserv": 2.229294285990692,
          "rate": 0.4485724501624526,
          "cv": 1.0,
          "lambda": 0.15
        },
        "MS3_7": {
          "meanserv": 0.38997279408831176,
          "stddevserv": 0.38997279408831176,
          "rate": 2.5642814451654896,
          "cv": 1.0,
          "lambda": 0.15
        },
        "MS3_8": {
          "meanserv": 0.8640947906397436,
          "stddevserv": 0.8640947906397436,
          "rate": 1.1572804405632826,
          "cv": 1.0,
          "lambda": 0.15
        },
        "MS3_9": {
          "meanserv": 0.22058515177023885,
          "stddevserv": 0.22058515177023885,
          "rate": 4.533396704061017,
          "cv": 1.0,
          "lambda": 0.15
        },
        "MS3_10": {
          "meanserv": 1.150734585234881,
          "stddevserv": 1.150734585234881,
          "rate": 0.8690101199972938,
          "cv": 1.0,
          "lambda": 0.15
        }
      },
      "sensors": [
        "S3"
      ],
      "sources": [
        {
          "startTime": 0,
          "stopTime": -1,
          "lambda": 0.15
        }
      ]
    },
    "SC4": {
      "resptime": 36.27071147589292,
      "resptime_old": 26.270711475892913,
      "waittime": 21.57292003625064,
      "servicetime": 10.0,
      "networktime": 4.697791439642275,
      "services": {
        "MS4_1": {
          "meanserv": 1.1592066170252069,
          "stddevserv": 1.1592066170252069,
          "rate": 0.8626589818528055,
          "cv": 1.0,
          "lambda": 0.15
        },
        "MS4_2": {
          "meanserv": 0.7191835882830144,
          "stddevserv": 0.7191835882830144,
          "rate": 1.3904655449485566,
          "cv": 1.0,
          "lambda": 0.15
        },
        "MS4_3": {
          "meanserv": 0.6411339642864078,
          "stddevserv": 0.6411339642864078,
          "rate": 1.5597364290519466,
          "cv": 1.0,
          "lambda": 0.15
        },
        "MS4_4": {
          "meanserv": 1.0651588402882326,
          "stddevserv": 1.0651588402882326,
          "rate": 0.9388271140193508,
          "cv": 1.0,
          "lambda": 0.15
        },
        "MS4_5": {
          "meanserv": 1.466251677834534,
          "stddevserv": 1.466251677834534,
          "rate": 0.6820111547813347,
          "cv": 1.0,
          "lambda": 0.15
        },
        "MS4_6": {
          "meanserv": 0.7279485547771403,
          "stddevserv": 0.7279485547771403,
          "rate": 1.3737234498750364,
          "cv": 1.0,
          "lambda": 0.15
        },
        "MS4_7": {
          "meanserv": 0.30385659881235494,
          "stddevserv": 0.30385659881235494,
          "rate": 3.2910261087255335,
          "cv": 1.0,
          "lambda": 0.15
        },
        "MS4_8": {
          "meanserv": 1.4018797255520887,
          "stddevserv": 1.4018797255520887,
          "rate": 0.7133279565807115,
          "cv": 1.0,
          "lambda": 0.15
        },
        "MS4_9": {
          "meanserv": 1.9428867015260316,
          "stddevserv": 1.9428867015260316,
          "rate": 0.5146980517261014,
          "cv": 1.0,
          "lambda": 0.15
        },
        "MS4_10": {
          "meanserv": 0.5724937316149887,
          "stddevserv": 0.5724937316149887,
          "rate": 1.746744016181676,
          "cv": 1.0,
          "lambda": 0.15
        }
      },
      "sensors": [
        "S4"
      ],
      "sources": [
        {
          "startTime": 0,
          "stopTime": -1,
          "lambda": 0.15
        }
      ]
    }
  },
  "microservice": {
    "MS1_1": "F9",
    "MS1_2": "F8",
    "MS1_3": "F8",
    "MS1_4": "F8",
    "MS1_5": "F7",
    "MS1_6": "F9",
    "MS1_7": "F9",
    "MS1_8": "F9",
    "MS1_9": "F1",
    "MS1_10": "F10",
    "MS2_1": "F6",
    "MS2_2": "F3",
    "MS2_3": "F10",
    "MS2_4": "F2",
    "MS2_5": "F2",
    "MS2_6": "F2",
    "MS2_7": "F7",
    "MS2_8": "F7",
    "MS2_9": "F10",
    "MS2_10": "F10",
    "MS3_1": "F3",
    "MS3_2": "F10",
    "MS3_3": "F4",
    "MS3_4": "F2",
    "MS3_5": "F2",
    "MS3_6": "F4",
    "MS3_7": "F4",
    "MS3_8": "F7",
    "MS3_9": "F7",
    "MS3_10": "F4",
    "MS4_1": "F6",
    "MS4_2": "F6",
    "MS4_3": "F5",
    "MS4_4": "F8",
    "MS4_5": "F8",
    "MS4_6": "F9",
    "MS4_7": "F9",
    "MS4_8": "F5",
    "MS4_9": "F5",
    "MS4_10": "F3"
  },
  "sensor": {
    "S1": "F9",
    "S2": "F6",
    "S3": "F3",
    "S4": "F6"
  },
  "fog": {
    "F1": {
      "rho": 0.542010361256977,
      "capacity": 1.0,
      "tserv": 3.6134024083798466,
      "stddev": 3.6134024083798475,
      "mu": 0.27674747702633357,
      "cv": 1.0000000000000002,
      "lambda": 0.15,
      "twait": 4.276300988179567
    },
    "F2": {
      "rho": 0.5653257925032805,
      "capacity": 1.0,
      "tserv": 0.7537677233377074,
      "stddev": 1.6270262259725725,
      "mu": 1.3266686394741982,
      "cv": 2.158524669599872,
      "lambda": 0.75,
      "twait": 2.773956964745138
    },
    "F3": {
      "rho": 0.5868069334825267,
      "capacity": 1.0,
      "tserv": 1.3040154077389483,
      "stddev": 1.6746661067412993,
      "mu": 0.7668621045927018,
      "cv": 1.284237975105699,
      "lambda": 0.44999999999999996,
      "twait": 2.4531307553101906
    },
    "F4": {
      "rho": 0.6468783698693734,
      "capacity": 1.0,
      "tserv": 1.0781306164489557,
      "stddev": 1.4858700222499008,
      "mu": 0.9275313999464231,
      "cv": 1.3781911018758735,
      "lambda": 0.6,
      "twait": 2.8631851420986294
    },
    "F5": {
      "rho": 0.5978850587046793,
      "capacity": 1.0,
      "tserv": 1.3286334637881763,
      "stddev": 1.5282294632232987,
      "mu": 0.7526530282842776,
      "cv": 1.1502265334082717,
      "lambda": 0.44999999999999996,
      "twait": 2.2945410484728064
    },
    "F6": {
      "rho": 0.5641629501195005,
      "capacity": 1.0,
      "tserv": 1.253695444710001,
      "stddev": 1.4254593004738898,
      "mu": 0.7976418868071387,
      "cv": 1.1370060459967775,
      "lambda": 0.44999999999999996,
      "twait": 1.8603958966682497
    },
    "F7": {
      "rho": 0.6612987107022322,
      "capacity": 1.0,
      "tserv": 0.881731614269643,
      "stddev": 1.1508399028492426,
      "mu": 1.1341319555932234,
      "cv": 1.305204309593127,
      "lambda": 0.75,
      "twait": 2.3271425161428265
    },
    "F8": {
      "rho": 0.6073711581003496,
      "capacity": 1.0,
      "tserv": 0.8098282108004661,
      "stddev": 1.197114821918668,
      "mu": 1.2348297906435743,
      "cv": 1.4782330449261487,
      "lambda": 0.75,
      "twait": 1.9951147925343375
    },
    "F9": {
      "rho": 0.6337285990660387,
      "capacity": 1.0,
      "tserv": 0.7041428878511541,
      "stddev": 1.160074530056838,
      "mu": 1.4201663004105864,
      "cv": 1.6474987535513694,
      "lambda": 0.9,
      "twait": 2.2625723785584286
    },
    "F10": {
      "rho": 0.594532066195042,
      "capacity": 1.0,
      "tserv": 0.7927094215933893,
      "stddev": 1.1928172076916008,
      "mu": 1.2614962970793828,
      "cv": 1.5047344905955236,
      "lambda": 0.75,
      "twait": 1.8970684365833237
    }
  },
  "extra": {
    "deltatime": 0.0431269,
    "obj_func": 38.46628411223301
  },
  "network": [
    [
      0.0,
      0.9583965646367155,
      1.031050584233168,
      0.7462613421859102,
      0.8537314936072679,
      0.7352876617037981,
      1.2670580240415499,
      1.1064305325205026,
      0.8770227981540691,
      0.8770227981540691
    ],
    [
      0.9583965646367155,
      0.0,
      1.2472598560904824,
      0.7815343079129426,
      0.8080933655075814,
      1.4098752886920907,
      1.0023109670629633,
      0.8770227981540691,
      1.0897983785338596,
      1.0897983785338596
    ],
    [
      1.031050584233168,
      1.2472598560904824,
      0.0,
      1.0820758540359365,
      0.7677225804589244,
      1.1493911690070882,
      1.1064305325205026,
      1.0897983785338596,
      0.7096782039438422,
      0.7096782039438422
    ],
    [
      0.7462613421859102,
      0.7815343079129426,
      1.0820758540359365,
      0.0,
      1.0128332678548269,
      1.2670580240415499,
      0.8770227981540691,
      0.7096782039438422,
      0.9342718786810614,
      0.9342718786810614
    ],
    [
      0.8537314936072679,
      0.8080933655075814,
      0.7677225804589244,
      1.0128332678548269,
      0.0,
      1.0023109670629633,
      1.0897983785338596,
      0.9342718786810614,
      1.2660840116052081,
      1.2660840116052081
    ],
    [
      0.7352876617037981,
      1.4098752886920907,
      1.1493911690070882,
      1.2670580240415499,
      1.0023109670629633,
      0.0,
      0.7096782039438422,
      1.2660840116052081,
      1.2055823987239251,
      1.2055823987239251
    ],
    [
      1.2670580240415499,
      1.0023109670629633,
      1.1064305325205026,
      0.8770227981540691,
      1.0897983785338596,
      0.7096782039438422,
      0.0,
      1.2055823987239251,
      1.236489759905179,
      1.236489759905179
    ],
    [
      1.1064305325205026,
      0.8770227981540691,
      1.0897983785338596,
      0.7096782039438422,
      0.9342718786810614,
      1.2660840116052081,
      1.2055823987239251,
      0.0,
      0.7274020018341177,
      0.7274020018341177
    ],
    [
      0.8770227981540691,
      1.0897983785338596,
      0.7096782039438422,
      0.9342718786810614,
      1.2660840116052081,
      1.2055823987239251,
      1.236489759905179,
      0.7274020018341177,
      0.0,
      0.8352145353501093
    ],
    [
      0.8770227981540691,
      1.0897983785338596,
      0.7096782039438422,
      0.9342718786810614,
      1.2660840116052081,
      1.2055823987239251,
      1.236489759905179,
      0.7274020018341177,
      0.8352145353501093,
      0.0
    ]
  ]
}