{
  "servicechain": {
    "SC1": {
      "resptime": 30.23963249321637,
      "resptime_old": 20.23963249321636,
      "waittime": 13.87878583285429,
      "servicetime": 10.0,
      "networktime": 6.360846660362077,
      "services": {
        "MS1_1": {
          "meanserv": 0.15530315092764702,
          "stddevserv": 0.15530315092764702,
          "rate": 6.43901938902632,
          "cv": 1.0,
          "lambda": 0.3
        },
        "MS1_2": {
          "meanserv": 0.9380447788178459,
          "stddevserv": 0.9380447788178459,
          "rate": 1.066047189410544,
          "cv": 1.0,
          "lambda": 0.3
        },
        "MS1_3": {
          "meanserv": 1.2838092493341835,
          "stddevserv": 1.2838092493341835,
          "rate": 0.778931917275581,
          "cv": 1.0,
          "lambda": 0.3
        },
        "MS1_4": {
          "meanserv": 0.9144851486857344,
          "stddevserv": 0.9144851486857344,
          "rate": 1.0935114708392635,
          "cv": 1.0,
          "lambda": 0.3
        },
        "MS1_5": {
          "meanserv": 0.6269906402066292,
          "stddevserv": 0.6269906402066292,
          "rate": 1.594920140546983,
          "cv": 1.0,
          "lambda": 0.3
        },
        "MS1_6": {
          "meanserv": 1.2148878049900569,
          "stddevserv": 1.2148878049900569,
          "rate": 0.8231212758022411,
          "cv": 1.0,
          "lambda": 0.3
        },
        "MS1_7": {
          "meanserv": 1.228692643121616,
          "stddevserv": 1.228692643121616,
          "rate": 0.8138731891967713,
          "cv": 1.0,
          "lambda": 0.3
        },
        "MS1_8": {
          "meanserv": 0.9902237695925997,
          "stddevserv": 0.9902237695925997,
          "rate": 1.0098727486731838,
          "cv": 1.0,
          "lambda": 0.3
        },
        "MS1_9": {
          "meanserv": 1.4544220475760374,
          "stddevserv": 1.4544220475760374,
          "rate": 0.6875583340245809,
          "cv": 1.0,
          "lambda": 0.3
        },
        "MS1_10": {
          "meanserv": 1.19314076674765,
          "stddevserv": 1.19314076674765,
          "rate": 0.8381240737636289,
          "cv": 1.0,
          "lambda": 0.3
        }
      },
      "sensors": [
        "S1"
      ],
      "sources": [
        {
          "startTime": 0,
          "stopTime": -1,
          "lambda": 0.3
        }
      ]
    },
    "SC2": {
      "resptime": 32.51639113977802,
      "resptime_old": 22.516391139778023,
      "waittime": 17.003474789058497,
      "servicetime": 10.0,
      "networktime": 5.5129163507195225,
      "services": {
        "MS2_1": {
          "meanserv": 0.348032051860675,
          "stddevserv": 0.348032051860675,
          "rate": 2.8732985788341194,
          "cv": 1.0,
          "lambda": 0.3
        },
        "MS2_2": {
          "meanserv": 1.1457468418076844,
          "stddevserv": 1.1457468418076844,
          "rate": 0.872793154220932,
          "cv": 1.0,
          "lambda": 0.3
        },
        "MS2_3": {
          "meanserv": 1.4556342533597413,
          "stddevserv": 1.4556342533597413,
          "rate": 0.6869857573713353,
          "cv": 1.0,
          "lambda": 0.3
        },
        "MS2_4": {
          "meanserv": 0.8229174722612229,
          "stddevserv": 0.8229174722612229,
          "rate": 1.215188683808338,
          "cv": 1.0,
          "lambda": 0.3
        },
        "MS2_5": {
          "meanserv": 2.1422646433135157,
          "stddevserv": 2.1422646433135157,
          "rate": 0.4667957355881414,
          "cv": 1.0,
          "lambda": 0.3
        },
        "MS2_6": {
          "meanserv": 1.0373974483434916,
          "stddevserv": 1.0373974483434916,
          "rate": 0.9639507033652266,
          "cv": 1.0,
          "lambda": 0.3
        },
        "MS2_7": {
          "meanserv": 0.8251715363257217,
          "stddevserv": 0.8251715363257217,
          "rate": 1.2118692368531576,
          "cv": 1.0,
          "lambda": 0.3
        },
        "MS2_8": {
          "meanserv": 0.34018135674484107,
          "stddevserv": 0.34018135674484107,
          "rate": 2.9396084769867836,
          "cv": 1.0,
          "lambda": 0.3
        },
        "MS2_9": {
          "meanserv": 0.4834640901717684,
          "stddevserv": 0.4834640901717684,
          "rate": 2.068405948505324,
          "cv": 1.0,
          "lambda": 0.3
        },
        "MS2_10": {
          "meanserv": 1.399190305811338,
          "stddevserv": 1.399190305811338,
          "rate": 0.7146990626268938,
          "cv": 1.0,
          "lambda": 0.3
        }
      },
      "sensors": [
        "S2"
      ],
      "sources": [
        {
          "startTime": 0,
          "stopTime": -1,
          "lambda": 0.3
        }
      ]
    },
    "SC3": {
      "resptime": 36.317585645547574,
      "resptime_old": 26.317585645547574,
      "waittime": 21.469758536275116,
      "servicetime": 10.0,
      "networktime": 4.847827109272459,
      "services": {
        "MS3_1": {
          "meanserv": 2.4155720749342144,
          "stddevserv": 2.4155720749342144,
          "rate": 0.41398060955280497,
          "cv": 1.0,
          "lambda": 0.3
        },
        "MS3_2": {
          "meanserv": 0.20218299768846837,
          "stddevserv": 0.20218299768846837,
          "rate": 4.946014310960212,
          "cv": 1.0,
          "lambda": 0.3
        },
        "MS3_3": {
          "meanserv": 0.2921412088378106,
          "stddevserv": 0.2921412088378106,
          "rate": 3.423002198074612,
          "cv": 1.0,
          "lambda": 0.3
        },
        "MS3_4": {
          "meanserv": 0.08099448543338328,
          "stddevserv": 0.08099448543338328,
          "rate": 12.346519576601109,
          "cv": 1.0,
          "lambda": 0.3
        },
        "MS3_5": {
          "meanserv": 0.7534159877802518,
          "stddevserv": 0.7534159877802518,
          "rate": 1.3272880005456815,
          "cv": 1.0,
          "lambda": 0.3
        },
        "MS3_6": {
          "meanserv": 1.403237210479853,
          "stddevserv": 1.403237210479853,
          "rate": 0.7126378865466649,
          "cv": 1.0,
          "lambda": 0.3
        },
        "MS3_7": {
          "meanserv": 1.9850808449169888,
          "stddevserv": 1.9850808449169888,
          "rate": 0.5037578205243411,
          "cv": 1.0,
          "lambda": 0.3
        },
        "MS3_8": {
          "meanserv": 0.8575838776368503,
          "stddevserv": 0.8575838776368503,
          "rate": 1.1660666974705614,
          "cv": 1.0,
          "lambda": 0.3
        },
        "MS3_9": {
          "meanserv": 0.6361885478530542,
          "stddevserv": 0.6361885478530542,
          "rate": 1.5718610518449294,
          "cv": 1.0,
          "lambda": 0.3
        },
        "MS3_10": {
          "meanserv": 1.3736027644391253,
          "stddevserv": 1.3736027644391253,
          "rate": 0.7280125127065566,
          "cv": 1.0,
          "lambda": 0.3
        }
      },
      "sensors": [
        "S3"
      ],
      "sources": [
        {
          "startTime": 0,
          "stopTime": -1,
          "lambda": 0.3
        }
      ]
    },
    "SC4": {
      "resptime": 59.76586831300793,
      "resptime_old": 49.76586831300793,
      "waittime": 45.26089949148891,
      "servicetime": 10.0,
      "networktime": 4.504968821519019,
      "services": {
        "MS4_1": {
          "meanserv": 0.2992664112076149,
          "stddevserv": 0.2992664112076149,
          "rate": 3.34150430034814,
          "cv": 1.0,
          "lambda": 0.3
        },
        "MS4_2": {
          "meanserv": 1.49119800939993,
          "stddevserv": 1.49119800939993,
          "rate": 0.6706017535541159,
          "cv": 1.0,
          "lambda": 0.3
        },
        "MS4_3": {
          "meanserv": 0.979308606783722,
          "stddevserv": 0.979308606783722,
          "rate": 1.0211285728246924,
          "cv": 1.0,
          "lambda": 0.3
        },
        "MS4_4": {
          "meanserv": 1.0111108407982972,
          "stddevserv": 1.0111108407982972,
          "rate": 0.9890112534155752,
          "cv": 1.0,
          "lambda": 0.3
        },
        "MS4_5": {
          "meanserv": 0.0506421436436999,
          "stddevserv": 0.0506421436436999,
          "rate": 19.746399501483275,
          "cv": 1.0,
          "lambda": 0.3
        },
        "MS4_6": {
          "meanserv": 3.045347335005751,
          "stddevserv": 3.045347335005751,
          "rate": 0.32836976869770146,
          "cv": 1.0,
          "lambda": 0.3
        },
        "MS4_7": {
          "meanserv": 0.8449299835532642,
          "stddevserv": 0.8449299835532642,
          "rate": 1.1835300196054177,
          "cv": 1.0,
          "lambda": 0.3
        },
        "MS4_8": {
          "meanserv": 0.06711738971849535,
          "stddevserv": 0.06711738971849535,
          "rate": 14.899268344526112,
          "cv": 1.0,
          "lambda": 0.3
        },
        "MS4_9": {
          "meanserv": 1.5211374116513996,
          "stddevserv": 1.5211374116513996,
          "rate": 0.6574028042044967,
          "cv": 1.0,
          "lambda": 0.3
        },
        "MS4_10": {
          "meanserv": 0.6899418682378258,
          "stddevserv": 0.6899418682378258,
          "rate": 1.4493974725060401,
          "cv": 1.0,
          "lambda": 0.3
        }
      },
      "sensors": [
        "S4"
      ],
      "sources": [
        {
          "startTime": 0,
          "stopTime": -1,
          "lambda": 0.3
        }
      ]
    }
  },
  "microservice": {
    "MS1_1": "F17",
    "MS1_2": "F17",
    "MS1_3": "F11",
    "MS1_4": "F17",
    "MS1_5": "F12",
    "MS1_6": "F14",
    "MS1_7": "F12",
    "MS1_8": "F20",
    "MS1_9": "F8",
    "MS1_10": "F18",
    "MS2_1": "F7",
    "MS2_2": "F19",
    "MS2_3": "F7",
    "MS2_4": "F19",
    "MS2_5": "F3",
    "MS2_6": "F15",
    "MS2_7": "F18",
    "MS2_8": "F8",
    "MS2_9": "F9",
    "MS2_10": "F9",
    "MS3_1": "F2",
    "MS3_2": "F16",
    "MS3_3": "F16",
    "MS3_4": "F14",
    "MS3_5": "F14",
    "MS3_6": "F16",
    "MS3_7": "F4",
    "MS3_8": "F20",
    "MS3_9": "F10",
    "MS3_10": "F10",
    "MS4_1": "F6",
    "MS4_2": "F6",
    "MS4_3": "F13",
    "MS4_4": "F13",
    "MS4_5": "F13",
    "MS4_6": "F1",
    "MS4_7": "F15",
    "MS4_8": "F5",
    "MS4_9": "F5",
    "MS4_10": "F11"
  },
  "sensor": {
    "S1": "F17",
    "S2": "F7",
    "S3": "F2",
    "S4": "F6"
  },
  "fog": {
    "F1": {
      "rho": 0.9136042005017253,
      "capacity": 1.0,
      "tserv": 3.045347335005751,
      "stddev": 3.045347335005751,
      "mu": 0.32836976869770146,
      "cv": 1.0,
      "lambda": 0.3,
      "twait": 32.203441989139186
    },
    "F2": {
      "rho": 0.7246716224802643,
      "capacity": 1.0,
      "tserv": 2.4155720749342144,
      "stddev": 2.4155720749342144,
      "mu": 0.41398060955280497,
      "cv": 1.0,
      "lambda": 0.3,
      "twait": 6.357850035400435
    },
    "F3": {
      "rho": 0.6426793929940547,
      "capacity": 1.0,
      "tserv": 2.1422646433135157,
      "stddev": 2.1422646433135157,
      "mu": 0.4667957355881414,
      "cv": 1.0,
      "lambda": 0.3,
      "twait": 3.853092471026861
    },
    "F4": {
      "rho": 0.5955242534750966,
      "capacity": 1.0,
      "tserv": 1.9850808449169888,
      "stddev": 1.9850808449169888,
      "mu": 0.5037578205243411,
      "cv": 1.0,
      "lambda": 0.3,
      "twait": 2.9227062399008856
    },
    "F5": {
      "rho": 0.47647644041096837,
      "capacity": 1.0,
      "tserv": 0.7941274006849474,
      "stddev": 1.2991248749098423,
      "mu": 1.2592437927938065,
      "cv": 1.6359149347942492,
      "lambda": 0.6,
      "twait": 1.328515437365266
    },
    "F6": {
      "rho": 0.5371393261822635,
      "capacity": 1.0,
      "tserv": 0.8952322103037724,
      "stddev": 1.2295491766293942,
      "mu": 1.117028619491559,
      "cv": 1.3734416193673153,
      "lambda": 0.6,
      "twait": 1.4993055268892606
    },
    "F7": {
      "rho": 0.5410998915661249,
      "capacity": 1.0,
      "tserv": 0.9018331526102082,
      "stddev": 1.1944431143966867,
      "mu": 1.1088525600391423,
      "cv": 1.3244613052198924,
      "lambda": 0.6,
      "twait": 1.4643692695918995
    },
    "F8": {
      "rho": 0.5383810212962635,
      "capacity": 1.0,
      "tserv": 0.8973017021604393,
      "stddev": 1.194117457896003,
      "mu": 1.1144523604405223,
      "cv": 1.3307870195954365,
      "lambda": 0.6,
      "twait": 1.4499405034539856
    },
    "F9": {
      "rho": 0.564796318794932,
      "capacity": 1.0,
      "tserv": 0.9413271979915532,
      "stddev": 1.1425297128230025,
      "mu": 1.0623298701382824,
      "cv": 1.2137434414523895,
      "lambda": 0.6,
      "twait": 1.510652000204075
    },
    "F10": {
      "rho": 0.6029373936876539,
      "capacity": 1.0,
      "tserv": 1.0048956561460898,
      "stddev": 1.1321241730273695,
      "mu": 0.9951281945382615,
      "cv": 1.1266086842978487,
      "lambda": 0.6,
      "twait": 1.731354491557117
    },
    "F11": {
      "rho": 0.5921253352716027,
      "capacity": 1.0,
      "tserv": 0.9868755587860045,
      "stddev": 1.072502961158762,
      "mu": 1.013298982933715,
      "cv": 1.0867661597355711,
      "lambda": 0.6,
      "twait": 1.5623814033445727
    },
    "F12": {
      "rho": 0.5567049849984735,
      "capacity": 1.0,
      "tserv": 0.9278416416641226,
      "stddev": 1.0207412807180511,
      "mu": 1.0777701227188492,
      "cv": 1.1001244553836893,
      "lambda": 0.6,
      "twait": 1.287722268314713
    },
    "F13": {
      "rho": 0.6123184773677157,
      "capacity": 1.0,
      "tserv": 0.6803538637419064,
      "stddev": 0.92722993787968,
      "mu": 1.469823357069009,
      "cv": 1.3628642200691998,
      "lambda": 0.8999999999999999,
      "twait": 1.5352460645604127
    },
    "F14": {
      "rho": 0.6147894834611076,
      "capacity": 1.0,
      "tserv": 0.6830994260678974,
      "stddev": 0.9487573968743304,
      "mu": 1.4639157373565175,
      "cv": 1.3889008842177355,
      "lambda": 0.8999999999999999,
      "twait": 1.5966449886526493
    },
    "F15": {
      "rho": 0.5646982295690267,
      "capacity": 1.0,
      "tserv": 0.9411637159483779,
      "stddev": 0.9509526816404419,
      "mu": 1.0625143989877839,
      "cv": 1.0104009169990154,
      "lambda": 0.6,
      "twait": 1.233695976814847
    },
    "F16": {
      "rho": 0.5692684251018396,
      "capacity": 1.0,
      "tserv": 0.6325204723353774,
      "stddev": 0.9983906708450817,
      "mu": 1.5809764959983401,
      "cv": 1.5784321844300893,
      "lambda": 0.8999999999999999,
      "twait": 1.4593537424040888
    },
    "F17": {
      "rho": 0.6023499235293681,
      "capacity": 1.0,
      "tserv": 0.669277692810409,
      "stddev": 0.8439712545585938,
      "mu": 1.49414811033195,
      "cv": 1.261018055173208,
      "lambda": 0.8999999999999999,
      "twait": 1.3129610171601038
    },
    "F18": {
      "rho": 0.6054936909220114,
      "capacity": 1.0,
      "tserv": 1.0091561515366858,
      "stddev": 1.042159688077114,
      "mu": 0.9909269229318541,
      "cv": 1.0327040929098756,
      "lambda": 0.6,
      "twait": 1.6003492759513454
    },
    "F19": {
      "rho": 0.5905992942206721,
      "capacity": 1.0,
      "tserv": 0.9843321570344536,
      "stddev": 1.0104549452068523,
      "mu": 1.0159172316515084,
      "cv": 1.026538590643122,
      "lambda": 0.6,
      "twait": 1.4581770111097558
    },
    "F20": {
      "rho": 0.554342294168835,
      "capacity": 1.0,
      "tserv": 0.923903823614725,
      "stddev": 0.9286522200258422,
      "mu": 1.082363742242729,
      "cv": 1.0051394921091887,
      "lambda": 0.6,
      "twait": 1.155142073341998
    }
  },
  "extra": {
    "deltatime": 0.1223194,
    "obj_func": 39.70986939788747
  },
  "network": [
    [
      0.0,
      0.9669912397558561,
      0.5038586917830736,
      1.211973740170181,
      1.0812802394850811,
      1.1299549415656984,
      0.8168091754072204,
      1.1185710919977476,
      0.9673154096291909,
      1.137482442714604,
      1.2239942873813818,
      1.082801104068536,
      0.9390260841774376,
      0.8108863467110498,
      1.2775190974232316,
      1.2054759748211468,
      0.8909388262204345,
      1.0678335509744974,
      1.0441226092040683,
      1.0441226092040683
    ],
    [
      0.9669912397558561,
      0.0,
      1.0471964328014776,
      1.1247810838485053,
      1.185835132418501,
      0.8503149885152044,
      1.1978974456891587,
      0.6202235033954847,
      0.8176861853165145,
      1.155813303636252,
      0.8659114393858414,
      0.8593261918909786,
      1.0017696433517527,
      1.158646255500064,
      1.3471422521596799,
      0.9539569564487985,
      1.4294214524132665,
      1.0441226092040683,
      1.6792357525011008,
      1.6792357525011008
    ],
    [
      0.5038586917830736,
      1.0471964328014776,
      0.0,
      1.2913037943319852,
      1.3384920900852613,
      0.8567253374961967,
      0.4668689241595137,
      0.8914884057015048,
      0.7549137920643082,
      0.9746634405993159,
      1.2881799438676522,
      0.6530628852416029,
      0.7373691054752368,
      0.6277127130784833,
      0.6446053647624743,
      0.9501072951510624,
      1.0678335509744974,
      1.6792357525011008,
      1.4486499698092044,
      1.4486499698092044
    ],
    [
      1.211973740170181,
      1.1247810838485053,
      1.2913037943319852,
      0.0,
      1.21338220261509,
      0.9606380814108086,
      0.8827016640295802,
      1.160728584343225,
      1.1371145407042342,
      1.3502843635257749,
      0.9727572415475495,
      0.9689249609319931,
      1.4033044565066504,
      0.9905295124616141,
      1.2036658451448377,
      0.8909388262204345,
      1.0441226092040683,
      1.4486499698092044,
      0.9348600585773239,
      0.9348600585773239
    ],
    [
      1.0812802394850811,
      1.185835132418501,
      1.3384920900852613,
      1.21338220261509,
      0.0,
      0.9395797269701255,
      1.1991294445794116,
      0.9051920335394543,
      0.8828631561661123,
      0.8570338176240099,
      0.9065530477644594,
      1.2564857315748474,
      1.3139349859762326,
      1.1160902203093406,
      1.2054759748211468,
      1.4294214524132665,
      1.6792357525011008,
      0.9348600585773239,
      0.9209374525239693,
      0.9209374525239693
    ],
    [
      1.1299549415656984,
      0.8503149885152044,
      0.8567253374961967,
      0.9606380814108086,
      0.9395797269701255,
      0.0,
      0.7944366617276352,
      1.1978295651146558,
      1.7147798441013946,
      1.0349882347355213,
      0.8849436121691711,
      0.8151350896264564,
      0.1763946173327437,
      1.2775190974232316,
      0.9539569564487985,
      1.0678335509744974,
      1.4486499698092044,
      0.9209374525239693,
      1.4223086821438218,
      1.4223086821438218
    ],
    [
      0.8168091754072204,
      1.1978974456891587,
      0.4668689241595137,
      0.8827016640295802,
      1.1991294445794116,
      0.7944366617276352,
      0.0,
      1.0246781386694994,
      0.9159614584172397,
      1.0242334387040795,
      1.0512446595834428,
      1.1885474886579201,
      0.8108863467110498,
      1.3471422521596799,
      0.9501072951510624,
      1.0441226092040683,
      0.9348600585773239,
      1.4223086821438218,
      0.5459732895871645,
      0.5459732895871645
    ],
    [
      1.1185710919977476,
      0.6202235033954847,
      0.8914884057015048,
      1.160728584343225,
      0.9051920335394543,
      1.1978295651146558,
      1.0246781386694994,
      0.0,
      0.7001912408536848,
      1.0058555359510748,
      1.1559583126481467,
      0.9390260841774376,
      1.158646255500064,
      0.6446053647624743,
      0.8909388262204345,
      1.6792357525011008,
      0.9209374525239693,
      0.5459732895871645,
      0.5628571910805328,
      0.5628571910805328
    ],
    [
      0.9673154096291909,
      0.8176861853165145,
      0.7549137920643082,
      1.1371145407042342,
      0.8828631561661123,
      1.7147798441013946,
      0.9159614584172397,
      0.7001912408536848,
      0.0,
      0.9832233936417407,
      1.082801104068536,
      1.0017696433517527,
      0.6277127130784833,
      1.2036658451448377,
      1.4294214524132665,
      1.4486499698092044,
      1.4223086821438218,
      0.5628571910805328,
      1.2090804936726793,
      1.2090804936726793
    ],
    [
      1.137482442714604,
      1.155813303636252,
      0.9746634405993159,
      1.3502843635257749,
      0.8570338176240099,
      1.0349882347355213,
      1.0242334387040795,
      1.0058555359510748,
      0.9832233936417407,
      0.0,
      0.8593261918909786,
      0.7373691054752368,
      0.9905295124616141,
      1.2054759748211468,
      1.0678335509744974,
      0.9348600585773239,
      0.5459732895871645,
      1.2090804936726793,
      0.9423568858648365,
      0.9423568858648365
    ],
    [
      1.2239942873813818,
      0.8659114393858414,
      1.2881799438676522,
      0.9727572415475495,
      0.9065530477644594,
      0.8849436121691711,
      1.0512446595834428,
      1.1559583126481467,
      1.082801104068536,
      0.8593261918909786,
      0.0,
      1.4033044565066504,
      1.1160902203093406,
      0.9539569564487985,
      1.0441226092040683,
      0.9209374525239693,
      0.5628571910805328,
      0.9423568858648365,
      1.0435397208394608,
      1.0435397208394608
    ],
    [
      1.082801104068536,
      0.8593261918909786,
      0.6530628852416029,
      0.9689249609319931,
      1.2564857315748474,
      0.8151350896264564,
      1.1885474886579201,
      0.9390260841774376,
      1.0017696433517527,
      0.7373691054752368,
      1.4033044565066504,
      0.0,
      1.2775190974232316,
      0.9501072951510624,
      1.6792357525011008,
      1.4223086821438218,
      1.2090804936726793,
      1.0435397208394608,
      1.0170067135585092,
      1.0170067135585092
    ],
    [
      0.9390260841774376,
      1.0017696433517527,
      0.7373691054752368,
      1.4033044565066504,
      1.3139349859762326,
      0.1763946173327437,
      0.8108863467110498,
      1.158646255500064,
      0.6277127130784833,
      0.9905295124616141,
      1.1160902203093406,
      1.2775190974232316,
      0.0,
      0.8909388262204345,
      1.4486499698092044,
      0.5459732895871645,
      0.9423568858648365,
      1.0170067135585092,
      1.2457546013517184,
      1.2457546013517184
    ],
    [
      0.8108863467110498,
      1.158646255500064,
      0.6277127130784833,
      0.9905295124616141,
      1.1160902203093406,
      1.2775190974232316,
      1.3471422521596799,
      0.6446053647624743,
      1.2036658451448377,
      1.2054759748211468,
      0.9539569564487985,
      0.9501072951510624,
      0.8909388262204345,
      0.0,
      0.9348600585773239,
      0.5628571910805328,
      1.0435397208394608,
      1.2457546013517184,
      0.5355766169455012,
      0.5355766169455012
    ],
    [
      1.2775190974232316,
      1.3471422521596799,
      0.6446053647624743,
      1.2036658451448377,
      1.2054759748211468,
      0.9539569564487985,
      0.9501072951510624,
      0.8909388262204345,
      1.4294214524132665,
      1.0678335509744974,
      1.0441226092040683,
      1.6792357525011008,
      1.4486499698092044,
      0.9348600585773239,
      0.0,
      1.2090804936726793,
      1.0170067135585092,
      0.5355766169455012,
      0.7782059114208258,
      0.7782059114208258
    ],
    [
      1.2054759748211468,
      0.9539569564487985,
      0.9501072951510624,
      0.8909388262204345,
      1.4294214524132665,
      1.0678335509744974,
      1.0441226092040683,
      1.6792357525011008,
      1.4486499698092044,
      0.9348600585773239,
      0.9209374525239693,
      1.4223086821438218,
      0.5459732895871645,
      0.5628571910805328,
      1.2090804936726793,
      0.0,
      1.2457546013517184,
      0.7782059114208258,
      0.9331883956125896,
      0.9331883956125896
    ],
    [
      0.8909388262204345,
      1.4294214524132665,
      1.0678335509744974,
      1.0441226092040683,
      1.6792357525011008,
      1.4486499698092044,
      0.9348600585773239,
      0.9209374525239693,
      1.4223086821438218,
      0.5459732895871645,
      0.5628571910805328,
      1.2090804936726793,
      0.9423568858648365,
      1.0435397208394608,
      1.0170067135585092,
      1.2457546013517184,
      0.0,
      0.9331883956125896,
      0.7389529154351766,
      0.7389529154351766
    ],
    [
      1.0678335509744974,
      1.0441226092040683,
      1.6792357525011008,
      1.4486499698092044,
      0.9348600585773239,
      0.9209374525239693,
      1.4223086821438218,
      0.5459732895871645,
      0.5628571910805328,
      1.2090804936726793,
      0.9423568858648365,
      1.0435397208394608,
      1.0170067135585092,
      1.2457546013517184,
      0.5355766169455012,
      0.7782059114208258,
      0.9331883956125896,
      0.0,
      0.7633459256584573,
      0.7633459256584573
    ],
    [
      1.0441226092040683,
      1.6792357525011008,
      1.4486499698092044,
      0.9348600585773239,
      0.9209374525239693,
      1.4223086821438218,
      0.5459732895871645,
      0.5628571910805328,
      1.2090804936726793,
      0.9423568858648365,
      1.0435397208394608,
      1.0170067135585092,
      1.2457546013517184,
      0.5355766169455012,
      0.7782059114208258,
      0.9331883956125896,
      0.7389529154351766,
      0.7633459256584573,
      0.0,
      0.9115534374309524
    ],
    [
      1.0441226092040683,
      1.6792357525011008,
      1.4486499698092044,
      0.9348600585773239,
      0.9209374525239693,
      1.4223086821438218,
      0.5459732895871645,
      0.5628571910805328,
      1.2090804936726793,
      0.9423568858648365,
      1.0435397208394608,
      1.0170067135585092,
      1.2457546013517184,
      0.5355766169455012,
      0.7782059114208258,
      0.9331883956125896,
      0.7389529154351766,
      0.7633459256584573,
      0.9115534374309524,
      0.0
    ]
  ]
}