{
  "servicechain": {
    "SC1": {
      "resptime": 32.4216205992032,
      "resptime_old": 22.4216205992032,
      "waittime": 18.066945055570432,
      "servicetime": 10.0,
      "networktime": 4.35467554363277,
      "services": {
        "MS1_1": {
          "meanserv": 0.3525332858168939,
          "stddevserv": 0.3525332858168939,
          "rate": 2.836611577493425,
          "cv": 1.0,
          "lambda": 0.15
        },
        "MS1_2": {
          "meanserv": 2.4668022940419343,
          "stddevserv": 2.4668022940419343,
          "rate": 0.40538311579136244,
          "cv": 1.0,
          "lambda": 0.15
        },
        "MS1_3": {
          "meanserv": 0.37083276093215156,
          "stddevserv": 0.37083276093215156,
          "rate": 2.696633375881702,
          "cv": 1.0,
          "lambda": 0.15
        },
        "MS1_4": {
          "meanserv": 1.3918213926483474,
          "stddevserv": 1.3918213926483474,
          "rate": 0.7184829930636484,
          "cv": 1.0,
          "lambda": 0.15
        },
        "MS1_5": {
          "meanserv": 0.2051225204910576,
          "stddevserv": 0.2051225204910576,
          "rate": 4.875135102698756,
          "cv": 1.0,
          "lambda": 0.15
        },
        "MS1_6": {
          "meanserv": 0.4384078334166839,
          "stddevserv": 0.4384078334166839,
          "rate": 2.2809811407944256,
          "cv": 1.0,
          "lambda": 0.15
        },
        "MS1_7": {
          "meanserv": 0.8014292752928656,
          "stddevserv": 0.8014292752928656,
          "rate": 1.2477707401374512,
          "cv": 1.0,
          "lambda": 0.15
        },
        "MS1_8": {
          "meanserv": 0.15303840265451107,
          "stddevserv": 0.15303840265451107,
          "rate": 6.534307615961798,
          "cv": 1.0,
          "lambda": 0.15
        },
        "MS1_9": {
          "meanserv": 3.8200122347055547,
          "stddevserv": 3.8200122347055547,
          "rate": 0.26177926628475306,
          "cv": 1.0,
          "lambda": 0.15
        }
      },
      "sensors": [
        "S1"
      ],
      "sources": [
        {
          "startTime": 0,
          "stopTime": -1,
          "lambda": 0.15
        }
      ]
    },
    "SC2": {
      "resptime": 32.39257491582157,
      "resptime_old": 22.39257491582157,
      "waittime": 19.590848290791254,
      "servicetime": 10.0,
      "networktime": 2.8017266250303146,
      "services": {
        "MS2_1": {
          "meanserv": 0.21916807076004963,
          "stddevserv": 0.21916807076004963,
          "rate": 4.562708411549708,
          "cv": 1.0,
          "lambda": 0.15
        },
        "MS2_2": {
          "meanserv": 0.4575067339930894,
          "stddevserv": 0.4575067339930894,
          "rate": 2.18576017728103,
          "cv": 1.0,
          "lambda": 0.15
        },
        "MS2_3": {
          "meanserv": 0.20058004360080428,
          "stddevserv": 0.20058004360080428,
          "rate": 4.985540844682467,
          "cv": 1.0,
          "lambda": 0.15
        },
        "MS2_4": {
          "meanserv": 1.4831365855520806,
          "stddevserv": 1.4831365855520806,
          "rate": 0.6742467347521883,
          "cv": 1.0,
          "lambda": 0.15
        },
        "MS2_5": {
          "meanserv": 3.8377519255264065,
          "stddevserv": 3.8377519255264065,
          "rate": 0.26056921328046356,
          "cv": 1.0,
          "lambda": 0.15
        },
        "MS2_6": {
          "meanserv": 2.029646122510302,
          "stddevserv": 2.029646122510302,
          "rate": 0.4926967262466338,
          "cv": 1.0,
          "lambda": 0.15
        },
        "MS2_7": {
          "meanserv": 0.14677745981768986,
          "stddevserv": 0.14677745981768986,
          "rate": 6.813035197925386,
          "cv": 1.0,
          "lambda": 0.15
        },
        "MS2_8": {
          "meanserv": 1.220669011419222,
          "stddevserv": 1.220669011419222,
          "rate": 0.8192228938763185,
          "cv": 1.0,
          "lambda": 0.15
        },
        "MS2_9": {
          "meanserv": 0.4047640468203557,
          "stddevserv": 0.4047640468203557,
          "rate": 2.470575160653596,
          "cv": 1.0,
          "lambda": 0.15
        }
      },
      "sensors": [
        "S2"
      ],
      "sources": [
        {
          "startTime": 0,
          "stopTime": -1,
          "lambda": 0.15
        }
      ]
    },
    "SC3": {
      "resptime": 32.36555556027275,
      "resptime_old": 22.365555560272757,
      "waittime": 19.356312421391767,
      "servicetime": 10.0,
      "networktime": 3.0092431388809873,
      "services": {
        "MS3_1": {
          "meanserv": 0.06362932221344986,
          "stddevserv": 0.06362932221344986,
          "rate": 15.716024707059063,
          "cv": 1.0,
          "lambda": 0.15
        },
        "MS3_2": {
          "meanserv": 0.8315681479629811,
          "stddevserv": 0.8315681479629811,
          "rate": 1.202547262602123,
          "cv": 1.0,
          "lambda": 0.15
        },
        "MS3_3": {
          "meanserv": 1.9117721540761845,
          "stddevserv": 1.9117721540761845,
          "rate": 0.5230748851885149,
          "cv": 1.0,
          "lambda": 0.15
        },
        "MS3_4": {
          "meanserv": 1.578224971078793,
          "stddevserv": 1.578224971078793,
          "rate": 0.6336232275658721,
          "cv": 1.0,
          "lambda": 0.15
        },
        "MS3_5": {
          "meanserv": 0.2712098338816018,
          "stddevserv": 0.2712098338816018,
          "rate": 3.6871819346954644,
          "cv": 1.0,
          "lambda": 0.15
        },
        "MS3_6": {
          "meanserv": 2.7789697622654455,
          "stddevserv": 2.7789697622654455,
          "rate": 0.3598455850720698,
          "cv": 1.0,
          "lambda": 0.15
        },
        "MS3_7": {
          "meanserv": 1.2129192849530295,
          "stddevserv": 1.2129192849530295,
          "rate": 0.8244571690841944,
          "cv": 1.0,
          "lambda": 0.15
        },
        "MS3_8": {
          "meanserv": 0.6723327719274472,
          "stddevserv": 0.6723327719274472,
          "rate": 1.4873587035378248,
          "cv": 1.0,
          "lambda": 0.15
        },
        "MS3_9": {
          "meanserv": 0.6793737516410676,
          "stddevserv": 0.6793737516410676,
          "rate": 1.4719438270678558,
          "cv": 1.0,
          "lambda": 0.15
        }
      },
      "sensors": [
        "S3"
      ],
      "sources": [
        {
          "startTime": 0,
          "stopTime": -1,
          "lambda": 0.15
        }
      ]
    },
    "SC4": {
      "resptime": 33.28532919563679,
      "resptime_old": 23.2853291956368,
      "waittime": 19.385417972348343,
      "servicetime": 10.0,
      "networktime": 3.89991122328845,
      "services": {
        "MS4_1": {
          "meanserv": 0.2313981206981397,
          "stddevserv": 0.2313981206981397,
          "rate": 4.321556272725768,
          "cv": 1.0,
          "lambda": 0.15
        },
        "MS4_2": {
          "meanserv": 2.2488507832839,
          "stddevserv": 2.2488507832839,
          "rate": 0.4446715662209224,
          "cv": 1.0,
          "lambda": 0.15
        },
        "MS4_3": {
          "meanserv": 0.9317140953726941,
          "stddevserv": 0.9317140953726941,
          "rate": 1.073290620981741,
          "cv": 1.0,
          "lambda": 0.15
        },
        "MS4_4": {
          "meanserv": 2.688349169319073,
          "stddevserv": 2.688349169319073,
          "rate": 0.3719754901679264,
          "cv": 1.0,
          "lambda": 0.15
        },
        "MS4_5": {
          "meanserv": 1.1985076870407996,
          "stddevserv": 1.1985076870407996,
          "rate": 0.8343709521538997,
          "cv": 1.0,
          "lambda": 0.15
        },
        "MS4_6": {
          "meanserv": 0.1146460526859876,
          "stddevserv": 0.1146460526859876,
          "rate": 8.722498303007193,
          "cv": 1.0,
          "lambda": 0.15
        },
        "MS4_7": {
          "meanserv": 1.5956738332572105,
          "stddevserv": 1.5956738332572105,
          "rate": 0.6266944905392878,
          "cv": 1.0,
          "lambda": 0.15
        },
        "MS4_8": {
          "meanserv": 0.6713941046153007,
          "stddevserv": 0.6713941046153007,
          "rate": 1.4894381602784341,
          "cv": 1.0,
          "lambda": 0.15
        },
        "MS4_9": {
          "meanserv": 0.3194661537268946,
          "stddevserv": 0.3194661537268946,
          "rate": 3.13022205430526,
          "cv": 1.0,
          "lambda": 0.15
        }
      },
      "sensors": [
        "S4"
      ],
      "sources": [
        {
          "startTime": 0,
          "stopTime": -1,
          "lambda": 0.15
        }
      ]
    }
  },
  "microservice": {
    "MS1_1": "F7",
    "MS1_2": "F6",
    "MS1_3": "F2",
    "MS1_4": "F2",
    "MS1_5": "F7",
    "MS1_6": "F7",
    "MS1_7": "F7",
    "MS1_8": "F7",
    "MS1_9": "F9",
    "MS2_1": "F7",
    "MS2_2": "F7",
    "MS2_3": "F7",
    "MS2_4": "F10",
    "MS2_5": "F8",
    "MS2_6": "F1",
    "MS2_7": "F1",
    "MS2_8": "F1",
    "MS2_9": "F1",
    "MS3_1": "F5",
    "MS3_2": "F5",
    "MS3_3": "F3",
    "MS3_4": "F2",
    "MS3_5": "F2",
    "MS3_6": "F3",
    "MS3_7": "F5",
    "MS3_8": "F5",
    "MS3_9": "F5",
    "MS4_1": "F7",
    "MS4_2": "F6",
    "MS4_3": "F7",
    "MS4_4": "F10",
    "MS4_5": "F4",
    "MS4_6": "F4",
    "MS4_7": "F4",
    "MS4_8": "F4",
    "MS4_9": "F4"
  },
  "sensor": {
    "S1": "F7",
    "S2": "F7",
    "S3": "F5",
    "S4": "F7"
  },
  "fog": {
    "F1": {
      "rho": 0.5702784960851355,
      "capacity": 1.0,
      "tserv": 0.9504641601418925,
      "stddev": 1.412110040850348,
      "mu": 1.0521175252423116,
      "cv": 1.4857057215492875,
      "lambda": 0.6,
      "twait": 2.022777678651128
    },
    "F2": {
      "rho": 0.541813343781134,
      "capacity": 1.0,
      "tserv": 0.9030222396352233,
      "stddev": 1.2264041398318217,
      "mu": 1.107392438533907,
      "cv": 1.3581106710364397,
      "lambda": 0.6,
      "twait": 1.5187148608477556
    },
    "F3": {
      "rho": 0.7036112874512445,
      "capacity": 1.0,
      "tserv": 2.345370958170815,
      "stddev": 2.4242072471749756,
      "mu": 0.42637178418032123,
      "cv": 1.0336135692008594,
      "lambda": 0.3,
      "twait": 5.758086539892356
    },
    "F4": {
      "rho": 0.5849531746989288,
      "capacity": 1.0,
      "tserv": 0.7799375662652385,
      "stddev": 1.1005110675216319,
      "mu": 1.282153909816832,
      "cv": 1.411024568019556,
      "lambda": 0.75,
      "twait": 1.643875256445055
    },
    "F5": {
      "rho": 0.5189734918046962,
      "capacity": 1.0,
      "tserv": 0.691964655739595,
      "stddev": 0.8679331324030342,
      "mu": 1.4451605175284084,
      "cv": 1.2543026948036213,
      "lambda": 0.75,
      "twait": 0.9605419239823101
    },
    "F6": {
      "rho": 0.7073479615988751,
      "capacity": 1.0,
      "tserv": 2.357826538662917,
      "stddev": 2.3628578918216827,
      "mu": 0.4241194098048802,
      "cv": 1.0021338945322156,
      "lambda": 0.3,
      "twait": 5.711104968331735
    },
    "F7": {
      "rho": 0.5986347573145183,
      "capacity": 1.0,
      "tserv": 0.3990898382096789,
      "stddev": 0.5379810759040358,
      "mu": 2.5057014843725667,
      "cv": 1.348019980457093,
      "lambda": 1.4999999999999998,
      "twait": 0.8384439332444255
    },
    "F8": {
      "rho": 0.575662788828961,
      "capacity": 1.0,
      "tserv": 3.8377519255264065,
      "stddev": 3.8377519255264065,
      "mu": 0.26056921328046356,
      "cv": 1.0,
      "lambda": 0.15,
      "twait": 5.206356921150987
    },
    "F9": {
      "rho": 0.5730018352058331,
      "capacity": 1.0,
      "tserv": 3.8200122347055543,
      "stddev": 3.820012234705555,
      "mu": 0.26177926628475306,
      "cv": 1.0000000000000002,
      "lambda": 0.15,
      "twait": 5.126190699321059
    },
    "F10": {
      "rho": 0.625722863230673,
      "capacity": 1.0,
      "tserv": 2.085742877435577,
      "stddev": 2.253129387498284,
      "mu": 0.4794454823834763,
      "cv": 1.0802527060615013,
      "lambda": 0.3,
      "twait": 3.778048855302479
    }
  },
  "extra": {
    "deltatime": 2.7357902,
    "conv": 12,
    "obj_func": 32.61627006773358
  },
  "network": [
    [
      0.0,
      0.8738887282780786,
      1.1281341789698167,
      1.2023090850766103,
      0.8078584466015268,
      1.0044652240828333,
      1.0128777580561343,
      0.9577860557109422,
      1.4887451341535904,
      1.4887451341535904
    ],
    [
      0.8738887282780786,
      0.0,
      0.8952101942828428,
      1.0182528001555229,
      1.392630706127961,
      1.097512291479248,
      1.4741946828843937,
      1.4887451341535904,
      1.6808070093901972,
      1.6808070093901972
    ],
    [
      1.1281341789698167,
      0.8952101942828428,
      0.0,
      0.9844748707402576,
      0.6094113751576508,
      1.1504354088749498,
      0.9577860557109422,
      1.6808070093901972,
      0.8707967714360969,
      0.8707967714360969
    ],
    [
      1.2023090850766103,
      1.0182528001555229,
      0.9844748707402576,
      0.0,
      0.9902922801845547,
      1.0128777580561343,
      1.4887451341535904,
      0.8707967714360969,
      1.2461458825832241,
      1.2461458825832241
    ],
    [
      0.8078584466015268,
      1.392630706127961,
      0.6094113751576508,
      0.9902922801845547,
      0.0,
      1.4741946828843937,
      1.6808070093901972,
      1.2461458825832241,
      1.4300914633645212,
      1.4300914633645212
    ],
    [
      1.0044652240828333,
      1.097512291479248,
      1.1504354088749498,
      1.0128777580561343,
      1.4741946828843937,
      0.0,
      0.8707967714360969,
      1.4300914633645212,
      1.0834630987491922,
      1.0834630987491922
    ],
    [
      1.0128777580561343,
      1.4741946828843937,
      0.9577860557109422,
      1.4887451341535904,
      1.6808070093901972,
      0.8707967714360969,
      0.0,
      1.0834630987491922,
      0.9121717978330317,
      0.9121717978330317
    ],
    [
      0.9577860557109422,
      1.4887451341535904,
      1.6808070093901972,
      0.8707967714360969,
      1.2461458825832241,
      1.4300914633645212,
      1.0834630987491922,
      0.0,
      0.9317687714863405,
      0.9317687714863405
    ],
    [
      1.4887451341535904,
      1.6808070093901972,
      0.8707967714360969,
      1.2461458825832241,
      1.4300914633645212,
      1.0834630987491922,
      0.9121717978330317,
      0.9317687714863405,
      0.0,
      1.1474229564108476
    ],
    [
      1.4887451341535904,
      1.6808070093901972,
      0.8707967714360969,
      1.2461458825832241,
      1.4300914633645212,
      1.0834630987491922,
      0.9121717978330317,
      0.9317687714863405,
      1.1474229564108476,
      0.0
    ]
  ]
}