{
  "servicechain": {
    "SC1": {
      "resptime": 27.055059933528565,
      "resptime_old": 17.055059933528565,
      "waittime": 11.329921489174671,
      "servicetime": 10.0,
      "networktime": 5.725138444353893,
      "services": {
        "MS1_1": {
          "meanserv": 0.2520371452796333,
          "stddevserv": 0.2520371452796333,
          "rate": 3.9676691262730643,
          "cv": 1.0,
          "lambda": 0.125
        },
        "MS1_2": {
          "meanserv": 4.1527752059076555,
          "stddevserv": 4.1527752059076555,
          "rate": 0.24080282471765385,
          "cv": 1.0,
          "lambda": 0.125
        },
        "MS1_3": {
          "meanserv": 2.9489808041226464,
          "stddevserv": 2.9489808041226464,
          "rate": 0.3391002066212197,
          "cv": 1.0,
          "lambda": 0.125
        },
        "MS1_4": {
          "meanserv": 0.38698348041257,
          "stddevserv": 0.38698348041257,
          "rate": 2.584089633319443,
          "cv": 1.0,
          "lambda": 0.125
        },
        "MS1_5": {
          "meanserv": 2.259223364277495,
          "stddevserv": 2.259223364277495,
          "rate": 0.4426299832995054,
          "cv": 1.0,
          "lambda": 0.125
        }
      },
      "sensors": [
        "S1"
      ],
      "sources": [
        {
          "startTime": 0,
          "stopTime": -1,
          "lambda": 0.125
        }
      ]
    },
    "SC2": {
      "resptime": 28.00242229764288,
      "resptime_old": 18.00242229764288,
      "waittime": 14.07933965901601,
      "servicetime": 10.0,
      "networktime": 3.9230826386268696,
      "services": {
        "MS2_1": {
          "meanserv": 1.8412900434605994,
          "stddevserv": 1.8412900434605994,
          "rate": 0.5430974894756706,
          "cv": 1.0,
          "lambda": 0.125
        },
        "MS2_2": {
          "meanserv": 1.2253504964251172,
          "stddevserv": 1.2253504964251172,
          "rate": 0.8160930304573565,
          "cv": 1.0,
          "lambda": 0.125
        },
        "MS2_3": {
          "meanserv": 1.5947531367761916,
          "stddevserv": 1.5947531367761916,
          "rate": 0.6270562991470325,
          "cv": 1.0,
          "lambda": 0.125
        },
        "MS2_4": {
          "meanserv": 0.19325680849035365,
          "stddevserv": 0.19325680849035365,
          "rate": 5.1744619390727165,
          "cv": 1.0,
          "lambda": 0.125
        },
        "MS2_5": {
          "meanserv": 5.145349514847738,
          "stddevserv": 5.145349514847738,
          "rate": 0.1943502568900982,
          "cv": 1.0,
          "lambda": 0.125
        }
      },
      "sensors": [
        "S2"
      ],
      "sources": [
        {
          "startTime": 0,
          "stopTime": -1,
          "lambda": 0.125
        }
      ]
    },
    "SC3": {
      "resptime": 28.29031023689402,
      "resptime_old": 18.29031023689402,
      "waittime": 15.313138596901652,
      "servicetime": 10.0,
      "networktime": 2.977171639992368,
      "services": {
        "MS3_1": {
          "meanserv": 1.4705272360883248,
          "stddevserv": 1.4705272360883248,
          "rate": 0.6800282072027781,
          "cv": 1.0,
          "lambda": 0.125
        },
        "MS3_2": {
          "meanserv": 2.629389183832478,
          "stddevserv": 2.629389183832478,
          "rate": 0.38031646518848367,
          "cv": 1.0,
          "lambda": 0.125
        },
        "MS3_3": {
          "meanserv": 5.0280247639379425,
          "stddevserv": 5.0280247639379425,
          "rate": 0.19888525752144492,
          "cv": 1.0,
          "lambda": 0.125
        },
        "MS3_4": {
          "meanserv": 0.8529392945403966,
          "stddevserv": 0.8529392945403966,
          "rate": 1.1724163799240208,
          "cv": 1.0,
          "lambda": 0.125
        },
        "MS3_5": {
          "meanserv": 0.01911952160085839,
          "stddevserv": 0.01911952160085839,
          "rate": 52.30256388607045,
          "cv": 1.0,
          "lambda": 0.125
        }
      },
      "sensors": [
        "S3"
      ],
      "sources": [
        {
          "startTime": 0,
          "stopTime": -1,
          "lambda": 0.125
        }
      ]
    },
    "SC4": {
      "resptime": 23.965439905542677,
      "resptime_old": 13.965439905542679,
      "waittime": 10.711241526959109,
      "servicetime": 10.0,
      "networktime": 3.2541983785835704,
      "services": {
        "MS4_1": {
          "meanserv": 0.49746539559765157,
          "stddevserv": 0.49746539559765157,
          "rate": 2.0101900732182725,
          "cv": 1.0,
          "lambda": 0.125
        },
        "MS4_2": {
          "meanserv": 0.014966270004165283,
          "stddevserv": 0.014966270004165283,
          "rate": 66.81691561903457,
          "cv": 1.0,
          "lambda": 0.125
        },
        "MS4_3": {
          "meanserv": 1.9983232828484396,
          "stddevserv": 1.9983232828484396,
          "rate": 0.5004195310053062,
          "cv": 1.0,
          "lambda": 0.125
        },
        "MS4_4": {
          "meanserv": 3.0222970437292505,
          "stddevserv": 3.0222970437292505,
          "rate": 0.33087416145108206,
          "cv": 1.0,
          "lambda": 0.125
        },
        "MS4_5": {
          "meanserv": 4.466948007820493,
          "stddevserv": 4.466948007820493,
          "rate": 0.2238664963749866,
          "cv": 1.0,
          "lambda": 0.125
        }
      },
      "sensors": [
        "S4"
      ],
      "sources": [
        {
          "startTime": 0,
          "stopTime": -1,
          "lambda": 0.125
        }
      ]
    }
  },
  "microservice": {
    "MS1_1": "F1",
    "MS1_2": "F4",
    "MS1_3": "F5",
    "MS1_4": "F5",
    "MS1_5": "F6",
    "MS2_1": "F6",
    "MS2_2": "F1",
    "MS2_3": "F1",
    "MS2_4": "F1",
    "MS2_5": "F10",
    "MS3_1": "F7",
    "MS3_2": "F7",
    "MS3_3": "F3",
    "MS3_4": "F9",
    "MS3_5": "F9",
    "MS4_1": "F9",
    "MS4_2": "F9",
    "MS4_3": "F9",
    "MS4_4": "F8",
    "MS4_5": "F2"
  },
  "sensor": {
    "S1": "F1",
    "S2": "F6",
    "S3": "F7",
    "S4": "F9"
  },
  "fog": {
    "F1": {
      "rho": 0.40817469837141196,
      "capacity": 1.0,
      "tserv": 0.8163493967428239,
      "stddev": 1.1859046436899179,
      "mu": 1.2249656874739283,
      "cv": 1.4526924971361443,
      "lambda": 0.5,
      "twait": 0.8755946035864605
    },
    "F2": {
      "rho": 0.5583685009775616,
      "capacity": 1.0,
      "tserv": 4.466948007820493,
      "stddev": 4.466948007820493,
      "mu": 0.2238664963749866,
      "cv": 1.0,
      "lambda": 0.125,
      "twait": 5.647701915720257
    },
    "F3": {
      "rho": 0.6285030954922428,
      "capacity": 1.0,
      "tserv": 5.0280247639379425,
      "stddev": 5.0280247639379425,
      "mu": 0.19888525752144492,
      "cv": 1.0,
      "lambda": 0.125,
      "twait": 8.506474993469734
    },
    "F4": {
      "rho": 0.5190969007384569,
      "capacity": 1.0,
      "tserv": 4.1527752059076555,
      "stddev": 4.1527752059076555,
      "mu": 0.24080282471765385,
      "cv": 1.0,
      "lambda": 0.125,
      "twait": 4.4825927347117815
    },
    "F5": {
      "rho": 0.41699553556690205,
      "capacity": 1.0,
      "tserv": 1.6679821422676082,
      "stddev": 2.462535191682027,
      "mu": 0.5995268022717006,
      "cv": 1.476355848950655,
      "lambda": 0.25,
      "twait": 1.8966930222819967
    },
    "F6": {
      "rho": 0.5125641759672618,
      "capacity": 1.0,
      "tserv": 2.050256703869047,
      "stddev": 2.0714455537340317,
      "mu": 0.48774380208726853,
      "cv": 1.0103347301950039,
      "lambda": 0.25,
      "twait": 2.1783481063124364
    },
    "F7": {
      "rho": 0.5124895524901003,
      "capacity": 1.0,
      "tserv": 2.0499582099604012,
      "stddev": 2.207670530117377,
      "mu": 0.4878148223418256,
      "cv": 1.0769344074384921,
      "lambda": 0.25,
      "twait": 2.327164955769611
    },
    "F8": {
      "rho": 0.3777871304661563,
      "capacity": 1.0,
      "tserv": 3.0222970437292505,
      "stddev": 3.0222970437292505,
      "mu": 0.33087416145108206,
      "cv": 1.0,
      "lambda": 0.125,
      "twait": 1.835039073399809
    },
    "F9": {
      "rho": 0.4228517205739389,
      "capacity": 1.0,
      "tserv": 0.6765627529183023,
      "stddev": 1.2368540498402334,
      "mu": 1.4780594936487055,
      "cv": 1.828143870624206,
      "lambda": 0.625,
      "twait": 1.0761668459463478
    },
    "F10": {
      "rho": 0.6431686893559673,
      "capacity": 1.0,
      "tserv": 5.145349514847738,
      "stddev": 5.145349514847738,
      "mu": 0.1943502568900982,
      "cv": 1.0,
      "lambda": 0.125,
      "twait": 9.274207741944194
    }
  },
  "extra": {
    "conv_gen": 260,
    "max_gen": 600,
    "population": 600,
    "deltatime": 37.1114954,
    "obj_func": 26.828308093402036
  },
  "network": [
    [
      0.0,
      2.2715193676779135,
      2.035227541285331,
      2.312182568020333,
      2.0081632305714945,
      2.1362435399688984,
      2.142660274294815,
      1.554279173966248,
      1.7868390986579712,
      1.7868390986579712
    ],
    [
      2.2715193676779135,
      0.0,
      2.3901603427399207,
      1.9512229123220142,
      1.8749868376990502,
      1.8228389415470485,
      1.927402948398098,
      1.7868390986579712,
      2.4945776261644346,
      2.4945776261644346
    ],
    [
      2.035227541285331,
      2.3901603427399207,
      0.0,
      2.123224193516626,
      1.8367087780262428,
      1.8404736110954687,
      1.554279173966248,
      2.4945776261644346,
      1.4228924660261197,
      1.4228924660261197
    ],
    [
      2.312182568020333,
      1.9512229123220142,
      2.123224193516626,
      0.0,
      1.4855529279354618,
      2.142660274294815,
      1.7868390986579712,
      1.4228924660261197,
      1.8313619400872865,
      1.8313619400872865
    ],
    [
      2.0081632305714945,
      1.8749868376990502,
      1.8367087780262428,
      1.4855529279354618,
      0.0,
      1.927402948398098,
      2.4945776261644346,
      1.8313619400872865,
      1.921457749475291,
      1.921457749475291
    ],
    [
      2.1362435399688984,
      1.8228389415470485,
      1.8404736110954687,
      2.142660274294815,
      1.927402948398098,
      0.0,
      1.4228924660261197,
      1.921457749475291,
      1.9158244410571625,
      1.9158244410571625
    ],
    [
      2.142660274294815,
      1.927402948398098,
      1.554279173966248,
      1.7868390986579712,
      2.4945776261644346,
      1.4228924660261197,
      0.0,
      1.9158244410571625,
      1.8932267333819042,
      1.8932267333819042
    ],
    [
      1.554279173966248,
      1.7868390986579712,
      2.4945776261644346,
      1.4228924660261197,
      1.8313619400872865,
      1.921457749475291,
      1.9158244410571625,
      0.0,
      1.467359279925599,
      1.467359279925599
    ],
    [
      1.7868390986579712,
      2.4945776261644346,
      1.4228924660261197,
      1.8313619400872865,
      1.921457749475291,
      1.9158244410571625,
      1.8932267333819042,
      1.467359279925599,
      0.0,
      2.5269783377998647
    ],
    [
      1.7868390986579712,
      2.4945776261644346,
      1.4228924660261197,
      1.8313619400872865,
      1.921457749475291,
      1.9158244410571625,
      1.8932267333819042,
      1.467359279925599,
      2.5269783377998647,
      0.0
    ]
  ]
}