{
  "servicechain": {
    "SC1": {
      "resptime": 30.261475936854193,
      "resptime_old": 20.261475936854193,
      "waittime": 16.149477186125797,
      "servicetime": 10.0,
      "networktime": 4.1119987507283975,
      "services": {
        "MS1_1": {
          "meanserv": 0.8673973206085461,
          "stddevserv": 0.8673973206085461,
          "rate": 1.1528742091322381,
          "cv": 1.0,
          "lambda": 0.15
        },
        "MS1_2": {
          "meanserv": 0.8058041980309227,
          "stddevserv": 0.8058041980309227,
          "rate": 1.2409962649035802,
          "cv": 1.0,
          "lambda": 0.15
        },
        "MS1_3": {
          "meanserv": 2.775564457377272,
          "stddevserv": 2.775564457377272,
          "rate": 0.36028707506397994,
          "cv": 1.0,
          "lambda": 0.15
        },
        "MS1_4": {
          "meanserv": 1.092742310917318,
          "stddevserv": 1.092742310917318,
          "rate": 0.9151288368806144,
          "cv": 1.0,
          "lambda": 0.15
        },
        "MS1_5": {
          "meanserv": 0.9821620036756888,
          "stddevserv": 0.9821620036756888,
          "rate": 1.0181619694689403,
          "cv": 1.0,
          "lambda": 0.15
        },
        "MS1_6": {
          "meanserv": 2.2746312202783345,
          "stddevserv": 2.2746312202783345,
          "rate": 0.4396317042890299,
          "cv": 1.0,
          "lambda": 0.15
        },
        "MS1_7": {
          "meanserv": 0.34056802841802636,
          "stddevserv": 0.34056802841802636,
          "rate": 2.936270925503792,
          "cv": 1.0,
          "lambda": 0.15
        },
        "MS1_8": {
          "meanserv": 0.8611304606938912,
          "stddevserv": 0.8611304606938912,
          "rate": 1.1612642284122767,
          "cv": 1.0,
          "lambda": 0.15
        }
      },
      "sensors": [
        "S1"
      ],
      "sources": [
        {
          "startTime": 0,
          "stopTime": -1,
          "lambda": 0.15
        }
      ]
    },
    "SC2": {
      "resptime": 31.795571032878378,
      "resptime_old": 21.79557103287838,
      "waittime": 17.803276061910893,
      "servicetime": 10.0,
      "networktime": 3.992294970967486,
      "services": {
        "MS2_1": {
          "meanserv": 0.6856524977973255,
          "stddevserv": 0.6856524977973255,
          "rate": 1.4584647517693337,
          "cv": 1.0,
          "lambda": 0.15
        },
        "MS2_2": {
          "meanserv": 0.2647115494697905,
          "stddevserv": 0.2647115494697905,
          "rate": 3.7776969006564727,
          "cv": 1.0,
          "lambda": 0.15
        },
        "MS2_3": {
          "meanserv": 2.4417241923528685,
          "stddevserv": 2.4417241923528685,
          "rate": 0.40954666507046833,
          "cv": 1.0,
          "lambda": 0.15
        },
        "MS2_4": {
          "meanserv": 0.9916709562733264,
          "stddevserv": 0.9916709562733264,
          "rate": 1.0083989993596,
          "cv": 1.0,
          "lambda": 0.15
        },
        "MS2_5": {
          "meanserv": 1.9627730384940003,
          "stddevserv": 1.9627730384940003,
          "rate": 0.5094832567943167,
          "cv": 1.0,
          "lambda": 0.15
        },
        "MS2_6": {
          "meanserv": 1.2433460556216689,
          "stddevserv": 1.2433460556216689,
          "rate": 0.8042813145049978,
          "cv": 1.0,
          "lambda": 0.15
        },
        "MS2_7": {
          "meanserv": 2.272117919781196,
          "stddevserv": 2.272117919781196,
          "rate": 0.4401180023686005,
          "cv": 1.0,
          "lambda": 0.15
        },
        "MS2_8": {
          "meanserv": 0.13800379020982412,
          "stddevserv": 0.13800379020982412,
          "rate": 7.2461777932300055,
          "cv": 1.0,
          "lambda": 0.15
        }
      },
      "sensors": [
        "S2"
      ],
      "sources": [
        {
          "startTime": 0,
          "stopTime": -1,
          "lambda": 0.15
        }
      ]
    },
    "SC3": {
      "resptime": 31.39592720145092,
      "resptime_old": 21.395927201450917,
      "waittime": 15.569982015834936,
      "servicetime": 10.0,
      "networktime": 5.825945185615983,
      "services": {
        "MS3_1": {
          "meanserv": 1.981400813178218,
          "stddevserv": 1.981400813178218,
          "rate": 0.5046934438247122,
          "cv": 1.0,
          "lambda": 0.15
        },
        "MS3_2": {
          "meanserv": 0.8356242069025344,
          "stddevserv": 0.8356242069025344,
          "rate": 1.196710185918104,
          "cv": 1.0,
          "lambda": 0.15
        },
        "MS3_3": {
          "meanserv": 0.255589095831815,
          "stddevserv": 0.255589095831815,
          "rate": 3.912529979987992,
          "cv": 1.0,
          "lambda": 0.15
        },
        "MS3_4": {
          "meanserv": 0.10249209891928812,
          "stddevserv": 0.10249209891928812,
          "rate": 9.75684965518653,
          "cv": 1.0,
          "lambda": 0.15
        },
        "MS3_5": {
          "meanserv": 1.7192620585821339,
          "stddevserv": 1.7192620585821339,
          "rate": 0.5816448952666905,
          "cv": 1.0,
          "lambda": 0.15
        },
        "MS3_6": {
          "meanserv": 3.060359824139957,
          "stddevserv": 3.060359824139957,
          "rate": 0.32675896216910594,
          "cv": 1.0,
          "lambda": 0.15
        },
        "MS3_7": {
          "meanserv": 0.15652777890530345,
          "stddevserv": 0.15652777890530345,
          "rate": 6.388642367467454,
          "cv": 1.0,
          "lambda": 0.15
        },
        "MS3_8": {
          "meanserv": 1.88874412354075,
          "stddevserv": 1.88874412354075,
          "rate": 0.5294523421866916,
          "cv": 1.0,
          "lambda": 0.15
        }
      },
      "sensors": [
        "S3"
      ],
      "sources": [
        {
          "startTime": 0,
          "stopTime": -1,
          "lambda": 0.15
        }
      ]
    },
    "SC4": {
      "resptime": 36.9046514174428,
      "resptime_old": 26.904651417442803,
      "waittime": 20.270928139448856,
      "servicetime": 10.0,
      "networktime": 6.633723277993942,
      "services": {
        "MS4_1": {
          "meanserv": 0.7331601078315575,
          "stddevserv": 0.7331601078315575,
          "rate": 1.3639585532792635,
          "cv": 1.0,
          "lambda": 0.15
        },
        "MS4_2": {
          "meanserv": 0.04853251093541955,
          "stddevserv": 0.04853251093541955,
          "rate": 20.604744752041857,
          "cv": 1.0,
          "lambda": 0.15
        },
        "MS4_3": {
          "meanserv": 2.2054507704041573,
          "stddevserv": 2.2054507704041573,
          "rate": 0.45342204569669275,
          "cv": 1.0,
          "lambda": 0.15
        },
        "MS4_4": {
          "meanserv": 1.04993907595329,
          "stddevserv": 1.04993907595329,
          "rate": 0.9524362154937914,
          "cv": 1.0,
          "lambda": 0.15
        },
        "MS4_5": {
          "meanserv": 0.49779477350104706,
          "stddevserv": 0.49779477350104706,
          "rate": 2.008859982532333,
          "cv": 1.0,
          "lambda": 0.15
        },
        "MS4_6": {
          "meanserv": 1.6727977436619756,
          "stddevserv": 1.6727977436619756,
          "rate": 0.597800901985238,
          "cv": 1.0,
          "lambda": 0.15
        },
        "MS4_7": {
          "meanserv": 2.3498719315126415,
          "stddevserv": 2.3498719315126415,
          "rate": 0.42555510646756295,
          "cv": 1.0,
          "lambda": 0.15
        },
        "MS4_8": {
          "meanserv": 1.4424530861999116,
          "stddevserv": 1.4424530861999116,
          "rate": 0.693263447918755,
          "cv": 1.0,
          "lambda": 0.15
        }
      },
      "sensors": [
        "S4"
      ],
      "sources": [
        {
          "startTime": 0,
          "stopTime": -1,
          "lambda": 0.15
        }
      ]
    }
  },
  "microservice": {
    "MS1_1": "F8",
    "MS1_2": "F8",
    "MS1_3": "F3",
    "MS1_4": "F3",
    "MS1_5": "F8",
    "MS1_6": "F6",
    "MS1_7": "F2",
    "MS1_8": "F2",
    "MS2_1": "F2",
    "MS2_2": "F2",
    "MS2_3": "F9",
    "MS2_4": "F7",
    "MS2_5": "F7",
    "MS2_6": "F7",
    "MS2_7": "F10",
    "MS2_8": "F2",
    "MS3_1": "F6",
    "MS3_2": "F2",
    "MS3_3": "F2",
    "MS3_4": "F2",
    "MS3_5": "F4",
    "MS3_6": "F5",
    "MS3_7": "F2",
    "MS3_8": "F1",
    "MS4_1": "F4",
    "MS4_2": "F2",
    "MS4_3": "F9",
    "MS4_4": "F8",
    "MS4_5": "F8",
    "MS4_6": "F4",
    "MS4_7": "F1",
    "MS4_8": "F10"
  },
  "sensor": {
    "S1": "F8",
    "S2": "F2",
    "S3": "F6",
    "S4": "F4"
  },
  "fog": {
    "F1": {
      "rho": 0.6357924082580086,
      "capacity": 1.0,
      "tserv": 2.119308027526696,
      "stddev": 2.1442448421720814,
      "mu": 0.47185212673734545,
      "cv": 1.0117664890244802,
      "lambda": 0.3,
      "twait": 3.7434361603696025
    },
    "F2": {
      "rho": 0.5533248027124827,
      "capacity": 1.0,
      "tserv": 0.3688832018083219,
      "stddev": 0.5544996572228923,
      "mu": 2.710885166626854,
      "cv": 1.5031848956652136,
      "lambda": 1.4999999999999998,
      "twait": 0.7447436456011041
    },
    "F3": {
      "rho": 0.5802460152441885,
      "capacity": 1.0,
      "tserv": 1.934153384147295,
      "stddev": 2.2708796757460488,
      "mu": 0.5170220770473523,
      "cv": 1.17409492667884,
      "lambda": 0.3,
      "twait": 3.1796638524948713
    },
    "F4": {
      "rho": 0.6187829865113501,
      "capacity": 1.0,
      "tserv": 1.375073303358556,
      "stddev": 1.5177611091301857,
      "mu": 0.727233957315253,
      "cv": 1.1037674176519323,
      "lambda": 0.44999999999999996,
      "twait": 2.4756127763367424
    },
    "F5": {
      "rho": 0.4590539736209936,
      "capacity": 1.0,
      "tserv": 3.060359824139957,
      "stddev": 3.060359824139957,
      "mu": 0.32675896216910594,
      "cv": 1.0,
      "lambda": 0.15,
      "twait": 2.597061942363154
    },
    "F6": {
      "rho": 0.6384048050184828,
      "capacity": 1.0,
      "tserv": 2.1280160167282762,
      "stddev": 2.1380935908598877,
      "mu": 0.4699212750933391,
      "cv": 1.0047356664857745,
      "lambda": 0.3,
      "twait": 3.774896554361022
    },
    "F7": {
      "rho": 0.6296685075583494,
      "capacity": 1.0,
      "tserv": 1.3992633501296652,
      "stddev": 1.5154519272394942,
      "mu": 0.7146617539202561,
      "cv": 1.0830355323028094,
      "lambda": 0.44999999999999996,
      "twait": 2.5848998115615975
    },
    "F8": {
      "rho": 0.6304646057654243,
      "capacity": 1.0,
      "tserv": 0.840619474353899,
      "stddev": 0.8831556299788688,
      "mu": 1.1895988976089342,
      "cv": 1.050600963839986,
      "lambda": 0.75,
      "twait": 1.5085885451909404
    },
    "F9": {
      "rho": 0.6970762444135539,
      "capacity": 1.0,
      "tserv": 2.323587481378513,
      "stddev": 2.329586089540075,
      "mu": 0.43036899105977744,
      "cv": 1.0025816149422544,
      "lambda": 0.3,
      "twait": 5.360769797290514
    },
    "F10": {
      "rho": 0.5571856508971661,
      "capacity": 1.0,
      "tserv": 1.8572855029905537,
      "stddev": 1.9477374842774897,
      "mu": 0.53842018278279,
      "cv": 1.0487011722975776,
      "lambda": 0.3,
      "twait": 2.453575893132273
    }
  },
  "extra": {
    "conv_gen": 146,
    "max_gen": 600,
    "population": 600,
    "deltatime": 53.2175807,
    "obj_func": 32.58940639715657
  },
  "network": [
    [
      0.0,
      1.188783149331276,
      1.3597507951152445,
      1.0707768966905813,
      1.2701156739879709,
      1.44010454496152,
      1.2410104507932265,
      1.3379946156187525,
      1.5635283985993493,
      1.5635283985993493
    ],
    [
      1.188783149331276,
      0.0,
      1.6197881367707185,
      1.005978038114624,
      1.6203429653595502,
      0.8380583543021233,
      1.1754774875256566,
      1.5635283985993493,
      0.9670403016535605,
      0.9670403016535605
    ],
    [
      1.3597507951152445,
      1.6197881367707185,
      0.0,
      1.4515451757420095,
      1.5854376090992717,
      0.8079447511976069,
      1.3379946156187525,
      0.9670403016535605,
      1.262828185731443,
      1.262828185731443
    ],
    [
      1.0707768966905813,
      1.005978038114624,
      1.4515451757420095,
      0.0,
      1.172782678508409,
      1.2410104507932265,
      1.5635283985993493,
      1.262828185731443,
      1.078214651372448,
      1.078214651372448
    ],
    [
      1.2701156739879709,
      1.6203429653595502,
      1.5854376090992717,
      1.172782678508409,
      0.0,
      1.1754774875256566,
      0.9670403016535605,
      1.078214651372448,
      1.3398597931191532,
      1.3398597931191532
    ],
    [
      1.44010454496152,
      0.8380583543021233,
      0.8079447511976069,
      1.2410104507932265,
      1.1754774875256566,
      0.0,
      1.262828185731443,
      1.3398597931191532,
      0.8515492335445627,
      0.8515492335445627
    ],
    [
      1.2410104507932265,
      1.1754774875256566,
      1.3379946156187525,
      1.5635283985993493,
      0.9670403016535605,
      1.262828185731443,
      0.0,
      0.8515492335445627,
      1.0291071838301826,
      1.0291071838301826
    ],
    [
      1.3379946156187525,
      1.5635283985993493,
      0.9670403016535605,
      1.262828185731443,
      1.078214651372448,
      1.3398597931191532,
      0.8515492335445627,
      0.0,
      0.7635714572043849,
      0.7635714572043849
    ],
    [
      1.5635283985993493,
      0.9670403016535605,
      1.262828185731443,
      1.078214651372448,
      1.3398597931191532,
      0.8515492335445627,
      1.0291071838301826,
      0.7635714572043849,
      0.0,
      1.379169931325555
    ],
    [
      1.5635283985993493,
      0.9670403016535605,
      1.262828185731443,
      1.078214651372448,
      1.3398597931191532,
      0.8515492335445627,
      1.0291071838301826,
      0.7635714572043849,
      1.379169931325555,
      0.0
    ]
  ]
}